DIRECTORIO;SECUENCIA_P;ORDEN;HOGAR;REGIS;AREA;P744;P1884;P1807;P7430;P7450;P7450S1;P7452;P7454;P7456;P7458;P7458S1;P7460;P6921;P7470;P7472;P7472S1;INI;MES;p7440;DPTO;fex_c_2011
6,000,013;1;2;1;80;05;;;;1;6;;2;;;9;;2;2;;2;;1;11;1.3;05;1030.3000973
6,000,013;1;4;1;80;05;;;;2;;;;2;;;.;;;;2;;1;11;;05;1030.3000973
6,000,014;1;1;1;80;05;1;48;908,526;1;4;;2;;;4;;2;2;;2;;1;11;2;05;1130.6677527
6,000,015;1;1;1;80;05;;;;2;;;;2;;;.;2;2;;2;;1;11;;05;1064.4435899
6,000,015;1;4;1;80;05;;;;2;;;;2;;;.;2;2;;2;;1;11;;05;1064.4435899
6,000,017;1;1;1;80;05;;;;1;4;;2;;;4;;2;2;;2;;1;11;4;05;1129.3258068
6,000,017;1;2;1;80;05;;;;1;4;;2;;;1;;2;2;;2;;1;11;4;05;1129.3258068
6,000,019;1;1;1;80;17;;;;1;1;;2;;;8;;2;2;;2;;1;11;4;17;157.93634345
6,000,019;1;2;1;80;17;;;;1;5;;2;;;10;;3;3;;2;;1;11;4;17;157.93634345
6,000,020;1;1;1;80;17;;;;2;;;;2;;;.;2;2;;2;;1;11;;17;199.03286623
6,000,022;1;1;1;80;17;;;;1;5;;2;;;10;;3;3;;2;;1;11;4;17;133.56471853
6,000,022;1;2;1;80;17;;;;2;;;;2;;;.;2;2;;2;;1;11;;17;133.56471853
6,000,022;1;4;1;80;17;;;;2;;;;2;;;.;2;2;;2;;1;11;;17;133.56471853
6,000,024;1;1;1;80;17;;;;1;3;;2;;;8;;2;2;;2;;1;11;4;17;145.1275896
6,000,024;1;3;1;80;17;;;;2;;;;2;;;.;2;2;;2;;1;11;;17;145.1275896
6,000,026;1;1;1;80;17;;;;1;5;;2;;;10;;3;3;;2;;1;11;4;17;147.70428805
6,000,026;1;2;1;80;17;;;;1;3;;2;;;9;;2;2;;2;;1;11;4;17;147.70428805
6,000,026;1;5;1;80;17;;;;2;;;;2;;;.;2;2;;2;;1;11;;17;147.70428805
6,000,027;1;2;1;80;17;;;;1;7;;2;;;4;;2;2;;2;;1;11;4;17;200.3636819
6,000,027;1;3;1;80;17;;;;2;;;;2;;;.;2;2;;2;;1;11;;17;200.3636819
6,000,029;1;1;1;80;17;;;;1;8;;2;;;7;;2;2;;2;;1;11;2;17;236.58205029
6,000,029;1;2;1;80;17;;;;1;4;;2;;;4;;2;2;;2;;1;11;4;17;236.58205029
6,000,030;1;1;1;80;17;;;;1;3;;2;;;9;;2;2;;2;;1;11;4;17;177.56830368
6,000,030;1;3;1;80;17;;;;1;2;;2;;;2;;2;2;;2;;1;11;2;17;177.56830368
6,000,031;1;1;1;80;17;;;;1;5;;2;;;10;;3;3;;2;;1;11;4;17;199.03286623
6,000,032;1;1;1;80;17;;;;2;;;;2;;;.;2;2;;2;;1;11;;17;157.93634345
6,000,034;1;1;1;80;17;;;;1;7;;2;;;9;;2;2;;2;;1;11;2;17;169.76630277
6,000,034;1;4;1;80;17;;;;2;;;;2;;;.;2;2;;2;;1;11;;17;169.76630277
6,000,034;1;5;1;80;17;;;;2;;;;2;;;.;2;2;;2;;1;11;;17;169.76630277
6,000,036;1;2;1;80;17;;;;2;;;;2;;;.;;;;2;;1;11;;17;186.22411238
6,000,037;1;2;1;80;17;;;;1;3;;2;;;9;;2;2;;2;;1;11;4;17;256.69890323
6,000,037;1;3;1;80;17;;;;2;;;;2;;;.;;;;2;;1;11;;17;256.69890323
6,000,038;1;1;1;80;54;;;;1;3;;2;;;9;;2;2;;2;;1;11;3;54;483.94985307
6,000,038;1;3;1;80;54;;;;2;;;;2;;;.;;;;2;;1;11;;54;483.94985307
6,000,039;1;1;1;80;54;;;;1;4;;2;;;8;;2;2;;2;;1;11;4;54;384.266675
6,000,039;1;2;1;80;54;;;;1;4;;2;;;4;;2;2;;2;;1;11;4;54;384.266675
6,000,040;1;2;1;80;54;;;;1;3;;2;;;9;;2;2;;2;;1;11;1.4;54;522.06872014
6,000,040;1;3;1;80;54;;;;2;;;;2;;;.;2;2;;2;;1;11;;54;522.06872014
6,000,040;1;4;1;80;54;;;;2;;;;2;;;.;;;;2;;1;11;;54;522.06872014
6,000,040;1;5;1;80;54;;;;2;;;;2;;;.;2;2;;2;;1;11;;54;522.06872014
6,000,041;1;1;1;80;54;;;;1;1;;2;;;8;;2;2;;2;;1;11;2;54;219.52449711
6,000,041;1;2;1;80;54;;;;1;3;;2;;;9;;2;2;;2;;1;11;4;54;219.52449711
6,000,043;1;7;1;80;54;;;;1;3;;2;;;9;;2;2;;2;;1;11;4;54;228.04795128
6,000,044;1;1;1;80;54;1;40;800,000;1;4;;2;;;4;;2;2;;2;;1;11;2;54;523.09490992
6,000,044;1;3;1;80;54;;;;2;;;;2;;;.;2;2;;2;;1;11;;54;523.09490992
6,000,048;1;2;1;80;68;2;;3,000,000;1;9;POR LA PANDEMIA;2;;;12;POR LA PANDEMIA;1;1;1;2;;1;11;3;68;524.64649103
6,000,048;1;3;1;80;68;;;;2;;;;2;;;.;;;;2;;1;11;;68;524.64649103
6,000,050;1;1;1;80;68;;;;1;8;;2;;;8;;3;3;;2;;1;11;3;68;558.36164289
6,000,050;1;2;1;80;68;;;;1;3;;2;;;9;;2;2;;2;;1;11;4;68;558.36164289
6,000,051;1;2;1;80;68;;;;2;;;;2;;;.;2;2;;2;;1;11;;68;656.29085127
6,000,051;1;3;1;80;68;;;;2;;;;2;;;.;2;2;;2;;1;11;;68;656.29085127
6,000,051;1;4;1;80;68;;;;2;;;;2;;;.;;;;2;;1;11;;68;656.29085127
6,000,054;1;2;1;80;68;;;;1;5;;2;;;10;;3;3;;2;;1;11;4;68;558.36164289
6,000,655;1;2;1;80;05;;;;1;4;;2;;;8;;2;2;;2;;1;11;4;05;971.77239807
6,000,656;1;1;1;80;05;;;;2;;;;2;;;.;2;2;;2;;1;11;;05;1021.2852528
6,000,656;1;2;1;80;05;;;;1;5;;2;;;10;;3;3;;2;;1;11;1.2;05;1021.2852528
6,000,657;1;4;1;80;05;;;;1;8;;2;;;1;;2;2;;2;;1;11;3;05;1130.0475499
6,000,658;1;1;1;80;05;;;;1;5;;2;;;10;;3;3;;2;;1;11;3;05;894.3979112
6,000,658;1;2;1;80;05;;;;1;8;;2;;;8;;2;2;;2;;1;11;4;05;894.3979112
6,000,658;1;3;1;80;05;;;;2;;;;2;;;.;2;2;;2;;1;11;;05;894.3979112
6,000,658;1;4;1;80;05;;;;1;4;;2;;;4;;2;2;;2;;1;11;4;05;894.3979112
6,000,658;1;5;1;80;05;;;;1;1;;2;;;8;;2;2;;2;;1;11;4;05;894.3979112
6,000,659;1;2;1;80;05;;;;2;;;;2;;;.;2;2;;2;;1;11;;05;871.94450378
6,000,659;1;3;1;80;05;;;;2;;;;2;;;.;2;2;;2;;1;11;;05;871.94450378
6,000,659;1;5;1;80;05;;;;1;8;;2;;;2;;2;2;;2;;1;11;2;05;871.94450378
6,000,659;1;6;1;80;05;;;;1;8;;2;;;1;;2;2;;2;;1;11;2;05;871.94450378
6,000,660;1;1;1;80;05;1;48;908,526;1;8;;2;;;4;;3;3;;2;;1;11;1.4;05;1138.3350993
6,000,660;1;3;1;80;05;;;;2;;;;2;;;.;;;;2;;1;11;;05;1138.3350993
6,000,662;1;1;1;80;05;;;;1;8;;2;;;8;;2;2;;2;;1;11;4;05;1526.3683925
6,000,664;1;1;1;80;05;;;;1;4;;2;;;4;;3;3;;2;;1;11;3;05;1129.3258068
6,000,666;1;1;1;80;05;;;;2;;;;2;;;.;2;2;;2;;1;11;;05;1062.7729819
6,000,667;1;5;1;80;05;;;;2;;;;2;;;.;;;;2;;1;11;;05;1023.2182845
6,000,675;1;5;1;80;05;;;;1;4;;2;;;4;;2;2;;2;;1;11;4;05;1468.9715401
6,000,680;1;1;1;80;05;;;;2;;;;2;;;.;2;2;;2;;1;11;;05;1081.154898
6,000,680;1;2;1;80;05;;;908,526;2;;;;1;1;2;;2;2;;2;;1;11;;05;1081.154898
6,000,683;1;3;1;80;05;;;;2;;;;2;;;.;;;;2;;1;11;;05;1138.3350993
6,000,684;1;1;1;80;05;1;48;908,526;1;1;;1;;3;8;;2;1;2;2;;1;11;3;05;1062.7729819
6,000,684;1;2;1;80;05;2;;908,526;1;1;;2;;;4;;2;2;;2;;1;11;3;05;1062.7729819
6,000,685;1;3;1;80;05;;;;2;;;;2;;;.;2;2;;2;;1;11;;05;1066.1890875
6,000,685;1;4;1;80;05;;;;2;;;;2;;;.;;;;2;;1;11;;05;1066.1890875
6,000,687;1;2;1;80;05;;;;1;4;;2;;;4;;2;2;;2;;1;11;4;05;935.81075062
6,000,687;1;3;1;80;05;;;;2;;;;2;;;.;2;2;;2;;1;11;;05;935.81075062
6,000,687;1;4;1;80;05;;;;1;5;;2;;;10;;3;3;;2;;1;11;4;05;935.81075062
6,000,687;1;5;1;80;05;;;;1;4;;2;;;4;;2;2;;2;;1;11;4;05;935.81075062
6,000,689;1;4;1;80;05;;;;2;;;;2;;;.;2;2;;2;;1;11;;05;1063.9038287
6,000,689;1;5;1;80;05;;;;2;;;;2;;;.;2;2;;2;;1;11;;05;1063.9038287
6,000,692;1;1;1;80;05;;;;1;8;;2;;;4;;2;2;;2;;1;11;4;05;1064.8471416
6,000,693;1;1;1;80;05;;;;1;8;;2;;;10;;3;3;;1;600,000;1;11;1.1;05;1136.9876013
6,000,694;1;1;1;80;05;;;;1;5;;2;;;11;;3;3;;2;;1;11;4;05;1021.2852528
6,000,694;1;2;1;80;05;;;;1;5;;2;;;10;;3;3;;2;;1;11;4;05;1021.2852528
6,000,697;1;1;1;80;05;;;;1;5;;2;;;8;;3;3;;2;;1;11;4;05;1071.6002924
6,000,697;1;2;1;80;05;;;;1;3;;2;;;9;;2;2;;2;;1;11;4;05;1071.6002924
6,000,700;1;3;1;80;05;;;;2;;;;2;;;.;2;2;;2;;1;11;;05;1073.4528823
6,000,700;1;5;1;80;05;;;;1;5;;2;;;9;;3;3;;2;;1;11;4;05;1073.4528823
6,000,702;1;2;1;80;05;;;;1;1;;2;;;9;;2;2;;2;;1;11;4;05;1029.4923604
6,000,703;1;2;1;80;05;;;;1;3;;2;;;9;;2;2;;2;;1;11;4;05;852.83529247
6,000,710;1;1;1;80;05;;;;1;3;;2;;;9;;2;2;;2;;1;11;4;05;1079.0856569
6,000,710;1;2;1;80;05;;;;1;3;;2;;;9;;2;2;;2;;1;11;4;05;1079.0856569
6,000,711;1;1;1;80;05;;;;1;5;;2;;;10;;3;3;;2;;1;11;4;05;955.86327476
6,000,711;1;2;1;80;05;;;;2;;;;2;;;.;2;2;;2;;1;11;;05;955.86327476
6,000,711;1;5;1;80;05;;;;2;;;;2;;;.;;;;2;;1;11;;05;955.86327476
6,000,711;1;6;1;80;05;;;;2;;;;2;;;.;;;;2;;1;11;;05;955.86327476
6,000,712;1;1;1;80;05;;;;2;;;;2;;;.;2;2;;2;;1;11;;05;1122.9657371
6,000,713;1;1;1;80;05;;;;2;;;;2;;;.;2;2;;2;;1;11;;05;1013.7998883
6,000,713;1;2;1;80;05;;;;1;5;;2;;;10;;3;3;;2;;1;11;4;05;1013.7998883
6,000,715;1;3;1;80;05;1;49;908,526;1;2;;2;;;2;;2;2;;1;200,000;1;11;1.2;05;1123.9894916
6,000,717;1;4;1;80;05;2;;1,500,000;2;;;;1;1;2;;2;2;;2;;1;11;;05;1029.4979125
6,000,718;1;1;1;80;05;;;;1;5;;2;;;10;;3;3;;2;;1;11;4;05;1130.6677527
6,000,721;1;1;1;80;05;;;;1;7;;2;;;10;;3;3;;2;;1;11;4;05;1071.6002924
6,000,721;1;2;1;80;05;;;;1;5;;2;;;10;;3;3;;2;;1;11;4;05;1071.6002924
6,000,723;1;1;1;80;05;;;;1;4;;2;;;4;;2;2;;2;;1;11;4;05;1030.8398585
6,000,724;1;1;1;80;05;;;;1;5;;2;;;10;;3;3;;2;;1;11;4;05;1129.4006964
6,000,725;1;1;1;80;05;;;;1;5;;2;;;10;;3;3;;2;;1;11;4;05;1080.3527132
6,000,726;1;3;1;80;05;;;;2;;;;2;;;.;2;2;;2;;1;11;;05;1079.8129521
6,000,727;1;1;1;80;05;;;;1;5;;2;;;10;;3;3;;2;;1;11;4;05;1021.2852528
6,000,727;1;2;1;80;05;;;;1;3;;2;;;9;;2;2;;2;;1;11;4;05;1021.2852528
6,000,728;1;1;1;80;05;;;;1;8;;2;;;8;;2;2;;2;;1;11;4;05;1113.0131318
6,000,730;1;1;1;80;05;;;;1;5;;2;;;10;;3;3;;2;;1;11;4;05;1012.4579423
6,000,730;1;2;1;80;05;;;;1;6;;2;;;9;;2;2;;2;;1;11;4;05;1012.4579423
6,000,731;1;2;1;80;05;;;;1;5;;2;;;8;;2;2;;2;;1;11;4;05;957.26654047
6,000,732;1;1;1;80;05;;;;1;5;;2;;;10;;3;3;;2;;1;11;4;05;1123.5859399
6,000,734;1;2;1;80;05;;;;1;9;RENUNCIO;2;;;11;;2;2;;1;2,500,000;1;11;1.1;05;1170.8135359
6,000,735;1;2;1;80;05;;;;1;8;;2;;;1;;2;2;;2;;1;11;3;05;1129.3258068
6,000,736;1;1;1;80;05;;;;1;4;;2;;;4;;2;2;;2;;1;11;4;05;1130.6677527
6,000,737;1;1;1;80;05;;;;1;7;;2;;;8;;2;2;;2;;1;11;4;05;1013.7998883
6,000,737;1;3;1;80;05;;;;2;;;;2;;;.;2;2;;2;;1;11;;05;1013.7998883
6,000,738;1;1;1;80;05;;;;1;3;;2;;;9;;2;2;;2;;1;11;4;05;1022.012548
6,000,738;1;4;1;80;05;;;;2;;;;2;;;.;2;2;;2;;1;11;;05;1022.012548
6,000,739;1;3;1;80;05;2;;908,526;1;8;;2;;;2;;2;2;;2;;1;11;1.4;05;1180.7661412
6,000,741;1;2;1;80;05;;;;1;5;;2;;;11;;3;3;;2;;1;11;4;05;1021.2852528
6,000,741;1;3;1;80;05;;;;2;;;;2;;;.;2;2;;2;;1;11;;05;1021.2852528
6,000,744;1;1;1;80;05;;;;1;5;;2;;;10;;3;3;;2;;1;11;4;05;845.34992794
6,000,744;1;2;1;80;05;;;;1;3;;2;;;4;;2;2;;2;;1;11;4;05;845.34992794
6,000,744;1;6;1;80;05;;;;1;8;;2;;;4;;1;1;2;2;;1;11;2;05;845.34992794
6,000,747;1;1;1;80;05;;;;1;9;PANDEMIA;2;;;8;;2;2;;2;;1;11;2;05;1073.2709003
6,000,747;1;3;1;80;05;;;;1;8;;2;;;11;;2;2;;2;;1;11;1.2;05;1073.2709003
6,000,748;1;3;1;80;05;;;;2;;;;2;;;.;2;2;;2;;1;11;;05;1484.3409023
6,000,749;1;2;1;80;05;;;;2;;;;2;;;.;2;2;;2;;1;11;;05;1088.6402625
6,000,751;1;1;1;80;05;;;;1;7;;2;;;4;;2;2;;2;;1;11;4;05;1071.6002924
6,000,751;1;2;1;80;05;;;;1;4;;2;;;4;;2;2;;2;;1;11;4;05;1071.6002924
6,000,754;1;1;1;80;05;;;;1;4;;2;;;4;;3;3;;2;;1;11;4;05;1053.9456714
6,000,754;1;2;1;80;05;;;;1;3;;2;;;9;;2;2;;2;;1;11;4;05;1053.9456714
6,000,755;1;3;1;80;05;2;;99;1;8;;2;;;2;;1;2;;2;;1;11;1.2;05;1071.9289544
6,000,756;1;2;1;80;05;;;;1;5;;2;;;10;;3;3;;2;;1;11;4;05;1071.6002924
6,000,757;1;1;1;80;05;;;;1;5;;2;;;10;;3;3;;2;;1;11;4;05;1072.8673486
6,000,757;1;2;1;80;05;;;;2;;;;2;;;.;2;2;;2;;1;11;;05;1072.8673486
6,000,759;1;1;1;80;05;;;;2;;;;2;;;.;2;2;;2;;1;11;;05;1138.1531173
6,000,761;1;1;1;80;05;;;;1;8;;2;;;4;;2;2;;1;30,000;1;11;1.2;05;1533.853757
6,000,763;1;1;1;80;05;;;;1;5;;2;;;10;;3;3;;2;;1;11;4;05;1062.7729819
6,000,763;1;2;1;80;05;;;;2;;;;2;;;.;2;2;;2;;1;11;;05;1062.7729819
6,000,763;1;3;1;80;05;;;;2;;;;2;;;.;2;2;;2;;1;11;;05;1062.7729819
6,000,764;1;3;1;80;05;;;;2;;;;2;;;.;2;2;;2;;1;11;;05;2057.3534813
6,000,765;1;1;1;80;05;;;;1;5;;2;;;10;;3;3;;2;;1;11;4;05;955.99948417
6,000,765;1;2;1;80;05;;;;2;;;;2;;;.;2;2;;2;;1;11;;05;955.99948417
6,000,765;1;3;1;80;05;;;;1;3;;2;;;9;;2;2;;2;;1;11;1.3;05;955.99948417
6,000,765;1;4;1;80;05;;;;1;5;;2;;;10;;3;3;;2;;1;11;2;05;955.99948417
6,000,766;1;2;1;80;05;;;;1;8;;2;;;1;;1;1;4;2;;1;11;3;05;1115.1621811
6,000,766;1;3;1;80;05;;;;1;2;;2;;;9;;2;2;;2;;1;11;2;05;1115.1621811
6,000,766;1;4;1;80;05;;;;2;;;;2;;;.;2;2;;2;;1;11;;05;1115.1621811
6,000,767;1;3;1;80;05;;;;2;;;;2;;;.;2;2;;2;;1;11;;05;1484.3409023
6,000,768;1;1;1;80;05;;;;1;5;;2;;;10;;3;3;;2;;1;11;4;05;1071.6002924
6,000,768;1;2;1;80;05;;;;1;4;;2;;;4;;2;2;;2;;1;11;4;05;1071.6002924
6,000,770;1;2;1;80;05;;;;1;2;;2;;;2;;2;2;;2;;1;11;2;05;1079.8878417
6,000,771;1;3;1;80;05;;;;1;3;;2;;;4;;2;2;;2;;1;11;4;05;963.01997725
6,000,774;1;1;1;80;05;;;;1;5;;2;;;10;;3;3;;2;;1;11;3;05;1072.8673486
6,000,774;1;2;1;80;05;;;;1;1;;2;;;8;;2;2;;2;;1;11;4;05;1072.8673486
6,000,775;1;1;1;80;05;;;;1;5;;2;;;10;;3;3;;2;;1;11;4;05;1071.6002924
6,000,775;1;2;1;80;05;;;;1;3;;2;;;9;;2;2;;2;;1;11;4;05;1071.6002924
6,000,777;1;2;1;80;05;;;;1;3;;2;;;9;;2;2;;2;;1;11;4;05;1071.6002924
6,000,778;1;1;1;80;05;;;;1;5;;2;;;10;;3;3;;2;;1;11;4;05;1003.6306318
6,000,778;1;2;1;80;05;;;;2;;;;2;;;.;2;2;;2;;1;11;;05;1003.6306318
6,000,779;1;2;1;80;05;;;;1;1;;2;;;9;;3;3;;2;;1;11;3;05;1013.2601271
6,000,779;1;4;1;80;05;;;;2;;;;1;3;2;;2;2;;2;;1;11;;05;1013.2601271
6,000,780;1;1;1;80;05;;;;1;5;;2;;;10;;3;3;;2;;1;11;4;05;1130.6677527
6,000,783;1;3;1;80;05;;;;2;;;;2;;;.;;;;2;;1;11;;05;1071.9289544
6,000,783;1;4;1;80;05;;;;1;3;;2;;;8;;2;2;;2;;1;11;4;05;1071.9289544
6,000,784;1;1;1;80;05;;;;1;8;;2;;;8;;2;2;;2;;1;11;4;05;1015.0669446
6,000,784;1;2;1;80;05;;;;1;5;;2;;;10;;3;3;;2;;1;11;4;05;1015.0669446
6,000,784;1;3;1;80;05;;;;1;5;;2;;;10;;3;3;;2;;1;11;4;05;1015.0669446
6,000,786;1;1;1;80;05;;;;1;8;;2;;;1;;2;2;;2;;1;11;2;05;1072.7311392
6,000,786;1;4;1;80;05;;;;2;;;;2;;;.;2;2;;2;;1;11;;05;1072.7311392
6,000,788;1;3;1;80;05;;;;2;;;;2;;;.;;;;2;;1;11;;05;1122.243994
6,000,789;1;2;1;80;05;1;48;908,526;2;;;;2;;;.;2;2;;2;;1;11;;05;1081.5584497
6,000,789;1;3;1;80;05;1;24;480,000;2;;;;2;;;.;;;;2;;1;11;;05;1081.5584497
6,000,793;1;1;1;80;05;1;48;908,526;1;3;;1;;3;9;;2;2;;2;;1;11;3;05;1196.6752645
6,000,794;1;3;1;80;05;;;908,526;1;6;;2;;;6;;2;2;;2;;1;11;3;05;1115.1621811
6,000,794;1;4;1;80;05;;;;1;2;;2;;;2;;2;2;;2;;1;11;3;05;1115.1621811
6,000,796;1;2;1;80;05;2;;908,526;1;7;;2;;;9;;2;2;;2;;1;11;4;05;1484.738902
6,000,800;1;3;1;80;05;;;;1;2;;2;;;2;;2;2;;2;;1;11;1.2;05;1536.5029798
6,000,800;1;4;1;80;05;;;;1;8;;2;;;9;;2;2;;2;;1;11;3;05;1536.5029798
6,000,800;1;7;1;80;05;;;;2;;;;2;;;.;;;;2;;1;11;;05;1536.5029798
6,000,801;1;2;1;80;05;;;;1;8;;2;;;2;;1;2;;2;;1;11;3;05;1130.1279916
6,000,802;1;2;1;80;05;;;;1;6;;2;;;2;;2;2;;2;;1;11;1.1;05;1088.6402625
6,000,803;1;1;1;80;05;;;;1;3;;2;;;9;;2;2;;2;;1;11;4;05;1130.6677527
6,000,804;1;2;1;80;05;1;48;908,526;1;1;;1;;2;9;;2;1;2;2;;1;11;4;05;1121.8404423
6,000,805;1;2;1;80;05;;;;2;;;;2;;;.;2;2;;2;;1;11;;05;1138.3350993
6,000,805;1;3;1;80;05;;;;2;;;;2;;;.;2;2;;2;;1;11;;05;1138.3350993
6,000,807;1;1;1;80;05;;;;1;3;;2;;;9;;2;2;;2;;1;11;4;05;1121.8404423
6,000,808;1;2;1;80;05;;;;1;1;;2;;;9;;1;2;;2;;1;11;2;05;1477.2590895
6,000,808;1;3;1;80;05;;;;2;;;;2;;;.;2;2;;2;;1;11;;05;1477.2590895
6,000,809;1;2;1;80;05;;;;2;;;;2;;;.;2;2;;2;;1;11;;05;1073.2709003
6,000,809;1;3;1;80;05;;;;1;3;;2;;;9;;2;2;;2;;1;11;4;05;1073.2709003
6,000,810;1;2;1;80;05;;;;2;;;;2;;;.;2;2;;2;;1;11;;05;1081.5584497
6,000,811;1;1;1;80;05;;;;1;4;;2;;;4;;2;2;;2;;1;11;3;05;1071.6002924
6,000,811;1;2;1;80;05;;;;1;4;;2;;;4;;2;2;;2;;1;11;3;05;1071.6002924
6,000,813;1;3;1;80;05;;;;2;;;;2;;;.;2;2;;2;;1;11;;05;1066.1890875
6,000,813;1;4;1;80;05;;;;1;4;;2;;;4;;2;2;;2;;1;11;4;05;1066.1890875
6,000,814;1;2;1;80;05;2;;908,526;1;4;;2;;;4;;2;2;;2;;1;11;4;05;1129.3258068
6,000,816;1;1;1;80;05;;;;1;4;;2;;;4;;2;2;;2;;1;11;3;05;1079.8074
6,000,816;1;2;1;80;05;;;;1;9;POR ENFERMEDAD DEL ESPOSO;2;;;11;;3;3;;2;;1;11;4;05;1079.8074
6,000,818;1;1;1;80;05;;;;1;3;;2;;;9;;2;2;;2;;1;11;4;05;1073.2709003
6,000,818;1;3;1;80;05;;;;2;;;;2;;;.;;;;2;;1;11;;05;1073.2709003
6,000,820;1;1;1;80;05;;;;1;7;;2;;;3;;2;2;;2;;1;11;4;05;1172.5590335
6,000,820;1;2;1;80;05;;;;2;;;;2;;;.;2;2;;2;;1;11;;05;1172.5590335
6,000,821;1;1;1;80;05;;;;1;3;;2;;;9;;2;2;;2;;1;11;4;05;1113.0131318
6,000,822;1;1;1;80;05;;;;1;5;;2;;;10;;3;3;;2;;1;11;4;05;1012.532832
6,000,822;1;3;1;80;05;;;;1;4;;2;;;4;;2;2;;2;;1;11;4;05;1012.532832
6,000,823;1;1;1;80;05;;;;1;3;;2;;;9;;2;2;;2;;1;11;4;05;996.1452673
6,000,825;1;3;1;80;05;;;;2;;;;2;;;.;2;2;;2;;1;11;;05;988.81236826
6,000,825;1;4;1;80;05;;;;2;;;;2;;;.;2;2;;2;;1;11;;05;988.81236826
6,000,827;1;5;1;80;05;;;;2;;;;2;;;.;;;;2;;1;11;;05;1004.7559266
6,000,828;1;2;1;80;05;;;;1;3;;2;;;9;;2;2;;2;;1;11;3;05;1187.847954
6,000,829;1;4;1;80;05;;;;2;;;;2;;;.;;;;2;;1;11;;05;1057.361777
6,000,829;1;5;1;80;05;;;;2;;;;2;;;.;2;2;;2;;1;11;;05;1057.361777
6,000,831;1;1;1;80;05;;;;1;1;;1;;2;8;;2;2;;2;;1;11;2;05;1130.6677527
6,000,832;1;1;1;80;05;;;;1;8;;2;;;11;;2;2;;2;;1;11;4;05;1130.6677527
6,000,836;1;2;1;80;05;;;;2;;;;2;;;.;2;2;;2;;1;11;;05;1938.3817073
6,000,839;1;1;1;80;05;;;;1;7;;2;;;10;;3;3;;2;;1;11;4;05;1064.4435899
6,000,839;1;4;1;80;05;;;;2;;;;2;;;.;2;2;;2;;1;11;;05;1064.4435899
6,000,840;1;1;1;80;05;;;;1;5;;2;;;11;;3;3;;2;;1;11;4;05;1053.9456714
6,000,840;1;2;1;80;05;;;;1;3;;2;;;4;;2;2;;2;;1;11;4;05;1053.9456714
6,000,841;1;3;1;80;05;;;;2;;;;2;;;.;2;2;;2;;1;11;;05;1173.6843283
6,000,841;1;4;1;80;05;;;;2;;;;2;;;.;;;;2;;1;11;;05;1173.6843283
6,000,844;1;2;1;80;05;;;;2;;;;1;4;9;;2;2;;2;;1;11;;05;1052.6037254
6,000,845;1;2;1;80;05;;;;1;4;;2;;;8;;2;2;;2;;1;11;4;05;1121.8404423
6,000,847;1;2;1;80;05;;;;1;3;;2;;;9;;2;2;;2;;1;11;4;05;1491.7458251
6,000,848;1;2;1;80;05;;;;1;4;;2;;;4;;2;2;;2;;1;11;4;05;1079.8129521
6,000,848;1;3;1;80;05;;;;2;;;;2;;;.;2;2;;2;;1;11;;05;1079.8129521
6,000,849;1;3;1;80;05;;;;2;;;;2;;;.;2;2;;2;;1;11;;05;1122.243994
6,000,850;1;2;1;80;05;;;;1;3;;2;;;2;;2;2;;2;;1;11;2;05;1187.847954
6,000,851;1;3;1;80;05;;;;2;;;;2;;;.;;;;2;;1;11;;05;1081.5584497
6,000,858;1;1;1;80;05;;;;1;4;;2;;;4;;2;2;;2;;1;11;2;05;1072.7311392
6,000,861;1;3;1;80;05;;;;2;;;;2;;;.;2;2;;2;;1;11;;05;1132.9987841
6,000,861;1;4;1;80;05;;;;2;;;;2;;;.;2;2;;2;;1;11;;05;1132.9987841
6,000,866;1;3;1;80;05;;;;2;;;;2;;;.;;;;2;;1;11;;05;1484.3409023
6,000,867;1;1;1;80;05;;;99;1;8;;1;;1;6;;2;2;;2;;1;11;4;05;1079.0856569
6,000,868;1;2;1;80;05;;;;2;;;;2;;;.;;;;2;;1;11;;05;1131.0713044
6,000,869;1;1;1;80;05;;;;2;;;;2;;;.;2;2;;2;;1;11;;05;1130.6677527
6,000,870;1;2;1;80;05;;;;2;;;;2;;;.;;;;2;;1;11;;05;1080.7562649
6,000,870;1;3;1;80;05;;;;2;;;;1;3;9;;2;2;;2;;1;11;;05;1080.7562649
6,000,873;1;2;1;80;05;;;;2;;;;2;;;.;2;2;;2;;1;11;;05;1022.4909893
6,000,873;1;3;1;80;05;;;;2;;;;2;;;.;2;2;;2;;1;11;;05;1022.4909893
6,000,873;1;4;1;80;05;;;;2;;;;2;;;.;2;2;;2;;1;11;;05;1022.4909893
6,000,874;1;3;1;80;05;;;;2;;;;2;;;.;;;;2;;1;11;;05;1088.8166925
6,000,874;1;6;1;80;05;;;;2;;;;2;;;.;2;2;;2;;1;11;;05;1088.8166925
6,000,875;1;1;1;80;05;;;;1;4;;2;;;4;;3;3;;2;;1;11;3;05;1072.7311392
6,000,875;1;3;1;80;05;;;;2;;;;2;;;.;2;2;;2;;1;11;;05;1072.7311392
6,000,875;1;4;1;80;05;;;;2;;;;2;;;.;2;2;;2;;1;11;;05;1072.7311392
6,000,876;1;2;1;80;05;;;;1;4;;2;;;4;;2;2;;2;;1;11;4;05;1129.3258068
6,000,879;1;2;1;80;05;;;;2;;;;2;;;.;;;;2;;1;11;;05;1131.0713044
6,000,881;1;3;1;80;05;;;;1;3;;2;;;9;;2;2;;2;;1;11;3;05;1434.2827344
6,000,884;1;1;1;80;05;;;;1;5;;2;;;10;;3;3;;2;;1;11;4;05;1071.6002924
6,000,884;1;2;1;80;05;2;;908,526;1;3;;2;;;9;;2;2;;2;;1;11;4;05;1071.6002924
6,000,885;1;2;1;80;05;;;;2;;;;2;;;.;2;2;;2;;1;11;;05;1131.0713044
6,000,887;1;1;1;80;05;;;;1;4;;2;;;4;;1;1;2;2;;1;11;2;05;1937.8363941
6,000,887;1;3;1;80;05;;;;1;3;;2;;;9;;2;2;;2;;1;11;3;05;1937.8363941
6,000,889;1;3;1;80;05;;;;2;;;;2;;;.;;;;2;;1;11;;05;981.73055543
6,000,891;1;1;1;80;05;;;;1;5;;2;;;10;;3;3;;2;;1;11;4;05;1113.0131318
6,000,893;1;3;1;80;05;1;60;908,526;1;8;;2;;;12;ESTA ESPERANDO QUE LE LLAMEN A TRABAJAR;2;2;;2;;1;11;1.4;05;1019.9433068
6,000,893;1;4;1;80;05;2;;908,526;1;8;;2;;;2;;2;2;;2;;1;11;4;05;1019.9433068
6,000,895;1;5;1;80;05;;;;1;9;CAMBIO DE PAIS;2;;;9;;2;2;;2;;1;11;2;05;1028.9525993
6,000,897;1;1;1;80;05;;;;1;5;;2;;;10;;3;3;;2;;1;11;4;05;1062.7729819
6,000,897;1;2;1;80;05;;;;2;;;;2;;;.;2;2;;2;;1;11;;05;1062.7729819
6,000,899;1;1;1;80;05;;;;1;3;;2;;;11;;2;2;;2;;1;11;4;05;1123.5859399
6,000,903;1;2;1;80;05;;;;1;3;;2;;;9;;2;2;;2;;1;11;4;05;1022.0874376
6,000,903;1;3;1;80;05;;;;2;;;;2;;;.;2;2;;2;;1;11;;05;1022.0874376
6,000,904;1;2;1;80;05;;;;2;;;;2;;;.;2;2;;2;;1;11;;05;1080.3527132
6,000,905;1;1;1;80;05;;;;1;6;;2;;;8;;2;2;;2;;1;11;4;05;1130.6677527
6,000,908;1;2;1;80;05;;;;1;4;;2;;;4;;1;2;;2;;1;11;4;05;920.91759739
6,000,908;1;4;1;80;05;;;;2;;;;2;;;.;2;2;;2;;1;11;;05;920.91759739
6,000,908;1;5;1;80;05;;;;2;;;;2;;;.;2;2;;2;;1;11;;05;920.91759739
6,000,908;1;6;1;80;05;;;;1;4;;2;;;4;;2;2;;2;;1;11;4;05;920.91759739
6,000,909;1;3;1;80;05;;;;2;;;;2;;;.;;;;2;;1;11;;05;1122.243994
6,000,910;1;1;1;80;05;;;;1;3;;2;;;9;;2;2;;2;;1;11;4;05;1071.6002924
6,000,912;1;1;1;80;05;;;;1;4;;1;;4;4;;2;2;;2;;1;11;4;05;1071.6002924
6,000,912;1;2;1;80;05;;;;1;3;;2;;;9;;2;2;;2;;1;11;4;05;1071.6002924
6,000,914;1;2;1;80;05;;;;1;9;CAMBIO DE CIUADAD DE RESIDENCIA;2;;;4;;2;2;;2;;1;11;3;05;1129.3258068
6,000,915;1;1;1;80;05;;;;1;5;;2;;;10;;3;3;;2;;1;11;4;05;1062.7729819
6,000,915;1;2;1;80;05;;;;1;3;;2;;;9;;2;2;;2;;1;11;4;05;1062.7729819
6,000,916;1;1;1;80;05;;;;1;5;;2;;;10;;3;3;;2;;1;11;4;05;1071.6002924
6,000,916;1;2;1;80;05;;;;1;5;;2;;;10;;3;3;;2;;1;11;4;05;1071.6002924
6,000,917;1;1;1;80;05;;;;1;5;;2;;;10;;3;3;;2;;1;11;4;05;1080.3527132
6,000,918;1;2;1;80;05;;;;2;;;;2;;;.;2;2;;2;;1;11;;05;1062.7729819
6,000,921;1;1;1;80;05;;;;2;;;;2;;;.;2;2;;2;;1;11;;05;1097.649555
6,000,921;1;3;1;80;05;;;;2;;;;2;;;.;;;;2;;1;11;;05;1097.649555
6,000,922;1;1;1;80;05;;;;1;5;;2;;;10;;3;3;;2;;1;11;4;05;1062.9549639
6,000,922;1;2;1;80;05;;;;2;;;;2;;;.;2;2;;2;;1;11;;05;1062.9549639
6,000,923;1;4;1;80;05;1;24;908,526;2;;;;1;1;2;;2;2;;2;;1;11;;05;1055.691169
6,000,925;1;2;1;80;05;;;;2;;;;2;;;.;;;;2;;1;11;;05;1114.7586294
6,000,925;1;3;1;80;05;;;;1;4;;2;;;4;;2;2;;2;;1;11;4;05;1114.7586294
6,000,927;1;1;1;80;05;1;48;908,526;1;5;;2;;;11;;3;3;;2;;1;11;4;05;1062.7729819
6,000,927;1;2;1;80;05;;;;1;3;;2;;;9;;2;2;;2;;1;11;4;05;1062.7729819
6,000,931;1;3;1;80;05;;;;2;;;;2;;;.;2;2;;2;;1;11;;05;1072.7311392
6,000,931;1;4;1;80;05;2;;98;2;;;;2;;;.;;;;2;;1;11;;05;1072.7311392
6,000,933;1;1;1;80;05;1;48;2,000,000;1;5;;2;;;4;;3;3;;2;;1;11;3;05;1022.0874376
6,000,933;1;2;1;80;05;;;;2;;;;2;;;.;2;2;;2;;1;11;;05;1022.0874376
6,000,933;1;3;1;80;05;;;;1;2;;2;;;2;;2;2;;2;;1;11;1.2;05;1022.0874376
6,000,937;1;2;1;80;05;;;;2;;;;2;;;.;2;2;;2;;1;11;;05;1123.5859399
6,000,940;1;2;1;80;05;;;;1;6;;2;;;1;;2;2;;2;;1;11;1.4;05;1120.4984963
6,000,941;1;1;1;80;05;;;;1;7;;2;;;1;;2;2;;2;;1;11;4;05;1366.670853
6,000,941;1;2;1;80;05;;;;1;7;;2;;;9;;1;1;2;2;;1;11;4;05;1366.670853
6,000,942;1;3;1;80;05;;;;2;;;;2;;;.;2;2;;2;;1;11;;05;1029.5728022
6,000,943;1;1;1;80;05;;;;1;5;;2;;;10;;3;3;;2;;1;11;4;05;1079.0856569
6,000,944;1;2;1;80;05;1;48;1,200,000;1;4;;1;;2;4;;2;2;;2;;1;11;1.4;05;1073.2709003
6,000,945;1;2;1;80;05;;;;1;5;;2;;;11;;3;3;;2;;1;11;4;05;1022.9558608
6,000,945;1;4;1;80;05;;;;2;;;;2;;;.;;;;2;;1;11;;05;1022.9558608
6,000,946;1;2;1;80;05;1;24;908,526;2;;;;2;;;.;2;2;;2;;1;11;;05;1039.1274078
6,000,948;1;3;1;80;05;;;;2;;;;2;;;.;;;;2;;1;11;;05;1138.3350993
6,000,949;1;1;1;80;05;1;40;908,526;2;;;;1;3;4;;2;2;;2;;1;11;;05;996.548819
6,000,949;1;2;1;80;05;;;;1;3;;2;;;9;;2;2;;2;;1;11;4;05;996.548819
6,000,949;1;4;1;80;05;1;48;908,526;1;9;PANDEMIA;2;;;4;;2;2;;2;;1;11;2;05;996.548819
6,000,949;1;6;1;80;05;;;;2;;;;2;;;.;2;2;;2;;1;11;;05;996.548819
6,000,951;1;1;1;80;05;;;;1;5;;2;;;10;;3;3;;2;;1;11;4;05;1012.532832
6,000,951;1;2;1;80;05;;;;1;9;PANDEMIA;2;;;12;PANDEMIA;1;1;2;2;;1;11;2;05;1012.532832
6,000,951;1;3;1;80;05;;;;1;9;PANDEMIA;2;;;12;PANDEMIA;2;2;;2;;1;11;4;05;1012.532832
6,000,955;1;2;1;80;05;;;;1;3;;2;;;9;;2;2;;2;;1;11;4;05;1129.3258068
6,000,961;1;1;1;80;05;;;;1;5;;2;;;10;;3;3;;2;;1;11;4;05;1071.6002924
6,000,961;1;2;1;80;05;;;;2;;;;2;;;.;2;2;;2;;1;11;;05;1071.6002924
6,000,962;1;1;1;80;05;;;;1;3;;2;;;9;;2;2;;2;;1;11;4;05;1130.6677527
6,000,969;1;1;1;80;08;2;;908,000;1;4;;2;;;4;;2;2;;2;;1;11;4;08;710.22793597
6,000,970;1;3;1;80;08;2;;906,000;1;2;;2;;;9;;2;2;;2;;1;11;2;08;485.21169146
6,000,971;1;2;1;80;08;;;;1;3;;2;;;9;;2;2;;2;;1;11;3;08;653.34280755
6,000,972;1;2;1;80;08;2;;906,000;1;6;;2;;;5;;2;2;;2;;1;11;2;08;573.23548355
6,000,973;1;2;1;80;08;;;;2;;;;2;;;.;2;2;;2;;1;11;;08;681.9167799
6,000,973;1;4;1;80;08;;;;2;;;;2;;;.;2;2;;2;;1;11;;08;681.9167799
6,000,973;1;5;1;80;08;;;;2;;;;2;;;.;2;2;;2;;1;11;;08;681.9167799
6,000,974;1;1;1;80;08;;;;1;3;;2;;;9;;1;2;;2;;1;11;4;08;485.21169146
6,000,974;1;2;1;80;08;;;;2;;;;2;;;.;2;2;;2;;1;11;;08;485.21169146
6,000,974;1;3;1;80;08;;;;2;;;;2;;;.;;;;2;;1;11;;08;485.21169146
6,000,975;1;3;1;80;08;;;;2;;;;2;;;.;2;2;;2;;1;11;;08;637.92974327
6,000,975;1;4;1;80;08;;;;2;;;;2;;;.;2;2;;2;;1;11;;08;637.92974327
6,000,978;1;1;1;80;08;;;;1;5;;2;;;10;;3;3;;2;;1;11;4;08;547.98968946
6,000,978;1;3;1;80;08;;;;2;;;;2;;;.;2;2;;2;;1;11;;08;547.98968946
6,000,980;1;3;1;80;08;;;;2;;;;2;;;.;;;;2;;1;11;;08;609.23091215
6,000,981;1;3;1;80;08;;;;2;;;;2;;;.;2;2;;2;;1;11;;08;517.72275007
6,000,982;1;1;1;80;08;;;;1;3;;2;;;4;;2;2;;2;;1;11;4;08;656.5207059
6,000,982;1;4;1;80;08;;;;1;4;;2;;;4;;2;2;;2;;1;11;3;08;656.5207059
6,000,983;1;3;1;80;08;;;;2;;;;2;;;.;;;;2;;1;11;;08;642.21039713
6,000,984;1;1;1;80;08;;;;1;9;POR PANDEMIA;2;;;10;;3;3;;2;;1;11;2;08;580.77268146
6,000,985;1;1;1;80;08;;;;1;4;;2;;;4;;2;2;;2;;1;11;4;08;580.77268146
6,000,987;1;2;1;80;08;;;;2;;;;2;;;.;2;2;;2;;1;11;;08;587.5242226
6,000,988;1;3;1;80;08;;;;2;;;;2;;;.;2;2;;2;;1;11;;08;528.70977972
6,000,988;1;4;1;80;08;;;;2;;;;2;;;.;2;2;;2;;1;11;;08;528.70977972
6,000,992;1;3;1;80;08;;;;2;;;;2;;;.;2;2;;2;;1;11;;08;551.53825679
6,000,992;1;4;1;80;08;;;;2;;;;2;;;.;;;;2;;1;11;;08;551.53825679
6,000,994;1;1;1;80;08;;;;1;5;;2;;;4;;2;2;;2;;1;11;2;08;580.77268146
6,000,994;1;2;1;80;08;;;;2;;;;2;;;.;2;2;;2;;1;11;;08;580.77268146
6,000,995;1;2;1;80;08;;;;2;;;;2;;;.;2;2;;2;;1;11;;08;667.6315466
6,000,996;1;2;1;80;08;;;;1;2;;2;;;2;;2;2;;2;;1;11;1.1;08;715.38871901
6,000,996;1;3;1;80;08;;;;2;;;;2;;;.;2;2;;2;;1;11;;08;715.38871901
6,000,997;1;3;1;80;08;;;;2;;;;2;;;.;2;2;;2;;1;11;;08;667.33804349
6,000,997;1;4;1;80;08;;;;2;;;;2;;;.;2;2;;2;;1;11;;08;667.33804349
6,000,999;1;5;1;80;08;;;;2;;;;2;;;.;2;2;;2;;1;11;;08;728.18702748
6,001,000;1;2;1;80;08;;;;1;3;;2;;;9;;2;2;;2;;1;11;2;08;637.88183634
6,001,001;1;2;1;80;08;;;;1;5;;2;;;10;;3;3;;2;;1;11;4;08;664.05790381
6,001,003;1;1;1;80;08;;;;1;5;;2;;;8;;3;3;;2;;1;11;4;08;503.8026541
6,001,003;1;2;1;80;08;;;;1;5;;2;;;8;;3;3;;2;;1;11;3;08;503.8026541
6,001,004;1;3;1;80;08;;;;2;;;;2;;;.;2;2;;2;;1;11;;08;663.27224703
6,001,004;1;4;1;80;08;;;;1;5;;2;;;10;;3;3;;2;;1;11;4;08;663.27224703
6,001,005;1;1;1;80;08;;;;1;4;;2;;;4;;2;2;;2;;1;11;4;08;583.221031
6,001,007;1;3;1;80;08;;;;2;;;;2;;;.;2;2;;2;;1;11;;08;634.47991153
6,001,008;1;2;1;80;08;;;;1;3;;2;;;9;;2;2;;2;;1;11;4;08;806.06085936
6,001,010;1;4;1;80;08;;;;2;;;;2;;;.;2;2;;2;;1;11;;08;656.49913618
6,001,011;1;1;1;80;08;;;;2;;;;2;;;.;2;2;;2;;1;11;;08;541.14143865
6,001,012;1;3;1;80;08;;;;2;;;;2;;;.;;;;2;;1;11;;08;627.31135669
6,001,013;1;1;1;80;08;2;;400,000;1;4;;2;;;4;;2;2;;2;;1;11;2;08;532.96886387
6,001,014;1;1;1;80;08;;;;1;5;;2;;;10;;3;3;;2;;1;11;4;08;548.67863656
6,001,014;1;2;1;80;08;;;;2;;;;2;;;.;1;1;2;2;;1;11;;08;548.67863656
6,001,015;1;2;1;80;08;;;;1;4;;2;;;4;;2;2;;2;;1;11;1.1;08;526.14218278
6,001,015;1;3;1;80;08;;;;2;;;;2;;;.;;;;2;;1;11;;08;526.14218278
6,001,016;1;2;1;80;08;;;;1;5;;2;;;10;;3;3;;2;;1;11;4;08;553.51922767
6,001,016;1;3;1;80;08;;;;2;;;;2;;;.;2;2;;2;;1;11;;08;553.51922767
6,001,016;1;6;1;80;08;;;;2;;;;2;;;.;2;2;;2;;1;11;;08;553.51922767
6,001,017;1;3;1;80;08;;;;2;;;;2;;;.;2;2;;2;;1;11;;08;622.95205712
6,001,019;1;1;1;80;08;;;;1;3;;2;;;8;;3;3;;2;;1;11;4;08;581.46162857
6,001,020;1;4;1;80;08;;;;2;;;;2;;;.;2;2;;2;;1;11;;08;780.02940849
6,001,022;1;2;1;80;08;;;;1;3;;2;;;9;;2;2;;2;;1;11;4;08;616.25408622
6,001,022;1;5;1;80;08;;;;2;;;;2;;;.;2;2;;2;;1;11;;08;616.25408622
6,001,022;1;6;1;80;08;;;;1;3;;2;;;9;;2;2;;2;;1;11;4;08;616.25408622
6,001,024;1;1;1;80;08;;;;1;5;;2;;;10;;3;3;;2;;1;11;4;08;515.20669746
6,001,024;1;2;1;80;08;;;;1;4;;2;;;4;;3;3;;2;;1;11;4;08;515.20669746
6,001,024;1;3;1;80;08;;;;1;4;;2;;;4;;3;3;;2;;1;11;4;08;515.20669746
6,001,024;1;4;1;80;08;;;;1;7;;2;;;9;;2;2;;2;;1;11;4;08;515.20669746
6,001,026;1;2;1;80;08;;;;2;;;;2;;;.;2;2;;2;;1;11;;08;540.16249418
6,001,028;1;2;1;80;08;;;;2;;;;2;;;.;2;2;;2;;1;11;;08;580.77268146
6,001,030;1;1;1;80;08;;;;1;9;EDAD;2;;;8;;2;2;;2;;1;11;4;08;548.67863656
6,001,031;1;1;1;80;08;;;;1;5;;2;;;8;;3;3;;2;;1;11;4;08;689.37883786
6,001,031;1;2;1;80;08;;;;2;;;;2;;;.;2;2;;2;;1;11;;08;689.37883786
6,001,031;1;4;1;80;08;;;;2;;;;2;;;.;2;2;;2;;1;11;;08;689.37883786
6,001,032;1;2;1;80;08;2;;900,000;1;8;;2;;;8;;2;2;;2;;1;11;1.3;08;580.77268146
6,001,033;1;1;1;80;08;;;;1;5;;2;;;10;;3;3;;2;;1;11;3;08;697.52984292
6,001,034;1;3;1;80;08;;;;2;;;;2;;;.;;;;2;;1;11;;08;663.96119414
6,001,035;1;2;1;80;08;;;;1;9;PANDEMIA;2;;;9;;2;2;;2;;1;11;2;08;536.66078606
6,001,039;1;1;1;80;08;2;;900,000;1;4;;2;;;4;;2;2;;2;;1;11;1.3;08;540.45249155
6,001,040;1;1;1;80;08;2;;930,000;1;3;;2;;;9;;2;2;;2;;1;11;1.4;08;492.20532304
6,001,047;1;1;1;80;08;2;;908,526;1;9;POR EL VIRUS TUVO QUE DEJAR LA ACTIVIDAD ECONOMICA QUE REALIZABA;2;;;9;;2;2;;2;;1;11;2;08;566.4623727
6,001,047;1;2;1;80;08;;;;2;;;;2;;;.;;;;2;;1;11;;08;566.4623727
6,001,048;1;3;1;80;08;;;;2;;;;2;;;.;2;2;;2;;1;11;;08;575.73740332
6,001,051;1;2;1;80;08;;;;1;3;;2;;;9;;2;2;;2;;1;11;4;08;637.92974327
6,001,051;1;3;1;80;08;;;;2;;;;2;;;.;2;2;;2;;1;11;;08;637.92974327
6,001,051;1;4;1;80;08;;;;2;;;;2;;;.;;;;2;;1;11;;08;637.92974327
6,001,052;1;4;1;80;08;;;;1;3;;2;;;1;;2;2;;2;;1;11;4;08;477.97069844
6,001,052;1;9;1;80;08;;;;1;6;;2;;;1;;2;2;;2;;1;11;2;08;477.97069844
6,001,052;1;12;1;80;08;1;48;906,000;1;5;;2;;;9;;2;2;;2;;1;11;2;08;477.97069844
6,001,053;1;3;1;80;08;1;48;908,000;1;9;EL NEGOCIO NO LE GENERABA LAS GANANCIAS QUE ELLA QUERIA;2;;;9;;2;2;;2;;1;11;2;08;524.84293428
6,001,054;1;1;1;80;08;;;;2;;;;2;;;.;2;2;;2;;1;11;;08;721.01847263
6,001,054;1;4;1;80;08;;;;1;3;;2;;;9;;2;2;;2;;1;11;3;08;721.01847263
6,001,055;1;4;1;80;08;;;;2;;;;2;;;.;2;2;;2;;1;11;;08;601.27990582
6,001,056;1;3;1;80;08;;;;2;;;;2;;;.;2;2;;2;;1;11;;08;608.10658691
6,001,056;1;5;1;80;08;;;;1;2;;2;;;9;;2;2;;2;;1;11;3;08;608.10658691
6,001,058;1;3;1;80;08;1;48;908,526;1;8;;2;;;1;;1;2;;2;;1;11;1.4;08;628.82136346
6,001,058;1;6;1;80;08;1;72;900,000;1;9;POR EL VIRUS PERDIO EL TRABAJO QUE TENIA;2;;;12;NO TIENE RECURSOS ACTUALMENTE PARA INSTALAR UN NEGOCIO;2;2;;2;;1;11;2;08;628.82136346
6,001,059;1;1;1;80;08;;;;1;1;;2;;;1;;2;2;;2;;1;11;3;08;706.02242206
6,001,059;1;4;1;80;08;;;;2;;;;2;;;.;2;2;;2;;1;11;;08;706.02242206
6,001,059;1;5;1;80;08;;;;2;;;;2;;;.;;;;2;;1;11;;08;706.02242206
6,001,060;1;2;1;80;08;;;;1;4;;2;;;8;;2;2;;2;;1;11;4;08;593.83941758
6,001,060;1;5;1;80;08;2;;1,000,000;2;;;;2;;;.;2;2;;2;;1;11;;08;593.83941758
6,001,060;1;6;1;80;08;2;;1,000,000;1;4;;2;;;4;;2;2;;2;;1;11;1.2;08;593.83941758
6,001,062;1;2;1;80;08;;;;1;4;;2;;;10;;3;3;;2;;1;11;2;08;514.42104068
6,001,062;1;4;1;80;08;;;;2;;;;2;;;.;2;2;;2;;1;11;;08;514.42104068
6,001,063;1;1;1;80;08;1;24;800,000;1;3;;2;;;9;;2;2;;2;;1;11;2;08;645.61232195
6,001,064;1;1;1;80;08;;;;1;5;;2;;;10;;3;3;;2;;1;11;4;08;555.6487049
6,001,064;1;2;1;80;08;;;;1;4;;2;;;9;;2;2;;2;;1;11;1.4;08;555.6487049
6,001,064;1;4;1;80;08;;;;2;;;;2;;;.;2;2;;2;;1;11;;08;555.6487049
6,001,064;1;8;1;80;08;;;;1;3;;2;;;9;;2;2;;2;;1;11;4;08;555.6487049
6,001,064;1;9;1;80;08;;;;2;;;;2;;;.;2;2;;2;;1;11;;08;555.6487049
6,001,065;1;1;1;80;08;;;;1;9;POR LA EDAD;2;;;8;;2;2;;2;;1;11;4;08;560.42104871
6,001,065;1;9;1;80;08;1;48;500,000;1;7;;2;;;8;;2;2;;2;;1;11;1.3;08;560.42104871
6,001,066;1;2;1;80;08;2;;900,000;2;;;;2;;;.;2;2;;2;;1;11;;08;725.42047953
6,001,066;1;4;1;80;08;;;;2;;;;2;;;.;2;2;;2;;1;11;;08;725.42047953
6,001,066;1;5;1;80;08;1;24;500,000;1;3;;2;;;7;;2;2;;2;;1;11;4;08;725.42047953
6,001,068;1;2;1;80;08;2;;908,000;2;;;;1;4;9;;2;2;;2;;1;11;;08;765.10529258
6,001,068;1;4;1;80;08;;;;2;;;;2;;;.;2;2;;2;;1;11;;08;765.10529258
6,001,069;1;1;1;80;08;;;;1;8;;2;;;9;;2;2;;2;;1;11;4;08;499.49692477
6,001,069;1;4;1;80;08;1;48;908,526;1;8;;2;;;1;;2;2;;2;;1;11;3;08;499.49692477
6,001,069;1;5;1;80;08;;;;2;;;;2;;;.;2;2;;2;;1;11;;08;499.49692477
6,001,069;1;6;1;80;08;1;48;900,000;1;8;;2;;;1;;2;2;;2;;1;11;1.2;08;499.49692477
6,001,071;1;3;1;80;08;;;;2;;;;2;;;.;;;;2;;1;11;;08;682.53058705
6,001,073;1;2;1;80;08;;;;1;3;;2;;;9;;2;2;;2;;1;11;2;08;554.01168178
6,001,074;1;2;1;80;08;;;;2;;;;2;;;.;;;;2;;1;11;;08;535.95026923
6,001,074;1;3;1;80;08;2;;900,000;2;;;;2;;;.;2;2;;2;;1;11;;08;535.95026923
6,001,075;1;1;1;80;08;;;;1;7;;2;;;1;;2;2;;2;;1;11;4;08;922.12907371
6,001,077;1;1;1;80;08;;;;1;3;;2;;;9;;2;2;;2;;1;11;4;08;840.58488936
6,001,077;1;3;1;80;08;;;;2;;;;2;;;.;;;;2;;1;11;;08;840.58488936
6,001,077;1;7;1;80;08;;;;2;;;;2;;;.;2;2;;2;;1;11;;08;840.58488936
6,001,078;1;1;1;80;08;;;;1;3;;2;;;9;;2;2;;2;;1;11;4;08;457.34839998
6,001,078;1;7;1;80;08;2;;900,000;1;9;COVID 19;2;;;9;;2;2;;2;;1;11;2;08;457.34839998
6,001,079;1;6;1;80;08;;;;1;3;;2;;;9;;2;2;;2;;1;11;4;08;437.22944487
6,001,079;1;7;1;80;08;;;;2;;;;2;;;.;2;2;;2;;1;11;;08;437.22944487
6,001,082;1;2;1;80;08;;;;1;8;;2;;;11;;2;2;;2;;1;11;2;08;627.31135669
6,001,082;1;3;1;80;08;;;;2;;;;2;;;.;;;;2;;1;11;;08;627.31135669
6,001,083;1;5;1;80;08;;;;2;;;;2;;;.;;;;2;;1;11;;08;707.78182449
6,001,083;1;9;1;80;08;;;;2;;;;2;;;.;2;2;;2;;1;11;;08;707.78182449
6,001,084;1;3;1;80;08;2;;900,000;2;;;;2;;;.;2;2;;2;;1;11;;08;667.33804349
6,001,084;1;4;1;80;08;;;;2;;;;2;;;.;;;;2;;1;11;;08;667.33804349
6,001,086;1;2;1;80;08;;;;1;4;;2;;;4;;2;2;;2;;1;11;4;08;806.06085936
6,001,089;1;2;1;80;08;;;;1;3;;2;;;9;;2;2;;2;;1;11;3;08;689.99264501
6,001,090;1;1;1;80;08;;;;2;;;;2;;;.;2;2;;2;;1;11;;08;667.6315466
6,001,092;1;2;1;80;08;;;;2;;;;2;;;.;2;2;;2;;1;11;;08;616.17894627
6,001,092;1;4;1;80;08;;;;2;;;;2;;;.;2;2;;2;;1;11;;08;616.17894627
6,001,093;1;2;1;80;08;;;;2;;;;2;;;.;2;2;;2;;1;11;;08;615.98565857
6,001,093;1;3;1;80;08;;;;2;;;;2;;;.;2;2;;2;;1;11;;08;615.98565857
6,001,093;1;4;1;80;08;;;;2;;;;2;;;.;;;;2;;1;11;;08;615.98565857
6,001,093;1;6;1;80;08;;;;1;3;;2;;;4;;2;2;;2;;1;11;4;08;615.98565857
6,001,094;1;1;1;80;08;;;;1;3;;2;;;8;;2;2;;2;;1;11;2;08;634.55505149
6,001,094;1;2;1;80;08;;;;2;;;;2;;;.;2;2;;2;;1;11;;08;634.55505149
6,001,094;1;5;1;80;08;;;;2;;;;2;;;.;;;;2;;1;11;;08;634.55505149
6,001,095;1;3;1;80;08;;;;2;;;;2;;;.;2;2;;2;;1;11;;08;590.66151923
6,001,096;1;2;1;80;08;2;;906,000;1;4;;2;;;4;;2;2;;2;;1;11;2;08;580.77268146
6,001,097;1;2;1;80;08;;;;1;8;;2;;;9;;2;2;;2;;1;11;2;08;682.2621594
6,001,098;1;3;1;80;08;;;;2;;;;2;;;.;;;;2;;1;11;;08;648.50022293
6,001,099;1;2;1;80;08;;;;2;;;;2;;;.;2;2;;2;;1;11;;08;615.10522972
6,001,099;1;4;1;80;08;;;;2;;;;2;;;.;2;2;;2;;1;11;;08;615.10522972
6,001,099;1;5;1;80;08;;;;1;3;;2;;;9;;2;2;;2;;1;11;4;08;615.10522972
6,001,099;1;7;1;80;08;;;;2;;;;2;;;.;;;;2;;1;11;;08;615.10522972
6,001,099;1;11;1;80;08;;;;1;8;;2;;;1;;2;2;;2;;1;11;1.2;08;615.10522972
6,001,099;1;12;1;80;08;;;;2;;;;2;;;.;;;;2;;1;11;;08;615.10522972
6,001,099;1;15;1;80;08;;;;2;;;;2;;;.;2;2;;2;;1;11;;08;615.10522972
6,001,099;1;16;1;80;08;;;;2;;;;2;;;.;;;;2;;1;11;;08;615.10522972
6,001,100;1;2;1;80;08;;;;2;;;;2;;;.;2;2;;2;;1;11;;08;540.16249418
6,001,101;1;5;1;80;08;;;;1;9;POR LA PANDEMIA;2;;;9;;3;3;;2;;1;11;2;08;572.36375926
6,001,101;1;6;1;80;08;;;;2;;;;2;;;.;2;2;;2;;1;11;;08;572.36375926
6,001,102;1;3;1;80;08;;;;2;;;;2;;;.;2;2;;2;;1;11;;08;682.53058705
6,001,104;1;3;1;80;08;;;;2;;;;2;;;.;;;;2;;1;11;;08;656.23070853
6,001,105;1;2;1;80;08;;;;2;;;;2;;;.;2;2;;2;;1;11;;08;566.4623727
6,001,106;1;1;1;80;08;;;;2;;;;2;;;.;2;2;;2;;1;11;;08;583.9099781
6,001,106;1;3;1;80;08;2;;920,000;1;6;;2;;;12;ESTA EMBARAZADA;2;2;;2;;1;11;2;08;583.9099781
6,001,107;1;2;1;80;08;1;48;908,000;2;;;;1;1;2;;2;2;;2;;1;11;;08;605.29213203
6,001,107;1;5;1;80;08;;;;2;;;;2;;;.;2;2;;2;;1;11;;08;605.29213203
6,001,108;1;2;1;80;08;;;;1;3;;2;;;9;;2;2;;2;;1;11;4;08;642.21039713
6,001,108;1;3;1;80;08;;;;2;;;;2;;;.;2;2;;2;;1;11;;08;642.21039713
6,001,109;1;1;1;80;08;;;;1;5;;2;;;10;;3;3;;2;;1;11;4;08;580.77268146
6,001,109;1;2;1;80;08;;;;1;3;;2;;;9;;2;2;;2;;1;11;4;08;580.77268146
6,001,110;1;3;1;80;08;;;;2;;;;2;;;.;2;2;;2;;1;11;;08;671.49839205
6,001,112;1;5;1;80;08;;;;2;;;;2;;;.;2;2;;2;;1;11;;08;732.07223735
6,001,112;1;6;1;80;08;;;;1;4;;2;;;4;;2;2;;2;;1;11;4;08;732.07223735
6,001,113;1;6;1;80;08;;;;1;3;;2;;;2;;2;2;;2;;1;11;3;08;601.25483035
6,001,114;1;1;1;80;08;;;;1;3;;2;;;9;;2;2;;2;;1;11;4;08;467.42444959
6,001,114;1;3;1;80;08;;;;1;5;;2;;;10;;3;3;;2;;1;11;4;08;467.42444959
6,001,114;1;4;1;80;08;;;;1;3;;2;;;9;;2;2;;2;;1;11;4;08;467.42444959
6,001,115;1;3;1;80;08;2;;920,000;1;2;;2;;;2;;2;2;;2;;1;11;1.3;08;554.74123059
6,001,116;1;1;1;80;08;;;;1;5;;2;;;10;;3;3;;2;;1;11;4;08;483.83379726
6,001,116;1;2;1;80;08;;;;1;9;POR LA PANDEMIA;2;;;12;POR LA PANDEMIA;3;3;;2;;1;11;2;08;483.83379726
6,001,116;1;3;1;80;08;;;;1;3;;2;;;9;;2;2;;2;;1;11;4;08;483.83379726
6,001,116;1;4;1;80;08;;;;2;;;;2;;;.;2;2;;2;;1;11;;08;483.83379726
6,001,116;1;5;1;80;08;;;;2;;;;2;;;.;;;;2;;1;11;;08;483.83379726
6,001,119;1;1;1;80;08;;;;2;;;;2;;;.;2;2;;2;;1;11;;08;616.88946309
6,001,119;1;2;1;80;08;;;;1;4;;2;;;4;;2;2;;2;;1;11;4;08;616.88946309
6,001,120;1;2;1;80;08;1;24;450,000;1;6;;2;;;7;;2;2;;2;;1;11;2;08;649.03707822
6,001,120;1;5;1;80;08;;;;2;;;;2;;;.;2;2;;2;;1;11;;08;649.03707822
6,001,121;1;3;1;80;08;;;;2;;;;2;;;.;2;2;;2;;1;11;;08;560.32433903
6,001,121;1;4;1;80;08;;;;2;;;;2;;;.;2;2;;2;;1;11;;08;560.32433903
6,001,121;1;5;1;80;08;;;;2;;;;2;;;.;2;2;;2;;1;11;;08;560.32433903
6,001,121;1;6;1;80;08;;;;2;;;;2;;;.;2;2;;2;;1;11;;08;560.32433903
6,001,121;1;7;1;80;08;;;;2;;;;2;;;.;;;;2;;1;11;;08;560.32433903
6,001,122;1;4;1;80;08;;;;2;;;;2;;;.;2;2;;2;;1;11;;08;619.84929873
6,001,123;1;2;1;80;08;;;;1;3;;2;;;9;;2;2;;2;;1;11;4;08;674.5316738
6,001,124;1;1;1;80;08;;;;1;5;;2;;;10;;3;3;;2;;1;11;4;08;474.88650754
6,001,124;1;2;1;80;08;;;;2;;;;2;;;.;2;2;;2;;1;11;;08;474.88650754
6,001,124;1;4;1;80;08;;;;1;8;;2;;;9;;2;2;;2;;1;11;4;08;474.88650754
6,001,124;1;5;1;80;08;;;;1;8;;2;;;9;;2;2;;2;;1;11;4;08;474.88650754
6,001,126;1;2;1;80;08;;;;1;7;;2;;;9;;2;2;;2;;1;11;1.1;08;656.5207059
6,001,127;1;2;1;80;08;2;;1,000,000;2;;;;2;;;.;2;2;;2;;1;11;;08;540.43092183
6,001,129;1;2;1;80;08;;;;1;3;;2;;;9;;2;2;;2;;1;11;4;08;674.5316738
6,001,130;1;1;1;80;08;;;;1;3;;2;;;9;;2;2;;2;;1;11;4;08;477.57972148
6,001,130;1;5;1;80;08;;;;2;;;;2;;;.;;;;2;;1;11;;08;477.57972148
6,001,130;1;8;1;80;08;;;;2;;;;2;;;.;;;;2;;1;11;;08;477.57972148
6,001,130;1;9;1;80;08;;;;2;;;;2;;;.;;;;2;;1;11;;08;477.57972148
6,001,130;1;11;1;80;08;;;;1;3;;2;;;9;;2;2;;2;;1;11;4;08;477.57972148
6,001,130;1;12;1;80;08;;;;2;;;;2;;;.;;;;2;;1;11;;08;477.57972148
6,001,134;1;2;1;80;08;;;;1;1;;2;;;1;;2;2;;2;;1;11;3;08;540.45249155
6,001,135;1;2;1;80;08;;;;2;;;;2;;;.;2;2;;2;;1;11;;08;580.77268146
6,001,136;1;2;1;80;08;;;;2;;;;2;;;.;2;2;;2;;1;11;;08;674.80010144
6,001,136;1;3;1;80;08;;;;2;;;;2;;;.;2;2;;2;;1;11;;08;674.80010144
6,001,138;1;1;1;80;08;;;908,526;1;9;POR EL VIRUS TUVO QUE DEJAR DE HACER LA ACTIVIDAD ECONOMICA QUE HACIA;2;;;12;NO TIENE RECURSOS PARA INSTALAR UN NEGOCIO;2;2;;2;;1;11;2;08;532.96886387
6,001,138;1;2;1;80;08;;;;2;;;;2;;;.;2;2;;2;;1;11;;08;532.96886387
6,001,138;1;3;1;80;08;2;;908,526;1;8;;2;;;2;;2;2;;2;;1;11;1.3;08;532.96886387
6,001,138;1;4;1;80;08;2;;908,526;1;8;;2;;;9;;2;2;;2;;1;11;2;08;532.96886387
6,001,140;1;2;1;80;08;1;48;900,000;1;3;;2;;;9;;2;2;;2;;1;11;3;08;645.61232195
6,001,141;1;1;1;80;08;;;;1;5;;2;;;10;;3;3;;2;;1;11;4;08;813.59805727
6,001,142;1;2;1;80;08;;;;1;3;;2;;;8;;2;2;;2;;1;11;4;08;556.82093706
6,001,142;1;5;1;80;08;2;;1,100,000;1;2;;2;;;2;;2;2;;2;;1;11;2;08;556.82093706
6,001,143;1;1;1;80;08;;;;1;3;;2;;;9;;2;2;;2;;1;11;4;08;619.94600841
6,001,143;1;5;1;80;08;;;;2;;;;2;;;.;2;2;;2;;1;11;;08;619.94600841
6,001,144;1;2;1;80;08;;;;2;;;;2;;;.;2;2;;2;;1;11;;08;547.89297978
6,001,145;1;3;1;80;08;;;;2;;;;2;;;.;2;2;;2;;1;11;;08;637.92974327
6,001,145;1;4;1;80;08;;;;2;;;;2;;;.;;;;2;;1;11;;08;637.92974327
6,001,146;1;1;1;80;08;1;24;500,000;1;7;;2;;;9;;2;2;;2;;1;11;1.3;08;370.17399829
6,001,146;1;2;1;80;08;;;;2;;;;2;;;.;;;;2;;1;11;;08;370.17399829
6,001,146;1;3;1;80;08;2;;908,526;1;3;;2;;;9;;2;2;;2;;1;11;1.2;08;370.17399829
6,001,146;1;7;1;80;08;;;;2;;;;2;;;.;2;2;;2;;1;11;;08;370.17399829
6,001,146;1;10;1;80;08;;;;2;;;;2;;;.;2;2;;2;;1;11;;08;370.17399829
6,001,147;1;1;1;80;08;1;48;900,000;1;1;;1;;3;1;;2;2;;2;;1;11;3;08;798.33037375
6,001,147;1;3;1;80;08;2;;900,000;2;;;;2;;;.;2;2;;2;;1;11;;08;798.33037375
6,001,148;1;2;1;80;08;;;;2;;;;2;;;.;2;2;;2;;1;11;;08;532.72200594
6,001,148;1;3;1;80;08;1;48;900,000;1;1;;2;;;1;;2;2;;2;;1;11;4;08;532.72200594
6,001,150;1;1;1;80;08;;;;1;5;;2;;;10;;3;3;;2;;1;11;3;08;619.87086845
6,001,150;1;2;1;80;08;;;;2;;;;2;;;.;2;2;;2;;1;11;;08;619.87086845
6,001,150;1;4;1;80;08;;;;2;;;;2;;;.;2;2;;2;;1;11;;08;619.87086845
6,001,152;1;1;1;80;08;;;;1;4;;2;;;4;;2;2;;2;;1;11;4;08;554.74123059
6,001,152;1;2;1;80;08;;;;1;3;;2;;;8;;2;2;;2;;1;11;4;08;554.74123059
6,001,152;1;3;1;80;08;;;;2;;;;2;;;.;;;;2;;1;11;;08;554.74123059
6,001,156;1;3;1;80;08;;;;2;;;;2;;;.;2;2;;2;;1;11;;08;690.06778496
6,001,157;1;4;1;80;08;1;24;500,000;2;;;;1;1;9;;2;2;;1;30,000;1;11;;08;772.29892288
6,001,158;1;1;1;80;08;;;;1;3;;2;;;9;;2;2;;2;;1;11;4;08;699.28924535
6,001,158;1;2;1;80;08;;;;1;4;;2;;;10;;3;3;;2;;1;11;3;08;699.28924535
6,001,158;1;4;1;80;08;;;;1;3;;2;;;9;;2;2;;2;;1;11;3;08;699.28924535
6,001,158;1;7;1;80;08;;;;1;4;;2;;;4;;2;2;;2;;1;11;3;08;699.28924535
6,001,159;1;1;1;80;08;;;;2;;;;2;;;.;2;2;;2;;1;11;;08;547.96811974
6,001,159;1;2;1;80;08;;;;2;;;;2;;;.;2;2;;2;;1;11;;08;547.96811974
6,001,159;1;3;1;80;08;;;;2;;;;2;;;.;;;;2;;1;11;;08;547.96811974
6,001,160;1;2;1;80;08;1;48;910,000;1;3;;2;;;9;;2;2;;2;;1;11;4;08;645.8807496
6,001,160;1;3;1;80;08;;;;2;;;;2;;;.;2;2;;2;;1;11;;08;645.8807496
6,001,161;1;3;1;80;08;;;;2;;;;2;;;.;;;;2;;1;11;;08;637.92974327
6,001,161;1;4;1;80;08;;;;2;;;;2;;;.;;;;2;;1;11;;08;637.92974327
6,001,164;1;2;1;80;08;;;;2;;;;2;;;.;2;2;;2;;1;11;;08;525.45323568
6,001,167;1;2;1;80;08;;;;1;3;;2;;;9;;2;2;;2;;1;11;3;08;653.34280755
6,001,170;1;4;1;80;08;;;;1;1;;2;;;2;;2;2;;2;;1;11;2;08;645.8807496
6,001,175;1;1;1;80;08;;;;1;5;;2;;;4;;3;3;;2;;1;11;4;08;608.27674269
6,001,175;1;2;1;80;08;;;;2;;;;2;;;.;2;2;;2;;1;11;;08;608.27674269
6,001,175;1;4;1;80;08;;;;1;8;;2;;;9;;2;2;;2;;1;11;4;08;608.27674269
6,001,175;1;7;1;80;08;;;;1;8;;2;;;8;;2;2;;2;;1;11;4;08;608.27674269
6,001,177;1;4;1;80;08;;;;2;;;;2;;;.;2;2;;2;;1;11;;08;667.60647114
6,001,177;1;5;1;80;08;;;;2;;;;2;;;.;;;;2;;1;11;;08;667.60647114
6,001,178;1;3;1;80;08;;;;2;;;;2;;;.;2;2;;2;;1;11;;08;680.5388857
6,001,178;1;4;1;80;08;;;;1;4;;2;;;4;;2;2;;2;;1;11;4;08;680.5388857
6,001,178;1;5;1;80;08;;;;2;;;;2;;;.;2;2;;2;;1;11;;08;680.5388857
6,001,178;2;1;2;80;08;;;;1;4;;2;;;4;;2;2;;2;;1;11;4;08;680.5388857
6,001,179;1;2;1;80;08;;;;1;7;;2;;;9;;2;2;;2;;1;11;3;08;645.61232195
6,001,181;1;1;1;80;08;;;;1;4;;2;;;4;;2;2;;2;;1;11;4;08;580.77268146
6,001,183;1;4;1;80;08;;;;1;3;;2;;;4;;2;2;;2;;1;11;4;08;525.94889509
6,001,184;1;3;1;80;08;;;;2;;;;2;;;.;2;2;;2;;1;11;;08;532.01148912
6,001,184;1;4;1;80;08;;;;2;;;;2;;;.;2;2;;2;;1;11;;08;532.01148912
6,001,185;1;4;1;80;08;;;;1;3;;2;;;9;;2;2;;2;;1;11;3;08;663.76790644
6,001,187;1;1;1;80;08;;;;1;3;;2;;;8;;3;3;;2;;1;11;4;08;620.55981555
6,001,188;1;2;1;80;08;;;;2;;;;2;;;.;2;2;;2;;1;11;;08;637.92974327
6,001,188;1;3;1;80;08;;;;2;;;;2;;;.;2;2;;2;;1;11;;08;637.92974327
6,001,189;1;3;1;80;08;;;;2;;;;2;;;.;2;2;;2;;1;11;;08;645.8807496
6,001,192;1;2;1;80;08;;;;2;;;;2;;;.;2;2;;2;;1;11;;08;675.06852909
6,001,192;1;4;1;80;08;;;;2;;;;2;;;.;2;2;;2;;1;11;;08;675.06852909
6,001,193;1;1;1;80;08;;;;1;4;;2;;;4;;2;2;;2;;1;11;4;08;557.50988416
6,001,193;1;3;1;80;08;;;;2;;;;2;;;.;2;2;;2;;1;11;;08;557.50988416
6,001,193;1;5;1;80;08;;;;1;3;;2;;;9;;2;2;;2;;1;11;2;08;557.50988416
6,001,195;1;3;1;80;08;2;;908,526;1;4;;2;;;4;;2;2;;2;;1;11;1.4;08;532.96886387
6,001,195;1;4;1;80;08;;;;2;;;;2;;;.;;;;2;;1;11;;08;532.96886387
6,001,201;1;5;1;80;08;2;;900,000;1;3;;2;;;9;;2;2;;2;;1;11;3;08;473.56965878
6,001,202;1;1;1;80;08;;;;1;7;;2;;;9;;2;2;;2;;1;11;4;08;539.74197473
6,001,202;1;2;1;80;08;;;;2;;;;2;;;.;2;2;;2;;1;11;;08;539.74197473
6,001,202;1;3;1;80;08;;;;2;;;;2;;;.;;;;2;;1;11;;08;539.74197473
6,001,206;1;2;1;80;08;;;;2;;;;1;1;2;;2;2;;2;;1;11;;08;511.24314233
6,001,211;1;2;1;80;08;;;;1;5;;2;;;10;;3;3;;2;;1;11;4;08;580.77268146
6,001,213;1;2;1;80;08;;;;1;3;;2;;;9;;2;2;;2;;1;11;4;08;630.48925503
6,001,213;1;5;1;80;08;1;24;500,000;1;1;;1;;1;2;;2;2;;2;;1;11;2;08;630.48925503
6,001,215;1;1;1;80;08;1;48;906,000;1;1;;2;;;1;;2;2;;2;;1;11;1.2;08;675.06852909
6,001,216;1;1;1;80;08;;;;1;4;;2;;;4;;2;2;;2;;1;11;2;08;551.26982914
6,001,216;1;3;1;80;08;;;;2;;;;2;;;.;;;;2;;1;11;;08;551.26982914
6,001,217;1;1;1;80;08;;;;1;4;;2;;;8;;2;2;;2;;1;11;4;08;580.77268146
6,001,218;1;1;1;80;08;;;;1;3;;2;;;9;;2;2;;2;;1;11;4;08;459.25538055
6,001,218;1;3;1;80;08;;;;2;;;;2;;;.;2;2;;2;;1;11;;08;459.25538055
6,001,218;1;5;1;80;08;;;;2;;;;2;;;.;2;2;;2;;1;11;;08;459.25538055
6,001,219;1;2;1;80;08;2;;900,000;1;3;;2;;;9;;2;2;;2;;1;11;3;08;666.80118819
6,001,220;1;1;1;80;08;;;;1;4;;2;;;4;;2;2;;2;;1;11;4;08;567.24603595
6,001,220;1;2;1;80;08;;;;2;;;;2;;;.;2;2;;2;;1;11;;08;567.24603595
6,001,220;1;8;1;80;08;;;;2;;;;2;;;.;;;;2;;1;11;;08;567.24603595
6,001,220;1;9;1;80;08;;;;2;;;;2;;;.;;;;2;;1;11;;08;567.24603595
6,001,222;1;2;1;80;08;1;48;900,000;1;7;;2;;;8;;1;1;1;2;;1;11;1.4;08;689.37883786
6,001,222;1;4;1;80;08;;;;2;;;;1;2;2;;2;2;;2;;1;11;;08;689.37883786
6,001,224;1;5;1;80;08;;;;2;;;;2;;;.;2;2;;2;;1;11;;08;472.9286186
6,001,224;1;6;1;80;08;;;;2;;;;2;;;.;;;;2;;1;11;;08;472.9286186
6,001,225;1;1;1;80;08;;;;1;6;;2;;;8;;2;2;;2;;1;11;2;08;696.84089581
6,001,225;1;2;1;80;08;;;;2;;;;2;;;.;2;2;;2;;1;11;;08;696.84089581
6,001,226;1;2;1;80;08;;;;2;;;;2;;;.;2;2;;2;;1;11;;08;540.45249155
6,001,227;1;2;1;80;08;;;;2;;;;2;;;.;2;2;;2;;1;11;;08;540.43092183
6,001,227;1;3;1;80;08;;;;2;;;;2;;;.;2;2;;2;;1;11;;08;540.43092183
6,001,228;1;2;1;80;08;2;;900,000;1;3;;2;;;9;;2;2;;2;;1;11;2;08;597.56164643
6,001,230;1;2;1;80;08;;;;2;;;;2;;;.;;;;2;;1;11;;08;497.02954324
6,001,230;1;4;1;80;08;;;;1;5;;2;;;10;;3;3;;2;;1;11;4;08;497.02954324
6,001,231;1;3;1;80;08;;;900,000;1;7;;2;;;2;;2;2;;2;;1;11;2;08;477.06068641
6,001,234;1;1;1;80;08;;;;1;3;;2;;;9;;2;2;;2;;1;11;4;08;587.06630673
6,001,234;1;3;1;80;08;;;;2;;;;2;;;.;2;2;;2;;1;11;;08;587.06630673
6,001,234;1;6;1;80;08;;;;2;;;;2;;;.;;;;2;;1;11;;08;587.06630673
6,001,235;1;2;1;80;08;;;;1;3;;2;;;9;;2;2;;2;;1;11;4;08;806.06085936
6,001,238;1;1;1;80;08;;;;1;4;;2;;;4;;2;2;;2;;1;11;2;08;485.21169146
6,001,238;1;2;1;80;08;;;;2;;;;2;;;.;2;2;;2;;1;11;;08;485.21169146
6,001,238;1;3;1;80;08;1;48;800,000;1;3;;2;;;12;SALIO EMBARAZADA;2;2;;2;;1;11;1.4;08;485.21169146
6,001,239;1;3;1;80;08;;;;2;;;;2;;;.;2;2;;2;;1;11;;08;649.03707822
6,001,239;1;4;1;80;08;;;;2;;;;2;;;.;2;2;;2;;1;11;;08;649.03707822
6,001,239;1;5;1;80;08;;;;2;;;;2;;;.;;;;2;;1;11;;08;649.03707822
6,001,240;1;2;1;80;08;;;;2;;;;1;2;2;;2;2;;2;;1;11;;08;529.39872683
6,001,240;1;3;1;80;08;;;;2;;;;2;;;.;2;2;;2;;1;11;;08;529.39872683
6,001,241;1;2;1;80;08;2;;908,526;1;3;;2;;;9;;2;2;;2;;1;11;4;08;641.05973469
6,001,242;1;1;1;80;08;1;48;900,000;1;7;;2;;;8;;2;2;;2;;1;11;2;08;689.3036979
6,001,242;1;2;1;80;08;;;;2;;;;2;;;.;2;2;;2;;1;11;;08;689.3036979
6,001,244;1;3;1;80;08;;;;2;;;;1;2;1;;2;2;;2;;1;11;;08;615.91051862
6,001,248;1;2;1;80;08;;;;1;8;;2;;;1;;2;2;;2;;1;11;4;08;637.92974327
6,001,248;1;3;1;80;08;;;;2;;;;2;;;.;2;2;;2;;1;11;;08;637.92974327
6,001,248;1;4;1;80;08;;;;2;;;;2;;;.;;;;2;;1;11;;08;637.92974327
6,001,252;1;2;1;80;08;;;;2;;;;2;;;.;;;;2;;1;11;;08;529.81253525
6,001,254;1;1;1;80;08;2;;908,526;1;9;POR EL VIRUS TUVO QUE DEJAR DE HACER LA ACTIVIDAD ECONOMICA QUE REALIZABA;2;;;4;;2;2;;2;;1;11;2;08;573.23548355
6,001,255;1;3;1;80;08;;;;2;;;;2;;;.;;;;2;;1;11;;08;540.43092183
6,001,257;1;1;1;80;08;;;;1;4;;2;;;4;;2;2;;2;;1;11;4;08;571.82019293
6,001,258;1;1;1;80;08;2;;900,000;1;9;COVID 19;2;;;4;;2;2;;2;;1;11;2;08;573.92443065
6,001,260;1;2;1;80;08;;;;2;;;;2;;;.;2;2;;2;;1;11;;08;540.43092183
6,001,260;1;3;1;80;08;;;;2;;;;2;;;.;;;;2;;1;11;;08;540.43092183
6,001,261;1;2;1;80;08;2;;906,000;1;3;;2;;;9;;2;2;;2;;1;11;1.3;08;652.17057539
6,001,262;1;1;1;80;08;;;;1;5;;2;;;10;;3;3;;2;;1;11;4;08;599.18086691
6,001,262;1;3;1;80;08;;;;1;1;;1;;4;9;;2;2;;1;400,000;1;11;4;08;599.18086691
6,001,263;1;2;1;80;08;;;;2;;;;2;;;.;2;2;;2;;1;11;;08;697.52984292
6,001,264;1;2;1;80;08;1;48;800,000;1;7;;2;;;8;;2;2;;2;;1;11;1.4;08;671.58990291
6,001,264;1;6;1;80;08;;;;1;7;;2;;;8;;2;2;;2;;1;11;4;08;671.58990291
6,001,265;1;4;1;80;08;;;;2;;;;2;;;.;2;2;;2;;1;11;;08;649.03707822
6,001,266;1;1;1;80;08;;;;1;4;;2;;;8;;2;2;;2;;1;11;4;08;573.23548355
6,001,268;1;1;1;80;08;;;;1;3;;2;;;8;;2;2;;2;;1;11;4;08;581.46162857
6,001,270;1;3;1;80;08;;;;2;;;;2;;;.;;;;2;;1;11;;08;663.96119414
6,001,272;1;3;1;80;08;;;;2;;;;2;;;.;2;2;;2;;1;11;;08;648.76865058
6,001,272;1;4;1;80;08;;;;2;;;;2;;;.;;;;2;;1;11;;08;648.76865058
6,001,273;1;1;1;80;08;;;;1;5;;2;;;8;;3;3;;2;;1;11;2;08;580.77268146
6,001,273;1;2;1;80;08;;;;2;;;;2;;;.;2;2;;2;;1;11;;08;580.77268146
6,001,275;1;2;1;80;08;;;;1;3;;2;;;9;;2;2;;2;;1;11;3;08;619.84929873
6,001,275;1;4;1;80;08;;;;2;;;;2;;;.;2;2;;2;;1;11;;08;619.84929873
6,001,277;1;1;1;80;08;;;;1;5;;2;;;10;;3;3;;2;;1;11;3;08;641.05973469
6,001,282;1;1;1;80;08;;;;1;3;;2;;;8;;2;2;;2;;1;11;4;08;541.14143865
6,001,282;1;2;1;80;08;;;;1;3;;2;;;9;;2;2;;2;;1;11;4;08;541.14143865
6,001,283;1;1;1;80;08;;;;1;5;;2;;;10;;3;3;;2;;1;11;4;08;554.74123059
6,001,283;1;2;1;80;08;;;;1;3;;2;;;8;;2;2;;2;;1;11;3;08;554.74123059
6,001,284;1;4;1;80;08;2;;900,000;2;;;;2;;;.;2;2;;2;;1;11;;08;655.54176143
6,001,286;1;2;1;80;08;;;;1;3;;2;;;11;;2;2;;2;;1;11;3;08;620.55981555
6,001,287;1;1;1;80;08;;;;1;3;;2;;;9;;2;2;;2;;1;11;3;08;653.34280755
6,001,288;1;2;1;80;08;2;;908,526;1;8;;2;;;9;;2;2;;2;;1;11;4;08;540.45249155
6,001,289;1;2;1;80;08;;;;1;4;;2;;;9;;2;2;;2;;1;11;4;08;557.69756049
6,001,289;1;3;1;80;08;;;;2;;;;2;;;.;2;2;;2;;1;11;;08;557.69756049
6,001,289;1;4;1;80;08;;;;2;;;;2;;;.;;;;2;;1;11;;08;557.69756049
6,001,289;1;5;1;80;08;;;;2;;;;2;;;.;;;;2;;1;11;;08;557.69756049
6,001,289;1;6;1;80;08;;;;1;4;;2;;;8;;2;2;;2;;1;11;3;08;557.69756049
6,001,290;1;2;1;80;08;;;;2;;;;2;;;.;2;2;;2;;1;11;;08;555.4301777
6,001,291;1;1;1;80;08;;;;1;4;;2;;;4;;1;1;2;2;;1;11;3;08;565.77342559
6,001,294;1;1;1;80;08;;;;1;5;;2;;;10;;3;3;;2;;1;11;2;08;836.39423414
6,001,294;1;2;1;80;08;;;;1;5;;2;;;10;;3;3;;2;;1;11;4;08;836.39423414
6,001,294;1;3;1;80;08;1;24;900,000;2;;;;2;;;.;2;2;;2;;1;11;;08;836.39423414
6,001,294;1;8;1;80;08;1;48;908,526;2;;;;2;;;.;2;2;;2;;1;11;;08;836.39423414
6,001,294;1;9;1;80;08;;;;1;4;;2;;;8;;2;2;;2;;1;11;4;08;836.39423414
6,001,295;1;3;1;80;08;;;;2;;;;2;;;.;2;2;;2;;1;11;;08;675.06852909
6,001,295;1;4;1;80;08;;;;2;;;;2;;;.;2;2;;2;;1;11;;08;675.06852909
6,001,298;1;2;1;80;08;;;;2;;;;2;;;.;2;2;;2;;1;11;;08;571.79862321
6,001,298;1;4;1;80;08;;;;2;;;;2;;;.;;;;2;;1;11;;08;571.79862321
6,001,298;1;6;1;80;08;;;;2;;;;2;;;.;;;;2;;1;11;;08;571.79862321
6,001,301;1;1;1;80;08;;;;1;3;;2;;;8;;2;2;;2;;1;11;4;08;690.06778496
6,001,302;1;4;1;80;08;;;;2;;;;2;;;.;2;2;;2;;1;11;;08;507.64792983
6,001,303;1;1;1;80;08;;;;1;3;;2;;;12;POR EL COVID;2;2;;2;;1;11;2;08;565.77342559
6,001,303;1;2;1;80;08;;;;1;3;;2;;;9;;2;2;;2;;1;11;2;08;565.77342559
6,001,303;1;3;1;80;08;;;;2;;;;2;;;.;2;2;;2;;1;11;;08;565.77342559
6,001,309;1;2;1;80;08;;;;1;3;;2;;;8;;2;2;;2;;1;11;4;08;540.45249155
6,001,310;1;1;1;80;08;1;24;450,000;1;3;;2;;;9;;2;2;;2;;1;11;4;08;656.49913618
6,001,310;1;3;1;80;08;;;;2;;;;2;;;.;2;2;;2;;1;11;;08;656.49913618
6,001,310;1;4;1;80;08;;;;2;;;;2;;;.;;;;2;;1;11;;08;656.49913618
6,001,311;1;2;1;80;08;;;;2;;;;2;;;.;2;2;;2;;1;11;;08;689.99264501
6,001,312;1;1;1;80;08;;;;1;3;;2;;;8;;2;2;;2;;1;11;4;08;581.46162857
6,001,317;1;1;1;80;08;;;;2;;;;2;;;.;2;2;;2;;1;11;;08;546.61179526
6,001,317;1;4;1;80;08;;;;1;4;;2;;;4;;2;2;;2;;1;11;2;08;546.61179526
6,001,319;1;2;1;80;08;;;;2;;;;2;;;.;2;2;;2;;1;11;;08;615.98565857
6,001,319;1;3;1;80;08;;;;2;;;;2;;;.;;;;2;;1;11;;08;615.98565857
6,001,319;1;4;1;80;08;;;;2;;;;2;;;.;;;;2;;1;11;;08;615.98565857
6,001,319;1;6;1;80;08;;;;2;;;;2;;;.;2;2;;2;;1;11;;08;615.98565857
6,001,320;1;3;1;80;08;;;;2;;;;2;;;.;2;2;;2;;1;11;;08;547.20403268
6,001,322;1;1;1;80;08;;;;1;5;;2;;;10;;3;3;;2;;1;11;4;08;648.7902203
6,001,323;1;1;1;80;08;;;;1;4;;2;;;4;;2;2;;2;;1;11;1.4;08;656.5207059
6,001,323;1;2;1;80;08;;;;1;3;;2;;;9;;2;2;;2;;1;11;2;08;656.5207059
6,001,324;1;2;1;80;08;;;;2;;;;2;;;.;2;2;;2;;1;11;;08;682.2621594
6,001,325;1;2;1;80;08;1;48;900,000;1;3;;2;;;9;;2;2;;2;;1;11;4;08;811.39710987
6,001,325;1;4;1;80;08;1;20;900,000;2;;;;2;;;.;2;2;;2;;1;11;;08;811.39710987
6,001,326;1;3;1;80;08;;;;2;;;;2;;;.;2;2;;2;;1;11;;08;573.31062351
6,001,334;1;1;1;80;08;2;;900,000;1;4;;2;;;4;;2;2;;2;;1;11;2;08;780.81506527
6,001,334;1;3;1;80;08;2;;600,000;1;4;;2;;;4;;2;2;;2;;1;11;2;08;780.81506527
6,001,335;1;2;1;80;08;;;;1;4;;2;;;4;;2;2;;2;;1;11;4;08;928.97732452
6,001,336;1;5;1;80;08;;;;1;3;;2;;;9;;2;2;;2;;1;11;4;08;627.11806899
6,001,337;1;2;1;80;08;;;;2;;;;2;;;.;;;;2;;1;11;;08;485.21169146
6,001,337;1;4;1;80;08;;;;2;;;;2;;;.;2;2;;2;;1;11;;08;485.21169146
6,001,338;1;2;1;80;08;2;;900,000;1;3;;2;;;9;;2;2;;2;;1;11;3;08;616.6929701
6,001,339;1;1;1;80;08;;;;1;4;;2;;;4;;1;1;3;2;;1;11;2;08;605.63569964
6,001,339;1;2;1;80;08;;;;2;;;;2;;;.;2;2;;2;;1;11;;08;605.63569964
6,001,339;1;3;1;80;08;;;;2;;;;2;;;.;2;2;;2;;1;11;;08;605.63569964
6,001,339;1;4;1;80;08;;;;2;;;;2;;;.;2;2;;2;;1;11;;08;605.63569964
6,001,339;1;6;1;80;08;;;;1;3;;2;;;8;;2;2;;2;;1;11;4;08;605.63569964
6,001,340;1;3;1;80;08;;;;2;;;;2;;;.;2;2;;2;;1;11;;08;656.5207059
6,001,340;1;4;1;80;08;;;;1;4;;2;;;4;;2;2;;2;;1;11;4;08;656.5207059
6,001,342;1;3;1;80;08;;;;2;;;;2;;;.;;;;2;;1;11;;08;559.00031474
6,001,343;1;1;1;80;08;;;;1;9;POR PANDEMIA;2;;;12;POR PANDEMIA;2;2;;2;;1;11;2;08;528.70977972
6,001,343;1;3;1;80;08;;;;2;;;;2;;;.;2;2;;2;;1;11;;08;528.70977972
6,001,343;1;4;1;80;08;;;;2;;;;2;;;.;2;2;;2;;1;11;;08;528.70977972
6,001,344;1;1;1;80;08;;;;1;5;;2;;;8;;3;3;;2;;1;11;4;08;578.64687402
6,001,344;1;2;1;80;08;;;;1;3;;2;;;8;;2;2;;2;;1;11;4;08;578.64687402
6,001,344;1;3;1;80;08;1;48;9,000,000;1;9;COVID 19;2;;;4;;2;2;;2;;1;11;2;08;578.64687402
6,001,344;1;6;1;80;08;2;;1,000,000;1;9;COVID 19;2;;;9;;2;2;;2;;1;11;2;08;578.64687402
6,001,345;1;5;1;80;08;;;;2;;;;2;;;.;2;2;;2;;1;11;;08;630.68820604
6,001,345;1;6;1;80;08;;;;2;;;;2;;;.;2;2;;2;;1;11;;08;630.68820604
6,001,346;1;2;1;80;08;2;;900,000;1;3;;2;;;9;;2;2;;2;;1;11;1.3;08;637.88183634
6,001,347;1;3;1;80;08;;;;2;;;;2;;;.;;;;2;;1;11;;08;609.23091215
6,001,351;1;3;1;80;08;;;;2;;;;2;;;.;2;2;;2;;1;11;;08;615.22157151
6,001,351;1;5;1;80;08;1;48;908,526;1;9;POR EL VIRUS PERDIO EL TRABAJO;2;;;4;;1;2;;2;;1;11;2;08;615.22157151
6,001,352;1;1;1;80;08;;;;1;5;;2;;;10;;3;3;;2;;1;11;4;08;580.77268146
6,001,352;1;2;1;80;08;;;;1;4;;2;;;8;;2;2;;2;;1;11;4;08;580.77268146
6,001,353;1;2;1;80;08;;;;1;3;;2;;;9;;2;2;;2;;1;11;4;08;570.91638841
6,001,353;1;3;1;80;08;;;;1;3;;2;;;9;;2;2;;2;;1;11;3;08;570.91638841
6,001,353;1;9;1;80;08;;;;2;;;;2;;;.;2;2;;2;;1;11;;08;570.91638841
6,001,354;1;2;1;80;08;;;;2;;;;2;;;.;2;2;;2;;1;11;;08;696.81932609
6,001,354;1;3;1;80;08;;;;2;;;;2;;;.;2;2;;2;;1;11;;08;696.81932609
6,001,356;1;3;1;80;08;;;;2;;;;2;;;.;2;2;;2;;1;11;;08;682.53058705
6,001,357;1;1;1;80;08;;;;1;5;;2;;;10;;3;3;;2;;1;11;4;08;613.55567347
6,001,358;1;1;1;80;08;;;;1;4;;2;;;8;;2;2;;2;;1;11;4;08;775.11561504
6,001,358;1;2;1;80;08;;;;2;;;;2;;;.;2;2;;2;;1;11;;08;775.11561504
6,001,358;1;4;1;80;08;;;;2;;;;2;;;.;2;2;;2;;1;11;;08;775.11561504
6,001,358;1;5;1;80;08;;;;1;7;;2;;;7;;2;2;;2;;1;11;3;08;775.11561504
6,001,358;1;7;1;80;08;;;;1;3;;2;;;9;;2;2;;2;;1;11;4;08;775.11561504
6,001,358;1;9;1;80;08;;;;1;9;EDAD;2;;;8;;2;2;;2;;1;11;4;08;775.11561504
6,001,358;1;11;1;80;08;;;;1;4;;2;;;8;;2;2;;2;;1;11;4;08;775.11561504
6,001,359;1;1;1;80;08;;;;1;9;POR EL VIRUS TUVO QUE DEJAR DE HACER LA ACTIVIDAD ECONOMICA QUE HACIA;2;;;12;POR EL VIRUS NO BUSCA TRABAJO;2;2;;2;;1;11;2;08;649.67245509
6,001,360;1;3;1;80;08;;;;2;;;;2;;;.;;;;2;;1;11;;08;656.23070853
6,001,361;1;1;1;80;08;;;;1;5;;2;;;10;;3;3;;2;;1;11;4;08;573.31062351
6,001,361;1;3;1;80;08;;;1,300,000;2;;;;2;;;.;2;2;;2;;1;11;;08;573.31062351
6,001,362;1;2;1;80;08;;;;1;6;;2;;;11;;2;2;;2;;1;11;3;08;689.99264501
6,001,363;1;3;1;80;08;;;;2;;;;2;;;.;2;2;;2;;1;11;;08;634.47991153
6,001,363;1;5;1;80;08;;;;1;3;;2;;;12;EMBARAZO;2;2;;2;;1;11;1.3;08;634.47991153
6,001,366;1;2;1;80;08;;;;1;4;;2;;;4;;2;2;;2;;1;11;4;08;756.83795167
6,001,367;1;2;1;80;08;;;;1;8;;2;;;9;;2;2;;2;;1;11;1.4;08;645.8807496
6,001,367;1;3;1;80;08;;;;2;;;;2;;;.;;;;2;;1;11;;08;645.8807496
6,001,368;1;1;1;80;08;;;;1;7;;2;;;8;;2;2;;2;;1;11;2;08;456.44092568
6,001,370;1;2;1;80;08;;;;1;3;;2;;;9;;2;2;;2;;1;11;4;08;532.91529364
6,001,371;1;1;1;80;08;;;;1;3;;2;;;9;;2;2;;2;;1;11;3;08;619.58087108
6,001,371;1;3;1;80;08;;;;2;;;;2;;;.;;;;2;;1;11;;08;619.58087108
6,001,372;1;2;1;80;08;;;;1;3;;2;;;1;;2;2;;2;;1;11;3;08;638.15026399
6,001,372;1;3;1;80;08;;;;2;;;;2;;;.;2;2;;2;;1;11;;08;638.15026399
6,001,374;1;1;1;80;08;2;;550,000;2;;;;2;;;.;2;2;;2;;1;11;;08;697.52984292
6,001,375;1;2;1;80;08;;;;1;3;;2;;;9;;2;2;;2;;1;11;2;08;447.92647715
6,001,375;1;6;1;80;08;;;;1;9;TRASLADO DE PAIS;2;;;2;;2;2;;2;;1;11;1.2;08;447.92647715
6,001,375;1;7;1;80;08;;;;2;;;;2;;;.;;;;2;;1;11;;08;447.92647715
6,001,377;1;4;1;80;08;;;;2;;;;2;;;.;2;2;;2;;1;11;;08;521.26929149
6,001,378;1;4;1;80;08;;;;2;;;;2;;;.;;;;2;;1;11;;08;524.30987845
6,001,378;1;6;1;80;08;;;;1;3;;2;;;9;;2;2;;2;;1;11;2;08;524.30987845
6,001,379;1;4;1;80;08;;;;2;;;;2;;;.;;;;2;;1;11;;08;622.73719971
6,001,379;1;6;1;80;08;;;;2;;;;2;;;.;2;2;;2;;1;11;;08;622.73719971
6,001,382;1;3;1;80;08;;;;2;;;;2;;;.;2;2;;2;;1;11;;08;619.84929873
6,001,382;1;4;1;80;08;;;;2;;;;2;;;.;;;;2;;1;11;;08;619.84929873
6,001,383;1;3;1;80;08;;;;2;;;;2;;;.;;;;2;;1;11;;08;605.56055968
6,001,389;1;2;1;80;08;;;;1;3;;2;;;9;;2;2;;2;;1;11;3;08;682.2621594
6,001,390;1;2;1;80;08;;;;1;3;;2;;;9;;2;2;;2;;1;11;2;08;645.8807496
6,001,390;1;3;1;80;08;;;;2;;;;2;;;.;;;;2;;1;11;;08;645.8807496
6,001,392;1;1;1;80;08;;;;1;5;;2;;;10;;3;3;;2;;1;11;4;08;687.19946018
6,001,392;1;2;1;80;08;;;;2;;;;2;;;.;2;2;;2;;1;11;;08;687.19946018
6,001,392;1;5;1;80;08;;;;2;;;;2;;;.;2;2;;2;;1;11;;08;687.19946018
6,001,395;1;4;1;80;08;;;;2;;;;2;;;.;2;2;;2;;1;11;;08;638.41869164
6,001,397;1;1;1;80;08;;;;1;4;;2;;;4;;2;2;;2;;1;11;4;08;581.46162857
6,001,398;1;1;1;80;08;;;;1;3;;2;;;9;;2;2;;2;;1;11;4;08;696.84089581
6,001,398;1;3;1;80;08;;;;1;3;;2;;;9;;2;2;;2;;1;11;2;08;696.84089581
6,001,399;1;1;1;80;08;;;;1;4;;2;;;4;;2;2;;2;;1;11;4;08;612.33367054
6,001,399;1;2;1;80;08;;;;1;4;;2;;;4;;2;2;;2;;1;11;3;08;612.33367054
6,001,399;1;3;1;80;08;;;;2;;;;2;;;.;2;2;;2;;1;11;;08;612.33367054
6,001,400;1;2;1;80;08;;;;2;;;;2;;;.;2;2;;2;;1;11;;08;888.36713723
6,001,400;1;3;1;80;08;;;;1;1;;1;;1;1;;2;2;;1;50,000;1;11;1.2;08;888.36713723
6,001,400;1;5;1;80;08;;;;1;2;;2;;;2;;2;2;;2;;1;11;1.4;08;888.36713723
6,001,403;1;1;1;80;08;;;;1;7;;2;;;1;;2;2;;2;;1;11;4;08;541.14143865
6,001,404;1;3;1;80;08;;;;2;;;;2;;;.;;;;2;;1;11;;08;645.8807496
6,001,407;1;1;1;80;08;;;;1;4;;2;;;4;;2;2;;2;;1;11;4;08;697.52984292
6,001,407;1;2;1;80;08;;;;1;2;;2;;;2;;2;2;;2;;1;11;3;08;697.52984292
6,001,409;1;2;1;80;08;;;;1;3;;2;;;9;;2;2;;2;;1;11;3;08;645.61232195
6,001,410;1;3;1;80;08;;;;2;;;;2;;;.;;;;2;;1;11;;08;546.51508558
6,001,411;1;4;1;80;08;;;;2;;;;2;;;.;2;2;;2;;1;11;;08;630.46768531
6,001,411;1;5;1;80;08;;;;2;;;;2;;;.;;;;2;;1;11;;08;630.46768531
6,001,412;1;2;1;80;08;;;;2;;;;2;;;.;;;;2;;1;11;;08;522.08204964
6,001,413;1;3;1;80;08;;;;2;;;;2;;;.;2;2;;2;;1;11;;08;637.92974327
6,001,413;1;4;1;80;08;;;;2;;;;2;;;.;;;;2;;1;11;;08;637.92974327
6,001,414;1;4;1;80;08;;;;2;;;;2;;;.;2;2;;2;;1;11;;08;649.4791674
6,001,417;1;2;1;80;08;;;;1;3;;2;;;9;;2;2;;2;;1;11;4;08;580.77268146
6,001,419;1;1;1;80;08;;;;1;9;EDAD;1;;1;1;;2;2;;2;;1;11;3;08;444.42307517
6,001,419;1;3;1;80;08;;;;2;;;;2;;;.;2;2;;2;;1;11;;08;444.42307517
6,001,419;1;4;1;80;08;;;;1;6;;1;;1;1;;2;2;;2;;1;11;1.3;08;444.42307517
6,001,422;1;1;1;80;08;;;;1;4;;2;;;4;;2;2;;2;;1;11;1.2;08;719.04125125
6,001,422;1;3;1;80;08;;;;2;;;;2;;;.;2;2;;2;;1;11;;08;719.04125125
6,001,422;1;5;1;80;08;;;;2;;;;2;;;.;2;2;;2;;1;11;;08;719.04125125
6,001,422;1;12;1;80;08;;;;2;;;;2;;;.;2;2;;2;;1;11;;08;719.04125125
6,001,423;1;1;1;80;08;;;;1;9;PANDEMIA;2;;;4;;2;2;;2;;1;11;2;08;637.27182867
6,001,423;1;9;1;80;08;;;;2;;;;2;;;.;2;2;;2;;1;11;;08;637.27182867
6,001,423;1;10;1;80;08;;;;2;;;;2;;;.;;;;2;;1;11;;08;637.27182867
6,001,424;1;1;1;80;08;;;;1;4;;2;;;10;;3;3;;2;;1;11;4;08;750.22782185
6,001,424;1;2;1;80;08;;;;1;3;;2;;;9;;2;2;;2;;1;11;4;08;750.22782185
6,001,424;1;5;1;80;08;;;;1;3;;2;;;9;;2;2;;2;;1;11;2;08;750.22782185
6,001,427;1;3;1;80;08;;;;2;;;;2;;;.;2;2;;2;;1;11;;08;627.31135669
6,001,428;1;6;1;80;08;;;;2;;;;2;;;.;2;2;;2;;1;11;;08;814.91857582
6,001,428;1;7;1;80;08;;;;2;;;;2;;;.;;;;2;;1;11;;08;814.91857582
6,001,428;1;8;1;80;08;;;;1;9;POR PANDEMIA;2;;;9;;2;2;;2;;1;11;2;08;814.91857582
6,001,428;1;10;1;80;08;;;;2;;;;2;;;.;;;;2;;1;11;;08;814.91857582
6,001,429;1;2;1;80;08;;;;2;;;;1;2;1;;2;2;;2;;1;11;;08;645.61232195
6,001,430;1;2;1;80;08;;;;1;3;;2;;;9;;2;2;;2;;1;11;3;08;674.5316738
6,001,431;1;4;1;80;08;;;;2;;;;2;;;.;2;2;;2;;1;11;;08;539.74197473
6,001,432;1;1;1;80;08;1;48;1,500,000;1;9;PANDEMIA;2;;;8;;2;2;;2;;1;11;2;08;663.96119414
6,001,432;1;3;1;80;08;;;;2;;;;2;;;.;2;2;;2;;1;11;;08;663.96119414
6,001,434;1;1;1;80;08;;;;1;3;;2;;;9;;2;2;;2;;1;11;4;08;812.90911017
6,001,435;1;2;1;80;08;;;;2;;;;2;;;.;2;2;;2;;1;11;;08;442.08194582
6,001,435;1;3;1;80;08;;;;2;;;;2;;;.;2;2;;2;;1;11;;08;442.08194582
6,001,435;1;4;1;80;08;;;;2;;;;2;;;.;2;2;;2;;1;11;;08;442.08194582
6,001,435;1;5;1;80;08;;;;2;;;;2;;;.;2;2;;2;;1;11;;08;442.08194582
6,001,435;1;6;1;80;08;;;;2;;;;1;4;4;;2;2;;2;;1;11;;08;442.08194582
6,001,436;1;1;1;80;08;2;;500,000;2;;;;2;;;.;2;2;;2;;1;11;;08;506.27003562
6,001,436;1;4;1;80;08;;;;1;3;;2;;;9;;2;2;;2;;1;11;4;08;506.27003562
6,001,436;1;6;1;80;08;;;;1;2;;2;;;2;;2;2;;2;;1;11;2;08;506.27003562
6,001,439;1;3;1;80;08;;;;2;;;;2;;;.;2;2;;2;;1;11;;08;615.56513912
6,001,439;1;4;1;80;08;;;;2;;;;2;;;.;2;2;;2;;1;11;;08;615.56513912
6,001,439;1;5;1;80;08;;;;2;;;;2;;;.;2;2;;2;;1;11;;08;615.56513912
6,001,439;1;6;1;80;08;;;;1;3;;2;;;8;;2;2;;2;;1;11;4;08;615.56513912
6,001,439;1;7;1;80;08;;;;1;4;;2;;;4;;2;2;;2;;1;11;4;08;615.56513912
6,001,442;1;1;1;80;08;;;;1;5;;2;;;10;;3;3;;2;;1;11;4;08;541.14143865
6,001,443;1;2;1;80;08;;;;2;;;;2;;;.;2;2;;2;;1;11;;08;653.34280755
6,001,444;1;2;1;80;08;;;;2;;;;2;;;.;2;2;;2;;1;11;;08;566.4623727
6,001,446;1;2;1;80;08;;;;1;3;;2;;;1;;2;2;;2;;1;11;4;08;663.96119414
6,001,446;1;3;1;80;08;;;;2;;;;2;;;.;2;2;;2;;1;11;;08;663.96119414
6,001,448;1;2;1;80;08;;;;2;;;;2;;;.;;;;2;;1;11;;08;551.26982914
6,001,448;1;3;1;80;08;;;;2;;;;2;;;.;;;;2;;1;11;;08;551.26982914
6,001,450;1;1;1;80;08;;;;1;4;;2;;;8;;2;2;;2;;1;11;3;08;732.61381016
6,001,450;1;5;1;80;08;;;;2;;;;2;;;.;2;2;;2;;1;11;;08;732.61381016
6,001,450;1;6;1;80;08;;;;2;;;;2;;;.;2;2;;2;;1;11;;08;732.61381016
6,001,450;1;7;1;80;08;;;;1;8;;2;;;9;;2;2;;2;;1;11;2;08;732.61381016
6,001,450;1;12;1;80;08;1;48;500,000;1;6;;2;;;12;ESTA EMBARAZADA;2;2;;2;;1;11;1.4;08;732.61381016
6,001,451;1;1;1;80;08;;;;1;6;;2;;;1;;2;2;;2;;1;11;4;08;556.20712991
6,001,451;1;2;1;80;08;;;;1;4;;2;;;1;;2;2;;2;;1;11;4;08;556.20712991
6,001,451;1;3;1;80;08;;;;1;3;;2;;;1;;2;2;;2;;1;11;3;08;556.20712991
6,001,451;1;4;1;80;08;;;;2;;;;2;;;.;2;2;;2;;1;11;;08;556.20712991
6,001,451;1;5;1;80;08;;;;2;;;;2;;;.;2;2;;2;;1;11;;08;556.20712991
6,001,451;1;8;1;80;08;;;;1;4;;2;;;4;;2;2;;2;;1;11;1.4;08;556.20712991
6,001,451;1;9;1;80;08;;;;2;;;;2;;;.;;;;2;;1;11;;08;556.20712991
6,001,452;1;1;1;80;08;;;;1;4;;2;;;4;;2;2;;2;;1;11;2;08;690.06778496
6,001,452;1;3;1;80;08;;;;2;;;;2;;;.;;;;2;;1;11;;08;690.06778496
6,001,453;1;1;1;80;08;;;;1;4;;2;;;4;;2;2;;2;;1;11;4;08;581.46162857
6,001,455;1;2;1;80;08;;;;1;3;;2;;;9;;2;2;;2;;1;11;4;08;645.61232195
6,001,456;1;1;1;80;08;;;;1;5;;2;;;10;;3;3;;2;;1;11;4;08;825.97584628
6,001,456;1;2;1;80;08;;;;2;;;;1;4;9;;2;2;;2;;1;11;;08;825.97584628
6,001,458;1;1;1;80;08;;;;1;5;;2;;;8;;3;3;;2;;1;11;4;08;580.77268146
6,001,458;1;2;1;80;08;;;;2;;;;2;;;.;2;2;;2;;1;11;;08;580.77268146
6,001,460;1;2;1;80;08;;;;1;3;;2;;;9;;2;2;;2;;1;11;4;08;511.33985201
6,001,460;1;4;1;80;08;;;;2;;;;2;;;.;2;2;;2;;1;11;;08;511.33985201
6,001,461;1;2;1;80;08;;;;1;5;;2;;;10;;3;3;;2;;1;11;3;08;616.20051599
6,001,462;1;2;1;80;08;;;;2;;;;2;;;.;2;2;;2;;1;11;;08;936.41781275
6,001,463;1;2;1;80;08;2;;906,000;1;9;POR PANDEMIA;2;;;9;;2;2;;2;;1;11;2;08;597.83007408
6,001,463;1;3;1;80;08;;;;2;;;;2;;;.;;;;2;;1;11;;08;597.83007408
6,001,464;1;3;1;80;08;;;;2;;;;2;;;.;2;2;;2;;1;11;;08;663.96119414
6,001,465;1;2;1;80;08;;;;1;5;;2;;;8;;3;3;;2;;1;11;4;08;580.77268146
6,001,467;1;1;1;80;08;;;;1;9;POR PANDEMIA;2;;;12;POR PANDEMIA;2;2;;2;;1;11;2;08;580.77268146
6,001,467;1;2;1;80;08;;;;1;5;;2;;;10;;3;3;;2;;1;11;2;08;580.77268146
6,001,468;1;2;1;80;08;;;;2;;;;2;;;.;2;2;;2;;1;11;;08;638.15026399
6,001,468;1;3;1;80;08;;;;2;;;;2;;;.;2;2;;2;;1;11;;08;638.15026399
6,001,469;1;2;1;80;08;;;;1;3;;2;;;9;;2;2;;2;;1;11;4;08;645.61232195
6,001,471;1;3;1;80;08;;;;2;;;;2;;;.;2;2;;2;;1;11;;08;681.84163995
6,001,471;1;4;1;80;08;2;;500,000;1;7;;2;;;8;;2;2;;2;;1;11;2;08;681.84163995
6,001,472;1;3;1;80;08;;;;2;;;;2;;;.;;;;2;;1;11;;08;517.55833732
6,001,472;1;5;1;80;08;;;;1;6;;2;;;1;;2;2;;2;;1;11;4;08;517.55833732
6,001,473;1;2;1;80;08;;;;1;4;;2;;;4;;2;2;;2;;1;11;3;08;656.49913618
6,001,473;1;4;1;80;08;;;;2;;;;2;;;.;;;;2;;1;11;;08;656.49913618
6,001,477;1;6;1;80;08;;;;1;3;;2;;;9;;2;2;;2;;1;11;4;08;568.64229458
6,001,478;1;2;1;80;08;;;;1;3;;2;;;9;;2;2;;2;;1;11;2;08;601.23199889
6,001,479;1;2;1;80;08;1;48;600,000;1;9;POR EL VIRUS PERDIO EL TRABAJO QUE TENIA;2;;;8;;2;2;;2;;1;11;2;08;554.74123059
6,001,481;1;2;1;80;08;;;;1;4;;2;;;4;;2;2;;2;;1;11;4;08;532.03305884
6,001,481;1;3;1;80;08;;;;1;4;;2;;;4;;2;2;;2;;1;11;3;08;532.03305884
6,001,481;1;4;1;80;08;;;;1;4;;2;;;4;;2;2;;2;;1;11;2;08;532.03305884
6,001,482;1;2;1;80;08;1;48;1,200,000;2;;;;2;;;.;2;2;;2;;1;11;;08;637.92974327
6,001,482;1;3;1;80;08;;;;2;;;;2;;;.;2;2;;2;;1;11;;08;637.92974327
6,001,482;1;4;1;80;08;;;;2;;;;2;;;.;2;2;;2;;1;11;;08;637.92974327
6,001,484;1;1;1;80;08;;;;1;4;;2;;;4;;2;2;;2;;1;11;4;08;739.70921857
6,001,484;1;2;1;80;08;;;;2;;;;2;;;.;2;2;;2;;1;11;;08;739.70921857
6,001,487;1;2;1;80;08;;;;1;3;;2;;;9;;2;2;;2;;1;11;4;08;696.84089581
6,001,488;1;2;1;80;08;;;;1;3;;2;;;9;;2;2;;2;;1;11;4;08;515.20669746
6,001,488;1;3;1;80;08;;;;2;;;;2;;;.;2;2;;2;;1;11;;08;515.20669746
6,001,488;1;4;1;80;08;2;;900,000;1;6;;2;;;8;;2;2;;2;;1;11;3;08;515.20669746
6,001,491;1;1;1;80;08;;;;1;3;;2;;;4;;2;2;;2;;1;11;4;08;581.46162857
6,001,492;1;3;1;80;08;;;;2;;;;2;;;.;2;2;;2;;1;11;;08;559.00031474
6,001,495;1;1;1;80;08;;;;1;5;;2;;;10;;3;3;;2;;1;11;4;08;586.30221967
6,001,495;1;2;1;80;08;;;;2;;;;2;;;.;2;2;;2;;1;11;;08;586.30221967
6,001,495;1;5;1;80;08;;;;2;;;;2;;;.;;;;2;;1;11;;08;586.30221967
6,001,496;1;1;1;80;08;;;;1;5;;2;;;10;;3;3;;2;;1;11;4;08;515.89564456
6,001,496;1;2;1;80;08;;;;1;7;;2;;;8;;2;2;;2;;1;11;4;08;515.89564456
6,001,499;1;2;1;80;08;;;;1;3;;2;;;9;;2;2;;2;;1;11;3;08;841.29540619
6,001,500;1;2;1;80;08;;;;1;3;;2;;;9;;2;2;;2;;1;11;3;08;573.31062351
6,001,500;1;3;1;80;08;;;;2;;;;2;;;.;2;2;;2;;1;11;;08;573.31062351
6,001,502;1;1;1;80;08;;;;1;5;;2;;;10;;3;3;;2;;1;11;4;08;697.52984292
6,001,504;1;1;1;80;08;;;;1;5;;2;;;10;;3;3;;2;;1;11;4;08;580.77268146
6,001,504;1;2;1;80;08;;;;1;5;;2;;;10;;3;3;;2;;1;11;3;08;580.77268146
6,001,506;1;4;1;80;08;;;;2;;;;2;;;.;2;2;;2;;1;11;;08;797.9098543
6,001,506;1;5;1;80;08;;;;2;;;;2;;;.;2;2;;2;;1;11;;08;797.9098543
6,001,509;1;4;1;80;08;;;;2;;;;2;;;.;2;2;;2;;1;11;;08;528.70977972
6,001,511;1;1;1;80;08;;;;1;6;;2;;;8;;2;2;;2;;1;11;3;08;813.59805727
6,001,512;1;1;1;80;08;;;;2;;;;2;;;.;2;2;;2;;1;11;;08;460.50105882
6,001,513;1;4;1;80;08;;;;1;4;;2;;;4;;2;2;;2;;1;11;4;08;532.30148649
6,001,514;1;1;1;80;08;;;;1;5;;2;;;10;;3;3;;2;;1;11;4;08;812.90911017
6,001,514;1;2;1;80;08;;;;2;;;;2;;;.;2;2;;2;;1;11;;08;812.90911017
6,001,515;1;2;1;80;08;;;;2;;;;2;;;.;2;2;;2;;1;11;;08;642.21039713
6,001,515;1;3;1;80;08;;;;2;;;;2;;;.;2;2;;2;;1;11;;08;642.21039713
6,001,517;1;6;1;80;08;;;;1;3;;2;;;9;;2;2;;2;;1;11;4;08;576.1794925
6,001,518;1;4;1;80;08;;;;2;;;;2;;;.;;;;2;;1;11;;08;780.02940849
6,001,521;1;3;1;80;08;;;;1;5;;2;;;10;;3;3;;2;;1;11;4;08;500.82124874
6,001,522;1;1;1;80;08;;;;1;5;;2;;;10;;3;3;;2;;1;11;4;08;696.84089581
6,001,522;1;2;1;80;08;;;;1;6;;2;;;1;;2;2;;2;;1;11;3;08;696.84089581
6,001,523;1;1;1;80;08;;;;1;5;;2;;;10;;3;3;;2;;1;11;2;08;539.54868703
6,001,523;1;2;1;80;08;;;;1;5;;2;;;10;;3;3;;2;;1;11;4;08;539.54868703
6,001,523;1;3;1;80;08;;;;2;;;;2;;;.;2;2;;2;;1;11;;08;539.54868703
6,001,524;1;2;1;80;08;;;;2;;;;2;;;.;2;2;;2;;1;11;;08;566.4623727
6,001,525;1;3;1;80;08;;;;2;;;;2;;;.;;;;2;;1;11;;08;634.47991153
6,001,530;1;4;1;80;08;;;;2;;;;2;;;.;2;2;;2;;1;11;;08;637.24079616
6,001,530;1;5;1;80;08;;;;2;;;;2;;;.;2;2;;2;;1;11;;08;637.24079616
6,001,531;1;4;1;80;08;1;24;500,000;2;;;;2;;;.;2;2;;2;;1;11;;08;552.80871084
6,001,531;1;5;1;80;08;;;;2;;;;2;;;.;2;2;;2;;1;11;;08;552.80871084
6,001,533;1;1;1;80;08;;;;1;7;;2;;;1;;2;2;;2;;1;11;2;08;613.55567347
6,001,534;1;1;1;80;08;;;;1;5;;2;;;10;;3;3;;2;;1;11;4;08;532.72200594
6,001,534;1;2;1;80;08;;;;1;5;;2;;;10;;3;3;;2;;1;11;1.2;08;532.72200594
6,001,539;1;3;1;80;08;;;;2;;;;2;;;.;2;2;;2;;1;11;;08;645.8807496
6,001,547;1;2;1;80;08;;;;2;;;;2;;;.;2;2;;2;;1;11;;08;477.74963351
6,001,548;1;2;1;80;08;;;;2;;;;2;;;.;2;2;;2;;1;11;;08;547.89297978
6,001,550;1;4;1;80;08;;;;2;;;;2;;;.;;;;2;;1;11;;08;459.69075869
6,001,551;1;1;1;80;08;;;;1;6;;2;;;8;;2;2;;2;;1;11;4;08;692.28510326
6,001,554;1;2;1;80;08;;;;1;9;CAMBIO RESIDENCIA;2;;;1;;2;2;;1;50,000;1;11;1.3;08;689.99264501
6,001,557;1;3;1;80;08;;;;2;;;;2;;;.;2;2;;2;;1;11;;08;656.49913618
6,001,557;1;4;1;80;08;;;;2;;;;2;;;.;;;;2;;1;11;;08;656.49913618
6,001,558;1;2;1;80;08;1;20;600,000;1;3;;2;;;9;;2;2;;2;;1;11;3;08;612.14038284
6,001,559;1;2;1;80;08;;;;1;3;;2;;;1;;2;2;;2;;1;11;4;08;616.20051599
6,001,560;1;2;1;80;08;;;;2;;;;2;;;.;2;2;;2;;1;11;;08;593.81784786
6,001,560;1;5;1;80;08;;;;2;;;;2;;;.;2;2;;2;;1;11;;08;593.81784786
6,001,561;1;5;1;80;08;;;;2;;;;2;;;.;2;2;;2;;1;11;;08;549.01700535
6,001,561;1;7;1;80;08;;;;1;3;;2;;;9;;2;2;;2;;1;11;3;08;549.01700535
6,001,562;1;1;1;80;08;;;900,000;1;9;COVID19;1;;1;9;;2;2;;2;;1;11;2;08;605.56055968
6,001,563;1;1;1;80;08;;;;1;7;;2;;;9;;2;2;;2;;1;11;2;08;656.49913618
6,001,563;1;3;1;80;08;;;;2;;;;2;;;.;2;2;;2;;1;11;;08;656.49913618
6,001,563;1;4;1;80;08;;;;2;;;;2;;;.;2;2;;2;;1;11;;08;656.49913618
6,001,564;1;1;1;80;08;;;;1;5;;2;;;10;;3;3;;2;;1;11;4;08;656.5207059
6,001,564;1;2;1;80;08;;;;1;3;;2;;;9;;1;2;;2;;1;11;4;08;656.5207059
6,001,564;1;4;1;80;08;;;;1;4;;2;;;4;;2;2;;2;;1;11;4;08;656.5207059
6,001,565;1;1;1;80;08;;;;2;;;;2;;;.;2;2;;2;;1;11;;08;645.61232195
6,001,567;1;2;1;80;08;;;;2;;;;2;;;.;2;2;;2;;1;11;;08;511.24314233
6,001,569;1;2;1;80;08;2;;900,000;1;3;;2;;;9;;2;2;;2;;1;11;4;08;648.50022293
6,001,570;1;3;1;80;08;;;;2;;;;2;;;.;;;;2;;1;11;;08;638.15026399
6,001,571;1;1;1;80;08;;;;1;5;;2;;;10;;3;3;;2;;1;11;4;08;611.99500207
6,001,571;1;2;1;80;08;2;;900,000;1;3;;2;;;9;;2;2;;2;;1;11;4;08;611.99500207
6,001,571;1;5;1;80;08;;;;2;;;;2;;;.;2;2;;2;;1;11;;08;611.99500207
6,001,571;1;6;1;80;08;;;;2;;;;2;;;.;;;;2;;1;11;;08;611.99500207
6,001,573;1;1;1;80;08;1;48;400,000;1;6;;1;;1;9;;2;2;;2;;1;11;1.3;08;682.2621594
6,001,575;1;3;1;80;08;;;;1;6;;1;;1;1;;2;2;;1;250,000;1;11;1.1;08;656.23070853
6,001,576;1;1;1;80;08;;;;1;3;;2;;;9;;2;2;;2;;1;11;1.3;08;572.75219849
6,001,577;1;2;1;80;08;;;;1;4;;2;;;4;;2;2;;2;;1;11;4;08;540.45249155
6,001,578;1;3;1;80;08;;;;1;3;;2;;;9;;2;2;;2;;1;11;4;08;500.82124874
6,001,579;1;2;1;80;08;1;48;908,526;1;9;POR EL VIRUS PERDIO EL TRABAJO QUE TENIA;2;;;9;;2;2;;2;;1;11;2;08;645.61232195
6,001,581;1;2;1;80;08;2;;900,000;1;3;;2;;;9;;2;2;;2;;1;11;4;08;682.53058705
6,001,582;1;2;1;80;08;;;;1;3;;2;;;9;;2;2;;2;;1;11;2;08;568.64229458
6,001,583;1;1;1;80;08;2;;900,000;1;4;;2;;;4;;2;2;;2;;1;11;2;08;470.92295242
6,001,584;1;1;1;80;08;;;;1;4;;2;;;4;;2;2;;2;;1;11;4;08;408.04837641
6,001,584;1;2;1;80;08;;;;2;;;;2;;;.;2;2;;2;;1;11;;08;408.04837641
6,001,584;1;3;1;80;08;;;;2;;;;2;;;.;2;2;;2;;1;11;;08;408.04837641
6,001,584;1;4;1;80;08;;;;1;3;;2;;;9;;2;2;;2;;1;11;3;08;408.04837641
6,001,585;1;2;1;80;08;;;;2;;;;2;;;.;2;2;;2;;1;11;;08;722.85077696
6,001,586;1;2;1;80;08;;;;1;4;;2;;;4;;2;2;;2;;1;11;3;08;656.49913618
6,001,586;1;3;1;80;08;;;;2;;;;2;;;.;2;2;;2;;1;11;;08;656.49913618
6,001,586;1;4;1;80;08;;;;2;;;;2;;;.;;;;2;;1;11;;08;656.49913618
6,001,589;1;1;1;80;08;;;;1;4;;2;;;4;;2;2;;2;;1;11;4;08;660.19105836
6,001,592;1;2;1;80;08;;;;2;;;;2;;;.;;;;2;;1;11;;08;663.0094827
6,001,594;1;1;1;80;08;;;;1;4;;2;;;8;;2;2;;2;;1;11;4;08;555.4301777
6,001,594;1;2;1;80;08;;;;2;;;;2;;;.;2;2;;2;;1;11;;08;555.4301777
6,001,595;1;2;1;80;08;1;24;450,000;1;6;;2;;;9;;2;2;;2;;1;11;1.4;08;558.04293999
6,001,596;1;3;1;80;08;;;;2;;;;2;;;.;2;2;;2;;1;11;;08;738.80541406
6,001,596;1;4;1;80;08;;;;1;9;POR LA PANDEMIA;2;;;2;;2;2;;2;;1;11;2;08;738.80541406
6,001,597;1;1;1;80;08;1;24;500,000;1;9;POR EL VIRUS PERDIO EL TRABAJO QUE TENIA;2;;;9;;2;2;;2;;1;11;2;08;511.24314233
6,001,598;1;1;1;80;08;;;;1;8;;2;;;9;;2;2;;2;;1;11;4;08;587.06630673
6,001,598;1;3;1;80;08;1;48;908,526;2;;;;2;;;.;2;2;;2;;1;11;;08;587.06630673
6,001,598;1;6;1;80;08;2;;908,526;1;8;;2;;;2;;2;2;;2;;1;11;3;08;587.06630673
6,001,600;1;2;1;80;08;;;;1;3;;2;;;9;;2;2;;2;;1;11;1.1;08;696.55089845
6,001,601;1;3;1;80;08;;;;2;;;;2;;;.;2;2;;2;;1;11;;08;525.45323568
6,001,602;1;4;1;80;08;;;;2;;;;2;;;.;2;2;;2;;1;11;;08;689.37883786
6,001,603;1;3;1;80;08;;;;2;;;;2;;;.;;;;2;;1;11;;08;619.84929873
6,001,603;1;4;1;80;08;;;;2;;;;2;;;.;;;;2;;1;11;;08;619.84929873
6,001,604;1;1;1;80;08;;;;1;4;;2;;;4;;2;2;;2;;1;11;4;08;655.81018908
6,001,604;1;4;1;80;08;;;;2;;;;2;;;.;2;2;;2;;1;11;;08;655.81018908
6,001,604;1;5;1;80;08;;;;2;;;;2;;;.;;;;2;;1;11;;08;655.81018908
6,001,605;1;2;1;80;08;;;;2;;;;2;;;.;2;2;;2;;1;11;;08;507.64792983
6,001,605;1;3;1;80;08;;;;2;;;;2;;;.;2;2;;2;;1;11;;08;507.64792983
6,001,605;1;4;1;80;08;;;;1;5;;2;;;8;;2;2;;2;;1;11;4;08;507.64792983
6,001,606;1;2;1;80;08;;;;1;5;;2;;;10;;3;3;;2;;1;11;4;08;580.77268146
6,001,607;1;2;1;80;08;;;;2;;;;2;;;.;2;2;;2;;1;11;;08;573.99957061
6,001,608;1;2;1;80;08;2;;900,000;1;9;COVID 19;2;;;8;;2;2;;2;;1;11;1.4;08;648.7902203
6,001,609;1;2;1;80;08;;;;1;3;;2;;;9;;2;2;;2;;1;11;4;08;682.2621594
6,001,610;1;1;1;80;08;;;;2;;;;2;;;.;2;2;;2;;1;11;;08;539.96920649
6,001,611;1;1;1;80;08;;;;1;7;;2;;;8;;2;2;;2;;1;11;3;08;619.65601104
6,001,611;1;3;1;80;08;;;;2;;;;2;;;.;2;2;;2;;1;11;;08;619.65601104
6,001,611;1;6;1;80;08;;;;2;;;;2;;;.;2;2;;2;;1;11;;08;619.65601104
6,001,612;1;1;1;80;08;;;;1;3;;2;;;8;;2;2;;2;;1;11;4;08;580.77268146
6,001,613;1;7;1;80;08;;;;2;;;;2;;;.;;;;2;;1;11;;08;448.36185529
6,001,614;1;2;1;80;08;;;;1;7;;2;;;11;;2;2;;2;;1;11;1.4;08;540.43092183
6,001,614;1;3;1;80;08;;;;2;;;;2;;;.;2;2;;2;;1;11;;08;540.43092183
6,001,616;1;2;1;80;08;;;;2;;;;2;;;.;2;2;;2;;1;11;;08;703.13452108
6,001,616;1;6;1;80;08;;;;1;9;PANDEMIA;2;;;9;;2;2;;2;;1;11;3;08;703.13452108
6,001,616;1;7;1;80;08;2;;200,000;1;4;;2;;;9;;2;2;;2;;1;11;3;08;703.13452108
6,001,617;1;2;1;80;08;;;;1;9;SE TRASLADO DE PAIS;2;;;9;;2;2;;2;;1;11;4;08;582.93103363
6,001,619;1;2;1;80;08;;;;1;3;;2;;;9;;2;2;;2;;1;11;4;08;573.23548355
6,001,620;1;3;1;80;08;;;;2;;;;2;;;.;2;2;;2;;1;11;;08;630.68820604
6,001,620;1;4;1;80;08;;;;2;;;;2;;;.;2;2;;2;;1;11;;08;630.68820604
6,001,630;1;1;1;80;08;;;;1;9;POR LA EDAD;2;;;8;;2;2;;2;;1;11;4;08;580.77268146
6,001,630;1;2;1;80;08;;;;1;3;;2;;;9;;2;2;;2;;1;11;4;08;580.77268146
6,001,631;1;2;1;80;08;;;;1;3;;2;;;8;;2;2;;2;;1;11;3;08;554.74123059
6,001,631;1;3;1;80;08;;;;2;;;;2;;;.;2;2;;2;;1;11;;08;554.74123059
6,001,632;1;3;1;80;08;;;;2;;;;2;;;.;;;;2;;1;11;;08;634.47991153
6,001,634;1;1;1;80;08;;;;1;5;;2;;;10;;3;3;;2;;1;11;4;08;565.15961845
6,001,634;1;2;1;80;08;;;;2;;;;2;;;.;2;2;;2;;1;11;;08;565.15961845
6,001,634;1;3;1;80;08;;;;1;5;;2;;;10;;3;3;;2;;1;11;3;08;565.15961845
6,001,634;1;4;1;80;08;;;;1;7;;2;;;8;;2;2;;2;;1;11;4;08;565.15961845
6,001,634;1;5;1;80;08;;;;2;;;;2;;;.;2;2;;2;;1;11;;08;565.15961845
6,001,638;1;1;1;80;08;;;;1;4;;2;;;4;;2;2;;2;;1;11;4;08;483.37588139
6,001,638;1;5;1;80;08;;;;1;2;;2;;;2;;2;2;;2;;1;11;1.4;08;483.37588139
6,001,638;1;9;1;80;08;;;;2;;;;2;;;.;2;2;;2;;1;11;;08;483.37588139
6,001,639;1;1;1;80;08;;;;2;;;;2;;;.;2;2;;2;;1;11;;08;508.35844665
6,001,640;1;1;1;80;08;;;;1;9;PANDEMIA;2;;;8;;2;2;;2;;1;11;3;08;565.77342559
6,001,641;1;1;1;80;08;;;;1;3;;2;;;8;;2;2;;2;;1;11;4;08;423.2158445
6,001,641;1;3;1;80;08;;;;2;;;;2;;;.;2;2;;2;;1;11;;08;423.2158445
6,001,641;1;4;1;80;08;;;;2;;;;2;;;.;;;;2;;1;11;;08;423.2158445
6,001,641;1;6;1;80;08;;;;2;;;;2;;;.;;;;2;;1;11;;08;423.2158445
6,001,643;1;2;1;80;08;;;;1;3;;2;;;9;;2;2;;2;;1;11;4;08;517.72275007
6,001,643;1;5;1;80;08;;;;2;;;;2;;;.;2;2;;2;;1;11;;08;517.72275007
6,001,647;1;1;1;80;08;;;;1;5;;2;;;10;;3;3;;2;;1;11;4;08;689.3036979
6,001,649;1;1;1;80;08;;;;1;4;;2;;;4;;2;2;;2;;1;11;4;08;581.46162857
6,001,651;1;3;1;80;08;;;;2;;;;2;;;.;2;2;;2;;1;11;;08;499.91744422
6,001,651;1;4;1;80;08;;;;2;;;;2;;;.;2;2;;2;;1;11;;08;499.91744422
6,001,651;1;5;1;80;08;;;;1;3;;2;;;9;;2;2;;2;;1;11;4;08;499.91744422
6,001,653;1;1;1;80;08;;;;1;5;;2;;;10;;3;3;;2;;1;11;4;08;541.14143865
6,001,653;1;2;1;80;08;;;;2;;;;2;;;.;2;2;;2;;1;11;;08;541.14143865
6,001,654;1;4;1;80;08;;;;2;;;;2;;;.;2;2;;2;;1;11;;08;623.71614418
6,001,654;1;5;1;80;08;;;;1;3;;2;;;9;;1;2;;2;;1;11;4;08;623.71614418
6,001,655;1;1;1;80;08;;;;2;;;;2;;;.;2;2;;2;;1;11;;08;601.77205948
6,001,655;1;2;1;80;08;;;;1;4;;2;;;10;;3;3;;2;;1;11;4;08;601.77205948
6,001,655;1;4;1;80;08;;;;2;;;;2;;;.;2;2;;2;;1;11;;08;601.77205948
6,001,655;1;7;1;80;08;;;;2;;;;2;;;.;;;;2;;1;11;;08;601.77205948
6,001,656;1;3;1;80;08;;;;2;;;;2;;;.;;;;2;;1;11;;08;532.70043622
6,001,658;1;2;1;80;08;;;;1;5;;2;;;10;;3;3;;2;;1;11;4;08;696.84089581
6,001,659;1;2;1;80;08;;;;2;;;;2;;;.;2;2;;2;;1;11;;08;547.98968946
6,001,659;1;3;1;80;08;2;;900,000;1;7;;2;;;8;;2;2;;2;;1;11;2;08;547.98968946
6,001,660;1;1;1;80;08;2;;908,526;1;9;POR EL VIRUS TUVO QUE DEJAR DE HACER LA ACTIVIDAD ECONOMICA QUE TENIA;2;;;4;;2;2;;2;;1;11;2;08;467.15281665
6,001,660;1;2;1;80;08;;;;2;;;;2;;;.;2;2;;2;;1;11;;08;467.15281665
6,001,660;1;3;1;80;08;2;;900,000;1;9;POR EL VIRUS TUVO QUE DEJAR DE HACER LA ACTIVIDAD ECONOMICA QUE REALIZABA;2;;;2;;2;2;;2;;1;11;2;08;467.15281665
6,001,661;1;1;1;80;08;;;;2;;;;2;;;.;2;2;;2;;1;11;;08;533.60424074
6,001,662;1;1;1;80;08;;;;1;4;;2;;;8;;2;2;;2;;1;11;4;08;615.51156888
6,001,662;1;2;1;80;08;;;;2;;;;2;;;.;2;2;;2;;1;11;;08;615.51156888
6,001,662;1;5;1;80;08;;;;1;5;;2;;;10;;3;3;;2;;1;11;4;08;615.51156888
6,002,136;1;1;1;80;17;;;;1;5;;2;;;10;;3;3;;2;;1;11;4;17;147.29265856
6,002,136;1;2;1;80;17;;;;2;;;;2;;;.;2;2;;2;;1;11;;17;147.29265856
6,002,136;1;4;1;80;17;;;;2;;;;2;;;.;2;2;;2;;1;11;;17;147.29265856
6,002,136;1;5;1;80;17;;;;2;;;;2;;;.;;;;2;;1;11;;17;147.29265856
6,002,137;1;2;1;80;17;;;;2;;;;2;;;.;;;;2;;1;11;;17;168.07824167
6,002,139;1;3;1;80;17;;;;2;;;;2;;;.;2;2;;2;;1;11;;17;192.93129252
6,002,141;1;1;1;80;17;;;;1;5;;2;;;10;;3;3;;2;;1;11;4;17;172.07591296
6,002,143;1;2;1;80;17;;;;1;8;;2;;;9;;1;2;;2;;1;11;2;17;109.93508702
6,002,143;1;4;1;80;17;;;;2;;;;2;;;.;2;2;;2;;1;11;;17;109.93508702
6,002,148;1;1;1;80;17;;;;1;5;;2;;;10;;3;3;;2;;1;11;4;17;103.84433747
6,002,148;1;2;1;80;17;;;;1;3;;2;;;11;;2;2;;2;;1;11;4;17;103.84433747
6,002,150;1;1;1;80;17;;;;1;5;;2;;;10;;3;3;;2;;1;11;4;17;153.93004226
6,002,150;1;2;1;80;17;;;;2;;;;2;;;.;2;2;;2;;1;11;;17;153.93004226
6,002,150;1;3;1;80;17;;;;1;3;;2;;;9;;1;2;;2;;1;11;4;17;153.93004226
6,002,151;1;2;1;80;17;;;;1;8;;2;;;11;;2;2;;2;;1;11;2;17;189.54280423
6,002,154;1;1;1;80;17;;;;1;5;;2;;;10;;3;3;;2;;1;11;4;17;197.45661954
6,002,154;1;2;1;80;17;;;;2;;;;2;;;.;2;2;;2;;1;11;;17;197.45661954
6,002,155;1;1;1;80;17;;;;1;3;;2;;;8;;1;2;;2;;1;11;4;17;195.02656504
6,002,157;1;1;1;80;17;;;;2;;;;2;;;.;2;2;;2;;1;11;;17;141.9555417
6,002,157;1;2;1;80;17;;;;2;;;;2;;;.;2;2;;2;;1;11;;17;141.9555417
6,002,163;1;2;1;80;17;;;;1;4;;2;;;4;;2;2;;2;;1;11;4;17;157.93634345
6,002,167;1;2;1;80;17;;;;1;4;;2;;;4;;2;2;;2;;1;11;4;17;213.17243575
6,002,168;1;1;1;80;17;;;;1;5;;2;;;10;;3;3;;2;;1;11;4;17;177.56830368
6,002,168;1;3;1;80;17;;;;1;2;;2;;;2;;2;2;;2;;1;11;3;17;177.56830368
6,002,171;1;1;1;80;17;;;;2;;;;2;;;.;2;2;;2;;1;11;;17;175.40323472
6,002,172;1;4;1;80;17;;;;2;;;;2;;;.;2;2;;2;;1;11;;17;199.6216885
6,002,172;1;5;1;80;17;;;;2;;;;2;;;.;2;2;;2;;1;11;;17;199.6216885
6,002,177;1;5;1;80;17;;;;2;;;;2;;;.;2;2;;2;;1;11;;17;222.00543722
6,002,178;1;1;1;80;17;;;;1;5;;2;;;10;;3;3;;2;;1;11;4;17;168.75722112
6,002,178;1;2;1;80;17;;;;1;5;;2;;;10;;3;3;;2;;1;11;4;17;168.75722112
6,002,179;1;1;1;80;17;;;;1;3;;2;;;9;;2;2;;2;;1;11;4;17;213.17243575
6,002,180;1;2;1;80;17;;;;1;3;;2;;;9;;2;2;;2;;1;11;3;17;208.2774972
6,002,180;1;3;1;80;17;;;;2;;;;2;;;.;2;2;;2;;1;11;;17;208.2774972
6,002,180;1;4;1;80;17;;;;2;;;;2;;;.;;;;2;;1;11;;17;208.2774972
6,002,182;1;1;1;80;17;;;;1;8;;2;;;9;;2;2;;2;;1;11;4;17;320.66049086
6,002,182;1;8;1;80;17;;;;2;;;;2;;;.;2;2;;2;;1;11;;17;320.66049086
6,002,182;1;9;1;80;17;;;;1;4;;2;;;4;;2;2;;2;;1;11;3;17;320.66049086
6,002,184;1;1;1;80;17;;;;1;3;;2;;;9;;2;2;;2;;1;11;2;17;248.78508792
6,002,186;1;2;1;80;17;;;;2;;;;2;;;.;2;2;;2;;1;11;;17;293.7037572
6,002,187;1;2;1;80;17;;;;2;;;;2;;;.;2;2;;2;;1;11;;17;183.31705002
6,002,188;1;2;1;80;17;;;;2;;;;2;;;.;2;2;;2;;1;11;;17;179.98972827
6,002,188;1;4;1;80;17;;;;2;;;;2;;;.;2;2;;2;;1;11;;17;179.98972827
6,002,189;1;1;1;80;17;;;;1;3;;2;;;9;;2;2;;2;;1;11;1.3;17;227.31200526
6,002,190;1;2;1;80;17;;;;2;;;;2;;;.;;;;2;;1;11;;17;186.22411238
6,002,191;1;3;1;80;17;;;;1;4;;2;;;4;;2;2;;2;;1;11;2;17;148.44628145
6,002,193;1;4;1;80;17;;;;2;;;;2;;;.;2;2;;2;;1;11;;17;250.47314902
6,002,194;1;1;1;80;17;;;;2;;;;2;;;.;2;2;;2;;1;11;;17;203.68237374
6,002,194;1;3;1;80;17;;;;2;;;;2;;;.;2;2;;2;;1;11;;17;203.68237374
6,002,195;1;2;1;80;17;;;;2;;;;2;;;.;2;2;;2;;1;11;;17;189.54280423
6,002,196;1;1;1;80;17;;;;2;;;;2;;;.;2;2;;2;;1;11;;17;134.46198579
6,002,198;1;1;1;80;17;;;;2;;;;2;;;.;2;2;;2;;1;11;;17;183.31705002
6,002,198;1;2;1;80;17;;;;2;;;;2;;;.;2;2;;2;;1;11;;17;183.31705002
6,002,199;1;1;1;80;17;;;;2;;;;2;;;.;2;2;;2;;1;11;;17;166.59215216
6,002,202;1;1;1;80;17;;;;2;;;;2;;;.;2;2;;2;;1;11;;17;177.56830368
6,002,202;1;2;1;80;17;;;;1;3;;2;;;8;;2;2;;2;;1;11;4;17;177.56830368
6,002,202;1;3;1;80;17;;;;2;;;;2;;;.;2;2;;2;;1;11;;17;177.56830368
6,002,203;1;3;1;80;17;;;;2;;;;2;;;.;;;;2;;1;11;;17;237.24424557
6,002,204;1;2;1;80;17;;;;2;;;;2;;;.;;;;2;;1;11;;17;250.59743931
6,002,206;1;2;1;80;17;;;;2;;;;2;;;.;2;2;;2;;1;11;;17;157.93634345
6,002,207;1;2;1;80;17;;;;1;1;;2;;;8;;2;2;;2;;1;11;4;17;159.26715911
6,002,207;1;3;1;80;17;;;;2;;;;2;;;.;2;2;;2;;1;11;;17;159.26715911
6,002,207;1;4;1;80;17;;;;2;;;;2;;;.;2;2;;2;;1;11;;17;159.26715911
6,002,209;1;1;1;80;17;;;;1;3;;2;;;9;;2;2;;2;;1;11;3;17;248.78508792
6,002,211;1;2;1;80;17;;;;2;;;;2;;;.;2;2;;2;;1;11;;17;134.30671193
6,002,212;1;2;1;80;17;;;;2;;;;2;;;.;2;2;;2;;1;11;;17;248.78508792
6,002,213;1;2;1;80;17;;;;2;;;;2;;;.;2;2;;2;;1;11;;17;157.93634345
6,002,214;1;1;1;80;17;;;;2;;;;2;;;.;2;2;;2;;1;11;;17;199.03286623
6,002,216;1;2;1;80;17;;;;2;;;;2;;;.;;;;2;;1;11;;17;258.51125462
6,002,216;1;4;1;80;17;;;;2;;;;2;;;.;2;2;;2;;1;11;;17;258.51125462
6,002,217;1;3;1;80;17;;;;2;;;;2;;;.;2;2;;2;;1;11;;17;177.56830368
6,002,220;1;1;1;80;17;;;;1;5;;2;;;10;;3;3;;2;;1;11;4;17;172.07591296
6,002,220;1;2;1;80;17;;;;1;5;;2;;;10;;3;3;;2;;1;11;4;17;172.07591296
6,002,221;1;1;1;80;17;;;;2;;;;2;;;.;2;2;;2;;1;11;;17;282.88287953
6,002,223;1;1;1;80;17;2;;908,526;2;;;;2;;;.;2;2;;2;;1;11;;17;256.82319352
6,002,224;1;1;1;80;17;;;;1;4;;2;;;4;;2;2;;2;;1;11;1.4;17;189.54280423
6,002,226;1;1;1;80;17;;;;1;5;;2;;;10;;3;3;;2;;1;11;4;17;103.84433747
6,002,226;1;2;1;80;17;;;;1;5;;2;;;10;;3;3;;2;;1;11;4;17;103.84433747
6,002,226;1;3;1;80;17;;;;1;4;;2;;;4;;2;2;;2;;1;11;4;17;103.84433747
6,002,226;1;4;1;80;17;;;;1;3;;2;;;9;;2;2;;2;;1;11;4;17;103.84433747
6,002,226;1;6;1;80;17;;;;1;4;;2;;;4;;2;2;;2;;1;11;2;17;103.84433747
6,002,226;1;7;1;80;17;;;;1;1;;2;;;9;;2;2;;2;;1;11;4;17;103.84433747
6,002,227;1;1;1;80;17;;;;1;5;;2;;;10;;3;3;;2;;1;11;4;17;157.93634345
6,002,227;1;2;1;80;17;;;;1;3;;2;;;9;;2;2;;2;;1;11;4;17;157.93634345
6,002,231;1;1;1;80;17;;;;1;5;;2;;;10;;3;3;;2;;1;11;1.2;17;166.59215216
6,002,232;1;1;1;80;17;;;;1;4;;2;;;4;;2;2;;2;;1;11;4;17;190.37705753
6,002,233;1;3;1;80;17;;;;2;;;;2;;;.;2;2;;2;;1;11;;17;326.88635487
6,002,236;1;1;1;80;17;;;;1;1;;2;;;11;;2;2;;2;;1;11;4;17;227.31200526
6,002,238;1;1;1;80;17;;;;1;5;;2;;;10;;3;3;;2;;1;11;4;17;248.78508792
6,002,238;1;2;1;80;17;;;;2;;;;2;;;.;2;2;;2;;1;11;;17;248.78508792
6,002,242;1;1;1;80;17;;;;1;5;;2;;;10;;3;3;;2;;1;11;4;17;221.82813465
6,002,242;1;2;1;80;17;;;;1;1;;2;;;3;;2;2;;2;;1;11;2;17;221.82813465
6,002,244;1;2;1;80;17;;;;2;;;;2;;;.;;;;2;;1;11;;17;309.839723
6,002,245;1;5;1;80;17;;;;2;;;;2;;;.;;;;2;;1;11;;17;229.13276695
6,002,246;1;1;1;80;17;;;;1;5;;2;;;10;;3;3;;2;;1;11;4;17;126.98171889
6,002,246;1;2;1;80;17;;;;2;;;;2;;;.;2;2;;2;;1;11;;17;126.98171889
6,002,246;1;5;1;80;17;;;;2;;;;2;;;.;2;2;;2;;1;11;;17;126.98171889
6,002,247;1;3;1;80;17;;;;2;;;;2;;;.;2;2;;2;;1;11;;17;242.55933371
6,002,249;1;1;1;80;17;;;;1;3;;2;;;9;;2;2;;2;;1;11;4;17;186.21548248
6,002,249;1;2;1;80;17;;;;1;1;;2;;;8;;2;2;;2;;1;11;4;17;186.21548248
6,002,251;1;3;1;80;17;;;;2;;;;2;;;.;;;;2;;1;11;;17;236.19288426
6,002,252;1;3;1;80;17;;;;2;;;;2;;;.;2;2;;2;;1;11;;17;191.23086533
6,002,253;1;1;1;80;17;;;;1;5;;2;;;10;;3;3;;2;;1;11;4;17;133.56471853
6,002,253;1;2;1;80;17;;;;2;;;;2;;;.;2;2;;2;;1;11;;17;133.56471853
6,002,253;1;3;1;80;17;;;;1;2;;2;;;2;;2;2;;2;;1;11;2;17;133.56471853
6,002,253;1;4;1;80;17;;;;2;;;;2;;;.;2;2;;2;;1;11;;17;133.56471853
6,002,254;1;2;1;80;17;;;;1;3;;2;;;9;;2;2;;2;;1;11;4;17;153.0414049
6,002,254;1;4;1;80;17;;;;2;;;;2;;;.;;;;2;;1;11;;17;153.0414049
6,002,255;1;1;1;80;17;;;;1;5;;2;;;10;;3;3;;2;;1;11;4;17;172.07591296
6,002,255;1;2;1;80;17;;;;1;3;;2;;;9;;2;2;;2;;1;11;4;17;172.07591296
6,002,255;1;3;1;80;17;;;;1;2;;2;;;2;;2;2;;2;;1;11;1.3;17;172.07591296
6,002,256;1;3;1;80;17;;;;2;;;;2;;;.;;;;2;;1;11;;17;267.64407118
6,002,258;1;1;1;80;17;;;;1;5;;2;;;10;;3;3;;2;;1;11;4;17;149.28053475
6,002,258;1;2;1;80;17;;;;1;3;;2;;;9;;2;2;;2;;1;11;4;17;149.28053475
6,002,259;1;2;1;80;17;;;;2;;;;2;;;.;2;2;;2;;1;11;;17;216.66832037
6,002,259;1;3;1;80;17;;;;2;;;;2;;;.;2;2;;2;;1;11;;17;216.66832037
6,002,259;1;4;1;80;17;;;;2;;;;2;;;.;;;;2;;1;11;;17;216.66832037
6,002,260;1;1;1;80;17;;;;2;;;;2;;;.;2;2;;2;;1;11;;17;199.03286623
6,002,262;1;1;1;80;17;;;;1;5;;2;;;10;;3;3;;2;;1;11;4;17;190.37705753
6,002,262;1;2;1;80;17;;;;1;4;;2;;;8;;2;2;;2;;1;11;4;17;190.37705753
6,002,265;1;1;1;80;17;;;;1;4;;2;;;4;;1;1;2;2;;1;11;1.4;17;203.68237374
6,002,266;1;1;1;80;17;;;;1;5;;2;;;10;;3;3;;2;;1;11;4;17;186.21548248
6,002,266;1;2;1;80;17;;;;1;3;;2;;;11;;2;2;;2;;1;11;4;17;186.21548248
6,002,268;1;1;1;80;17;;;;1;5;;2;;;10;;3;3;;2;;1;11;4;17;157.93634345
6,002,268;1;2;1;80;17;;;;2;;;;2;;;.;2;2;;2;;1;11;;17;157.93634345
6,002,269;1;2;1;80;17;;;;1;3;;2;;;9;;2;2;;2;;1;11;4;17;262.92465743
6,002,270;1;1;1;80;17;;;;1;7;;2;;;11;;2;2;;2;;1;11;4;17;199.03286623
6,002,273;1;1;1;80;17;;;;1;5;;2;;;10;;3;3;;2;;1;11;3;17;157.93634345
6,002,273;1;2;1;80;17;;;;1;4;;2;;;4;;2;2;;2;;1;11;4;17;157.93634345
6,002,274;1;3;1;80;17;;;;2;;;;2;;;.;2;2;;2;;1;11;;17;200.3636819
6,002,275;1;1;1;80;17;;;;1;5;;2;;;8;;3;3;;2;;1;11;4;17;166.59215216
6,002,276;1;1;1;80;17;;;;2;;;;2;;;.;2;2;;2;;1;11;;17;213.17243575
6,002,279;1;2;1;80;17;;;;2;;;;2;;;.;2;2;;2;;1;11;;17;183.31705002
6,002,281;1;1;1;80;17;;;;1;3;;2;;;9;;1;1;2;2;;1;11;4;17;142.3758011
6,002,282;1;2;1;80;17;;;;1;7;;1;;2;8;;1;1;2;2;;1;11;4;17;157.93634345
6,002,284;1;2;1;80;17;;;;2;;;;2;;;.;2;2;;2;;1;11;;17;134.30671193
6,002,285;1;1;1;80;17;;;;1;4;;2;;;4;;2;2;;2;;1;11;4;17;227.31189546
6,002,285;1;6;1;80;17;;;;1;4;;2;;;10;;3;3;;2;;1;11;4;17;227.31189546
6,002,286;1;1;1;80;17;1;48;908,526;1;6;;2;;;1;;2;2;;2;;1;11;3;17;125.49562937
6,002,288;1;3;1;80;17;;;;2;;;;2;;;.;2;2;;2;;1;11;;17;211.18455956
6,002,288;1;4;1;80;17;;;;2;;;;2;;;.;2;2;;2;;1;11;;17;211.18455956
6,002,289;1;1;1;80;17;;;;2;;;;2;;;.;2;2;;2;;1;11;;17;142.22052724
6,002,289;1;2;1;80;17;;;;2;;;;2;;;.;2;2;;2;;1;11;;17;142.22052724
6,002,289;1;3;1;80;17;;;;1;4;;2;;;4;;2;2;;2;;1;11;4;17;142.22052724
6,002,290;1;1;1;80;17;;;;2;;;;2;;;.;2;2;;2;;1;11;;17;274.22707083
6,002,290;1;2;1;80;17;;;;2;;;;2;;;.;2;2;;2;;1;11;;17;274.22707083
6,002,291;1;2;1;80;17;;;;2;;;;2;;;.;2;2;;2;;1;11;;17;197.04499005
6,002,291;1;3;1;80;17;;;;2;;;;2;;;.;;;;2;;1;11;;17;197.04499005
6,002,292;1;1;1;80;17;2;;908,526;1;3;;2;;;9;;2;2;;2;;1;11;2;17;157.93634345
6,002,292;1;2;1;80;17;;;;2;;;;2;;;.;2;2;;2;;1;11;;17;157.93634345
6,002,293;1;1;1;80;17;;;;1;4;;2;;;4;;2;2;;2;;1;11;2;17;183.31705002
6,002,293;1;2;1;80;17;;;;2;;;;2;;;.;2;2;;2;;1;11;;17;183.31705002
6,002,295;1;3;1;80;17;;;;2;;;;2;;;.;2;2;;2;;1;11;;17;205.37043484
6,002,295;1;4;1;80;17;;;;2;;;;2;;;.;2;2;;2;;1;11;;17;205.37043484
6,002,300;1;2;1;80;17;1;48;908,526;1;6;;2;;;1;;2;2;;2;;1;11;1.3;17;200.3636819
6,002,300;1;3;1;80;17;;;;2;;;;2;;;.;2;2;;2;;1;11;;17;200.3636819
6,002,301;1;3;1;80;17;;;;2;;;;2;;;.;2;2;;2;;1;11;;17;211.18455956
6,002,301;1;4;1;80;17;;;;2;;;;2;;;.;;;;2;;1;11;;17;211.18455956
6,002,302;1;3;1;80;17;;;;2;;;;2;;;.;2;2;;2;;1;11;;17;211.18455956
6,002,302;1;4;1;80;17;;;;2;;;;2;;;.;;;;2;;1;11;;17;211.18455956
6,002,303;1;2;1;80;17;;;;2;;;;2;;;.;2;2;;2;;1;11;;17;150.61135041
6,002,303;1;4;1;80;17;;;;2;;;;2;;;.;2;2;;2;;1;11;;17;150.61135041
6,002,304;1;2;1;80;17;;;1,500,000;1;6;;1;;1;12;ESTA ESPERANDO HACER EL CURSO PARA LA POLICIA;2;2;;2;;1;11;1.4;17;143.11779449
6,002,305;1;1;1;80;17;;;;1;3;;2;;;11;;2;2;;2;;1;11;4;17;177.56830368
6,002,305;1;3;1;80;17;2;;1,000,000;2;;;;1;2;2;;2;2;;2;;1;11;;17;177.56830368
6,002,306;1;1;1;80;17;;;;2;;;;2;;;.;2;2;;2;;1;11;;17;134.30671193
6,002,307;1;2;1;80;17;;;;1;6;;2;;;9;;2;2;;2;;1;11;4;17;157.93634345
6,002,308;1;1;1;80;17;;;;1;1;;2;;;1;;2;2;;2;;1;11;3;17;221.82824445
6,002,309;1;1;1;80;17;;;;1;3;;2;;;9;;2;2;;2;;1;11;4;17;112.99742323
6,002,309;1;5;1;80;17;;;;2;;;;2;;;.;2;2;;2;;1;11;;17;112.99742323
6,002,310;1;2;1;80;17;;;;2;;;;2;;;.;;;;2;;1;11;;17;194.13792769
6,002,311;1;1;1;80;17;;;;2;;;;2;;;.;2;2;;2;;1;11;;17;199.03286623
6,002,312;1;1;1;80;17;;;;2;;;;1;4;10;;3;3;;2;;1;11;;17;172.07591296
6,002,312;1;2;1;80;17;;;;1;4;;2;;;4;;2;2;;2;;1;11;4;17;172.07591296
6,002,312;1;3;1;80;17;;;;2;;;;2;;;.;2;2;;2;;1;11;;17;172.07591296
6,002,313;1;1;1;80;17;;;;2;;;;2;;;.;2;2;;2;;1;11;;17;293.7037572
6,002,317;1;2;1;80;17;;;;2;;;;2;;;.;2;2;;2;;1;11;;17;186.22411238
6,002,319;1;1;1;80;17;;;;1;3;;2;;;9;;2;2;;2;;1;11;4;17;199.03286623
6,002,320;1;2;1;80;17;;;;1;3;;2;;;9;;2;2;;2;;1;11;4;17;157.93634345
6,002,321;1;1;1;80;17;;;;2;;;;2;;;.;2;2;;2;;1;11;;17;209.8537439
6,002,321;1;2;1;80;17;;;;2;;;;2;;;.;2;2;;2;;1;11;;17;209.8537439
6,002,322;1;2;1;80;17;;;;1;3;;2;;;9;;2;2;;2;;1;11;4;17;157.93634345
6,002,323;1;2;1;80;17;;;;2;;;;2;;;.;2;2;;2;;1;11;;17;253.38021138
6,002,323;1;3;1;80;17;;;;2;;;;2;;;.;;;;2;;1;11;;17;253.38021138
6,002,324;1;1;1;80;17;;;;1;7;;2;;;9;;2;2;;2;;1;11;4;17;180.88699553
6,002,328;1;2;1;80;23;;;;1;2;;2;;;2;;2;2;;2;;1;11;1.3;23;192.28556902
6,002,329;1;1;1;80;23;;;;1;4;;2;;;9;;2;2;;2;;1;11;4;23;179.16052714
6,002,329;1;2;1;80;23;;;;2;;;;2;;;.;2;2;;2;;1;11;;23;179.16052714
6,002,330;1;1;1;80;23;;;;2;;;;2;;;.;2;2;;2;;1;11;;23;120.37573426
6,002,330;1;2;1;80;23;;;;1;3;;2;;;10;;3;3;;2;;1;11;4;23;120.37573426
6,002,331;1;2;1;80;23;;;;2;;;;2;;;.;2;2;;2;;1;11;;23;117.72316045
6,002,331;1;4;1;80;23;;;;2;;;;2;;;.;2;2;;2;;1;11;;23;117.72316045
6,002,332;1;1;1;80;23;;;;1;5;;2;;;10;;3;3;;2;;1;11;4;23;120.37573426
6,002,332;1;2;1;80;23;;;;1;3;;2;;;9;;2;2;;2;;1;11;4;23;120.37573426
6,002,333;1;1;1;80;23;;;;1;5;;2;;;10;;3;3;;2;;1;11;4;23;128.3624819
6,002,333;1;2;1;80;23;;;;1;5;;2;;;10;;3;3;;2;;1;11;4;23;128.3624819
6,002,334;1;1;1;80;23;;;;1;3;;2;;;9;;2;2;;2;;1;11;4;23;145.78235965
6,002,335;1;1;1;80;23;;;;1;5;;2;;;10;;3;3;;2;;1;11;4;23;145.78235965
6,002,336;1;3;1;80;23;;;;2;;;;2;;;.;2;2;;2;;1;11;;23;234.40369852
6,002,336;1;4;1;80;23;;;;2;;;;2;;;.;2;2;;2;;1;11;;23;234.40369852
6,002,336;1;5;1;80;23;;;;2;;;;2;;;.;2;2;;2;;1;11;;23;234.40369852
6,002,337;1;2;1;80;23;;;;1;4;;2;;;9;;2;2;;2;;1;11;4;23;208.17489305
6,002,337;1;3;1;80;23;;;;1;1;;2;;;2;;2;2;;2;;1;11;1.4;23;208.17489305
6,002,338;1;1;1;80;23;;;;1;4;;2;;;4;;2;2;;2;;1;11;3;23;156.40647556
6,002,339;1;2;1;80;23;;;;2;;;;2;;;.;2;2;;2;;1;11;;23;179.16052714
6,002,340;1;2;1;80;23;;;;2;;;;2;;;.;2;2;;2;;1;11;;23;189.79984859
6,002,341;1;1;1;80;23;2;;800,000;1;4;;2;;;4;;2;2;;2;;1;11;2;23;145.78235965
6,002,342;1;1;1;80;23;;;;1;9;POR LA PANDEMIA DEL COVID 19;2;;;12;POR LA PANDEMIA DEL COVID 19 Y TEMOR AL CONTAGIO;2;2;;2;;1;11;2;23;180.11569385
6,002,344;1;2;1;80;23;;;;2;;;;2;;;.;2;2;;2;;1;11;;23;209.57712099
6,002,345;1;2;1;80;23;;;;2;;;;2;;;.;2;2;;2;;1;11;;23;166.87894363
6,002,345;1;3;1;80;23;;;;2;;;;2;;;.;2;2;;2;;1;11;;23;166.87894363
6,002,346;1;2;1;80;23;;;;2;;;;2;;;.;2;2;;2;;1;11;;23;204.89586244
6,002,347;1;1;1;80;23;;;;1;4;;2;;;9;;2;2;;2;;1;11;4;23;127.48282329
6,002,349;1;1;1;80;23;2;;800,000;1;4;;2;;;4;;2;2;;2;;1;11;3;23;151.57200096
6,002,349;1;2;1;80;23;;;;1;3;;2;;;8;;2;2;;2;;1;11;4;23;151.57200096
6,002,349;1;3;1;80;23;;;;2;;;;2;;;.;2;2;;2;;1;11;;23;151.57200096
6,002,353;1;2;1;80;23;;;;1;3;;2;;;9;;2;2;;2;;1;11;4;23;228.94276712
6,002,353;1;3;1;80;23;;;;2;;;;2;;;.;2;2;;2;;1;11;;23;228.94276712
6,002,353;1;4;1;80;23;;;;2;;;;2;;;.;2;2;;2;;1;11;;23;228.94276712
6,002,355;1;2;1;80;23;;;;2;;;;2;;;.;2;2;;2;;1;11;;23;187.60274226
6,002,356;1;2;1;80;23;;;;2;;;;2;;;.;2;2;;2;;1;11;;23;239.99269328
6,002,356;1;3;1;80;23;;;;2;;;;2;;;.;2;2;;2;;1;11;;23;239.99269328
6,002,356;1;4;1;80;23;;;;2;;;;2;;;.;;;;2;;1;11;;23;239.99269328
6,002,357;1;2;1;80;23;;;;1;3;;2;;;9;;2;2;;2;;1;11;4;23;208.38582187
6,002,357;1;3;1;80;23;;;;2;;;;2;;;.;2;2;;2;;1;11;;23;208.38582187
6,002,358;1;2;1;80;23;;;;1;3;;2;;;9;;2;2;;2;;1;11;4;23;177.80080643
6,002,358;1;4;1;80;23;;;;2;;;;2;;;.;;;;2;;1;11;;23;177.80080643
6,002,358;1;5;1;80;23;;;;2;;;;2;;;.;2;2;;2;;1;11;;23;177.80080643
6,002,359;1;2;1;80;23;;;;1;6;;2;;;9;;2;2;;2;;1;11;1.3;23;186.20574539
6,002,359;1;3;1;80;23;;;;2;;;;2;;;.;2;2;;2;;1;11;;23;186.20574539
6,002,360;1;2;1;80;23;;;;2;;;;2;;;.;2;2;;2;;1;11;;23;195.84082785
6,002,361;1;1;1;80;23;;;;1;5;;2;;;10;;3;3;;2;;1;11;4;23;143.45849575
6,002,361;1;2;1;80;23;;;;2;;;;2;;;.;2;2;;2;;1;11;;23;143.45849575
6,002,362;1;4;1;80;23;;;;1;4;;2;;;8;;2;2;;2;;1;11;2;23;153.76910729
6,002,364;1;3;1;80;23;;;;2;;;;2;;;.;2;2;;2;;1;11;;23;165.10416458
6,002,364;1;4;1;80;23;;;;2;;;;2;;;.;;;;2;;1;11;;23;165.10416458
6,002,364;1;5;1;80;23;;;;2;;;;2;;;.;;;;2;;1;11;;23;165.10416458
6,002,365;1;3;1;80;23;;;;2;;;;2;;;.;2;2;;2;;1;11;;23;196.1233692
6,002,366;1;2;1;80;23;;;;2;;;;2;;;.;2;2;;2;;1;11;;23;196.80497104
6,002,367;1;2;1;80;23;;;;2;;;;2;;;.;2;2;;2;;1;11;;23;216.49932708
6,002,368;1;1;1;80;23;;;;1;3;;2;;;9;;2;2;;2;;1;11;4;23;151.24329105
6,002,368;1;2;1;80;23;;;;2;;;;2;;;.;;;;2;;1;11;;23;151.24329105
6,002,369;1;2;1;80;23;;;;2;;;;2;;;.;2;2;;2;;1;11;;23;210.9368417
6,002,372;1;3;1;80;23;;;;2;;;;2;;;.;2;2;;2;;1;11;;23;242.067809
6,002,372;1;4;1;80;23;;;;2;;;;2;;;.;;;;2;;1;11;;23;242.067809
6,002,373;1;1;1;80;23;;;;2;;;;2;;;.;2;2;;2;;1;11;;23;156.12807016
6,002,373;1;6;1;80;23;;;;2;;;;2;;;.;;;;2;;1;11;;23;156.12807016
6,002,375;1;1;1;80;23;;;;2;;;;2;;;.;2;2;;2;;1;11;;23;176.97862635
6,002,376;1;1;1;80;23;;;;1;3;;2;;;9;;2;2;;2;;1;11;4;23;171.89204507
6,002,377;1;2;1;80;23;;;;2;;;;2;;;.;2;2;;2;;1;11;;23;197.74650042
6,002,377;1;3;1;80;23;;;;2;;;;2;;;.;2;2;;2;;1;11;;23;197.74650042
6,002,379;1;3;1;80;23;;;;2;;;;2;;;.;;;;2;;1;11;;23;159.23003869
6,002,380;1;1;1;80;23;;;;1;4;;2;;;4;;2;2;;2;;1;11;4;23;120.37573426
6,002,380;1;2;1;80;23;;;;1;3;;2;;;9;;2;2;;2;;1;11;4;23;120.37573426
6,002,381;1;1;1;80;23;;;;1;4;;2;;;4;;2;2;;2;;1;11;4;23;122.88634496
6,002,381;1;3;1;80;23;;;;1;5;;2;;;10;;3;3;;2;;1;11;4;23;122.88634496
6,002,382;1;3;1;80;23;;;;2;;;;2;;;.;2;2;;2;;1;11;;23;138.96170754
6,002,384;1;1;1;80;23;2;;908,526;1;3;;2;;;9;;2;2;;2;;1;11;2;23;158.60358189
6,002,385;1;1;1;80;23;2;;800,000;1;4;;2;;;4;;2;2;;2;;1;11;3;23;156.40647556
6,002,387;1;4;1;80;23;;;;2;;;;2;;;.;;;;2;;1;11;;23;165.53442847
6,002,387;2;2;2;80;23;;;;2;;;;2;;;.;2;2;;2;;1;11;;23;165.53442847
6,002,388;1;2;1;80;23;;;;2;;;;2;;;.;2;2;;2;;1;11;;23;169.8541546
6,002,388;1;3;1;80;23;;;;2;;;;2;;;.;2;2;;2;;1;11;;23;169.8541546
6,002,388;1;5;1;80;23;;;;1;4;;2;;;8;;2;2;;2;;1;11;4;23;169.8541546
6,002,390;1;1;1;80;23;;;;2;;;;2;;;.;2;2;;2;;1;11;;23;128.33759164
6,002,390;1;2;1;80;23;;;;2;;;;2;;;.;2;2;;2;;1;11;;23;128.33759164
6,002,390;1;3;1;80;23;;;;2;;;;2;;;.;2;2;;2;;1;11;;23;128.33759164
6,002,392;1;2;1;80;23;;;;2;;;;2;;;.;2;2;;2;;1;11;;23;175.56642394
6,002,392;1;3;1;80;23;;;;2;;;;2;;;.;2;2;;2;;1;11;;23;175.56642394
6,002,393;1;2;1;80;23;;;;1;3;;2;;;9;;2;2;;2;;1;11;3;23;234.98374638
6,002,393;1;3;1;80;23;;;;2;;;;2;;;.;;;;2;;1;11;;23;234.98374638
6,002,394;1;2;1;80;23;1;40;600,000;1;3;;2;;;9;;2;2;;2;;1;11;2;23;253.73657304
6,002,396;1;2;1;80;23;;;;2;;;;2;;;.;2;2;;2;;1;11;;23;190.76399178
6,002,397;1;2;1;80;23;;;;2;;;;2;;;.;2;2;;2;;1;11;;23;215.81772524
6,002,397;1;3;1;80;23;;;;2;;;;2;;;.;2;2;;2;;1;11;;23;215.81772524
6,002,397;1;4;1;80;23;;;;2;;;;2;;;.;;;;2;;1;11;;23;215.81772524
6,002,398;1;1;1;80;23;;;;1;4;;2;;;4;;2;2;;2;;1;11;4;23;151.57200096
6,002,398;1;2;1;80;23;;;;2;;;;2;;;.;2;2;;2;;1;11;;23;151.57200096
6,002,400;1;1;1;80;23;;;;2;;;;2;;;.;2;2;;2;;1;11;;23;182.95430622
6,002,400;1;2;1;80;23;;;;2;;;;2;;;.;2;2;;2;;1;11;;23;182.95430622
6,002,400;1;3;1;80;23;;;;2;;;;2;;;.;;;;2;;1;11;;23;182.95430622
6,002,401;1;2;1;80;23;;;;2;;;;2;;;.;2;2;;2;;1;11;;23;216.97782096
6,002,403;1;1;1;80;23;;;;1;3;;2;;;4;;2;2;;2;;1;11;4;23;208.17489305
6,002,404;1;4;1;80;23;2;;900,000;1;2;;2;;;2;;2;2;;2;;1;11;1.4;23;182.76826766
6,002,406;1;2;1;80;23;;;;1;3;;2;;;9;;2;2;;2;;1;11;4;23;146.94845519
6,002,406;1;6;1;80;23;;;;2;;;;2;;;.;2;2;;2;;1;11;;23;146.94845519
6,002,407;1;1;1;80;23;;;;1;5;;2;;;10;;3;3;;2;;1;11;4;23;145.78235965
6,002,408;1;2;1;80;23;;;;2;;;;2;;;.;2;2;;2;;1;11;;23;174.70383474
6,002,409;1;1;1;80;23;;;;2;;;;2;;;.;2;2;;2;;1;11;;23;182.43955775
6,002,409;1;3;1;80;23;;;;2;;;;2;;;.;2;2;;2;;1;11;;23;182.43955775
6,002,410;1;1;1;80;23;;;;1;3;;2;;;8;;2;2;;2;;1;11;4;23;120.37573426
6,002,411;1;3;1;80;23;;;;2;;;;2;;;.;2;2;;2;;1;11;;23;213.84675327
6,002,411;1;4;1;80;23;;;;2;;;;2;;;.;2;2;;2;;1;11;;23;213.84675327
6,002,412;1;2;1;80;23;;;;1;4;;2;;;4;;2;2;;2;;1;11;1.3;23;112.26222905
6,002,413;1;5;1;80;23;;;;2;;;;2;;;.;2;2;;2;;1;11;;23;271.19154976
6,002,414;1;1;1;80;23;;;;2;;;;2;;;.;2;2;;2;;1;11;;23;137.66885444
6,002,417;1;4;1;80;23;;;;2;;;;2;;;.;2;2;;2;;1;11;;23;254.67810242
6,002,418;1;1;1;80;23;;;;1;4;;2;;;4;;2;2;;2;;1;11;4;23;120.37573426
6,002,418;1;2;1;80;23;;;;1;5;;2;;;10;;3;3;;2;;1;11;3;23;120.37573426
6,002,420;1;1;1;80;23;;;;1;5;;2;;;10;;3;3;;2;;1;11;2;23;145.78235965
6,002,422;1;2;1;80;23;;;;2;;;;2;;;.;2;2;;2;;1;11;;23;178.67860118
6,002,422;1;4;1;80;23;;;;2;;;;2;;;.;;;;2;;1;11;;23;178.67860118
6,002,422;1;5;1;80;23;;;;2;;;;2;;;.;;;;2;;1;11;;23;178.67860118
6,002,423;1;2;1;80;23;;;;2;;;;2;;;.;2;2;;2;;1;11;;23;138.96170754
6,002,423;1;3;1;80;23;;;;2;;;;2;;;.;2;2;;2;;1;11;;23;138.96170754
6,002,424;1;1;1;80;23;;;;1;3;;2;;;9;;2;2;;2;;1;11;4;23;222.43875236
6,002,424;1;3;1;80;23;;;;2;;;;2;;;.;;;;2;;1;11;;23;222.43875236
6,002,425;1;1;1;80;23;;;;1;4;;2;;;4;;2;2;;2;;1;11;4;23;90.906550472
6,002,425;1;2;1;80;23;;;;2;;;;2;;;.;2;2;;2;;1;11;;23;90.906550472
6,002,425;1;3;1;80;23;;;;2;;;;2;;;.;2;2;;2;;1;11;;23;90.906550472
6,002,426;1;1;1;80;23;;;;2;;;;2;;;.;2;2;;2;;1;11;;23;125.83666566
6,002,426;1;2;1;80;23;;;;1;5;;2;;;10;;3;3;;2;;1;11;4;23;125.83666566
6,002,426;1;3;1;80;23;;;;2;;;;2;;;.;;;;2;;1;11;;23;125.83666566
6,002,428;1;4;1;80;23;;;;2;;;;2;;;.;2;2;;2;;1;11;;23;234.40369852
6,002,428;1;5;1;80;23;;;;2;;;;2;;;.;;;;2;;1;11;;23;234.40369852
6,002,429;1;1;1;80;23;;;;1;4;;2;;;4;;2;2;;2;;1;11;4;23;120.37573426
6,002,430;1;2;1;80;23;;;;1;3;;2;;;9;;2;2;;2;;1;11;4;23;189.79984859
6,002,431;1;2;1;80;23;;;;1;4;;2;;;4;;2;2;;2;;1;11;4;23;148.29297035
6,002,432;1;1;1;80;23;1;40;600,000;1;4;;2;;;8;;2;2;;2;;1;11;4;23;208.17489305
6,002,433;1;2;1;80;23;;;;1;4;;2;;;4;;2;2;;2;;1;11;4;23;164.80641769
6,002,433;1;3;1;80;23;;;;2;;;;2;;;.;2;2;;2;;1;11;;23;164.80641769
6,002,433;1;4;1;80;23;;;;2;;;;2;;;.;2;2;;2;;1;11;;23;164.80641769
6,002,434;1;1;1;80;23;;;;1;3;;2;;;9;;2;2;;2;;1;11;4;23;187.45109443
6,002,434;1;2;1;80;23;;;;1;4;;2;;;4;;2;2;;2;;1;11;4;23;187.45109443
6,002,434;1;4;1;80;23;;;;2;;;;2;;;.;2;2;;2;;1;11;;23;187.45109443
6,002,435;1;3;1;80;23;;;;2;;;;2;;;.;2;2;;2;;1;11;;23;159.44096751
6,002,435;1;5;1;80;23;;;;1;6;;2;;;9;;2;2;;2;;1;11;3;23;159.44096751
6,002,436;1;2;1;80;23;;;;2;;;;2;;;.;2;2;;2;;1;11;;23;231.36702938
6,002,438;1;1;1;80;23;;;;1;5;;2;;;10;;3;3;;2;;1;11;1.4;23;156.40647556
6,002,439;1;2;1;80;23;2;;300,000;1;9;POR LA PANDEMIA Y SU TEMOR AL CONTAGIO;2;;;4;;2;2;;2;;1;11;2;23;137.66885444
6,002,440;1;2;1;80;23;;;;1;3;;2;;;9;;2;2;;2;;1;11;3;23;262.20181456
6,002,440;1;7;1;80;23;;;;2;;;;2;;;.;2;2;;2;;1;11;;23;262.20181456
6,002,441;1;1;1;80;23;;;;1;4;;2;;;4;;2;2;;2;;1;11;4;23;187.34695067
6,002,441;1;3;1;80;23;;;;2;;;;2;;;.;2;2;;2;;1;11;;23;187.34695067
6,002,441;1;6;1;80;23;;;;2;;;;2;;;.;2;2;;2;;1;11;;23;187.34695067
6,002,442;1;3;1;80;23;;;;2;;;;2;;;.;2;2;;2;;1;11;;23;221.27865664
6,002,442;1;4;1;80;23;;;;2;;;;2;;;.;2;2;;2;;1;11;;23;221.27865664
6,002,442;1;5;1;80;23;;;;2;;;;2;;;.;;;;2;;1;11;;23;221.27865664
6,002,443;1;1;1;80;23;;;;1;3;;2;;;4;;2;2;;2;;1;11;4;23;145.78235965
6,002,444;1;1;1;80;23;1;48;400,000;1;3;;2;;;9;;2;2;;2;;1;11;2;23;193.28980802
6,002,446;1;1;1;80;23;;;;1;4;;2;;;10;;3;3;;2;;1;11;4;23;153.75390175
6,002,447;1;2;1;80;23;;;;2;;;;2;;;.;2;2;;2;;1;11;;23;90.906550472
6,002,447;1;3;1;80;23;;;;2;;;;2;;;.;2;2;;2;;1;11;;23;90.906550472
6,002,447;1;6;1;80;23;;;;1;4;;2;;;4;;2;2;;2;;1;11;4;23;90.906550472
6,002,448;1;2;1;80;23;;;;2;;;;2;;;.;;;;2;;1;11;;23;162.09354132
6,002,449;1;3;1;80;23;;;;2;;;;2;;;.;;;;2;;1;11;;23;210.35679384
6,002,450;1;2;1;80;23;;;;1;3;;2;;;9;;2;2;;2;;1;11;4;23;193.28980802
6,002,450;1;3;1;80;23;;;;2;;;;2;;;.;2;2;;2;;1;11;;23;193.28980802
6,002,451;1;1;1;80;23;;;;1;4;;2;;;4;;2;2;;2;;1;11;4;23;120.37573426
6,002,452;1;3;1;80;23;;;;2;;;;2;;;.;2;2;;2;;1;11;;23;185.8279632
6,002,452;1;4;1;80;23;;;;2;;;;2;;;.;;;;2;;1;11;;23;185.8279632
6,002,452;1;6;1;80;23;;;;1;4;;2;;;8;;2;2;;2;;1;11;4;23;185.8279632
6,002,453;1;1;1;80;23;;;;2;;;;2;;;.;2;2;;2;;1;11;;23;133.1969565
6,002,456;1;2;1;80;23;;;;1;3;;2;;;9;;2;2;;2;;1;11;4;23;105.27972041
6,002,457;1;2;1;80;23;;;;1;3;;2;;;9;;2;2;;2;;1;11;3;23;226.97179515
6,002,457;1;4;1;80;23;;;;2;;;;2;;;.;;;;2;;1;11;;23;226.97179515
6,002,458;1;1;1;80;23;;;;1;5;;2;;;10;;3;3;;2;;1;11;4;23;145.78235965
6,002,459;1;3;1;80;23;;;;2;;;;2;;;.;;;;2;;1;11;;23;260.71908168
6,002,460;1;2;1;80;23;;;;2;;;;2;;;.;;;;2;;1;11;;23;179.16052714
6,002,462;1;2;1;80;23;;;;1;3;;2;;;9;;2;2;;2;;1;11;4;23;234.40369852
6,002,462;1;3;1;80;23;;;;2;;;;2;;;.;2;2;;2;;1;11;;23;234.40369852
6,002,462;1;4;1;80;23;;;;2;;;;2;;;.;2;2;;2;;1;11;;23;234.40369852
6,002,462;1;5;1;80;23;;;;2;;;;2;;;.;2;2;;2;;1;11;;23;234.40369852
6,002,463;1;2;1;80;23;;;;2;;;;2;;;.;;;;2;;1;11;;23;216.3977731
6,002,464;1;2;1;80;23;;;;1;3;;2;;;9;;2;2;;2;;1;11;4;23;223.48183572
6,002,464;1;3;1;80;23;;;;2;;;;2;;;.;;;;2;;1;11;;23;223.48183572
6,002,465;1;1;1;80;23;;;;1;4;;2;;;4;;2;2;;2;;1;11;4;23;174.32605254
6,002,465;1;2;1;80;23;;;;1;4;;2;;;4;;2;2;;2;;1;11;2;23;174.32605254
6,002,465;1;4;1;80;23;;;;2;;;;2;;;.;;;;2;;1;11;;23;174.32605254
6,002,466;1;3;1;80;23;;;;1;3;;2;;;9;;2;2;;2;;1;11;2;23;146.2204444
6,002,468;1;3;1;80;23;;;;2;;;;2;;;.;;;;2;;1;11;;23;182.43955775
6,002,469;1;2;1;80;23;2;;800,000;1;3;;2;;;9;;2;2;;2;;1;11;1.1;23;151.6813758
6,002,469;1;5;1;80;23;;;;2;;;;2;;;.;2;2;;2;;1;11;;23;151.6813758
6,002,470;1;1;1;80;23;;;;1;3;;2;;;9;;2;2;;2;;1;11;4;23;145.78235965
6,002,472;1;2;1;80;23;;;;1;3;;2;;;9;;2;2;;2;;1;11;3;23;155.06196039
6,002,472;1;3;1;80;23;;;;2;;;;2;;;.;2;2;;2;;1;11;;23;155.06196039
6,002,473;1;1;1;80;23;2;;900,000;1;9;POR LA PANDEMIA;2;;;8;;2;2;;2;;1;11;2;23;123.76413971
6,002,473;1;2;1;80;23;;;;1;3;;2;;;9;;2;2;;2;;1;11;4;23;123.76413971
6,002,473;1;5;1;80;23;;;;2;;;;2;;;.;;;;2;;1;11;;23;123.76413971
6,002,474;1;3;1;80;23;;;;2;;;;2;;;.;;;;2;;1;11;;23;195.26077999
6,002,475;1;1;1;80;23;;;;2;;;;2;;;.;2;2;;2;;1;11;;23;176.32353389
6,002,475;1;2;1;80;23;;;;2;;;;2;;;.;2;2;;2;;1;11;;23;176.32353389
6,002,475;1;5;1;80;23;;;;2;;;;2;;;.;2;2;;2;;1;11;;23;176.32353389
6,002,476;1;1;1;80;23;;;;1;5;;2;;;8;;2;2;;2;;1;11;4;23;97.166215203
6,002,477;1;8;1;80;23;2;;908,526;1;3;;2;;;9;;2;2;;2;;1;11;3;23;134.2767036
6,002,477;1;10;1;80;23;;;;1;4;;2;;;8;;2;2;;2;;1;11;4;23;134.2767036
6,002,479;1;2;1;80;23;;;;2;;;;2;;;.;2;2;;2;;1;11;;23;192.28556902
6,002,480;1;3;1;80;23;;;;2;;;;2;;;.;2;2;;2;;1;11;;23;175.87024359
6,002,481;1;2;1;80;23;2;;908,526;2;;;;2;;;.;2;2;;2;;1;11;;23;192.28556902
6,002,482;1;3;1;80;23;;;;2;;;;2;;;.;2;2;;2;;1;11;;23;195.26077999
6,002,483;1;2;1;80;23;;;;2;;;;2;;;.;2;2;;2;;1;11;;23;244.20563434
6,002,485;1;1;1;80;23;;;;1;5;;2;;;10;;3;3;;2;;1;11;4;23;122.57284059
6,003,549;1;1;1;80;54;;;;1;4;;2;;;4;;2;2;;2;;1;11;4;54;459.45004017
6,003,549;1;2;1;80;54;;;;1;5;;2;;;10;;3;3;;2;;1;11;4;54;459.45004017
6,003,550;1;2;1;80;54;;;;1;3;;2;;;9;;2;2;;2;;1;11;2;54;552.10052177
6,003,551;1;2;1;80;54;;;;1;6;;2;;;9;;2;2;;2;;1;11;4;54;407.78073988
6,003,551;1;4;1;80;54;;;;1;8;;2;;;2;;2;2;;2;;1;11;2;54;407.78073988
6,003,552;1;2;1;80;54;;;;1;3;;2;;;9;;2;2;;2;;1;11;4;54;480.48176145
6,003,552;1;3;1;80;54;;;;2;;;;2;;;.;;;;2;;1;11;;54;480.48176145
6,003,553;1;2;1;80;54;;;;1;4;;2;;;4;;2;2;;2;;1;11;2;54;453.16204286
6,003,553;1;4;1;80;54;;;;2;;;;2;;;.;2;2;;2;;1;11;;54;453.16204286
6,003,554;1;1;1;80;54;;;;1;4;;2;;;4;;2;2;;2;;1;11;4;54;414.9137399
6,003,557;1;4;1;80;54;;;;2;;;;2;;;.;2;2;;2;;1;11;;54;314.65165438
6,003,557;1;5;1;80;54;;;;1;4;;2;;;4;;2;2;;2;;1;11;4;54;314.65165438
6,003,558;1;2;1;80;54;;;;1;4;;2;;;4;;2;2;;2;;1;11;4;54;490.09710506
6,003,559;1;2;1;80;54;;;;2;;;;2;;;.;2;2;;2;;1;11;;54;384.266675
6,003,560;1;1;1;80;54;;;;1;3;;2;;;9;;2;2;;2;;1;11;4;54;379.35587572
6,003,561;1;2;1;80;54;;;;1;3;;2;;;9;;2;2;;2;;1;11;3;54;478.05330576
6,003,561;1;4;1;80;54;;;;2;;;;2;;;.;2;2;;2;;1;11;;54;478.05330576
6,003,562;1;1;1;80;54;;;;1;6;;2;;;9;;2;2;;2;;1;11;3;54;436.46634707
6,003,562;1;3;1;80;54;;;;2;;;;2;;;.;2;2;;2;;1;11;;54;436.46634707
6,003,563;1;3;1;80;54;;;;2;;;;2;;;.;2;2;;2;;1;11;;54;402.8699406
6,003,566;1;2;1;80;54;;;;1;8;;2;;;9;;2;2;;2;;1;11;2;54;436.46634707
6,003,567;1;2;1;80;54;;;;2;;;;2;;;.;;;;2;;1;11;;54;358.85452622
6,003,568;1;2;1;80;54;1;48;950,000;1;6;;2;;;9;;2;2;;2;;1;11;4;54;253.11220315
6,003,568;1;4;1;80;54;;;;1;3;;2;;;8;;2;2;;2;;1;11;4;54;253.11220315
6,003,568;1;7;1;80;54;;;;1;4;;2;;;4;;2;2;;2;;1;11;4;54;253.11220315
6,003,568;1;8;1;80;54;;;;1;9;POR PANDEMIA;2;;;9;;2;2;;2;;1;11;2;54;253.11220315
6,003,568;1;10;1;80;54;;;;2;;;;2;;;.;;;;2;;1;11;;54;253.11220315
6,003,569;1;2;1;80;54;;;;1;6;;2;;;9;;2;2;;2;;1;11;3;54;464.82570158
6,003,570;1;1;1;80;54;;;;2;;;;2;;;.;2;2;;2;;1;11;;54;505.58735173
6,003,570;1;2;1;80;54;;;;2;;;;2;;;.;2;2;;2;;1;11;;54;505.58735173
6,003,570;1;4;1;80;54;;;;2;;;;2;;;.;2;2;;2;;1;11;;54;505.58735173
6,003,571;1;1;1;80;54;;;;1;3;;2;;;8;;2;2;;2;;1;11;4;54;443.9597935
6,003,572;1;3;1;80;54;;;;2;;;;2;;;.;2;2;;2;;1;11;;54;502.94456866
6,003,572;1;4;1;80;54;;;;2;;;;2;;;.;2;2;;2;;1;11;;54;502.94456866
6,003,575;1;1;1;80;54;;;;2;;;;2;;;.;2;2;;2;;1;11;;54;454.53924089
6,003,580;1;2;1;80;54;;;;2;;;;2;;;.;2;2;;2;;1;11;;54;383.74578912
6,003,583;1;2;1;80;54;;;;1;4;;2;;;4;;2;2;;2;;1;11;2;54;448.87059278
6,003,585;1;2;1;80;54;;;;1;3;;2;;;9;;2;2;;2;;1;11;4;54;455.59049855
6,003,586;1;1;1;80;54;;;;1;5;;2;;;10;;3;3;;2;;1;11;3;54;503.46545455
6,003,586;1;4;1;80;54;;;;2;;;;2;;;.;2;2;;2;;1;11;;54;503.46545455
6,003,589;1;2;1;80;54;;;;1;5;;2;;;10;;3;3;;2;;1;11;4;54;360.13142068
6,003,589;1;3;1;80;54;;;;2;;;;2;;;.;2;2;;2;;1;11;;54;360.13142068
6,003,590;1;1;1;80;54;;;;2;;;;2;;;.;2;2;;2;;1;11;;54;578.12793382
6,003,592;1;2;1;80;54;;;;1;3;;2;;;9;;2;2;;2;;1;11;3;54;483.94985307
6,003,592;1;3;1;80;54;;;;2;;;;2;;;.;2;2;;2;;1;11;;54;483.94985307
6,003,593;1;2;1;80;54;;;;2;;;;2;;;.;2;2;;2;;1;11;;54;554.90911803
6,003,595;1;1;1;80;54;;;;1;8;;2;;;8;;2;2;;2;;1;11;4;54;494.32246115
6,003,595;1;7;1;80;54;1;48;900,000;1;8;;2;;;9;;2;2;;2;;1;11;2;54;494.32246115
6,003,595;1;8;1;80;54;;;;2;;;;2;;;.;2;2;;2;;1;11;;54;494.32246115
6,003,595;1;9;1;80;54;;;;2;;;;2;;;.;2;2;;2;;1;11;;54;494.32246115
6,003,595;1;11;1;80;54;;;;1;8;;2;;;9;;2;2;;2;;1;11;1.4;54;494.32246115
6,003,598;1;1;1;80;54;;;;1;3;;2;;;9;;2;2;;2;;1;11;4;54;454.53924089
6,003,598;1;2;1;80;54;;;;1;5;;2;;;10;;3;3;;2;;1;11;1.3;54;454.53924089
6,003,599;1;2;1;80;54;;;;2;;;;2;;;.;2;2;;2;;1;11;;54;459.45004017
6,003,600;1;1;1;80;54;;;;1;4;;2;;;4;;2;2;;2;;1;11;4;54;443.9597935
6,003,601;1;1;1;80;54;;;;2;;;;2;;;.;2;2;;2;;1;11;;54;284.94805552
6,003,601;1;2;1;80;54;;;;1;8;;2;;;8;;2;2;;2;;1;11;3;54;284.94805552
6,003,601;1;3;1;80;54;;;;2;;;;2;;;.;2;2;;2;;1;11;;54;284.94805552
6,003,602;1;1;1;80;54;;;;1;5;;2;;;10;;3;3;;2;;1;11;4;54;384.266675
6,003,602;1;2;1;80;54;;;;2;;;;2;;;.;2;2;;2;;1;11;;54;384.266675
6,003,603;1;2;1;80;54;;;;1;3;;2;;;9;;2;2;;2;;1;11;3;54;434.03789138
6,003,603;1;3;1;80;54;;;;2;;;;2;;;.;;;;2;;1;11;;54;434.03789138
6,003,607;1;1;1;80;54;;;;1;3;;1;;4;1;;2;2;;2;;1;11;4;54;379.35587572
6,003,608;1;1;1;80;54;;;;1;7;;2;;;8;;2;2;;2;;1;11;4;54;305.34910146
6,003,608;1;2;1;80;54;;;;1;5;;2;;;10;;3;3;;2;;1;11;4;54;305.34910146
6,003,608;1;3;1;80;54;;;;1;3;;2;;;9;;2;2;;2;;1;11;3;54;305.34910146
6,003,609;1;4;1;80;54;;;;2;;;;2;;;.;2;2;;2;;1;11;;54;478.05330576
6,003,610;1;1;1;80;54;;;;1;5;;2;;;10;;3;3;;2;;1;11;4;54;360.13142068
6,003,610;1;2;1;80;54;;;;1;6;;2;;;8;;2;2;;2;;1;11;4;54;360.13142068
6,003,611;1;1;1;80;54;2;;600,000;1;5;;2;;;8;;3;3;;2;;1;11;2;54;284.94805552
6,003,611;1;2;1;80;54;;;;1;4;;2;;;4;;2;2;;2;;1;11;4;54;284.94805552
6,003,611;1;3;1;80;54;;;;2;;;;2;;;.;2;2;;2;;1;11;;54;284.94805552
6,003,612;1;1;1;80;54;;;;1;4;;2;;;4;;2;2;;2;;1;11;3;54;459.45004017
6,003,612;1;2;1;80;54;;;;1;3;;2;;;9;;2;2;;2;;1;11;4;54;459.45004017
6,003,612;1;3;1;80;54;;;;2;;;;2;;;.;2;2;;2;;1;11;;54;459.45004017
6,003,614;1;1;1;80;54;1;48;1,800,000;1;3;;2;;;9;;2;2;;1;100,000;1;11;1.1;54;405.29839628
6,003,614;1;2;1;80;54;;;;2;;;;2;;;.;2;2;;2;;1;11;;54;405.29839628
6,003,616;1;2;1;80;54;;;;1;3;;2;;;9;;2;2;;2;;1;11;2;54;505.50246023
6,003,616;1;3;1;80;54;;;;2;;;;2;;;.;;;;2;;1;11;;54;505.50246023
6,003,617;1;3;1;80;54;;;;2;;;;2;;;.;2;2;;2;;1;11;;54;434.03789138
6,003,618;1;2;1;80;54;;;;2;;;;2;;;.;2;2;;2;;1;11;;54;471.77661788
6,003,618;1;3;1;80;54;;;;2;;;;2;;;.;;;;2;;1;11;;54;471.77661788
6,003,618;1;4;1;80;54;;;;2;;;;2;;;.;;;;2;;1;11;;54;471.77661788
6,003,622;1;2;1;80;54;;;;2;;;;2;;;.;2;2;;2;;1;11;;54;344.64117402
6,003,623;1;1;1;80;54;;;;1;5;;2;;;10;;3;3;;2;;1;11;4;54;379.35587572
6,003,625;1;4;1;80;54;;;;1;4;;2;;;4;;2;2;;2;;1;11;4;54;549.35206142
6,003,626;1;3;1;80;54;;;;2;;;;2;;;.;;;;2;;1;11;;54;434.03789138
6,003,627;1;3;1;80;54;;;;2;;;;2;;;.;2;2;;2;;1;11;;54;483.94985307
6,003,628;1;1;1;80;54;;;;1;4;;2;;;4;;3;3;;2;;1;11;4;54;245.32255453
6,003,628;1;2;1;80;54;;;;1;1;;2;;;9;;2;2;;2;;1;11;2;54;245.32255453
6,003,628;1;3;1;80;54;1;48;800,000;1;6;;2;;;1;;2;2;;2;;1;11;2;54;245.32255453
6,003,629;1;1;1;80;54;;;;1;4;;2;;;4;;2;2;;2;;1;11;2;54;458.01895423
6,003,630;1;1;1;80;54;;;;1;5;;2;;;10;;3;3;;2;;1;11;4;54;379.35587572
6,003,631;1;2;1;80;54;;;;1;7;;2;;;9;;2;2;;2;;1;11;1.3;54;434.03789138
6,003,632;1;2;1;80;54;;;;1;3;;2;;;9;;2;2;;2;;1;11;4;54;304.072207
6,003,632;1;4;1;80;54;;;;2;;;;2;;;.;2;2;;2;;1;11;;54;304.072207
6,003,633;1;1;1;80;54;;;;1;3;;2;;;9;;2;2;;2;;1;11;4;54;399.23603578
6,003,634;1;2;1;80;54;;;;1;4;;2;;;4;;2;2;;2;;1;11;4;54;319.66275722
6,003,636;1;2;1;80;54;;;;1;8;;2;;;8;;3;3;;2;;1;11;3;54;384.266675
6,003,637;1;2;1;80;54;;;;2;;;;2;;;.;;;;2;;1;11;;54;358.85452622
6,003,639;1;1;1;80;54;;;;1;8;;2;;;8;;2;2;;2;;1;11;3;54;379.35587572
6,003,641;1;1;1;80;54;;;;1;4;;2;;;8;;2;2;;2;;1;11;4;54;399.23603578
6,003,641;1;3;1;80;54;;;;1;7;;2;;;1;;2;2;;2;;1;11;2;54;399.23603578
6,003,644;1;2;1;80;54;;;;2;;;;2;;;.;;;;2;;1;11;;54;405.29839628
6,003,645;1;3;1;80;54;;;;2;;;;2;;;.;2;2;;2;;1;11;;54;508.84111596
6,003,646;1;1;1;80;54;;;;1;4;;2;;;4;;2;2;;2;;1;11;4;54;328.9634699
6,003,646;1;4;1;80;54;;;;1;4;;2;;;4;;2;2;;2;;1;11;4;54;328.9634699
6,003,647;1;1;1;80;54;;;;1;4;;2;;;8;;2;2;;2;;1;11;4;54;433.55744724
6,003,647;1;2;1;80;54;;;;1;7;;2;;;1;;2;2;;2;;1;11;2;54;433.55744724
6,003,647;1;3;1;80;54;;;;1;4;;2;;;4;;2;2;;2;;1;11;1.4;54;433.55744724
6,003,650;1;1;1;80;54;;;;1;4;;2;;;4;;2;2;;2;;1;11;2;54;514.23235938
6,003,651;1;1;1;80;54;;;;1;3;;2;;;9;;2;2;;2;;1;11;3;54;583.26847255
6,003,652;1;2;1;80;54;1;36;980,000;2;;;;2;;;.;2;2;;2;;1;11;;54;350.51607707
6,003,653;1;2;1;80;54;;;;2;;;;2;;;.;2;2;;2;;1;11;;54;558.24777377
6,003,654;1;3;1;80;54;;;;2;;;;2;;;.;2;2;;2;;1;11;;54;402.8699406
6,003,655;1;1;1;80;54;;;;1;3;;2;;;9;;2;2;;2;;1;11;4;54;473.66339237
6,003,655;1;3;1;80;54;;;;2;;;;2;;;.;;;;2;;1;11;;54;473.66339237
6,003,656;1;1;1;80;54;;;;1;4;;2;;;4;;2;2;;2;;1;11;4;54;443.9597935
6,003,658;1;2;1;80;54;;;;1;3;;2;;;9;;2;2;;2;;1;11;4;54;558.75307765
6,003,658;1;3;1;80;54;;;;2;;;;2;;;.;;;;2;;1;11;;54;558.75307765
6,003,660;1;4;1;80;54;;;;2;;;;2;;;.;;;;2;;1;11;;54;499.60591293
6,003,666;1;2;1;80;54;;;;2;;;;2;;;.;;;;2;;1;11;;54;383.74578912
6,003,670;1;2;1;80;54;;;;1;4;;2;;;8;;2;2;;2;;1;11;4;54;384.266675
6,003,673;1;2;1;80;54;;;;1;3;;2;;;9;;2;2;;2;;1;11;4;54;425.17855634
6,003,674;1;1;1;80;54;;;;1;4;;2;;;8;;2;2;;2;;1;11;1.3;54;384.266675
6,003,674;1;2;1;80;54;;;;2;;;;2;;;.;2;2;;2;;1;11;;54;384.266675
6,003,676;1;2;1;80;54;;;;2;;;;2;;;.;2;2;;2;;1;11;;54;473.66339237
6,003,676;1;3;1;80;54;;;;2;;;;2;;;.;2;2;;2;;1;11;;54;473.66339237
6,003,677;1;1;1;80;54;;;;1;4;;2;;;8;;2;2;;2;;1;11;4;54;311.41146197
6,003,677;1;3;1;80;54;;;;2;;;;2;;;.;2;2;;2;;1;11;;54;311.41146197
6,003,677;1;4;1;80;54;;;;1;3;;2;;;9;;2;2;;2;;1;11;4;54;311.41146197
6,003,679;1;1;1;80;54;;;;1;6;;2;;;9;;2;2;;2;;1;11;1.3;54;647.16404699
6,003,679;1;3;1;80;54;;;;1;1;;2;;;11;;2;2;;2;;1;11;1.3;54;647.16404699
6,003,679;1;4;1;80;54;;;;2;;;;2;;;.;2;2;;2;;1;11;;54;647.16404699
6,003,679;1;5;1;80;54;;;;2;;;;2;;;.;2;2;;2;;1;11;;54;647.16404699
6,003,679;1;6;1;80;54;;;;2;;;;2;;;.;;;;2;;1;11;;54;647.16404699
6,003,680;1;2;1;80;54;;;;1;4;;2;;;4;;2;2;;2;;1;11;4;54;454.53924089
6,003,681;1;2;1;80;54;;;;2;;;;2;;;.;2;2;;2;;1;11;;54;384.266675
6,003,683;1;1;1;80;54;;;;1;3;;2;;;8;;2;2;;2;;1;11;4;54;454.53924089
6,003,685;1;2;1;80;54;2;;300,000;1;4;;2;;;4;;2;2;;2;;1;11;4;54;448.87059278
6,003,686;1;1;1;80;54;1;48;500,000;1;8;;2;;;9;;2;2;;2;;1;11;1.2;54;477.29729719
6,003,687;1;4;1;80;54;;;;2;;;;2;;;.;2;2;;2;;1;11;;54;402.82354076
6,003,687;1;5;1;80;54;;;;2;;;;2;;;.;2;2;;2;;1;11;;54;402.82354076
6,003,687;1;7;1;80;54;;;;1;4;;2;;;4;;2;2;;2;;1;11;2;54;402.82354076
6,003,688;1;2;1;80;54;;;;2;;;;2;;;.;2;2;;2;;1;11;;54;521.91452867
6,003,688;1;3;1;80;54;;;;2;;;;2;;;.;;;;2;;1;11;;54;521.91452867
6,003,688;2;2;2;80;54;;;;1;8;;2;;;9;;2;2;;2;;1;11;3;54;521.91452867
6,003,690;1;4;1;80;54;;;;2;;;;2;;;.;2;2;;2;;1;11;;54;441.11824356
6,003,690;1;5;1;80;54;;;;2;;;;2;;;.;;;;2;;1;11;;54;441.11824356
6,003,691;1;1;1;80;54;;;;2;;;;2;;;.;2;2;;2;;1;11;;54;379.35587572
6,003,692;1;2;1;80;54;;;;1;8;;2;;;12;PANDEMIA COVID 19;2;2;;2;;1;11;3;54;458.92915428
6,003,692;1;3;1;80;54;;;;2;;;;2;;;.;2;2;;2;;1;11;;54;458.92915428
6,003,693;1;2;1;80;54;;;;2;;;;2;;;.;2;2;;2;;1;11;;54;408.7664879
6,003,695;1;2;1;80;54;;;;1;4;;2;;;4;;2;2;;2;;1;11;4;54;387.05968926
6,003,695;1;3;1;80;54;;;;1;3;;2;;;9;;2;2;;2;;1;11;4;54;387.05968926
6,003,698;1;2;1;80;54;;;;1;8;;2;;;9;;2;2;;2;;1;11;4;54;359.61053479
6,003,698;1;4;1;80;54;;;;2;;;;2;;;.;;;;2;;1;11;;54;359.61053479
6,003,699;1;2;1;80;54;;;;1;8;;2;;;9;;2;2;;2;;1;11;4;54;280.03725624
6,003,701;1;2;1;80;54;;;;1;4;;2;;;4;;3;3;;2;;1;11;4;54;432.67200278
6,003,702;1;2;1;80;54;;;;1;5;;2;;;10;;3;3;;2;;1;11;3;54;486.37830875
6,003,704;1;2;1;80;54;;;;2;;;;2;;;.;2;2;;2;;1;11;;54;299.16140772
6,003,704;1;3;1;80;54;;;;1;4;;2;;;8;;2;2;;2;;1;11;4;54;299.16140772
6,003,705;1;2;1;80;54;;;;1;4;;2;;;4;;2;2;;2;;1;11;2;54;384.266675
6,003,707;1;1;1;80;54;;;;1;8;;2;;;8;;2;2;;2;;1;11;2;54;443.9597935
6,003,708;1;2;1;80;54;;;;2;;;;2;;;.;2;2;;2;;1;11;;54;402.8699406
6,003,708;1;3;1;80;54;;;;2;;;;2;;;.;2;2;;2;;1;11;;54;402.8699406
6,003,709;1;2;1;80;54;;;;1;2;;2;;;2;;2;2;;2;;1;11;1.3;54;383.74578912
6,003,710;1;1;1;80;54;;;;1;8;;2;;;9;;2;2;;2;;1;11;2;54;284.42716963
6,003,710;1;2;1;80;54;1;33;908,526;1;8;;2;;;2;;2;2;;2;;1;11;4;54;284.42716963
6,003,711;1;3;1;80;54;;;;2;;;;2;;;.;;;;2;;1;11;;54;558.75307765
6,003,713;1;1;1;80;54;;;;2;;;;2;;;.;2;2;;2;;1;11;;54;374.34477288
6,003,713;1;2;1;80;54;;;;1;4;;2;;;4;;2;2;;2;;1;11;1.2;54;374.34477288
6,003,713;1;3;1;80;54;;;;2;;;;2;;;.;2;2;;2;;1;11;;54;374.34477288
6,003,717;1;2;1;80;54;;;;2;;;;2;;;.;2;2;;2;;1;11;;54;383.74578912
6,003,720;1;2;1;80;54;;;;1;5;;2;;;10;;3;3;;2;;1;11;4;54;220.34413774
6,003,720;1;3;1;80;54;;;;2;;;;2;;;.;2;2;;2;;1;11;;54;220.34413774
6,003,721;1;1;1;80;54;;;;1;5;;2;;;10;;3;3;;2;;1;11;4;54;384.266675
6,003,721;1;2;1;80;54;;;;2;;;;2;;;.;2;2;;2;;1;11;;54;384.266675
6,003,722;1;1;1;80;54;;;;1;5;;2;;;10;;3;3;;2;;1;11;4;54;384.266675
6,003,723;1;2;1;80;54;;;;2;;;;2;;;.;2;2;;2;;1;11;;54;325.62481417
6,003,723;1;4;1;80;54;;;;2;;;;2;;;.;;;;2;;1;11;;54;325.62481417
6,003,724;1;1;1;80;54;;;;1;8;;2;;;9;;2;2;;2;;1;11;2;54;324.57355651
6,003,724;1;2;1;80;54;;;;1;8;;2;;;8;;2;2;;2;;1;11;4;54;324.57355651
6,003,725;1;1;1;80;54;;;;1;7;;2;;;8;;2;2;;2;;1;11;4;54;431.59598953
6,003,725;1;2;1;80;54;;;;1;3;;2;;;8;;2;2;;2;;1;11;4;54;431.59598953
6,003,726;1;2;1;80;54;;;;1;3;;2;;;9;;2;2;;2;;1;11;1.4;54;479.5715614
6,003,727;1;1;1;80;54;;;800,000;1;2;;2;;;2;;2;2;;2;;1;11;2;54;521.31271157
6,003,727;1;2;1;80;54;;;;2;;;;2;;;.;2;2;;2;;1;11;;54;521.31271157
6,003,727;2;1;2;80;54;;;;2;;;;2;;;.;2;2;;2;;1;11;;54;521.31271157
6,003,728;1;2;1;80;54;;;;1;5;;2;;;10;;3;3;;2;;1;11;4;54;384.266675
6,003,729;1;1;1;80;54;;;;1;3;;2;;;4;;2;2;;2;;1;11;4;54;414.9137399
6,003,729;1;2;1;80;54;1;48;908,000;1;6;;2;;;9;;2;2;;2;;1;11;3;54;414.9137399
6,003,730;1;1;1;80;54;;;;1;4;;2;;;8;;2;2;;2;;1;11;4;54;389.17747429
6,003,731;1;1;1;80;54;;;;1;4;;2;;;4;;2;2;;2;;1;11;4;54;301.5898634
6,003,732;1;3;1;80;54;;;;2;;;;2;;;.;;;;2;;1;11;;54;385.31793267
6,003,733;1;2;1;80;54;;;;2;;;;2;;;.;2;2;;2;;1;11;;54;284.94805552
6,003,735;1;1;1;80;54;;;;1;7;;2;;;9;;2;2;;2;;1;11;2;54;464.80405733
6,003,735;1;3;1;80;54;;;;2;;;;2;;;.;;;;2;;1;11;;54;464.80405733
6,003,735;1;5;1;80;54;;;;2;;;;2;;;.;;;;2;;1;11;;54;464.80405733
6,003,736;1;2;1;80;54;1;48;800,000;1;6;;2;;;1;;2;2;;2;;1;11;3;54;478.19405107
6,003,736;1;3;1;80;54;;;;2;;;;2;;;.;;;;2;;1;11;;54;478.19405107
6,003,739;1;1;1;80;54;;;;1;4;;2;;;4;;2;2;;2;;1;11;4;54;384.266675
6,003,741;1;1;1;80;54;;;;1;5;;2;;;10;;3;3;;2;;1;11;4;54;384.266675
6,003,741;1;2;1;80;54;;;;1;4;;2;;;4;;2;2;;2;;1;11;4;54;384.266675
6,003,742;1;4;1;80;54;;;;1;3;;2;;;9;;2;2;;2;;1;11;3;54;474.33450945
6,003,742;1;5;1;80;54;;;;1;9;POR PROBLEMAS DE DROGADICCION;2;;;12;POR PROBLEMAS DE DROGADICCION;2;2;;2;;1;11;3;54;474.33450945
6,003,747;1;2;1;80;54;;;;2;;;;2;;;.;2;2;;2;;1;11;;54;608.15973545
6,003,748;1;1;1;80;54;;;;1;8;;2;;;9;;2;2;;2;;1;11;3;54;489.61666092
6,003,748;2;1;2;80;54;;;;2;;;;2;;;.;2;2;;2;;1;11;;54;489.61666092
6,003,749;1;2;1;80;54;;;;2;;;;2;;;.;2;2;;2;;1;11;;54;427.7612035
6,003,749;1;3;1;80;54;;;;2;;;;2;;;.;2;2;;2;;1;11;;54;427.7612035
6,003,750;1;3;1;80;54;;;;2;;;;2;;;.;2;2;;2;;1;11;;54;455.59049855
6,003,752;1;5;1;80;54;;;;2;;;;2;;;.;;;;2;;1;11;;54;475.906653
6,003,753;1;1;1;80;54;;;;1;3;;2;;;9;;2;2;;2;;1;11;4;54;505.63500745
6,003,753;1;2;1;80;54;;;;2;;;;2;;;.;2;2;;2;;1;11;;54;505.63500745
6,003,753;1;3;1;80;54;;;;2;;;;2;;;.;2;2;;2;;1;11;;54;505.63500745
6,003,753;1;4;1;80;54;;;;2;;;;2;;;.;;;;2;;1;11;;54;505.63500745
6,003,753;1;5;1;80;54;;;;2;;;;2;;;.;;;;2;;1;11;;54;505.63500745
6,003,754;1;2;1;80;54;2;;200,000;2;;;;2;;;.;2;2;;2;;1;11;;54;514.73766327
6,003,755;1;3;1;80;54;;;;2;;;;2;;;.;;;;2;;1;11;;54;497.17745725
6,003,755;1;4;1;80;54;;;;2;;;;2;;;.;2;2;;2;;1;11;;54;497.17745725
6,003,755;1;5;1;80;54;;;;2;;;;2;;;.;;;;2;;1;11;;54;497.17745725
6,003,757;1;1;1;80;54;1;48;908,529;1;4;;2;;;4;;2;2;;2;;1;11;3;54;384.266675
6,003,757;1;2;1;80;54;;;;1;4;;2;;;4;;2;2;;2;;1;11;4;54;384.266675
6,003,759;1;3;1;80;54;;;;1;4;;2;;;4;;2;2;;2;;1;11;4;54;419.82453918
6,003,761;1;2;1;80;54;2;;200,000;1;3;;2;;;9;;2;2;;2;;1;11;2;54;573.65312894
6,003,762;1;1;1;80;54;2;;800,000;1;9;POR PANDEMIA;2;;;12;POR PANDEMIA;2;2;;2;;1;11;2;54;358.85452622
6,003,762;1;2;1;80;54;;;;2;;;;2;;;.;2;2;;2;;1;11;;54;358.85452622
6,003,764;1;2;1;80;54;;;;2;;;;2;;;.;2;2;;2;;1;11;;54;490.90076936
6,003,764;1;5;1;80;54;;;;2;;;;2;;;.;;;;2;;1;11;;54;490.90076936
6,003,765;1;2;1;80;54;;;;2;;;;2;;;.;2;2;;2;;1;11;;54;454.53924089
6,003,766;1;5;1;80;54;;;;1;4;;2;;;4;;2;2;;2;;1;11;1.3;54;565.00812128
6,003,767;1;2;1;80;54;2;;750,000;1;3;;2;;;9;;2;2;;2;;1;11;1.4;54;554.90911803
6,003,770;1;2;1;80;54;;;;1;4;;2;;;4;;2;2;;2;;1;11;4;54;534.63340533
6,003,770;1;3;1;80;54;;;;1;4;;2;;;4;;2;2;;2;;1;11;3;54;534.63340533
6,003,771;1;1;1;80;54;;;;2;;;;2;;;.;2;2;;2;;1;11;;54;553.23667093
6,003,771;1;3;1;80;54;;;;2;;;;2;;;.;2;2;;2;;1;11;;54;553.23667093
6,003,771;2;2;2;80;54;;;;2;;;;2;;;.;2;2;;2;;1;11;;54;553.23667093
6,003,772;1;1;1;80;54;;;;1;4;;2;;;8;;2;2;;2;;1;11;4;54;379.35587572
6,003,776;1;5;1;80;54;;;;1;4;;2;;;4;;2;2;;2;;1;11;3;54;488.86065235
6,003,777;1;3;1;80;54;;;;2;;;;2;;;.;2;2;;2;;1;11;;54;446.73116351
6,003,777;1;4;1;80;54;;;;2;;;;2;;;.;2;2;;2;;1;11;;54;446.73116351
6,003,778;1;1;1;80;54;;;;1;4;;2;;;4;;2;2;;2;;1;11;4;54;338.78690871
6,003,778;1;3;1;80;54;;;;1;4;;2;;;4;;2;2;;2;;1;11;4;54;338.78690871
6,003,780;1;1;1;80;54;;;;1;4;;2;;;9;;2;2;;2;;1;11;4;54;245.37645825
6,003,780;1;2;1;80;54;;;;1;4;;1;;2;1;;2;2;;2;;1;11;2;54;245.37645825
6,003,780;1;4;1;80;54;;;;1;3;;2;;;9;;2;2;;2;;1;11;3;54;245.37645825
6,003,782;1;5;1;80;54;;;;2;;;;2;;;.;;;;2;;1;11;;54;313.79106967
6,003,782;1;8;1;80;54;;;;1;4;;2;;;8;;2;2;;2;;1;11;4;54;313.79106967
6,003,782;1;9;1;80;54;;;;2;;;;2;;;.;2;2;;2;;1;11;;54;313.79106967
6,003,783;1;1;1;80;54;1;48;900,000;1;4;;2;;;4;;2;2;;2;;1;11;4;54;448.87059278
6,003,784;1;5;1;80;54;;;;2;;;;2;;;.;2;2;;2;;1;11;;54;474.71465003
6,003,786;1;2;1;80;54;;;;1;3;;2;;;9;;2;2;;2;;1;11;3;54;414.9137399
6,003,788;1;1;1;80;54;;;;1;7;;2;;;9;;2;2;;2;;1;11;4;54;398.98533109
6,003,789;1;1;1;80;54;;;;1;3;;2;;;9;;2;2;;2;;1;11;4;54;384.266675
6,003,789;1;2;1;80;54;;;;1;4;;2;;;4;;2;2;;2;;1;11;4;54;384.266675
6,003,791;1;1;1;80;54;;;;1;4;;2;;;4;;2;2;;2;;1;11;4;54;434.17863669
6,003,791;1;2;1;80;54;;;;1;8;;2;;;8;;2;2;;2;;1;11;3;54;434.17863669
6,003,793;1;4;1;80;54;;;;2;;;;2;;;.;;;;2;;1;11;;54;502.94456866
6,003,794;1;4;1;80;54;;;;1;8;;2;;;9;;2;2;;2;;1;11;4;54;376.77322857
6,003,795;1;1;1;80;54;;;;1;3;;2;;;9;;2;2;;2;;1;11;4;54;426.68519025
6,003,797;1;2;1;80;54;;;;2;;;;2;;;.;;;;2;;1;11;;54;408.7664879
6,003,807;1;3;1;80;54;;;;2;;;;2;;;.;2;2;;2;;1;11;;54;355.2206214
6,003,808;1;4;1;80;54;;;;2;;;;2;;;.;2;2;;2;;1;11;;54;547.48086893
6,003,809;1;2;1;80;54;;;;1;3;;2;;;9;;2;2;;2;;1;11;2;54;508.84111596
6,003,809;1;3;1;80;54;;;;2;;;;2;;;.;2;2;;2;;1;11;;54;508.84111596
6,003,810;1;1;1;80;54;;;;1;8;;2;;;9;;2;2;;2;;1;11;4;54;464.36083945
6,003,810;3;1;3;80;54;;;;1;4;;2;;;4;;2;2;;2;;1;11;4;54;464.36083945
6,003,812;1;2;1;80;54;;;;2;;;;2;;;.;2;2;;2;;1;11;;54;508.84111596
6,003,812;1;3;1;80;54;;;;2;;;;2;;;.;2;2;;2;;1;11;;54;508.84111596
6,003,815;1;4;1;80;54;;;;2;;;;2;;;.;2;2;;2;;1;11;;54;502.94456866
6,003,818;1;3;1;80;54;;;;2;;;;2;;;.;;;;2;;1;11;;54;530.39372313
6,003,819;1;2;1;80;54;;;;1;3;;2;;;9;;2;2;;2;;1;11;4;54;478.05330576
6,003,819;1;4;1;80;54;;;;2;;;;2;;;.;2;2;;2;;1;11;;54;478.05330576
6,003,821;1;1;1;80;54;;;;1;4;;2;;;4;;2;2;;2;;1;11;3;54;352.47753478
6,003,821;1;2;1;80;54;;;;2;;;;2;;;.;2;2;;2;;1;11;;54;352.47753478
6,003,821;1;4;1;80;54;;;;2;;;;2;;;.;2;2;;2;;1;11;;54;352.47753478
6,003,821;1;5;1;80;54;;;;2;;;;2;;;.;;;;2;;1;11;;54;352.47753478
6,003,821;1;6;1;80;54;;;;1;8;;2;;;4;;2;2;;2;;1;11;2;54;352.47753478
6,003,822;1;1;1;80;54;;;;2;;;;2;;;.;2;2;;2;;1;11;;54;541.19287163
6,003,822;1;3;1;80;54;;;;2;;;;2;;;.;2;2;;2;;1;11;;54;541.19287163
6,003,822;1;4;1;80;54;;;;2;;;;2;;;.;2;2;;2;;1;11;;54;541.19287163
6,003,822;1;5;1;80;54;;;;2;;;;2;;;.;2;2;;2;;1;11;;54;541.19287163
6,003,822;1;6;1;80;54;;;;2;;;;2;;;.;;;;2;;1;11;;54;541.19287163
6,003,823;1;2;1;80;54;1;48;1,014,980;1;3;;2;;;9;;2;2;;2;;1;11;1.1;54;458.92915428
6,003,823;1;3;1;80;54;;;;2;;;;2;;;.;2;2;;2;;1;11;;54;458.92915428
6,003,824;1;5;1;80;54;;;;1;8;;2;;;8;;2;2;;2;;1;11;1.3;54;433.88369991
6,003,825;1;2;1;80;54;2;;800,000;1;3;;2;;;9;;2;2;;2;;1;11;4;54;504.95650645
6,003,828;2;4;2;80;54;;;;2;;;;2;;;.;2;2;;2;;1;11;;54;475.21995391
6,003,833;1;1;1;80;54;;;;1;5;;2;;;10;;3;3;;2;;1;11;1.3;54;334.8600172
6,003,833;1;2;1;80;54;;;;1;3;;2;;;9;;2;2;;2;;1;11;4;54;334.8600172
6,003,834;1;5;1;80;54;;;;2;;;;2;;;.;;;;2;;1;11;;54;331.00047558
6,003,836;1;1;1;80;54;;;;1;8;;2;;;8;;2;2;;2;;1;11;4;54;423.3712901
6,003,837;1;3;1;80;54;;;;1;3;;2;;;9;;2;2;;2;;1;11;3;54;484.57457031
6,003,837;1;10;1;80;54;;;;1;3;;2;;;9;;2;2;;2;;1;11;3;54;484.57457031
6,003,839;1;1;1;80;54;;;;1;6;;1;;3;5;;2;2;;2;;1;11;4;54;443.9597935
6,003,840;1;1;1;80;54;1;48;700,000;1;3;;2;;;9;;2;2;;2;;1;11;1.4;54;404.14683506
6,003,840;1;2;1;80;54;1;48;800,000;1;4;;1;;1;4;;2;2;;2;;1;11;2;54;404.14683506
6,003,840;1;3;1;80;54;;;;1;3;;2;;;4;;2;2;;2;;1;11;4;54;404.14683506
6,003,841;1;1;1;80;54;;;;1;3;;2;;;9;;2;2;;2;;1;11;2;54;498.55465527
6,003,841;1;3;1;80;54;;;;2;;;;2;;;.;2;2;;2;;1;11;;54;498.55465527
6,003,845;1;2;1;80;54;;;;2;;;;2;;;.;2;2;;2;;1;11;;54;384.266675
6,003,847;1;1;1;80;54;;;;2;;;;2;;;.;2;2;;2;;1;11;;54;379.35587572
6,003,848;1;3;1;80;54;;;;1;4;;1;;4;8;;2;2;;2;;1;11;4;54;355.2206214
6,003,849;1;1;1;80;54;;;;1;4;;2;;;4;;2;2;;2;;1;11;4;54;430.40398656
6,003,849;1;3;1;80;54;;;;1;8;;2;;;5;;2;2;;2;;1;11;2;54;430.40398656
6,003,849;1;4;1;80;54;;;;2;;;;2;;;.;2;2;;2;;1;11;;54;430.40398656
6,003,850;1;4;1;80;54;;;;2;;;;2;;;.;;;;2;;1;11;;54;334.71927189
6,003,851;1;2;1;80;54;;;;1;8;;2;;;9;;2;2;;2;;1;11;4;54;480.48176145
6,003,851;1;3;1;80;54;;;;2;;;;2;;;.;;;;2;;1;11;;54;480.48176145
6,003,853;1;5;1;80;54;;;;2;;;;2;;;.;2;2;;2;;1;11;;54;383.34089295
6,003,855;1;2;1;80;54;;;;1;3;;2;;;9;;2;2;;2;;1;11;4;54;508.84111596
6,003,855;1;3;1;80;54;;;;2;;;;2;;;.;;;;2;;1;11;;54;508.84111596
6,003,856;1;1;1;80;54;;;;2;;;;2;;;.;2;2;;2;;1;11;;54;282.10650558
6,003,856;1;3;1;80;54;;;;1;8;;2;;;2;;2;2;;2;;1;11;2;54;282.10650558
6,003,856;1;4;1;80;54;;;;2;;;;2;;;.;2;2;;2;;1;11;;54;282.10650558
6,003,856;1;6;1;80;54;;;;2;;;;2;;;.;2;2;;2;;1;11;;54;282.10650558
6,003,856;1;7;1;80;54;;;;2;;;;2;;;.;;;;2;;1;11;;54;282.10650558
6,003,860;1;1;1;80;54;;;;1;3;;2;;;4;;2;2;;2;;1;11;4;54;483.92820881
6,003,861;1;3;1;80;54;;;;2;;;;2;;;.;;;;2;;1;11;;54;434.03789138
6,003,864;1;3;1;80;54;2;;600,000;2;;;;2;;;.;2;2;;2;;1;11;;54;382.88947698
6,003,864;1;4;1;80;54;;;;2;;;;2;;;.;2;2;;2;;1;11;;54;382.88947698
6,003,865;1;2;1;80;54;;;;1;8;;2;;;9;;2;2;;2;;1;11;3;54;455.59049855
6,003,865;1;3;1;80;54;;;;2;;;;2;;;.;;;;2;;1;11;;54;455.59049855
6,003,870;1;2;1;80;54;;;;1;3;;1;;1;1;;2;2;;2;;1;11;2;54;464.82570158
6,003,872;1;2;1;80;54;;;;1;8;;2;;;9;;2;2;;2;;1;11;4;54;414.9137399
6,003,874;1;3;1;80;54;;;;2;;;;2;;;.;;;;2;;1;11;;54;508.84111596
6,003,875;1;2;1;80;54;;;;2;;;;2;;;.;2;2;;2;;1;11;;54;627.28388693
6,003,875;1;4;1;80;54;;;;2;;;;2;;;.;;;;2;;1;11;;54;627.28388693
6,003,877;1;1;1;80;54;;;;1;7;;2;;;9;;2;2;;2;;1;11;4;54;279.93695268
6,003,877;1;2;1;80;54;;;;1;7;;2;;;4;;2;2;;2;;1;11;4;54;279.93695268
6,003,877;1;6;1;80;54;;;;2;;;;2;;;.;;;;2;;1;11;;54;279.93695268
6,003,878;1;1;1;80;54;;;;1;4;;2;;;8;;2;2;;2;;1;11;2;54;384.266675
6,003,878;1;2;1;80;54;;;;1;3;;2;;;9;;2;2;;2;;1;11;4;54;384.266675
6,003,879;1;2;1;80;54;;;;2;;;;2;;;.;2;2;;2;;1;11;;54;454.53924089
6,003,880;1;2;1;80;54;;;;2;;;;2;;;.;;;;2;;1;11;;54;499.60591293
6,003,881;1;1;1;80;54;1;48;1,000,000;1;6;;2;;;9;;2;2;;2;;1;11;1.3;54;389.64233642
6,003,883;1;3;1;80;54;;;;2;;;;2;;;.;2;2;;2;;1;11;;54;483.94985307
6,003,885;1;1;1;80;54;;;;1;3;;2;;;9;;2;2;;2;;1;11;4;54;379.35587572
6,003,887;1;2;1;80;54;;;;1;4;;2;;;4;;2;2;;2;;1;11;4;54;319.66275722
6,003,889;1;2;1;80;54;;;;1;3;;2;;;9;;2;2;;2;;1;11;4;54;463.83995356
6,003,889;1;4;1;80;54;;;;2;;;;2;;;.;2;2;;2;;1;11;;54;463.83995356
6,003,890;1;1;1;80;54;;;;1;5;;2;;;10;;3;3;;2;;1;11;4;54;274.18115068
6,003,890;1;3;1;80;54;;;;1;8;;2;;;8;;2;2;;2;;1;11;4;54;274.18115068
6,003,890;1;6;1;80;54;;;;2;;;;2;;;.;;;;2;;1;11;;54;274.18115068
6,003,891;1;1;1;80;54;;;;1;4;;2;;;8;;2;2;;2;;1;11;4;54;384.266675
6,003,892;1;3;1;80;54;;;;2;;;;2;;;.;;;;2;;1;11;;54;460.50129783
6,003,893;1;1;1;80;54;;;;1;3;;2;;;9;;2;2;;2;;1;11;3;54;458.92915428
6,003,893;1;3;1;80;54;;;;2;;;;2;;;.;2;2;;2;;1;11;;54;458.92915428
6,003,894;1;2;1;80;54;;;;1;3;;2;;;9;;2;2;;2;;1;11;2;54;480.48176145
6,003,894;1;3;1;80;54;;;;2;;;;2;;;.;;;;2;;1;11;;54;480.48176145
6,003,896;1;3;1;80;54;;;;2;;;;2;;;.;2;2;;2;;1;11;;54;399.53128487
6,003,897;2;1;2;80;54;;;;1;4;;2;;;4;;2;2;;2;;1;11;4;54;456.78250152
6,003,899;1;3;1;80;54;;;;2;;;;2;;;.;2;2;;2;;1;11;;54;362.30097358
6,003,899;1;5;1;80;54;;;;2;;;;2;;;.;;;;2;;1;11;;54;362.30097358
6,003,901;1;2;1;80;54;;;;1;3;;2;;;9;;2;2;;2;;1;11;3;54;436.46634707
6,003,902;1;3;1;80;54;;;;2;;;;2;;;.;;;;2;;1;11;;54;374.34477288
6,003,902;1;4;1;80;54;;;;1;3;;2;;;9;;2;2;;2;;1;11;4;54;374.34477288
6,003,903;1;1;1;80;54;;;;1;4;;2;;;4;;2;2;;2;;1;11;3;54;514.23235938
6,003,904;1;2;1;80;54;;;;1;3;;2;;;9;;2;2;;2;;1;11;2;54;486.37830875
6,003,906;1;3;1;80;54;;;;2;;;;2;;;.;;;;2;;1;11;;54;434.03789138
6,003,908;1;3;1;80;54;;;;2;;;;2;;;.;2;2;;2;;1;11;;54;530.66732797
6,003,911;1;1;1;80;54;;;;1;3;;2;;;9;;2;2;;2;;1;11;1.2;54;434.03789138
6,003,911;1;3;1;80;54;;;;2;;;;2;;;.;2;2;;2;;1;11;;54;434.03789138
6,003,912;1;2;1;80;54;;;;2;;;;2;;;.;2;2;;2;;1;11;;54;486.37830875
6,003,913;1;2;1;80;54;;;;2;;;;2;;;.;2;2;;2;;1;11;;54;358.85452622
6,003,914;1;4;1;80;54;;;;2;;;;2;;;.;2;2;;2;;1;11;;54;478.05330576
6,003,915;1;1;1;80;54;1;24;780,000;1;4;;2;;;4;;2;2;;2;;1;11;3;54;326.38082274
6,003,915;1;4;1;80;54;;;;2;;;;2;;;.;2;2;;2;;1;11;;54;326.38082274
6,003,915;1;7;1;80;54;;;;1;4;;2;;;4;;2;2;;2;;1;11;4;54;326.38082274
6,003,916;1;1;1;80;54;2;;800,000;1;8;;2;;;9;;2;2;;2;;1;11;1.3;54;464.82570158
6,003,919;1;2;1;80;54;;;;1;3;;2;;;9;;2;2;;2;;1;11;4;54;483.94985307
6,003,919;1;3;1;80;54;;;;2;;;;2;;;.;2;2;;2;;1;11;;54;483.94985307
6,003,920;1;3;1;80;54;;;;2;;;;2;;;.;;;;2;;1;11;;54;480.48176145
6,003,921;1;3;1;80;54;;;;2;;;;2;;;.;2;2;;2;;1;11;;54;388.6565884
6,003,922;1;2;1;80;54;;;;2;;;;2;;;.;2;2;;2;;1;11;;54;280.03725624
6,003,923;1;2;1;80;54;;;;2;;;;2;;;.;2;2;;2;;1;11;;54;402.8699406
6,003,923;1;3;1;80;54;;;;2;;;;2;;;.;;;;2;;1;11;;54;402.8699406
6,003,924;1;1;1;80;54;1;48;1,014,980;1;4;;2;;;9;;2;2;;2;;1;11;3;54;361.2829819
6,003,925;1;1;1;80;54;2;;800,000;1;4;;2;;;9;;2;2;;2;;1;11;4;54;415.41904378
6,003,926;1;4;1;80;54;;;;1;4;;2;;;4;;2;2;;2;;1;11;4;54;376.77322857
6,003,933;1;3;1;80;54;;;;2;;;;2;;;.;;;;2;;1;11;;54;497.17745725
6,003,933;1;4;1;80;54;;;;2;;;;2;;;.;2;2;;2;;1;11;;54;497.17745725
6,003,935;1;1;1;80;54;2;;600,000;2;;;;1;2;4;;2;2;;2;;1;11;;54;414.9137399
6,003,936;1;3;1;80;54;;;;2;;;;2;;;.;;;;2;;1;11;;54;517.0576173
6,003,936;1;5;1;80;54;;;;2;;;;2;;;.;2;2;;2;;1;11;;54;517.0576173
6,003,936;1;6;1;80;54;;;;2;;;;2;;;.;;;;2;;1;11;;54;517.0576173
6,003,937;1;1;1;80;54;;;;1;8;;2;;;8;;2;2;;2;;1;11;4;54;324.57355651
6,003,937;1;2;1;80;54;;;;1;8;;1;;4;8;;2;2;;2;;1;11;4;54;324.57355651
6,003,938;1;2;1;80;54;;;;2;;;;2;;;.;;;;2;;1;11;;54;383.74578912
6,003,939;1;1;1;80;54;;;;1;4;;2;;;4;;2;2;;2;;1;11;4;54;403.39082649
6,003,939;1;3;1;80;54;;;;2;;;;2;;;.;2;2;;2;;1;11;;54;403.39082649
6,003,944;1;1;1;80;54;;;;1;4;;2;;;4;;2;2;;2;;1;11;4;54;219.52449711
6,003,944;1;4;1;80;54;;;;1;4;;2;;;4;;2;2;;2;;1;11;4;54;219.52449711
6,003,945;1;1;1;80;54;;;;1;4;;2;;;4;;2;2;;2;;1;11;4;54;219.52449711
6,003,945;1;2;1;80;54;;;;1;3;;2;;;9;;2;2;;2;;1;11;4;54;219.52449711
6,003,950;1;2;1;80;54;;;;1;8;;2;;;9;;2;2;;2;;1;11;3;54;426.68519025
6,003,950;1;5;1;80;54;;;;1;8;;2;;;9;;2;2;;2;;1;11;4;54;426.68519025
6,003,951;1;2;1;80;54;;;;1;3;;2;;;9;;2;2;;2;;1;11;4;54;478.05330576
6,003,951;1;4;1;80;54;;;;2;;;;2;;;.;2;2;;2;;1;11;;54;478.05330576
6,003,952;1;2;1;80;54;;;;1;3;;2;;;9;;2;2;;2;;1;11;1.3;54;583.26847255
6,003,953;1;2;1;80;54;;;;2;;;;2;;;.;2;2;;2;;1;11;;54;358.85452622
6,003,954;1;1;1;80;54;;;;1;4;;2;;;4;;2;2;;2;;1;11;4;54;384.266675
6,003,954;1;2;1;80;54;;;;2;;;;2;;;.;2;2;;2;;1;11;;54;384.266675
6,003,955;1;4;1;80;54;;;;2;;;;2;;;.;2;2;;2;;1;11;;54;418.65543635
6,003,955;1;5;1;80;54;;;;2;;;;2;;;.;2;2;;2;;1;11;;54;418.65543635
6,003,958;1;3;1;80;54;;;;2;;;;2;;;.;2;2;;2;;1;11;;54;447.39065886
6,003,958;1;4;1;80;54;;;;2;;;;2;;;.;2;2;;2;;1;11;;54;447.39065886
6,003,958;1;5;1;80;54;;;;2;;;;2;;;.;;;;2;;1;11;;54;447.39065886
6,003,959;1;3;1;80;54;;;;2;;;;2;;;.;;;;2;;1;11;;54;239.46828922
6,003,960;1;5;1;80;54;;;;2;;;;2;;;.;;;;2;;1;11;;54;394.01060556
6,003,961;1;1;1;80;54;;;;1;7;;2;;;8;;2;2;;2;;1;11;3;54;564.7307166
6,003,961;1;2;1;80;54;;;;2;;;;2;;;.;2;2;;2;;1;11;;54;564.7307166
6,003,962;1;1;1;80;54;;;;1;6;;2;;;1;;2;2;;2;;1;11;3;54;407.78073988
6,003,962;1;3;1;80;54;;;;2;;;;2;;;.;2;2;;2;;1;11;;54;407.78073988
6,003,962;1;4;1;80;54;;;;2;;;;2;;;.;;;;2;;1;11;;54;407.78073988
6,003,963;1;2;1;80;54;;;;2;;;;2;;;.;2;2;;2;;1;11;;54;358.85452622
6,003,966;1;2;1;80;54;;;;1;4;;2;;;8;;2;2;;2;;1;11;4;54;284.94805552
6,003,969;1;2;1;80;54;;;;1;9;POR PANDEMIA;2;;;1;;2;2;;2;;1;11;2;54;480.48176145
6,003,969;1;3;1;80;54;;;;2;;;;2;;;.;2;2;;2;;1;11;;54;480.48176145
6,003,972;1;1;1;80;54;;;;2;;;;2;;;.;2;2;;2;;1;11;;54;284.42716963
6,003,972;1;2;1;80;54;;;;2;;;;2;;;.;2;2;;2;;1;11;;54;284.42716963
6,003,973;1;2;1;80;54;;;;2;;;;2;;;.;2;2;;2;;1;11;;54;438.94869066
6,003,974;1;1;1;80;54;;;;1;3;;2;;;1;;2;2;;2;;1;11;2;54;362.30097358
6,003,974;1;4;1;80;54;;;;2;;;;2;;;.;2;2;;2;;1;11;;54;362.30097358
6,003,974;1;5;1;80;54;;;;1;3;;2;;;9;;2;2;;2;;1;11;4;54;362.30097358
6,003,975;1;2;1;80;54;;;;1;3;;2;;;9;;2;2;;2;;1;11;1.1;54;459.45004017
6,003,976;1;2;1;80;54;;;;2;;;;2;;;.;;;;2;;1;11;;54;563.21247677
6,003,978;1;1;1;80;54;;;;1;3;;2;;;9;;2;2;;2;;1;11;1.1;54;436.97165095
6,003,978;1;3;1;80;54;;;;1;3;;2;;;9;;2;2;;2;;1;11;3;54;436.97165095
6,003,979;1;2;1;80;54;;;;2;;;;2;;;.;2;2;;2;;1;11;;54;424.42254777
6,003,979;1;3;1;80;54;;;;2;;;;2;;;.;;;;2;;1;11;;54;424.42254777
6,003,981;1;2;1;80;54;;;;1;3;;2;;;9;;2;2;;2;;1;11;4;54;478.93875023
6,003,982;1;2;1;80;54;2;;800,000;1;8;;2;;;8;;2;2;;2;;1;11;4;54;363.61113403
6,003,984;1;4;1;80;54;;;;2;;;;2;;;.;;;;2;;1;11;;54;499.60591293
6,003,985;1;1;1;80;54;;;;1;4;;2;;;4;;2;2;;2;;1;11;4;54;384.266675
6,003,987;1;1;1;80;54;;;;1;3;;2;;;9;;2;2;;2;;1;11;3;54;324.69903212
6,003,988;1;1;1;80;54;;;;1;3;;2;;;9;;2;2;;2;;1;11;1.1;54;507.93091592
6,003,989;1;1;1;80;54;;;;1;8;;2;;;8;;2;2;;2;;1;11;4;54;443.9597935
6,003,993;1;2;1;80;54;;;;1;8;;2;;;9;;2;2;;2;;1;11;4;54;306.86522126
6,003,993;1;3;1;80;54;;;;1;8;;2;;;2;;2;2;;2;;1;11;2;54;306.86522126
6,003,995;1;2;1;80;54;;;;1;8;;2;;;9;;2;2;;2;;1;11;4;54;382.88947698
6,003,995;1;4;1;80;54;;;;2;;;;2;;;.;2;2;;2;;1;11;;54;382.88947698
6,003,996;1;1;1;80;54;;;;1;3;;2;;;8;;2;2;;2;;1;11;4;54;379.35587572
6,003,997;1;2;1;80;54;;;;2;;;;2;;;.;2;2;;2;;1;11;;54;353.98416869
6,003,997;1;4;1;80;54;;;;2;;;;2;;;.;2;2;;2;;1;11;;54;353.98416869
6,003,998;1;4;1;80;54;;;;1;3;;2;;;9;;2;2;;2;;1;11;4;54;349.0733694
6,003,999;1;5;1;80;54;;;;1;4;;2;;;4;;2;2;;2;;1;11;4;54;426.68519025
6,004,000;1;1;1;80;54;;;;1;5;;2;;;10;;3;3;;2;;1;11;4;54;519.14315867
6,004,001;1;1;1;80;54;;;;1;5;;2;;;10;;3;3;;2;;1;11;4;54;306.50066268
6,004,001;1;2;1;80;54;;;;1;3;;2;;;9;;2;2;;2;;1;11;4;54;306.50066268
6,004,002;1;1;1;80;54;;;;1;3;;2;;;9;;2;2;;2;;1;11;4;54;334.71927189
6,004,002;1;2;1;80;54;;;;2;;;;2;;;.;2;2;;2;;1;11;;54;334.71927189
6,004,002;1;3;1;80;54;;;;2;;;;2;;;.;2;2;;2;;1;11;;54;334.71927189
6,004,003;1;1;1;80;54;;;;1;4;;2;;;4;;2;2;;2;;1;11;4;54;443.9597935
6,004,004;1;1;1;80;54;;;;1;4;;2;;;8;;2;2;;2;;1;11;4;54;454.53924089
6,004,005;1;4;1;80;54;;;;1;4;;2;;;4;;2;2;;2;;1;11;4;54;351.50182509
6,004,006;1;5;1;80;54;;;;2;;;;2;;;.;;;;2;;1;11;;54;355.89173848
6,004,007;1;3;1;80;54;;;;2;;;;2;;;.;2;2;;2;;1;11;;54;478.05330576
6,004,007;1;4;1;80;54;;;;2;;;;2;;;.;;;;2;;1;11;;54;478.05330576
6,004,009;1;3;1;80;54;2;;800,000;1;2;;2;;;2;;2;2;;2;;1;11;2;54;553.23667093
6,004,009;1;4;1;80;54;;;;2;;;;2;;;.;2;2;;2;;1;11;;54;553.23667093
6,004,009;1;5;1;80;54;;;;1;4;;2;;;4;;2;2;;2;;1;11;1.2;54;553.23667093
6,004,010;1;4;1;80;54;;;;2;;;;2;;;.;2;2;;2;;1;11;;54;522.06872014
6,004,010;1;5;1;80;54;;;;2;;;;2;;;.;;;;2;;1;11;;54;522.06872014
6,004,011;1;2;1;80;54;;;;1;3;;2;;;9;;2;2;;2;;1;11;2;54;514.73766327
6,004,012;1;2;1;80;54;;;;1;3;;2;;;9;;2;2;;2;;1;11;4;54;284.94805552
6,004,012;1;3;1;80;54;;;;2;;;;2;;;.;2;2;;2;;1;11;;54;284.94805552
6,004,013;1;1;1;80;54;;;;2;;;;2;;;.;2;2;;2;;1;11;;54;379.35587572
6,004,015;1;2;1;80;54;;;;2;;;;2;;;.;;;;2;;1;11;;54;405.29839628
6,004,016;1;1;1;80;54;;;;1;3;;2;;;9;;2;2;;2;;1;11;4;54;384.266675
6,004,018;1;3;1;80;54;2;;600,000;2;;;;1;2;2;;2;2;;2;;1;11;;54;517.67880675
6,004,021;1;2;1;80;54;;;;2;;;;2;;;.;2;2;;2;;1;11;;54;324.5579745
6,004,022;1;2;1;80;54;;;;1;3;;2;;;9;;2;2;;2;;1;11;4;54;529.72260605
6,004,023;1;3;1;80;54;;;;2;;;;2;;;.;2;2;;2;;1;11;;54;577.37192525
6,004,025;1;2;1;80;54;;;;1;3;;2;;;9;;2;2;;2;;1;11;4;54;436.46634707
6,004,027;1;1;1;80;54;;;;1;4;;2;;;8;;2;2;;2;;1;11;4;54;447.40624087
6,004,027;1;2;1;80;54;;;;1;3;;2;;;9;;2;2;;2;;1;11;4;54;447.40624087
6,004,027;1;4;1;80;54;;;;2;;;;2;;;.;2;2;;2;;1;11;;54;447.40624087
6,004,028;1;1;1;80;54;;;;1;4;;2;;;8;;2;2;;2;;1;11;4;54;379.35587572
6,004,031;1;1;1;80;54;;;;1;3;;2;;;9;;2;2;;2;;1;11;4;54;384.266675
6,004,031;1;2;1;80;54;;;;1;4;;2;;;4;;2;2;;2;;1;11;4;54;384.266675
6,004,032;1;3;1;80;54;;;;2;;;;2;;;.;2;2;;2;;1;11;;54;418.65543635
6,004,033;1;1;1;80;54;;;;1;4;;2;;;4;;2;2;;2;;1;11;2;54;448.23779742
6,004,033;1;2;1;80;54;;;;1;3;;2;;;9;;2;2;;2;;1;11;2;54;448.23779742
6,004,035;1;1;1;80;54;;;;1;5;;2;;;4;;3;3;;2;;1;11;4;54;413.67728718
6,004,035;1;2;1;80;54;;;;1;8;;2;;;9;;2;2;;2;;1;11;2;54;413.67728718
6,004,038;1;2;1;80;54;;;;1;4;;2;;;4;;2;2;;2;;1;11;1.3;54;464.82570158
6,004,040;1;1;1;80;54;;;;1;8;;2;;;9;;2;2;;2;;1;11;4;54;446.88535498
6,004,040;1;4;1;80;54;;;;2;;;;2;;;.;2;2;;2;;1;11;;54;446.88535498
6,004,042;1;3;1;80;54;;;;2;;;;2;;;.;;;;2;;1;11;;54;458.92915428
6,004,043;1;1;1;80;54;;;;2;;;;2;;;.;2;2;;2;;1;11;;54;394.5531357
6,004,045;1;2;1;80;54;;;;1;4;;2;;;9;;2;2;;2;;1;11;1.1;54;384.266675
6,004,049;1;1;1;80;54;1;48;908,526;2;;;;2;;;.;2;2;;2;;1;11;;54;458.1731457
6,004,063;1;2;1;80;66;;;;1;3;;2;;;8;;2;2;;2;;1;11;2;66;329.89833675
6,004,064;1;1;1;80;66;;;;2;;;;2;;;.;2;2;;2;;1;11;;66;495.4078277
6,004,064;1;2;1;80;66;;;;2;;;;2;;;.;2;2;;2;;1;11;;66;495.4078277
6,004,064;1;4;1;80;66;;;;2;;;;2;;;.;;;;2;;1;11;;66;495.4078277
6,004,064;1;5;1;80;66;;;;1;4;;2;;;9;;2;2;;2;;1;11;3;66;495.4078277
6,004,067;1;2;1;80;66;;;;1;3;;2;;;9;;2;2;;2;;1;11;3;66;504.15704935
6,004,070;1;4;1;80;66;;;;1;1;;2;;;9;;2;2;;2;;1;11;2;66;323.23349614
6,004,074;1;2;1;80;66;;;;1;3;;2;;;9;;2;2;;2;;1;11;3;66;385.03119927
6,004,076;1;1;1;80;66;;;;1;6;;2;;;8;;2;2;;2;;1;11;4;66;416.43146766
6,004,076;1;2;1;80;66;;;;1;7;;2;;;8;;2;2;;2;;1;11;4;66;416.43146766
6,004,077;1;1;1;80;66;2;;600,000;1;4;;2;;;4;;2;2;;2;;1;11;2;66;386.64738799
6,004,077;1;3;1;80;66;;;;2;;;;2;;;.;;;;2;;1;11;;66;386.64738799
6,004,078;1;1;1;80;66;;;;1;3;;2;;;9;;2;2;;2;;1;11;2;66;750.61878512
6,004,078;1;4;1;80;66;;;;2;;;;2;;;.;2;2;;2;;1;11;;66;750.61878512
6,004,080;1;2;1;80;66;;;;1;3;;2;;;9;;2;2;;2;;1;11;4;66;329.89833675
6,004,081;1;1;1;80;66;;;;1;7;;1;;4;1;;1;2;;2;;1;11;4;66;326.84828855
6,004,081;1;3;1;80;66;;;;1;7;;1;;4;1;;2;2;;2;;1;11;4;66;326.84828855
6,004,083;1;1;1;80;66;;;;1;5;;2;;;10;;2;2;;2;;1;11;4;66;368.21338042
6,004,085;1;2;1;80;66;;;;2;;;;2;;;.;2;2;;2;;1;11;;66;326.06717608
6,004,086;1;1;1;80;66;;;;2;;;;2;;;.;2;2;;2;;1;11;;66;323.4178828
6,004,086;1;3;1;80;66;;;;2;;;;2;;;.;2;2;;2;;1;11;;66;323.4178828
6,004,086;1;4;1;80;66;;;;2;;;;2;;;.;;;;2;;1;11;;66;323.4178828
6,004,088;1;2;1;80;66;;;;1;3;;2;;;9;;2;2;;2;;1;11;4;66;347.53083448
6,004,089;1;2;1;80;66;;;;2;;;;2;;;.;2;2;;2;;1;11;;66;365.56408714
6,004,089;1;3;1;80;66;;;;2;;;;2;;;.;2;2;;2;;1;11;;66;365.56408714
6,004,090;1;1;1;80;66;;;;1;3;;2;;;9;;2;2;;2;;1;11;4;66;386.46300133
6,004,090;1;2;1;80;66;;;;1;3;;2;;;9;;2;2;;2;;1;11;4;66;386.46300133
6,004,090;1;3;1;80;66;;;;2;;;;2;;;.;;;;2;;1;11;;66;386.46300133
6,004,091;1;1;1;80;66;;;;1;9;QUERIA DESCANSAR;2;;;11;;2;2;;2;;1;11;4;66;347.53083448
6,004,091;1;2;1;80;66;;;;2;;;;2;;;.;2;2;;2;;1;11;;66;347.53083448
6,004,092;1;1;1;80;66;;;;1;9;LA EDAD;2;;;8;;3;3;;2;;1;11;4;66;347.53083448
6,004,092;1;2;1;80;66;;;;1;4;;2;;;4;;2;2;;2;;1;11;4;66;347.53083448
6,004,097;1;1;1;80;66;;;;1;5;;2;;;10;;3;3;;2;;1;11;4;66;330.95210279
6,004,100;1;2;1;80;66;;;;1;6;;2;;;6;;2;2;;2;;1;11;2;66;198.57126167
6,004,100;1;3;1;80;66;;;;2;;;;1;3;10;;3;3;;2;;1;11;;66;198.57126167
6,004,101;1;1;1;80;66;;;;2;;;;1;4;4;;2;2;;2;;1;11;;66;240.96595858
6,004,103;1;3;1;80;66;;;;2;;;;2;;;.;2;2;;2;;1;11;;66;197.47354633
6,004,103;1;4;1;80;66;;;;2;;;;2;;;.;2;2;;2;;1;11;;66;197.47354633
6,004,103;1;5;1;80;66;;;;2;;;;2;;;.;;;;2;;1;11;;66;197.47354633
6,004,107;1;2;1;80;66;;;;2;;;;2;;;.;2;2;;2;;1;11;;66;216.3104956
6,004,107;1;3;1;80;66;;;;2;;;;2;;;.;2;2;;2;;1;11;;66;216.3104956
6,004,108;1;4;1;80;66;;;;2;;;;2;;;.;2;2;;2;;1;11;;66;252.65862275
6,004,110;1;3;1;80;66;;;;2;;;;2;;;.;;;;2;;1;11;;66;329.45170155
6,004,111;1;2;1;80;66;;;;2;;;;2;;;.;2;2;;2;;1;11;;66;241.5982182
6,004,118;1;1;1;80;66;;;;2;;;;2;;;.;2;2;;2;;1;11;;66;275.81924027
6,004,118;1;2;1;80;66;;;;2;;;;2;;;.;2;2;;2;;1;11;;66;275.81924027
6,004,118;1;3;1;80;66;;;;1;3;;2;;;9;;2;2;;2;;1;11;4;66;275.81924027
6,004,119;1;1;1;80;66;;;;1;4;;2;;;4;;2;2;;2;;1;11;4;66;343.69967382
6,004,119;1;2;1;80;66;;;;1;2;;2;;;2;;2;2;;2;;1;11;2;66;343.69967382
6,004,122;1;1;1;80;66;;;;1;5;;2;;;10;;3;3;;2;;1;11;3;66;347.53083448
6,004,122;1;2;1;80;66;;;;1;5;;2;;;10;;3;3;;2;;1;11;3;66;347.53083448
6,004,123;1;3;1;80;66;;;;2;;;;2;;;.;2;2;;2;;1;11;;66;504.3734176
6,004,124;1;2;1;80;66;;;;2;;;;2;;;.;2;2;;2;;1;11;;66;314.53503886
6,004,125;1;2;1;80;66;;;;2;;;;2;;;.;2;2;;2;;1;11;;66;674.03989429
6,004,127;1;2;1;80;66;;;;2;;;;2;;;.;;;;2;;1;11;;66;368.61413534
6,004,128;1;2;1;80;66;;;;2;;;;2;;;.;2;2;;2;;1;11;;66;402.66369701
6,004,129;1;4;1;80;66;;;;1;2;;2;;;2;;2;2;;2;;1;11;1.4;66;604.59706779
6,004,129;1;5;1;80;66;;;;2;;;;2;;;.;2;2;;2;;1;11;;66;604.59706779
6,004,130;1;1;1;80;66;;;;1;4;;2;;;4;;2;2;;2;;1;11;1.4;66;467.11213998
6,004,130;1;5;1;80;66;;;;2;;;;2;;;.;2;2;;2;;1;11;;66;467.11213998
6,004,131;1;1;1;80;66;;;;1;4;;2;;;4;;1;2;;2;;1;11;4;66;368.21338042
6,004,134;1;1;1;80;66;;;;1;6;;2;;;11;;2;2;;2;;1;11;4;66;401.60993096
6,004,135;1;1;1;80;66;;;;1;5;;2;;;10;;3;3;;2;;1;11;4;66;347.53083448
6,004,135;1;2;1;80;66;;;;1;5;;2;;;10;;3;3;;2;;1;11;4;66;347.53083448
6,004,137;1;1;1;80;66;;;;1;1;;1;;1;1;;2;2;;2;;1;11;2;66;440.5420978
6,004,137;1;2;1;80;66;;;;2;;;;2;;;.;2;2;;2;;1;11;;66;440.5420978
6,004,138;1;1;1;80;66;;;;2;;;;2;;;.;2;2;;2;;1;11;;66;368.21338042
6,004,139;1;1;1;80;66;;;;1;3;;2;;;9;;2;2;;2;;1;11;4;66;386.24663307
6,004,142;1;2;1;80;66;;;;1;3;;2;;;9;;2;2;;2;;1;11;4;66;528.8871242
6,004,143;1;3;1;80;66;;;;2;;;;2;;;.;;;;2;;1;11;;66;549.08616926
6,004,144;1;1;1;80;66;;;;1;5;;2;;;10;;3;3;;2;;1;11;4;66;293.85249292
6,004,144;1;2;1;80;66;;;;1;3;;2;;;9;;2;2;;2;;1;11;4;66;293.85249292
6,004,144;1;4;1;80;66;;;;2;;;;2;;;.;;;;2;;1;11;;66;293.85249292
6,004,146;1;3;1;80;66;;;;2;;;;2;;;.;2;2;;2;;1;11;;66;360.51749267
6,004,147;1;1;1;80;66;;;;1;5;;2;;;10;;3;3;;2;;1;11;4;66;381.98115107
6,004,147;1;2;1;80;66;;;;2;;;;2;;;.;2;2;;2;;1;11;;66;381.98115107
6,004,148;1;2;1;80;66;;;;2;;;;2;;;.;2;2;;2;;1;11;;66;368.61413534
6,004,150;1;2;1;80;66;;;;2;;;;2;;;.;2;2;;2;;1;11;;66;242.42268972
6,004,152;1;3;1;80;66;;;;2;;;;2;;;.;;;;2;;1;11;;66;454.09350021
6,004,153;1;2;1;80;66;;;;1;5;;2;;;10;;2;2;;2;;1;11;2;66;385.03119927
6,004,155;1;2;1;80;66;;;;1;3;;2;;;9;;1;2;;2;;1;11;3;66;456.95916174
6,004,156;1;1;1;80;66;;;;2;;;;2;;;.;2;2;;2;;1;11;;66;278.86928847
6,004,156;1;2;1;80;66;;;;2;;;;2;;;.;2;2;;2;;1;11;;66;278.86928847
6,004,158;1;1;1;80;66;;;;1;3;;2;;;8;;2;2;;2;;1;11;4;66;296.5017862
6,004,160;1;1;1;80;66;;;;1;5;;2;;;10;;3;3;;2;;1;11;4;66;436.06024755
6,004,162;1;2;1;80;66;;;;2;;;;2;;;.;2;2;;2;;1;11;;66;360.51749267
6,004,162;1;3;1;80;66;;;;2;;;;2;;;.;;;;2;;1;11;;66;360.51749267
6,004,163;1;1;1;80;66;;;;1;5;;2;;;10;;3;3;;2;;1;11;4;66;347.9315894
6,004,163;1;2;1;80;66;;;;2;;;;2;;;.;2;2;;2;;1;11;;66;347.9315894
6,004,164;1;2;1;80;66;;;;1;3;;2;;;9;;2;2;;2;;1;11;4;66;360.51749267
6,004,165;1;3;1;80;66;;;;2;;;;2;;;.;2;2;;2;;1;11;;66;323.01712788
6,004,169;1;1;1;80;66;;;;1;3;;2;;;9;;2;2;;2;;1;11;4;66;305.6009984
6,004,169;1;2;1;80;66;;;;1;4;;2;;;4;;2;2;;2;;1;11;2;66;305.6009984
6,004,169;1;3;1;80;66;;;;2;;;;2;;;.;2;2;;2;;1;11;;66;305.6009984
6,004,169;1;4;1;80;66;;;;1;4;;2;;;4;;2;2;;2;;1;11;2;66;305.6009984
6,004,178;1;1;1;80;66;;;;1;7;;2;;;9;;2;2;;2;;1;11;1.2;66;497.67659541
6,004,178;1;4;1;80;66;;;;2;;;;2;;;.;2;2;;2;;1;11;;66;497.67659541
6,004,180;1;3;1;80;66;;;;2;;;;2;;;.;;;;2;;1;11;;66;474.99241439
6,004,183;1;1;1;80;66;;;;2;;;;2;;;.;2;2;;2;;1;11;;66;368.21338042
6,004,184;1;3;1;80;66;;;;1;7;;2;;;1;;2;2;;1;700,000;1;11;1.2;66;474.99241439
6,004,185;1;1;1;80;66;;;;1;4;;2;;;4;;1;2;;2;;1;11;1.3;66;345.93530725
6,004,185;1;4;1;80;66;;;;1;3;;2;;;9;;2;2;;2;;1;11;4;66;345.93530725
6,004,186;1;1;1;80;66;;;;1;4;;2;;;4;;2;2;;2;;1;11;4;66;368.21338042
6,004,187;1;2;1;80;66;;;;2;;;;2;;;.;2;2;;2;;1;11;;66;347.74720273
6,004,187;1;3;1;80;66;;;;1;3;;2;;;9;;2;2;;2;;1;11;4;66;347.74720273
6,004,189;1;1;1;80;66;;;;1;4;;2;;;4;;2;2;;2;;1;11;4;66;450.4787078
6,004,194;1;1;1;80;66;;;;1;4;;2;;;4;;2;2;;2;;1;11;4;66;296.5017862
6,004,195;1;2;1;80;66;;;;1;3;;2;;;9;;2;2;;2;;1;11;4;66;402.66369701
6,004,200;1;2;1;80;66;;;;2;;;;2;;;.;2;2;;2;;1;11;;66;528.8871242
6,004,202;1;2;1;80;66;;;;1;3;;2;;;9;;1;2;;2;;1;11;4;66;798.23505775
6,004,202;1;4;1;80;66;;;;2;;;;2;;;.;2;2;;2;;1;11;;66;798.23505775
6,004,203;1;1;1;80;66;;;;1;3;;2;;;9;;2;2;;2;;1;11;4;66;521.52241446
6,004,203;1;2;1;80;66;;;;1;4;;2;;;4;;2;2;;2;;1;11;2;66;521.52241446
6,004,203;1;5;1;80;66;;;;2;;;;2;;;.;2;2;;2;;1;11;;66;521.52241446
6,004,204;1;1;1;80;66;;;;1;4;;2;;;4;;2;2;;2;;1;11;4;66;306.16574261
6,004,204;1;2;1;80;66;;;;1;4;;2;;;4;;2;2;;2;;1;11;4;66;306.16574261
6,004,205;1;2;1;80;66;;;;2;;;;2;;;.;2;2;;2;;1;11;;66;364.34865333
6,004,208;1;2;1;80;66;;;;1;3;;2;;;4;;2;2;;2;;1;11;4;66;347.53083448
6,004,209;1;1;1;80;66;;;;1;7;;2;;;9;;2;2;;2;;1;11;4;66;272.76919207
6,004,209;1;2;1;80;66;;;;2;;;;2;;;.;2;2;;2;;1;11;;66;272.76919207
6,004,209;1;3;1;80;66;;;;2;;;;2;;;.;2;2;;2;;1;11;;66;272.76919207
6,004,209;1;4;1;80;66;;;;1;3;;2;;;9;;2;2;;2;;1;11;4;66;272.76919207
6,004,212;1;1;1;80;66;;;;1;4;;2;;;4;;2;2;;2;;1;11;2;66;401.60993096
6,004,213;1;3;1;80;66;;;;2;;;;2;;;.;;;;2;;1;11;;66;386.64738799
6,004,214;1;3;1;80;66;;;;1;3;;2;;;9;;2;2;;2;;1;11;4;66;330.95210279
6,004,221;1;2;1;80;66;;;;1;3;;2;;;9;;2;2;;2;;1;11;2;66;573.59987585
6,004,222;1;1;1;80;66;;;;1;3;;2;;;9;;2;2;;2;;1;11;4;66;274.22371304
6,004,222;1;4;1;80;66;;;;2;;;;2;;;.;2;2;;2;;1;11;;66;274.22371304
6,004,222;1;5;1;80;66;;;;2;;;;2;;;.;2;2;;2;;1;11;;66;274.22371304
6,004,222;1;6;1;80;66;;;;1;4;;2;;;9;;2;2;;2;;1;11;4;66;274.22371304
6,004,224;1;2;1;80;68;;;;1;4;;2;;;4;;2;2;;2;;1;11;4;68;471.94942121
6,004,225;1;1;1;80;68;;;;1;4;;2;;;4;;2;2;;2;;1;11;4;68;633.74816857
6,004,226;1;2;1;80;68;1;48;908,000;1;4;;2;;;4;;2;2;;2;;1;11;4;68;471.81751116
6,004,226;1;5;1;80;68;1;48;900,000;1;3;;1;;4;9;;2;2;;2;;1;11;4;68;471.81751116
6,004,226;1;8;1;80;68;;;;2;;;;2;;;.;2;2;;2;;1;11;;68;471.81751116
6,004,230;1;2;1;80;68;;;;1;7;;2;;;9;;2;2;;2;;1;11;4;68;605.58880168
6,004,232;1;1;1;80;68;;;;1;6;;2;;;4;;2;2;;2;;1;11;3;68;758.99077184
6,004,234;1;1;1;80;68;1;48;908,600;1;9;PANDEMIA;2;;;8;;2;2;;2;;1;11;2;68;326.81755687
6,004,234;1;4;1;80;68;;;;1;3;;2;;;9;;2;2;;2;;1;11;3;68;326.81755687
6,004,234;1;5;1;80;68;;;;2;;;;2;;;.;2;2;;2;;1;11;;68;326.81755687
6,004,234;2;3;2;80;68;;;;2;;;;2;;;.;2;2;;2;;1;11;;68;326.81755687
6,004,235;1;1;1;80;68;;;;1;3;;2;;;11;;2;2;;2;;1;11;4;68;486.22723676
6,004,235;1;3;1;80;68;;;;1;4;;2;;;4;;2;2;;2;;1;11;4;68;486.22723676
6,004,235;1;5;1;80;68;;;;2;;;;2;;;.;2;2;;2;;1;11;;68;486.22723676
6,004,236;1;2;1;80;68;1;48;900,000;1;8;;2;;;12;POR FALTA DE DOCUMENTOS;2;2;;2;;1;11;3;68;572.63945844
6,004,236;1;3;1;80;68;;;;2;;;;2;;;.;2;2;;2;;1;11;;68;572.63945844
6,004,236;1;4;1;80;68;1;48;908,000;1;9;POR LA PANDEMIA;2;;;12;POR LA PANDEMIA;3;3;;2;;1;11;2;68;572.63945844
6,004,239;1;3;1;80;68;;;;2;;;;2;;;.;;;;2;;1;11;;68;768.47861103
6,004,239;1;5;1;80;68;;;;2;;;;2;;;.;;;;2;;1;11;;68;768.47861103
6,004,241;1;3;1;80;68;2;;1,014,000;2;;;;2;;;.;2;2;;2;;1;11;;68;514.38660365
6,004,242;1;1;1;80;68;;;;1;4;;2;;;4;;2;2;;2;;1;11;3;68;429.17736095
6,004,243;1;1;1;80;68;;;;1;3;;2;;;9;;2;2;;2;;1;11;4;68;641.81530661
6,004,243;1;2;1;80;68;;;;2;;;;2;;;.;2;2;;2;;1;11;;68;641.81530661
6,004,243;1;3;1;80;68;;;;2;;;;2;;;.;2;2;;2;;1;11;;68;641.81530661
6,004,244;1;3;1;80;68;;;;2;;;;2;;;.;;;;2;;1;11;;68;584.45719568
6,004,244;1;5;1;80;68;;;;1;4;;2;;;8;;2;2;;2;;1;11;4;68;584.45719568
6,004,244;1;6;1;80;68;;;;1;4;;2;;;8;;2;2;;2;;1;11;4;68;584.45719568
6,004,246;1;2;1;80;68;;;;2;;;;2;;;.;;;;2;;1;11;;68;503.29716286
6,004,247;1;2;1;80;68;;;;1;4;;2;;;4;;2;2;;2;;1;11;1.1;68;429.17736095
6,004,248;1;1;1;80;68;;;;1;5;;2;;;10;;3;3;;2;;1;11;4;68;440.20305695
6,004,248;1;2;1;80;68;;;;2;;;;2;;;.;2;2;;2;;1;11;;68;440.20305695
6,004,250;1;1;1;80;68;;;;1;4;;2;;;4;;3;3;;2;;1;11;3;68;558.36164289
6,004,250;1;2;1;80;68;2;;1,000,000;1;4;;2;;;4;;2;2;;2;;1;11;2;68;558.36164289
6,004,251;1;2;1;80;68;;;;1;3;;2;;;9;;2;2;;2;;1;11;4;68;616.61449768
6,004,252;1;1;1;80;68;;;;1;5;;2;;;11;;3;3;;2;;1;11;4;68;515.58958263
6,004,253;1;5;1;80;68;;;;1;2;;2;;;2;;2;2;;2;;1;11;1.3;68;615.07664087
6,004,256;1;1;1;80;68;;;;1;9;EDAD;2;;;8;;2;2;;2;;1;11;4;68;651.23181615
6,004,256;1;4;1;80;68;;;;1;2;;2;;;2;;2;2;;2;;1;11;1.2;68;651.23181615
6,004,256;1;7;1;80;68;;;;2;;;;2;;;.;2;2;;2;;1;11;;68;651.23181615
6,004,256;1;8;1;80;68;;;;2;;;;2;;;.;2;2;;2;;1;11;;68;651.23181615
6,004,257;1;1;1;80;68;;;;1;5;;2;;;4;;3;3;;2;;1;11;4;68;616.61449768
6,004,259;1;3;1;80;68;;;;2;;;;2;;;.;2;2;;2;;1;11;;68;582.89934582
6,004,260;1;4;1;80;68;;;;2;;;;2;;;.;2;2;;2;;1;11;;68;656.29085127
6,004,261;1;2;1;80;68;;;;1;4;;2;;;8;;2;2;;2;;1;11;4;68;440.20305695
6,004,262;1;2;1;80;68;;;;1;8;;2;;;2;;2;2;;2;;1;11;2;68;450.92010775
6,004,263;1;1;1;80;68;;;;1;3;;2;;;9;;2;2;;2;;1;11;4;68;515.58958263
6,004,264;1;1;1;80;68;;;;1;7;;2;;;10;;3;3;;2;;1;11;2;68;515.58958263
6,004,265;1;2;1;80;68;;;;1;3;;2;;;9;;2;2;;2;;1;11;3;68;616.61449768
6,004,267;1;4;1;80;68;;;;2;;;;2;;;.;2;2;;2;;1;11;;68;582.57933111
6,004,269;1;1;1;80;68;;;;2;;;;2;;;.;2;2;;2;;1;11;;68;515.58958263
6,004,270;1;1;1;80;68;;;;1;5;;2;;;10;;3;3;;2;;1;11;4;68;558.02676507
6,004,270;1;2;1;80;68;;;;2;;;;2;;;.;2;2;;2;;1;11;;68;558.02676507
6,004,272;1;2;1;80;68;;;;1;2;;2;;;2;;2;2;;2;;1;11;3;68;471.61454339
6,004,272;1;3;1;80;68;;;;1;3;;2;;;9;;2;2;;2;;1;11;4;68;471.61454339
6,004,275;1;1;1;80;68;;;;1;5;;2;;;10;;3;3;;2;;1;11;4;68;587.58702963
6,004,275;1;2;1;80;68;;;;1;3;;2;;;9;;2;2;;2;;1;11;4;68;587.58702963
6,004,277;1;6;1;80;68;;;;2;;;;2;;;.;;;;2;;1;11;;68;359.38068569
6,004,277;1;7;1;80;68;;;;2;;;;2;;;.;;;;2;;1;11;;68;359.38068569
6,004,277;1;9;1;80;68;;;;1;4;;2;;;4;;2;2;;2;;1;11;4;68;359.38068569
6,004,277;1;13;1;80;68;;;;1;2;;2;;;2;;2;2;;1;250,000;1;11;1.2;68;359.38068569
6,004,278;1;3;1;80;68;;;;2;;;;2;;;.;2;2;;2;;1;11;;68;648.02598412
6,004,280;1;3;1;80;68;;;;2;;;;2;;;.;2;2;;2;;1;11;;68;648.02598412
6,004,283;1;1;1;80;68;;;;1;5;;2;;;10;;3;3;;2;;1;11;4;68;555.60081404
6,004,286;1;1;1;80;68;;;;1;4;;2;;;4;;2;2;;2;;1;11;4;68;429.17736095
6,004,290;1;3;1;80;68;;;;2;;;;2;;;.;2;2;;2;;1;11;;68;600.79882533
6,004,291;1;3;1;80;68;;;;2;;;;2;;;.;;;;2;;1;11;;68;635.27640093
6,004,292;1;1;1;80;68;;;;1;5;;2;;;10;;3;3;;2;;1;11;4;68;633.74816857
6,004,293;1;5;1;80;68;2;;900,000;2;;;;2;;;.;2;2;;2;;1;11;;68;599.42908012
6,004,293;1;6;1;80;68;;;;2;;;;2;;;.;;;;2;;1;11;;68;599.42908012
6,004,294;1;2;1;80;68;;;;1;3;;2;;;9;;2;2;;2;;1;11;4;68;543.68015565
6,004,295;1;1;1;80;68;;;;1;3;;2;;;9;;2;2;;2;;1;11;3;68;627.01153377
6,004,297;1;1;1;80;68;2;;890,000;1;3;;2;;;9;;2;2;;2;;1;11;2;68;578.91627381
6,004,297;2;1;2;80;68;;;;1;4;;2;;;10;;3;3;;2;;1;11;3;68;578.91627381
6,004,297;3;1;3;80;68;;;;1;4;;2;;;4;;2;2;;2;;1;11;3;68;578.91627381
6,004,297;4;1;4;80;68;;;;1;4;;2;;;4;;2;2;;2;;1;11;3;68;578.91627381
6,004,297;5;1;5;80;68;;;;1;3;;2;;;8;;2;2;;2;;1;11;4;68;578.91627381
6,004,299;1;1;1;80;68;;;;1;3;;2;;;8;;2;2;;2;;1;11;4;68;515.58958263
6,004,302;1;1;1;80;68;;;;1;5;;2;;;10;;3;3;;2;;1;11;4;68;385.53719953
6,004,302;1;2;1;80;68;;;;1;1;;2;;;11;;2;2;;2;;1;11;3;68;385.53719953
6,004,303;1;4;1;80;68;;;;2;;;;2;;;.;2;2;;2;;1;11;;68;656.29085127
6,004,306;1;2;1;80;68;;;;1;4;;2;;;4;;2;2;;2;;1;11;4;68;558.36164289
6,004,307;1;4;1;80;68;;;;2;;;;2;;;.;2;2;;2;;1;11;;68;469.18859236
6,004,308;1;1;1;80;68;;;;1;5;;2;;;10;;3;3;;2;;1;11;4;68;578.0554387
6,004,308;1;2;1;80;68;1;48;908,000;1;1;;2;;;8;;2;2;;2;;1;11;1.4;68;578.0554387
6,004,308;1;4;1;80;68;;;;2;;;;1;4;9;;2;2;;2;;1;11;;68;578.0554387
6,004,310;1;1;1;80;68;;;;1;5;;2;;;11;;3;3;;2;;1;11;4;68;515.58958263
6,004,311;1;1;1;80;68;;;;1;5;;2;;;10;;3;3;;2;;1;11;4;68;515.58958263
6,004,312;1;3;1;80;68;;;;2;;;;2;;;.;2;2;;2;;1;11;;68;563.53080338
6,004,312;1;4;1;80;68;;;;2;;;;2;;;.;2;2;;2;;1;11;;68;563.53080338
6,004,313;1;1;1;80;68;;;;1;5;;2;;;10;;3;3;;2;;1;11;4;68;480.11136721
6,004,313;1;2;1;80;68;;;;1;3;;2;;;9;;2;2;;2;;1;11;4;68;480.11136721
6,004,315;1;1;1;80;68;;;;1;5;;2;;;8;;3;3;;2;;1;11;4;68;659.38655794
6,004,316;1;5;1;80;68;;;;2;;;;2;;;.;;;;2;;1;11;;68;733.23522681
6,004,318;1;1;1;80;68;;;;1;5;;2;;;10;;3;3;;2;;1;11;4;68;558.36164289
6,004,318;1;2;1;80;68;;;;2;;;;2;;;.;2;2;;2;;1;11;;68;558.36164289
6,004,319;1;1;1;80;68;;;;1;5;;2;;;8;;3;3;;2;;1;11;4;68;558.36164289
6,004,319;1;2;1;80;68;;;;1;9;POR LA PANDEMIA;1;;2;4;;2;2;;2;;1;11;2;68;558.36164289
6,004,320;1;3;1;80;68;;;;2;;;;2;;;.;2;2;;2;;1;11;;68;700.40303923
6,004,321;1;2;1;80;68;;;;2;;;;2;;;.;;;;2;;1;11;;68;511.2420153
6,004,321;1;6;1;80;68;;;;1;4;;2;;;4;;2;2;;2;;1;11;1.2;68;511.2420153
6,004,323;1;4;1;80;68;;;;2;;;;2;;;.;2;2;;2;;1;11;;68;656.29085127
6,004,324;1;3;1;80;68;;;;1;3;;2;;;9;;2;2;;2;;1;11;4;68;459.1849749
6,004,326;1;2;1;80;68;;;;2;;;;2;;;.;;;;2;;1;11;;68;599.37812418
6,004,327;1;2;1;80;68;;;;1;3;;2;;;9;;2;2;;2;;1;11;1.4;68;574.63447867
6,004,332;1;1;1;80;68;;;;1;5;;2;;;10;;3;3;;2;;1;11;4;68;558.36164289
6,004,332;1;2;1;80;68;;;;2;;;;2;;;.;2;2;;2;;1;11;;68;558.36164289
6,004,336;1;1;1;80;68;2;;908,526;1;3;;2;;;4;;2;2;;2;;1;11;4;68;628.55452052
6,004,336;1;4;1;80;68;;;;2;;;;2;;;.;;;;2;;1;11;;68;628.55452052
6,004,338;1;1;1;80;68;;;;1;3;;2;;;9;;2;2;;2;;1;11;4;68;440.20305695
6,004,340;1;4;1;80;68;;;;2;;;;2;;;.;;;;2;;1;11;;68;674.4955911
6,004,342;1;4;1;80;68;;;;2;;;;2;;;.;2;2;;2;;1;11;;68;714.87858388
6,004,343;1;3;1;80;68;;;;2;;;;2;;;.;;;;2;;1;11;;68;700.40303923
6,004,344;1;2;1;80;68;;;;2;;;;2;;;.;2;2;;2;;1;11;;68;555.26593622
6,004,344;1;3;1;80;68;;;;2;;;;2;;;.;;;;2;;1;11;;68;555.26593622
6,004,346;1;3;1;80;68;;;;2;;;;2;;;.;;;;2;;1;11;;68;700.40303923
6,004,348;1;4;1;80;68;;;;2;;;;2;;;.;2;2;;2;;1;11;;68;532.25646565
6,004,349;1;1;1;80;68;;;;1;5;;2;;;4;;3;3;;2;;1;11;4;68;541.227972
6,004,350;1;2;1;80;68;;;;2;;;;2;;;.;2;2;;2;;1;11;;68;512.82875379
6,004,354;1;3;1;80;68;;;;2;;;;2;;;.;2;2;;2;;1;11;;68;700.40303923
6,004,355;1;2;1;80;68;;;;1;3;;2;;;9;;2;2;;2;;1;11;1.1;68;574.63447867
6,004,356;1;2;1;80;68;;;;2;;;;2;;;.;2;2;;2;;1;11;;68;448.46792411
6,004,356;1;3;1;80;68;;;;2;;;;2;;;.;2;2;;2;;1;11;;68;448.46792411
6,004,357;1;2;1;80;68;;;;2;;;;2;;;.;;;;2;;1;11;;68;565.2058089
6,004,371;1;3;1;80;68;;;;2;;;;2;;;.;2;2;;2;;1;11;;68;718.60777905
6,007,317;1;5;1;80;05;;;;1;1;;2;;;11;;2;2;;2;;1;11;4;05;1534.5755002
6,007,318;1;1;1;80;05;;;;1;3;;2;;;9;;2;2;;2;;1;11;4;05;1121.8404423
6,007,320;1;1;1;80;05;1;48;1,500,000;1;6;;2;;;9;;3;3;;2;;1;11;2;05;888.10471331
6,007,320;1;6;1;80;05;;;;1;9;CAMBIO DE DOMICILIO;2;;;4;;2;2;;2;;1;11;4;05;888.10471331
6,007,322;1;1;1;80;05;;;;2;;;;2;;;.;2;2;;2;;1;11;;05;1080.3527132
6,007,326;1;1;1;80;05;;;;1;5;;2;;;10;;3;3;;2;;1;11;4;05;1072.8673486
6,007,326;1;2;1;80;05;;;;1;4;;2;;;9;;2;2;;2;;1;11;4;05;1072.8673486
6,007,327;1;1;1;80;05;;;;1;3;;2;;;9;;2;2;;2;;1;11;4;05;1258.1654275
6,007,327;1;6;1;80;05;;;;2;;;;2;;;.;2;2;;2;;1;11;;05;1258.1654275
6,007,328;1;1;1;80;05;;;;1;3;;2;;;9;;2;2;;2;;1;11;4;05;1072.8673486
6,007,329;1;1;1;80;05;;;;2;;;;2;;;.;2;2;;2;;1;11;;05;1064.4435899
6,007,335;1;3;1;80;05;;;;2;;;;2;;;.;2;2;;2;;1;11;;05;1072.7311392
6,007,335;1;4;1;80;05;;;;2;;;;2;;;.;;;;2;;1;11;;05;1072.7311392
6,007,336;1;1;1;80;05;;;;1;7;;2;;;10;;2;2;;2;;1;11;2;05;1062.7729819
6,007,336;1;2;1;80;05;;;;1;5;;2;;;10;;3;3;;2;;1;11;4;05;1062.7729819
6,007,337;1;3;1;80;05;;;;1;3;;2;;;8;;2;2;;2;;1;11;4;05;1484.8806634
6,007,339;1;1;1;80;05;1;24;908,526;1;3;;2;;;9;;2;2;;2;;1;11;1.3;05;1130.5259913
6,007,339;1;3;1;80;05;;;;2;;;;2;;;.;;;;2;;1;11;;05;1130.5259913
6,007,343;1;3;1;80;05;2;;1,200,000;1;2;;2;;;2;;2;2;;2;;1;11;1.2;05;1122.243994
6,007,346;1;1;1;80;05;;;;1;5;;2;;;10;;3;3;;2;;1;11;3;05;1080.3527132
6,007,347;1;8;1;80;05;;;;2;;;;2;;;.;2;2;;2;;1;11;;05;1805.6047195
6,007,349;1;1;1;80;05;;;;1;5;;2;;;10;;3;3;;2;;1;11;4;05;1130.6677527
6,007,351;1;1;1;80;05;;;;1;3;;2;;;9;;2;2;;2;;1;11;3;05;1938.3817073
6,007,352;1;2;1;80;05;;;;2;;;;2;;;.;2;2;;2;;1;11;;05;1131.0713044
6,007,355;1;1;1;80;05;;;;1;5;;2;;;9;;3;3;;2;;1;11;4;05;1233.5484215
6,007,355;1;2;1;80;05;;;;2;;;;2;;;.;2;2;;2;;1;11;;05;1233.5484215
6,007,355;1;3;1;80;05;;;;2;;;;2;;;.;;;;2;;1;11;;05;1233.5484215
6,007,357;1;3;1;80;05;;;;2;;;;2;;;.;2;2;;2;;1;11;;05;1108.0803683
6,007,357;1;4;1;80;05;;;;2;;;;2;;;.;2;2;;2;;1;11;;05;1108.0803683
6,007,357;1;5;1;80;05;;;;2;;;;2;;;.;;;;2;;1;11;;05;1108.0803683
6,007,359;1;2;1;80;05;;;;2;;;;2;;;.;2;2;;2;;1;11;;05;1116.5041271
6,007,361;1;2;1;80;05;;;;2;;;;2;;;.;;;;2;;1;11;;05;979.2577626
6,007,361;1;3;1;80;05;;;;1;7;;2;;;8;;2;2;;2;;1;11;4;05;979.2577626
6,007,362;1;3;1;80;05;;;;1;4;;2;;;4;;2;2;;2;;1;11;3;05;1055.6162794
6,007,362;1;5;1;80;05;;;;1;4;;2;;;8;;2;2;;2;;1;11;3;05;1055.6162794
6,007,365;1;1;1;80;05;;;;1;5;;2;;;11;;3;3;;2;;1;11;1.3;05;1129.3258068
6,007,365;1;2;1;80;05;;;;1;3;;2;;;9;;2;2;;2;;1;11;4;05;1129.3258068
6,007,366;1;1;1;80;05;;;;1;5;;2;;;11;;3;3;;2;;1;11;3;05;1071.6002924
6,007,366;1;2;1;80;05;;;;1;5;;2;;;11;;3;3;;2;;1;11;4;05;1071.6002924
6,007,367;1;2;1;80;05;;;;2;;;;2;;;.;2;2;;2;;1;11;;05;1064.9220312
6,007,367;1;4;1;80;05;;;;2;;;;2;;;.;2;2;;2;;1;11;;05;1064.9220312
6,007,368;1;2;1;80;05;;;;1;3;;2;;;9;;2;1;2;2;;1;11;4;05;1072.0038441
6,007,368;1;3;1;80;05;;;;2;;;;2;;;.;;;;2;;1;11;;05;1072.0038441
6,007,369;1;3;1;80;05;;;;2;;;;2;;;.;;;;2;;1;11;;05;1426.6153879
6,007,370;1;1;1;80;05;;;;1;5;;2;;;11;;3;3;;2;;1;11;4;05;1021.2852528
6,007,370;1;2;1;80;05;;;;2;;;;2;;;.;2;2;;2;;1;11;;05;1021.2852528
6,007,371;1;1;1;80;05;;;;1;3;;2;;;11;;2;2;;2;;1;11;4;05;1081.154898
6,007,372;1;3;1;80;05;;;;2;;;;2;;;.;2;2;;2;;1;11;;05;1122.243994
6,007,376;1;1;1;80;05;1;48;908,526;1;8;;1;;1;9;;2;2;;2;;1;11;1.4;05;1188.6501388
6,007,377;1;1;1;80;05;1;48;908,526;1;9;POR LA PANDEMIA DEL COVID 19;2;;;1;;2;2;;2;;1;11;2;05;1138.1531173
6,007,379;1;2;1;80;05;2;;908,526;1;7;;2;;;4;;2;2;;2;;1;11;2;05;1008.3273637
6,007,380;1;1;1;80;05;;;;1;3;;2;;;9;;2;2;;2;;1;11;1.4;05;1246.3701012
6,007,381;1;1;1;80;05;1;48;908,526;1;4;;2;;;4;;1;1;1;2;;1;11;2;05;1122.3188836
6,007,383;1;1;1;80;05;;;;1;5;;2;;;10;;3;3;;2;;1;11;4;05;1071.6002924
6,007,383;1;2;1;80;05;;;;2;;;;2;;;.;2;2;;2;;1;11;;05;1071.6002924
6,007,385;1;1;1;80;05;;;;1;3;;2;;;9;;2;2;;2;;1;11;4;05;1121.8404423
6,007,385;1;2;1;80;05;;;;1;4;;2;;;4;;2;2;;2;;1;11;2;05;1121.8404423
6,007,388;1;3;1;80;05;;;;1;5;;2;;;10;;3;3;;2;;1;11;4;05;1071.5254027
6,007,390;1;3;1;80;05;;;;2;;;;2;;;.;2;2;;2;;1;11;;05;1484.3409023
6,007,391;1;1;1;80;05;2;;908,526;1;3;;2;;;9;;2;2;;2;;1;11;4;05;972.49969324
6,007,391;1;4;1;80;05;;;;2;;;;2;;;.;2;2;;2;;1;11;;05;972.49969324
6,007,391;1;5;1;80;05;;;;2;;;;2;;;.;;;;2;;1;11;;05;972.49969324
6,007,392;1;1;1;80;05;;;;2;;;;2;;;.;2;2;;2;;1;11;;05;1021.2103631
6,007,392;1;2;1;80;05;1;48;908,526;1;3;;2;;;9;;2;2;;2;;1;11;4;05;1021.2103631
6,007,393;1;1;1;80;05;;;;1;5;;2;;;10;;3;3;;2;;1;11;4;05;922.25954334
6,007,393;1;2;1;80;05;;;;1;3;;2;;;9;;3;3;;2;;1;11;4;05;922.25954334
6,007,393;1;4;1;80;05;;;;2;;;;2;;;.;2;2;;2;;1;11;;05;922.25954334
6,007,393;1;5;1;80;05;;;;2;;;;2;;;.;2;2;;2;;1;11;;05;922.25954334
6,007,396;1;1;1;80;05;;;;2;;;;2;;;.;2;2;;2;;1;11;;05;1021.2852528
6,007,396;1;3;1;80;05;;;;1;3;;2;;;9;;2;2;;2;;1;11;4;05;1021.2852528
6,007,397;1;2;1;80;05;;;;2;;;;2;;;.;2;2;;2;;1;11;;05;1231.0811807
6,007,398;1;1;1;80;05;;;;1;3;;2;;;9;;2;2;;2;;1;11;4;05;1484.8806634
6,007,401;1;4;1;80;05;2;;1,500,000;1;2;;2;;;2;;2;2;;2;;1;11;1.4;05;1021.4672348
6,007,401;1;6;1;80;05;;;;1;2;;2;;;2;;2;2;;2;;1;11;2;05;1021.4672348
6,007,402;1;3;1;80;05;;;;2;;;;2;;;.;2;2;;2;;1;11;;05;1056.8220159
6,007,402;1;6;1;80;05;;;;2;;;;2;;;.;2;2;;2;;1;11;;05;1056.8220159
6,007,405;1;3;1;80;05;2;;908,526;2;;;;2;;;.;2;2;;2;;1;11;;05;1122.243994
6,007,409;1;1;1;80;05;;;;1;5;;2;;;10;;3;3;;2;;1;11;3;05;1022.5523091
6,007,409;1;3;1;80;05;;;;1;5;;2;;;10;;3;3;;2;;1;11;3;05;1022.5523091
6,007,411;1;3;1;80;05;;;;2;;;;2;;;.;2;2;;2;;1;11;;05;1006.2396341
6,007,411;1;4;1;80;05;;;;2;;;;2;;;.;2;2;;2;;1;11;;05;1006.2396341
6,007,412;1;2;1;80;05;;;;1;3;;2;;;8;;2;2;;2;;1;11;4;05;1121.8404423
6,007,413;1;2;1;80;05;;;;1;3;;2;;;9;;2;2;;2;;1;11;4;05;1021.2852528
6,007,414;1;2;1;80;05;;;;1;3;;2;;;9;;2;2;;2;;1;11;1.4;05;1593.1780891
6,007,415;1;1;1;80;05;2;;908,526;1;8;;2;;;4;;2;2;;2;;1;11;2;05;1130.6677527
6,007,416;1;3;1;80;05;;;;1;4;;2;;;4;;2;2;;2;;1;11;4;05;1137.6078041
6,007,417;1;2;1;80;05;;;;2;;;;2;;;.;;;;2;;1;11;;05;1131.0713044
6,007,418;1;1;1;80;05;;;;1;8;;2;;;1;;2;2;;1;280,000;1;11;1.1;05;1121.8404423
6,007,420;1;1;1;80;05;2;;908,526;1;4;;2;;;4;;2;2;;2;;1;11;1.4;05;1021.2852528
6,007,420;1;2;1;80;05;1;48;908,526;1;8;;2;;;4;;2;2;;2;;1;11;1.2;05;1021.2852528
6,007,421;1;1;1;80;05;;;;1;5;;2;;;10;;3;3;;2;;1;11;2;05;1071.6002924
6,007,421;1;2;1;80;05;;;;1;5;;2;;;10;;3;3;;2;;1;11;4;05;1071.6002924
6,007,424;1;3;1;80;05;;;;2;;;;2;;;.;;;;2;;1;11;;05;1123.0461788
6,007,425;1;2;1;80;05;;;;2;;;;2;;;.;;;;2;;1;11;;05;1486.0864
6,007,425;1;4;1;80;05;;;;1;2;;2;;;2;;2;2;;2;;1;11;3;05;1486.0864
6,007,426;1;3;1;80;05;;;;2;;;;2;;;.;2;2;;2;;1;11;;05;1122.243994
6,007,427;1;1;1;80;05;;;;1;1;;2;;;8;;2;2;;2;;1;11;4;05;1062.7729819
6,007,427;1;2;1;80;05;;;;1;1;;2;;;8;;2;2;;2;;1;11;3;05;1062.7729819
6,007,432;1;2;1;80;05;;;;1;4;;2;;;4;;2;2;;2;;1;11;3;05;1072.7311392
6,007,432;1;3;1;80;05;;;;2;;;;2;;;.;2;2;;2;;1;11;;05;1072.7311392
6,007,432;1;4;1;80;05;;;;2;;;;2;;;.;;;;2;;1;11;;05;1072.7311392
6,007,435;1;1;1;80;05;;;;2;;;;2;;;.;2;2;;2;;1;11;;05;1071.6002924
6,007,435;1;2;1;80;05;;;;1;5;;2;;;10;;3;3;;2;;1;11;4;05;1071.6002924
6,007,436;1;1;1;80;05;;;;1;1;;2;;;8;;2;2;;2;;1;11;4;05;1111.7460755
6,007,439;1;1;1;80;05;;;;1;3;;2;;;9;;2;2;;2;;1;11;4;05;1187.847954
6,007,440;1;3;1;80;05;;;;2;;;;2;;;.;;;;2;;1;11;;05;1138.3350993
6,007,445;1;1;1;80;05;;;;1;4;;2;;;4;;2;2;;2;;1;11;4;05;1138.1531173
6,007,446;1;1;1;80;05;2;;908,526;1;4;;2;;;4;;2;2;;2;;1;11;1.4;05;1478.2024023
6,007,447;1;1;1;80;05;;;;1;5;;2;;;10;;3;3;;2;;1;11;4;05;1121.8404423
6,007,450;1;5;1;80;05;;;;2;;;;1;1;1;;2;2;;2;;1;11;;05;1106.3348706
6,007,452;1;1;1;80;05;;;;1;3;;2;;;9;;2;2;;2;;1;11;4;05;1071.5254027
6,007,453;1;1;1;80;05;1;40;908,526;1;9;EMBARAZO;1;;1;9;;2;2;;2;;1;11;3;05;1601.2032147
6,007,454;1;3;1;80;05;;;;2;;;;2;;;.;;;;2;;1;11;;05;1122.243994
6,007,456;1;3;1;80;05;2;;908,526;1;9;PANDEMIA;2;;;4;;2;2;;2;;1;11;1.3;05;1022.5523091
6,007,457;1;2;1;80;05;2;;98;1;1;;1;;1;9;;1;2;;2;;1;11;2;05;1187.847954
6,007,458;1;3;1;80;05;;;;2;;;;2;;;.;2;2;;2;;1;11;;05;1196.8572465
6,007,461;1;1;1;80;05;;;;1;4;;2;;;4;;2;2;;2;;1;11;2;05;1174.3045312
6,007,461;1;2;1;80;05;2;;1,000,000;1;2;;2;;;2;;2;2;;2;;1;11;1.4;05;1174.3045312
6,007,463;1;2;1;80;05;;;;2;;;;2;;;.;2;2;;2;;1;11;;05;1079.8129521
6,007,464;1;2;1;80;05;;;;1;9;CAMBIO DE LUGAR DE RESIDENCIA;2;;;6;;2;2;;2;;1;11;4;05;1071.6002924
6,007,465;1;1;1;80;05;;;;1;4;;2;;;9;;2;2;;2;;1;11;4;05;1062.7729819
6,007,466;1;2;1;80;05;2;;99;2;;;;2;;;.;2;2;;2;;1;11;;05;1172.5590335
6,007,469;1;4;1;80;05;;;;2;;;;2;;;.;;;;2;;1;11;;05;1072.7311392
6,007,470;1;1;1;80;05;;;;1;4;;2;;;4;;2;2;;2;;1;11;4;05;1071.6002924
6,007,470;1;2;1;80;05;;;;1;4;;2;;;4;;2;2;;2;;1;11;4;05;1071.6002924
6,007,471;1;3;1;80;05;;;;2;;;;2;;;.;2;2;;2;;1;11;;05;1526.7719442
6,007,472;1;1;1;80;05;;;;1;3;;2;;;8;;2;2;;2;;1;11;4;05;1121.8404423
6,007,476;1;1;1;80;05;;;;1;4;;2;;;4;;2;2;;2;;1;11;4;05;1131.7930476
6,007,476;1;3;1;80;05;;;;2;;;;2;;;.;;;;2;;1;11;;05;1131.7930476
6,007,477;1;2;1;80;05;;;;2;;;;2;;;.;2;2;;2;;1;11;;05;1130.1279916
6,007,478;1;1;1;80;05;;;;1;3;;2;;;9;;2;2;;2;;1;11;4;05;1123.5859399
6,007,480;1;2;1;80;05;;;;1;4;;2;;;4;;2;2;;2;;1;11;4;05;1070.3332361
6,007,481;1;2;1;80;05;;;;1;3;;2;;;8;;2;2;;2;;1;11;4;05;1121.8404423
6,007,482;1;2;1;80;05;;;;1;3;;2;;;9;;2;2;;2;;1;11;4;05;1021.2852528
6,007,485;1;1;1;80;05;;;;1;5;;2;;;10;;3;3;;2;;1;11;4;05;954.65753822
6,007,485;1;3;1;80;05;;;;1;5;;2;;;10;;3;3;;2;;1;11;4;05;954.65753822
6,007,485;1;5;1;80;05;;;;1;1;;2;;;1;;2;2;;2;;1;11;2;05;954.65753822
6,007,486;1;2;1;80;05;1;24;908,526;2;;;;1;1;2;;2;2;;2;;1;11;;05;1088.6402625
6,007,487;1;1;1;80;05;;;;1;3;;2;;;9;;2;2;;2;;1;11;4;05;1130.6677527
6,007,488;1;2;1;80;05;;;;1;3;;2;;;9;;2;2;;2;;1;11;4;05;1053.9456714
6,007,490;1;2;1;80;05;;;;2;;;;2;;;.;2;2;;2;;1;11;;05;1055.691169
6,007,490;1;3;1;80;05;1;48;908,526;1;4;;1;;4;12;NO LO ACEPTAN POR LA ENFERMEDAD QUE TIENE;2;2;;2;;1;11;4;05;1055.691169
6,007,490;1;4;1;80;05;1;24;1,200,000;1;6;;2;;;12;LOS PADRES NO LO DEJARON TRABAJAR;2;2;;1;250,000;1;11;1.2;05;1055.691169
6,007,491;1;2;1;80;05;;;;1;6;;2;;;11;;2;2;;2;;1;11;1.4;05;1129.3258068
6,007,492;1;3;1;80;05;;;;1;8;;2;;;2;;2;2;;2;;1;11;2;05;962.62134411
6,007,492;1;5;1;80;05;;;;1;5;;2;;;10;;3;3;;2;;1;11;4;05;962.62134411
6,007,493;1;2;1;80;05;;;;2;;;;2;;;.;2;2;;2;;1;11;;05;1088.6402625
6,007,494;2;2;2;80;05;;;;2;;;;2;;;.;2;2;;2;;1;11;;05;1114.7586294
6,007,496;1;1;1;80;05;;;;1;4;;2;;;4;;3;3;;2;;1;11;4;05;1012.9363837
6,007,497;1;1;1;80;05;2;;908,526;1;9;LA PANDEMIA;2;;;9;;2;2;;2;;1;11;2;05;1228.7154802
6,007,497;1;5;1;80;05;2;;1,000,000;1;4;;2;;;4;;2;2;;2;;1;11;1.3;05;1228.7154802
6,007,499;1;2;1;80;05;;;;2;;;;2;;;.;2;2;;2;;1;11;;05;1088.6402625
6,007,502;1;2;1;80;05;;;;1;3;;2;;;8;;2;2;;2;;1;11;1.3;05;1072.3275875
6,007,506;1;1;1;80;05;;;;2;;;;2;;;.;2;2;;2;;1;11;;05;1080.3527132
6,007,510;1;3;1;80;05;;;;2;;;;2;;;.;2;2;;2;;1;11;;05;1122.243994
6,007,511;1;2;1;80;05;2;;908,000;1;3;;2;;;9;;2;2;;2;;1;11;2;05;1021.3923451
6,007,511;1;3;1;80;05;;;;2;;;;2;;;.;;;;2;;1;11;;05;1021.3923451
6,007,511;1;7;1;80;05;;;;2;;;;2;;;.;2;2;;2;;1;11;;05;1021.3923451
6,007,515;1;1;1;80;05;;;;1;4;;2;;;4;;2;2;;2;;1;11;4;05;1130.6677527
6,007,516;1;4;1;80;05;2;;908,500;1;2;;2;;;2;;2;2;;2;;1;11;4;05;1019.9433068
6,007,519;1;6;1;80;05;;;;1;5;;2;;;10;;3;3;;2;;1;11;4;05;1350.358178
6,007,522;1;2;1;80;05;;;;1;3;;2;;;9;;2;2;;2;;1;11;4;05;922.98683852
6,007,522;1;3;1;80;05;;;;2;;;;2;;;.;2;2;;2;;1;11;;05;922.98683852
6,007,522;1;4;1;80;05;;;;2;;;;2;;;.;2;2;;2;;1;11;;05;922.98683852
6,007,522;1;5;1;80;05;;;;2;;;;2;;;.;;;;2;;1;11;;05;922.98683852
6,007,522;1;6;1;80;05;;;;1;3;;2;;;9;;2;2;;2;;1;11;4;05;922.98683852
6,007,523;1;1;1;80;05;;;;1;1;;2;;;9;;2;2;;2;;1;11;3;05;1122.243994
6,007,525;1;3;1;80;05;;;;2;;;;2;;;.;;;;2;;1;11;;05;1526.7719442
6,007,526;1;1;1;80;05;;;;1;9;POR LA EDAD;2;;;8;;2;2;;2;;1;11;3;05;1071.6002924
6,007,526;1;2;1;80;05;;;;1;5;;2;;;10;;3;3;;2;;1;11;3;05;1071.6002924
6,007,527;1;1;1;80;05;;;;1;3;;2;;;4;;2;2;;2;;1;11;4;05;1073.2709003
6,007,527;1;2;1;80;05;;;;1;4;;1;;2;4;;2;2;;2;;1;11;3;05;1073.2709003
6,007,527;1;3;1;80;05;;;;2;;;;2;;;.;2;2;;2;;1;11;;05;1073.2709003
6,007,528;1;1;1;80;05;;;;1;5;;2;;;10;;3;3;;2;;1;11;4;05;1122.3188836
6,007,528;1;2;1;80;05;;;;2;;;;2;;;.;2;2;;2;;1;11;;05;1122.3188836
6,007,529;1;3;1;80;05;;;;2;;;;2;;;.;2;2;;2;;1;11;;05;1079.8129521
6,007,530;1;2;1;80;05;2;;908,526;1;3;;2;;;9;;2;2;;2;;1;11;2;05;1188.6501388
6,007,532;1;1;1;80;05;2;;908,500;1;8;;2;;;4;;2;2;;2;;1;11;1.2;05;1013.2601271
6,007,532;1;2;1;80;05;;;;1;8;;2;;;9;;2;2;;2;;1;11;4;05;1013.2601271
6,007,532;1;4;1;80;05;1;24;450,000;1;8;;1;;1;2;;1;2;;2;;1;11;1.2;05;1013.2601271
6,007,536;1;2;1;80;05;;;;2;;;;2;;;.;2;2;;2;;1;11;;05;1080.3527132
6,007,537;1;1;1;80;05;;;;1;4;;2;;;4;;2;2;;2;;1;11;3;05;1137.6078041
6,007,537;1;2;1;80;05;2;;908,526;1;3;;2;;;9;;2;2;;2;;1;11;4;05;1137.6078041
6,007,541;1;6;1;80;05;;;;2;;;;2;;;.;2;2;;2;;1;11;;05;1132.4534709
6,007,541;1;7;1;80;05;;;;2;;;;2;;;.;;;;2;;1;11;;05;1132.4534709
6,007,542;1;3;1;80;05;;;;1;1;;2;;;2;;2;2;;2;;1;11;2;05;1029.5728022
6,007,543;1;2;1;80;05;;;;1;1;;2;;;8;;2;2;;2;;1;11;4;05;1071.6002924
6,007,546;1;1;1;80;05;;;;1;3;;2;;;9;;2;2;;2;;1;11;4;05;1072.8673486
6,007,546;1;2;1;80;05;;;;2;;;;2;;;.;2;2;;2;;1;11;;05;1072.8673486
6,007,547;1;1;1;80;05;;;;1;5;;2;;;10;;3;3;;2;;1;11;4;05;1409.3643186
6,007,547;1;6;1;80;05;;;;2;;;;2;;;.;;;;2;;1;11;;05;1409.3643186
6,007,551;1;3;1;80;05;;;;2;;;;2;;;.;;;;2;;1;11;;05;1542.8630495
6,007,557;1;3;1;80;05;;;;2;;;;2;;;.;2;2;;2;;1;11;;05;1080.5346952
6,007,557;1;5;1;80;05;;;;2;;;;2;;;.;2;2;;2;;1;11;;05;1080.5346952
6,007,559;1;2;1;80;05;2;;908,000;1;7;;2;;;9;;2;2;;2;;1;11;3;05;1305.6944332
6,007,560;1;2;1;80;05;;;;1;6;;2;;;11;;2;2;;2;;1;11;3;05;1433.2985676
6,007,565;1;3;1;80;05;;;;2;;;;2;;;.;2;2;;2;;1;11;;05;1079.8129521
6,007,567;1;1;1;80;05;;;;1;6;;2;;;8;;2;2;;2;;1;11;4;05;1129.4006964
6,007,568;1;2;1;80;05;;;;2;;;;2;;;.;2;2;;2;;1;11;;05;1088.6402625
6,007,569;1;1;1;80;05;;;;2;;;;2;;;.;2;2;;2;;1;11;;05;1062.7729819
6,007,570;1;1;1;80;05;;;;1;5;;2;;;10;;3;3;;2;;1;11;4;05;1129.4006964
6,007,571;1;1;1;80;05;;;;1;5;;2;;;10;;3;3;;2;;1;11;3;05;1012.4579423
6,007,571;1;2;1;80;05;;;;2;;;;2;;;.;2;2;;2;;1;11;;05;1012.4579423
6,007,572;1;1;1;80;05;;;;1;5;;2;;;10;;3;3;;2;;1;11;4;05;1071.6002924
6,007,572;1;2;1;80;05;;;;2;;;;2;;;.;2;2;;2;;1;11;;05;1071.6002924
6,007,574;1;1;1;80;05;;;;1;5;;2;;;10;;3;3;;2;;1;11;4;05;1071.6002924
6,007,574;1;2;1;80;05;;;;2;;;;2;;;.;2;2;;2;;1;11;;05;1071.6002924
6,007,575;1;1;1;80;05;;;;1;1;;2;;;8;;2;2;;2;;1;11;2;05;1070.3332361
6,007,575;1;2;1;80;05;;;;1;1;;2;;;8;;2;2;;2;;1;11;1.2;05;1070.3332361
6,007,579;1;1;1;80;05;;;;1;5;;2;;;10;;2;2;;2;;1;11;3;05;1029.5728022
6,007,579;1;3;1;80;05;1;24;600,000;2;;;;2;;;.;2;2;;2;;1;11;;05;1029.5728022
6,007,580;1;4;1;80;05;;;;2;;;;2;;;.;2;2;;2;;1;11;;05;971.77239807
6,007,581;1;2;1;80;05;;;;2;;;;2;;;.;2;2;;2;;1;11;;05;1114.7586294
6,007,582;1;2;1;80;05;2;;908,526;1;2;;2;;;2;;2;2;;2;;1;11;1.4;05;1535.5992547
6,007,584;1;1;1;80;05;1;30;1,500,000;1;9;CAMBIO DE CIUDAD DE RESIDENCIA;2;;;9;;2;2;;2;;1;11;4;05;1526.7719442
6,007,584;1;3;1;80;05;;;;2;;;;2;;;.;2;2;;2;;1;11;;05;1526.7719442
6,007,585;1;1;1;80;05;;;;1;5;;2;;;12;PANDEMIA;3;3;;2;;1;11;2;05;1121.8404423
6,007,586;1;1;1;80;05;;;;1;5;;2;;;10;;3;3;;2;;1;11;4;05;1071.6002924
6,007,586;1;2;1;80;05;;;;1;1;;2;;;9;;2;2;;2;;1;11;4;05;1071.6002924
6,007,587;1;1;1;80;05;;;;1;5;;2;;;11;;2;2;;2;;1;11;4;05;1022.4909893
6,007,587;1;2;1;80;05;;;;2;;;;2;;;.;2;2;;2;;1;11;;05;1022.4909893
6,007,587;1;3;1;80;05;;;;2;;;;2;;;.;2;2;;2;;1;11;;05;1022.4909893
6,007,587;1;4;1;80;05;;;;2;;;;2;;;.;2;2;;2;;1;11;;05;1022.4909893
6,007,589;1;3;1;80;05;;;;2;;;;2;;;.;2;2;;2;;1;11;;05;1079.8129521
6,007,590;1;1;1;80;05;;;;1;5;;2;;;10;;3;3;;2;;1;11;4;05;1072.8673486
6,007,591;1;1;1;80;05;;;;1;3;;2;;;9;;2;2;;2;;1;11;4;05;1130.6677527
6,007,593;1;1;1;80;05;;;;2;;;;2;;;.;2;2;;2;;1;11;;05;996.1452673
6,007,594;1;1;1;80;05;;;;1;4;;1;;4;4;;2;2;;2;;1;11;4;05;1130.6677527
6,007,598;1;2;1;80;05;;;;1;7;;2;;;1;;2;2;;2;;1;11;1.4;05;1533.853757
6,007,600;1;3;1;80;05;;;;2;;;;2;;;.;2;2;;2;;1;11;;05;1122.243994
6,007,601;1;4;1;80;05;;;;2;;;;2;;;.;2;2;;2;;1;11;;05;1071.9289544
6,007,603;1;4;1;80;05;1;48;908,526;1;3;;2;;;9;;2;2;;2;;1;11;4;05;1137.5329144
6,007,604;1;2;1;80;05;;;;1;1;;2;;;1;;2;2;;2;;1;11;2;05;1121.8404423
6,007,605;1;3;1;80;05;;;;2;;;;2;;;.;;;;2;;1;11;;05;1079.8129521
6,007,606;1;2;1;80;05;;;;1;6;;2;;;11;;2;2;;2;;1;11;1.2;05;1131.8734893
6,007,607;1;2;1;80;05;;;;1;4;;2;;;10;;3;3;;2;;1;11;4;05;1030.0376736
6,007,609;1;1;1;80;05;;;;1;5;;2;;;10;;3;3;;2;;1;11;2;05;1062.7729819
6,007,610;1;3;1;80;05;;;;2;;;;2;;;.;;;;2;;1;11;;05;1434.8280476
6,007,610;1;5;1;80;05;;;;2;;;;2;;;.;2;2;;2;;1;11;;05;1434.8280476
6,007,612;1;1;1;80;05;;;;1;5;;2;;;10;;3;3;;2;;1;11;4;05;1030.0376736
6,007,613;1;6;1;80;05;1;48;908,526;1;6;;2;;;9;;2;2;;2;;1;11;2;05;1313.0993561
6,007,614;1;1;1;80;05;;;;1;4;;2;;;4;;1;1;2;2;;1;11;3;05;1071.6002924
6,007,616;1;3;1;80;05;;;;1;6;;2;;;1;;2;2;;2;;1;11;1.3;05;2108.7938157
6,007,616;1;4;1;80;05;;;;2;;;;2;;;.;;;;2;;1;11;;05;2108.7938157
6,007,616;1;10;1;80;05;;;;2;;;;2;;;.;2;2;;2;;1;11;;05;2108.7938157
6,007,618;1;1;1;80;05;;;;1;1;;2;;;9;;2;2;;2;;1;11;4;05;1053.9456714
6,007,620;1;2;1;80;05;;;;2;;;;2;;;.;2;2;;2;;1;11;;05;1062.7729819
6,007,621;1;2;1;80;05;;;;1;3;;2;;;9;;2;2;;2;;1;11;3;05;1533.853757
6,007,624;1;2;1;80;05;;;;1;9;PANDEMIA;2;;;4;;2;2;;2;;1;11;2;05;1120.4984963
6,007,625;1;2;1;80;05;1;48;908,526;1;6;;1;;1;3;;2;2;;2;;1;11;1.4;05;1129.3258068
6,007,631;1;3;1;80;05;;;;2;;;;2;;;.;2;2;;2;;1;11;;05;1022.4909893
6,007,631;1;4;1;80;05;;;;2;;;;2;;;.;2;2;;2;;1;11;;05;1022.4909893
6,007,632;1;1;1;80;05;;;;1;8;;2;;;11;;2;2;;2;;1;11;3;05;1170.8135359
6,007,634;1;1;1;80;05;;;;1;3;;2;;;9;;2;2;;2;;1;11;4;05;1476.0533529
6,007,634;1;3;1;80;05;;;;1;4;;2;;;4;;2;2;;2;;1;11;3;05;1476.0533529
6,007,637;1;2;1;80;05;;;;2;;;;2;;;.;2;2;;2;;1;11;;05;1071.6002924
6,007,638;1;1;1;80;05;1;48;908,526;1;5;;2;;;10;;3;3;;2;;1;11;4;05;1071.6002924
6,007,638;1;2;1;80;05;1;24;600,000;1;3;;1;;4;9;;1;2;;2;;1;11;4;05;1071.6002924
6,007,639;1;1;1;80;05;;;;1;4;;2;;;10;;3;3;;2;;1;11;4;05;954.65753822
6,007,639;1;2;1;80;05;;;;1;3;;2;;;8;;2;2;;2;;1;11;4;05;954.65753822
6,007,639;1;5;1;80;05;;;;2;;;;2;;;.;2;2;;2;;1;11;;05;954.65753822
6,007,643;1;1;1;80;05;;;;1;6;;2;;;11;;3;3;;2;;1;11;4;05;1022.4909893
6,007,643;1;4;1;80;05;;;;2;;;;2;;;.;;;;2;;1;11;;05;1022.4909893
6,007,644;2;1;2;80;05;;;;2;;;;1;1;2;;2;2;;2;;1;11;;05;1072.7311392
6,007,644;4;1;4;80;05;;;;1;8;;2;;;2;;2;2;;2;;1;11;1.4;05;1072.7311392
6,007,646;1;1;1;80;05;;;;1;4;;2;;;4;;3;3;;2;;1;11;4;05;1015.0056248
6,007,646;1;2;1;80;05;;;;1;4;;2;;;4;;3;3;;2;;1;11;4;05;1015.0056248
6,007,647;1;3;1;80;05;;;;2;;;;2;;;.;2;2;;2;;1;11;;05;1163.731723
6,007,648;1;1;1;80;05;;;;1;4;;2;;;11;;2;2;;2;;1;11;1.3;05;1130.6677527
6,007,650;1;2;1;80;05;;;;2;;;;2;;;.;2;2;;2;;1;11;;05;1053.9456714
6,007,652;1;2;1;80;05;1;48;908,526;1;3;;2;;;9;;2;2;;2;;1;11;3;05;1939.1838921
6,007,654;1;5;1;80;05;;;;2;;;;2;;;.;2;2;;2;;1;11;;05;931.26883583
6,007,654;1;6;1;80;05;;;;1;1;;2;;;8;;2;2;;2;;1;11;1.3;05;931.26883583
6,007,654;1;7;1;80;05;;;;1;9;POR LA PANDEMIA DEL COVID 19;2;;;1;;2;2;;2;;1;11;1.4;05;931.26883583
6,007,664;1;2;1;80;05;;;;2;;;;2;;;.;2;2;;2;;1;11;;05;1123.0461788
6,007,665;1;1;1;80;05;;;;1;5;;2;;;10;;3;3;;2;;1;11;4;05;1021.2852528
6,007,665;1;2;1;80;05;;;;1;9;POR LA PANDEMIA DEL COVID 19;2;;;8;;2;2;;2;;1;11;2;05;1021.2852528
6,007,671;1;1;1;80;05;;;;2;;;;1;3;2;;2;2;;2;;1;11;;05;1089.4424474
6,007,671;1;2;1;80;05;;;;2;;;;1;3;2;;2;2;;2;;1;11;;05;1089.4424474
6,007,680;1;2;1;80;05;1;48;908,500;1;8;;2;;;9;;2;2;;2;;1;11;3;05;1079.8129521
6,007,680;1;3;1;80;05;;;;2;;;;2;;;.;2;2;;2;;1;11;;05;1079.8129521
6,007,683;1;1;1;80;05;;;;1;5;;2;;;10;;3;3;;2;;1;11;3;05;1129.4006964
6,007,684;1;1;1;80;05;;;;1;8;;2;;;1;;2;2;;2;;1;11;2;05;970.43045212
6,007,684;1;3;1;80;05;;;;1;4;;2;;;4;;3;3;;2;;1;11;4;05;970.43045212
6,007,684;1;4;1;80;05;;;;2;;;;2;;;.;2;2;;2;;1;11;;05;970.43045212
6,007,685;1;4;1;80;05;;;;2;;;;2;;;.;;;;2;;1;11;;05;1420.1804285
6,007,685;1;5;1;80;05;;;;1;3;;2;;;8;;2;2;;2;;1;11;4;05;1420.1804285
6,007,685;1;6;1;80;05;;;;1;3;;2;;;8;;2;2;;2;;1;11;4;05;1420.1804285
6,007,688;1;1;1;80;05;;;;1;3;;2;;;9;;2;2;;2;;1;11;3;05;1533.853757
6,007,690;1;2;1;80;05;;;;2;;;;2;;;.;;;;2;;1;11;;05;2163.1168994
6,007,690;1;3;1;80;05;;;;2;;;;2;;;.;;;;2;;1;11;;05;2163.1168994
6,007,693;1;1;1;80;05;1;48;908,526;1;5;;1;;1;10;;3;3;;2;;1;11;2;05;1071.6002924
6,007,694;1;2;1;80;05;;;;1;8;;2;;;1;;2;2;;2;;1;11;1.1;05;1131.0713044
6,007,697;1;2;1;80;05;;;;1;4;;2;;;4;;2;2;;2;;1;11;3;05;1071.6002924
6,007,698;1;1;1;80;05;;;;1;3;;2;;;9;;2;2;;2;;1;11;4;05;1013.7998883
6,007,698;1;2;1;80;05;;;;1;5;;2;;;10;;3;3;;2;;1;11;4;05;1013.7998883
6,007,698;1;3;1;80;05;;;;1;3;;2;;;4;;2;2;;2;;1;11;4;05;1013.7998883
6,007,699;1;2;1;80;05;;;;1;4;;2;;;8;;2;2;;2;;1;11;4;05;914.63241734
6,007,699;1;3;1;80;05;;;;1;7;;2;;;9;;2;2;;2;;1;11;4;05;914.63241734
6,007,699;1;6;1;80;05;2;;900,000;2;;;;2;;;.;2;2;;2;;1;11;;05;914.63241734
6,007,699;1;8;1;80;05;;;;1;4;;2;;;11;;2;2;;2;;1;11;4;05;914.63241734
6,007,700;1;2;1;80;05;;;;2;;;;2;;;.;2;2;;2;;1;11;;05;2163.1168994
6,007,700;1;3;1;80;05;;;;2;;;;2;;;.;;;;2;;1;11;;05;2163.1168994
6,007,703;1;1;1;80;05;;;;1;3;;2;;;9;;2;2;;2;;1;11;4;05;1130.6677527
6,007,704;1;3;1;80;05;;;;2;;;;2;;;.;2;2;;2;;1;11;;05;1038.325223
6,007,706;1;1;1;80;05;;;;1;5;;2;;;10;;3;3;;2;;1;11;4;05;1129.4006964
6,007,707;1;3;1;80;05;;;;2;;;;2;;;.;2;2;;2;;1;11;;05;1484.3409023
6,007,711;1;1;1;80;05;2;;908,526;1;5;;2;;;9;;3;3;;2;;1;11;3;05;1072.8673486
6,007,711;1;2;1;80;05;;;;1;4;;2;;;4;;2;2;;2;;1;11;4;05;1072.8673486
6,007,713;1;1;1;80;05;;;;1;3;;2;;;9;;2;2;;2;;1;11;4;05;1129.3258068
6,007,716;1;2;1;80;05;;;;1;4;;2;;;9;;2;2;;2;;1;11;4;05;1062.7729819
6,007,719;1;1;1;80;05;;;;1;3;;2;;;4;;2;2;;2;;1;11;4;05;1129.4006964
6,007,722;1;3;1;80;05;;;;2;;;;2;;;.;2;2;;2;;1;11;;05;1055.6162794
6,007,722;1;4;1;80;05;;;;1;3;;2;;;9;;2;2;;2;;1;11;4;05;1055.6162794
6,007,724;1;2;1;80;05;;;;2;;;;2;;;.;2;2;;2;;1;11;;05;1066.1890875
6,007,724;1;4;1;80;05;2;;908,526;1;4;;2;;;4;;2;2;;2;;1;11;1.3;05;1066.1890875
6,007,725;1;2;1;80;05;;;;2;;;;2;;;.;2;2;;2;;1;11;;05;1088.6402625
6,007,726;1;2;1;80;05;;;;1;3;;2;;;9;;2;2;;2;;1;11;3;05;1129.3258068
6,007,727;1;2;1;80;05;;;;2;;;;2;;;.;2;2;;2;;1;11;;05;1592.3759042
6,007,734;1;1;1;80;05;;;;1;5;;2;;;10;;3;3;;2;;1;11;4;05;1071.5254027
6,007,735;1;2;1;80;05;;;;1;3;;2;;;8;;2;2;;2;;1;11;4;05;1071.6002924
6,007,736;1;1;1;80;05;;;;1;3;;2;;;9;;2;2;;2;;1;11;1.4;05;1931.2998945
6,007,736;1;3;1;80;05;;;;2;;;;2;;;.;2;2;;2;;1;11;;05;1931.2998945
6,007,737;1;1;1;80;05;;;;2;;;;2;;;.;2;2;;2;;1;11;;05;1015.0056248
6,007,737;1;2;1;80;05;;;;1;4;;2;;;4;;2;2;;2;;1;11;2;05;1015.0056248
6,007,737;1;3;1;80;05;;;;2;;;;2;;;.;2;2;;2;;1;11;;05;1015.0056248
6,007,739;1;1;1;80;05;;;;1;3;;2;;;9;;2;2;;2;;1;11;2;05;1248.9177837
6,007,741;1;1;1;80;05;;;;1;5;;2;;;11;;3;3;;2;;1;11;4;05;1130.6677527
6,007,742;1;1;1;80;05;;;;1;3;;2;;;9;;2;2;;2;;1;11;4;05;1072.8673486
6,007,742;1;2;1;80;05;;;;2;;;;2;;;.;2;2;;2;;1;11;;05;1072.8673486
6,007,743;1;1;1;80;05;;;;1;3;;2;;;9;;2;2;;2;;1;11;4;05;1130.6677527
6,007,747;1;3;1;80;05;1;24;908,526;2;;;;2;;;.;2;2;;2;;1;11;;05;1072.7311392
6,007,748;1;2;1;80;05;;;;1;1;;2;;;8;;2;2;;2;;1;11;4;05;971.77239807
6,007,748;1;4;1;80;05;;;;2;;;;2;;;.;2;2;;2;;1;11;;05;971.77239807
6,007,749;1;1;1;80;05;;;;2;;;;1;4;10;;2;3;;2;;1;11;;05;1130.6677527
6,007,752;1;1;1;80;05;2;;1,800,000;1;3;;2;;;9;;1;2;;2;;1;11;4;05;1147.1624098
6,007,752;1;2;1;80;05;;;;2;;;;2;;;.;2;2;;2;;1;11;;05;1147.1624098
6,007,754;1;3;1;80;05;;;;2;;;;2;;;.;;;;2;;1;11;;05;1122.243994
6,007,758;1;1;1;80;05;;;;1;7;;2;;;1;;2;2;;2;;1;11;3;05;1071.6002924
6,007,760;1;3;1;80;05;;;;2;;;;2;;;.;2;2;;2;;1;11;;05;1064.5184795
6,007,761;1;2;1;80;05;;;;2;;;;2;;;.;2;2;;2;;1;11;;05;1147.1624098
6,007,762;1;2;1;80;05;;;;2;;;;2;;;.;2;2;;2;;1;11;;05;945.83022774
6,007,762;1;5;1;80;05;;;;1;2;;2;;;11;;2;2;;2;;1;11;4;05;945.83022774
6,007,763;1;3;1;80;05;;;;2;;;;2;;;.;2;2;;2;;1;11;;05;1072.3275875
6,007,767;1;1;1;80;05;;;;1;3;;2;;;11;;2;2;;2;;1;11;3;05;1071.6002924
6,007,767;1;2;1;80;05;;;;1;5;;2;;;10;;3;3;;2;;1;11;4;05;1071.6002924
6,007,768;1;1;1;80;05;;;;1;5;;2;;;10;;3;3;;2;;1;11;4;05;1129.4006964
6,007,772;1;3;1;80;05;;;;1;7;;2;;;11;;2;2;;2;;1;11;4;05;1114.7586294
6,007,773;1;2;1;80;05;;;;1;5;;2;;;10;;3;3;;2;;1;11;4;05;1071.6002924
6,007,774;1;2;1;80;05;1;48;908,526;1;7;;2;;;9;;2;2;;2;;1;11;2;05;1187.847954
6,007,777;1;2;1;80;05;2;;908,526;1;6;;2;;;9;;2;2;;2;;1;11;2;05;1138.3350993
6,007,777;1;3;1;80;05;;;;2;;;;2;;;.;;;;2;;1;11;;05;1138.3350993
6,007,779;1;1;1;80;05;2;;908,526;1;4;;2;;;4;;2;2;;1;600,000;1;11;1.2;05;1071.6002924
6,007,779;1;2;1;80;05;;;;1;4;;2;;;4;;2;2;;2;;1;11;2;05;1071.6002924
6,007,781;1;2;1;80;05;;;;1;3;;2;;;9;;2;2;;2;;1;11;4;05;1585.2940914
6,007,781;1;3;1;80;05;;;;2;;;;2;;;.;;;;2;;1;11;;05;1585.2940914
6,007,783;1;1;1;80;05;;;;1;4;;2;;;4;;2;2;;2;;1;11;4;05;1071.6002924
6,007,783;1;2;1;80;05;;;;2;;;;2;;;.;2;2;;2;;1;11;;05;1071.6002924
6,007,784;1;1;1;80;05;;;;1;5;;2;;;10;;3;3;;2;;1;11;3;05;1122.243994
6,007,784;1;3;1;80;05;;;;2;;;;2;;;.;2;2;;2;;1;11;;05;1122.243994
6,007,786;1;2;1;80;05;;;;1;4;;2;;;4;;2;2;;2;;1;11;1.2;05;1129.3258068
6,007,787;1;1;1;80;05;;;;1;4;;2;;;8;;2;2;;2;;1;11;4;05;963.4848487
6,007,787;1;2;1;80;05;;;;2;;;;2;;;.;2;2;;2;;1;11;;05;963.4848487
6,007,789;1;2;1;80;05;;;;2;;;;2;;;.;2;2;;2;;1;11;;05;1005.5581115
6,007,789;1;7;1;80;05;;;;2;;;;2;;;.;2;2;;2;;1;11;;05;1005.5581115
6,007,794;1;3;1;80;05;;;;2;;;;2;;;.;2;2;;2;;1;11;;05;1021.2852528
6,007,795;1;1;1;80;05;;;;1;5;;2;;;10;;3;3;;2;;1;11;4;05;1064.5184795
6,007,795;1;2;1;80;05;;;;2;;;;2;;;.;2;2;;2;;1;11;;05;1064.5184795
6,007,795;1;3;1;80;05;;;;2;;;;2;;;.;2;2;;2;;1;11;;05;1064.5184795
6,007,796;1;2;1;80;05;;;;1;4;;2;;;4;;2;2;;2;;1;11;3;05;996.1452673
6,007,796;1;3;1;80;05;;;;2;;;;2;;;.;2;2;;2;;1;11;;05;996.1452673
6,007,796;1;4;1;80;05;;;;1;6;;2;;;8;;2;2;;2;;1;11;4;05;996.1452673
6,007,797;1;4;1;80;05;;;;2;;;;2;;;.;2;2;;2;;1;11;;05;1005.3761295
6,007,801;1;3;1;80;05;2;;908,526;2;;;;2;;;.;2;2;;2;;1;11;;05;1062.7729819
6,007,807;1;1;1;80;05;;;;2;;;;2;;;.;2;2;;2;;1;11;;05;1062.7729819
6,007,807;1;2;1;80;05;;;;1;8;;2;;;5;;2;2;;2;;1;11;1.3;05;1062.7729819
6,007,809;1;2;1;80;05;;;;1;6;;2;;;9;;2;2;;2;;1;11;1.3;05;1187.847954
6,007,815;1;2;1;80;05;;;;1;6;;2;;;1;;2;2;;2;;1;11;2;05;1129.3258068
6,007,816;1;3;1;80;05;;;;2;;;;2;;;.;2;2;;2;;1;11;;05;989.61455309
6,007,816;1;4;1;80;05;;;;2;;;;2;;;.;2;2;;2;;1;11;;05;989.61455309
6,007,817;1;3;1;80;05;;;;2;;;;2;;;.;2;2;;2;;1;11;;05;1079.8129521
6,007,820;1;1;1;80;05;;;;1;4;;2;;;4;;2;2;;2;;1;11;4;05;1129.4006964
6,007,823;1;1;1;80;05;;;;2;;;;2;;;.;2;2;;2;;1;11;;05;1138.9553021
6,007,824;1;1;1;80;05;;;;2;;;;2;;;.;2;2;;2;;1;11;;05;1072.8673486
6,007,825;1;2;1;80;05;2;;2,000,000;1;9;MOTIVOS LEGALES DE MIGRACION;2;;;12;POR NO ENTRAR A ILEGALIDAD;2;2;;2;;1;11;3;05;1072.7311392
6,007,825;1;4;1;80;05;;;;2;;;;2;;;.;;;;2;;1;11;;05;1072.7311392
6,007,828;1;1;1;80;05;;;;1;3;;2;;;1;;2;2;;2;;1;11;3;05;1064.9220312
6,007,828;1;3;1;80;05;;;;2;;;;2;;;.;2;2;;2;;1;11;;05;1064.9220312
6,007,828;1;4;1;80;05;;;;2;;;;2;;;.;;;;2;;1;11;;05;1064.9220312
6,007,829;1;4;1;80;05;;;;1;4;;2;;;4;;2;2;;2;;1;11;4;05;1130.8497347
6,007,830;1;1;1;80;05;;;;1;5;;2;;;10;;3;3;;2;;1;11;4;05;1071.6002924
6,007,830;1;2;1;80;05;;;;2;;;;2;;;.;2;2;;2;;1;11;;05;1071.6002924
6,007,831;1;2;1;80;05;;;;1;5;;2;;;11;;3;3;;2;;1;11;4;05;1072.8673486
6,007,833;1;1;1;80;05;;;;1;3;;2;;;9;;2;2;;2;;1;11;4;05;1122.243994
6,007,833;1;3;1;80;05;;;;2;;;;2;;;.;2;2;;2;;1;11;;05;1122.243994
6,007,834;1;1;1;80;05;;;;1;5;;2;;;9;;3;3;;2;;1;11;4;05;973.03945436
6,007,834;1;3;1;80;05;;;;2;;;;2;;;.;2;2;;2;;1;11;;05;973.03945436
6,007,834;1;4;1;80;05;;;;2;;;;2;;;.;2;2;;2;;1;11;;05;973.03945436
6,007,836;1;2;1;80;05;;;;1;3;;2;;;9;;2;2;;2;;1;11;4;05;1526.7719442
6,007,837;1;3;1;80;05;;;;2;;;;2;;;.;2;2;;2;;1;11;;05;2005.913147
6,007,838;1;2;1;80;05;;;;2;;;;2;;;.;;;;2;;1;11;;05;1493.1682128
6,007,839;1;1;1;80;05;1;48;1,200,000;1;1;;2;;;8;;1;1;2;2;;1;11;4;05;1129.4006964
6,007,840;1;1;1;80;05;;;;1;5;;2;;;10;;3;3;;2;;1;11;3;05;1071.6002924
6,007,840;1;2;1;80;05;;;;1;4;;2;;;4;;2;2;;2;;1;11;4;05;1071.6002924
6,007,841;1;1;1;80;05;;;;1;3;;2;;;9;;2;2;;2;;1;11;4;05;1130.6677527
6,007,845;1;1;1;80;05;;;;1;4;;2;;;4;;2;2;;2;;1;11;4;05;1130.6677527
6,007,849;1;2;1;80;05;;;;1;3;;2;;;8;;2;2;;2;;1;11;4;05;1013.7998883
6,007,849;1;3;1;80;05;;;;1;8;;2;;;8;;2;2;;2;;1;11;4;05;1013.7998883
6,007,852;1;3;1;80;05;;;;2;;;;2;;;.;;;;2;;1;11;;05;1526.7719442
6,007,854;1;4;1;80;05;;;;2;;;;2;;;.;;;;2;;1;11;;05;1023.2182845
6,007,855;1;2;1;80;05;;;;1;4;;2;;;8;;2;2;;2;;1;11;4;05;1071.6002924
6,007,859;1;1;1;80;05;1;48;908,526;1;1;;2;;;1;;2;2;;1;150,000;1;11;1.1;05;1021.2852528
6,007,859;1;2;1;80;05;;;;1;5;;2;;;10;;3;3;;2;;1;11;4;05;1021.2852528
6,007,861;1;1;1;80;05;;;;1;5;;2;;;10;;3;3;;2;;1;11;3;05;1080.3527132
6,007,861;1;2;1;80;05;1;48;908,526;1;8;;1;;1;2;;2;2;;2;;1;11;1.4;05;1080.3527132
6,007,863;1;1;1;80;05;;;;1;4;;2;;;4;;2;2;;2;;1;11;4;05;997.41232359
6,007,873;1;1;1;80;05;1;24;600,000;1;3;;2;;;9;;2;2;;2;;1;11;2;05;1601.3851967
6,007,873;1;3;1;80;05;;;;2;;;;2;;;.;;;;2;;1;11;;05;1601.3851967
6,007,875;1;2;1;80;05;;;;2;;;;2;;;.;;;;2;;1;11;;05;1073.6744521
6,007,875;1;3;1;80;05;;;;1;1;;2;;;9;;2;2;;2;;1;11;4;05;1073.6744521
6,007,875;1;4;1;80;05;;;;2;;;;2;;;.;2;2;;2;;1;11;;05;1073.6744521
6,007,877;1;3;1;80;05;;;;2;;;;2;;;.;;;;2;;1;11;;05;1526.7719442
6,007,879;1;1;1;80;05;;;;1;3;;2;;;9;;2;2;;2;;1;11;2;05;1187.847954
6,007,883;1;1;1;80;05;;;;2;;;;2;;;.;2;2;;2;;1;11;;05;1418.1916291
6,007,883;1;2;1;80;05;;;;1;8;;2;;;8;;2;2;;2;;1;11;4;05;1418.1916291
6,007,883;1;4;1;80;05;;;;2;;;;2;;;.;;;;2;;1;11;;05;1418.1916291
6,007,887;1;1;1;80;05;;;;2;;;;2;;;.;2;2;;2;;1;11;;05;1057.4366667
6,007,895;1;1;1;80;05;;;;1;1;;2;;;8;;2;2;;2;;1;11;3;05;1071.6002924
6,007,895;1;2;1;80;05;;;;1;8;;2;;;9;;2;2;;2;;1;11;2;05;1071.6002924
6,007,896;1;1;1;80;05;;;;1;5;;2;;;10;;3;3;;2;;1;11;4;05;1006.6431858
6,007,896;1;2;1;80;05;;;;1;5;;2;;;10;;3;3;;2;;1;11;4;05;1006.6431858
6,007,896;1;5;1;80;05;;;;2;;;;2;;;.;;;;2;;1;11;;05;1006.6431858
6,007,898;1;1;1;80;05;;;;1;4;;2;;;4;;2;2;;2;;1;11;4;05;1121.8404423
6,007,898;1;2;1;80;05;;;;1;4;;2;;;4;;2;2;;2;;1;11;1.2;05;1121.8404423
6,007,899;1;3;1;80;05;;;;2;;;;2;;;.;;;;2;;1;11;;05;1484.3409023
6,007,901;1;1;1;80;05;;;;1;3;;2;;;9;;2;2;;2;;1;11;4;05;1073.2709003
6,007,905;1;1;1;80;05;;;;1;5;;2;;;10;;3;3;;2;;1;11;2;05;921.45735851
6,007,905;1;2;1;80;05;;;;1;5;;2;;;10;;3;3;;2;;1;11;3;05;921.45735851
6,007,911;1;1;1;80;05;;;;1;4;;2;;;4;;3;3;;2;;1;11;4;05;1013.1852375
6,007,911;1;2;1;80;05;;;;2;;;;2;;;.;2;2;;2;;1;11;;05;1013.1852375
6,007,912;1;3;1;80;05;;;;2;;;;2;;;.;2;2;;2;;1;11;;05;1138.3350993
6,007,914;1;1;1;80;05;;;;1;4;;2;;;4;;2;2;;2;;1;11;4;05;1080.3527132
6,007,916;1;4;1;80;05;;;;2;;;;2;;;.;;;;2;;1;11;;05;1171.9388307
6,007,930;1;2;1;80;05;;;;1;4;;2;;;8;;2;2;;2;;1;11;4;05;1593.0976474
6,007,932;1;1;1;80;05;;;;1;5;;2;;;11;;3;3;;2;;1;11;1.4;05;1130.6677527
6,007,933;1;1;1;80;05;;;;1;5;;2;;;10;;3;3;;2;;1;11;4;05;1005.3761295
6,007,933;1;2;1;80;05;;;;1;3;;2;;;8;;2;2;;2;;1;11;4;05;1005.3761295
6,007,934;1;2;1;80;05;2;;908,526;1;3;;2;;;9;;2;2;;2;;1;11;3;05;1247.172286
6,007,938;1;4;1;80;05;;;;2;;;;2;;;.;;;;2;;1;11;;05;1023.9400276
6,007,939;1;2;1;80;05;2;;908,526;1;4;;2;;;4;;2;2;;2;;1;11;3;05;1542.0608647
6,007,941;1;2;1;80;05;1;24;908,526;1;3;;2;;;9;;2;2;;2;;1;11;4;05;1475.5080398
6,007,943;1;1;1;80;05;;;;1;9;POR LA PANDEMIA DEL COVID 19;2;;;8;;3;3;;2;;1;11;2;05;1129.5022367
6,007,946;1;2;1;80;05;;;;1;5;;2;;;10;;3;3;;2;;1;11;3;05;1079.8074
6,007,947;1;2;1;80;05;;;;1;3;;2;;;8;;2;2;;2;;1;11;4;05;1029.5728022
6,007,947;1;3;1;80;05;;;;2;;;;2;;;.;2;2;;2;;1;11;;05;1029.5728022
6,007,948;1;2;1;80;05;;;;1;3;;2;;;9;;2;2;;2;;1;11;4;05;1021.2852528
6,007,950;1;2;1;80;05;;;;2;;;;2;;;.;2;2;;2;;1;11;;05;1088.6402625
6,007,952;1;1;1;80;05;;;;1;3;;2;;;9;;2;2;;2;;1;11;4;05;1073.2709003
6,007,955;1;1;1;80;05;;;;1;5;;2;;;11;;3;3;;2;;1;11;4;05;1053.9456714
6,007,955;1;2;1;80;05;;;;1;1;;2;;;9;;2;2;;2;;1;11;4;05;1053.9456714
6,007,957;1;1;1;80;05;;;;1;4;;1;;4;8;;2;2;;2;;1;11;4;05;1121.8404423
6,007,959;1;1;1;80;05;;;;1;5;;1;;1;4;;3;3;;2;;1;11;4;05;1130.6677527
6,007,961;1;1;1;80;05;;;;2;;;;2;;;.;2;2;;2;;1;11;;05;1028.7706173
6,007,961;1;3;1;80;05;1;48;908,526;1;1;;2;;;11;;2;2;;1;908,526;1;11;1.1;05;1028.7706173
6,007,963;1;1;1;80;05;;;;1;3;;2;;;9;;2;2;;2;;1;11;4;05;1113.0131318
6,007,965;1;1;1;80;05;;;;1;5;;2;;;10;;3;3;;2;;1;11;2;05;1005.3761295
6,007,965;1;2;1;80;05;;;;1;3;;2;;;9;;2;2;;2;;1;11;4;05;1005.3761295
6,007,965;1;5;1;80;05;;;;2;;;;2;;;.;;;;2;;1;11;;05;1005.3761295
6,007,966;1;1;1;80;05;;;;1;5;;2;;;11;;3;3;;2;;1;11;4;05;1071.6002924
6,007,969;1;3;1;80;05;;;;2;;;;2;;;.;;;;2;;1;11;;05;1029.4979125
6,007,969;1;4;1;80;05;;;;2;;;;2;;;.;2;2;;2;;1;11;;05;1029.4979125
6,007,971;1;1;1;80;11;;;;1;5;;2;;;10;;3;3;;2;;1;11;4;11;2690.9442506
6,007,973;1;1;1;80;11;;;;1;3;;2;;;9;;1;2;;2;;1;11;4;11;5301.0650749
6,007,974;1;2;1;80;11;;;;2;;;;2;;;.;2;2;;2;;1;11;;11;2975.5312665
6,007,975;1;1;1;80;11;;;;1;5;;2;;;10;;3;3;;2;;1;11;3;11;2725.5195603
6,007,976;1;3;1;80;11;;;;1;2;;2;;;2;;2;2;;2;;1;11;1.1;11;3432.4590959
6,007,976;1;4;1;80;11;;;;2;;;;2;;;.;;;;2;;1;11;;11;3432.4590959
6,007,979;1;1;1;80;11;;;;1;5;;2;;;4;;3;3;;2;;1;11;4;11;3069.5373252
6,007,980;1;2;1;80;11;;;;1;7;;2;;;9;;2;2;;2;;1;11;2;11;4700.6755658
6,007,981;1;2;1;80;11;;;;1;1;;2;;;1;;2;2;;2;;1;11;3;11;2827.3794393
6,007,981;1;3;1;80;11;;;;2;;;;2;;;.;2;2;;2;;1;11;;11;2827.3794393
6,007,981;1;4;1;80;11;;;;2;;;;2;;;.;2;2;;2;;1;11;;11;2827.3794393
6,007,984;1;1;1;80;11;;;;1;4;;2;;;4;;2;2;;2;;1;11;2;11;2351.8247326
6,007,984;1;2;1;80;11;;;;1;4;;2;;;4;;2;2;;2;;1;11;3;11;2351.8247326
6,007,984;1;4;1;80;11;2;;98;2;;;;2;;;.;2;2;;2;;1;11;;11;2351.8247326
6,007,985;1;1;1;80;11;;;;1;5;;2;;;10;;3;3;;2;;1;11;1.3;11;3590.1177286
6,007,986;1;1;1;80;11;;;;1;1;;2;;;9;;2;2;;2;;1;11;1.4;11;2586.5261166
6,007,987;1;1;1;80;11;;;;2;;;;2;;;.;2;2;;2;;1;11;;11;2809.3807033
6,007,987;1;2;1;80;11;;;;1;3;;2;;;9;;2;2;;2;;1;11;1.2;11;2809.3807033
6,007,989;1;2;1;80;11;;;;2;;;;2;;;.;2;2;;2;;1;11;;11;3878.3367397
6,007,989;1;3;1;80;11;;;;2;;;;2;;;.;2;2;;2;;1;11;;11;3878.3367397
6,007,989;1;4;1;80;11;;;;2;;;;2;;;.;;;;2;;1;11;;11;3878.3367397
6,007,990;1;2;1;80;11;;;;1;3;;2;;;9;;2;2;;2;;1;11;4;11;3250.9982106
6,007,990;1;3;1;80;11;;;;2;;;;2;;;.;2;2;;2;;1;11;;11;3250.9982106
6,007,992;1;3;1;80;11;;;;2;;;;2;;;.;2;2;;2;;1;11;;11;3623.4267867
6,007,992;1;4;1;80;11;;;;2;;;;2;;;.;;;;2;;1;11;;11;3623.4267867
6,007,996;1;2;1;80;11;;;;1;7;;2;;;9;;2;2;;2;;1;11;2;11;2827.3794393
6,007,996;1;3;1;80;11;;;;2;;;;2;;;.;2;2;;2;;1;11;;11;2827.3794393
6,007,996;1;4;1;80;11;;;;2;;;;2;;;.;;;;2;;1;11;;11;2827.3794393
6,007,998;1;1;1;80;11;;;;1;3;;2;;;9;;3;3;;2;;1;11;2;11;4059.797625
6,007,998;1;2;1;80;11;;;;2;;;;2;;;.;2;2;;2;;1;11;;11;4059.797625
6,007,998;1;3;1;80;11;;;;2;;;;2;;;.;2;2;;2;;1;11;;11;4059.797625
6,007,998;1;4;1;80;11;;;;2;;;;2;;;.;2;2;;2;;1;11;;11;4059.797625
6,007,998;1;5;1;80;11;;;;2;;;;2;;;.;;;;2;;1;11;;11;4059.797625
6,007,999;1;3;1;80;11;;;;1;4;;2;;;4;;2;2;;2;;1;11;1.4;11;3650.6993177
6,008,002;1;1;1;80;11;;;;1;4;;2;;;4;;2;2;;2;;1;11;3;11;3065.8282301
6,008,002;1;3;1;80;11;1;48;908,528;1;9;POR LA PANDEMIA;2;;;9;;2;2;;2;;1;11;2;11;3065.8282301
6,008,003;1;3;1;80;11;;;;2;;;;2;;;.;2;2;;2;;1;11;;11;3352.8580895
6,008,003;1;4;1;80;11;;;;2;;;;2;;;.;2;2;;2;;1;11;;11;3352.8580895
6,008,006;1;3;1;80;11;;;;2;;;;2;;;.;2;2;;2;;1;11;;11;3217.5737409
6,008,008;1;2;1;80;11;;;;1;8;;1;;1;11;;2;2;;2;;1;11;2;11;4806.2445399
6,008,010;1;2;1;80;11;;;;1;3;;2;;;12;PANDEMIA;2;2;;2;;1;11;4;11;3069.5373252
6,008,011;1;1;1;80;11;;;;1;5;;2;;;10;;3;3;;2;;1;11;4;11;2975.5312665
6,008,014;1;2;1;80;11;;;;1;9;POR EDAD;2;;;8;;2;2;;2;;1;11;3;11;3805.2111829
6,008,014;1;3;1;80;11;;;;1;2;;2;;;2;;2;2;;2;;1;11;1.2;11;3805.2111829
6,008,015;1;1;1;80;11;;;;1;5;;2;;;8;;3;3;;2;;1;11;4;11;3454.83338
6,008,017;1;2;1;80;11;;;;2;;;;2;;;.;2;2;;2;;1;11;;11;3036.1128556
6,008,018;1;4;1;80;11;;;;2;;;;2;;;.;;;;2;;1;11;;11;3907.0710619
6,008,019;1;4;1;80;11;;;;2;;;;2;;;.;2;2;;2;;1;11;;11;2801.4114716
6,008,024;1;3;1;80;11;;;;1;4;;2;;;4;;2;2;;2;;1;11;1.3;11;4059.797625
6,008,024;1;5;1;80;11;;;;2;;;;2;;;.;2;2;;2;;1;11;;11;4059.797625
6,008,025;1;2;1;80;11;;;;2;;;;2;;;.;2;2;;2;;1;11;;11;2525.9445275
6,008,025;1;3;1;80;11;;;;1;5;;2;;;10;;3;3;;2;;1;11;4;11;2525.9445275
6,008,030;1;1;1;80;11;;;;1;5;;2;;;10;;3;3;;2;;1;11;4;11;3319.5490314
6,008,031;1;1;1;80;11;;;;1;5;;2;;;10;;3;3;;2;;1;11;4;11;3579.7056533
6,008,032;1;2;1;80;11;;;;1;3;;2;;;9;;2;2;;2;;1;11;4;11;3069.5373252
6,008,033;1;1;1;80;11;2;;908,526;1;3;;2;;;8;;2;2;;2;;1;11;4;11;3696.8758544
6,008,033;1;3;1;80;11;;;;2;;;;2;;;.;2;2;;2;;1;11;;11;3696.8758544
6,008,034;1;2;1;80;11;;;;2;;;;2;;;.;2;2;;2;;1;11;;11;4728.5626667
6,008,035;1;2;1;80;11;2;;908,528;2;;;;2;;;.;2;2;;2;;1;11;;11;4203.0840164
6,008,036;1;2;1;80;11;2;;908,600;1;7;;2;;;9;;1;1;2;2;;1;11;4;11;4356.6578009
6,008,040;1;3;1;80;11;;;908,526;1;6;;1;;1;4;;2;2;;2;;1;11;1.2;11;3171.3972042
6,008,041;1;2;1;80;11;;;;1;3;;2;;;9;;2;2;;2;;1;11;4;11;4315.379511
6,008,045;1;2;1;80;11;1;25;700,000;2;;;;2;;;.;2;2;;2;;1;11;;11;2975.5312665
6,008,046;1;1;1;80;11;;;;2;;;;1;2;8;;2;2;;2;;1;11;;11;3968.3826324
6,008,046;1;2;1;80;11;;;;1;9;POR LA PANDEMIA;2;;;8;;2;2;;2;;1;11;2;11;3968.3826324
6,008,050;1;3;1;80;11;;;;2;;;;2;;;.;2;2;;2;;1;11;;11;3352.8580895
6,008,050;1;4;1;80;11;;;;2;;;;2;;;.;;;;2;;1;11;;11;3352.8580895
6,008,058;1;4;1;80;11;;;;2;;;;2;;;.;2;2;;2;;1;11;;11;3352.8580895
6,008,061;1;3;1;80;11;;;;1;1;;2;;;2;;2;2;;2;;1;11;1.4;11;4863.8470153
6,008,062;1;1;1;80;11;;;;1;1;;2;;;8;;2;2;;2;;1;11;2;11;3319.5490314
6,008,066;1;2;1;80;11;;;;2;;;;2;;;.;2;2;;2;;1;11;;11;2869.9622924
6,008,067;1;1;1;80;11;;;;1;3;;2;;;8;;2;2;;2;;1;11;2;11;3051.4231777
6,008,067;1;2;1;80;11;2;;1,200,000;2;;;;1;1;2;;2;2;;2;;1;11;;11;3051.4231777
6,008,067;1;3;1;80;11;;;;2;;;;2;;;.;;;;2;;1;11;;11;3051.4231777
6,008,068;1;1;1;80;11;;;;1;3;;2;;;9;;2;2;;2;;1;11;4;11;4218.3943386
6,008,068;1;3;1;80;11;;;;2;;;;2;;;.;2;2;;2;;1;11;;11;4218.3943386
6,008,069;1;1;1;80;11;;;;1;5;;2;;;9;;2;2;;2;;1;11;4;11;3319.5490314
6,008,070;1;1;1;80;11;;;;1;5;;2;;;9;;3;3;;2;;1;11;3;11;4950.1838128
6,008,070;1;3;1;80;11;;;;2;;;;2;;;.;2;2;;2;;1;11;;11;4950.1838128
6,008,071;1;1;1;80;11;;;;1;5;;2;;;10;;3;3;;2;;1;11;4;11;3454.83338
6,008,072;1;4;1;80;11;;;;2;;;;2;;;.;;;;2;;1;11;;11;4027.7750698
6,008,073;1;4;1;80;11;;;;2;;;;2;;;.;2;2;;2;;1;11;;11;2037.4840305
6,008,073;1;5;1;80;11;;;;2;;;;2;;;.;2;2;;2;;1;11;;11;2037.4840305
6,008,075;1;1;1;80;11;;;;1;3;;2;;;9;;2;2;;2;;1;11;1.4;11;5714.0729422
6,008,076;1;5;1;80;11;;;;1;5;;2;;;10;;3;3;;2;;1;11;4;11;5357.4783986
6,008,078;1;1;1;80;11;;;;1;4;;2;;;4;;2;2;;2;;1;11;4;11;3232.8840631
6,008,078;1;3;1;80;11;;;;2;;;;2;;;.;2;2;;2;;1;11;;11;3232.8840631
6,008,078;1;4;1;80;11;;;;2;;;;2;;;.;2;2;;2;;1;11;;11;3232.8840631
6,008,080;1;1;1;80;11;;;;2;;;;2;;;.;3;3;;2;;1;11;;11;3340.1060224
6,008,080;1;2;1;80;11;;;;1;3;;2;;;9;;2;2;;2;;1;11;1.4;11;3340.1060224
6,008,084;1;2;1;80;11;;;;2;;;;2;;;.;2;2;;2;;1;11;;11;3112.0047668
6,008,084;1;3;1;80;11;;;;2;;;;2;;;.;2;2;;2;;1;11;;11;3112.0047668
6,008,085;1;2;1;80;11;;;908,526;1;3;;2;;;9;;2;2;;2;;1;11;3;11;5973.2157007
6,008,086;1;1;1;80;11;;;;1;5;;2;;;10;;3;3;;2;;1;11;4;11;2801.4114716
6,008,086;1;2;1;80;11;;;;1;3;;2;;;9;;2;2;;2;;1;11;4;11;2801.4114716
6,008,087;1;1;1;80;11;;;;1;6;;2;;;11;;2;2;;2;;1;11;4;11;3000.9865044
6,008,087;1;4;1;80;11;;;;2;;;;2;;;.;2;2;;2;;1;11;;11;3000.9865044
6,008,088;1;1;1;80;11;;;;2;;;;2;;;.;3;3;;2;;1;11;;11;3069.5373252
6,008,088;1;2;1;80;11;;;;2;;;;2;;;.;2;2;;2;;1;11;;11;3069.5373252
6,008,089;1;1;1;80;11;;;;1;4;;2;;;8;;2;2;;2;;1;11;4;11;3579.7056533
6,008,090;1;1;1;80;11;;;;1;5;;2;;;10;;3;3;;2;;1;11;4;11;3069.5373252
6,008,090;1;2;1;80;11;;;;2;;;;2;;;.;2;2;;2;;1;11;;11;3069.5373252
6,008,091;1;1;1;80;11;;;;1;7;;2;;;8;;2;2;;2;;1;11;3;11;3110.8156151
6,008,092;1;1;1;80;11;;;;1;3;;2;;;8;;2;2;;2;;1;11;4;11;3865.792772
6,008,093;1;1;1;80;11;;;;1;5;;2;;;10;;3;3;;2;;1;11;4;11;2411.21717
6,008,093;1;2;1;80;11;;;;1;5;;2;;;10;;3;3;;2;;1;11;4;11;2411.21717
6,008,093;1;4;1;80;11;;;;2;;;;2;;;.;;;;2;;1;11;;11;2411.21717
6,008,093;1;5;1;80;11;2;;1,500,000;1;6;;1;;1;2;;2;2;;2;;1;11;2;11;2411.21717
6,008,096;1;3;1;80;11;2;;98;1;2;;2;;;2;;2;2;;2;;1;11;3;11;3311.5797997
6,008,098;1;2;1;80;11;1;48;908,526;1;3;;2;;;9;;2;2;;2;;1;11;1.2;11;5885.9361625
6,008,099;1;3;1;80;11;;;;2;;;;2;;;.;;;;2;;1;11;;11;4863.8470153
6,008,101;1;2;1;80;11;;;;2;;;;2;;;.;2;2;;2;;1;11;;11;3442.9039822
6,008,101;1;4;1;80;11;;;;1;4;;2;;;4;;2;2;;2;;1;11;3;11;3442.9039822
6,008,101;1;5;1;80;11;;;;2;;;;2;;;.;2;2;;2;;1;11;;11;3442.9039822
6,008,102;1;1;1;80;11;;;;2;;;;2;;;.;3;3;;2;;1;11;;11;3250.9982106
6,008,102;1;3;1;80;11;;;;2;;;;2;;;.;2;2;;2;;1;11;;11;3250.9982106
6,008,104;1;1;1;80;11;;;;1;4;;2;;;9;;1;2;;2;;1;11;3;11;4719.0761124
6,008,104;1;4;1;80;11;;;;2;;;;2;;;.;2;2;;2;;1;11;;11;4719.0761124
6,008,104;1;5;1;80;11;2;;908,526;1;1;;2;;;9;;2;2;;2;;1;11;3;11;4719.0761124
6,008,104;1;9;1;80;11;;;;1;4;;2;;;4;;2;2;;2;;1;11;4;11;4719.0761124
6,008,105;1;1;1;80;11;;;;1;5;;2;;;10;;3;3;;2;;1;11;3;11;3578.1883308
6,008,105;1;4;1;80;11;;;;2;;;;2;;;.;2;2;;2;;1;11;;11;3578.1883308
6,008,106;1;1;1;80;11;;;;1;5;;2;;;10;;3;3;;2;;1;11;4;11;2109.7822582
6,008,106;1;2;1;80;11;;;;2;;;;2;;;.;2;2;;2;;1;11;;11;2109.7822582
6,008,106;1;3;1;80;11;;;;1;9;ESPERANDO JUBILACION;2;;;11;;2;2;;2;;1;11;1.4;11;2109.7822582
6,008,108;1;1;1;80;11;;;;2;;;;2;;;.;2;2;;2;;1;11;;11;2480.6732606
6,008,108;1;2;1;80;11;;;;1;5;;2;;;10;;3;3;;2;;1;11;4;11;2480.6732606
6,008,108;1;4;1;80;11;;;;2;;;;2;;;.;2;2;;2;;1;11;;11;2480.6732606
6,008,110;1;2;1;80;11;;;;1;4;;2;;;4;;2;2;;2;;1;11;4;11;3250.9982106
6,008,113;1;4;1;80;11;;;;2;;;;2;;;.;;;;2;;1;11;;11;3488.1424381
6,008,113;1;5;1;80;11;;;;2;;;;2;;;.;;;;2;;1;11;;11;3488.1424381
6,008,114;1;3;1;80;11;;;;2;;;;2;;;.;2;2;;2;;1;11;;11;3878.3367397
6,008,114;1;4;1;80;11;;;;2;;;;2;;;.;2;2;;2;;1;11;;11;3878.3367397
6,008,117;1;3;1;80;11;;;;2;;;;2;;;.;2;2;;2;;1;11;;11;3186.7075263
6,008,117;1;4;1;80;11;;;;1;3;;2;;;8;;2;2;;2;;1;11;4;11;3186.7075263
6,008,119;1;2;1;80;11;;;;1;1;;2;;;9;;2;2;;2;;1;11;3;11;7101.3514152
6,008,119;1;3;1;80;11;;;;2;;;;2;;;.;;;;2;;1;11;;11;7101.3514152
6,008,120;1;1;1;80;11;;;;1;4;;2;;;4;;2;2;;2;;1;11;3;11;3069.5373252
6,008,120;1;2;1;80;11;;;;1;3;;2;;;8;;2;2;;2;;1;11;4;11;3069.5373252
6,008,121;1;2;1;80;11;;;;2;;;;2;;;.;2;2;;2;;1;11;;11;4584.2952229
6,008,121;1;3;1;80;11;;;;2;;;;2;;;.;;;;2;;1;11;;11;4584.2952229
6,008,121;1;4;1;80;11;;;;2;;;;2;;;.;;;;2;;1;11;;11;4584.2952229
6,008,122;1;1;1;80;11;;;;1;3;;2;;;9;;2;2;;2;;1;11;2;11;3319.5490314
6,008,124;1;2;1;80;11;;;;2;;;;2;;;.;2;2;;2;;1;11;;11;3352.8580895
6,008,124;1;3;1;80;11;;;;2;;;;2;;;.;2;2;;2;;1;11;;11;3352.8580895
6,008,124;1;4;1;80;11;;;;2;;;;2;;;.;2;2;;2;;1;11;;11;3352.8580895
6,008,126;1;2;1;80;11;;;;1;3;;2;;;9;;2;2;;2;;1;11;2;11;4682.38613
6,008,127;1;2;1;80;11;;;;1;3;;2;;;9;;2;2;;2;;1;11;3;11;4700.6755658
6,008,128;1;1;1;80;11;;;;1;3;;2;;;4;;2;2;;2;;1;11;4;11;3036.1128556
6,008,128;1;2;1;80;11;;;;2;;;;2;;;.;;;;2;;1;11;;11;3036.1128556
6,008,130;1;1;1;80;11;;;;1;4;;2;;;4;;2;2;;2;;1;11;1.3;11;6409.6433477
6,008,131;1;1;1;80;11;;;;1;5;;2;;;10;;2;2;;2;;1;11;4;11;8780.1645411
6,008,131;1;3;1;80;11;;;;1;3;;2;;;9;;2;2;;2;;1;11;3;11;8780.1645411
6,008,134;1;2;1;80;11;;;;2;;;;2;;;.;2;2;;2;;1;11;;11;7522.3330773
6,008,135;1;1;1;80;11;;;;1;4;;2;;;4;;2;2;;2;;1;11;4;11;6486.6578988
6,008,137;1;1;1;80;11;;;;1;8;;2;;;8;;2;2;;2;;1;11;2;11;6139.0746505
6,008,137;1;2;1;80;11;;;;1;7;;2;;;8;;2;2;;2;;1;11;4;11;6139.0746505
6,008,138;1;1;1;80;11;;;;1;5;;2;;;10;;3;3;;2;;1;11;3;11;2809.3807033
6,008,138;1;2;1;80;11;;;;1;1;;2;;;8;;2;2;;2;;1;11;4;11;2809.3807033
6,008,140;1;2;1;80;11;;;;2;;;;2;;;.;2;2;;2;;1;11;;11;3051.4231777
6,008,141;1;1;1;80;11;;;;1;3;;2;;;9;;2;2;;2;;1;11;4;11;3897.2407455
6,008,141;1;5;1;80;11;;;;2;;;;2;;;.;2;2;;2;;1;11;;11;3897.2407455
6,008,141;1;6;1;80;11;;;;2;;;;2;;;.;;;;2;;1;11;;11;3897.2407455
6,008,141;1;7;1;80;11;;;;2;;;;2;;;.;;;;2;;1;11;;11;3897.2407455
6,008,142;1;2;1;80;11;;;;1;3;;2;;;9;;2;2;;2;;1;11;4;11;3382.3223931
6,008,142;1;5;1;80;11;;;;2;;;;2;;;.;2;2;;2;;1;11;;11;3382.3223931
6,008,150;1;5;1;80;11;;;;1;4;;2;;;8;;2;2;;2;;1;11;4;11;5357.4783986
6,008,153;1;4;1;80;11;;;;2;;;;2;;;.;2;2;;2;;1;11;;11;4551.8656427
6,008,154;1;1;1;80;11;;;;1;5;;2;;;10;;3;3;;2;;1;11;4;11;3579.7056533
6,008,156;1;2;1;80;11;2;;908,526;2;;;;2;;;.;2;2;;2;;1;11;;11;4910.023552
6,008,156;1;3;1;80;11;;;;2;;;;2;;;.;;;;2;;1;11;;11;4910.023552
6,008,157;1;1;1;80;11;;;;1;3;;2;;;4;;2;2;;2;;1;11;4;11;3319.5490314
6,008,158;1;2;1;80;11;;;;2;;;;2;;;.;;;;2;;1;11;;11;5388.3446131
6,008,163;1;2;1;80;11;;;;2;;;;2;;;.;2;2;;2;;1;11;;11;4700.6755658
6,008,164;1;1;1;80;11;;;;1;5;;2;;;10;;3;3;;2;;1;11;4;11;3319.5490314
6,008,167;1;1;1;80;11;;;;1;3;;2;;;9;;2;2;;2;;1;11;4;11;2869.9622924
6,008,171;1;1;1;80;11;;;;1;6;;2;;;4;;3;3;;2;;1;11;4;11;3454.83338
6,008,173;1;1;1;80;11;;;;1;9;PANDEMIA;2;;;8;;2;2;;2;;1;11;2;11;3204.8216738
6,008,173;1;2;1;80;11;;;;1;5;;2;;;10;;3;3;;2;;1;11;4;11;3204.8216738
6,008,176;1;2;1;80;11;;;;1;3;;2;;;9;;2;2;;2;;1;11;4;11;5885.9361625
6,008,177;1;1;1;80;11;;;;1;5;;2;;;10;;2;2;;2;;1;11;4;11;3130.1189143
6,008,177;1;2;1;80;11;1;48;908,528;1;9;POR LA PANDEMIA;1;;1;6;;2;2;;2;;1;11;2;11;3130.1189143
6,008,178;1;1;1;80;11;;;;1;4;;2;;;4;;3;3;;2;;1;11;4;11;3319.5490314
6,008,179;1;3;1;80;11;;;;2;;;;2;;;.;2;2;;2;;1;11;;11;3171.3972042
6,008,182;1;4;1;80;11;;;;2;;;;2;;;.;2;2;;2;;1;11;;11;2921.385498
6,008,183;1;1;1;80;11;2;;98;1;7;;2;;;9;;2;2;;2;;1;11;3;11;4817.6704786
6,008,184;1;2;1;80;11;;;;1;3;;2;;;9;;2;2;;2;;1;11;1.4;11;3065.8282301
6,008,185;1;3;1;80;11;;;;2;;;;2;;;.;2;2;;2;;1;11;;11;3888.7816261
6,008,185;1;5;1;80;11;;;;1;4;;2;;;4;;2;2;;2;;1;11;2;11;3888.7816261
6,008,187;1;2;1;80;11;;;;2;;;;2;;;.;2;2;;2;;1;11;;11;3069.5373252
6,008,189;1;2;1;80;11;;;;1;8;;2;;;11;;2;2;;2;;1;11;4;11;3590.1177286
6,008,191;1;1;1;80;11;;;;1;9;PANDEMIA;2;;;8;;2;2;;2;;1;11;4;11;2860.8039089
6,008,191;1;2;1;80;11;;;;1;4;;2;;;4;;2;2;;2;;1;11;4;11;2860.8039089
6,008,191;1;4;1;80;11;;;;2;;;;2;;;.;2;2;;2;;1;11;;11;2860.8039089
6,008,192;1;2;1;80;11;;;;1;8;;2;;;9;;2;2;;2;;1;11;4;11;4538.1186862
6,008,195;1;2;1;80;11;;;;2;;;;2;;;.;;;;2;;1;11;;11;3036.1128556
6,008,197;1;1;1;80;11;;;;1;1;;2;;;9;;1;2;;2;;1;11;1.3;11;5867.6467266
6,008,198;1;4;1;80;11;;;;2;;;;2;;;.;2;2;;2;;1;11;;11;2967.5620347
6,008,203;1;2;1;80;11;;;;1;3;;2;;;9;;2;2;;2;;1;11;4;11;2740.8298825
6,008,203;1;3;1;80;11;;;;2;;;;2;;;.;2;2;;2;;1;11;;11;2740.8298825
6,008,203;1;4;1;80;11;;;;2;;;;2;;;.;3;3;;2;;1;11;;11;2740.8298825
6,008,204;1;2;1;80;11;;;;1;3;;2;;;9;;2;2;;2;;1;11;4;11;4682.38613
6,008,205;1;4;1;80;11;2;;908,526;1;8;;2;;;2;;2;2;;2;;1;11;2;11;2787.3548412
6,008,205;1;6;1;80;11;;;;1;4;;2;;;4;;3;3;;2;;1;11;4;11;2787.3548412
6,008,205;1;7;1;80;11;;;;2;;;;2;;;.;2;2;;2;;1;11;;11;2787.3548412
6,008,207;1;1;1;80;11;;;;1;4;;2;;;4;;2;2;;2;;1;11;2;11;2869.9622924
6,008,208;1;1;1;80;11;;;;1;5;;2;;;10;;3;3;;2;;1;11;4;11;3579.7056533
6,008,214;1;2;1;80;11;;;;1;3;;2;;;9;;2;2;;2;;1;11;4;11;3250.9982106
6,008,214;1;3;1;80;11;;;;2;;;;2;;;.;2;2;;2;;1;11;;11;3250.9982106
6,008,215;1;2;1;80;11;;;;2;;;;2;;;.;2;2;;2;;1;11;;11;2975.5312665
6,008,216;1;1;1;80;11;;;;2;;;;2;;;.;2;2;;2;;1;11;;11;3965.0017081
6,008,217;1;1;1;80;11;;;;1;5;;2;;;10;;3;3;;2;;1;11;4;11;3069.5373252
6,008,217;1;2;1;80;11;;;;2;;;;2;;;.;2;2;;2;;1;11;;11;3069.5373252
6,008,218;1;1;1;80;11;;;;1;5;;2;;;10;;3;3;;2;;1;11;4;11;2819.5256191
6,008,218;1;2;1;80;11;;;;1;5;;2;;;10;;3;3;;2;;1;11;4;11;2819.5256191
6,008,218;1;3;1;80;11;;;;1;5;;2;;;10;;3;3;;2;;1;11;4;11;2819.5256191
6,008,219;1;2;1;80;11;;;;2;;;;2;;;.;2;2;;2;;1;11;;11;2619.9505863
6,008,222;1;3;1;80;11;;;;2;;;;2;;;.;;;;2;;1;11;;11;8676.7367301
6,008,223;1;3;1;80;11;;;;2;;;;2;;;.;2;2;;2;;1;11;;11;3696.8758544
6,008,229;1;1;1;80;11;;;;1;3;;2;;;8;;2;2;;2;;1;11;4;11;2275.9328214
6,008,229;1;2;1;80;11;;;;1;4;;1;;1;4;;2;2;;2;;1;11;3;11;2275.9328214
6,008,229;1;4;1;80;11;;;;2;;;;1;1;5;;2;2;;2;;1;11;;11;2275.9328214
6,008,230;1;5;1;80;11;;;908,526;1;1;;1;;1;1;;2;2;;2;;1;11;2;11;5138.5081953
6,008,232;1;3;1;80;11;;;;2;;;;1;1;2;;2;2;;2;;1;11;;11;5523.6289617
6,008,234;1;1;1;80;11;;;;1;9;POR PANDEMIA;2;;;10;;3;3;;2;;1;11;2;11;2921.385498
6,008,234;1;2;1;80;11;;;;2;;;;2;;;.;2;2;;2;;1;11;;11;2921.385498
6,008,234;1;4;1;80;11;;;;2;;;;2;;;.;2;2;;2;;1;11;;11;2921.385498
6,008,235;1;3;1;80;11;;;;2;;;;2;;;.;2;2;;2;;1;11;;11;3493.040685
6,008,235;1;4;1;80;11;;;;2;;;;2;;;.;2;2;;2;;1;11;;11;3493.040685
6,008,236;1;2;1;80;11;;;;1;3;;2;;;11;;1;2;;2;;1;11;4;11;3878.3367397
6,008,236;1;4;1;80;11;;;;2;;;;2;;;.;2;2;;2;;1;11;;11;3878.3367397
6,008,238;1;3;1;80;11;;;;1;3;;2;;;9;;2;2;;2;;1;11;4;11;3204.8216738
6,008,239;1;1;1;80;11;;;;1;5;;2;;;10;;3;3;;2;;1;11;4;11;3340.1060224
6,008,239;1;2;1;80;11;;;;1;3;;2;;;9;;2;2;;2;;1;11;4;11;3340.1060224
6,008,240;1;1;1;80;11;;;;2;;;;2;;;.;2;2;;2;;1;11;;11;4011.1782448
6,008,241;1;1;1;80;11;;;;1;5;;2;;;10;;3;3;;2;;1;11;4;11;3319.5490314
6,008,243;1;1;1;80;11;;;;1;5;;2;;;10;;3;3;;2;;1;11;4;11;3501.0099167
6,008,245;1;2;1;80;11;;;;1;4;;2;;;4;;2;2;;2;;1;11;4;11;3069.5373252
6,008,246;1;1;1;80;11;;;;1;5;;2;;;10;;3;3;;2;;1;11;4;11;3051.4231777
6,008,246;1;3;1;80;11;;;;2;;;;2;;;.;;;;2;;1;11;;11;3051.4231777
6,008,247;1;1;1;80;11;;;;1;4;;2;;;8;;2;2;;2;;1;11;4;11;3319.5490314
6,008,248;1;4;1;80;11;;;;2;;;;2;;;.;;;;2;;1;11;;11;3306.6815528
6,008,251;1;4;1;80;11;;;;2;;;;2;;;.;2;2;;2;;1;11;;11;2275.9328214
6,008,252;1;4;1;80;11;;;;2;;;;2;;;.;2;2;;2;;1;11;;11;3352.8580895
6,008,254;1;1;1;80;11;;;;1;5;;2;;;11;;3;3;;2;;1;11;4;11;3579.7056533
6,008,255;1;2;1;80;11;;;;2;;;;2;;;.;2;2;;2;;1;11;;11;2869.9622924
6,008,256;1;1;1;80;11;;;;1;9;EDAD;2;;;11;;2;2;;2;;1;11;4;11;3204.8216738
6,008,256;1;2;1;80;11;;;;1;5;;2;;;11;;3;3;;2;;1;11;4;11;3204.8216738
6,008,258;1;3;1;80;11;;;;2;;;;2;;;.;;;;2;;1;11;;11;4338.368365
6,008,259;1;1;1;80;11;;;;1;3;;2;;;9;;2;2;;2;;1;11;4;11;2661.2288761
6,008,261;1;1;1;80;11;;;;2;;;;2;;;.;2;2;;2;;1;11;;11;2694.6533458
6,008,261;1;2;1;80;11;;;;1;5;;2;;;10;;3;3;;2;;1;11;4;11;2694.6533458
6,008,261;1;3;1;80;11;;;;1;3;;2;;;9;;2;2;;2;;1;11;3;11;2694.6533458
6,008,261;1;4;1;80;11;;;;1;4;;2;;;4;;2;2;;2;;1;11;4;11;2694.6533458
6,008,263;1;1;1;80;11;;;;1;5;;2;;;10;;3;3;;2;;1;11;2;11;3340.1060224
6,008,263;1;2;1;80;11;;;;1;3;;2;;;9;;2;2;;2;;1;11;4;11;3340.1060224
6,008,265;1;2;1;80;11;;;;2;;;;2;;;.;;;;2;;1;11;;11;3051.4231777
6,008,265;1;3;1;80;11;;;;1;1;;2;;;4;;2;2;;2;;1;11;1.2;11;3051.4231777
6,008,266;1;3;1;80;11;;;;2;;;;2;;;.;2;2;;2;;1;11;;11;2786.1011494
6,008,267;1;1;1;80;11;;;;1;6;;2;;;11;;3;3;;2;;1;11;1.1;11;3319.5490314
6,008,268;1;1;1;80;11;;;;1;5;;2;;;10;;3;3;;2;;1;11;4;11;3069.5373252
6,008,268;1;2;1;80;11;;;;2;;;;2;;;.;2;2;;2;;1;11;;11;3069.5373252
6,008,276;1;2;1;80;11;;;;2;;;;1;1;8;;2;2;;2;;1;11;;11;4806.2445399
6,008,278;1;2;1;80;11;;;;2;;;;2;;;.;2;2;;2;;1;11;;11;2420.3755534
6,008,278;1;3;1;80;11;;;;2;;;;2;;;.;2;2;;2;;1;11;;11;2420.3755534
6,008,279;1;1;1;80;11;;;;1;9;CANSANCIO;2;;;8;;2;2;;2;;1;11;3;11;3319.5490314
6,008,280;1;3;1;80;11;;;;2;;;;2;;;.;2;2;;2;;1;11;;11;2553.0182654
6,008,281;1;1;1;80;11;;;;1;6;;2;;;8;;3;3;;2;;1;11;4;11;2301.2393486
6,008,282;1;1;1;80;11;;;;1;3;;2;;;9;;2;2;;2;;1;11;4;11;2819.5256191
6,008,282;1;3;1;80;11;;;;1;5;;2;;;8;;3;3;;2;;1;11;4;11;2819.5256191
6,008,283;1;2;1;80;11;;;;2;;;;2;;;.;2;2;;2;;1;11;;11;3561.5915058
6,008,285;1;2;1;80;11;;;;2;;;;2;;;.;2;2;;2;;1;11;;11;2860.8039089
6,008,286;1;1;1;80;11;;;;1;4;;2;;;4;;3;3;;2;;1;11;4;11;1914.8586797
6,008,286;1;2;1;80;11;;;;1;5;;2;;;10;;3;3;;2;;1;11;4;11;1914.8586797
6,008,286;1;6;1;80;11;;;;1;9;PANDEMIA COVID;2;;;1;;2;2;;2;;1;11;2;11;1914.8586797
6,008,287;1;2;1;80;11;;;;2;;;;2;;;.;2;2;;2;;1;11;;11;2809.3807033
6,008,288;1;1;1;80;11;;;;1;5;;2;;;4;;3;3;;2;;1;11;4;11;2600.647287
6,008,288;1;3;1;80;11;;;;2;;;;2;;;.;2;2;;2;;1;11;;11;2600.647287
6,008,290;1;1;1;80;11;;;;1;5;;2;;;11;;3;3;;2;;1;11;4;11;3051.4231777
6,008,291;1;2;1;80;11;1;48;908,528;1;6;;1;;1;7;;2;2;;2;;1;11;1.4;11;3561.5915058
6,008,292;1;4;1;80;11;;;;2;;;;2;;;.;2;2;;2;;1;11;;11;3352.8580895
6,008,294;1;1;1;80;11;1;48;908,600;1;8;;2;;;8;;2;2;;2;;1;11;4;11;3579.7056533
6,008,295;1;1;1;80;11;;;;1;9;POR LA PANDEMIA;2;;;8;;2;2;;2;;1;11;2;11;1771.2224581
6,008,295;1;2;1;80;11;;;;2;;;;2;;;.;2;2;;2;;1;11;;11;1771.2224581
6,008,296;1;2;1;80;11;;;;1;3;;2;;;9;;2;2;;2;;1;11;3;11;3021.8628637
6,008,298;1;3;1;80;11;;;;2;;;;2;;;.;2;2;;2;;1;11;;11;2827.3794393
6,008,298;1;4;1;80;11;;;;2;;;;2;;;.;;;;2;;1;11;;11;2827.3794393
6,008,299;1;1;1;80;11;;;;1;3;;2;;;8;;2;2;;2;;1;11;4;11;3005.246641
6,008,300;1;1;1;80;11;;;;1;5;;2;;;10;;3;3;;2;;1;11;3;11;3319.5490314
6,008,301;1;2;1;80;11;;;;1;3;;2;;;9;;2;2;;2;;1;11;4;11;3311.5797997
6,008,302;1;4;1;80;11;;;;2;;;;2;;;.;;;;2;;1;11;;11;3186.7075263
6,008,303;1;2;1;80;11;;;;2;;;;2;;;.;2;2;;2;;1;11;;11;3561.5915058
6,008,304;1;1;1;80;11;;;;1;4;;2;;;4;;2;2;;2;;1;11;4;11;2133.9958059
6,008,306;1;2;1;80;11;;;;1;3;;2;;;9;;2;2;;2;;1;11;4;11;2128.8727283
6,008,306;1;3;1;80;11;;;;2;;;;2;;;.;2;2;;2;;1;11;;11;2128.8727283
6,008,310;1;2;1;80;11;;;1,000,000;1;8;;2;;;2;;2;2;;2;;1;11;3;11;2930.5438815
6,008,311;1;2;1;80;11;;;;1;7;;2;;;8;;1;2;;2;;1;11;4;11;2128.8727283
6,008,314;1;2;1;80;11;;;;2;;;;2;;;.;;;;2;;1;11;;11;4221.3734523
6,008,316;1;1;1;80;11;;;;2;;;;2;;;.;2;2;;2;;1;11;;11;3319.5490314
6,008,317;1;2;1;80;11;;;;1;4;;2;;;9;;2;2;;2;;1;11;4;11;2796.5132247
6,008,317;1;5;1;80;11;;;;1;4;;2;;;8;;2;2;;2;;1;11;4;11;2796.5132247
6,008,319;1;2;1;80;11;;;;1;3;;2;;;9;;2;2;;2;;1;11;4;11;2712.6520817
6,008,319;1;4;1;80;11;;;;2;;;;2;;;.;2;2;;2;;1;11;;11;2712.6520817
6,008,319;1;5;1;80;11;;;;2;;;;2;;;.;;;;2;;1;11;;11;2712.6520817
6,008,319;1;6;1;80;11;;;;1;4;;2;;;8;;2;2;;2;;1;11;4;11;2712.6520817
6,008,320;1;1;1;80;11;;;;1;4;;2;;;4;;2;2;;2;;1;11;4;11;3579.7056533
6,008,321;1;1;1;80;11;;;1,000,000;1;1;;2;;;8;;2;2;;2;;1;11;4;11;3579.7056533
6,008,327;1;1;1;80;11;;;;1;5;;2;;;10;;3;3;;2;;1;11;3;11;2755.2349349
6,008,327;1;2;1;80;11;;;;1;3;;2;;;8;;2;2;;2;;1;11;4;11;2755.2349349
6,008,328;1;1;1;80;11;;;;1;3;;2;;;11;;2;2;;2;;1;11;4;11;3319.5490314
6,008,331;1;3;1;80;11;;;;2;;;;2;;;.;2;2;;2;;1;11;;11;3878.3367397
6,008,331;1;4;1;80;11;;;;2;;;;2;;;.;2;2;;2;;1;11;;11;3878.3367397
6,008,334;1;1;1;80;11;;;;1;3;;2;;;9;;2;2;;2;;1;11;4;11;2860.8039089
6,008,334;1;2;1;80;11;;;;1;5;;2;;;10;;3;3;;2;;1;11;4;11;2860.8039089
6,008,335;1;2;1;80;11;;;;1;5;;2;;;10;;3;3;;2;;1;11;4;11;3454.83338
6,008,336;1;1;1;80;11;;;;1;3;;2;;;11;;2;2;;2;;1;11;4;11;3069.5373252
6,008,336;1;2;1;80;11;;;;1;5;;2;;;10;;3;3;;2;;1;11;4;11;3069.5373252
6,008,337;1;1;1;80;11;;;1,200,000;1;1;;1;;1;4;;1;2;;2;;1;11;2;11;3130.1189143
6,008,338;1;1;1;80;11;;;;2;;;;2;;;.;2;2;;2;;1;11;;11;3485.6995946
6,008,346;1;1;1;80;11;;;;2;;;;2;;;.;2;2;;2;;1;11;;11;3380.1306205
6,008,348;1;2;1;80;11;;;;1;3;;2;;;9;;9;2;;2;;1;11;3;11;5885.9361625
6,008,349;1;1;1;80;11;;;;1;9;NO LLEGA CLIENTES;2;;;5;;2;2;;2;;1;11;1.2;11;2975.5312665
6,008,355;1;4;1;80;11;;;;2;;;;2;;;.;;;;2;;1;11;;11;4584.2952229
6,008,356;1;1;1;80;11;;;;2;;;;2;;;.;2;2;;2;;1;11;;11;4011.1782448
6,008,357;1;2;1;80;11;;;;1;3;;2;;;9;;1;1;1;2;;1;11;2;11;5436.3494235
6,008,358;1;3;1;80;11;;;;2;;;;2;;;.;;;;2;;1;11;;11;4863.8470153
6,008,359;1;3;1;80;11;;;;2;;;;2;;;.;2;2;;2;;1;11;;11;6243.7843979
6,008,360;1;1;1;80;11;;;;1;5;;2;;;10;;3;3;;2;;1;11;4;11;3069.5373252
6,008,360;1;2;1;80;11;;;;1;3;;2;;;9;;2;2;;2;;1;11;4;11;3069.5373252
6,008,361;1;1;1;80;11;;;;1;4;;2;;;4;;2;2;;2;;1;11;1.2;11;3636.2942653
6,008,362;1;3;1;80;11;;;;1;3;;2;;;9;;2;2;;2;;1;11;2;11;4384.5449018
6,008,363;1;3;1;80;11;2;;1,500,000;2;;;;2;;;.;2;2;;2;;1;11;;11;4356.6578009
6,008,365;1;1;1;80;11;;;;1;5;;2;;;8;;3;3;;2;;1;11;4;11;2819.5256191
6,008,365;1;2;1;80;11;;;;1;3;;2;;;9;;2;2;;2;;1;11;4;11;2819.5256191
6,008,365;1;3;1;80;11;;;;1;5;;2;;;8;;3;3;;2;;1;11;4;11;2819.5256191
6,008,366;1;3;1;80;11;;;;2;;;;2;;;.;2;2;;2;;1;11;;11;3817.7551506
6,008,366;1;4;1;80;11;;;;2;;;;2;;;.;2;2;;2;;1;11;;11;3817.7551506
6,008,371;1;1;1;80;11;;;;2;;;;2;;;.;2;2;;2;;1;11;;11;3319.5490314
6,008,373;1;2;1;80;11;1;40;1,000,000;1;3;;2;;;9;;2;2;;2;;1;11;3;11;6030.8181761
6,008,373;1;3;1;80;11;;;;2;;;;2;;;.;;;;2;;1;11;;11;6030.8181761
6,008,374;1;1;1;80;11;;;;1;7;;2;;;8;;2;2;;2;;1;11;4;11;3000.9865044
6,008,374;1;3;1;80;11;;;;2;;;;2;;;.;2;2;;2;;1;11;;11;3000.9865044
6,008,374;1;4;1;80;11;;;;1;6;;2;;;8;;2;2;;2;;1;11;4;11;3000.9865044
6,008,375;1;1;1;80;11;;;;1;4;;2;;;8;;2;2;;2;;1;11;4;11;3319.5490314
6,008,376;1;1;1;80;11;;;;1;4;;2;;;4;;3;3;;2;;1;11;4;11;2860.8039089
6,008,378;1;2;1;80;11;;;;1;4;;2;;;4;;2;2;;2;;1;11;4;11;3596.4777666
6,008,378;1;3;1;80;11;;;;1;8;;2;;;4;;2;2;;2;;1;11;1.2;11;3596.4777666
6,008,378;1;5;1;80;11;;;;2;;;;2;;;.;2;2;;2;;1;11;;11;3596.4777666
6,008,380;1;1;1;80;11;;;;1;5;;2;;;10;;3;3;;2;;1;11;4;11;3069.5373252
6,008,380;1;2;1;80;11;;;;2;;;;2;;;.;2;2;;2;;1;11;;11;3069.5373252
6,008,381;1;1;1;80;11;;;;1;5;;2;;;10;;3;3;;2;;1;11;4;11;2619.9505863
6,008,381;1;2;1;80;11;;;;1;3;;2;;;9;;2;2;;2;;1;11;4;11;2619.9505863
6,008,382;1;2;1;80;11;;;;1;6;;2;;;9;;2;2;;2;;1;11;3;11;3805.2111829
6,008,383;1;1;1;80;11;;;;1;5;;2;;;10;;3;3;;2;;1;11;4;11;3204.8216738
6,008,383;1;2;1;80;11;;;;1;3;;2;;;9;;2;2;;2;;1;11;4;11;3204.8216738
6,008,385;1;3;1;80;11;;;;2;;;;2;;;.;;;;2;;1;11;;11;4882.1364511
6,008,388;1;1;1;80;11;;;;1;5;;2;;;10;;3;3;;2;;1;11;4;11;2170.3638473
6,008,388;1;2;1;80;11;;;;1;3;;2;;;9;;2;2;;2;;1;11;4;11;2170.3638473
6,008,391;1;2;1;80;11;;;;1;5;;2;;;10;;3;3;;2;;1;11;4;11;2869.9622924
6,008,394;1;1;1;80;11;;;;1;3;;2;;;9;;2;2;;2;;1;11;4;11;3521.7750071
6,008,398;1;1;1;80;11;;;;1;5;;2;;;10;;3;3;;2;;1;11;4;11;3005.246641
6,008,399;1;1;1;80;11;;;;1;4;;2;;;4;;1;1;2;2;;1;11;4;11;3380.1306205
6,008,400;1;1;1;80;11;;;;1;5;;2;;;10;;3;3;;2;;1;11;4;11;3579.7056533
6,008,402;1;3;1;80;11;;;;2;;;;2;;;.;2;2;;2;;1;11;;11;2725.5195603
6,008,404;1;1;1;80;11;;;;1;4;;2;;;4;;2;2;;2;;1;11;4;11;3268.7841873
6,008,404;1;2;1;80;11;;;;1;4;;2;;;8;;2;2;;2;;1;11;4;11;3268.7841873
6,008,404;1;7;1;80;11;;;;1;5;;2;;;10;;3;3;;2;;1;11;4;11;3268.7841873
6,008,405;1;1;1;80;11;;;;1;5;;2;;;10;;3;3;;2;;1;11;4;11;2525.9445275
6,008,405;1;3;1;80;11;;;;2;;;;2;;;.;2;2;;2;;1;11;;11;2525.9445275
6,008,406;1;1;1;80;11;;;;2;;;;2;;;.;2;2;;2;;1;11;;11;2525.9445275
6,008,406;1;3;1;80;11;;;;2;;;;2;;;.;2;2;;2;;1;11;;11;2525.9445275
6,008,410;1;3;1;80;11;;;;2;;;;2;;;.;;;;2;;1;11;;11;3907.0710619
6,008,413;1;3;1;80;11;;;98;1;8;;1;;1;12;ESTA AUN HACIENDO DILIGENCIAS PARA MONTAR UN NEGOCIO;2;2;;2;;1;11;2;11;2903.2713505
6,008,413;1;4;1;80;11;2;;98;2;;;;2;;;.;2;2;;2;;1;11;;11;2903.2713505
6,008,413;1;5;1;80;11;;;;2;;;;2;;;.;2;2;;2;;1;11;;11;2903.2713505
6,008,418;1;1;1;80;11;;;;1;5;;2;;;10;;3;3;;2;;1;11;4;11;3069.5373252
6,008,418;1;2;1;80;11;;;;1;3;;2;;;9;;2;2;;2;;1;11;4;11;3069.5373252
6,008,419;1;1;1;80;11;;;;1;5;;2;;;10;;3;3;;2;;1;11;4;11;2619.9505863
6,008,420;1;3;1;80;11;;;;2;;;;2;;;.;2;2;;2;;1;11;;11;3674.5015703
6,008,420;1;4;1;80;11;;;;2;;;;2;;;.;2;2;;2;;1;11;;11;3674.5015703
6,008,420;1;5;1;80;11;;;;2;;;;2;;;.;;;;2;;1;11;;11;3674.5015703
6,008,427;1;1;1;80;11;;;;2;;;;2;;;.;2;2;;2;;1;11;;11;3485.6995946
6,008,428;1;2;1;80;11;;;;2;;;;2;;;.;2;2;;2;;1;11;;11;3501.0099167
6,008,431;1;1;1;80;11;;;;1;5;;2;;;8;;1;3;;2;;1;11;4;11;3069.5373252
6,008,431;1;2;1;80;11;;;;1;5;;2;;;8;;2;2;;2;;1;11;4;11;3069.5373252
6,008,434;1;1;1;80;11;;;;2;;;;2;;;.;2;2;;2;;1;11;;11;4011.1782448
6,008,436;1;1;1;80;11;;;;1;7;;2;;;11;;2;2;;2;;1;11;2;11;3579.7056533
6,008,442;1;3;1;80;11;;;;2;;;;2;;;.;2;2;;2;;1;11;;11;3696.8758544
6,008,451;1;1;1;80;11;;;;1;5;;2;;;10;;3;3;;2;;1;11;3;11;3069.5373252
6,008,451;1;2;1;80;11;;;;1;5;;2;;;10;;3;3;;2;;1;11;3;11;3069.5373252
6,008,456;1;1;1;80;11;;;;1;5;;2;;;10;;3;3;;2;;1;11;4;11;2351.8247326
6,008,456;1;4;1;80;11;;;;2;;;;2;;;.;2;2;;2;;1;11;;11;2351.8247326
6,008,459;1;3;1;80;11;;;;2;;;;2;;;.;;;;2;;1;11;;11;4338.368365
6,008,461;1;1;1;80;11;;;;1;5;;2;;;10;;3;3;;2;;1;11;1.2;11;2299.2123752
6,008,461;1;2;1;80;11;;;;2;;;;2;;;.;2;2;;2;;1;11;;11;2299.2123752
6,008,461;1;3;1;80;11;;;;1;5;;2;;;10;;3;3;;2;;1;11;4;11;2299.2123752
6,008,462;1;1;1;80;11;1;48;1,500,000;1;3;;2;;;9;;2;2;;2;;1;11;4;11;3590.1177286
6,008,466;1;1;1;80;11;;;;1;5;;2;;;10;;3;3;;2;;1;11;4;11;2525.9445275
6,008,466;1;3;1;80;11;;;;2;;;;2;;;.;2;2;;2;;1;11;;11;2525.9445275
6,008,468;1;3;1;80;11;;;;2;;;;2;;;.;2;2;;2;;1;11;;11;4882.1364511
6,008,471;1;3;1;80;11;;;;2;;;;2;;;.;;;;2;;1;11;;11;2786.1011494
6,008,473;1;1;1;80;11;;;;1;3;;2;;;9;;2;2;;2;;1;11;4;11;3319.5490314
6,008,475;1;1;1;80;11;;;;1;3;;2;;;9;;2;2;;2;;1;11;4;11;3265.4032629
6,008,475;1;3;1;80;11;;;;1;1;;2;;;8;;2;2;;2;;1;11;4;11;3265.4032629
6,008,477;1;2;1;80;11;;;;1;3;;2;;;9;;2;2;;2;;1;11;4;11;4164.2485701
6,008,477;1;5;1;80;11;;;;2;;;;2;;;.;;;;2;;1;11;;11;4164.2485701
6,008,480;1;2;1;80;11;;;;1;4;;2;;;4;;1;1;2;2;;1;11;4;11;2755.2349349
6,008,481;1;2;1;80;11;;;;1;3;;2;;;9;;2;2;;2;;1;11;4;11;4338.368365
6,008,482;1;1;1;80;11;;;;1;5;;2;;;10;;3;3;;2;;1;11;4;11;3340.1060224
6,008,482;1;2;1;80;11;;;;2;;;;2;;;.;2;2;;2;;1;11;;11;3340.1060224
6,008,483;1;2;1;80;11;;;;2;;;;2;;;.;2;2;;2;;1;11;;11;4700.6755658
6,008,484;1;2;1;80;11;;;;1;6;;2;;;5;;2;2;;2;;1;11;1.4;11;3667.1604799
6,008,485;1;1;1;80;11;;;;1;7;;2;;;8;;3;3;;2;;1;11;4;11;3850.2743505
6,008,487;1;2;1;80;11;;;;1;3;;2;;;9;;2;2;;2;;1;11;4;11;5849.3572908
6,008,488;1;2;1;80;11;;;;2;;;;2;;;.;2;2;;2;;1;11;;11;3036.1128556
6,008,490;1;3;1;80;11;;;;2;;;;2;;;.;2;2;;2;;1;11;;11;3696.8758544
6,008,491;1;2;1;80;11;;;;2;;;;2;;;.;2;2;;2;;1;11;;11;3454.83338
6,008,492;1;4;1;80;11;;;;1;3;;2;;;9;;2;2;;2;;1;11;3;11;4030.4260127
6,008,493;1;3;1;80;11;;;;2;;;;2;;;.;2;2;;2;;1;11;;11;5505.3395259
6,008,496;1;1;1;80;11;;;;1;9;PANDEMIA COVID;2;;;4;;2;2;;2;;1;11;2;11;3454.83338
6,008,497;1;1;1;80;11;;;;1;3;;2;;;8;;2;2;;2;;1;11;4;11;3319.5490314
6,008,498;1;2;1;80;11;;;;2;;;;2;;;.;2;2;;2;;1;11;;11;3891.5526404
6,008,502;1;1;1;80;11;;;;1;3;;2;;;9;;2;2;;2;;1;11;1.2;11;4928.3129878
6,008,503;1;2;1;80;11;;;;1;3;;2;;;9;;2;2;;2;;1;11;3;11;4386.3731754
6,008,503;1;4;1;80;11;;;;1;4;;2;;;4;;2;2;;2;;1;11;4;11;4386.3731754
6,008,511;1;1;1;80;11;;;;1;3;;2;;;9;;2;2;;2;;1;11;4;11;4027.9503581
6,008,511;1;4;1;80;11;;;;2;;;;2;;;.;2;2;;2;;1;11;;11;4027.9503581
6,008,511;1;5;1;80;11;;;;2;;;;2;;;.;2;2;;2;;1;11;;11;4027.9503581
6,008,514;1;1;1;80;11;;;;1;3;;2;;;9;;2;2;;2;;1;11;4;11;3069.5373252
6,008,514;1;2;1;80;11;;;;1;5;;2;;;10;;3;3;;2;;1;11;4;11;3069.5373252
6,008,516;1;2;1;80;11;;;;1;3;;2;;;9;;2;2;;2;;1;11;1.3;11;4806.2445399
6,008,518;1;1;1;80;11;;;;1;4;;1;;4;4;;2;2;;2;;1;11;4;11;3965.0017081
6,008,520;1;1;1;80;11;;;;1;5;;2;;;10;;3;3;;2;;1;11;4;11;3204.8216738
6,008,520;1;2;1;80;11;;;;1;5;;2;;;10;;3;3;;2;;1;11;4;11;3204.8216738
6,008,522;1;1;1;80;11;;;;1;4;;2;;;4;;2;2;;2;;1;11;3;11;2434.4967238
6,008,522;1;3;1;80;11;;;;1;3;;2;;;9;;2;2;;2;;1;11;2;11;2434.4967238
6,008,524;1;3;1;80;11;;;;2;;;;2;;;.;2;2;;2;;1;11;;11;3352.8580895
6,008,525;1;2;1;80;11;;;;2;;;;1;4;4;;2;2;;2;;1;11;;11;3454.83338
6,008,526;1;3;1;80;11;;;;2;;;;2;;;.;;;;2;;1;11;;11;3171.3972042
6,008,528;1;2;1;80;11;;;;1;8;;1;;1;2;;1;2;;2;;1;11;2;11;4700.6755658
6,008,530;1;2;1;80;11;;;;2;;;;2;;;.;;;;2;;1;11;;11;4969.4159893
6,008,530;1;3;1;80;11;;;;2;;;;2;;;.;;;;2;;1;11;;11;4969.4159893
6,008,532;1;3;1;80;11;;;;2;;;;2;;;.;2;2;;2;;1;11;;11;2525.9445275
6,008,533;1;2;1;80;11;;;;2;;;;1;4;8;;2;2;;2;;1;11;;11;3065.8282301
6,008,536;1;5;1;80;11;;;;2;;;;2;;;.;2;2;;2;;1;11;;11;3703.2358925
6,008,536;1;6;1;80;11;;;;2;;;;2;;;.;2;2;;2;;1;11;;11;3703.2358925
6,008,538;1;5;1;80;11;;;;1;3;;2;;;9;;2;2;;2;;1;11;3;11;5418.0599877
6,008,542;1;1;1;80;11;;;;1;4;;2;;;10;;3;3;;2;;1;11;4;11;3186.7075263
6,008,548;1;2;1;80;11;;;;1;4;;2;;;8;;2;2;;2;;1;11;4;11;2619.9505863
6,008,548;1;3;1;80;11;;;;2;;;;2;;;.;2;2;;2;;1;11;;11;2619.9505863
6,008,550;1;3;1;80;11;;;;2;;;;2;;;.;;;;2;;1;11;;11;4882.1364511
6,008,551;1;3;1;80;11;;;;2;;;;2;;;.;2;2;;2;;1;11;;11;4680.3448317
6,008,551;1;7;1;80;11;;;;2;;;;2;;;.;2;2;;2;;1;11;;11;4680.3448317
6,008,551;1;9;1;80;11;;;;2;;;;2;;;.;;;;2;;1;11;;11;4680.3448317
6,008,551;1;11;1;80;11;;;;2;;;;2;;;.;2;2;;2;;1;11;;11;4680.3448317
6,008,551;1;13;1;80;11;;;;1;4;;2;;;8;;2;2;;2;;1;11;4;11;4680.3448317
6,008,552;1;1;1;80;11;;;;1;1;;2;;;12;POR SU EDAD;1;2;;2;;1;11;2;11;3454.83338
6,008,554;1;1;1;80;11;;;;1;7;;2;;;8;;2;2;;2;;1;11;3;11;3319.5490314
6,008,555;1;2;1;80;11;;;;2;;;;2;;;.;;;;2;;1;11;;11;3561.5915058
6,008,556;1;1;1;80;11;;;;1;3;;2;;;9;;2;2;;2;;1;11;4;11;5714.0729422
6,008,559;1;2;1;80;11;2;;98;1;1;;2;;;9;;2;2;;2;;1;11;3;11;3352.8580895
6,008,559;1;4;1;80;11;;;;2;;;;2;;;.;2;2;;2;;1;11;;11;3352.8580895
6,008,560;1;3;1;80;11;;;;2;;;;2;;;.;2;2;;2;;1;11;;11;5062.6162841
6,008,562;1;3;1;80;11;;;;2;;;;2;;;.;2;2;;2;;1;11;;11;3878.3367397
6,008,562;1;4;1;80;11;;;;2;;;;2;;;.;;;;2;;1;11;;11;3878.3367397
6,008,564;1;1;1;80;11;;;;2;;;;2;;;.;2;2;;2;;1;11;;11;3319.5490314
6,008,565;1;1;1;80;11;;;;1;9;PANDEMIA;2;;;4;;2;2;;2;;1;11;2;11;3940.4955315
6,008,566;1;1;1;80;11;;;98;1;4;;1;;1;4;;2;2;;1;98;1;11;1.2;11;4833.1889001
6,008,566;1;3;1;80;11;;;;1;8;;2;;;9;;2;2;;2;;1;11;4;11;4833.1889001
6,008,567;1;2;1;80;11;;;;1;5;;2;;;8;;3;3;;2;;1;11;4;11;3069.5373252
6,008,571;1;1;1;80;11;;;;1;6;;2;;;8;;2;2;;2;;1;11;4;11;3319.5490314
6,008,572;1;1;1;80;11;2;;2,000,000;1;9;PANDEMIA;2;;;2;;2;2;;2;;1;11;2;11;3171.3972042
6,008,572;1;3;1;80;11;;;;2;;;;2;;;.;;;;2;;1;11;;11;3171.3972042
6,008,573;1;2;1;80;11;;;;2;;;;2;;;.;2;2;;2;;1;11;;11;4203.0840164
6,008,574;1;2;1;80;11;;;;1;3;;2;;;9;;2;2;;2;;1;11;3;11;4863.8470153
6,008,574;1;3;1;80;11;;;;2;;;;2;;;.;2;2;;2;;1;11;;11;4863.8470153
6,008,575;1;3;1;80;11;;;;1;3;;2;;;4;;2;2;;1;90,000;1;11;4;11;3352.8580895
6,008,577;1;1;1;80;11;;;;1;5;;2;;;10;;3;3;;2;;1;11;4;11;3454.83338
6,008,577;1;2;1;80;11;;;;2;;;;2;;;.;2;2;;2;;1;11;;11;3454.83338
6,008,578;1;1;1;80;11;;;;1;5;;2;;;10;;3;3;;2;;1;11;4;11;3005.246641
6,008,579;1;1;1;80;11;;;;1;5;;2;;;10;;3;3;;2;;1;11;4;11;3493.040685
6,008,579;1;2;1;80;11;;;;1;3;;2;;;9;;2;2;;2;;1;11;4;11;3493.040685
6,008,579;1;3;1;80;11;;;;2;;;;1;1;2;;2;2;;2;;1;11;;11;3493.040685
6,008,580;1;1;1;80;11;;;;1;5;;2;;;10;;3;3;;2;;1;11;4;11;2619.9505863
6,008,580;1;2;1;80;11;;;;2;;;;2;;;.;2;2;;2;;1;11;;11;2619.9505863
6,008,582;1;1;1;80;11;;;;1;4;;2;;;4;;2;2;;2;;1;11;4;11;4297.0900752
6,008,583;1;1;1;80;11;;;;2;;;;2;;;.;2;2;;2;;1;11;;11;3337.3350081
6,008,583;1;2;1;80;11;;;;1;3;;2;;;8;;2;2;;1;100,000;1;11;4;11;3337.3350081
6,008,586;1;1;1;80;11;;;;1;7;;2;;;4;;2;2;;2;;1;11;2;11;2740.8298825
6,008,586;1;2;1;80;11;;;;1;4;;2;;;4;;2;2;;2;;1;11;4;11;2740.8298825
6,008,586;1;4;1;80;11;;;;1;4;;2;;;8;;2;2;;2;;1;11;4;11;2740.8298825
6,008,588;1;1;1;80;11;;;;1;5;;2;;;10;;3;3;;2;;1;11;4;11;2559.3689972
6,008,588;1;2;1;80;11;;;;1;5;;2;;;10;;3;3;;2;;1;11;4;11;2559.3689972
6,008,588;1;3;1;80;11;;;;1;3;;2;;;9;;2;2;;2;;1;11;4;11;2559.3689972
6,008,590;1;4;1;80;11;;;;2;;;;2;;;.;;;;2;;1;11;;11;2661.2288761
6,008,595;1;2;1;80;11;;;;1;3;;1;;1;1;;1;2;;2;;1;11;3;11;5849.3572908
6,008,596;1;1;1;80;11;;;;1;5;;2;;;10;;3;3;;2;;1;11;4;11;3069.5373252
6,008,596;1;2;1;80;11;;;;1;5;;2;;;10;;3;3;;2;;1;11;4;11;3069.5373252
6,008,598;1;2;1;80;11;;;;2;;;;2;;;.;;;;2;;1;11;;11;5122.9897738
6,008,601;1;2;1;80;11;;;;2;;;;2;;;.;2;2;;2;;1;11;;11;2348.0773258
6,008,601;1;3;1;80;11;;;;2;;;;2;;;.;2;2;;2;;1;11;;11;2348.0773258
6,008,601;1;4;1;80;11;;;;2;;;;2;;;.;;;;2;;1;11;;11;2348.0773258
6,008,602;1;1;1;80;11;;;;1;5;;2;;;10;;3;3;;2;;1;11;4;11;3319.5490314
6,008,604;1;2;1;80;11;;;;1;9;INDEPENDENCIA;2;;;12;PANDEMIA;2;2;;2;;1;11;3;11;4100.2860567
6,008,605;1;2;1;80;11;;;;1;3;;2;;;9;;2;2;;2;;1;11;3;11;5045.3079006
6,008,605;1;3;1;80;11;;;;2;;;;2;;;.;2;2;;2;;1;11;;11;5045.3079006
6,008,610;1;3;1;80;11;;;;2;;;;2;;;.;;;;2;;1;11;;11;4863.8470153
6,008,613;1;2;1;80;11;;;;1;2;;2;;;2;;2;2;;2;;1;11;1.3;11;3112.0047668
6,008,617;1;2;1;80;11;;;;1;6;;2;;;9;;2;2;;2;;1;11;4;11;3130.1189143
6,008,618;1;1;1;80;11;1;48;908,000;1;9;PANDEMIA;2;;;9;;2;2;;2;;1;11;2;11;7080.7944242
6,008,618;1;2;1;80;11;;;;2;;;;2;;;.;;;;2;;1;11;;11;7080.7944242
6,008,619;1;2;1;80;11;;;;1;1;;2;;;8;;2;2;;2;;1;11;2;11;2827.3794393
6,008,619;1;4;1;80;11;;;;2;;;;2;;;.;2;2;;2;;1;11;;11;2827.3794393
6,008,620;1;2;1;80;11;;;;1;3;;2;;;9;;2;2;;2;;1;11;2;11;4682.38613
6,008,622;1;3;1;80;11;;;98;1;9;TERMINO DE PRESTAR EL SERVICIO MILITAR;1;;1;12;ESTA ALISTANDOSE PARA CONTINUAR CON LA CARRERA MILITAR;2;2;;2;;1;11;1.2;11;6393.7399467
6,008,622;1;4;1;80;11;;;;2;;;;2;;;.;2;2;;2;;1;11;;11;6393.7399467
6,008,622;1;5;1;80;11;;;;2;;;;2;;;.;;;;2;;1;11;;11;6393.7399467
6,008,623;1;1;1;80;11;;;;1;1;;2;;;8;;2;2;;2;;1;11;2;11;3561.5915058
6,008,623;1;2;1;80;11;;;;2;;;;2;;;.;2;2;;2;;1;11;;11;3561.5915058
6,008,625;1;1;1;80;11;2;;908,000;1;9;PANDEMIA;2;;;9;;2;2;;2;;1;11;2;11;4547.1017814
6,008,626;1;1;1;80;11;;;;1;5;;2;;;10;;3;3;;2;;1;11;4;11;3579.7056533
6,008,631;1;2;1;80;11;;;;1;3;;2;;;9;;2;2;;2;;1;11;3;11;2815.816524
6,008,631;1;4;1;80;11;;;;1;2;;2;;;2;;2;2;;2;;1;11;3;11;2815.816524
6,008,633;1;3;1;80;11;;;;2;;;;2;;;.;2;2;;2;;1;11;;11;3352.8580895
6,008,633;1;4;1;80;11;;;;2;;;;2;;;.;2;2;;2;;1;11;;11;3352.8580895
6,008,636;1;2;1;80;11;;;;2;;;;2;;;.;2;2;;2;;1;11;;11;3311.5797997
6,008,638;1;1;1;80;11;2;;98;1;9;EMBARAZO;2;;;9;;2;2;;2;;1;11;1.2;11;3515.4149691
6,008,640;1;2;1;80;11;;;;1;9;POR LA PANDEMIA;2;;;12;POR LA PANDEMIA;2;2;;2;;1;11;2;11;3069.5373252
6,008,641;1;1;1;80;11;;;;1;9;PANDEMIA COVID;2;;;8;;2;2;;2;;1;11;2;11;6292.7272891
6,008,641;1;7;1;80;11;;;;2;;;;2;;;.;3;3;;2;;1;11;;11;6292.7272891
6,008,642;1;1;1;80;11;;;;1;4;;2;;;4;;2;2;;2;;1;11;4;11;3454.83338
6,008,642;1;2;1;80;11;;;;2;;;;1;4;8;;2;2;;2;;1;11;;11;3454.83338
6,008,643;1;2;1;80;11;;;;2;;;;2;;;.;2;2;;2;;1;11;;11;3265.4032629
6,008,646;1;2;1;80;11;;;;1;5;;2;;;8;;3;3;;2;;1;11;4;11;3069.5373252
6,008,647;1;1;1;80;11;;;;1;5;;2;;;10;;3;3;;2;;1;11;4;11;3761.1665386
6,008,647;1;2;1;80;11;;;;2;;;;2;;;.;2;2;;2;;1;11;;11;3761.1665386
6,008,649;1;1;1;80;11;;;;1;5;;2;;;10;;3;3;;2;;1;11;4;11;3069.5373252
6,008,649;1;2;1;80;11;;;;1;4;;2;;;4;;2;2;;2;;1;11;4;11;3069.5373252
6,008,650;1;3;1;80;11;;;;2;;;;2;;;.;2;2;;2;;1;11;;11;3171.3972042
6,008,652;1;1;1;80;11;;;;2;;;;2;;;.;2;2;;2;;1;11;;11;3319.5490314
6,008,653;1;3;1;80;11;;;;2;;;;2;;;.;;;;2;;1;11;;11;4338.368365
6,008,654;1;1;1;80;11;;;;1;4;;2;;;4;;2;2;;2;;1;11;2;11;4859.8868492
6,008,655;1;2;1;80;11;;;;1;1;;2;;;9;;2;2;;2;;1;11;1.2;11;4882.1364511
6,008,655;1;3;1;80;11;;;;2;;;;2;;;.;2;2;;2;;1;11;;11;4882.1364511
6,008,667;1;1;1;80;11;;;;1;7;;2;;;6;;2;2;;2;;1;11;4;11;3232.8840631
6,008,667;1;4;1;80;11;;;;2;;;;2;;;.;2;2;;2;;1;11;;11;3232.8840631
6,008,691;1;2;1;80;11;;;;1;3;;2;;;9;;2;2;;2;;1;11;4;11;3352.8580895
6,008,691;1;3;1;80;11;;;;2;;;;2;;;.;2;2;;2;;1;11;;11;3352.8580895
6,008,691;1;4;1;80;11;;;;2;;;;2;;;.;2;2;;2;;1;11;;11;3352.8580895
6,008,694;1;2;1;80;11;;;;1;5;;2;;;10;;3;3;;2;;1;11;4;11;3069.5373252
6,008,695;1;3;1;80;11;;;;2;;;;2;;;.;2;2;;2;;1;11;;11;2967.5620347
6,008,695;1;4;1;80;11;;;;2;;;;2;;;.;2;2;;2;;1;11;;11;2967.5620347
6,008,701;1;1;1;80;11;;;;2;;;;1;4;8;;3;3;;2;;1;11;;11;3579.7056533
6,008,702;1;2;1;80;11;;;;2;;;;2;;;.;;;;2;;1;11;;11;3620.9839432
6,008,703;1;1;1;80;11;;;;2;;;;2;;;.;2;2;;2;;1;11;;11;4338.368365
6,008,703;1;3;1;80;11;;;;2;;;;2;;;.;;;;2;;1;11;;11;4338.368365
6,008,709;1;3;1;80;11;;;;1;3;;2;;;9;;2;2;;2;;1;11;2;11;4161.4064331
6,008,709;1;5;1;80;11;;;;1;5;;2;;;10;;3;3;;2;;1;11;2;11;4161.4064331
6,008,710;1;1;1;80;11;;;;1;4;;2;;;4;;2;2;;2;;1;11;3;11;3069.5373252
6,008,715;1;1;1;80;13;;;;1;4;;2;;;8;;2;2;;2;;1;11;4;13;234.46091104
6,008,716;1;1;1;80;13;;;;1;4;;2;;;8;;2;2;;2;;1;11;4;13;340.33022275
6,008,716;1;2;1;80;13;;;;1;5;;2;;;8;;3;3;;2;;1;11;3;13;340.33022275
6,008,718;1;1;1;80;13;;;;1;3;;2;;;9;;2;2;;2;;1;11;4;13;336.57665132
6,008,718;1;2;1;80;13;;;;1;4;;2;;;4;;2;2;;2;;1;11;4;13;336.57665132
6,008,718;1;3;1;80;13;;;;2;;;;2;;;.;2;2;;2;;1;11;;13;336.57665132
6,008,723;1;1;1;80;13;;;;1;5;;2;;;8;;2;2;;2;;1;11;4;13;607.51935029
6,008,723;1;3;1;80;13;;;;2;;;;2;;;.;2;2;;2;;1;11;;13;607.51935029
6,008,723;1;5;1;80;13;;;;2;;;;2;;;.;2;2;;2;;1;11;;13;607.51935029
6,008,724;1;1;1;80;13;;;;1;5;;2;;;8;;2;2;;2;;1;11;2;13;349.86316145
6,008,724;1;2;1;80;13;;;;2;;;;2;;;.;2;2;;2;;1;11;;13;349.86316145
6,008,725;1;2;1;80;13;;;;1;3;;2;;;9;;2;2;;2;;1;11;3;13;478.82266
6,008,728;1;1;1;80;13;;;;2;;;;2;;;.;2;2;;2;;1;11;;13;539.09004683
6,008,728;1;4;1;80;13;;;;2;;;;2;;;.;2;2;;2;;1;11;;13;539.09004683
6,008,728;1;5;1;80;13;;;;2;;;;2;;;.;;;;2;;1;11;;13;539.09004683
6,008,730;1;3;1;80;13;;;;2;;;;2;;;.;2;2;;2;;1;11;;13;541.11900159
6,008,730;1;4;1;80;13;;;;2;;;;2;;;.;2;2;;2;;1;11;;13;541.11900159
6,008,731;1;3;1;80;13;;;;2;;;;2;;;.;2;2;;2;;1;11;;13;525.68648393
6,008,732;1;1;1;80;13;;;;1;9;PANDEMIA;2;;;12;PANDEMIA;2;2;;2;;1;11;2;13;470.85713418
6,008,735;1;1;1;80;13;;;;1;5;;2;;;8;;2;2;;2;;1;11;4;13;325.10840052
6,008,735;1;2;1;80;13;;;;1;4;;2;;;4;;2;2;;2;;1;11;3;13;325.10840052
6,008,738;1;3;1;80;13;;;;2;;;;2;;;.;2;2;;2;;1;11;;13;474.7684475
6,008,739;1;2;1;80;13;;;;1;3;;2;;;9;;2;2;;2;;1;11;3;13;552.88789346
6,008,739;1;5;1;80;13;;;;2;;;;2;;;.;2;2;;2;;1;11;;13;552.88789346
6,008,740;1;2;1;80;13;;;;2;;;;2;;;.;2;2;;2;;1;11;;13;477.00440067
6,008,740;1;3;1;80;13;;;;2;;;;2;;;.;;;;2;;1;11;;13;477.00440067
6,008,740;1;5;1;80;13;;;;1;5;;2;;;8;;3;3;;2;;1;11;3;13;477.00440067
6,008,741;1;2;1;80;13;;;;1;5;;2;;;11;;2;2;;2;;1;11;3;13;374.31612489
6,008,741;1;4;1;80;13;;;;2;;;;2;;;.;;;;2;;1;11;;13;374.31612489
6,008,743;1;3;1;80;13;;;;2;;;;2;;;.;2;2;;2;;1;11;;13;387.70538318
6,008,744;1;1;1;80;13;;;;1;9;PANDEMIA;2;;;9;;2;2;;2;;1;11;2;13;537.66607123
6,008,744;1;2;1;80;13;;;;2;;;;2;;;.;;;;2;;1;11;;13;537.66607123
6,008,744;1;3;1;80;13;;;;2;;;;2;;;.;;;;2;;1;11;;13;537.66607123
6,008,745;1;3;1;80;13;;;;2;;;;2;;;.;;;;2;;1;11;;13;329.01971385
6,008,746;1;2;1;80;13;1;40;908,576;1;9;POR LA PANDEMIA;1;;1;5;;2;2;;2;;1;11;2;13;604.01662532
6,008,746;1;3;1;80;13;;;;2;;;;2;;;.;2;2;;2;;1;11;;13;604.01662532
6,008,746;1;4;1;80;13;;;;2;;;;2;;;.;;;;2;;1;11;;13;604.01662532
6,008,747;1;2;1;80;13;;;;2;;;;2;;;.;2;2;;2;;1;11;;13;478.82266
6,008,748;1;2;1;80;13;;;;1;5;;2;;;9;;2;2;;2;;1;11;4;13;592.03703801
6,008,748;1;3;1;80;13;;;;2;;;;2;;;.;;;;2;;1;11;;13;592.03703801
6,008,749;1;1;1;80;13;;;;1;5;;2;;;8;;3;3;;2;;1;11;4;13;421.50535421
6,008,749;1;2;1;80;13;;;;1;3;;2;;;8;;2;2;;2;;1;11;4;13;421.50535421
6,008,750;1;2;1;80;13;;;;1;3;;2;;;9;;2;2;;2;;1;11;4;13;336.57665132
6,008,750;1;3;1;80;13;;;;2;;;;2;;;.;2;2;;2;;1;11;;13;336.57665132
6,008,751;1;1;1;80;13;;;;1;5;;2;;;8;;3;3;;2;;1;11;4;13;325.10840052
6,008,751;1;2;1;80;13;;;;1;5;;2;;;8;;3;3;;2;;1;11;4;13;325.10840052
6,008,754;1;1;1;80;13;;;;1;5;;2;;;10;;3;3;;2;;1;11;4;13;325.10840052
6,008,754;1;2;1;80;13;;;;1;5;;2;;;8;;2;2;;2;;1;11;4;13;325.10840052
6,008,757;1;1;1;80;13;;;;1;5;;2;;;8;;2;2;;2;;1;11;4;13;234.46091104
6,008,757;1;2;1;80;13;;;;1;5;;2;;;8;;2;2;;2;;1;11;4;13;234.46091104
6,008,757;1;5;1;80;13;;;;2;;;;2;;;.;;;;2;;1;11;;13;234.46091104
6,008,758;1;4;1;80;13;;;;2;;;;2;;;.;2;2;;2;;1;11;;13;344.24153608
6,008,759;1;1;1;80;13;;;;2;;;;2;;;.;2;2;;2;;1;11;;13;518.23229461
6,008,761;1;2;1;80;13;;;;2;;;;2;;;.;2;2;;2;;1;11;;13;526.04242134
6,008,761;1;3;1;80;13;;;;2;;;;2;;;.;2;2;;2;;1;11;;13;526.04242134
6,008,761;1;5;1;80;13;2;;1,000,000;1;8;;2;;;7;;2;2;;2;;1;11;2;13;526.04242134
6,008,761;1;8;1;80;13;;;;2;;;;2;;;.;;;;2;;1;11;;13;526.04242134
6,008,762;1;3;1;80;13;;;;2;;;;2;;;.;;;;2;;1;11;;13;520.06485855
6,008,762;1;5;1;80;13;2;;1,400,000;1;8;;2;;;8;;2;2;;2;;1;11;3;13;520.06485855
6,008,764;1;1;1;80;13;;;;1;3;;2;;;8;;2;2;;2;;1;11;4;13;470.85713418
6,008,766;1;3;1;80;13;;;;2;;;;2;;;.;2;2;;2;;1;11;;13;537.36543016
6,008,766;1;4;1;80;13;;;;2;;;;2;;;.;2;2;;2;;1;11;;13;537.36543016
6,008,767;1;2;1;80;13;;;;2;;;;2;;;.;2;2;;2;;1;11;;13;387.70538318
6,008,768;1;2;1;80;13;;;;2;;;;2;;;.;;;;2;;1;11;;13;576.81521578
6,008,769;1;3;1;80;13;;;;1;2;;2;;;2;;2;2;;2;;1;11;1.4;13;490.2909108
6,008,770;1;2;1;80;13;;;;1;4;;2;;;4;;2;2;;2;;1;11;4;13;529.44005535
6,008,771;1;1;1;80;13;;;;1;6;;2;;;8;;2;2;;2;;1;11;4;13;325.10840052
6,008,771;1;2;1;80;13;1;40;908,526;1;6;;2;;;8;;2;2;;2;;1;11;3;13;325.10840052
6,008,776;1;3;1;80;13;;;;1;3;;2;;;8;;2;2;;2;;1;11;4;13;234.46091104
6,008,776;1;4;1;80;13;;;;1;5;;2;;;10;;3;3;;2;;1;11;3;13;234.46091104
6,008,778;1;2;1;80;13;;;;1;9;EDAD;2;;;8;;2;2;;2;;1;11;4;13;325.10840052
6,008,784;1;1;1;80;13;;;;2;;;;2;;;.;2;2;;2;;1;11;;13;542.98705554
6,008,785;1;2;1;80;13;;;;2;;;;2;;;.;2;2;;2;;1;11;;13;351.79847355
6,008,786;1;2;1;80;13;;;;1;3;;2;;;9;;2;2;;2;;1;11;4;13;588.49416201
6,008,786;1;4;1;80;13;;;;2;;;;2;;;.;;;;2;;1;11;;13;588.49416201
6,008,787;1;2;1;80;13;;;;1;3;;2;;;9;;2;2;;2;;1;11;3;13;463.3001967
6,008,788;1;1;1;80;13;;;;1;3;;2;;;9;;2;2;;2;;1;11;4;13;537.36543016
6,008,788;1;3;1;80;13;;;;2;;;;2;;;.;2;2;;2;;1;11;;13;537.36543016
6,008,788;1;4;1;80;13;;;;2;;;;2;;;.;2;2;;2;;1;11;;13;537.36543016
6,008,789;1;1;1;80;13;1;48;800,000;1;9;PANDEMIA;1;;2;8;;2;2;;2;;1;11;2;13;325.10840052
6,008,789;1;2;1;80;13;;;;1;3;;2;;;9;;2;2;;2;;1;11;4;13;325.10840052
6,008,791;1;1;1;80;13;;;;1;3;;2;;;9;;1;2;;2;;1;11;2;13;494.3451233
6,008,793;1;3;1;80;13;2;;908,000;1;2;;2;;;2;;2;2;;2;;1;11;2;13;334.70859737
6,008,793;1;5;1;80;13;1;48;908,000;1;9;POR PANDEMIA COVID 19;2;;;1;;2;2;;2;;1;11;2;13;334.70859737
6,008,794;1;4;1;80;13;;;;2;;;;2;;;.;2;2;;2;;1;11;;13;340.48796465
6,008,795;1;1;1;80;13;;;;1;4;;2;;;4;;2;2;;2;;1;11;4;13;402.92720541
6,008,795;1;4;1;80;13;;;;2;;;;2;;;.;2;2;;2;;1;11;;13;402.92720541
6,008,796;1;2;1;80;13;;;;2;;;;2;;;.;2;2;;2;;1;11;;13;525.39004991
6,008,801;1;5;1;80;13;2;;908,526;1;8;;1;;3;2;;2;2;;2;;1;11;3;13;472.90039355
6,008,802;1;2;1;80;13;;;;1;3;;2;;;9;;2;2;;2;;1;11;4;13;482.32538498
6,008,802;1;3;1;80;13;;;;2;;;;2;;;.;;;;2;;1;11;;13;482.32538498
6,008,803;1;2;1;80;13;;;;2;;;;2;;;.;2;2;;2;;1;11;;13;336.57665132
6,008,803;1;3;1;80;13;2;;908,526;2;;;;2;;;.;2;2;;2;;1;11;;13;336.57665132
6,008,804;1;1;1;80;13;;;;1;5;;2;;;8;;3;3;;2;;1;11;4;13;344.24153608
6,008,804;1;2;1;80;13;2;;908,526;1;7;;2;;;9;;2;2;;2;;1;11;2;13;344.24153608
6,008,805;1;1;1;80;13;;;;1;7;;2;;;8;;2;2;;2;;1;11;2;13;304.26495292
6,008,805;1;2;1;80;13;;;;2;;;;2;;;.;2;2;;2;;1;11;;13;304.26495292
6,008,806;1;1;1;80;13;;;;1;5;;2;;;8;;3;3;;2;;1;11;4;13;391.6166965
6,008,806;1;3;1;80;13;;;;2;;;;2;;;.;2;2;;2;;1;11;;13;391.6166965
6,008,806;1;4;1;80;13;;;;2;;;;2;;;.;;;;2;;1;11;;13;391.6166965
6,008,807;1;2;1;80;13;;;;2;;;;2;;;.;2;2;;2;;1;11;;13;546.74062696
6,008,808;1;3;1;80;13;;;;2;;;;2;;;.;;;;2;;1;11;;13;486.23669831
6,008,808;1;4;1;80;13;;;;2;;;;2;;;.;;;;2;;1;11;;13;486.23669831
6,008,809;1;1;1;80;13;;;;2;;;;2;;;.;2;2;;2;;1;11;;13;325.10840052
6,008,809;1;2;1;80;13;;;;1;5;;2;;;10;;3;3;;2;;1;11;1.3;13;325.10840052
6,008,810;1;1;1;80;13;;;;1;7;;2;;;12;SEGURIDAD PANDEMIA;3;3;;2;;1;11;2;13;370.91849088
6,008,810;1;2;1;80;13;;;;1;3;;2;;;9;;2;2;;2;;1;11;4;13;370.91849088
6,008,810;1;7;1;80;13;;;;2;;;;2;;;.;;;;2;;1;11;;13;370.91849088
6,008,810;1;9;1;80;13;2;;908,526;2;;;;2;;;.;2;2;;2;;1;11;;13;370.91849088
6,008,811;1;3;1;80;13;;;;2;;;;2;;;.;2;2;;2;;1;11;;13;579.57796649
6,008,811;1;6;1;80;13;;;;1;6;;2;;;9;;2;2;;2;;1;11;1.2;13;579.57796649
6,008,813;1;2;1;80;13;;;;1;3;;2;;;9;;2;2;;2;;1;11;3;13;529.44005535
6,008,815;1;1;1;80;13;;;;1;5;;2;;;10;;3;3;;2;;1;11;4;13;321.42208724
6,008,815;1;2;1;80;13;;;;1;3;;2;;;8;;2;2;;2;;1;11;4;13;321.42208724
6,008,815;1;3;1;80;13;;;;2;;;;2;;;.;2;2;;2;;1;11;;13;321.42208724
6,008,816;1;5;1;80;13;;;;2;;;;2;;;.;;;;2;;1;11;;13;599.96241282
6,008,817;1;1;1;80;13;;;;1;5;;2;;;10;;3;3;;2;;1;11;4;13;385.6266338
6,008,818;1;1;1;80;13;1;40;908,526;1;7;;2;;;1;;2;2;;2;;1;11;1.4;13;653.31491364
6,008,818;1;5;1;80;13;1;40;908,526;2;;;;2;;;.;2;2;;2;;1;11;;13;653.31491364
6,008,819;1;2;1;80;13;;;;1;9;POR LA EDAD;2;;;8;;2;2;;2;;1;11;4;13;459.9145245
6,008,821;1;1;1;80;13;;;;1;7;;2;;;11;;2;2;;2;;1;11;4;13;382.38439887
6,008,821;1;4;1;80;13;;;;2;;;;2;;;.;2;2;;2;;1;11;;13;382.38439887
6,008,823;1;1;1;80;13;1;40;3,000,000;1;7;;2;;;8;;2;2;;2;;1;11;3;13;338.66970532
6,008,823;1;3;1;80;13;;;;2;;;;2;;;.;2;2;;2;;1;11;;13;338.66970532
6,008,823;1;4;1;80;13;;;;2;;;;2;;;.;;;;2;;1;11;;13;338.66970532
6,008,823;1;5;1;80;13;;;;2;;;;2;;;.;;;;2;;1;11;;13;338.66970532
6,008,825;1;1;1;80;13;;;;1;5;;2;;;10;;3;3;;2;;1;11;4;13;241.81321224
6,008,825;1;2;1;80;13;;;;1;6;;2;;;8;;2;2;;2;;1;11;4;13;241.81321224
6,008,825;1;6;1;80;13;;;;2;;;;2;;;.;2;2;;2;;1;11;;13;241.81321224
6,008,825;1;7;1;80;13;;;;1;4;;2;;;4;;2;2;;2;;1;11;4;13;241.81321224
6,008,826;1;1;1;80;13;;;;1;3;;2;;;8;;2;2;;2;;1;11;4;13;436.72717644
6,008,826;1;4;1;80;13;;;;1;5;;2;;;10;;3;3;;2;;1;11;4;13;436.72717644
6,008,827;1;1;1;80;13;;;;2;;;;2;;;.;2;2;;2;;1;11;;13;607.70474329
6,008,827;1;4;1;80;13;;;;2;;;;2;;;.;2;2;;2;;1;11;;13;607.70474329
6,008,827;1;5;1;80;13;;;;2;;;;2;;;.;;;;2;;1;11;;13;607.70474329
6,008,827;1;10;1;80;13;;;;2;;;;2;;;.;2;2;;2;;1;11;;13;607.70474329
6,008,828;1;3;1;80;13;;;;2;;;;2;;;.;2;2;;2;;1;11;;13;380.1484457
6,008,829;1;3;1;80;13;;;;2;;;;2;;;.;2;2;;2;;1;11;;13;461.48193737
6,008,830;1;3;1;80;13;;;;1;5;;2;;;10;;3;3;;2;;1;11;2;13;311.82189039
6,008,831;1;1;1;80;13;;;;1;3;;2;;;9;;2;2;;2;;1;11;4;13;340.33022275
6,008,831;1;2;1;80;13;;;;1;7;;1;;4;5;;2;2;;2;;1;11;4;13;340.33022275
6,008,832;1;3;1;80;13;;;;2;;;;2;;;.;2;2;;2;;1;11;;13;611.57356279
6,008,833;1;2;1;80;13;;;;1;6;;2;;;8;;2;2;;2;;1;11;4;13;355.55204498
6,008,835;1;2;1;80;13;2;;908,526;2;;;;2;;;.;2;2;;2;;1;11;;13;561.75175376
6,008,836;1;3;1;80;13;;;;2;;;;2;;;.;2;2;;2;;1;11;;13;588.28346658
6,008,839;1;1;1;80;13;1;40;700,000;1;7;;2;;;9;;2;2;;2;;1;11;2;13;544.96251865
6,008,840;1;1;1;80;13;1;40;908,576;1;6;;2;;;5;;2;2;;2;;1;11;1.3;13;537.66607123
6,008,840;1;4;1;80;13;;;;2;;;;2;;;.;2;2;;2;;1;11;;13;537.66607123
6,008,841;1;2;1;80;13;;;;1;9;EDAD;2;;;8;;2;2;;2;;1;11;4;13;533.45411683
6,008,843;1;2;1;80;13;;;;1;4;;2;;;8;;2;2;;2;;1;11;4;13;325.10840052
6,008,846;1;2;1;80;13;;;;1;3;;2;;;9;;2;2;;2;;1;11;4;13;340.33022275
6,008,847;1;1;1;80;13;;;;1;3;;2;;;9;;2;2;;2;;1;11;4;13;450.31432764
6,008,848;1;1;1;80;13;;;;2;;;;2;;;.;2;2;;2;;1;11;;13;470.85713418
6,008,849;1;1;1;80;13;;;;1;5;;2;;;11;;3;3;;2;;1;11;4;13;455.63531195
6,008,850;1;1;1;80;13;;;;1;5;;2;;;10;;3;3;;2;;1;11;2;13;325.10840052
6,008,850;1;2;1;80;13;;;;2;;;;2;;;.;2;2;;2;;1;11;;13;325.10840052
6,008,852;1;2;1;80;13;;;;1;3;;2;;;9;;2;2;;2;;1;11;4;13;380.1484457
6,008,852;1;3;1;80;13;2;;908,526;2;;;;2;;;.;2;2;;2;;1;11;;13;380.1484457
6,008,853;1;1;1;80;13;;;;1;9;EDAD;2;;;8;;2;2;;2;;1;11;4;13;446.26011515
6,008,853;1;3;1;80;13;2;;908,526;2;;;;1;1;2;;2;2;;2;;1;11;;13;446.26011515
6,008,855;1;1;1;80;13;;;;1;5;;2;;;10;;3;3;;2;;1;11;4;13;340.33022275
6,008,855;1;2;1;80;13;;;;1;5;;2;;;10;;3;3;;2;;1;11;4;13;340.33022275
6,008,856;1;1;1;80;13;;;;1;9;POR LA EDAD;2;;;8;;2;2;;2;;1;11;4;13;325.10840052
6,008,856;1;2;1;80;13;;;;1;9;POR LA EDAD;2;;;8;;3;2;;2;;1;11;4;13;325.10840052
6,008,857;1;4;1;80;13;;;;2;;;;2;;;.;2;2;;2;;1;11;;13;453.9249999
6,008,859;1;3;1;80;13;;;;2;;;;2;;;.;;;;2;;1;11;;13;592.03703801
6,008,860;1;2;1;80;13;;;;2;;;;2;;;.;2;2;;2;;1;11;;13;234.46091104
6,008,860;1;3;1;80;13;;;;2;;;;2;;;.;2;2;;2;;1;11;;13;234.46091104
6,008,860;1;5;1;80;13;;;;1;5;;2;;;10;;3;3;;2;;1;11;4;13;234.46091104
6,008,866;1;2;1;80;13;;;;2;;;;2;;;.;;;;2;;1;11;;13;658.47753773
6,008,867;1;4;1;80;13;;;;1;3;;2;;;9;;2;2;;2;;1;11;1.4;13;520.06485855
6,008,868;1;3;1;80;13;;;;2;;;;2;;;.;2;2;;2;;1;11;;13;541.41964266
6,008,869;1;3;1;80;13;;;;2;;;;2;;;.;2;2;;2;;1;11;;13;525.89717936
6,008,870;1;2;1;80;13;;;;2;;;;2;;;.;;;;2;;1;11;;13;522.14360793
6,008,870;1;3;1;80;13;;;;2;;;;2;;;.;;;;2;;1;11;;13;522.14360793
6,008,872;1;1;1;80;13;2;;908,526;1;4;;2;;;4;;2;2;;2;;1;11;2;13;471.50091015
6,008,872;1;2;1;80;13;;;;1;3;;2;;;8;;2;2;;2;;1;11;4;13;471.50091015
6,008,876;1;1;1;80;13;1;40;600,000;1;7;;2;;;12;FALTA DE INGRESOS PARA INSTALAR UN NEGOCIO;2;2;;2;;1;11;2;13;325.10840052
6,008,877;1;3;1;80;13;;;;2;;;;2;;;.;2;2;;2;;1;11;;13;732.24213012
6,008,877;1;6;1;80;13;1;48;800,000;1;7;;2;;;1;;2;2;;1;250,000;1;11;1.2;13;732.24213012
6,008,878;1;1;1;80;13;;;;1;5;;2;;;10;;3;3;;2;;1;11;4;13;234.46091104
6,008,878;1;2;1;80;13;;;;1;8;;2;;;8;;2;2;;2;;1;11;4;13;234.46091104
6,008,878;1;3;1;80;13;;;;1;7;;1;;4;8;;1;1;2;2;;1;11;4;13;234.46091104
6,008,878;1;5;1;80;13;;;;2;;;;2;;;.;2;2;;2;;1;11;;13;234.46091104
6,008,880;1;2;1;80;13;;;;1;3;;2;;;9;;2;2;;2;;1;11;4;13;335.00923845
6,008,881;1;1;1;80;13;;;;1;9;PANDEMIA;2;;;8;;2;2;;2;;1;11;2;13;370.40481157
6,008,881;1;4;1;80;13;1;48;850,000;1;9;PANDEMIA;2;;;8;;2;2;;2;;1;11;2;13;370.40481157
6,008,882;1;1;1;80;13;2;;908,526;1;7;;2;;;12;SEGURIDAD PANDEMIA;2;2;;2;;1;11;2;13;444.68074046
6,008,882;1;2;1;80;13;;;;1;7;;2;;;4;;2;2;;2;;1;11;2;13;444.68074046
6,008,882;1;3;1;80;13;2;;908,526;2;;;;2;;;.;2;2;;2;;1;11;;13;444.68074046
6,008,882;1;6;1;80;13;;;;2;;;;2;;;.;;;;2;;1;11;;13;444.68074046
6,008,883;1;1;1;80;13;;;;1;9;TERMINACION DE CONTRATO;2;;;10;;3;3;;2;;1;11;1.1;13;304.26495292
6,008,885;1;3;1;80;13;;;;2;;;;2;;;.;2;2;;2;;1;11;;13;525.89717936
6,008,886;1;2;1;80;13;;;;2;;;;2;;;.;2;2;;2;;1;11;;13;588.49416201
6,008,886;1;3;1;80;13;;;;2;;;;2;;;.;2;2;;2;;1;11;;13;588.49416201
6,008,886;1;4;1;80;13;;;;2;;;;2;;;.;;;;2;;1;11;;13;588.49416201
6,008,887;1;1;1;80;13;;;;2;;;;2;;;.;2;2;;2;;1;11;;13;455.63531195
6,008,889;1;2;1;80;13;;;;1;5;;2;;;8;;3;3;;2;;1;11;3;13;304.26495292
6,008,890;1;3;1;80;13;;;;2;;;;2;;;.;2;2;;2;;1;11;;13;486.23669831
6,008,890;1;4;1;80;13;;;;2;;;;2;;;.;;;;2;;1;11;;13;486.23669831
6,008,892;1;1;1;80;13;;;;1;4;;2;;;8;;2;2;;2;;1;11;4;13;574.99695645
6,008,892;1;2;1;80;13;;;;2;;;;2;;;.;2;2;;2;;1;11;;13;574.99695645
6,008,892;1;3;1;80;13;;;;2;;;;2;;;.;2;2;;2;;1;11;;13;574.99695645
6,008,892;1;4;1;80;13;1;48;700,000;2;;;;2;;;.;2;2;;2;;1;11;;13;574.99695645
6,008,893;1;1;1;80;13;;;;1;5;;2;;;10;;3;3;;2;;1;11;4;13;353.61673288
6,008,894;1;4;1;80;13;;;;2;;;;2;;;.;2;2;;2;;1;11;;13;351.79847355
6,008,896;1;1;1;80;13;;;;1;3;;2;;;11;;2;2;;2;;1;11;4;13;370.7732489
6,008,896;1;4;1;80;13;2;;908,526;2;;;;2;;;.;2;2;;2;;1;11;;13;370.7732489
6,008,901;1;4;1;80;13;;;;2;;;;2;;;.;2;2;;2;;1;11;;13;537.36543016
6,008,903;1;1;1;80;13;;;;1;3;;2;;;8;;2;2;;2;;1;11;3;13;317.96915689
6,008,903;1;2;1;80;13;;;;2;;;;2;;;.;2;2;;2;;1;11;;13;317.96915689
6,008,903;1;3;1;80;13;;;;1;5;;2;;;8;;2;2;;2;;1;11;4;13;317.96915689
6,008,903;1;4;1;80;13;;;;1;4;;2;;;8;;2;2;;2;;1;11;3;13;317.96915689
6,008,903;1;5;1;80;13;;;;2;;;;2;;;.;2;2;;2;;1;11;;13;317.96915689
6,008,904;1;4;1;80;13;;;;2;;;;2;;;.;2;2;;2;;1;11;;13;458.26789166
6,008,905;1;3;1;80;13;;;;2;;;;2;;;.;;;;2;;1;11;;13;601.98767056
6,008,905;1;4;1;80;13;;;;2;;;;2;;;.;2;2;;2;;1;11;;13;601.98767056
6,008,905;1;6;1;80;13;;;;2;;;;2;;;.;;;;2;;1;11;;13;601.98767056
6,008,907;1;2;1;80;13;;;;1;6;;2;;;9;;2;2;;2;;1;11;1.3;13;576.97357599
6,008,908;1;1;1;80;13;;;;1;1;;2;;;9;;2;2;;2;;1;11;3;13;614.97353961
6,008,908;1;3;1;80;13;;;;2;;;;2;;;.;2;2;;2;;1;11;;13;614.97353961
6,008,908;1;5;1;80;13;;;;2;;;;2;;;.;2;2;;2;;1;11;;13;614.97353961
6,008,909;1;1;1;80;13;;;;1;3;;2;;;9;;2;2;;2;;1;11;4;13;434.79186434
6,008,910;1;2;1;80;13;;;;2;;;;2;;;.;2;2;;2;;1;11;;13;518.23229461
6,008,912;1;4;1;80;13;2;;700,000;2;;;;2;;;.;2;2;;2;;1;11;;13;552.88789346
6,008,913;1;3;1;80;13;;;;2;;;;2;;;.;2;2;;2;;1;11;;13;552.88789346
6,008,913;1;4;1;80;13;;;;2;;;;2;;;.;;;;2;;1;11;;13;552.88789346
6,008,914;1;1;1;80;13;;;;1;3;;2;;;8;;2;2;;2;;1;11;4;13;340.33022275
6,008,915;1;1;1;80;13;;;;1;5;;2;;;8;;2;2;;2;;1;11;4;13;486.14559625
6,008,915;1;3;1;80;13;;;;2;;;;2;;;.;2;2;;2;;1;11;;13;486.14559625
6,008,915;1;7;1;80;13;;;;2;;;;2;;;.;2;2;;2;;1;11;;13;486.14559625
6,008,917;1;1;1;80;13;1;40;600,000;1;7;;1;;1;5;;2;2;;2;;1;11;2;13;482.48312688
6,008,917;1;2;1;80;13;2;;908,526;2;;;;2;;;.;2;2;;2;;1;11;;13;482.48312688
6,008,917;1;3;1;80;13;;;;2;;;;2;;;.;2;2;;2;;1;11;;13;482.48312688
6,008,917;1;4;1;80;13;;;;2;;;;2;;;.;2;2;;2;;1;11;;13;482.48312688
6,008,918;1;1;1;80;13;;;;1;9;PANDEMIA;2;;;8;;2;2;;2;;1;11;2;13;537.36543016
6,008,918;1;4;1;80;13;;;;2;;;;2;;;.;2;2;;2;;1;11;;13;537.36543016
6,008,920;1;1;1;80;13;;;;1;9;POR LA EDAD;2;;;8;;2;2;;2;;1;11;4;13;378.33018637
6,008,920;1;2;1;80;13;;;;1;4;;2;;;4;;2;2;;2;;1;11;4;13;378.33018637
6,008,920;1;3;1;80;13;;;;1;3;;2;;;9;;2;2;;2;;1;11;4;13;378.33018637
6,008,920;1;4;1;80;13;2;;900,000;2;;;;2;;;.;2;2;;2;;1;11;;13;378.33018637
6,008,921;1;2;1;80;13;;;;1;8;;2;;;9;;2;2;;2;;1;11;4;13;528.4337736
6,008,921;1;3;1;80;13;;;;2;;;;2;;;.;;;;2;;1;11;;13;528.4337736
6,008,923;1;2;1;80;13;;;;2;;;;2;;;.;2;2;;2;;1;11;;13;264.8433565
6,008,923;1;3;1;80;13;;;;1;5;;2;;;9;;2;2;;2;;1;11;3;13;264.8433565
6,008,923;1;5;1;80;13;;;;2;;;;2;;;.;;;;2;;1;11;;13;264.8433565
6,008,924;1;3;1;80;13;;;;1;9;EDAD;2;;;8;;2;2;;2;;1;11;4;13;405.16315858
6,008,924;1;5;1;80;13;;;;2;;;;2;;;.;2;2;;2;;1;11;;13;405.16315858
6,008,924;1;6;1;80;13;;;;1;2;;2;;;2;;2;2;;2;;1;11;2;13;405.16315858
6,008,926;1;3;1;80;13;;;;2;;;;2;;;.;;;;2;;1;11;;13;403.22784648
6,008,927;1;1;1;80;13;;;;1;3;;2;;;9;;2;2;;2;;1;11;4;13;520.87683613
6,008,927;1;2;1;80;13;;;;2;;;;2;;;.;;;;2;;1;11;;13;520.87683613
6,008,927;1;3;1;80;13;;;;2;;;;2;;;.;2;2;;2;;1;11;;13;520.87683613
6,008,928;1;1;1;80;13;;;;1;6;;2;;;12;POR PANDEMIA COVID 19;2;2;;2;;1;11;1.4;13;522.14360793
6,008,929;1;1;1;80;13;;;;1;5;;2;;;10;;3;3;;2;;1;11;4;13;455.63531195
6,008,930;1;2;1;80;13;;;;2;;;;2;;;.;2;2;;2;;1;11;;13;486.23669831
6,008,930;1;3;1;80;13;;;;2;;;;2;;;.;2;2;;2;;1;11;;13;486.23669831
6,008,930;1;4;1;80;13;;;;2;;;;2;;;.;;;;2;;1;11;;13;486.23669831
6,008,931;1;4;1;80;13;;;;2;;;;2;;;.;;;;2;;1;11;;13;654.63402067
6,008,933;1;2;1;80;13;;;;1;9;POR LA EDAD;2;;;8;;2;2;;2;;1;11;4;13;442.34880182
6,008,935;1;1;1;80;13;;;;2;;;;2;;;.;2;2;;2;;1;11;;13;234.46091104
6,008,935;1;2;1;80;13;1;40;908,526;1;6;;2;;;8;;2;2;;2;;1;11;3;13;234.46091104
6,008,936;1;3;1;80;13;;;;2;;;;2;;;.;2;2;;2;;1;11;;13;537.36543016
6,008,936;1;4;1;80;13;;;;2;;;;2;;;.;2;2;;2;;1;11;;13;537.36543016
6,008,938;1;5;1;80;13;;;;1;7;;2;;;8;;2;2;;2;;1;11;4;13;513.06967051
6,008,939;1;2;1;80;13;;;;2;;;;2;;;.;;;;2;;1;11;;13;475.06908858
6,008,940;1;2;1;80;13;;;;1;7;;2;;;9;;2;2;;2;;1;11;4;13;317.55146305
6,008,943;1;1;1;80;13;1;40;908,526;1;7;;2;;;1;;2;2;;2;;1;11;2;13;467.10356275
6,008,943;1;2;1;80;13;;;;2;;;;2;;;.;2;2;;2;;1;11;;13;467.10356275
6,008,945;1;2;1;80;13;;;;1;3;;2;;;9;;2;2;;2;;1;11;3;13;494.3451233
6,008,946;1;1;1;80;13;;;;1;5;;2;;;10;;3;3;;2;;1;11;4;13;317.55146305
6,008,946;1;2;1;80;13;;;;1;3;;2;;;9;;2;2;;2;;1;11;4;13;317.55146305
6,008,947;1;2;1;80;13;;;;2;;;;2;;;.;;;;2;;1;11;;13;510.67535713
6,008,948;1;1;1;80;13;;;;1;5;;2;;;10;;3;3;;2;;1;11;4;13;330.95502595
6,008,948;1;2;1;80;13;;;;2;;;;2;;;.;2;2;;2;;1;11;;13;330.95502595
6,008,948;1;5;1;80;13;;;;2;;;;2;;;.;2;2;;2;;1;11;;13;330.95502595
6,008,949;1;2;1;80;13;;;;1;9;EDAD;2;;;8;;2;2;;2;;1;11;4;13;605.44060091
6,008,949;1;5;1;80;13;;;;2;;;;2;;;.;2;2;;2;;1;11;;13;605.44060091
6,008,949;1;6;1;80;13;;;;2;;;;2;;;.;;;;2;;1;11;;13;605.44060091
6,008,950;1;1;1;80;13;;;;1;5;;2;;;10;;3;3;;2;;1;11;2;13;336.57665132
6,008,950;1;2;1;80;13;;;;2;;;;2;;;.;2;2;;2;;1;11;;13;336.57665132
6,008,951;1;2;1;80;13;;;;2;;;;2;;;.;2;2;;2;;1;11;;13;304.26495292
6,008,953;1;2;1;80;13;1;48;1,200,000;1;8;;2;;;3;;2;2;;2;;1;11;2;13;463.3001967
6,008,954;1;1;1;80;13;;;;1;5;;2;;;1;;2;2;;2;;1;11;2;13;474.7684475
6,008,954;1;3;1;80;13;;;;2;;;;2;;;.;;;;2;;1;11;;13;474.7684475
6,008,955;1;3;1;80;13;;;;2;;;;2;;;.;2;2;;2;;1;11;;13;457.9792124
6,008,958;1;1;1;80;13;;;;1;5;;2;;;10;;3;3;;2;;1;11;3;13;236.33502415
6,008,958;1;4;1;80;13;;;;1;5;;2;;;10;;3;3;;2;;1;11;4;13;236.33502415
6,008,959;1;2;1;80;13;;;;2;;;;2;;;.;2;2;;2;;1;11;;13;533.61185873
6,008,959;1;4;1;80;13;;;;2;;;;2;;;.;2;2;;2;;1;11;;13;533.61185873
6,008,960;1;1;1;80;13;;;;2;;;;2;;;.;2;2;;2;;1;11;;13;450.31432764
6,008,961;1;3;1;80;13;;;;2;;;;2;;;.;2;2;;2;;1;11;;13;525.89717936
6,008,964;1;3;1;80;13;;;;2;;;;2;;;.;;;;2;;1;11;;13;525.89717936
6,008,967;1;2;1;80;13;;;;2;;;;2;;;.;2;2;;2;;1;11;;13;463.3001967
6,008,968;1;1;1;80;13;;;;2;;;;2;;;.;2;2;;2;;1;11;;13;366.86193557
6,008,968;1;2;1;80;13;;;;1;5;;2;;;10;;3;3;;2;;1;11;4;13;366.86193557
6,008,968;1;3;1;80;13;;;;2;;;;2;;;.;2;2;;2;;1;11;;13;366.86193557
6,008,968;1;4;1;80;13;;;;2;;;;2;;;.;2;2;;2;;1;11;;13;366.86193557
6,008,969;1;1;1;80;13;;;;1;5;;2;;;10;;3;3;;2;;1;11;1.2;13;325.10840052
6,008,969;1;2;1;80;13;;;;2;;;;2;;;.;2;2;;2;;1;11;;13;325.10840052
6,008,970;1;3;1;80;13;;;;2;;;;2;;;.;;;;2;;1;11;;13;541.41964266
6,008,971;1;1;1;80;13;;;;1;3;;2;;;8;;2;2;;2;;1;11;4;13;436.72717644
6,008,971;1;2;1;80;13;;;;1;6;;2;;;8;;2;2;;2;;1;11;4;13;436.72717644
6,008,972;1;2;1;80;13;;;;1;5;;2;;;10;;3;3;;2;;1;11;4;13;325.10840052
6,008,973;1;1;1;80;13;;;;1;4;;2;;;4;;2;2;;2;;1;11;3;13;234.46091104
6,008,973;1;2;1;80;13;;;;1;4;;2;;;8;;2;2;;2;;1;11;3;13;234.46091104
6,008,974;1;1;1;80;13;;;;1;5;;2;;;8;;2;2;;2;;1;11;4;13;442.34880182
6,008,974;1;2;1;80;13;;;;1;3;;2;;;9;;2;2;;2;;1;11;4;13;442.34880182
6,008,976;1;2;1;80;13;;;;1;5;;2;;;10;;3;3;;2;;1;11;4;13;401.1490971
6,008,976;1;3;1;80;13;2;;908,526;1;3;;2;;;9;;2;2;;2;;1;11;3;13;401.1490971
6,008,977;1;1;1;80;13;;;;1;5;;2;;;10;;3;3;;2;;1;11;3;13;497.388847
6,008,978;1;2;1;80;13;;;;2;;;;2;;;.;2;2;;2;;1;11;;13;497.388847
6,008,978;1;3;1;80;13;;;;1;5;;2;;;10;;3;3;;2;;1;11;4;13;497.388847
6,008,980;1;1;1;80;13;;;;1;4;;2;;;8;;2;2;;2;;1;11;4;13;412.46014411
6,008,980;1;2;1;80;13;;;;2;;;;2;;;.;2;2;;2;;1;11;;13;412.46014411
6,008,980;1;3;1;80;13;;;;2;;;;2;;;.;2;2;;2;;1;11;;13;412.46014411
6,008,981;1;3;1;80;13;;;;2;;;;2;;;.;;;;2;;1;11;;13;592.03703801
6,008,983;1;1;1;80;13;;;;1;5;;2;;;4;;3;3;;2;;1;11;4;13;325.10840052
6,008,983;1;2;1;80;13;;;;1;3;;2;;;9;;2;2;;2;;1;11;4;13;325.10840052
6,008,984;1;1;1;80;13;1;48;800,000;1;8;;2;;;1;;2;2;;2;;1;11;1.3;13;340.33022275
6,008,984;1;2;1;80;13;;;;1;5;;2;;;11;;3;3;;2;;1;11;4;13;340.33022275
6,008,985;1;3;1;80;13;;;;2;;;;2;;;.;2;2;;2;;1;11;;13;442.74542836
6,008,985;1;4;1;80;13;;;;2;;;;2;;;.;2;2;;2;;1;11;;13;442.74542836
6,008,987;1;3;1;80;13;;;;2;;;;2;;;.;2;2;;2;;1;11;;13;540.90830615
6,008,988;1;1;1;80;13;;;;1;5;;2;;;10;;2;2;;2;;1;11;1.2;13;315.73320372
6,008,989;1;1;1;80;13;;;;1;4;;2;;;4;;2;2;;2;;1;11;1.4;13;332.77328527
6,008,990;1;1;1;80;13;;;;1;3;;2;;;9;;2;2;;2;;1;11;4;13;525.89717936
6,008,991;1;1;1;80;13;;;;2;;;;2;;;.;2;2;;2;;1;11;;13;444.69270227
6,008,991;1;3;1;80;13;;;;2;;;;2;;;.;2;2;;2;;1;11;;13;444.69270227
6,008,992;1;2;1;80;13;;;;2;;;;2;;;.;2;2;;2;;1;11;;13;494.3451233
6,008,994;1;1;1;80;13;;;;2;;;;2;;;.;2;2;;2;;1;11;;13;442.34880182
6,008,994;1;2;1;80;13;;;;2;;;;2;;;.;2;2;;2;;1;11;;13;442.34880182
6,008,997;1;2;1;80;13;;;;1;3;;2;;;8;;2;2;;2;;1;11;4;13;317.55146305
6,008,999;1;3;1;80;13;;;;1;8;;2;;;12;POR PANDEMIA COVID 19;2;2;;2;;1;11;2;13;327.75294204
6,009,002;1;1;1;80;13;;;;1;5;;2;;;10;;3;3;;2;;1;11;4;13;338.39491065
6,009,003;1;3;1;80;13;;;;2;;;;2;;;.;2;2;;2;;1;11;;13;552.88789346
6,009,003;1;4;1;80;13;;;;2;;;;2;;;.;2;2;;2;;1;11;;13;552.88789346
6,009,004;1;1;1;80;13;;;;1;3;;2;;;9;;2;2;;2;;1;11;4;13;427.23492687
6,009,009;1;1;1;80;13;;;;1;1;;2;;;8;;1;2;;2;;1;11;2;13;234.46091104
6,009,009;1;2;1;80;13;;;;1;5;;2;;;8;;2;2;;2;;1;11;4;13;234.46091104
6,009,011;1;1;1;80;13;;;;1;5;;2;;;10;;3;3;;2;;1;11;4;13;340.33022275
6,009,013;1;2;1;80;13;;;;1;3;;2;;;9;;2;2;;2;;1;11;4;13;525.89717936
6,009,013;1;3;1;80;13;;;;2;;;;2;;;.;2;2;;2;;1;11;;13;525.89717936
6,009,014;1;2;1;80;13;;;;2;;;;2;;;.;2;2;;2;;1;11;;13;374.41887305
6,009,014;1;3;1;80;13;;;;2;;;;2;;;.;2;2;;2;;1;11;;13;374.41887305
6,009,014;1;4;1;80;13;;;;1;5;;2;;;11;;3;3;;2;;1;11;4;13;374.41887305
6,009,018;1;5;1;80;13;;;;1;5;;2;;;8;;2;2;;2;;1;11;4;13;502.86703509
6,009,020;1;1;1;80;13;;;;1;5;;2;;;8;;2;2;;2;;1;11;4;13;325.10840052
6,009,020;1;2;1;80;13;;;;2;;;;2;;;.;2;2;;2;;1;11;;13;325.10840052
6,009,029;1;2;1;80;13;;;;1;3;;2;;;9;;2;2;;2;;1;11;4;13;537.36543016
6,009,029;1;3;1;80;13;;;;2;;;;2;;;.;2;2;;2;;1;11;;13;537.36543016
6,009,029;1;4;1;80;13;;;;2;;;;2;;;.;;;;2;;1;11;;13;537.36543016
6,009,031;1;1;1;80;13;;;;1;5;;2;;;10;;3;3;;2;;1;11;4;13;325.10840052
6,009,031;1;2;1;80;13;;;;2;;;;2;;;.;2;2;;2;;1;11;;13;325.10840052
6,009,033;1;2;1;80;13;1;48;908,526;1;1;;2;;;1;;2;2;;2;;1;11;1.4;13;463.3001967
6,009,035;1;2;1;80;13;;;;1;4;;2;;;4;;2;2;;2;;1;11;3;13;325.10840052
6,009,036;1;1;1;80;13;;;;1;5;;2;;;8;;2;2;;2;;1;11;4;13;315.73320372
6,009,036;1;2;1;80;13;;;;1;5;;2;;;8;;2;2;;2;;1;11;4;13;315.73320372
6,009,036;1;3;1;80;13;;;;1;5;;2;;;11;;2;2;;2;;1;11;3;13;315.73320372
6,009,036;1;4;1;80;13;;;;2;;;;2;;;.;;;;2;;1;11;;13;315.73320372
6,009,038;1;1;1;80;13;;;;1;5;;2;;;8;;3;3;;2;;1;11;4;13;325.10840052
6,009,038;1;2;1;80;13;;;;2;;;;2;;;.;2;2;;2;;1;11;;13;325.10840052
6,009,040;1;2;1;80;13;;;;2;;;;2;;;.;2;2;;2;;1;11;;13;522.14360793
6,009,040;1;3;1;80;13;;;;2;;;;2;;;.;2;2;;2;;1;11;;13;522.14360793
6,009,042;1;4;1;80;13;;;;2;;;;2;;;.;2;2;;2;;1;11;;13;486.23669831
6,009,043;1;1;1;80;13;2;;900,000;1;6;;2;;;4;;2;2;;2;;1;11;1.3;13;325.10840052
6,009,043;1;2;1;80;13;;;;1;3;;2;;;9;;2;2;;2;;1;11;4;13;325.10840052
6,009,046;1;2;1;80;13;;;;2;;;;2;;;.;2;2;;2;;1;11;;13;554.45530634
6,009,046;1;3;1;80;13;;;;2;;;;2;;;.;;;;2;;1;11;;13;554.45530634
6,009,047;1;1;1;80;13;;;;2;;;;2;;;.;2;2;;2;;1;11;;13;552.58725239
6,009,047;1;2;1;80;13;;;;2;;;;2;;;.;2;2;;2;;1;11;;13;552.58725239
6,009,047;1;3;1;80;13;;;;2;;;;2;;;.;;;;2;;1;11;;13;552.58725239
6,009,048;1;2;1;80;13;;;;2;;;;2;;;.;2;2;;2;;1;11;;13;556.43076946
6,009,048;1;3;1;80;13;;;;2;;;;2;;;.;2;2;;2;;1;11;;13;556.43076946
6,009,052;1;1;1;80;13;;;;1;5;;2;;;8;;3;3;;2;;1;11;4;13;325.10840052
6,009,052;1;2;1;80;13;;;;2;;;;2;;;.;2;2;;2;;1;11;;13;325.10840052
6,009,056;1;3;1;80;13;2;;900,000;1;8;;1;;3;5;;2;2;;2;;1;11;3;13;494.04448223
6,009,057;1;4;1;80;13;;;;2;;;;2;;;.;2;2;;2;;1;11;;13;563.98770693
6,009,059;1;2;1;80;13;;;;2;;;;2;;;.;2;2;;2;;1;11;;13;304.26495292
6,009,059;1;3;1;80;13;;;;1;5;;2;;;10;;3;3;;2;;1;11;4;13;304.26495292
6,009,060;1;4;1;80;13;;;;2;;;;2;;;.;;;;2;;1;11;;13;599.96241282
6,009,060;1;5;1;80;13;;;;2;;;;2;;;.;;;;2;;1;11;;13;599.96241282
6,009,061;1;1;1;80;13;;;;2;;;;2;;;.;2;2;;2;;1;11;;13;463.60083777
6,009,062;1;1;1;80;13;;;;1;5;;2;;;10;;3;3;;2;;1;11;4;13;397.90686217
6,009,062;1;2;1;80;13;;;;2;;;;2;;;.;2;2;;2;;1;11;;13;397.90686217
6,009,064;1;1;1;80;13;;;;1;5;;2;;;10;;3;3;;2;;1;11;4;13;475.58338619
6,009,064;1;2;1;80;13;;;;2;;;;2;;;.;2;2;;2;;1;11;;13;475.58338619
6,009,064;1;4;1;80;13;;;;2;;;;2;;;.;2;2;;2;;1;11;;13;475.58338619
6,009,064;1;8;1;80;13;;;;2;;;;2;;;.;2;2;;2;;1;11;;13;475.58338619
6,009,064;1;9;1;80;13;;;;2;;;;2;;;.;2;2;;2;;1;11;;13;475.58338619
6,009,065;1;1;1;80;13;;;;2;;;;2;;;.;2;2;;2;;1;11;;13;540.90830615
6,009,065;1;3;1;80;13;;;;2;;;;2;;;.;;;;2;;1;11;;13;540.90830615
6,009,067;1;2;1;80;13;2;;908,526;2;;;;2;;;.;2;2;;2;;1;11;;13;376.85387556
6,009,067;1;3;1;80;13;;;;2;;;;2;;;.;2;2;;2;;1;11;;13;376.85387556
6,009,069;1;1;1;80;13;;;;1;5;;2;;;10;;3;3;;2;;1;11;4;13;491.55652619
6,009,069;1;4;1;80;13;;;;1;5;;2;;;9;;2;2;;2;;1;11;4;13;491.55652619
6,009,069;1;5;1;80;13;;;;2;;;;2;;;.;2;2;;2;;1;11;;13;491.55652619
6,009,070;1;2;1;80;13;;;;2;;;;2;;;.;2;2;;2;;1;11;;13;520.06485855
6,009,071;1;4;1;80;13;1;48;908,526;1;9;PANDEMIA;2;;;1;;2;2;;2;;1;11;3;13;406.83851873
6,009,071;1;5;1;80;13;;;;2;;;;2;;;.;2;2;;2;;1;11;;13;406.83851873
6,009,072;1;1;1;80;13;;;;1;6;;2;;;8;;2;2;;2;;1;11;4;13;628.21874231
6,009,072;1;4;1;80;13;;;;2;;;;2;;;.;2;2;;2;;1;11;;13;628.21874231
6,009,072;1;5;1;80;13;;;;2;;;;2;;;.;;;;2;;1;11;;13;628.21874231
6,009,072;1;7;1;80;13;;;;2;;;;2;;;.;2;2;;2;;1;11;;13;628.21874231
6,009,074;1;3;1;80;13;;;;2;;;;2;;;.;2;2;;2;;1;11;;13;473.43737866
6,009,075;1;2;1;80;13;;;;2;;;;2;;;.;2;2;;2;;1;11;;13;537.66607123
6,009,075;1;3;1;80;13;;;;2;;;;2;;;.;2;2;;2;;1;11;;13;537.66607123
6,009,076;1;1;1;80;13;;;;1;3;;2;;;9;;2;2;;2;;1;11;3;13;351.79847355
6,009,076;1;3;1;80;13;;;;2;;;;2;;;.;;;;2;;1;11;;13;351.79847355
6,009,076;1;4;1;80;13;;;;1;5;;2;;;10;;3;3;;2;;1;11;4;13;351.79847355
6,009,077;1;3;1;80;13;;;;2;;;;2;;;.;2;2;;2;;1;11;;13;714.94155851
6,009,077;1;4;1;80;13;;;;2;;;;2;;;.;;;;2;;1;11;;13;714.94155851
6,009,078;1;2;1;80;13;;;;1;6;;2;;;1;;2;2;;2;;1;11;1.2;13;474.7684475
6,009,081;1;1;1;80;13;;;;1;4;;2;;;8;;2;2;;2;;1;11;4;13;234.46091104
6,009,081;1;2;1;80;13;;;;1;3;;2;;;9;;2;2;;2;;1;11;3;13;234.46091104
6,009,081;1;3;1;80;13;;;;1;3;;2;;;8;;2;2;;2;;1;11;4;13;234.46091104
6,009,082;1;1;1;80;13;;;;1;9;PANDEMIA;2;;;12;EMBARAZO;2;2;;2;;1;11;3;13;556.43076946
6,009,082;1;3;1;80;13;;;;2;;;;2;;;.;;;;2;;1;11;;13;556.43076946
6,009,083;1;1;1;80;13;;;;1;3;;2;;;9;;2;2;;2;;1;11;4;13;537.36543016
6,009,083;1;2;1;80;13;;;;2;;;;2;;;.;2;2;;2;;1;11;;13;537.36543016
6,009,086;1;2;1;80;13;;;;2;;;;2;;;.;2;2;;2;;1;11;;13;556.13012838
6,009,088;1;2;1;80;13;;;;2;;;;2;;;.;2;2;;2;;1;11;;13;603.80592988
6,009,088;1;4;1;80;13;;;;2;;;;2;;;.;2;2;;2;;1;11;;13;603.80592988
6,009,090;1;2;1;80;13;;;;1;5;;2;;;9;;2;2;;2;;1;11;4;13;370.7732489
6,009,090;1;4;1;80;13;;;;2;;;;2;;;.;2;2;;2;;1;11;;13;370.7732489
6,009,090;1;5;1;80;13;;;;2;;;;2;;;.;2;2;;2;;1;11;;13;370.7732489
6,009,091;1;3;1;80;13;;;;2;;;;2;;;.;2;2;;2;;1;11;;13;588.49416201
6,009,091;1;4;1;80;13;;;;2;;;;2;;;.;;;;2;;1;11;;13;588.49416201
6,009,092;1;1;1;80;13;;;;1;3;;2;;;9;;2;2;;2;;1;11;3;13;355.55204498
6,009,092;1;4;1;80;13;;;;1;4;;2;;;4;;2;2;;2;;1;11;4;13;355.55204498
6,009,093;1;2;1;80;13;;;;2;;;;2;;;.;2;2;;2;;1;11;;13;459.54662528
6,009,094;1;1;1;80;13;;;;1;3;;2;;;9;;1;2;;2;;1;11;4;13;525.89717936
6,009,094;1;3;1;80;13;;;;2;;;;2;;;.;2;2;;2;;1;11;;13;525.89717936
6,009,097;1;1;1;80;13;;;;2;;;;2;;;.;2;2;;2;;1;11;;13;325.10840052
6,009,097;1;2;1;80;13;;;;1;5;;2;;;10;;3;3;;2;;1;11;4;13;325.10840052
6,009,098;1;4;1;80;13;;;;2;;;;2;;;.;;;;2;;1;11;;13;385.88712385
6,009,098;1;5;1;80;13;;;;1;4;;2;;;4;;2;2;;2;;1;11;4;13;385.88712385
6,009,100;1;2;1;80;13;1;40;908,526;1;7;;2;;;1;;2;2;;2;;1;11;2;13;332.77328527
6,009,103;1;2;1;80;13;;;;2;;;;2;;;.;;;;2;;1;11;;13;495.67853495
6,009,103;1;3;1;80;13;;;;2;;;;2;;;.;;;;2;;1;11;;13;495.67853495
6,009,103;1;5;1;80;13;;;;2;;;;2;;;.;2;2;;2;;1;11;;13;495.67853495
6,009,104;1;1;1;80;13;;;;1;5;;2;;;10;;3;3;;2;;1;11;3;13;325.10840052
6,009,104;1;2;1;80;13;;;;2;;;;2;;;.;2;2;;2;;1;11;;13;325.10840052
6,009,105;1;1;1;80;13;;;;2;;;;2;;;.;2;2;;2;;1;11;;13;325.10840052
6,009,106;1;2;1;80;13;;;;1;3;;2;;;9;;2;2;;2;;1;11;3;13;556.43076946
6,009,106;1;3;1;80;13;;;;2;;;;2;;;.;2;2;;2;;1;11;;13;556.43076946
6,009,107;1;3;1;80;13;;;;2;;;;2;;;.;;;;2;;1;11;;13;658.91323321
6,009,107;1;7;1;80;13;;;;2;;;;2;;;.;;;;2;;1;11;;13;658.91323321
6,009,108;1;1;1;80;13;;;;1;5;;2;;;10;;3;3;;2;;1;11;4;13;304.26495292
6,009,110;1;3;1;80;13;;;;2;;;;2;;;.;2;2;;2;;1;11;;13;486.23669831
6,009,110;1;4;1;80;13;;;;2;;;;2;;;.;;;;2;;1;11;;13;486.23669831
6,009,113;1;3;1;80;13;;;;2;;;;2;;;.;2;2;;2;;1;11;;13;489.99026973
6,009,116;1;3;1;80;13;;;;2;;;;2;;;.;2;2;;2;;1;11;;13;516.52198255
6,009,117;1;2;1;80;13;;;;2;;;;2;;;.;;;;2;;1;11;;13;639.41219844
6,009,117;1;3;1;80;13;;;;2;;;;2;;;.;;;;2;;1;11;;13;639.41219844
6,009,118;1;3;1;80;13;;;;2;;;;2;;;.;;;;2;;1;11;;13;490.2909108
6,009,119;1;3;1;80;13;;;;2;;;;2;;;.;2;2;;2;;1;11;;13;537.36543016
6,009,119;1;4;1;80;13;;;;2;;;;2;;;.;2;2;;2;;1;11;;13;537.36543016
6,009,120;1;2;1;80;13;;;;2;;;;2;;;.;2;2;;2;;1;11;;13;562.10707286
6,009,120;1;4;1;80;13;;;;2;;;;2;;;.;2;2;;2;;1;11;;13;562.10707286
6,009,120;1;7;1;80;13;;;;2;;;;2;;;.;2;2;;2;;1;11;;13;562.10707286
6,009,120;1;8;1;80;13;;;;2;;;;2;;;.;2;2;;2;;1;11;;13;562.10707286
6,009,121;1;2;1;80;13;;;;1;8;;2;;;9;;2;2;;2;;1;11;1.4;13;526.65682171
6,009,122;1;1;1;80;13;;;;2;;;;2;;;.;2;2;;2;;1;11;;13;509.8675866
6,009,123;1;2;1;80;13;2;;500,000;1;4;;2;;;4;;2;2;;2;;1;11;1.1;13;755.36168191
6,009,123;1;3;1;80;13;;;;2;;;;2;;;.;;;;2;;1;11;;13;755.36168191
6,009,124;1;1;1;80;13;;;;1;5;;2;;;8;;2;2;;2;;1;11;4;13;540.24577761
6,009,124;1;2;1;80;13;;;;2;;;;2;;;.;2;2;;2;;1;11;;13;540.24577761
6,009,124;1;5;1;80;13;;;;2;;;;2;;;.;2;2;;2;;1;11;;13;540.24577761
6,009,126;1;5;1;80;13;;;;2;;;;2;;;.;2;2;;2;;1;11;;13;599.96241282
6,009,127;1;2;1;80;13;;;;2;;;;2;;;.;;;;2;;1;11;;13;533.45411683
6,009,127;1;3;1;80;13;;;;2;;;;2;;;.;2;2;;2;;1;11;;13;533.45411683
6,009,131;1;3;1;80;13;;;;2;;;;2;;;.;2;2;;2;;1;11;;13;387.70538318
6,009,132;1;2;1;80;13;;;;2;;;;2;;;.;2;2;;2;;1;11;;13;495.61189511
6,009,133;1;2;1;80;13;;;;1;7;;2;;;8;;2;2;;2;;1;11;3;13;401.1490971
6,009,134;1;1;1;80;13;1;48;900,000;1;3;;2;;;9;;2;2;;1;950,000;1;11;1.1;13;459.54662528
6,009,134;1;2;1;80;13;;;;2;;;;2;;;.;;;;2;;1;11;;13;459.54662528
6,009,135;1;3;1;80;13;;;;2;;;;2;;;.;;;;2;;1;11;;13;490.2909108
6,009,137;1;1;1;80;13;;;;2;;;;2;;;.;2;2;;2;;1;11;;13;340.33022275
6,009,138;1;1;1;80;13;;;;1;3;;2;;;9;;2;2;;2;;1;11;4;13;541.41964266
6,009,138;1;3;1;80;13;;;;2;;;;2;;;.;2;2;;2;;1;11;;13;541.41964266
6,009,139;1;2;1;80;13;;;;1;3;;2;;;2;;2;2;;2;;1;11;3;13;494.3451233
6,009,140;1;1;1;80;13;;;;1;5;;2;;;10;;3;3;;2;;1;11;4;13;325.10840052
6,009,140;1;2;1;80;13;;;;2;;;;2;;;.;2;2;;2;;1;11;;13;325.10840052
6,009,141;1;3;1;80;13;;;;2;;;;2;;;.;2;2;;2;;1;11;;13;635.86932244
6,009,141;1;4;1;80;13;;;;2;;;;2;;;.;2;2;;2;;1;11;;13;635.86932244
6,009,142;1;4;1;80;13;;;;2;;;;2;;;.;2;2;;2;;1;11;;13;359.3049981
6,009,143;1;1;1;80;13;;;;1;5;;2;;;10;;3;3;;2;;1;11;4;13;317.55146305
6,009,144;1;4;1;80;13;;;;2;;;;2;;;.;2;2;;2;;1;11;;13;588.49416201
6,009,145;1;2;1;80;13;;;;2;;;;2;;;.;;;;2;;1;11;;13;459.54662528
6,009,148;1;2;1;80;13;;;;2;;;;2;;;.;;;;2;;1;11;;13;525.68648393
6,009,149;1;1;1;80;13;;;;1;7;;2;;;8;;2;2;;2;;1;11;4;13;457.57062405
6,009,149;1;3;1;80;13;;;;1;5;;2;;;10;;3;3;;2;;1;11;4;13;457.57062405
6,009,150;1;1;1;80;13;;;;1;4;;2;;;4;;2;2;;2;;1;11;4;13;497.388847
6,009,150;1;3;1;80;13;;;;2;;;;2;;;.;2;2;;2;;1;11;;13;497.388847
6,009,151;1;1;1;80;13;;;;1;5;;2;;;10;;3;3;;2;;1;11;4;13;416.33076831
6,009,151;1;2;1;80;13;;;;2;;;;2;;;.;2;2;;2;;1;11;;13;416.33076831
6,009,151;1;3;1;80;13;;;;2;;;;2;;;.;2;2;;2;;1;11;;13;416.33076831
6,009,151;1;5;1;80;13;;;;2;;;;2;;;.;2;2;;2;;1;11;;13;416.33076831
6,009,151;1;7;1;80;13;;;;2;;;;2;;;.;;;;2;;1;11;;13;416.33076831
6,009,152;1;1;1;80;13;;;;1;5;;2;;;11;;3;3;;2;;1;11;4;13;277.69193266
6,009,152;1;2;1;80;13;;;;1;3;;2;;;9;;2;2;;2;;1;11;4;13;277.69193266
6,009,152;1;3;1;80;13;;;;1;9;POR LA EDAD;2;;;8;;2;2;;2;;1;11;4;13;277.69193266
6,009,152;1;5;1;80;13;;;;2;;;;2;;;.;2;2;;2;;1;11;;13;277.69193266
6,009,154;1;3;1;80;13;;;;1;5;;2;;;10;;3;3;;2;;1;11;4;13;465.2355088
6,009,155;1;1;1;80;13;;;;1;9;EDAD;2;;;8;;2;2;;2;;1;11;4;13;325.10840052
6,009,155;1;2;1;80;13;;;;2;;;;2;;;.;2;2;;2;;1;11;;13;325.10840052
6,009,156;1;1;1;80;13;;;;1;5;;2;;;4;;3;3;;2;;1;11;1.2;13;336.57665132
6,009,156;1;2;1;80;13;;;;2;;;;2;;;.;2;2;;2;;1;11;;13;336.57665132
6,009,158;1;3;1;80;13;;;;2;;;;2;;;.;2;2;;2;;1;11;;13;588.49416201
6,009,158;1;4;1;80;13;;;;2;;;;2;;;.;2;2;;2;;1;11;;13;588.49416201
6,009,160;1;1;1;80;13;;;;1;9;EDAD;2;;;8;;2;2;;2;;1;11;4;13;346.77813032
6,009,160;1;4;1;80;13;2;;908,526;1;6;;2;;;9;;2;2;;2;;1;11;1.4;13;346.77813032
6,009,161;1;1;1;80;13;;;;1;5;;2;;;10;;3;3;;2;;1;11;4;13;503.5361135
6,009,161;1;3;1;80;13;;;;2;;;;2;;;.;;;;2;;1;11;;13;503.5361135
6,009,161;1;4;1;80;13;;;;2;;;;2;;;.;;;;2;;1;11;;13;503.5361135
6,009,161;1;5;1;80;13;;;;1;5;;2;;;9;;2;2;;2;;1;11;3;13;503.5361135
6,009,162;1;1;1;80;13;;;;1;5;;2;;;10;;3;3;;2;;1;11;4;13;234.46091104
6,009,162;1;2;1;80;13;;;;1;5;;2;;;10;;3;3;;2;;1;11;4;13;234.46091104
6,009,162;1;5;1;80;13;;;;1;5;;2;;;8;;2;2;;2;;1;11;4;13;234.46091104
6,009,163;1;2;1;80;13;;;;2;;;;2;;;.;2;2;;2;;1;11;;13;459.54662528
6,009,164;1;2;1;80;13;;;;1;3;;2;;;9;;2;2;;2;;1;11;4;13;501.75916161
6,009,164;1;3;1;80;13;;;;2;;;;2;;;.;;;;2;;1;11;;13;501.75916161
6,009,164;1;4;1;80;13;;;;2;;;;2;;;.;;;;2;;1;11;;13;501.75916161
6,009,166;1;3;1;80;13;;;;2;;;;2;;;.;;;;2;;1;11;;13;540.90830615
6,009,167;1;3;1;80;13;;;;1;8;;2;;;2;;2;2;;2;;1;11;2;13;537.36543016
6,009,167;1;4;1;80;13;;;;2;;;;2;;;.;2;2;;2;;1;11;;13;537.36543016
6,009,168;1;1;1;80;13;;;;1;5;;2;;;10;;3;3;;2;;1;11;4;13;325.10840052
6,009,168;1;2;1;80;13;;;;1;5;;2;;;10;;3;3;;2;;1;11;4;13;325.10840052
6,009,169;1;3;1;80;13;;;;2;;;;2;;;.;2;2;;2;;1;11;;13;387.70538318
6,009,176;1;3;1;80;13;;;;2;;;;2;;;.;2;2;;2;;1;11;;13;336.57665132
6,009,177;1;1;1;80;13;;;;1;3;;2;;;9;;2;2;;2;;1;11;4;13;463.44543868
6,009,177;1;2;1;80;13;;;;1;5;;2;;;10;;3;3;;2;;1;11;3;13;463.44543868
6,009,177;1;6;1;80;13;1;48;908,526;2;;;;2;;;.;2;2;;2;;1;11;;13;463.44543868
6,009,178;1;1;1;80;13;;;;1;5;;2;;;10;;3;3;;2;;1;11;4;13;400.66190661
6,009,178;1;3;1;80;13;;;;1;5;;2;;;8;;2;2;;2;;1;11;4;13;400.66190661
6,009,179;1;3;1;80;13;;;;2;;;;2;;;.;2;2;;2;;1;11;;13;666.77081176
6,009,179;1;4;1;80;13;;;;2;;;;2;;;.;2;2;;2;;1;11;;13;666.77081176
6,009,179;1;5;1;80;13;;;;2;;;;2;;;.;;;;2;;1;11;;13;666.77081176
6,009,179;1;8;1;80;13;;;;1;9;EMBARAZO;2;;;9;;2;2;;2;;1;11;3;13;666.77081176
6,009,180;1;1;1;80;13;;;;1;3;;2;;;9;;1;2;;2;;1;11;4;13;463.3001967
6,009,183;1;2;1;80;13;;;;2;;;;2;;;.;2;2;;2;;1;11;;13;727.85963131
6,009,184;1;1;1;80;13;;;;1;8;;2;;;11;;2;2;;2;;1;11;1.3;13;325.10840052
6,009,184;1;2;1;80;13;;;;2;;;;2;;;.;2;2;;2;;1;11;;13;325.10840052
6,009,185;1;2;1;80;13;;;;2;;;;2;;;.;2;2;;2;;1;11;;13;529.44005535
6,009,189;1;1;1;80;13;;;;1;7;;2;;;8;;2;2;;2;;1;11;2;13;340.48796465
6,009,189;1;2;1;80;13;;;;1;4;;2;;;4;;2;2;;2;;1;11;4;13;340.48796465
6,009,189;1;3;1;80;13;;;;2;;;;2;;;.;2;2;;2;;1;11;;13;340.48796465
6,009,189;1;4;1;80;13;;;;2;;;;2;;;.;;;;2;;1;11;;13;340.48796465
6,009,193;1;1;1;80;13;;;;1;6;;2;;;8;;2;2;;2;;1;11;3;13;455.63531195
6,009,194;1;1;1;80;13;;;;1;5;;2;;;10;;3;3;;2;;1;11;3;13;442.69193672
6,009,194;1;2;1;80;13;;;;2;;;;2;;;.;2;2;;2;;1;11;;13;442.69193672
6,009,194;1;3;1;80;13;;;;1;3;;2;;;9;;2;2;;2;;1;11;4;13;442.69193672
6,009,194;1;6;1;80;13;;;;2;;;;2;;;.;2;2;;2;;1;11;;13;442.69193672
6,009,195;1;3;1;80;13;;;;2;;;;2;;;.;2;2;;2;;1;11;;13;537.36543016
6,009,195;1;4;1;80;13;;;;2;;;;2;;;.;;;;2;;1;11;;13;537.36543016
6,009,196;1;2;1;80;13;;;;2;;;;2;;;.;2;2;;2;;1;11;;13;453.9249999
6,009,196;1;3;1;80;13;;;;2;;;;2;;;.;2;2;;2;;1;11;;13;453.9249999
6,009,198;1;4;1;80;13;;;;2;;;;2;;;.;2;2;;2;;1;11;;13;501.75916161
6,009,201;1;2;1;80;13;1;40;908,526;1;6;;2;;;8;;2;2;;2;;1;11;4;13;448.22361645
6,009,201;1;5;1;80;13;;;;2;;;;2;;;.;;;;2;;1;11;;13;448.22361645
6,009,203;1;3;1;80;13;;;;2;;;;2;;;.;2;2;;2;;1;11;;13;588.49416201
6,009,203;1;4;1;80;13;;;;2;;;;2;;;.;;;;2;;1;11;;13;588.49416201
6,009,204;1;1;1;80;13;;;;1;6;;2;;;8;;2;2;;2;;1;11;4;13;317.55146305
6,009,205;1;1;1;80;13;;;;1;5;;2;;;10;;3;3;;2;;1;11;4;13;332.77328527
6,009,205;1;3;1;80;13;;;;2;;;;2;;;.;2;2;;2;;1;11;;13;332.77328527
6,009,208;1;5;1;80;13;1;48;908,526;1;1;;1;;2;5;;2;2;;2;;1;11;2;13;640.87632505
6,009,209;1;2;1;80;13;2;;908,526;2;;;;2;;;.;2;2;;2;;1;11;;13;486.23669831
6,009,209;1;3;1;80;13;;;;2;;;;2;;;.;2;2;;2;;1;11;;13;486.23669831
6,009,212;1;3;1;80;13;;;;2;;;;2;;;.;2;2;;2;;1;11;;13;541.41964266
6,009,213;1;1;1;80;13;;;;1;5;;2;;;11;;3;3;;2;;1;11;4;13;514.3634751
6,009,213;1;2;1;80;13;;;;2;;;;2;;;.;2;2;;2;;1;11;;13;514.3634751
6,009,213;1;5;1;80;13;;;;2;;;;2;;;.;2;2;;2;;1;11;;13;514.3634751
6,009,214;1;2;1;80;13;;;;1;7;;2;;;12;EDAD;2;2;;2;;1;11;3;13;336.57665132
6,009,214;1;3;1;80;13;;;;2;;;;2;;;.;2;2;;2;;1;11;;13;336.57665132
6,009,215;1;1;1;80;13;;;;1;9;EDAD;2;;;8;;2;2;;2;;1;11;4;13;532.03248405
6,009,215;1;5;1;80;13;;;;2;;;;2;;;.;;;;2;;1;11;;13;532.03248405
6,009,215;1;6;1;80;13;;;;2;;;;2;;;.;2;2;;2;;1;11;;13;532.03248405
6,009,215;1;7;1;80;13;;;;2;;;;2;;;.;;;;2;;1;11;;13;532.03248405
6,009,216;1;1;1;80;13;;;;1;5;;2;;;10;;3;3;;2;;1;11;4;13;370.40481157
6,009,216;1;2;1;80;13;;;;1;5;;2;;;10;;3;3;;2;;1;11;3;13;370.40481157
6,009,217;1;1;1;80;13;;;;1;5;;2;;;10;;3;3;;2;;1;11;4;13;340.33022275
6,009,217;1;2;1;80;13;;;;2;;;;2;;;.;2;2;;2;;1;11;;13;340.33022275
6,009,218;1;3;1;80;13;;;;2;;;;2;;;.;2;2;;2;;1;11;;13;329.01971385
6,009,219;1;1;1;80;13;;;;1;3;;2;;;8;;2;2;;2;;1;11;4;13;434.79186434
6,009,221;1;1;1;80;13;;;;1;6;;2;;;8;;2;2;;2;;1;11;3;13;319.78741622
6,009,221;1;3;1;80;13;;;;1;4;;2;;;4;;1;2;;2;;1;11;4;13;319.78741622
6,009,222;1;1;1;80;13;;;;1;3;;2;;;9;;2;2;;2;;1;11;3;13;403.08494731
6,009,222;1;3;1;80;13;;;;2;;;;2;;;.;2;2;;2;;1;11;;13;403.08494731
6,009,222;1;4;1;80;13;;;;2;;;;2;;;.;2;2;;2;;1;11;;13;403.08494731
6,009,222;1;5;1;80;13;;;;2;;;;2;;;.;2;2;;2;;1;11;;13;403.08494731
6,009,224;1;1;1;80;13;;;;1;5;;2;;;8;;3;3;;2;;1;11;4;13;429.45891823
6,009,224;1;2;1;80;13;;;;1;3;;2;;;8;;2;2;;2;;1;11;4;13;429.45891823
6,009,224;1;4;1;80;13;;;;2;;;;2;;;.;2;2;;2;;1;11;;13;429.45891823
6,009,224;1;5;1;80;13;;;;2;;;;2;;;.;2;2;;2;;1;11;;13;429.45891823
6,009,225;1;1;1;80;13;;;;1;4;;2;;;8;;2;2;;2;;1;11;4;13;325.10840052
6,009,225;1;2;1;80;13;;;;1;3;;2;;;8;;2;2;;2;;1;11;4;13;325.10840052
6,009,226;1;2;1;80;13;;;;1;9;POR SEGURIDAD POR COVID 19;2;;;1;;2;2;;2;;1;11;2;13;325.10840052
6,009,227;1;2;1;80;13;2;;908,526;1;3;;2;;;9;;2;2;;2;;1;11;2;13;478.82266
6,009,228;1;3;1;80;13;;;;2;;;;2;;;.;2;2;;2;;1;11;;13;525.89717936
6,009,230;1;4;1;80;13;;;;2;;;;2;;;.;2;2;;2;;1;11;;13;344.24153608
6,009,231;1;2;1;80;13;;;;1;3;;2;;;1;;2;2;;2;;1;11;3;13;544.96251865
6,009,232;1;2;1;80;13;;;;2;;;;2;;;.;2;2;;2;;1;11;;13;486.07895641
6,009,232;1;3;1;80;13;;;;2;;;;2;;;.;2;2;;2;;1;11;;13;486.07895641
6,009,234;1;1;1;80;13;1;40;600,000;1;4;;2;;;4;;2;2;;2;;1;11;1.4;13;353.61673288
6,009,234;1;2;1;80;13;1;40;700,000;1;7;;2;;;1;;2;2;;2;;1;11;2;13;353.61673288
6,009,237;1;3;1;80;13;;;;2;;;;2;;;.;;;;2;;1;11;;13;541.87864394
6,009,252;1;2;1;80;13;1;48;908,526;2;;;;2;;;.;2;2;;2;;1;11;;13;594.11578739
6,009,254;1;2;1;80;13;;;;2;;;;2;;;.;2;2;;2;;1;11;;13;511.13435841
6,009,256;1;3;1;80;13;;;;2;;;;2;;;.;;;;2;;1;11;;13;540.90830615
6,009,257;1;1;1;80;13;;;;1;4;;2;;;4;;2;2;;2;;1;11;4;13;325.10840052
6,009,257;1;2;1;80;13;;;;2;;;;2;;;.;2;2;;2;;1;11;;13;325.10840052
6,009,258;1;1;1;80;13;;;;2;;;;2;;;.;2;2;;2;;1;11;;13;626.28404851
6,009,258;1;4;1;80;13;;;;2;;;;2;;;.;2;2;;2;;1;11;;13;626.28404851
6,009,258;1;5;1;80;13;;;;2;;;;2;;;.;;;;2;;1;11;;13;626.28404851
6,009,259;1;3;1;80;13;;;;2;;;;2;;;.;;;;2;;1;11;;13;592.03703801
6,009,260;1;2;1;80;13;2;;908,526;1;4;;2;;;4;;2;2;;2;;1;11;3;13;382.38439887
6,009,260;1;4;1;80;13;;;;2;;;;2;;;.;2;2;;2;;1;11;;13;382.38439887
6,009,262;1;3;1;80;13;;;;2;;;;2;;;.;2;2;;2;;1;11;;13;474.7684475
6,009,266;1;2;1;80;13;;;;2;;;;2;;;.;2;2;;2;;1;11;;13;639.87119972
6,009,266;1;3;1;80;13;;;;2;;;;2;;;.;2;2;;2;;1;11;;13;639.87119972
6,009,267;1;3;1;80;13;;;;2;;;;2;;;.;;;;2;;1;11;;13;380.1484457
6,009,270;1;1;1;80;13;;;;1;5;;2;;;10;;3;3;;2;;1;11;3;13;314.46643191
6,009,270;1;2;1;80;13;;;;1;3;;2;;;8;;2;2;;2;;1;11;4;13;314.46643191
6,009,271;1;1;1;80;13;1;40;908,526;1;6;;2;;;8;;2;2;;2;;1;11;3;13;319.48677514
6,009,271;1;2;1;80;13;;;;1;6;;2;;;11;;2;2;;2;;1;11;4;13;319.48677514
6,009,272;1;4;1;80;13;;;;1;5;;2;;;10;;3;3;;2;;1;11;4;13;425.41666754
6,009,273;1;1;1;80;13;;;;1;3;;2;;;9;;2;2;;2;;1;11;4;13;473.20103463
6,009,274;1;1;1;80;13;;;;1;5;;2;;;10;;3;3;;2;;1;11;4;13;450.31432764
6,009,276;1;1;1;80;13;;;;1;5;;2;;;10;;3;3;;2;;1;11;4;13;327.04371262
6,009,276;1;2;1;80;13;;;;2;;;;2;;;.;2;2;;2;;1;11;;13;327.04371262
6,009,276;1;3;1;80;13;;;;1;5;;2;;;10;;3;3;;2;;1;11;1.4;13;327.04371262
6,009,278;1;1;1;80;13;;;;1;5;;2;;;10;;3;3;;2;;1;11;4;13;340.33022275
6,009,278;1;2;1;80;13;;;;1;5;;2;;;10;;3;3;;2;;1;11;1.4;13;340.33022275
6,009,279;1;1;1;80;13;2;;900,000;1;7;;2;;;4;;2;2;;2;;1;11;2;13;340.33022275
6,009,280;1;1;1;80;13;2;;500,000;1;1;;2;;;9;;2;2;;2;;1;11;2;13;595.03263353
6,009,280;1;4;1;80;13;1;48;908,526;1;9;EMBARAZO;2;;;9;;2;2;;2;;1;11;2;13;595.03263353
6,009,282;1;2;1;80;13;;;;1;5;;2;;;8;;2;2;;2;;1;11;4;13;404.65182207
6,009,282;1;4;1;80;13;;;;2;;;;2;;;.;2;2;;2;;1;11;;13;404.65182207
6,009,282;1;6;1;80;13;;;;1;5;;2;;;8;;2;2;;2;;1;11;4;13;404.65182207
6,009,283;1;3;1;80;13;;;;2;;;;2;;;.;2;2;;2;;1;11;;13;607.04816481
6,009,284;1;2;1;80;13;;;;1;5;;2;;;9;;2;2;;2;;1;11;3;13;490.2909108
6,009,284;1;3;1;80;13;;;;2;;;;2;;;.;;;;2;;1;11;;13;490.2909108
6,009,285;1;2;1;80;13;;;;2;;;;2;;;.;;;;2;;1;11;;13;593.76165468
6,009,286;1;1;1;80;13;2;;900,000;1;1;;2;;;9;;2;2;;2;;1;11;2;13;234.46091104
6,009,286;1;3;1;80;13;;;;2;;;;2;;;.;2;2;;2;;1;11;;13;234.46091104
6,009,289;1;1;1;80;13;;;;1;3;;2;;;8;;2;2;;2;;1;11;3;13;371.07450828
6,009,289;1;4;1;80;13;;;;1;4;;2;;;8;;2;2;;2;;1;11;3;13;371.07450828
6,009,290;1;1;1;80;13;;;;1;9;POR LA EDAD;2;;;8;;2;2;;2;;1;11;4;13;501.30077863
6,009,291;1;5;1;80;13;;;;1;5;;2;;;10;;3;3;;2;;1;11;4;13;298.64332754
6,009,292;1;1;1;80;13;;;;1;5;;2;;;10;;3;3;;2;;1;11;4;13;465.52418806
6,009,292;1;4;1;80;13;;;;2;;;;2;;;.;2;2;;2;;1;11;;13;465.52418806
6,009,292;1;5;1;80;13;;;;2;;;;2;;;.;2;2;;2;;1;11;;13;465.52418806
6,009,293;1;1;1;80;13;;;;2;;;;2;;;.;2;2;;2;;1;11;;13;450.01368657
6,009,294;1;3;1;80;13;;;;2;;;;2;;;.;2;2;;2;;1;11;;13;525.89717936
6,009,295;1;1;1;80;13;;;;1;5;;2;;;11;;3;3;;2;;1;11;4;13;338.39491065
6,009,297;1;1;1;80;13;;;;1;3;;2;;;11;;2;2;;2;;1;11;4;13;455.63531195
6,009,299;1;1;1;80;13;;;;1;5;;2;;;10;;3;3;;2;;1;11;4;13;325.10840052
6,009,299;1;2;1;80;13;;;;1;3;;2;;;9;;2;2;;2;;1;11;4;13;325.10840052
6,009,301;1;1;1;80;13;;;;1;5;;2;;;8;;2;2;;2;;1;11;4;13;402.92720541
6,009,301;1;2;1;80;13;;;;1;5;;2;;;8;;2;2;;2;;1;11;4;13;402.92720541
6,009,301;1;4;1;80;13;;;;2;;;;2;;;.;2;2;;2;;1;11;;13;402.92720541
6,009,302;1;1;1;80;13;;;;1;5;;2;;;10;;3;3;;2;;1;11;4;13;380.30564949
6,009,302;1;2;1;80;13;;;;1;5;;2;;;10;;3;3;;2;;1;11;4;13;380.30564949
6,009,303;1;1;1;80;13;;;;1;9;POR LA EDAD;2;;;8;;2;2;;2;;1;11;4;13;397.30558003
6,009,303;1;5;1;80;13;;;;1;8;;2;;;4;;2;2;;2;;1;11;2;13;397.30558003
6,009,305;1;3;1;80;13;;;;2;;;;2;;;.;2;2;;2;;1;11;;13;234.46091104
6,009,307;1;3;1;80;13;;;;2;;;;2;;;.;;;;2;;1;11;;13;607.04816481
6,009,308;1;3;1;80;13;;;;2;;;;2;;;.;2;2;;2;;1;11;;13;336.57665132
6,009,309;1;5;1;80;13;;;;2;;;;2;;;.;2;2;;2;;1;11;;13;385.99507113
6,009,309;1;6;1;80;13;;;;2;;;;2;;;.;2;2;;2;;1;11;;13;385.99507113
6,009,311;1;2;1;80;13;;;;1;4;;2;;;4;;2;2;;2;;1;11;3;13;592.03703801
6,009,311;1;3;1;80;13;;;;2;;;;2;;;.;;;;2;;1;11;;13;592.03703801
6,009,314;1;3;1;80;13;;;;2;;;;2;;;.;;;;2;;1;11;;13;592.03703801
6,009,386;1;2;1;80;17;;;;1;3;;2;;;9;;2;2;;2;;1;11;1.4;17;288.98434345
6,009,387;1;1;1;80;17;;;;2;;;;2;;;.;2;2;;2;;1;11;;17;199.03286623
6,009,389;1;1;1;80;17;;;;1;1;;2;;;3;;2;2;;2;;1;11;4;17;166.59215216
6,009,390;1;2;1;80;17;;;;2;;;;2;;;.;2;2;;2;;1;11;;17;157.93634345
6,009,391;1;1;1;80;17;;;;2;;;;2;;;.;2;2;;2;;1;11;;17;190.37705753
6,009,391;1;2;1;80;17;;;;1;3;;2;;;9;;1;1;1;2;;1;11;4;17;190.37705753
6,009,398;1;1;1;80;17;;;;1;8;;2;;;9;;1;2;;2;;1;11;3;17;234.0278153
6,009,399;1;1;1;80;17;;;;1;4;;2;;;8;;2;2;;2;;1;11;1.2;17;199.03286623
6,009,400;1;1;1;80;17;;;;1;5;;2;;;10;;3;3;;2;;1;11;4;17;116.99509452
6,009,400;1;3;1;80;17;;;;1;5;;2;;;10;;3;3;;2;;1;11;4;17;116.99509452
6,009,400;1;4;1;80;17;;;;2;;;;2;;;.;2;2;;2;;1;11;;17;116.99509452
6,009,402;1;1;1;80;17;;;;1;5;;2;;;10;;3;3;;2;;1;11;4;17;109.93508702
6,009,403;1;1;1;80;17;;;;1;5;;2;;;10;;3;3;;2;;1;11;4;17;172.07591296
6,009,403;1;2;1;80;17;;;;2;;;;2;;;.;2;2;;2;;1;11;;17;172.07591296
6,009,405;1;3;1;80;17;;;;2;;;;2;;;.;2;2;;2;;1;11;;17;208.2774972
6,009,405;1;4;1;80;17;;;;2;;;;2;;;.;2;2;;2;;1;11;;17;208.2774972
6,009,406;1;2;1;80;17;;;;2;;;;2;;;.;2;2;;2;;1;11;;17;200.3636819
6,009,406;1;3;1;80;17;;;;2;;;;2;;;.;2;2;;2;;1;11;;17;200.3636819
6,009,407;1;3;1;80;17;;;;2;;;;2;;;.;2;2;;2;;1;11;;17;197.45661954
6,009,408;1;1;1;80;17;;;;1;5;;2;;;10;;3;3;;2;;1;11;4;17;166.59215216
6,009,409;1;2;1;80;17;;;;1;3;;2;;;9;;2;2;;2;;1;11;4;17;145.1275896
6,009,409;1;3;1;80;17;;;;2;;;;2;;;.;2;2;;2;;1;11;;17;145.1275896
6,009,410;1;2;1;80;17;;;;1;3;;2;;;9;;2;2;;2;;1;11;4;17;157.93634345
6,009,411;1;1;1;80;17;;;;2;;;;2;;;.;2;2;;2;;1;11;;17;207.07086203
6,009,411;1;2;1;80;17;;;;1;8;;2;;;8;;2;2;;2;;1;11;4;17;207.07086203
6,009,412;1;1;1;80;17;;;;1;5;;2;;;10;;3;3;;2;;1;11;4;17;198.29087283
6,009,412;1;2;1;80;17;;;;1;1;;2;;;8;;2;2;;2;;1;11;4;17;198.29087283
6,009,412;1;3;1;80;17;;;;2;;;;2;;;.;2;2;;2;;1;11;;17;198.29087283
6,009,414;1;2;1;80;17;;;;2;;;;2;;;.;2;2;;2;;1;11;;17;194.13792769
6,009,414;1;3;1;80;17;;;;2;;;;2;;;.;2;2;;2;;1;11;;17;194.13792769
6,009,415;1;2;1;80;17;;;;2;;;;2;;;.;2;2;;2;;1;11;;17;189.54280423
6,009,418;1;1;1;80;17;;;;1;5;;2;;;10;;3;3;;2;;1;11;4;17;199.03286623
6,009,419;1;1;1;80;17;;;;1;5;;2;;;10;;3;3;;2;;1;11;4;17;239.35630225
6,009,419;1;2;1;80;17;;;;1;6;;2;;;11;;2;2;;2;;1;11;4;17;239.35630225
6,009,425;1;2;1;80;17;;;;2;;;;2;;;.;2;2;;2;;1;11;;17;144.3855962
6,009,425;1;3;1;80;17;;;;2;;;;2;;;.;2;2;;2;;1;11;;17;144.3855962
6,009,425;1;4;1;80;17;;;;2;;;;2;;;.;2;2;;2;;1;11;;17;144.3855962
6,009,425;1;5;1;80;17;;;;1;5;;2;;;10;;3;3;;2;;1;11;4;17;144.3855962
6,009,428;1;1;1;80;17;;;;1;5;;2;;;8;;2;3;;2;;1;11;3;17;116.83982067
6,009,428;1;2;1;80;17;;;;1;5;;2;;;10;;3;3;;2;;1;11;4;17;116.83982067
6,009,428;1;3;1;80;17;;;;1;4;;2;;;4;;2;2;;2;;1;11;3;17;116.83982067
6,009,430;1;1;1;80;17;;;;1;5;;2;;;10;;3;3;;2;;1;11;4;17;157.93634345
6,009,430;1;2;1;80;17;;;;1;3;;2;;;9;;2;2;;2;;1;11;4;17;157.93634345
6,009,431;1;1;1;80;17;;;;1;5;;2;;;10;;3;3;;2;;1;11;4;17;157.93634345
6,009,431;1;2;1;80;17;;;;1;5;;2;;;10;;3;3;;2;;1;11;4;17;157.93634345
6,009,432;1;1;1;80;17;;;;1;5;;2;;;10;;3;3;;2;;1;11;4;17;221.08625105
6,009,432;1;3;1;80;17;;;;2;;;;2;;;.;;;;2;;1;11;;17;221.08625105
6,009,433;1;2;1;80;17;;;;1;5;;2;;;10;;3;3;;2;;1;11;1.3;17;173.76397406
6,009,433;1;3;1;80;17;;;;2;;;;2;;;.;2;2;;2;;1;11;;17;173.76397406
6,009,433;1;4;1;80;17;;;;2;;;;2;;;.;2;2;;2;;1;11;;17;173.76397406
6,009,435;1;2;1;80;17;;;;1;8;;2;;;9;;2;2;;2;;1;11;4;17;189.54280423
6,009,436;1;1;1;80;17;;;;1;2;;2;;;2;;2;2;;2;;1;11;2;17;223.51630555
6,009,436;1;2;1;80;17;;;;1;2;;2;;;2;;2;2;;2;;1;11;2;17;223.51630555
6,009,441;1;1;1;80;17;;;;1;8;;2;;;10;;3;3;;2;;1;11;4;17;181.72124882
6,009,441;1;2;1;80;17;;;;2;;;;2;;;.;2;2;;2;;1;11;;17;181.72124882
6,009,441;1;3;1;80;17;;;;1;4;;2;;;4;;2;2;;2;;1;11;4;17;181.72124882
6,009,442;1;2;1;80;17;;;;2;;;;2;;;.;2;2;;2;;1;11;;17;183.31705002
6,009,445;1;1;1;80;17;;;;1;5;;2;;;10;;3;3;;2;;1;11;4;17;166.74742601
6,009,445;1;2;1;80;17;;;;2;;;;2;;;.;2;2;;2;;1;11;;17;166.74742601
6,009,446;1;1;1;80;17;;;;1;5;;2;;;10;;3;3;;2;;1;11;3;17;157.93634345
6,009,446;1;2;1;80;17;;;;1;4;;2;;;11;;2;2;;2;;1;11;4;17;157.93634345
6,009,447;1;2;1;80;17;;;;1;7;;2;;;9;;2;2;;2;;1;11;4;17;248.78508792
6,009,448;1;4;1;80;17;;;;2;;;;2;;;.;2;2;;2;;1;11;;17;156.36009675
6,009,449;1;1;1;80;17;;;;2;;;;2;;;.;2;2;;2;;1;11;;17;189.54280423
6,009,449;1;2;1;80;17;;;;2;;;;2;;;.;2;2;;2;;1;11;;17;189.54280423
6,009,450;1;1;1;80;17;;;;2;;;;2;;;.;2;2;;2;;1;11;;17;160.10141241
6,009,450;1;2;1;80;17;;;;1;4;;2;;;8;;2;2;;2;;1;11;4;17;160.10141241
6,009,450;1;3;1;80;17;;;;1;8;;2;;;8;;2;2;;2;;1;11;4;17;160.10141241
6,009,450;1;4;1;80;17;;;;2;;;;2;;;.;;;;2;;1;11;;17;160.10141241
6,009,451;1;1;1;80;17;;;;1;3;;2;;;4;;2;2;;2;;1;11;4;17;157.93634345
6,009,451;1;2;1;80;17;;;;1;4;;2;;;4;;2;2;;2;;1;11;4;17;157.93634345
6,009,453;1;1;1;80;17;;;;1;4;;2;;;4;;2;2;;2;;1;11;3;17;157.93634345
6,009,454;1;1;1;80;17;;;;2;;;;2;;;.;2;2;;2;;1;11;;17;157.93634345
6,009,454;1;2;1;80;17;;;;2;;;;2;;;.;2;2;;2;;1;11;;17;157.93634345
6,009,455;1;2;1;80;17;;;;2;;;;2;;;.;2;2;;2;;1;11;;17;267.64407118
6,009,455;1;3;1;80;17;;;;2;;;;2;;;.;2;2;;2;;1;11;;17;267.64407118
6,009,460;1;2;1;80;17;;;;1;4;;2;;;4;;2;2;;2;;1;11;4;17;189.54280423
6,009,461;1;1;1;80;17;;;;1;5;;2;;;10;;3;3;;2;;1;11;4;17;172.07591296
6,009,461;1;2;1;80;17;;;;2;;;;2;;;.;2;2;;2;;1;11;;17;172.07591296
6,009,462;1;1;1;80;17;;;;2;;;;2;;;.;2;2;;2;;1;11;;17;157.93634345
6,009,462;1;2;1;80;17;;;;1;4;;2;;;4;;2;2;;2;;1;11;4;17;157.93634345
6,009,463;1;1;1;80;17;;;;2;;;;2;;;.;2;2;;2;;1;11;;17;199.03286623
6,009,464;1;1;1;80;17;2;;908,526;1;1;;2;;;8;;2;2;;2;;1;11;4;17;134.30671193
6,009,465;1;2;1;80;17;;;;1;3;;2;;;9;;1;2;;2;;1;11;4;17;186.21548248
6,009,466;1;1;1;80;17;;;;1;5;;2;;;10;;3;3;;2;;1;11;4;17;207.07086203
6,009,466;1;2;1;80;17;;;;2;;;;2;;;.;2;2;;2;;1;11;;17;207.07086203
6,009,467;1;1;1;80;17;;;;1;4;;2;;;4;;2;2;;2;;1;11;4;17;241.04436335
6,009,467;1;3;1;80;17;;;;2;;;;2;;;.;2;2;;2;;1;11;;17;241.04436335
6,009,467;1;5;1;80;17;;;;1;4;;2;;;4;;2;2;;2;;1;11;2;17;241.04436335
6,009,468;1;1;1;80;17;;;;1;3;;2;;;9;;2;2;;2;;1;11;4;17;157.93634345
6,009,468;1;2;1;80;17;;;;1;1;;2;;;8;;2;2;;2;;1;11;4;17;157.93634345
6,009,469;1;2;1;80;17;;;;2;;;;2;;;.;2;2;;2;;1;11;;17;172.07591296
6,009,470;1;2;1;80;17;;;;1;6;;2;;;9;;2;2;;2;;1;11;4;17;200.35505199
6,009,470;1;4;1;80;17;;;;2;;;;2;;;.;2;2;;2;;1;11;;17;200.35505199
6,009,472;1;1;1;80;17;;;;1;3;;2;;;9;;2;2;;2;;1;11;4;17;226.5475484
6,009,472;1;3;1;80;17;;;;1;4;;2;;;4;;2;2;;2;;1;11;3;17;226.5475484
6,009,473;1;1;1;80;17;;;;1;3;;2;;;6;;2;2;;2;;1;11;2;17;200.3636819
6,009,474;1;2;1;80;17;;;;1;3;;2;;;9;;2;2;;2;;1;11;2;17;175.40312491
6,009,475;1;1;1;80;17;;;;1;3;;2;;;9;;2;2;;2;;1;11;4;17;149.28053475
6,009,475;1;2;1;80;17;;;;2;;;;2;;;.;2;2;;2;;1;11;;17;149.28053475
6,009,475;1;3;1;80;17;;;;1;4;;2;;;4;;2;2;;2;;1;11;4;17;149.28053475
6,009,476;1;1;1;80;17;;;;1;3;;2;;;9;;1;2;;2;;1;11;4;17;166.74742601
6,009,477;1;1;1;80;17;;;;1;5;;2;;;10;;3;3;;2;;1;11;4;17;157.93634345
6,009,477;1;2;1;80;17;;;;2;;;;2;;;.;2;2;;2;;1;11;;17;157.93634345
6,009,478;1;2;1;80;17;;;;1;5;;2;;;10;;3;3;;2;;1;11;4;17;168.75722112
6,009,478;1;3;1;80;17;;;;2;;;;2;;;.;2;2;;2;;1;11;;17;168.75722112
6,009,481;1;2;1;80;17;;;;2;;;;2;;;.;2;2;;2;;1;11;;17;200.3636819
6,009,481;1;3;1;80;17;;;;2;;;;2;;;.;;;;2;;1;11;;17;200.3636819
6,009,482;1;2;1;80;17;;;;1;4;;2;;;4;;2;2;;2;;1;11;4;17;157.93634345
6,009,484;1;1;1;80;17;;;;1;4;;2;;;4;;2;2;;2;;1;11;4;17;125.65090323
6,009,484;1;2;1;80;17;;;;2;;;;2;;;.;2;2;;2;;1;11;;17;125.65090323
6,009,484;1;3;1;80;17;;;;2;;;;2;;;.;2;2;;2;;1;11;;17;125.65090323
6,009,487;1;3;1;80;17;;;;2;;;;2;;;.;2;2;;2;;1;11;;17;156.36009675
6,009,487;1;4;1;80;17;;;;1;4;;2;;;4;;2;2;;2;;1;11;4;17;156.36009675
6,009,489;1;2;1;80;17;;;;2;;;;2;;;.;;;;2;;1;11;;17;258.51125462
6,009,489;1;3;1;80;17;1;48;908,526;1;6;;2;;;9;;2;2;;2;;1;11;1.4;17;258.51125462
6,009,490;1;1;1;80;17;;;;1;5;;2;;;10;;3;3;;2;;1;11;4;17;168.75722112
6,009,490;1;2;1;80;17;;;;2;;;;2;;;.;2;2;;2;;1;11;;17;168.75722112
6,009,491;1;1;1;80;17;;;;2;;;;2;;;.;2;2;;2;;1;11;;17;183.59650437
6,009,491;1;3;1;80;17;;;;2;;;;2;;;.;2;2;;2;;1;11;;17;183.59650437
6,009,492;1;1;1;80;17;;;;2;;;;2;;;.;2;2;;2;;1;11;;17;225.21673274
6,009,494;1;1;1;80;17;;;;1;5;;2;;;10;;3;3;;2;;1;11;4;17;193.54899562
6,009,494;1;2;1;80;17;;;;2;;;;2;;;.;2;2;;2;;1;11;;17;193.54899562
6,009,495;1;1;1;80;17;;;;2;;;;2;;;.;2;2;;2;;1;11;;17;199.03286623
6,009,498;1;1;1;80;17;;;;2;;;;2;;;.;2;2;;2;;1;11;;17;103.84433747
6,009,498;1;2;1;80;17;;;;1;4;;2;;;4;;2;2;;2;;1;11;4;17;103.84433747
6,009,498;1;3;1;80;17;;;;1;1;;2;;;8;;2;2;;2;;1;11;4;17;103.84433747
6,009,498;1;4;1;80;17;;;;1;1;;2;;;4;;2;2;;2;;1;11;4;17;103.84433747
6,009,499;1;1;1;80;17;;;;2;;;;2;;;.;2;2;;2;;1;11;;17;203.68237374
6,009,499;1;2;1;80;17;;;;2;;;;2;;;.;2;2;;2;;1;11;;17;203.68237374
6,009,499;1;3;1;80;17;;;;2;;;;2;;;.;2;2;;2;;1;11;;17;203.68237374
6,009,500;1;1;1;80;17;;;;1;1;;2;;;8;;2;2;;2;;1;11;2;17;157.93634345
6,009,500;1;2;1;80;17;;;;1;5;;2;;;10;;3;3;;2;;1;11;4;17;157.93634345
6,009,502;1;1;1;80;17;;;;2;;;;2;;;.;2;2;;2;;1;11;;17;268.40841824
6,009,502;1;2;1;80;17;;;;1;5;;2;;;10;;3;3;;2;;1;11;3;17;268.40841824
6,009,502;1;4;1;80;17;;;;1;5;;2;;;10;;3;3;;2;;1;11;4;17;268.40841824
6,009,503;1;1;1;80;17;;;;1;4;;2;;;4;;2;2;;2;;1;11;3;17;172.07591296
6,009,503;1;2;1;80;17;;;;1;3;;2;;;9;;2;2;;2;;1;11;4;17;172.07591296
6,009,504;1;1;1;80;17;;;;1;3;;2;;;9;;2;2;;2;;1;11;4;17;186.21548248
6,009,504;1;2;1;80;17;;;;1;4;;2;;;4;;2;2;;2;;1;11;1.3;17;186.21548248
6,009,504;1;4;1;80;17;;;;1;4;;2;;;4;;2;2;;2;;1;11;4;17;186.21548248
6,009,505;1;1;1;80;17;;;;1;3;;2;;;9;;2;2;;2;;1;11;4;17;172.07591296
6,009,505;1;2;1;80;17;;;;1;5;;2;;;10;;3;3;;2;;1;11;4;17;172.07591296
6,009,505;1;3;1;80;17;1;48;908,526;1;7;;2;;;12;NO TIENE DINERO PARA INSTALAR UN NEGOCIO;2;2;;2;;1;11;2;17;172.07591296
6,009,506;1;1;1;80;17;;;;1;5;;2;;;10;;3;3;;2;;1;11;4;17;161.84385756
6,009,506;1;2;1;80;17;;;;2;;;;2;;;.;2;2;;2;;1;11;;17;161.84385756
6,009,506;2;2;2;80;17;;;;1;3;;2;;;9;;1;2;;2;;1;11;1.4;17;161.84385756
6,009,506;2;3;2;80;17;;;;2;;;;2;;;.;2;2;;2;;1;11;;17;161.84385756
6,009,510;1;3;1;80;17;;;;2;;;;2;;;.;2;2;;2;;1;11;;17;259.60596558
6,009,511;1;3;1;80;17;;;;2;;;;2;;;.;;;;2;;1;11;;17;200.3636819
6,009,512;1;2;1;80;17;;;;1;7;;2;;;9;;2;2;;2;;1;11;2;17;256.69890323
6,009,512;1;3;1;80;17;;;;2;;;;2;;;.;;;;2;;1;11;;17;256.69890323
6,009,513;1;1;1;80;17;;;;1;5;;2;;;10;;3;3;;2;;1;11;4;17;213.17243575
6,009,518;1;1;1;80;17;2;;908,526;1;3;;2;;;9;;2;2;;2;;1;11;4;17;172.07591296
6,009,518;1;2;1;80;17;;;;2;;;;2;;;.;2;2;;2;;1;11;;17;172.07591296
6,009,522;1;3;1;80;17;;;;2;;;;2;;;.;;;;2;;1;11;;17;258.51125462
6,009,523;1;1;1;80;17;;;;2;;;;2;;;.;2;2;;2;;1;11;;17;199.03286623
6,009,525;1;3;1;80;17;;;;2;;;;2;;;.;;;;2;;1;11;;17;194.13792769
6,009,529;1;1;1;80;17;;;;1;3;;2;;;4;;2;2;;2;;1;11;3;17;245.46639607
6,009,529;1;2;1;80;17;;;;2;;;;2;;;.;;;;2;;1;11;;17;245.46639607
6,009,530;1;1;1;80;17;;;;1;5;;2;;;10;;3;3;;2;;1;11;4;17;166.59215216
6,009,531;1;1;1;80;17;;;;1;7;;2;;;4;;2;2;;2;;1;11;2;17;175.40323472
6,009,532;1;1;1;80;17;;;;1;5;;2;;;10;;3;3;;2;;1;11;4;17;103.84433747
6,009,532;1;2;1;80;17;;;;2;;;;2;;;.;2;2;;2;;1;11;;17;103.84433747
6,009,532;1;3;1;80;17;;;;1;5;;2;;;10;;3;3;;2;;1;11;4;17;103.84433747
6,009,532;1;4;1;80;17;;;;1;7;;2;;;1;;2;2;;2;;1;11;4;17;103.84433747
6,009,532;1;5;1;80;17;;;;1;8;;2;;;11;;2;2;;2;;1;11;4;17;103.84433747
6,009,533;1;1;1;80;17;;;;2;;;;2;;;.;2;2;;2;;1;11;;17;174.66124132
6,009,533;1;3;1;80;17;;;;2;;;;2;;;.;2;2;;2;;1;11;;17;174.66124132
6,009,534;1;2;1;80;17;;;;2;;;;2;;;.;2;2;;2;;1;11;;17;125.65090323
6,009,537;1;2;1;80;17;;;;2;;;;2;;;.;2;2;;2;;1;11;;17;157.93634345
6,009,538;1;1;1;80;17;;;;1;4;;2;;;4;;2;2;;2;;1;11;3;17;157.93634345
6,009,538;1;2;1;80;17;;;;1;4;;2;;;4;;2;2;;2;;1;11;4;17;157.93634345
6,009,542;1;1;1;80;17;;;;1;5;;2;;;11;;3;3;;2;;1;11;4;17;213.17243575
6,009,543;1;2;1;80;17;2;;1,000,000;1;2;;2;;;2;;2;2;;2;;1;11;2;17;171.39693352
6,009,544;1;1;1;80;17;1;24;500,000;1;7;;2;;;9;;2;2;;2;;1;11;4;17;241.45157478
6,009,545;1;1;1;80;17;;;;1;5;;2;;;10;;3;3;;2;;1;11;4;17;157.93634345
6,009,545;1;2;1;80;17;;;;2;;;;2;;;.;2;2;;2;;1;11;;17;157.93634345
6,009,547;1;2;1;80;17;;;;1;1;;2;;;11;;2;2;;2;;1;11;2;17;186.21548248
6,009,549;1;2;1;80;17;;;;2;;;;2;;;.;2;2;;2;;1;11;;17;299.92951141
6,009,551;1;1;1;80;17;;;;2;;;;2;;;.;2;2;;2;;1;11;;17;199.03286623
6,009,553;1;1;1;80;17;;;;1;5;;2;;;10;;3;3;;2;;1;11;4;17;166.59215216
6,009,554;1;2;1;80;17;;;;1;5;;2;;;10;;3;3;;2;;1;11;4;17;184.89318692
6,009,555;1;1;1;80;17;;;;1;8;;2;;;1;;2;2;;2;;1;11;4;17;163.42010426
6,009,555;1;4;1;80;17;;;;2;;;;2;;;.;2;2;;2;;1;11;;17;163.42010426
6,009,556;1;1;1;80;17;;;;1;6;;2;;;8;;1;2;;2;;1;11;2;17;166.74742601
6,009,557;1;1;1;80;17;;;;1;3;;2;;;9;;2;2;;2;;1;11;4;17;180.88699553
6,009,560;1;1;1;80;17;;;;1;5;;2;;;10;;3;3;;2;;1;11;2;17;225.9897097
6,009,561;1;1;1;80;17;;;;1;5;;2;;;10;;3;3;;2;;1;11;4;17;175.40323472
6,009,562;1;2;1;80;17;;;;1;3;;2;;;9;;2;2;;2;;1;11;4;17;180.88699553
6,009,562;1;3;1;80;17;;;;1;5;;2;;;10;;3;3;;2;;1;11;4;17;180.88699553
6,009,564;1;2;1;80;17;;;;2;;;;2;;;.;2;2;;2;;1;11;;17;208.2774972
6,009,564;1;3;1;80;17;;;;2;;;;2;;;.;2;2;;2;;1;11;;17;208.2774972
6,009,564;1;4;1;80;17;;;;2;;;;2;;;.;;;;2;;1;11;;17;208.2774972
6,009,567;1;1;1;80;17;;;;1;5;;2;;;10;;3;3;;2;;1;11;4;17;250.95015688
6,009,567;1;2;1;80;17;;;;2;;;;2;;;.;2;2;;2;;1;11;;17;250.95015688
6,009,567;1;4;1;80;17;;;;2;;;;2;;;.;2;2;;2;;1;11;;17;250.95015688
6,009,568;1;1;1;80;17;;;;1;2;;2;;;2;;2;2;;2;;1;11;1.1;17;240.56293742
6,009,569;1;2;1;80;17;;;;1;3;;2;;;9;;2;2;;2;;1;11;4;17;383.2215762
6,009,572;1;1;1;80;17;;;;1;6;;2;;;1;;2;2;;2;;1;11;4;17;165.85015876
6,009,572;1;2;1;80;17;;;;1;4;;2;;;4;;2;2;;2;;1;11;2;17;165.85015876
6,009,573;1;1;1;80;17;;;;1;3;;2;;;9;;2;2;;2;;1;11;4;17;213.17243575
6,009,573;1;2;1;80;17;;;;1;8;;1;;4;1;;2;2;;2;;1;11;4;17;213.17243575
6,009,574;1;2;1;80;17;;;;2;;;;2;;;.;2;2;;2;;1;11;;17;256.82319352
6,009,575;1;2;1;80;17;;;;2;;;;2;;;.;;;;2;;1;11;;17;245.46639607
6,009,576;1;1;1;80;17;;;;1;5;;2;;;10;;3;3;;2;;1;11;4;17;134.30671193
6,009,577;1;3;1;80;17;;;;2;;;;2;;;.;2;2;;2;;1;11;;17;259.60596558
6,009,578;1;3;1;80;17;;;;2;;;;2;;;.;2;2;;2;;1;11;;17;177.56830368
6,009,580;1;2;1;80;17;;;;1;4;;2;;;4;;2;2;;2;;1;11;1.4;17;261.41831698
6,009,580;1;3;1;80;17;;;;2;;;;2;;;.;2;2;;2;;1;11;;17;261.41831698
6,009,583;1;2;1;80;17;;;;1;3;;2;;;9;;2;2;;2;;1;11;3;17;256.82319352
6,009,584;1;2;1;80;17;;;;1;4;;2;;;4;;2;2;;2;;1;11;4;17;189.54280423
6,009,585;1;2;1;80;17;;;;1;3;;2;;;9;;2;2;;2;;1;11;4;17;144.3855962
6,009,585;1;5;1;80;17;;;;2;;;;2;;;.;;;;2;;1;11;;17;144.3855962
6,009,586;1;3;1;80;17;;;;2;;;;2;;;.;2;2;;2;;1;11;;17;197.45661954
6,009,589;1;2;1;80;17;;;;2;;;;2;;;.;2;2;;2;;1;11;;17;183.31705002
6,009,591;1;1;1;80;17;;;;1;5;;2;;;10;;3;3;;2;;1;11;4;17;157.93634345
6,009,591;1;2;1;80;17;;;;2;;;;2;;;.;2;2;;2;;1;11;;17;157.93634345
6,009,592;1;1;1;80;17;;;;2;;;;2;;;.;2;2;;2;;1;11;;17;139.79047274
6,009,592;1;4;1;80;17;;;;1;4;;2;;;4;;2;2;;2;;1;11;4;17;139.79047274
6,009,594;1;1;1;80;17;;;;1;5;;2;;;10;;3;3;;2;;1;11;4;17;186.21548248
6,009,594;1;2;1;80;17;;;;1;3;;2;;;9;;2;2;;2;;1;11;4;17;186.21548248
6,009,596;1;1;1;80;17;;;;2;;;;2;;;.;2;2;;2;;1;11;;17;157.93634345
6,009,600;1;1;1;80;17;;;;2;;;;2;;;.;2;2;;2;;1;11;;17;234.64551841
6,009,602;1;1;1;80;17;;;;1;5;;2;;;10;;3;3;;2;;1;11;4;17;157.93634345
6,009,602;1;2;1;80;17;;;;2;;;;2;;;.;2;2;;2;;1;11;;17;157.93634345
6,009,603;1;2;1;80;17;;;;1;5;;2;;;10;;3;3;;2;;1;11;3;17;157.93634345
6,009,605;1;1;1;80;17;;;;1;5;;2;;;10;;3;3;;2;;1;11;4;17;213.17243575
6,009,607;1;1;1;80;17;;;;2;;;;2;;;.;2;2;;2;;1;11;;17;199.03286623
6,009,608;1;4;1;80;17;;;;2;;;;2;;;.;2;2;;2;;1;11;;17;165.17117931
6,009,609;1;1;1;80;17;;;;1;5;;2;;;10;;3;3;;2;;1;11;4;17;199.03286623
6,009,613;1;1;1;80;17;;;;1;5;;2;;;10;;3;3;;2;;1;11;4;17;166.59215216
6,009,614;1;2;1;80;17;;;;1;3;;2;;;11;;2;2;;2;;1;11;4;17;268.12549711
6,009,615;1;1;1;80;17;;;;2;;;;2;;;.;2;2;;2;;1;11;;17;174.66124132
6,009,615;1;2;1;80;17;;;;1;3;;2;;;5;;1;1;2;2;;1;11;4;17;174.66124132
6,009,615;1;3;1;80;17;;;;2;;;;2;;;.;2;2;;2;;1;11;;17;174.66124132
6,009,616;1;1;1;80;17;;;;2;;;;2;;;.;2;2;;2;;1;11;;17;299.3715629
6,009,617;1;5;1;80;17;;;;2;;;;2;;;.;2;2;;2;;1;11;;17;283.78003698
6,009,619;1;1;1;80;17;;;;1;4;;2;;;11;;2;2;;2;;1;11;4;17;172.07591296
6,009,619;1;2;1;80;17;;;;2;;;;2;;;.;2;2;;2;;1;11;;17;172.07591296
6,009,623;1;1;1;80;17;;;;1;4;;2;;;4;;2;2;;2;;1;11;4;17;180.88699553
6,009,626;1;1;1;80;17;;;;1;7;;2;;;8;;3;3;;2;;1;11;4;17;157.93634345
6,009,627;1;1;1;80;17;;;;1;5;;2;;;10;;3;3;;2;;1;11;4;17;142.22052724
6,009,627;1;3;1;80;17;;;;2;;;;2;;;.;2;2;;2;;1;11;;17;142.22052724
6,009,628;1;1;1;80;17;;;;1;3;;2;;;8;;2;2;;2;;1;11;4;17;157.93634345
6,009,628;1;2;1;80;17;;;;1;5;;2;;;10;;3;3;;2;;1;11;3;17;157.93634345
6,009,630;1;2;1;80;17;;;;2;;;;2;;;.;2;2;;2;;1;11;;17;151.0316098
6,009,630;1;3;1;80;17;;;;1;7;;2;;;5;;2;2;;2;;1;11;2;17;151.0316098
6,009,631;1;2;1;80;17;1;35;908,526;1;3;;2;;;9;;2;2;;2;;1;11;4;17;205.37043484
6,009,631;1;4;1;80;17;;;;2;;;;2;;;.;;;;2;;1;11;;17;205.37043484
6,009,632;1;1;1;80;17;;;;1;5;;2;;;10;;3;3;;2;;1;11;2;17;157.93634345
6,009,632;1;2;1;80;17;;;;2;;;;2;;;.;2;2;;2;;1;11;;17;157.93634345
6,009,634;1;1;1;80;17;;;;1;5;;2;;;10;;3;3;;2;;1;11;4;17;153.0414049
6,009,634;1;3;1;80;17;;;;2;;;;2;;;.;2;2;;2;;1;11;;17;153.0414049
6,009,634;1;4;1;80;17;;;;2;;;;2;;;.;;;;2;;1;11;;17;153.0414049
6,009,635;1;3;1;80;17;;;;2;;;;2;;;.;;;;2;;1;11;;17;197.45661954
6,009,636;1;1;1;80;17;;;;2;;;;2;;;.;2;2;;2;;1;11;;17;153.93867216
6,009,636;1;3;1;80;17;;;;2;;;;2;;;.;2;2;;2;;1;11;;17;153.93867216
6,009,638;1;1;1;80;17;;;;1;5;;2;;;10;;3;3;;2;;1;11;4;17;142.22052724
6,009,638;1;2;1;80;17;;;;1;3;;2;;;9;;2;2;;2;;1;11;3;17;142.22052724
6,009,638;1;3;1;80;17;;;;2;;;;2;;;.;2;2;;2;;1;11;;17;142.22052724
6,009,639;1;1;1;80;17;;;;1;4;;2;;;4;;2;2;;2;;1;11;4;17;157.93634345
6,009,639;1;2;1;80;17;;;;2;;;;2;;;.;2;2;;2;;1;11;;17;157.93634345
6,009,641;1;2;1;80;17;;;;2;;;;2;;;.;2;2;;2;;1;11;;17;172.07591296
6,009,642;1;4;1;80;17;;;;2;;;;2;;;.;;;;2;;1;11;;17;211.18455956
6,009,643;1;3;1;80;17;;;;2;;;;2;;;.;;;;2;;1;11;;17;200.3636819
6,009,644;1;1;1;80;17;;;;1;3;;2;;;9;;2;2;;2;;1;11;4;17;199.03286623
6,009,645;1;1;1;80;17;;;;2;;;;2;;;.;2;2;;2;;1;11;;17;190.37705753
6,009,645;1;2;1;80;17;;;;2;;;;2;;;.;2;2;;2;;1;11;;17;190.37705753
6,009,646;1;2;1;80;17;;;;1;3;;2;;;9;;2;2;;2;;1;11;4;17;256.69890323
6,009,646;1;3;1;80;17;;;;2;;;;2;;;.;2;2;;2;;1;11;;17;256.69890323
6,009,647;1;1;1;80;17;;;;1;3;;2;;;9;;2;2;;2;;1;11;4;17;134.30671193
6,009,648;1;1;1;80;17;;;;2;;;;2;;;.;2;2;;2;;1;11;;17;199.03286623
6,009,649;1;1;1;80;17;;;;1;5;;2;;;10;;3;3;;2;;1;11;4;17;157.93634345
6,009,649;1;2;1;80;17;;;;2;;;;2;;;.;2;2;;2;;1;11;;17;157.93634345
6,009,650;1;1;1;80;17;;;;1;3;;2;;;9;;2;2;;2;;1;11;4;17;199.03286623
6,009,651;1;1;1;80;17;;;;1;5;;2;;;10;;3;3;;2;;1;11;3;17;159.26715911
6,009,651;1;4;1;80;17;;;;1;2;;2;;;2;;2;2;;2;;1;11;2;17;159.26715911
6,009,652;1;2;1;80;17;;;;1;3;;2;;;9;;2;2;;2;;1;11;4;17;268.86749051
6,009,653;1;1;1;80;17;;;;1;3;;2;;;11;;2;2;;2;;1;11;3;17;199.03275643
6,009,653;1;2;1;80;17;;;;2;;;;2;;;.;2;2;;2;;1;11;;17;199.03275643
6,009,655;1;3;1;80;17;;;;2;;;;2;;;.;2;2;;2;;1;11;;17;197.45661954
6,009,656;1;1;1;80;17;;;;1;5;;2;;;10;;3;3;;2;;1;11;4;17;157.93634345
6,009,656;1;2;1;80;17;;;;1;5;;2;;;10;;3;3;;2;;1;11;4;17;157.93634345
6,009,657;1;1;1;80;17;;;;1;5;;2;;;10;;3;3;;2;;1;11;3;17;157.93634345
6,009,657;1;2;1;80;17;;;;1;5;;2;;;10;;3;3;;2;;1;11;4;17;157.93634345
6,009,658;1;2;1;80;17;;;;2;;;;2;;;.;2;2;;2;;1;11;;17;209.8537439
6,009,660;1;3;1;80;17;;;;2;;;;2;;;.;2;2;;2;;1;11;;17;231.90712872
6,009,660;1;4;1;80;17;;;;2;;;;2;;;.;2;2;;2;;1;11;;17;231.90712872
6,009,663;1;2;1;80;17;;;;1;3;;2;;;8;;2;2;;2;;1;11;4;17;179.57809878
6,009,663;1;3;1;80;17;;;;2;;;;2;;;.;2;2;;2;;1;11;;17;179.57809878
6,009,663;1;4;1;80;17;;;;2;;;;2;;;.;2;2;;2;;1;11;;17;179.57809878
6,009,664;1;1;1;80;17;;;;1;5;;2;;;10;;3;3;;2;;1;11;4;17;172.07591296
6,009,664;1;2;1;80;17;;;;1;5;;2;;;10;;3;3;;2;;1;11;4;17;172.07591296
6,009,664;1;3;1;80;17;;;;1;5;;2;;;10;;3;3;;2;;1;11;4;17;172.07591296
6,009,665;1;2;1;80;17;;;;2;;;;2;;;.;2;2;;2;;1;11;;17;209.8537439
6,009,667;1;3;1;80;17;;;;2;;;;2;;;.;2;2;;2;;1;11;;17;155.94846726
6,009,667;1;4;1;80;17;;;;2;;;;2;;;.;2;2;;2;;1;11;;17;155.94846726
6,009,668;1;2;1;80;17;;;;1;4;;2;;;4;;1;1;1;2;;1;11;3;17;240.12927921
6,009,668;1;4;1;80;17;;;;1;6;;2;;;1;;2;2;;2;;1;11;3;17;240.12927921
6,009,669;1;3;1;80;17;;;;1;8;;2;;;8;;2;2;;2;;1;11;3;17;139.79047274
6,009,669;1;4;1;80;17;;;;1;4;;2;;;4;;2;2;;2;;1;11;4;17;139.79047274
6,009,671;1;1;1;80;17;;;;1;1;;2;;;3;;2;2;;2;;1;11;4;17;194.13792769
6,009,671;1;3;1;80;17;;;;2;;;;2;;;.;2;2;;2;;1;11;;17;194.13792769
6,009,672;1;1;1;80;17;;;;1;4;;2;;;4;;3;3;;2;;1;11;3;17;157.93634345
6,009,672;1;2;1;80;17;;;;1;4;;2;;;4;;1;2;;2;;1;11;4;17;157.93634345
6,009,673;1;3;1;80;17;;;;2;;;;2;;;.;2;2;;2;;1;11;;17;208.2774972
6,009,673;1;4;1;80;17;;;;1;2;;2;;;2;;2;2;;2;;1;11;1.2;17;208.2774972
6,009,674;1;1;1;80;17;;;;1;5;;2;;;10;;3;3;;2;;1;11;4;17;157.93634345
6,009,674;1;2;1;80;17;;;;2;;;;2;;;.;2;2;;2;;1;11;;17;157.93634345
6,009,675;1;1;1;80;17;;;;1;4;;2;;;4;;2;2;;2;;1;11;4;17;166.74742601
6,009,675;1;2;1;80;17;;;;1;8;;2;;;9;;2;2;;2;;1;11;4;17;166.74742601
6,009,676;1;1;1;80;17;;;;2;;;;2;;;.;2;2;;2;;1;11;;17;190.37705753
6,009,676;1;2;1;80;17;;;;2;;;;2;;;.;2;2;;2;;1;11;;17;190.37705753
6,009,677;1;2;1;80;17;;;;1;4;;2;;;4;;2;2;;2;;1;11;4;17;195.71406458
6,009,678;1;2;1;80;17;;;;2;;;;2;;;.;2;2;;2;;1;11;;17;125.65090323
6,009,680;1;1;1;80;17;;;;2;;;;2;;;.;2;2;;2;;1;11;;17;218.5095526
6,009,682;1;1;1;80;17;;;;1;4;;2;;;4;;2;2;;2;;1;11;4;17;207.07086203
6,009,682;1;3;1;80;17;;;;1;3;;2;;;9;;2;2;;2;;1;11;4;17;207.07086203
6,009,684;1;2;1;80;17;;;;2;;;;2;;;.;2;2;;2;;1;11;;17;208.2774972
6,009,684;1;4;1;80;17;;;;2;;;;2;;;.;2;2;;2;;1;11;;17;208.2774972
6,009,685;1;3;1;80;17;;;;2;;;;2;;;.;;;;2;;1;11;;17;200.3636819
6,009,686;1;2;1;80;17;;;;1;3;;2;;;9;;2;1;1;2;;1;11;1.2;17;324.10358281
6,009,688;1;3;1;80;17;;;;2;;;;2;;;.;2;2;;2;;1;11;;17;200.3636819
6,009,690;1;2;1;80;17;;;;2;;;;2;;;.;2;2;;2;;1;11;;17;232.64912212
6,009,692;1;1;1;80;17;;;;1;4;;2;;;4;;2;2;;2;;1;11;4;17;116.83982067
6,009,692;1;2;1;80;17;;;;1;5;;2;;;10;;3;3;;2;;1;11;4;17;116.83982067
6,009,692;1;3;1;80;17;;;;1;7;;2;;;8;;2;2;;2;;1;11;2;17;116.83982067
6,009,693;1;1;1;80;17;;;;2;;;;2;;;.;3;3;;2;;1;11;;17;199.03286623
6,009,695;1;1;1;80;17;;;;1;4;;2;;;4;;2;2;;2;;1;11;4;17;166.59215216
6,009,697;1;1;1;80;17;;;;2;;;;2;;;.;3;3;;2;;1;11;;17;199.03286623
6,009,698;1;2;1;80;17;;;;2;;;;2;;;.;2;2;;2;;1;11;;17;142.22052724
6,009,699;1;3;1;80;17;;;;2;;;;2;;;.;;;;2;;1;11;;17;219.09837487
6,009,700;1;6;1;80;17;;;600,000;2;;;;2;;;.;2;2;;2;;1;11;;17;310.55283556
6,009,704;1;1;1;80;17;;;;1;5;;2;;;10;;3;3;;2;;1;11;4;17;169.301661
6,009,704;1;2;1;80;17;;;;1;3;;2;;;9;;2;2;;2;;1;11;3;17;169.301661
6,009,705;1;1;1;80;17;;;;2;;;;2;;;.;2;2;;2;;1;11;;17;285.6656516
6,009,705;1;2;1;80;17;;;;2;;;;2;;;.;2;2;;2;;1;11;;17;285.6656516
6,009,710;1;5;1;80;17;;;;1;4;;2;;;4;;2;2;;2;;1;11;1.4;17;230.63921721
6,009,711;1;1;1;80;17;;;;1;7;;2;;;8;;2;2;;2;;1;11;4;17;199.03286623
6,009,712;1;1;1;80;17;;;;2;;;;2;;;.;2;2;;2;;1;11;;17;166.74742601
6,009,713;1;2;1;80;17;;;;1;7;;2;;;9;;2;2;;2;;1;11;2;17;232.03993911
6,009,713;1;5;1;80;17;1;48;908,526;1;6;;2;;;9;;2;2;;2;;1;11;3;17;232.03993911
6,009,714;1;1;1;80;17;;;;1;5;;2;;;10;;3;3;;2;;1;11;4;17;172.07591296
6,009,714;1;2;1;80;17;;;;2;;;;2;;;.;2;2;;2;;1;11;;17;172.07591296
6,009,715;1;1;1;80;17;;;;1;5;;2;;;10;;3;3;;2;;1;11;4;17;201.58710122
6,009,717;1;3;1;80;17;;;;2;;;;2;;;.;2;2;;2;;1;11;;17;172.07591296
6,009,718;1;1;1;80;17;;;;1;3;;2;;;9;;2;2;;2;;1;11;4;17;199.03286623
6,009,720;1;1;1;80;17;;;;2;;;;2;;;.;2;2;;2;;1;11;;17;195.86081834
6,009,720;1;2;1;80;17;;;;2;;;;2;;;.;2;2;;2;;1;11;;17;195.86081834
6,009,720;1;3;1;80;17;;;;2;;;;2;;;.;2;2;;2;;1;11;;17;195.86081834
6,009,720;1;4;1;80;17;;;;1;3;;2;;;9;;2;2;;2;;1;11;4;17;195.86081834
6,009,721;1;2;1;80;17;;;;1;3;;2;;;9;;2;2;;2;;1;11;4;17;202.52875085
6,009,721;1;3;1;80;17;;;;2;;;;2;;;.;2;2;;2;;1;11;;17;202.52875085
6,009,721;1;4;1;80;17;;;;2;;;;2;;;.;;;;2;;1;11;;17;202.52875085
6,009,722;1;1;1;80;17;;;;1;5;;2;;;10;;3;3;;2;;1;11;4;17;125.65090323
6,009,723;1;2;1;80;17;;;;2;;;;2;;;.;2;2;;2;;1;11;;17;188.80081083
6,009,723;1;3;1;80;17;;;;2;;;;2;;;.;;;;2;;1;11;;17;188.80081083
6,009,723;1;4;1;80;17;;;;1;3;;2;;;11;;2;2;;2;;1;11;1.3;17;188.80081083
6,009,724;1;1;1;80;17;;;;2;;;;2;;;.;2;2;;2;;1;11;;17;168.75722112
6,009,724;1;3;1;80;17;;;;2;;;;2;;;.;2;2;;2;;1;11;;17;168.75722112
6,009,725;1;4;1;80;17;;;;2;;;;2;;;.;;;;2;;1;11;;17;136.47178089
6,009,726;1;1;1;80;17;;;;2;;;;2;;;.;2;2;;2;;1;11;;17;197.04499005
6,009,726;1;2;1;80;17;;;;2;;;;2;;;.;2;2;;2;;1;11;;17;197.04499005
6,009,726;1;3;1;80;17;;;;2;;;;2;;;.;2;2;;2;;1;11;;17;197.04499005
6,009,727;1;1;1;80;17;;;;2;;;;2;;;.;2;2;;2;;1;11;;17;190.37705753
6,009,727;1;2;1;80;17;;;;2;;;;2;;;.;2;2;;2;;1;11;;17;190.37705753
6,009,729;1;3;1;80;17;;;;2;;;;2;;;.;;;;2;;1;11;;17;256.69890323
6,009,730;1;1;1;80;17;;;;1;5;;2;;;10;;3;3;;2;;1;11;4;17;157.93634345
6,009,730;1;2;1;80;17;;;;1;5;;2;;;10;;3;3;;2;;1;11;4;17;157.93634345
6,009,732;1;2;1;80;17;;;;2;;;;2;;;.;2;2;;2;;1;11;;17;157.93634345
6,009,736;1;2;1;80;17;;;;2;;;;2;;;.;2;2;;2;;1;11;;17;326.88635487
6,009,736;1;3;1;80;17;;;;2;;;;2;;;.;;;;2;;1;11;;17;326.88635487
6,009,737;1;2;1;80;17;;;;2;;;;2;;;.;2;2;;2;;1;11;;17;245.46639607
6,009,738;1;1;1;80;17;;;;1;4;;2;;;4;;3;3;;2;;1;11;4;17;238.13288293
6,009,738;1;2;1;80;17;;;;1;3;;2;;;9;;2;2;;2;;1;11;4;17;238.13288293
6,009,738;1;4;1;80;17;;;;1;2;;2;;;2;;2;2;;2;;1;11;1.3;17;238.13288293
6,009,739;1;3;1;80;17;;;;2;;;;2;;;.;2;2;;2;;1;11;;17;211.18455956
6,009,739;1;4;1;80;17;;;;2;;;;2;;;.;2;2;;2;;1;11;;17;211.18455956
6,009,741;1;2;1;80;17;;;;2;;;;2;;;.;2;2;;2;;1;11;;17;143.11779449
6,009,742;1;1;1;80;17;;;;1;5;;2;;;10;;3;3;;2;;1;11;4;17;166.59215216
6,009,744;1;1;1;80;17;;;;2;;;;2;;;.;2;2;;2;;1;11;;17;173.06544012
6,009,746;1;1;1;80;17;;;;1;4;;2;;;4;;2;2;;2;;1;11;4;17;157.93634345
6,009,746;1;2;1;80;17;;;;1;6;;2;;;8;;2;2;;2;;1;11;3;17;157.93634345
6,009,749;1;4;1;80;17;;;;2;;;;2;;;.;;;;2;;1;11;;17;147.29265856
6,009,749;1;5;1;80;17;;;;2;;;;2;;;.;;;;2;;1;11;;17;147.29265856
6,009,750;1;1;1;80;17;;;;1;5;;2;;;10;;3;3;;2;;1;11;3;17;199.03286623
6,009,753;1;1;1;80;17;;;;1;5;;2;;;10;;3;3;;2;;1;11;4;17;157.93634345
6,009,753;1;2;1;80;17;;;;1;3;;2;;;9;;2;2;;2;;1;11;4;17;157.93634345
6,009,755;1;1;1;80;17;;;;1;3;;2;;;9;;2;2;;2;;1;11;4;17;191.23086533
6,009,756;1;1;1;80;17;;;;1;5;;2;;;10;;3;3;;2;;1;11;4;17;134.30671193
6,009,758;1;3;1;80;17;;;;1;9;POR PANDEMIA;2;;;8;;2;2;;2;;1;11;2;17;191.70787319
6,009,758;1;4;1;80;17;;;;1;4;;2;;;4;;2;2;;2;;1;11;1.3;17;191.70787319
6,009,759;1;1;1;80;17;;;;1;5;;2;;;10;;3;3;;2;;1;11;4;17;157.93634345
6,009,759;1;2;1;80;17;;;;1;5;;2;;;10;;3;3;;2;;1;11;4;17;157.93634345
6,009,760;1;1;1;80;17;;;;1;5;;2;;;10;;3;3;;2;;1;11;4;17;186.21548248
6,009,760;1;2;1;80;17;;;;2;;;;2;;;.;2;2;;2;;1;11;;17;186.21548248
6,009,761;1;2;1;80;17;;;;1;3;;2;;;9;;2;2;;2;;1;11;4;17;157.93634345
6,009,762;1;2;1;80;17;;;;2;;;;2;;;.;2;2;;2;;1;11;;17;145.1275896
6,009,762;1;3;1;80;17;;;;2;;;;2;;;.;2;2;;2;;1;11;;17;145.1275896
6,009,763;1;1;1;80;17;;;;1;3;;2;;;9;;2;2;;2;;1;11;4;17;199.03286623
6,009,764;1;2;1;80;17;;;;2;;;;2;;;.;2;2;;2;;1;11;;17;205.37043484
6,009,766;1;2;1;80;17;;;;1;6;;2;;;9;;2;2;;2;;1;11;3;17;199.03275643
6,009,767;1;2;1;80;17;;;;1;1;;2;;;8;;2;2;;2;;1;11;4;17;180.73172167
6,009,768;1;3;1;80;17;;;;2;;;;2;;;.;2;2;;2;;1;11;;17;208.2774972
6,009,768;1;4;1;80;17;;;;2;;;;2;;;.;2;2;;2;;1;11;;17;208.2774972
6,009,770;1;2;1;80;17;;;;2;;;;2;;;.;2;2;;2;;1;11;;17;197.45661954
6,009,770;1;3;1;80;17;;;;2;;;;2;;;.;;;;2;;1;11;;17;197.45661954
6,009,771;1;2;1;80;17;;;;1;3;;2;;;9;;2;2;;2;;1;11;2;17;318.84824927
6,009,771;1;3;1;80;17;;;;2;;;;2;;;.;;;;2;;1;11;;17;318.84824927
6,009,772;1;1;1;80;17;;;;1;5;;2;;;10;;3;3;;2;;1;11;4;17;156.51537061
6,009,772;1;2;1;80;17;;;;2;;;;2;;;.;2;2;;2;;1;11;;17;156.51537061
6,009,772;1;3;1;80;17;;;;2;;;;2;;;.;2;2;;2;;1;11;;17;156.51537061
6,009,772;1;5;1;80;17;;;;2;;;;2;;;.;;;;2;;1;11;;17;156.51537061
6,009,773;1;1;1;80;17;;;;1;5;;2;;;10;;3;3;;2;;1;11;4;17;125.65090323
6,009,773;1;2;1;80;17;;;;2;;;;2;;;.;2;2;;2;;1;11;;17;125.65090323
6,009,773;1;3;1;80;17;;;;2;;;;2;;;.;2;2;;2;;1;11;;17;125.65090323
6,009,775;1;1;1;80;17;;;;1;5;;2;;;10;;3;3;;2;;1;11;4;17;110.09036087
6,009,775;1;5;1;80;17;;;;2;;;;2;;;.;2;2;;2;;1;11;;17;110.09036087
6,009,776;1;3;1;80;17;;;;2;;;;2;;;.;2;2;;2;;1;11;;17;256.28727373
6,009,777;1;1;1;80;17;;;;1;1;;2;;;3;;2;2;;2;;1;11;2;17;221.82824445
6,009,778;1;1;1;80;17;;;;1;4;;2;;;4;;2;2;;2;;1;11;4;17;189.54280423
6,009,780;1;2;1;80;17;;;;2;;;;2;;;.;2;2;;2;;1;11;;17;167.18097442
6,009,780;1;3;1;80;17;;;;2;;;;2;;;.;2;2;;2;;1;11;;17;167.18097442
6,009,780;1;4;1;80;17;;;;2;;;;2;;;.;2;2;;2;;1;11;;17;167.18097442
6,009,780;1;5;1;80;17;;;;2;;;;2;;;.;;;;2;;1;11;;17;167.18097442
6,009,781;1;1;1;80;17;;;;2;;;;2;;;.;2;2;;2;;1;11;;17;227.31200526
6,009,782;1;1;1;80;17;;;;2;;;;2;;;.;2;2;;2;;1;11;;17;199.03286623
6,009,786;1;1;1;80;17;;;;1;5;;2;;;10;;3;3;;2;;1;11;4;17;172.07591296
6,009,786;1;2;1;80;17;;;;1;4;;2;;;4;;3;3;;2;;1;11;2;17;172.07591296
6,009,788;1;2;1;80;17;;;;1;1;;1;;1;12;ESTA EN PROCESO SELECCION DE PERSONAL;2;2;;2;;1;11;2;17;244.77878672
6,009,788;1;5;1;80;17;;;;1;8;;1;;1;12;ESTA EN PROCESO DE CONTRATACION;2;2;;2;;1;11;1.2;17;244.77878672
6,009,789;1;1;1;80;17;;;;1;4;;2;;;4;;2;2;;2;;1;11;4;17;199.03286623
6,009,790;1;3;1;80;17;;;;2;;;;2;;;.;2;2;;2;;1;11;;17;109.93508702
6,009,791;1;2;1;80;17;;;;1;8;;2;;;2;;1;2;;2;;1;11;2;17;166.74742601
6,009,792;1;2;1;80;17;;;;1;3;;2;;;9;;2;2;;2;;1;11;3;17;134.30671193
6,009,794;1;3;1;80;17;;;;2;;;;2;;;.;2;2;;2;;1;11;;17;194.13792769
6,009,795;1;2;1;80;17;;;;1;5;;2;;;10;;3;3;;2;;1;11;4;17;165.17117931
6,009,795;1;4;1;80;17;;;;2;;;;2;;;.;2;2;;2;;1;11;;17;165.17117931
6,009,797;1;1;1;80;17;;;;1;8;;2;;;11;;2;2;;2;;1;11;2;17;157.25736401
6,009,797;1;3;1;80;17;;;;2;;;;2;;;.;2;2;;2;;1;11;;17;157.25736401
6,009,798;1;3;1;80;17;;;;2;;;;2;;;.;;;;2;;1;11;;17;194.13792769
6,009,799;1;1;1;80;17;;;;1;9;POR LA PANDEMIA;2;;;8;;2;2;;2;;1;11;1.2;17;213.17243575
6,009,801;1;3;1;80;17;;;;1;4;;2;;;4;;2;2;;2;;1;11;4;17;180.88699553
6,009,803;1;1;1;80;17;;;;1;9;POR LA PANDEMIA;2;;;8;;2;2;;2;;1;11;2;17;175.40323472
6,009,806;1;2;1;80;17;;;;1;3;;2;;;9;;1;1;1;2;;1;11;3;17;235.35863096
6,009,806;1;4;1;80;17;;;;2;;;;2;;;.;;;;2;;1;11;;17;235.35863096
6,009,808;1;1;1;80;17;;;;1;4;;2;;;4;;2;2;;2;;1;11;4;17;391.83998396
6,009,808;1;4;1;80;17;;;;2;;;;2;;;.;2;2;;2;;1;11;;17;391.83998396
6,009,808;1;5;1;80;17;;;;2;;;;2;;;.;2;2;;2;;1;11;;17;391.83998396
6,009,808;1;7;1;80;17;;;;2;;;;2;;;.;2;2;;2;;1;11;;17;391.83998396
6,009,809;1;1;1;80;17;;;;1;5;;2;;;10;;3;3;;2;;1;11;4;17;117.84890232
6,009,809;1;3;1;80;17;;;;2;;;;2;;;.;2;2;;2;;1;11;;17;117.84890232
6,009,809;1;4;1;80;17;;;;2;;;;2;;;.;2;2;;2;;1;11;;17;117.84890232
6,009,809;1;5;1;80;17;;;;2;;;;2;;;.;2;2;;2;;1;11;;17;117.84890232
6,009,811;1;1;1;80;17;;;;1;5;;2;;;10;;3;3;;2;;1;11;2;17;199.03286623
6,009,812;1;2;1;80;17;;;;2;;;;2;;;.;2;2;;2;;1;11;;17;172.07591296
6,009,812;1;3;1;80;17;;;;2;;;;2;;;.;2;2;;2;;1;11;;17;172.07591296
6,009,814;1;2;1;80;17;;;;1;2;;2;;;2;;2;2;;2;;1;11;1.4;17;186.22411238
6,009,816;1;1;1;80;17;;;;1;3;;2;;;9;;2;2;;2;;1;11;4;17;203.62787989
6,009,816;1;2;1;80;17;;;;1;3;;2;;;9;;2;2;;2;;1;11;4;17;203.62787989
6,009,816;1;4;1;80;17;;;;2;;;;2;;;.;;;;2;;1;11;;17;203.62787989
6,009,817;1;1;1;80;17;;;;1;5;;2;;;10;;3;3;;2;;1;11;4;17;165.58517322
6,009,817;1;5;1;80;17;;;;2;;;;2;;;.;2;2;;2;;1;11;;17;165.58517322
6,009,818;1;1;1;80;17;;;;1;5;;2;;;10;;3;3;;2;;1;11;4;17;192.93129252
6,009,818;1;2;1;80;17;;;;1;4;;2;;;4;;2;2;;2;;1;11;2;17;192.93129252
6,009,819;1;1;1;80;17;;;;1;4;;2;;;4;;2;2;;2;;1;11;4;17;174.66124132
6,009,819;1;2;1;80;17;;;;2;;;;2;;;.;2;2;;2;;1;11;;17;174.66124132
6,009,819;1;3;1;80;17;;;;1;2;;2;;;2;;2;2;;2;;1;11;1.2;17;174.66124132
6,009,821;1;2;1;80;17;;;;1;6;;2;;;8;;2;2;;2;;1;11;2;17;165.17117931
6,009,821;1;4;1;80;17;;;;1;2;;2;;;2;;2;2;;2;;1;11;3;17;165.17117931
6,009,822;1;2;1;80;17;;;;1;3;;2;;;9;;2;2;;2;;1;11;3;17;256.82319352
6,009,823;1;1;1;80;17;;;;1;3;;2;;;9;;2;2;;2;;1;11;4;17;191.70787319
6,009,823;1;4;1;80;17;;;;1;2;;2;;;2;;2;2;;2;;1;11;2;17;191.70787319
6,009,824;1;4;1;80;17;;;;1;4;;2;;;4;;2;2;;2;;1;11;4;17;252.79127931
6,009,826;1;1;1;80;17;;;;1;5;;2;;;10;;3;3;;2;;1;11;4;17;166.59215216
6,009,828;1;2;1;80;17;;;;1;3;;2;;;9;;2;2;;2;;1;11;3;17;200.3636819
6,009,828;1;3;1;80;17;;;;2;;;;2;;;.;;;;2;;1;11;;17;200.3636819
6,009,829;1;2;1;80;17;;;;2;;;;2;;;.;;;;2;;1;11;;17;194.13792769
6,009,829;1;3;1;80;17;;;;2;;;;2;;;.;;;;2;;1;11;;17;194.13792769
6,009,830;1;3;1;80;17;;;;2;;;;2;;;.;;;;2;;1;11;;17;253.38021138
6,009,831;1;2;1;80;17;;;;1;3;;2;;;9;;2;2;;2;;1;11;4;17;157.93634345
6,009,832;1;1;1;80;17;;;;1;4;;2;;;4;;2;2;;2;;1;11;3;17;116.83982067
6,009,832;1;2;1;80;17;;;;1;3;;2;;;9;;2;2;;2;;1;11;3;17;116.83982067
6,009,832;1;3;1;80;17;;;;1;5;;2;;;10;;3;3;;2;;1;11;4;17;116.83982067
6,009,834;1;1;1;80;17;;;;2;;;;2;;;.;2;2;;2;;1;11;;17;206.94668154
6,009,835;1;1;1;80;17;;;;1;5;;2;;;10;;3;3;;2;;1;11;4;17;157.93634345
6,009,835;1;2;1;80;17;;;;1;4;;2;;;4;;3;3;;2;;1;11;4;17;157.93634345
6,009,837;1;1;1;80;17;;;;2;;;;2;;;.;2;2;;2;;1;11;;17;253.38021138
6,009,838;1;2;1;80;17;;;;1;8;;2;;;9;;2;2;;2;;1;11;1.3;17;229.74205976
6,009,839;1;1;1;80;17;;;;1;5;;2;;;10;;3;3;;2;;1;11;2;17;308.02737161
6,009,839;1;2;1;80;17;;;;1;3;;2;;;9;;2;2;;2;;1;11;4;17;308.02737161
6,009,840;1;2;1;80;17;;;;2;;;;2;;;.;2;2;;2;;1;11;;17;200.3636819
6,009,840;1;3;1;80;17;;;;2;;;;2;;;.;2;2;;2;;1;11;;17;200.3636819
6,009,841;1;2;1;80;17;;;;1;3;;2;;;9;;2;2;;2;;1;11;1.2;17;324.10358281
6,009,842;1;2;1;80;17;;;;1;3;;2;;;9;;2;2;;2;;1;11;4;17;142.22052724
6,009,842;1;3;1;80;17;;;;2;;;;2;;;.;;;;2;;1;11;;17;142.22052724
6,009,843;1;1;1;80;17;;;;2;;;;2;;;.;2;2;;2;;1;11;;17;199.03286623
6,009,844;1;3;1;80;17;;;;2;;;;2;;;.;;;;2;;1;11;;17;326.76206458
6,009,844;1;5;1;80;17;;;;2;;;;2;;;.;2;2;;2;;1;11;;17;326.76206458
6,009,845;1;2;1;80;17;;;;2;;;;2;;;.;2;2;;2;;1;11;;17;188.80081083
6,009,845;1;4;1;80;17;;;;2;;;;2;;;.;2;2;;2;;1;11;;17;188.80081083
6,009,846;1;1;1;80;17;2;;908,526;1;3;;2;;;9;;2;2;;2;;1;11;1.1;17;256.69890323
6,009,846;1;2;1;80;17;2;;908,526;1;4;;2;;;4;;2;2;;2;;1;11;1.4;17;256.69890323
6,009,846;1;3;1;80;17;;;;2;;;;2;;;.;;;;2;;1;11;;17;256.69890323
6,009,847;1;3;1;80;17;;;;1;4;;2;;;4;;2;2;;2;;1;11;4;17;193.54899562
6,009,849;1;1;1;80;17;;;;1;3;;2;;;9;;2;2;;2;;1;11;4;17;190.37705753
6,009,850;1;1;1;80;17;;;;2;;;;2;;;.;2;2;;2;;1;11;;17;197.45661954
6,009,850;1;3;1;80;17;;;;2;;;;2;;;.;2;2;;2;;1;11;;17;197.45661954
6,009,851;1;2;1;80;17;;;;1;4;;2;;;4;;2;2;;2;;1;11;4;17;166.74742601
6,009,854;1;1;1;80;17;;;;1;3;;2;;;9;;2;2;;2;;1;11;4;17;116.83982067
6,009,854;1;2;1;80;17;;;;2;;;;2;;;.;2;2;;2;;1;11;;17;116.83982067
6,009,855;1;1;1;80;17;;;;2;;;;2;;;.;2;2;;2;;1;11;;17;235.96781397
6,009,855;1;2;1;80;17;;;;2;;;;2;;;.;2;2;;2;;1;11;;17;235.96781397
6,009,856;1;1;1;80;17;;;;1;6;;2;;;1;;2;2;;2;;1;11;4;17;166.59215216
6,009,857;1;2;1;80;17;;;;2;;;;2;;;.;2;2;;2;;1;11;;17;174.50596746
6,009,858;1;1;1;80;17;;;;1;5;;2;;;10;;3;3;;2;;1;11;4;17;166.59215216
6,009,861;1;1;1;80;17;;;;1;5;;2;;;10;;3;3;;2;;1;11;3;17;166.59215216
6,009,862;1;1;1;80;17;;;;1;5;;2;;;10;;3;3;;2;;1;11;4;17;166.59215216
6,009,863;1;1;1;80;17;;;;1;5;;2;;;10;;3;3;;2;;1;11;4;17;157.93634345
6,009,863;1;2;1;80;17;;;;2;;;;2;;;.;2;2;;2;;1;11;;17;157.93634345
6,009,864;1;1;1;80;17;;;;1;5;;2;;;10;;3;3;;2;;1;11;4;17;199.03286623
6,009,865;1;2;1;80;17;;;;2;;;;2;;;.;;;;2;;1;11;;17;194.13792769
6,009,865;1;3;1;80;17;;;;2;;;;2;;;.;;;;2;;1;11;;17;194.13792769
6,009,869;1;1;1;80;17;;;;2;;;;2;;;.;2;2;;2;;1;11;;17;215.60249025
6,009,870;1;1;1;80;17;;;;1;7;;2;;;4;;2;2;;2;;1;11;4;17;166.59215216
6,009,871;1;1;1;80;17;;;;1;5;;2;;;10;;3;3;;2;;1;11;4;17;172.07591296
6,009,871;1;2;1;80;17;;;;2;;;;2;;;.;2;2;;2;;1;11;;17;172.07591296
6,009,872;1;1;1;80;17;;;;2;;;;2;;;.;2;2;;2;;1;11;;17;215.60249025
6,009,873;1;1;1;80;17;;;;1;6;;2;;;9;;2;2;;2;;1;11;1.1;17;208.2774972
6,009,873;1;3;1;80;17;;;;1;1;;2;;;1;;2;2;;2;;1;11;1.2;17;208.2774972
6,009,873;1;4;1;80;17;;;;2;;;;2;;;.;2;2;;2;;1;11;;17;208.2774972
6,009,875;1;1;1;80;17;;;;2;;;;2;;;.;2;2;;2;;1;11;;17;116.83982067
6,009,875;1;2;1;80;17;;;;1;4;;2;;;4;;2;2;;2;;1;11;4;17;116.83982067
6,009,876;1;1;1;80;17;;;;1;5;;2;;;10;;3;3;;2;;1;11;2;17;165.85015876
6,009,876;1;2;1;80;17;;;;2;;;;2;;;.;2;2;;2;;1;11;;17;165.85015876
6,009,877;1;2;1;80;17;;;;1;3;;2;;;9;;2;2;;2;;1;11;2;17;200.3636819
6,009,877;1;3;1;80;17;;;;2;;;;2;;;.;2;2;;2;;1;11;;17;200.3636819
6,009,878;1;1;1;80;17;;;;1;5;;2;;;10;;3;3;;2;;1;11;4;17;165.85015876
6,009,878;1;2;1;80;17;;;;2;;;;2;;;.;2;2;;2;;1;11;;17;165.85015876
6,009,879;1;3;1;80;17;;;;1;9;REDUCCION DE PERSONAL POR PANDEMIA;2;;;9;;2;2;;2;;1;11;1.4;17;179.98972827
6,009,879;1;4;1;80;17;;;;1;4;;2;;;4;;2;2;;2;;1;11;4;17;179.98972827
6,009,880;1;1;1;80;17;;;;1;5;;2;;;10;;3;3;;2;;1;11;4;17;225.9897097
6,009,881;1;1;1;80;17;;;;2;;;;2;;;.;2;2;;2;;1;11;;17;199.03286623
6,009,883;1;1;1;80;17;;;;1;3;;2;;;9;;2;2;;2;;1;11;1.2;17;339.70362882
6,009,886;1;2;1;80;17;;;;2;;;;2;;;.;2;2;;2;;1;11;;17;256.69890323
6,009,886;1;3;1;80;17;;;;2;;;;2;;;.;2;2;;2;;1;11;;17;256.69890323
6,009,888;1;2;1;80;17;;;;1;3;;2;;;9;;2;2;;2;;1;11;4;17;259.60596558
6,009,888;1;3;1;80;17;;;;2;;;;2;;;.;2;2;;2;;1;11;;17;259.60596558
6,009,891;1;2;1;80;17;;;;2;;;;2;;;.;2;2;;2;;1;11;;17;189.54280423
6,009,893;1;3;1;80;17;;;;2;;;;2;;;.;2;2;;2;;1;11;;17;197.45661954
6,009,894;1;1;1;80;17;;;;1;4;;2;;;8;;2;2;;2;;1;11;4;17;213.17243575
6,009,894;1;2;1;80;17;;;;1;8;;2;;;11;;2;2;;2;;1;11;1.2;17;213.17243575
6,009,895;1;1;1;80;17;;;;1;5;;2;;;10;;3;3;;2;;1;11;3;17;213.17243575
6,009,896;1;2;1;80;17;;;;1;6;;2;;;9;;2;2;;2;;1;11;4;17;178.00185208
6,009,897;1;2;1;80;17;;;;1;3;;2;;;9;;2;2;;2;;1;11;4;17;256.69890323
6,009,897;1;3;1;80;17;;;;2;;;;2;;;.;;;;2;;1;11;;17;256.69890323
6,009,898;1;1;1;80;17;;;;1;4;;2;;;4;;2;2;;2;;1;11;4;17;157.93634345
6,009,899;1;1;1;80;17;;;;1;3;;2;;;9;;2;2;;2;;1;11;4;17;157.93634345
6,009,900;1;1;1;80;17;;;;2;;;;2;;;.;2;2;;2;;1;11;;17;250.95015688
6,009,901;1;3;1;80;17;;;;2;;;;2;;;.;;;;2;;1;11;;17;153.93867216
6,009,902;1;1;1;80;17;;;;1;3;;2;;;8;;2;2;;2;;1;11;4;17;199.03286623
6,009,903;1;1;1;80;17;;;;2;;;;2;;;.;2;2;;2;;1;11;;17;168.75722112
6,009,903;1;3;1;80;17;;;;1;2;;2;;;2;;2;2;;2;;1;11;2;17;168.75722112
6,009,904;1;1;1;80;17;;;;1;7;;2;;;8;;1;1;4;2;;1;11;2;17;272.41471944
6,009,906;1;3;1;80;17;;;;2;;;;2;;;.;2;2;;2;;1;11;;17;200.3636819
6,009,909;1;1;1;80;17;;;;1;5;;2;;;10;;3;3;;2;;1;11;4;17;166.59215216
6,009,910;1;1;1;80;17;;;;1;5;;2;;;10;;3;3;;2;;1;11;4;17;221.82824445
6,009,911;1;2;1;80;17;;;;2;;;;2;;;.;;;;2;;1;11;;17;186.22411238
6,009,913;1;1;1;80;17;;;;1;5;;2;;;10;;3;3;;2;;1;11;4;17;157.93634345
6,009,915;1;1;1;80;17;;;;1;1;;2;;;8;;2;2;;2;;1;11;4;17;157.93634345
6,009,915;1;2;1;80;17;;;;1;5;;2;;;10;;3;3;;2;;1;11;4;17;157.93634345
6,009,916;1;2;1;80;17;;;;2;;;;2;;;.;2;2;;2;;1;11;;17;166.74742601
6,009,917;1;2;1;80;17;;;;2;;;;2;;;.;2;2;;2;;1;11;;17;289.8815009
6,009,917;1;3;1;80;17;;;;1;3;;2;;;9;;2;2;;2;;1;11;1.3;17;289.8815009
6,009,918;1;1;1;80;17;;;;2;;;;2;;;.;2;2;;2;;1;11;;17;180.88699553
6,009,918;1;2;1;80;17;;;;2;;;;2;;;.;3;3;;2;;1;11;;17;180.88699553
6,009,919;1;2;1;80;17;;;;1;3;;2;;;9;;2;2;;2;;1;11;4;17;189.54280423
6,009,920;1;1;1;80;17;;;;1;3;;2;;;9;;2;2;;2;;1;11;3;17;125.49562937
6,009,920;1;2;1;80;17;;;;1;4;;2;;;4;;2;2;;2;;1;11;4;17;125.49562937
6,009,922;1;2;1;80;17;;;;2;;;;2;;;.;2;2;;2;;1;11;;17;183.31705002
6,009,923;1;1;1;80;17;;;;1;5;;2;;;10;;3;3;;2;;1;11;4;17;159.26715911
6,009,923;1;2;1;80;17;;;;2;;;;2;;;.;2;2;;2;;1;11;;17;159.26715911
6,009,923;1;3;1;80;17;;;;2;;;;2;;;.;2;2;;2;;1;11;;17;159.26715911
6,009,923;1;4;1;80;17;;;;2;;;;2;;;.;2;2;;2;;1;11;;17;159.26715911
6,009,924;1;1;1;80;17;;;;1;7;;2;;;8;;2;2;;2;;1;11;4;17;206.94668154
6,009,925;1;1;1;80;17;;;;1;3;;2;;;8;;2;2;;2;;1;11;2;17;168.75722112
6,009,925;1;2;1;80;17;;;;2;;;;2;;;.;2;2;;2;;1;11;;17;168.75722112
6,009,925;1;3;1;80;17;;;;2;;;;2;;;.;2;2;;2;;1;11;;17;168.75722112
6,009,926;1;1;1;80;17;;;;1;1;;2;;;8;;2;2;;2;;1;11;4;17;166.59215216
6,009,927;1;1;1;80;17;;;;1;1;;2;;;1;;2;2;;2;;1;11;1.2;17;204.95880535
6,009,927;1;2;1;80;17;;;;2;;;;2;;;.;2;2;;2;;1;11;;17;204.95880535
6,009,927;1;3;1;80;17;;;;2;;;;2;;;.;2;2;;2;;1;11;;17;204.95880535
6,009,927;1;4;1;80;17;;;;2;;;;2;;;.;;;;2;;1;11;;17;204.95880535
6,009,928;1;2;1;80;17;;;;1;5;;2;;;10;;3;3;;2;;1;11;4;17;130.97939018
6,009,928;1;3;1;80;17;;;;2;;;;2;;;.;2;2;;2;;1;11;;17;130.97939018
6,009,928;1;4;1;80;17;;;;1;5;;2;;;10;;3;3;;2;;1;11;4;17;130.97939018
6,009,929;1;1;1;80;17;;;;1;4;;2;;;8;;2;2;;2;;1;11;4;17;157.93634345
6,009,929;1;2;1;80;17;;;;2;;;;2;;;.;2;2;;2;;1;11;;17;157.93634345
6,009,930;1;2;1;80;17;;;;2;;;;2;;;.;2;2;;2;;1;11;;17;280.45282504
6,009,934;1;1;1;80;17;;;;1;1;;2;;;4;;1;1;1;1;1,300,000;1;11;1.1;17;175.40323472
6,011,648;1;2;1;80;23;;;;1;4;;2;;;4;;2;2;;2;;1;11;2;23;112.26222905
6,011,649;1;1;1;80;23;;;;1;4;;2;;;4;;2;2;;2;;1;11;4;23;106.21968158
6,011,649;1;6;1;80;23;;;;1;4;;2;;;4;;2;2;;2;;1;11;1.3;23;106.21968158
6,011,650;1;4;1;80;23;;;;1;3;;2;;;9;;2;2;;2;;1;11;1.4;23;209.93001292
6,011,651;1;2;1;80;23;;;;2;;;;2;;;.;2;2;;2;;1;11;;23;225.02602677
6,011,652;1;1;1;80;23;;;;1;3;;2;;;9;;2;2;;2;;1;11;3;23;210.9368417
6,011,653;1;2;1;80;23;;;;1;6;;2;;;8;;2;2;;2;;1;11;3;23;153.75390175
6,011,653;1;3;1;80;23;;;;2;;;;2;;;.;2;2;;2;;1;11;;23;153.75390175
6,011,654;1;2;1;80;23;;;;1;3;;2;;;9;;2;2;;2;;1;11;2;23;210.9368417
6,011,655;1;1;1;80;23;2;;900,000;1;4;;2;;;4;;2;2;;2;;1;11;1.3;23;122.88634496
6,011,655;1;3;1;80;23;;;;1;5;;2;;;4;;2;2;;2;;1;11;4;23;122.88634496
6,011,657;1;1;1;80;23;;;;1;6;;2;;;8;;2;2;;2;;1;11;3;23;98.985539339
6,011,657;1;4;1;80;23;;;;2;;;;2;;;.;2;2;;2;;1;11;;23;98.985539339
6,011,657;1;5;1;80;23;;;;2;;;;2;;;.;2;2;;2;;1;11;;23;98.985539339
6,011,658;1;2;1;80;23;;;;2;;;;2;;;.;;;;2;;1;11;;23;201.02553103
6,011,658;1;3;1;80;23;;;;2;;;;2;;;.;;;;2;;1;11;;23;201.02553103
6,011,658;1;4;1;80;23;;;;1;3;;2;;;9;;2;2;;2;;1;11;4;23;201.02553103
6,011,660;1;3;1;80;23;;;;1;2;;2;;;2;;2;2;;2;;1;11;1.3;23;240.44467778
6,011,660;1;4;1;80;23;;;;1;3;;2;;;9;;2;2;;2;;1;11;3;23;240.44467778
6,011,662;1;3;1;80;23;;;;2;;;;2;;;.;2;2;;2;;1;11;;23;195.26077999
6,011,663;1;2;1;80;23;;;;2;;;;2;;;.;2;2;;2;;1;11;;23;164.80641769
6,011,663;1;4;1;80;23;;;;2;;;;2;;;.;2;2;;2;;1;11;;23;164.80641769
6,011,665;1;3;1;80;23;;;;2;;;;2;;;.;2;2;;2;;1;11;;23;153.75390175
6,011,666;1;1;1;80;23;;;;1;4;;2;;;4;;2;2;;2;;1;11;4;23;138.96170754
6,011,667;1;2;1;80;23;;;;1;3;;2;;;9;;2;2;;2;;1;11;4;23;210.35679384
6,011,667;1;3;1;80;23;;;;2;;;;2;;;.;2;2;;2;;1;11;;23;210.35679384
6,011,668;1;1;1;80;23;;;;1;6;;2;;;11;;2;2;;2;;1;11;1.4;23;297.78688449
6,011,668;1;4;1;80;23;;;;2;;;;2;;;.;2;2;;2;;1;11;;23;297.78688449
6,011,668;1;5;1;80;23;;;;2;;;;2;;;.;;;;2;;1;11;;23;297.78688449
6,011,668;1;7;1;80;23;;;;2;;;;2;;;.;2;2;;2;;1;11;;23;297.78688449
6,011,669;1;2;1;80;23;;;;2;;;;2;;;.;2;2;;2;;1;11;;23;215.81772524
6,011,669;1;3;1;80;23;;;;2;;;;2;;;.;2;2;;2;;1;11;;23;215.81772524
6,011,669;1;4;1;80;23;;;;2;;;;2;;;.;;;;2;;1;11;;23;215.81772524
6,011,670;1;2;1;80;23;;;;2;;;;2;;;.;2;2;;2;;1;11;;23;171.37573184
6,011,671;1;2;1;80;23;;;;1;3;;2;;;9;;2;2;;2;;1;11;1.4;23;197.74650042
6,011,672;1;3;1;80;23;;;;2;;;;2;;;.;2;2;;2;;1;11;;23;151.11653348
6,011,672;1;6;1;80;23;;;;2;;;;2;;;.;2;2;;2;;1;11;;23;151.11653348
6,011,673;1;2;1;80;23;;;;2;;;;2;;;.;;;;2;;1;11;;23;190.76399178
6,011,674;1;2;1;80;23;;;;2;;;;2;;;.;2;2;;2;;1;11;;23;125.34842657
6,011,674;1;3;1;80;23;1;48;908,526;2;;;;2;;;.;2;2;;2;;1;11;;23;125.34842657
6,011,675;1;2;1;80;23;;;;1;3;;2;;;9;;2;2;;2;;1;11;2;23;201.88180711
6,011,676;1;1;1;80;23;;;;1;5;;2;;;10;;3;3;;2;;1;11;4;23;115.75218849
6,011,676;1;2;1;80;23;;;;2;;;;2;;;.;2;2;;2;;1;11;;23;115.75218849
6,011,676;1;4;1;80;23;;;;2;;;;2;;;.;2;2;;2;;1;11;;23;115.75218849
6,011,677;1;2;1;80;23;;;;2;;;;2;;;.;2;2;;2;;1;11;;23;174.70383474
6,011,678;1;1;1;80;23;;;;1;3;;2;;;9;;2;2;;2;;1;11;3;23;195.84082785
6,011,679;1;2;1;80;23;;;;2;;;;2;;;.;2;2;;2;;1;11;;23;145.0026868
6,011,679;1;3;1;80;23;;;;2;;;;2;;;.;2;2;;2;;1;11;;23;145.0026868
6,011,680;1;1;1;80;23;;;;1;4;;2;;;4;;2;2;;2;;1;11;4;23;163.00861223
6,011,680;1;3;1;80;23;;;;2;;;;2;;;.;2;2;;2;;1;11;;23;163.00861223
6,011,680;1;4;1;80;23;;;;2;;;;2;;;.;2;2;;2;;1;11;;23;163.00861223
6,011,680;1;5;1;80;23;;;;2;;;;2;;;.;;;;2;;1;11;;23;163.00861223
6,011,682;1;2;1;80;23;2;;908,526;1;2;;2;;;2;;2;2;;2;;1;11;3;23;174.32605254
6,011,682;1;3;1;80;23;;;;2;;;;2;;;.;2;2;;2;;1;11;;23;174.32605254
6,011,683;1;1;1;80;23;;;;1;3;;2;;;9;;2;2;;2;;1;11;1.3;23;391.68165569
6,011,685;1;2;1;80;23;;;;2;;;;2;;;.;2;2;;2;;1;11;;23;328.12902657
6,011,686;1;1;1;80;23;;;;2;;;;2;;;.;2;2;;2;;1;11;;23;360.23138771
6,011,686;1;2;1;80;23;;;;1;4;;2;;;4;;2;2;;2;;1;11;4;23;360.23138771
6,011,686;1;5;1;80;23;;;;2;;;;2;;;.;2;2;;2;;1;11;;23;360.23138771
6,011,686;1;6;1;80;23;;;;2;;;;2;;;.;2;2;;2;;1;11;;23;360.23138771
6,011,687;1;2;1;80;23;;;;2;;;;2;;;.;2;2;;2;;1;11;;23;136.30913374
6,011,687;1;3;1;80;23;2;;4,000,000;2;;;;2;;;.;2;2;;2;;1;11;;23;136.30913374
6,011,687;1;4;1;80;23;;;;2;;;;2;;;.;2;2;;2;;1;11;;23;136.30913374
6,011,687;1;5;1;80;23;;;;2;;;;2;;;.;2;2;;2;;1;11;;23;136.30913374
6,011,688;1;1;1;80;23;;;;1;4;;2;;;4;;2;2;;2;;1;11;4;23;145.78235965
6,011,689;1;2;1;80;23;;;;2;;;;2;;;.;2;2;;2;;1;11;;23;264.28211088
6,011,689;1;3;1;80;23;;;;2;;;;2;;;.;2;2;;2;;1;11;;23;264.28211088
6,011,689;1;4;1;80;23;;;;2;;;;2;;;.;2;2;;2;;1;11;;23;264.28211088
6,011,689;1;5;1;80;23;;;;2;;;;2;;;.;2;2;;2;;1;11;;23;264.28211088
6,011,691;1;1;1;80;23;;;;2;;;;2;;;.;2;2;;2;;1;11;;23;353.9572527
6,011,694;1;2;1;80;23;;;;2;;;;2;;;.;2;2;;2;;1;11;;23;151.24329105
6,011,697;1;1;1;80;23;;;;2;;;;2;;;.;2;2;;2;;1;11;;23;165.27101795
6,011,697;1;3;1;80;23;;;;2;;;;2;;;.;2;2;;2;;1;11;;23;165.27101795
6,011,699;1;1;1;80;23;;;;1;4;;2;;;8;;2;2;;2;;1;11;4;23;178.39605983
6,011,699;1;3;1;80;23;;;;1;3;;2;;;9;;2;2;;2;;1;11;2;23;178.39605983
6,011,699;1;6;1;80;23;;;;2;;;;2;;;.;2;2;;2;;1;11;;23;178.39605983
6,011,702;1;2;1;80;23;;;;1;3;;2;;;9;;2;2;;2;;1;11;4;23;229.52281498
6,011,702;1;3;1;80;23;;;;2;;;;2;;;.;;;;2;;1;11;;23;229.52281498
6,011,703;1;3;1;80;23;;;;2;;;;2;;;.;;;;2;;1;11;;23;154.73325048
6,011,704;1;3;1;80;23;;;;2;;;;2;;;.;2;2;;2;;1;11;;23;171.62706979
6,011,705;1;1;1;80;23;;;;1;5;;2;;;10;;3;3;;2;;1;11;4;23;120.37573426
6,011,705;1;2;1;80;23;;;;2;;;;2;;;.;2;2;;2;;1;11;;23;120.37573426
6,011,706;1;1;1;80;23;;;;1;5;;2;;;10;;3;3;;2;;1;11;4;23;161.86740696
6,011,707;1;2;1;80;23;;;;1;4;;2;;;8;;2;2;;2;;1;11;4;23;157.03293236
6,011,707;1;4;1;80;23;;;;2;;;;2;;;.;;;;2;;1;11;;23;157.03293236
6,011,708;1;1;1;80;23;;;;1;5;;2;;;10;;3;3;;2;;1;11;4;23;125.83666566
6,011,708;1;3;1;80;23;;;;2;;;;2;;;.;2;2;;2;;1;11;;23;125.83666566
6,011,709;1;1;1;80;23;;;;2;;;;2;;;.;2;2;;2;;1;11;;23;115.54125967
6,011,709;1;3;1;80;23;;;;1;5;;2;;;10;;3;3;;2;;1;11;3;23;115.54125967
6,011,711;1;1;1;80;23;;;;2;;;;2;;;.;2;2;;2;;1;11;;23;120.37573426
6,011,711;1;2;1;80;23;;;;1;4;;2;;;4;;2;2;;2;;1;11;3;23;120.37573426
6,011,712;1;2;1;80;23;;;;1;3;;2;;;9;;2;2;;2;;1;11;3;23;210.9368417
6,011,715;1;1;1;80;23;;;;2;;;;2;;;.;2;2;;2;;1;11;;23;145.78235965
6,011,716;1;2;1;80;23;;;;1;6;;2;;;9;;2;2;;2;;1;11;2;23;125.83666566
6,011,716;1;3;1;80;23;;;;2;;;;2;;;.;2;2;;2;;1;11;;23;125.83666566
6,011,717;1;2;1;80;23;;;;1;5;;2;;;10;;3;3;;2;;1;11;4;23;181.81310094
6,011,718;1;1;1;80;23;;;;1;4;;2;;;4;;2;2;;2;;1;11;4;23;181.81310094
6,011,718;1;2;1;80;23;;;;1;5;;2;;;10;;3;3;;2;;1;11;4;23;181.81310094
6,011,719;1;1;1;80;23;;;;1;5;;2;;;10;;3;3;;2;;1;11;4;23;203.27622629
6,011,723;1;1;1;80;23;;;;1;8;;2;;;1;;2;2;;2;;1;11;2;23;224.52445811
6,011,723;1;2;1;80;23;;;;1;5;;2;;;10;;3;3;;2;;1;11;3;23;224.52445811
6,011,724;1;2;1;80;23;2;;908,526;2;;;;2;;;.;2;2;;2;;1;11;;23;189.79984859
6,011,727;1;1;1;80;23;2;;800,000;1;4;;2;;;4;;2;2;;2;;1;11;3;23;131.29759706
6,011,727;1;2;1;80;23;;;;2;;;;2;;;.;2;2;;2;;1;11;;23;131.29759706
6,011,728;1;3;1;80;23;;;;2;;;;2;;;.;;;;2;;1;11;;23;229.52281498
6,011,729;1;1;1;80;23;;;;1;4;;2;;;4;;2;2;;2;;1;11;4;23;145.78235965
6,011,731;1;3;1;80;23;1;48;908,526;2;;;;2;;;.;2;2;;2;;1;11;;23;129.32662509
6,011,731;1;4;1;80;23;1;48;800,000;2;;;;2;;;.;2;2;;2;;1;11;;23;129.32662509
6,011,733;1;1;1;80;23;;;;1;5;;2;;;10;;3;3;;2;;1;11;4;23;167.79683419
6,011,733;1;2;1;80;23;;;;1;3;;2;;;9;;2;2;;2;;1;11;2;23;167.79683419
6,011,733;1;6;1;80;23;;;;1;3;;2;;;9;;2;2;;2;;1;11;4;23;167.79683419
6,011,735;1;4;1;80;23;;;;2;;;;2;;;.;;;;2;;1;11;;23;175.56642394
6,011,736;1;2;1;80;23;;;;1;7;;1;;3;4;;2;2;;2;;1;11;3;23;138.54633587
6,011,736;3;1;3;80;23;;;;2;;;;2;;;.;2;2;;2;;1;11;;23;138.54633587
6,011,737;1;1;1;80;23;;;;2;;;;2;;;.;2;2;;2;;1;11;;23;137.66885444
6,011,741;1;1;1;80;23;;;;2;;;;2;;;.;2;2;;2;;1;11;;23;151.24329105
6,011,742;1;3;1;80;23;;;;2;;;;2;;;.;2;2;;2;;1;11;;23;184.79852062
6,011,742;1;4;1;80;23;;;;2;;;;2;;;.;;;;2;;1;11;;23;184.79852062
6,011,742;1;5;1;80;23;;;;2;;;;2;;;.;2;2;;2;;1;11;;23;184.79852062
6,011,743;1;1;1;80;23;;;;1;5;;2;;;10;;3;3;;2;;1;11;1.3;23;90.906550472
6,011,743;1;2;1;80;23;;;;1;5;;2;;;10;;3;3;;2;;1;11;4;23;90.906550472
6,011,743;1;3;1;80;23;;;;1;3;;2;;;9;;2;2;;2;;1;11;3;23;90.906550472
6,011,744;1;3;1;80;23;;;;2;;;;2;;;.;;;;2;;1;11;;23;216.3977731
6,011,746;1;3;1;80;23;;;;2;;;;2;;;.;2;2;;2;;1;11;;23;135.01628063
6,011,746;1;4;1;80;23;;;;2;;;;2;;;.;2;2;;2;;1;11;;23;135.01628063
6,011,747;1;4;1;80;23;;;;2;;;;2;;;.;2;2;;2;;1;11;;23;145.64039654
6,011,749;1;1;1;80;23;;;;2;;;;2;;;.;2;2;;2;;1;11;;23;120.50031464
6,011,750;1;3;1;80;23;;;;2;;;;2;;;.;;;;2;;1;11;;23;214.42680113
6,011,752;1;3;1;80;23;;;;2;;;;2;;;.;2;2;;2;;1;11;;23;433.82504313
6,011,754;1;2;1;80;23;;;;2;;;;2;;;.;2;2;;2;;1;11;;23;179.48923705
6,011,755;1;2;1;80;23;2;;908,526;1;3;;2;;;9;;2;2;;2;;1;11;4;23;160.34365253
6,011,755;1;3;1;80;23;2;;800,000;2;;;;2;;;.;2;2;;2;;1;11;;23;160.34365253
6,011,755;1;9;1;80;23;;;;2;;;;2;;;.;;;;2;;1;11;;23;160.34365253
6,011,756;1;2;1;80;23;;;;2;;;;2;;;.;2;2;;2;;1;11;;23;185.2015064
6,011,758;1;5;1;80;23;;;;2;;;;2;;;.;2;2;;2;;1;11;;23;495.71490063
6,011,758;1;6;1;80;23;;;;2;;;;2;;;.;;;;2;;1;11;;23;495.71490063
6,011,759;1;2;1;80;23;;;;2;;;;2;;;.;2;2;;2;;1;11;;23;196.1233692
6,011,759;1;3;1;80;23;;;;2;;;;2;;;.;2;2;;2;;1;11;;23;196.1233692
6,011,759;1;4;1;80;23;;;;2;;;;2;;;.;;;;2;;1;11;;23;196.1233692
6,011,761;1;1;1;80;23;;;;1;3;;2;;;9;;2;2;;2;;1;11;3;23;260.13903382
6,011,761;1;4;1;80;23;;;;2;;;;2;;;.;2;2;;2;;1;11;;23;260.13903382
6,011,761;1;5;1;80;23;;;;2;;;;2;;;.;;;;2;;1;11;;23;260.13903382
6,011,763;1;2;1;80;23;;;;2;;;;2;;;.;2;2;;2;;1;11;;23;379.59969717
6,011,764;1;3;1;80;23;;;;2;;;;2;;;.;2;2;;2;;1;11;;23;203.53614173
6,011,764;1;4;1;80;23;;;;2;;;;2;;;.;2;2;;2;;1;11;;23;203.53614173
6,011,765;1;3;1;80;23;1;48;908,526;2;;;;2;;;.;2;2;;2;;1;11;;23;156.25482773
6,011,798;1;2;1;80;23;;;;1;7;;2;;;8;;2;2;;2;;1;11;3;23;196.45207911
6,011,798;1;3;1;80;23;;;;2;;;;2;;;.;2;2;;2;;1;11;;23;196.45207911
6,011,798;1;4;1;80;23;;;;2;;;;2;;;.;2;2;;2;;1;11;;23;196.45207911
6,011,799;1;1;1;80;23;;;;1;4;;2;;;4;;2;2;;2;;1;11;2;23;156.40647556
6,011,800;1;1;1;80;23;;;;1;5;;2;;;10;;3;3;;2;;1;11;4;23;216.3977731
6,011,800;1;2;1;80;23;;;;1;3;;2;;;9;;2;2;;2;;1;11;4;23;216.3977731
6,011,800;1;3;1;80;23;;;;1;4;;2;;;9;;2;2;;2;;1;11;1.4;23;216.3977731
6,011,801;1;2;1;80;23;;;;2;;;;2;;;.;2;2;;2;;1;11;;23;198.32654828
6,011,802;1;3;1;80;23;;;;2;;;;2;;;.;2;2;;2;;1;11;;23;195.26077999
6,011,803;1;3;1;80;23;;;;1;6;;2;;;9;;2;2;;2;;1;11;1.4;23;220.99611529
6,011,804;1;1;1;80;23;;;;2;;;;2;;;.;2;2;;2;;1;11;;23;102.95585651
6,011,804;1;4;1;80;23;1;48;908,526;1;7;;2;;;12;PORQUE LE DA MIEDO LA PANDEMIA;2;2;;2;;1;11;2;23;102.95585651
6,011,804;1;6;1;80;23;;;;1;5;;2;;;10;;3;3;;2;;1;11;4;23;102.95585651
6,011,805;1;2;1;80;23;;;;2;;;;2;;;.;2;2;;2;;1;11;;23;195.84082785
6,011,806;1;2;1;80;23;;;;1;4;;2;;;4;;2;2;;2;;1;11;4;23;136.30913374
6,011,806;1;3;1;80;23;;;;1;4;;2;;;9;;2;2;;2;;1;11;4;23;136.30913374
6,011,806;1;4;1;80;23;;;;2;;;;2;;;.;2;2;;2;;1;11;;23;136.30913374
6,011,806;1;5;1;80;23;;;;2;;;;2;;;.;2;2;;2;;1;11;;23;136.30913374
6,011,807;1;1;1;80;23;;;;1;5;;2;;;8;;2;2;;2;;1;11;4;23;130.6863458
6,011,808;1;2;1;80;23;;;;2;;;;2;;;.;2;2;;2;;1;11;;23;288.08909242
6,011,808;1;3;1;80;23;;;;2;;;;2;;;.;2;2;;2;;1;11;;23;288.08909242
6,011,808;2;2;2;80;23;;;;2;;;;2;;;.;2;2;;2;;1;11;;23;288.08909242
6,011,808;3;2;3;80;23;;;;1;2;;2;;;2;;2;2;;2;;1;11;1.3;23;288.08909242
6,011,809;1;1;1;80;23;;;;1;3;;2;;;9;;2;2;;2;;1;11;4;23;204.7426464
6,011,809;1;2;1;80;23;2;;700,000;1;4;;2;;;8;;2;2;;2;;1;11;2;23;204.7426464
6,011,809;1;7;1;80;23;;;;2;;;;2;;;.;;;;2;;1;11;;23;204.7426464
6,011,810;1;2;1;80;23;;;;1;3;;2;;;9;;2;2;;2;;1;11;4;23;208.38582187
6,011,810;1;3;1;80;23;;;;2;;;;2;;;.;2;2;;2;;1;11;;23;208.38582187
6,011,812;1;2;1;80;23;;;;2;;;;2;;;.;2;2;;2;;1;11;;23;210.35679384
6,011,812;1;3;1;80;23;;;;2;;;;2;;;.;2;2;;2;;1;11;;23;210.35679384
6,011,813;1;1;1;80;23;;;;1;5;;2;;;10;;3;3;;2;;1;11;4;23;123.86569369
6,011,813;1;2;1;80;23;;;;1;4;;2;;;4;;2;2;;2;;1;11;4;23;123.86569369
6,011,814;1;3;1;80;23;;;;2;;;;2;;;.;2;2;;2;;1;11;;23;210.35679384
6,011,815;1;2;1;80;23;;;;2;;;;2;;;.;2;2;;2;;1;11;;23;182.61661983
6,011,815;1;5;1;80;23;;;;2;;;;2;;;.;2;2;;2;;1;11;;23;182.61661983
6,011,815;1;6;1;80;23;;;;2;;;;2;;;.;2;2;;2;;1;11;;23;182.61661983
6,011,816;1;5;1;80;23;;;;2;;;;2;;;.;;;;2;;1;11;;23;260.13903382
6,011,817;1;2;1;80;23;;;;2;;;;2;;;.;2;2;;2;;1;11;;23;216.97782096
6,011,818;1;2;1;80;23;;;;2;;;;2;;;.;2;2;;2;;1;11;;23;216.91252156
6,011,818;1;3;1;80;23;;;;2;;;;2;;;.;;;;2;;1;11;;23;216.91252156
6,011,820;1;1;1;80;23;;;;1;4;;2;;;4;;2;2;;2;;1;11;1.3;23;120.37573426
6,011,820;1;2;1;80;23;;;;2;;;;2;;;.;2;2;;2;;1;11;;23;120.37573426
6,011,821;1;3;1;80;23;;;;2;;;;2;;;.;2;2;;2;;1;11;;23;195.26077999
6,011,822;1;1;1;80;23;;;;2;;;;2;;;.;2;2;;2;;1;11;;23;227.89968376
6,011,822;1;3;1;80;23;;;;2;;;;2;;;.;2;2;;2;;1;11;;23;227.89968376
6,011,822;1;4;1;80;23;;;;2;;;;2;;;.;2;2;;2;;1;11;;23;227.89968376
6,011,823;1;5;1;80;23;;;;2;;;;2;;;.;2;2;;2;;1;11;;23;172.91385014
6,011,823;1;6;1;80;23;;;;2;;;;2;;;.;;;;2;;1;11;;23;172.91385014
6,011,824;1;1;1;80;23;;;;1;4;;2;;;4;;2;2;;2;;1;11;2;23;176.97862635
6,011,825;1;2;1;80;23;;;;2;;;;2;;;.;2;2;;2;;1;11;;23;197.74650042
6,011,825;1;3;1;80;23;;;;2;;;;2;;;.;2;2;;2;;1;11;;23;197.74650042
6,011,826;1;3;1;80;23;;;;2;;;;2;;;.;;;;2;;1;11;;23;229.52281498
6,011,827;1;3;1;80;23;;;;2;;;;2;;;.;2;2;;2;;1;11;;23;160.67267576
6,011,827;1;4;1;80;23;;;;2;;;;2;;;.;2;2;;2;;1;11;;23;160.67267576
6,011,828;1;1;1;80;23;;;;1;4;;2;;;4;;2;2;;2;;1;11;3;23;204.89586244
6,011,830;1;1;1;80;23;;;;1;5;;2;;;10;;3;3;;2;;1;11;4;23;120.37573426
6,011,830;1;2;1;80;23;;;;1;4;;2;;;9;;2;2;;2;;1;11;4;23;120.37573426
6,011,831;1;2;1;80;23;;;;1;4;;2;;;4;;2;2;;2;;1;11;2;23;195.84082785
6,011,832;1;1;1;80;23;;;;1;3;;2;;;9;;2;2;;2;;1;11;4;23;122.57284059
6,011,832;1;2;1;80;23;;;;1;3;;2;;;9;;2;2;;2;;1;11;4;23;122.57284059
6,011,833;1;1;1;80;23;;;;1;3;;2;;;9;;2;2;;2;;1;11;4;23;126.06280002
6,011,835;1;2;1;80;23;;;;2;;;;2;;;.;2;2;;2;;1;11;;23;240.44467778
6,011,835;1;3;1;80;23;;;;2;;;;2;;;.;;;;2;;1;11;;23;240.44467778
6,011,835;1;5;1;80;23;;;;1;3;;2;;;9;;2;2;;2;;1;11;2;23;240.44467778
6,011,837;1;2;1;80;23;;;;1;3;;2;;;9;;2;2;;2;;1;11;4;23;120.37573426
6,011,839;1;3;1;80;23;;;;2;;;;2;;;.;2;2;;2;;1;11;;23;221.8587045
6,011,839;1;4;1;80;23;;;;2;;;;2;;;.;;;;2;;1;11;;23;221.8587045
6,011,840;1;1;1;80;23;;;;1;4;;2;;;4;;2;2;;2;;1;11;2;23;204.89586244
6,011,841;1;1;1;80;23;2;;800,000;1;4;;2;;;4;;2;2;;2;;1;11;4;23;120.37573426
6,011,842;1;3;1;80;23;;;;2;;;;2;;;.;2;2;;2;;1;11;;23;228.94276712
6,011,842;1;4;1;80;23;;;;2;;;;2;;;.;;;;2;;1;11;;23;228.94276712
6,011,843;1;2;1;80;23;;;;1;4;;2;;;4;;2;2;;2;;1;11;2;23;216.3977731
6,011,843;1;3;1;80;23;;;;2;;;;2;;;.;2;2;;2;;1;11;;23;216.3977731
6,011,846;1;1;1;80;23;;;;2;;;;2;;;.;2;2;;2;;1;11;;23;122.57284059
6,011,848;1;1;1;80;23;;;;1;5;;2;;;10;;3;3;;2;;1;11;4;23;90.906550472
6,011,848;1;2;1;80;23;;;;1;5;;2;;;10;;3;3;;2;;1;11;3;23;90.906550472
6,011,848;1;3;1;80;23;;;;2;;;;2;;;.;2;2;;2;;1;11;;23;90.906550472
6,011,849;1;5;1;80;23;;;;1;6;;2;;;8;;2;2;;2;;1;11;3;23;187.72732264
6,011,850;1;1;1;80;23;;;;1;5;;2;;;10;;3;3;;2;;1;11;3;23;105.27972041
6,011,851;1;3;1;80;23;;;;2;;;;2;;;.;2;2;;2;;1;11;;23;166.87894363
6,011,852;1;1;1;80;23;;;;1;4;;2;;;4;;2;2;;2;;1;11;4;23;171.37573184
6,011,852;1;2;1;80;23;;;;1;6;;2;;;11;;2;2;;2;;1;11;4;23;171.37573184
6,011,853;1;3;1;80;23;;;;2;;;;2;;;.;2;2;;2;;1;11;;23;228.94276712
6,011,853;1;4;1;80;23;;;;2;;;;2;;;.;2;2;;2;;1;11;;23;228.94276712
6,011,856;1;2;1;80;23;;;;1;6;;2;;;11;;2;2;;2;;1;11;4;23;145.64039654
6,011,856;1;4;1;80;23;;;;2;;;;2;;;.;2;2;;2;;1;11;;23;145.64039654
6,011,859;1;1;1;80;23;;;;1;4;;2;;;4;;2;2;;2;;1;11;4;23;90.906550472
6,011,859;1;2;1;80;23;;;;1;5;;2;;;10;;3;3;;2;;1;11;4;23;90.906550472
6,011,859;1;5;1;80;23;;;;1;3;;2;;;9;;2;2;;2;;1;11;4;23;90.906550472
6,011,859;1;6;1;80;23;;;;2;;;;2;;;.;2;2;;2;;1;11;;23;90.906550472
6,011,860;1;1;1;80;23;;;;1;3;;2;;;9;;2;2;;2;;1;11;4;23;143.12978584
6,011,860;1;3;1;80;23;;;;1;5;;2;;;10;;3;3;;2;;1;11;4;23;143.12978584
6,011,862;1;1;1;80;23;;;;2;;;;2;;;.;2;2;;2;;1;11;;23;90.906550472
6,011,862;1;2;1;80;23;;;;1;5;;2;;;10;;3;3;;2;;1;11;4;23;90.906550472
6,011,863;1;1;1;80;23;;;;1;5;;2;;;10;;3;3;;2;;1;11;4;23;145.78235965
6,011,864;1;2;1;80;23;;;;1;3;;2;;;9;;2;2;;2;;1;11;3;23;195.84082785
6,011,866;1;1;1;80;23;;;;2;;;;2;;;.;2;2;;2;;1;11;;23;143.12978584
6,011,866;1;2;1;80;23;;;;2;;;;2;;;.;2;2;;2;;1;11;;23;143.12978584
6,011,867;1;2;1;80;23;;;;1;3;;2;;;5;;2;2;;2;;1;11;2;23;239.86462992
6,011,867;1;4;1;80;23;;;;2;;;;2;;;.;2;2;;2;;1;11;;23;239.86462992
6,011,867;1;5;1;80;23;;;;2;;;;2;;;.;2;2;;2;;1;11;;23;239.86462992
6,011,867;1;6;1;80;23;;;;2;;;;2;;;.;;;;2;;1;11;;23;239.86462992
6,011,868;1;1;1;80;23;;;;1;5;;2;;;10;;3;3;;2;;1;11;3;23;120.37573426
6,011,868;1;2;1;80;23;;;;2;;;;2;;;.;2;2;;2;;1;11;;23;120.37573426
6,011,869;1;2;1;80;23;;;;1;3;;2;;;9;;2;2;;2;;1;11;4;23;157.03293236
6,011,869;1;4;1;80;23;;;;2;;;;2;;;.;2;2;;2;;1;11;;23;157.03293236
6,011,870;1;2;1;80;23;;;;1;3;;2;;;9;;2;2;;2;;1;11;4;23;137.66885444
6,011,871;1;1;1;80;23;;;;1;3;;2;;;9;;2;2;;2;;1;11;4;23;122.57284059
6,011,872;1;5;1;80;23;;;;2;;;;2;;;.;;;;2;;1;11;;23;188.45533342
6,011,873;1;2;1;80;23;;;;2;;;;2;;;.;2;2;;2;;1;11;;23;97.166215203
6,011,874;1;1;1;80;23;;;;1;3;;2;;;9;;2;2;;2;;1;11;4;23;122.57284059
6,011,876;1;1;1;80;23;;;;1;3;;2;;;9;;2;2;;2;;1;11;4;23;234.74761397
6,011,876;1;5;1;80;23;;;;2;;;;2;;;.;;;;2;;1;11;;23;234.74761397
6,011,877;1;4;1;80;23;;;;2;;;;2;;;.;2;2;;2;;1;11;;23;170.15797424
6,011,878;1;1;1;80;23;;;;2;;;;2;;;.;2;2;;2;;1;11;;23;149.75081296
6,011,879;1;3;1;80;23;;;;2;;;;2;;;.;2;2;;2;;1;11;;23;215.81772524
6,011,879;1;4;1;80;23;;;;2;;;;2;;;.;2;2;;2;;1;11;;23;215.81772524
6,011,880;1;2;1;80;23;;;800,000;1;4;;1;;1;1;;2;2;;1;100,000;1;11;1.1;23;242.1331084
6,011,884;1;2;1;80;23;;;;1;2;;2;;;2;;2;2;;2;;1;11;1.3;23;151.24329105
6,011,885;1;2;1;80;23;;;;1;4;;2;;;8;;2;2;;2;;1;11;1.4;23;149.88357034
6,011,885;1;3;1;80;23;;;;2;;;;2;;;.;2;2;;2;;1;11;;23;149.88357034
6,011,885;1;4;1;80;23;;;;2;;;;2;;;.;2;2;;2;;1;11;;23;149.88357034
6,011,885;1;5;1;80;23;;;;2;;;;2;;;.;2;2;;2;;1;11;;23;149.88357034
6,011,886;1;1;1;80;23;;;;1;5;;2;;;8;;2;2;;2;;1;11;4;23;193.49207368
6,011,886;1;2;1;80;23;2;;800,000;1;7;;2;;;9;;2;2;;2;;1;11;2;23;193.49207368
6,011,888;1;2;1;80;23;;;;1;3;;2;;;9;;2;2;;2;;1;11;4;23;139.23793576
6,011,889;1;2;1;80;23;;;;1;4;;2;;;8;;2;2;;2;;1;11;4;23;179.48923705
6,011,889;1;3;1;80;23;;;;2;;;;2;;;.;2;2;;2;;1;11;;23;179.48923705
6,011,891;1;2;1;80;23;;;;1;4;;2;;;4;;2;2;;2;;1;11;4;23;120.37573426
6,011,892;1;2;1;80;23;;;;2;;;;2;;;.;2;2;;2;;1;11;;23;118.05187037
6,011,892;1;5;1;80;23;;;;1;4;;2;;;4;;2;2;;2;;1;11;4;23;118.05187037
6,011,893;1;1;1;80;23;;;;1;3;;2;;;9;;2;2;;2;;1;11;4;23;113.55508216
6,011,893;1;4;1;80;23;;;;1;4;;2;;;4;;2;2;;2;;1;11;4;23;113.55508216
6,011,894;1;2;1;80;23;;;;2;;;;2;;;.;2;2;;2;;1;11;;23;207.54084963
6,011,894;1;4;1;80;23;2;;908,526;1;9;PANDEMIA;2;;;12;EMBARAZO;2;2;;2;;1;11;2;23;207.54084963
6,011,894;1;7;1;80;23;;;;2;;;;2;;;.;2;2;;2;;1;11;;23;207.54084963
6,011,895;1;1;1;80;23;;;;2;;;;2;;;.;2;2;;2;;1;11;;23;145.78235965
6,011,896;1;1;1;80;23;;;;1;4;;2;;;8;;2;2;;2;;1;11;4;23;145.78235965
6,011,898;1;2;1;80;23;;;;2;;;;2;;;.;2;2;;2;;1;11;;23;189.79984859
6,011,899;1;1;1;80;23;;;;1;4;;2;;;4;;2;2;;2;;1;11;3;23;140.94788505
6,011,899;1;3;1;80;23;;;;1;4;;2;;;4;;2;2;;2;;1;11;4;23;140.94788505
6,011,900;1;2;1;80;23;;;908,526;1;5;;1;;2;1;;3;3;;2;;1;11;2;23;216.3977731
6,011,900;1;3;1;80;23;;;;2;;;;2;;;.;2;2;;2;;1;11;;23;216.3977731
6,011,901;1;2;1;80;23;;;;2;;;;2;;;.;;;;2;;1;11;;23;174.99244884
6,011,903;1;1;1;80;23;;;;1;3;;2;;;9;;2;2;;2;;1;11;4;23;247.5287404
6,011,904;1;1;1;80;23;;;;1;4;;2;;;4;;2;2;;2;;1;11;3;23;192.28556902
6,011,904;1;2;1;80;23;;;;2;;;;2;;;.;2;2;;2;;1;11;;23;192.28556902
6,011,906;1;2;1;80;23;;;;1;3;;2;;;9;;2;2;;2;;1;11;4;23;181.68634338
6,011,909;1;1;1;80;23;;;;2;;;;2;;;.;2;2;;2;;1;11;;23;156.40647556
6,011,929;1;1;1;80;23;1;40;600,000;1;4;;2;;;8;;2;2;;2;;1;11;4;23;145.78235965
6,011,930;1;2;1;80;23;;;;2;;;;2;;;.;2;2;;2;;1;11;;23;192.28556902
6,013,211;1;1;1;80;50;;;;1;5;;2;;;10;;3;3;;2;;1;11;4;50;287.47014746
6,013,211;1;2;1;80;50;;;;1;3;;2;;;9;;2;2;;2;;1;11;4;50;287.47014746
6,013,212;1;3;1;80;50;;;;2;;;;2;;;.;2;2;;2;;1;11;;50;172.4004843
6,013,213;1;2;1;80;50;;;;2;;;;2;;;.;2;2;;2;;1;11;;50;248.9004409
6,013,213;1;3;1;80;50;;;;2;;;;2;;;.;2;2;;2;;1;11;;50;248.9004409
6,013,213;1;4;1;80;50;;;;1;4;;2;;;4;;2;2;;2;;1;11;1.4;50;248.9004409
6,013,216;1;1;1;80;50;;;;1;5;;2;;;10;;3;3;;2;;1;11;4;50;207.65320573
6,013,216;1;2;1;80;50;;;;1;3;;2;;;9;;2;2;;2;;1;11;4;50;207.65320573
6,013,217;1;1;1;80;50;1;48;920,000;1;3;;2;;;8;;2;2;;2;;1;11;1.4;50;155.17239372
6,013,218;1;2;1;80;50;;;;2;;;;2;;;.;2;2;;2;;1;11;;50;187.10169539
6,013,218;1;3;1;80;50;;;;2;;;;2;;;.;;;;2;;1;11;;50;187.10169539
6,013,221;1;1;1;80;50;;;;1;6;;2;;;11;;2;2;;2;;1;11;4;50;292.40989644
6,013,224;1;3;1;80;50;;;;2;;;;2;;;.;;;;2;;1;11;;50;187.38077686
6,013,224;1;4;1;80;50;;;;1;6;;2;;;11;;2;2;;2;;1;11;4;50;187.38077686
6,013,227;1;4;1;80;50;;;;2;;;;2;;;.;;;;2;;1;11;;50;178.34192483
6,013,228;1;2;1;80;50;;;;1;3;;2;;;9;;2;2;;2;;1;11;3;50;406.651326
6,013,228;1;3;1;80;50;;;;2;;;;2;;;.;;;;2;;1;11;;50;406.651326
6,013,229;1;1;1;80;50;;;;1;7;;2;;;9;;2;2;;2;;1;11;3;50;223.08033206
6,013,229;1;2;1;80;50;;;;1;3;;2;;;4;;2;2;;2;;1;11;4;50;223.08033206
6,013,230;1;3;1;80;50;;;;2;;;;2;;;.;;;;2;;1;11;;50;392.61178818
6,013,231;1;2;1;80;50;;;;2;;;;2;;;.;2;2;;2;;1;11;;50;310.99537108
6,013,233;1;3;1;80;50;;;;2;;;;2;;;.;2;2;;2;;1;11;;50;235.43291564
6,013,233;1;4;1;80;50;;;;2;;;;2;;;.;;;;2;;1;11;;50;235.43291564
6,013,240;1;2;1;80;50;;;;1;2;;2;;;2;;2;2;;2;;1;11;1.1;50;235.10406614
6,013,241;1;1;1;80;50;;;900,000;1;7;;2;;;12;ESTA EMBARAZADA;2;2;;2;;1;11;2;50;276.07221983
6,013,242;1;3;1;80;50;;;;2;;;;2;;;.;2;2;;2;;1;11;;50;395.35350717
6,013,242;1;4;1;80;50;;;;2;;;;2;;;.;;;;2;;1;11;;50;395.35350717
6,013,243;1;1;1;80;50;;;;1;5;;2;;;10;;3;3;;2;;1;11;4;50;256.10241026
6,013,247;1;1;1;80;50;;;;2;;;;2;;;.;2;2;;2;;1;11;;50;318.07786729
6,013,249;1;3;1;80;50;;;;2;;;;2;;;.;;;;2;;1;11;;50;258.44706351
6,013,250;1;2;1;80;50;;;;1;4;;2;;;8;;2;2;;2;;1;11;4;50;251.44174274
6,013,250;1;3;1;80;50;;;;1;4;;2;;;10;;3;3;;2;;1;11;4;50;251.44174274
6,013,251;1;5;1;80;50;;;;1;4;;2;;;4;;2;2;;2;;1;11;1.4;50;261.91469775
6,013,252;1;1;1;80;50;;;;1;5;;2;;;10;;3;3;;2;;1;11;3;50;235.10406614
6,013,252;1;2;1;80;50;;;;2;;;;2;;;.;2;2;;2;;1;11;;50;235.10406614
6,013,254;1;2;1;80;50;;;;1;4;;2;;;4;;2;2;;2;;1;11;4;50;239.20316918
6,013,255;1;1;1;80;50;;;;1;3;;2;;;9;;2;2;;2;;1;11;4;50;272.88366707
6,013,255;1;2;1;80;50;;;;2;;;;2;;;.;2;2;;2;;1;11;;50;272.88366707
6,013,256;1;1;1;80;50;;;;1;4;;2;;;4;;2;2;;2;;1;11;3;50;256.64609926
6,013,257;1;1;1;80;50;;;;1;3;;2;;;8;;2;2;;2;;1;11;4;50;187.38077686
6,013,257;1;4;1;80;50;;;;2;;;;2;;;.;;;;2;;1;11;;50;187.38077686
6,013,258;1;2;1;80;50;;;;2;;;;2;;;.;;;;2;;1;11;;50;447.74642318
6,013,259;1;3;1;80;50;;;;1;3;;2;;;9;;2;2;;2;;1;11;2;50;307.85509747
6,013,261;1;1;1;80;50;;;;1;5;;2;;;10;;3;3;;2;;1;11;1.4;50;427.64967012
6,013,262;1;2;1;80;50;;;;1;3;;2;;;4;;2;2;;2;;1;11;4;50;187.10169539
6,013,263;1;1;1;80;50;;;;1;4;;2;;;4;;2;2;;2;;1;11;4;50;187.10169539
6,013,263;1;3;1;80;50;;;;2;;;;2;;;.;2;2;;2;;1;11;;50;187.10169539
6,013,264;1;2;1;80;50;;;;1;3;;2;;;8;;2;2;;2;;1;11;1.4;50;289.66817745
6,013,266;1;1;1;80;50;;;;1;1;;2;;;4;;2;2;;2;;1;11;4;50;276.62486805
6,013,266;1;2;1;80;50;;;;1;3;;2;;;9;;2;2;;2;;1;11;4;50;276.62486805
6,013,266;1;4;1;80;50;;;;2;;;;2;;;.;2;2;;2;;1;11;;50;276.62486805
6,013,266;1;5;1;80;50;;;;2;;;;2;;;.;;;;2;;1;11;;50;276.62486805
6,013,266;1;6;1;80;50;;;900,000;1;1;;2;;;4;;2;2;;2;;1;11;1.2;50;276.62486805
6,013,268;1;1;1;80;50;2;;906,000;1;3;;2;;;9;;2;2;;2;;1;11;1.3;50;423.55056708
6,013,269;1;2;1;80;50;;;;2;;;;2;;;.;2;2;;2;;1;11;;50;261.30676677
6,013,270;1;4;1;80;50;;;;2;;;;2;;;.;2;2;;2;;1;11;;50;263.38681249
6,013,271;1;3;1;80;50;;;;2;;;;2;;;.;2;2;;2;;1;11;;50;208.70797049
6,013,271;1;4;1;80;50;;;;2;;;;2;;;.;;;;2;;1;11;;50;208.70797049
6,013,272;1;4;1;80;50;;;;1;5;;2;;;10;;3;3;;2;;1;11;4;50;170.15268627
6,013,273;1;2;1;80;50;;;;2;;;;2;;;.;;;;2;;1;11;;50;359.04602099
6,013,274;1;1;1;80;50;;;;1;3;;2;;;1;;2;2;;2;;1;11;2;50;193.39882842
6,013,275;1;1;1;80;50;;;;1;3;;2;;;9;;2;2;;2;;1;11;4;50;289.66817745
6,013,276;1;1;1;80;50;;;;1;8;;2;;;8;;2;2;;2;;1;11;4;50;220.33861307
6,013,276;1;2;1;80;50;;;;1;5;;2;;;10;;3;3;;2;;1;11;4;50;220.33861307
6,013,278;1;4;1;80;50;;;;2;;;;2;;;.;;;;2;;1;11;;50;204.60886744
6,013,279;1;2;1;80;50;;;;2;;;;2;;;.;2;2;;2;;1;11;;50;246.60555568
6,013,280;1;1;1;80;50;;;;1;3;;2;;;9;;2;2;;2;;1;11;4;50;313.73709007
6,013,281;1;5;1;80;50;;;;2;;;;2;;;.;2;2;;2;;1;11;;50;334.73218062
6,013,282;1;2;1;80;52;1;24;500,000;1;9;PANDEMIA COVID 19;2;;;9;;2;2;;2;;1;11;2;52;332.39603485
6,013,285;1;3;1;80;52;;;;2;;;;2;;;.;2;2;;2;;1;11;;52;332.39603485
6,013,287;1;1;1;80;52;;;;1;8;;2;;;8;;3;3;;2;;1;11;4;52;157.75852483
6,013,287;1;4;1;80;52;;;;2;;;;2;;;.;2;2;;2;;1;11;;52;157.75852483
6,013,288;1;1;1;80;52;;;;1;3;;2;;;9;;2;2;;2;;1;11;4;52;304.40242359
6,013,289;1;2;1;80;52;;;;2;;;;2;;;.;2;2;;2;;1;11;;52;203.00417097
6,013,292;1;1;1;80;52;;;;1;5;;2;;;10;;3;3;;2;;1;11;4;52;197.79663266
6,013,292;1;2;1;80;52;;;;1;3;;2;;;9;;2;2;;2;;1;11;4;52;197.79663266
6,013,292;1;3;1;80;52;;;;2;;;;2;;;.;2;2;;2;;1;11;;52;197.79663266
6,013,295;1;2;1;80;52;;;;2;;;;2;;;.;2;2;;2;;1;11;;52;201.95718854
6,013,297;1;3;1;80;52;;;;1;8;;2;;;2;;2;2;;2;;1;11;1.2;52;234.09989008
6,013,297;1;4;1;80;52;;;;2;;;;2;;;.;;;;2;;1;11;;52;234.09989008
6,013,298;1;1;1;80;52;;;;1;5;;2;;;10;;3;3;;2;;1;11;2;52;230.70990698
6,013,299;1;3;1;80;52;2;;908,000;2;;;;2;;;.;2;2;;2;;1;11;;52;331.34905242
6,013,301;1;2;1;80;52;;;;1;2;;2;;;2;;2;2;;2;;1;11;3;52;203.00417097
6,013,302;1;1;1;80;52;;;;1;5;;2;;;10;;3;3;;2;;1;11;4;52;211.83050317
6,013,302;1;2;1;80;52;;;;1;3;;2;;;8;;2;2;;2;;1;11;4;52;211.83050317
6,013,302;1;3;1;80;52;;;;2;;;;2;;;.;2;2;;2;;1;11;;52;211.83050317
6,013,303;1;2;1;80;52;;;;1;3;;2;;;4;;2;2;;2;;1;11;4;52;143.03967689
6,013,303;1;4;1;80;52;;;;2;;;;2;;;.;;;;2;;1;11;;52;143.03967689
6,013,306;1;1;1;80;52;1;40;1,000,000;1;4;;2;;;4;;1;2;;1;600,000;1;11;1.2;52;235.09276651
6,013,308;1;4;1;80;52;;;;1;9;LA PANDEMIA;2;;;9;;2;2;;2;;1;11;3;52;272.98348241
6,013,311;1;3;1;80;52;2;;908,526;1;2;;2;;;2;;2;2;;2;;1;11;1.2;52;308.08028194
6,013,312;1;2;1;80;52;;;;2;;;;2;;;.;2;2;;2;;1;11;;52;204.69916252
6,013,312;1;3;1;80;52;;;;2;;;;2;;;.;;;;2;;1;11;;52;204.69916252
6,013,313;1;1;1;80;52;;;;1;5;;2;;;10;;3;3;;2;;1;11;4;52;265.5404765
6,013,314;1;1;1;80;52;;;;1;5;;2;;;10;;3;3;;2;;1;11;4;52;181.38279318
6,013,314;1;2;1;80;52;;;;1;5;;2;;;10;;3;3;;2;;1;11;4;52;181.38279318
6,013,318;1;1;1;80;52;;;;1;8;;2;;;8;;2;2;;2;;1;11;1.2;52;196.74965023
6,013,318;1;2;1;80;52;;;;1;8;;2;;;9;;2;2;;2;;1;11;1.3;52;196.74965023
6,013,318;1;3;1;80;52;;;;2;;;;2;;;.;2;2;;2;;1;11;;52;196.74965023
6,013,319;1;1;1;80;52;;;;1;5;;2;;;10;;3;3;;2;;1;11;1.4;52;186.59033149
6,013,322;1;2;1;80;52;;;;1;7;;2;;;9;;2;2;;2;;1;11;3;52;233.45188096
6,013,322;1;3;1;80;52;;;;2;;;;2;;;.;;;;2;;1;11;;52;233.45188096
6,013,325;1;1;1;80;52;;;;1;5;;2;;;8;;3;3;;2;;1;11;4;52;155.01655085
6,013,325;1;2;1;80;52;;;;2;;;;2;;;.;2;2;;2;;1;11;;52;155.01655085
6,013,326;1;2;1;80;52;;;;1;3;;2;;;7;;2;2;;2;;1;11;4;52;274.67847396
6,013,326;1;3;1;80;52;;;908,526;1;8;;2;;;2;;2;2;;2;;1;11;2;52;274.67847396
6,013,327;1;1;1;80;52;;;;1;5;;2;;;10;;3;3;;2;;1;11;4;52;217.03804148
6,013,328;1;10;1;80;52;;;;1;7;;2;;;2;;;;;2;;1;11;3;52;437.50611547
6,013,330;1;1;1;80;52;1;40;500,000;1;4;;2;;;4;;2;2;;2;;1;11;2;52;141.34468534
6,013,330;1;2;1;80;52;;;;2;;;;2;;;.;2;2;;2;;1;11;;52;141.34468534
6,013,331;1;2;1;80;52;1;20;900,000;1;7;;2;;;9;;2;2;;2;;1;11;2;52;313.02159024
6,013,332;1;2;1;80;52;;;;2;;;;2;;;.;2;2;;2;;1;11;;52;304.58570791
6,013,339;1;2;1;80;52;;;;2;;;;2;;;.;2;2;;2;;1;11;;52;230.70990698
6,013,343;1;1;1;80;52;;;;1;5;;2;;;10;;3;3;;2;;1;11;4;52;186.59033149
6,013,346;1;1;1;80;52;;;;2;;;;1;2;12;PANDEMIA;2;2;;2;;1;11;;52;243.0422788
6,013,347;1;2;1;80;52;;;;1;3;;2;;;9;;2;2;;2;;1;11;4;52;232.94537458
6,013,348;1;1;1;80;52;;;;1;4;;2;;;8;;2;2;;2;;1;11;4;52;181.38279318
6,013,348;1;2;1;80;52;;;;1;5;;2;;;10;;3;3;;2;;1;11;4;52;181.38279318
6,013,349;1;2;1;80;52;;;;1;3;;2;;;9;;2;2;;2;;1;11;4;52;181.38279318
6,013,352;1;2;1;80;52;2;;500,000;1;4;;2;;;4;;2;2;;2;;1;11;1.4;52;213.52549472
6,013,352;1;4;1;80;52;;;;2;;;;2;;;.;2;2;;2;;1;11;;52;213.52549472
6,013,358;1;2;1;80;52;;;;2;;;;2;;;.;;;;2;;1;11;;52;243.58275485
6,013,359;1;1;1;80;52;;;;1;3;;2;;;8;;2;2;;2;;1;11;4;52;134.55036748
6,013,359;1;3;1;80;52;;;;1;9;POR PROBLEMAS DE DROGAS;2;;;4;;2;2;;2;;1;11;3;52;134.55036748
6,013,359;1;9;1;80;52;;;;2;;;;2;;;.;2;2;;2;;1;11;;52;134.55036748
6,013,360;1;2;1;80;52;;;;1;3;;2;;;9;;2;2;;2;;1;11;3;52;301.94832486
6,013,361;1;1;1;80;52;;;;1;4;;2;;;4;;2;2;;2;;1;11;4;52;277.93346146
6,013,362;1;1;1;80;52;;;;1;3;;2;;;9;;2;2;;2;;1;11;4;52;176.99993364
6,013,362;1;3;1;80;52;;;;2;;;;2;;;.;2;2;;2;;1;11;;52;176.99993364
6,013,363;1;3;1;80;52;;;;2;;;;2;;;.;;;;2;;1;11;;52;295.74791011
6,013,363;1;6;1;80;52;;;;1;8;;2;;;1;;2;2;;2;;1;11;1.4;52;295.74791011
6,013,363;1;7;1;80;52;;;;2;;;;2;;;.;;;;2;;1;11;;52;295.74791011
6,013,365;1;1;1;80;52;;;;1;4;;2;;;4;;2;2;;2;;1;11;4;52;195.05465868
6,013,368;1;4;1;80;52;;;;2;;;;2;;;.;2;2;;2;;1;11;;52;241.65766656
6,013,369;1;1;1;80;52;;;;1;4;;2;;;8;;2;2;;2;;1;11;2;52;211.83050317
6,013,369;1;2;1;80;52;;;;1;4;;2;;;4;;2;2;;2;;1;11;4;52;211.83050317
6,013,370;1;1;1;80;52;;;;1;4;;2;;;4;;2;2;;2;;1;11;3;52;181.38279318
6,013,370;1;2;1;80;52;;;;1;4;;2;;;4;;2;2;;2;;1;11;4;52;181.38279318
6,013,371;1;4;1;80;52;;;;2;;;;2;;;.;2;2;;2;;1;11;;52;228.89235177
6,013,371;1;5;1;80;52;;;;1;4;;2;;;4;;2;2;;2;;1;11;4;52;228.89235177
6,013,374;1;1;1;80;52;2;;908,526;1;1;;2;;;2;;2;2;;2;;1;11;1.4;52;301.19572481
6,013,374;1;2;1;80;52;2;;908,546;1;4;;2;;;4;;2;2;;2;;1;11;1.3;52;301.19572481
6,013,375;1;1;1;80;52;;;;1;4;;2;;;4;;2;2;;2;;1;11;2;52;181.38279318
6,013,376;1;3;1;80;52;;;;2;;;;2;;;.;;;;2;;1;11;;52;332.39603485
6,013,377;1;1;1;80;52;;;;1;4;;2;;;4;;3;3;;2;;1;11;1.2;52;186.59033149
6,013,379;1;2;1;80;52;;;;2;;;;2;;;.;;;;2;;1;11;;52;272.44300637
6,013,381;1;1;1;80;52;;;;1;7;;2;;;8;;3;3;;2;;1;11;3;52;186.59033149
6,013,384;1;3;1;80;52;;;;1;2;;2;;;2;;2;2;;2;;1;11;1.4;52;235.14687251
6,013,384;1;4;1;80;52;;;;2;;;;2;;;.;2;2;;2;;1;11;;52;235.14687251
6,013,385;1;1;1;80;52;;;;1;5;;2;;;10;;3;3;;2;;1;11;4;52;229.8852282
6,013,385;1;2;1;80;52;;;;1;4;;2;;;4;;2;2;;2;;1;11;4;52;229.8852282
6,013,388;1;1;1;80;52;;;;1;8;;2;;;9;;2;2;;2;;1;11;3;52;204.69916252
6,013,388;1;2;1;80;52;;;;2;;;;2;;;.;2;2;;2;;1;11;;52;204.69916252
6,013,388;1;3;1;80;52;;;;2;;;;2;;;.;;;;2;;1;11;;52;204.69916252
6,013,391;1;1;1;80;52;;;;1;4;;2;;;8;;2;2;;2;;1;11;4;52;242.27821316
6,013,391;1;2;1;80;52;;;;1;4;;2;;;4;;3;3;;2;;1;11;4;52;242.27821316
6,013,391;1;3;1;80;52;;;;1;4;;2;;;4;;3;3;;2;;1;11;4;52;242.27821316
6,013,392;1;2;1;80;52;;;;2;;;;2;;;.;;;;2;;1;11;;52;203.00417097
6,013,393;1;2;1;80;52;2;;908,526;1;9;PANDEMIA COVID 19;2;;;9;;2;2;;2;;1;11;2;52;343.68142424
6,013,395;1;2;1;80;52;;;;2;;;;2;;;.;2;2;;2;;1;11;;52;120.15015241
6,013,395;1;4;1;80;52;;;;2;;;;2;;;.;;;;2;;1;11;;52;120.15015241
6,013,396;1;2;1;80;52;;;;2;;;;2;;;.;2;2;;2;;1;11;;52;188.28532304
6,013,401;1;2;1;80;52;1;40;300,000;1;4;;2;;;9;;2;2;;2;;1;11;2;52;181.38279318
6,013,403;1;2;1;80;52;;;;2;;;;2;;;.;;;;2;;1;11;;52;201.95718854
6,013,404;1;2;1;80;52;2;;98;2;;;;2;;;.;;;;2;;1;11;;52;203.00417097
6,013,406;1;2;1;80;52;2;;1,500,000;1;9;PANDEMIA;2;;;2;;2;2;;2;;1;11;2;52;256.70267871
6,013,406;1;3;1;80;52;;;;1;8;;2;;;12;DILIGENCIAS PARA INGRESAR A ESTUDIAR;2;2;;2;;1;11;1.3;52;256.70267871
6,013,407;1;4;1;80;52;;;;2;;;;2;;;.;2;2;;2;;1;11;;52;277.63907908
6,013,408;1;2;1;80;52;;;;1;2;;2;;;2;;2;2;;2;;1;11;2;52;201.95718854
6,013,411;1;2;1;80;52;;;;1;2;;2;;;2;;2;2;;2;;1;11;1.2;52;242.53577242
6,013,412;1;2;1;80;52;;;;2;;;;2;;;.;;;;2;;1;11;;52;247.19136909
6,013,412;1;4;1;80;52;;;;2;;;;2;;;.;2;2;;2;;1;11;;52;247.19136909
6,013,415;1;2;1;80;52;;;;1;4;;2;;;8;;2;2;;2;;1;11;3;52;213.52549472
6,013,415;1;4;1;80;52;;;;2;;;;2;;;.;;;;2;;1;11;;52;213.52549472
6,013,416;1;2;1;80;52;;;;2;;;;2;;;.;2;2;;2;;1;11;;52;204.69916252
6,013,416;1;3;1;80;52;;;;2;;;;2;;;.;;;;2;;1;11;;52;204.69916252
6,013,417;1;3;1;80;52;;;;2;;;;2;;;.;;;;2;;1;11;;52;197.79663266
6,013,419;1;2;1;80;52;;;;1;1;;2;;;9;;2;2;;2;;1;11;2;52;271.28849086
6,013,421;1;3;1;80;52;;;;2;;;;2;;;.;2;2;;2;;1;11;;52;232.40489853
6,013,422;1;1;1;80;52;;;;1;3;;2;;;9;;2;2;;2;;1;11;3;52;341.47992631
6,013,422;1;2;1;80;52;;;;2;;;;2;;;.;;;;2;;1;11;;52;341.47992631
6,013,423;1;2;1;80;52;;;;2;;;;2;;;.;2;2;;2;;1;11;;52;204.69916252
6,013,423;1;3;1;80;52;;;;2;;;;2;;;.;;;;2;;1;11;;52;204.69916252
6,013,428;1;2;1;80;52;;;;2;;;;2;;;.;2;2;;2;;1;11;;52;235.14687251
6,013,428;1;4;1;80;52;;;;2;;;;2;;;.;2;2;;2;;1;11;;52;235.14687251
6,013,431;1;1;1;80;52;;;;1;4;;2;;;4;;2;2;;2;;1;11;4;52;181.38279318
6,013,431;1;2;1;80;52;;;;1;5;;2;;;10;;3;3;;2;;1;11;4;52;181.38279318
6,013,432;1;1;1;80;52;;;;1;5;;2;;;10;;3;3;;2;;1;11;4;52;189.33230547
6,013,432;1;2;1;80;52;;;;2;;;;2;;;.;;;;2;;1;11;;52;189.33230547
6,013,434;1;5;1;80;52;;;;1;4;;2;;;4;;2;2;;2;;1;11;4;52;311.3151331
6,013,434;1;6;1;80;52;;;;1;5;;2;;;10;;3;3;;2;;1;11;4;52;311.3151331
6,013,435;1;3;1;80;52;;;;2;;;;2;;;.;2;2;;2;;1;11;;52;176.99993364
6,013,436;1;1;1;80;52;;;;1;4;;2;;;8;;2;2;;2;;1;11;4;52;176.17525487
6,013,439;1;3;1;80;52;;;;2;;;;2;;;.;2;2;;2;;1;11;;52;126.03193429
6,013,439;1;4;1;80;52;;;;1;4;;2;;;4;;2;2;;2;;1;11;4;52;126.03193429
6,013,439;1;5;1;80;52;;;;2;;;;2;;;.;2;2;;2;;1;11;;52;126.03193429
6,013,440;1;1;1;80;52;;;;2;;;;2;;;.;2;2;;2;;1;11;;52;176.99993364
6,013,440;1;2;1;80;52;;;;1;2;;2;;;2;;2;2;;2;;1;11;3;52;176.99993364
6,013,442;1;2;1;80;52;;;;1;2;;2;;;2;;2;2;;2;;1;11;2;52;149.29419763
6,013,442;1;3;1;80;52;;;;2;;;;2;;;.;2;2;;2;;1;11;;52;149.29419763
6,013,443;1;2;1;80;52;2;;800,000;1;8;;2;;;9;;2;2;;2;;1;11;3;52;317.35102269
6,013,443;1;4;1;80;52;;;;2;;;;2;;;.;;;;2;;1;11;;52;317.35102269
6,013,444;1;1;1;80;52;;;;1;7;;2;;;8;;2;2;;2;;1;11;2;52;260.89907538
6,013,445;1;1;1;80;52;1;24;400,000;1;7;;2;;;1;;2;2;;2;;1;11;2;52;292.50130088
6,013,445;1;4;1;80;52;;;;2;;;;2;;;.;2;2;;2;;1;11;;52;292.50130088
6,013,445;1;5;1;80;52;;;;2;;;;2;;;.;2;2;;2;;1;11;;52;292.50130088
6,013,446;1;3;1;80;52;;;;2;;;;2;;;.;2;2;;2;;1;11;;52;233.45188096
6,013,447;1;1;1;80;52;;;;1;4;;2;;;8;;2;2;;2;;1;11;4;52;295.98818649
6,013,450;1;2;1;80;52;;;;1;8;;2;;;9;;2;2;;2;;1;11;3;52;428.59821475
6,013,453;1;2;1;80;52;;;;2;;;;2;;;.;2;2;;2;;1;11;;52;203.00417097
6,013,454;1;4;1;80;52;;;;2;;;;2;;;.;2;2;;2;;1;11;;52;184.77277628
6,013,455;1;1;1;80;52;;;;1;4;;2;;;4;;2;2;;2;;1;11;2;52;215.11295319
6,013,455;1;2;1;80;52;;;;1;3;;2;;;9;;2;2;;2;;1;11;2;52;215.11295319
6,013,455;1;3;1;80;52;1;40;908,526;2;;;;2;;;.;2;2;;2;;1;11;;52;215.11295319
6,013,456;1;2;1;80;52;;;;2;;;;2;;;.;;;;2;;1;11;;52;203.00417097
6,013,457;1;2;1;80;52;;;;1;3;;2;;;9;;2;2;;2;;1;11;4;52;141.34468534
6,013,458;1;1;1;80;52;1;20;500,000;1;7;;2;;;9;;2;2;;2;;1;11;2;52;299.20635088
6,013,459;1;1;1;80;52;;;;1;3;;2;;;9;;2;2;;2;;1;11;4;52;247.48575147
6,013,461;1;2;1;80;52;;;;2;;;;2;;;.;2;2;;2;;1;11;;52;203.65218009
6,013,461;1;3;1;80;52;;;;2;;;;2;;;.;2;2;;2;;1;11;;52;203.65218009
6,013,464;1;2;1;80;52;;;;1;4;;2;;;4;;2;2;;2;;1;11;1.4;52;197.29012628
6,013,467;1;4;1;80;52;;;;2;;;;2;;;.;2;2;;2;;1;11;;52;234.09989008
6,013,469;1;1;1;80;52;;;;1;4;;2;;;4;;2;2;;2;;1;11;4;52;127.67281984
6,013,470;1;2;1;80;52;2;;500,000;1;4;;2;;;4;;2;2;;2;;1;11;2;52;217.03804148
6,013,471;1;2;1;80;52;;;;1;3;;2;;;9;;2;2;;2;;1;11;4;52;211.83050317
6,013,474;1;3;1;80;52;;;;2;;;;2;;;.;2;2;;2;;1;11;;52;196.74965023
6,013,475;1;1;1;80;52;;;;1;5;;2;;;10;;3;3;;2;;1;11;4;52;213.52549472
6,013,475;1;2;1;80;52;;;;1;5;;2;;;10;;2;2;;2;;1;11;3;52;213.52549472
6,013,475;1;3;1;80;52;2;;1,500,000;1;1;;1;;1;2;;2;2;;2;;1;11;1.4;52;213.52549472
6,013,475;1;4;1;80;52;;;;2;;;;2;;;.;2;2;;2;;1;11;;52;213.52549472
6,013,476;1;1;1;80;52;;;;2;;;;2;;;.;2;2;;2;;1;11;;52;186.59033149
6,013,477;1;1;1;80;52;;;;1;5;;2;;;10;;3;3;;2;;1;11;4;52;186.86674113
6,013,477;1;2;1;80;52;;;;1;3;;2;;;9;;2;2;;2;;1;11;4;52;186.86674113
6,013,477;1;3;1;80;52;1;20;908,000;2;;;;1;1;2;;2;2;;2;;1;11;;52;186.86674113
6,013,477;1;4;1;80;52;;;;2;;;;2;;;.;2;2;;2;;1;11;;52;186.86674113
6,013,478;1;1;1;80;52;2;;908,526;1;3;;2;;;9;;2;2;;2;;1;11;4;52;243.58275485
6,013,478;1;2;1;80;52;2;;300,000;1;2;;2;;;2;;2;2;;2;;1;11;2;52;243.58275485
6,013,480;1;1;1;80;52;;;;1;8;;2;;;10;;3;3;;2;;1;11;1.3;52;199.49162421
6,013,480;1;4;1;80;52;;;;1;9;ESTADO DE EMBARAZO;2;;;12;POR ESTADO DE EMBARAZO;2;2;;2;;1;11;1.4;52;199.49162421
6,013,481;1;1;1;80;52;;;;1;4;;2;;;4;;2;2;;2;;1;11;3;52;324.50062855
6,013,481;1;2;1;80;52;;;;1;3;;2;;;9;;2;2;;2;;1;11;4;52;324.50062855
6,013,481;1;5;1;80;52;;;;2;;;;2;;;.;2;2;;2;;1;11;;52;324.50062855
6,013,481;1;6;1;80;52;2;;600,000;1;8;;2;;;9;;2;2;;2;;1;11;3;52;324.50062855
6,013,482;1;2;1;80;52;;;;1;3;;2;;;4;;2;2;;2;;1;11;4;52;211.83050317
6,013,484;1;2;1;80;52;;;;1;3;;2;;;9;;2;2;;2;;1;11;4;52;232.68781532
6,013,484;1;3;1;80;52;;;;1;2;;2;;;2;;2;2;;2;;1;11;3;52;232.68781532
6,013,484;1;4;1;80;52;;;;1;6;;2;;;8;;2;2;;2;;1;11;4;52;232.68781532
6,013,484;1;5;1;80;52;;;;1;3;;2;;;9;;2;2;;2;;1;11;4;52;232.68781532
6,013,485;1;1;1;80;52;;;;1;3;;2;;;9;;2;2;;2;;1;11;4;52;217.03804148
6,013,486;1;2;1;80;52;;;;1;3;;2;;;4;;2;2;;2;;1;11;4;52;261.15761697
6,013,487;1;4;1;80;52;;;;2;;;;2;;;.;;;;2;;1;11;;52;144.08665932
6,013,489;1;1;1;80;52;;;;1;3;;2;;;9;;2;2;;1;40,000;1;11;1.2;52;480.60060965
6,013,490;1;2;1;80;52;;;;1;3;;2;;;9;;2;2;;2;;1;11;2;52;271.28849086
6,013,492;1;1;1;80;52;;;;1;5;;2;;;10;;3;3;;2;;1;11;4;52;141.34468534
6,013,492;1;2;1;80;52;;;;2;;;;2;;;.;2;2;;2;;1;11;;52;141.34468534
6,013,493;1;1;1;80;52;;;;1;5;;2;;;10;;3;3;;2;;1;11;4;52;267.22400246
6,013,493;1;2;1;80;52;;;;1;3;;2;;;9;;2;2;;2;;1;11;4;52;267.22400246
6,013,493;1;3;1;80;52;;;;1;4;;2;;;4;;1;2;;2;;1;11;3;52;267.22400246
6,013,493;1;4;1;80;52;1;24;908,526;1;3;;2;;;9;;2;2;;2;;1;11;2;52;267.22400246
6,013,493;1;6;1;80;52;;;;2;;;;2;;;.;2;2;;2;;1;11;;52;267.22400246
6,013,494;1;3;1;80;52;;;;2;;;;2;;;.;2;2;;2;;1;11;;52;233.45188096
6,013,495;1;1;1;80;52;;;;1;5;;2;;;10;;3;3;;2;;1;11;4;52;173.48738689
6,013,495;1;2;1;80;52;;;;1;5;;2;;;10;;3;3;;2;;1;11;4;52;173.48738689
6,013,495;1;5;1;80;52;;;908,526;1;8;;2;;;2;;2;2;;2;;1;11;1.4;52;173.48738689
6,013,497;1;2;1;80;52;;;;1;3;;2;;;9;;2;2;;2;;1;11;2;52;217.57851752
6,013,498;1;3;1;80;52;;;;2;;;;1;2;8;;2;2;;2;;1;11;;52;232.40489853
6,013,501;1;1;1;80;52;;;;1;5;;2;;;10;;3;3;;2;;1;11;4;52;186.59033149
6,013,502;1;1;1;80;52;;;;1;5;;2;;;10;;3;3;;2;;1;11;4;52;171.79239533
6,013,502;1;2;1;80;52;;;;2;;;;2;;;.;3;3;;2;;1;11;;52;171.79239533
6,013,502;1;4;1;80;52;;;;2;;;;2;;;.;2;2;;2;;1;11;;52;171.79239533
6,013,504;1;1;1;80;52;;;;1;5;;2;;;10;;3;3;;2;;1;11;4;52;146.55222365
6,013,506;1;1;1;80;52;;;;1;5;;2;;;10;;3;3;;2;;1;11;4;52;120.15015241
6,013,506;1;3;1;80;52;;;;1;3;;2;;;9;;2;2;;2;;1;11;4;52;120.15015241
6,013,507;1;1;1;80;52;;;;1;5;;2;;;10;;3;3;;2;;1;11;4;52;186.59033149
6,013,508;1;1;1;80;52;;;;1;5;;2;;;10;;3;3;;2;;1;11;4;52;181.38279318
6,013,508;1;2;1;80;52;;;;1;5;;2;;;10;;3;3;;2;;1;11;3;52;181.38279318
6,013,509;1;1;1;80;52;;;;1;5;;2;;;8;;3;3;;2;;1;11;4;52;176.17525487
6,013,509;1;2;1;80;52;;;;1;5;;2;;;4;;3;3;;2;;1;11;4;52;176.17525487
6,013,509;1;3;1;80;52;;;;1;3;;2;;;9;;2;2;;2;;1;11;4;52;176.17525487
6,013,510;1;2;1;80;52;1;48;1,200,000;1;3;;2;;;9;;2;2;;2;;1;11;4;52;230.98631663
6,013,510;1;3;1;80;52;;;;2;;;;2;;;.;2;2;;2;;1;11;;52;230.98631663
6,013,510;1;4;1;80;52;;;;2;;;;2;;;.;2;2;;2;;1;11;;52;230.98631663
6,013,510;1;5;1;80;52;;;;1;5;;2;;;8;;3;3;;2;;1;11;4;52;230.98631663
6,013,511;1;1;1;80;52;;;;1;5;;2;;;10;;3;3;;2;;1;11;1.2;52;186.59033149
6,013,514;1;1;1;80;52;;;;1;5;;2;;;10;;3;3;;2;;1;11;4;52;186.59033149
6,013,516;1;2;1;80;52;;;;2;;;;2;;;.;2;2;;2;;1;11;;52;203.00417097
6,013,519;1;1;1;80;52;;;;1;5;;2;;;10;;3;3;;2;;1;11;4;52;141.34468534
6,013,519;1;2;1;80;52;;;;1;5;;2;;;10;;3;3;;2;;1;11;3;52;141.34468534
6,013,520;1;3;1;80;52;;;;2;;;;2;;;.;;;;2;;1;11;;52;274.03046484
6,013,524;1;1;1;80;52;;;;1;4;;2;;;4;;2;2;;2;;1;11;4;52;127.67281984
6,013,525;1;1;1;80;52;;;;1;4;;2;;;4;;2;2;;2;;1;11;4;52;377.41809139
6,013,525;2;2;2;80;52;;;;1;3;;2;;;9;;2;2;;2;;1;11;3;52;377.41809139
6,013,526;1;3;1;80;52;;;;1;2;;2;;;2;;2;2;;2;;1;11;3;52;332.39603485
6,013,528;1;1;1;80;52;;;;1;3;;2;;;9;;2;2;;1;30,000;1;11;1.2;52;218.73303303
6,013,529;1;1;1;80;52;;;;1;4;;2;;;8;;3;3;;2;;1;11;3;52;136.13714703
6,013,529;1;2;1;80;52;;;;1;3;;2;;;9;;2;2;;2;;1;11;4;52;136.13714703
6,013,530;1;3;1;80;52;;;;2;;;;2;;;.;2;2;;2;;1;11;;52;235.14687251
6,013,530;1;4;1;80;52;;;;2;;;;2;;;.;2;2;;2;;1;11;;52;235.14687251
6,013,532;1;1;1;80;52;;;;1;1;;2;;;8;;2;2;;2;;1;11;2;52;165.48444752
6,013,532;1;2;1;80;52;1;40;500,000;1;8;;2;;;1;;2;2;;1;120,000;1;11;1.2;52;165.48444752
6,013,532;1;5;1;80;52;;;;1;8;;2;;;2;;2;2;;2;;1;11;1.4;52;165.48444752
6,013,532;1;6;1;80;52;1;40;900,000;1;7;;1;;1;1;;2;2;;2;;1;11;2;52;165.48444752
6,013,532;1;7;1;80;52;;;;2;;;;2;;;.;;;;2;;1;11;;52;165.48444752
6,013,534;1;1;1;80;52;;;;1;4;;2;;;4;;2;2;;2;;1;11;4;52;120.15015241
6,013,534;1;2;1;80;52;;;;1;4;;2;;;4;;2;2;;2;;1;11;4;52;120.15015241
6,013,534;1;4;1;80;52;2;;100,000;1;7;;2;;;1;;2;2;;2;;1;11;1.2;52;120.15015241
6,013,535;1;2;1;80;52;;;;2;;;;2;;;.;2;2;;2;;1;11;;52;223.86148312
6,013,536;1;1;1;80;52;;;;1;9;EDAD;2;;;8;;2;2;;2;;1;11;4;52;211.83050317
6,013,536;1;2;1;80;52;;;;1;4;;2;;;4;;2;2;;2;;1;11;4;52;211.83050317
6,013,538;1;1;1;80;52;;;;1;8;;2;;;4;;2;2;;2;;1;11;3;52;203.93509688
6,013,538;1;2;1;80;52;;;;1;4;;2;;;4;;2;2;;2;;1;11;4;52;203.93509688
6,013,539;1;3;1;80;52;2;;908,526;1;8;;2;;;2;;2;2;;2;;1;11;1.3;52;190.67179915
6,013,540;1;1;1;80;52;1;24;500,000;1;1;;2;;;1;;2;2;;2;;1;11;2;52;237.89535363
6,013,544;1;4;1;80;52;;;;2;;;;2;;;.;2;2;;2;;1;11;;52;263.89959095
6,013,549;1;2;1;80;52;;;;1;4;;2;;;4;;2;2;;2;;1;11;4;52;217.03804148
6,013,550;1;3;1;80;52;;;;2;;;;2;;;.;2;2;;2;;1;11;;52;178.6949252
6,013,554;1;2;1;80;52;;;;2;;;;2;;;.;2;2;;2;;1;11;;52;300.90134243
6,013,559;1;2;1;80;52;1;24;400,000;1;7;;2;;;1;;2;2;;2;;1;11;1.3;52;331.34905242
6,013,559;1;3;1;80;52;1;24;300,000;2;;;;1;2;9;;2;2;;2;;1;11;;52;331.34905242
6,013,560;1;1;1;80;52;1;40;908,000;1;8;;2;;;1;;2;2;;1;300,000;1;11;1.2;52;232.40489853
6,013,560;1;3;1;80;52;;;;2;;;;2;;;.;;;;2;;1;11;;52;232.40489853
6,013,562;1;1;1;80;52;;;;1;4;;2;;;4;;2;2;;2;;1;11;3;52;211.83050317
6,013,562;1;3;1;80;52;1;48;800,000;1;4;;2;;;1;;2;2;;2;;1;11;4;52;211.83050317
6,013,563;1;1;1;80;52;;;;1;3;;2;;;9;;2;2;;2;;1;11;4;52;218.73303303
6,013,563;1;3;1;80;52;;;;2;;;;2;;;.;;;;2;;1;11;;52;218.73303303
6,013,564;1;1;1;80;52;2;;600,000;1;9;CUIDAR A MADRE ENFERMA;2;;;9;;2;2;;2;;1;11;1.2;52;235.09276651
6,013,565;1;3;1;80;52;;;;2;;;;2;;;.;2;2;;2;;1;11;;52;275.72545639
6,013,565;1;5;1;80;52;;;;2;;;;2;;;.;;;;2;;1;11;;52;275.72545639
6,013,566;1;1;1;80;52;;;;1;5;;2;;;10;;3;3;;2;;1;11;4;52;211.83050317
6,013,566;1;2;1;80;52;;;;1;5;;2;;;10;;3;3;;2;;1;11;4;52;211.83050317
6,013,569;1;2;1;80;52;;;;1;3;;2;;;9;;2;2;;2;;1;11;4;52;185.46426084
6,013,569;1;3;1;80;52;;;;1;8;;2;;;2;;2;2;;2;;1;11;1.4;52;185.46426084
6,013,570;1;1;1;80;52;;;;1;5;;2;;;8;;2;2;;2;;1;11;4;52;211.83050317
6,013,572;1;2;1;80;52;;;;1;3;;2;;;9;;2;2;;2;;1;11;2;52;331.34905242
6,013,572;1;3;1;80;52;;;;2;;;;2;;;.;;;;2;;1;11;;52;331.34905242
6,013,573;1;1;1;80;52;;;;1;4;;2;;;4;;2;2;;2;;1;11;4;52;146.55222365
6,013,574;1;1;1;80;52;;;;1;8;;2;;;8;;2;2;;2;;1;11;2;52;181.38279318
6,013,574;1;2;1;80;52;;;;1;7;;2;;;1;;2;2;;2;;1;11;3;52;181.38279318
6,013,576;1;1;1;80;52;1;48;908,526;1;7;;2;;;1;;2;2;;2;;1;11;2;52;248.23835152
6,013,577;1;3;1;80;52;;;;2;;;;2;;;.;;;;2;;1;11;;52;232.40489853
6,013,579;1;1;1;80;52;;;;1;3;;2;;;8;;2;2;;2;;1;11;3;52;217.03804148
6,013,580;1;3;1;80;52;;;;2;;;;2;;;.;2;2;;2;;1;11;;52;232.40489853
6,013,583;1;1;1;80;52;;;;1;4;;2;;;4;;2;2;;2;;1;11;4;52;217.03804148
6,013,588;1;2;1;80;52;;;;2;;;;2;;;.;;;;2;;1;11;;52;201.95718854
6,013,590;1;4;1;80;52;;;;1;3;;2;;;9;;2;2;;2;;1;11;4;52;217.57851752
6,013,591;1;1;1;80;52;;;;1;5;;2;;;10;;3;3;;2;;1;11;4;52;217.03804148
6,013,592;1;1;1;80;52;;;;1;5;;2;;;10;;3;3;;2;;1;11;2;52;181.38279318
6,013,592;1;2;1;80;52;;;;1;5;;2;;;10;;3;3;;2;;1;11;3;52;181.38279318
6,013,595;1;1;1;80;52;1;48;300,000;1;3;;2;;;9;;2;2;;2;;1;11;3;52;200.26219699
6,013,598;1;2;1;80;52;;;;1;8;;2;;;2;;2;2;;2;;1;11;1.3;52;230.70990698
6,013,599;1;2;1;80;52;;;;1;3;;2;;;9;;2;2;;2;;1;11;4;52;232.40489853
6,013,599;1;3;1;80;52;;;;2;;;;2;;;.;2;2;;2;;1;11;;52;232.40489853
6,013,600;1;1;1;80;52;;;;1;5;;2;;;10;;3;3;;2;;1;11;4;52;143.03967689
6,013,600;1;2;1;80;52;;;;2;;;;2;;;.;2;2;;2;;1;11;;52;143.03967689
6,013,600;1;3;1;80;52;;;;1;1;;2;;;9;;1;1;2;2;;1;11;2;52;143.03967689
6,013,600;1;4;1;80;52;;;;2;;;;2;;;.;2;2;;2;;1;11;;52;143.03967689
6,013,601;1;5;1;80;52;;;;2;;;;2;;;.;2;2;;2;;1;11;;52;181.43689917
6,013,606;1;1;1;80;52;;;;1;4;;2;;;4;;2;1;1;1;2,000,000;1;11;1.2;52;270.74801481
6,013,608;1;2;1;80;52;;;;1;4;;2;;;10;;3;3;;2;;1;11;4;52;242.53577242
6,013,609;1;1;1;80;52;;;;1;3;;2;;;9;;2;2;;2;;1;11;4;52;186.59033149
6,013,613;1;4;1;80;52;;;;2;;;;2;;;.;2;2;;2;;1;11;;52;156.7115424
6,013,614;1;2;1;80;52;;;;1;3;;2;;;9;;2;2;;2;;1;11;4;52;196.74965023
6,013,615;1;2;1;80;52;;;;2;;;;2;;;.;;;;2;;1;11;;52;201.95718854
6,013,616;1;3;1;80;52;1;40;908,526;2;;;;2;;;.;2;2;;2;;1;11;;52;233.45188096
6,013,618;1;3;1;80;52;;;;2;;;;2;;;.;2;2;;2;;1;11;;52;196.74965023
6,013,620;1;2;1;80;52;;;;2;;;;2;;;.;2;2;;2;;1;11;;52;196.74965023
6,013,620;1;3;1;80;52;;;;1;4;;2;;;4;;2;2;;2;;1;11;4;52;196.74965023
6,013,621;1;2;1;80;52;;;;2;;;;1;2;4;;2;2;;2;;1;11;;52;301.19572481
6,013,624;1;1;1;80;52;;;;1;5;;2;;;10;;3;3;;2;;1;11;4;52;186.59033149
6,013,627;1;1;1;80;52;;;;1;4;;2;;;10;;2;2;;2;;1;11;4;52;217.03804148
6,013,627;1;2;1;80;52;;;;1;3;;2;;;9;;2;2;;2;;1;11;4;52;217.03804148
6,013,631;1;2;1;80;52;;;;1;5;;2;;;10;;3;3;;2;;1;11;2;52;217.03804148
6,013,633;1;1;1;80;52;;;;1;8;;2;;;2;;2;2;;2;;1;11;1.2;52;301.19572481
6,013,634;1;2;1;80;52;1;48;908,526;1;6;;1;;1;1;;1;1;2;2;;1;11;1.4;52;230.70990698
6,013,636;1;2;1;80;52;;;;1;8;;2;;;2;;2;2;;2;;1;11;1.3;52;204.69916252
6,013,636;1;3;1;80;52;;;;2;;;;2;;;.;;;;2;;1;11;;52;204.69916252
6,013,637;1;1;1;80;52;;;;1;5;;2;;;8;;3;3;;2;;1;11;4;52;186.59033149
6,013,647;1;3;1;80;52;;;;2;;;;2;;;.;2;2;;2;;1;11;;52;274.03046484
6,013,648;1;3;1;80;52;;;;2;;;;2;;;.;;;;2;;1;11;;52;272.98348241
6,013,649;1;1;1;80;52;;;;1;3;;2;;;9;;2;2;;2;;1;11;3;52;245.2777464
6,013,649;1;2;1;80;52;;;;2;;;;2;;;.;2;2;;2;;1;11;;52;245.2777464
6,013,649;1;3;1;80;52;;;;2;;;;2;;;.;;;;2;;1;11;;52;245.2777464
6,013,651;1;2;1;80;52;;;;1;2;;2;;;2;;2;2;;2;;1;11;2;52;201.95718854
6,013,652;1;3;1;80;52;;;;1;2;;2;;;2;;1;2;;2;;1;11;1.3;52;261.00660846
6,013,655;1;4;1;80;52;;;;2;;;;2;;;.;2;2;;2;;1;11;;52;312.4696486
6,013,658;1;3;1;80;52;;;;1;8;;2;;;12;PROBLEMAS DE DROGADICCION;2;2;;2;;1;11;2;52;179.74190762
6,013,658;1;4;1;80;52;;;;1;4;;2;;;4;;2;2;;2;;1;11;4;52;179.74190762
6,013,661;1;3;1;80;52;;;;1;6;;2;;;2;;2;2;;2;;1;11;1.3;52;277.92695432
6,013,664;1;1;1;80;52;1;48;400,000;1;3;;2;;;9;;2;2;;2;;1;11;4;52;188.28532304
6,013,665;1;3;1;80;52;;;;2;;;;2;;;.;2;2;;2;;1;11;;52;235.14687251
6,013,665;1;4;1;80;52;;;;2;;;;2;;;.;2;2;;2;;1;11;;52;235.14687251
6,013,666;1;1;1;80;52;2;;1,500,000;1;2;;2;;;2;;2;2;;2;;1;11;2;52;230.70990698
6,013,667;1;4;1;80;52;;;;2;;;;2;;;.;;;;2;;1;11;;52;239.47630496
6,013,668;1;2;1;80;52;;;;1;8;;2;;;1;;2;2;;1;800,000;1;11;1.1;52;229.40438296
6,013,668;1;3;1;80;52;;;;1;8;;2;;;9;;2;2;;1;200,000;1;11;1.1;52;229.40438296
6,013,669;1;1;1;80;52;;;;1;8;;2;;;9;;2;2;;2;;1;11;1.4;52;271.28849086
6,013,672;1;2;1;80;52;;;;2;;;;2;;;.;;;;2;;1;11;;52;201.95718854
6,013,674;1;1;1;80;52;;;;1;4;;2;;;4;;2;2;;2;;1;11;4;52;146.54075806
6,013,674;1;2;1;80;52;;;;1;3;;2;;;9;;2;2;;2;;1;11;4;52;146.54075806
6,013,674;1;3;1;80;52;1;24;500,000;1;3;;2;;;9;;2;2;;2;;1;11;4;52;146.54075806
6,013,674;1;4;1;80;52;;;;1;3;;2;;;9;;2;2;;2;;1;11;3;52;146.54075806
6,013,677;1;1;1;80;52;;;;1;4;;2;;;8;;2;2;;2;;1;11;4;52;186.59033149
6,013,678;1;4;1;80;52;2;;908,526;1;8;;2;;;2;;2;2;;2;;1;11;1.4;52;182.4838816
6,013,679;1;3;1;80;52;;;;2;;;;2;;;.;2;2;;2;;1;11;;52;234.09989008
6,013,679;1;4;1;80;52;;;;2;;;;2;;;.;;;;2;;1;11;;52;234.09989008
6,013,681;1;1;1;80;52;;;;1;4;;2;;;4;;2;2;;2;;1;11;3;52;167.17943907
6,013,681;1;4;1;80;52;1;40;908,000;1;8;;2;;;1;;2;2;;2;;1;11;1.2;52;167.17943907
6,013,681;1;6;1;80;52;;;;2;;;;2;;;.;2;2;;2;;1;11;;52;167.17943907
6,013,681;1;8;1;80;52;;;;2;;;;2;;;.;;;;2;;1;11;;52;167.17943907
6,013,682;1;3;1;80;52;2;;908,526;1;8;;2;;;9;;2;2;;2;;1;11;3;52;261.69809302
6,013,683;1;4;1;80;52;;;;2;;;;2;;;.;2;2;;2;;1;11;;52;220.96850062
6,013,683;1;6;1;80;52;;;;1;3;;2;;;4;;2;2;;2;;1;11;4;52;220.96850062
6,013,684;1;2;1;80;52;;;;1;5;;2;;;10;;3;3;;2;;1;11;4;52;211.83050317
6,013,687;1;1;1;80;52;;;;1;5;;2;;;10;;3;3;;2;;1;11;4;52;120.15015241
6,013,687;1;2;1;80;52;;;;1;3;;2;;;9;;2;2;;2;;1;11;4;52;120.15015241
6,013,687;1;3;1;80;52;;;;1;3;;2;;;8;;2;2;;2;;1;11;4;52;120.15015241
6,013,689;1;3;1;80;52;;;;1;6;;2;;;12;PIENSA SEGUIR ESTUDIANDO;2;2;;2;;1;11;1.2;52;232.40489853
6,013,690;1;2;1;80;52;;;;1;8;;2;;;9;;2;2;;2;;1;11;1.4;52;271.28849086
6,013,692;1;3;1;80;52;;;;1;8;;2;;;2;;2;2;;2;;1;11;1.3;52;271.28849086
6,013,693;1;2;1;80;52;;;;1;3;;2;;;9;;2;2;;2;;1;11;4;52;370.23264475
6,013,694;1;4;1;80;52;2;;908,526;2;;;;2;;;.;2;2;;2;;1;11;;52;236.19385494
6,013,695;1;2;1;80;52;;;;1;3;;2;;;9;;2;2;;2;;1;11;4;52;236.84186406
6,013,695;1;4;1;80;52;;;;2;;;;2;;;.;2;2;;2;;1;11;;52;236.84186406
6,013,695;1;5;1;80;52;;;;2;;;;2;;;.;;;;2;;1;11;;52;236.84186406
6,013,699;1;2;1;80;52;2;;908,526;1;3;;2;;;9;;1;2;;2;;1;11;2;52;428.59821475
6,013,701;1;2;1;80;52;;;;1;3;;2;;;9;;2;2;;2;;1;11;4;52;211.83050317
6,013,703;1;3;1;80;52;;;;1;3;;2;;;9;;2;2;;2;;1;11;3;52;280.10831592
6,013,704;1;2;1;80;52;1;48;908,526;1;8;;1;;2;1;;2;2;;2;;1;11;2;52;161.91908071
6,013,704;1;3;1;80;52;;;;1;6;;2;;;4;;2;2;;2;;1;11;4;52;161.91908071
6,013,705;1;2;1;80;52;1;48;400,000;1;3;;2;;;9;;2;2;;1;500,000;1;11;1.2;52;230.70990698
6,013,710;1;3;1;80;52;;;;2;;;;2;;;.;;;;2;;1;11;;52;233.45188096
6,013,712;1;1;1;80;52;;;;1;4;;2;;;4;;2;2;;2;;1;11;4;52;211.88460916
6,013,712;1;6;1;80;52;;;;2;;;;2;;;.;2;2;;2;;1;11;;52;211.88460916
6,013,713;1;1;1;80;52;;;;1;4;;2;;;9;;2;2;;2;;1;11;4;52;217.03804148
6,013,714;1;1;1;80;52;;;;1;5;;2;;;10;;3;3;;2;;1;11;2;52;336.56677037
6,013,714;1;2;1;80;52;;;;1;2;;2;;;2;;2;2;;2;;1;11;2;52;336.56677037
6,013,715;1;2;1;80;52;;;;1;4;;2;;;4;;2;2;;2;;1;11;4;52;240.28883923
6,013,716;1;1;1;80;52;;;;1;3;;2;;;9;;2;2;;2;;1;11;4;52;257.61662536
6,013,717;1;3;1;80;52;;;;1;2;;2;;;2;;2;2;;2;;1;11;2;52;264.440067
6,013,717;1;4;1;80;52;;;;2;;;;2;;;.;2;2;;2;;1;11;;52;264.440067
6,013,719;1;1;1;80;52;;;;1;7;;2;;;10;;3;3;;2;;1;11;3;52;225.50236867
6,013,719;1;3;1;80;52;;;;1;3;;2;;;9;;2;2;;2;;1;11;4;52;225.50236867
6,013,720;1;5;1;80;52;;;;2;;;;2;;;.;;;;2;;1;11;;52;210.18961761
6,013,721;1;1;1;80;52;;;;1;4;;2;;;4;;2;2;;2;;1;11;3;52;204.47557292
6,013,721;1;2;1;80;52;;;;1;5;;2;;;10;;3;3;;2;;1;11;4;52;204.47557292
6,013,721;1;6;1;80;52;;;;1;3;;2;;;9;;2;2;;2;;1;11;3;52;204.47557292
6,013,721;1;7;1;80;52;;;;2;;;;2;;;.;2;2;;2;;1;11;;52;204.47557292
6,013,722;1;3;1;80;52;;;;2;;;;2;;;.;2;2;;2;;1;11;;52;314.60904872
6,013,723;1;4;1;80;52;;;;2;;;;2;;;.;2;2;;2;;1;11;;52;234.09989008
6,013,727;1;7;1;80;52;;;;2;;;;2;;;.;2;2;;2;;1;11;;52;480.60060965
6,013,727;1;11;1;80;52;;;;2;;;;2;;;.;;;;2;;1;11;;52;480.60060965
6,013,727;1;15;1;80;52;;;;2;;;;2;;;.;2;2;;2;;1;11;;52;480.60060965
6,013,728;1;2;1;80;52;;;;1;3;;2;;;9;;2;2;;2;;1;11;4;52;155.55702689
6,013,730;1;1;1;80;52;;;;1;5;;2;;;10;;3;3;;2;;1;11;4;52;181.38279318
6,013,731;1;2;1;80;52;;;;1;8;;2;;;9;;2;2;;2;;1;11;2;52;370.23264475
6,013,732;1;2;1;80;52;;;;1;8;;2;;;9;;2;2;;2;;1;11;2;52;230.70990698
6,013,733;1;2;1;80;52;;;;1;3;;2;;;9;;2;2;;2;;1;11;4;52;190.67179915
6,013,734;1;1;1;80;52;;;;1;7;;2;;;8;;2;2;;2;;1;11;2;52;181.38279318
6,013,734;1;2;1;80;52;;;;1;3;;2;;;9;;2;2;;2;;1;11;4;52;181.38279318
6,013,735;1;2;1;80;52;;;;1;3;;2;;;9;;2;2;;1;500,000;1;11;1.2;52;271.28849086
6,013,736;1;1;1;80;52;;;;1;4;;2;;;10;;3;3;;2;;1;11;3;52;120.15015241
6,013,736;1;2;1;80;52;;;;1;3;;2;;;9;;2;2;;2;;1;11;4;52;120.15015241
6,013,736;1;3;1;80;52;1;40;600,000;1;1;;2;;;1;;2;2;;2;;1;11;1.2;52;120.15015241
6,013,738;1;1;1;80;52;;;;1;5;;2;;;10;;3;3;;2;;1;11;3;52;233.45188096
6,013,738;1;3;1;80;52;2;;900,000;1;8;;2;;;2;;2;2;;2;;1;11;2;52;233.45188096
6,013,739;1;2;1;80;52;;;;1;4;;2;;;4;;2;2;;2;;1;11;4;52;181.38279318
6,013,740;1;1;1;80;52;;;;1;3;;2;;;9;;2;2;;2;;1;11;4;52;247.48575147
6,013,741;1;1;1;80;52;;;;1;5;;2;;;8;;2;2;;2;;1;11;4;52;183.07778473
6,013,741;1;3;1;80;52;;;;2;;;;2;;;.;2;2;;2;;1;11;;52;183.07778473
6,013,742;1;1;1;80;52;;;;1;1;;2;;;9;;2;2;;2;;1;11;2;52;259.16824304
6,013,743;1;1;1;80;52;;;;1;4;;2;;;4;;2;2;;2;;1;11;4;52;298.19520923
6,013,745;1;3;1;80;52;;;;1;2;;2;;;2;;2;2;;2;;1;11;1.3;52;207.4411365
6,013,746;1;1;1;80;52;;;;1;5;;2;;;10;;3;3;;2;;1;11;3;52;270.74801481
6,013,747;1;1;1;80;52;;;;1;3;;2;;;9;;2;2;;2;;1;11;2;52;203.65218009
6,013,747;1;2;1;80;52;;;;2;;;;2;;;.;2;2;;2;;1;11;;52;203.65218009
6,013,748;1;3;1;80;52;;;;1;2;;2;;;2;;2;2;;2;;1;11;1.4;52;197.79663266
6,013,749;1;1;1;80;52;;;;1;5;;2;;;10;;3;3;;2;;1;11;4;52;146.55222365
6,013,751;1;1;1;80;52;;;;1;3;;2;;;4;;2;2;;2;;1;11;4;52;143.03967689
6,013,751;1;2;1;80;52;;;;1;4;;2;;;4;;2;2;;2;;1;11;1.4;52;143.03967689
6,013,751;1;4;1;80;52;;;;2;;;;2;;;.;;;;2;;1;11;;52;143.03967689
6,013,752;1;1;1;80;52;;;;1;3;;2;;;9;;2;2;;2;;1;11;4;52;189.33230547
6,013,752;1;2;1;80;52;;;;1;8;;2;;;2;;2;2;;2;;1;11;1.3;52;189.33230547
6,013,753;1;2;1;80;52;;;;1;3;;2;;;9;;2;2;;2;;1;11;2;52;274.03046484
6,013,753;1;3;1;80;52;;;;2;;;;2;;;.;2;2;;2;;1;11;;52;274.03046484
6,013,755;1;2;1;80;52;1;24;200,000;1;9;PANDEMIA;2;;;9;;2;2;;2;;1;11;1.4;52;271.28849086
6,013,758;1;1;1;80;52;;;;1;5;;2;;;10;;3;3;;2;;1;11;4;52;141.34468534
6,013,758;1;2;1;80;52;;;;1;3;;2;;;9;;2;2;;2;;1;11;4;52;141.34468534
6,013,760;1;1;1;80;52;;;;1;4;;2;;;4;;2;2;;2;;1;11;4;52;144.08665932
6,013,761;1;1;1;80;52;;;;1;5;;2;;;10;;3;3;;2;;1;11;4;52;186.59033149
6,013,762;1;2;1;80;52;;;;1;3;;2;;;9;;2;2;;2;;1;11;3;52;231.25038303
6,013,763;1;2;1;80;52;2;;908,526;1;3;;2;;;9;;2;2;;1;900,000;1;11;1.2;52;271.28849086
6,013,764;1;1;1;80;52;1;48;5,000,000;1;7;;2;;;1;;1;2;;2;;1;11;3;52;214.57247715
6,013,764;1;2;1;80;52;2;;908,526;1;5;;2;;;8;;3;3;;2;;1;11;3;52;214.57247715
6,013,764;1;3;1;80;52;1;48;908,526;1;7;;2;;;1;;2;2;;2;;1;11;1.4;52;214.57247715
6,013,764;1;4;1;80;52;;;;2;;;;2;;;.;2;2;;2;;1;11;;52;214.57247715
6,013,766;1;3;1;80;52;;;;1;9;DROGADICCION;2;;;12;ES DROGADICTA;2;2;;2;;1;11;4;52;222.01548305
6,013,768;1;3;1;80;54;;;;2;;;;2;;;.;2;2;;2;;1;11;;54;490.09710506
6,013,769;1;1;1;80;54;;;;1;8;;2;;;8;;2;2;;2;;1;11;4;54;324.57355651
6,013,770;1;5;1;80;54;;;;2;;;;2;;;.;2;2;;2;;1;11;;54;572.50156772
6,013,770;1;6;1;80;54;;;;2;;;;2;;;.;2;2;;2;;1;11;;54;572.50156772
6,013,771;1;2;1;80;54;;;;1;4;;2;;;4;;2;2;;2;;1;11;2;54;280.03725624
6,013,772;1;1;1;80;54;;;;1;5;;2;;;10;;3;3;;2;;1;11;2;54;280.03725624
6,013,774;1;1;1;80;54;;;;1;3;;2;;;8;;2;2;;2;;1;11;4;54;498.55465527
6,013,775;1;3;1;80;54;;;;1;4;;2;;;4;;2;2;;2;;1;11;4;54;559.13321823
6,013,775;1;4;1;80;54;;;;2;;;;2;;;.;;;;2;;1;11;;54;559.13321823
6,013,777;1;1;1;80;54;;;;1;5;;2;;;10;;3;3;;2;;1;11;4;54;602.26318815
6,013,777;1;2;1;80;54;;;;2;;;;2;;;.;2;2;;2;;1;11;;54;602.26318815
6,013,777;1;3;1;80;54;;;;2;;;;2;;;.;;;;2;;1;11;;54;602.26318815
6,013,778;1;3;1;80;54;;;;2;;;;2;;;.;;;;2;;1;11;;54;447.91154475
6,013,778;1;6;1;80;54;;;;1;8;;2;;;9;;2;2;;2;;1;11;4;54;447.91154475
6,013,778;1;7;1;80;54;;;;1;4;;2;;;8;;2;2;;2;;1;11;4;54;447.91154475
6,013,780;1;2;1;80;54;;;;1;4;;2;;;4;;2;2;;2;;1;11;1.2;54;478.05330576
6,013,780;1;3;1;80;54;;;;2;;;;2;;;.;;;;2;;1;11;;54;478.05330576
6,013,780;1;4;1;80;54;;;;2;;;;2;;;.;;;;2;;1;11;;54;478.05330576
6,013,782;1;2;1;80;54;;;;2;;;;2;;;.;;;;2;;1;11;;54;299.16140772
6,013,783;1;1;1;80;54;2;;400,000;1;3;;2;;;9;;2;2;;2;;1;11;4;54;339.73037473
6,013,784;1;1;1;80;54;;;;1;6;;2;;;9;;2;2;;2;;1;11;3;54;523.74116725
6,013,785;1;2;1;80;54;;;;1;3;;2;;;9;;2;2;;2;;1;11;1.1;54;259.53590673
6,013,785;1;3;1;80;54;;;;2;;;;2;;;.;2;2;;2;;1;11;;54;259.53590673
6,013,786;1;2;1;80;54;;;;1;3;;2;;;9;;2;2;;2;;1;11;3;54;436.46634707
6,013,787;1;1;1;80;54;;;;2;;;;2;;;.;2;2;;2;;1;11;;54;384.266675
6,013,787;1;2;1;80;54;;;;1;5;;2;;;10;;3;3;;2;;1;11;4;54;384.266675
6,013,788;1;1;1;80;54;;;;1;8;;2;;;9;;2;2;;2;;1;11;3;54;379.35587572
6,013,789;1;2;1;80;54;;;;2;;;;2;;;.;;;;2;;1;11;;54;323.19635848
6,013,789;1;3;1;80;54;;;;1;3;;2;;;9;;2;2;;2;;1;11;3;54;323.19635848
6,013,789;1;4;1;80;54;;;;1;5;;2;;;10;;3;3;;2;;1;11;3;54;323.19635848
6,013,789;1;5;1;80;54;;;;1;2;;2;;;2;;2;2;;2;;1;11;3;54;323.19635848
6,013,790;1;1;1;80;54;;;;1;5;;2;;;10;;3;3;;2;;1;11;4;54;379.35587572
6,013,791;1;1;1;80;54;;;;1;8;;2;;;8;;2;2;;2;;1;11;4;54;324.57355651
6,013,791;1;2;1;80;54;;;;1;5;;2;;;10;;3;3;;2;;1;11;4;54;324.57355651
6,013,791;1;3;1;80;54;;;;1;8;;2;;;9;;2;2;;2;;1;11;3;54;324.57355651
6,013,792;1;1;1;80;54;;;;1;3;;2;;;9;;2;2;;2;;1;11;4;54;384.266675
6,013,792;1;2;1;80;54;;;;1;3;;2;;;9;;2;2;;2;;1;11;4;54;384.266675
6,013,793;1;1;1;80;54;;;;2;;;;2;;;.;2;2;;2;;1;11;;54;277.45460908
6,013,793;1;4;1;80;54;;;;1;4;;2;;;4;;2;2;;2;;1;11;2;54;277.45460908
6,013,796;1;1;1;80;54;;;;2;;;;2;;;.;2;2;;2;;1;11;;54;384.266675
6,013,798;1;2;1;80;54;;;;1;4;;2;;;4;;2;2;;2;;1;11;1.3;54;508.84111596
6,013,798;1;3;1;80;54;;;;2;;;;2;;;.;;;;2;;1;11;;54;508.84111596
6,013,800;1;1;1;80;54;2;;908,526;1;4;;2;;;4;;2;2;;1;740,000;1;11;1.2;54;403.39082649
6,013,802;1;2;1;80;54;;;;1;2;;2;;;2;;2;2;;2;;1;11;2;54;442.49544159
6,013,802;1;3;1;80;54;;;;1;8;;2;;;8;;2;2;;2;;1;11;4;54;442.49544159
6,013,804;1;1;1;80;54;;;;1;4;;2;;;8;;2;2;;2;;1;11;4;54;398.48002721
6,013,806;1;1;1;80;54;;;;1;4;;2;;;4;;3;3;;2;;1;11;4;54;384.266675
6,013,806;1;2;1;80;54;;;;1;8;;2;;;8;;2;2;;2;;1;11;3;54;384.266675
6,013,807;1;3;1;80;54;;;;2;;;;2;;;.;2;2;;2;;1;11;;54;382.80232309
6,013,807;1;4;1;80;54;;;;1;4;;2;;;4;;2;2;;2;;1;11;4;54;382.80232309
6,014,502;1;2;1;80;66;;;;2;;;;2;;;.;2;2;;2;;1;11;;66;402.66369701
6,014,503;1;1;1;80;66;;;;2;;;;2;;;.;3;3;;2;;1;11;;66;347.53083448
6,014,503;1;2;1;80;66;;;;2;;;;2;;;.;2;2;;2;;1;11;;66;347.53083448
6,014,504;1;1;1;80;66;;;;2;;;;2;;;.;2;2;;2;;1;11;;66;438.73020232
6,014,504;1;3;1;80;66;;;;2;;;;2;;;.;2;2;;2;;1;11;;66;438.73020232
6,014,505;1;2;1;80;66;;;;2;;;;2;;;.;2;2;;2;;1;11;;66;498.83823344
6,014,506;1;3;1;80;66;;;;2;;;;2;;;.;2;2;;2;;1;11;;66;306.43839619
6,014,506;1;4;1;80;66;;;;1;3;;2;;;9;;2;2;;2;;1;11;4;66;306.43839619
6,014,507;1;1;1;80;66;;;;1;4;;2;;;4;;2;2;;2;;1;11;4;66;211.14623845
6,014,507;1;3;1;80;66;2;;900,000;1;3;;2;;;9;;2;2;;2;;1;11;4;66;211.14623845
6,014,507;1;4;1;80;66;;;;1;4;;2;;;4;;2;2;;2;;1;11;2;66;211.14623845
6,014,508;1;1;1;80;66;;;;1;4;;2;;;4;;1;2;;2;;1;11;3;66;401.60993096
6,014,509;1;1;1;80;66;;;;1;5;;2;;;10;;3;3;;2;;1;11;2;66;364.34865333
6,014,509;1;2;1;80;66;;;;1;3;;2;;;9;;2;2;;2;;1;11;4;66;364.34865333
6,014,511;1;3;1;80;66;;;;2;;;;2;;;.;2;2;;2;;1;11;;66;336.00378607
6,014,511;1;4;1;80;66;;;;2;;;;2;;;.;;;;2;;1;11;;66;336.00378607
6,014,513;1;1;1;80;66;;;;2;;;;1;4;8;;2;2;;2;;1;11;;66;386.24663307
6,014,513;1;2;1;80;66;;;;2;;;;2;;;.;2;2;;2;;1;11;;66;386.24663307
6,014,514;1;1;1;80;66;;;;1;9;TERMINACION DE CONTRATO;2;;;8;;1;2;;2;;1;11;4;66;402.66369701
6,014,515;1;2;1;80;66;;;;1;4;;2;;;9;;2;2;;2;;1;11;1.2;66;456.95916174
6,014,518;1;1;1;80;66;;;;1;5;;2;;;10;;3;3;;2;;1;11;4;66;401.60993096
6,014,524;1;3;1;80;66;;;;2;;;;2;;;.;;;;2;;1;11;;66;236.3429907
6,014,524;1;4;1;80;66;;;;2;;;;2;;;.;2;2;;2;;1;11;;66;236.3429907
6,014,524;1;6;1;80;66;;;;2;;;;2;;;.;;;;2;;1;11;;66;236.3429907
6,014,528;1;2;1;80;66;;;;1;1;;2;;;11;;3;3;;2;;1;11;4;66;347.53083448
6,014,529;1;1;1;80;66;;;;1;5;;2;;;10;;3;3;;2;;1;11;4;66;402.88006526
6,014,529;1;2;1;80;66;;;;1;3;;1;;4;9;;1;1;1;2;;1;11;4;66;402.88006526
6,014,530;1;1;1;80;66;;;;1;3;;2;;;9;;3;3;;2;;1;11;4;66;762.16855244
6,014,530;1;2;1;80;66;;;;1;4;;2;;;4;;2;2;;2;;1;11;1.4;66;762.16855244
6,014,533;1;1;1;80;66;;;;1;6;;2;;;8;;2;2;;2;;1;11;4;66;401.60993096
6,014,534;1;1;1;80;66;;;;2;;;;2;;;.;3;3;;2;;1;11;;66;211.14623845
6,014,534;1;2;1;80;66;;;;1;5;;2;;;10;;2;2;;2;;1;11;4;66;211.14623845
6,014,534;1;3;1;80;66;;;;1;5;;2;;;10;;3;3;;2;;1;11;4;66;211.14623845
6,014,535;1;1;1;80;66;;;;1;5;;2;;;10;;3;3;;2;;1;11;3;66;347.53083448
6,014,536;1;1;1;80;66;;;;2;;;;2;;;.;2;2;;2;;1;11;;66;347.53083448
6,014,536;1;2;1;80;66;;;;1;5;;2;;;8;;2;2;;2;;1;11;4;66;347.53083448
6,014,537;1;2;1;80;66;;;;2;;;;2;;;.;2;2;;2;;1;11;;66;347.53083448
6,014,538;1;4;1;80;66;;;;1;2;;2;;;2;;2;2;;2;;1;11;1.4;66;290.02133226
6,014,542;1;1;1;80;66;;;;1;5;;2;;;10;;3;3;;2;;1;11;4;66;326.84828855
6,014,542;1;2;1;80;66;;;;1;7;;2;;;11;;1;1;1;2;;1;11;2;66;326.84828855
6,014,542;1;3;1;80;66;;;;1;5;;2;;;11;;1;1;1;2;;1;11;3;66;326.84828855
6,014,545;1;1;1;80;66;;;;1;5;;2;;;10;;3;3;;2;;1;11;4;66;347.53083448
6,014,545;1;2;1;80;66;;;;1;5;;2;;;10;;3;3;;2;;1;11;3;66;347.53083448
6,014,557;1;2;1;80;66;;;;2;;;;2;;;.;;;;2;;1;11;;66;368.61413534
6,014,558;1;1;1;80;66;;;;1;4;;2;;;4;;2;2;;2;;1;11;2;66;314.13428394
6,014,558;1;2;1;80;66;;;;2;;;;2;;;.;2;2;;2;;1;11;;66;314.13428394
6,014,560;1;3;1;80;66;;;;2;;;;2;;;.;2;2;;2;;1;11;;66;347.9315894
6,014,561;1;1;1;80;66;;;;2;;;;2;;;.;2;2;;2;;1;11;;66;437.1140136
6,014,562;1;1;1;80;66;;;;1;4;;2;;;4;;2;2;;2;;1;11;4;66;357.46744447
6,014,564;1;2;1;80;66;;;;2;;;;2;;;.;2;2;;2;;1;11;;66;456.95916174
6,014,566;1;1;1;80;66;;;;1;5;;2;;;10;;3;3;;2;;1;11;4;66;401.60993096
6,014,568;1;2;1;80;66;;;;1;3;;2;;;9;;2;2;;2;;1;11;2;66;524.57246266
6,014,568;1;3;1;80;66;;;;2;;;;2;;;.;;;;2;;1;11;;66;524.57246266
6,014,571;1;1;1;80;66;;;;1;9;SALUD;2;;;4;;2;2;;2;;1;11;1.1;66;575.21606458
6,014,571;1;2;1;80;66;;;;2;;;;2;;;.;;;;2;;1;11;;66;575.21606458
6,014,571;1;3;1;80;66;;;;2;;;;2;;;.;;;;2;;1;11;;66;575.21606458
6,014,573;1;2;1;80;66;;;;2;;;;2;;;.;2;2;;2;;1;11;;66;341.66982525
6,014,573;1;4;1;80;66;;;;2;;;;2;;;.;2;2;;2;;1;11;;66;341.66982525
6,014,576;1;1;1;80;66;;;;1;3;;2;;;9;;2;2;;2;;1;11;4;66;386.24663307
6,014,576;1;2;1;80;66;;;;2;;;;2;;;.;2;2;;2;;1;11;;66;386.24663307
6,014,579;1;1;1;80;66;;;;1;3;;2;;;9;;2;2;;2;;1;11;3;66;514.63585267
6,014,579;1;2;1;80;66;;;;2;;;;2;;;.;2;2;;2;;1;11;;66;514.63585267
6,014,580;1;2;1;80;66;;;;1;3;;2;;;9;;2;2;;2;;1;11;2;66;620.79776347
6,014,582;1;1;1;80;66;;;;1;5;;2;;;10;;3;3;;2;;1;11;3;66;365.40241938
6,014,583;1;1;1;80;66;;;;1;4;;2;;;4;;2;2;;2;;1;11;4;66;265.50762566
6,014,583;1;3;1;80;66;;;;2;;;;2;;;.;;;;2;;1;11;;66;265.50762566
6,014,583;1;4;1;80;66;;;;2;;;;2;;;.;;;;2;;1;11;;66;265.50762566
6,014,583;1;5;1;80;66;;;;1;3;;2;;;4;;2;2;;2;;1;11;4;66;265.50762566
6,014,584;1;2;1;80;66;2;;908,526;1;3;;2;;;9;;2;2;;2;;1;11;2;66;710.75897859
6,014,585;1;1;1;80;66;;;;1;5;;2;;;10;;3;3;;2;;1;11;4;66;402.66369701
6,014,587;1;2;1;80;66;;;;2;;;;2;;;.;2;2;;2;;1;11;;66;492.8092988
6,014,587;1;3;1;80;66;;;;2;;;;2;;;.;2;2;;2;;1;11;;66;492.8092988
6,014,588;1;1;1;80;66;;;;1;5;;2;;;10;;2;2;;2;;1;11;2;66;347.9315894
6,014,588;1;2;1;80;66;;;;2;;;;2;;;.;2;2;;2;;1;11;;66;347.9315894
6,014,589;1;1;1;80;66;;;;1;4;;2;;;8;;2;2;;2;;1;11;4;66;257.40589418
6,014,589;1;2;1;80;66;;;;2;;;;2;;;.;2;2;;2;;1;11;;66;257.40589418
6,014,589;1;3;1;80;66;;;;2;;;;1;2;9;;2;3;;2;;1;11;;66;257.40589418
6,014,589;1;4;1;80;66;;;;2;;;;2;;;.;;;;2;;1;11;;66;257.40589418
6,014,589;1;5;1;80;66;;;;2;;;;2;;;.;2;2;;2;;1;11;;66;257.40589418
6,014,591;1;1;1;80;66;;;;1;5;;2;;;8;;3;3;;2;;1;11;4;66;368.21338042
6,014,593;1;1;1;80;66;;;;1;8;;2;;;9;;3;3;;2;;1;11;3;66;549.08616926
6,014,593;1;2;1;80;66;;;;1;4;;2;;;4;;2;2;;2;;1;11;3;66;549.08616926
6,014,593;1;3;1;80;66;;;;2;;;;2;;;.;;;;2;;1;11;;66;549.08616926
6,014,594;1;3;1;80;66;;;;2;;;;2;;;.;;;;2;;1;11;;66;591.63312851
6,014,598;1;2;1;80;66;;;;1;3;;2;;;9;;1;2;;2;;1;11;4;66;400.01440373
6,014,598;1;4;1;80;66;;;;2;;;;2;;;.;2;2;;2;;1;11;;66;400.01440373
6,014,599;1;4;1;80;66;;;;1;7;;1;;1;1;;2;2;;2;;1;11;2;66;566.71866699
6,014,600;1;1;1;80;66;;;;1;3;;2;;;9;;2;2;;2;;1;11;4;66;296.5017862
6,014,601;1;2;1;80;66;;;;1;4;;2;;;4;;2;2;;2;;1;11;3;66;365.8031743
6,014,601;1;4;1;80;66;;;;1;3;;2;;;9;;2;2;;2;;1;11;4;66;365.8031743
6,014,601;1;5;1;80;66;;;;2;;;;2;;;.;2;2;;2;;1;11;;66;365.8031743
6,014,603;1;1;1;80;66;;;;2;;;;2;;;.;2;2;;2;;1;11;;66;515.6560523
6,014,603;1;2;1;80;66;;;;1;3;;2;;;9;;2;2;;2;;1;11;2;66;515.6560523
6,014,603;1;3;1;80;66;;;;2;;;;2;;;.;2;2;;2;;1;11;;66;515.6560523
6,014,609;1;2;1;80;66;;;;2;;;;2;;;.;2;2;;2;;1;11;;66;319.58672214
6,014,609;1;3;1;80;66;;;;2;;;;2;;;.;;;;2;;1;11;;66;319.58672214
6,014,610;1;2;1;80;66;;;;2;;;;2;;;.;2;2;;2;;1;11;;66;326.06717608
6,014,611;1;1;1;80;66;1;24;454,000;2;;;;2;;;.;3;3;;2;;1;11;;66;400.01440373
6,014,611;1;2;1;80;66;;;;2;;;;2;;;.;2;2;;2;;1;11;;66;400.01440373
6,014,611;1;4;1;80;66;;;;2;;;;2;;;.;2;2;;2;;1;11;;66;400.01440373
6,014,612;1;2;1;80;66;;;;2;;;;2;;;.;2;2;;2;;1;11;;66;396.58399799
6,014,612;1;4;1;80;66;;;;2;;;;2;;;.;2;2;;2;;1;11;;66;396.58399799
6,014,612;1;5;1;80;66;;;;2;;;;2;;;.;;;;2;;1;11;;66;396.58399799
6,014,615;1;2;1;80;66;;;;1;3;;2;;;9;;2;2;;2;;1;11;3;66;276.03560852
6,014,615;1;5;1;80;66;;;;2;;;;2;;;.;2;2;;2;;1;11;;66;276.03560852
6,014,616;1;1;1;80;66;;;;1;5;;2;;;10;;3;3;;2;;1;11;4;66;401.60993096
6,014,617;1;1;1;80;66;;;;2;;;;1;1;9;;2;2;;2;;1;11;;66;487.73998542
6,014,619;1;2;1;80;66;;;;2;;;;2;;;.;2;2;;2;;1;11;;66;614.31730953
6,014,619;1;5;1;80;66;;;;2;;;;2;;;.;2;2;;2;;1;11;;66;614.31730953
6,014,620;1;1;1;80;66;;;;2;;;;2;;;.;2;2;;2;;1;11;;66;437.1140136
6,014,629;1;1;1;80;66;;;;1;5;;2;;;10;;3;3;;2;;1;11;4;66;347.53083448
6,014,629;1;2;1;80;66;;;;1;4;;2;;;4;;2;2;;2;;1;11;2;66;347.53083448
6,014,630;1;2;1;80;66;;;;2;;;;2;;;.;2;2;;2;;1;11;;66;368.61413534
6,014,631;1;1;1;80;66;;;;1;3;;2;;;8;;2;2;;2;;1;11;4;66;402.66369701
6,014,635;1;2;1;80;66;;;;2;;;;2;;;.;2;2;;2;;1;11;;66;450.26233954
6,014,635;1;3;1;80;66;;;;2;;;;2;;;.;2;2;;2;;1;11;;66;450.26233954
6,014,636;1;1;1;80;66;;;;2;;;;2;;;.;2;2;;2;;1;11;;66;290.02133226
6,014,636;1;3;1;80;66;;;;2;;;;2;;;.;2;2;;2;;1;11;;66;290.02133226
6,014,636;1;4;1;80;66;;;;2;;;;2;;;.;;;;2;;1;11;;66;290.02133226
6,014,637;1;1;1;80;66;;;;1;9;QUERIA DESCANSAR;2;;;11;;3;3;;2;;1;11;3;66;347.53083448
6,014,637;1;2;1;80;66;;;;1;5;;2;;;10;;3;3;;2;;1;11;4;66;347.53083448
6,014,642;1;2;1;80;66;;;;1;3;;2;;;9;;2;2;;2;;1;11;4;66;329.89833675
6,014,643;1;2;1;80;66;;;;2;;;;2;;;.;2;2;;2;;1;11;;66;378.55074533
6,014,643;1;4;1;80;66;;;;2;;;;2;;;.;2;2;;2;;1;11;;66;378.55074533
6,014,646;1;1;1;80;66;;;;1;5;;2;;;10;;3;3;;2;;1;11;4;66;546.25248931
6,014,646;1;5;1;80;66;;;;2;;;;2;;;.;;;;2;;1;11;;66;546.25248931
6,014,647;1;2;1;80;66;;;;2;;;;2;;;.;2;2;;2;;1;11;;66;378.55074533
6,014,647;1;3;1;80;66;;;;2;;;;2;;;.;;;;2;;1;11;;66;378.55074533
6,014,650;1;3;1;80;66;;;;2;;;;2;;;.;2;2;;2;;1;11;;66;713.14113924
6,014,650;1;4;1;80;66;;;;1;3;;2;;;9;;2;2;;2;;1;11;2;66;713.14113924
6,014,651;1;2;1;80;66;;;;2;;;;2;;;.;2;2;;2;;1;11;;66;347.53083448
6,014,652;1;1;1;80;66;;;;2;;;;2;;;.;2;2;;2;;1;11;;66;456.74279348
6,014,653;1;1;1;80;66;;;;1;5;;2;;;8;;3;2;;2;;1;11;4;66;401.60993096
6,014,655;1;1;1;80;66;;;;1;5;;2;;;8;;3;2;;2;;1;11;4;66;347.53083448
6,014,655;1;2;1;80;66;;;;2;;;;2;;;.;2;2;;2;;1;11;;66;347.53083448
6,014,657;1;1;1;80;66;;;;2;;;;2;;;.;2;2;;2;;1;11;;66;347.53083448
6,014,657;1;2;1;80;66;;;;1;4;;2;;;4;;2;2;;2;;1;11;4;66;347.53083448
6,014,658;1;2;1;80;66;;;;2;;;;2;;;.;;;;2;;1;11;;66;514.63585267
6,014,659;1;1;1;80;66;;;;1;9;TERMINO CONTRATO;2;;;2;;2;2;;2;;1;11;3;66;360.51749267
6,014,659;1;3;1;80;66;;;;2;;;;2;;;.;;;;2;;1;11;;66;360.51749267
6,014,663;1;1;1;80;66;;;;1;3;;2;;;9;;2;2;;2;;1;11;3;66;648.01297429
6,014,667;1;2;1;80;66;;;;2;;;;2;;;.;2;2;;2;;1;11;;66;432.22908689
6,014,679;1;1;1;80;66;;;;1;5;;2;;;10;;3;3;;2;;1;11;4;66;401.60993096
6,014,681;1;1;1;80;66;;;;1;5;;2;;;10;;3;2;;2;;1;11;4;66;401.60993096
6,014,683;1;1;1;80;66;;;;1;3;;2;;;9;;2;2;;2;;1;11;4;66;368.21338042
6,014,691;1;2;1;80;66;;;;1;3;;2;;;9;;2;2;;2;;1;11;2;66;347.53083448
6,014,692;1;1;1;80;66;;;;1;4;;2;;;8;;3;3;;2;;1;11;4;66;222.79390983
6,014,693;1;2;1;80;66;;;;1;3;;1;;1;1;;2;2;;2;;1;11;2;66;487.73998542
6,014,694;1;3;1;80;66;;;;2;;;;2;;;.;2;2;;2;;1;11;;66;365.56408714
6,014,696;1;1;1;80;66;;;;1;5;;2;;;10;;3;3;;2;;1;11;4;66;289.62057734
6,014,696;1;2;1;80;66;;;;1;3;;2;;;9;;2;2;;2;;1;11;4;66;289.62057734
6,014,698;1;1;1;80;66;;;;1;5;;2;;;10;;3;3;;2;;1;11;4;66;401.60993096
6,014,699;1;2;1;80;66;;;;2;;;;2;;;.;;;;2;;1;11;;66;557.18281192
6,014,700;1;2;1;80;66;;;;1;3;;2;;;9;;2;2;;2;;1;11;4;66;742.94052747
6,014,700;1;3;1;80;66;1;48;908,526;1;1;;2;;;12;Tiene dificultad para aprender;2;2;;2;;1;11;2;66;742.94052747
6,014,708;1;2;1;80;66;;;;1;7;;1;;1;1;;2;2;;2;;1;11;2;66;456.95916174
6,014,709;1;1;1;80;66;;;;1;3;;2;;;9;;2;2;;2;;1;11;4;66;347.53083448
6,014,711;1;2;1;80;66;;;;2;;;;2;;;.;2;2;;2;;1;11;;66;378.55074533
6,014,711;1;3;1;80;66;;;;2;;;;2;;;.;2;2;;2;;1;11;;66;378.55074533
6,014,711;1;4;1;80;66;;;;2;;;;2;;;.;2;2;;2;;1;11;;66;378.55074533
6,014,716;1;1;1;80;66;;;;1;5;;2;;;10;;3;3;;2;;1;11;4;66;275.81924027
6,014,716;1;2;1;80;66;;;;1;3;;2;;;9;;3;3;;2;;1;11;4;66;275.81924027
6,014,716;1;3;1;80;66;;;;1;2;;2;;;2;;2;2;;2;;1;11;4;66;275.81924027
6,014,722;1;2;1;80;66;;;;2;;;;2;;;.;;;;2;;1;11;;66;519.9215343
6,014,725;1;3;1;80;66;;;;2;;;;2;;;.;;;;2;;1;11;;66;403.06445193
6,014,726;1;1;1;80;66;;;;1;5;;2;;;10;;3;3;;2;;1;11;4;66;314.13428394
6,014,726;1;2;1;80;66;;;;2;;;;2;;;.;3;3;;2;;1;11;;66;314.13428394
6,014,729;1;2;1;80;66;;;;1;3;;2;;;9;;2;2;;2;;1;11;4;66;456.95916174
6,014,732;1;1;1;80;66;;;;1;5;;2;;;10;;3;3;;2;;1;11;4;66;380.92738502
6,014,739;1;1;1;80;66;;;;2;;;;1;4;9;;2;2;;2;;1;11;;66;368.21338042
6,014,741;1;2;1;80;66;;;;2;;;;2;;;.;2;2;;2;;1;11;;66;402.66369701
6,014,743;1;1;1;80;66;;;;2;;;;2;;;.;2;2;;2;;1;11;;66;329.89833675
6,014,744;1;1;1;80;66;;;;1;4;;2;;;4;;2;2;;2;;1;11;3;66;401.60993096
6,014,747;1;2;1;80;66;;;;1;1;;2;;;9;;2;2;;2;;1;11;3;66;329.89833675
6,014,748;1;1;1;80;66;;;;1;3;;2;;;9;;2;2;;2;;1;11;3;66;211.14623845
6,014,748;1;2;1;80;66;;;;1;3;;2;;;4;;3;3;;2;;1;11;4;66;211.14623845
6,014,748;1;3;1;80;66;;;;1;3;;2;;;4;;2;2;;2;;1;11;4;66;211.14623845
6,014,748;1;4;1;80;66;;;;1;5;;2;;;10;;3;3;;2;;1;11;4;66;211.14623845
6,014,748;1;5;1;80;66;;;;1;3;;2;;;4;;3;3;;2;;1;11;4;66;211.14623845
6,014,749;1;1;1;80;66;;;;2;;;;2;;;.;2;2;;2;;1;11;;66;368.21338042
6,014,750;1;1;1;80;66;;;;2;;;;2;;;.;2;2;;2;;1;11;;66;645.52783832
6,014,752;1;1;1;80;66;;;;1;3;;2;;;9;;2;2;;2;;1;11;4;66;528.8871242
6,014,753;1;2;1;80;66;;;;1;3;;2;;;9;;2;2;;2;;1;11;4;66;293.451738
6,014,753;2;1;2;80;66;;;;1;4;;2;;;8;;2;2;;2;;1;11;4;66;293.451738
6,014,756;1;2;1;80;66;;;;1;3;;2;;;9;;1;2;;2;;1;11;1.2;66;403.06445193
6,014,756;1;3;1;80;66;;;;2;;;;2;;;.;;;;2;;1;11;;66;403.06445193
6,014,759;1;1;1;80;66;;;;2;;;;2;;;.;2;2;;2;;1;11;;66;260.05518746
6,014,759;1;2;1;80;66;;;;2;;;;2;;;.;3;3;;2;;1;11;;66;260.05518746
6,014,759;1;3;1;80;66;;;;1;3;;2;;;9;;2;2;;2;;1;11;3;66;260.05518746
6,014,761;1;1;1;80;66;;;;1;3;;2;;;4;;2;2;;2;;1;11;1.4;66;572.40510355
6,014,761;1;6;1;80;66;;;;2;;;;2;;;.;2;2;;2;;1;11;;66;572.40510355
6,014,763;1;1;1;80;66;;;;1;3;;2;;;9;;2;2;;2;;1;11;2;66;549.08616926
6,014,763;1;3;1;80;66;;;;2;;;;2;;;.;;;;2;;1;11;;66;549.08616926
6,014,764;1;2;1;80;66;;;;1;3;;2;;;9;;2;2;;2;;1;11;2;66;403.28082018
6,014,764;1;3;1;80;66;;;;2;;;;2;;;.;;;;2;;1;11;;66;403.28082018
6,014,764;1;5;1;80;66;;;;1;3;;2;;;9;;2;2;;2;;1;11;4;66;403.28082018
6,014,765;1;2;1;80;66;;;;2;;;;2;;;.;2;2;;2;;1;11;;66;591.23237359
6,014,766;1;1;1;80;66;;;;1;4;;2;;;4;;1;2;;2;;1;11;4;66;303.78910292
6,014,766;1;2;1;80;66;;;;1;4;;2;;;4;;2;2;;2;;1;11;4;66;303.78910292
6,014,766;1;4;1;80;66;;;;1;3;;2;;;9;;2;2;;2;;1;11;3;66;303.78910292
6,014,766;1;5;1;80;66;;;;2;;;;2;;;.;2;2;;2;;1;11;;66;303.78910292
6,014,766;1;6;1;80;66;;;;2;;;;2;;;.;;;;2;;1;11;;66;303.78910292
6,014,767;1;3;1;80;66;;;;2;;;;2;;;.;2;2;;2;;1;11;;66;485.07046279
6,014,768;1;1;1;80;66;;;;1;4;;2;;;4;;2;2;;2;;1;11;4;66;401.60993096
6,014,771;1;2;1;80;66;;;;1;9;TERMINACION DE CONTRATO;2;;;4;;1;2;;1;908,526;1;11;1.1;66;310.26955686
6,014,771;1;4;1;80;66;;;;1;9;CAMBIO DE RESIDENCIA;2;;;1;;1;2;;2;;1;11;4;66;310.26955686
6,014,774;1;2;1;80;66;;;;2;;;;2;;;.;;;;2;;1;11;;66;460.55675619
6,014,774;1;4;1;80;66;;;;1;4;;2;;;9;;1;2;;2;;1;11;4;66;460.55675619
6,014,775;1;1;1;80;66;;;;1;3;;2;;;9;;2;2;;2;;1;11;4;66;446.75541912
6,014,776;1;3;1;80;66;;;;2;;;;2;;;.;;;;2;;1;11;;66;360.51749267
6,014,778;1;1;1;80;66;;;;1;4;;2;;;4;;2;2;;2;;1;11;3;66;402.66369701
6,014,780;1;2;1;80;66;;;;1;3;;2;;;9;;2;2;;2;;1;11;4;66;347.53083448
6,014,785;1;1;1;80;66;;;;1;9;POR PANDEMIA COVID 19;2;;;12;POR PANDEMIA COVID 19;2;2;;2;;1;11;3;66;365.56408714
6,014,785;1;2;1;80;66;;;;1;3;;2;;;9;;2;2;;2;;1;11;4;66;365.56408714
6,014,785;1;3;1;80;66;;;;2;;;;2;;;.;2;2;;2;;1;11;;66;365.56408714
6,014,786;1;1;1;80;66;;;;1;4;;2;;;4;;3;3;;2;;1;11;4;66;472.12675286
6,014,787;1;2;1;80;66;;;;2;;;;2;;;.;2;2;;2;;1;11;;66;586.9926419
6,014,787;1;3;1;80;66;;;;2;;;;2;;;.;2;2;;2;;1;11;;66;586.9926419
6,014,787;1;4;1;80;66;;;;2;;;;2;;;.;2;2;;2;;1;11;;66;586.9926419
6,014,787;1;5;1;80;66;;;;2;;;;2;;;.;2;2;;2;;1;11;;66;586.9926419
6,014,787;1;6;1;80;66;;;;2;;;;2;;;.;;;;2;;1;11;;66;586.9926419
6,014,788;1;1;1;80;66;;;;1;3;;2;;;9;;2;2;;2;;1;11;3;66;573.59987585
6,014,789;1;4;1;80;66;;;;1;9;MOTIVOS PERSONALES;2;;;9;;2;2;;2;;1;11;4;66;503.10371544
6,014,791;1;2;1;80;66;;;;1;4;;2;;;4;;2;2;;2;;1;11;4;66;347.53083448
6,014,792;1;2;1;80;66;;;;2;;;;2;;;.;;;;2;;1;11;;66;536.50026599
6,014,792;1;4;1;80;66;;;;1;4;;2;;;4;;2;2;;2;;1;11;4;66;536.50026599
6,014,793;1;1;1;80;66;;;;1;1;;2;;;9;;2;2;;2;;1;11;3;66;329.89833675
6,014,796;1;3;1;80;66;;;;1;4;;2;;;4;;2;2;;2;;1;11;4;66;368.42974867
6,014,797;1;2;1;80;66;;;;2;;;;2;;;.;2;2;;2;;1;11;;66;471.56433019
6,014,798;1;2;1;80;66;;;;1;2;;2;;;2;;2;2;;2;;1;11;1.4;66;386.24663307
6,014,799;1;1;1;80;66;;;;1;3;;2;;;9;;2;2;;2;;1;11;4;66;314.53503886
6,014,799;1;3;1;80;66;;;;2;;;;2;;;.;;;;2;;1;11;;66;314.53503886
6,014,811;1;2;1;80;66;;;;1;4;;2;;;4;;2;2;;2;;1;11;4;66;251.30553367
6,014,811;1;4;1;80;66;;;;1;3;;2;;;9;;2;2;;2;;1;11;4;66;251.30553367
6,014,813;1;1;1;80;66;;;;1;3;;2;;;9;;2;2;;2;;1;11;4;66;305.38463015
6,014,813;1;2;1;80;66;;;;1;4;;2;;;8;;2;2;;2;;1;11;4;66;305.38463015
6,014,813;1;3;1;80;66;;;;2;;;;2;;;.;2;2;;2;;1;11;;66;305.38463015
6,014,814;1;2;1;80;66;;;;2;;;;2;;;.;2;2;;2;;1;11;;66;368.61413534
6,014,815;1;1;1;80;66;;;;1;7;;2;;;9;;2;2;;2;;1;11;3;66;385.03119927
6,014,820;1;1;1;80;66;;;;1;4;;2;;;4;;2;2;;2;;1;11;4;66;404.49625398
6,014,820;1;3;1;80;66;;;;2;;;;2;;;.;2;2;;2;;1;11;;66;404.49625398
6,014,822;1;1;1;80;66;;;;1;5;;2;;;10;;3;3;;2;;1;11;4;66;530.01981205
6,014,822;1;3;1;80;66;;;;2;;;;2;;;.;2;2;;2;;1;11;;66;530.01981205
6,014,822;1;5;1;80;66;;;;2;;;;2;;;.;2;2;;2;;1;11;;66;530.01981205
6,014,822;1;6;1;80;66;;;;2;;;;2;;;.;;;;2;;1;11;;66;530.01981205
6,014,823;1;3;1;80;66;;;;2;;;;2;;;.;;;;2;;1;11;;66;474.99241439
6,014,824;1;4;1;80;66;;;;2;;;;2;;;.;;;;2;;1;11;;66;421.09770458
6,014,825;1;3;1;80;66;;;;2;;;;2;;;.;;;;2;;1;11;;66;301.55346948
6,014,826;1;1;1;80;66;;;;1;5;;2;;;10;;2;2;;2;;1;11;3;66;329.89833675
6,014,826;1;2;1;80;66;;;;2;;;;2;;;.;2;2;;2;;1;11;;66;329.89833675
6,014,827;1;1;1;80;66;;;;1;3;;2;;;9;;2;2;;2;;1;11;4;66;385.24756752
6,014,830;1;2;1;80;66;;;;1;4;;2;;;8;;2;2;;2;;1;11;4;66;553.97109597
6,014,831;1;3;1;80;66;;;;2;;;;2;;;.;;;;2;;1;11;;66;407.93174854
6,014,831;1;4;1;80;66;;;;2;;;;2;;;.;;;;2;;1;11;;66;407.93174854
6,014,836;1;2;1;80;66;;;;1;3;;2;;;9;;2;2;;2;;1;11;2;66;528.8871242
6,014,837;1;1;1;80;66;;;;1;4;;2;;;4;;2;2;;2;;1;11;4;66;275.81924027
6,014,837;1;2;1;80;66;;;;2;;;;2;;;.;2;2;;2;;1;11;;66;275.81924027
6,014,837;1;3;1;80;66;;;908,526;1;3;;2;;;1;;2;2;;2;;1;11;2;66;275.81924027
6,014,840;1;2;1;80;66;;;;2;;;;2;;;.;2;2;;2;;1;11;;66;326.06717608
6,014,841;1;1;1;80;66;;;;1;9;POR LA EDAD;2;;;8;;2;2;;2;;1;11;4;66;437.33038185
6,014,842;1;1;1;80;66;;;;1;3;;2;;;9;;2;2;;2;;1;11;4;66;314.53503886
6,014,842;1;2;1;80;66;;;;1;2;;2;;;2;;2;2;;2;;1;11;1.4;66;314.53503886
6,014,842;1;3;1;80;66;;;;2;;;;2;;;.;;;;2;;1;11;;66;314.53503886
6,014,844;1;2;1;80;66;;;;2;;;;2;;;.;2;2;;2;;1;11;;66;621.01413172
6,014,844;1;3;1;80;66;;;;2;;;;2;;;.;;;;2;;1;11;;66;621.01413172
6,014,845;1;1;1;80;66;;;;1;4;;2;;;4;;2;2;;2;;1;11;4;66;211.14623845
6,014,846;1;2;1;80;66;;;;1;4;;2;;;4;;2;2;;2;;1;11;4;66;329.89833675
6,014,848;1;2;1;80;66;;;;1;3;;2;;;9;;2;2;;2;;1;11;4;66;402.66369701
6,014,850;1;3;1;80;66;;;;2;;;;2;;;.;;;;2;;1;11;;66;362.1336814
6,014,850;1;4;1;80;66;;;;2;;;;2;;;.;;;;2;;1;11;;66;362.1336814
6,014,852;1;1;1;80;66;;;;1;3;;2;;;9;;2;2;;2;;1;11;4;66;556.99842525
6,014,858;1;2;1;80;68;;;;2;;;;2;;;.;2;2;;2;;1;11;;68;547.00106907
6,014,861;1;3;1;80;68;;;;2;;;;2;;;.;2;2;;2;;1;11;;68;555.60081404
6,014,862;1;2;1;80;68;;;;1;7;;2;;;11;;2;2;;2;;1;11;4;68;650.5177542
6,014,862;1;4;1;80;68;;;;1;3;;2;;;11;;2;2;;2;;1;11;4;68;650.5177542
6,014,863;1;1;1;80;68;;;;1;3;;2;;;8;;2;2;;2;;1;11;4;68;515.58958263
6,014,864;1;3;1;80;68;;;;2;;;;2;;;.;2;2;;2;;1;11;;68;613.85366884
6,014,873;1;2;1;80;68;;;;1;3;;2;;;9;;2;2;;2;;1;11;4;68;700.40303923
6,014,873;1;3;1;80;68;;;;2;;;;2;;;.;2;2;;2;;1;11;;68;700.40303923
6,014,874;1;3;1;80;68;;;;2;;;;2;;;.;;;;2;;1;11;;68;679.83129926
6,014,874;1;4;1;80;68;;;;2;;;;2;;;.;;;;2;;1;11;;68;679.83129926
6,014,874;1;7;1;80;68;;;;1;3;;2;;;8;;2;2;;2;;1;11;4;68;679.83129926
6,014,876;1;1;1;80;68;;;;1;4;;2;;;4;;2;2;;2;;1;11;4;68;512.82875379
6,014,877;1;1;1;80;68;;;;2;;;;2;;;.;2;2;;2;;1;11;;68;702.1586182
6,014,877;1;2;1;80;68;;;;1;4;;1;;1;8;;2;2;;2;;1;11;3;68;702.1586182
6,014,878;1;4;1;80;68;;;;2;;;;2;;;.;2;2;;2;;1;11;;68;591.16421297
6,014,880;1;1;1;80;68;;;;1;5;;2;;;11;;3;3;;2;;1;11;4;68;508.27862876
6,014,880;1;2;1;80;68;;;;1;5;;2;;;10;;3;3;;2;;1;11;3;68;508.27862876
6,014,880;1;3;1;80;68;;;;2;;;;2;;;.;2;2;;2;;1;11;;68;508.27862876
6,014,880;1;5;1;80;68;;;;1;3;;2;;;8;;2;2;;2;;1;11;4;68;508.27862876
6,014,882;1;1;1;80;68;;;;1;5;;2;;;10;;3;3;;2;;1;11;4;68;558.36164289
6,014,882;1;2;1;80;68;;;;1;4;;2;;;4;;2;2;;2;;1;11;4;68;558.36164289
6,014,883;1;1;1;80;68;;;;1;5;;2;;;11;;3;3;;2;;1;11;4;68;364.81653127
6,014,883;1;2;1;80;68;;;;1;3;;2;;;11;;2;2;;2;;1;11;4;68;364.81653127
6,014,883;1;3;1;80;68;;;;2;;;;2;;;.;2;2;;2;;1;11;;68;364.81653127
6,014,887;1;3;1;80;68;;;;2;;;;2;;;.;;;;2;;1;11;;68;589.77312933
6,014,888;1;2;1;80;68;;;;1;5;;2;;;10;;3;3;;2;;1;11;3;68;558.36164289
6,014,889;1;1;1;80;68;1;24;500,000;1;8;;2;;;9;;2;2;;2;;1;11;4;68;489.81928321
6,014,889;1;3;1;80;68;;;;2;;;;2;;;.;;;;2;;1;11;;68;489.81928321
6,014,891;1;1;1;80;68;;;;1;3;;2;;;9;;2;2;;2;;1;11;4;68;353.79083527
6,014,891;1;3;1;80;68;;;;1;4;;2;;;4;;2;2;;2;;1;11;4;68;353.79083527
6,014,892;1;3;1;80;68;;;;2;;;;1;1;2;;2;2;;2;;1;11;;68;656.29085127
6,014,892;1;4;1;80;68;;;;2;;;;2;;;.;;;;2;;1;11;;68;656.29085127
6,014,893;1;3;1;80;68;;;;1;3;;2;;;9;;2;2;;2;;1;11;1.4;68;656.29085127
6,014,893;1;4;1;80;68;1;24;908,526;1;8;;2;;;4;;2;2;;2;;1;11;1.3;68;656.29085127
6,014,894;1;2;1;80;68;;;;2;;;;2;;;.;2;2;;2;;1;11;;68;481.87443077
6,014,895;1;2;1;80;68;;;;1;7;;2;;;9;;2;2;;2;;1;11;2;68;590.84419826
6,014,895;1;3;1;80;68;;;;2;;;;2;;;.;;;;2;;1;11;;68;590.84419826
6,014,895;1;5;1;80;68;;;;1;4;;2;;;11;;2;2;;2;;1;11;4;68;590.84419826
6,014,897;1;2;1;80;68;2;;1,000,000;1;3;;2;;;9;;2;2;;2;;1;11;3;68;743.17509948
6,014,897;1;4;1;80;68;;;;1;4;;2;;;8;;2;2;;2;;1;11;3;68;743.17509948
6,014,898;2;1;2;80;68;;;;1;3;;2;;;8;;2;2;;2;;1;11;3;68;593.82274927
6,014,898;2;2;2;80;68;;;;2;;;;2;;;.;2;2;;2;;1;11;;68;593.82274927
6,014,898;3;2;3;80;68;;;;1;3;;2;;;8;;2;2;;2;;1;11;4;68;593.82274927
6,014,901;1;1;1;80;68;;;;1;3;;2;;;9;;2;2;;2;;1;11;4;68;659.38655794
6,014,901;1;2;1;80;68;;;;1;4;;2;;;8;;2;2;;2;;1;11;4;68;659.38655794
6,014,904;1;2;1;80;68;1;29;600,000;2;;;;2;;;.;2;2;;2;;1;11;;68;395.46220909
6,014,904;1;3;1;80;68;;;;1;3;;2;;;9;;1;1;2;2;;1;11;1.3;68;395.46220909
6,014,906;1;2;1;80;68;;;;2;;;;2;;;.;;;;2;;1;11;;68;1094.0021381
6,014,909;1;5;1;80;68;;;;2;;;;2;;;.;2;2;;2;;1;11;;68;678.1856099
6,014,910;1;1;1;80;68;;;;1;9;POR EDAD;2;;;8;;2;2;;2;;1;11;4;68;1116.7232858
6,014,910;1;2;1;80;68;;;;1;3;;2;;;9;;2;2;;2;;1;11;4;68;1116.7232858
6,014,911;1;1;1;80;68;;;;1;3;;2;;;9;;2;2;;2;;1;11;4;68;1103.2500162
6,014,911;1;3;1;80;68;;;;1;3;;2;;;9;;2;2;;2;;1;11;2;68;1103.2500162
6,014,912;1;2;1;80;68;;;;1;4;;2;;;8;;2;2;;2;;1;11;4;68;673.99925131
6,014,915;1;1;1;80;68;;;;1;3;;2;;;9;;2;2;;2;;1;11;3;68;887.58010865
6,014,915;1;2;1;80;68;1;48;908,526;2;;;;1;4;4;;2;2;;2;;1;11;;68;887.58010865
6,014,916;1;1;1;80;68;;;;1;4;;2;;;4;;2;2;;2;;1;11;2;68;513.30078032
6,014,916;1;2;1;80;68;;;;1;3;;2;;;9;;2;2;;2;;1;11;2;68;513.30078032
6,014,918;1;1;1;80;68;;;;1;5;;2;;;10;;3;3;;2;;1;11;4;68;558.36164289
6,014,918;1;2;1;80;68;1;48;1,014,000;1;7;;2;;;8;;1;1;2;2;;1;11;1.4;68;558.36164289
6,014,919;1;2;1;80;68;;;;1;3;;2;;;9;;2;2;;2;;1;11;4;68;677.71358336
6,014,919;1;3;1;80;68;;;;1;2;;2;;;2;;2;2;;2;;1;11;3;68;677.71358336
6,014,919;1;4;1;80;68;;;;1;2;;2;;;2;;2;2;;2;;1;11;2;68;677.71358336
6,014,920;1;1;1;80;68;;;;1;5;;2;;;10;;3;3;;2;;1;11;4;68;1116.7232858
6,014,920;1;2;1;80;68;;;;1;5;;2;;;10;;3;3;;2;;1;11;4;68;1116.7232858
6,014,922;1;2;1;80;68;1;24;800,000;1;3;;1;;4;1;;2;2;;2;;1;11;4;68;642.15018444
6,014,923;1;2;1;80;68;;;;1;3;;2;;;9;;2;2;;2;;1;11;4;68;542.02001324
6,014,924;1;3;1;80;68;;;;2;;;;2;;;.;;;;2;;1;11;;68;613.85366884
6,014,925;1;1;1;80;68;;;;1;8;;2;;;8;;2;2;;2;;1;11;3;68;690.79804438
6,014,925;1;4;1;80;68;;;;2;;;;2;;;.;2;2;;2;;1;11;;68;690.79804438
6,014,926;1;1;1;80;68;;;;1;3;;2;;;4;;2;2;;2;;1;11;4;68;515.58958263
6,014,929;1;1;1;80;68;;;;1;3;;2;;;9;;2;2;;2;;1;11;4;68;609.31799685
6,014,931;1;3;1;80;68;;;;1;4;;2;;;8;;2;2;;2;;1;11;4;68;760.07659517
6,014,931;1;4;1;80;68;;;;2;;;;2;;;.;2;2;;2;;1;11;;68;760.07659517
6,014,932;1;2;1;80;68;;;;2;;;;2;;;.;2;2;;2;;1;11;;68;648.02598412
6,014,933;1;2;1;80;68;;;;2;;;;2;;;.;;;;2;;1;11;;68;406.48790509
6,014,933;1;4;1;80;68;;;;1;5;;2;;;10;;3;3;;2;;1;11;4;68;406.48790509
6,014,934;1;1;1;80;68;;;;1;3;;2;;;8;;2;2;;2;;1;11;4;68;530.202276
6,014,934;1;3;1;80;68;;;;2;;;;2;;;.;2;2;;2;;1;11;;68;530.202276
6,014,935;1;2;1;80;68;;;;2;;;;2;;;.;;;;2;;1;11;;68;599.37812418
6,014,938;1;3;1;80;68;;;;2;;;;2;;;.;2;2;;2;;1;11;;68;666.23072394
6,014,939;1;2;1;80;68;;;;2;;;;2;;;.;2;2;;2;;1;11;;68;721.68862261
6,014,940;1;2;1;80;68;;;;1;8;;2;;;9;;2;2;;2;;1;11;4;68;753.3178312
6,014,940;1;4;1;80;68;;;;2;;;;2;;;.;;;;2;;1;11;;68;753.3178312
6,014,940;2;2;2;80;68;1;48;400,000;1;3;;2;;;9;;2;2;;2;;1;11;1.3;68;753.3178312
6,014,941;1;5;1;80;68;;;;1;9;POR LA PANDEMIA;2;;;4;;2;2;;2;;1;11;2;68;558.35201844
6,014,941;1;9;1;80;68;;;;2;;;;2;;;.;2;2;;2;;1;11;;68;558.35201844
6,014,942;1;1;1;80;68;;;;1;5;;2;;;11;;3;3;;2;;1;11;4;68;558.36164289
6,014,942;1;2;1;80;68;;;;1;3;;2;;;11;;2;2;;2;;1;11;4;68;558.36164289
6,014,943;1;2;1;80;68;;;;1;3;;2;;;9;;2;2;;2;;1;11;3;68;574.63447867
6,014,945;1;1;1;80;68;;;;1;9;PANDEMIA POR COVID19;2;;;11;;2;2;;2;;1;11;2;68;558.36164289
6,014,945;1;2;1;80;68;;;;1;8;;2;;;11;;2;2;;2;;1;11;3;68;558.36164289
6,014,946;1;2;1;80;68;;;;1;3;;2;;;9;;2;2;;2;;1;11;4;68;640.47517892
6,014,946;1;4;1;80;68;;;;2;;;;2;;;.;2;2;;2;;1;11;;68;640.47517892
6,014,946;1;5;1;80;68;;;;2;;;;2;;;.;;;;2;;1;11;;68;640.47517892
6,014,947;1;1;1;80;68;;;;1;6;;2;;;11;;2;2;;1;908,600;1;11;1.1;68;687.14225313
6,014,947;1;3;1;80;68;;;;2;;;;2;;;.;2;2;;2;;1;11;;68;687.14225313
6,014,948;1;3;1;80;68;;;;2;;;;2;;;.;2;2;;2;;1;11;;68;613.85366884
6,014,949;1;4;1;80;68;;;;1;2;;2;;;2;;2;2;;2;;1;11;2;68;666.11356828
6,014,949;1;6;1;80;68;;;;1;4;;2;;;4;;2;2;;2;;1;11;4;68;666.11356828
6,014,949;1;7;1;80;68;;;;1;4;;2;;;4;;2;2;;2;;1;11;4;68;666.11356828
6,014,951;1;2;1;80;68;;;;2;;;;2;;;.;2;2;;2;;1;11;;68;493.03727548
6,014,954;1;3;1;80;68;;;;2;;;;2;;;.;;;;2;;1;11;;68;648.02598412
6,014,956;1;4;1;80;68;;;;2;;;;2;;;.;2;2;;2;;1;11;;68;690.46316656
6,014,957;1;3;1;80;68;;;;2;;;;2;;;.;2;2;;2;;1;11;;68;656.29085127
6,014,957;1;4;1;80;68;;;;2;;;;2;;;.;;;;2;;1;11;;68;656.29085127
6,014,959;1;1;1;80;68;;;;1;4;;2;;;4;;2;2;;2;;1;11;4;68;558.36164289
6,014,959;1;2;1;80;68;;;;1;4;;2;;;4;;2;2;;2;;1;11;4;68;558.36164289
6,014,960;1;2;1;80;68;;;;1;9;PANDEMIA POR COVID19;2;;;8;;2;2;;2;;1;11;2;68;588.04924213
6,014,960;1;3;1;80;68;;;;2;;;;2;;;.;;;;2;;1;11;;68;588.04924213
6,014,961;1;1;1;80;68;;;;1;3;;2;;;9;;2;2;;2;;1;11;4;68;580.90432559
6,014,961;1;3;1;80;68;2;;1,000,000;1;3;;2;;;9;;2;2;;2;;1;11;4;68;580.90432559
6,014,961;1;5;1;80;68;;;;2;;;;2;;;.;;;;2;;1;11;;68;580.90432559
6,014,962;1;2;1;80;68;;;;2;;;;2;;;.;;;;2;;1;11;;68;547.00106907
6,014,963;1;1;1;80;68;;;;1;5;;2;;;10;;3;3;;2;;1;11;4;68;633.74816857
6,014,965;1;3;1;80;68;2;;908,600;1;4;;2;;;4;;2;2;;2;;1;11;2;68;833.92526404
6,014,965;1;6;1;80;68;1;48;400,000;2;;;;1;2;8;;2;2;;2;;1;11;;68;833.92526404
6,014,966;1;3;1;80;68;;;;1;4;;2;;;4;;2;2;;2;;1;11;4;68;589.77312933
6,014,968;1;1;1;80;68;;;;1;5;;2;;;4;;3;3;;2;;1;11;4;68;601.13370315
6,014,968;1;2;1;80;68;;;;1;4;;2;;;4;;2;2;;2;;1;11;4;68;601.13370315
6,014,968;1;3;1;80;68;;;;1;4;;2;;;8;;2;2;;2;;1;11;4;68;601.13370315
6,014,969;1;3;1;80;68;;;;1;3;;2;;;9;;2;2;;2;;1;11;4;68;480.21428836
6,014,970;1;3;1;80;68;;;;2;;;;2;;;.;;;;2;;1;11;;68;617.0716611
6,014,971;1;1;1;80;68;;;;1;3;;2;;;9;;2;2;;2;;1;11;4;68;565.2058089
6,014,971;1;2;1;80;68;;;;2;;;;2;;;.;;;;2;;1;11;;68;565.2058089
6,014,972;1;1;1;80;68;;;;1;5;;2;;;9;;3;3;;2;;1;11;4;68;429.17736095
6,014,973;1;3;1;80;68;;;;2;;;;2;;;.;;;;2;;1;11;;68;617.0716611
6,014,974;1;1;1;80;68;;;;1;4;;2;;;8;;2;2;;2;;1;11;4;68;437.44222811
6,014,974;1;3;1;80;68;;;;2;;;;2;;;.;2;2;;2;;1;11;;68;437.44222811
6,014,976;1;3;1;80;68;;;;2;;;;2;;;.;;;;2;;1;11;;68;656.29085127
6,014,977;1;4;1;80;68;;;;1;6;;2;;;4;;2;2;;2;;1;11;4;68;904.04158838
6,014,978;1;1;1;80;68;;;;1;4;;2;;;4;;2;2;;2;;1;11;4;68;1116.7232858
6,014,978;1;2;1;80;68;;;;1;7;;2;;;4;;2;2;;2;;1;11;4;68;1116.7232858
6,014,979;1;3;1;80;68;;;;2;;;;2;;;.;;;;2;;1;11;;68;1227.7073377
6,014,980;1;2;1;80;68;;;;1;3;;2;;;9;;2;2;;2;;1;11;4;68;1116.7232858
6,014,981;1;3;1;80;68;;;;2;;;;2;;;.;2;2;;2;;1;11;;68;1227.7073377
6,014,983;1;5;1;80;68;;;;1;7;;2;;;1;;2;2;;2;;1;11;2;68;1269.9127724
6,014,985;1;1;1;80;68;;;;1;5;;2;;;10;;3;3;;2;;1;11;4;68;1021.4616248
6,014,985;1;4;1;80;68;;;;2;;;;2;;;.;;;;2;;1;11;;68;1021.4616248
6,014,986;1;1;1;80;68;;;;1;4;;2;;;8;;2;2;;2;;1;11;4;68;515.58958263
6,014,989;1;2;1;80;68;;;;2;;;;2;;;.;2;2;;2;;1;11;;68;801.29080556
6,014,992;1;3;1;80;68;;;;2;;;;2;;;.;2;2;;2;;1;11;;68;690.46316656
6,014,992;1;4;1;80;68;;;;2;;;;2;;;.;2;2;;2;;1;11;;68;690.46316656
6,014,993;1;1;1;80;68;;;;1;3;;2;;;8;;2;2;;2;;1;11;4;68;429.17736095
6,015,016;1;3;1;80;68;;;;1;3;;2;;;9;;2;2;;2;;1;11;4;68;470.52872006
6,015,017;1;1;1;80;68;1;48;908,000;1;4;;2;;;8;;2;2;;2;;1;11;4;68;633.74816857
6,015,018;1;2;1;80;68;;;;2;;;;2;;;.;2;2;;2;;1;11;;68;485.09242304
6,015,019;1;1;1;80;68;;;;1;4;;2;;;8;;2;2;;2;;1;11;4;68;514.38660365
6,015,019;1;2;1;80;68;;;;2;;;;2;;;.;2;2;;2;;1;11;;68;514.38660365
6,015,019;1;3;1;80;68;;;;1;6;;2;;;9;;2;2;;2;;1;11;4;68;514.38660365
6,015,019;1;4;1;80;68;;;;2;;;;2;;;.;2;2;;2;;1;11;;68;514.38660365
6,015,020;1;2;1;80;68;1;48;908,000;2;;;;2;;;.;2;2;;2;;1;11;;68;556.48890826
6,015,020;1;3;1;80;68;;;;2;;;;2;;;.;2;2;;2;;1;11;;68;556.48890826
6,015,020;1;4;1;80;68;1;24;600,000;2;;;;1;1;8;;2;2;;2;;1;11;;68;556.48890826
6,015,020;1;5;1;80;68;;;;1;3;;2;;;8;;2;2;;2;;1;11;4;68;556.48890826
6,015,022;1;4;1;80;68;;;;1;3;;2;;;8;;2;2;;2;;1;11;4;68;499.24795299
6,015,023;1;3;1;80;68;;;;2;;;;2;;;.;2;2;;2;;1;11;;68;622.11853599
6,015,023;1;4;1;80;68;;;;1;4;;2;;;4;;2;2;;2;;1;11;3;68;622.11853599
6,015,024;1;2;1;80;68;;;;1;4;;2;;;4;;2;2;;2;;1;11;4;68;393.80206668
6,015,024;1;5;1;80;68;2;;1,000,000;1;8;;2;;;2;;2;2;;2;;1;11;2;68;393.80206668
6,015,026;1;1;1;80;68;;;;1;3;;2;;;4;;2;2;;2;;1;11;4;68;558.36164289
6,015,026;1;2;1;80;68;;;;1;4;;2;;;8;;2;2;;2;;1;11;4;68;558.36164289
6,015,027;1;1;1;80;68;;;;2;;;;2;;;.;2;2;;2;;1;11;;68;594.39706835
6,015,027;1;2;1;80;68;;;;1;3;;2;;;9;;2;2;;2;;1;11;4;68;594.39706835
6,015,029;1;2;1;80;68;;;;1;3;;2;;;9;;2;2;;2;;1;11;4;68;642.15018444
6,015,030;1;2;1;80;68;;;;1;2;;2;;;2;;2;2;;2;;1;11;1.3;68;521.09362094
6,015,030;1;3;1;80;68;;;;2;;;;2;;;.;;;;2;;1;11;;68;521.09362094
6,015,031;1;1;1;80;68;;;;1;3;;2;;;9;;2;2;;2;;1;11;3;68;558.36164289
6,015,031;1;2;1;80;68;;;;1;3;;2;;;9;;2;2;;2;;1;11;4;68;558.36164289
6,015,032;1;3;1;80;68;;;;2;;;;2;;;.;2;2;;2;;1;11;;68;656.29085127
6,015,033;1;1;1;80;68;;;;1;3;;2;;;9;;2;2;;2;;1;11;3;68;507.83807351
6,015,033;2;1;2;80;68;;;;1;3;;2;;;11;;2;2;;2;;1;11;4;68;507.83807351
6,015,033;2;3;2;80;68;1;48;908,526;1;8;;2;;;4;;2;2;;2;;1;11;1.1;68;507.83807351
6,015,033;3;3;3;80;68;;;;2;;;;2;;;.;;;;2;;1;11;;68;507.83807351
6,015,033;3;4;3;80;68;;;;2;;;;2;;;.;;;;2;;1;11;;68;507.83807351
6,015,034;1;1;1;80;68;;;;1;5;;2;;;10;;3;3;;2;;1;11;3;68;821.05339525
6,015,034;1;2;1;80;68;;;;1;3;;2;;;9;;2;2;;2;;1;11;4;68;821.05339525
6,015,034;1;3;1;80;68;;;;1;5;;2;;;10;;3;3;;2;;1;11;4;68;821.05339525
6,015,034;1;5;1;80;68;;;;1;3;;2;;;9;;2;2;;2;;1;11;2;68;821.05339525
6,015,035;1;3;1;80;68;;;;2;;;;2;;;.;2;2;;2;;1;11;;68;648.02598412
6,015,037;1;2;1;80;68;;;1,000,000;1;9;POR LA PANDEMIA;2;;;12;POR LA PANDEMIA;2;2;;2;;1;11;3;68;605.58880168
6,015,038;1;1;1;80;68;;;;1;4;;2;;;8;;2;2;;2;;1;11;2;68;734.77308362
6,015,040;1;3;1;80;68;;;;2;;;;2;;;.;;;;2;;1;11;;68;666.23072394
6,015,042;1;2;1;80;68;1;40;500,000;1;7;;2;;;8;;2;2;;2;;1;11;2;68;656.29085127
6,015,042;1;4;1;80;68;;;;2;;;;2;;;.;;;;2;;1;11;;68;656.29085127
6,015,045;1;1;1;80;68;;;;1;8;;2;;;8;;2;2;;2;;1;11;4;68;600.46394751
6,015,045;1;2;1;80;68;;;;2;;;;2;;;.;2;2;;2;;1;11;;68;600.46394751
6,015,045;1;3;1;80;68;;;;2;;;;2;;;.;2;2;;2;;1;11;;68;600.46394751
6,015,047;1;3;1;80;68;;;;2;;;;2;;;.;2;2;;2;;1;11;;68;690.46316656
6,015,047;1;4;1;80;68;;;;2;;;;2;;;.;;;;2;;1;11;;68;690.46316656
6,015,049;1;1;1;80;68;;;;1;4;;2;;;8;;2;2;;2;;1;11;1.2;68;589.77312933
6,015,051;1;2;1;80;68;;;;1;4;;2;;;4;;2;2;;2;;1;11;4;68;482.97511721
6,015,052;1;1;1;80;68;;;;1;4;;2;;;8;;2;2;;2;;1;11;4;68;429.17736095
6,015,055;1;3;1;80;68;;;;2;;;;2;;;.;2;2;;2;;1;11;;68;613.85366884
6,015,056;1;1;1;80;68;;;;1;5;;2;;;10;;3;3;;2;;1;11;4;68;659.38655794
6,015,056;1;2;1;80;68;;;;1;4;;2;;;8;;2;2;;2;;1;11;4;68;659.38655794
6,015,057;1;1;1;80;68;;;;1;4;;2;;;4;;2;2;;2;;1;11;3;68;471.94942121
6,015,057;1;2;1;80;68;;;;1;3;;2;;;9;;2;2;;2;;1;11;4;68;471.94942121
6,015,058;1;3;1;80;68;;;;2;;;;2;;;.;;;;2;;1;11;;68;711.88589865
6,015,058;1;4;1;80;68;;;;2;;;;2;;;.;;;;2;;1;11;;68;711.88589865
6,015,062;1;3;1;80;68;;;;2;;;;2;;;.;;;;2;;1;11;;68;448.27733899
6,015,062;1;4;1;80;68;;;;2;;;;2;;;.;;;;2;;1;11;;68;448.27733899
6,015,064;1;4;1;80;68;;;;2;;;;2;;;.;2;2;;2;;1;11;;68;690.46316656
6,015,065;1;3;1;80;68;;;;2;;;;2;;;.;;;;2;;1;11;;68;429.47959383
6,015,065;1;4;1;80;68;;;;1;4;;2;;;11;;2;2;;2;;1;11;4;68;429.47959383
6,015,066;1;4;1;80;68;2;;908,000;2;;;;2;;;.;2;2;;2;;1;11;;68;632.21031176
6,015,068;1;1;1;80;68;;;;1;5;;2;;;10;;3;3;;2;;1;11;4;68;581.23920341
6,015,068;1;4;1;80;68;;;;1;3;;2;;;9;;2;2;;2;;1;11;1.3;68;581.23920341
6,015,068;1;5;1;80;68;;;;2;;;;2;;;.;2;2;;2;;1;11;;68;581.23920341
6,015,069;1;1;1;80;68;;;;1;2;;2;;;2;;2;2;;2;;1;11;1.3;68;599.24097547
6,015,070;1;1;1;80;68;;;;1;4;;2;;;4;;2;2;;2;;1;11;4;68;418.77123217
6,015,070;1;2;1;80;68;;;;1;9;POR LA PANDEMIA;2;;;12;POR LA PANDEMIA;2;2;;2;;1;11;3;68;418.77123217
6,015,071;1;1;1;80;68;;;;1;5;;2;;;10;;3;3;;2;;1;11;4;68;600.79882533
6,015,071;1;2;1;80;68;;;;2;;;;2;;;.;2;2;;2;;1;11;;68;600.79882533
6,015,071;1;3;1;80;68;;;;1;3;;2;;;8;;2;2;;2;;1;11;4;68;600.79882533
6,015,072;1;2;1;80;68;1;48;600,000;1;7;;2;;;9;;2;2;;2;;1;11;2;68;673.99925131
6,015,073;1;1;1;80;68;;;;1;5;;2;;;10;;3;3;;2;;1;11;4;68;515.58958263
6,015,074;1;1;1;80;68;;;;1;9;POR EDAD;2;;;8;;2;2;;2;;1;11;4;68;600.46394751
6,015,076;1;3;1;80;68;;;;2;;;;2;;;.;2;2;;2;;1;11;;68;613.85366884
6,015,077;1;5;1;80;68;;;;1;5;;2;;;10;;3;3;;2;;1;11;4;68;586.4522159
6,015,078;1;1;1;80;68;;;;1;3;;2;;;8;;2;2;;2;;1;11;3;68;633.74816857
6,015,079;1;3;1;80;68;;;;2;;;;2;;;.;2;2;;2;;1;11;;68;492.21813845
6,015,079;1;4;1;80;68;;;;2;;;;2;;;.;;;;2;;1;11;;68;492.21813845
6,015,084;1;2;1;80;68;;;;1;3;;2;;;9;;2;2;;2;;1;11;4;68;760.41147299
6,015,086;4;1;4;80;68;1;48;908,600;1;4;;2;;;4;;2;2;;1;50,000;1;11;2;68;498.044974
6,015,089;1;1;1;80;68;;;;1;7;;2;;;11;;2;2;;2;;1;11;4;68;364.81653127
6,015,089;1;2;1;80;68;;;;1;5;;2;;;10;;3;3;;2;;1;11;4;68;364.81653127
6,015,089;1;3;1;80;68;;;;1;4;;2;;;11;;2;2;;2;;1;11;4;68;364.81653127
6,015,090;1;1;1;80;68;;;;1;5;;2;;;4;;3;3;;2;;1;11;4;68;616.61449768
6,015,091;1;3;1;80;68;;;;1;3;;2;;;9;;2;2;;2;;1;11;2;68;734.64117357
6,015,091;1;5;1;80;68;;;;2;;;;2;;;.;;;;2;;1;11;;68;734.64117357
6,015,093;1;1;1;80;68;;;;2;;;;2;;;.;1;1;2;2;;1;11;;68;471.94942121
6,015,093;1;2;1;80;68;;;;1;3;;2;;;9;;2;2;;2;;1;11;4;68;471.94942121
6,015,095;1;4;1;80;68;;;;1;4;;2;;;4;;2;2;;2;;1;11;4;68;489.81928321
6,015,096;1;1;1;80;68;;;;2;;;;2;;;.;2;2;;2;;1;11;;68;504.56388664
6,015,097;1;4;1;80;68;;;;2;;;;2;;;.;2;2;;2;;1;11;;68;625.33652825
6,015,098;1;2;1;80;68;;;;1;3;;2;;;9;;2;2;;2;;1;11;4;68;485.42730086
6,015,099;1;2;1;80;68;;;;2;;;;2;;;.;2;2;;2;;1;11;;68;616.61449768
6,015,100;1;1;1;80;68;;;;1;3;;2;;;8;;2;2;;2;;1;11;2;68;659.38655794
6,015,100;1;2;1;80;68;;;;2;;;;2;;;.;2;2;;2;;1;11;;68;659.38655794
6,015,101;1;3;1;80;68;;;;1;2;;2;;;2;;2;2;;2;;1;11;3;68;664.55571842
6,015,101;1;4;1;80;68;;;;2;;;;2;;;.;2;2;;2;;1;11;;68;664.55571842
6,015,101;1;5;1;80;68;;;;2;;;;2;;;.;;;;2;;1;11;;68;664.55571842
6,015,102;1;1;1;80;68;1;24;1,000,000;2;;;;2;;;.;2;2;;2;;1;11;;68;504.56388664
6,015,103;1;1;1;80;68;;;;1;6;;2;;;11;;3;3;;2;;1;11;4;68;558.36164289
6,015,103;1;2;1;80;68;;;;1;3;;2;;;11;;3;3;;2;;1;11;4;68;558.36164289
6,015,107;1;2;1;80;68;;;;2;;;;2;;;.;;;;2;;1;11;;68;450.92010775
6,015,108;1;3;1;80;68;;;;2;;;;2;;;.;;;;2;;1;11;;68;635.27640093
6,015,109;1;2;1;80;68;;;;1;4;;2;;;4;;3;3;;2;;1;11;4;68;620.20149505
6,015,110;1;2;1;80;68;;;;1;3;;2;;;9;;2;2;;2;;1;11;4;68;659.05168012
6,015,111;1;2;1;80;68;;;;1;3;;2;;;9;;2;2;;2;;1;11;2;68;627.01153377
6,015,112;1;2;1;80;68;;;;1;4;;2;;;4;;2;2;;2;;1;11;4;68;471.94942121
6,015,113;1;2;1;80;68;;;;1;1;;2;;;9;;2;2;;2;;1;11;2;68;599.37812418
6,015,114;1;2;1;80;68;1;48;908,000;1;7;;2;;;8;;2;2;;2;;1;11;1.2;68;617.0716611
6,015,116;1;1;1;80;68;;;;1;3;;2;;;9;;2;2;;2;;1;11;4;68;613.85366884
6,015,116;1;3;1;80;68;;;;2;;;;2;;;.;2;2;;2;;1;11;;68;613.85366884
6,015,118;1;1;1;80;68;1;48;908,000;1;8;;2;;;9;;2;2;;2;;1;11;1.2;68;635.27640093
6,015,118;1;3;1;80;68;;;;2;;;;2;;;.;;;;2;;1;11;;68;635.27640093
6,015,119;1;2;1;80;68;;;;1;5;;2;;;10;;3;3;;2;;1;11;2;68;605.58880168
6,015,120;1;2;1;80;68;;;;1;3;;2;;;9;;2;2;;2;;1;11;3;68;582.89934582
6,015,120;1;3;1;80;68;;;;2;;;;2;;;.;;;;2;;1;11;;68;582.89934582
6,015,122;1;3;1;80;68;;;;2;;;;2;;;.;;;;2;;1;11;;68;443.1331487
6,015,122;1;5;1;80;68;;;;1;7;;2;;;11;;2;2;;2;;1;11;4;68;443.1331487
6,015,123;1;4;1;80;68;;;;2;;;;2;;;.;;;;2;;1;11;;68;384.93326295
6,015,123;1;7;1;80;68;;;;2;;;;2;;;.;;;;2;;1;11;;68;384.93326295
6,015,124;1;1;1;80;68;;;;1;4;;2;;;9;;2;2;;2;;1;11;2;68;679.13428451
6,015,125;1;1;1;80;68;;;;1;4;;2;;;4;;3;3;;2;;1;11;4;68;475.31112643
6,015,129;1;4;1;80;68;;;;2;;;;2;;;.;2;2;;2;;1;11;;68;622.2066943
6,015,129;1;5;1;80;68;;;;2;;;;2;;;.;;;;2;;1;11;;68;622.2066943
6,015,130;2;2;2;80;68;;;;2;;;;2;;;.;;;;2;;1;11;;68;563.53080338
6,015,135;1;4;1;80;68;2;;908,000;1;8;;2;;;2;;2;2;;2;;1;11;3;68;690.79804438
6,015,137;1;3;1;80;68;;;;2;;;;2;;;.;;;;2;;1;11;;68;462.80374583
6,015,142;1;3;1;80;68;;;;2;;;;2;;;.;;;;2;;1;11;;68;582.89934582
6,015,143;1;3;1;80;68;;;;2;;;;2;;;.;2;2;;2;;1;11;;68;698.72803371
6,015,143;1;4;1;80;68;;;;2;;;;2;;;.;2;2;;2;;1;11;;68;698.72803371
6,015,143;1;5;1;80;68;;;;2;;;;2;;;.;2;2;;2;;1;11;;68;698.72803371
6,015,144;1;1;1;80;68;;;;1;4;;2;;;8;;2;2;;2;;1;11;4;68;386.69218698
6,015,146;1;3;1;80;68;;;;1;2;;2;;;2;;1;2;;2;;1;11;3;68;793.87714907
6,015,146;1;4;1;80;68;;;;2;;;;2;;;.;2;2;;2;;1;11;;68;793.87714907
6,015,146;1;5;1;80;68;;;;2;;;;2;;;.;2;2;;2;;1;11;;68;793.87714907
6,015,146;1;6;1;80;68;;;;2;;;;2;;;.;;;;2;;1;11;;68;793.87714907
6,015,147;1;1;1;80;68;;;;1;3;;2;;;9;;2;2;;2;;1;11;4;68;538.46714316
6,015,147;1;3;1;80;68;;;;2;;;;2;;;.;2;2;;2;;1;11;;68;538.46714316
6,015,149;1;3;1;80;68;;;;1;9;POR LA EDAD;2;;;8;;2;2;;2;;1;11;4;68;448.46792411
6,015,150;1;3;1;80;68;;;;2;;;;2;;;.;2;2;;2;;1;11;;68;613.85366884
6,015,153;1;2;1;80;68;;;;2;;;;2;;;.;2;2;;2;;1;11;;68;547.00106907
6,015,156;1;1;1;80;68;;;;2;;;;2;;;.;2;2;;2;;1;11;;68;502.97714815
6,015,157;1;2;1;80;68;1;48;908,600;1;1;;1;;1;9;;2;2;;2;;1;11;1.3;68;793.02593841
6,015,158;1;3;1;80;68;;;;2;;;;2;;;.;2;2;;2;;1;11;;68;426.41653211
6,015,178;1;2;1;80;68;2;;98;1;3;;2;;;9;;2;2;;2;;1;11;3;68;574.63447867
6,015,180;1;3;1;80;68;;;;2;;;;2;;;.;;;;2;;1;11;;68;613.85366884
6,015,181;1;2;1;80;68;;;;1;3;;2;;;9;;2;2;;2;;1;11;4;68;659.38655794
6,015,182;1;2;1;80;68;;;;2;;;;2;;;.;2;2;;2;;1;11;;68;512.82875379
6,015,187;1;1;1;80;68;;;;1;3;;2;;;9;;2;2;;2;;1;11;4;68;488.22225699
6,015,189;1;3;1;80;68;;;;2;;;;2;;;.;2;2;;2;;1;11;;68;566.62651004
6,015,190;1;2;1;80;68;;;;2;;;;2;;;.;2;2;;2;;1;11;;68;558.02676507
6,015,191;1;3;1;80;68;;;;2;;;;2;;;.;;;;2;;1;11;;68;700.40303923
6,015,192;1;1;1;80;68;;;;1;4;;2;;;4;;2;2;;2;;1;11;4;68;558.68689626
6,015,192;1;2;1;80;68;2;;900,000;1;3;;2;;;9;;2;2;;2;;1;11;4;68;558.68689626
6,015,192;1;5;1;80;68;;;;2;;;;2;;;.;;;;2;;1;11;;68;558.68689626
6,015,193;1;1;1;80;68;;;;1;4;;2;;;8;;2;2;;2;;1;11;4;68;633.74816857
6,015,194;1;3;1;80;68;1;24;1,300,000;1;3;;2;;;2;;2;2;;2;;1;11;3;68;717.63941273
6,015,197;1;1;1;80;68;;;;1;4;;2;;;11;;2;2;;2;;1;11;4;68;558.36164289
6,015,197;1;2;1;80;68;;;;1;5;;2;;;10;;3;3;;2;;1;11;4;68;558.36164289
6,015,198;1;3;1;80;68;;;;1;2;;2;;;2;;2;2;;2;;1;11;2;68;706.61371673
6,015,199;1;3;1;80;68;;;;1;8;;2;;;4;;2;2;;2;;1;11;1.2;68;827.40122147
6,015,201;1;1;1;80;68;;;;1;5;;2;;;10;;3;3;;2;;1;11;4;68;471.94942121
6,015,201;1;2;1;80;68;;;;1;5;;2;;;10;;3;3;;2;;1;11;4;68;471.94942121
6,015,202;1;1;1;80;68;;;;1;4;;2;;;4;;2;2;;2;;1;11;4;68;558.36164289
6,015,202;1;2;1;80;68;;;;1;3;;2;;;9;;2;2;;2;;1;11;4;68;558.36164289
6,015,203;1;2;1;80;68;;;;2;;;;2;;;.;2;2;;2;;1;11;;68;512.82875379
6,015,204;1;1;1;80;68;;;;1;4;;2;;;4;;2;2;;2;;1;11;3;68;616.61449768
6,015,205;1;1;1;80;68;;;;1;5;;2;;;10;;3;3;;2;;1;11;4;68;633.74816857
6,015,206;1;1;1;80;68;;;;1;5;;2;;;10;;3;3;;2;;1;11;4;68;558.36164289
6,015,206;1;2;1;80;68;;;;1;5;;2;;;9;;3;3;;2;;1;11;4;68;558.36164289
6,015,208;1;1;1;80;68;;;;1;5;;2;;;10;;3;3;;2;;1;11;4;68;558.36164289
6,015,208;1;2;1;80;68;;;;1;5;;2;;;10;;3;3;;2;;1;11;4;68;558.36164289
6,015,209;1;2;1;80;68;2;;908,526;1;3;;2;;;9;;2;2;;2;;1;11;2;68;752.64294562
6,015,210;1;2;1;80;68;1;24;600,000;1;9;POR LA PANDEMIA;2;;;12;POR LA PANDEMIA;2;2;;2;;1;11;3;68;708.66790638
6,015,214;1;1;1;80;68;;;;1;5;;2;;;10;;3;3;;2;;1;11;4;68;701.82374038
6,015,214;1;2;1;80;68;;;;1;3;;2;;;9;;2;2;;2;;1;11;4;68;701.82374038
6,015,214;1;4;1;80;68;;;;2;;;;2;;;.;;;;2;;1;11;;68;701.82374038
6,015,215;1;2;1;80;68;2;;2,500,000;1;3;;2;;;9;;2;2;;2;;1;11;2;68;623.93069022
6,015,216;1;3;1;80;68;;;;2;;;;2;;;.;2;2;;2;;1;11;;68;439.44248699
6,015,216;1;9;1;80;68;;;;1;3;;2;;;9;;2;2;;2;;1;11;4;68;439.44248699
6,015,217;1;1;1;80;68;;;;1;5;;2;;;10;;3;3;;2;;1;11;4;68;385.53719953
6,015,217;1;2;1;80;68;;;;1;4;;2;;;4;;2;2;;2;;1;11;4;68;385.53719953
6,015,217;1;3;1;80;68;;;;1;3;;2;;;9;;2;2;;2;;1;11;4;68;385.53719953
6,015,217;1;4;1;80;68;;;;1;4;;2;;;4;;2;2;;2;;1;11;4;68;385.53719953
6,015,219;1;3;1;80;68;;;;2;;;;2;;;.;2;2;;2;;1;11;;68;666.23072394
6,015,220;1;3;1;80;68;;;;2;;;;2;;;.;;;;2;;1;11;;68;700.40303923
6,015,221;1;1;1;80;68;;;;1;3;;2;;;9;;2;2;;2;;1;11;4;68;331.55854283
6,015,221;1;7;1;80;68;;;;1;8;;2;;;12;POR EMBARAZO;2;2;;2;;1;11;1.3;68;331.55854283
6,015,222;1;3;1;80;68;;;;2;;;;2;;;.;2;2;;2;;1;11;;68;664.55571842
6,015,222;1;4;1;80;68;;;;2;;;;2;;;.;2;2;;2;;1;11;;68;664.55571842
6,015,222;1;5;1;80;68;;;;2;;;;2;;;.;;;;2;;1;11;;68;664.55571842
6,015,225;1;4;1;80;68;;;;2;;;;2;;;.;2;2;;2;;1;11;;68;630.38340314
6,015,225;1;5;1;80;68;;;;2;;;;2;;;.;;;;2;;1;11;;68;630.38340314
6,015,226;1;1;1;80;68;;;;1;5;;2;;;11;;3;3;;2;;1;11;4;68;515.58958263
6,015,228;1;1;1;80;68;;;;1;5;;2;;;4;;3;3;;2;;1;11;4;68;712.08362775
6,015,229;1;2;1;80;68;;;;1;4;;2;;;4;;2;2;;2;;1;11;1.4;68;429.17736095
6,015,230;1;3;1;80;68;;;;2;;;;2;;;.;2;2;;2;;1;11;;68;423.01763939
6,015,230;1;4;1;80;68;;;;2;;;;2;;;.;;;;2;;1;11;;68;423.01763939
6,015,230;1;5;1;80;68;;;;2;;;;2;;;.;;;;2;;1;11;;68;423.01763939
6,015,231;1;3;1;80;68;;;;2;;;;2;;;.;;;;2;;1;11;;68;496.48712414
6,015,232;1;1;1;80;68;;;;1;4;;2;;;9;;2;2;;2;;1;11;4;68;398.22303794
6,015,234;1;1;1;80;68;;;;1;3;;2;;;9;;2;2;;2;;1;11;4;68;624.87936483
6,015,239;1;2;1;80;68;2;;6,000,000;1;8;;2;;;2;;1;1;1;2;;1;11;1.4;68;605.58880168
6,015,240;1;1;1;80;68;;;;2;;;;2;;;.;2;2;;2;;1;11;;68;734.16914704
6,015,240;1;5;1;80;68;;;;2;;;;2;;;.;2;2;;2;;1;11;;68;734.16914704
6,015,241;1;1;1;80;68;;;;1;3;;2;;;9;;2;2;;2;;1;11;4;68;597.14303408
6,015,241;1;2;1;80;68;;;;2;;;;2;;;.;2;2;;2;;1;11;;68;597.14303408
6,015,243;1;2;1;80;68;1;24;400,000;2;;;;2;;;.;2;2;;2;;1;11;;68;512.82875379
6,015,245;1;3;1;80;68;;;;2;;;;2;;;.;2;2;;2;;1;11;;68;561.61376244
6,015,247;1;5;1;80;68;;;;1;4;;2;;;4;;2;2;;2;;1;11;4;68;551.62500809
6,015,248;1;1;1;80;68;;;;1;3;;2;;;9;;2;2;;2;;1;11;2;68;512.82875379
6,015,248;1;2;1;80;68;;;;2;;;;2;;;.;2;2;;2;;1;11;;68;512.82875379
6,015,249;1;2;1;80;68;;;;2;;;;2;;;.;;;;2;;1;11;;68;516.04674605
6,015,250;1;4;1;80;68;;;;2;;;;2;;;.;;;;2;;1;11;;68;580.90432559
6,015,250;1;5;1;80;68;;;;1;7;;2;;;9;;2;2;;2;;1;11;4;68;580.90432559
6,015,253;1;3;1;80;68;;;;2;;;;2;;;.;2;2;;2;;1;11;;68;656.29085127
6,015,253;1;4;1;80;68;;;;2;;;;2;;;.;;;;2;;1;11;;68;656.29085127
6,015,255;1;1;1;80;68;;;;1;5;;2;;;8;;3;3;;2;;1;11;4;68;558.36164289
6,015,255;1;2;1;80;68;;;;1;4;;2;;;10;;2;2;;2;;1;11;4;68;558.36164289
6,015,256;1;5;1;80;68;;;;2;;;;2;;;.;2;2;;2;;1;11;;68;757.31576632
6,015,260;1;1;1;80;68;;;;1;5;;2;;;10;;3;3;;2;;1;11;4;68;718.60777905
6,015,260;1;2;1;80;68;;;;1;3;;2;;;9;;2;2;;2;;1;11;4;68;718.60777905
6,015,260;1;3;1;80;68;;;;2;;;;2;;;.;2;2;;2;;1;11;;68;718.60777905
6,015,262;1;1;1;80;68;;;;1;5;;2;;;10;;3;3;;2;;1;11;4;68;515.58958263
6,015,263;1;2;1;80;68;;;;1;3;;2;;;9;;2;2;;2;;1;11;4;68;429.96940219
6,015,264;1;2;1;80;68;;;;1;4;;2;;;8;;2;2;;2;;1;11;4;68;599.713002
6,015,265;1;1;1;80;68;;;;1;5;;2;;;10;;3;3;;2;;1;11;4;68;515.58958263
6,015,267;1;1;1;80;68;;;;1;5;;2;;;10;;3;3;;2;;1;11;4;68;558.36164289
6,015,267;1;2;1;80;68;;;;1;5;;2;;;10;;3;3;;2;;1;11;4;68;558.36164289
6,015,268;1;1;1;80;68;;;;1;4;;2;;;8;;3;3;;2;;1;11;4;68;558.36164289
6,015,268;1;2;1;80;68;;;;1;3;;2;;;8;;2;2;;2;;1;11;4;68;558.36164289
6,015,269;1;2;1;80;68;;;;1;3;;2;;;11;;2;2;;2;;1;11;3;68;555.60081404
6,015,270;1;1;1;80;68;;;;1;5;;2;;;10;;3;3;;2;;1;11;4;68;515.58958263
6,015,271;1;1;1;80;68;;;;1;3;;2;;;4;;2;2;;2;;1;11;4;68;515.58958263
6,015,272;1;1;1;80;68;;;;1;5;;2;;;10;;3;3;;2;;1;11;4;68;643.23600776
6,015,272;1;2;1;80;68;;;;1;3;;2;;;9;;2;2;;2;;1;11;4;68;643.23600776
6,015,272;1;3;1;80;68;;;;1;2;;2;;;2;;2;2;;2;;1;11;2;68;643.23600776
6,015,273;1;2;1;80;68;;;;1;4;;2;;;4;;2;2;;2;;1;11;4;68;558.36164289
6,015,274;1;2;1;80;68;;;;1;3;;2;;;4;;2;2;;2;;1;11;4;68;583.15624435
6,015,274;1;3;1;80;68;;;;2;;;;2;;;.;2;2;;2;;1;11;;68;583.15624435
6,015,274;1;4;1;80;68;;;;2;;;;2;;;.;2;2;;2;;1;11;;68;583.15624435
6,015,274;1;5;1;80;68;;;;2;;;;2;;;.;2;2;;2;;1;11;;68;583.15624435
6,015,275;1;1;1;80;68;;;;1;3;;2;;;8;;2;2;;2;;1;11;4;68;558.36164289
6,015,275;1;2;1;80;68;;;;2;;;;2;;;.;2;2;;2;;1;11;;68;558.36164289
6,015,276;1;1;1;80;68;;;;1;8;;2;;;4;;2;2;;2;;1;11;4;68;515.58958263
6,015,277;1;4;1;80;68;;;;2;;;;2;;;.;2;2;;2;;1;11;;68;472.40658463
6,015,278;1;3;1;80;68;;;;2;;;;2;;;.;2;2;;2;;1;11;;68;589.43825151
6,015,279;1;4;1;80;68;;;;2;;;;2;;;.;2;2;;2;;1;11;;68;708.55075072
6,015,279;1;5;1;80;68;;;;2;;;;2;;;.;;;;2;;1;11;;68;708.55075072
6,015,279;1;6;1;80;68;;;;1;3;;2;;;9;;2;2;;2;;1;11;4;68;708.55075072
6,015,279;1;7;1;80;68;;;;2;;;;2;;;.;2;2;;2;;1;11;;68;708.55075072
6,015,279;1;8;1;80;68;;;;1;4;;2;;;4;;2;2;;2;;1;11;3;68;708.55075072
6,015,281;1;4;1;80;68;;;;1;3;;2;;;9;;2;2;;2;;1;11;4;68;499.24795299
6,015,282;1;1;1;80;68;;;;1;5;;2;;;10;;3;3;;2;;1;11;4;68;700.73791705
6,015,283;1;2;1;80;68;;;;2;;;;2;;;.;2;2;;2;;1;11;;68;641.6781579
6,015,284;1;1;1;80;68;;;;1;4;;2;;;8;;2;2;;2;;1;11;4;68;633.74816857
6,015,285;1;3;1;80;68;;;;2;;;;2;;;.;2;2;;2;;1;11;;68;586.11733808
6,015,286;1;1;1;80;68;1;48;1,000,000;1;8;;2;;;12;POR LA PANDEMIA;2;2;;2;;1;11;3;68;521.09362094
6,015,287;1;1;1;80;68;;;;1;3;;2;;;9;;2;2;;2;;1;11;4;68;515.58958263
6,015,289;1;3;1;80;68;;;;2;;;;2;;;.;2;2;;2;;1;11;;68;656.29085127
6,015,289;1;4;1;80;68;;;;2;;;;2;;;.;;;;2;;1;11;;68;656.29085127
6,015,291;1;2;1;80;68;;;;1;3;;2;;;9;;2;2;;2;;1;11;4;68;443.79005432
6,015,291;1;4;1;80;68;;;;1;3;;2;;;9;;2;2;;2;;1;11;4;68;443.79005432
6,015,293;1;1;1;80;68;;;;1;5;;2;;;10;;3;3;;2;;1;11;4;68;547.33594689
6,015,295;1;1;1;80;68;;;;1;8;;2;;;8;;2;2;;2;;1;11;4;68;558.36164289
6,015,295;1;2;1;80;68;;;;1;3;;2;;;9;;2;2;;2;;1;11;4;68;558.36164289
6,015,296;1;2;1;80;68;;;;1;3;;2;;;9;;2;2;;2;;1;11;4;68;690.46316656
6,015,296;1;3;1;80;68;;;;2;;;;2;;;.;2;2;;2;;1;11;;68;690.46316656
6,015,296;1;4;1;80;68;;;;2;;;;2;;;.;2;2;;2;;1;11;;68;690.46316656
6,015,297;1;1;1;80;68;;;;1;5;;2;;;10;;3;3;;2;;1;11;4;68;515.58958263
6,015,299;1;1;1;80;68;;;;1;5;;2;;;10;;3;3;;2;;1;11;4;68;734.77308362
6,015,650;1;1;1;80;73;;;;1;5;;2;;;10;;3;3;;2;;1;11;4;73;250.00110777
6,015,650;1;2;1;80;73;;;;1;4;;2;;;4;;2;2;;2;;1;11;4;73;250.00110777
6,015,650;1;3;1;80;73;;;;1;4;;2;;;8;;2;2;;2;;1;11;4;73;250.00110777
6,015,651;1;3;1;80;73;;;;2;;;;2;;;.;;;;2;;1;11;;73;294.97837555
6,015,651;1;4;1;80;73;;;;2;;;;2;;;.;;;;2;;1;11;;73;294.97837555
6,015,652;1;2;1;80;73;1;48;900,000;1;6;;1;;1;9;;2;2;;2;;1;11;1.3;73;573.51564926
6,015,652;1;3;1;80;73;;;;2;;;;2;;;.;2;2;;2;;1;11;;73;573.51564926
6,015,653;1;1;1;80;73;;;;1;4;;2;;;4;;1;2;;2;;1;11;2;73;389.46611029
6,015,657;1;1;1;80;73;;;;1;5;;2;;;4;;3;3;;2;;1;11;4;73;250.00110777
6,015,657;1;2;1;80;73;;;;1;3;;2;;;8;;2;2;;2;;1;11;4;73;250.00110777
6,015,657;1;3;1;80;73;;;;1;3;;2;;;8;;2;2;;2;;1;11;4;73;250.00110777
6,015,658;1;1;1;80;73;;;;1;4;;2;;;4;;2;2;;2;;1;11;4;73;343.85021704
6,015,659;1;2;1;80;73;1;40;850,000;1;7;;2;;;5;;2;2;;2;;1;11;2;73;405.60489455
6,015,661;1;1;1;80;73;;;;1;5;;2;;;8;;3;3;;2;;1;11;4;73;328.7547986
6,015,661;1;2;1;80;73;;;;1;4;;2;;;4;;2;2;;2;;1;11;4;73;328.7547986
6,015,662;1;1;1;80;73;;;;1;3;;2;;;9;;2;2;;2;;1;11;2;73;339.63911767
6,015,662;1;2;1;80;73;;;;2;;;;2;;;.;2;2;;2;;1;11;;73;339.63911767
6,015,663;1;2;1;80;73;;;;1;8;;2;;;9;;2;2;;2;;1;11;4;73;299.82810038
6,015,663;1;3;1;80;73;1;48;908,526;1;8;;2;;;4;;1;2;;1;908,526;1;11;1.2;73;299.82810038
6,015,665;1;1;1;80;73;;;;2;;;;2;;;.;2;2;;2;;1;11;;73;229.05629063
6,015,666;1;2;1;80;73;;;;2;;;;2;;;.;2;2;;2;;1;11;;73;305.21062087
6,015,666;1;3;1;80;73;;;;2;;;;2;;;.;;;;2;;1;11;;73;305.21062087
6,015,668;1;1;1;80;73;;;;1;5;;2;;;10;;3;3;;2;;1;11;3;73;343.85021704
6,015,669;1;1;1;80;73;;;;1;7;;2;;;8;;2;2;;2;;1;11;4;73;275.98084526
6,015,672;1;2;1;80;73;;;;1;8;;2;;;8;;2;2;;2;;1;11;4;73;296.9256624
6,015,673;1;1;1;80;73;;;;1;1;;2;;;8;;3;3;;2;;1;11;1.3;73;195.62746771
6,015,673;1;5;1;80;73;;;;2;;;;2;;;.;;;;2;;1;11;;73;195.62746771
6,015,674;1;2;1;80;73;;;;1;1;;2;;;9;;2;2;;2;;1;11;4;73;296.9256624
6,015,675;1;5;1;80;73;;;;2;;;;2;;;.;2;2;;2;;1;11;;73;354.45604959
6,015,678;1;1;1;80;73;2;;98;1;9;LA PANDEMIA;2;;;8;;2;2;;2;;1;11;2;73;275.98084526
6,015,680;1;3;1;80;73;1;48;908,526;2;;;;1;2;8;;2;2;;2;;1;11;;73;448.60319257
6,015,680;1;4;1;80;73;;;;2;;;;2;;;.;;;;2;;1;11;;73;448.60319257
6,015,681;1;2;1;80;73;;;;1;4;;2;;;4;;2;2;;2;;1;11;4;73;161.45269995
6,015,683;1;2;1;80;73;;;;1;4;;2;;;4;;2;2;;2;;1;11;4;73;645.8107998
6,015,683;1;4;1;80;73;2;;1,000,000;2;;;;1;2;9;;2;2;;2;;1;11;;73;645.8107998
6,015,688;1;2;1;80;73;;;;2;;;;2;;;.;2;2;;2;;1;11;;73;268.99863806
6,015,688;1;6;1;80;73;;;;2;;;;2;;;.;2;2;;2;;1;11;;73;268.99863806
6,015,689;1;1;1;80;73;;;;1;5;;2;;;10;;3;3;;2;;1;11;4;73;296.9256624
6,015,689;1;2;1;80;73;;;;2;;;;2;;;.;2;2;;2;;1;11;;73;296.9256624
6,015,690;1;1;1;80;73;;;;1;3;;2;;;8;;2;2;;2;;1;11;4;73;353.83061508
6,015,690;1;3;1;80;73;;;;2;;;;1;2;2;;2;2;;2;;1;11;;73;353.83061508
6,015,692;1;1;1;80;73;;;;1;3;;2;;;9;;2;2;;2;;1;11;4;73;261.51086134
6,015,692;2;1;2;80;73;1;48;908,526;1;7;;2;;;9;;2;2;;2;;1;11;2;73;261.51086134
6,015,692;2;3;2;80;73;;;;2;;;;2;;;.;;;;2;;1;11;;73;261.51086134
6,015,693;1;1;1;80;73;1;48;908,526;1;7;;1;;1;8;;1;2;;2;;1;11;1.3;73;275.98084526
6,015,702;1;2;1;80;73;;;;1;7;;2;;;11;;2;2;;2;;1;11;2;73;202.03318731
6,015,702;1;3;1;80;73;;;;1;2;;2;;;2;;2;2;;2;;1;11;3;73;202.03318731
6,015,705;1;1;1;80;73;;;;1;5;;2;;;10;;3;3;;2;;1;11;4;73;296.9256624
6,015,705;1;2;1;80;73;;;;2;;;;2;;;.;2;2;;2;;1;11;;73;296.9256624
6,015,706;1;3;1;80;73;;;;2;;;;2;;;.;;;;2;;1;11;;73;168.72426199
6,015,706;1;4;1;80;73;;;;1;4;;2;;;8;;2;2;;2;;1;11;3;73;168.72426199
6,015,707;1;1;1;80;73;;;;1;3;;2;;;8;;3;3;;2;;1;11;4;73;250.00110777
6,015,707;1;2;1;80;73;;;;1;3;;2;;;9;;2;2;;2;;1;11;4;73;250.00110777
6,015,707;1;3;1;80;73;;;;2;;;;2;;;.;2;2;;2;;1;11;;73;250.00110777
6,015,708;1;1;1;80;73;;;;1;8;;2;;;10;;3;3;;2;;1;11;3;73;342.94629602
6,015,708;1;2;1;80;73;;;;2;;;;2;;;.;2;2;;2;;1;11;;73;342.94629602
6,015,708;1;3;1;80;73;;;;2;;;;2;;;.;2;2;;2;;1;11;;73;342.94629602
6,015,709;1;1;1;80;73;1;30;908,526;1;2;;2;;;2;;2;2;;2;;1;11;2;73;368.92603351
6,015,710;1;1;1;80;73;;;;1;5;;2;;;10;;3;3;;2;;1;11;4;73;275.98084526
6,015,711;1;1;1;80;73;;;;1;1;;2;;;1;;3;3;;2;;1;11;4;73;296.9256624
6,015,711;1;2;1;80;73;;;;1;5;;2;;;10;;3;3;;2;;1;11;4;73;296.9256624
6,015,712;1;1;1;80;73;;;;1;5;;2;;;8;;3;3;;2;;1;11;4;73;296.9256624
6,015,712;1;2;1;80;73;;;;1;3;;2;;;9;;1;2;;2;;1;11;4;73;296.9256624
6,015,714;1;2;1;80;73;;;;1;3;;2;;;9;;2;2;;2;;1;11;4;73;228.36052493
6,015,714;1;3;1;80;73;;;;2;;;;2;;;.;2;2;;2;;1;11;;73;228.36052493
6,015,714;1;4;1;80;73;;;;2;;;;2;;;.;2;2;;2;;1;11;;73;228.36052493
6,015,715;1;3;1;80;73;;;;2;;;;2;;;.;;;;2;;1;11;;73;172.530621
6,015,715;1;5;1;80;73;2;;1,200,000;1;2;;2;;;2;;2;2;;2;;1;11;4;73;172.530621
6,015,717;1;1;1;80;73;;;;1;3;;2;;;8;;2;2;;2;;1;11;3;73;275.98084526
6,015,720;1;3;1;80;73;;;;2;;;;2;;;.;;;;2;;1;11;;73;238.07342288
6,015,724;1;3;1;80;73;;;;2;;;;2;;;.;2;2;;2;;1;11;;73;403.6576077
6,015,724;1;4;1;80;73;;;;2;;;;2;;;.;;;;2;;1;11;;73;403.6576077
6,015,725;1;1;1;80;73;;;;1;4;;2;;;8;;2;2;;2;;1;11;3;73;253.80746677
6,015,725;1;2;1;80;73;;;;1;5;;2;;;10;;3;3;;2;;1;11;4;73;253.80746677
6,015,726;1;2;1;80;73;2;;400,000;1;6;;2;;;8;;2;2;;2;;1;11;2;73;364.79503417
6,015,728;1;2;1;80;73;;;;1;5;;2;;;10;;3;3;;2;;1;11;3;73;296.9256624
6,015,729;1;2;1;80;73;;;;1;4;;2;;;4;;2;2;;2;;1;11;4;73;202.03318731
6,015,729;1;3;1;80;73;;;;1;4;;2;;;4;;2;2;;2;;1;11;9;73;202.03318731
6,015,729;1;4;1;80;73;;;;1;2;;2;;;2;;2;2;;2;;1;11;2;73;202.03318731
6,015,730;1;2;1;80;73;;;;1;3;;2;;;9;;2;2;;2;;1;11;4;73;192.05278926
6,015,731;1;1;1;80;73;;;;1;3;;2;;;4;;2;2;;2;;1;11;4;73;296.9256624
6,015,731;1;2;1;80;73;;;;1;3;;2;;;8;;2;2;;2;;1;11;3;73;296.9256624
6,015,734;1;2;1;80;73;2;;908,526;1;9;POR LA PANDEMIA;2;;;8;;2;2;;2;;1;11;2;73;352.35082597
6,015,735;1;3;1;80;73;;;;2;;;;2;;;.;;;;2;;1;11;;73;168.72426199
6,015,735;1;4;1;80;73;;;;2;;;;2;;;.;2;2;;2;;1;11;;73;168.72426199
6,015,736;1;1;1;80;73;1;48;908,526;1;3;;2;;;9;;2;2;;2;;1;11;4;73;324.32804877
6,015,736;1;3;1;80;73;;;;2;;;;2;;;.;2;2;;2;;1;11;;73;324.32804877
6,015,737;1;2;1;80;73;;;;1;8;;2;;;9;;2;2;;2;;1;11;3;73;578.72134622
6,015,740;1;1;1;80;73;;;;1;6;;2;;;4;;2;2;;2;;1;11;4;73;275.86094765
6,015,740;1;3;1;80;73;;;;2;;;;2;;;.;2;2;;2;;1;11;;73;275.86094765
6,015,740;1;4;1;80;73;;;;2;;;;2;;;.;2;2;;2;;1;11;;73;275.86094765
6,015,741;1;1;1;80;73;;;;1;4;;2;;;4;;2;2;;2;;1;11;4;73;426.92391844
6,015,741;1;3;1;80;73;;;;2;;;;2;;;.;2;2;;2;;1;11;;73;426.92391844
6,015,742;1;1;1;80;73;;;;1;5;;2;;;10;;3;3;;2;;1;11;4;73;299.82810038
6,015,742;1;2;1;80;73;;;;1;3;;2;;;9;;2;2;;2;;1;11;4;73;299.82810038
6,015,742;1;3;1;80;73;;;;1;3;;2;;;9;;2;2;;2;;1;11;4;73;299.82810038
6,015,742;1;4;1;80;73;;;;2;;;;2;;;.;;;;2;;1;11;;73;299.82810038
6,015,746;1;2;1;80;73;;;;2;;;;2;;;.;;;;2;;1;11;;73;217.12860574
6,015,748;1;3;1;80;73;;;;2;;;;2;;;.;2;2;;2;;1;11;;73;460.23284375
6,015,749;1;1;1;80;73;;;;2;;;;2;;;.;2;2;;2;;1;11;;73;335.4585193
6,015,750;1;2;1;80;73;;;;2;;;;1;1;9;;2;2;;2;;1;11;;73;311.61634047
6,015,751;1;4;1;80;73;;;;2;;;;2;;;.;2;2;;2;;1;11;;73;453.82712415
6,015,752;1;2;1;80;73;1;30;1,000,000;1;4;;1;;2;6;;2;2;;2;;1;11;3;73;522.89144228
6,015,753;1;2;1;80;73;;;;2;;;;2;;;.;2;2;;2;;1;11;;73;217.12860574
6,015,754;1;1;1;80;73;;;;1;3;;2;;;4;;3;3;;2;;1;11;4;73;275.98084526
6,015,759;1;2;1;80;73;;;;1;4;;2;;;4;;2;2;;2;;1;11;1.2;73;460.23284375
6,015,759;1;3;1;80;73;;;;2;;;;2;;;.;2;2;;2;;1;11;;73;460.23284375
6,015,760;1;1;1;80;73;;;;1;5;;2;;;10;;3;3;;2;;1;11;4;73;225.7093147
6,015,760;1;2;1;80;73;;;;1;4;;2;;;4;;2;2;;2;;1;11;4;73;225.7093147
6,015,760;1;3;1;80;73;;;;1;5;;2;;;10;;3;3;;2;;1;11;4;73;225.7093147
6,015,760;1;4;1;80;73;;;;2;;;;2;;;.;2;2;;2;;1;11;;73;225.7093147
6,015,761;1;2;1;80;73;2;;800,000;1;4;;2;;;4;;2;2;;2;;1;11;4;73;250.78513118
6,015,765;1;1;1;80;73;;;;1;4;;2;;;8;;2;2;;2;;1;11;4;73;374.77543222
6,015,765;1;2;1;80;73;;;;1;3;;2;;;8;;2;2;;2;;1;11;4;73;374.77543222
6,015,765;1;4;1;80;73;;;;2;;;;2;;;.;2;2;;2;;1;11;;73;374.77543222
6,015,766;1;2;1;80;73;;;;1;3;;2;;;11;;2;2;;2;;1;11;4;73;202.93710833
6,015,768;1;1;1;80;73;;;;1;4;;2;;;4;;2;2;;2;;1;11;4;73;221.5735902
6,015,768;1;5;1;80;73;;;;1;3;;2;;;4;;2;2;;2;;1;11;4;73;221.5735902
6,015,770;1;1;1;80;73;;;;1;3;;2;;;9;;2;2;;2;;1;11;4;73;322.00147888
6,015,772;1;1;1;80;73;;;;1;4;;2;;;4;;2;2;;2;;1;11;2;73;280.78687814
6,015,773;1;2;1;80;73;2;;908,600;1;6;;2;;;9;;2;2;;2;;1;11;1.3;73;414.21221014
6,015,774;1;1;1;80;73;;;;1;4;;2;;;4;;2;2;;2;;1;11;4;73;343.85021704
6,015,775;1;2;1;80;73;;;;1;3;;2;;;9;;2;2;;2;;1;11;4;73;296.9256624
6,015,776;1;2;1;80;73;2;;908,600;1;3;;2;;;9;;2;2;;2;;1;11;3;73;416.369316
6,015,776;1;3;1;80;73;;;;2;;;;2;;;.;2;2;;2;;1;11;;73;416.369316
6,015,776;1;4;1;80;73;;;;2;;;;2;;;.;;;;2;;1;11;;73;416.369316
6,015,776;1;5;1;80;73;;;;2;;;;2;;;.;;;;2;;1;11;;73;416.369316
6,015,778;1;2;1;80;73;;;;1;2;;2;;;2;;2;2;;2;;1;11;2;73;380.15795271
6,015,778;1;3;1;80;73;;;;1;2;;2;;;2;;2;2;;2;;1;11;1.4;73;380.15795271
6,015,780;1;1;1;80;73;;;;1;9;PANDEMIA;2;;;9;;2;2;;2;;1;11;2;73;217.12860574
6,015,780;1;2;1;80;73;;;;2;;;;2;;;.;2;2;;2;;1;11;;73;217.12860574
6,015,781;1;2;1;80;73;2;;908,526;1;1;;2;;;9;;1;2;;2;;1;11;1.2;73;367.4462444
6,015,782;1;4;1;80;73;;;;2;;;;2;;;.;2;2;;2;;1;11;;73;242.55202234
6,015,785;1;1;1;80;73;;;;1;3;;2;;;8;;2;2;;2;;1;11;4;73;296.9256624
6,015,788;1;2;1;80;73;;;;1;3;;2;;;9;;2;2;;2;;1;11;4;73;645.8107998
6,015,789;1;2;1;80;73;2;;98;1;3;;2;;;9;;2;2;;2;;1;11;4;73;192.05278926
6,015,793;1;2;1;80;73;;;;1;7;;2;;;9;;2;2;;1;800,000;1;11;1.1;73;339.63911767
6,015,794;1;2;1;80;73;;;;2;;;;2;;;.;2;2;;2;;1;11;;73;217.12860574
6,015,795;1;2;1;80;73;;;;1;4;;2;;;4;;2;2;;2;;1;11;3;73;309.6373707
6,015,796;1;1;1;80;73;;;;2;;;;2;;;.;3;3;;2;;1;11;;73;328.7547986
6,015,796;1;2;1;80;73;;;;2;;;;2;;;.;2;2;;2;;1;11;;73;328.7547986
6,015,797;1;3;1;80;73;;;;2;;;;2;;;.;2;2;;2;;1;11;;73;428.40370755
6,015,798;1;1;1;80;73;;;;1;4;;2;;;10;;3;3;;2;;1;11;4;73;388.06300861
6,015,798;1;6;1;80;73;;;;1;8;;2;;;8;;2;2;;2;;1;11;4;73;388.06300861
6,015,799;1;4;1;80;73;;;;2;;;;2;;;.;2;2;;2;;1;11;;73;294.97837555
6,015,800;1;1;1;80;73;;;;2;;;;2;;;.;2;2;;2;;1;11;;73;307.80998147
6,015,800;1;2;1;80;73;;;;1;8;;2;;;11;;2;2;;2;;1;11;2;73;307.80998147
6,015,801;1;2;1;80;73;;;;1;3;;2;;;9;;2;2;;2;;1;11;4;73;340.99900917
6,015,801;1;3;1;80;73;;;;2;;;;2;;;.;2;2;;2;;1;11;;73;340.99900917
6,015,801;1;4;1;80;73;;;;2;;;;2;;;.;2;2;;2;;1;11;;73;340.99900917
6,015,801;1;5;1;80;73;;;;2;;;;2;;;.;;;;2;;1;11;;73;340.99900917
6,015,803;1;3;1;80;73;;;908,526;1;8;;1;;1;2;;2;2;;2;;1;11;1.4;73;309.16987297
6,015,803;1;4;1;80;73;;;;2;;;;2;;;.;2;2;;2;;1;11;;73;309.16987297
6,015,804;1;1;1;80;73;;;;1;5;;1;;4;10;;3;3;;2;;1;11;4;73;296.9256624
6,015,805;1;1;1;80;73;;;;1;5;;2;;;10;;3;3;;2;;1;11;4;73;307.80998147
6,015,808;1;1;1;80;73;;;;1;3;;2;;;9;;2;2;;2;;1;11;4;73;315.56214428
6,015,808;1;2;1;80;73;;;;1;3;;2;;;9;;1;2;;2;;1;11;1.4;73;315.56214428
6,015,808;1;5;1;80;73;;;;1;4;;2;;;4;;2;2;;2;;1;11;4;73;315.56214428
6,015,808;1;6;1;80;73;;;;1;5;;2;;;8;;3;3;;2;;1;11;4;73;315.56214428
6,015,810;1;2;1;80;73;;;;2;;;;2;;;.;2;2;;2;;1;11;;73;400.75516972
6,015,811;1;4;1;80;73;;;;2;;;;2;;;.;;;;2;;1;11;;73;403.6576077
6,015,812;1;2;1;80;73;;;;2;;;;2;;;.;2;2;;2;;1;11;;73;183.81968043
6,015,813;1;2;1;80;73;1;24;450,000;2;;;;2;;;.;2;2;;2;;1;11;;73;367.4462444
6,015,815;1;2;1;80;73;;;;2;;;;2;;;.;2;2;;2;;1;11;;73;161.45269995
6,015,815;1;3;1;80;73;;;;1;4;;2;;;4;;2;2;;2;;1;11;3;73;161.45269995
6,015,818;1;2;1;80;73;;;;1;3;;2;;;9;;1;1;2;2;;1;11;4;73;328.7547986
6,015,827;1;1;1;80;73;;;;1;5;;2;;;10;;3;3;;2;;1;11;4;73;161.45269995
6,015,827;1;2;1;80;73;;;;1;5;;2;;;10;;3;3;;2;;1;11;4;73;161.45269995
6,015,827;1;3;1;80;73;;;;1;3;;2;;;9;;2;2;;2;;1;11;2;73;161.45269995
6,015,828;1;1;1;80;73;;;;2;;;;2;;;.;2;2;;2;;1;11;;73;275.98084526
6,015,829;1;3;1;80;73;;;;2;;;;2;;;.;;;;2;;1;11;;73;460.23284375
6,015,830;1;1;1;80;73;;;;1;4;;2;;;4;;2;2;;2;;1;11;4;73;296.9256624
6,015,830;1;2;1;80;73;;;;1;4;;2;;;4;;2;2;;2;;1;11;4;73;296.9256624
6,015,831;1;3;1;80;73;;;;2;;;;2;;;.;;;;2;;1;11;;73;324.32804877
6,015,833;1;1;1;80;73;;;;1;6;;2;;;10;;3;3;;2;;1;11;4;73;343.85021704
6,015,835;1;2;1;80;73;;;;2;;;;2;;;.;2;2;;2;;1;11;;73;229.84031404
6,015,835;1;3;1;80;73;;;;2;;;;2;;;.;;;;2;;1;11;;73;229.84031404
6,015,836;1;1;1;80;73;;;;2;;;;2;;;.;2;2;;2;;1;11;;73;275.98084526
6,015,837;1;1;1;80;73;;;;1;5;;2;;;10;;3;3;;2;;1;11;2;73;192.05278926
6,015,837;1;2;1;80;73;;;;1;9;POR PANDEMIA;2;;;4;;2;2;;2;;1;11;2;73;192.05278926
6,015,839;1;3;1;80;73;;;;2;;;;2;;;.;2;2;;2;;1;11;;73;460.23284375
6,015,840;1;3;1;80;73;;;;2;;;;2;;;.;;;;2;;1;11;;73;238.07342288
6,015,844;1;1;1;80;73;;;;1;3;;2;;;8;;2;2;;2;;1;11;4;73;270.9459249
6,015,844;1;2;1;80;73;;;;1;5;;2;;;10;;3;3;;2;;1;11;1.4;73;270.9459249
6,015,847;1;1;1;80;73;;;;1;3;;2;;;9;;2;2;;2;;1;11;4;73;275.98084526
6,015,853;1;1;1;80;73;;;;1;3;;2;;;9;;2;2;;2;;1;11;4;73;317.87047954
6,015,853;1;2;1;80;73;;;;1;5;;2;;;10;;2;2;;2;;1;11;4;73;317.87047954
6,015,853;1;3;1;80;73;;;;1;4;;2;;;4;;2;2;;2;;1;11;4;73;317.87047954
6,015,854;1;1;1;80;73;;;;1;3;;2;;;9;;2;2;;2;;1;11;4;73;301.40426187
6,015,854;1;2;1;80;73;;;;2;;;;2;;;.;2;2;;2;;1;11;;73;301.40426187
6,015,854;1;3;1;80;73;2;;1,100,000;2;;;;2;;;.;2;2;;2;;1;11;;73;301.40426187
6,015,857;1;2;1;80;73;;;;2;;;;2;;;.;2;2;;2;;1;11;;73;253.40272641
6,015,857;1;3;1;80;73;;;;2;;;;2;;;.;2;2;;2;;1;11;;73;253.40272641
6,015,857;1;7;1;80;73;;;;1;3;;2;;;9;;2;2;;2;;1;11;3;73;253.40272641
6,015,860;1;2;1;80;73;;;;2;;;;2;;;.;;;;2;;1;11;;73;537.08293969
6,015,861;1;2;1;80;73;;;;2;;;;2;;;.;2;2;;2;;1;11;;73;229.84031404
6,015,861;1;3;1;80;73;;;;2;;;;2;;;.;;;;2;;1;11;;73;229.84031404
6,015,865;1;1;1;80;73;;;;1;3;;2;;;9;;2;2;;2;;1;11;4;73;296.9256624
6,015,865;1;2;1;80;73;;;;1;4;;2;;;4;;2;2;;2;;1;11;4;73;296.9256624
6,015,867;1;2;1;80;73;;;;1;3;;2;;;9;;2;2;;2;;1;11;4;73;625.48731195
6,015,869;1;3;1;80;73;;;;2;;;;2;;;.;2;2;;2;;1;11;;73;248.95774194
6,015,870;1;1;1;80;73;;;;1;5;;2;;;10;;3;3;;2;;1;11;4;73;192.05278926
6,015,870;1;2;1;80;73;;;;1;3;;2;;;9;;1;1;2;2;;1;11;4;73;192.05278926
6,015,871;1;1;1;80;73;;;;1;5;;2;;;10;;3;3;;2;;1;11;2;73;357.63697408
6,015,871;1;2;1;80;73;;;;2;;;;2;;;.;2;2;;2;;1;11;;73;357.63697408
6,015,871;1;3;1;80;73;;;;2;;;;2;;;.;2;2;;2;;1;11;;73;357.63697408
6,015,872;1;2;1;80;73;;;;2;;;;2;;;.;2;2;;2;;1;11;;73;395.09478224
6,015,874;1;1;1;80;73;2;;1,200,000;2;;;;2;;;.;2;2;;2;;1;11;;73;354.7345361
6,015,881;1;2;1;80;73;;;;2;;;;2;;;.;2;2;;2;;1;11;;73;229.84031404
6,015,881;1;3;1;80;73;;;;2;;;;2;;;.;;;;2;;1;11;;73;229.84031404
6,015,882;1;3;1;80;73;;;;2;;;;2;;;.;;;;2;;1;11;;73;261.66945024
6,015,882;1;4;1;80;73;;;;2;;;;2;;;.;;;;2;;1;11;;73;261.66945024
6,015,883;1;1;1;80;73;;;;1;4;;2;;;4;;2;2;;2;;1;11;4;73;317.87047954
6,015,883;1;2;1;80;73;;;;1;5;;2;;;10;;3;3;;2;;1;11;4;73;317.87047954
6,015,883;1;3;1;80;73;;;;1;5;;2;;;10;;3;3;;2;;1;11;4;73;317.87047954
6,015,884;1;1;1;80;73;;;;1;5;;2;;;10;;3;3;;2;;1;11;3;73;343.85021704
6,015,885;1;1;1;80;73;;;;1;5;;2;;;8;;3;3;;2;;1;11;4;73;161.45269995
6,015,885;1;2;1;80;73;;;;1;4;;2;;;4;;2;2;;2;;1;11;4;73;161.45269995
6,015,885;1;3;1;80;73;;;;1;5;;2;;;10;;3;3;;2;;1;11;4;73;161.45269995
6,015,886;1;1;1;80;73;;;;1;5;;1;;4;10;;3;3;;2;;1;11;4;73;317.87047954
6,015,886;1;2;1;80;73;1;36;1,000,000;1;5;;1;;4;10;;3;3;;2;;1;11;4;73;317.87047954
6,015,886;1;3;1;80;73;;;;1;5;;1;;4;10;;3;3;;2;;1;11;4;73;317.87047954
6,015,887;1;1;1;80;73;;;;1;5;;2;;;10;;3;3;;2;;1;11;4;73;192.05278926
6,015,887;1;2;1;80;73;;;;1;3;;2;;;9;;2;2;;2;;1;11;4;73;192.05278926
6,015,889;1;1;1;80;73;;;;2;;;;2;;;.;2;2;;2;;1;11;;73;263.14923935
6,015,889;1;2;1;80;73;;;;2;;;;2;;;.;2;2;;2;;1;11;;73;263.14923935
6,015,889;1;3;1;80;73;;;;2;;;;2;;;.;;;;2;;1;11;;73;263.14923935
6,015,890;1;1;1;80;73;;;;1;4;;2;;;4;;2;2;;2;;1;11;3;73;202.93710833
6,015,892;1;1;1;80;73;;;;2;;;;2;;;.;2;2;;2;;1;11;;73;202.93710833
6,015,892;1;2;1;80;73;;;;1;5;;2;;;10;;3;3;;2;;1;11;4;73;202.93710833
6,015,897;1;2;1;80;73;;;;1;4;;2;;;9;;2;2;;2;;1;11;3;73;353.71071747
6,015,897;1;5;1;80;73;;;;2;;;;2;;;.;2;2;;2;;1;11;;73;353.71071747
6,015,897;1;6;1;80;73;;;;2;;;;2;;;.;;;;2;;1;11;;73;353.71071747
6,015,898;1;1;1;80;73;;;;1;3;;2;;;9;;2;2;;2;;1;11;3;73;202.65862182
6,015,898;2;1;2;80;73;;;;1;3;;2;;;9;;2;2;;2;;1;11;1.4;73;202.65862182
6,015,898;2;3;2;80;73;;;;2;;;;2;;;.;;;;2;;1;11;;73;202.65862182
6,015,899;1;1;1;80;73;;;;1;4;;2;;;4;;2;2;;2;;1;11;4;73;250.00110777
6,015,899;1;2;1;80;73;;;;1;3;;2;;;8;;2;2;;2;;1;11;4;73;250.00110777
6,015,902;1;3;1;80;73;;;;2;;;;2;;;.;2;2;;2;;1;11;;73;294.97837555
6,015,902;1;4;1;80;73;;;;2;;;;2;;;.;;;;2;;1;11;;73;294.97837555
6,015,905;1;2;1;80;73;;;;2;;;;2;;;.;2;2;;2;;1;11;;73;301.40426187
6,015,905;1;3;1;80;73;;;;2;;;;2;;;.;2;2;;2;;1;11;;73;301.40426187
6,015,906;1;5;1;80;73;;;908,600;2;;;;1;1;2;;2;2;;2;;1;11;;73;384.17996217
6,015,907;1;3;1;80;73;;;;2;;;;2;;;.;2;2;;2;;1;11;;73;249.88121016
6,015,907;1;4;1;80;73;;;;2;;;;2;;;.;;;;2;;1;11;;73;249.88121016
6,015,907;1;5;1;80;73;;;;1;5;;2;;;10;;3;3;;2;;1;11;4;73;249.88121016
6,015,907;1;6;1;80;73;;;;1;3;;2;;;9;;2;2;;2;;1;11;4;73;249.88121016
6,015,909;1;3;1;80;73;;;910,000;2;;;;1;1;2;;2;2;;2;;1;11;;73;368.02211249
6,015,910;1;2;1;80;73;;;;1;3;;2;;;9;;2;2;;2;;1;11;4;73;277.40349414
6,015,910;1;3;1;80;73;;;;2;;;;2;;;.;2;2;;2;;1;11;;73;277.40349414
6,015,910;1;5;1;80;73;;;;1;4;;2;;;10;;3;3;;2;;1;11;4;73;277.40349414
6,015,912;1;2;1;80;73;;;;1;2;;2;;;2;;2;2;;2;;1;11;3;73;217.12860574
6,015,914;1;1;1;80;73;;;;1;3;;2;;;9;;2;2;;2;;1;11;2;73;309.6373707
6,015,914;1;3;1;80;73;;;;2;;;;2;;;.;;;;2;;1;11;;73;309.6373707
6,015,915;1;2;1;80;73;;;;2;;;;2;;;.;2;2;;2;;1;11;;73;191.14886824
6,015,915;1;3;1;80;73;;;;1;5;;2;;;10;;3;3;;2;;1;11;4;73;191.14886824
6,015,915;1;4;1;80;73;;;;1;4;;2;;;8;;2;2;;2;;1;11;4;73;191.14886824
6,015,919;1;1;1;80;73;;;;1;9;POR PANDEMIA;2;;;4;;2;2;;2;;1;11;2;73;338.51954618
6,015,919;1;2;1;80;73;;;;2;;;;2;;;.;;;;2;;1;11;;73;338.51954618
6,015,922;1;1;1;80;73;;;;1;7;;2;;;8;;2;2;;2;;1;11;4;73;176.95737083
6,015,923;1;1;1;80;73;;;;1;4;;2;;;4;;2;2;;2;;1;11;4;73;343.85021704
6,015,926;1;2;1;80;73;;;;1;8;;2;;;9;;2;2;;2;;1;11;1.2;73;292.49891257
6,015,927;1;1;1;80;73;;;;1;5;;1;;4;10;;3;3;;2;;1;11;4;73;307.80998147
6,015,927;1;2;1;80;73;2;;910,000;1;4;;2;;;1;;2;2;;2;;1;11;4;73;307.80998147
6,015,931;1;2;1;80;73;;;;2;;;;2;;;.;2;2;;2;;1;11;;73;183.81968043
6,015,932;1;2;1;80;73;;;;1;3;;2;;;9;;2;2;;2;;1;11;4;73;296.9256624
6,015,938;1;1;1;80;73;;;;1;1;;2;;;10;;3;3;;2;;1;11;4;73;325.54254232
6,015,938;1;4;1;80;73;;;;2;;;;2;;;.;;;;2;;1;11;;73;325.54254232
6,015,938;1;7;1;80;73;;;;1;4;;2;;;4;;2;2;;2;;1;11;4;73;325.54254232
6,015,938;1;8;1;80;73;;;;2;;;;2;;;.;2;2;;2;;1;11;;73;325.54254232
6,015,939;1;5;1;80;73;;;;2;;;;2;;;.;2;2;;2;;1;11;;73;372.82814537
6,015,939;1;6;1;80;73;;;;2;;;;2;;;.;2;2;;2;;1;11;;73;372.82814537
6,015,941;1;2;1;80;73;;;;1;3;;2;;;9;;2;2;;2;;1;11;3;73;204.76449756
6,015,941;1;3;1;80;73;;;;2;;;;2;;;.;2;2;;2;;1;11;;73;204.76449756
6,015,942;1;2;1;80;73;;;;1;3;;2;;;9;;2;2;;2;;1;11;4;73;296.9256624
6,015,943;1;1;1;80;73;;;;1;5;;2;;;10;;3;3;;2;;1;11;4;73;161.45269995
6,015,943;1;2;1;80;73;;;;1;5;;2;;;8;;3;3;;2;;1;11;4;73;161.45269995
6,015,944;1;2;1;80;73;;;;1;3;;2;;;9;;2;2;;2;;1;11;1.3;73;261.66945024
6,015,944;1;3;1;80;73;;;;2;;;;2;;;.;2;2;;2;;1;11;;73;261.66945024
6,015,944;1;4;1;80;73;;;;2;;;;2;;;.;;;;2;;1;11;;73;261.66945024
6,015,945;1;1;1;80;73;;;;1;5;;2;;;10;;3;3;;2;;1;11;4;73;296.9256624
6,015,945;1;2;1;80;73;;;;1;5;;2;;;10;;3;3;;2;;1;11;4;73;296.9256624
6,015,947;1;4;1;80;73;;;;1;5;;2;;;10;;3;3;;2;;1;11;4;73;645.8107998
6,015,948;1;1;1;80;73;;;;1;5;;2;;;10;;3;3;;2;;1;11;4;73;204.76449756
6,015,950;1;3;1;80;73;;;;2;;;;2;;;.;;;;2;;1;11;;73;460.23284375
6,015,953;1;5;1;80;73;;;;1;3;;2;;;9;;2;2;;2;;1;11;4;73;373.37101798
6,015,954;1;1;1;80;73;;;;1;3;;2;;;9;;2;2;;2;;1;11;4;73;296.9256624
6,015,954;1;2;1;80;73;;;;1;5;;2;;;10;;3;3;;2;;1;11;4;73;296.9256624
6,015,955;1;3;1;80;73;;;;2;;;;2;;;.;;;;2;;1;11;;73;324.32804877
6,015,956;1;1;1;80;73;;;;1;4;;2;;;4;;2;2;;2;;1;11;2;73;202.93710833
6,015,962;1;3;1;80;73;;;;2;;;;2;;;.;2;2;;2;;1;11;;73;215.64881663
6,015,966;1;5;1;80;73;;;;2;;;;2;;;.;;;;2;;1;11;;73;326.37108847
6,015,966;1;6;1;80;73;2;;908,526;1;4;;2;;;4;;2;2;;1;200,000;1;11;1.2;73;326.37108847
6,015,969;1;2;1;80;73;;;;1;3;;2;;;9;;2;2;;2;;1;11;4;73;261.66945024
6,015,969;1;3;1;80;73;;;;2;;;;2;;;.;2;2;;2;;1;11;;73;261.66945024
6,015,969;1;4;1;80;73;;;;2;;;;2;;;.;2;2;;2;;1;11;;73;261.66945024
6,015,970;1;2;1;80;73;;;;1;4;;2;;;9;;2;2;;2;;1;11;3;73;337.03975707
6,015,970;1;3;1;80;73;;;;2;;;;2;;;.;;;;2;;1;11;;73;337.03975707
6,015,970;1;4;1;80;73;2;;908,000;2;;;;2;;;.;2;2;;2;;1;11;;73;337.03975707
6,015,971;1;1;1;80;73;;;;1;4;;2;;;8;;2;2;;2;;1;11;4;73;307.80998147
6,015,972;1;2;1;80;73;;;;1;5;;2;;;10;;3;3;;2;;1;11;4;73;296.9256624
6,015,973;1;2;1;80;73;;;;1;3;;2;;;9;;2;2;;2;;1;11;4;73;253.80746677
6,015,975;1;1;1;80;73;1;40;910,000;1;1;;1;;4;1;;2;2;;2;;1;11;3;73;192.05278926
6,015,976;1;4;1;80;73;;;;2;;;;2;;;.;2;2;;2;;1;11;;73;168.72426199
6,015,980;1;1;1;80;73;;;;1;7;;2;;;8;;2;2;;2;;1;11;4;73;275.98084526
6,015,981;1;3;1;80;73;;;;2;;;;2;;;.;2;2;;2;;1;11;;73;202.03318731
6,015,981;1;4;1;80;73;;;;2;;;;2;;;.;2;2;;2;;1;11;;73;202.03318731
6,015,982;1;1;1;80;73;;;;1;3;;2;;;8;;2;2;;2;;1;11;3;73;168.72426199
6,015,984;1;2;1;80;73;;;;2;;;;1;4;9;;2;2;;2;;1;11;;73;328.7547986
6,015,986;1;1;1;80;73;;;;1;3;;2;;;9;;2;2;;2;;1;11;4;73;171.10797212
6,015,988;1;2;1;80;73;;;;1;3;;2;;;9;;2;2;;2;;1;11;4;73;275.12649066
6,015,988;1;3;1;80;73;;;;2;;;;2;;;.;;;;2;;1;11;;73;275.12649066
6,015,994;1;1;1;80;73;;;;1;4;;2;;;4;;2;2;;2;;1;11;4;73;296.9256624
6,015,995;1;3;1;80;73;;;;2;;;;2;;;.;;;;2;;1;11;;73;460.23284375
6,015,996;1;1;1;80;73;;;;1;3;;2;;;9;;2;2;;2;;1;11;4;73;275.98084526
6,015,997;1;2;1;80;73;;;;1;7;;2;;;1;;2;2;;2;;1;11;3;73;161.45269995
6,015,998;1;1;1;80;73;;;;1;4;;2;;;4;;2;2;;2;;1;11;2;73;307.80998147
6,016,001;1;2;1;80;73;;;;2;;;;2;;;.;2;2;;2;;1;11;;73;183.81968043
6,016,003;1;1;1;80;73;;;;1;4;;2;;;8;;2;2;;2;;1;11;3;73;296.9256624
6,016,003;1;2;1;80;73;;;;1;5;;2;;;10;;3;3;;2;;1;11;4;73;296.9256624
6,016,006;1;3;1;80;73;;;;2;;;;2;;;.;2;2;;2;;1;11;;73;454.52796614
6,016,006;1;6;1;80;73;;;;1;5;;2;;;10;;3;3;;2;;1;11;4;73;454.52796614
6,016,006;1;7;1;80;73;;;;1;4;;2;;;4;;2;2;;2;;1;11;4;73;454.52796614
6,016,007;1;2;1;80;73;;;;1;6;;2;;;11;;2;2;;1;150,000;1;11;1.2;73;217.12860574
6,016,009;1;1;1;80;73;;;908,526;1;9;POR PANDEMIA;1;;1;9;;2;2;;2;;1;11;2;73;253.80746677
6,016,009;2;1;2;80;73;;;;1;5;;2;;;10;;3;3;;2;;1;11;4;73;253.80746677
6,016,009;2;2;2;80;73;;;;2;;;;2;;;.;2;2;;2;;1;11;;73;253.80746677
6,016,010;1;1;1;80;73;;;;1;4;;2;;;4;;2;2;;2;;1;11;2;73;478.79395076
6,016,010;1;6;1;80;73;;;;2;;;;2;;;.;2;2;;2;;1;11;;73;478.79395076
6,016,010;1;7;1;80;73;;;;2;;;;2;;;.;;;;2;;1;11;;73;478.79395076
6,016,011;1;1;1;80;73;;;;2;;;;2;;;.;2;2;;2;;1;11;;73;275.98084526
6,016,012;1;1;1;80;73;;;;1;3;;2;;;9;;2;2;;2;;1;11;3;73;342.94629602
6,016,012;1;2;1;80;73;;;;1;4;;2;;;8;;2;2;;2;;1;11;3;73;342.94629602
6,016,013;1;2;1;80;73;;;;2;;;;2;;;.;2;2;;2;;1;11;;73;366.54232338
6,016,013;1;3;1;80;73;;;;2;;;;2;;;.;2;2;;2;;1;11;;73;366.54232338
6,016,013;1;4;1;80;73;;;;1;3;;2;;;8;;2;2;;2;;1;11;4;73;366.54232338
6,016,015;1;1;1;80;73;;;;1;5;;2;;;10;;3;3;;2;;1;11;4;73;296.9256624
6,016,015;1;2;1;80;73;;;;1;4;;2;;;4;;2;2;;2;;1;11;4;73;296.9256624
6,016,020;1;1;1;80;73;;;;1;5;;2;;;10;;3;3;;2;;1;11;4;73;328.7547986
6,016,020;1;2;1;80;73;;;;1;3;;2;;;9;;2;2;;2;;1;11;4;73;328.7547986
6,016,024;1;3;1;80;73;;;;2;;;;2;;;.;2;2;;2;;1;11;;73;161.45269995
6,016,024;1;4;1;80;73;;;;1;4;;2;;;4;;2;2;;2;;1;11;4;73;161.45269995
6,016,024;1;5;1;80;73;;;;1;3;;2;;;8;;2;2;;2;;1;11;4;73;161.45269995
6,016,026;1;1;1;80;73;;;;1;5;;2;;;11;;3;3;;2;;1;11;3;73;296.9256624
6,016,026;1;2;1;80;73;;;;1;5;;2;;;8;;3;3;;2;;1;11;4;73;296.9256624
6,016,027;1;1;1;80;73;;;;1;4;;2;;;4;;2;2;;2;;1;11;4;73;229.05629063
6,016,027;1;2;1;80;73;;;;1;4;;2;;;8;;2;2;;2;;1;11;4;73;229.05629063
6,016,028;1;2;1;80;73;;;;2;;;;2;;;.;;;;2;;1;11;;73;183.81968043
6,016,030;1;3;1;80;73;;;;2;;;;2;;;.;2;2;;2;;1;11;;73;261.66945024
6,016,030;1;4;1;80;73;;;;2;;;;2;;;.;;;;2;;1;11;;73;261.66945024
6,016,031;1;1;1;80;73;2;;1,200,000;1;7;;2;;;9;;2;2;;2;;1;11;2;73;503.77401438
6,016,031;1;2;1;80;73;;;;2;;;;2;;;.;;;;2;;1;11;;73;503.77401438
6,016,032;1;4;1;80;73;;;;1;9;CAMBIO DE CIUDAD DE RESIDENCIA;2;;;4;;2;2;;2;;1;11;4;73;546.73362111
6,016,033;1;1;1;80;73;;;;1;3;;2;;;9;;2;2;;2;;1;11;4;73;261.66945024
6,016,033;1;3;1;80;73;2;;908,526;1;9;POR PANDEMIA;2;;;2;;2;2;;2;;1;11;2;73;261.66945024
6,016,033;1;4;1;80;73;;;;2;;;;2;;;.;2;2;;2;;1;11;;73;261.66945024
6,016,038;1;2;1;80;73;;;;1;3;;2;;;9;;2;2;;2;;1;11;4;73;520.50773215
6,016,038;1;7;1;80;73;;;;1;3;;2;;;8;;2;2;;2;;1;11;4;73;520.50773215
6,016,041;1;3;1;80;73;;;;2;;;;2;;;.;;;;2;;1;11;;73;215.64881663
6,016,044;1;2;1;80;73;;;;1;3;;2;;;9;;2;2;;2;;1;11;4;73;645.8107998
6,016,045;1;2;1;80;73;;;;1;3;;2;;;9;;2;2;;2;;1;11;3;73;215.64881663
6,016,045;1;3;1;80;73;;;;2;;;;2;;;.;2;2;;2;;1;11;;73;215.64881663
6,016,046;1;2;1;80;73;;;;1;2;;2;;;2;;2;2;;2;;1;11;3;73;367.4462444
6,016,047;1;3;1;80;73;;;;1;4;;2;;;4;;2;2;;2;;1;11;3;73;161.45269995
6,016,049;1;2;1;80;73;;;;1;3;;2;;;9;;2;2;;2;;1;11;2;73;202.93710833
6,016,050;1;3;1;80;73;;;;2;;;;2;;;.;;;;2;;1;11;;73;215.64881663
6,016,053;1;1;1;80;73;;;;1;3;;2;;;8;;2;2;;2;;1;11;4;73;320.52168977
6,016,054;1;1;1;80;73;;;;1;3;;2;;;9;;2;2;;2;;1;11;4;73;307.80998147
6,016,057;1;3;1;80;73;;;;2;;;;2;;;.;;;;2;;1;11;;73;466.31620623
6,016,058;1;2;1;80;73;1;50;1,000,000;1;3;;2;;;9;;2;2;;2;;1;11;4;73;420.29557261
6,016,059;1;2;1;80;73;;;;1;3;;2;;;9;;2;2;;2;;1;11;4;73;366.54232338
6,016,059;1;4;1;80;73;;;;2;;;;2;;;.;2;2;;2;;1;11;;73;366.54232338
6,016,060;1;2;1;80;73;;;;1;3;;2;;;8;;2;2;;2;;1;11;3;73;317.75058193
6,016,060;1;4;1;80;73;;;;2;;;;2;;;.;2;2;;2;;1;11;;73;317.75058193
6,016,061;1;2;1;80;73;;;;2;;;;2;;;.;2;2;;2;;1;11;;73;217.12860574
6,016,062;1;1;1;80;73;;;;1;4;;2;;;4;;2;2;;2;;1;11;4;73;296.9256624
6,016,062;1;2;1;80;73;;;;1;4;;2;;;4;;2;2;;2;;1;11;4;73;296.9256624
6,016,065;1;2;1;80;73;1;24;450,000;2;;;;2;;;.;2;2;;2;;1;11;;73;367.4462444
6,016,066;1;1;1;80;73;;;;1;7;;2;;;9;;2;2;;2;;1;11;4;73;213.2651065
6,016,066;1;5;1;80;73;;;;1;2;;2;;;2;;2;2;;2;;1;11;2;73;213.2651065
6,016,066;1;6;1;80;73;;;;2;;;;2;;;.;2;2;;2;;1;11;;73;213.2651065
6,016,071;1;3;1;80;73;;;;1;4;;2;;;4;;2;2;;2;;1;11;4;73;335.4585193
6,016,073;1;1;1;80;73;;;;1;5;;2;;;10;;3;3;;2;;1;11;4;73;343.85021704
6,016,076;1;3;1;80;73;;;;2;;;;2;;;.;2;2;;2;;1;11;;73;215.64881663
6,016,078;1;1;1;80;73;;;;1;5;;2;;;10;;3;3;;2;;1;11;4;73;343.85021704
6,016,082;1;2;1;80;73;;;;1;7;;1;;2;1;;2;2;;2;;1;11;4;73;238.07342288
6,016,089;1;1;1;80;73;;;;1;9;LA PANDEMIA;2;;;8;;1;1;2;2;;1;11;2;73;275.98084526
6,016,090;1;4;1;80;73;;;;1;4;;2;;;8;;2;2;;2;;1;11;4;73;161.45269995
6,016,091;1;1;1;80;73;;;;1;5;;2;;;10;;3;3;;2;;1;11;2;73;296.9256624
6,016,091;1;2;1;80;73;;;;2;;;;2;;;.;2;2;;2;;1;11;;73;296.9256624
6,016,092;1;3;1;80;73;;;;2;;;;2;;;.;2;2;;2;;1;11;;73;248.95774194
6,016,095;1;2;1;80;73;;;;1;3;;2;;;9;;2;2;;2;;1;11;1.4;73;498.14534243
6,016,095;1;4;1;80;73;;;;2;;;;2;;;.;2;2;;2;;1;11;;73;498.14534243
6,016,096;1;1;1;80;73;;;;1;5;;2;;;10;;3;3;;2;;1;11;4;73;238.07342288
6,016,096;1;2;1;80;73;;;;2;;;;2;;;.;2;2;;2;;1;11;;73;238.07342288
6,016,096;1;3;1;80;73;;;;2;;;;2;;;.;2;2;;2;;1;11;;73;238.07342288
6,016,097;1;1;1;80;73;;;;1;5;;2;;;10;;3;3;;2;;1;11;4;73;296.9256624
6,016,097;1;2;1;80;73;;;;1;3;;2;;;8;;2;2;;2;;1;11;4;73;296.9256624
6,016,099;1;1;1;80;73;;;;1;5;;2;;;10;;3;3;;2;;1;11;4;73;275.98084526
6,016,100;1;3;1;80;73;;;;2;;;;2;;;.;2;2;;2;;1;11;;73;248.95774194
6,016,103;1;1;1;80;73;;;;1;3;;2;;;11;;2;2;;2;;1;11;4;73;171.10797212
6,016,106;1;3;1;80;73;;;;2;;;;2;;;.;;;;2;;1;11;;73;645.8107998
6,016,106;1;4;1;80;73;;;;2;;;;2;;;.;;;;2;;1;11;;73;645.8107998
6,016,108;1;3;1;80;73;;;;2;;;;2;;;.;;;;2;;1;11;;73;357.63697408
6,016,110;1;2;1;80;73;;;;2;;;;2;;;.;;;;2;;1;11;;73;395.09478224
6,016,112;1;1;1;80;73;;;;1;5;;2;;;10;;3;3;;2;;1;11;1.4;73;317.87047954
6,016,112;1;2;1;80;73;;;;1;3;;2;;;9;;2;2;;2;;1;11;2;73;317.87047954
6,016,112;1;3;1;80;73;;;;1;8;;2;;;8;;2;2;;2;;1;11;4;73;317.87047954
6,016,114;1;2;1;80;73;;;;2;;;;2;;;.;2;2;;2;;1;11;;73;215.64881663
6,016,116;1;1;1;80;73;;;;1;5;;2;;;8;;3;3;;2;;1;11;3;73;356.40333644
6,016,116;1;2;1;80;73;;;;1;3;;2;;;9;;2;2;;2;;1;11;4;73;356.40333644
6,016,119;1;4;1;80;73;;;;2;;;;2;;;.;;;;2;;1;11;;73;228.36052493
6,016,120;1;1;1;80;73;;;;1;5;;1;;4;10;;3;3;;2;;1;11;4;73;250.00110777
6,016,120;1;2;1;80;73;;;;1;5;;2;;;10;;3;3;;2;;1;11;4;73;250.00110777
6,016,120;1;3;1;80;73;;;;1;4;;2;;;4;;2;2;;2;;1;11;4;73;250.00110777
6,016,122;1;3;1;80;73;;;;1;5;;2;;;10;;3;3;;2;;1;11;4;73;161.45269995
6,016,127;1;1;1;80;73;;;;2;;;;2;;;.;2;2;;2;;1;11;;73;275.98084526
6,016,129;1;2;1;80;73;;;;2;;;;2;;;.;2;2;;2;;1;11;;73;307.80998147
6,016,131;1;2;1;80;73;;;;1;3;;2;;;9;;2;2;;2;;1;11;4;73;296.9256624
6,016,132;1;1;1;80;73;;;;1;6;;2;;;8;;3;3;;2;;1;11;4;73;223.88192546
6,016,133;1;1;1;80;73;;;;1;4;;2;;;4;;2;2;;2;;1;11;3;73;229.05629063
6,016,135;1;3;1;80;73;;;;2;;;;2;;;.;2;2;;2;;1;11;;73;202.03318731
6,016,135;1;4;1;80;73;;;;1;5;;2;;;8;;3;3;;2;;1;11;4;73;202.03318731
6,016,137;1;2;1;80;73;;;;1;5;;2;;;10;;3;3;;2;;1;11;4;73;281.83024397
6,016,137;1;4;1;80;73;;;;1;5;;2;;;10;;3;3;;2;;1;11;4;73;281.83024397
6,016,138;1;1;1;80;73;;;;1;1;;2;;;4;;2;2;;2;;1;11;4;73;296.9256624
6,016,138;1;2;1;80;73;;;;1;5;;2;;;10;;3;3;;2;;1;11;4;73;296.9256624
6,016,139;1;1;1;80;73;;;;1;4;;2;;;4;;3;3;;2;;1;11;3;73;223.88192546
6,016,139;1;2;1;80;73;;;;1;3;;2;;;9;;2;2;;2;;1;11;3;73;223.88192546
6,016,140;1;2;1;80;73;;;;2;;;;2;;;.;2;2;;2;;1;11;;73;395.09478224
6,016,141;1;1;1;80;73;;;;1;8;;2;;;4;;2;2;;2;;1;11;2;73;161.45269995
6,016,141;1;3;1;80;73;;;;2;;;;2;;;.;;;;2;;1;11;;73;161.45269995
6,016,143;1;2;1;80;73;;;;1;3;;2;;;9;;2;2;;2;;1;11;2;73;161.45269995
6,016,144;1;1;1;80;73;;;;1;3;;2;;;9;;2;2;;2;;1;11;4;73;269.90255908
6,016,144;1;2;1;80;73;;;;1;5;;2;;;10;;3;3;;2;;1;11;4;73;269.90255908
6,016,144;1;4;1;80;73;;;;2;;;;2;;;.;2;2;;2;;1;11;;73;269.90255908
6,016,145;1;3;1;80;73;;;;2;;;;2;;;.;;;;2;;1;11;;73;248.95774194
6,016,150;1;1;1;80;73;;;;1;3;;2;;;9;;2;2;;2;;1;11;4;73;307.80998147
6,016,152;1;2;1;80;73;;;;2;;;;2;;;.;2;2;;2;;1;11;;73;407.80649054
6,016,152;1;3;1;80;73;;;;2;;;;2;;;.;2;2;;2;;1;11;;73;407.80649054
6,016,153;1;1;1;80;73;;;;1;3;;2;;;4;;2;2;;2;;1;11;4;73;307.80998147
6,016,154;1;2;1;80;73;;;;1;6;;2;;;4;;2;2;;2;;1;11;4;73;341.46650691
6,016,154;1;4;1;80;73;;;;2;;;;2;;;.;2;2;;2;;1;11;;73;341.46650691
6,016,156;1;2;1;80;73;;;;1;3;;2;;;9;;2;2;;2;;1;11;4;73;161.45269995
6,016,157;1;2;1;80;73;;;;1;4;;2;;;8;;2;2;;2;;1;11;4;73;203.07655313
6,016,157;1;3;1;80;73;;;;1;4;;2;;;11;;2;2;;2;;1;11;4;73;203.07655313
6,016,157;1;4;1;80;73;;;;1;4;;2;;;4;;2;2;;2;;1;11;4;73;203.07655313
6,016,158;1;3;1;80;73;;;;2;;;;2;;;.;;;;2;;1;11;;73;215.64881663
6,016,159;1;2;1;80;73;2;;908,000;1;3;;2;;;9;;2;2;;2;;1;11;4;73;479.02791453
6,016,159;1;4;1;80;73;;;;2;;;;2;;;.;2;2;;2;;1;11;;73;479.02791453
6,016,160;1;1;1;80;73;;;;1;4;;2;;;8;;2;2;;2;;1;11;4;73;343.85021704
6,016,161;1;1;1;80;73;;;;2;;;;2;;;.;2;2;;2;;1;11;;73;191.14886824
6,016,161;1;4;1;80;73;;;;2;;;;2;;;.;2;2;;2;;1;11;;73;191.14886824
6,016,162;1;2;1;80;73;;;;1;8;;2;;;4;;2;2;;2;;1;11;3;73;161.45269995
6,016,164;1;3;1;80;73;;;;2;;;;2;;;.;2;2;;2;;1;11;;73;337.03975707
6,016,164;1;4;1;80;73;;;;2;;;;2;;;.;;;;2;;1;11;;73;337.03975707
6,016,166;1;1;1;80;73;;;;1;4;;2;;;4;;2;2;;2;;1;11;9;73;176.95737083
6,016,166;1;2;1;80;73;;;;1;3;;2;;;9;;2;2;;2;;1;11;4;73;176.95737083
6,016,169;1;1;1;80;73;;;;1;3;;2;;;9;;2;2;;2;;1;11;4;73;275.98084526
6,016,170;1;5;1;80;73;;;;1;4;;2;;;1;;2;2;;2;;1;11;2;73;475.96688765
6,016,171;1;4;1;80;73;;;;2;;;;2;;;.;;;;2;;1;11;;73;426.01999742
6,016,171;1;6;1;80;73;2;;98;1;4;;2;;;4;;2;2;;2;;1;11;2;73;426.01999742
6,016,176;1;1;1;80;73;;;;1;3;;2;;;11;;2;2;;2;;1;11;4;73;161.45269995
6,016,176;1;4;1;80;73;;;;2;;;;2;;;.;2;2;;2;;1;11;;73;161.45269995
6,016,176;1;5;1;80;73;;;;2;;;;2;;;.;2;2;;2;;1;11;;73;161.45269995
6,016,176;1;8;1;80;73;;;;1;4;;2;;;4;;2;2;;2;;1;11;4;73;161.45269995
6,016,178;1;3;1;80;73;;;;2;;;;2;;;.;2;2;;2;;1;11;;73;161.45269995
6,016,181;1;3;1;80;73;;;;2;;;;2;;;.;;;;2;;1;11;;73;228.36052493
6,016,181;1;4;1;80;73;;;;2;;;;2;;;.;;;;2;;1;11;;73;228.36052493
6,016,182;1;1;1;80;73;;;;1;3;;2;;;9;;2;2;;2;;1;11;4;73;183.81968043
6,016,182;1;2;1;80;73;;;;2;;;;2;;;.;2;2;;2;;1;11;;73;183.81968043
6,016,184;1;1;1;80;73;;;;1;5;;2;;;10;;3;3;;2;;1;11;4;73;161.45269995
6,016,184;1;2;1;80;73;;;;1;7;;2;;;9;;2;2;;2;;1;11;2;73;161.45269995
6,016,184;1;3;1;80;73;;;;2;;;;2;;;.;2;2;;2;;1;11;;73;161.45269995
6,016,185;1;1;1;80;73;;;;1;5;;2;;;10;;3;3;;2;;1;11;4;73;343.85021704
6,016,187;1;1;1;80;73;;;;1;3;;2;;;11;;2;2;;2;;1;11;4;73;307.80998147
6,016,188;1;2;1;80;73;;;;1;4;;2;;;11;;2;2;;2;;1;11;3;73;248.95774194
6,016,188;1;3;1;80;73;;;;2;;;;2;;;.;;;;2;;1;11;;73;248.95774194
6,016,191;1;2;1;80;73;2;;908,526;1;7;;2;;;9;;2;2;;2;;1;11;4;73;161.45269995
6,016,191;1;3;1;80;73;;;;2;;;;2;;;.;2;2;;2;;1;11;;73;161.45269995
6,016,195;1;4;1;80;73;;;;2;;;;2;;;.;2;2;;2;;1;11;;73;250.78513118
6,016,196;1;2;1;80;73;1;48;2,000,000;1;3;;1;;1;9;;1;2;;2;;1;11;3;73;311.61634047
6,016,197;1;1;1;80;73;1;20;2,000,000;1;7;;2;;;9;;1;2;;2;;1;11;2;73;281.83024397
6,016,197;1;2;1;80;73;;;;1;4;;2;;;4;;3;3;;2;;1;11;4;73;281.83024397
6,016,197;1;3;1;80;73;1;40;2,000,000;2;;;;2;;;.;2;2;;2;;1;11;;73;281.83024397
6,016,197;1;4;1;80;73;;;;1;5;;2;;;9;;3;3;;2;;1;11;4;73;281.83024397
6,016,198;1;1;1;80;73;;;;2;;;;2;;;.;2;2;;2;;1;11;;73;250.00110777
6,016,198;1;2;1;80;73;;;;1;8;;2;;;11;;2;2;;2;;1;11;4;73;250.00110777
6,016,198;1;3;1;80;73;;;;1;5;;2;;;10;;3;3;;2;;1;11;4;73;250.00110777
6,016,200;1;1;1;80;73;1;48;1,000,000;1;4;;2;;;4;;2;2;;2;;1;11;2;73;250.00110777
6,016,200;1;3;1;80;73;;;;1;4;;2;;;4;;2;2;;2;;1;11;3;73;250.00110777
6,016,201;1;1;1;80;73;;;;1;3;;2;;;8;;3;3;;2;;1;11;3;73;229.05629063
6,016,201;1;2;1;80;73;;;;1;4;;2;;;8;;2;2;;2;;1;11;4;73;229.05629063
6,016,202;1;4;1;80;73;;;;1;7;;2;;;8;;2;2;;2;;1;11;4;73;264.69178583
6,016,203;1;1;1;80;73;;;;1;5;;2;;;10;;3;3;;2;;1;11;4;73;275.98084526
6,016,204;1;1;1;80;73;;;;1;5;;2;;;10;;3;3;;2;;1;11;4;73;296.9256624
6,016,204;1;2;1;80;73;;;;1;5;;2;;;10;;3;3;;2;;1;11;4;73;296.9256624
6,016,205;1;1;1;80;73;;;;1;3;;2;;;9;;1;2;;2;;1;11;4;73;296.9256624
6,016,205;1;2;1;80;73;;;;1;5;;2;;;10;;3;3;;2;;1;11;4;73;296.9256624
6,016,208;1;2;1;80;73;;;;1;6;;2;;;9;;2;2;;2;;1;11;4;73;296.9256624
6,016,211;1;2;1;80;73;;;;1;3;;2;;;9;;2;2;;2;;1;11;4;73;248.95774194
6,016,212;1;2;1;80;73;;;;2;;;;2;;;.;;;;2;;1;11;;73;292.49891257
6,016,213;1;1;1;80;73;;;;1;5;;2;;;10;;3;3;;2;;1;11;2;73;296.9256624
6,016,213;1;2;1;80;73;;;;1;5;;2;;;10;;3;3;;2;;1;11;2;73;296.9256624
6,016,214;1;2;1;80;73;;;;1;9;POR PANDEMIA;1;;2;9;;2;2;;2;;1;11;2;73;522.89144228
6,016,215;1;1;1;80;73;;;;1;9;POR LA PANDEMIA;2;;;12;POR LA PANDEMIA;2;2;;2;;1;11;2;73;229.05629063
6,016,215;1;2;1;80;73;;;;1;9;POR LA PANDEMIA;2;;;12;POR LA PANDEMIA;2;2;;2;;1;11;2;73;229.05629063
6,016,216;1;1;1;80;73;;;;1;9;POR DESPLAZAMIENTO FORZADO;2;;;8;;2;2;;2;;1;11;4;73;161.45269995
6,016,216;1;2;1;80;73;;;;1;5;;2;;;10;;3;3;;2;;1;11;4;73;161.45269995
6,016,217;1;4;1;80;73;2;;900,000;1;4;;2;;;4;;2;2;;2;;1;11;3;73;435.15702728
6,016,220;1;1;1;80;73;;;;1;5;;2;;;10;;3;3;;2;;1;11;1.4;73;426.92391844
6,016,220;1;2;1;80;73;;;;1;3;;2;;;9;;2;2;;2;;1;11;3;73;426.92391844
6,016,220;1;3;1;80;73;;;;2;;;;2;;;.;2;2;;2;;1;11;;73;426.92391844
6,016,221;1;1;1;80;73;;;;1;4;;2;;;4;;2;2;;2;;1;11;4;73;296.9256624
6,016,221;1;2;1;80;73;;;;1;3;;2;;;9;;2;2;;2;;1;11;4;73;296.9256624
6,016,222;1;2;1;80;73;;;;2;;;;2;;;.;2;2;;2;;1;11;;73;460.23284375
6,016,222;1;3;1;80;73;;;;2;;;;2;;;.;2;2;;2;;1;11;;73;460.23284375
6,016,225;1;1;1;80;73;;;;2;;;;2;;;.;2;2;;2;;1;11;;73;414.21221014
6,016,226;1;3;1;80;73;;;;2;;;;2;;;.;2;2;;2;;1;11;;73;324.32804877
6,016,229;1;2;1;80;73;2;;908,526;1;3;;2;;;9;;2;2;;2;;1;11;2;73;568.9120759
6,016,231;1;2;1;80;73;;;;1;3;;2;;;9;;1;1;1;2;;1;11;4;73;416.03959938
6,016,231;1;3;1;80;73;;;;2;;;;2;;;.;2;2;;2;;1;11;;73;416.03959938
6,016,232;1;1;1;80;73;;;;1;3;;2;;;9;;2;2;;2;;1;11;4;73;522.89144228
6,016,233;1;2;1;80;73;;;;1;3;;2;;;9;;2;2;;2;;1;11;4;73;296.9256624
6,016,235;1;2;1;80;73;;;;1;5;;2;;;10;;3;3;;2;;1;11;4;73;296.9256624
6,016,237;1;1;1;80;73;;;;1;5;;2;;;10;;3;3;;2;;1;11;4;73;296.9256624
6,016,237;1;2;1;80;73;;;;2;;;;2;;;.;2;2;;2;;1;11;;73;296.9256624
6,016,238;1;1;1;80;73;;;;1;5;;2;;;10;;3;3;;2;;1;11;4;73;296.9256624
6,016,238;1;2;1;80;73;;;;1;5;;2;;;10;;3;3;;2;;1;11;4;73;296.9256624
6,016,239;1;3;1;80;73;;;;2;;;;2;;;.;2;2;;2;;1;11;;73;234.76624453
6,016,240;1;3;1;80;73;;;;1;5;;2;;;8;;3;3;;2;;1;11;4;73;232.86264963
6,016,241;1;2;1;80;73;;;;1;3;;2;;;9;;2;2;;2;;1;11;3;73;522.89144228
6,016,242;1;1;1;80;73;;;;1;3;;2;;;9;;2;2;;2;;1;11;4;73;296.9256624
6,016,242;1;2;1;80;73;;;;1;5;;2;;;10;;3;3;;2;;1;11;4;73;296.9256624
6,016,243;1;1;1;80;73;;;;1;3;;2;;;9;;2;2;;2;;1;11;4;73;275.98084526
6,016,244;1;4;1;80;73;;;;2;;;;2;;;.;;;;2;;1;11;;73;161.45269995
6,016,244;1;6;1;80;73;;;;1;3;;2;;;9;;2;2;;2;;1;11;1.4;73;161.45269995
6,016,246;1;2;1;80;73;;;;1;3;;2;;;9;;2;2;;2;;1;11;2;73;568.9120759
6,016,246;1;3;1;80;73;;;;2;;;;2;;;.;;;;2;;1;11;;73;568.9120759
6,016,247;1;1;1;80;73;;;;1;4;;2;;;1;;2;2;;2;;1;11;3;73;280.78687814
6,016,247;1;2;1;80;73;;;;1;7;;2;;;9;;2;2;;2;;1;11;4;73;280.78687814
6,016,248;1;2;1;80;73;;;;2;;;;2;;;.;2;2;;2;;1;11;;73;161.45269995
6,016,248;1;3;1;80;73;;;;2;;;;2;;;.;2;2;;2;;1;11;;73;161.45269995
6,016,249;1;2;1;80;73;;;;2;;;;2;;;.;2;2;;2;;1;11;;73;428.40370755
6,016,250;1;1;1;80;73;;;;2;;;;2;;;.;2;2;;2;;1;11;;73;275.98084526
6,016,251;1;2;1;80;73;;;;2;;;;2;;;.;;;;2;;1;11;;73;474.42434117
6,016,251;1;3;1;80;73;;;;2;;;;2;;;.;;;;2;;1;11;;73;474.42434117
6,016,252;1;4;1;80;73;;;;2;;;;2;;;.;;;;2;;1;11;;73;228.36052493
6,016,253;1;4;1;80;73;;;;2;;;;2;;;.;2;2;;2;;1;11;;73;309.16987297
6,016,254;1;2;1;80;73;;;;2;;;;2;;;.;2;2;;2;;1;11;;73;305.21062087
6,016,254;1;3;1;80;73;;;;2;;;;2;;;.;2;2;;2;;1;11;;73;305.21062087
6,016,257;1;2;1;80;73;;;;1;3;;2;;;4;;2;2;;2;;1;11;4;73;296.9256624
6,016,259;1;1;1;80;73;;;;1;3;;2;;;8;;2;2;;2;;1;11;4;73;275.98084526
6,016,266;1;4;1;80;73;;;;2;;;;2;;;.;;;;2;;1;11;;73;255.26373064
6,016,266;1;5;1;80;73;;;;2;;;;2;;;.;;;;2;;1;11;;73;255.26373064
6,016,268;1;3;1;80;73;;;;2;;;;2;;;.;2;2;;2;;1;11;;73;394.34945012
6,016,270;1;2;1;80;73;;;;1;3;;2;;;9;;2;2;;2;;1;11;4;73;261.66945024
6,016,270;1;3;1;80;73;1;24;500,000;2;;;;1;2;8;;2;2;;2;;1;11;;73;261.66945024
6,016,270;1;4;1;80;73;;;;2;;;;2;;;.;;;;2;;1;11;;73;261.66945024
6,016,271;1;1;1;80;73;;;;1;8;;1;;4;1;;2;2;;2;;1;11;4;73;362.48669891
6,016,271;1;2;1;80;73;;;;1;4;;2;;;4;;2;2;;2;;1;11;4;73;362.48669891
6,016,272;1;3;1;80;73;;;;2;;;;2;;;.;;;;2;;1;11;;73;342.94629602
6,016,277;1;4;1;80;73;;;;2;;;;2;;;.;;;;2;;1;11;;73;282.61426738
6,016,277;1;5;1;80;73;;;;1;5;;2;;;10;;3;3;;2;;1;11;4;73;282.61426738
6,016,278;1;2;1;80;73;;;;2;;;;2;;;.;;;;2;;1;11;;73;161.45269995
6,016,278;1;3;1;80;73;;;;1;4;;2;;;8;;2;2;;2;;1;11;4;73;161.45269995
6,016,279;1;2;1;80;73;;;;2;;;;2;;;.;2;2;;2;;1;11;;73;578.72134622
6,016,280;1;1;1;80;73;;;;1;5;;2;;;10;;3;3;;2;;1;11;4;73;343.85021704
6,016,281;1;1;1;80;73;;;;1;5;;1;;4;10;;3;3;;2;;1;11;4;73;275.98084526
6,016,283;1;3;1;80;73;;;;2;;;;2;;;.;;;;2;;1;11;;73;277.40349414
6,016,283;1;5;1;80;73;;;;2;;;;1;3;10;;3;3;;2;;1;11;;73;277.40349414
6,016,284;1;2;1;80;73;;;;2;;;;2;;;.;2;2;;2;;1;11;;73;294.97837555
6,016,284;1;3;1;80;73;;;;1;2;;2;;;2;;2;2;;2;;1;11;2;73;294.97837555
6,016,284;1;4;1;80;73;;;;2;;;;2;;;.;2;2;;2;;1;11;;73;294.97837555
6,016,287;1;2;1;80;73;;;;2;;;;2;;;.;2;2;;2;;1;11;;73;217.12860574
6,016,288;1;1;1;80;76;;;;1;5;;2;;;10;;3;3;;2;;1;11;4;76;931.57201198
6,016,288;1;2;1;80;76;;;;2;;;;2;;;.;2;2;;2;;1;11;;76;931.57201198
6,016,289;1;1;1;80;76;;;;1;5;;2;;;10;;3;3;;2;;1;11;4;76;931.57201198
6,016,289;1;2;1;80;76;;;;1;3;;2;;;9;;2;2;;2;;1;11;4;76;931.57201198
6,016,293;1;3;1;80;76;;;;2;;;;2;;;.;;;;2;;1;11;;76;1051.3244709
6,016,294;1;2;1;80;76;;;;1;3;;1;;4;9;;1;1;2;2;;1;11;4;76;998.82066319
6,016,294;1;3;1;80;76;;;;2;;;;2;;;.;2;2;;2;;1;11;;76;998.82066319
6,016,294;1;4;1;80;76;;;;2;;;;2;;;.;;;;2;;1;11;;76;998.82066319
6,016,300;1;1;1;80;76;;;;1;5;;2;;;9;;3;3;;2;;1;11;3;76;1052.7347474
6,016,300;1;2;1;80;76;;;;1;5;;2;;;10;;3;3;;2;;1;11;4;76;1052.7347474
6,016,303;1;1;1;80;76;;;;1;8;;2;;;11;;3;3;;2;;1;11;4;76;1040.2355902
6,016,303;1;2;1;80;76;;;;1;6;;2;;;11;;2;2;;2;;1;11;4;76;1040.2355902
6,016,304;1;1;1;80;76;1;48;908,526;1;3;;2;;;4;;2;2;;2;;1;11;4;76;1148.8991685
6,016,307;1;2;1;80;76;;;;2;;;;2;;;.;;;;2;;1;11;;76;996.21391712
6,016,309;1;6;1;80;76;1;48;1,200,000;1;7;;2;;;9;;1;2;;2;;1;11;2;76;1547.2931283
6,016,312;1;2;1;80;76;;;;1;6;;1;;4;1;;2;2;;2;;1;11;4;76;940.05414653
6,016,313;1;1;1;80;76;;;;2;;;;1;4;9;;2;2;;2;;1;11;;76;941.61167575
6,016,317;1;1;1;80;76;;;;1;4;;2;;;4;;2;2;;2;;1;11;4;76;1571.9972901
6,016,318;1;2;1;80;76;;;;2;;;;2;;;.;2;2;;2;;1;11;;76;996.21391712
6,016,319;1;1;1;80;76;;;;1;4;;2;;;4;;3;3;;2;;1;11;4;76;1040.2355902
6,016,319;1;2;1;80;76;;;;1;4;;2;;;8;;3;3;;2;;1;11;3;76;1040.2355902
6,016,320;1;3;1;80;76;1;48;908,526;1;1;;2;;;12;PORQUE SABE QUE NO LE VAN A DAR TRABAJO POR PROBLEMAS DE DISCAPACIDAD MOTRIZ Y MENTAL;2;2;;2;;1;11;1.2;76;1050.275254
6,016,321;1;2;1;80;76;;;;1;4;;2;;;4;;2;2;;2;;1;11;4;76;986.68256572
6,016,321;1;4;1;80;76;;;;1;4;;2;;;4;;2;2;;2;;1;11;2;76;986.68256572
6,016,323;1;1;1;80;76;;;;1;5;;2;;;10;;3;3;;2;;1;11;4;76;1518.4442656
6,016,323;1;2;1;80;76;;;;1;3;;2;;;9;;2;2;;2;;1;11;4;76;1518.4442656
6,016,327;1;1;1;80;76;;;908,000;1;9;PANDEMIA;2;;;9;;2;2;;2;;1;11;2;76;912.55916929
6,016,327;1;5;1;80;76;;;;1;3;;2;;;9;;2;2;;2;;1;11;4;76;912.55916929
6,016,328;1;3;1;80;76;1;48;908,526;1;9;CAMBIO DE CIUDAD;2;;;9;;2;2;;2;;1;11;1.2;76;1241.9926334
6,016,328;1;4;1;80;76;1;48;908,526;1;9;CAMBIO DE CIUDAD;2;;;9;;2;2;;2;;1;11;1.2;76;1241.9926334
6,016,332;1;3;1;80;76;;;;1;2;;2;;;2;;2;2;;2;;1;11;1.4;76;1193.2552644
6,016,333;1;5;1;80;76;;;;1;7;;2;;;9;;2;2;;2;;1;11;4;76;1220.1753584
6,016,334;1;1;1;80;76;;;;1;5;;2;;;11;;3;3;;2;;1;11;4;76;1040.2355902
6,016,334;1;2;1;80;76;;;;2;;;;2;;;.;2;2;;2;;1;11;;76;1040.2355902
6,016,336;1;1;1;80;76;;;;1;5;;2;;;10;;3;3;;2;;1;11;4;76;1056.4012264
6,016,336;1;5;1;80;76;;;;1;1;;2;;;8;;2;2;;2;;1;11;3;76;1056.4012264
6,016,337;1;4;1;80;76;;;;1;6;;2;;;1;;2;2;;2;;1;11;1.3;76;1862.4858367
6,016,338;1;1;1;80;76;;;;1;5;;2;;;10;;3;3;;2;;1;11;4;76;1040.2355902
6,016,338;1;2;1;80;76;;;;1;4;;2;;;4;;2;2;;2;;1;11;3;76;1040.2355902
6,016,340;1;2;1;80;76;;;;2;;;;2;;;.;;;;2;;1;11;;76;996.21391712
6,016,342;1;4;1;80;76;;;;1;4;;2;;;4;;2;2;;2;;1;11;4;76;1585.5561802
6,016,343;1;1;1;80;76;;;;1;5;;2;;;11;;3;3;;2;;1;11;4;76;1204.0097223
6,016,345;1;2;1;80;76;;;;2;;;;2;;;.;2;2;;2;;1;11;;76;1357.4640497
6,016,345;1;3;1;80;76;;;;2;;;;2;;;.;;;;2;;1;11;;76;1357.4640497
6,016,345;1;5;1;80;76;;;;1;4;;2;;;8;;2;2;;2;;1;11;4;76;1357.4640497
6,016,346;1;2;1;80;76;;;;2;;;;2;;;.;;;;2;;1;11;;76;1138.1447107
6,016,348;1;1;1;80;76;;;;1;4;;2;;;4;;2;2;;2;;1;11;2;76;1040.2355902
6,016,348;1;2;1;80;76;;;;1;5;;2;;;10;;3;3;;2;;1;11;1.3;76;1040.2355902
6,016,349;1;2;1;80;76;1;20;450,000;1;3;;2;;;9;;2;2;;2;;1;11;4;76;976.97732475
6,016,349;1;3;1;80;76;2;;1,500,000;2;;;;2;;;.;2;2;;2;;1;11;;76;976.97732475
6,016,349;1;4;1;80;76;2;;99;2;;;;2;;;.;2;2;;2;;1;11;;76;976.97732475
6,016,352;1;1;1;80;76;;;;1;4;;2;;;4;;2;2;;2;;1;11;4;76;1040.2355902
6,016,352;1;2;1;80;76;;;;2;;;;2;;;.;2;2;;2;;1;11;;76;1040.2355902
6,016,353;1;2;1;80;76;;;;1;8;;2;;;4;;2;2;;2;;1;11;1.3;76;1040.2355902
6,016,354;1;3;1;80;76;1;50;1,000,000;1;8;;2;;;1;;2;2;;1;240,000;1;11;1.2;76;907.48241371
6,016,355;1;1;1;80;76;;;;1;4;;2;;;4;;2;2;;2;;1;11;2;76;902.65624208
6,016,355;1;4;1;80;76;;;;1;9;EDAD;2;;;2;;;;;2;;1;11;2;76;902.65624208
6,016,356;2;1;2;80;76;;;;1;7;;2;;;9;;2;2;;2;;1;11;2;76;2462.5402833
6,016,356;2;3;2;80;76;;;;2;;;;2;;;.;2;2;;2;;1;11;;76;2462.5402833
6,016,356;2;4;2;80;76;;;;2;;;;2;;;.;;;;2;;1;11;;76;2462.5402833
6,016,356;2;5;2;80;76;;;;2;;;;2;;;.;;;;2;;1;11;;76;2462.5402833
6,016,357;1;2;1;80;76;;;;1;2;;2;;;2;;2;2;;2;;1;11;2;76;1122.5640812
6,016,357;1;3;1;80;76;;;;2;;;;2;;;.;2;2;;2;;1;11;;76;1122.5640812
6,016,358;1;1;1;80;76;1;48;908,526;1;3;;2;;;9;;2;2;;2;;1;11;4;76;1140.7514568
6,016,359;1;1;1;80;76;;;;1;1;;2;;;8;;2;2;;2;;1;11;4;76;1148.8991685
6,016,365;1;2;1;80;76;;;;2;;;;2;;;.;2;2;;2;;1;11;;76;1045.6467686
6,016,365;1;3;1;80;76;;;;2;;;;2;;;.;;;;2;;1;11;;76;1045.6467686
6,016,365;1;4;1;80;76;;;;1;4;;2;;;4;;3;3;;2;;1;11;3;76;1045.6467686
6,016,365;1;5;1;80;76;;;;1;3;;2;;;9;;2;2;;2;;1;11;3;76;1045.6467686
6,016,366;1;1;1;80;76;;;;1;3;;2;;;9;;2;2;;2;;1;11;4;76;1148.8991685
6,016,367;1;6;1;80;76;;;;2;;;;2;;;.;2;2;;2;;1;11;;76;1360.0707958
6,016,367;1;7;1;80;76;;;;2;;;;2;;;.;2;2;;2;;1;11;;76;1360.0707958
6,016,368;1;1;1;80;76;;;;1;4;;2;;;4;;2;2;;2;;1;11;1.3;76;1117.3871687
6,016,370;1;2;1;80;76;1;48;908,526;1;7;;1;;3;8;;2;2;;2;;1;11;4;76;1382.863694
6,016,370;1;4;1;80;76;;;;2;;;;2;;;.;;;;2;;1;11;;76;1382.863694
6,016,371;1;3;1;80;76;;;;2;;;;2;;;.;;;;2;;1;11;;76;1051.3244709
6,016,373;1;2;1;80;76;1;48;908,526;1;6;;2;;;9;;2;2;;2;;1;11;1.2;76;1633.8588959
6,016,375;1;2;1;80;76;;;;1;4;;2;;;4;;2;2;;2;;1;11;4;76;1040.2355902
6,016,376;1;1;1;80;76;1;36;1,000,000;1;7;;1;;3;8;;2;2;;2;;1;11;4;76;1204.0097223
6,016,377;1;3;1;80;76;;;;1;2;;2;;;2;;2;2;;2;;1;11;2;76;1583.9618343
6,016,377;1;5;1;80;76;;;;2;;;;1;2;2;;2;2;;2;;1;11;;76;1583.9618343
6,016,378;1;1;1;80;76;;;;1;4;;2;;;4;;2;2;;2;;1;11;4;76;1289.0288717
6,016,379;1;2;1;80;76;;;;1;5;;2;;;10;;3;3;;2;;1;11;4;76;747.72530432
6,016,380;1;2;1;80;76;;;;1;3;;2;;;9;;1;2;;2;;1;11;4;76;1108.9050341
6,016,381;1;2;1;80;76;;;;2;;;;2;;;.;2;2;;2;;1;11;;76;1880.6732122
6,016,384;1;4;1;80;76;1;40;908,526;1;7;;2;;;8;;2;2;;2;;1;11;1.4;76;1033.1370953
6,016,386;1;5;1;80;76;1;20;454,000;1;9;RENUNCIO POR PROBLEMAS CON LA JEFA;1;;1;9;;2;2;;2;;1;11;3;76;853.92938919
6,016,387;1;2;1;80;76;1;60;1,500,000;1;8;;2;;;4;;2;2;;2;;1;11;1.2;76;1684.3273474
6,016,387;1;3;1;80;76;;;;2;;;;2;;;.;;;;2;;1;11;;76;1684.3273474
6,016,392;1;1;1;80;76;;;;1;4;;2;;;4;;2;2;;2;;1;11;3;76;1103.8282785
6,016,398;1;2;1;80;76;1;48;908,526;1;7;;2;;;2;;1;2;;2;;1;11;2;76;1826.2581409
6,016,398;1;5;1;80;76;;;;2;;;;2;;;.;2;2;;2;;1;11;;76;1826.2581409
6,016,400;1;1;1;80;76;;;;1;3;;2;;;8;;2;2;;2;;1;11;4;76;1148.8991685
6,016,401;1;1;1;80;76;;;;2;;;;2;;;.;2;2;;2;;1;11;;76;1204.0097223
6,016,403;1;1;1;80;76;;;;1;3;;2;;;9;;2;2;;2;;1;11;4;76;1007.6638574
6,016,403;1;2;1;80;76;;;;1;3;;2;;;9;;2;2;;2;;1;11;1.4;76;1007.6638574
6,016,404;1;1;1;80;76;;;;1;3;;2;;;9;;2;2;;2;;1;11;2;76;1306.9955983
6,016,407;1;1;1;80;76;1;48;1,000,000;1;8;;2;;;12;ESPERA QUE LO LLAMEN;2;2;;1;250,000;1;11;1.1;76;1040.2355902
6,016,408;1;3;1;80;76;;;;2;;;;2;;;.;2;2;;2;;1;11;;76;1259.1938696
6,016,408;1;4;1;80;76;;;;2;;;;2;;;.;2;2;;2;;1;11;;76;1259.1938696
6,016,409;1;1;1;80;76;;;;1;3;;2;;;8;;2;2;;2;;1;11;4;76;1103.8282785
6,016,411;1;2;1;80;76;;;;1;6;;1;;1;6;;2;2;;2;;1;11;1.3;76;1193.2552644
6,016,411;1;3;1;80;76;;;;2;;;;2;;;.;;;;2;;1;11;;76;1193.2552644
6,016,412;1;1;1;80;76;;;;1;1;;2;;;4;;2;2;;2;;1;11;4;76;935.2279749
6,016,412;1;4;1;80;76;;;;2;;;;2;;;.;;;;2;;1;11;;76;935.2279749
6,016,413;1;2;1;80;76;1;30;908,526;1;1;;2;;;8;;2;2;;2;;1;11;3;76;1007.6638574
6,016,414;1;1;1;80;76;1;24;908,526;2;;;;2;;;.;2;2;;2;;1;11;;76;1106.4350246
6,016,414;1;3;1;80;76;1;48;908,526;2;;;;1;1;1;;2;2;;2;;1;11;;76;1106.4350246
6,016,415;1;2;1;80;76;1;48;908,526;1;8;;2;;;9;;2;2;;2;;1;11;1.3;76;1040.2355902
6,016,426;1;4;1;80;76;;;;1;3;;2;;;9;;2;2;;2;;1;11;1.2;76;1275.4699815
6,016,430;1;1;1;80;76;;;;2;;;;1;4;10;;3;3;;2;;1;11;;76;1272.6791661
6,016,432;1;2;1;80;76;;;;1;2;;2;;;2;;2;2;;1;280,000;1;11;1.1;76;1281.9867678
6,016,433;1;2;1;80;76;;;;1;3;;2;;;11;;2;2;;2;;1;11;4;76;1129.6625761
6,016,435;1;1;1;80;76;;;;1;4;;2;;;4;;2;2;;2;;1;11;1.4;76;1533.0523725
6,016,435;1;2;1;80;76;;;;2;;;;2;;;.;2;2;;2;;1;11;;76;1533.0523725
6,016,439;1;1;1;80;76;;;;2;;;;2;;;.;2;2;;2;;1;11;;76;1096.3953608
6,016,440;1;2;1;80;76;;;;2;;;;2;;;.;2;2;;2;;1;11;;76;996.21391712
6,016,441;1;3;1;80;76;;;;2;;;;2;;;.;;;;2;;1;11;;76;2091.2734496
6,016,443;1;2;1;80;76;;;;2;;;;2;;;.;;;;2;;1;11;;76;1403.1600194
6,016,444;1;3;1;80;76;;;;2;;;;2;;;.;2;2;;2;;1;11;;76;1282.6822503
6,016,444;1;4;1;80;76;;;;2;;;;2;;;.;;;;2;;1;11;;76;1282.6822503
6,016,445;1;5;1;80;76;;;;1;3;;2;;;9;;2;2;;2;;1;11;4;76;1010.2706035
6,016,449;1;1;1;80;76;;;;1;3;;2;;;9;;2;2;;2;;1;11;4;76;774.58950718
6,016,449;1;8;1;80;76;;;;2;;;;2;;;.;;;;2;;1;11;;76;774.58950718
6,016,455;1;1;1;80;76;;;;1;4;;2;;;8;;2;2;;2;;1;11;4;76;1136.4000114
6,016,456;1;1;1;80;76;;;;1;4;;2;;;10;;3;3;;2;;1;11;4;76;1051.3244709
6,016,456;1;3;1;80;76;;;;2;;;;2;;;.;2;2;;2;;1;11;;76;1051.3244709
6,016,458;1;2;1;80;76;;;;1;4;;2;;;8;;2;2;;2;;1;11;4;76;793.13061708
6,016,458;1;5;1;80;76;;;;2;;;;2;;;.;;;;2;;1;11;;76;793.13061708
6,016,460;1;2;1;80;76;;;;2;;;;2;;;.;2;2;;2;;1;11;;76;996.21391712
6,016,466;1;1;1;80;76;;;;1;4;;2;;;4;;2;2;;2;;1;11;2;76;1204.0097223
6,016,466;1;2;1;80;76;;;;2;;;;2;;;.;2;2;;2;;1;11;;76;1204.0097223
6,016,468;1;3;1;80;76;;;;2;;;;2;;;.;2;2;;2;;1;11;;76;1282.6822503
6,016,468;1;4;1;80;76;;;;2;;;;2;;;.;;;;2;;1;11;;76;1282.6822503
6,016,474;1;2;1;80;76;;;;2;;;;2;;;.;2;2;;2;;1;11;;76;1372.1092362
6,016,474;1;4;1;80;76;;;;2;;;;2;;;.;2;2;;2;;1;11;;76;1372.1092362
6,016,474;1;5;1;80;76;;;;2;;;;2;;;.;;;;2;;1;11;;76;1372.1092362
6,016,486;1;1;1;80;76;;;;1;7;;2;;;8;;3;3;;2;;1;11;3;76;1136.4000114
6,016,490;1;2;1;80;76;2;;908,526;1;8;;1;;2;9;;1;2;;2;;1;11;2;76;1368.8435872
6,016,491;1;1;1;80;76;;;;1;3;;2;;;10;;3;3;;2;;1;11;4;76;1040.2355902
6,016,491;1;2;1;80;76;;;;2;;;;1;4;9;;2;2;;2;;1;11;;76;1040.2355902
6,016,495;1;2;1;80;76;1;40;908,526;1;8;;2;;;9;;2;2;;2;;1;11;3;76;1839.8034142
6,016,496;1;2;1;80;76;;;;2;;;;2;;;.;2;2;;2;;1;11;;76;941.79884586
6,016,499;1;3;1;80;76;;;;2;;;;2;;;.;2;2;;2;;1;11;;76;1140.7514568
6,016,499;1;4;1;80;76;;;;2;;;;2;;;.;2;2;;2;;1;11;;76;1140.7514568
6,016,500;1;2;1;80;76;;;;1;3;;2;;;9;;1;2;;2;;1;11;4;76;1051.3244709
6,016,500;1;3;1;80;76;;;;2;;;;2;;;.;2;2;;2;;1;11;;76;1051.3244709
6,016,501;1;3;1;80;76;;;;2;;;;2;;;.;3;3;;2;;1;11;;76;955.16004976
6,016,502;1;1;1;80;76;;;;1;4;;2;;;4;;3;3;;2;;1;11;4;76;843.88972542
6,016,502;1;2;1;80;76;;;;1;4;;2;;;9;;2;2;;2;;1;11;4;76;843.88972542
6,016,503;1;2;1;80;76;2;;908,526;1;3;;2;;;9;;2;2;;2;;1;11;4;76;1561.2428323
6,016,503;1;3;1;80;76;;;;2;;;;2;;;.;2;2;;2;;1;11;;76;1561.2428323
6,016,504;1;4;1;80;76;;;;2;;;;2;;;.;2;2;;2;;1;11;;76;955.16004976
6,016,505;1;1;1;80;76;;;;1;4;;2;;;8;;2;2;;2;;1;11;4;76;1040.2355902
6,016,505;1;2;1;80;76;;;;1;4;;2;;;4;;2;2;;2;;1;11;4;76;1040.2355902
6,016,506;1;1;1;80;76;2;;98;1;3;;2;;;9;;2;2;;2;;1;11;3;76;1107.8453011
6,016,506;1;3;1;80;76;;;;1;3;;2;;;9;;2;2;;2;;1;11;4;76;1107.8453011
6,016,516;1;1;1;80;76;;;;1;4;;2;;;4;;1;1;1;2;;1;11;4;76;1040.2355902
6,016,516;1;2;1;80;76;;;;1;3;;2;;;9;;1;1;2;2;;1;11;4;76;1040.2355902
6,016,519;1;2;1;80;76;;;;2;;;;2;;;.;;;;2;;1;11;;76;996.21391712
6,016,521;1;1;1;80;76;2;;1,000,000;1;7;;2;;;8;;2;2;;2;;1;11;3;76;1029.4811324
6,016,521;1;3;1;80;76;;;;2;;;;2;;;.;2;2;;2;;1;11;;76;1029.4811324
6,016,532;1;3;1;80;76;;;;1;5;;2;;;11;;3;3;;2;;1;11;4;76;1259.120276
6,016,533;1;1;1;80;76;;;;1;5;;2;;;8;;2;2;;2;;1;11;4;76;1204.0097223
6,016,534;2;2;2;80;76;1;48;908,000;1;2;;2;;;9;;2;2;;2;;1;11;2;76;1077.1587685
6,016,536;1;2;1;80;76;;;;1;3;;2;;;9;;1;2;;2;;1;11;4;76;1419.3120387
6,016,536;1;3;1;80;76;;;;2;;;;2;;;.;;;;2;;1;11;;76;1419.3120387
6,016,537;1;1;1;80;76;;;;1;5;;2;;;10;;3;3;;2;;1;11;4;76;931.57201198
6,016,537;1;2;1;80;76;;;;1;4;;2;;;4;;2;2;;2;;1;11;4;76;931.57201198
6,016,537;1;3;1;80;76;1;48;908,526;1;7;;1;;4;8;;2;2;;2;;1;11;4;76;931.57201198
6,016,538;1;1;1;80;76;2;;908,526;1;3;;2;;;9;;1;2;;2;;1;11;1.2;76;1151.5059146
6,016,540;1;2;1;80;76;;;;1;5;;2;;;10;;3;3;;2;;1;11;4;76;1040.2355902
6,016,544;1;1;1;80;76;;;;1;3;;2;;;9;;2;2;;2;;1;11;3;76;1164.0155879
6,016,545;1;1;1;80;76;;;;1;3;;2;;;9;;2;2;;2;;1;11;4;76;1040.2355902
6,016,545;1;2;1;80;76;;;;1;5;;2;;;10;;3;3;;2;;1;11;4;76;1040.2355902
6,016,546;1;1;1;80;76;;;;1;4;;2;;;4;;2;2;;2;;1;11;4;76;1204.0097223
6,016,549;1;1;1;80;76;2;;2,000,000;1;8;;2;;;5;;1;1;2;2;;1;11;2;76;1088.2476491
6,016,549;1;4;1;80;76;;;;2;;;;2;;;.;2;2;;2;;1;11;;76;1088.2476491
6,016,549;1;5;1;80;76;;;;2;;;;2;;;.;2;2;;2;;1;11;;76;1088.2476491
6,016,550;1;2;1;80;76;;;;2;;;;2;;;.;2;2;;2;;1;11;;76;1208.7254181
6,016,550;1;4;1;80;76;;;;2;;;;2;;;.;;;;2;;1;11;;76;1208.7254181
6,016,552;1;1;1;80;76;1;40;908,526;1;5;;2;;;8;;3;3;;2;;1;11;2;76;1164.0155879
6,016,552;1;2;1;80;76;;;;1;3;;2;;;9;;2;2;;2;;1;11;4;76;1164.0155879
6,016,553;1;3;1;80;76;;;;2;;;;2;;;.;;;;2;;1;11;;76;1193.2552644
6,016,554;1;2;1;80;76;;;;2;;;;2;;;.;2;2;;2;;1;11;;76;1281.9867678
6,016,555;1;1;1;80;76;;;;1;4;;2;;;4;;1;1;4;2;;1;11;4;76;1576.1615654
6,016,558;1;2;1;80;76;;;;1;3;;1;;4;5;;2;2;;2;;1;11;4;76;1051.3244709
6,016,558;1;3;1;80;76;1;24;908,526;2;;;;2;;;.;2;2;;2;;1;11;;76;1051.3244709
6,016,559;1;2;1;80;76;;;1,500,000;1;8;;1;;1;9;;1;2;;2;;1;11;2;76;1007.6638574
6,016,560;1;1;1;80;76;;;;1;4;;2;;;8;;2;2;;2;;1;11;4;76;1204.0097223
6,016,560;1;2;1;80;76;;;;1;8;;2;;;8;;2;2;;2;;1;11;3;76;1204.0097223
6,016,561;1;3;1;80;76;;;;2;;;;2;;;.;2;2;;2;;1;11;;76;1458.2705731
6,016,563;1;2;1;80;76;;;;2;;;;2;;;.;2;2;;2;;1;11;;76;1033.1370953
6,016,564;1;4;1;80;76;2;;908,526;1;8;;2;;;2;;1;2;;2;;1;11;1.4;76;622.53179481
6,016,564;1;6;1;80;76;;;;2;;;;2;;;.;;;;2;;1;11;;76;622.53179481
6,016,566;1;1;1;80;76;1;40;900,000;1;3;;2;;;8;;2;2;;2;;1;11;3;76;1275.4699815
6,016,568;1;2;1;80;76;;;;1;3;;2;;;2;;2;2;;2;;1;11;4;76;1364.201485
6,016,569;1;2;1;80;76;;;;2;;;;2;;;.;;;;2;;1;11;;76;1138.1447107
6,016,570;1;1;1;80;76;;;;1;5;;2;;;10;;3;3;;2;;1;11;3;76;1040.2355902
6,016,571;1;2;1;80;76;;;;1;3;;2;;;9;;2;2;;2;;1;11;4;76;976.97732475
6,016,571;1;3;1;80;76;;;;2;;;;2;;;.;2;2;;2;;1;11;;76;976.97732475
6,016,571;1;4;1;80;76;;;;2;;;;2;;;.;;;;2;;1;11;;76;976.97732475
6,016,572;1;1;1;80;76;;;;1;5;;2;;;10;;3;3;;2;;1;11;4;76;782.9037832
6,016,572;1;2;1;80;76;;;;1;3;;2;;;9;;2;2;;2;;1;11;4;76;782.9037832
6,016,572;1;3;1;80;76;;;;1;8;;1;;3;8;;2;2;;2;;1;11;4;76;782.9037832
6,016,573;1;2;1;80;76;;;;1;3;;2;;;8;;2;2;;2;;1;11;4;76;1040.2355902
6,016,574;1;2;1;80;76;;;;1;3;;2;;;9;;2;2;;2;;1;11;4;76;1839.8034142
6,016,575;1;2;1;80;76;1;5;500,000;2;;;;2;;;.;;;;2;;1;11;;76;1506.1322785
6,016,577;1;1;1;80;76;;;;1;5;;2;;;10;;3;3;;2;;1;11;4;76;1148.8991685
6,016,578;1;2;1;80;76;;;;2;;;;2;;;.;2;2;;2;;1;11;;76;941.79884586
6,016,579;1;1;1;80;76;;;;1;6;;2;;;8;;2;2;;2;;1;11;4;76;1148.8991685
6,016,581;1;4;1;80;76;;;;1;3;;2;;;6;;2;2;;2;;1;11;3;76;1375.6514253
6,016,582;1;2;1;80;76;;;;2;;;;2;;;.;;;;2;;1;11;;76;943.71010945
6,016,582;1;3;1;80;76;;;;2;;;;2;;;.;;;;2;;1;11;;76;943.71010945
6,016,583;1;1;1;80;76;2;;1,000,000;1;4;;2;;;4;;2;2;;2;;1;11;1.3;76;1227.5716966
6,016,583;1;2;1;80;76;;;;2;;;;2;;;.;2;2;;2;;1;11;;76;1227.5716966
6,016,583;1;3;1;80;76;;;;2;;;;2;;;.;;;;2;;1;11;;76;1227.5716966
6,016,584;1;2;1;80;76;1;8;120,000;1;7;;2;;;2;;2;2;;2;;1;11;2;76;900.04949602
6,016,584;1;3;1;80;76;;;;1;7;;2;;;11;;1;2;;2;;1;11;2;76;900.04949602
6,016,585;1;1;1;80;76;;;;1;4;;2;;;8;;2;2;;2;;1;11;4;76;1148.8991685
6,016,586;1;5;1;80;76;;;;1;5;;2;;;10;;3;3;;2;;1;11;2;76;1634.9754148
6,016,586;1;6;1;80;76;;;;1;3;;2;;;9;;2;2;;2;;1;11;4;76;1634.9754148
6,016,588;1;2;1;80;76;2;;908,526;1;3;;2;;;9;;2;2;;2;;1;11;1.1;76;1368.8435872
6,016,590;1;1;1;80;76;;;;1;3;;2;;;9;;2;2;;2;;1;11;4;76;1286.2380562
6,016,591;1;3;1;80;76;;;;2;;;;2;;;.;2;2;;2;;1;11;;76;1041.9802896
6,016,597;1;1;1;80;76;;;;1;7;;2;;;8;;3;3;;2;;1;11;4;76;988.42726505
6,016,597;1;2;1;80;76;;;;1;6;;2;;;8;;2;2;;2;;1;11;4;76;988.42726505
6,016,599;1;4;1;80;76;;;;2;;;;2;;;.;2;2;;2;;1;11;;76;1405.7667654
6,016,600;1;1;1;80;76;;;;1;7;;2;;;11;;2;2;;2;;1;11;4;76;1148.8991685
6,016,602;1;1;1;80;76;1;24;450,000;1;9;PANDEMIA;2;;;4;;2;2;;2;;1;11;2;76;1103.8282785
6,016,603;1;4;1;80;76;;;;1;4;;2;;;4;;2;2;;2;;1;11;4;76;1272.6791661
6,016,608;1;1;1;80;76;;;;1;5;;2;;;10;;3;3;;2;;1;11;2;76;1148.8991685
6,016,609;1;1;1;80;76;;;;1;5;;2;;;6;;3;3;;2;;1;11;3;76;887.55033886
6,016,610;1;2;1;80;76;;;;1;5;;2;;;9;;2;2;;2;;1;11;4;76;1259.120276
6,016,611;1;1;1;80;76;;;;1;4;;2;;;4;;1;1;1;2;;1;11;2;76;1320.5408715
6,016,612;1;3;1;80;76;;;;2;;;;2;;;.;2;2;;2;;1;11;;76;1051.3244709
6,016,613;1;1;1;80;76;;;;1;5;;2;;;11;;3;3;;2;;1;11;4;76;1095.346144
6,016,613;1;2;1;80;76;1;24;908,526;1;7;;2;;;1;;2;2;;2;;1;11;2;76;1095.346144
6,016,615;1;1;1;80;76;;;;1;5;;2;;;10;;3;3;;2;;1;11;4;76;1204.0097223
6,016,617;1;1;1;80;76;;;;1;4;;2;;;4;;2;2;;2;;1;11;3;76;1148.8991685
6,016,619;1;5;1;80;76;1;30;908,526;1;9;CAMBIO DE DOMICILIO;2;;;9;;2;2;;2;;1;11;3;76;1698.5681031
6,016,621;1;1;1;80;76;;;;1;5;;2;;;10;;3;3;;2;;1;11;4;76;1164.0155879
6,016,621;1;2;1;80;76;;;;1;5;;2;;;9;;3;3;;2;;1;11;4;76;1164.0155879
6,016,621;1;4;1;80;76;1;48;908,526;1;3;;2;;;9;;1;2;;2;;1;11;1.3;76;1164.0155879
6,016,622;1;3;1;80;76;;;;2;;;;2;;;.;2;2;;2;;1;11;;76;1282.6822503
6,016,622;1;4;1;80;76;;;;2;;;;2;;;.;2;2;;2;;1;11;;76;1282.6822503
6,016,624;1;2;1;80;76;2;;908,526;1;7;;2;;;8;;1;1;1;2;;1;11;1.3;76;1007.6638574
6,016,624;1;3;1;80;76;;;;1;9;VIAJE;2;;;8;;2;2;;2;;1;11;4;76;1007.6638574
6,016,636;1;2;1;80;76;;;;2;;;;2;;;.;2;2;;2;;1;11;;76;1261.2292258
6,016,640;1;7;1;80;76;;;;2;;;;2;;;.;;;;2;;1;11;;76;1087.8939147
6,016,640;1;8;1;80;76;;;;2;;;;2;;;.;;;;2;;1;11;;76;1087.8939147
6,016,641;1;7;1;80;76;;;;2;;;;2;;;.;2;2;;2;;1;11;;76;1069.0110567
6,016,642;1;4;1;80;76;;;;1;4;;2;;;9;;2;2;;2;;1;11;1.2;76;1508.7390246
6,016,643;1;2;1;80;76;;;;1;7;;2;;;9;;2;2;;2;;1;11;1.2;76;1839.8034142
6,016,645;1;2;1;80;76;;;;2;;;;2;;;.;2;2;;2;;1;11;;76;1193.2552644
6,016,645;1;3;1;80;76;;;;2;;;;2;;;.;2;2;;2;;1;11;;76;1193.2552644
6,016,646;1;4;1;80;76;;;;1;1;;2;;;9;;2;2;;2;;1;11;2;76;1371.4503333
6,016,647;1;2;1;80;76;1;42;908,526;2;;;;1;3;7;;2;2;;2;;1;11;;76;1308.0417144
6,016,649;1;3;1;80;76;;;;2;;;;2;;;.;;;;2;;1;11;;76;1316.3397796
6,016,650;1;3;1;80;76;;;;1;4;;2;;;4;;2;2;;2;;1;11;4;76;1220.3594278
6,016,651;1;1;1;80;76;;;;1;5;;2;;;10;;3;3;;2;;1;11;4;76;843.88972542
6,016,651;1;2;1;80;76;;;;1;3;;2;;;9;;2;2;;2;;1;11;4;76;843.88972542
6,016,651;1;3;1;80;76;;;;2;;;;2;;;.;2;2;;2;;1;11;;76;843.88972542
6,016,652;1;3;1;80;76;;;;2;;;;2;;;.;2;2;;2;;1;11;;76;1140.7514568
6,016,652;1;4;1;80;76;;;;2;;;;2;;;.;;;;2;;1;11;;76;1140.7514568
6,016,654;1;1;1;80;76;1;48;908,526;1;7;;1;;1;5;;2;2;;2;;1;11;2;76;1368.8435872
6,016,655;1;2;1;80;76;;;;2;;;;2;;;.;2;2;;2;;1;11;;76;1370.3645369
6,016,655;1;3;1;80;76;;;;2;;;;2;;;.;;;;2;;1;11;;76;1370.3645369
6,016,655;1;4;1;80;76;;;;1;9;EDAD;2;;;4;;2;2;;2;;1;11;4;76;1370.3645369
6,016,656;1;1;1;80;76;;;;1;6;;2;;;11;;2;2;;2;;1;11;4;76;1361.4106695
6,016,656;1;2;1;80;76;;;;2;;;;2;;;.;2;2;;2;;1;11;;76;1361.4106695
6,016,658;1;4;1;80;76;;;;2;;;;2;;;.;;;;2;;1;11;;76;1405.7667654
6,016,660;1;1;1;80;76;1;48;800,000;1;4;;2;;;12;LA DISCRIMINAN POR QUEMADURAS FACIALES;2;2;;2;;1;11;4;76;1138.1447107
6,016,660;1;2;1;80;76;;;;2;;;;2;;;.;2;2;;2;;1;11;;76;1138.1447107
6,016,661;1;1;1;80;76;;;;1;3;;2;;;9;;2;2;;2;;1;11;4;76;1111.5117802
6,016,661;1;2;1;80;76;;;;1;4;;2;;;4;;2;2;;2;;1;11;4;76;1111.5117802
6,016,661;1;4;1;80;76;;;;2;;;;2;;;.;2;2;;2;;1;11;;76;1111.5117802
6,016,661;1;6;1;80;76;;;;1;4;;2;;;8;;2;2;;2;;1;11;4;76;1111.5117802
6,016,662;1;2;1;80;76;2;;908,526;1;8;;2;;;2;;2;2;;2;;1;11;3;76;1227.5716966
6,016,662;1;3;1;80;76;;;;1;8;;2;;;2;;2;2;;2;;1;11;3;76;1227.5716966
6,016,664;1;1;1;80;76;;;;1;5;;2;;;10;;3;3;;2;;1;11;4;76;1007.6638574
6,016,669;1;2;1;80;76;;;;1;3;;2;;;9;;2;2;;2;;1;11;4;76;1316.3397796
6,016,669;1;3;1;80;76;;;;2;;;;2;;;.;2;2;;2;;1;11;;76;1316.3397796
6,016,670;1;1;1;80;76;;;;1;7;;1;;1;1;;2;2;;2;;1;11;2;76;1458.2705731
6,016,670;1;3;1;80;76;;;;2;;;;2;;;.;;;;2;;1;11;;76;1458.2705731
6,016,679;1;2;1;80;76;;;;2;;;;2;;;.;2;2;;2;;1;11;;76;1204.0097223
6,016,680;1;2;1;80;76;;;;1;9;CAMBIO DE CIUDAD;1;;2;4;;1;2;;2;;1;11;3;76;1471.8158464
6,016,681;1;2;1;80;76;;;;1;3;;2;;;9;;2;2;;2;;1;11;4;76;1633.8588959
6,016,686;1;4;1;80;76;;;;2;;;;2;;;.;2;2;;2;;1;11;;76;1140.7514568
6,016,691;1;2;1;80;76;;;;1;8;;2;;;8;;2;2;;2;;1;11;4;76;1040.2355902
6,016,694;1;1;1;80;76;;;;1;5;;2;;;10;;3;3;;2;;1;11;4;76;1148.8991685
6,016,695;1;3;1;80;76;;;;2;;;;2;;;.;;;;2;;1;11;;76;1264.4948748
6,016,696;1;2;1;80;76;1;40;908,526;2;;;;2;;;.;2;2;;2;;1;11;;76;943.71010945
6,016,696;1;3;1;80;76;;;;2;;;;2;;;.;;;;2;;1;11;;76;943.71010945
6,016,701;1;1;1;80;76;;;;1;7;;2;;;8;;3;3;;2;;1;11;2;76;1150.4566977
6,016,701;1;2;1;80;76;;;;1;3;;2;;;9;;2;2;;2;;1;11;4;76;1150.4566977
6,016,702;1;1;1;80;76;;;;1;5;;2;;;10;;3;3;;2;;1;11;4;76;1040.2355902
6,016,702;1;2;1;80;76;;;;2;;;;1;4;9;;2;2;;2;;1;11;;76;1040.2355902
6,016,705;1;1;1;80;76;;;;2;;;;2;;;.;2;2;;2;;1;11;;76;1148.8991685
6,016,706;1;3;1;80;76;;;;2;;;;2;;;.;2;2;;2;;1;11;;76;1193.2552644
6,016,707;1;2;1;80;76;;;;1;6;;2;;;11;;3;3;;2;;1;11;4;76;1040.2355902
6,016,715;1;1;1;80;76;1;36;1,000,000;1;4;;1;;4;8;;1;2;;2;;1;11;4;76;1136.4000114
6,016,719;1;2;1;80;76;;;;1;4;;2;;;8;;2;2;;2;;1;11;4;76;899.00027916
6,016,719;1;3;1;80;76;;;;1;4;;2;;;4;;2;2;;2;;1;11;3;76;899.00027916
6,016,720;1;2;1;80;76;;;;1;3;;2;;;9;;2;2;;2;;1;11;4;76;1650.6698181
6,016,720;1;3;1;80;76;;;;2;;;;2;;;.;2;2;;2;;1;11;;76;1650.6698181
6,016,720;1;4;1;80;76;;;;2;;;;2;;;.;;;;2;;1;11;;76;1650.6698181
6,016,721;1;2;1;80;76;;;;2;;;;2;;;.;;;;2;;1;11;;76;854.97860604
6,016,722;1;1;1;80;76;;;;1;3;;2;;;9;;2;2;;2;;1;11;4;76;1588.8584088
6,016,722;1;5;1;80;76;;;;1;3;;2;;;9;;2;2;;2;;1;11;2;76;1588.8584088
6,016,723;1;3;1;80;76;;;;2;;;;2;;;.;2;2;;2;;1;11;;76;1316.3397796
6,016,725;1;1;1;80;76;;;;1;4;;2;;;4;;1;1;1;2;;1;11;2;76;998.82066319
6,016,725;1;2;1;80;76;2;;908,526;1;3;;2;;;9;;2;2;;2;;1;11;2;76;998.82066319
6,016,725;1;3;1;80;76;;;;2;;;;2;;;.;2;2;;2;;1;11;;76;998.82066319
6,016,725;1;4;1;80;76;;;;2;;;;2;;;.;;;;2;;1;11;;76;998.82066319
6,016,726;1;1;1;80;76;;;;1;5;;2;;;10;;3;3;;2;;1;11;4;76;1040.2355902
6,016,726;1;2;1;80;76;;;;1;3;;2;;;9;;2;2;;2;;1;11;4;76;1040.2355902
6,016,727;1;1;1;80;76;;;;1;5;;2;;;10;;3;3;;2;;1;11;4;76;1129.6625761
6,016,727;1;2;1;80;76;;;;2;;;;2;;;.;2;2;;2;;1;11;;76;1129.6625761
6,016,727;1;3;1;80;76;;;;2;;;;2;;;.;;;;2;;1;11;;76;1129.6625761
6,016,729;1;1;1;80;76;;;;1;5;;2;;;10;;3;3;;2;;1;11;4;76;1040.2355902
6,016,729;1;2;1;80;76;;;;1;3;;2;;;9;;2;2;;2;;1;11;4;76;1040.2355902
6,016,730;1;1;1;80;76;;;;1;1;;2;;;9;;2;2;;2;;1;11;1.4;76;968.71893988
6,016,732;1;3;1;80;76;;;;2;;;;2;;;.;;;;2;;1;11;;76;1227.5716966
6,016,733;1;1;1;80;76;;;;1;3;;2;;;9;;2;2;;2;;1;11;4;76;1095.346144
6,016,733;1;3;1;80;76;;;;1;5;;2;;;10;;3;3;;2;;1;11;4;76;1095.346144
6,016,737;1;2;1;80;76;;;;1;3;;2;;;9;;2;2;;2;;1;11;4;76;1204.0097223
6,016,739;1;1;1;80;76;;;;1;5;;2;;;10;;3;3;;2;;1;11;2;76;944.07116914
6,016,739;1;2;1;80;76;;;;1;5;;2;;;10;;3;3;;2;;1;11;2;76;944.07116914
6,016,739;1;3;1;80;76;;;;1;3;;2;;;9;;2;2;;2;;1;11;4;76;944.07116914
6,016,740;1;1;1;80;76;;;;1;5;;2;;;10;;3;3;;2;;1;11;4;76;803.88507491
6,016,740;1;2;1;80;76;;;;1;5;;2;;;10;;3;3;;2;;1;11;4;76;803.88507491
6,016,740;1;4;1;80;76;;;;2;;;;2;;;.;;;;2;;1;11;;76;803.88507491
6,016,741;1;1;1;80;76;;;;1;5;;2;;;10;;3;3;;2;;1;11;3;76;1040.2355902
6,016,742;1;2;1;80;76;;;;2;;;;2;;;.;2;2;;2;;1;11;;76;843.88972542
6,016,743;1;3;1;80;76;2;;1,800,000;1;2;;2;;;2;;2;2;;2;;1;11;2;76;887.55033886
6,016,744;1;3;1;80;76;;;;2;;;;2;;;.;2;2;;2;;1;11;;76;1260.180009
6,016,751;1;3;1;80;76;;;;2;;;;2;;;.;;;;2;;1;11;;76;1118.9081183
6,016,751;1;4;1;80;76;;;;1;4;;2;;;8;;2;2;;2;;1;11;4;76;1118.9081183
6,016,753;1;1;1;80;76;;;;1;4;;2;;;8;;2;2;;2;;1;11;4;76;1148.8991685
6,016,756;1;4;1;80;76;;;;2;;;;2;;;.;2;2;;2;;1;11;;76;893.81304785
6,016,756;1;5;1;80;76;;;;2;;;;2;;;.;;;;2;;1;11;;76;893.81304785
6,016,756;1;6;1;80;76;;;;2;;;;2;;;.;;;;2;;1;11;;76;893.81304785
6,016,757;1;1;1;80;76;;;;1;5;;2;;;10;;3;3;;2;;1;11;4;76;1040.2355902
6,016,757;1;2;1;80;76;;;;1;3;;2;;;9;;2;2;;2;;1;11;4;76;1040.2355902
6,016,759;1;2;1;80;76;;;;1;4;;2;;;10;;3;3;;2;;1;11;4;76;722.72699
6,016,760;1;1;1;80;76;;;;1;5;;2;;;10;;3;3;;2;;1;11;4;76;622.53179481
6,016,760;1;2;1;80;76;;;;2;;;;2;;;.;2;2;;2;;1;11;;76;622.53179481
6,016,760;1;3;1;80;76;;;;1;9;CUIDAR A LOS PADRES;2;;;10;;3;3;;2;;1;11;2;76;622.53179481
6,016,760;1;4;1;80;76;1;40;980,000;1;3;;2;;;4;;1;1;2;2;;1;11;1.2;76;622.53179481
6,016,760;1;5;1;80;76;;;;1;1;;2;;;2;;2;2;;2;;1;11;3;76;622.53179481
6,016,762;1;2;1;80;76;;;;1;4;;2;;;9;;2;2;;2;;1;11;1.4;76;1155.1723936
6,016,762;1;4;1;80;76;;;;2;;;;2;;;.;2;2;;2;;1;11;;76;1155.1723936
6,016,762;1;6;1;80;76;;;;1;4;;2;;;4;;2;2;;2;;1;11;4;76;1155.1723936
6,016,763;1;2;1;80;76;2;;908,526;1;7;;2;;;9;;2;2;;1;60,000;1;11;2;76;887.55033886
6,016,763;1;3;1;80;76;;;;2;;;;2;;;.;;;;2;;1;11;;76;887.55033886
6,016,764;1;1;1;80;76;;;;1;3;;2;;;9;;2;2;;2;;1;11;4;76;1519.4934824
6,016,764;2;2;2;80;76;2;;908,526;1;3;;1;;2;9;;2;2;;2;;1;11;2;76;1519.4934824
6,016,766;1;1;1;80;76;;;;1;9;ASIGNACION DE RETIRO;2;;;12;ASIGNACION DE RETIRO;2;2;;2;;1;11;4;76;622.53179481
6,016,766;1;2;1;80;76;;;;2;;;;2;;;.;2;2;;2;;1;11;;76;622.53179481
6,016,766;1;5;1;80;76;2;;908,560;2;;;;1;2;2;;2;2;;2;;1;11;;76;622.53179481
6,016,766;1;6;1;80;76;;;;1;5;;2;;;10;;3;3;;2;;1;11;4;76;622.53179481
6,016,768;1;2;1;80;76;;;;2;;;;2;;;.;2;2;;2;;1;11;;76;899.00027916
6,016,768;1;3;1;80;76;;;;2;;;;2;;;.;2;2;;2;;1;11;;76;899.00027916
6,016,769;1;6;1;80;76;;;;2;;;;2;;;.;;;;2;;1;11;;76;1188.6633586
6,016,771;1;3;1;80;76;;;;2;;;;2;;;.;2;2;;2;;1;11;;76;1230.1784426
6,016,771;1;4;1;80;76;;;;2;;;;2;;;.;;;;2;;1;11;;76;1230.1784426
6,016,771;1;5;1;80;76;;;;2;;;;2;;;.;;;;2;;1;11;;76;1230.1784426
6,016,772;1;1;1;80;76;;;;1;3;;1;;1;8;;2;2;;1;200,000;1;11;1.3;76;852.37185997
6,016,774;1;1;1;80;76;;;;1;3;;2;;;9;;2;2;;2;;1;11;4;76;622.53179481
6,016,774;1;2;1;80;76;;;;2;;;;2;;;.;2;2;;2;;1;11;;76;622.53179481
6,016,774;1;4;1;80;76;;;;1;7;;2;;;4;;1;1;2;2;;1;11;4;76;622.53179481
6,016,774;1;6;1;80;76;;;;2;;;;2;;;.;;;;2;;1;11;;76;622.53179481
6,016,779;1;1;1;80;76;;;;1;5;;2;;;10;;3;3;;2;;1;11;4;76;1806.3260661
6,016,780;1;2;1;80;76;;;;1;3;;2;;;9;;2;2;;2;;1;11;4;76;1193.2552644
6,016,780;1;3;1;80;76;;;;2;;;;2;;;.;2;2;;2;;1;11;;76;1193.2552644
6,016,782;1;1;1;80;76;;;;1;5;;2;;;10;;3;3;;2;;1;11;4;76;1469.0250309
6,016,784;1;3;1;80;76;;;;2;;;;2;;;.;2;2;;2;;1;11;;76;1316.3397796
6,016,785;1;2;1;80;76;;;;2;;;;2;;;.;;;;2;;1;11;;76;996.21391712
6,016,786;1;2;1;80;76;;;;1;6;;2;;;5;;1;1;1;2;;1;11;1.2;76;1140.7514568
6,016,786;1;3;1;80;76;2;;400,000;1;2;;2;;;4;;2;2;;2;;1;11;1.2;76;1140.7514568
6,016,786;1;4;1;80;76;;;;2;;;;2;;;.;;;;2;;1;11;;76;1140.7514568
6,016,787;1;4;1;80;76;;;;2;;;;2;;;.;2;2;;2;;1;11;;76;1175.0678889
6,016,789;1;1;1;80;76;;;;2;;;;2;;;.;2;2;;2;;1;11;;76;1040.2355902
6,016,789;1;2;1;80;76;;;;1;1;;2;;;4;;3;3;;2;;1;11;4;76;1040.2355902
6,016,792;1;4;1;80;76;;;;1;4;;2;;;4;;2;2;;2;;1;11;4;76;1397.4687002
6,016,793;1;1;1;80;76;;;;1;5;;2;;;10;;3;3;;2;;1;11;4;76;1095.346144
6,016,793;1;2;1;80;76;;;;2;;;;2;;;.;2;2;;2;;1;11;;76;1095.346144
6,016,798;1;1;1;80;76;;;;1;5;;2;;;10;;3;3;;2;;1;11;4;76;1322.0984007
6,016,798;1;2;1;80;76;1;40;1,500,000;1;3;;2;;;9;;2;2;;2;;1;11;4;76;1322.0984007
6,016,798;1;3;1;80;76;2;;908,526;1;4;;2;;;4;;1;2;;2;;1;11;1.2;76;1322.0984007
6,016,799;1;2;1;80;76;;;;2;;;;2;;;.;2;2;;2;;1;11;;76;1668.1753281
6,016,800;1;6;1;80;76;2;;908,526;1;2;;2;;;2;;2;2;;2;;1;11;3;76;1632.4824426
6,016,801;1;1;1;80;76;2;;500,000;1;4;;2;;;4;;2;2;;2;;1;11;1.2;76;843.88972542
6,016,807;1;3;1;80;76;;;;2;;;;2;;;.;2;2;;2;;1;11;;76;1316.3397796
6,016,808;1;2;1;80;76;1;48;2,000,000;1;3;;1;;4;6;;1;2;;2;;1;11;4;76;887.55033886
6,016,810;1;1;1;80;76;2;;908,526;1;9;CAMBIO DE CIUDAD;1;;1;9;;1;2;;2;;1;11;4;76;1313.7330335
6,016,811;1;2;1;80;76;2;;800,000;1;3;;2;;;9;;2;2;;2;;1;11;1.1;76;1066.4043106
6,016,814;1;1;1;80;76;1;48;908,526;1;7;;2;;;1;;2;2;;2;;1;11;1.4;76;1040.2355902
6,016,814;1;2;1;80;76;;;;1;7;;1;;4;5;;2;2;;2;;1;11;4;76;1040.2355902
6,016,816;1;1;1;80;76;;;;1;3;;2;;;9;;2;2;;2;;1;11;4;76;1103.8282785
6,016,818;1;1;1;80;76;;;;1;5;;2;;;10;;3;3;;2;;1;11;4;76;1211.8772932
6,016,818;1;2;1;80;76;;;;1;3;;2;;;9;;2;2;;2;;1;11;4;76;1211.8772932
6,016,820;1;1;1;80;76;;;;1;6;;2;;;11;;1;2;;2;;1;11;4;76;1148.8991685
6,016,823;1;2;1;80;76;2;;908,526;1;1;;1;;2;4;;1;2;;2;;1;11;2;76;798.81883545
6,016,825;1;2;1;80;76;;;908,526;1;7;;2;;;1;;2;2;;2;;1;11;1.4;76;1458.2705731
6,016,826;2;2;2;80;76;2;;908,000;1;9;TRASLADO DE CIUDAD;1;;2;4;;2;2;;2;;1;11;4;76;1195.8620105
6,016,826;2;3;2;80;76;;;;2;;;;2;;;.;;;;2;;1;11;;76;1195.8620105
6,016,832;1;5;1;80;76;;;;1;1;;2;;;9;;2;2;;2;;1;11;2;76;1732.8845353
6,016,835;1;1;1;80;76;1;15;800,000;1;4;;2;;;4;;2;2;;2;;1;11;2;76;1148.8991685
6,016,836;1;1;1;80;76;2;;1,100,000;1;7;;1;;1;9;;1;2;;2;;1;11;2;76;1537.6944748
6,016,837;1;2;1;80;76;;;;1;3;;2;;;2;;2;2;;2;;1;11;3;76;1316.3397796
6,016,837;1;3;1;80;76;;;;2;;;;2;;;.;;;;2;;1;11;;76;1316.3397796
6,016,838;1;2;1;80;76;;;;1;4;;2;;;4;;2;2;;2;;1;11;4;76;1238.3261544
6,016,839;1;1;1;80;76;;;;1;4;;2;;;8;;2;2;;2;;1;11;4;76;1029.4811324
6,016,839;1;3;1;80;76;;;;1;2;;2;;;2;;2;2;;2;;1;11;2;76;1029.4811324
6,016,840;1;2;1;80;76;2;;500,000;2;;;;1;2;2;;2;2;;2;;1;11;;76;1225.8269972
6,016,841;1;1;1;80;76;;;;1;5;;2;;;10;;3;3;;2;;1;11;4;76;1204.0097223
6,016,842;1;3;1;80;76;;;;2;;;;2;;;.;2;2;;2;;1;11;;76;1561.2428323
6,016,843;1;4;1;80;76;;;;1;5;;2;;;10;;3;3;;2;;1;11;4;76;1314.2308297
6,016,844;1;3;1;80;76;;;;2;;;;2;;;.;2;2;;2;;1;11;;76;1129.6625761
6,016,845;1;3;1;80;76;;;;1;8;;2;;;2;;2;2;;1;100,000;1;11;1.2;76;1293.4367081
6,016,846;1;4;1;80;76;;;;2;;;;2;;;.;2;2;;2;;1;11;;76;1362.106152
6,016,849;1;1;1;80;76;1;48;908,526;2;;;;1;3;9;;2;2;;2;;1;11;;76;1543.0554567
6,016,849;1;2;1;80;76;1;40;908,526;2;;;;2;;;.;2;2;;2;;1;11;;76;1543.0554567
6,016,849;1;4;1;80;76;;;;2;;;;2;;;.;2;2;;2;;1;11;;76;1543.0554567
6,016,849;1;5;1;80;76;;;;2;;;;2;;;.;;;;2;;1;11;;76;1543.0554567
6,016,854;1;2;1;80;76;;;;2;;;;2;;;.;2;2;;2;;1;11;;76;1198.33202
6,016,854;1;4;1;80;76;;;;1;6;;2;;;8;;3;3;;2;;1;11;4;76;1198.33202
6,016,854;1;5;1;80;76;;;;1;3;;2;;;9;;2;2;;2;;1;11;4;76;1198.33202
6,016,856;1;1;1;80;76;;;;1;8;;2;;;4;;2;2;;2;;1;11;4;76;1148.8991685
6,016,857;1;1;1;80;76;1;35;908,526;1;3;;2;;;9;;2;2;;2;;1;11;4;76;1368.8435872
6,016,860;1;3;1;80;76;;;;2;;;;2;;;.;;;;2;;1;11;;76;1193.2552644
6,016,861;1;2;1;80;76;2;;280,000;1;7;;2;;;12;EVITA SALIR TIENE MIEDO AL CONTAGIO DE COVID 19;2;2;;2;;1;11;2;76;987.73178257
6,016,861;1;3;1;80;76;1;28;98;1;7;;2;;;2;;2;2;;2;;1;11;2;76;987.73178257
6,016,866;1;2;1;80;76;1;48;908,526;1;7;;2;;;7;;2;2;;2;;1;11;2;76;1193.2552644
6,016,866;1;3;1;80;76;;;;2;;;;2;;;.;2;2;;2;;1;11;;76;1193.2552644
6,016,871;1;2;1;80;76;;;;1;4;;2;;;4;;2;2;;2;;1;11;4;76;1040.2355902
6,016,872;1;2;1;80;76;;;;2;;;;2;;;.;;;;2;;1;11;;76;1000.2309397
6,016,872;1;3;1;80;76;;;;2;;;;2;;;.;2;2;;2;;1;11;;76;1000.2309397
6,016,873;1;2;1;80;76;;;;2;;;;2;;;.;;;;2;;1;11;;76;996.21391712
6,016,877;1;2;1;80;76;;;;2;;;;2;;;.;;;;2;;1;11;;76;1506.1322785
6,016,879;1;2;1;80;76;;;;2;;;;2;;;.;2;2;;2;;1;11;;76;1193.2552644
6,016,879;1;3;1;80;76;;;;2;;;;2;;;.;2;2;;2;;1;11;;76;1193.2552644
6,016,881;2;3;2;80;76;;;;2;;;;2;;;.;;;;2;;1;11;;76;955.16004976
6,016,882;1;1;1;80;76;;;;1;9;EL ESPOSO NO LE PERMITIA TRABAJAR;2;;;9;;2;2;;2;;1;11;4;76;1148.8991685
6,016,884;1;3;1;80;76;;;;2;;;;2;;;.;;;;2;;1;11;;76;1051.3244709
6,016,885;1;1;1;80;76;;;;1;5;;2;;;10;;3;3;;2;;1;11;4;76;1040.2355902
6,016,886;1;2;1;80;76;;;;1;3;;2;;;9;;2;2;;2;;1;11;4;76;1842.4237771
6,016,886;1;4;1;80;76;;;;2;;;;2;;;.;;;;2;;1;11;;76;1842.4237771
6,016,887;1;1;1;80;76;;;;2;;;;2;;;.;2;2;;2;;1;11;;76;956.5703263
6,016,887;1;2;1;80;76;;;;1;8;;2;;;8;;2;2;;2;;1;11;4;76;956.5703263
6,016,887;1;3;1;80;76;;;;1;3;;2;;;8;;2;2;;2;;1;11;4;76;956.5703263
6,016,890;1;3;1;80;76;;;;2;;;;2;;;.;2;2;;2;;1;11;;76;1122.5640812
6,016,890;1;5;1;80;76;;;;1;9;EMBARAZO;2;;;12;EMBARAZO;;;;2;;1;11;1.2;76;1122.5640812
6,016,891;1;2;1;80;76;;;;2;;;;2;;;.;2;2;;2;;1;11;;76;856.38888258
6,016,893;1;1;1;80;76;;;;1;5;;2;;;10;;3;3;;2;;1;11;4;76;1150.4566977
6,016,893;1;2;1;80;76;;;;2;;;;2;;;.;2;2;;2;;1;11;;76;1150.4566977
6,016,893;1;3;1;80;76;;;;2;;;;2;;;.;2;2;;2;;1;11;;76;1150.4566977
6,016,897;1;2;1;80;76;;;;2;;;;2;;;.;;;;2;;1;11;;76;996.21391712
6,016,898;1;2;1;80;76;;;;1;6;;2;;;11;;2;2;;2;;1;11;4;76;940.05414653
6,016,899;1;2;1;80;76;;;;2;;;;2;;;.;;;;2;;1;11;;76;996.21391712
6,016,900;1;1;1;80;76;;;;1;4;;2;;;4;;2;2;;2;;1;11;3;76;1136.4000114
6,016,903;1;3;1;80;76;;;;2;;;;2;;;.;;;;2;;1;11;;76;1151.5059146
6,016,904;1;3;1;80;76;;;;2;;;;2;;;.;;;;2;;1;11;;76;1419.3120387
6,016,909;1;1;1;80;76;;;;1;5;;2;;;8;;3;3;;2;;1;11;4;76;1040.2355902
6,016,909;1;2;1;80;76;;;;1;7;;2;;;9;;2;2;;2;;1;11;4;76;1040.2355902
6,016,914;1;1;1;80;76;;;;1;4;;2;;;4;;2;2;;2;;1;11;4;76;944.07116914
6,016,914;1;2;1;80;76;;;;2;;;;2;;;.;2;2;;2;;1;11;;76;944.07116914
6,016,914;1;3;1;80;76;;;;1;3;;2;;;9;;3;3;;2;;1;11;4;76;944.07116914
6,016,915;1;1;1;80;76;;;;1;3;;2;;;8;;2;2;;2;;1;11;4;76;952.55330369
6,016,916;1;2;1;80;76;;;;1;4;;2;;;4;;3;3;;2;;1;11;4;76;622.53179481
6,016,926;1;1;1;80;76;2;;908,526;1;3;;2;;;9;;2;2;;2;;1;11;4;76;1151.5059146
6,016,926;1;3;1;80;76;;;;2;;;;2;;;.;2;2;;2;;1;11;;76;1151.5059146
6,016,929;1;2;1;80;76;1;20;450,000;2;;;;1;4;5;;2;2;;2;;1;11;;76;1040.2355902
6,016,932;1;2;1;80;76;1;35;700,000;1;9;CAMBIO DE DOMICILIO;2;;;9;;2;2;;2;;1;11;4;76;1051.3244709
6,016,932;1;3;1;80;76;;;600,000;2;;;;1;1;2;;2;2;;2;;1;11;;76;1051.3244709
6,016,933;1;1;1;80;76;;;;1;9;DEBIDO A LA DELINCUENCIA COMUN LOS CONSTANTES  ENFRENTAMIENTOS ENTRE PANDILLAS Y BALACERAS SE VIO OBLIGADA A CERRAR;2;;;12;FALTA DE RECURSOS PARA INSTALAR NEGOCIO;2;2;;1;150,000;1;11;1.1;76;1275.4699815
6,016,933;1;3;1;80;76;;;1,500,000;1;9;ERA EMPLEADA DOMESTICA HOGAR QUE LA CONTRATABA SE FUE A VIVIR A OTRO PAIS;1;;1;12;TRABAJABA EN CHILE SE VINO A COLOMBIA A VISITAR A SU HIJA POR NUEVE MESES YA CONSIGUIO EMPLEO EN ESE PAIS EN ENERO EMPIEZA A LABORAR (HOGAR PARA EL QUE TRABAJABA EN ENERO REGRESA DE NUEVO A VIVIR EN CHILE);2;2;;2;;1;11;1.4;76;1275.4699815
6,016,937;1;1;1;80;76;;;;2;;;;1;4;9;;2;2;;2;;1;11;;76;1148.8991685
6,016,941;1;3;1;80;76;;;;2;;;;2;;;.;2;2;;2;;1;11;;76;1465.0784111
6,016,941;1;5;1;80;76;;;;1;3;;2;;;9;;2;2;;2;;1;11;3;76;1465.0784111
6,016,944;1;4;1;80;76;2;;908,526;2;;;;2;;;.;2;2;;2;;1;11;;76;1042.8423363
6,016,949;1;1;1;80;76;;;;1;4;;2;;;8;;2;2;;2;;1;11;4;76;1052.7347474
6,016,949;1;2;1;80;76;1;16;320,000;1;7;;2;;;9;;1;2;;2;;1;11;2;76;1052.7347474
6,016,951;1;2;1;80;76;;;;2;;;;2;;;.;2;2;;2;;1;11;;76;996.21391712
6,016,953;1;2;1;80;76;;;;1;4;;2;;;4;;2;2;;2;;1;11;3;76;1029.4811324
6,016,957;1;1;1;80;76;2;;908,000;1;1;;2;;;9;;2;2;;2;;1;11;4;76;1007.6638574
6,016,957;1;3;1;80;76;;;;2;;;;2;;;.;2;2;;2;;1;11;;76;1007.6638574
6,016,959;1;1;1;80;76;;;;1;4;;2;;;8;;2;2;;2;;1;11;4;76;1040.2355902
6,016,959;1;2;1;80;76;;;;1;4;;2;;;8;;2;2;;2;;1;11;4;76;1040.2355902
6,016,965;1;2;1;80;76;2;;1,200,000;1;3;;2;;;9;;2;2;;2;;1;11;4;76;1204.0097223
6,016,967;1;1;1;80;76;;;;1;7;;2;;;4;;2;2;;2;;1;11;4;76;900.04949602
6,016,967;1;3;1;80;76;;;;2;;;;2;;;.;;;;2;;1;11;;76;900.04949602
6,016,969;1;1;1;80;76;;;;1;7;;2;;;8;;2;2;;2;;1;11;4;76;1052.7347474
6,016,971;1;4;1;80;76;;;;2;;;;2;;;.;;;;2;;1;11;;76;1366.808231
6,016,972;1;2;1;80;76;;;;1;3;;2;;;9;;2;2;;2;;1;11;4;76;1419.3120387
6,016,972;1;3;1;80;76;;;;2;;;;2;;;.;2;2;;2;;1;11;;76;1419.3120387
6,016,973;1;2;1;80;76;;;;1;3;;2;;;9;;1;2;;2;;1;11;4;76;987.73178257
6,016,973;1;3;1;80;76;;;;2;;;;2;;;.;2;2;;2;;1;11;;76;987.73178257
6,016,975;1;2;1;80;76;;;;2;;;;2;;;.;;;;2;;1;11;;76;996.21391712
6,016,978;1;2;1;80;76;;;;2;;;;2;;;.;2;2;;2;;1;11;;76;935.92345738
6,016,978;1;3;1;80;76;;;;2;;;;2;;;.;;;;2;;1;11;;76;935.92345738
6,016,978;2;1;2;80;76;;;;1;3;;2;;;4;;2;2;;2;;1;11;4;76;935.92345738
6,016,978;2;2;2;80;76;;;;1;4;;2;;;4;;2;2;;2;;1;11;4;76;935.92345738
6,016,979;1;3;1;80;76;;;;2;;;;2;;;.;2;2;;2;;1;11;;76;1316.3397796
6,016,983;1;1;1;80;76;;;;1;4;;2;;;4;;2;2;;2;;1;11;3;76;952.55330369
6,016,986;1;1;1;80;76;;;;1;3;;2;;;8;;2;2;;2;;1;11;4;76;1593.3764184
6,016,986;1;3;1;80;76;;;;1;4;;2;;;4;;2;2;;2;;1;11;4;76;1593.3764184
6,016,986;2;2;2;80;76;1;48;908,526;1;3;;2;;;9;;2;2;;2;;1;11;4;76;1593.3764184
6,016,986;2;4;2;80;76;;;;2;;;;2;;;.;2;2;;2;;1;11;;76;1593.3764184
6,016,990;1;2;1;80;76;2;;908,526;1;7;;2;;;9;;2;2;;2;;1;11;4;76;931.57201198
6,016,990;1;3;1;80;76;;;;1;6;;2;;;4;;2;2;;2;;1;11;4;76;931.57201198
6,016,996;1;4;1;80;76;;;;1;9;POR LA EDAD;2;;;8;;2;2;;2;;1;11;4;76;955.16004976
6,016,999;1;1;1;80;76;;;;1;4;;2;;;4;;2;2;;2;;1;11;4;76;1534.7939711
6,016,999;1;3;1;80;76;;;;1;3;;2;;;9;;2;2;;2;;1;11;4;76;1534.7939711
6,017,000;1;3;1;80;76;;;;2;;;;2;;;.;2;2;;2;;1;11;;76;1316.3397796
6,017,001;1;1;1;80;76;;;;1;3;;2;;;9;;2;2;;2;;1;11;4;76;2303.7849506
6,017,001;1;3;1;80;76;;;;2;;;;2;;;.;2;2;;2;;1;11;;76;2303.7849506
6,017,001;1;4;1;80;76;;;;2;;;;2;;;.;;;;2;;1;11;;76;2303.7849506
6,017,003;1;2;1;80;76;;;;2;;;;2;;;.;2;2;;2;;1;11;;76;1085.640903
6,017,003;1;3;1;80;76;;;;2;;;;2;;;.;2;2;;2;;1;11;;76;1085.640903
6,017,007;1;3;1;80;76;;;;2;;;;2;;;.;2;2;;2;;1;11;;76;998.82066319
6,017,007;1;4;1;80;76;;;;2;;;;2;;;.;;;;2;;1;11;;76;998.82066319
6,018,480;1;2;1;80;05;;;;1;3;;2;;;9;;2;2;;2;;1;11;3;05;1578.2122786
6,018,480;1;4;1;80;05;;;;2;;;;2;;;.;2;2;;2;;1;11;;05;1578.2122786
6,018,481;1;1;1;80;05;;;;1;7;;2;;;8;;2;2;;2;;1;11;2;05;1366.670853
6,018,481;1;2;1;80;05;;;;1;7;;2;;;8;;2;2;;2;;1;11;2;05;1366.670853
6,018,482;1;1;1;80;05;;;;1;6;;2;;;11;;2;2;;2;;1;11;4;05;1089.3620057
6,018,486;1;1;1;80;05;;;;1;4;;2;;;4;;2;2;;2;;1;11;3;05;1486.0864
6,018,487;1;3;1;80;05;;;;2;;;;2;;;.;;;;2;;1;11;;05;1063.8982767
6,018,487;1;6;1;80;05;;;;2;;;;2;;;.;2;2;;2;;1;11;;05;1063.8982767
6,018,488;1;2;1;80;05;1;30;1,200,000;1;1;;1;;1;9;;2;2;;2;;1;11;1.3;05;1130.0475499
6,018,488;1;4;1;80;05;;;;1;1;;2;;;9;;2;2;;2;;1;11;3;05;1130.0475499
6,018,489;1;4;1;80;05;;;;1;4;;2;;;4;;2;2;;2;;1;11;2;05;1434.0258627
6,018,489;1;5;1;80;05;;;;2;;;;2;;;.;;;;2;;1;11;;05;1434.0258627
6,018,490;1;5;1;80;05;;;;2;;;;2;;;.;;;;2;;1;11;;05;981.73055543
6,018,491;1;2;1;80;05;;;;1;9;CAMBIO DE MUNICIPIO DE RESIDENCIA;2;;;9;;2;2;;2;;1;11;4;05;1138.3350993
6,018,491;1;3;1;80;05;;;;2;;;;2;;;.;;;;2;;1;11;;05;1138.3350993
6,018,492;1;1;1;80;05;2;;908,526;1;3;;2;;;9;;2;2;;2;;1;11;1.2;05;1081.5584497
6,018,492;1;3;1;80;05;1;8;200,000;2;;;;2;;;.;2;2;;2;;1;11;;05;1081.5584497
6,018,496;1;3;1;80;05;;;;2;;;;2;;;.;2;2;;2;;1;11;;05;1072.7311392
6,018,496;1;4;1;80;05;;;;2;;;;2;;;.;2;2;;2;;1;11;;05;1072.7311392
6,018,498;1;1;1;80;05;;;;1;5;;2;;;4;;3;3;;2;;1;11;4;05;1064.0400382
6,018,498;1;2;1;80;05;;;;1;4;;2;;;4;;2;2;;2;;1;11;4;05;1064.0400382
6,018,500;1;1;1;80;05;;;;1;7;;2;;;9;;2;2;;2;;1;11;4;05;1014.3105323
6,018,500;1;4;1;80;05;;;;2;;;;2;;;.;2;2;;2;;1;11;;05;1014.3105323
6,018,500;1;5;1;80;05;;;;2;;;;2;;;.;;;;2;;1;11;;05;1014.3105323
6,018,504;1;1;1;80;05;;;;1;5;;2;;;10;;3;3;;2;;1;11;4;05;1121.8404423
6,018,505;1;2;1;80;05;;;;1;4;;2;;;4;;2;2;;2;;1;11;4;05;1062.6980922
6,018,505;1;4;1;80;05;;;;1;4;;2;;;4;;2;2;;2;;1;11;4;05;1062.6980922
6,018,507;1;2;1;80;05;;;;1;8;;2;;;8;;2;2;;2;;1;11;4;05;1079.0856569
6,018,508;1;1;1;80;05;;;;1;5;;2;;;10;;3;3;;2;;1;11;4;05;1179.8172763
6,018,508;1;2;1;80;05;;;;1;3;;2;;;9;;2;2;;2;;1;11;4;05;1179.8172763
6,018,511;1;1;1;80;05;;;;1;5;;2;;;10;;3;3;;2;;1;11;4;05;1071.6002924
6,018,511;1;2;1;80;05;;;;1;7;;2;;;9;;2;2;;2;;1;11;4;05;1071.6002924
6,018,514;1;2;1;80;05;;;;1;8;;2;;;2;;2;2;;2;;1;11;1.4;05;1066.1890875
6,018,514;1;3;1;80;05;;;;2;;;;2;;;.;2;2;;2;;1;11;;05;1066.1890875
6,018,514;1;4;1;80;05;;;;2;;;;2;;;.;2;2;;2;;1;11;;05;1066.1890875
6,018,516;1;1;1;80;05;;;;1;5;;2;;;10;;3;3;;2;;1;11;4;05;1055.6162794
6,018,516;1;2;1;80;05;;;;2;;;;2;;;.;2;2;;2;;1;11;;05;1055.6162794
6,018,520;1;1;1;80;05;;;;1;5;;2;;;8;;3;3;;2;;1;11;3;05;1129.4006964
6,018,523;1;3;1;80;05;;;;2;;;;2;;;.;2;2;;2;;1;11;;05;1030.3000973
6,018,523;1;4;1;80;05;;;;2;;;;2;;;.;;;;2;;1;11;;05;1030.3000973
6,018,525;1;2;1;80;05;;;908,526;1;9;CAMBIO DE RESIDENCIA DE DEPARTAMENTO;1;;1;2;;2;2;;2;;1;11;1.1;05;1073.2709003
6,018,525;1;3;1;80;05;;;;1;4;;2;;;4;;3;3;;2;;1;11;2;05;1073.2709003
6,018,526;1;2;1;80;05;;;;1;3;;2;;;9;;2;2;;2;;1;11;4;05;1121.8404423
6,018,527;1;2;1;80;05;2;;900,000;2;;;;1;4;9;;2;2;;2;;1;11;;05;1550.8881752
6,018,528;1;1;1;80;05;;;;1;4;;2;;;10;;3;3;;2;;1;11;3;05;1071.5254027
6,018,530;1;1;1;80;05;;;;1;5;;2;;;10;;3;3;;2;;1;11;4;05;1080.3527132
6,018,532;1;1;1;80;05;;;;1;7;;2;;;9;;2;2;;2;;1;11;4;05;1080.3527132
6,018,532;1;2;1;80;05;;;;2;;;;2;;;.;2;2;;2;;1;11;;05;1080.3527132
6,018,535;1;1;1;80;05;;;;1;8;;2;;;8;;2;2;;2;;1;11;2;05;1071.6002924
6,018,537;1;5;1;80;05;;;;2;;;;2;;;.;2;2;;2;;1;11;;05;1426.8636082
6,018,537;1;6;1;80;05;;;;2;;;;2;;;.;;;;2;;1;11;;05;1426.8636082
6,018,538;1;3;1;80;05;1;24;450,000;2;;;;2;;;.;;;;2;;1;11;;05;1585.2940914
6,018,541;1;2;1;80;05;1;48;908,526;1;3;;2;;;9;;2;2;;2;;1;11;4;05;1138.3350993
6,018,541;1;3;1;80;05;;;;2;;;;2;;;.;;;;2;;1;11;;05;1138.3350993
6,018,542;1;2;1;80;05;;;;2;;;;2;;;.;;;;2;;1;11;;05;1131.0713044
6,018,544;1;2;1;80;05;;;;2;;;;1;2;6;;2;2;;2;;1;11;;05;1030.3000973
6,018,544;1;3;1;80;05;;;;2;;;;2;;;.;2;2;;2;;1;11;;05;1030.3000973
6,018,544;1;4;1;80;05;;;;2;;;;2;;;.;;;;2;;1;11;;05;1030.3000973
6,018,546;1;4;1;80;05;1;48;908,526;1;8;;2;;;1;;2;2;;2;;1;11;3;05;1057.361777
6,018,547;1;2;1;80;05;;;;2;;;;2;;;.;2;2;;2;;1;11;;05;1131.0713044
6,018,548;1;3;1;80;05;2;;98;2;;;;2;;;.;2;2;;2;;1;11;;05;1064.5184795
6,018,550;1;2;1;80;05;;;;2;;;;2;;;.;2;2;;2;;1;11;;05;1015.3342868
6,018,550;1;5;1;80;05;;;;2;;;;2;;;.;;;;2;;1;11;;05;1015.3342868
6,018,550;1;6;1;80;05;;;;2;;;;2;;;.;;;;2;;1;11;;05;1015.3342868
6,018,551;1;2;1;80;05;;;;1;3;;2;;;9;;2;2;;2;;1;11;4;05;1021.2103631
6,018,551;1;3;1;80;05;;;;2;;;;2;;;.;2;2;;2;;1;11;;05;1021.2103631
6,018,552;1;2;1;80;05;;;;1;3;;2;;;8;;2;2;;2;;1;11;4;05;1062.7729819
6,018,557;1;1;1;80;05;;;;2;;;;2;;;.;2;2;;2;;1;11;;05;1064.0400382
6,018,557;1;2;1;80;05;;;;1;5;;2;;;10;;3;3;;2;;1;11;3;05;1064.0400382
6,018,558;1;1;1;80;05;;;;1;3;;2;;;9;;2;2;;2;;1;11;4;05;1071.6002924
6,018,558;1;2;1;80;05;;;;2;;;;2;;;.;2;2;;2;;1;11;;05;1071.6002924
6,018,559;1;3;1;80;05;;;;1;3;;2;;;11;;3;3;;2;;1;11;3;05;1064.0400382
6,018,561;1;3;1;80;05;;;;2;;;;2;;;.;;;;2;;1;11;;05;1030.3000973
6,018,561;1;4;1;80;05;;;;2;;;;2;;;.;;;;2;;1;11;;05;1030.3000973
6,018,563;1;2;1;80;05;;;;1;4;;2;;;4;;2;2;;2;;1;11;4;05;1476.0533529
6,018,566;1;1;1;80;05;2;;908,526;1;4;;2;;;4;;2;2;;1;98;1;11;1.1;05;1130.6677527
6,018,567;1;1;1;80;05;1;48;908,526;1;8;;2;;;1;;2;2;;2;;1;11;3;05;1012.532832
6,018,567;1;2;1;80;05;;;;2;;;;2;;;.;2;2;;2;;1;11;;05;1012.532832
6,018,567;1;3;1;80;05;;;;1;4;;2;;;4;;1;2;;2;;1;11;4;05;1012.532832
6,018,568;1;1;1;80;05;;;;1;5;;2;;;4;;3;3;;2;;1;11;4;05;1121.8404423
6,018,569;1;1;1;80;05;;;;1;5;;2;;;8;;3;3;;2;;1;11;3;05;1079.8074
6,018,569;1;2;1;80;05;;;;1;3;;2;;;9;;2;2;;2;;1;11;4;05;1079.8074
6,018,572;1;1;1;80;05;;;;1;6;;2;;;1;;2;2;;2;;1;11;4;05;991.54203274
6,018,572;1;4;1;80;05;;;;2;;;;2;;;.;2;2;;2;;1;11;;05;991.54203274
6,018,572;1;7;1;80;05;;;;1;1;;2;;;1;;2;2;;2;;1;11;1.4;05;991.54203274
6,018,573;1;1;1;80;05;;;;1;3;;2;;;9;;2;2;;2;;1;11;4;05;1130.6677527
6,018,576;1;1;1;80;05;;;;1;1;;2;;;9;;2;2;;2;;1;11;4;05;1130.6677527
6,018,577;1;1;1;80;05;;;;1;1;;2;;;1;;2;2;;2;;1;11;1.4;05;1129.3258068
6,018,579;1;2;1;80;05;;;;2;;;;2;;;.;2;2;;2;;1;11;;05;1535.5992547
6,018,583;1;1;1;80;05;;;;1;4;;2;;;4;;3;3;;2;;1;11;2;05;1120.573386
6,018,584;1;3;1;80;05;;;;2;;;;2;;;.;2;2;;2;;1;11;;05;1140.0805969
6,018,585;1;1;1;80;05;;;;1;9;ES DROGODEPENDIENTE;2;;;4;;2;2;;2;;1;11;4;05;1181.386344
6,018,588;1;3;1;80;05;;;;2;;;;2;;;.;;;;2;;1;11;;05;1079.8129521
6,018,590;1;1;1;80;05;;;;1;5;;2;;;11;;3;3;;2;;1;11;3;05;1062.7729819
6,018,590;1;2;1;80;05;;;;1;5;;2;;;9;;3;3;;2;;1;11;4;05;1062.7729819
6,018,590;1;3;1;80;05;;;;1;8;;2;;;12;DISCAPACIDAD COGNITIVA;2;2;;2;;1;11;2;05;1062.7729819
6,018,592;1;1;1;80;05;;;;1;5;;2;;;10;;3;3;;2;;1;11;3;05;1053.9456714
6,018,593;1;3;1;80;05;;;;2;;;;2;;;.;;;;2;;1;11;;05;1072.8060289
6,018,595;1;1;1;80;05;;;;1;4;;2;;;4;;2;2;;2;;1;11;4;05;1130.6677527
6,018,596;1;1;1;80;05;;;;1;3;;2;;;9;;2;2;;2;;1;11;4;05;1071.6002924
6,018,596;1;2;1;80;05;;;;1;7;;2;;;11;;3;3;;2;;1;11;2;05;1071.6002924
6,018,597;1;3;1;80;05;;;;2;;;;2;;;.;2;2;;2;;1;11;;05;1080.5346952
6,018,597;1;5;1;80;05;;;;1;3;;2;;;9;;2;2;;2;;1;11;4;05;1080.5346952
6,018,599;1;3;1;80;05;;;;1;4;;2;;;4;;2;2;;2;;1;11;4;05;1064.0400382
6,018,600;1;1;1;80;05;;;;1;8;;2;;;2;;2;2;;2;;1;11;1.3;05;1939.1838921
6,018,601;1;1;1;80;05;;;;1;4;;2;;;4;;2;2;;2;;1;11;2;05;1063.500277
6,018,601;1;4;1;80;05;1;48;908,526;1;8;;1;;1;2;;2;2;;2;;1;11;1.1;05;1063.500277
6,018,602;1;2;1;80;05;;;;2;;;;2;;;.;2;2;;2;;1;11;;05;1533.853757
6,018,603;1;1;1;80;05;;;;1;5;;2;;;10;;3;3;;2;;1;11;2;05;1130.6677527
6,018,604;1;1;1;80;05;;;;1;5;;2;;;10;;3;3;;2;;1;11;4;05;1021.2852528
6,018,604;1;2;1;80;05;;;;1;3;;2;;;9;;2;2;;2;;1;11;4;05;1021.2852528
6,018,605;1;1;1;80;05;;;;1;1;;2;;;1;;1;2;;2;;1;11;2;05;1021.2852528
6,018,607;1;1;1;80;05;;;;1;5;;2;;;10;;3;3;;2;;1;11;4;05;1012.4579423
6,018,607;1;2;1;80;05;;;;2;;;;2;;;.;2;2;;2;;1;11;;05;1012.4579423
6,018,607;1;4;1;80;05;;;;1;3;;2;;;1;;2;2;;2;;1;11;1.4;05;1012.4579423
6,018,610;1;1;1;80;05;;;;1;5;;2;;;10;;3;3;;2;;1;11;4;05;2243.6808845
6,018,614;1;1;1;80;05;1;48;1,500,000;1;4;;2;;;4;;2;2;;2;;1;11;1.3;05;2275.2156082
6,018,617;1;2;1;80;05;;;;1;1;;1;;4;9;;2;2;;2;;1;11;4;05;2143.2005847
6,018,618;1;1;1;80;05;;;;1;7;;2;;;11;;3;3;;2;;1;11;2;05;2258.8013929
6,018,623;1;4;1;80;08;;;;2;;;;2;;;.;2;2;;2;;1;11;;08;798.5988014
6,018,625;1;4;1;80;08;;;;2;;;;2;;;.;;;;2;;1;11;;08;645.1918025
6,018,626;1;3;1;80;08;;;;1;3;;2;;;9;;2;2;;2;;1;11;3;08;652.65386045
6,018,627;1;1;1;80;08;;;;1;9;PANDEMIA;2;;;8;;2;2;;2;;1;11;2;08;448.71044008
6,018,629;1;2;1;80;08;;;;1;3;;2;;;9;;2;2;;2;;1;11;2;08;775.96927535
6,018,631;1;1;1;80;08;;;;1;9;QUEDO PENSIONADO EN TRABAJO REALIZADO EN EEUU Y HABER CUMPLIDO TIEMPO DE SERVICIO Y LA EDAD;2;;;11;;2;2;;2;;1;11;3;08;613.55567347
6,018,632;1;1;1;80;08;;;;1;5;;2;;;10;;3;3;;2;;1;11;4;08;581.46162857
6,018,637;1;3;1;80;08;1;24;908,526;2;;;;2;;;.;2;2;;2;;1;11;;08;540.43092183
6,018,638;1;1;1;80;08;;;;2;;;;2;;;.;2;2;;2;;1;11;;08;573.28905379
6,018,638;1;2;1;80;08;;;;2;;;;2;;;.;2;2;;2;;1;11;;08;573.28905379
6,018,638;1;3;1;80;08;;;;2;;;;2;;;.;2;2;;2;;1;11;;08;573.28905379
6,018,641;1;4;1;80;08;;;;1;3;;2;;;9;;2;2;;2;;1;11;4;08;649.4791674
6,018,642;1;3;1;80;08;;;;1;3;;2;;;9;;2;2;;2;;1;11;4;08;758.01018384
6,018,643;1;1;1;80;08;;;;2;;;;2;;;.;2;2;;2;;1;11;;08;657.209653
6,018,644;1;3;1;80;08;;;;2;;;;2;;;.;;;;2;;1;11;;08;613.0977576
6,018,644;1;5;1;80;08;;;;1;3;;2;;;9;;2;2;;2;;1;11;4;08;613.0977576
6,018,646;1;4;1;80;08;;;;2;;;;2;;;.;2;2;;2;;1;11;;08;630.46768531
6,018,646;1;5;1;80;08;;;;2;;;;2;;;.;2;2;;2;;1;11;;08;630.46768531
6,018,648;1;1;1;80;08;;;;1;5;;2;;;10;;3;3;;2;;1;11;4;08;580.77268146
6,018,649;1;2;1;80;08;;;;2;;;;2;;;.;2;2;;2;;1;11;;08;638.71540005
6,018,649;1;3;1;80;08;;;;1;3;;2;;;8;;2;2;;2;;1;11;4;08;638.71540005
6,018,650;1;3;1;80;08;;;;2;;;;2;;;.;2;2;;2;;1;11;;08;681.5732123
6,018,651;1;1;1;80;08;;;;1;3;;2;;;9;;2;2;;2;;1;11;4;08;508.35844665
6,018,651;1;3;1;80;08;;;;1;4;;2;;;4;;2;2;;2;;1;11;4;08;508.35844665
6,018,652;1;2;1;80;08;;;;2;;;;2;;;.;2;2;;2;;1;11;;08;690.06778496
6,018,660;1;2;1;80;08;1;48;908,000;2;;;;1;2;1;;2;2;;2;;1;11;;08;689.99264501
6,018,662;1;1;1;80;08;1;48;908,526;1;9;POR EL VIRUS TUVO QUE DEJAR DE HACER SU ACTIVIDAD ECONOMICA;2;;;4;;2;2;;2;;1;11;2;08;804.73653539
6,018,662;1;5;1;80;08;;;;2;;;;2;;;.;2;2;;2;;1;11;;08;804.73653539
6,018,662;1;6;1;80;08;;;;2;;;;2;;;.;2;2;;2;;1;11;;08;804.73653539
6,018,663;1;2;1;80;08;;;;2;;;;2;;;.;2;2;;2;;1;11;;08;649.05864794
6,018,663;1;5;1;80;08;;;;2;;;;2;;;.;2;2;;2;;1;11;;08;649.05864794
6,018,664;1;2;1;80;08;;;;1;9;POR PANDEMIA;2;;;12;ESPERAR QUE LA PANDEMIA PASE POR COMPLETO;2;2;;2;;1;11;1.4;08;630.46768531
6,018,664;1;3;1;80;08;2;;900,000;2;;;;2;;;.;2;2;;2;;1;11;;08;630.46768531
6,018,664;1;4;1;80;08;;;;2;;;;2;;;.;2;2;;2;;1;11;;08;630.46768531
6,018,664;1;5;1;80;08;;;;2;;;;2;;;.;;;;2;;1;11;;08;630.46768531
6,018,665;1;3;1;80;08;1;48;908,526;1;3;;2;;;9;;2;2;;2;;1;11;1.3;08;499.84230426
6,018,666;1;1;1;80;08;1;48;900,000;1;7;;2;;;6;;2;2;;2;;1;11;2;08;696.84089581
6,018,666;1;3;1;80;08;;;;2;;;;2;;;.;2;2;;2;;1;11;;08;696.84089581
6,018,667;1;1;1;80;08;;;;1;4;;2;;;4;;2;2;;2;;1;11;4;08;535.43878313
6,018,667;1;4;1;80;08;;;;1;6;;2;;;2;;2;2;;2;;1;11;3;08;535.43878313
6,018,668;1;3;1;80;08;;;;2;;;;2;;;.;;;;2;;1;11;;08;415.26483817
6,018,668;1;5;1;80;08;;;;2;;;;2;;;.;;;;2;;1;11;;08;415.26483817
6,018,668;1;7;1;80;08;;;;2;;;;2;;;.;;;;2;;1;11;;08;415.26483817
6,018,669;1;2;1;80;08;;;;1;3;;2;;;9;;2;2;;2;;1;11;3;08;525.45323568
6,018,669;1;4;1;80;08;;;;2;;;;2;;;.;;;;2;;1;11;;08;525.45323568
6,018,671;1;3;1;80;08;;;;2;;;;2;;;.;2;2;;2;;1;11;;08;663.96119414
6,018,672;1;3;1;80;08;;;;2;;;;2;;;.;2;2;;2;;1;11;;08;648.76865058
6,018,672;1;4;1;80;08;;;;2;;;;2;;;.;;;;2;;1;11;;08;648.76865058
6,018,673;1;3;1;80;08;;;;2;;;;2;;;.;;;;2;;1;11;;08;506.937413
6,018,673;1;5;1;80;08;;;;2;;;;2;;;.;2;2;;2;;1;11;;08;506.937413
6,018,674;1;2;1;80;08;;;;2;;;;2;;;.;2;2;;2;;1;11;;08;613.0977576
6,018,674;1;4;1;80;08;;;;1;3;;1;;1;1;;2;2;;2;;1;11;2;08;613.0977576
6,018,676;1;2;1;80;08;;;;1;3;;2;;;9;;2;2;;2;;1;11;3;08;627.31135669
6,018,676;1;3;1;80;08;;;;2;;;;2;;;.;;;;2;;1;11;;08;627.31135669
6,018,678;1;3;1;80;08;;;;2;;;;2;;;.;2;2;;2;;1;11;;08;619.84929873
6,018,679;1;3;1;80;08;;;;2;;;;2;;;.;;;;2;;1;11;;08;638.15026399
6,018,680;1;4;1;80;08;;;;2;;;;2;;;.;;;;2;;1;11;;08;675.06852909
6,018,681;1;3;1;80;08;2;;908,526;2;;;;2;;;.;2;2;;2;;1;11;;08;554.45123322
6,018,682;1;3;1;80;08;;;;1;3;;2;;;4;;2;2;;2;;1;11;3;08;634.13453203
6,018,682;1;5;1;80;08;;;;2;;;;2;;;.;2;2;;2;;1;11;;08;634.13453203
6,018,682;1;6;1;80;08;;;;2;;;;2;;;.;;;;2;;1;11;;08;634.13453203
6,018,682;1;7;1;80;08;;;;2;;;;2;;;.;;;;2;;1;11;;08;634.13453203
6,018,683;1;2;1;80;08;;;;1;3;;2;;;9;;2;2;;2;;1;11;4;08;573.31062351
6,018,683;1;3;1;80;08;;;;2;;;;2;;;.;2;2;;2;;1;11;;08;573.31062351
6,018,684;1;2;1;80;08;;;;2;;;;2;;;.;2;2;;2;;1;11;;08;682.53058705
6,018,686;1;1;1;80;08;;;;1;3;;2;;;9;;2;2;;2;;1;11;2;08;558.31136764
6,018,686;1;3;1;80;08;;;;2;;;;2;;;.;2;2;;2;;1;11;;08;558.31136764
6,018,686;1;4;1;80;08;;;;2;;;;2;;;.;2;2;;2;;1;11;;08;558.31136764
6,018,687;1;5;1;80;08;;;;2;;;;2;;;.;2;2;;2;;1;11;;08;517.99117772
6,018,689;1;2;1;80;08;;;;1;8;;1;;1;1;;2;2;;2;;1;11;2;08;608.9624845
6,018,690;1;1;1;80;08;1;40;750,000;1;9;PANDEMIA;2;;;12;PANDEMIA;2;2;;2;;1;11;2;08;637.72974454
6,018,690;1;4;1;80;08;;;;2;;;;2;;;.;2;2;;2;;1;11;;08;637.72974454
6,018,690;1;5;1;80;08;;;;2;;;;2;;;.;;;;2;;1;11;;08;637.72974454
6,018,691;1;2;1;80;08;2;;908,526;1;8;;2;;;9;;2;2;;2;;1;11;4;08;593.76994094
6,018,691;1;3;1;80;08;;;;2;;;;2;;;.;;;;2;;1;11;;08;593.76994094
6,018,692;1;3;1;80;08;;;;2;;;;2;;;.;2;2;;2;;1;11;;08;619.84929873
6,018,693;1;2;1;80;08;;;;2;;;;2;;;.;2;2;;2;;1;11;;08;551.53825679
6,018,693;1;3;1;80;08;;;;2;;;;2;;;.;2;2;;2;;1;11;;08;551.53825679
6,018,693;1;4;1;80;08;;;;2;;;;2;;;.;;;;2;;1;11;;08;551.53825679
6,018,694;1;3;1;80;08;;;;2;;;;2;;;.;;;;2;;1;11;;08;634.74833918
6,018,695;1;2;1;80;08;;;;1;3;;2;;;9;;2;2;;2;;1;11;4;08;791.13674345
6,018,696;1;2;1;80;08;;;;1;4;;2;;;4;;2;2;;2;;1;11;4;08;500.13230163
6,018,696;1;4;1;80;08;;;;1;4;;2;;;4;;2;2;;2;;1;11;4;08;500.13230163
6,018,697;1;3;1;80;08;;;;2;;;;2;;;.;2;2;;2;;1;11;;08;546.72074762
6,018,701;1;2;1;80;08;2;;98;1;3;;2;;;1;;2;2;;2;;1;11;3;08;579.35418555
6,018,702;1;3;1;80;08;;;;2;;;;2;;;.;;;;2;;1;11;;08;558.04293999
6,018,703;1;2;1;80;08;2;;908,000;1;1;;2;;;9;;2;2;;2;;1;11;2;08;627.31135669
6,018,703;1;3;1;80;08;;;;2;;;;2;;;.;;;;2;;1;11;;08;627.31135669
6,018,705;1;2;1;80;08;;;;2;;;;2;;;.;2;2;;2;;1;11;;08;540.43092183
6,018,705;1;3;1;80;08;;;;2;;;;2;;;.;;;;2;;1;11;;08;540.43092183
6,018,706;1;3;1;80;08;;;;2;;;;2;;;.;;;;2;;1;11;;08;663.96119414
6,018,708;1;4;1;80;08;;;;2;;;;2;;;.;2;2;;2;;1;11;;08;961.30240065
6,018,709;1;1;1;80;08;;;;1;9;POR PANDEMIA;2;;;10;;3;3;;2;;1;11;2;08;625.47554661
6,018,709;1;2;1;80;08;;;;2;;;;2;;;.;2;2;;2;;1;11;;08;625.47554661
6,018,709;1;5;1;80;08;;;;2;;;;2;;;.;2;2;;2;;1;11;;08;625.47554661
6,018,709;1;7;1;80;08;2;;900,000;1;3;;2;;;9;;2;2;;2;;1;11;4;08;625.47554661
6,018,709;1;9;1;80;08;;;;2;;;;2;;;.;;;;2;;1;11;;08;625.47554661
6,018,710;1;1;1;80;08;;;;1;9;EDAD;2;;;8;;2;2;;2;;1;11;4;08;641.25302238
6,018,710;1;3;1;80;08;;;;1;8;;2;;;9;;2;2;;2;;1;11;3;08;641.25302238
6,018,711;1;1;1;80;08;;;;1;9;QUEDO PENSIONADA POR SU TRABAJO EN OTRO PAIS Y HABER CUMPLIDO TIEMPO DE SERVICIO Y LA EDAD;2;;;8;;2;2;;2;;1;11;4;08;697.52984292
6,018,713;1;2;1;80;08;;;;2;;;;2;;;.;2;2;;2;;1;11;;08;485.21169146
6,018,713;1;3;1;80;08;;;;2;;;;2;;;.;2;2;;2;;1;11;;08;485.21169146
6,018,715;1;5;1;80;08;;;;2;;;;2;;;.;2;2;;2;;1;11;;08;354.95862327
6,018,719;1;1;1;80;08;;;;2;;;;2;;;.;2;2;;2;;1;11;;08;622.68929278
6,018,719;1;2;1;80;08;;;;2;;;;2;;;.;;;;2;;1;11;;08;622.68929278
6,018,720;1;1;1;80;08;;;;1;5;;2;;;8;;3;3;;2;;1;11;4;08;541.14143865
6,018,721;1;3;1;80;08;;;;2;;;;2;;;.;2;2;;2;;1;11;;08;523.67770688
6,018,721;1;4;1;80;08;;;;2;;;;2;;;.;2;2;;2;;1;11;;08;523.67770688
6,018,721;1;5;1;80;08;;;;2;;;;2;;;.;2;2;;2;;1;11;;08;523.67770688
6,018,721;1;7;1;80;08;;;;2;;;;2;;;.;2;2;;2;;1;11;;08;523.67770688
6,018,721;1;8;1;80;08;;;;2;;;;2;;;.;;;;2;;1;11;;08;523.67770688
6,018,721;1;9;1;80;08;;;;1;7;;2;;;8;;2;2;;2;;1;11;4;08;523.67770688
6,018,722;1;1;1;80;08;;;;1;3;;2;;;8;;2;2;;2;;1;11;4;08;689.37883786
6,018,723;1;4;1;80;08;;;;2;;;;2;;;.;2;2;;2;;1;11;;08;590.66472453
6,018,727;1;1;1;80;08;1;50;1,000,000;1;9;PANDEMIA;2;;;12;PANDEMIA;2;2;;2;;1;11;3;08;523.34899796
6,018,727;1;2;1;80;08;1;40;400,000;1;9;COVID 19;2;;;1;;2;2;;2;;1;11;3;08;523.34899796
6,018,727;1;5;1;80;08;;;;2;;;;2;;;.;2;2;;2;;1;11;;08;523.34899796
6,018,727;1;8;1;80;08;;;;2;;;;2;;;.;2;2;;2;;1;11;;08;523.34899796
6,018,727;1;9;1;80;08;;;;2;;;;2;;;.;2;2;;2;;1;11;;08;523.34899796
6,018,727;1;10;1;80;08;;;;1;3;;2;;;9;;2;2;;2;;1;11;4;08;523.34899796
6,018,728;1;1;1;80;08;1;36;908,526;1;4;;2;;;9;;2;2;;2;;1;11;2;08;656.49913618
6,018,728;1;3;1;80;08;;;;2;;;;2;;;.;;;;2;;1;11;;08;656.49913618
6,018,728;1;4;1;80;08;;;;2;;;;2;;;.;;;;2;;1;11;;08;656.49913618
6,018,729;1;3;1;80;08;;;;2;;;;2;;;.;2;2;;2;;1;11;;08;682.53058705
6,018,730;1;2;1;80;08;;;;1;3;;2;;;9;;2;2;;2;;1;11;1.3;08;696.55089845
6,018,731;1;1;1;80;08;;;;1;5;;2;;;8;;3;3;;2;;1;11;4;08;525.52837564
6,018,731;1;2;1;80;08;;;;2;;;;2;;;.;2;2;;2;;1;11;;08;525.52837564
6,018,731;1;3;1;80;08;2;;98;1;1;;2;;;4;;2;2;;2;;1;11;1.3;08;525.52837564
6,018,731;1;4;1;80;08;;;;2;;;;2;;;.;2;2;;2;;1;11;;08;525.52837564
6,018,731;1;5;1;80;08;;;;2;;;;2;;;.;;;;2;;1;11;;08;525.52837564
6,018,732;1;1;1;80;08;;;;1;4;;2;;;4;;3;3;;2;;1;11;3;08;521.17258181
6,018,732;1;3;1;80;08;1;20;900,000;2;;;;2;;;.;2;2;;2;;1;11;;08;521.17258181
6,018,732;1;4;1;80;08;;;;2;;;;2;;;.;;;;2;;1;11;;08;521.17258181
6,018,733;1;1;1;80;08;;;;1;4;;2;;;4;;2;2;;2;;1;11;4;08;805.37191225
6,018,735;1;2;1;80;08;;;;2;;;;2;;;.;2;2;;2;;1;11;;08;551.00140149
6,018,736;1;4;1;80;08;;;;2;;;;2;;;.;;;;2;;1;11;;08;514.13104331
6,018,737;1;1;1;80;08;1;24;500,000;1;7;;2;;;9;;2;2;;2;;1;11;2;08;682.33729936
6,018,737;1;3;1;80;08;;;;2;;;;2;;;.;;;;2;;1;11;;08;682.33729936
6,018,738;1;1;1;80;08;;;;2;;;;2;;;.;2;2;;2;;1;11;;08;422.82360581
6,018,738;1;5;1;80;08;;;;1;2;;2;;;2;;2;2;;2;;1;11;3;08;422.82360581
6,018,738;1;6;1;80;08;;;;2;;;;2;;;.;2;2;;2;;1;11;;08;422.82360581
6,018,738;1;7;1;80;08;;;;2;;;;2;;;.;2;2;;2;;1;11;;08;422.82360581
6,018,739;1;1;1;80;08;;;;2;;;;2;;;.;2;2;;2;;1;11;;08;593.89129397
6,018,740;1;1;1;80;08;;;;1;5;;2;;;10;;3;3;;2;;1;11;4;08;425.60808607
6,018,740;1;3;1;80;08;;;;2;;;;2;;;.;2;2;;2;;1;11;;08;425.60808607
6,018,740;1;4;1;80;08;;;;2;;;;2;;;.;2;2;;2;;1;11;;08;425.60808607
6,018,740;1;5;1;80;08;;;;2;;;;2;;;.;;;;2;;1;11;;08;425.60808607
6,018,741;1;1;1;80;08;;;;1;4;;2;;;4;;2;2;;2;;1;11;4;08;715.38926321
6,018,742;1;1;1;80;08;;;;1;5;;2;;;8;;3;3;;2;;1;11;4;08;697.52984292
6,018,744;1;2;1;80;08;1;48;800,000;1;4;;2;;;9;;2;2;;2;;1;11;3;08;735.91751308
6,018,745;1;1;1;80;08;;;;1;4;;2;;;4;;2;2;;2;;1;11;4;08;591.85899091
6,018,745;1;3;1;80;08;;;;2;;;;2;;;.;;;;2;;1;11;;08;591.85899091
6,018,745;1;5;1;80;08;;;;2;;;;2;;;.;2;2;;2;;1;11;;08;591.85899091
6,018,746;1;1;1;80;08;2;;908,526;1;4;;2;;;12;POR UN ACCIDENTE DE TRABAJO;2;2;;2;;1;11;1.4;08;667.33804349
6,018,746;1;2;1;80;08;2;;908,526;2;;;;2;;;.;2;2;;2;;1;11;;08;667.33804349
6,018,746;1;3;1;80;08;;;;2;;;;2;;;.;2;2;;2;;1;11;;08;667.33804349
6,018,746;1;4;1;80;08;;;;2;;;;2;;;.;;;;2;;1;11;;08;667.33804349
6,018,747;1;1;1;80;08;;;;1;3;;2;;;9;;2;2;;2;;1;11;4;08;467.13445222
6,018,747;1;2;1;80;08;;;;2;;;;2;;;.;2;2;;2;;1;11;;08;467.13445222
6,018,747;1;4;1;80;08;;;;2;;;;2;;;.;;;;2;;1;11;;08;467.13445222
6,018,747;1;6;1;80;08;;;;1;3;;2;;;9;;2;2;;2;;1;11;4;08;467.13445222
6,018,748;1;1;1;80;08;;;;1;6;;2;;;10;;3;3;;2;;1;11;3;08;613.55567347
6,018,749;1;3;1;80;08;;;;2;;;;2;;;.;2;2;;2;;1;11;;08;631.17820213
6,018,751;1;3;1;80;08;;;;2;;;;2;;;.;2;2;;2;;1;11;;08;663.96119414
6,018,753;1;3;1;80;08;;;;2;;;;2;;;.;2;2;;2;;1;11;;08;649.03707822
6,018,753;1;4;1;80;08;;;;2;;;;2;;;.;;;;2;;1;11;;08;649.03707822
6,018,753;1;5;1;80;08;;;;2;;;;2;;;.;;;;2;;1;11;;08;649.03707822
6,018,754;1;3;1;80;08;;;;2;;;;2;;;.;2;2;;2;;1;11;;08;540.43092183
6,018,757;1;1;1;80;08;;;;1;5;;2;;;8;;3;3;;2;;1;11;4;08;580.77268146
6,018,757;1;2;1;80;08;;;;2;;;;2;;;.;2;2;;2;;1;11;;08;580.77268146
6,018,758;1;4;1;80;08;;;;2;;;;2;;;.;2;2;;2;;1;11;;08;521.17258181
6,018,760;1;2;1;80;08;;;;2;;;;2;;;.;2;2;;2;;1;11;;08;555.4301777
6,018,762;1;4;1;80;08;2;;900,000;1;3;;2;;;9;;2;2;;2;;1;11;1.3;08;773.27786735
6,018,764;1;3;1;80;08;;;;2;;;;2;;;.;;;;2;;1;11;;08;619.58087108
6,018,765;1;2;1;80;08;;;;2;;;;2;;;.;2;2;;2;;1;11;;08;547.89297978
6,018,766;1;5;1;80;08;;;;1;3;;2;;;9;;2;2;;2;;1;11;9;08;619.58087108
6,018,768;1;1;1;80;08;;;;1;5;;2;;;10;;3;3;;2;;1;11;4;08;580.08373436
6,018,768;1;2;1;80;08;;;;1;3;;2;;;9;;2;2;;2;;1;11;4;08;580.08373436
6,018,769;1;3;1;80;08;;;;2;;;;2;;;.;;;;2;;1;11;;08;594.52836468
6,018,769;1;5;1;80;08;;;;1;3;;2;;;8;;2;2;;2;;1;11;4;08;594.52836468
6,018,770;1;1;1;80;08;;;;1;5;;2;;;10;;3;3;;2;;1;11;4;08;663.34738699
6,018,770;1;2;1;80;08;;;;1;3;;2;;;8;;2;2;;2;;1;11;4;08;663.34738699
6,018,770;1;4;1;80;08;2;;908,526;2;;;;2;;;.;2;2;;2;;1;11;;08;663.34738699
6,018,770;1;5;1;80;08;2;;800,000;2;;;;2;;;.;2;2;;2;;1;11;;08;663.34738699
6,018,771;1;1;1;80;08;;;;1;5;;2;;;8;;3;3;;2;;1;11;4;08;496.34059614
6,018,771;1;2;1;80;08;;;;1;3;;2;;;8;;2;2;;2;;1;11;4;08;496.34059614
6,018,771;1;4;1;80;08;;;;2;;;;2;;;.;2;2;;2;;1;11;;08;496.34059614
6,018,772;1;2;1;80;08;;;;1;3;;2;;;9;;2;2;;2;;1;11;4;08;580.77268146
6,018,773;1;1;1;80;08;;;;1;5;;2;;;10;;3;3;;2;;1;11;4;08;524.83942853
6,018,774;1;3;1;80;08;;;;2;;;;2;;;.;2;2;;2;;1;11;;08;675.06852909
6,018,774;1;4;1;80;08;;;;2;;;;2;;;.;2;2;;2;;1;11;;08;675.06852909
6,018,775;1;1;1;80;08;;;;1;5;;2;;;8;;3;3;;2;;1;11;4;08;580.77268146
6,018,775;1;2;1;80;08;;;;2;;;;2;;;.;2;2;;2;;1;11;;08;580.77268146
6,018,780;1;4;1;80;08;;;;1;4;;2;;;4;;2;2;;2;;1;11;4;08;616.96460304
6,018,782;1;3;1;80;08;;;;2;;;;2;;;.;2;2;;2;;1;11;;08;630.46768531
6,018,782;1;4;1;80;08;;;;2;;;;2;;;.;2;2;;2;;1;11;;08;630.46768531
6,018,782;1;5;1;80;08;;;;2;;;;2;;;.;;;;2;;1;11;;08;630.46768531
6,018,783;1;1;1;80;08;;;;1;3;;2;;;9;;2;2;;2;;1;11;4;08;612.82932995
6,018,783;1;3;1;80;08;;;;2;;;;2;;;.;2;2;;2;;1;11;;08;612.82932995
6,018,784;1;2;1;80;08;;;;1;3;;2;;;9;;2;2;;2;;1;11;4;08;638.71540005
6,018,784;1;3;1;80;08;;;;2;;;;2;;;.;2;2;;2;;1;11;;08;638.71540005
6,018,784;1;4;1;80;08;;;;1;3;;2;;;9;;2;2;;2;;1;11;4;08;638.71540005
6,018,786;1;1;1;80;08;1;48;908,000;1;3;;2;;;1;;2;2;;2;;1;11;4;08;540.43092183
6,018,786;1;3;1;80;08;;;;2;;;;2;;;.;;;;2;;1;11;;08;540.43092183
6,018,787;1;1;1;80;08;;;;1;3;;2;;;9;;2;2;;2;;1;11;4;08;493.43433074
6,018,787;1;2;1;80;08;2;;906,000;1;3;;2;;;9;;2;2;;2;;1;11;3;08;493.43433074
6,018,788;1;2;1;80;08;;;;1;3;;2;;;9;;2;2;;2;;1;11;4;08;556.21063566
6,018,788;1;7;1;80;08;;;;1;3;;2;;;9;;2;2;;2;;1;11;3;08;556.21063566
6,018,789;1;4;1;80;08;;;;2;;;;2;;;.;;;;2;;1;11;;08;557.87852723
6,018,791;1;2;1;80;08;;;;2;;;;2;;;.;2;2;;2;;1;11;;08;558.73188709
6,018,793;1;2;1;80;08;;;;2;;;;2;;;.;2;2;;2;;1;11;;08;540.43092183
6,018,794;1;2;1;80;08;;;;1;3;;2;;;9;;2;2;;2;;1;11;1.4;08;653.34280755
6,018,795;1;1;1;80;08;;;;1;3;;2;;;1;;2;2;;2;;1;11;4;08;525.94889509
6,018,795;1;2;1;80;08;;;;1;7;;2;;;12;NO TIENE RECURSOS PARA INSTALAR UN NEGOCIO;2;2;;2;;1;11;1.3;08;525.94889509
6,018,796;1;2;1;80;08;;;;2;;;;2;;;.;2;2;;2;;1;11;;08;540.16249418
6,018,797;1;2;1;80;08;;;;2;;;;2;;;.;2;2;;2;;1;11;;08;551.26982914
6,018,797;1;3;1;80;08;;;;2;;;;2;;;.;;;;2;;1;11;;08;551.26982914
6,018,798;1;2;1;80;08;;;;2;;;;2;;;.;2;2;;2;;1;11;;08;627.31135669
6,018,798;1;3;1;80;08;;;;2;;;;2;;;.;;;;2;;1;11;;08;627.31135669
6,018,801;1;3;1;80;08;;;;2;;;;2;;;.;;;;2;;1;11;;08;545.08388855
6,018,801;1;6;1;80;08;;;;1;3;;2;;;12;EMBARAZO;2;2;;2;;1;11;2;08;545.08388855
6,018,801;1;8;1;80;08;;;;2;;;;2;;;.;;;;2;;1;11;;08;545.08388855
6,018,802;1;1;1;80;08;;;;2;;;;2;;;.;2;2;;2;;1;11;;08;697.52984292
6,018,803;1;1;1;80;08;;;;1;4;;2;;;4;;2;2;;2;;1;11;4;08;604.40989724
6,018,803;1;3;1;80;08;1;40;900,000;1;3;;2;;;9;;2;2;;2;;1;11;3;08;604.40989724
6,018,804;1;2;1;80;08;;;;1;3;;2;;;9;;2;2;;2;;1;11;4;08;603.16632459
6,018,804;1;3;1;80;08;;;;1;8;;2;;;12;TIENE CASA POR CARCEL;2;2;;2;;1;11;3;08;603.16632459
6,018,804;2;3;2;80;08;;;;2;;;;2;;;.;;;;2;;1;11;;08;603.16632459
6,018,806;1;1;1;80;08;1;20;900,000;1;3;;2;;;9;;2;2;;2;;1;11;3;08;612.82932995
6,018,806;1;5;1;80;08;;;;1;3;;2;;;4;;2;2;;2;;1;11;4;08;612.82932995
6,018,807;1;1;1;80;08;;;;1;4;;2;;;4;;2;2;;2;;1;11;4;08;697.52984292
6,018,808;1;3;1;80;08;;;;2;;;;2;;;.;2;2;;2;;1;11;;08;524.30987845
6,018,808;1;4;1;80;08;;;;2;;;;2;;;.;;;;2;;1;11;;08;524.30987845
6,018,809;1;3;1;80;08;;;;2;;;;2;;;.;2;2;;2;;1;11;;08;772.56735053
6,018,809;1;4;1;80;08;;;;2;;;;2;;;.;2;2;;2;;1;11;;08;772.56735053
6,018,809;1;5;1;80;08;;;;2;;;;2;;;.;2;2;;2;;1;11;;08;772.56735053
6,018,810;1;1;1;80;08;;;;1;9;POR PANDEMIA;2;;;11;;2;2;;2;;1;11;1.4;08;652.46057276
6,018,810;1;2;1;80;08;;;;1;4;;2;;;4;;2;2;;2;;1;11;4;08;652.46057276
6,018,813;1;2;1;80;08;;;;1;4;;2;;;4;;2;2;;2;;1;11;3;08;634.82347914
6,018,813;1;5;1;80;08;;;;2;;;;2;;;.;;;;2;;1;11;;08;634.82347914
6,018,813;1;6;1;80;08;;;;1;6;;2;;;8;;2;2;;2;;1;11;3;08;634.82347914
6,018,814;1;3;1;80;08;;;;2;;;;2;;;.;;;;2;;1;11;;08;586.79787908
6,018,814;1;6;1;80;08;;;;1;3;;2;;;9;;2;2;;2;;1;11;4;08;586.79787908
6,018,816;1;3;1;80;08;;;;2;;;;2;;;.;;;;2;;1;11;;08;532.70043622
6,018,817;1;3;1;80;08;;;;2;;;;2;;;.;2;2;;2;;1;11;;08;648.76865058
6,018,817;1;4;1;80;08;;;;2;;;;2;;;.;2;2;;2;;1;11;;08;648.76865058
6,018,818;1;3;1;80;08;;;;2;;;;2;;;.;;;;2;;1;11;;08;663.96119414
6,018,819;1;1;1;80;08;;;;1;3;;2;;;9;;2;2;;2;;1;11;2;08;418.22467381
6,018,819;1;4;1;80;08;;;;2;;;;2;;;.;2;2;;2;;1;11;;08;418.22467381
6,018,819;1;5;1;80;08;;;;2;;;;2;;;.;2;2;;2;;1;11;;08;418.22467381
6,018,819;1;6;1;80;08;;;;2;;;;2;;;.;2;2;;2;;1;11;;08;418.22467381
6,018,819;1;7;1;80;08;;;;2;;;;2;;;.;;;;2;;1;11;;08;418.22467381
6,018,820;1;2;1;80;08;;;;2;;;;2;;;.;2;2;;2;;1;11;;08;780.02940849
6,018,820;1;4;1;80;08;;;;2;;;;2;;;.;2;2;;2;;1;11;;08;780.02940849
6,018,821;1;2;1;80;08;;;;1;3;;2;;;9;;2;2;;2;;1;11;4;08;682.53058705
6,018,822;1;3;1;80;08;;;;2;;;;2;;;.;;;;2;;1;11;;08;682.53058705
6,018,823;1;2;1;80;08;;;;2;;;;2;;;.;2;2;;2;;1;11;;08;514.13104331
6,018,823;1;3;1;80;08;;;;2;;;;2;;;.;2;2;;2;;1;11;;08;514.13104331
6,018,824;1;5;1;80;08;;;;1;9;CAMBIO DE PAIS;2;;;12;CAMBIO DE PAIS;2;2;;2;;1;11;1.3;08;612.82932995
6,018,825;1;2;1;80;08;;;;1;3;;2;;;9;;2;2;;2;;1;11;4;08;612.82932995
6,018,825;1;5;1;80;08;;;;1;3;;2;;;9;;2;2;;2;;1;11;4;08;612.82932995
6,018,826;1;3;1;80;08;;;;2;;;;2;;;.;;;;2;;1;11;;08;674.80010144
6,018,828;1;3;1;80;08;;;;2;;;;2;;;.;;;;2;;1;11;;08;615.91051862
6,018,830;1;1;1;80;08;;;;1;9;EDAD;2;;;4;;2;2;;2;;1;11;4;08;813.59805727
6,018,830;1;2;1;80;08;;;;1;7;;2;;;11;;2;2;;2;;1;11;4;08;813.59805727
6,018,832;1;1;1;80;08;2;;950,000;1;4;;2;;;4;;2;2;;2;;1;11;4;08;580.04633794
6,018,832;1;5;1;80;08;;;;1;4;;2;;;4;;2;2;;2;;1;11;4;08;580.04633794
6,018,834;1;1;1;80;08;;;;2;;;;2;;;.;2;2;;2;;1;11;;08;541.14143865
6,018,834;1;2;1;80;08;;;;2;;;;2;;;.;2;2;;2;;1;11;;08;541.14143865
6,018,836;1;2;1;80;08;2;;908,526;1;8;;2;;;9;;2;2;;2;;1;11;1.2;08;645.8807496
6,018,836;1;3;1;80;08;;;;2;;;;2;;;.;;;;2;;1;11;;08;645.8807496
6,018,841;1;4;1;80;11;;;;2;;;;2;;;.;2;2;;2;;1;11;;11;3805.2111829
6,018,842;1;1;1;80;11;;;;1;5;;2;;;8;;3;3;;2;;1;11;4;11;3579.7056533
6,018,843;1;1;1;80;11;;;;1;5;;2;;;10;;3;3;;2;;1;11;4;11;2801.4114716
6,018,843;1;2;1;80;11;;;;2;;;;2;;;.;2;2;;2;;1;11;;11;2801.4114716
6,018,843;1;3;1;80;11;;;;1;4;;2;;;4;;2;2;;2;;1;11;4;11;2801.4114716
6,018,843;1;4;1;80;11;;;;2;;;;2;;;.;;;;2;;1;11;;11;2801.4114716
6,018,844;1;2;1;80;11;;;;1;5;;2;;;10;;3;3;;2;;1;11;4;11;3069.5373252
6,018,845;1;3;1;80;11;;;;2;;;;2;;;.;2;2;;2;;1;11;;11;2725.5195603
6,018,847;1;1;1;80;11;;;;1;5;;2;;;10;;3;3;;2;;1;11;4;11;3071.9801688
6,018,847;1;2;1;80;11;;;;1;4;;2;;;4;;2;2;;2;;1;11;3;11;3071.9801688
6,018,847;1;4;1;80;11;;;;2;;;;2;;;.;2;2;;2;;1;11;;11;3071.9801688
6,018,847;1;5;1;80;11;;;;2;;;;2;;;.;2;2;;2;;1;11;;11;3071.9801688
6,018,848;1;2;1;80;11;;;;1;9;TRASLADO DE PAIS;2;;;9;;2;2;;2;;1;11;4;11;4338.368365
6,018,848;1;3;1;80;11;;;;2;;;;2;;;.;2;2;;2;;1;11;;11;4338.368365
6,018,849;1;3;1;80;11;;;;2;;;;2;;;.;2;2;;2;;1;11;;11;2740.8298825
6,018,852;1;1;1;80;11;;;;2;;;;2;;;.;2;2;;2;;1;11;;11;2275.9328214
6,018,852;1;2;1;80;11;;;;1;5;;2;;;10;;3;3;;2;;1;11;4;11;2275.9328214
6,018,852;1;4;1;80;11;;;;2;;;;2;;;.;;;;2;;1;11;;11;2275.9328214
6,018,854;1;2;1;80;11;;;;1;4;;2;;;4;;2;2;;2;;1;11;4;11;2967.5620347
6,018,854;1;4;1;80;11;;;;2;;;;2;;;.;2;2;;2;;1;11;;11;2967.5620347
6,018,855;1;3;1;80;11;;;;2;;;;2;;;.;2;2;;2;;1;11;;11;3352.8580895
6,018,855;1;4;1;80;11;;;;2;;;;2;;;.;2;2;;2;;1;11;;11;3352.8580895
6,018,856;1;1;1;80;11;;;;1;5;;2;;;10;;3;3;;2;;1;11;2;11;2170.3638473
6,018,856;1;2;1;80;11;;;;2;;;;1;4;9;;2;2;;2;;1;11;;11;2170.3638473
6,018,857;1;2;1;80;11;;;;1;4;;2;;;8;;2;2;;2;;1;11;4;11;3265.4032629
6,018,857;1;3;1;80;11;;;;1;3;;2;;;9;;2;2;;2;;1;11;4;11;3265.4032629
6,018,858;1;1;1;80;11;;;;1;9;TRASLADO DE PAIS;2;;;8;;2;2;;2;;1;11;4;11;3069.5373252
6,018,858;1;2;1;80;11;;;;1;3;;2;;;8;;2;2;;2;;1;11;4;11;3069.5373252
6,018,859;1;1;1;80;11;;;;1;3;;2;;;9;;2;2;;2;;1;11;4;11;3874.3765737
6,018,862;1;1;1;80;11;;;;1;9;POR PANDEMIA;2;;;12;POR PANDEMIA;3;3;;2;;1;11;2;11;2783.2973241
6,018,862;1;3;1;80;11;;;;2;;;;2;;;.;2;2;;2;;1;11;;11;2783.2973241
6,018,862;1;4;1;80;11;;;;2;;;;2;;;.;2;2;;2;;1;11;;11;2783.2973241
6,018,863;1;3;1;80;11;;;;2;;;;2;;;.;;;;2;;1;11;;11;4338.368365
6,018,864;1;1;1;80;11;;;;1;3;;2;;;6;;2;2;;2;;1;11;2;11;3515.4149691
6,018,867;1;1;1;80;11;;;;1;5;;2;;;10;;3;3;;2;;1;11;4;11;3340.1060224
6,018,867;1;2;1;80;11;;;;1;3;;2;;;9;;2;2;;2;;1;11;4;11;3340.1060224
6,018,867;1;3;1;80;11;;;;2;;;;2;;;.;2;2;;2;;1;11;;11;3340.1060224
6,018,867;1;4;1;80;11;;;;1;2;;2;;;2;;2;2;;2;;1;11;3;11;3340.1060224
6,018,871;1;1;1;80;11;;;;1;7;;2;;;8;;2;2;;2;;1;11;2;11;3204.8216738
6,018,871;1;2;1;80;11;;;;1;7;;2;;;8;;2;2;;2;;1;11;2;11;3204.8216738
6,018,872;1;2;1;80;11;;;;2;;;;2;;;.;3;3;;2;;1;11;;11;2869.9622924
6,018,874;1;2;1;80;11;;;;1;3;;2;;;9;;2;2;;2;;1;11;4;11;3454.83338
6,018,879;1;2;1;80;11;;;;1;9;PANDEMIA;2;;;8;;2;2;;2;;1;11;2;11;3069.5373252
6,018,880;1;1;1;80;11;;;;1;5;;2;;;10;;3;3;;2;;1;11;4;11;3069.5373252
6,018,880;1;2;1;80;11;;;;1;5;;2;;;10;;3;3;;2;;1;11;4;11;3069.5373252
6,018,883;1;5;1;80;11;;;;2;;;;2;;;.;2;2;;2;;1;11;;11;4024.0659747
6,018,884;1;2;1;80;11;1;40;954,000;1;1;;2;;;3;;1;2;;2;;1;11;3;11;2517.9752958
6,018,884;1;4;1;80;11;;;;2;;;;2;;;.;;;;2;;1;11;;11;2517.9752958
6,018,886;1;1;1;80;11;;;;1;4;;2;;;4;;3;3;;2;;1;11;4;11;3636.2942653
6,018,888;1;2;1;80;11;1;48;908,526;1;6;;2;;;12;PANDEMIA;2;2;;2;;1;11;2;11;3156.9921518
6,018,892;1;1;1;80;11;;;;1;5;;2;;;10;;3;3;;1;800,000;1;11;4;11;3156.9921518
6,018,892;1;2;1;80;11;;;;2;;;;2;;;.;2;2;;2;;1;11;;11;3156.9921518
6,018,892;1;3;1;80;11;;;;2;;;;2;;;.;;;;2;;1;11;;11;3156.9921518
6,018,894;1;3;1;80;11;;;;2;;;;2;;;.;2;2;;2;;1;11;;11;4338.368365
6,018,896;1;1;1;80;11;;;;1;4;;2;;;4;;3;3;;2;;1;11;4;11;3069.5373252
6,018,897;1;1;1;80;11;;;;1;5;;2;;;10;;3;3;;2;;1;11;3;11;2559.3689972
6,018,897;1;2;1;80;11;;;;1;5;;2;;;10;;3;3;;2;;1;11;4;11;2559.3689972
6,018,897;1;3;1;80;11;;;;1;3;;2;;;1;;2;2;;2;;1;11;3;11;2559.3689972
6,018,898;1;1;1;80;11;;;;1;5;;2;;;11;;3;3;;2;;1;11;4;11;2275.9328214
6,018,898;1;2;1;80;11;;;;1;8;;2;;;8;;2;2;;2;;1;11;4;11;2275.9328214
6,018,898;1;4;1;80;11;;;;2;;;;2;;;.;2;2;;2;;1;11;;11;2275.9328214
6,018,902;1;3;1;80;11;;;;2;;;;2;;;.;;;;2;;1;11;;11;4384.5449018
6,018,905;1;1;1;80;11;;;;1;5;;2;;;10;;3;3;;2;;1;11;4;11;3579.7056533
6,018,907;1;1;1;80;11;1;48;908,528;1;1;;1;;1;8;;1;2;;2;;1;11;1.3;11;2869.9622924
6,018,909;1;1;1;80;11;;;;1;3;;2;;;9;;2;2;;2;;1;11;4;11;2982.8723569
6,018,909;1;5;1;80;11;;;;2;;;;2;;;.;2;2;;2;;1;11;;11;2982.8723569
6,018,910;1;1;1;80;11;;;;2;;;;1;4;10;;3;3;;2;;1;11;;11;3319.5490314
6,018,913;1;1;1;80;11;;;;1;4;;2;;;8;;2;2;;2;;1;11;4;11;3319.5490314
6,018,915;1;2;1;80;11;;;;2;;;;2;;;.;;;;2;;1;11;;11;4221.3734523
6,018,917;1;1;1;80;11;;;;1;4;;2;;;4;;3;3;;2;;1;11;3;11;3069.5373252
6,018,917;1;2;1;80;11;;;;1;4;;2;;;4;;2;2;;2;;1;11;3;11;3069.5373252
6,018,918;1;1;1;80;11;;;;1;3;;2;;;9;;2;2;;2;;1;11;4;11;4565.3912172
6,018,923;1;1;1;80;11;;;;1;5;;2;;;10;;3;3;;1;3,000,000;1;11;4;11;3069.5373252
6,018,923;1;2;1;80;11;;;;2;;;;2;;;.;2;2;;2;;1;11;;11;3069.5373252
6,018,927;1;2;1;80;11;;;;1;4;;2;;;4;;2;2;;2;;1;11;3;11;3696.8758544
6,018,928;1;1;1;80;11;;;;1;3;;2;;;10;;3;3;;2;;1;11;4;11;3319.5490314
6,018,929;1;1;1;80;11;;;;1;9;PANDEMIA COVID;2;;;8;;2;2;;2;;1;11;2;11;5749.1344914
6,018,929;1;2;1;80;11;;;;2;;;;2;;;.;;;;2;;1;11;;11;5749.1344914
6,018,930;1;1;1;80;11;;;;1;5;;2;;;8;;3;3;;2;;1;11;3;11;2517.9752958
6,018,930;1;2;1;80;11;;;;1;3;;2;;;9;;2;2;;2;;1;11;4;11;2517.9752958
6,018,932;1;2;1;80;11;;;;1;7;;2;;;11;;2;2;;2;;1;11;3;11;3250.9982106
6,018,932;1;3;1;80;11;;;;2;;;;2;;;.;2;2;;2;;1;11;;11;3250.9982106
6,018,933;1;2;1;80;11;2;;98;2;;;;2;;;.;2;2;;2;;1;11;;11;4910.023552
6,018,933;1;3;1;80;11;;;;2;;;;2;;;.;;;;2;;1;11;;11;4910.023552
6,018,941;1;1;1;80;11;;;;1;5;;2;;;10;;3;3;;2;;1;11;3;11;3140.5309896
6,018,941;1;2;1;80;11;;;;1;3;;2;;;1;;2;2;;2;;1;11;4;11;3140.5309896
6,018,942;1;2;1;80;11;;;;2;;;;2;;;.;2;2;;2;;1;11;;11;3446.8641483
6,018,942;1;4;1;80;11;;;;2;;;;2;;;.;2;2;;2;;1;11;;11;3446.8641483
6,018,946;1;2;1;80;11;;;;1;3;;2;;;9;;1;2;;2;;1;11;4;11;3352.8580895
6,018,946;1;3;1;80;11;;;;2;;;;2;;;.;2;2;;2;;1;11;;11;3352.8580895
6,018,946;1;4;1;80;11;;;;2;;;;2;;;.;;;;2;;1;11;;11;3352.8580895
6,018,947;1;3;1;80;11;;;;2;;;;2;;;.;2;2;;2;;1;11;;11;3171.3972042
6,018,949;1;1;1;80;11;;;;1;5;;2;;;10;;3;3;;2;;1;11;4;11;3590.1177286
6,018,950;1;2;1;80;11;1;48;908,526;1;1;;2;;;8;;1;2;;2;;1;11;3;11;3110.8156151
6,018,950;1;3;1;80;11;2;;98;2;;;;2;;;.;2;2;;2;;1;11;;11;3110.8156151
6,018,951;1;1;1;80;11;;;;1;1;;2;;;4;;2;2;;2;;1;11;4;11;3186.7075263
6,018,951;1;4;1;80;11;;;;2;;;;2;;;.;2;2;;2;;1;11;;11;3186.7075263
6,018,954;1;4;1;80;11;;;;1;5;;2;;;10;;3;3;;2;;1;11;4;11;5240.4834858
6,018,955;1;1;1;80;11;;;;1;5;;2;;;8;;3;3;;2;;1;11;4;11;3464.9782958
6,018,956;1;1;1;80;11;;;;1;5;;2;;;11;;3;3;;2;;1;11;3;11;2827.3794393
6,018,956;1;2;1;80;11;;;;1;5;;2;;;9;;3;3;;2;;1;11;3;11;2827.3794393
6,018,956;1;3;1;80;11;;;;2;;;;2;;;.;2;2;;2;;1;11;;11;2827.3794393
6,018,956;1;4;1;80;11;;;;2;;;;2;;;.;2;2;;2;;1;11;;11;2827.3794393
6,018,957;1;2;1;80;11;;;;1;5;;2;;;10;;3;3;;2;;1;11;4;11;2725.5195603
6,018,957;1;3;1;80;11;;;;2;;;;2;;;.;2;2;;2;;1;11;;11;2725.5195603
6,018,960;1;1;1;80;11;;;;1;6;;2;;;6;;2;2;;2;;1;11;1.4;11;2979.1632618
6,018,960;1;2;1;80;11;;;;1;9;PANDEMIA;1;;2;9;;2;2;;2;;1;11;2;11;2979.1632618
6,018,960;1;5;1;80;11;;;;2;;;;2;;;.;2;2;;2;;1;11;;11;2979.1632618
6,018,960;1;6;1;80;11;;;;2;;;;2;;;.;2;2;;2;;1;11;;11;2979.1632618
6,018,961;1;3;1;80;11;;;;2;;;;2;;;.;;;;2;;1;11;;11;3171.3972042
6,018,962;1;1;1;80;11;;;;1;4;;2;;;4;;2;2;;2;;1;11;4;11;3204.8216738
6,018,962;1;2;1;80;11;;;;2;;;;1;4;9;;2;2;;2;;1;11;;11;3204.8216738
6,018,963;1;3;1;80;11;;;;2;;;;2;;;.;;;;2;;1;11;;11;4882.1364511
6,018,968;1;3;1;80;11;;;;2;;;;2;;;.;2;2;;2;;1;11;;11;3696.8758544
6,018,969;1;2;1;80;11;;;;2;;;;2;;;.;2;2;;2;;1;11;;11;3036.1128556
6,018,972;1;3;1;80;11;;;;2;;;;2;;;.;2;2;;2;;1;11;;11;3171.3972042
6,018,973;1;1;1;80;11;;;;1;5;;2;;;8;;3;3;;2;;1;11;4;11;1914.8586797
6,018,973;1;2;1;80;11;;;;1;1;;2;;;10;;1;2;;2;;1;11;2;11;1914.8586797
6,018,974;1;2;1;80;11;;;;1;5;;2;;;10;;3;3;;2;;1;11;4;11;3069.5373252
6,018,976;1;1;1;80;11;;;;1;5;;2;;;10;;3;3;;2;;1;11;4;11;3204.8216738
6,018,976;1;2;1;80;11;;;;1;3;;2;;;9;;2;2;;2;;1;11;3;11;3204.8216738
6,018,977;1;2;1;80;11;2;;98;1;7;;2;;;9;;2;2;;2;;1;11;4;11;3953.0723103
6,018,977;1;3;1;80;11;;;;2;;;;2;;;.;2;2;;2;;1;11;;11;3953.0723103
6,018,978;1;2;1;80;11;;;;2;;;;2;;;.;2;2;;2;;1;11;;11;3069.5373252
6,018,979;1;4;1;80;11;;;;2;;;;2;;;.;2;2;;2;;1;11;;11;3775.1722975
6,018,979;1;5;1;80;11;;;;2;;;;2;;;.;2;2;;2;;1;11;;11;3775.1722975
6,018,980;1;1;1;80;11;;;;2;;;;2;;;.;2;2;;2;;1;11;;11;4489.1711352
6,018,982;1;1;1;80;11;;;;1;5;;2;;;10;;3;3;;2;;1;11;4;11;4621.8045409
6,018,988;1;3;1;80;11;;;;2;;;;2;;;.;2;2;;2;;1;11;;11;3171.3972042
6,018,990;1;1;1;80;11;;;;1;4;;2;;;8;;2;2;;2;;1;11;4;11;3579.7056533
6,018,991;1;4;1;80;11;2;;1,000,000;1;8;;2;;;7;;2;2;;2;;1;11;1.1;11;3352.8580895
6,018,994;1;1;1;80;11;;;;1;7;;2;;;8;;2;2;;2;;1;11;1.2;11;3461.193418
6,018,994;1;2;1;80;11;;;;1;5;;2;;;10;;3;3;;2;;1;11;4;11;3461.193418
6,018,994;1;5;1;80;11;;;;2;;;;2;;;.;;;;2;;1;11;;11;3461.193418
6,018,996;1;1;1;80;11;;;;1;5;;2;;;10;;3;3;;2;;1;11;4;11;3579.7056533
6,018,997;1;1;1;80;11;1;48;908,526;1;8;;2;;;8;;2;2;;2;;1;11;1.4;11;2827.3794393
6,018,997;1;4;1;80;11;;;;2;;;;2;;;.;2;2;;2;;1;11;;11;2827.3794393
6,018,998;1;2;1;80;11;;;;1;4;;2;;;8;;2;2;;2;;1;11;4;11;2869.9622924
6,019,001;1;1;1;80;11;;;;1;5;;2;;;10;;3;3;;2;;1;11;4;11;2525.9445275
6,019,002;1;1;1;80;11;;;;1;5;;2;;;10;;3;3;;1;6,000,000;1;11;4;11;4297.0900752
6,019,002;1;2;1;80;11;;;;1;3;;2;;;9;;2;2;;2;;1;11;1.4;11;4297.0900752
6,019,003;1;2;1;80;11;;;;1;3;;2;;;9;;2;2;;2;;1;11;2;11;3667.1604799
6,019,004;1;2;1;80;11;1;48;908,526;1;3;;1;;1;1;;1;2;;2;;1;11;4;11;5867.6467266
6,019,005;1;2;1;80;11;;;;2;;;;2;;;.;2;2;;2;;1;11;;11;2434.4967238
6,019,005;1;4;1;80;11;;;;1;5;;2;;;10;;3;3;;2;;1;11;4;11;2434.4967238
6,019,006;1;1;1;80;11;;;;1;5;;2;;;8;;3;3;;2;;1;11;4;11;3850.2743505
6,019,007;1;1;1;80;11;;;;2;;;;2;;;.;2;2;;2;;1;11;;11;2809.3807033
6,019,008;1;4;1;80;11;;;;1;3;;2;;;9;;2;2;;2;;1;11;2;11;4765.5808199
6,019,009;1;1;1;80;11;;;;1;5;;2;;;8;;3;3;;2;;1;11;4;11;3319.5490314
6,019,010;1;4;1;80;11;;;;2;;;;2;;;.;2;2;;2;;1;11;;11;3352.8580895
6,019,012;1;2;1;80;11;;;;2;;;;2;;;.;2;2;;2;;1;11;;11;4519.8292504
6,019,012;1;3;1;80;11;;;;2;;;;2;;;.;2;2;;2;;1;11;;11;4519.8292504
6,019,012;1;4;1;80;11;;;;2;;;;2;;;.;2;2;;2;;1;11;;11;4519.8292504
6,019,014;1;2;1;80;11;;;;1;3;;2;;;8;;2;2;;2;;1;11;4;11;3567.7434445
6,019,014;1;4;1;80;11;;;;2;;;;2;;;.;2;2;;2;;1;11;;11;3567.7434445
6,019,017;1;1;1;80;11;;;;1;9;POR PANDEMIA;2;;;1;;2;2;;2;;1;11;2;11;2411.21717
6,019,017;1;2;1;80;11;;;;1;5;;2;;;10;;3;3;;2;;1;11;3;11;2411.21717
6,019,017;1;5;1;80;11;;;;2;;;;2;;;.;;;;2;;1;11;;11;2411.21717
6,019,018;1;2;1;80;11;;;;1;7;;2;;;4;;2;2;;2;;1;11;4;11;2860.8039089
6,019,018;1;4;1;80;11;;;;2;;;;2;;;.;2;2;;2;;1;11;;11;2860.8039089
6,019,019;1;5;1;80;11;;;;1;1;;2;;;8;;2;2;;2;;1;11;2;11;5375.7678344
6,019,020;1;1;1;80;11;;;;1;3;;2;;;9;;2;2;;2;;1;11;4;11;4172.2178019
6,019,021;1;1;1;80;11;;;;1;4;;2;;;8;;2;2;;2;;1;11;4;11;3579.7056533
6,019,027;1;1;1;80;11;;;;1;5;;2;;;10;;3;3;;1;3,000,000;1;11;4;11;2109.7822582
6,019,027;1;2;1;80;11;;;;1;3;;2;;;9;;2;2;;2;;1;11;2;11;2109.7822582
6,019,028;1;1;1;80;11;;;;1;5;;2;;;10;;3;3;;2;;1;11;4;11;2809.3807033
6,019,028;1;2;1;80;11;;;;1;5;;2;;;10;;3;3;;2;;1;11;4;11;2809.3807033
6,019,029;1;3;1;80;11;;;;2;;;;2;;;.;;;;2;;1;11;;11;4863.8470153
6,019,031;1;3;1;80;11;;;;2;;;;2;;;.;;;;2;;1;11;;11;3907.0710619
6,019,032;1;2;1;80;11;;;;1;5;;2;;;12;PANDEMIA;3;3;;2;;1;11;2;11;3204.8216738
6,019,032;1;3;1;80;11;2;;1,200,000;1;2;;2;;;2;;2;2;;2;;1;11;2;11;3204.8216738
6,019,033;1;5;1;80;11;;;;2;;;;2;;;.;;;;2;;1;11;;11;2483.3616744
6,019,038;1;3;1;80;11;;;;2;;;;2;;;.;;;;2;;1;11;;11;3171.3972042
6,019,040;1;4;1;80;11;2;;908,526;2;;;;2;;;.;2;2;;2;;1;11;;11;3488.1424381
6,019,041;1;1;1;80;11;;;;1;5;;2;;;10;;3;3;;2;;1;11;4;11;3005.246641
6,019,042;1;1;1;80;11;;;;1;4;;2;;;8;;1;2;;2;;1;11;3;11;3204.8216738
6,019,042;1;2;1;80;11;;;;1;5;;2;;;8;;2;2;;2;;1;11;4;11;3204.8216738
6,019,045;1;1;1;80;11;;;;1;5;;2;;;10;;3;3;;2;;1;11;4;11;3454.83338
6,019,046;1;3;1;80;11;;;;2;;;;2;;;.;2;2;;2;;1;11;;11;3352.8580895
6,019,046;1;4;1;80;11;;;;2;;;;2;;;.;2;2;;2;;1;11;;11;3352.8580895
6,019,047;1;3;1;80;11;;;;2;;;;2;;;.;2;2;;2;;1;11;;11;4036.9334533
6,019,050;1;2;1;80;11;;;;2;;;;2;;;.;;;;2;;1;11;;11;3036.1128556
6,019,051;1;1;1;80;11;;;;2;;;;2;;;.;2;2;;2;;1;11;;11;3265.4032629
6,019,055;1;4;1;80;11;;;;1;4;;2;;;8;;2;2;;2;;1;11;4;11;5482.3506719
6,019,166;1;2;1;80;17;;;;2;;;;2;;;.;2;2;;2;;1;11;;17;186.22411238
6,019,167;1;2;1;80;17;;;;1;3;;2;;;9;;2;2;;2;;1;11;4;17;157.93634345
6,019,168;1;2;1;80;17;;;;1;2;;2;;;2;;2;2;;2;;1;11;1.1;17;253.38021138
6,019,172;1;1;1;80;17;;;;1;3;;2;;;8;;2;2;;2;;1;11;2;17;358.42980169
6,019,173;1;1;1;80;17;;;;1;5;;2;;;10;;2;2;;2;;1;11;4;17;218.65619656
6,019,173;1;2;1;80;17;;;;1;4;;2;;;11;;2;2;;2;;1;11;4;17;218.65619656
6,019,173;1;4;1;80;17;;;;2;;;;2;;;.;2;2;;2;;1;11;;17;218.65619656
6,019,174;1;1;1;80;17;;;;1;4;;2;;;4;;3;3;;2;;1;11;4;17;235.96781397
6,019,178;1;1;1;80;17;;;;2;;;;2;;;.;2;2;;2;;1;11;;17;157.93634345
6,019,178;1;2;1;80;17;;;;1;4;;2;;;4;;2;2;;2;;1;11;3;17;157.93634345
6,019,179;1;2;1;80;17;;;;1;3;;2;;;9;;2;2;;2;;1;11;1.4;17;264.73700882
6,019,179;1;3;1;80;17;;;;2;;;;2;;;.;2;2;;2;;1;11;;17;264.73700882
6,019,180;1;3;1;80;17;;;;2;;;;1;4;10;;3;3;;2;;1;11;;17;148.44628145
6,019,193;1;1;1;80;17;;;;2;;;;2;;;.;2;2;;2;;1;11;;17;215.60249025
6,019,196;1;2;1;80;17;;;;1;7;;2;;;9;;2;2;;2;;1;11;3;17;149.28053475
6,019,196;1;3;1;80;17;;;;2;;;;2;;;.;2;2;;2;;1;11;;17;149.28053475
6,019,197;1;1;1;80;17;;;;1;3;;2;;;9;;2;2;;2;;1;11;4;17;188.38918134
6,019,197;1;3;1;80;17;;;;2;;;;2;;;.;2;2;;2;;1;11;;17;188.38918134
6,019,197;1;4;1;80;17;;;;2;;;;2;;;.;2;2;;2;;1;11;;17;188.38918134
6,019,198;1;1;1;80;17;;;;1;5;;2;;;10;;3;3;;2;;1;11;4;17;172.07591296
6,019,198;1;2;1;80;17;;;;2;;;;2;;;.;2;2;;2;;1;11;;17;172.07591296
6,019,199;1;2;1;80;17;;;;1;7;;2;;;9;;2;2;;2;;1;11;2;17;256.82319352
6,019,201;1;2;1;80;17;;;;2;;;;2;;;.;2;2;;2;;1;11;;17;193.71766829
6,019,202;1;5;1;80;17;;;;2;;;;2;;;.;;;;2;;1;11;;17;404.86333153
6,019,203;1;3;1;80;17;;;;2;;;;2;;;.;2;2;;2;;1;11;;17;323.85500222
6,019,207;1;1;1;80;17;;;;2;;;;2;;;.;2;2;;2;;1;11;;17;215.33750471
6,019,207;1;4;1;80;17;;;;2;;;;2;;;.;2;2;;2;;1;11;;17;215.33750471
6,019,209;1;3;1;80;17;;;;2;;;;2;;;.;2;2;;2;;1;11;;17;103.84433747
6,019,211;1;2;1;80;17;;;;2;;;;2;;;.;2;2;;2;;1;11;;17;134.30671193
6,019,214;1;1;1;80;17;;;;2;;;;2;;;.;2;2;;2;;1;11;;17;157.93634345
6,019,214;1;2;1;80;17;;;;1;5;;2;;;10;;3;3;;2;;1;11;4;17;157.93634345
6,019,215;1;3;1;80;17;;;;2;;;;2;;;.;2;2;;2;;1;11;;17;200.3636819
6,019,217;1;1;1;80;17;;;;1;2;;2;;;2;;2;2;;2;;1;11;1.3;17;221.82824445
6,019,219;1;1;1;80;17;;;;1;5;;2;;;10;;3;3;;2;;1;11;4;17;157.93634345
6,019,219;1;2;1;80;17;;;;2;;;;2;;;.;2;2;;2;;1;11;;17;157.93634345
6,019,220;1;1;1;80;17;;;;1;5;;2;;;10;;3;3;;2;;1;11;4;17;208.2774972
6,019,220;1;2;1;80;17;;;;2;;;;2;;;.;2;2;;2;;1;11;;17;208.2774972
6,019,220;1;3;1;80;17;;;;2;;;;2;;;.;2;2;;2;;1;11;;17;208.2774972
6,019,220;1;4;1;80;17;;;;2;;;;2;;;.;2;2;;2;;1;11;;17;208.2774972
6,019,221;1;1;1;80;17;;;;1;4;;2;;;4;;2;2;;2;;1;11;3;17;227.31200526
6,019,222;1;1;1;80;17;;;;2;;;;2;;;.;2;2;;2;;1;11;;17;195.02656504
6,019,225;1;1;1;80;17;;;;1;4;;2;;;11;;2;2;;2;;1;11;2;17;200.3636819
6,019,225;1;2;1;80;17;;;1,150,000;1;7;;1;;2;7;;2;2;;2;;1;11;2;17;200.3636819
6,019,225;1;3;1;80;17;;;;2;;;;2;;;.;2;2;;2;;1;11;;17;200.3636819
6,019,227;1;3;1;80;17;;;;2;;;;2;;;.;2;2;;2;;1;11;;17;200.3636819
6,019,228;1;1;1;80;17;;;;1;5;;2;;;10;;3;3;;2;;1;11;4;17;165.85015876
6,019,228;1;2;1;80;17;;;;1;3;;2;;;9;;2;2;;2;;1;11;4;17;165.85015876
6,019,229;1;1;1;80;17;;;;1;7;;2;;;9;;2;2;;2;;1;11;2;17;184.89318692
6,019,232;1;1;1;80;17;;;;1;3;;2;;;9;;2;2;;2;;1;11;4;17;111.94488212
6,019,232;1;3;1;80;17;;;;2;;;;2;;;.;2;2;;2;;1;11;;17;111.94488212
6,019,232;1;4;1;80;17;;;;1;4;;2;;;4;;2;2;;2;;1;11;4;17;111.94488212
6,019,233;1;1;1;80;17;;;;1;3;;2;;;9;;2;2;;2;;1;11;1.2;17;199.03286623
6,019,234;1;2;1;80;17;;;;1;9;POR PANDEMIA;2;;;9;;2;2;;2;;1;11;2;17;323.97929251
6,019,234;1;5;1;80;17;;;;2;;;;2;;;.;;;;2;;1;11;;17;323.97929251
6,019,238;1;2;1;80;17;;;;2;;;;2;;;.;2;2;;2;;1;11;;17;229.74205976
6,019,240;1;2;1;80;17;;;;1;3;;2;;;9;;2;2;;2;;1;11;2;17;256.82319352
6,019,242;1;2;1;80;17;;;;1;6;;2;;;2;;1;2;;2;;1;11;2;17;177.41302982
6,019,245;1;3;1;80;17;;;;1;4;;2;;;4;;2;2;;2;;1;11;4;17;168.91249497
6,019,247;1;1;1;80;17;;;;1;3;;2;;;9;;2;2;;2;;1;11;4;17;166.74742601
6,019,249;1;3;1;80;17;;;;1;9;POR PANDEMIA;2;;;8;;2;2;;2;;1;11;2;17;240.12927921
6,019,249;1;4;1;80;17;;;;1;4;;2;;;4;;2;2;;2;;1;11;3;17;240.12927921
6,019,251;1;1;1;80;17;;;;1;4;;2;;;4;;1;1;1;2;;1;11;2;17;256.82319352
6,019,253;1;2;1;80;17;;;;2;;;;2;;;.;2;2;;2;;1;11;;17;242.55933371
6,019,254;1;1;1;80;17;;;;1;4;;2;;;4;;2;2;;2;;1;11;3;17;199.03286623
6,019,259;1;2;1;80;17;;;;2;;;;2;;;.;2;2;;2;;1;11;;17;189.54280423
6,020,153;1;1;1;80;50;;;;1;3;;2;;;8;;2;2;;2;;1;11;4;50;276.98277011
6,020,158;1;1;1;80;50;;;;1;3;;2;;;9;;2;2;;2;;1;11;4;50;256.10241026
6,020,167;1;1;1;80;50;;;;1;9;POR LA PANDEMIA;2;;;9;;2;2;;2;;1;11;2;50;256.43125977
6,020,167;1;3;1;80;50;;;;2;;;;2;;;.;2;2;;2;;1;11;;50;256.43125977
6,020,168;1;1;1;80;50;;;;1;7;;2;;;12;ESTA ESPERANDO CUMPLIR LA EDAD PARA PENSIONARSE;1;2;;2;;1;11;4;50;223.08033206
6,020,168;1;2;1;80;50;;;;1;3;;2;;;9;;2;2;;2;;1;11;4;50;223.08033206
6,020,168;1;3;1;80;50;;;;2;;;;2;;;.;2;2;;2;;1;11;;50;223.08033206
6,020,169;1;2;1;80;50;;;;2;;;;2;;;.;2;2;;2;;1;11;;50;264.04848576
6,020,169;1;3;1;80;50;;;;2;;;;2;;;.;2;2;;2;;1;11;;50;264.04848576
6,020,179;1;2;1;80;50;;;;1;3;;2;;;9;;2;2;;2;;1;11;3;50;315.20920482
6,020,186;1;1;1;80;50;;;;1;4;;2;;;4;;2;2;;2;;1;11;4;50;220.33861307
6,020,189;1;4;1;80;50;;;;2;;;;2;;;.;2;2;;2;;1;11;;50;289.99702696
6,020,190;1;1;1;80;50;;;;1;5;;2;;;10;;3;3;;2;;1;11;4;50;258.56504778
6,020,191;1;3;1;80;50;;;;2;;;;2;;;.;;;;2;;1;11;;50;259.17297876
6,020,191;1;4;1;80;50;;;;2;;;;2;;;.;;;;2;;1;11;;50;259.17297876
6,020,193;1;3;1;80;50;;;;2;;;;2;;;.;;;;2;;1;11;;50;280.17132288
6,020,197;1;3;1;80;50;;;;2;;;;2;;;.;2;2;;2;;1;11;;50;187.38077686
6,020,197;1;4;1;80;50;;;;1;4;;2;;;4;;2;2;;2;;1;11;1.4;50;187.38077686
6,020,198;1;2;1;80;50;;;;2;;;;2;;;.;2;2;;2;;1;11;;50;335.30595788
6,020,200;1;1;1;80;50;;;;1;3;;2;;;8;;2;2;;2;;1;11;4;50;256.10241026
6,020,204;1;2;1;80;50;;;;1;4;;2;;;9;;2;2;;2;;1;11;2;50;208.10003951
6,020,205;1;2;1;80;50;;;;2;;;;2;;;.;2;2;;2;;1;11;;50;225.60721156
6,020,205;1;3;1;80;50;;;;2;;;;2;;;.;;;;2;;1;11;;50;225.60721156
6,020,208;1;3;1;80;50;;;;1;5;;2;;;10;;3;3;;2;;1;11;4;50;402.10864275
6,020,209;1;3;1;80;50;;;;2;;;;2;;;.;2;2;;2;;1;11;;50;240.91635362
6,020,209;1;4;1;80;50;;;;2;;;;2;;;.;2;2;;2;;1;11;;50;240.91635362
6,020,209;1;5;1;80;50;;;;2;;;;2;;;.;2;2;;2;;1;11;;50;240.91635362
6,020,209;1;6;1;80;50;;;;2;;;;2;;;.;;;;2;;1;11;;50;240.91635362
6,020,213;1;3;1;80;50;;;;1;2;;2;;;2;;2;2;;2;;1;11;2;50;235.43291564
6,020,213;1;4;1;80;50;;;;2;;;;2;;;.;;;;2;;1;11;;50;235.43291564
6,020,215;1;3;1;80;50;;;;1;9;ESTABA HOSPITALIZADO;2;;;12;ESTA EN RECUPERACION;2;2;;2;;1;11;1.2;50;311.20695699
6,020,215;1;4;1;80;50;;;;2;;;;2;;;.;2;2;;2;;1;11;;50;311.20695699
6,020,215;1;5;1;80;50;;;;2;;;;2;;;.;2;2;;2;;1;11;;50;311.20695699
6,020,218;1;1;1;80;50;;;;1;3;;2;;;9;;2;2;;2;;1;11;4;50;289.66817745
6,020,221;1;1;1;80;52;;;;1;4;;2;;;4;;2;2;;2;;1;11;4;52;219.27350907
6,020,221;1;3;1;80;52;;;;2;;;;2;;;.;;;;2;;1;11;;52;219.27350907
6,020,222;1;2;1;80;52;;;;1;3;;2;;;9;;2;2;;2;;1;11;4;52;185.81975871
6,020,222;1;3;1;80;52;;;;2;;;;2;;;.;2;2;;2;;1;11;;52;185.81975871
6,020,222;1;4;1;80;52;;;;2;;;;2;;;.;;;;2;;1;11;;52;185.81975871
6,020,223;1;1;1;80;52;;;;1;5;;2;;;8;;3;3;;2;;1;11;4;52;186.59033149
6,020,224;1;3;1;80;52;;;;2;;;;2;;;.;;;;2;;1;11;;52;282.02193861
6,020,227;1;4;1;80;52;;;;2;;;;2;;;.;2;2;;2;;1;11;;52;199.49162421
6,020,228;1;1;1;80;52;1;24;3,000,000;1;9;PANDEMIA;2;;;8;;3;3;;2;;1;11;2;52;181.38279318
6,020,228;1;2;1;80;52;;;;1;5;;2;;;10;;3;3;;2;;1;11;4;52;181.38279318
6,020,230;1;1;1;80;52;;;;1;3;;2;;;9;;2;2;;2;;1;11;4;52;179.74190762
6,020,230;1;2;1;80;52;;;;2;;;;2;;;.;2;2;;2;;1;11;;52;179.74190762
6,020,230;1;4;1;80;52;;;;2;;;;2;;;.;;;;2;;1;11;;52;179.74190762
6,020,231;1;1;1;80;52;;;;1;4;;2;;;8;;2;2;;2;;1;11;4;52;186.59033149
6,020,232;1;1;1;80;52;1;40;1,200,000;1;5;;2;;;10;;3;3;;2;;1;11;3;52;197.79663266
6,020,232;1;3;1;80;52;;;908,526;2;;;;1;1;2;;2;2;;2;;1;11;;52;197.79663266
6,020,233;1;3;1;80;52;;;;2;;;;1;2;2;;2;2;;2;;1;11;;52;203.28058062
6,020,233;1;4;1;80;52;;;;1;1;;2;;;2;;2;2;;2;;1;11;1.3;52;203.28058062
6,020,233;1;5;1;80;52;;;;2;;;;2;;;.;;;;2;;1;11;;52;203.28058062
6,020,234;1;3;1;80;52;;;;2;;;;2;;;.;2;2;;2;;1;11;;52;278.68606151
6,020,234;1;5;1;80;52;;;;1;3;;2;;;4;;2;2;;2;;1;11;4;52;278.68606151
6,020,235;1;1;1;80;52;;;;1;4;;2;;;8;;2;2;;2;;1;11;4;52;181.38279318
6,020,235;1;2;1;80;52;;;;1;5;;2;;;10;;3;3;;2;;1;11;4;52;181.38279318
6,020,238;1;1;1;80;52;;;;1;4;;2;;;4;;2;2;;2;;1;11;3;52;186.59033149
6,020,239;1;2;1;80;52;;;;1;1;;2;;;9;;2;2;;2;;1;11;1.3;52;329.65406087
6,020,241;1;2;1;80;52;;;;2;;;;2;;;.;2;2;;2;;1;11;;52;275.18498034
6,020,241;1;3;1;80;52;;;;2;;;;2;;;.;2;2;;2;;1;11;;52;275.18498034
6,020,242;1;2;1;80;52;;;;1;8;;2;;;2;;2;2;;2;;1;11;1.3;52;203.00417097
6,020,245;1;1;1;80;52;;;;1;4;;2;;;4;;2;2;;2;;1;11;1.3;52;187.13080753
6,020,245;1;2;1;80;52;2;;500,000;1;7;;2;;;9;;2;2;;2;;1;11;2;52;187.13080753
6,020,248;1;2;1;80;52;;;;1;4;;2;;;4;;2;2;;2;;1;11;4;52;181.38279318
6,020,249;1;1;1;80;52;;;;1;8;;2;;;4;;2;2;;2;;1;11;2;52;200.26219699
6,020,250;1;2;1;80;52;;;;1;3;;2;;;9;;2;2;;2;;1;11;2;52;271.28849086
6,020,251;1;1;1;80;52;;;;1;5;;2;;;10;;3;3;;2;;1;11;3;52;202.24010533
6,020,251;1;2;1;80;52;;;;1;5;;2;;;10;;3;3;;2;;1;11;3;52;202.24010533
6,020,252;1;3;1;80;52;;;;2;;;;2;;;.;2;2;;2;;1;11;;52;232.40489853
6,020,253;1;2;1;80;52;;;;1;2;;2;;;2;;2;2;;2;;1;11;1.3;52;201.95718854
6,020,254;1;2;1;80;52;1;25;500,000;1;8;;2;;;1;;2;2;;2;;1;11;3;52;219.78001546
6,020,256;1;2;1;80;52;;;;2;;;;2;;;.;2;2;;2;;1;11;;52;203.00417097
6,020,260;1;5;1;80;52;2;;200,000;2;;;;1;2;2;;2;2;;2;;1;11;;52;238.93582892
6,020,262;1;1;1;80;52;;;;1;9;PANDEMIA;2;;;8;;2;2;;2;;1;11;2;52;146.55222365
6,020,264;1;2;1;80;52;;;;2;;;;2;;;.;2;2;;2;;1;11;;52;301.94832486
6,020,265;1;1;1;80;52;;;;1;5;;2;;;10;;3;3;;2;;1;11;4;52;186.59033149
6,020,268;1;1;1;80;52;;;;1;3;;2;;;9;;2;2;;2;;1;11;4;52;181.38279318
6,020,268;1;2;1;80;52;;;;1;5;;2;;;8;;3;3;;2;;1;11;4;52;181.38279318
6,020,269;1;2;1;80;52;;;;1;2;;2;;;2;;2;2;;2;;1;11;1.2;52;204.69916252
6,020,269;1;3;1;80;52;;;;2;;;;2;;;.;;;;2;;1;11;;52;204.69916252
6,020,270;1;1;1;80;52;;;;1;5;;2;;;8;;3;3;;2;;1;11;4;52;181.38279318
6,020,270;1;2;1;80;52;;;;1;3;;2;;;9;;2;2;;2;;1;11;4;52;181.38279318
6,020,271;1;3;1;80;52;;;;2;;;;2;;;.;2;2;;2;;1;11;;52;233.45188096
6,020,272;1;3;1;80;52;;;;2;;;;2;;;.;2;2;;2;;1;11;;52;184.6652432
6,020,274;1;2;1;80;52;;;600,000;1;3;;2;;;9;;2;2;;2;;1;11;2;52;179.74190762
6,020,274;1;3;1;80;52;2;;500,000;2;;;;1;1;4;;2;2;;2;;1;11;;52;179.74190762
6,020,274;1;4;1;80;52;;;;1;5;;2;;;10;;3;3;;2;;1;11;4;52;179.74190762
6,020,275;1;2;1;80;52;;;;2;;;;2;;;.;;;;2;;1;11;;52;301.94832486
6,020,278;1;1;1;80;52;;;;1;4;;2;;;4;;2;2;;2;;1;11;4;52;186.59033149
6,020,279;1;1;1;80;52;;;;1;5;;2;;;10;;3;3;;1;50,000;1;11;4;52;295.98818649
6,020,283;1;1;1;80;52;;;;1;4;;2;;;4;;2;2;;2;;1;11;3;52;203.00417097
6,020,283;1;2;1;80;52;;;;2;;;;2;;;.;2;2;;2;;1;11;;52;203.00417097
6,020,286;1;2;1;80;52;;;;1;3;;2;;;9;;1;2;;2;;1;11;4;52;330.19453691
6,020,286;1;5;1;80;52;1;40;908,526;1;8;;2;;;6;;2;2;;2;;1;11;1.2;52;330.19453691
6,020,287;1;1;1;80;52;;;;1;5;;2;;;10;;3;3;;2;;1;11;4;52;186.59033149
6,020,288;1;2;1;80;52;;;;2;;;;2;;;.;2;2;;2;;1;11;;52;201.95718854
6,020,289;1;2;1;80;52;;;;1;3;;2;;;9;;2;2;;2;;1;11;4;52;235.14687251
6,020,289;1;3;1;80;52;;;;2;;;;2;;;.;2;2;;2;;1;11;;52;235.14687251
6,020,289;1;4;1;80;52;;;;2;;;;2;;;.;2;2;;2;;1;11;;52;235.14687251
6,020,292;1;1;1;80;52;;;;1;5;;2;;;8;;2;2;;2;;1;11;4;52;174.53436931
6,020,292;1;2;1;80;52;;;;1;3;;2;;;9;;2;2;;2;;1;11;4;52;174.53436931
6,020,292;1;5;1;80;52;;;;1;7;;2;;;2;;2;2;;2;;1;11;2;52;174.53436931
6,020,293;1;1;1;80;52;;;;1;7;;2;;;9;;2;2;;2;;1;11;4;52;233.45188096
6,020,293;1;3;1;80;52;;;;2;;;;2;;;.;2;2;;2;;1;11;;52;233.45188096
6,020,295;1;2;1;80;52;;;;1;3;;2;;;9;;2;2;;2;;1;11;4;52;271.28849086
6,020,296;1;4;1;80;52;;;;2;;;;2;;;.;2;2;;2;;1;11;;52;235.14687251
6,020,298;1;2;1;80;52;;;;2;;;;2;;;.;2;2;;2;;1;11;;52;301.44181847
6,020,299;1;2;1;80;52;;;;1;7;;2;;;9;;2;2;;2;;1;11;4;52;181.38279318
6,020,300;1;3;1;80;52;;;;2;;;;2;;;.;2;2;;2;;1;11;;52;274.03046484
6,020,301;1;2;1;80;52;;;;1;4;;2;;;4;;1;2;;2;;1;11;4;52;120.15015241
6,020,301;1;3;1;80;52;;;;2;;;;2;;;.;2;2;;2;;1;11;;52;120.15015241
6,020,303;1;1;1;80;52;;;;1;4;;2;;;4;;2;2;;2;;1;11;2;52;181.38279318
6,020,303;1;2;1;80;52;;;;1;3;;2;;;9;;2;2;;2;;1;11;2;52;181.38279318
6,020,304;1;1;1;80;52;2;;900,000;1;9;PANDEMIA;1;;1;12;POR EMBARAZO;2;2;;2;;1;11;2;52;339.78493475
6,020,305;1;2;1;80;52;;;;1;3;;2;;;9;;2;2;;2;;1;11;4;52;184.12476715
6,020,305;1;3;1;80;52;;;;2;;;;2;;;.;2;2;;2;;1;11;;52;184.12476715
6,020,306;1;1;1;80;52;;;;1;3;;2;;;9;;2;2;;2;;1;11;3;52;442.62557813
6,020,307;1;1;1;80;52;;;;1;6;;2;;;9;;2;2;;2;;1;11;4;52;176.99993364
6,020,308;1;2;1;80;52;;;;2;;;;2;;;.;;;;2;;1;11;;52;201.95718854
6,020,309;1;1;1;80;52;;;;1;8;;2;;;4;;2;2;;2;;1;11;4;52;144.08665932
6,020,309;1;2;1;80;52;;;;1;5;;2;;;10;;3;3;;2;;1;11;3;52;144.08665932
6,020,309;1;4;1;80;52;;;;1;2;;2;;;2;;2;2;;2;;1;11;1.2;52;144.08665932
6,020,310;1;3;1;80;52;;;;1;2;;2;;;2;;2;2;;2;;1;11;2;52;197.79663266
6,020,312;1;1;1;80;52;;;;1;4;;2;;;4;;1;1;2;2;;1;11;3;52;181.38279318
6,020,312;1;2;1;80;52;;;;1;5;;2;;;10;;3;3;;2;;1;11;4;52;181.38279318
6,020,313;1;1;1;80;52;;;;1;4;;2;;;4;;2;2;;1;90,000;1;11;1.2;52;195.05465868
6,020,313;1;2;1;80;52;;;;1;4;;2;;;4;;2;2;;2;;1;11;4;52;195.05465868
6,020,314;1;1;1;80;52;;;;1;9;LA PANDEMIA;2;;;11;;3;3;;2;;1;11;2;52;196.74965023
6,020,314;1;2;1;80;52;;;;1;3;;2;;;9;;2;2;;2;;1;11;4;52;196.74965023
6,020,315;1;2;1;80;52;;;;2;;;;2;;;.;;;;2;;1;11;;52;242.53577242
6,020,316;1;1;1;80;52;;;;1;4;;2;;;4;;2;2;;2;;1;11;4;52;167.12533307
6,020,316;1;2;1;80;52;;;;1;3;;2;;;9;;2;2;;2;;1;11;4;52;167.12533307
6,020,316;1;6;1;80;52;;;;1;4;;2;;;4;;3;3;;2;;1;11;4;52;167.12533307
6,020,318;1;1;1;80;52;;;;1;4;;2;;;8;;2;2;;2;;1;11;4;52;149.29419763
6,020,318;1;3;1;80;52;;;;2;;;;2;;;.;2;2;;2;;1;11;;52;149.29419763
6,020,323;1;1;1;80;52;;;;1;4;;2;;;4;;2;2;;2;;1;11;4;52;120.15015241
6,020,323;1;4;1;80;52;;;;2;;;;2;;;.;2;2;;2;;1;11;;52;120.15015241
6,020,323;1;5;1;80;52;;;;1;2;;2;;;2;;2;2;;2;;1;11;2;52;120.15015241
6,020,325;1;1;1;80;52;;;;1;5;;2;;;10;;3;3;;2;;1;11;4;52;244.72580476
6,020,325;1;2;1;80;52;;;;1;3;;2;;;9;;2;2;;2;;1;11;4;52;244.72580476
6,020,325;1;4;1;80;52;;;;1;8;;2;;;2;;2;2;;2;;1;11;2;52;244.72580476
6,020,325;1;5;1;80;52;;;;1;8;;2;;;2;;2;2;;2;;1;11;2;52;244.72580476
6,020,326;1;1;1;80;52;;;;1;5;;2;;;10;;3;3;;2;;1;11;1.4;52;271.28849086
6,020,326;1;2;1;80;52;;;;1;8;;2;;;9;;2;2;;2;;1;11;3;52;271.28849086
6,020,327;1;1;1;80;52;;;;1;5;;2;;;10;;3;3;;2;;1;11;4;52;270.73654922
6,020,327;1;2;1;80;52;;;;1;3;;2;;;9;;2;2;;2;;1;11;4;52;270.73654922
6,020,328;1;1;1;80;52;;;;1;1;;2;;;8;;2;2;;2;;1;11;3;52;326.43589649
6,020,328;1;2;1;80;52;;;;2;;;;2;;;.;2;2;;2;;1;11;;52;326.43589649
6,020,329;1;2;1;80;52;1;24;600,000;2;;;;2;;;.;2;2;;2;;1;11;;52;242.53577242
6,020,330;1;1;1;80;52;2;;908,526;1;2;;1;;2;2;;1;2;;2;;1;11;2;52;200.26219699
6,020,331;1;1;1;80;52;1;48;800,000;1;6;;2;;;1;;2;2;;2;;1;11;2;52;141.34468534
6,020,331;1;3;1;80;52;;;;1;5;;2;;;10;;3;3;;2;;1;11;4;52;141.34468534
6,020,332;1;2;1;80;52;;;;1;3;;2;;;9;;2;2;;2;;1;11;4;52;273.4785232
6,020,334;1;2;1;80;52;;;;2;;;;2;;;.;;;;2;;1;11;;52;300.90134243
6,020,335;1;2;1;80;52;;;;2;;;;2;;;.;2;2;;2;;1;11;;52;273.48998879
6,020,336;1;2;1;80;52;;;;1;3;;2;;;9;;2;2;;2;;1;11;4;52;181.38279318
6,020,339;1;1;1;80;52;;;;1;3;;2;;;9;;2;2;;2;;1;11;4;52;120.15015241
6,020,343;1;1;1;80;52;;;;1;3;;2;;;9;;2;2;;2;;1;11;4;52;263.89959095
6,020,343;1;4;1;80;52;;;;2;;;;2;;;.;2;2;;2;;1;11;;52;263.89959095
6,020,345;1;2;1;80;52;;;;2;;;;2;;;.;;;;2;;1;11;;52;201.95718854
6,020,346;1;1;1;80;52;;;;1;9;LA PANDEMIA;2;;;9;;3;2;;2;;1;11;3;52;229.8852282
6,020,346;1;2;1;80;52;;;;2;;;;2;;;.;2;2;;2;;1;11;;52;229.8852282
6,020,348;1;2;1;80;52;;;;1;4;;2;;;4;;2;2;;2;;1;11;4;52;181.38279318
6,020,349;1;1;1;80;52;1;24;300,000;1;7;;2;;;8;;2;2;;2;;1;11;2;52;186.59033149
6,020,352;1;1;1;80;52;;;;1;3;;2;;;9;;2;2;;2;;1;11;4;52;203.00417097
6,020,352;1;2;1;80;52;2;;300,000;2;;;;2;;;.;;;;2;;1;11;;52;203.00417097
6,020,353;1;3;1;80;52;;;;2;;;;2;;;.;;;;2;;1;11;;52;233.45188096
6,020,355;1;1;1;80;52;;;;1;5;;2;;;10;;3;3;;2;;1;11;4;52;199.49162421
6,020,355;1;3;1;80;52;;;;1;8;;2;;;2;;2;2;;2;;1;11;3;52;199.49162421
6,020,355;1;4;1;80;52;;;;2;;;;2;;;.;2;2;;2;;1;11;;52;199.49162421
6,020,356;1;2;1;80;52;1;40;1,000,000;1;3;;2;;;9;;2;2;;2;;1;11;4;52;197.79663266
6,020,357;1;2;1;80;52;;;;1;3;;2;;;9;;2;2;;2;;1;11;2;52;370.23264475
6,020,358;1;3;1;80;52;;;;1;2;;2;;;2;;2;2;;2;;1;11;1.2;52;301.94832486
6,020,360;1;4;1;80;52;;;;2;;;;2;;;.;2;2;;2;;1;11;;52;248.01972038
6,020,361;1;1;1;80;52;;;;2;;;;2;;;.;2;2;;2;;1;11;;52;246.4322619
6,020,361;1;2;1;80;52;;;;1;2;;2;;;2;;;;;2;;1;11;2;52;246.4322619
6,020,361;1;3;1;80;52;;;;1;6;;2;;;8;;2;2;;2;;1;11;1.3;52;246.4322619
6,020,362;1;1;1;80;52;;;;1;3;;2;;;9;;2;2;;2;;1;11;4;52;213.52549472
6,020,362;1;2;1;80;52;;;;1;4;;2;;;4;;3;3;;2;;1;11;4;52;213.52549472
6,020,363;1;2;1;80;52;;;;2;;;;2;;;.;2;2;;2;;1;11;;52;203.00417097
6,020,364;1;2;1;80;52;;;;1;4;;2;;;4;;2;2;;2;;1;11;4;52;142.44577377
6,020,364;1;6;1;80;52;;;;2;;;;2;;;.;;;;2;;1;11;;52;142.44577377
6,020,365;1;1;1;80;52;;;;1;5;;2;;;10;;3;3;;2;;1;11;4;52;186.59033149
6,020,370;1;2;1;80;52;;;;2;;;;2;;;.;2;2;;2;;1;11;;52;201.95718854
6,020,373;1;1;1;80;52;;;;1;5;;2;;;10;;3;3;;2;;1;11;4;52;265.5404765
6,020,376;1;1;1;80;52;2;;908,526;1;8;;2;;;4;;2;2;;2;;1;11;1.3;52;211.83050317
6,020,376;1;2;1;80;52;2;;908,526;1;4;;2;;;4;;2;2;;2;;1;11;3;52;211.83050317
6,020,378;1;3;1;80;52;;;;2;;;;2;;;.;;;;2;;1;11;;52;274.03046484
6,020,380;1;2;1;80;54;;;;1;3;;2;;;9;;2;2;;2;;1;11;4;54;480.48176145
6,020,380;1;3;1;80;54;;;;2;;;;2;;;.;2;2;;2;;1;11;;54;480.48176145
6,020,381;1;1;1;80;54;;;;1;8;;1;;3;1;;2;2;;2;;1;11;3;54;443.9597935
6,020,385;1;3;1;80;54;;;;2;;;;2;;;.;2;2;;2;;1;11;;54;505.50246023
6,020,387;1;2;1;80;54;;;;1;4;;2;;;4;;2;2;;2;;1;11;1.2;54;328.9634699
6,020,391;1;3;1;80;54;;;;2;;;;2;;;.;;;;2;;1;11;;54;434.03789138
6,020,397;1;2;1;80;54;;;;2;;;;2;;;.;2;2;;2;;1;11;;54;453.16204286
6,020,397;1;3;1;80;54;;;;2;;;;2;;;.;2;2;;2;;1;11;;54;453.16204286
6,020,397;1;4;1;80;54;;;;2;;;;2;;;.;;;;2;;1;11;;54;453.16204286
6,020,398;1;2;1;80;54;;;;1;3;;2;;;9;;2;2;;2;;1;11;2;54;483.94985307
6,020,398;1;3;1;80;54;;;;2;;;;2;;;.;2;2;;2;;1;11;;54;483.94985307
6,020,399;1;4;1;80;54;;;;2;;;;2;;;.;2;2;;2;;1;11;;54;448.68313533
6,020,399;1;5;1;80;54;;;;2;;;;2;;;.;2;2;;2;;1;11;;54;448.68313533
6,020,399;1;6;1;80;54;;;;1;4;;2;;;4;;2;2;;2;;1;11;4;54;448.68313533
6,020,400;1;1;1;80;54;;;;1;3;;2;;;9;;2;2;;2;;1;11;4;54;448.23779742
6,020,400;1;3;1;80;54;1;48;900,000;1;3;;2;;;9;;2;2;;2;;1;11;1.3;54;448.23779742
6,020,404;1;1;1;80;54;;;;1;3;;2;;;9;;2;2;;2;;1;11;2;54;455.59049855
6,020,404;1;3;1;80;54;;;;2;;;;2;;;.;2;2;;2;;1;11;;54;455.59049855
6,020,406;1;1;1;80;54;;;;1;3;;2;;;9;;2;2;;2;;1;11;2;54;498.55465527
6,020,406;1;3;1;80;54;;;;1;8;;2;;;2;;2;2;;2;;1;11;1.3;54;498.55465527
6,020,407;1;2;1;80;54;;;;2;;;;2;;;.;2;2;;2;;1;11;;54;719.02738398
6,020,407;1;8;1;80;54;;;;2;;;;2;;;.;2;2;;2;;1;11;;54;719.02738398
6,020,407;1;11;1;80;54;;;;2;;;;2;;;.;2;2;;2;;1;11;;54;719.02738398
6,020,408;1;1;1;80;54;;;;1;8;;2;;;9;;2;2;;2;;1;11;1.2;54;469.73650086
6,020,408;1;4;1;80;54;;;;1;4;;2;;;4;;2;2;;2;;1;11;4;54;469.73650086
6,020,409;1;2;1;80;54;;;;1;8;;2;;;8;;3;3;;2;;1;11;4;54;459.45004017
6,020,409;1;3;1;80;54;;;;1;8;;2;;;4;;2;2;;2;;1;11;4;54;459.45004017
6,020,410;1;3;1;80;54;;;;2;;;;2;;;.;;;;2;;1;11;;54;548.84675753
6,020,410;1;4;1;80;54;;;;2;;;;2;;;.;2;2;;2;;1;11;;54;548.84675753
6,020,413;1;1;1;80;54;;;;1;5;;2;;;10;;3;3;;2;;1;11;4;54;415.24716833
6,020,413;1;4;1;80;54;;;;2;;;;2;;;.;2;2;;2;;1;11;;54;415.24716833
6,020,413;1;5;1;80;54;;;;2;;;;2;;;.;2;2;;2;;1;11;;54;415.24716833
6,020,414;1;2;1;80;54;;;;1;3;;2;;;9;;2;2;;2;;1;11;4;54;653.0605943
6,020,414;2;2;2;80;54;;;;1;6;;2;;;9;;2;2;;2;;1;11;2;54;653.0605943
6,020,415;1;5;1;80;54;;;;1;9;POR PANDEMIA;2;;;4;;2;2;;2;;1;11;2;54;431.59598953
6,020,415;1;6;1;80;54;;;;1;9;POR PANDEMIA;2;;;8;;2;2;;2;;1;11;2;54;431.59598953
6,020,417;1;1;1;80;54;;;;1;4;;2;;;4;;2;2;;2;;1;11;3;54;428.28208939
6,020,418;1;1;1;80;54;;;;1;4;;2;;;4;;2;2;;2;;1;11;4;54;384.266675
6,020,418;1;2;1;80;54;;;;1;3;;2;;;9;;2;2;;2;;1;11;4;54;384.266675
6,020,419;1;1;1;80;54;;;;1;8;;2;;;9;;2;2;;2;;1;11;4;54;355.2206214
6,020,420;1;2;1;80;54;;;;1;3;;2;;;9;;2;2;;2;;1;11;4;54;304.30732969
6,020,420;1;6;1;80;54;;;;2;;;;2;;;.;2;2;;2;;1;11;;54;304.30732969
6,020,422;1;4;1;80;54;;;;1;3;;2;;;9;;2;2;;2;;1;11;2;54;340.23567862
6,020,423;1;1;1;80;54;1;36;800,000;1;7;;1;;3;9;;2;2;;2;;1;11;3;54;458.01895423
6,020,425;1;2;1;80;54;;;;1;3;;2;;;9;;2;2;;2;;1;11;1.4;54;483.94985307
6,020,425;1;3;1;80;54;;;;2;;;;2;;;.;;;;2;;1;11;;54;483.94985307
6,020,426;1;1;1;80;54;;;;1;4;;2;;;4;;2;2;;2;;1;11;3;54;443.9597935
6,020,427;1;2;1;80;54;;;;1;8;;2;;;9;;2;2;;2;;1;11;4;54;525.38262029
6,020,427;1;3;1;80;54;;;;2;;;;2;;;.;2;2;;2;;1;11;;54;525.38262029
6,020,427;1;6;1;80;54;;;;2;;;;2;;;.;;;;2;;1;11;;54;525.38262029
6,020,428;1;4;1;80;54;;;;2;;;;2;;;.;2;2;;2;;1;11;;54;546.95998304
6,020,428;1;5;1;80;54;;;;2;;;;2;;;.;;;;2;;1;11;;54;546.95998304
6,020,431;1;3;1;80;54;;;;2;;;;2;;;.;;;;2;;1;11;;54;434.03789138
6,020,432;1;2;1;80;54;;;;1;3;;2;;;9;;2;2;;2;;1;11;4;54;518.73006441
6,020,432;1;4;1;80;54;;;;2;;;;2;;;.;2;2;;2;;1;11;;54;518.73006441
6,020,432;1;5;1;80;54;;;;2;;;;2;;;.;;;;2;;1;11;;54;518.73006441
6,020,433;1;2;1;80;54;;;;2;;;;2;;;.;;;;2;;1;11;;54;409.52249648
6,020,435;1;2;1;80;54;;;;2;;;;2;;;.;;;;2;;1;11;;54;358.85452622
6,020,436;1;2;1;80;54;;;;1;3;;2;;;9;;2;2;;2;;1;11;3;54;530.39372313
6,020,436;1;3;1;80;54;;;;2;;;;2;;;.;;;;2;;1;11;;54;530.39372313
6,020,440;1;2;1;80;54;;;;1;7;;2;;;9;;2;2;;2;;1;11;2;54;384.266675
6,020,442;1;1;1;80;54;;;;2;;;;2;;;.;2;2;;2;;1;11;;54;454.53924089
6,020,445;1;1;1;80;54;;;;2;;;;2;;;.;2;2;;2;;1;11;;54;418.36018726
6,020,445;1;4;1;80;54;;;;2;;;;2;;;.;2;2;;2;;1;11;;54;418.36018726
6,020,445;1;5;1;80;54;;;;2;;;;2;;;.;;;;2;;1;11;;54;418.36018726
6,020,446;1;1;1;80;54;;;;1;4;;2;;;8;;2;2;;2;;1;11;4;54;324.05267062
6,020,446;1;3;1;80;54;;;;2;;;;2;;;.;2;2;;2;;1;11;;54;324.05267062
6,020,447;1;1;1;80;54;;;;1;4;;2;;;4;;3;3;;2;;1;11;4;54;398.48002721
6,020,449;1;2;1;80;54;;;;2;;;;2;;;.;2;2;;2;;1;11;;54;449.81911455
6,020,451;1;1;1;80;54;;;;1;8;;2;;;8;;2;2;;2;;1;11;4;54;350.51607707
6,020,451;1;2;1;80;54;;;;1;8;;2;;;8;;2;2;;2;;1;11;4;54;350.51607707
6,020,451;1;3;1;80;54;;;;1;8;;2;;;9;;2;2;;2;;1;11;4;54;350.51607707
6,020,451;1;4;1;80;54;;;;2;;;;2;;;.;;;;2;;1;11;;54;350.51607707
6,020,452;1;1;1;80;54;;;;1;3;;2;;;9;;2;2;;2;;1;11;4;54;394.84612239
6,020,452;1;2;1;80;54;;;;1;3;;2;;;9;;2;2;;2;;1;11;4;54;394.84612239
6,020,453;1;3;1;80;54;;;;2;;;;2;;;.;2;2;;2;;1;11;;54;315.59512041
6,020,457;1;2;1;80;54;;;;2;;;;2;;;.;2;2;;2;;1;11;;54;402.8699406
6,020,457;1;3;1;80;54;;;;2;;;;2;;;.;;;;2;;1;11;;54;402.8699406
6,020,458;1;2;1;80;54;;;;1;3;;2;;;9;;2;2;;2;;1;11;2;54;408.7664879
6,020,459;1;2;1;80;54;1;35;800,000;1;3;;2;;;9;;2;2;;2;;1;11;4;54;229.64485041
6,020,459;1;3;1;80;54;;;;2;;;;2;;;.;2;2;;2;;1;11;;54;229.64485041
6,020,460;1;2;1;80;54;;;;1;3;;2;;;9;;2;2;;2;;1;11;4;54;469.73650086
6,020,461;1;1;1;80;54;;;;1;4;;2;;;4;;2;2;;2;;1;11;4;54;519.14315867
6,020,461;1;2;1;80;54;;;;1;6;;2;;;1;;2;2;;2;;1;11;4;54;519.14315867
6,020,463;1;1;1;80;54;;;;2;;;;2;;;.;2;2;;2;;1;11;;54;339.73037473
6,020,467;1;1;1;80;54;;;;1;4;;2;;;8;;2;2;;2;;1;11;4;54;280.03725624
6,020,468;1;2;1;80;54;;;;1;3;;2;;;9;;2;2;;2;;1;11;4;54;284.94805552
6,020,469;1;1;1;80;54;;;;1;4;;2;;;8;;2;2;;2;;1;11;4;54;278.90633276
6,020,469;1;3;1;80;54;1;48;800,000;1;8;;2;;;9;;2;2;;2;;1;11;3;54;278.90633276
6,020,469;1;5;1;80;54;;;;2;;;;2;;;.;2;2;;2;;1;11;;54;278.90633276
6,020,469;1;8;1;80;54;;;;2;;;;2;;;.;2;2;;2;;1;11;;54;278.90633276
6,020,471;1;2;1;80;54;;;;2;;;;2;;;.;2;2;;2;;1;11;;54;486.37830875
6,020,472;1;3;1;80;54;;;;2;;;;2;;;.;2;2;;2;;1;11;;54;502.94456866
6,020,472;1;4;1;80;54;;;;2;;;;2;;;.;;;;2;;1;11;;54;502.94456866
6,020,473;1;1;1;80;54;;;;1;3;;2;;;9;;2;2;;2;;1;11;3;54;483.94985307
6,020,473;1;3;1;80;54;;;;2;;;;2;;;.;;;;2;;1;11;;54;483.94985307
6,020,475;1;1;1;80;54;;;;1;3;;2;;;9;;2;2;;2;;1;11;4;54;384.266675
6,020,476;1;2;1;80;54;;;;1;3;;2;;;9;;2;2;;2;;1;11;4;54;527.96526745
6,020,476;1;3;1;80;54;;;;2;;;;2;;;.;2;2;;2;;1;11;;54;527.96526745
6,020,476;1;4;1;80;54;;;;2;;;;2;;;.;;;;2;;1;11;;54;527.96526745
6,020,479;1;2;1;80;54;;;;1;3;;2;;;4;;2;2;;2;;1;11;1.2;54;554.90911803
6,020,480;1;2;1;80;54;;;;2;;;;2;;;.;2;2;;2;;1;11;;54;384.266675
6,020,481;1;3;1;80;54;;;;2;;;;2;;;.;;;;2;;1;11;;54;455.59049855
6,020,484;1;1;1;80;54;;;;1;4;;2;;;4;;2;2;;2;;1;11;4;54;598.75871922
6,020,484;1;4;1;80;54;;;;2;;;;2;;;.;2;2;;2;;1;11;;54;598.75871922
6,020,485;1;2;1;80;54;;;;1;2;;2;;;2;;2;2;;2;;1;11;4;54;436.46634707
6,020,486;1;3;1;80;54;;;;2;;;;2;;;.;;;;2;;1;11;;54;524.49717583
6,020,487;1;1;1;80;54;1;40;900,000;1;4;;2;;;4;;2;2;;2;;1;11;1.4;54;398.48002721
6,020,487;1;2;1;80;54;;;;1;8;;2;;;12;POR ESTADO DE EMBARAZO;2;2;;2;;1;11;1.3;54;398.48002721
6,020,489;1;3;1;80;54;;;;1;4;;2;;;4;;2;2;;2;;1;11;2;54;428.28208939
6,020,490;1;2;1;80;54;;;;1;3;;2;;;9;;2;2;;2;;1;11;4;54;583.26847255
6,020,494;1;1;1;80;54;;;;1;8;;2;;;9;;2;2;;2;;1;11;4;54;379.35587572
6,020,496;1;5;1;80;54;;;;2;;;;2;;;.;;;;2;;1;11;;54;564.04401751
6,020,499;1;2;1;80;54;;;;1;3;;2;;;9;;2;2;;2;;1;11;4;54;435.31478584
6,020,572;1;1;1;80;68;1;24;900,000;1;9;MIGRACION;2;;;12;NO TIENE DOCUMENTOS LEGALES;2;2;;2;;1;11;1.3;68;605.58880168
6,020,573;1;2;1;80;68;;;;1;3;;2;;;9;;2;2;;2;;1;11;4;68;524.32647632
6,020,574;1;2;1;80;68;;;;1;3;;2;;;9;;2;2;;2;;1;11;4;68;679.38858888
6,020,575;1;1;1;80;68;;;;1;3;;2;;;6;;2;2;;2;;1;11;2;68;543.68015565
6,020,576;1;1;1;80;68;;;;1;5;;2;;;10;;3;3;;2;;1;11;4;68;601.13370315
6,020,576;1;2;1;80;68;;;;1;5;;2;;;10;;3;3;;2;;1;11;3;68;601.13370315
6,020,576;1;3;1;80;68;;;;1;4;;2;;;8;;2;2;;2;;1;11;3;68;601.13370315
6,020,579;1;5;1;80;68;;;;2;;;;2;;;.;;;;2;;1;11;;68;827.38635835
6,020,580;1;3;1;80;68;;;;2;;;;2;;;.;2;2;;2;;1;11;;68;613.85366884
6,020,584;1;3;1;80;68;;;;2;;;;2;;;.;2;2;;2;;1;11;;68;700.40303923
6,020,587;1;3;1;80;68;;;;2;;;;2;;;.;;;;2;;1;11;;68;666.23072394
6,020,588;1;3;1;80;68;;;;2;;;;2;;;.;2;2;;2;;1;11;;68;600.79882533
6,020,601;1;1;1;80;68;;;;1;4;;2;;;8;;2;2;;2;;1;11;2;68;440.20305695
6,020,601;1;2;1;80;68;;;;2;;;;2;;;.;2;2;;2;;1;11;;68;440.20305695
6,020,776;1;3;1;80;73;;;;2;;;;2;;;.;2;2;;2;;1;11;;73;228.36052493
6,020,776;1;4;1;80;73;;;;2;;;;2;;;.;;;;2;;1;11;;73;228.36052493
6,020,785;1;2;1;80;73;;;;2;;;;2;;;.;2;2;;2;;1;11;;73;325.80783788
6,020,787;1;2;1;80;73;;;;1;3;;2;;;9;;2;2;;2;;1;11;1.3;73;202.03318731
6,020,787;1;3;1;80;73;;;;1;3;;2;;;9;;2;2;;2;;1;11;1.2;73;202.03318731
6,020,787;1;4;1;80;73;;;;1;4;;2;;;4;;2;2;;2;;1;11;1.2;73;202.03318731
6,020,796;1;2;1;80;73;;;;2;;;;2;;;.;2;2;;2;;1;11;;73;447.19877833
6,020,796;1;3;1;80;73;;;;2;;;;2;;;.;;;;2;;1;11;;73;447.19877833
6,020,800;1;3;1;80;73;;;;1;4;;2;;;4;;2;2;;2;;1;11;2;73;228.15236961
6,020,802;1;2;1;80;73;;;;2;;;;2;;;.;;;;2;;1;11;;73;292.49891257
6,020,804;1;3;1;80;73;;;;2;;;;2;;;.;2;2;;2;;1;11;;73;261.66945024
6,020,804;1;4;1;80;73;;;;2;;;;2;;;.;2;2;;2;;1;11;;73;261.66945024
6,020,806;1;1;1;80;73;;;;1;7;;2;;;8;;2;2;;2;;1;11;2;73;364.39029381
6,020,807;1;2;1;80;73;;;;2;;;;2;;;.;2;2;;2;;1;11;;73;439.63562674
6,020,807;1;4;1;80;73;;;;1;7;;2;;;4;;2;2;;2;;1;11;1.3;73;439.63562674
6,020,807;1;5;1;80;73;;;;2;;;;2;;;.;;;;2;;1;11;;73;439.63562674
6,020,810;1;1;1;80;73;;;;1;3;;2;;;8;;2;2;;2;;1;11;4;73;275.98084526
6,020,812;1;4;1;80;73;;;;1;4;;2;;;4;;2;2;;2;;1;11;2;73;262.41478236
6,020,813;1;4;1;80;73;;;;2;;;;2;;;.;2;2;;2;;1;11;;73;217.47620586
6,020,814;1;1;1;80;73;;;;2;;;;2;;;.;2;2;;2;;1;11;;73;161.45269995
6,020,814;1;2;1;80;73;;;;1;3;;2;;;2;;2;2;;2;;1;11;2;73;161.45269995
6,020,815;1;2;1;80;73;;;;1;4;;2;;;4;;2;2;;2;;1;11;2;73;353.83061508
6,020,820;1;3;1;80;73;;;;2;;;;2;;;.;2;2;;2;;1;11;;73;261.66945024
6,020,820;1;4;1;80;73;;;;2;;;;2;;;.;;;;2;;1;11;;73;261.66945024
6,020,822;1;1;1;80;73;;;;1;3;;2;;;9;;2;2;;2;;1;11;4;73;296.9256624
6,020,822;1;2;1;80;73;;;;1;4;;2;;;4;;2;2;;2;;1;11;4;73;296.9256624
6,020,823;1;4;1;80;73;;;;2;;;;2;;;.;2;2;;2;;1;11;;73;228.36052493
6,020,824;1;2;1;80;73;;;;2;;;;2;;;.;2;2;;2;;1;11;;73;170.2040511
6,020,824;1;3;1;80;73;;;;1;4;;2;;;4;;2;2;;2;;1;11;4;73;170.2040511
6,020,826;1;2;1;80;73;;;;2;;;;2;;;.;;;;2;;1;11;;73;325.80783788
6,020,827;1;2;1;80;73;;;;2;;;;2;;;.;2;2;;2;;1;11;;73;217.12860574
6,020,832;1;2;1;80;73;2;;908,000;1;8;;2;;;12;LOS HIJOS NO LA DEJAN TRABAJAR;2;2;;2;;1;11;3;73;236.59363377
6,020,833;1;1;1;80;73;;;;1;5;;2;;;10;;3;3;;2;;1;11;1.4;73;228.36052493
6,020,833;1;2;1;80;73;;;;2;;;;2;;;.;2;2;;2;;1;11;;73;228.36052493
6,020,835;1;3;1;80;73;;;;2;;;;2;;;.;;;;2;;1;11;;73;486.40159248
6,020,835;1;6;1;80;73;;;;1;7;;2;;;9;;2;2;;2;;1;11;3;73;486.40159248
6,020,838;1;2;1;80;73;;;;1;3;;2;;;9;;1;1;2;2;;1;11;4;73;261.66945024
6,020,838;1;3;1;80;73;;;;2;;;;2;;;.;2;2;;2;;1;11;;73;261.66945024
6,020,838;1;4;1;80;73;;;;2;;;;2;;;.;;;;2;;1;11;;73;261.66945024
6,020,841;1;2;1;80;73;;;;2;;;;2;;;.;;;;2;;1;11;;73;161.45269995
6,020,841;1;3;1;80;73;;;;1;3;;2;;;9;;2;2;;2;;1;11;4;73;161.45269995
6,020,841;1;4;1;80;73;;;;1;5;;2;;;10;;3;3;;2;;1;11;4;73;161.45269995
6,020,841;1;6;1;80;73;;;;1;5;;2;;;10;;3;3;;2;;1;11;4;73;161.45269995
6,020,842;1;2;1;80;73;;;;2;;;;2;;;.;2;2;;2;;1;11;;73;381.63774182
6,020,843;1;2;1;80;73;;;;2;;;;2;;;.;2;2;;2;;1;11;;73;348.3288165
6,020,844;1;2;1;80;73;;;;2;;;;2;;;.;;;;2;;1;11;;73;348.1702276
6,020,844;1;4;1;80;73;;;;1;3;;2;;;9;;2;2;;2;;1;11;4;73;348.1702276
6,020,846;1;1;1;80;73;;;;1;5;;2;;;10;;3;3;;2;;1;11;4;73;441.24038975
6,020,846;1;2;1;80;73;;;;2;;;;1;2;9;;2;2;;2;;1;11;;73;441.24038975
6,020,846;1;5;1;80;73;;;;1;4;;2;;;4;;2;2;;2;;1;11;4;73;441.24038975
6,020,847;1;4;1;80;76;;;;2;;;;2;;;.;2;2;;2;;1;11;;76;1458.841963
6,020,847;1;5;1;80;76;;;;2;;;;2;;;.;2;2;;2;;1;11;;76;1458.841963
6,020,847;1;6;1;80;76;;;;2;;;;2;;;.;;;;2;;1;11;;76;1458.841963
6,020,847;1;8;1;80;76;1;48;908,526;1;4;;2;;;4;;2;2;;2;;1;11;4;76;1458.841963
6,020,849;1;1;1;80;76;;;;1;3;;2;;;9;;2;2;;2;;1;11;4;76;843.88972542
6,020,849;1;2;1;80;76;;;;1;4;;2;;;4;;2;2;;2;;1;11;4;76;843.88972542
6,020,850;1;2;1;80;76;;;;1;9;POR EL COVID;2;;;4;;2;2;;2;;1;11;2;76;1073.2487282
6,020,850;1;3;1;80;76;;;;1;7;;2;;;9;;1;2;;2;;1;11;4;76;1073.2487282
6,020,850;1;6;1;80;76;1;35;908,526;1;3;;2;;;9;;1;2;;2;;1;11;2;76;1073.2487282
6,020,850;1;7;1;80;76;2;;908,526;2;;;;2;;;.;2;2;;2;;1;11;;76;1073.2487282
6,020,851;1;1;1;80;76;2;;98;1;1;;1;;2;12;PANDEMAI;2;2;;2;;1;11;4;76;1164.0155879
6,020,853;1;1;1;80;76;;;;1;4;;2;;;4;;1;2;;2;;1;11;4;76;1217.5686124
6,020,854;1;3;1;80;76;;;;2;;;;2;;;.;2;2;;2;;1;11;;76;1193.2552644
6,020,855;1;1;1;80;76;;;;1;4;;2;;;8;;2;2;;2;;1;11;4;76;1040.2355902
6,020,856;1;4;1;80;76;;;;2;;;;2;;;.;;;;2;;1;11;;76;1044.5870356
6,020,856;1;5;1;80;76;;;;1;8;;2;;;9;;2;2;;2;;1;11;4;76;1044.5870356
6,020,862;1;2;1;80;76;;;;1;2;;2;;;8;;2;2;;2;;1;11;1.4;76;1440.0831976
6,020,862;1;3;1;80;76;;;;2;;;;2;;;.;2;2;;2;;1;11;;76;1440.0831976
6,020,862;1;4;1;80;76;;;;2;;;;2;;;.;;;;2;;1;11;;76;1440.0831976
6,020,863;1;3;1;80;76;;;;1;3;;2;;;9;;2;2;;2;;1;11;4;76;1041.9802896
6,020,864;1;2;1;80;76;1;48;908,526;1;7;;2;;;9;;2;2;;2;;1;11;2;76;1088.2476491
6,020,865;1;2;1;80;76;;;;1;7;;2;;;9;;2;2;;2;;1;11;1.2;76;998.82066319
6,020,867;1;3;1;80;76;;;;2;;;;2;;;.;;;;2;;1;11;;76;1193.2552644
6,020,869;1;1;1;80;76;;;;1;8;;2;;;9;;2;2;;2;;1;11;3;76;1527.3610534
6,020,869;1;4;1;80;76;;;;2;;;;2;;;.;2;2;;2;;1;11;;76;1527.3610534
6,020,874;1;1;1;80;76;;;;1;4;;2;;;4;;2;2;;2;;1;11;1.3;76;1320.5408715
6,020,875;1;1;1;80;76;;;;1;3;;2;;;9;;1;2;;2;;1;11;4;76;1166.8064033
6,020,879;1;1;1;80;76;;;;2;;;;2;;;.;3;3;;2;;1;11;;76;806.85288066
6,020,879;1;3;1;80;76;;;;2;;;;2;;;.;2;2;;2;;1;11;;76;806.85288066
6,020,879;1;4;1;80;76;;;;1;3;;2;;;9;;2;2;;2;;1;11;4;76;806.85288066
6,020,879;1;5;1;80;76;;;;1;7;;2;;;8;;1;1;2;2;;1;11;4;76;806.85288066
6,020,880;1;3;1;80;76;;;;2;;;;1;2;2;;2;2;;2;;1;11;;76;1282.6822503
6,020,880;1;4;1;80;76;;;;2;;;;2;;;.;2;2;;2;;1;11;;76;1282.6822503
6,020,881;1;4;1;80;76;;;;2;;;;2;;;.;2;2;;2;;1;11;;76;1776.3610793
6,020,884;1;2;1;80;76;2;;1,200,000;1;3;;2;;;9;;1;1;1;2;;1;11;3;76;1272.6791661
6,020,884;1;4;1;80;76;;;;1;5;;2;;;10;;3;3;;2;;1;11;4;76;1272.6791661
6,020,885;1;2;1;80;76;2;;908,526;1;8;;1;;1;9;;1;2;;2;;1;11;1.4;76;1736.8311551
6,020,888;1;2;1;80;76;1;48;1,500,000;1;9;EL TRABAJO LE QUEDABA LEJOS DEL HOGAR;2;;;12;QUERIA TOMARSE UNOS MESES DE DESCANSO;3;3;;2;;1;11;1.2;76;990.33852864
6,020,888;1;4;1;80;76;;;;1;2;;2;;;2;;2;2;;2;;1;11;1.4;76;990.33852864
6,020,888;1;5;1;80;76;;;;2;;;;2;;;.;;;;2;;1;11;;76;990.33852864
6,020,889;1;2;1;80;76;;;;1;9;PANDEMIA;1;;1;4;;2;2;;2;;1;11;2;76;1007.6638574
6,020,889;1;3;1;80;76;;;;1;3;;2;;;9;;2;2;;2;;1;11;4;76;1007.6638574
6,020,895;2;1;2;80;76;2;;908,526;1;6;;2;;;9;;2;2;;2;;1;11;1.2;76;1067.9879033
6,020,895;3;1;3;80;76;;;;1;3;;2;;;9;;2;2;;2;;1;11;4;76;1067.9879033
6,020,897;1;2;1;80;76;;;;2;;;;2;;;.;;;;2;;1;11;;76;976.34655037
6,020,897;1;3;1;80;76;;;;2;;;;2;;;.;;;;2;;1;11;;76;976.34655037
6,020,897;1;7;1;80;76;;;;2;;;;2;;;.;;;;2;;1;11;;76;976.34655037
6,020,897;2;3;2;80;76;1;24;800,000;2;;;;2;;;.;2;2;;2;;1;11;;76;976.34655037
6,020,898;1;1;1;80;76;1;40;800,000;1;8;;2;;;1;;2;2;;2;;1;11;1.2;76;793.13061708
6,020,898;1;3;1;80;76;;;;1;8;;2;;;2;;2;2;;2;;1;11;1.4;76;793.13061708
6,020,898;1;5;1;80;76;;;;2;;;;2;;;.;;;;2;;1;11;;76;793.13061708
6,020,899;1;2;1;80;76;;;;2;;;;2;;;.;;;;2;;1;11;;76;1684.3273474
6,020,904;1;2;1;80;76;;;;2;;;;2;;;.;2;2;;2;;1;11;;76;1315.2539831
6,020,904;1;3;1;80;76;;;;2;;;;2;;;.;2;2;;2;;1;11;;76;1315.2539831
6,020,907;1;1;1;80;76;;;;1;9;COVID;2;;;4;;2;2;;2;;1;11;2;76;931.57201198
6,020,908;1;2;1;80;76;;;;1;4;;2;;;4;;2;2;;2;;1;11;4;76;1040.2355902
6,020,909;1;1;1;80;76;;;;1;4;;2;;;4;;2;2;;2;;1;11;4;76;1040.2355902
6,020,910;1;3;1;80;76;;;;2;;;;2;;;.;2;2;;2;;1;11;;76;1465.0784111
6,020,911;1;1;1;80;76;;;;1;4;;2;;;4;;2;2;;2;;1;11;4;76;1095.346144
6,020,911;1;2;1;80;76;;;;2;;;;2;;;.;2;2;;2;;1;11;;76;1095.346144
6,020,912;1;3;1;80;76;;;;2;;;;2;;;.;2;2;;2;;1;11;;76;1051.3244709
6,020,913;1;1;1;80;76;;;;1;7;;2;;;11;;2;2;;2;;1;11;4;76;1136.4000114
6,020,915;2;1;2;80;76;;;;1;7;;2;;;11;;2;2;;2;;1;11;4;76;824.65313305
6,020,916;1;2;1;80;76;;;;1;3;;2;;;9;;2;2;;2;;1;11;4;76;1633.8588959
6,020,928;1;1;1;80;76;1;40;908,526;1;9;PROBLEMAS FAMILIARES;2;;;8;;2;2;;2;;1;11;4;76;1787.2996065
6,020,934;1;4;1;80;76;;;;2;;;;2;;;.;;;;2;;1;11;;76;1629.9122761
6,020,936;1;1;1;80;76;;;;1;5;;2;;;10;;3;3;;2;;1;11;4;76;1136.4000114
6,020,942;1;2;1;80;76;;;;2;;;;2;;;.;2;2;;2;;1;11;;76;798.81883545
6,020,942;1;3;1;80;76;;;;2;;;;2;;;.;2;2;;2;;1;11;;76;798.81883545
6,020,944;1;5;1;80;76;;;;2;;;;2;;;.;2;2;;2;;1;11;;76;1520.5532154
6,020,945;1;1;1;80;76;;;;1;9;SE RETIRO PORQUE NO DESEABA TRABAJAR MAS;2;;;11;;2;2;;2;;1;11;4;76;1275.9448151
6,020,945;1;5;1;80;76;;;;2;;;;2;;;.;2;2;;2;;1;11;;76;1275.9448151
6,020,946;1;3;1;80;76;;;;2;;;;2;;;.;;;;2;;1;11;;76;1419.3120387
6,020,949;1;1;1;80;76;;;;2;;;;1;4;8;;2;2;;2;;1;11;;76;1136.4000114
6,020,950;1;2;1;80;76;;;;1;3;;2;;;9;;2;2;;2;;1;11;4;76;1512.6856444
6,020,953;1;1;1;80;76;;;;1;8;;1;;3;11;;2;2;;2;;1;11;3;76;1300.1741434
6,020,954;1;1;1;80;76;;;;1;3;;2;;;9;;2;2;;2;;1;11;3;76;1471.8158464
6,022,395;1;1;1;80;05;;;;1;5;;2;;;10;;3;3;;2;;1;11;2;05;1080.3527132
6,022,396;1;3;1;80;05;;;;2;;;;2;;;.;;;;2;;1;11;;05;1071.7073847
6,022,396;1;5;1;80;05;;;;1;7;;2;;;9;;2;2;;2;;1;11;4;05;1071.7073847
6,022,398;1;1;1;80;05;;;;1;5;;2;;;10;;3;3;;2;;1;11;1.2;05;1071.6002924
6,022,401;1;3;1;80;05;;;;1;4;;2;;;4;;2;2;;2;;1;11;3;05;2158.0215345
6,022,405;1;1;1;80;05;;;;1;5;;1;;4;8;;3;3;;2;;1;11;4;05;1080.3527132
6,022,408;1;2;1;80;05;1;24;908,526;1;2;;2;;;9;;2;2;;2;;1;11;2;05;3069.3118837
6,022,410;1;1;1;80;05;;;;1;5;;2;;;10;;3;3;;2;;1;11;4;05;1071.6002924
6,022,411;1;3;1;80;05;;;;2;;;;2;;;.;2;2;;2;;1;11;;05;1585.2940914
6,022,412;1;2;1;80;05;;;;1;5;;2;;;10;;3;3;;2;;1;11;2;05;1064.0400382
6,022,414;1;2;1;80;05;;;;1;3;;2;;;9;;2;2;;2;;1;11;4;05;1409.9040797
6,022,416;1;1;1;80;05;1;36;908,526;1;9;NO OBTUVO LAS GANANCIAS QUE ESPERABA;2;;;9;;2;2;;2;;1;11;1.2;05;1122.243994
6,022,417;1;1;1;80;05;;;;1;3;;2;;;9;;2;2;;2;;1;11;4;05;1024.9637822
6,022,417;1;4;1;80;05;;;;2;;;;2;;;.;2;2;;2;;1;11;;05;1024.9637822
6,022,417;1;5;1;80;05;;;;2;;;;2;;;.;;;;2;;1;11;;05;1024.9637822
6,022,418;1;2;1;80;05;;;;2;;;;2;;;.;;;;2;;1;11;;05;2177.2805251
6,022,426;1;1;1;80;05;;;;1;3;;2;;;9;;2;2;;2;;1;11;2;05;1122.243994
6,022,426;1;3;1;80;05;;;;2;;;;2;;;.;2;2;;2;;1;11;;05;1122.243994
6,022,427;1;1;1;80;05;;;;1;4;;2;;;10;;3;3;;2;;1;11;4;05;964.69058524
6,022,427;1;2;1;80;05;;;;2;;;;2;;;.;2;2;;2;;1;11;;05;964.69058524
6,022,427;1;4;1;80;05;;;;2;;;;2;;;.;2;2;;2;;1;11;;05;964.69058524
6,022,428;1;1;1;80;05;;;;1;5;;2;;;11;;3;3;;2;;1;11;4;05;1071.6002924
6,022,428;1;2;1;80;05;;;;1;6;;2;;;11;;2;2;;2;;1;11;4;05;1071.6002924
6,022,430;1;3;1;80;05;;;;1;2;;2;;;2;;2;2;;2;;1;11;1.4;05;1115.1621811
6,022,430;1;4;1;80;05;;;;2;;;;2;;;.;2;2;;2;;1;11;;05;1115.1621811
6,022,435;1;2;1;80;05;;;;2;;;;2;;;.;2;2;;2;;1;11;;05;1079.0107672
6,022,436;1;1;1;80;05;1;48;908,526;1;3;;2;;;8;;1;2;;2;;1;11;1.3;05;1071.6002924
6,022,438;1;4;1;80;05;;;;2;;;;2;;;.;2;2;;2;;1;11;;05;1065.6493264
6,022,438;1;5;1;80;05;;;;2;;;;2;;;.;2;2;;2;;1;11;;05;1065.6493264
6,022,440;1;2;1;80;05;;;;2;;;;2;;;.;;;;2;;1;11;;05;1089.7655574
6,022,440;1;4;1;80;05;;;;1;3;;2;;;9;;2;2;;2;;1;11;4;05;1089.7655574
6,022,441;1;1;1;80;05;;;;1;5;;2;;;10;;3;3;;2;;1;11;3;05;1062.7729819
6,022,442;1;2;1;80;05;;;;2;;;;2;;;.;2;2;;2;;1;11;;05;1028.7706173
6,022,443;1;2;1;80;05;;;;1;4;;2;;;4;;2;1;2;2;;1;11;2;05;1890.069037
6,022,443;1;3;1;80;05;;;;2;;;;2;;;.;2;2;;2;;1;11;;05;1890.069037
6,022,443;1;4;1;80;05;;;;2;;;;2;;;.;;;;2;;1;11;;05;1890.069037
6,022,445;1;2;1;80;05;;;;2;;;;2;;;.;;;;2;;1;11;;05;1956.2183102
6,022,447;1;1;1;80;05;;;;1;4;;2;;;4;;2;2;;2;;1;11;2;05;970.97021324
6,022,447;1;2;1;80;05;;;;2;;;;2;;;.;2;2;;2;;1;11;;05;970.97021324
6,022,449;1;1;1;80;05;;;;1;1;;2;;;9;;2;2;;2;;1;11;1.3;05;1123.5859399
6,022,458;1;3;1;80;05;2;;4,000,000;1;6;;2;;;2;;2;1;2;1;3,000,000;1;11;1.2;05;1072.7255872
6,022,458;1;4;1;80;05;;;;1;7;;2;;;9;;2;1;2;2;;1;11;2;05;1072.7255872
6,022,461;1;2;1;80;05;;;;2;;;;2;;;.;2;2;;2;;1;11;;05;1080.7562649
6,022,464;1;2;1;80;05;;;;2;;;;2;;;.;2;2;;2;;1;11;;05;1115.2370708
6,022,464;1;3;1;80;05;;;;2;;;;2;;;.;;;;2;;1;11;;05;1115.2370708
6,022,465;1;2;1;80;05;;;;1;7;;2;;;2;;2;2;;2;;1;11;2;05;1476.5317943
6,022,465;1;4;1;80;05;;;;1;4;;2;;;4;;2;2;;2;;1;11;4;05;1476.5317943
6,022,466;1;1;1;80;05;;;;1;5;;2;;;10;;3;3;;2;;1;11;4;05;971.77239807
6,022,466;1;2;1;80;05;;;;1;4;;2;;;4;;2;2;;2;;1;11;4;05;971.77239807
6,022,466;1;4;1;80;05;;;;2;;;;2;;;.;2;2;;2;;1;11;;05;971.77239807
6,022,467;1;2;1;80;05;;;;2;;;;2;;;.;2;2;;2;;1;11;;05;1104.1858213
6,022,469;1;1;1;80;05;;;;1;3;;2;;;9;;2;2;;2;;1;11;4;05;1113.0131318
6,022,470;1;2;1;80;05;;;;1;7;;2;;;11;;2;2;;2;;1;11;4;05;1071.6002924
6,022,471;1;1;1;80;05;;;;1;5;;2;;;4;;3;3;;2;;1;11;4;05;1425.813203
6,022,471;1;2;1;80;05;;;;1;4;;2;;;4;;2;2;;2;;1;11;4;05;1425.813203
6,022,472;1;2;1;80;05;;;;1;3;;2;;;9;;2;2;;2;;1;11;4;05;1070.9856416
6,022,473;1;2;1;80;05;;;;1;5;;2;;;11;;3;3;;2;;1;11;1.4;05;1071.6002924
6,022,474;1;2;1;80;05;;;;1;3;;2;;;9;;2;2;;2;;1;11;4;05;1053.9456714
6,022,476;1;1;1;80;05;;;;1;5;;2;;;10;;3;3;;2;;1;11;3;05;1021.2852528
6,022,476;1;2;1;80;05;;;;2;;;;2;;;.;2;2;;2;;1;11;;05;1021.2852528
6,022,477;1;1;1;80;05;;;;1;9;POR LA PANDEMIA DEL COVID 19;2;;;1;;2;2;;2;;1;11;2;05;1079.8129521
6,022,477;1;3;1;80;05;;;;2;;;;2;;;.;2;2;;2;;1;11;;05;1079.8129521
6,022,478;1;3;1;80;05;;;;2;;;;2;;;.;2;2;;2;;1;11;;05;1426.9440499
6,022,478;1;4;1;80;05;;;;2;;;;2;;;.;;;;2;;1;11;;05;1426.9440499
6,022,478;1;6;1;80;05;;;;1;6;;2;;;11;;2;2;;1;150,000;1;11;4;05;1426.9440499
6,022,479;1;4;1;80;05;;;;2;;;;2;;;.;2;2;;2;;1;11;;05;1020.7454917
6,022,480;1;2;1;80;05;;;;2;;;;2;;;.;;;;2;;1;11;;05;1486.0864
6,022,481;1;4;1;80;05;;;;2;;;;2;;;.;2;2;;2;;1;11;;05;1064.9220312
6,022,483;1;2;1;80;05;;;;1;3;;2;;;9;;2;2;;2;;1;11;4;05;1098.8495061
6,022,483;1;4;1;80;05;;;;1;1;;2;;;2;;2;2;;2;;1;11;2;05;1098.8495061
6,022,485;1;1;1;80;05;;;;1;2;;2;;;2;;1;1;1;2;;1;11;2;05;1179.6408463
6,022,488;1;1;1;80;05;;;;1;3;;2;;;9;;2;2;;2;;1;11;4;05;1065.2457747
6,022,488;1;4;1;80;05;;;;2;;;;2;;;.;2;2;;2;;1;11;;05;1065.2457747
6,022,490;1;2;1;80;05;;;;1;7;;2;;;11;;3;3;;2;;1;11;4;05;1071.6002924
6,022,492;1;1;1;80;05;;;;1;8;;2;;;9;;2;2;;2;;1;11;4;05;1064.0400382
6,022,493;1;1;1;80;05;2;;99;1;5;;2;;;4;;3;3;;2;;1;11;3;05;1062.7729819
6,022,495;1;2;1;80;05;;;;1;4;;2;;;4;;2;2;;2;;1;11;4;05;1072.6506975
6,022,495;1;5;1;80;05;;;;2;;;;2;;;.;2;2;;2;;1;11;;05;1072.6506975
6,022,495;1;6;1;80;05;;;;2;;;;2;;;.;2;2;;2;;1;11;;05;1072.6506975
6,022,497;1;3;1;80;05;;;;2;;;;2;;;.;;;;2;;1;11;;05;1088.0200597
6,022,497;1;5;1;80;05;;;;2;;;;2;;;.;2;2;;2;;1;11;;05;1088.0200597
6,022,499;1;3;1;80;05;;;;2;;;;2;;;.;;;;2;;1;11;;05;1585.2940914
6,022,500;1;3;1;80;05;1;24;450,000;1;8;;2;;;2;;3;2;;2;;1;11;1.4;05;980.05994744
6,022,501;1;2;1;80;05;2;;4,000,000;1;8;;2;;;2;;2;2;;2;;1;11;1.4;05;1073.6744521
6,022,501;1;3;1;80;05;;;;2;;;;2;;;.;2;2;;2;;1;11;;05;1073.6744521
6,022,503;1;4;1;80;05;;;;2;;;;2;;;.;2;2;;2;;1;11;;05;1072.7311392
6,022,504;1;2;1;80;05;;;;1;3;;2;;;9;;1;1;1;2;;1;11;4;05;1180.7661412
6,022,504;1;3;1;80;05;;;;2;;;;2;;;.;2;2;;2;;1;11;;05;1180.7661412
6,022,507;1;1;1;80;05;;;;1;7;;2;;;4;;3;3;;2;;1;11;2;05;1131.0713044
6,022,508;1;2;1;80;05;;;;1;3;;2;;;9;;2;2;;2;;1;11;1.4;05;1650.8980514
6,022,509;1;1;1;80;05;;;;1;3;;2;;;9;;2;2;;2;;1;11;4;05;1022.0874376
6,022,509;1;2;1;80;05;;;;1;5;;2;;;10;;3;3;;2;;1;11;4;05;1022.0874376
6,022,513;1;3;1;80;05;1;24;450,000;1;7;;2;;;10;;3;3;;2;;1;11;2;05;1030.0376736
6,022,515;1;1;1;80;05;;;;1;4;;2;;;4;;2;2;;2;;1;11;3;05;1071.5254027
6,022,516;1;1;1;80;05;;;;1;6;;2;;;9;;2;2;;2;;1;11;2;05;1534.6559419
6,022,518;1;4;1;80;05;;;;2;;;;2;;;.;2;2;;2;;1;11;;05;1023.2182845
6,022,518;1;5;1;80;05;;;;2;;;;2;;;.;2;2;;2;;1;11;;05;1023.2182845
6,022,519;1;3;1;80;05;;;;2;;;;2;;;.;2;2;;2;;1;11;;05;1122.243994
6,022,520;1;2;1;80;05;;;;2;;;;2;;;.;2;2;;2;;1;11;;05;1172.5590335
6,022,521;1;2;1;80;05;;;;1;6;;1;;1;1;;2;2;;2;;1;11;1.4;05;1081.5584497
6,022,521;1;3;1;80;05;;;;2;;;;2;;;.;;;;2;;1;11;;05;1081.5584497
6,022,522;1;1;1;80;05;;;;1;6;;2;;;8;;2;2;;2;;1;11;4;05;1062.7729819
6,022,522;1;2;1;80;05;;;;1;5;;2;;;10;;3;3;;2;;1;11;4;05;1062.7729819
6,022,523;1;1;1;80;05;;;;1;3;;2;;;9;;2;2;;2;;1;11;3;05;1533.853757
6,022,524;1;4;1;80;05;;;;1;6;;2;;;8;;2;2;;2;;1;11;4;05;1543.4028106
6,022,527;1;2;1;80;05;;;;1;7;;2;;;1;;2;2;;2;;1;11;1.4;05;1138.3350993
6,022,527;1;3;1;80;05;;;;2;;;;2;;;.;2;2;;2;;1;11;;05;1138.3350993
6,022,528;1;2;1;80;05;1;48;908,526;1;6;;2;;;12;FALTA DE DOCUMENTOS DE IDENTIDAD;2;2;;2;;1;11;1.2;05;1130.1279916
6,022,529;1;3;1;80;05;;;;2;;;;2;;;.;2;2;;2;;1;11;;05;1079.8129521
6,022,530;1;1;1;80;05;;;;1;3;;2;;;9;;2;2;;2;;1;11;4;05;1122.243994
6,022,530;1;3;1;80;05;;;;2;;;;2;;;.;;;;2;;1;11;;05;1122.243994
6,022,531;1;1;1;80;05;;;;1;5;;2;;;10;;3;3;;2;;1;11;4;05;1012.532832
6,022,531;1;2;1;80;05;;;;1;3;;2;;;9;;2;1;2;2;;1;11;3;05;1012.532832
6,022,532;1;4;1;80;05;;;;2;;;;2;;;.;2;2;;2;;1;11;;05;1310.8783703
6,022,532;1;5;1;80;05;;;;2;;;;2;;;.;;;;2;;1;11;;05;1310.8783703
6,022,532;1;6;1;80;05;;;;1;3;;2;;;4;;2;2;;2;;1;11;4;05;1310.8783703
6,022,537;1;2;1;80;05;;;;1;4;;2;;;4;;2;2;;2;;1;11;4;05;1070.3332361
6,022,539;1;2;1;80;05;;;;1;8;;1;;2;12;PANDEMIA;2;2;;2;;1;11;3;05;1533.853757
6,022,540;1;1;1;80;05;;;;1;9;POR LA PANDEMIA DEL COVID 19;2;;;8;;2;2;;2;;1;11;2;05;1022.5523091
6,022,543;1;2;1;80;05;;;;2;;;;2;;;.;;;;2;;1;11;;05;1096.8473702
6,022,546;1;1;1;80;05;;;;1;5;;2;;;11;;3;3;;2;;1;11;1.4;05;1416.9858926
6,022,547;1;1;1;80;05;;;;1;1;;2;;;8;;2;2;;2;;1;11;4;05;1072.8673486
6,022,547;1;2;1;80;05;;;;1;5;;2;;;10;;3;3;;2;;1;11;4;05;1072.8673486
6,022,550;1;2;1;80;05;;;;1;5;;2;;;11;;3;3;;2;;1;11;3;05;1071.6002924
6,022,552;1;1;1;80;05;;;;1;7;;2;;;1;;1;2;;2;;1;11;3;05;1130.6677527
6,022,559;1;1;1;80;05;;;;1;4;;2;;;4;;2;2;;2;;1;11;4;05;1485.6828483
6,022,560;1;2;1;80;05;;;;1;5;;2;;;10;;3;3;;2;;1;11;3;05;1064.5184795
6,022,560;1;3;1;80;05;1;48;908,526;1;8;;2;;;2;;2;2;;2;;1;11;3;05;1064.5184795
6,022,562;1;1;1;80;05;;;;1;4;;2;;;4;;2;2;;2;;1;11;4;05;1129.4006964
6,022,563;1;1;1;80;05;;;;1;5;;2;;;11;;3;3;;2;;1;11;4;05;1071.6002924
6,022,563;1;2;1;80;05;;;;1;5;;2;;;11;;3;3;;2;;1;11;4;05;1071.6002924
6,022,564;1;1;1;80;05;;;;1;5;;2;;;10;;3;3;;2;;1;11;4;05;1130.6677527
6,022,571;1;1;1;80;05;1;18;908,526;1;8;;2;;;1;;2;2;;2;;1;11;4;05;1121.8404423
6,022,573;1;1;1;80;05;;;;1;7;;2;;;1;;2;2;;2;;1;11;4;05;1079.8074
6,022,573;1;2;1;80;05;;;;1;4;;2;;;4;;2;2;;2;;1;11;4;05;1079.8074
6,022,576;1;2;1;80;05;1;48;908,526;1;7;;2;;;8;;1;2;;2;;1;11;2;05;1079.8129521
6,022,578;1;1;1;80;05;;;;1;6;;2;;;8;;2;2;;2;;1;11;4;05;1130.6677527
6,022,581;1;1;1;80;05;;;;1;5;;2;;;10;;3;3;;2;;1;11;4;05;921.45735851
6,022,581;1;2;1;80;05;;;;1;3;;2;;;8;;2;2;;2;;1;11;4;05;921.45735851
6,022,581;1;3;1;80;05;;;;1;8;;2;;;1;;2;2;;2;;1;11;1.2;05;921.45735851
6,022,581;1;5;1;80;05;;;;2;;;;2;;;.;2;2;;2;;1;11;;05;921.45735851
6,022,584;1;1;1;80;05;;;;1;7;;2;;;11;;3;3;;2;;1;11;4;05;1121.8404423
6,022,585;1;2;1;80;05;;;;1;4;;2;;;4;;2;2;;2;;1;11;4;05;1071.6002924
6,022,587;1;1;1;80;05;;;;1;9;LO CULPARON DE UN DELITO Q NO COMETIO;1;;4;4;;2;2;;2;;1;11;4;05;989.72942988
6,022,587;1;2;1;80;05;;;;1;4;;2;;;4;;2;2;;2;;1;11;4;05;989.72942988
6,022,587;1;3;1;80;05;;;;1;4;;2;;;4;;2;2;;2;;1;11;4;05;989.72942988
6,022,587;1;5;1;80;05;;;;2;;;;2;;;.;2;2;;2;;1;11;;05;989.72942988
6,022,587;1;7;1;80;05;;;;2;;;;2;;;.;2;2;;2;;1;11;;05;989.72942988
6,022,587;1;8;1;80;05;;;;2;;;;2;;;.;;;;2;;1;11;;05;989.72942988
6,022,590;1;2;1;80;05;;;;2;;;;2;;;.;;;;2;;1;11;;05;1130.5259913
6,022,593;1;3;1;80;05;;;908,526;1;6;;1;;1;12;NO TIENE EL DIPLOMA DE BACHILLER;2;2;;2;;1;11;3;05;1020.670602
6,022,603;1;1;1;80;05;;;;1;3;;2;;;9;;2;2;;2;;1;11;4;05;1129.3258068
6,022,605;1;1;1;80;05;;;;1;4;;2;;;9;;2;2;;2;;1;11;1.4;05;1478.2024023
6,022,605;1;3;1;80;05;;;;1;2;;2;;;2;;2;2;;2;;1;11;1.4;05;1478.2024023
6,022,606;1;1;1;80;11;;;;2;;;;2;;;.;2;2;;2;;1;11;;11;3319.5490314
6,022,609;1;2;1;80;13;;;;1;6;;2;;;8;;2;2;;2;;1;11;4;13;607.04816481
6,022,609;1;3;1;80;13;;;;2;;;;2;;;.;;;;2;;1;11;;13;607.04816481
6,022,610;1;1;1;80;13;1;40;800,000;1;7;;2;;;8;;2;2;;2;;1;11;3;13;325.10840052
6,022,610;1;2;1;80;13;;;;1;4;;2;;;4;;2;2;;2;;1;11;3;13;325.10840052
6,022,611;1;3;1;80;13;;;;2;;;;2;;;.;2;2;;2;;1;11;;13;541.41964266
6,022,612;1;2;1;80;13;2;;908,526;1;3;;2;;;9;;2;2;;2;;1;11;4;13;550.80914408
6,022,612;1;3;1;80;13;;;;2;;;;2;;;.;;;;2;;1;11;;13;550.80914408
6,022,612;1;6;1;80;13;1;40;800,000;1;3;;2;;;5;;2;2;;2;;1;11;3;13;550.80914408
6,022,618;1;3;1;80;13;;;;2;;;;2;;;.;2;2;;2;;1;11;;13;474.7684475
6,022,622;1;2;1;80;13;;;;2;;;;2;;;.;2;2;;2;;1;11;;13;467.10356275
6,022,623;1;2;1;80;13;;;;1;8;;2;;;8;;1;2;;2;;1;11;3;13;317.55146305
6,022,626;1;2;1;80;13;;;;2;;;;2;;;.;2;2;;2;;1;11;;13;475.06908858
6,022,627;1;3;1;80;13;;;;2;;;;2;;;.;2;2;;2;;1;11;;13;537.36543016
6,022,627;1;4;1;80;13;;;;2;;;;2;;;.;2;2;;2;;1;11;;13;537.36543016
6,022,628;1;1;1;80;13;;;;1;9;PANDEMIA;2;;;8;;1;2;;2;;1;11;2;13;529.44005535
6,022,629;1;3;1;80;13;;;;2;;;;2;;;.;2;2;;2;;1;11;;13;588.49416201
6,022,629;1;4;1;80;13;;;;2;;;;2;;;.;2;2;;2;;1;11;;13;588.49416201
6,022,630;1;2;1;80;13;;;;2;;;;2;;;.;2;2;;2;;1;11;;13;459.54662528
6,022,631;1;5;1;80;13;;;;2;;;;2;;;.;2;2;;2;;1;11;;13;728.69925412
6,022,631;1;6;1;80;13;;;;2;;;;2;;;.;2;2;;2;;1;11;;13;728.69925412
6,022,632;1;3;1;80;13;;;;2;;;;2;;;.;;;;2;;1;11;;13;607.55950131
6,022,633;1;1;1;80;13;;;;1;3;;2;;;9;;2;2;;2;;1;11;4;13;416.18436991
6,022,633;1;5;1;80;13;;;;1;4;;2;;;8;;2;2;;2;;1;11;4;13;416.18436991
6,022,634;1;3;1;80;13;;;;2;;;;2;;;.;2;2;;2;;1;11;;13;541.41964266
6,022,635;1;1;1;80;13;2;;500,000;1;4;;2;;;4;;2;2;;2;;1;11;4;13;455.63531195
6,022,636;1;3;1;80;13;;;;2;;;;2;;;.;2;2;;2;;1;11;;13;403.22784648
6,022,637;1;1;1;80;13;;;;2;;;;2;;;.;2;2;;2;;1;11;;13;317.55146305
6,022,638;1;1;1;80;13;;;;2;;;;2;;;.;2;2;;2;;1;11;;13;470.85713418
6,022,640;1;1;1;80;13;;;;1;5;;2;;;10;;3;3;;2;;1;11;3;13;376.7627735
6,022,640;1;3;1;80;13;;;;1;7;;2;;;9;;2;2;;2;;1;11;3;13;376.7627735
6,022,640;1;4;1;80;13;;;;2;;;;2;;;.;;;;2;;1;11;;13;376.7627735
6,022,640;1;6;1;80;13;;;;1;4;;2;;;4;;2;2;;2;;1;11;4;13;376.7627735
6,022,640;1;7;1;80;13;;;;2;;;;2;;;.;2;2;;2;;1;11;;13;376.7627735
6,022,641;1;4;1;80;13;;;;2;;;;2;;;.;2;2;;2;;1;11;;13;488.0136502
6,022,641;1;5;1;80;13;;;;2;;;;2;;;.;;;;2;;1;11;;13;488.0136502
6,022,645;1;2;1;80;13;;;;1;5;;2;;;10;;3;3;;2;;1;11;4;13;537.36543016
6,022,645;1;3;1;80;13;;;;2;;;;2;;;.;2;2;;2;;1;11;;13;537.36543016
6,022,645;1;4;1;80;13;;;;2;;;;2;;;.;2;2;;2;;1;11;;13;537.36543016
6,022,647;1;3;1;80;13;;;;2;;;;2;;;.;2;2;;2;;1;11;;13;588.49416201
6,022,647;1;4;1;80;13;;;;2;;;;2;;;.;;;;2;;1;11;;13;588.49416201
6,022,648;1;1;1;80;13;;;;1;5;;2;;;10;;3;3;;2;;1;11;4;13;338.39491065
6,022,650;1;2;1;80;13;;;;1;7;;2;;;8;;2;2;;2;;1;11;4;13;319.48677514
6,022,654;1;2;1;80;13;;;;1;9;CAMBIO DE RESIDENCIA;2;;;9;;2;2;;2;;1;11;3;13;474.7684475
6,022,654;1;3;1;80;13;;;;2;;;;2;;;.;2;2;;2;;1;11;;13;474.7684475
6,022,658;1;1;1;80;13;2;;908,526;1;7;;1;;3;8;;2;2;;2;;1;11;3;13;234.46091104
6,022,658;1;3;1;80;13;;;;1;7;;2;;;11;;2;2;;2;;1;11;1.3;13;234.46091104
6,022,660;1;1;1;80;13;;;;2;;;;2;;;.;2;2;;2;;1;11;;13;319.48677514
6,022,660;1;3;1;80;13;1;40;908,526;1;8;;1;;3;5;;2;2;;2;;1;11;3;13;319.48677514
6,022,665;1;1;1;80;13;;;;1;5;;2;;;10;;3;3;;2;;1;11;4;13;477.29307994
6,022,665;1;3;1;80;13;;;;2;;;;2;;;.;2;2;;2;;1;11;;13;477.29307994
6,022,665;1;4;1;80;13;;;;2;;;;2;;;.;2;2;;2;;1;11;;13;477.29307994
6,022,665;1;5;1;80;13;;;;2;;;;2;;;.;2;2;;2;;1;11;;13;477.29307994
6,022,666;1;2;1;80;13;;;;1;5;;2;;;9;;2;2;;2;;1;11;2;13;529.44005535
6,022,667;1;2;1;80;13;1;30;908,526;1;9;DEVIDO AL COVID 19;2;;;1;;2;2;;2;;1;11;2;13;560.48498195
6,022,668;1;3;1;80;13;;;;2;;;;2;;;.;;;;2;;1;11;;13;486.53733938
6,022,669;1;3;1;80;13;;;;2;;;;2;;;.;2;2;;2;;1;11;;13;564.35614426
6,022,670;1;1;1;80;13;2;;908,526;1;5;;2;;;8;;3;3;;2;;1;11;3;13;486.07895641
6,022,670;1;2;1;80;13;;;;2;;;;2;;;.;2;2;;2;;1;11;;13;486.07895641
6,022,671;1;4;1;80;13;;;;2;;;;2;;;.;2;2;;2;;1;11;;13;537.36543016
6,022,672;1;2;1;80;13;2;;908,526;1;4;;2;;;4;;2;2;;2;;1;11;4;13;234.46091104
6,022,673;1;2;1;80;13;;;;2;;;;2;;;.;2;2;;2;;1;11;;13;311.82189039
6,022,673;1;3;1;80;13;;;;2;;;;2;;;.;2;2;;2;;1;11;;13;311.82189039
6,022,675;1;2;1;80;13;2;;700,000;1;9;DEVIDO AL COVID 19;2;;;9;;2;2;;2;;1;11;2;13;418.30676953
6,022,675;1;5;1;80;13;;;;2;;;;2;;;.;2;2;;2;;1;11;;13;418.30676953
6,022,675;1;6;1;80;13;;;;2;;;;2;;;.;;;;2;;1;11;;13;418.30676953
6,022,677;1;1;1;80;13;;;;1;5;;2;;;8;;3;3;;2;;1;11;4;13;325.10840052
6,022,677;1;2;1;80;13;;;;1;5;;2;;;8;;3;3;;2;;1;11;4;13;325.10840052
6,022,678;1;3;1;80;13;;;;2;;;;2;;;.;2;2;;2;;1;11;;13;537.36543016
6,022,678;1;4;1;80;13;;;;2;;;;2;;;.;2;2;;2;;1;11;;13;537.36543016
6,022,679;1;1;1;80;13;;;;1;5;;2;;;8;;2;2;;2;;1;11;4;13;434.79186434
6,022,680;1;3;1;80;13;2;;1,500,000;2;;;;2;;;.;2;2;;2;;1;11;;13;348.04490212
6,022,680;1;4;1;80;13;2;;1,500,000;1;8;;2;;;2;;2;2;;2;;1;11;1.4;13;348.04490212
6,022,684;1;1;1;80;13;;;;1;4;;2;;;8;;2;2;;2;;1;11;4;13;529.70054541
6,022,685;1;3;1;80;13;;;;2;;;;2;;;.;2;2;;2;;1;11;;13;525.89717936
6,022,690;1;2;1;80;13;1;35;908,526;1;3;;2;;;9;;2;2;;2;;1;11;3;13;478.82266
6,022,692;1;1;1;80;13;2;;908,526;1;4;;2;;;4;;2;2;;2;;1;11;1.4;13;463.3001967
6,022,694;1;1;1;80;13;;;;1;5;;2;;;10;;3;3;;2;;1;11;4;13;234.46091104
6,022,694;1;2;1;80;13;;;;1;3;;2;;;8;;2;2;;2;;1;11;4;13;234.46091104
6,022,695;1;2;1;80;13;2;;908,526;1;3;;2;;;4;;2;2;;2;;1;11;4;13;463.3001967
6,022,699;1;1;1;80;13;;;;1;8;;2;;;8;;2;2;;2;;1;11;4;13;450.01368657
6,022,699;1;3;1;80;13;;;;2;;;;2;;;.;3;3;;2;;1;11;;13;450.01368657
6,022,700;1;3;1;80;13;;;;2;;;;2;;;.;2;2;;2;;1;11;;13;454.21367916
6,022,700;1;4;1;80;13;;;;2;;;;2;;;.;2;2;;2;;1;11;;13;454.21367916
6,022,700;1;5;1;80;13;;;;2;;;;2;;;.;2;2;;2;;1;11;;13;454.21367916
6,022,704;1;2;1;80;13;;;;1;3;;2;;;9;;2;2;;2;;1;11;2;13;511.13435841
6,022,705;1;2;1;80;13;;;;2;;;;2;;;.;2;2;;2;;1;11;;13;495.61189511
6,022,707;1;3;1;80;13;;;;2;;;;2;;;.;2;2;;2;;1;11;;13;336.57665132
6,022,709;1;3;1;80;13;;;;1;2;;2;;;2;;2;2;;2;;1;11;2;13;505.05373175
6,022,709;1;4;1;80;13;;;;2;;;;2;;;.;2;2;;2;;1;11;;13;505.05373175
6,022,710;1;1;1;80;13;;;;1;3;;2;;;8;;2;2;;2;;1;11;4;13;434.79186434
6,022,711;1;2;1;80;13;2;;908,526;1;3;;2;;;9;;2;2;;2;;1;11;4;13;592.03703801
6,022,711;1;3;1;80;13;;;;2;;;;2;;;.;2;2;;2;;1;11;;13;592.03703801
6,022,712;1;2;1;80;13;;;;1;4;;2;;;8;;2;2;;2;;1;11;4;13;325.10840052
6,022,713;1;3;1;80;13;;;;2;;;;2;;;.;;;;2;;1;11;;13;490.2909108
6,022,715;1;3;1;80;13;;;;2;;;;2;;;.;2;2;;2;;1;11;;13;552.37655696
6,022,715;1;5;1;80;13;;;;2;;;;2;;;.;;;;2;;1;11;;13;552.37655696
6,022,718;1;1;1;80;13;1;48;908,526;1;4;;2;;;4;;2;2;;2;;1;11;3;13;340.33022275
6,022,718;1;2;1;80;13;;;;1;5;;2;;;10;;3;3;;2;;1;11;4;13;340.33022275
6,022,719;1;2;1;80;13;;;;1;4;;2;;;8;;2;2;;2;;1;11;4;13;340.33022275
6,022,720;1;2;1;80;13;;;;1;3;;2;;;9;;2;2;;2;;1;11;3;13;577.27421706
6,022,721;1;1;1;80;13;;;;1;4;;2;;;8;;2;2;;2;;1;11;4;13;455.63531195
6,022,722;1;3;1;80;13;;;;2;;;;2;;;.;2;2;;2;;1;11;;13;474.7684475
6,022,726;1;3;1;80;13;;;;2;;;;2;;;.;2;2;;2;;1;11;;13;525.89717936
6,022,728;1;2;1;80;13;;;;2;;;;2;;;.;;;;2;;1;11;;13;495.61189511
6,022,729;1;1;1;80;13;1;48;900,000;1;7;;2;;;8;;2;2;;2;;1;11;3;13;533.45411683
6,022,734;1;2;1;80;17;;;;2;;;;2;;;.;2;2;;2;;1;11;;17;223.51630555
6,022,735;1;1;1;80;17;;;;1;5;;2;;;10;;3;3;;2;;1;11;4;17;116.16084123
6,022,735;1;4;1;80;17;;;;2;;;;2;;;.;2;2;;2;;1;11;;17;116.16084123
6,022,736;1;1;1;80;17;;;;2;;;;2;;;.;2;2;;2;;1;11;;17;223.51630555
6,022,736;1;2;1;80;17;;;;2;;;;2;;;.;2;2;;2;;1;11;;17;223.51630555
6,023,401;1;1;1;80;23;;;;2;;;;2;;;.;2;2;;2;;1;11;;23;229.52281498
6,023,401;1;3;1;80;23;;;;2;;;;2;;;.;;;;2;;1;11;;23;229.52281498
6,023,402;1;1;1;80;23;2;;908,526;1;1;;2;;;9;;2;2;;2;;1;11;1.4;23;110.58900398
6,023,402;1;3;1;80;23;;;;2;;;;2;;;.;;;;2;;1;11;;23;110.58900398
6,023,402;1;4;1;80;23;;;;2;;;;2;;;.;;;;2;;1;11;;23;110.58900398
6,023,402;1;6;1;80;23;;;;1;3;;2;;;9;;2;2;;2;;1;11;4;23;110.58900398
6,023,403;1;2;1;80;23;;;;1;7;;2;;;4;;2;2;;2;;1;11;4;23;151.57200096
6,023,404;1;1;1;80;23;;;;1;5;;2;;;10;;3;3;;2;;1;11;1.4;23;174.65476245
6,023,405;1;2;1;80;23;;;;2;;;;2;;;.;2;2;;2;;1;11;;23;120.37573426
6,023,406;1;1;1;80;23;;;;2;;;;2;;;.;2;2;;2;;1;11;;23;206.18264279
6,023,406;1;3;1;80;23;;;;2;;;;2;;;.;2;2;;2;;1;11;;23;206.18264279
6,023,406;1;4;1;80;23;;;;2;;;;2;;;.;;;;2;;1;11;;23;206.18264279
6,023,406;1;5;1;80;23;;;;2;;;;2;;;.;;;;2;;1;11;;23;206.18264279
6,023,408;1;2;1;80;23;;;;1;4;;2;;;4;;2;2;;2;;1;11;1.4;23;221.27865664
6,023,408;1;4;1;80;23;;;;2;;;;2;;;.;2;2;;2;;1;11;;23;221.27865664
6,023,408;1;5;1;80;23;;;;2;;;;2;;;.;;;;2;;1;11;;23;221.27865664
6,023,409;1;3;1;80;23;;;;2;;;;2;;;.;2;2;;2;;1;11;;23;149.43417562
6,023,409;1;5;1;80;23;;;;2;;;;2;;;.;2;2;;2;;1;11;;23;149.43417562
6,023,412;1;1;1;80;23;;;;1;5;;2;;;10;;3;3;;2;;1;11;1.4;23;208.38582187
6,023,412;1;3;1;80;23;;;;2;;;;2;;;.;2;2;;2;;1;11;;23;208.38582187
6,023,415;1;2;1;80;23;;;;2;;;;2;;;.;2;2;;2;;1;11;;23;142.350113
6,023,415;1;3;1;80;23;;;;2;;;;2;;;.;2;2;;2;;1;11;;23;142.350113
6,023,415;1;6;1;80;23;;;;2;;;;2;;;.;2;2;;2;;1;11;;23;142.350113
6,023,416;1;3;1;80;23;;;;2;;;;2;;;.;;;;2;;1;11;;23;228.94276712
6,023,416;1;4;1;80;23;;;;2;;;;2;;;.;;;;2;;1;11;;23;228.94276712
6,023,419;1;1;1;80;23;;;;2;;;;2;;;.;2;2;;2;;1;11;;23;153.76910729
6,023,420;1;1;1;80;23;;;;2;;;;2;;;.;2;2;;2;;1;11;;23;137.66885444
6,023,421;1;1;1;80;23;;;;2;;;;2;;;.;2;2;;2;;1;11;;23;218.98504751
6,023,423;1;1;1;80;23;;;;1;7;;2;;;11;;2;2;;2;;1;11;1.4;23;213.00936764
6,023,424;1;1;1;80;23;;;;2;;;;2;;;.;2;2;;2;;1;11;;23;231.59534093
6,023,426;1;2;1;80;23;;;;2;;;;2;;;.;2;2;;2;;1;11;;23;197.74650042
6,023,426;1;3;1;80;23;;;;2;;;;2;;;.;2;2;;2;;1;11;;23;197.74650042
6,023,427;1;2;1;80;23;;;;2;;;;2;;;.;;;;2;;1;11;;23;181.0334281
6,023,428;1;1;1;80;23;;;;1;7;;2;;;1;;2;2;;2;;1;11;3;23;180.69574171
6,023,428;1;2;1;80;23;;;;2;;;;2;;;.;2;2;;2;;1;11;;23;180.69574171
6,023,428;1;5;1;80;23;;;;1;3;;2;;;9;;2;2;;2;;1;11;1.4;23;180.69574171
6,023,429;1;3;1;80;23;2;;908,526;2;;;;2;;;.;2;2;;2;;1;11;;23;207.77713835
6,023,429;1;5;1;80;23;;;;2;;;;2;;;.;;;;2;;1;11;;23;207.77713835
6,023,429;1;11;1;80;23;;;;1;2;;2;;;2;;2;2;;2;;1;11;1.3;23;207.77713835
6,023,429;1;13;1;80;23;;;;1;3;;2;;;9;;2;2;;2;;1;11;4;23;207.77713835
6,023,431;1;2;1;80;23;;;;2;;;;2;;;.;2;2;;2;;1;11;;23;216.3977731
6,023,431;1;3;1;80;23;;;;2;;;;2;;;.;2;2;;2;;1;11;;23;216.3977731
6,023,433;1;2;1;80;23;;;;2;;;;2;;;.;2;2;;2;;1;11;;23;195.42263653
6,023,433;1;3;1;80;23;;;;2;;;;2;;;.;2;2;;2;;1;11;;23;195.42263653
6,023,433;1;4;1;80;23;;;;2;;;;2;;;.;2;2;;2;;1;11;;23;195.42263653
6,023,433;1;5;1;80;23;;;;1;3;;2;;;9;;2;2;;2;;1;11;3;23;195.42263653
6,023,434;1;2;1;80;23;;;;2;;;;2;;;.;2;2;;2;;1;11;;23;231.59534093
6,023,437;1;2;1;80;23;;;;2;;;;2;;;.;2;2;;2;;1;11;;23;195.84082785
6,023,438;1;1;1;80;23;;;;1;4;;2;;;4;;2;2;;2;;1;11;3;23;184.79852062
6,023,438;1;6;1;80;23;;;;2;;;;2;;;.;2;2;;2;;1;11;;23;184.79852062
6,023,440;1;1;1;80;23;;;;1;3;;2;;;9;;2;2;;2;;1;11;4;23;195.84082785
6,023,443;1;2;1;80;23;;;;1;3;;2;;;9;;2;2;;2;;1;11;2;23;216.97782096
6,023,444;1;1;1;80;23;;;;1;3;;2;;;9;;2;2;;1;350,000;1;11;1.2;23;237.63632019
6,023,446;1;1;1;80;23;;;;2;;;;2;;;.;2;2;;2;;1;11;;23;444.82709754
6,023,446;1;6;1;80;23;;;;2;;;;2;;;.;;;;2;;1;11;;23;444.82709754
6,023,448;1;2;1;80;23;;;;1;3;;2;;;9;;2;2;;2;;1;11;4;23;137.66885444
6,023,453;1;1;1;80;23;;;;1;4;;2;;;4;;2;2;;2;;1;11;4;23;275.33770888
6,023,453;1;2;1;80;23;;;;2;;;;2;;;.;2;2;;2;;1;11;;23;275.33770888
6,023,455;1;2;1;80;23;;;;1;3;;2;;;9;;2;2;;2;;1;11;3;23;242.1331084
6,023,456;1;1;1;80;23;;;;1;6;;2;;;4;;2;2;;2;;1;11;1.3;23;335.51347677
6,023,456;1;3;1;80;23;;;;2;;;;2;;;.;2;2;;2;;1;11;;23;335.51347677
6,023,457;1;1;1;80;23;;;;1;3;;2;;;9;;2;2;;2;;1;11;4;23;107.09904455
6,023,457;1;2;1;80;23;2;;908,526;1;3;;2;;;9;;2;2;;2;;1;11;4;23;107.09904455
6,023,458;1;3;1;80;23;;;;2;;;;2;;;.;2;2;;2;;1;11;;23;215.81772524
6,023,458;1;4;1;80;23;;;;2;;;;2;;;.;;;;2;;1;11;;23;215.81772524
6,023,459;1;2;1;80;23;;;;2;;;;2;;;.;2;2;;2;;1;11;;23;240.75146852
6,023,460;1;2;1;80;23;;;;1;3;;2;;;9;;2;2;;2;;1;11;2;23;190.83949988
6,023,460;1;3;1;80;23;;;;2;;;;2;;;.;;;;2;;1;11;;23;190.83949988
6,023,460;1;5;1;80;23;;;;1;3;;2;;;9;;2;2;;2;;1;11;4;23;190.83949988
6,023,462;1;1;1;80;23;;;;2;;;;2;;;.;2;2;;2;;1;11;;23;598.06446704
6,023,462;1;2;1;80;23;;;;1;7;;2;;;9;;2;2;;2;;1;11;2;23;598.06446704
6,023,462;1;3;1;80;23;;;;2;;;;2;;;.;2;2;;2;;1;11;;23;598.06446704
6,023,462;1;4;1;80;23;;;;2;;;;2;;;.;2;2;;2;;1;11;;23;598.06446704
6,023,462;1;5;1;80;23;;;;2;;;;2;;;.;2;2;;2;;1;11;;23;598.06446704
6,023,462;1;7;1;80;23;;;;2;;;;2;;;.;2;2;;2;;1;11;;23;598.06446704
6,023,462;2;1;2;80;23;;;;2;;;;2;;;.;2;2;;2;;1;11;;23;598.06446704
6,023,465;1;2;1;80;23;;;;1;5;;2;;;10;;3;3;;2;;1;11;4;23;240.75146852
6,023,466;1;2;1;80;23;;;;2;;;;2;;;.;2;2;;2;;1;11;;23;224.62304099
6,023,466;1;3;1;80;23;;;;2;;;;2;;;.;2;2;;2;;1;11;;23;224.62304099
6,023,466;1;4;1;80;23;;;;2;;;;2;;;.;;;;2;;1;11;;23;224.62304099
6,023,466;1;5;1;80;23;;;;2;;;;2;;;.;;;;2;;1;11;;23;224.62304099
6,023,466;1;6;1;80;23;;;;1;4;;2;;;8;;2;2;;2;;1;11;4;23;224.62304099
6,023,467;1;3;1;80;23;;;;2;;;;2;;;.;2;2;;2;;1;11;;23;216.3977731
6,023,468;1;1;1;80;23;;;;2;;;;2;;;.;2;2;;2;;1;11;;23;335.01080087
6,023,468;1;4;1;80;23;;;;2;;;;2;;;.;2;2;;2;;1;11;;23;335.01080087
6,023,468;1;5;1;80;23;;;;2;;;;2;;;.;2;2;;2;;1;11;;23;335.01080087
6,023,468;1;6;1;80;23;;;;2;;;;2;;;.;;;;2;;1;11;;23;335.01080087
6,023,469;1;1;1;80;23;;;;2;;;;2;;;.;2;2;;2;;1;11;;23;291.5647193
6,023,470;1;3;1;80;23;;;;2;;;;2;;;.;2;2;;2;;1;11;;23;401.44342277
6,023,470;1;4;1;80;23;;;;2;;;;2;;;.;2;2;;2;;1;11;;23;401.44342277
6,023,472;1;2;1;80;23;;;;2;;;;2;;;.;2;2;;2;;1;11;;23;151.24329105
6,023,474;1;2;1;80;23;;;;1;4;;2;;;11;;2;2;;2;;1;11;4;23;263.70488267
6,023,474;1;4;1;80;23;;;;2;;;;2;;;.;2;2;;2;;1;11;;23;263.70488267
6,023,474;1;7;1;80;23;;;;2;;;;2;;;.;2;2;;2;;1;11;;23;263.70488267
6,023,477;1;2;1;80;23;;;;2;;;;2;;;.;2;2;;2;;1;11;;23;196.22492318
6,023,478;1;1;1;80;23;;;;2;;;;2;;;.;2;2;;2;;1;11;;23;226.87024117
6,023,478;1;6;1;80;23;;;;2;;;;2;;;.;;;;2;;1;11;;23;226.87024117
6,023,479;1;1;1;80;23;;;;1;6;;2;;;8;;2;2;;2;;1;11;2;23;151.24329105
6,023,479;1;2;1;80;23;;;;2;;;;2;;;.;;;;2;;1;11;;23;151.24329105
6,023,480;1;1;1;80;23;;;;1;4;;2;;;4;;2;2;;2;;1;11;4;23;148.91942715
6,023,480;1;5;1;80;23;;;;2;;;;2;;;.;;;;2;;1;11;;23;148.91942715
6,023,481;1;1;1;80;23;;;;2;;;;2;;;.;2;2;;2;;1;11;;23;164.3932232
6,023,482;1;2;1;80;23;;;;2;;;;2;;;.;2;2;;2;;1;11;;23;198.32654828
6,023,483;1;1;1;80;23;;;;1;4;;2;;;4;;2;2;;2;;1;11;4;23;143.12978584
6,023,485;1;1;1;80;23;;;;1;4;;2;;;8;;2;2;;2;;1;11;4;23;156.40647556
6,023,486;1;2;1;80;23;;;;2;;;;2;;;.;2;2;;2;;1;11;;23;186.15667311
6,023,486;1;3;1;80;23;;;;2;;;;2;;;.;2;2;;2;;1;11;;23;186.15667311
6,023,486;1;5;1;80;23;;;;1;3;;2;;;9;;2;2;;2;;1;11;4;23;186.15667311
6,023,487;1;1;1;80;23;;;;1;3;;2;;;9;;2;2;;2;;1;11;3;23;189.79984859
6,023,488;1;3;1;80;23;;;;2;;;;2;;;.;;;;2;;1;11;;23;416.77164374
6,023,489;1;1;1;80;23;;;;1;4;;2;;;4;;2;2;;2;;1;11;1.4;23;172.33987503
6,023,489;1;3;1;80;23;;;;2;;;;2;;;.;2;2;;2;;1;11;;23;172.33987503
6,023,489;1;4;1;80;23;;;;2;;;;2;;;.;2;2;;2;;1;11;;23;172.33987503
6,023,490;1;1;1;80;23;;;;1;5;;2;;;10;;3;3;;2;;1;11;3;23;240.75146852
6,023,490;1;2;1;80;23;;;;2;;;;2;;;.;2;2;;2;;1;11;;23;240.75146852
6,023,491;1;1;1;80;23;;;;1;5;;2;;;10;;3;3;;2;;1;11;3;23;221.8587045
6,023,491;1;2;1;80;23;;;;1;4;;2;;;4;;2;2;;2;;1;11;2;23;221.8587045
6,023,491;1;3;1;80;23;;;;2;;;;2;;;.;;;;2;;1;11;;23;221.8587045
6,023,491;1;4;1;80;23;;;;2;;;;2;;;.;;;;2;;1;11;;23;221.8587045
6,023,492;1;1;1;80;23;;;;2;;;;2;;;.;2;2;;2;;1;11;;23;229.56922392
6,023,492;1;4;1;80;23;;;;2;;;;2;;;.;2;2;;2;;1;11;;23;229.56922392
6,023,492;1;6;1;80;23;;;;2;;;;2;;;.;2;2;;2;;1;11;;23;229.56922392
6,023,492;1;7;1;80;23;;;;2;;;;2;;;.;;;;2;;1;11;;23;229.56922392
6,023,493;1;3;1;80;23;;;;2;;;;2;;;.;2;2;;2;;1;11;;23;390.52155997
6,023,494;1;2;1;80;23;;;;1;3;;2;;;9;;2;2;;2;;1;11;3;23;425.76522016
6,023,495;1;2;1;80;23;;;;1;7;;2;;;9;;2;2;;2;;1;11;2;23;216.3977731
6,023,495;1;3;1;80;23;;;;2;;;;2;;;.;2;2;;2;;1;11;;23;216.3977731
6,023,497;1;1;1;80;23;;;;1;5;;2;;;10;;3;3;;2;;1;11;4;23;272.69845909
6,023,497;1;2;1;80;23;;;;2;;;;2;;;.;2;2;;2;;1;11;;23;272.69845909
6,023,498;1;2;1;80;23;;;;2;;;;2;;;.;2;2;;2;;1;11;;23;148.91942715
6,023,498;1;5;1;80;23;;;;2;;;;2;;;.;2;2;;2;;1;11;;23;148.91942715
6,023,499;1;2;1;80;23;;;;1;3;;2;;;9;;2;2;;2;;1;11;2;23;421.87368339
6,023,500;1;1;1;80;23;;;;2;;;;2;;;.;2;2;;2;;1;11;;23;120.37573426
6,023,500;1;2;1;80;23;;;;1;5;;2;;;10;;3;3;;2;;1;11;4;23;120.37573426
6,023,501;1;1;1;80;23;;;;1;5;;2;;;10;;3;3;;2;;1;11;4;23;115.54125967
6,023,501;1;2;1;80;23;;;;1;5;;2;;;10;;3;3;;2;;1;11;4;23;115.54125967
6,023,501;1;4;1;80;23;;;;1;4;;2;;;9;;2;2;;2;;1;11;4;23;115.54125967
6,023,502;1;1;1;80;23;;;;1;5;;2;;;10;;3;3;;2;;1;11;4;23;151.57200096
6,023,502;1;2;1;80;23;;;;2;;;;2;;;.;2;2;;2;;1;11;;23;151.57200096
6,023,503;1;1;1;80;23;;;;1;9;POR LA PANDEMIA;2;;;12;POR LA PANDEMIA;2;2;;2;;1;11;2;23;120.37573426
6,023,503;1;2;1;80;23;;;;1;3;;2;;;9;;2;2;;2;;1;11;4;23;120.37573426
6,023,505;1;6;1;80;23;;;;2;;;;2;;;.;2;2;;2;;1;11;;23;118.72739945
6,023,506;1;1;1;80;23;;;;1;5;;2;;;10;;3;3;;2;;1;11;4;23;90.906550472
6,023,506;1;2;1;80;23;;;;2;;;;2;;;.;2;2;;2;;1;11;;23;90.906550472
6,023,506;1;5;1;80;23;;;;2;;;;2;;;.;;;;2;;1;11;;23;90.906550472
6,023,507;1;3;1;80;23;;;;2;;;;2;;;.;2;2;;2;;1;11;;23;144.42263894
6,023,507;1;4;1;80;23;;;;2;;;;2;;;.;2;2;;2;;1;11;;23;144.42263894
6,023,508;1;1;1;80;23;;;;1;3;;2;;;9;;2;2;;2;;1;11;4;23;128.61381985
6,023,509;1;3;1;80;23;;;;2;;;;2;;;.;2;2;;2;;1;11;;23;242.067809
6,023,509;1;4;1;80;23;;;;2;;;;2;;;.;;;;2;;1;11;;23;242.067809
6,023,511;1;1;1;80;23;;;;1;5;;2;;;10;;3;3;;2;;1;11;3;23;125.83666566
6,023,511;1;2;1;80;23;;;;2;;;;2;;;.;2;2;;2;;1;11;;23;125.83666566
6,023,511;1;3;1;80;23;;;;2;;;;2;;;.;2;2;;2;;1;11;;23;125.83666566
6,023,512;1;1;1;80;23;;;;2;;;;2;;;.;2;2;;2;;1;11;;23;169.82926433
6,023,512;1;2;1;80;23;;;;2;;;;2;;;.;2;2;;2;;1;11;;23;169.82926433
6,023,512;1;3;1;80;23;;;;2;;;;2;;;.;2;2;;2;;1;11;;23;169.82926433
6,023,513;1;1;1;80;23;;;;1;5;;2;;;10;;3;3;;2;;1;11;4;23;156.40647556
6,023,515;1;1;1;80;23;;;;1;5;;2;;;10;;3;3;;2;;1;11;4;23;140.94788505
6,023,516;1;2;1;80;23;;;;1;3;;2;;;1;;2;2;;2;;1;11;3;23;206.69739125
6,023,516;1;3;1;80;23;;;;1;3;;2;;;2;;2;2;;2;;1;11;1.4;23;206.69739125
6,023,516;1;5;1;80;23;;;;2;;;;2;;;.;2;2;;2;;1;11;;23;206.69739125
6,023,517;1;3;1;80;23;;;;2;;;;2;;;.;2;2;;2;;1;11;;23;216.3977731
6,023,520;1;1;1;80;23;;;;1;3;;2;;;9;;2;2;;2;;1;11;3;23;196.78235723
6,023,522;1;2;1;80;23;;;;2;;;;2;;;.;;;;2;;1;11;;23;342.09404386
6,023,523;1;3;1;80;23;;;;2;;;;2;;;.;2;2;;2;;1;11;;23;208.38582187
6,023,524;1;1;1;80;23;;;;1;3;;2;;;11;;2;2;;2;;1;11;3;23;192.28556902
6,023,524;1;2;1;80;23;;;;2;;;;2;;;.;2;2;;2;;1;11;;23;192.28556902
6,023,525;1;1;1;80;23;;;;1;5;;2;;;10;;3;3;;2;;1;11;4;23;114.45933538
6,023,525;1;4;1;80;23;;;;2;;;;2;;;.;2;2;;2;;1;11;;23;114.45933538
6,023,526;1;2;1;80;23;;;;1;4;;2;;;4;;2;2;;2;;1;11;3;23;382.75827722
6,023,526;1;3;1;80;23;;;;2;;;;2;;;.;;;;2;;1;11;;23;382.75827722
6,023,526;1;5;1;80;23;;;;1;4;;2;;;4;;2;2;;2;;1;11;4;23;382.75827722
6,023,526;2;1;2;80;23;;;;2;;;;2;;;.;2;2;;2;;1;11;;23;382.75827722
6,023,526;2;2;2;80;23;;;;2;;;;2;;;.;;;;2;;1;11;;23;382.75827722
6,023,526;2;4;2;80;23;;;;2;;;;2;;;.;2;2;;2;;1;11;;23;382.75827722
6,023,527;1;2;1;80;23;;;;2;;;;2;;;.;2;2;;2;;1;11;;23;161.86740696
6,023,529;1;2;1;80;23;;;;2;;;;2;;;.;2;2;;2;;1;11;;23;189.79984859
6,023,530;1;2;1;80;23;;;;2;;;;2;;;.;2;2;;2;;1;11;;23;177.18955517
6,023,531;1;2;1;80;23;;;;2;;;;2;;;.;2;2;;2;;1;11;;23;195.84082785
6,023,533;1;1;1;80;23;1;48;500,000;1;3;;2;;;9;;2;2;;2;;1;11;3;23;226.76086633
6,023,533;1;4;1;80;23;;;;2;;;;2;;;.;2;2;;2;;1;11;;23;226.76086633
6,023,534;1;3;1;80;23;;;;1;2;;2;;;2;;2;2;;2;;1;11;2;23;215.81772524
6,023,534;1;4;1;80;23;;;;2;;;;2;;;.;2;2;;2;;1;11;;23;215.81772524
6,023,535;1;1;1;80;23;;;;1;3;;2;;;9;;2;2;;2;;1;11;3;23;173.69959574
6,023,536;1;2;1;80;23;;;;2;;;;2;;;.;2;2;;2;;1;11;;23;205.86000563
6,023,538;1;2;1;80;23;;;;2;;;;2;;;.;2;2;;2;;1;11;;23;216.3977731
6,023,538;1;3;1;80;23;;;;2;;;;2;;;.;;;;2;;1;11;;23;216.3977731
6,023,539;1;1;1;80;23;;;;2;;;;2;;;.;2;2;;2;;1;11;;23;198.07521033
6,023,540;1;3;1;80;23;;;;2;;;;2;;;.;2;2;;2;;1;11;;23;220.82926191
6,023,540;1;4;1;80;23;;;;2;;;;2;;;.;2;2;;2;;1;11;;23;220.82926191
6,023,540;1;5;1;80;23;;;;2;;;;2;;;.;2;2;;2;;1;11;;23;220.82926191
6,023,541;1;2;1;80;23;;;;2;;;;2;;;.;2;2;;2;;1;11;;23;391.68165569
6,023,554;1;2;1;80;23;;;;1;3;;2;;;9;;2;2;;2;;1;11;4;23;193.28980802
6,023,554;1;3;1;80;23;;;;2;;;;2;;;.;2;2;;2;;1;11;;23;193.28980802
6,023,555;1;2;1;80;23;;;;2;;;;2;;;.;2;2;;2;;1;11;;23;174.70383474
6,023,794;1;2;1;80;66;;;;1;5;;2;;;9;;3;3;;2;;1;11;4;66;211.14623845
6,023,794;1;3;1;80;66;2;;1,500,000;1;2;;2;;;2;;2;2;;2;;1;11;3;66;211.14623845
6,023,794;1;5;1;80;66;;;;1;4;;2;;;8;;2;2;;2;;1;11;4;66;211.14623845
6,023,795;1;2;1;80;66;;;;2;;;;2;;;.;;;;2;;1;11;;66;378.14999041
6,023,795;1;3;1;80;66;;;;1;3;;2;;;9;;2;2;;2;;1;11;4;66;378.14999041
6,023,796;1;2;1;80;66;;;;1;5;;2;;;10;;3;3;;2;;1;11;3;66;347.53083448
6,023,797;1;1;1;80;66;;;;1;3;;2;;;9;;2;2;;2;;1;11;4;66;394.96780926
6,023,797;1;3;1;80;66;2;;908,526;2;;;;2;;;.;2;2;;2;;1;11;;66;394.96780926
6,023,798;1;1;1;80;66;;;;1;3;;2;;;8;;2;2;;2;;1;11;4;66;368.21338042
6,023,801;1;3;1;80;66;;;;2;;;;2;;;.;2;2;;2;;1;11;;66;360.51749267
6,023,804;1;2;1;80;66;;;;1;3;;2;;;9;;2;2;;2;;1;11;4;66;364.34865333
6,023,805;1;1;1;80;66;;;;1;3;;2;;;9;;2;2;;2;;1;11;4;66;314.13428394
6,023,805;1;2;1;80;66;;;;1;3;;2;;;4;;2;2;;2;;1;11;4;66;314.13428394
6,023,807;1;1;1;80;66;;;;1;5;;2;;;10;;3;3;;2;;1;11;4;66;347.53083448
6,023,807;1;2;1;80;66;;;;2;;;;2;;;.;2;2;;2;;1;11;;66;347.53083448
6,023,808;1;1;1;80;66;;;;1;5;;2;;;8;;3;3;;2;;1;11;4;66;454.12548179
6,023,808;1;2;1;80;66;;;;1;3;;2;;;9;;2;2;;2;;1;11;4;66;454.12548179
6,023,812;1;2;1;80;66;;;;2;;;;1;4;9;;2;2;;2;;1;11;;66;491.19311007
6,023,816;1;1;1;80;66;;;;2;;;;2;;;.;2;2;;2;;1;11;;66;725.7219537
6,023,816;1;3;1;80;66;;;;1;3;;2;;;9;;2;2;;2;;1;11;3;66;725.7219537
6,023,819;1;3;1;80;66;;;;1;4;;2;;;8;;2;2;;2;;1;11;4;66;330.95210279
6,023,820;1;1;1;80;66;;;;1;3;;2;;;4;;2;2;;2;;1;11;4;66;348.58460053
6,023,822;1;2;1;80;66;;;;1;3;;2;;;9;;2;2;;2;;1;11;4;66;269.73954125
6,023,822;1;4;1;80;66;;;;2;;;;2;;;.;;;;2;;1;11;;66;269.73954125
6,023,823;1;2;1;80;66;;;;1;3;;2;;;9;;2;2;;2;;1;11;4;66;323.01712788
6,023,823;1;3;1;80;66;;;;2;;;;2;;;.;2;2;;2;;1;11;;66;323.01712788
6,023,825;1;3;1;80;66;;;;2;;;;2;;;.;;;;2;;1;11;;66;323.01712788
6,023,826;1;2;1;80;66;;;;1;3;;2;;;9;;2;2;;2;;1;11;3;66;573.59987585
6,023,827;1;1;1;80;66;;;;2;;;;2;;;.;2;2;;2;;1;11;;66;314.53503886
6,023,827;1;2;1;80;66;;;;2;;;;2;;;.;2;2;;2;;1;11;;66;314.53503886
6,023,827;1;3;1;80;66;;;;2;;;;2;;;.;2;2;;2;;1;11;;66;314.53503886
6,023,828;1;2;1;80;66;;;;2;;;;2;;;.;;;;2;;1;11;;66;474.77604614
6,023,829;1;1;1;80;66;2;;800,000;1;4;;2;;;4;;2;2;;2;;1;11;4;66;365.56408714
6,023,829;1;3;1;80;66;;;;1;4;;2;;;4;;2;2;;2;;1;11;3;66;365.56408714
6,023,832;1;1;1;80;66;;;;1;4;;2;;;4;;2;2;;2;;1;11;2;66;433.87725719
6,023,832;1;3;1;80;66;;;;2;;;;2;;;.;2;2;;2;;1;11;;66;433.87725719
6,023,832;1;4;1;80;66;;;;2;;;;2;;;.;;;;2;;1;11;;66;433.87725719
6,023,833;1;2;1;80;66;;;;1;3;;2;;;11;;2;2;;2;;1;11;4;66;541.58393085
6,023,833;1;6;1;80;66;;;;2;;;;2;;;.;;;;2;;1;11;;66;541.58393085
6,023,840;1;1;1;80;66;;;;1;5;;2;;;10;;3;3;;2;;1;11;4;66;381.98115107
6,023,840;1;2;1;80;66;;;;2;;;;1;4;9;;2;2;;2;;1;11;;66;381.98115107
6,023,841;1;1;1;80;66;;;;2;;;;2;;;.;2;2;;2;;1;11;;66;366.61785318
6,023,841;1;3;1;80;66;;;;2;;;;2;;;.;2;2;;2;;1;11;;66;366.61785318
6,023,841;1;4;1;80;66;;;;2;;;;2;;;.;2;2;;2;;1;11;;66;366.61785318
6,023,842;1;2;1;80;66;;;;2;;;;2;;;.;2;2;;2;;1;11;;66;314.53503886
6,023,842;1;3;1;80;66;;;;2;;;;2;;;.;2;2;;2;;1;11;;66;314.53503886
6,023,843;1;1;1;80;66;;;;2;;;;2;;;.;2;2;;2;;1;11;;66;332.96904644
6,023,843;1;2;1;80;66;;;;1;2;;2;;;2;;2;2;;2;;1;11;2;66;332.96904644
6,023,843;1;3;1;80;66;;;;2;;;;2;;;.;2;2;;2;;1;11;;66;332.96904644
6,023,843;1;5;1;80;66;;;;1;2;;2;;;2;;2;2;;2;;1;11;1.4;66;332.96904644
6,023,845;1;2;1;80;66;;;;2;;;;2;;;.;2;2;;2;;1;11;;66;692.72572594
6,023,846;1;1;1;80;66;1;48;908,526;1;1;;1;;2;4;;1;2;;2;;1;11;2;66;495.4078277
6,023,846;1;5;1;80;66;;;;2;;;;2;;;.;2;2;;2;;1;11;;66;495.4078277
6,023,846;1;6;1;80;66;;;;2;;;;2;;;.;;;;2;;1;11;;66;495.4078277
6,023,847;1;3;1;80;66;;;;2;;;;2;;;.;2;2;;2;;1;11;;66;378.55074533
6,023,847;1;4;1;80;66;;;;2;;;;2;;;.;2;2;;2;;1;11;;66;378.55074533
6,023,849;1;1;1;80;66;;;;1;9;DESEABA DESCANSAR;2;;;11;;2;2;;2;;1;11;4;66;259.24050858
6,023,852;1;5;1;80;66;;;;1;2;;2;;;2;;2;2;;2;;1;11;2;66;519.9215343
6,023,853;1;2;1;80;66;;;;2;;;;2;;;.;2;2;;2;;1;11;;66;217.90898312
6,023,853;1;3;1;80;66;;;;1;3;;2;;;9;;2;2;;2;;1;11;3;66;217.90898312
6,023,853;1;4;1;80;66;;;;2;;;;2;;;.;2;2;;2;;1;11;;66;217.90898312
6,023,854;1;2;1;80;66;2;;908,000;2;;;;2;;;.;2;2;;2;;1;11;;66;620.79776347
6,023,855;1;1;1;80;66;1;48;908,526;1;3;;2;;;9;;2;2;;2;;1;11;2;66;314.13428394
6,023,855;1;2;1;80;66;;;;2;;;;2;;;.;2;2;;2;;1;11;;66;314.13428394
6,023,856;1;1;1;80;66;;;;1;5;;2;;;10;;3;3;;2;;1;11;4;66;556.782057
6,023,857;1;2;1;80;66;;;;1;3;;2;;;9;;2;2;;2;;1;11;1.4;66;382.59827424
6,023,857;1;3;1;80;66;;;;2;;;;2;;;.;;;;2;;1;11;;66;382.59827424
6,023,857;1;5;1;80;66;;;;1;4;;2;;;4;;1;2;;2;;1;11;1.3;66;382.59827424
6,023,857;1;6;1;80;66;;;;1;4;;2;;;4;;2;2;;2;;1;11;4;66;382.59827424
6,023,858;1;1;1;80;66;;;;1;4;;2;;;4;;3;3;;2;;1;11;4;66;347.53083448
6,023,858;1;2;1;80;66;;;;1;3;;2;;;9;;1;2;;2;;1;11;4;66;347.53083448
6,023,859;1;1;1;80;66;;;;2;;;;2;;;.;2;2;;2;;1;11;;66;368.21338042
6,023,861;1;1;1;80;66;;;;1;5;;2;;;10;;3;3;;2;;1;11;4;66;347.53083448
6,023,861;1;2;1;80;66;;;;2;;;;2;;;.;2;2;;2;;1;11;;66;347.53083448
6,023,864;1;4;1;80;66;;;;2;;;;2;;;.;;;;2;;1;11;;66;252.35929971
6,023,864;1;5;1;80;66;;;;2;;;;2;;;.;2;2;;2;;1;11;;66;252.35929971
6,023,866;1;3;1;80;66;;;;1;4;;2;;;4;;2;2;;2;;1;11;4;66;330.95210279
6,023,867;1;1;1;80;66;2;;900,000;1;3;;2;;;9;;2;2;;1;1,000,000;1;11;1.1;66;365.56408714
6,023,867;1;2;1;80;66;;;;1;5;;2;;;10;;3;3;;2;;1;11;1.3;66;365.56408714
6,023,868;1;1;1;80;66;;;;2;;;;2;;;.;2;2;;2;;1;11;;66;326.84828855
6,023,868;1;2;1;80;66;;;;1;1;;2;;;9;;2;2;;2;;1;11;2;66;326.84828855
6,023,871;1;1;1;80;66;;;;1;4;;2;;;4;;2;2;;2;;1;11;2;66;368.21338042
6,023,873;1;1;1;80;66;;;;1;3;;2;;;9;;2;2;;2;;1;11;3;66;368.21338042
6,023,876;1;2;1;80;66;;;;2;;;;2;;;.;2;2;;2;;1;11;;66;275.81924027
6,023,876;1;3;1;80;66;;;;2;;;;2;;;.;2;2;;2;;1;11;;66;275.81924027
6,023,877;1;2;1;80;66;;;;2;;;;2;;;.;2;2;;2;;1;11;;66;224.79019199
6,023,877;1;3;1;80;66;;;;1;3;;2;;;9;;2;2;;2;;1;11;4;66;224.79019199
6,023,889;1;1;1;80;66;;;;1;5;;2;;;10;;3;3;;2;;1;11;4;66;173.76541724
6,023,889;1;2;1;80;66;;;;1;5;;2;;;10;;3;3;;2;;1;11;4;66;173.76541724
6,023,894;1;2;1;80;66;;;;1;3;;2;;;9;;2;2;;2;;1;11;2;66;485.28683104
6,023,894;1;5;1;80;66;;;;1;3;;2;;;9;;2;2;;2;;1;11;4;66;485.28683104
6,023,897;1;1;1;80;66;;;;1;5;;2;;;10;;3;3;;2;;1;11;3;66;110.87007189
6,023,897;1;3;1;80;66;;;;2;;;;2;;;.;2;2;;2;;1;11;;66;110.87007189
6,023,898;1;1;1;80;66;;;;2;;;;2;;;.;2;2;;2;;1;11;;66;164.94916837
6,023,898;1;2;1;80;66;;;;1;3;;2;;;9;;2;2;;2;;1;11;4;66;164.94916837
6,023,899;1;1;1;80;66;1;48;454,000;1;1;;1;;1;4;;2;2;;2;;1;11;2;66;386.24663307
6,023,899;1;2;1;80;66;;;;2;;;;2;;;.;2;2;;2;;1;11;;66;386.24663307
6,023,901;1;3;1;80;66;;;;2;;;;2;;;.;;;;2;;1;11;;66;432.44545514
6,023,902;1;2;1;80;66;;;;1;3;;2;;;9;;2;2;;2;;1;11;4;66;232.19395843
6,023,903;1;4;1;80;66;;;;1;4;;2;;;4;;2;2;;2;;1;11;3;66;519.52077938
6,023,904;1;3;1;80;66;;;;2;;;;2;;;.;2;2;;2;;1;11;;66;591.63312851
6,023,906;1;1;1;80;66;;;;2;;;;2;;;.;2;2;;2;;1;11;;66;272.76919207
6,023,906;1;2;1;80;66;;;;1;5;;2;;;10;;3;3;;2;;1;11;4;66;272.76919207
6,023,906;1;4;1;80;66;;;;1;5;;2;;;10;;3;3;;2;;1;11;4;66;272.76919207
6,023,907;1;1;1;80;66;;;;1;9;TERMINACION DE CONTRATO;2;;;8;;1;2;;2;;1;11;4;66;385.03119927
6,023,908;1;4;1;80;66;;;;2;;;;2;;;.;;;;2;;1;11;;66;354.03703873
6,023,908;1;5;1;80;66;;;;2;;;;2;;;.;2;2;;2;;1;11;;66;354.03703873
6,023,909;1;1;1;80;66;;;;1;7;;2;;;8;;2;2;;2;;1;11;3;66;368.21338042
6,023,911;1;1;1;80;66;;;;1;5;;2;;;10;;3;3;;2;;1;11;4;66;326.84828855
6,023,911;1;2;1;80;66;;;;1;3;;2;;;9;;2;2;;2;;1;11;4;66;326.84828855
6,023,911;1;3;1;80;66;;;;1;5;;2;;;10;;2;2;;2;;1;11;4;66;326.84828855
6,023,912;1;3;1;80;66;;;;2;;;;2;;;.;2;2;;2;;1;11;;66;258.18674253
6,023,913;1;4;1;80;66;;;;1;5;;2;;;10;;2;2;;2;;1;11;4;66;353.63628381
6,023,914;1;4;1;80;66;;;;2;;;;2;;;.;;;;2;;1;11;;66;358.52121052
6,023,914;1;5;1;80;66;;;;1;5;;2;;;10;;2;2;;2;;1;11;4;66;358.52121052
6,023,915;1;1;1;80;66;;;;1;3;;2;;;4;;2;2;;2;;1;11;4;66;314.53503886
6,023,915;1;3;1;80;66;;;;2;;;;2;;;.;;;;2;;1;11;;66;314.53503886
6,023,916;1;3;1;80;66;;;;2;;;;2;;;.;2;2;;2;;1;11;;66;330.95210279
6,023,917;1;1;1;80;66;;;;1;5;;2;;;10;;3;2;;2;;1;11;4;66;368.21338042
6,023,918;1;1;1;80;66;;;;1;3;;2;;;9;;3;3;;2;;1;11;3;66;296.5017862
6,023,919;1;1;1;80;66;;;;1;5;;2;;;10;;3;3;;2;;1;11;4;66;381.98115107
6,023,919;1;2;1;80;66;;;;1;4;;2;;;4;;2;2;;2;;1;11;2;66;381.98115107
6,023,921;1;4;1;80;66;;;;2;;;;2;;;.;2;2;;2;;1;11;;66;276.21999519
6,023,922;1;1;1;80;66;;;;1;4;;2;;;9;;2;2;;2;;1;11;3;66;233.67303593
6,023,922;1;2;1;80;66;;;;2;;;;2;;;.;2;2;;2;;1;11;;66;233.67303593
6,023,922;1;3;1;80;66;;;;2;;;;2;;;.;2;2;;2;;1;11;;66;233.67303593
6,023,923;1;1;1;80;66;;;;1;5;;2;;;10;;3;3;;2;;1;11;4;66;314.13428394
6,023,924;1;2;1;80;66;;;;1;4;;2;;;9;;2;2;;2;;1;11;1.4;66;326.06717608
6,023,929;1;3;1;80;66;;;;1;7;;2;;;8;;2;2;;2;;1;11;4;66;368.42974867
6,023,931;1;2;1;80;66;;;;2;;;;2;;;.;2;2;;2;;1;11;;66;330.95210279
6,023,931;1;3;1;80;66;;;;2;;;;2;;;.;2;2;;2;;1;11;;66;330.95210279
6,023,932;1;1;1;80;66;;;;1;3;;2;;;8;;2;2;;2;;1;11;4;66;306.43839619
6,023,932;1;4;1;80;66;;;;2;;;;2;;;.;;;;2;;1;11;;66;306.43839619
6,023,933;1;1;1;80;66;;;;2;;;;2;;;.;2;2;;2;;1;11;;66;368.21338042
6,023,934;1;2;1;80;66;;;;2;;;;2;;;.;2;2;;2;;1;11;;66;440.5420978
6,023,935;1;1;1;80;66;;;;1;5;;2;;;10;;3;3;;2;;1;11;4;66;365.56408714
6,023,935;1;3;1;80;66;;;;2;;;;2;;;.;;;;2;;1;11;;66;365.56408714
6,023,938;1;1;1;80;66;;;;1;5;;2;;;10;;3;3;;2;;1;11;4;66;347.53083448
6,023,938;1;2;1;80;66;;;;1;4;;2;;;10;;3;3;;2;;1;11;3;66;347.53083448
6,023,939;1;2;1;80;66;;;;2;;;;2;;;.;2;2;;2;;1;11;;66;402.66369701
6,023,941;1;1;1;80;66;;;;1;3;;2;;;9;;2;2;;2;;1;11;4;66;220.92546491
6,023,941;1;2;1;80;66;;;;1;5;;2;;;10;;3;3;;2;;1;11;4;66;220.92546491
6,023,953;1;1;1;80;66;;;;1;1;;2;;;8;;2;2;;2;;1;11;2;66;368.21338042
6,023,954;1;1;1;80;66;;;;1;5;;2;;;10;;2;2;;2;;1;11;4;66;347.53083448
6,023,954;1;2;1;80;66;;;;1;1;;2;;;8;;2;2;;2;;1;11;1.1;66;347.53083448
6,023,955;1;2;1;80;66;;;;2;;;;2;;;.;2;2;;2;;1;11;;66;481.20573571
6,023,955;1;3;1;80;66;;;;1;3;;2;;;9;;2;2;;2;;1;11;3;66;481.20573571
6,023,956;1;3;1;80;66;;;;1;8;;2;;;2;;2;2;;2;;1;11;2;66;360.51749267
6,023,958;1;2;1;80;66;2;;900,000;1;2;;2;;;2;;2;2;;2;;1;11;1.4;66;361.73292647
6,023,959;1;1;1;80;66;;;;1;5;;2;;;8;;3;3;;2;;1;11;4;66;348.58460053
6,023,959;1;2;1;80;66;;;;2;;;;2;;;.;2;2;;2;;1;11;;66;348.58460053
6,023,959;1;3;1;80;66;;;;1;4;;2;;;4;;2;2;;2;;1;11;3;66;348.58460053
6,023,960;1;3;1;80;66;;;;2;;;;2;;;.;2;2;;2;;1;11;;66;450.4787078
6,023,960;1;4;1;80;66;;;;1;3;;2;;;9;;2;2;;2;;1;11;1.3;66;450.4787078
6,023,961;1;2;1;80;66;;;;1;8;;2;;;2;;1;2;;2;;1;11;1.4;66;573.59987585
6,023,963;1;1;1;80;66;;;;1;3;;2;;;8;;2;2;;2;;1;11;4;66;368.21338042
6,023,965;1;2;1;80;66;;;;1;3;;2;;;9;;2;2;;2;;1;11;4;66;645.52783832
6,023,969;1;1;1;80;66;2;;900,000;1;3;;2;;;9;;2;2;;2;;1;11;2;66;754.93344666
6,023,972;1;2;1;80;66;;;;1;4;;2;;;4;;2;2;;2;;1;11;4;66;275.81924027
6,023,972;1;3;1;80;66;;;;1;4;;2;;;10;;3;3;;2;;1;11;4;66;275.81924027
6,023,973;1;1;1;80;66;;;;1;4;;2;;;4;;2;2;;2;;1;11;3;66;296.5017862
6,023,974;1;1;1;80;66;;;;1;4;;2;;;4;;2;2;;2;;1;11;4;66;368.21338042
6,023,975;1;2;1;80;66;;;;2;;;;2;;;.;;;;2;;1;11;;66;344.31679699
6,023,975;1;3;1;80;66;;;;2;;;;2;;;.;;;;2;;1;11;;66;344.31679699
6,023,976;1;1;1;80;66;;;;1;5;;2;;;4;;3;3;;2;;1;11;4;66;368.21338042
6,023,977;1;2;1;80;66;1;24;454,263;1;3;;2;;;9;;2;2;;2;;1;11;4;66;305.38463015
6,023,977;1;3;1;80;66;;;;2;;;;2;;;.;2;2;;2;;1;11;;66;305.38463015
6,023,978;1;2;1;80;66;2;;908,526;1;4;;2;;;4;;2;2;;2;;1;11;1.2;66;296.90254112
6,023,980;1;2;1;80;66;;;;2;;;;2;;;.;2;2;;2;;1;11;;66;694.55828291
6,023,982;1;1;1;80;66;;;;1;5;;2;;;10;;3;3;;2;;1;11;4;66;347.53083448
6,023,982;1;2;1;80;66;;;;1;5;;2;;;10;;3;3;;2;;1;11;3;66;347.53083448
6,023,983;1;3;1;80;66;;;;2;;;;2;;;.;2;2;;2;;1;11;;66;611.5063485
6,023,983;1;4;1;80;66;;;;2;;;;2;;;.;;;;2;;1;11;;66;611.5063485
6,023,984;1;1;1;80;66;;;;1;2;;2;;;2;;1;1;1;2;;1;11;3;66;456.74279348
6,023,985;1;1;1;80;66;;;;1;5;;2;;;10;;3;3;;2;;1;11;3;66;347.53083448
6,023,985;1;2;1;80;66;;;;1;4;;2;;;4;;2;2;;2;;1;11;4;66;347.53083448
6,023,986;1;4;1;80;66;;;;1;4;;2;;;4;;2;2;;2;;1;11;4;66;259.24050858
6,023,989;1;1;1;80;66;;;;1;3;;2;;;8;;2;2;;2;;1;11;4;66;200.80496548
6,023,990;1;1;1;80;66;;;;1;5;;2;;;10;;3;3;;2;;1;11;4;66;190.46369251
6,023,990;1;2;1;80;66;;;;1;5;;2;;;10;;3;3;;2;;1;11;1.4;66;190.46369251
6,023,991;1;1;1;80;66;;;;1;4;;2;;;4;;2;2;;2;;1;11;4;66;200.80496548
6,023,992;1;1;1;80;66;;;;1;5;;2;;;10;;3;3;;2;;1;11;4;66;184.10669021
6,023,996;1;3;1;80;66;;;;2;;;;2;;;.;;;;2;;1;11;;66;216.22272757
6,023,997;1;1;1;80;66;;;;1;4;;2;;;4;;3;3;;2;;1;11;1.3;66;200.80496548
6,023,999;1;1;1;80;66;;;;1;5;;2;;;10;;3;3;;2;;1;11;4;66;271.9880796
6,023,999;1;2;1;80;66;;;;1;3;;2;;;9;;2;2;;2;;1;11;4;66;271.9880796
6,023,999;1;3;1;80;66;;;;2;;;;2;;;.;;;;2;;1;11;;66;271.9880796
6,024,001;1;1;1;80;66;;;;1;3;;2;;;9;;2;2;;2;;1;11;4;66;471.9423662
6,024,002;1;3;1;80;66;;;;2;;;;2;;;.;2;2;;2;;1;11;;66;293.451738
6,024,003;1;4;1;80;66;;;;2;;;;2;;;.;;;;2;;1;11;;66;378.55074533
6,024,004;1;3;1;80;66;;;;2;;;;2;;;.;2;2;;2;;1;11;;66;289.62057734
6,024,009;1;2;1;80;66;1;48;1,000,000;1;1;;1;;2;9;;2;2;;2;;1;11;2;66;573.59987585
6,024,019;1;1;1;80;73;;;;1;6;;2;;;10;;3;3;;2;;1;11;4;73;250.00110777
6,024,019;1;2;1;80;73;;;;1;6;;2;;;10;;3;3;;2;;1;11;4;73;250.00110777
6,024,019;1;3;1;80;73;;;;1;1;;2;;;11;;2;2;;2;;1;11;4;73;250.00110777
6,024,020;1;3;1;80;73;;;;2;;;;2;;;.;;;;2;;1;11;;73;215.64881663
6,024,021;1;3;1;80;73;1;24;500,000;2;;;;2;;;.;2;2;;2;;1;11;;73;451.62552816
6,024,026;1;3;1;80;73;;;;2;;;;2;;;.;2;2;;2;;1;11;;73;215.64881663
6,024,029;1;1;1;80;73;;;;1;5;;2;;;10;;3;3;;2;;1;11;4;73;275.98084526
6,024,031;1;3;1;80;76;;;;1;2;;2;;;2;;2;2;;2;;1;11;3;76;987.73178257
6,024,032;1;3;1;80;76;;;;2;;;;2;;;.;;;;2;;1;11;;76;1193.2552644
6,024,034;1;2;1;80;76;;;;1;9;PANDEMIA COVID 19;2;;;11;;2;2;;2;;1;11;2;76;1040.2355902
6,024,035;1;2;1;80;76;;;;1;3;;2;;;9;;2;2;;2;;1;11;4;76;1193.2552644
6,024,035;1;3;1;80;76;1;48;1,000,000;2;;;;2;;;.;2;2;;2;;1;11;;76;1193.2552644
6,024,036;1;2;1;80;76;;;;1;3;;2;;;9;;1;2;;2;;1;11;4;76;1458.2705731
6,024,037;1;2;1;80;76;;;;1;3;;2;;;9;;2;2;;2;;1;11;4;76;1108.9050341
6,024,038;1;1;1;80;76;;;;1;4;;2;;;4;;2;2;;2;;1;11;4;76;988.42726505
6,024,038;1;2;1;80;76;;;;2;;;;2;;;.;2;2;;2;;1;11;;76;988.42726505
6,024,038;1;4;1;80;76;;;;1;2;;2;;;2;;2;2;;2;;1;11;1.3;76;988.42726505
6,024,039;1;2;1;80;76;1;40;2,000,000;1;3;;2;;;9;;1;1;1;2;;1;11;4;76;1368.8435872
6,024,040;1;3;1;80;76;;;;1;8;;2;;;2;;2;2;;2;;1;11;1.4;76;1547.697559
6,024,040;1;4;1;80;76;;;;2;;;;2;;;.;2;2;;2;;1;11;;76;1547.697559
6,024,041;1;3;1;80;76;;;;2;;;;2;;;.;2;2;;2;;1;11;;76;803.88507491
6,024,042;1;4;1;80;76;;;;1;4;;2;;;4;;2;2;;2;;1;11;4;76;1187.1731314
6,024,048;1;2;1;80;76;;;;1;7;;2;;;8;;2;2;;2;;1;11;4;76;1204.0097223
6,024,053;1;1;1;80;76;;;;1;7;;2;;;9;;2;2;;2;;1;11;4;76;952.55330369
6,024,055;1;1;1;80;76;;;;1;5;;2;;;10;;3;3;;2;;1;11;4;76;1095.346144
6,024,055;1;2;1;80;76;;;;1;5;;2;;;10;;3;3;;2;;1;11;4;76;1095.346144
6,024,056;1;1;1;80;76;;;;2;;;;2;;;.;2;2;;2;;1;11;;76;1040.2355902
6,024,056;1;2;1;80;76;;;;1;3;;2;;;9;;2;2;;2;;1;11;4;76;1040.2355902
6,024,057;1;1;1;80;76;;;;1;3;;2;;;9;;2;2;;2;;1;11;4;76;931.57201198
6,024,058;1;1;1;80;76;;;;1;3;;1;;4;9;;2;2;;2;;1;11;4;76;890.51814461
6,024,058;1;2;1;80;76;;;;1;7;;2;;;4;;2;2;;1;80,000;1;11;1.2;76;890.51814461
6,024,060;1;1;1;80;76;1;48;1,200,000;1;7;;1;;4;8;;2;2;;2;;1;11;4;76;1238.3261544
6,024,061;1;2;1;80;76;;;;1;6;;2;;;8;;2;2;;2;;1;11;3;76;1118.9081183
6,024,061;1;4;1;80;76;;;;2;;;;2;;;.;2;2;;2;;1;11;;76;1118.9081183
6,024,062;1;1;1;80;76;;;;1;9;RETIRO VOLUNTARIO PORQUE NO DESEABA TRABAJAR MAS;2;;;11;;9;2;;2;;1;11;4;76;1148.8991685
6,024,066;1;3;1;80;76;;;;2;;;;2;;;.;2;2;;2;;1;11;;76;1405.7667654
6,024,066;1;4;1;80;76;;;;2;;;;2;;;.;;;;2;;1;11;;76;1405.7667654
6,029,250;1;4;1;80;08;;;;2;;;;2;;;.;;;;2;;1;11;;08;615.71723092
6,033,362;1;2;1;80;13;;;;2;;;;2;;;.;2;2;;2;;1;11;;13;546.74062696
6,033,421;1;4;1;80;23;;;;2;;;;2;;;.;2;2;;2;;1;11;;23;224.76861607
6,033,421;1;6;1;80;23;;;;2;;;;2;;;.;2;2;;2;;1;11;;23;224.76861607
6,033,421;1;7;1;80;23;;;;2;;;;2;;;.;;;;2;;1;11;;23;224.76861607
6,033,464;1;1;1;80;50;;;;1;5;;2;;;10;;3;3;;2;;1;11;4;50;258.84412925
6,033,464;1;2;1;80;50;;;;2;;;;2;;;.;2;2;;2;;1;11;;50;258.84412925
6,033,466;1;2;1;80;50;;;;1;3;;2;;;9;;2;2;;2;;1;11;2;50;314.30761375
6,033,467;1;1;1;80;50;2;;2,000,000;1;8;;2;;;4;;2;2;;2;;1;11;1.3;50;243.86383669
6,033,469;1;2;1;80;50;;;;1;3;;2;;;9;;2;2;;2;;1;11;3;50;465.42927105
6,033,472;1;1;1;80;50;;;;1;3;;2;;;9;;2;2;;2;;1;11;4;50;373.08555881
6,033,472;1;2;1;80;50;;;;2;;;;2;;;.;2;2;;2;;1;11;;50;373.08555881
6,033,473;1;2;1;80;50;;;;1;3;;2;;;9;;2;2;;2;;1;11;3;50;351.63142169
6,033,474;1;1;1;80;50;;;;2;;;;2;;;.;2;2;;2;;1;11;;50;273.33050084
6,033,476;1;1;1;80;50;2;;1,000,000;2;;;;1;2;2;;2;2;;2;;1;11;;50;273.33050084
6,033,477;1;1;1;80;50;;;;1;4;;2;;;4;;3;3;;2;;1;11;3;50;253.90438026
6,033,477;1;2;1;80;50;;;;1;8;;2;;;9;;2;2;;2;;1;11;3;50;253.90438026
6,033,483;1;3;1;80;50;;;;2;;;;2;;;.;2;2;;2;;1;11;;50;392.61178818
6,033,486;1;2;1;80;50;;;;2;;;;2;;;.;2;2;;2;;1;11;;50;222.86549257
6,033,489;1;1;1;80;50;;;;1;4;;2;;;4;;2;2;;2;;1;11;2;50;314.30761375
6,033,489;1;2;1;80;50;;;;2;;;;2;;;.;2;2;;2;;1;11;;50;314.30761375
6,033,489;1;3;1;80;50;;;;2;;;;2;;;.;;;;2;;1;11;;50;314.30761375
6,033,492;1;1;1;80;50;;;;1;5;;2;;;10;;3;3;;2;;1;11;4;50;258.56504778
6,033,493;1;1;1;80;50;;;;1;3;;2;;;9;;2;2;;2;;1;11;4;50;504.32633824
6,033,495;1;2;1;80;50;;;;1;3;;2;;;9;;2;2;;2;;1;11;4;50;235.43291564
6,033,495;1;4;1;80;50;;;;2;;;;2;;;.;2;2;;2;;1;11;;50;235.43291564
6,033,496;1;1;1;80;50;;;;1;7;;2;;;8;;2;2;;2;;1;11;4;50;230.88697882
6,033,496;1;4;1;80;50;2;;1,000,000;2;;;;2;;;.;2;2;;2;;1;11;;50;230.88697882
6,033,496;1;5;1;80;50;1;20;800,000;2;;;;2;;;.;2;2;;2;;1;11;;50;230.88697882
6,033,497;1;1;1;80;50;;;;1;3;;2;;;9;;2;2;;2;;1;11;2;50;356.304302
6,033,498;1;1;1;80;50;2;;800,000;1;6;;2;;;4;;2;2;;2;;1;11;4;50;256.10241026
6,033,500;1;1;1;80;50;;;;1;3;;2;;;9;;2;2;;2;;1;11;4;50;492.36684614
6,033,500;1;4;1;80;50;;;;2;;;;2;;;.;;;;2;;1;11;;50;492.36684614
6,033,501;1;2;1;80;50;;;;2;;;;2;;;.;2;2;;2;;1;11;;50;302.49871917
6,033,501;1;3;1;80;50;;;;2;;;;2;;;.;2;2;;2;;1;11;;50;302.49871917
6,033,501;1;5;1;80;50;;;;1;3;;2;;;4;;2;2;;2;;1;11;4;50;302.49871917
6,033,501;1;6;1;80;50;;;;1;3;;2;;;4;;2;2;;2;;1;11;4;50;302.49871917
6,033,502;1;3;1;80;50;;;;1;9;CAMBIO DE DOMICILIO;2;;;2;;2;2;;2;;1;11;1.3;50;295.48046494
6,033,502;1;4;1;80;50;;;;1;9;CAMBIO DE DOMICILIO;2;;;2;;;;;2;;1;11;1.3;50;295.48046494
6,033,503;1;1;1;80;50;2;;1,000,000;1;3;;2;;;9;;2;2;;2;;1;11;4;50;394.08390293
6,033,504;1;2;1;80;50;;;;2;;;;2;;;.;2;2;;2;;1;11;;50;222.96234779
6,033,504;1;6;1;80;50;;;;1;8;;2;;;4;;2;2;;2;;1;11;1.3;50;222.96234779
6,033,505;1;3;1;80;50;;;;2;;;;2;;;.;;;;2;;1;11;;50;368.87172507
6,033,509;1;1;1;80;50;;;;1;3;;2;;;9;;2;2;;2;;1;11;3;50;319.42303856
6,033,510;1;3;1;80;50;;;;2;;;;2;;;.;;;;2;;1;11;;50;430.39138911
6,033,511;1;2;1;80;50;2;;906,000;1;8;;2;;;9;;2;2;;2;;1;11;4;50;540.09013542
6,033,516;1;1;1;80;50;;;;1;3;;2;;;8;;2;2;;2;;1;11;4;50;220.33861307
6,033,516;1;2;1;80;50;;;;1;1;;2;;;8;;2;2;;2;;1;11;4;50;220.33861307
6,033,517;1;2;1;80;50;;;;1;3;;2;;;9;;2;2;;2;;1;11;4;50;253.90438026
6,033,518;1;1;1;80;50;;;;1;4;;2;;;4;;2;2;;2;;1;11;4;50;256.10241026
6,033,521;1;2;1;80;50;;;;1;3;;2;;;9;;2;2;;2;;1;11;4;50;315.20920482
6,033,522;1;2;1;80;50;;;;1;8;;2;;;8;;2;2;;2;;1;11;4;50;417.41778481
6,033,522;1;3;1;80;50;1;24;1,000,000;1;8;;2;;;4;;2;2;;2;;1;11;2;50;417.41778481
6,033,524;1;2;1;80;50;;;;1;5;;2;;;10;;3;3;;2;;1;11;2;50;208.10003951
6,033,527;1;1;1;80;50;;;;1;8;;2;;;8;;2;2;;2;;1;11;2;50;258.56504778
6,033,530;1;2;1;80;50;;;;1;3;;2;;;9;;2;2;;2;;1;11;1.4;50;351.64363448
6,033,530;1;3;1;80;50;;;;2;;;;2;;;.;2;2;;2;;1;11;;50;351.64363448
6,033,531;1;2;1;80;50;;;;1;4;;2;;;4;;2;2;;2;;1;11;4;50;251.44174274
6,033,531;1;3;1;80;50;;;;1;3;;2;;;9;;2;2;;2;;1;11;4;50;251.44174274
6,033,532;1;1;1;80;50;2;;1,000,000;1;7;;2;;;9;;2;2;;2;;1;11;2;50;352.98880575
6,033,534;1;1;1;80;50;1;48;906,000;1;8;;1;;1;4;;3;3;;2;;1;11;1.4;50;277.42960389
6,033,536;1;2;1;80;50;;;;1;3;;2;;;9;;2;2;;2;;1;11;4;50;315.20920482
6,033,537;1;1;1;80;50;;;;1;3;;2;;;9;;2;2;;2;;1;11;4;50;289.66817745
6,033,540;1;2;1;80;50;;;;1;3;;2;;;9;;2;2;;2;;1;11;3;50;389.87006919
6,033,543;1;3;1;80;50;;;;2;;;;2;;;.;;;;2;;1;11;;50;256.43125977
6,033,544;1;3;1;80;50;;;;2;;;;2;;;.;;;;2;;1;11;;50;317.95092381
6,033,548;1;1;1;80;50;;;;1;5;;2;;;10;;3;3;;2;;1;11;4;50;256.10241026
6,033,549;1;1;1;80;50;;;;1;3;;2;;;9;;2;2;;2;;1;11;4;50;357.12707246
6,033,549;1;2;1;80;50;;;;2;;;;2;;;.;;;;2;;1;11;;50;357.12707246
6,033,549;1;3;1;80;50;;;;1;2;;2;;;9;;2;2;;2;;1;11;1.4;50;357.12707246
6,033,549;1;5;1;80;50;;;;2;;;;2;;;.;2;2;;2;;1;11;;50;357.12707246
6,033,549;1;6;1;80;50;;;;2;;;;2;;;.;2;2;;2;;1;11;;50;357.12707246
6,033,550;1;2;1;80;50;;;;1;3;;2;;;9;;2;2;;2;;1;11;3;50;317.95092381
6,033,550;1;3;1;80;50;;;;2;;;;2;;;.;2;2;;2;;1;11;;50;317.95092381
6,033,552;1;1;1;80;50;;;;1;3;;2;;;9;;2;2;;2;;1;11;4;50;540.09013542
6,033,553;1;3;1;80;50;;;;2;;;;2;;;.;2;2;;2;;1;11;;50;259.17297876
6,033,553;1;4;1;80;50;;;;2;;;;2;;;.;;;;2;;1;11;;50;259.17297876
6,033,554;1;3;1;80;50;;;;2;;;;2;;;.;2;2;;2;;1;11;;50;210.8417585
6,033,562;1;2;1;80;50;;;;2;;;;2;;;.;;;;2;;1;11;;50;359.04602099
6,033,563;1;1;1;80;50;;;;1;5;;2;;;10;;3;3;;2;;1;11;4;50;241.6658067
6,033,563;1;2;1;80;50;;;;1;3;;2;;;9;;2;2;;2;;1;11;4;50;241.6658067
6,033,564;1;2;1;80;50;;;;1;3;;2;;;9;;2;2;;2;;1;11;3;50;368.87172507
6,033,564;1;4;1;80;50;;;;2;;;;2;;;.;;;;2;;1;11;;50;368.87172507
6,033,567;1;3;1;80;50;1;24;906,000;2;;;;2;;;.;2;2;;2;;1;11;;50;256.43125977
6,033,569;1;2;1;80;50;;;;1;2;;2;;;2;;2;2;;2;;1;11;1.2;50;235.10406614
6,033,570;1;1;1;80;50;;;;1;5;;2;;;10;;3;3;;2;;1;11;4;50;220.33861307
6,033,571;1;2;1;80;50;;;;2;;;;2;;;.;;;;2;;1;11;;50;222.86549257
6,033,573;1;1;1;80;50;;;;1;5;;2;;;11;;3;3;;2;;1;11;2;50;238.17463463
6,033,573;1;4;1;80;50;;;;2;;;;2;;;.;2;2;;2;;1;11;;50;238.17463463
6,033,573;1;5;1;80;50;;;;2;;;;2;;;.;;;;2;;1;11;;50;238.17463463
6,033,575;1;3;1;80;50;;;;2;;;;2;;;.;2;2;;2;;1;11;;50;392.61178818
6,033,577;1;1;1;80;50;;;;1;5;;2;;;8;;3;3;;2;;1;11;4;50;220.33861307
6,033,577;1;2;1;80;50;;;;1;5;;2;;;10;;3;3;;2;;1;11;4;50;220.33861307
6,033,580;1;3;1;80;50;;;;2;;;;2;;;.;2;2;;2;;1;11;;50;289.8685946
6,033,580;1;4;1;80;50;;;;2;;;;2;;;.;;;;2;;1;11;;50;289.8685946
6,033,581;1;1;1;80;50;;;;1;5;;2;;;8;;3;3;;2;;1;11;4;50;220.33861307
6,033,584;1;1;1;80;50;;;1,200,000;1;1;;2;;;1;;2;2;;2;;1;11;1.4;50;243.86383669
6,033,586;1;2;1;80;50;;;;2;;;;2;;;.;2;2;;2;;1;11;;50;359.04602099
6,033,587;1;2;1;80;50;2;;920,000;1;3;;2;;;9;;2;2;;2;;1;11;3;50;427.64967012
6,033,588;1;1;1;80;50;;;;1;5;;2;;;10;;3;3;;2;;1;11;4;50;220.33861307
6,033,588;1;2;1;80;50;;;;2;;;;2;;;.;2;2;;2;;1;11;;50;220.33861307
6,033,589;1;3;1;80;50;;;;2;;;;2;;;.;;;;2;;1;11;;50;187.10169539
6,033,592;1;1;1;80;50;2;;1,000,000;1;3;;2;;;4;;2;2;;2;;1;11;4;50;256.10241026
6,033,593;1;4;1;80;50;;;;2;;;;2;;;.;;;;2;;1;11;;50;320.6926428
6,033,595;1;3;1;80;50;2;;800,000;2;;;;2;;;.;2;2;;2;;1;11;;50;282.91304187
6,033,595;1;4;1;80;50;;;;2;;;;2;;;.;;;;2;;1;11;;50;282.91304187
6,033,597;1;1;1;80;50;;;;1;4;;2;;;8;;3;3;;2;;1;11;4;50;258.56504778
6,033,598;1;3;1;80;50;;;;2;;;;2;;;.;2;2;;2;;1;11;;50;200.97673447
6,033,598;1;4;1;80;50;;;;1;4;;2;;;4;;2;2;;2;;1;11;3;50;200.97673447
6,033,599;1;1;1;80;50;;;;1;7;;2;;;8;;2;2;;2;;1;11;3;50;258.56504778
6,033,600;1;2;1;80;50;;;;2;;;;2;;;.;2;2;;2;;1;11;;50;235.10406614
6,033,606;1;2;1;80;50;;;;1;3;;2;;;9;;2;2;;2;;1;11;4;50;253.90438026
6,033,607;1;1;1;80;50;;;;1;7;;2;;;8;;3;3;;2;;1;11;2;50;327.89461216
6,033,610;1;2;1;80;50;;;;1;4;;2;;;4;;2;2;;2;;1;11;1.1;50;352.98880575
6,033,611;1;2;1;80;50;2;;2,000,000;1;8;;2;;;9;;1;2;;2;;1;11;4;50;289.99702696
6,033,611;1;3;1;80;50;;;;2;;;;2;;;.;2;2;;2;;1;11;;50;289.99702696
6,033,617;1;2;1;80;50;;;;2;;;;2;;;.;2;2;;2;;1;11;;50;258.84412925
6,033,618;1;1;1;80;50;;;;1;5;;2;;;10;;3;3;;2;;1;11;4;50;220.33861307
6,033,618;1;2;1;80;50;;;;1;3;;2;;;9;;2;2;;2;;1;11;4;50;220.33861307
6,033,620;1;1;1;80;50;;;;1;5;;2;;;10;;3;3;;2;;1;11;4;50;287.47014746
6,033,620;1;2;1;80;50;;;;2;;;;2;;;.;2;2;;2;;1;11;;50;287.47014746
6,033,620;1;4;1;80;50;;;;1;1;;2;;;1;;2;2;;2;;1;11;1.4;50;287.47014746
6,033,621;1;2;1;80;50;2;;906,000;1;3;;2;;;9;;1;2;;2;;1;11;4;50;427.64967012
6,033,624;1;2;1;80;50;;;;1;3;;2;;;9;;2;2;;2;;1;11;1.3;50;280.17132288
6,033,624;1;3;1;80;50;;;;2;;;;2;;;.;2;2;;2;;1;11;;50;280.17132288
6,033,632;1;1;1;80;50;;;;1;3;;2;;;9;;2;2;;2;;1;11;3;50;243.86383669
6,033,633;1;3;1;80;50;;;;1;3;;2;;;9;;2;2;;2;;1;11;4;50;251.44174274
6,033,636;1;2;1;80;50;;;;2;;;;2;;;.;;;;2;;1;11;;50;246.15872191
6,033,637;1;2;1;80;50;;;;2;;;;2;;;.;2;2;;2;;1;11;;50;237.56670366
6,033,638;1;1;1;80;50;;;;1;3;;2;;;9;;2;2;;2;;1;11;4;50;241.94488817
6,033,638;1;2;1;80;50;;;;2;;;;2;;;.;2;2;;2;;1;11;;50;241.94488817
6,033,638;1;4;1;80;50;;;;2;;;;2;;;.;2;2;;2;;1;11;;50;241.94488817
6,033,640;1;2;1;80;50;2;;906,000;1;8;;2;;;9;;1;2;;2;;1;11;3;50;220.94654405
6,033,640;1;4;1;80;50;;;;2;;;;2;;;.;;;;2;;1;11;;50;220.94654405
6,033,640;1;5;1;80;50;;;;1;8;;2;;;4;;2;2;;2;;1;11;4;50;220.94654405
6,033,643;1;3;1;80;50;;;;2;;;;2;;;.;2;2;;2;;1;11;;50;249.34727467
6,033,644;1;2;1;80;50;;;;1;3;;2;;;9;;2;2;;2;;1;11;4;50;277.42960389
6,033,645;1;2;1;80;50;;;;2;;;;2;;;.;2;2;;2;;1;11;;50;306.89626804
6,033,646;1;1;1;80;50;;;;1;5;;2;;;10;;3;3;;2;;1;11;4;50;220.33861307
6,033,646;1;2;1;80;50;;;;1;4;;2;;;4;;2;2;;2;;1;11;3;50;220.33861307
6,033,648;1;2;1;80;50;1;40;1,000,000;1;4;;2;;;4;;2;2;;2;;1;11;3;50;246.60555568
6,033,649;1;1;1;80;50;;;;1;8;;2;;;8;;1;2;;2;;1;11;4;50;220.33861307
6,033,649;1;2;1;80;50;;;;1;8;;2;;;9;;2;2;;2;;1;11;1.2;50;220.33861307
6,033,652;1;1;1;80;50;;;;1;4;;2;;;4;;2;2;;2;;1;11;4;50;220.33861307
6,033,652;1;2;1;80;50;;;;1;3;;2;;;9;;2;2;;2;;1;11;4;50;220.33861307
6,033,654;1;2;1;80;50;;;;2;;;;2;;;.;2;2;;2;;1;11;;50;259.17297876
6,033,654;1;3;1;80;50;;;;1;2;;2;;;2;;2;2;;2;;1;11;3;50;259.17297876
6,033,656;1;3;1;80;50;;;;2;;;;2;;;.;;;;2;;1;11;;50;294.2108607
6,033,658;1;2;1;80;50;;;;1;3;;2;;;9;;2;2;;2;;1;11;1.4;50;344.67586897
6,033,660;1;1;1;80;50;;;;1;3;;2;;;9;;2;2;;2;;1;11;3;50;260.6450935
6,033,660;1;2;1;80;50;;;;2;;;;2;;;.;2;2;;2;;1;11;;50;260.6450935
6,033,661;1;2;1;80;50;;;;2;;;;2;;;.;2;2;;2;;1;11;;50;187.38077686
6,033,661;1;3;1;80;50;;;;2;;;;2;;;.;;;;2;;1;11;;50;187.38077686
6,033,661;1;4;1;80;50;;;;1;3;;2;;;8;;2;2;;2;;1;11;4;50;187.38077686
6,033,663;1;3;1;80;50;;;;2;;;;2;;;.;;;;2;;1;11;;50;256.43125977
6,033,664;1;1;1;80;50;;;;1;3;;2;;;9;;2;2;;2;;1;11;4;50;235.10406614
6,033,664;1;2;1;80;50;;;;2;;;;2;;;.;2;2;;2;;1;11;;50;235.10406614
6,033,665;1;1;1;80;50;;;;1;5;;2;;;10;;3;3;;2;;1;11;4;50;285.27211747
6,033,665;1;2;1;80;50;;;;1;3;;2;;;9;;2;2;;2;;1;11;4;50;285.27211747
6,033,667;1;3;1;80;50;;;;2;;;;2;;;.;2;2;;2;;1;11;;50;355.73052474
6,033,670;1;3;1;80;50;1;40;1,000,000;1;7;;2;;;12;ESTA HACIENDO UNA REPARACION EN LA VIVIENDA;2;2;;2;;1;11;3;50;223.40918157
6,033,670;1;5;1;80;50;;;;2;;;;2;;;.;;;;2;;1;11;;50;223.40918157
6,033,672;1;1;1;80;50;;;;1;3;;2;;;5;;2;1;1;2;;1;11;2;50;256.64609926
6,033,672;1;2;1;80;50;;;;1;6;;2;;;6;;2;2;;2;;1;11;3;50;256.64609926
6,033,673;1;2;1;80;50;;;;1;7;;2;;;11;;2;2;;2;;1;11;3;50;169.8736048
6,033,677;1;4;1;80;50;;;;1;7;;2;;;11;;2;2;;2;;1;11;4;50;188.73816091
6,033,679;1;5;1;80;50;;;;2;;;;2;;;.;2;2;;2;;1;11;;50;147.16442248
6,033,679;1;6;1;80;50;;;;1;4;;2;;;4;;2;2;;2;;1;11;4;50;147.16442248
6,033,682;1;2;1;80;50;;;;1;4;;2;;;4;;2;2;;2;;1;11;1.2;50;306.89626804
6,033,684;1;2;1;80;50;;;;1;8;;2;;;8;;1;2;;2;;1;11;4;50;147.16442248
6,033,685;1;1;1;80;50;;;;1;4;;2;;;8;;2;2;;2;;1;11;1.3;50;277.42960389
6,033,691;1;2;1;80;50;;;;1;3;;2;;;9;;2;2;;2;;1;11;4;50;244.40752569
6,033,691;1;3;1;80;50;;;;1;2;;2;;;1;;2;2;;2;;1;11;1.3;50;244.40752569
6,033,691;1;4;1;80;50;;;;2;;;;2;;;.;;;;2;;1;11;;50;244.40752569
6,033,693;1;1;1;80;50;;;;1;5;;2;;;10;;3;3;;2;;1;11;4;50;258.56504778
6,033,694;1;3;1;80;50;;;;2;;;;2;;;.;;;;2;;1;11;;50;368.87172507
6,033,696;1;2;1;80;50;;;;2;;;;2;;;.;;;;2;;1;11;;50;258.84412925
6,033,697;1;3;1;80;50;;;;2;;;;2;;;.;2;2;;2;;1;11;;50;294.2108607
6,033,698;1;1;1;80;50;;;;1;4;;2;;;4;;2;2;;2;;1;11;2;50;192.58513337
6,033,698;1;3;1;80;50;;;;1;2;;2;;;2;;2;2;;2;;1;11;1.4;50;192.58513337
6,033,698;1;5;1;80;50;;;;2;;;;2;;;.;;;;2;;1;11;;50;192.58513337
6,033,699;1;4;1;80;50;;;;2;;;;2;;;.;;;;2;;1;11;;50;395.35350717
6,033,701;1;1;1;80;50;;;;1;5;;2;;;10;;3;3;;2;;1;11;4;50;258.56504778
6,033,704;1;1;1;80;50;;;;1;4;;2;;;8;;3;3;;2;;1;11;4;50;258.56504778
6,033,705;1;1;1;80;50;1;48;800,000;1;7;;2;;;7;;2;2;;2;;1;11;1.4;50;281.64343762
6,033,707;1;1;1;80;50;;;;1;4;;2;;;4;;2;2;;2;;1;11;4;50;256.10241026
6,033,711;1;2;1;80;50;;;;2;;;;2;;;.;;;;2;;1;11;;50;396.82562192
6,033,712;1;3;1;80;50;;;;2;;;;2;;;.;2;2;;2;;1;11;;50;213.58347749
6,033,712;1;4;1;80;50;;;;2;;;;2;;;.;;;;2;;1;11;;50;213.58347749
6,033,714;1;2;1;80;50;;;;1;6;;2;;;9;;2;2;;2;;1;11;4;50;287.47014746
6,033,715;1;1;1;80;50;;;;1;7;;2;;;8;;2;2;;2;;1;11;4;50;256.10241026
6,033,718;1;4;1;80;50;;;;2;;;;2;;;.;2;2;;2;;1;11;;50;247.14924468
6,033,718;1;5;1;80;50;;;;1;8;;2;;;8;;2;2;;2;;1;11;4;50;247.14924468
6,033,719;1;3;1;80;50;;;;2;;;;2;;;.;;;;2;;1;11;;50;406.651326
6,033,725;1;2;1;80;50;;;;1;4;;2;;;8;;2;2;;2;;1;11;3;50;228.98039936
6,033,726;1;1;1;80;50;;;;1;4;;2;;;4;;2;2;;1;300,000;1;11;1.2;50;258.56504778
6,033,729;1;2;1;80;50;1;20;800,000;1;2;;2;;;2;;2;2;;2;;1;11;1.4;50;267.48591554
6,033,730;1;3;1;80;50;;;;2;;;;2;;;.;2;2;;2;;1;11;;50;249.34727467
6,033,735;1;1;1;80;50;;;;1;3;;2;;;8;;2;2;;2;;1;11;3;50;220.33861307
6,033,735;1;2;1;80;50;;;;1;1;;2;;;8;;2;2;;2;;1;11;4;50;220.33861307
6,033,738;1;3;1;80;50;;;;2;;;;2;;;.;2;2;;2;;1;11;;50;231.09064954
6,033,738;1;4;1;80;50;;;;2;;;;2;;;.;;;;2;;1;11;;50;231.09064954
6,033,738;1;5;1;80;50;;;;2;;;;2;;;.;;;;2;;1;11;;50;231.09064954
6,033,739;1;2;1;80;50;;;;2;;;;2;;;.;;;;2;;1;11;;50;555.51726175
6,033,741;1;1;1;80;50;;;;1;2;;2;;;2;;2;2;;2;;1;11;1.4;50;243.86383669
6,033,744;1;1;1;80;50;;;;1;5;;2;;;8;;3;3;;2;;1;11;4;50;256.10241026
6,033,745;1;1;1;80;50;;;;1;5;;2;;;11;;3;3;;2;;1;11;4;50;217.87597555
6,033,746;1;3;1;80;50;;;;2;;;;2;;;.;2;2;;2;;1;11;;50;317.95092381
6,033,747;1;1;1;80;50;;;;1;3;;2;;;9;;2;2;;2;;1;11;4;50;184.63905786
6,033,747;1;3;1;80;50;;;;2;;;;2;;;.;;;;2;;1;11;;50;184.63905786
6,033,748;1;4;1;80;50;;;;2;;;;2;;;.;2;2;;2;;1;11;;50;313.73709007
6,033,749;1;1;1;80;50;;;;1;3;;2;;;11;;2;2;;2;;1;11;4;50;147.16442248
6,033,749;1;2;1;80;50;;;;2;;;;2;;;.;2;2;;2;;1;11;;50;147.16442248
6,033,749;1;3;1;80;50;;;;2;;;;2;;;.;2;2;;2;;1;11;;50;147.16442248
6,033,749;1;5;1;80;50;;;;1;5;;2;;;8;;3;3;;2;;1;11;4;50;147.16442248
6,033,751;1;1;1;80;50;;;;1;5;;2;;;10;;3;3;;2;;1;11;4;50;220.33861307
6,033,751;1;2;1;80;50;;;;1;5;;2;;;10;;3;3;;2;;1;11;3;50;220.33861307
6,033,753;1;1;1;80;50;;;;1;2;;2;;;2;;2;2;;2;;1;11;3;50;252.33215672
6,033,753;1;2;1;80;50;;;;1;2;;2;;;2;;2;2;;2;;1;11;1.3;50;252.33215672
6,033,754;1;3;1;80;50;;;;2;;;;2;;;.;2;2;;2;;1;11;;50;235.43291564
6,033,754;1;4;1;80;50;;;;2;;;;2;;;.;;;;2;;1;11;;50;235.43291564
6,033,756;1;2;1;80;50;;;;2;;;;2;;;.;;;;2;;1;11;;50;287.12687561
6,033,758;1;3;1;80;50;;;;2;;;;2;;;.;2;2;;2;;1;11;;50;280.17132288
6,033,759;1;2;1;80;50;;;;1;8;;2;;;9;;2;2;;2;;1;11;1.4;50;389.87006919
6,033,761;1;1;1;80;50;;;;1;6;;2;;;11;;3;3;;2;;1;11;3;50;253.90438026
6,033,761;1;2;1;80;50;;;;1;7;;2;;;11;;2;2;;2;;1;11;4;50;253.90438026
6,033,762;1;1;1;80;50;;;;1;6;;2;;;11;;2;2;;2;;1;11;4;50;327.89461216
6,033,763;1;2;1;80;50;;;;1;4;;2;;;4;;2;2;;2;;1;11;1.2;50;344.67586897
6,033,766;1;2;1;80;50;;;;1;1;;2;;;8;;2;2;;2;;1;11;4;50;172.61532379
6,033,766;1;3;1;80;50;;;;2;;;;2;;;.;2;2;;2;;1;11;;50;172.61532379
6,033,766;1;4;1;80;50;;;;2;;;;2;;;.;;;;2;;1;11;;50;172.61532379
6,033,770;1;2;1;80;50;;;;2;;;;2;;;.;2;2;;2;;1;11;;50;260.6450935
6,033,771;1;1;1;80;50;;;;1;3;;2;;;9;;2;2;;2;;1;11;1.4;50;260.6450935
6,033,771;1;2;1;80;50;;;;2;;;;2;;;.;;;;2;;1;11;;50;260.6450935
6,033,773;1;2;1;80;50;;;;1;3;;2;;;9;;2;2;;2;;1;11;3;50;433.1331081
6,033,773;1;3;1;80;50;;;;2;;;;2;;;.;2;2;;2;;1;11;;50;433.1331081
6,033,773;1;4;1;80;50;;;;2;;;;2;;;.;2;2;;2;;1;11;;50;433.1331081
6,033,774;1;3;1;80;50;;;;2;;;;2;;;.;;;;2;;1;11;;50;481.31219037
6,033,775;1;4;1;80;50;;;;2;;;;2;;;.;2;2;;2;;1;11;;50;259.17297876
6,033,777;1;2;1;80;50;;;;1;1;;2;;;1;;2;2;;2;;1;11;1.4;50;280.71501188
6,033,777;1;6;1;80;50;;;;2;;;;2;;;.;2;2;;2;;1;11;;50;280.71501188
6,033,781;1;4;1;80;50;;;;2;;;;2;;;.;;;;2;;1;11;;50;282.91304187
6,033,782;1;4;1;80;50;;;;2;;;;2;;;.;2;2;;2;;1;11;;50;259.17297876
6,033,784;1;3;1;80;50;;;;2;;;;2;;;.;;;;2;;1;11;;50;392.61178818
6,033,786;1;2;1;80;50;;;;1;3;;2;;;9;;2;2;;2;;1;11;3;50;389.87006919
6,033,788;1;1;1;80;50;;;;1;1;;2;;;8;;2;2;;2;;1;11;2;50;256.10241026
6,033,789;1;1;1;80;50;;;;1;5;;2;;;10;;3;3;;2;;1;11;4;50;258.56504778
6,033,791;1;1;1;80;50;;;;1;5;;2;;;10;;3;3;;2;;1;11;4;50;292.40989644
6,033,792;1;2;1;80;50;;;;1;3;;2;;;9;;2;2;;2;;1;11;4;50;202.08198794
6,033,792;1;3;1;80;50;;;;2;;;;2;;;.;2;2;;2;;1;11;;50;202.08198794
6,033,792;1;4;1;80;50;;;;2;;;;2;;;.;;;;2;;1;11;;50;202.08198794
6,033,794;1;1;1;80;50;;;;1;3;;2;;;8;;2;2;;2;;1;11;4;50;256.10241026
6,033,796;1;2;1;80;50;;;;1;2;;2;;;2;;2;2;;2;;1;11;1.2;50;222.86549257
6,033,797;1;2;1;80;50;;;;2;;;;2;;;.;;;;2;;1;11;;50;249.34727467
6,033,797;1;3;1;80;50;;;;2;;;;2;;;.;;;;2;;1;11;;50;249.34727467
6,033,800;1;1;1;80;50;;;;1;4;;2;;;8;;2;2;;2;;1;11;4;50;217.87597555
6,033,800;1;2;1;80;50;;;;2;;;;2;;;.;2;2;;2;;1;11;;50;217.87597555
6,033,801;1;1;1;80;50;;;;1;3;;2;;;9;;2;2;;2;;1;11;4;50;325.24974839
6,033,801;1;5;1;80;50;;;;1;4;;2;;;4;;2;2;;2;;1;11;4;50;325.24974839
6,033,802;1;1;1;80;50;;;;1;3;;1;;3;9;;1;2;;2;;1;11;4;50;246.60555568
6,033,802;1;2;1;80;50;;;;2;;;;2;;;.;;;;2;;1;11;;50;246.60555568
6,033,803;1;2;1;80;50;;;;2;;;;2;;;.;2;2;;2;;1;11;;50;222.86549257
6,033,805;1;5;1;80;50;;;;1;9;POR LA PANDEMIA;2;;;9;;2;2;;2;;1;11;2;50;389.42323541
6,033,806;1;2;1;80;50;;;;2;;;;2;;;.;;;;2;;1;11;;50;260.6450935
6,033,808;1;1;1;80;50;;;;1;3;;2;;;9;;2;2;;2;;1;11;4;50;196.87763143
6,033,808;1;3;1;80;50;;;;1;4;;2;;;9;;2;2;;2;;1;11;3;50;196.87763143
6,033,809;1;2;1;80;50;;;;1;3;;2;;;9;;2;2;;2;;1;11;4;50;256.43125977
6,033,809;1;3;1;80;50;;;;2;;;;2;;;.;;;;2;;1;11;;50;256.43125977
6,033,810;1;4;1;80;50;;;;1;3;;2;;;9;;2;2;;2;;1;11;4;50;279.85143258
6,033,815;1;3;1;80;50;;;;2;;;;2;;;.;;;;2;;1;11;;50;392.61178818
6,033,816;1;4;1;80;50;;;;2;;;;2;;;.;2;2;;2;;1;11;;50;210.18008523
6,033,820;1;2;1;80;50;;;;1;7;;2;;;9;;2;2;;2;;1;11;1.4;50;277.42960389
6,033,823;1;1;1;80;50;;;;1;3;;2;;;9;;2;2;;1;200,000;1;11;1.2;50;352.98880575
6,033,824;1;1;1;80;50;;;;2;;;;2;;;.;2;2;;2;;1;11;;50;268.66983333
6,033,824;1;3;1;80;50;;;;2;;;;2;;;.;2;2;;2;;1;11;;50;268.66983333
6,033,827;1;2;1;80;50;;;;2;;;;2;;;.;2;2;;2;;1;11;;50;239.20316918
6,033,828;1;1;1;80;50;2;;900,000;1;7;;2;;;9;;2;2;;2;;1;11;2;50;289.66817745
6,033,835;1;3;1;80;50;;;;2;;;;2;;;.;;;;2;;1;11;;50;219.31007853
6,033,835;1;4;1;80;50;;;;2;;;;2;;;.;;;;2;;1;11;;50;219.31007853
6,033,836;1;1;1;80;50;;;;1;5;;2;;;8;;3;3;;2;;1;11;4;50;248.62135943
6,033,836;1;3;1;80;50;;;;2;;;;2;;;.;2;2;;2;;1;11;;50;248.62135943
6,033,837;1;1;1;80;50;1;40;2,000,000;1;3;;2;;;9;;2;2;;2;;1;11;4;50;258.56504778
6,033,842;1;3;1;80;50;;;;2;;;;2;;;.;;;;2;;1;11;;50;299.54216069
6,033,843;1;2;1;80;50;;;;1;5;;2;;;10;;3;3;;2;;1;11;3;50;277.42960389
6,033,845;1;2;1;80;50;;;;1;4;;2;;;4;;2;2;;2;;1;11;2;50;241.6658067
6,033,848;1;1;1;80;50;;;;1;4;;2;;;11;;2;2;;2;;1;11;3;50;184.63905786
6,033,848;1;3;1;80;50;;;;2;;;;2;;;.;2;2;;2;;1;11;;50;184.63905786
6,033,850;1;1;1;80;50;2;;2,000,000;1;7;;2;;;9;;2;2;;2;;1;11;1.4;50;187.38077686
6,033,850;1;4;1;80;50;;;;2;;;;2;;;.;;;;2;;1;11;;50;187.38077686
6,033,851;1;1;1;80;50;;;;1;5;;2;;;10;;3;3;;2;;1;11;1.3;50;280.17132288
6,033,851;1;2;1;80;50;;;;1;3;;2;;;9;;2;2;;2;;1;11;4;50;280.17132288
6,033,851;1;3;1;80;50;;;;2;;;;2;;;.;2;2;;2;;1;11;;50;280.17132288
6,033,852;1;5;1;80;50;;;;1;5;;2;;;10;;3;3;;2;;1;11;4;50;389.42323541
6,033,853;1;1;1;80;50;;;;1;5;;2;;;10;;3;3;;2;;1;11;1.4;50;256.10241026
6,033,854;1;2;1;80;50;;;;1;3;;2;;;9;;1;1;2;2;;1;11;2;50;256.43125977
6,033,855;1;2;1;80;50;;;;1;7;;2;;;8;;2;2;;2;;1;11;2;50;275.2315739
6,033,855;1;3;1;80;50;;;;2;;;;2;;;.;2;2;;2;;1;11;;50;275.2315739
6,033,855;1;4;1;80;50;;;;2;;;;2;;;.;2;2;;2;;1;11;;50;275.2315739
6,033,857;1;1;1;80;50;;;;1;5;;2;;;11;;2;2;;2;;1;11;4;50;253.90438026
6,033,857;1;2;1;80;50;2;;4,500,000;1;5;;2;;;9;;3;3;;2;;1;11;4;50;253.90438026
6,033,857;1;3;1;80;50;;;;2;;;;2;;;.;2;2;;2;;1;11;;50;253.90438026
6,033,858;1;4;1;80;50;;;;2;;;;2;;;.;2;2;;2;;1;11;;50;205.9662515
6,033,859;1;1;1;80;50;;;;1;8;;2;;;8;;1;1;4;2;;1;11;4;50;275.2315739
6,033,860;1;2;1;80;50;;;;1;3;;2;;;11;;2;2;;2;;1;11;4;50;277.42960389
6,033,863;1;3;1;80;50;;;;2;;;;2;;;.;2;2;;2;;1;11;;50;189.84341438
6,033,863;1;4;1;80;50;;;;2;;;;2;;;.;;;;2;;1;11;;50;189.84341438
6,033,864;1;1;1;80;50;;;;1;7;;2;;;6;;1;2;;2;;1;11;4;50;210.8417585
6,033,864;1;3;1;80;50;;;;2;;;;2;;;.;2;2;;2;;1;11;;50;210.8417585
6,033,865;1;3;1;80;50;;;;2;;;;2;;;.;2;2;;2;;1;11;;50;259.17297876
6,033,865;1;4;1;80;50;;;;2;;;;2;;;.;2;2;;2;;1;11;;50;259.17297876
6,033,866;1;2;1;80;50;;;;1;3;;2;;;11;;2;2;;2;;1;11;4;50;199.34026895
6,033,866;1;3;1;80;50;;;;1;2;;2;;;2;;1;1;1;2;;1;11;1.4;50;199.34026895
6,033,871;1;2;1;80;50;;;;1;3;;2;;;1;;2;2;;2;;1;11;4;50;277.42960389
6,033,874;1;1;1;80;50;;;;1;5;;2;;;10;;3;3;;2;;1;11;4;50;253.90438026
6,033,874;1;2;1;80;50;;;;1;8;;2;;;9;;2;2;;2;;1;11;4;50;253.90438026
6,033,875;1;1;1;80;50;;;;1;5;;2;;;10;;3;3;;2;;1;11;4;50;169.8736048
6,033,875;1;2;1;80;50;;;;1;3;;2;;;8;;2;2;;2;;1;11;4;50;169.8736048
6,033,878;1;2;1;80;50;;;;1;3;;2;;;9;;2;2;;2;;1;11;4;50;220.33861307
6,033,881;1;2;1;80;50;;;;2;;;;2;;;.;2;2;;2;;1;11;;50;297.07952317
6,033,887;1;1;1;80;50;;;;2;;;;2;;;.;2;2;;2;;1;11;;50;267.36793127
6,033,887;1;6;1;80;50;;;;2;;;;2;;;.;2;2;;2;;1;11;;50;267.36793127
6,033,889;1;1;1;80;50;;;;1;3;;2;;;4;;2;2;;2;;1;11;3;50;292.13081497
6,033,891;1;2;1;80;50;;;;2;;;;2;;;.;2;2;;2;;1;11;;50;180.86880433
6,033,891;1;3;1;80;50;;;;2;;;;2;;;.;2;2;;2;;1;11;;50;180.86880433
6,033,891;1;4;1;80;50;;;;2;;;;2;;;.;2;2;;2;;1;11;;50;180.86880433
6,033,892;1;3;1;80;50;;;;2;;;;2;;;.;;;;2;;1;11;;50;392.61178818
6,033,895;1;1;1;80;50;;;930,000;1;9;POR PANDEMIA;2;;;1;;2;2;;2;;1;11;1.4;50;373.08555881
6,033,895;1;2;1;80;50;;;;2;;;;2;;;.;;;;2;;1;11;;50;373.08555881
6,033,896;1;1;1;80;50;;;906,000;1;8;;2;;;4;;2;2;;1;800,000;1;11;1.1;50;175.35704278
6,033,896;2;1;2;80;50;;;;1;3;;2;;;9;;2;2;;2;;1;11;4;50;175.35704278
6,033,897;1;1;1;80;50;;;;1;4;;2;;;4;;2;2;;2;;1;11;1.4;50;280.17132288
6,033,897;1;3;1;80;50;;;;2;;;;2;;;.;;;;2;;1;11;;50;280.17132288
6,033,899;1;2;1;80;50;;;;1;7;;2;;;9;;2;2;;2;;1;11;4;50;289.99702696
6,033,899;1;4;1;80;50;;;;2;;;;2;;;.;2;2;;2;;1;11;;50;289.99702696
6,033,900;1;3;1;80;50;;;;2;;;;2;;;.;2;2;;2;;1;11;;50;368.87172507
6,033,901;1;1;1;80;50;;;;1;1;;2;;;8;;2;2;;2;;1;11;4;50;147.16442248
6,033,902;1;3;1;80;50;1;48;900,000;2;;;;2;;;.;2;2;;2;;1;11;;50;292.40989644
6,033,906;1;1;1;80;50;2;;906,000;1;7;;2;;;4;;2;2;;2;;1;11;2;50;256.10241026
6,033,907;1;5;1;80;50;;;;1;4;;2;;;4;;2;2;;2;;1;11;4;50;203.71845346
6,033,910;1;3;1;80;50;;;;2;;;;2;;;.;;;;2;;1;11;;50;294.2108607
6,033,911;1;3;1;80;50;;;;2;;;;2;;;.;;;;2;;1;11;;50;294.2108607
6,033,913;1;1;1;80;50;2;;900,000;1;7;;2;;;4;;2;2;;2;;1;11;4;50;246.15872191
6,033,913;1;2;1;80;50;;;;1;6;;2;;;9;;2;2;;2;;1;11;1.3;50;246.15872191
6,033,913;1;3;1;80;50;;;;2;;;;2;;;.;;;;2;;1;11;;50;246.15872191
6,033,917;1;3;1;80;50;;;;2;;;;2;;;.;2;2;;2;;1;11;;50;292.29191217
6,033,917;1;4;1;80;50;;;;2;;;;2;;;.;2;2;;2;;1;11;;50;292.29191217
6,033,917;1;6;1;80;50;;;;2;;;;2;;;.;2;2;;2;;1;11;;50;292.29191217
6,033,918;1;2;1;80;50;;;;1;3;;2;;;9;;2;2;;2;;1;11;3;50;210.8417585
6,033,918;1;3;1;80;50;;;;2;;;;2;;;.;;;;2;;1;11;;50;210.8417585
6,033,919;1;1;1;80;50;2;;900,000;1;4;;2;;;4;;2;2;;2;;1;11;4;50;258.56504778
6,033,921;1;3;1;80;50;2;;800,000;1;9;CAMBIO DE DOMICILIO;2;;;8;;2;2;;2;;1;11;1.1;50;317.95988302
6,033,922;1;2;1;80;50;;;;2;;;;2;;;.;;;;2;;1;11;;50;284.38515661
6,033,923;1;1;1;80;50;1;20;1,000,000;1;8;;2;;;8;;2;2;;2;;1;11;3;50;320.70160201
6,033,923;1;5;1;80;50;1;24;450,000;1;7;;2;;;9;;2;2;;2;;1;11;4;50;320.70160201
6,033,923;1;7;1;80;50;2;;600,000;2;;;;2;;;.;2;2;;2;;1;11;;50;320.70160201
6,033,924;1;2;1;80;50;;;;2;;;;2;;;.;2;2;;2;;1;11;;50;249.34727467
6,033,924;1;3;1;80;50;;;;2;;;;2;;;.;2;2;;2;;1;11;;50;249.34727467
6,033,926;1;3;1;80;50;;;;2;;;;2;;;.;2;2;;2;;1;11;;50;163.57647177
6,033,926;1;4;1;80;50;;;;1;8;;2;;;8;;2;2;;2;;1;11;4;50;163.57647177
6,033,927;1;2;1;80;50;;;;1;5;;2;;;10;;3;3;;2;;1;11;3;50;186.65486161
6,033,927;1;4;1;80;50;;;;2;;;;2;;;.;2;2;;2;;1;11;;50;186.65486161
6,033,928;1;1;1;80;50;;;;1;5;;2;;;10;;3;3;;2;;1;11;4;50;159.92991645
6,033,928;1;2;1;80;50;;;;1;3;;2;;;9;;2;2;;2;;1;11;4;50;159.92991645
6,033,928;1;3;1;80;50;;;;2;;;;2;;;.;2;2;;2;;1;11;;50;159.92991645
6,033,928;1;6;1;80;50;;;;2;;;;2;;;.;;;;2;;1;11;;50;159.92991645
6,033,929;1;1;1;80;50;;;;1;7;;2;;;11;;2;2;;2;;1;11;4;50;256.10241026
6,033,930;1;1;1;80;50;;;;1;4;;2;;;8;;2;2;;2;;1;11;4;50;209.73325146
6,033,930;1;3;1;80;50;;;;2;;;;2;;;.;2;2;;2;;1;11;;50;209.73325146
6,033,933;1;1;1;80;50;;;;1;4;;2;;;4;;3;3;;2;;1;11;3;50;282.3140701
6,033,933;1;2;1;80;50;;;;1;3;;2;;;9;;2;2;;2;;1;11;4;50;282.3140701
6,033,934;1;2;1;80;50;;;;2;;;;2;;;.;2;2;;2;;1;11;;50;225.60721156
6,033,934;1;3;1;80;50;;;;2;;;;2;;;.;2;2;;2;;1;11;;50;225.60721156
6,033,937;1;2;1;80;50;;;;1;8;;2;;;8;;2;2;;2;;1;11;4;50;220.33861307
6,033,938;1;1;1;80;50;;;;1;4;;2;;;4;;2;2;;2;;1;11;2;50;220.33861307
6,033,938;1;2;1;80;50;;;;2;;;;2;;;.;2;2;;2;;1;11;;50;220.33861307
6,033,943;1;3;1;80;50;;;;1;2;;2;;;2;;2;2;;2;;1;11;2;50;261.91469775
6,033,943;1;4;1;80;50;;;;2;;;;2;;;.;2;2;;2;;1;11;;50;261.91469775
6,033,943;1;5;1;80;50;;;;2;;;;2;;;.;2;2;;2;;1;11;;50;261.91469775
6,033,949;1;1;1;80;50;;;;1;6;;2;;;8;;3;3;;2;;1;11;4;50;258.56504778
6,033,950;1;1;1;80;50;;;;1;3;;2;;;9;;2;2;;2;;1;11;3;50;256.10241026
6,033,951;1;2;1;80;50;;;;2;;;;2;;;.;2;2;;2;;1;11;;50;225.54296959
6,033,951;1;3;1;80;50;;;;1;1;;2;;;8;;2;2;;2;;1;11;4;50;225.54296959
6,033,952;1;4;1;80;50;;;;2;;;;2;;;.;2;2;;2;;1;11;;50;289.99702696
6,033,953;1;3;1;80;50;;;;1;6;;2;;;8;;2;2;;2;;1;11;4;50;241.6658067
6,033,954;1;1;1;80;50;;;;1;8;;2;;;10;;3;3;;2;;1;11;4;50;327.89461216
6,033,955;1;1;1;80;50;;;;1;5;;2;;;10;;3;3;;2;;1;11;2;50;217.87597555
6,033,955;1;2;1;80;50;;;;1;4;;2;;;4;;2;2;;2;;1;11;3;50;217.87597555
6,033,956;1;1;1;80;50;;;;1;3;;2;;;9;;2;2;;2;;1;11;4;50;327.32979411
6,033,956;1;2;1;80;50;;;;1;3;;2;;;9;;1;1;1;2;;1;11;2;50;327.32979411
6,033,956;1;5;1;80;50;;;;2;;;;2;;;.;2;2;;2;;1;11;;50;327.32979411
6,033,957;1;3;1;80;50;;;;2;;;;2;;;.;2;2;;2;;1;11;;50;282.91304187
6,033,957;1;4;1;80;50;;;;2;;;;2;;;.;;;;2;;1;11;;50;282.91304187
6,033,959;1;2;1;80;50;;;;1;7;;2;;;4;;2;2;;2;;1;11;3;50;311.78073425
6,033,959;1;3;1;80;50;1;40;1,300,000;1;3;;2;;;9;;2;2;;2;;1;11;3;50;311.78073425
6,033,960;1;1;1;80;50;;;;1;7;;2;;;4;;2;2;;2;;1;11;3;50;220.33861307
6,033,960;1;2;1;80;50;;;;1;5;;2;;;10;;3;3;;2;;1;11;4;50;220.33861307
6,033,961;1;1;1;80;50;;;;1;1;;2;;;1;;2;2;;2;;1;11;1.2;50;242.38846837
6,033,961;1;3;1;80;50;;;;1;3;;2;;;9;;2;2;;2;;1;11;1.4;50;242.38846837
6,033,964;1;1;1;80;50;;;;1;4;;2;;;4;;2;2;;2;;1;11;4;50;148.87526068
6,033,964;1;4;1;80;50;;;;2;;;;2;;;.;;;;2;;1;11;;50;148.87526068
6,033,972;1;4;1;80;50;;;;2;;;;2;;;.;2;2;;2;;1;11;;50;282.91304187
6,033,973;1;1;1;80;50;;;;1;7;;2;;;8;;2;2;;2;;1;11;1.2;50;196.14054741
6,033,973;1;2;1;80;50;;;;2;;;;2;;;.;;;;2;;1;11;;50;196.14054741
6,033,974;1;2;1;80;50;;;;1;8;;2;;;4;;2;2;;2;;1;11;1.3;50;277.42960389
6,033,975;1;1;1;80;50;;;;1;5;;2;;;11;;3;3;;2;;1;11;4;50;208.10003951
6,033,978;1;1;1;80;50;;;;1;1;;2;;;8;;2;2;;2;;1;11;1.2;50;340.78939586
6,033,978;1;4;1;80;50;;;;2;;;;2;;;.;2;2;;2;;1;11;;50;340.78939586
6,033,980;1;2;1;80;50;2;;1,000,000;1;2;;2;;;2;;2;2;;2;;1;11;1.2;50;252.33215672
6,033,981;1;1;1;80;50;;;;1;3;;2;;;9;;2;2;;2;;1;11;2;50;279.7244891
6,033,981;1;4;1;80;50;;;;2;;;;2;;;.;;;;2;;1;11;;50;279.7244891
6,033,983;1;5;1;80;50;;;;1;7;;2;;;4;;1;2;;2;;1;11;3;50;197.20648094
6,033,984;1;2;1;80;50;;;;1;7;;2;;;9;;2;2;;2;;1;11;2;50;277.42960389
6,033,986;1;2;1;80;50;;;;2;;;;2;;;.;;;;2;;1;11;;50;222.86549257
6,033,987;1;1;1;80;50;;;;1;4;;2;;;4;;2;2;;2;;1;11;4;50;292.40989644
6,033,991;1;1;1;80;50;;;;1;4;;2;;;9;;2;2;;2;;1;11;3;50;289.66817745
6,034,001;1;1;1;80;50;;;;1;4;;2;;;4;;2;2;;2;;1;11;1.2;50;243.86383669
6,034,002;1;2;1;80;50;;;;1;3;;2;;;4;;2;2;;2;;1;11;4;50;294.2108607
6,034,002;1;3;1;80;50;;;;2;;;;2;;;.;2;2;;2;;1;11;;50;294.2108607
6,034,003;1;1;1;80;50;;;;1;3;;2;;;9;;2;2;;2;;1;11;1.2;50;468.7447673
6,034,009;1;1;1;80;50;2;;1,000,000;1;4;;2;;;4;;2;2;;2;;1;11;4;50;256.10241026
6,034,011;1;2;1;80;50;;;;1;4;;2;;;4;;2;2;;2;;1;11;1.1;50;277.42960389
6,034,015;1;1;1;80;50;;;;1;3;;2;;;4;;2;2;;2;;1;11;2;50;258.56504778
6,034,022;1;1;1;80;50;;;;1;2;;2;;;2;;2;2;;2;;1;11;1.3;50;297.07056395
6,034,023;1;1;1;80;50;;;;1;4;;2;;;4;;2;2;;2;;1;11;2;50;258.56504778
6,034,025;1;2;1;80;50;;;;2;;;;2;;;.;2;2;;2;;1;11;;50;284.38515661
6,034,026;1;6;1;80;50;;;;1;6;;2;;;8;;2;2;;2;;1;11;1.2;50;266.76000029
6,034,028;1;1;1;80;50;;;;1;3;;2;;;4;;2;2;;2;;1;11;4;50;220.33861307
6,034,028;1;2;1;80;50;;;;1;4;;2;;;4;;2;2;;2;;1;11;3;50;220.33861307
6,034,029;1;2;1;80;50;;;;1;3;;2;;;9;;2;2;;2;;1;11;4;50;289.66817745
6,034,030;1;4;1;80;50;2;;490,000;2;;;;2;;;.;;;;2;;1;11;;50;484.05390936
6,034,031;1;1;1;80;50;1;20;800,000;1;3;;2;;;8;;2;2;;2;;1;11;1.4;50;256.10241026
6,034,059;1;1;1;80;73;;;;1;4;;2;;;4;;3;3;;2;;1;11;4;73;178.78476006
6,034,059;1;2;1;80;73;;;;1;3;;2;;;9;;2;2;;2;;1;11;4;73;178.78476006
6,034,059;1;5;1;80;73;;;;2;;;;2;;;.;;;;2;;1;11;;73;178.78476006
6,034,775;1;3;1;80;50;;;;1;6;;2;;;9;;1;2;;2;;1;11;3;50;331.99046163
6,034,776;1;2;1;80;50;;;;1;5;;2;;;10;;3;3;;2;;1;11;4;50;289.66817745
6,034,777;1;1;1;80;50;;;;1;3;;2;;;4;;2;2;;2;;1;11;4;50;206.18109098
6,034,777;1;2;1;80;50;;;;1;5;;2;;;10;;3;3;;2;;1;11;4;50;206.18109098
6,034,778;1;2;1;80;50;;;;1;3;;2;;;4;;2;2;;2;;1;11;4;50;259.17297876
6,034,778;1;4;1;80;50;;;;2;;;;2;;;.;2;2;;2;;1;11;;50;259.17297876
6,034,779;1;1;1;80;50;;;;1;5;;2;;;10;;3;3;;2;;1;11;3;50;379.47954706
6,034,779;1;3;1;80;50;;;;2;;;;2;;;.;2;2;;2;;1;11;;50;379.47954706
6,034,780;1;1;1;80;50;;;;1;3;;2;;;8;;2;2;;2;;1;11;4;50;289.66817745
6,034,783;1;2;1;80;50;;;;2;;;;2;;;.;2;2;;2;;1;11;;50;259.17297876
6,034,784;1;2;1;80;50;;;;1;3;;2;;;9;;2;2;;2;;1;11;4;50;210.8417585
6,034,784;1;3;1;80;50;;;;2;;;;2;;;.;2;2;;2;;1;11;;50;210.8417585
6,034,786;1;2;1;80;50;;;;1;9;POR LA PANDEMIA;2;;;9;;2;2;;2;;1;11;2;50;368.87172507
6,034,786;1;3;1;80;50;;;;2;;;;2;;;.;;;;2;;1;11;;50;368.87172507
6,034,787;1;1;1;80;50;;;;1;3;;2;;;9;;2;2;;2;;1;11;2;50;260.6450935
6,034,789;1;3;1;80;50;;;;2;;;;2;;;.;2;2;;2;;1;11;;50;235.43291564
6,034,789;1;4;1;80;50;;;;2;;;;2;;;.;;;;2;;1;11;;50;235.43291564
6,034,794;1;1;1;80;50;;;;1;5;;2;;;11;;3;3;;2;;1;11;4;50;256.10241026
6,034,795;1;2;1;80;50;;;;2;;;;2;;;.;2;2;;2;;1;11;;50;287.5826686
6,034,796;1;2;1;80;50;;;;2;;;;2;;;.;2;2;;2;;1;11;;50;359.04602099
6,034,798;1;3;1;80;50;;;;2;;;;2;;;.;2;2;;2;;1;11;;50;259.17297876
6,034,798;1;4;1;80;50;;;;2;;;;2;;;.;;;;2;;1;11;;50;259.17297876
6,034,799;1;3;1;80;50;;;;2;;;;2;;;.;2;2;;2;;1;11;;50;282.91304187
6,034,799;1;4;1;80;50;;;;2;;;;2;;;.;;;;2;;1;11;;50;282.91304187
6,034,800;1;3;1;80;50;;;;2;;;;2;;;.;2;2;;2;;1;11;;50;294.2108607
6,034,801;1;2;1;80;50;;;;2;;;;2;;;.;;;;2;;1;11;;50;246.60555568
6,034,804;1;1;1;80;50;;;;1;4;;2;;;8;;2;2;;2;;1;11;4;50;292.13081497
6,034,805;1;1;1;80;50;;;;1;3;;2;;;9;;2;2;;2;;1;11;4;50;323.23394464
6,034,806;1;2;1;80;50;;;;2;;;;2;;;.;2;2;;2;;1;11;;50;306.89626804
6,034,810;1;2;1;80;50;;;;2;;;;2;;;.;;;;2;;1;11;;50;335.30595788
6,034,813;1;2;1;80;50;;;;2;;;;2;;;.;2;2;;2;;1;11;;50;201.86714845
6,034,813;1;3;1;80;50;;;;2;;;;2;;;.;;;;2;;1;11;;50;201.86714845
6,034,814;1;1;1;80;50;;;;1;3;;2;;;8;;2;2;;2;;1;11;4;50;256.10241026
6,034,815;1;3;1;80;50;;;;2;;;;2;;;.;;;;2;;1;11;;50;237.84578513
6,034,816;1;1;1;80;50;2;;900,000;1;4;;2;;;4;;2;2;;2;;1;11;2;50;258.56504778
6,034,819;1;4;1;80;50;;;;2;;;;2;;;.;2;2;;2;;1;11;;50;229.70631461
6,034,820;1;2;1;80;73;;;;2;;;;2;;;.;;;;2;;1;11;;73;428.40370755
6,034,982;1;1;1;80;13;;;;1;6;;2;;;8;;2;2;;2;;1;11;4;13;455.63531195
6,034,983;1;2;1;80;13;;;;1;3;;2;;;11;;2;2;;2;;1;11;4;13;340.63086382
6,034,984;1;2;1;80;13;;;;2;;;;2;;;.;;;;2;;1;11;;13;459.54662528
6,035,039;1;2;1;80;50;;;;2;;;;2;;;.;;;;2;;1;11;;50;359.04602099
6,035,040;1;1;1;80;50;;;;1;3;;2;;;9;;2;2;;2;;1;11;1.4;50;289.66817745
6,036,332;1;1;1;80;17;;;;1;5;;2;;;10;;3;3;;2;;1;11;4;17;139.79047274
6,036,332;1;2;1;80;17;;;;1;3;;2;;;9;;2;2;;2;;1;11;4;17;139.79047274
6,036,332;1;3;1;80;17;;;;2;;;;2;;;.;2;2;;2;;1;11;;17;139.79047274
6,036,332;1;4;1;80;17;;;;2;;;;2;;;.;2;2;;2;;1;11;;17;139.79047274
