Directorio;Secuencia_p;Orden;Hogar;Regis;Clase;P7430;P7440;P7450;P7450s1;P7460;P7470;P7472;P7472s1;P7454;P7456;P7458s1;P7458;P7452;Ini;Mes;Dpto;Fex_c_2011;Area
3246647;1;1;1;80;1;1;4;3; ;2; ;2; ; ; ; ;9;2;1;07;17;145,443802554383;17
3246647;1;2;1;80;1;1;3;8; ;1;1;2; ; ; ; ;9;2;1;07;17;145,443802554383;17
3246647;1;3;1;80;1;1;2;3; ;1;2;2; ; ; ; ;9;2;1;07;17;145,443802554383;17
3246647;1;4;1;80;1;2; ; ; ;2; ;2; ;2; ;.; ; ;1;07;17;145,443802554383;17
3246648;1;2;1;80;1;1;2;3; ;2; ;2; ; ; ; ;9;2;1;07;17;177,863164872192;17
3246649;1;1;1;80;1;1;4;4; ;2; ;2; ; ; ; ;8;2;1;07;17;201,365308849421;17
3246652;1;3;1;80;1;2; ; ; ;2; ;2; ;2; ;.; ; ;1;07;17;162,191172060819;17
3246652;1;4;1;80;1;2; ; ; ;2; ;2; ;2; ;.; ; ;1;07;17;162,191172060819;17
3246653;1;3;1;80;1;2; ; ; ;2; ;2; ;2; ;.; ; ;1;07;17;129,030264574589;17
3246657;1;2;1;80;1;2; ; ; ;2; ;2; ;2; ;.; ; ;1;07;17;219,215314763525;17
3246657;1;3;1;80;1;2; ; ; ;2; ;2; ;2; ;.; ; ;1;07;17;219,215314763525;17
3246659;1;3;1;80;1;1;1;8; ;2; ;2; ; ; ; ;2;2;1;07;17;172,099368545418;17
3246660;1;1;1;80;1;2; ; ; ;2; ;2; ;2; ;.; ; ;1;07;17;123,8873746797;17
3246660;1;2;1;80;1;2; ; ; ;2; ;2; ;2; ;.; ; ;1;07;17;123,8873746797;17
3246660;1;3;1;80;1;1;4;4; ;2; ;2; ; ; ; ;4;2;1;07;17;123,8873746797;17
3246661;1;2;1;80;1;1;1;8; ;2; ;1;4000000; ; ; ;9;2;1;07;17;174,709742858385;17
3246663;1;1;1;80;1;1;4;7; ;3; ;2; ; ;4; ;5;1;1;07;17;191,457112364822;17
3246663;1;2;1;80;1;2; ; ; ;2; ;2; ;2; ;.; ; ;1;07;17;191,457112364822;17
3246664;1;1;1;80;1;1;4;6; ;1;2;2; ; ; ; ;9;2;1;07;17;320,90227431067;17
3246667;2;1;2;80;1;1;1;2; ;2; ;2; ; ; ; ;2;2;1;07;17;244,250064944427;17
3246668;1;1;1;80;1;2; ; ; ;2; ;2; ;2; ;.; ; ;1;07;17;160,451137155335;17
3246672;1;5;1;80;1;2; ; ; ;2; ;1;20000;2; ;.; ; ;1;07;17;177,081334905097;17
3246673;1;1;1;80;1;1;4;8; ;3; ;2; ; ; ; ;11;2;1;07;17;160,484238224528;17
3246673;1;2;1;80;1;1;4;7; ;2; ;2; ; ; ; ;9;2;1;07;17;160,484238224528;17
3246674;1;1;1;80;1;1;4;4; ;2; ;2; ; ; ; ;4;2;1;07;17;201,365308849421;17
3246675;1;4;1;80;1;1;3;2; ;2; ;2; ; ; ; ;2;2;1;07;17;224,631992274689;17
3246679;1;2;1;80;1;2; ; ; ;2; ;2; ;2; ;.; ; ;1;07;41;287,355965844959;41
3246679;1;3;1;80;1;2; ; ; ;2; ;2; ;2; ;.; ; ;1;07;41;287,355965844959;41
3246679;1;4;1;80;1;2; ; ; ; ; ;2; ;2; ;.; ; ;1;07;41;287,355965844959;41
3246681;1;2;1;80;1;1;1;9;SENRTENCIA DE 12 MESES EN HOGARES CLARET;2; ;2; ; ; ;SENTENCIA EN HOGAR CLARET;12;2;1;07;41;198,975548349393;41
3246681;1;3;1;80;1;2; ; ; ; ; ;2; ;2; ;.; ; ;1;07;41;198,975548349393;41
3246681;1;4;1;80;1;2; ; ; ; ; ;2; ;2; ;.; ; ;1;07;41;198,975548349393;41
3246682;1;1;1;80;1;1;4;5; ;3; ;2; ; ; ; ;10;2;1;07;41;119,283684135422;41
3246682;1;2;1;80;1;2; ; ; ;2; ;2; ;2; ;.; ; ;1;07;41;119,283684135422;41
3246683;1;1;1;80;1;1;4;5; ;3; ;2; ; ; ; ;10;2;1;07;41;99,705820260396;41
3246683;1;2;1;80;1;1;4;5; ;3; ;2; ; ; ; ;4;2;1;07;41;99,705820260396;41
3246683;1;3;1;80;1;1;4;5; ;3; ;2; ; ; ; ;10;2;1;07;41;99,705820260396;41
3246685;1;1;1;80;1;1;3;5; ;3; ;2; ; ; ; ;10;2;1;07;15;114,479974719969;15
3246685;1;2;1;80;1;2; ; ; ;2; ;2; ;2; ;.; ; ;1;07;15;114,479974719969;15
3246687;1;3;1;80;1;2; ; ; ;2; ;2; ;2; ;.; ; ;1;07;15;89,6179507344866;15
3246688;1;1;1;80;1;1;3;5; ;3; ;2; ; ; ; ;10;2;1;07;15;85,1269944835849;15
3246688;1;2;1;80;1;1;4;3; ;2; ;2; ; ; ; ;9;2;1;07;15;85,1269944835849;15
3246688;1;3;1;80;1;2; ; ; ;2; ;2; ;2; ;.; ; ;1;07;15;85,1269944835849;15
3246688;1;4;1;80;1;1;1;1; ;2; ;2; ; ;1; ;2;1;1;07;15;85,1269944835849;15
3246688;1;5;1;80;1;2; ; ; ;2; ;2; ;2; ;.; ; ;1;07;15;85,1269944835849;15
3246689;1;1;1;80;1;2; ; ; ;3; ;2; ;2; ;.; ; ;1;07;15;112,47362788099;15
3246691;1;2;1;80;1;2; ; ; ;2; ;2; ;2; ;.; ; ;1;07;15;94,3786238068172;15
3246693;1;1;1;80;1;1;4;5; ;3; ;2; ; ; ; ;11;2;1;07;15;103,367706091043;15
3246694;1;1;1;80;1;1;3;4; ;3; ;2; ; ; ; ;4;2;1;07;15;113,802159538491;15
3246696;1;2;1;80;1;2; ; ; ;2; ;2; ;2; ;.; ; ;1;07;15;54,3705262752607;15
3246696;1;3;1;80;1;2; ; ; ;2; ;2; ;2; ;.; ; ;1;07;15;54,3705262752607;15
3246697;1;3;1;80;1;1;1;2; ;2; ;2; ; ; ; ;2;2;1;07;15;101,729515958637;15
3246697;1;4;1;80;1;2; ; ; ;2; ;2; ;2; ;.; ; ;1;07;15;101,729515958637;15
3246699;1;5;1;80;1;1;3;3; ;2; ;2; ; ; ; ;9;2;1;07;18;72,6145664149678;18
3246702;1;2;1;80;1;2; ; ; ;2; ;2; ;2; ;.; ; ;1;07;18;61,1704684181704;18
3246702;1;3;1;80;1;1;1;2; ;2; ;2; ; ; ; ;2;2;1;07;18;61,1704684181704;18
3246702;1;4;1;80;1;2; ; ; ;2; ;2; ;2; ;.; ; ;1;07;18;61,1704684181704;18
3246702;1;6;1;80;1;2; ; ; ; ; ;2; ;2; ;.; ; ;1;07;18;61,1704684181704;18
3246702;1;8;1;80;1;1;3;4; ;2; ;2; ; ; ; ;4;2;1;07;18;61,1704684181704;18
3246703;1;1;1;80;1;1;4;3; ;2; ;2; ; ; ; ;9;2;1;07;18;77,0528990142384;18
3246703;1;3;1;80;1;2; ; ; ; ; ;2; ;2; ;.; ; ;1;07;18;77,0528990142384;18
3246704;1;1;1;80;1;1;2;7; ;2; ;2; ; ; ; ;8;2;1;07;18;226,453138944485;18
3246705;1;2;1;80;1;2; ; ; ;2; ;2; ;2; ;.; ; ;1;07;18;111,167403080297;18
3246706;1;3;1;80;1;2; ; ; ; ; ;2; ;2; ;.; ; ;1;07;18;50,6377273435716;18
3246706;1;5;1;80;1;1;4;4; ;2; ;2; ; ; ; ;4;2;1;07;18;50,6377273435716;18
3246707;1;1;1;80;1;1;4;5; ;3; ;2; ; ; ; ;10;2;1;07;18;68,5009975497008;18
3246707;1;2;1;80;1;2; ; ; ;2; ;2; ;2; ;.; ; ;1;07;18;68,5009975497008;18
3246708;1;3;1;80;1;2; ; ; ;2; ;2; ;2; ;.; ; ;1;07;18;102,19132514358;18
3246709;1;1;1;80;1;1;4;5; ;3; ;2; ; ; ; ;10;2;1;07;18;60,0078008082954;18
3246709;1;2;1;80;1;1;4;3; ;2; ;2; ; ; ; ;9;2;1;07;18;60,0078008082954;18
3246709;1;3;1;80;1;1;1;8; ;2; ;2; ; ; ; ;4;2;1;07;18;60,0078008082954;18
3246709;1;4;1;80;1;1;1;2; ;2; ;2; ; ; ; ;2;2;1;07;18;60,0078008082954;18
3246709;1;5;1;80;1;2; ; ; ; ; ;2; ;2; ;.; ; ;1;07;18;60,0078008082954;18
3246710;1;3;1;80;1;2; ; ; ;2; ;2; ;2; ;.; ; ;1;07;18;32,2696987683641;18
3246711;1;4;1;80;1;1;1;2; ;2; ;2; ; ; ; ;2;2;1;07;18;66,301511926885;18
3246711;1;5;1;80;1;2; ; ; ;2; ;2; ;2; ;.; ; ;1;07;18;66,301511926885;18
3246711;1;6;1;80;1;2; ; ; ; ; ;2; ;2; ;.; ; ;1;07;18;66,301511926885;18
3246712;1;2;1;80;1;1;4;3; ;2; ;2; ; ; ; ;9;2;1;07;18;64,6330584372758;18
3246712;1;3;1;80;1;2; ; ; ;2; ;2; ;2; ;.; ; ;1;07;18;64,6330584372758;18
3246712;1;4;1;80;1;2; ; ; ; ; ;2; ;2; ;.; ; ;1;07;18;64,6330584372758;18
3246713;1;2;1;80;1;1;4;3; ;2; ;2; ; ; ; ;9;2;1;07;18;111,725358468916;18
3246713;2;2;2;80;1;2; ; ; ;2; ;2; ;2; ;.; ; ;1;07;18;111,725358468916;18
3246714;2;1;2;80;1;1;4;5; ;3; ;2; ; ; ; ;8;2;1;07;18;53,4372416167009;18
3246717;1;3;1;80;1;2; ; ; ; ; ;2; ;2; ;.; ; ;1;07;18;82,9021803996066;18
3246718;1;2;1;80;1;2; ; ; ;2; ;2; ;2; ;.; ; ;1;07;18;58,3393473186862;18
3246718;1;4;1;80;1;2; ; ; ;2; ;2; ;2; ;.; ; ;1;07;18;58,3393473186862;18
3246721;1;1;1;80;1;1;4;9;LA VEJES;2; ;2; ; ; ; ;8;2;1;07;76;1823,31858995972;76
3246724;1;3;1;80;1;1;1;2; ;2; ;2; ; ; ; ;11;2;1;07;76;1427,88545156141;76
3246727;1;2;1;80;1;1;4;3; ;2; ;2; ; ; ; ;9;2;1;07;20;174,388325614523;20
3246728;1;2;1;80;1;2; ; ; ;2; ;2; ;2; ;.; ; ;1;07;20;140,90442612539;20
3246728;1;3;1;80;1;2; ; ; ;2; ;2; ;2; ;.; ; ;1;07;20;140,90442612539;20
3246728;1;4;1;80;1;2; ; ; ; ; ;2; ;2; ;.; ; ;1;07;20;140,90442612539;20
3246730;1;3;1;80;1;2; ; ; ; ; ;2; ;2; ;.; ; ;1;07;20;176,125795519178;20
3246731;1;2;1;80;1;1;2;8; ;1;1;2; ; ;1; ;1;1;1;07;20;156,582148891936;20
3246732;1;1;1;80;1;1;4;4; ;2; ;2; ; ; ; ;4;2;1;07;20;111,839373000021;20
3246732;1;2;1;80;1;1;4;5; ;3; ;2; ; ; ; ;8;2;1;07;20;111,839373000021;20
3246733;2;3;2;80;1;2; ; ; ; ; ;2; ;2; ;.; ; ;1;07;20;168,900951814369;20
3246734;1;2;1;80;1;2; ; ; ;2; ;2; ;2; ;.; ; ;1;07;20;89,9230295703725;20
3246736;1;2;1;80;1;2; ; ; ;2; ;2; ;2; ;.; ; ;1;07;47;181,38586912513;47
3246736;1;4;1;80;1;2; ; ; ; ; ;2; ;2; ;.; ; ;1;07;47;181,38586912513;47
3246738;1;1;1;80;1;2; ; ; ;2; ;2; ;2; ;.; ; ;1;07;47;192,372570689462;47
3246738;1;3;1;80;1;2; ; ; ;2; ;2; ;2; ;.; ; ;1;07;47;192,372570689462;47
3246739;1;1;1;80;1;2; ; ; ;2; ;2; ;2; ;.; ; ;1;07;47;96,1573921324009;47
3246739;1;3;1;80;1;2; ; ; ; ; ;2; ;2; ;.; ; ;1;07;47;96,1573921324009;47
3246739;1;10;1;80;1;2; ; ; ;2; ;2; ;1;3; ;9; ;1;07;47;96,1573921324009;47
3246739;1;13;1;80;1;2; ; ; ;2; ;2; ;2; ;.; ; ;1;07;47;96,1573921324009;47
3246740;1;1;1;80;1;1;4;5; ;3; ;2; ; ; ; ;10;2;1;07;47;139,141241842367;47
3246740;1;3;1;80;1;2; ; ; ; ; ;2; ;2; ;.; ; ;1;07;47;139,141241842367;47
3246741;1;1;1;80;1;2; ; ; ;2; ;2; ;2; ;.; ; ;1;07;47;87,4483495145594;47
3246741;1;2;1;80;1;2; ; ; ;2; ;2; ;2; ;.; ; ;1;07;47;87,4483495145594;47
3246741;1;3;1;80;1;2; ; ; ;2; ;2; ;1;4; ;1; ;1;07;47;87,4483495145594;47
3246741;1;5;1;80;1;2; ; ; ;2; ;2; ;2; ;.; ; ;1;07;47;87,4483495145594;47
3246741;1;8;1;80;1;2; ; ; ;2; ;2; ;2; ;.; ; ;1;07;47;87,4483495145594;47
3246743;1;2;1;80;1;1;4;3; ;2; ;2; ; ; ; ;9;2;1;07;47;262,786329506583;47
3246743;1;3;1;80;1;2; ; ; ;2; ;2; ;2; ;.; ; ;1;07;47;262,786329506583;47
3246743;1;4;1;80;1;2; ; ; ;2; ;2; ;2; ;.; ; ;1;07;47;262,786329506583;47
3246745;1;3;1;80;1;2; ; ; ;2; ;2; ;2; ;.; ; ;1;07;47;90,8371769067176;47
3246746;1;1;1;80;1;2; ; ; ;2; ;2; ;2; ;.; ; ;1;07;47;158,36697930518;47
3246748;1;2;1;80;1;2; ; ; ;2; ;2; ;2; ;.; ; ;1;07;47;192,372570689462;47
3246750;1;1;1;80;1;1;4;4; ;2; ;2; ; ; ; ;4;2;1;07;47;172,149984028729;47
3246753;1;3;1;80;1;1;3;3; ;2; ;2; ; ; ; ;9;2;1;07;47;223,258928710753;47
3246754;1;2;1;80;1;1;4;3; ;2; ;2; ; ; ; ;9;2;1;07;47;126,981587062459;47
3246758;1;2;1;80;1;1;4;3; ;2; ;2; ; ; ; ;9;2;1;07;47;126,981587062459;47
3246759;1;2;1;80;1;1;3;2; ;2; ;2; ; ; ; ;2;2;1;07;47;145,471837951371;47
3246761;1;2;1;80;1;1;3;4; ;2; ;2; ; ; ; ;4;2;1;07;47;137,241502460728;47
3246761;1;3;1;80;1;1;2;3; ;2; ;2; ; ; ; ;9;2;1;07;47;137,241502460728;47
3246762;1;2;1;80;1;1;3;3; ;2; ;2; ; ; ; ;9;2;1;07;47;185,156614427388;47
3246763;1;4;1;80;1;2; ; ; ;2; ;2; ;2; ;.; ; ;1;07;47;176,122818106332;47
3246763;1;5;1;80;1;2; ; ; ;2; ;2; ;2; ;.; ; ;1;07;47;176,122818106332;47
3246764;1;1;1;80;1;1;2;3; ;2; ;2; ; ;1; ;9;1;1;07;47;158,23938896021;47
3246766;1;2;1;80;1;2; ; ; ; ; ;2; ;2; ;.; ; ;1;07;47;87,4483495145594;47
3246767;1;1;1;80;1;1;2;6; ;2; ;2; ; ;2; ;8;1;1;07;47;128,653450678785;47
3246768;1;3;1;80;1;2; ; ; ; ; ;2; ;2; ;.; ; ;1;07;47;198,989207309763;47
3246768;1;6;1;80;1;2; ; ; ; ; ;2; ;2; ;.; ; ;1;07;47;198,989207309763;47
3246769;1;2;1;80;1;2; ; ; ;2; ;2; ;2; ;.; ; ;1;07;47;174,210800614045;47
3246769;1;3;1;80;1;2; ; ; ; ; ;2; ;2; ;.; ; ;1;07;47;174,210800614045;47
3246771;1;3;1;80;1;1;2;8; ; ; ;2; ; ; ; ;2;2;1;07;73;271,683763056895;73
3246772;1;2;1;80;1;2; ; ; ; ; ;2; ;2; ;.; ; ;1;07;73;163,450812577185;73
3246773;1;1;1;80;1;1;4;7; ;3; ;2; ; ; ; ;10;2;1;07;73;182,28838048281;73
3246773;1;2;1;80;1;1;2;7; ;3; ;2; ; ; ; ;4;2;1;07;73;182,28838048281;73
3246773;1;6;1;80;1;2; ; ; ; ; ;2; ;2; ;.; ; ;1;07;73;182,28838048281;73
3246775;1;1;1;80;1;1;3;4; ;2; ;2; ; ; ; ;4;2;1;07;73;211,585457429922;73
3246775;1;3;1;80;1;1;1;3; ;2; ;2; ; ; ; ;8;2;1;07;73;211,585457429922;73
3246777;1;2;1;80;1;1;3;3; ;2; ;2; ; ; ; ;9;2;1;07;73;256,347546616809;73
3246781;1;1;1;80;1;1;4;5; ;3; ;2; ; ; ; ;8;2;1;07;73;252,459494569123;73
3246782;1;2;1;80;1;1;1;2; ;2; ;2; ; ; ; ;2;2;1;07;73;207,637720179187;73
3246784;1;1;1;80;1;1;4;4; ;3; ;2; ; ; ; ;4;2;1;07;73;238,943582977742;73
3246786;1;2;1;80;1;2; ; ; ;2; ;2; ;2; ;.; ; ;1;07;73;179,644727843431;73
3246786;1;3;1;80;1;2; ; ; ; ; ;2; ;2; ;.; ; ;1;07;73;179,644727843431;73
3246786;1;4;1;80;1;1;4;4; ;2; ;2; ; ; ; ;4;2;1;07;73;179,644727843431;73
3246787;1;1;1;80;1;1;1;2; ;2; ;1;160000; ; ; ;2;2;1;07;73;221,951649741032;73
3246788;1;1;1;80;1;2; ; ; ;2; ;2; ;2; ;.; ; ;1;07;73;249,398458385961;73
3246789;1;1;1;80;1;1;4;6; ;2; ;2; ; ; ; ;1;2;1;07;73;225,264520203832;73
3246791;1;1;1;80;1;2; ; ; ;2; ;2; ;2; ;.; ; ;1;07;66;320,068053517063;66
3246791;1;3;1;80;1;2; ; ; ; ; ;2; ;2; ;.; ; ;1;07;66;320,068053517063;66
3246791;1;4;1;80;1;2; ; ; ; ; ;2; ;2; ;.; ; ;1;07;66;320,068053517063;66
3246792;1;1;1;80;1;1;4;3; ;2; ;2; ; ; ; ;9;2;1;07;66;269,488146504056;66
3246793;1;4;1;80;1;2; ; ; ;2; ;2; ;2; ;.; ; ;1;07;66;411,716840335378;66
3246793;1;5;1;80;1;2; ; ; ;2; ;2; ;2; ;.; ; ;1;07;66;411,716840335378;66
3246794;1;1;1;80;1;1;4;5; ;3; ;2; ; ; ; ;10;2;1;07;66;296,595648216717;66
3246795;1;2;1;80;1;2; ; ; ;2; ;2; ;2; ;.; ; ;1;07;66;260,38206533325;66
3246795;1;3;1;80;1;2; ; ; ;2; ;2; ;2; ;.; ; ;1;07;66;260,38206533325;66
3246797;1;2;1;80;1;1;1;8; ;2; ;2; ; ; ; ;6;2;1;07;66;305,439001717945;66
3246798;1;2;1;80;1;1;2;3; ;2; ;2; ; ; ; ;9;2;1;07;66;381,237753053798;66
3246799;1;1;1;80;1;1;4;4; ;2; ;2; ; ; ; ;4;2;1;07;66;276,455486769799;66
3246799;1;2;1;80;1;1;4;3; ;2; ;2; ; ; ; ;9;2;1;07;66;276,455486769799;66
3246800;1;2;1;80;1;2; ; ; ; ; ;2; ;2; ;.; ; ;1;07;66;288,715923719178;66
3246801;1;2;1;80;1;1;1;7; ;2; ;2; ; ; ; ;1;2;1;07;66;216,51292708015;66
3246805;1;2;1;80;1;1;4;3; ;2; ;2; ; ; ; ;9;2;1;07;52;120,050066721007;52
3246806;1;1;1;80;1;1;3;4; ;2; ;2; ; ; ; ;4;2;1;07;52;692,832230177424;52
3246807;1;3;1;80;1;2; ; ; ; ; ;2; ;2; ;.; ; ;1;07;52;620,414959500324;52
3246809;1;1;1;80;1;1;4;7; ;3; ;2; ; ; ; ;8;2;1;07;52;120,050066721007;52
3246809;1;2;1;80;1;1;4;7; ;3; ;2; ; ; ; ;1;2;1;07;52;120,050066721007;52
3246810;1;3;1;80;1;2; ; ; ;2; ;2; ;2; ;.; ; ;1;07;52;155,103739875081;52
3246819;1;1;1;80;1;1;1;5; ;3; ;2; ; ; ; ;11;2;1;07;52;85,3454064938618;52
3246819;1;4;1;80;1;2; ; ; ;2; ;2; ;2; ;.; ; ;1;07;52;85,3454064938618;52
3246822;1;1;1;80;1;1;4;6; ;2; ;2; ; ; ; ;8;2;1;07;52;114,979757864256;52
3246823;1;1;1;80;1;1;1;5; ;3; ;2; ; ; ; ;11;2;1;07;52;120,050066721007;52
3246823;1;2;1;80;1;1;4;5; ;3; ;2; ; ; ; ;10;2;1;07;52;120,050066721007;52
3246824;1;2;1;80;1;1;4;3; ;2; ;2; ; ; ; ;9;2;1;07;52;120,050066721007;52
3246825;1;4;1;80;1;2; ; ; ; ; ;2; ;2; ;.; ; ;1;07;52;161,403037590416;52
3246828;1;3;1;80;1;2; ; ; ;2; ;2; ;2; ;.; ; ;1;07;52;166,121870235956;52
3246828;1;4;1;80;1;2; ; ; ;2; ;2; ;2; ;.; ; ;1;07;52;166,121870235956;52
3246829;1;1;1;80;1;1;4;3; ;2; ;2; ; ; ; ;9;2;1;07;52;251,744003833364;52
3246832;1;5;1;80;1;1;4;4; ;2; ;2; ; ; ; ;4;2;1;07;17;141,299402396557;17
3246834;1;2;1;80;1;2; ; ; ; ; ;2; ;2; ;.; ; ;1;07;17;133,347572723847;17
3246835;2;3;2;80;1;1;1;2; ;2; ;2; ; ; ;NO TIENE TARJETA MILITAR;12;2;1;07;17;374,213406292741;17
3246835;2;4;2;80;1;2; ; ; ; ; ;2; ;2; ;.; ; ;1;07;17;374,213406292741;17
3246837;1;4;1;80;1;1;2;2; ;2; ;2; ; ; ; ;2;2;1;07;17;248,002992071607;17
3246838;1;2;1;80;1;1;1;7; ;2; ;2; ; ; ; ;9;2;1;07;17;219,215314763525;17
3246838;1;3;1;80;1;2; ; ; ;2; ;2; ;2; ;.; ; ;1;07;17;219,215314763525;17
3246841;1;1;1;80;1;1;4;8; ;2; ;2; ; ; ; ;4;2;1;07;17;201,398409918614;17
3246842;1;2;1;80;1;1;4;4; ;2; ;2; ; ; ; ;4;2;1;07;17;197,009318140671;17
3246843;1;2;1;80;1;1;1;8; ;2; ;2; ; ; ; ;9;2;1;07;17;177,863164872192;17
3246845;1;1;1;80;1;1;2;5; ;3; ;2; ; ; ; ;10;2;1;07;17;193,645145710758;17
3246845;1;2;1;80;1;1;4;5; ;3; ;2; ; ; ; ;10;2;1;07;17;193,645145710758;17
3246845;1;4;1;80;1;2; ; ; ;2; ;2; ;2; ;.; ; ;1;07;17;193,645145710758;17
3246846;1;1;1;80;1;2; ; ; ;2; ;2; ;2; ;.; ; ;1;07;17;160,451137155335;17
3246847;1;1;1;80;1;1;3;3; ;2; ;2; ; ; ; ;9;2;1;07;17;154,111519922093;17
3246847;1;5;1;80;1;2; ; ; ;2; ;2; ;2; ;.; ; ;1;07;17;154,111519922093;17
3246847;1;6;1;80;1;2; ; ; ; ; ;2; ;2; ;.; ; ;1;07;17;154,111519922093;17
3246848;1;3;1;80;1;2; ; ; ; ; ;2; ;2; ;.; ; ;1;07;17;176,416676694677;17
3246850;1;1;1;80;1;1;2;6; ;2; ;2; ; ; ; ;9;2;1;07;17;172,099368545418;17
3246850;1;2;1;80;1;2; ; ; ;2; ;2; ;2; ;.; ; ;1;07;17;172,099368545418;17
3246850;1;3;1;80;1;2; ; ; ; ; ;2; ;2; ;.; ; ;1;07;17;172,099368545418;17
3246853;1;3;1;80;1;2; ; ; ;2; ;2; ;2; ;.; ; ;1;07;17;162,191172060819;17
3246853;1;4;1;80;1;2; ; ; ; ; ;2; ;2; ;.; ; ;1;07;17;162,191172060819;17
3246854;1;1;1;80;1;1;4;5; ;3; ;2; ; ; ; ;10;2;1;07;17;169,783512733465;17
3246854;1;2;1;80;1;2; ; ; ;2; ;2; ;2; ;.; ; ;1;07;17;169,783512733465;17
3246854;1;4;1;80;1;2; ; ; ;2; ;2; ;2; ;.; ; ;1;07;17;169,783512733465;17
3246855;1;1;1;80;1;2; ; ; ;2; ;2; ;2; ;.; ; ;1;07;17;174,709742858385;17
3246855;1;2;1;80;1;1;4;6; ;2; ;2; ; ; ; ;11;2;1;07;17;174,709742858385;17
3246856;1;2;1;80;1;2; ; ; ;2; ;2; ;2; ;.; ; ;1;07;17;205,433184023083;17
3246856;1;4;1;80;1;2; ; ; ;2; ;2; ;1;1; ;2; ;1;07;17;205,433184023083;17
3246859;1;1;1;80;1;1;1;8; ;2; ;2; ; ; ; ;11;2;1;07;17;160,451137155335;17
3246862;1;2;1;80;1;2; ; ; ;2; ;2; ;1;3; ;11; ;1;07;17;202,467945257088;17
3246862;1;4;1;80;1;1;1;9;CAMBIO DE RESIDENCIA;1;2;2; ; ; ;QUIERE DESCANSAR DE TRABAJAR UN TIEMPO;12;2;1;07;17;202,467945257088;17
3246864;1;2;1;80;1;2; ; ; ; ; ;2; ;2; ;.; ; ;1;07;17;182,180473021451;17
3246865;1;1;1;80;1;1;1;6; ;3; ;2; ; ;1; ;10;1;1;07;17;167,954968387593;17
3246865;1;3;1;80;1;2; ; ; ;2; ;2; ;2; ;.; ; ;1;07;17;167,954968387593;17
3246869;1;2;1;80;1;1;4;4; ;2; ;2; ; ; ; ;8;2;1;07;73;223,440497004688;73
3246870;1;3;1;80;1;2; ; ; ; ; ;2; ;2; ;.; ; ;1;07;73;267,349325224012;73
3246871;1;1;1;80;1;1;4;7; ;2; ;2; ; ; ; ;8;2;1;07;73;202,150514600798;73
3246871;1;2;1;80;1;2; ; ; ;2; ;2; ;2; ;.; ; ;1;07;73;202,150514600798;73
3246873;1;1;1;80;1;1;1;8; ;3; ;2; ; ; ; ;8;2;1;07;73;225,264520203832;73
3246874;1;1;1;80;1;1;4;5; ;3; ;2; ; ; ; ;10;2;1;07;73;225,264520203832;73
3246874;1;2;1;80;1;1;3;4; ;3; ;2; ; ; ; ;10;2;1;07;73;225,264520203832;73
3246877;1;1;1;80;1;1;4;8; ;3; ;2; ; ; ;QUIERE DISFRUTAR DE LA PENSION;12;2;1;07;73;225,264520203832;73
3246880;1;3;1;80;1;1;3;8; ;2; ;2; ; ; ; ;2;2;1;07;73;215,22167519797;73
3246882;1;3;1;80;1;1;1;6; ;2; ;2; ; ; ; ;9;2;1;07;73;371,855740047577;73
3246883;1;4;1;80;1;2; ; ; ;2; ;2; ;2; ;.; ; ;1;07;73;248,759873247587;73
3246887;1;3;1;80;1;1;1;1; ;2; ;2; ; ; ; ;2;2;1;07;18;60,9863026042961;18
3246888;1;2;1;80;1;2; ; ; ;2; ;2; ;2; ;.; ; ;1;07;18;54,6973060834178;18
3246889;1;1;1;80;1;2; ; ; ;2; ;2; ;2; ;.; ; ;1;07;18;71,4295155060269;18
3246889;1;3;1;80;1;2; ; ; ; ; ;2; ;2; ;.; ; ;1;07;18;71,4295155060269;18
3246891;1;3;1;80;1;2; ; ; ; ; ;2; ;2; ;.; ; ;1;07;18;56,3006655692616;18
3246893;1;1;1;80;1;1;4;4; ;2; ;2; ; ; ; ;4;2;1;07;18;195,968188251441;18
3246893;1;2;1;80;1;1;1;3; ;2; ;2; ; ; ; ;8;2;1;07;18;195,968188251441;18
3246894;1;1;1;80;1;1;4;3; ;2; ;2; ; ; ; ;9;2;1;07;18;67,5188656889024;18
3246894;1;2;1;80;1;2; ; ; ;2; ;2; ;2; ;.; ; ;1;07;18;67,5188656889024;18
3246894;1;3;1;80;1;2; ; ; ; ; ;2; ;2; ;.; ; ;1;07;18;67,5188656889024;18
3246895;1;2;1;80;1;2; ; ; ; ; ;2; ;2; ;.; ; ;1;07;18;37,0558010267657;18
3246896;1;3;1;80;1;2; ; ; ;2; ;2; ;2; ;.; ; ;1;07;18;50,4513841838935;18
3246896;1;4;1;80;1;2; ; ; ;2; ;2; ;2; ;.; ; ;1;07;18;50,4513841838935;18
3246897;1;3;1;80;1;2; ; ; ;2; ;2; ;2; ;.; ; ;1;07;18;53,1603935436961;18
3246897;1;4;1;80;1;2; ; ; ; ; ;2; ;2; ;.; ; ;1;07;18;53,1603935436961;18
3246899;1;1;1;80;1;1;4;3; ;2; ;2; ; ; ; ;9;2;1;07;18;45,20126886507;18
3246899;1;2;1;80;1;2; ; ; ;2; ;2; ;2; ;.; ; ;1;07;18;45,20126886507;18
3246899;1;4;1;80;1;1;4;4; ;2; ;2; ; ; ; ;4;2;1;07;18;45,20126886507;18
3246900;1;3;1;80;1;1;4;4; ;2; ;2; ; ; ; ;4;2;1;07;18;60,6750884891008;18
3246901;1;2;1;80;1;2; ; ; ;2; ;2; ;2; ;.; ; ;1;07;18;60,948306497308;18
3246902;1;1;1;80;1;1;3;4; ;3; ;2; ; ; ; ;4;2;1;07;18;57,5560154382672;18
3246903;1;3;1;80;1;2; ; ; ;2; ;2; ;2; ;.; ; ;1;07;18;43,880824992299;18
3246904;1;1;1;80;1;2; ; ; ;2; ;2; ;2; ;.; ; ;1;07;18;57,5560154382672;18
3246905;1;1;1;80;1;1;1;2; ;2; ;2; ; ; ; ;2;2;1;07;27;104,964552973615;27
3246906;1;2;1;80;1;2; ; ; ;2; ;2; ;2; ;.; ; ;1;07;27;104,964552973615;27
3246907;1;1;1;80;1;1;3;3; ;2; ;2; ; ; ; ;9;2;1;07;27;104,964552973615;27
3246908;1;1;1;80;1;2; ; ; ;2; ;2; ;2; ;.; ; ;1;07;27;104,964552973615;27
3246908;1;6;1;80;1;2; ; ; ; ; ;2; ;2; ;.; ; ;1;07;27;104,964552973615;27
3246909;1;2;1;80;1;2; ; ; ; ; ;2; ;2; ;.; ; ;1;07;27;104,964552973615;27
3246909;1;3;1;80;1;2; ; ; ; ; ;2; ;2; ;.; ; ;1;07;27;104,964552973615;27
3246910;1;3;1;80;1;2; ; ; ;2; ;2; ;2; ;.; ; ;1;07;27;104,964552973615;27
3246910;1;4;1;80;1;2; ; ; ; ; ;2; ;2; ;.; ; ;1;07;27;104,964552973615;27
3246911;1;2;1;80;1;2; ; ; ; ; ;2; ;2; ;.; ; ;1;07;27;20,9929105947231;27
3246913;1;2;1;80;1;2; ; ; ; ; ;2; ;2; ;.; ; ;1;07;27;82,231761067475;27
3246915;1;3;1;80;1;2; ; ; ;2; ;2; ;2; ;.; ; ;1;07;27;20,9929105947231;27
3246915;1;4;1;80;1;2; ; ; ;2; ;2; ;2; ;.; ; ;1;07;27;20,9929105947231;27
3246916;1;2;1;80;1;1;2;3; ;2; ;2; ; ; ; ;9;2;1;07;27;104,964552973615;27
3246918;1;1;1;80;1;1;4;8; ;2; ;2; ; ; ; ;9;2;1;07;27;104,964552973615;27
3246918;1;2;1;80;1;2; ; ; ;2; ;2; ;2; ;.; ; ;1;07;27;104,964552973615;27
3246918;1;3;1;80;1;1;1;3; ;2; ;2; ; ; ; ;9;2;1;07;27;104,964552973615;27
3246918;1;5;1;80;1;2; ; ; ; ; ;2; ;2; ;.; ; ;1;07;27;104,964552973615;27
3246919;1;1;1;80;1;1;2;8; ;2; ;2; ; ; ; ;9;2;1;07;27;20,9929105947231;27
3246919;1;4;1;80;1;1;1;8; ;2; ;2; ; ; ; ;2;2;1;07;27;20,9929105947231;27
3246919;1;6;1;80;1;2; ; ; ;2; ;2; ;2; ;.; ; ;1;07;27;20,9929105947231;27
3246920;1;1;1;80;1;1;4;8; ;2; ;2; ; ; ; ;4;2;1;07;27;20,9929105947231;27
3246920;1;2;1;80;1;1;4;8; ;2; ;2; ; ; ; ;4;2;1;07;27;20,9929105947231;27
3246921;1;3;1;80;1;2; ; ; ; ; ;2; ;2; ;.; ; ;1;07;66;335,924245163267;66
3246922;1;1;1;80;1;1;4;9;POR LA EDAD;2; ;2; ; ; ; ;8;2;1;07;66;281,922117192786;66
3246922;1;2;1;80;1;1;4;9;POR LA EDAD;2; ;2; ; ; ; ;11;2;1;07;66;281,922117192786;66
3246923;1;2;1;80;1;1;4;3; ;2; ;2; ; ; ; ;9;2;1;07;66;331,342642888292;66
3246923;1;3;1;80;1;2; ; ; ;2; ;2; ;2; ;.; ; ;1;07;66;331,342642888292;66
3246924;1;2;1;80;1;2; ; ; ;2; ;2; ;2; ;.; ; ;1;07;66;296,595648216717;66
3246925;1;1;1;80;1;1;4;5; ;3; ;2; ; ; ; ;10;2;1;07;66;231,062359369172;66
3246925;1;2;1;80;1;1;4;4; ;2; ;2; ; ; ; ;4;2;1;07;66;231,062359369172;66
3246925;1;4;1;80;1;1;4;5; ;3; ;2; ; ; ; ;10;2;1;07;66;231,062359369172;66
3246926;1;1;1;80;1;1;1;4; ;2; ;2; ; ; ; ;4;2;1;07;66;387,040574492718;66
3246926;1;2;1;80;1;2; ; ; ;2; ;2; ;2; ;.; ; ;1;07;66;387,040574492718;66
3246926;1;3;1;80;1;2; ; ; ; ; ;2; ;2; ;.; ; ;1;07;66;387,040574492718;66
3246927;1;2;1;80;1;2; ; ; ;2; ;2; ;2; ;.; ; ;1;07;66;288,715923719178;66
3246928;1;1;1;80;1;2; ; ; ;2; ;2; ;2; ;.; ; ;1;07;66;358,711853616112;66
3246929;1;1;1;80;1;1;1;8; ;3; ;2; ; ;1; ;1;1;1;07;66;265,204176703342;66
3246930;1;1;1;80;1;1;1;8; ;2; ;2; ; ; ; ;1;2;1;07;66;269,488146504056;66
3246932;1;1;1;80;1;1;4;4; ;2; ;2; ; ; ; ;4;2;1;07;66;289,588966235484;66
3246936;1;1;1;80;1;1;4;8; ;2; ;2; ; ; ; ;8;2;1;07;66;236,870318317413;66
3246936;1;2;1;80;1;1;4;8; ;2; ;2; ; ; ; ;8;2;1;07;66;236,870318317413;66
3246937;1;3;1;80;1;2; ; ; ; ; ;2; ;2; ;.; ; ;1;07;47;187,952917586605;47
3246938;1;4;1;80;1;2; ; ; ;2; ;2; ;2; ;.; ; ;1;07;47;151,064444269805;47
3246940;1;3;1;80;1;2; ; ; ; ; ;2; ;2; ;.; ; ;1;07;47;105,70905928921;47
3246942;1;1;1;80;1;1;4;4; ;2; ;2; ; ; ; ;8;2;1;07;47;210,240899074563;47
3246943;1;2;1;80;1;1;2;3; ;2; ;2; ; ; ; ;9;2;1;07;47;108,591941221729;47
3246943;1;4;1;80;1;1;4;3; ;2; ;2; ; ; ; ;9;2;1;07;47;108,591941221729;47
3246944;1;2;1;80;1;2; ; ; ;2; ;2; ;2; ;.; ; ;1;07;47;167,64375215257;47
3246944;1;3;1;80;1;2; ; ; ; ; ;2; ;2; ;.; ; ;1;07;47;167,64375215257;47
3246944;1;4;1;80;1;2; ; ; ;2; ;2; ;2; ;.; ; ;1;07;47;167,64375215257;47
3246945;1;2;1;80;1;1;1;2; ;2; ;2; ; ; ; ;2;2;1;07;47;121,35091564341;47
3246946;1;2;1;80;1;2; ; ; ;2; ;2; ;2; ;.; ; ;1;07;47;137,080425257051;47
3246947;1;1;1;80;1;1;4;5; ;3; ;2; ; ; ; ;10;2;1;07;47;87,4483495145594;47
3246948;1;1;1;80;1;1;3;4; ;2; ;2; ; ; ; ;4;2;1;07;47;196,37989216487;47
3246948;1;3;1;80;1;1;1;3; ;2; ;2; ; ; ; ;9;2;1;07;47;196,37989216487;47
3246948;1;6;1;80;1;1;4;4; ;2; ;2; ; ; ; ;4;2;1;07;47;196,37989216487;47
3246949;1;1;1;80;1;1;4;2; ;2; ;2; ; ;4; ;9;1;1;07;47;189,625855689072;47
3246949;1;2;1;80;1;2; ; ; ; ; ;2; ;2; ;.; ; ;1;07;47;189,625855689072;47
3246949;1;3;1;80;1;2; ; ; ; ; ;2; ;2; ;.; ; ;1;07;47;189,625855689072;47
3246949;1;5;1;80;1;2; ; ; ;2; ;2; ;2; ;.; ; ;1;07;47;189,625855689072;47
3246951;1;1;1;80;1;1;4;5; ;2; ;2; ; ; ; ;11;2;1;07;47;172,149984028729;47
3246951;1;2;1;80;1;2; ; ; ;2; ;2; ;2; ;.; ; ;1;07;47;172,149984028729;47
3246953;1;2;1;80;1;2; ; ; ; ; ;2; ;2; ;.; ; ;1;07;47;130,714267264101;47
3246955;1;2;1;80;1;1;4;3; ;2; ;2; ; ; ; ;9;2;1;07;47;214,870143053783;47
3246955;1;3;1;80;1;2; ; ; ; ; ;2; ;2; ;.; ; ;1;07;47;214,870143053783;47
3246956;1;1;1;80;1;1;3;3; ;2; ;2; ; ; ; ;9;2;1;07;47;187,056353809027;47
3246957;1;3;1;80;1;2; ; ; ;2; ;2; ;2; ;.; ; ;1;07;47;178,589565965913;47
3246958;1;1;1;80;1;2; ; ; ;2; ;2; ;2; ;.; ; ;1;07;47;155,570676145963;47
3246961;1;1;1;80;1;1;1;3; ;2; ;2; ; ; ; ;9;2;1;07;63;129,394033001207;63
3246961;1;4;1;80;1;2; ; ; ;2; ;2; ;1;4; ;8; ;1;07;63;129,394033001207;63
3246962;1;2;1;80;1;2; ; ; ; ; ;2; ;2; ;.; ; ;1;07;63;92,8580808146661;63
3246964;1;1;1;80;1;1;1;8; ;2; ;2; ; ; ;ESPERA TEMPORADA ALTA;12;2;1;07;63;68,3198893030699;63
3246964;1;6;1;80;1;2; ; ; ; ; ;2; ;2; ;.; ; ;1;07;63;68,3198893030699;63
3246966;1;1;1;80;1;1;1;3; ;2; ;2; ; ; ; ;9;2;1;07;63;107,308501624425;63
3246967;1;2;1;80;1;1;4;1; ;2; ;2; ; ; ; ;9;2;1;07;63;100,574153747216;63
3246967;1;4;1;80;1;1;2;2; ;2; ;2; ; ; ; ;2;2;1;07;63;100,574153747216;63
3246974;1;1;1;80;1;1;4;3; ;2; ;2; ; ; ; ;9;2;1;07;63;90,1088604861963;63
3246975;1;3;1;80;1;1;2;2; ;2; ;2; ; ;2; ;2;1;1;07;63;197,853209242518;63
3246976;1;1;1;80;1;1;4;8; ;2; ;2; ; ; ; ;9;2;1;07;63;85,462096543617;63
3246979;1;3;1;80;1;2; ; ; ; ; ;2; ;2; ;.; ; ;1;07;63;154,483140906993;63
3246979;1;4;1;80;1;1;4;5; ;3; ;2; ; ; ; ;10;2;1;07;63;154,483140906993;63
3246980;1;2;1;80;1;1;3;8; ;2; ;2; ; ;2; ;9;1;1;07;63;150,328979364347;63
3246982;1;1;1;80;1;1;4;3; ;2; ;2; ; ; ; ;9;2;1;07;63;160,616862289731;63
3246982;1;2;1;80;1;2; ; ; ;2; ;2; ;1;1; ;8; ;1;07;63;160,616862289731;63
3246983;1;1;1;80;1;1;4;5; ;3; ;2; ; ; ; ;10;2;1;07;63;140,90599132241;63
3246985;1;3;1;80;1;1;1;8; ; ; ;2; ; ; ; ;2;2;1;07;63;164,383245744282;63
3246987;1;3;1;80;1;2; ; ; ; ; ;2; ;2; ;.; ; ;1;07;63;106,912347194601;63
3246989;1;2;1;80;1;1;4;4; ;2; ;2; ; ; ; ;9;2;1;07;63;131,13341268487;63
3246991;1;1;1;80;1;1;4;4; ;2; ;2; ; ; ; ;11;2;1;07;63;126,405686376764;63
3246992;1;2;1;80;1;1;4;5; ;3; ;2; ; ; ; ;10;2;1;07;63;122,05354867081;63
3246992;1;5;1;80;1;1;4;4; ;1;1;2; ; ; ; ;4;2;1;07;63;122,05354867081;63
3246992;1;6;1;80;1;1;4;5; ;3; ;2; ; ; ; ;10;2;1;07;63;122,05354867081;63
3246995;1;1;1;80;1;1;4;1; ;2; ;2; ; ; ; ;8;2;1;07;63;109,287007604062;63
3246995;1;4;1;80;1;2; ; ; ;2; ;2; ;2; ;.; ; ;1;07;63;109,287007604062;63
3246997;1;2;1;80;1;1;4;1; ;2; ;2; ; ; ; ;9;2;1;07;63;135,909636784228;63
3246999;1;2;1;80;1;2; ; ; ;2; ;2; ;2; ;.; ; ;1;07;63;128,751202513615;63
3247000;1;1;1;80;1;1;4;5; ;3; ;2; ; ; ; ;10;2;1;07;63;135,909636784228;63
3247001;1;1;1;80;1;2; ; ; ;2; ;2; ;2; ;.; ; ;1;07;63;87,8132284852326;63
3247001;1;2;1;80;1;1;4;4; ;2; ;2; ; ; ; ;4;2;1;07;63;87,8132284852326;63
3247001;1;3;1;80;1;1;1;8; ;2; ;1;200000; ;1; ;4;1;1;07;63;87,8132284852326;63
3247003;1;3;1;80;1;2; ; ; ; ; ;2; ;2; ;.; ; ;1;07;63;99,8814391237363;63
3247004;1;3;1;80;1;2; ; ; ; ; ;2; ;2; ;.; ; ;1;07;41;151,845664175192;41
3247006;1;4;1;80;1;2; ; ; ;2; ;2; ;2; ;.; ; ;1;07;41;253,901413603654;41
3247007;1;3;1;80;1;2; ; ; ;2; ;2; ;2; ;.; ; ;1;07;41;151,901970915473;41
3247008;1;1;1;80;1;1;4;5; ;3; ;2; ; ; ; ;10;2;1;07;41;119,283684135422;41
3247008;1;2;1;80;1;1;4;5; ;3; ;2; ; ; ; ;10;2;1;07;41;119,283684135422;41
3247010;1;3;1;80;1;2; ; ; ; ; ;2; ;2; ;.; ; ;1;07;63;195,171614245545;63
3247011;1;2;1;80;1;2; ; ; ;2; ;2; ;2; ;.; ; ;1;07;63;164,383245744282;63
3247011;1;3;1;80;1;2; ; ; ; ; ;2; ;2; ;.; ; ;1;07;63;164,383245744282;63
3247012;1;2;1;80;1;2; ; ; ;2; ;2; ;2; ;.; ; ;1;07;63;103,242411710159;63
3247012;1;3;1;80;1;2; ; ; ;2; ;2; ;2; ;.; ; ;1;07;63;103,242411710159;63
3247014;1;3;1;80;1;2; ; ; ;2; ;2; ;2; ;.; ; ;1;07;63;142,80546889355;63
3247015;1;2;1;80;1;1;2;4; ;2; ;2; ; ; ; ;4;2;1;07;63;178,698590592498;63
3247016;1;1;1;80;1;1;4;5; ;2; ;2; ; ; ; ;10;2;1;07;63;140,90599132241;63
3247017;1;3;1;80;1;2; ; ; ;2; ;2; ;2; ;.; ; ;1;07;63;95,8464274391094;63
3247017;1;4;1;80;1;2; ; ; ;2; ;2; ;2; ;.; ; ;1;07;63;95,8464274391094;63
3247018;1;1;1;80;1;2; ; ; ;2; ;2; ;2; ;.; ; ;1;07;63;199,762878247473;63
3247018;1;3;1;80;1;2; ; ; ; ; ;2; ;2; ;.; ; ;1;07;63;199,762878247473;63
3247022;1;1;1;80;1;1;2;8; ;2; ;2; ; ; ; ;1;2;1;07;63;107,308501624425;63
3247023;1;1;1;80;1;1;4;5; ;3; ;2; ; ; ; ;10;2;1;07;63;140,452402994904;63
3247025;1;3;1;80;1;2; ; ; ;2; ;2; ;2; ;.; ; ;1;07;63;128,35504808379;63
3247025;1;4;1;80;1;2; ; ; ; ; ;2; ;2; ;.; ; ;1;07;63;128,35504808379;63
3247026;1;1;1;80;1;1;4;9;LAS HIJAS NO SE LO PERMITEN;2; ;2; ; ; ; ;9;2;1;07;63;126,405686376764;63
3247027;1;2;1;80;1;1;4;4; ;2; ;2; ; ; ; ;4;2;1;07;63;99,8814391237363;63
3247028;1;1;1;80;1;1;4;3; ;2; ;2; ; ; ; ;9;2;1;07;63;176,188443957474;63
3247029;1;3;1;80;1;2; ; ; ;2; ;2; ;2; ;.; ; ;1;07;63;199,762878247473;63
3247031;1;2;1;80;1;1;4;3; ;2; ;2; ; ; ; ;9;2;1;07;63;321,488776978959;63
3247032;1;1;1;80;1;1;2;9;TRASLADO DE CIUDAD;2; ;2; ; ; ; ;9;2;1;07;63;100,016515085279;63
3247033;1;1;1;80;1;1;1;8; ;3; ;1;150000; ; ; ;8;2;1;07;63;135,861138992977;63
3247033;1;2;1;80;1;1;4;3; ;2; ;2; ; ; ; ;9;2;1;07;63;135,861138992977;63
3247035;1;1;1;80;1;2; ; ; ;2; ;2; ;2; ;.; ; ;1;07;63;126,405686376764;63
3247039;1;2;1;80;1;1;1;7; ;2; ;2; ; ; ; ;9;2;1;07;63;135,909636784228;63
3247041;1;2;1;80;1;2; ; ; ; ; ;2; ;2; ;.; ; ;1;07;63;128,751202513615;63
3247043;1;1;1;80;1;1;4;4; ;2; ;2; ; ; ; ;4;2;1;07;63;126,405686376764;63
3247044;1;1;1;80;1;1;4;8; ;2; ;2; ; ; ; ;8;2;1;07;63;252,811372753527;63
3247045;1;2;1;80;1;2; ; ; ;1;1;2; ;1;1; ;2; ;1;07;63;271,819273568456;63
3247046;1;2;1;80;1;2; ; ; ;2; ;2; ;2; ;.; ; ;1;07;63;157,359887435212;63
3247047;1;2;1;80;1;1;4;3; ;2; ;2; ; ; ; ;9;2;1;07;63;133,429044685834;63
3247048;1;1;1;80;1;1;1;8; ;2; ;2; ; ;1; ;8;1;1;07;63;140,90599132241;63
3247049;1;2;1;80;1;2; ; ; ;2; ;2; ;2; ;.; ; ;1;07;63;131,13341268487;63
3247050;1;1;1;80;1;1;2;3; ;2; ;2; ; ; ; ;9;2;1;07;20;130,270578621931;20
3247053;1;2;1;80;1;2; ; ; ;2; ;2; ;2; ;.; ; ;1;07;20;137,991250019299;20
3247054;1;2;1;80;1;2; ; ; ;2; ;2; ;2; ;.; ; ;1;07;20;215,186245723704;20
3247054;1;3;1;80;1;2; ; ; ;2; ;2; ;2; ;.; ; ;1;07;20;215,186245723704;20
3247054;1;4;1;80;1;2; ; ; ; ; ;2; ;2; ;.; ; ;1;07;20;215,186245723704;20
3247054;1;5;1;80;1;2; ; ; ; ; ;2; ;2; ;.; ; ;1;07;20;215,186245723704;20
3247055;1;2;1;80;1;2; ; ; ; ; ;2; ;2; ;.; ; ;1;07;20;110,753775044647;20
3247056;1;2;1;80;1;1;2;6; ;2; ;2; ; ; ; ;2;2;1;07;20;153,584423190207;20
3247056;1;3;1;80;1;2; ; ; ;2; ;2; ;2; ;.; ; ;1;07;20;153,584423190207;20
3247057;1;3;1;80;1;2; ; ; ;2; ;2; ;2; ;.; ; ;1;07;20;135,76482494264;20
3247058;1;1;1;80;1;2; ; ; ;2; ;2; ;1;4; ;9; ;1;07;20;131,571098993942;20
3247059;1;1;1;80;1;1;3;5; ;3; ;2; ; ; ; ;10;2;1;07;20;69,3958254983106;20
3247059;1;2;1;80;1;2; ; ; ; ; ;2; ;2; ;.; ; ;1;07;20;69,3958254983106;20
3247059;1;5;1;80;1;2; ; ; ;2; ;2; ;2; ;.; ; ;1;07;20;69,3958254983106;20
3247060;1;2;1;80;1;2; ; ; ;2; ;2; ;2; ;.; ; ;1;07;20;80,3790717244178;20
3247061;1;1;1;80;1;2; ; ; ;2; ;2; ;2; ;.; ; ;1;07;20;130,443693397636;20
3247063;1;4;1;80;1;1;4;3; ;2; ;2; ; ; ; ;9;2;1;07;20;124,323703941305;20
3247064;1;2;1;80;1;2; ; ; ;2; ;2; ;2; ;.; ; ;1;07;20;167,593558921803;20
3247064;1;3;1;80;1;2; ; ; ; ; ;2; ;2; ;.; ; ;1;07;20;167,593558921803;20
3247064;1;4;1;80;1;2; ; ; ; ; ;2; ;2; ;.; ; ;1;07;20;167,593558921803;20
3247066;1;1;1;80;1;1;2;3; ;2; ;2; ; ; ; ;9;2;1;07;20;103,50637999201;20
3247066;1;2;1;80;1;2; ; ; ; ; ;2; ;2; ;.; ; ;1;07;20;103,50637999201;20
3247066;1;5;1;80;1;1;4;4; ;2; ;2; ; ; ; ;4;2;1;07;20;103,50637999201;20
3247067;1;1;1;80;1;1;1;3; ;2; ;2; ; ; ; ;9;2;1;07;20;84,6018980253682;20
3247067;1;2;1;80;1;2; ; ; ;2; ;2; ;2; ;.; ; ;1;07;20;84,6018980253682;20
3247068;1;2;1;80;1;1;4;3; ;2; ;2; ; ; ; ;9;2;1;07;20;156,582148891936;20
3247070;1;2;1;80;1;1;4;4; ;2; ;2; ; ; ; ;4;2;1;07;20;157,521475121563;20
3247070;1;3;1;80;1;2; ; ; ; ; ;2; ;2; ;.; ; ;1;07;20;157,521475121563;20
3247071;1;2;1;80;1;1;1;7; ;2; ;2; ; ; ; ;11;2;1;07;20;142,998798470298;20
3247072;1;1;1;80;1;1;4;3; ;2; ;2; ; ; ; ;11;2;1;07;20;108,819095950464;20
3247072;1;3;1;80;1;2; ; ; ;2; ;2; ;2; ;.; ; ;1;07;20;108,819095950464;20
3247076;1;2;1;80;1;1;1;4; ;2; ;2; ; ; ; ;4;2;1;07;44;116,375620844833;44
3247078;1;1;1;80;1;1;1;5; ;3; ;2; ; ; ; ;10;2;1;07;15;104,813077254265;15
3247079;1;3;1;80;1;2; ; ; ; ; ;2; ;2; ;.; ; ;1;07;15;88,2465904493561;15
3247079;1;4;1;80;1;2; ; ; ; ; ;2; ;2; ;.; ; ;1;07;15;88,2465904493561;15
3247080;1;4;1;80;1;2; ; ; ;2; ;2; ;2; ;.; ; ;1;07;15;101,729515958637;15
3247081;1;1;1;80;1;1;4;8; ;2; ;2; ; ; ; ;8;2;1;07;15;107,138312910192;15
3247082;1;3;1;80;1;2; ; ; ;2; ;2; ;2; ;.; ; ;1;07;15;106,370756928447;15
3247082;1;4;1;80;1;2; ; ; ;2; ;2; ;2; ;.; ; ;1;07;15;106,370756928447;15
3247088;1;3;1;80;1;2; ; ; ;2; ;2; ;2; ;.; ; ;1;07;15;85,6656017119095;15
3247088;1;4;1;80;1;2; ; ; ; ; ;2; ;2; ;.; ; ;1;07;15;85,6656017119095;15
3247089;1;1;1;80;1;1;1;2; ;2; ;1;80000; ; ; ;2;2;1;07;15;77,0982871502875;15
3247091;1;2;1;80;1;2; ; ; ;2; ;2; ;2; ;.; ; ;1;07;15;87,03696199704;15
3247092;1;3;1;80;1;2; ; ; ;2; ;2; ;2; ;.; ; ;1;07;15;76,5142586975342;15
3247092;1;4;1;80;1;2; ; ; ; ; ;2; ;2; ;.; ; ;1;07;15;76,5142586975342;15
3247092;1;5;1;80;1;2; ; ; ; ; ;2; ;2; ;.; ; ;1;07;15;76,5142586975342;15
3247094;1;2;1;80;1;1;1;8; ;2; ;2; ; ;1; ;4;1;1;07;15;112,547109861746;15
3247096;1;1;1;80;1;1;4;4; ;3; ;2; ; ; ; ;4;2;1;07;76;800,761738685696;76
3247096;1;2;1;80;1;1;4;3; ;2; ;2; ; ; ; ;9;2;1;07;76;800,761738685696;76
3247096;1;3;1;80;1;1;4;3; ;2; ;2; ; ; ; ;9;2;1;07;76;800,761738685696;76
3247097;1;3;1;80;1;2; ; ; ;2; ;2; ;2; ;.; ; ;1;07;76;1427,88545156141;76
3247098;1;2;1;80;1;2; ; ; ;2; ;2; ;2; ;.; ; ;1;07;76;856,210516832777;76
3247100;1;1;1;80;1;1;4;3; ;2; ;2; ; ; ; ;9;2;1;07;76;1752,23200071697;76
3247100;1;2;1;80;1;1;4;5; ;3; ;2; ; ; ; ;10;2;1;07;76;1752,23200071697;76
3247101;1;2;1;80;1;1;4;4; ;2; ;2; ; ; ; ;4;2;1;07;76;907,883818216904;76
3247102;1;2;1;80;1;2; ; ; ;2; ;2; ;2; ;.; ; ;1;07;76;1169,68033865974;76
3247102;1;4;1;80;1;1;4;9;CAMBIO  CIUDAD;2; ;2; ; ; ; ;11;2;1;07;76;1169,68033865974;76
3247104;1;1;1;80;1;1;4;4; ;3; ;2; ; ; ; ;4;2;1;07;76;911,659294979858;76
3247104;1;2;1;80;1;2; ; ; ;2; ;2; ;2; ;.; ; ;1;07;76;911,659294979858;76
3247106;1;2;1;80;1;1;4;4; ;2; ;2; ; ; ; ;4;2;1;07;76;967,968008087026;76
3247107;1;1;1;80;1;1;4;3; ;2; ;2; ; ; ; ;8;2;1;07;76;983,421949536192;76
3247108;1;3;1;80;1;2; ; ; ; ; ;2; ;2; ;.; ; ;1;07;76;1129,68550196183;76
3247110;1;3;1;80;1;2; ; ; ;2; ;2; ;2; ;.; ; ;1;07;70;98,9372256687458;70
3247111;1;2;1;80;1;1;4;3; ;2; ;2; ; ; ; ;9;2;1;07;70;91,4843046640027;70
3247112;1;1;1;80;1;1;4;3; ;2; ;2; ; ; ; ;9;2;1;07;70;85,3945726131917;70
3247112;1;3;1;80;1;2; ; ; ;2; ;2; ;2; ;.; ; ;1;07;70;85,3945726131917;70
3247112;1;4;1;80;1;2; ; ; ; ; ;2; ;2; ;.; ; ;1;07;70;85,3945726131917;70
3247112;1;7;1;80;1;2; ; ; ;2; ;2; ;2; ;.; ; ;1;07;70;85,3945726131917;70
3247113;1;3;1;80;1;1;2;8; ;2; ;2; ; ; ; ;2;2;1;07;70;110,325520308906;70
3247114;1;2;1;80;1;1;1;4; ;2; ;2; ; ; ; ;9;2;1;07;70;110,718342218715;70
3247115;1;2;1;80;1;1;2;6; ;2; ;2; ; ; ; ;1;2;1;07;70;99,6691621568209;70
3247117;1;2;1;80;1;1;3;4; ;3; ;2; ; ; ; ;4;2;1;07;76;891,569941807652;76
3247118;1;1;1;80;1;1;4;4; ;2; ;2; ; ; ; ;4;2;1;07;76;911,659294979858;76
3247118;1;2;1;80;1;1;4;7; ;2; ;2; ; ; ; ;4;2;1;07;76;911,659294979858;76
3247121;1;1;1;80;1;1;4;5; ;3; ;2; ; ; ; ;11;2;1;07;76;679,79868863286;76
3247125;1;1;1;80;1;1;4;1; ;3; ;2; ; ;3; ;10;1;1;07;76;911,659294979858;76
3247125;1;2;1;80;1;1;4;3; ;2; ;2; ; ; ; ;9;2;1;07;76;911,659294979858;76
3247126;1;2;1;80;1;2; ; ; ; ; ;2; ;2; ;.; ; ;1;07;68;397,796805179706;68
3247127;1;1;1;80;1;1;4;4; ;2; ;2; ; ;4; ;8;1;1;07;68;482,937749575124;68
3247129;1;3;1;80;1;2; ; ; ;2; ;2; ;2; ;.; ; ;1;07;68;630,607862956397;68
3247129;1;4;1;80;1;2; ; ; ;2; ;2; ;2; ;.; ; ;1;07;68;630,607862956397;68
3247129;1;5;1;80;1;2; ; ; ;2; ;2; ;2; ;.; ; ;1;07;68;630,607862956397;68
3247130;1;1;1;80;1;1;4;4; ;2; ;2; ; ; ; ;4;2;1;07;68;542,609955393084;68
3247131;1;1;1;80;1;1;2;4; ;2; ;2; ; ; ; ;4;2;1;07;68;496,116345207563;68
3247132;1;3;1;80;1;2; ; ; ;2; ;2; ;2; ;.; ; ;1;07;68;485,828378149008;68
3247132;1;4;1;80;1;2; ; ; ;2; ;2; ;2; ;.; ; ;1;07;68;485,828378149008;68
3247133;1;2;1;80;1;1;4;3; ;2; ;2; ; ; ; ;9;2;1;07;68;587,676960391585;68
3247133;1;3;1;80;1;2; ; ; ; ; ;2; ;2; ;.; ; ;1;07;68;587,676960391585;68
3247135;1;4;1;80;1;1;4;7; ;2; ;2; ; ; ; ;8;2;1;07;68;518,268782822583;68
3247136;1;2;1;80;1;1;4;3; ;3; ;2; ; ; ; ;4;2;1;07;68;510,610346723954;68
3247136;1;6;1;80;1;2; ; ; ;2; ;2; ;2; ;.; ; ;1;07;68;510,610346723954;68
3247137;1;1;1;80;1;1;4;6; ;2; ;2; ; ; ; ;4;2;1;07;68;525,559817031512;68
3247138;1;2;1;80;1;1;4;3; ;2; ;2; ; ; ; ;9;2;1;07;68;540,569035809959;68
3247138;1;4;1;80;1;1;1;3; ;2; ;2; ; ; ; ;9;2;1;07;68;540,569035809959;68
3247139;1;2;1;80;1;1;1;3; ;2; ;2; ; ; ; ;9;2;1;07;68;512,954531618431;68
3247140;1;1;1;80;1;1;4;5; ;3; ;2; ; ; ; ;10;2;1;07;68;520,086807234749;68
3247141;1;4;1;80;1;1;1;2; ;2; ;2; ; ; ; ;2;2;1;07;68;561,692788221969;68
3247143;1;1;1;80;1;1;4;5; ;3; ;2; ; ; ; ;9;2;1;07;68;503,407379416491;68
3247143;1;2;1;80;1;1;3;4; ;2; ;2; ; ; ; ;4;2;1;07;68;503,407379416491;68
3247144;1;1;1;80;1;1;4;5; ;3; ;2; ; ; ; ;9;2;1;07;68;432,170234215069;68
3247144;1;2;1;80;1;1;4;3; ;2; ;2; ; ; ; ;9;2;1;07;68;432,170234215069;68
3247146;1;4;1;80;1;2; ; ; ; ; ;2; ;2; ;.; ; ;1;07;68;459,804397804854;68
3247147;1;1;1;80;1;1;4;5; ;3; ;2; ; ; ; ;10;2;1;07;19;99,3420094637741;19
3247148;1;1;1;80;1;1;3;3; ;2; ;2; ; ; ; ;9;2;1;07;19;75,9020793001447;19
3247149;1;1;1;80;1;1;4;5; ;3; ;2; ; ; ; ;10;2;1;07;19;101,782928660089;19
3247149;1;2;1;80;1;1;4;3; ;2; ;2; ; ; ; ;1;2;1;07;19;101,782928660089;19
3247149;1;3;1;80;1;2; ; ; ;2; ;2; ;2; ;.; ; ;1;07;19;101,782928660089;19
3247149;1;4;1;80;1;2; ; ; ; ; ;2; ;2; ;.; ; ;1;07;19;101,782928660089;19
3247152;1;1;1;80;1;1;4;5; ;3; ;2; ; ; ; ;10;2;1;07;19;80,3149253231817;19
3247153;1;2;1;80;1;1;2;3; ;2; ;2; ; ; ; ;9;2;1;07;19;116,784547798974;19
3247154;1;1;1;80;1;1;3;4; ;2; ;2; ; ; ; ;4;2;1;07;19;110,124472618642;19
3247155;1;2;1;80;1;1;2;3; ;2; ;2; ; ; ; ;9;2;1;07;19;120,670543272146;19
3247155;1;3;1;80;1;2; ; ; ;2; ;2; ;2; ;.; ; ;1;07;19;120,670543272146;19
3247155;1;4;1;80;1;2; ; ; ;2; ;2; ;2; ;.; ; ;1;07;19;120,670543272146;19
3247158;1;2;1;80;1;1;4;3; ;2; ;2; ; ; ; ;9;2;1;07;19;99,3420094637741;19
3247159;1;3;1;80;1;2; ; ; ;2; ;2; ;2; ;.; ; ;1;07;19;94,0696037939891;19
3247159;1;4;1;80;1;2; ; ; ;2; ;2; ;2; ;.; ; ;1;07;19;94,0696037939891;19
3247161;1;1;1;80;1;1;3;5; ;3; ;2; ; ;2; ;1;1;1;07;19;107,927264285993;19
3247161;1;3;1;80;1;2; ; ; ;2; ;2; ;2; ;.; ; ;1;07;19;107,927264285993;19
3247162;1;1;1;80;1;1;1;4; ;2; ;2; ; ; ; ;4;2;1;07;19;75,9020793001447;19
3247162;1;2;1;80;1;1;4;3; ;2; ;2; ; ; ; ;9;2;1;07;19;75,9020793001447;19
3247163;1;1;1;80;1;1;4;5; ;3; ;2; ; ; ; ;1;2;1;07;19;78,9001892493848;19
3247163;1;3;1;80;1;2; ; ; ;2; ;2; ;2; ;.; ; ;1;07;19;78,9001892493848;19
3247164;1;4;1;80;1;2; ; ; ;2; ;2; ;2; ;.; ; ;1;07;19;58,4583690349955;19
3247166;1;3;1;80;1;2; ; ; ;2; ;2; ;2; ;.; ; ;1;07;19;130,009102080106;19
3247167;1;2;1;80;1;2; ; ; ;2; ;2; ;2; ;.; ; ;1;07;19;125,008725101084;19
3247167;1;3;1;80;1;2; ; ; ; ; ;2; ;2; ;.; ; ;1;07;19;125,008725101084;19
3247168;1;3;1;80;1;2; ; ; ; ; ;2; ;2; ;.; ; ;1;07;19;122,959223627939;19
3247171;1;1;1;80;1;1;4;5; ;3; ;2; ; ; ; ;8;2;1;07;19;96,343899514534;19
3247172;1;1;1;80;1;1;2;2; ;2; ;2; ; ; ; ;2;2;1;07;19;130,566292833032;19
3247173;1;1;1;80;1;1;1;5; ;3; ;2; ; ; ; ;10;2;1;07;19;100,261936925285;19
3247173;1;6;1;80;1;2; ; ; ; ; ;2; ;2; ;.; ; ;1;07;19;100,261936925285;19
3247175;1;3;1;80;1;2; ; ; ; ; ;2; ;2; ;.; ; ;1;07;19;116,227357046049;19
3247176;1;1;1;80;1;1;4;4; ;2; ;2; ; ; ; ;4;2;1;07;19;69,455374780418;19
3247176;1;3;1;80;1;2; ; ; ; ; ;2; ;2; ;.; ; ;1;07;19;69,455374780418;19
3247178;1;1;1;80;1;1;4;5; ;2; ;2; ; ; ;PROTECCION DE ANIMALES;12;2;1;07;19;80,3149253231817;19
3247179;1;1;1;80;1;1;4;8; ;3; ;2; ; ; ; ;8;2;1;07;19;90,6796672536598;19
3247179;1;2;1;80;1;2; ; ; ;2; ;2; ;2; ;.; ; ;1;07;19;90,6796672536598;19
3247179;1;3;1;80;1;1;2;4; ;2; ;2; ; ; ; ;4;2;1;07;19;90,6796672536598;19
3247182;1;1;1;80;1;1;2;8; ;2; ;1;180000; ; ; ;8;2;1;07;19;75,9020793001447;19
3247182;1;2;1;80;1;1;4;4; ;2; ;2; ; ; ; ;4;2;1;07;19;75,9020793001447;19
3247183;1;2;1;80;1;1;4;4; ;2; ;2; ; ; ; ;8;2;1;07;19;78,9001892493848;19
3247184;1;1;1;80;1;1;4;4; ;2; ;2; ; ; ; ;8;2;1;07;19;86,311145221662;19
3247189;1;3;1;80;1;2; ; ; ; ; ;2; ;2; ;.; ; ;1;07;52;156,684204944875;52
3247189;1;4;1;80;1;2; ; ; ;2; ;2; ;2; ;.; ; ;1;07;52;156,684204944875;52
3247190;1;3;1;80;1;2; ; ; ; ; ;2; ;2; ;.; ; ;1;07;52;126,349364436342;52
3247194;1;2;1;80;1;1;2;2; ;2; ;2; ; ; ; ;2;2;1;07;52;190,093164292175;52
3247196;1;3;1;80;1;2; ; ; ; ; ;2; ;2; ;.; ; ;1;07;52;209,754304967316;52
3247197;1;3;1;80;1;2; ; ; ;2; ;2; ;2; ;.; ; ;1;07;52;156,484444265609;52
3247199;1;6;1;80;1;2; ; ; ; ; ;2; ;2; ;.; ; ;1;07;52;248,369509119596;52
3247200;1;1;1;80;1;1;1;4; ;2; ;2; ; ; ; ;4;2;1;07;52;120,050066721007;52
3247200;1;2;1;80;1;1;3;4; ;2; ;2; ; ; ; ;4;2;1;07;52;120,050066721007;52
3247201;1;3;1;80;1;2; ; ; ;2; ;2; ;2; ;.; ; ;1;07;52;155,103739875081;52
3247203;1;3;1;80;1;1;1;6; ;2; ;2; ; ; ;PIENSA SEGUIR ESTUDIANDO;12;2;1;07;52;156,684204944875;52
3247203;1;4;1;80;1;2; ; ; ; ; ;2; ;2; ;.; ; ;1;07;52;156,684204944875;52
3247204;1;3;1;80;1;1;1;2; ;2; ;2; ; ; ; ;2;2;1;07;52;172,221407272025;52
3247204;1;4;1;80;1;1;1;3; ;2; ;2; ; ; ; ;9;2;1;07;52;172,221407272025;52
3247205;1;5;1;80;1;2; ; ; ; ; ;2; ;2; ;.; ; ;1;07;52;108,484769765746;52
3247205;1;6;1;80;1;1;4;4; ;2; ;2; ; ; ; ;8;2;1;07;52;108,484769765746;52
3247206;1;2;1;80;1;1;4;5; ;3; ;2; ; ; ; ;10;2;1;07;52;120,050066721007;52
3247207;1;1;1;80;1;1;4;5; ;3; ;2; ; ; ; ;10;2;1;07;52;174,700631813242;52
3247207;1;2;1;80;1;1;4;5; ;3; ;2; ; ; ; ;10;2;1;07;52;174,700631813242;52
3247208;1;3;1;80;1;1;2;8; ;2; ;2; ; ; ; ;2;2;1;07;52;172,421167951291;52
3247209;1;1;1;80;1;1;4;3; ;2; ;2; ; ; ; ;4;2;1;07;52;118,479651290993;52
3247209;1;3;1;80;1;2; ; ; ;2; ;2; ;2; ;.; ; ;1;07;52;118,479651290993;52
3247214;1;1;1;80;1;2; ; ; ;2; ;2; ;2; ;.; ; ;1;07;50;123,792229930764;50
3247214;1;3;1;80;1;2; ; ; ;2; ;2; ;2; ;.; ; ;1;07;50;123,792229930764;50
3247214;1;4;1;80;1;2; ; ; ;2; ;2; ;2; ;.; ; ;1;07;50;123,792229930764;50
3247214;1;5;1;80;1;2; ; ; ; ; ;2; ;2; ;.; ; ;1;07;50;123,792229930764;50
3247214;1;6;1;80;1;2; ; ; ; ; ;2; ;2; ;.; ; ;1;07;50;123,792229930764;50
3247219;1;2;1;80;1;1;9;8; ;2; ;2; ; ; ; ;11;2;1;07;50;100,860956495185;50
3247219;1;7;1;80;1;1;4;9;EDAD;2; ;2; ; ; ; ;8;2;1;07;50;100,860956495185;50
3247219;1;8;1;80;1;1;4;1; ;3; ;2; ; ; ; ;8;2;1;07;50;100,860956495185;50
3247220;1;2;1;80;1;2; ; ; ;2; ;2; ;2; ;.; ; ;1;07;50;193,576346569783;50
3247222;1;3;1;80;1;2; ; ; ; ; ;2; ;2; ;.; ; ;1;07;50;180,157803404291;50
3247225;1;2;1;80;1;1;1;3; ;2; ;2; ; ; ; ;9;2;1;07;17;306,878500079883;17
3247227;1;1;1;80;1;1;4;5; ;3; ;2; ; ; ; ;10;2;1;07;17;107,140005173264;17
3247227;1;2;1;80;1;2; ; ; ;2; ;2; ;2; ;.; ; ;1;07;17;107,140005173264;17
3247227;1;3;1;80;1;2; ; ; ;2; ;2; ;2; ;.; ; ;1;07;17;107,140005173264;17
3247230;1;1;1;80;1;2; ; ; ;2; ;2; ;2; ;.; ; ;1;07;17;160,451137155335;17
3247233;1;1;1;80;1;2; ; ; ;2; ;2; ;2; ;.; ; ;1;07;17;117,774623253762;17
3247236;1;2;1;80;1;1;4;7; ;2; ;2; ; ; ; ;9;2;1;07;17;138,938461059188;17
3247238;1;3;1;80;1;2; ; ; ; ; ;2; ;2; ;.; ; ;1;07;17;162,191172060819;17
3247238;1;4;1;80;1;2; ; ; ; ; ;2; ;2; ;.; ; ;1;07;17;162,191172060819;17
3247247;1;2;1;80;1;1;1;8; ;2; ;2; ; ; ; ;11;2;1;07;17;268,048215061128;17
3247248;1;5;1;80;1;1;4;2; ;2; ;2; ; ; ; ;2;2;1;07;17;159,702408257433;17
3247250;1;1;1;80;1;1;2;3; ;2; ;2; ; ;1;CAMBIO DE RESIDENCIA;12;1;1;07;17;267,383556850708;17
3247253;1;2;1;80;1;1;1;3; ;2; ;2; ; ; ; ;9;2;1;07;17;216,787868685196;17
3247254;1;2;1;80;1;2; ; ; ;2; ;2; ;2; ;.; ; ;1;07;17;225,24957699228;17
3247255;1;3;1;80;1;2; ; ; ;2; ;2; ;2; ;.; ; ;1;07;66;311,241823156865;66
3247256;1;1;1;80;1;1;4;5; ;3; ;2; ; ; ; ;10;2;1;07;66;236,870318317413;66
3247256;1;2;1;80;1;1;4;3; ;2; ;2; ; ; ; ;9;2;1;07;66;236,870318317413;66
3247257;1;1;1;80;1;2; ; ; ;2; ;2; ;2; ;.; ; ;1;07;66;148,911002444992;66
3247257;1;5;1;80;1;2; ; ; ;2; ;2; ;2; ;.; ; ;1;07;66;148,911002444992;66
3247258;1;2;1;80;1;2; ; ; ; ; ;2; ;2; ;.; ; ;1;07;66;401,338572785226;66
3247259;1;2;1;80;1;1;3;3; ;2; ;2; ; ; ; ;9;2;1;07;66;291,757474435906;66
3247260;1;2;1;80;1;1;4;3; ;2; ;2; ; ; ; ;9;2;1;07;66;235,08975766405;66
3247260;1;4;1;80;1;2; ; ; ;2; ;2; ;2; ;.; ; ;1;07;66;235,08975766405;66
3247260;1;5;1;80;1;2; ; ; ;2; ;2; ;2; ;.; ; ;1;07;66;235,08975766405;66
3247262;1;1;1;80;1;2; ; ; ;2; ;2; ;2; ;.; ; ;1;07;66;327,074735498297;66
3247262;1;3;1;80;1;2; ; ; ;2; ;2; ;2; ;.; ; ;1;07;66;327,074735498297;66
3247262;1;5;1;80;1;1;3;4; ;2; ;2; ; ; ; ;4;2;1;07;66;327,074735498297;66
3247263;1;2;1;80;1;2; ; ; ;2; ;2; ;2; ;.; ; ;1;07;66;345,972477861228;66
3247263;1;3;1;80;1;2; ; ; ; ; ;2; ;2; ;.; ; ;1;07;66;345,972477861228;66
3247263;1;5;1;80;1;2; ; ; ;2; ;2; ;2; ;.; ; ;1;07;66;345,972477861228;66
3247264;1;1;1;80;1;1;4;5; ;3; ;2; ; ; ; ;10;2;1;07;66;276,455486769799;66
3247264;1;2;1;80;1;1;4;5; ;3; ;2; ; ; ; ;10;2;1;07;66;276,455486769799;66
3247265;1;2;1;80;1;1;4;3; ;2; ;2; ; ; ; ;9;2;1;07;66;332,546503430606;66
3247265;1;3;1;80;1;2; ; ; ;2; ;2; ;2; ;.; ; ;1;07;66;332,546503430606;66
3247266;1;3;1;80;1;2; ; ; ; ; ;2; ;2; ;.; ; ;1;07;66;311,241823156865;66
3247267;1;1;1;80;1;1;4;5; ;3; ;2; ; ; ; ;10;2;1;07;66;236,870318317413;66
3247267;1;2;1;80;1;1;4;5; ;3; ;2; ; ; ; ;10;2;1;07;66;236,870318317413;66
3247268;1;1;1;80;1;1;4;5; ;2; ;2; ; ; ; ;10;2;1;07;66;236,870318317413;66
3247268;1;2;1;80;1;2; ; ; ;2; ;2; ;2; ;.; ; ;1;07;66;236,870318317413;66
3247270;1;3;1;80;1;2; ; ; ; ; ;2; ;2; ;.; ; ;1;07;66;318,864976148567;66
3247271;1;2;1;80;1;1;4;8; ;2; ;2; ; ; ; ;1;2;1;07;66;303,306416976624;66
3247271;1;4;1;80;1;2; ; ; ;2; ;2; ;2; ;.; ; ;1;07;66;303,306416976624;66
3247272;1;1;1;80;1;1;2;3; ;2; ;2; ; ; ; ;9;2;1;07;66;345,030326334073;66
3247273;1;1;1;80;1;1;2;4; ;3; ;2; ; ; ; ;4;2;1;07;66;276,455486769799;66
3247273;1;2;1;80;1;1;4;3; ;2; ;2; ; ; ; ;9;2;1;07;66;276,455486769799;66
3247273;1;3;1;80;1;1;1;8; ;2; ;2; ; ; ; ;2;2;1;07;66;276,455486769799;66
3247274;1;2;1;80;1;1;3;3; ;2; ;2; ; ; ; ;9;2;1;07;66;381,237753053798;66
3247278;1;2;1;80;1;1;1;2; ;2; ;2; ; ; ; ;2;2;1;07;66;387,040574492718;66
3247278;1;3;1;80;1;2; ; ; ;2; ;2; ;2; ;.; ; ;1;07;66;387,040574492718;66
3247279;1;1;1;80;1;1;3;4; ;2; ;2; ; ; ; ;4;2;1;07;66;265,204176703342;66
3247280;1;2;1;80;1;1;4;3; ;2; ;2; ; ; ; ;9;2;1;07;66;357,446155227355;66
3247280;1;4;1;80;1;2; ; ; ;2; ;2; ;2; ;.; ; ;1;07;66;357,446155227355;66
3247281;1;2;1;80;1;1;4;3; ;2; ;2; ; ; ; ;9;2;1;07;66;311,241823156865;66
3247283;1;3;1;80;1;1;4;4; ;2; ;2; ; ; ; ;8;2;1;07;66;239,038826517836;66
3247285;1;3;1;80;1;2; ; ; ; ; ;2; ;2; ;.; ; ;1;07;66;282,907964770936;66
3247285;1;4;1;80;1;1;4;3; ;2; ;2; ; ; ; ;9;2;1;07;66;282,907964770936;66
3247286;1;2;1;80;1;2; ; ; ;2; ;2; ;2; ;.; ; ;1;07;66;353,868542325979;66
3247286;1;3;1;80;1;2; ; ; ;2; ;2; ;2; ;.; ; ;1;07;66;353,868542325979;66
3247286;1;4;1;80;1;2; ; ; ;2; ;2; ;2; ;.; ; ;1;07;66;353,868542325979;66
3247287;1;2;1;80;1;1;4;8; ;2; ;2; ; ; ; ;9;2;1;07;66;277,105143332017;66
3247287;1;4;1;80;1;2; ; ; ;2; ;2; ;2; ;.; ; ;1;07;66;277,105143332017;66
3247288;1;2;1;80;1;2; ; ; ;2; ;2; ;2; ;.; ; ;1;07;66;243,620428792811;66
3247288;1;3;1;80;1;2; ; ; ;2; ;2; ;2; ;.; ; ;1;07;66;243,620428792811;66
3247289;1;4;1;80;1;1;2;2; ;2; ;2; ; ; ; ;2;2;1;07;63;140,160246296983;63
3247290;1;1;1;80;1;1;4;3; ;2; ;2; ; ; ; ;9;2;1;07;63;116,633107739224;63
3247290;1;2;1;80;1;1;1;4; ;2; ;2; ; ; ; ;4;2;1;07;63;116,633107739224;63
3247291;1;1;1;80;1;1;4;3; ;2; ;2; ; ; ; ;9;2;1;07;63;168,251972856753;63
3247291;1;2;1;80;1;1;1;2; ; ; ;2; ; ; ; ;2;2;1;07;63;168,251972856753;63
3247291;1;5;1;80;1;2; ; ; ;2; ;2; ;2; ;.; ; ;1;07;63;168,251972856753;63
3247291;1;7;1;80;1;1;4;9;POR VEJEZ;2; ;2; ; ; ; ;8;2;1;07;63;168,251972856753;63
3247293;1;2;1;80;1;2; ; ; ; ; ;2; ;2; ;.; ; ;1;07;63;164,487243476185;63
3247295;1;1;1;80;1;1;4;8; ;2; ;2; ; ; ; ;9;2;1;07;63;143,440749619347;63
3247295;1;4;1;80;1;1;4;9;RAZON PERSONAL;1;2;2; ; ; ; ;9;2;1;07;63;143,440749619347;63
3247296;1;1;1;80;1;1;4;5; ;3; ;2; ; ; ; ;10;2;1;07;63;131,13341268487;63
3247296;1;2;1;80;1;2; ; ; ;2; ;2; ;2; ;.; ; ;1;07;63;131,13341268487;63
3247297;1;1;1;80;1;1;4;3; ;2; ;2; ; ; ; ;9;2;1;07;63;126,405686376764;63
3247300;1;1;1;80;1;1;3;4; ;2; ;2; ; ; ; ;4;2;1;07;63;87,8132284852326;63
3247300;1;2;1;80;1;1;4;3; ;2; ;2; ; ; ; ;9;2;1;07;63;87,8132284852326;63
3247300;1;4;1;80;1;2; ; ; ;2; ;2; ;2; ;.; ; ;1;07;63;87,8132284852326;63
3247301;1;5;1;80;1;1;4;3; ;2; ;2; ; ; ; ;9;2;1;07;63;171,773203946547;63
3247302;1;1;1;80;1;2; ; ; ;2; ;2; ;2; ;.; ; ;1;07;63;133,429044685834;63
3247303;1;1;1;80;1;1;4;3; ;2; ;2; ; ; ; ;9;2;1;07;63;133,429044685834;63
3247304;1;3;1;80;1;2; ; ; ;2; ;2; ;2; ;.; ; ;1;07;63;121,459215974469;63
3247305;1;1;1;80;1;1;4;4; ;2; ;2; ; ; ; ;5;2;1;07;63;119,113699837618;63
3247305;1;2;1;80;1;1;3;3; ;2; ;2; ; ; ; ;9;2;1;07;63;119,113699837618;63
3247307;1;3;1;80;1;1;4;4; ;2; ;2; ; ; ; ;4;2;1;07;63;121,36083404733;63
3247308;1;1;1;80;1;1;4;3; ;2; ;2; ; ; ; ;9;2;1;07;63;92,8580808146661;63
3247308;1;2;1;80;1;2; ; ; ;2; ;2; ;2; ;.; ; ;1;07;63;92,8580808146661;63
3247309;1;2;1;80;1;2; ; ; ;2; ;2; ;2; ;.; ; ;1;07;47;219,28979615664;47
3247309;1;3;1;80;1;2; ; ; ; ; ;2; ;2; ;.; ; ;1;07;47;219,28979615664;47
3247314;1;4;1;80;1;2; ; ; ; ; ;2; ;2; ;.; ; ;1;07;47;241,82825627195;47
3247317;1;3;1;80;1;1;2;3; ;2; ;2; ; ; ; ;9;2;1;07;47;203,367972661632;47
3247318;1;1;1;80;1;1;2;4; ;2; ;2; ; ; ; ;4;2;1;07;47;172,031094091596;47
3247318;1;3;1;80;1;2; ; ; ;2; ;2; ;2; ;.; ; ;1;07;47;172,031094091596;47
3247318;1;4;1;80;1;2; ; ; ; ; ;2; ;2; ;.; ; ;1;07;47;172,031094091596;47
3247319;1;2;1;80;1;1;2;2; ;2; ;2; ; ; ; ;2;2;1;07;47;151,672340498735;47
3247320;1;3;1;80;1;2; ; ; ;2; ;2; ;2; ;.; ; ;1;07;47;188,968371301314;47
3247321;1;2;1;80;1;2; ; ; ; ; ;2; ;2; ;.; ; ;1;07;47;227,716770734906;47
3247322;1;5;1;80;1;2; ; ; ; ; ;2; ;2; ;.; ; ;1;07;47;167,932295880537;47
3247324;1;2;1;80;1;2; ; ; ;2; ;2; ;2; ;.; ; ;1;07;47;295,57450222149;47
3247325;1;2;1;80;1;2; ; ; ;2; ;2; ;2; ;.; ; ;1;07;47;201,735922310153;47
3247328;1;2;1;80;1;1;4;4; ;2; ;2; ; ; ; ;9;2;1;07;47;126,981587062459;47
3247329;1;2;1;80;1;2; ; ; ;2; ;2; ;2; ;.; ; ;1;07;47;87,4483495145594;47
3247329;1;3;1;80;1;1;1;2; ;2; ;2; ; ; ; ;2;2;1;07;47;87,4483495145594;47
3247332;1;1;1;80;1;1;2;8; ;2; ;1;100000; ; ; ;1;2;1;07;18;120,841247430324;18
3247332;1;2;1;80;1;1;4;5; ;3; ;2; ; ; ; ;10;2;1;07;18;120,841247430324;18
3247334;1;2;1;80;1;1;3;3; ;2; ;2; ; ; ; ;9;2;1;07;18;95,116656187963;18
3247335;1;3;1;80;1;2; ; ; ;2; ;2; ;2; ;.; ; ;1;07;18;67,7733304628413;18
3247336;1;2;1;80;1;1;4;5; ;3; ;2; ; ; ; ;10;2;1;07;18;68,5009975497008;18
3247337;1;1;1;80;1;2; ; ; ;2; ;2; ;2; ;.; ; ;1;07;18;69,5065972424788;18
3247338;1;1;1;80;1;1;2;2; ;2; ;2; ; ; ; ;2;2;1;07;18;213,329870184968;18
3247339;1;1;1;80;1;2; ; ; ;2; ;2; ;2; ;.; ; ;1;07;18;140,325562089879;18
3247340;1;3;1;80;1;2; ; ; ;2; ;2; ;1;4; ;4; ;1;07;18;85,4934485584124;18
3247342;1;1;1;80;1;1;3;4; ;2; ;2; ; ; ; ;8;2;1;07;18;68,5009975497008;18
3247343;1;2;1;80;1;2; ; ; ;2; ;2; ;2; ;.; ; ;1;07;18;88,4671398984229;18
3247343;1;5;1;80;1;2; ; ; ; ; ;2; ;2; ;.; ; ;1;07;18;88,4671398984229;18
3247344;1;5;1;80;1;1;4;4; ;2; ;2; ; ; ; ;4;2;1;07;18;71,2751009132689;18
3247344;1;6;1;80;1;1;4;3; ;2; ;2; ; ; ; ;9;2;1;07;18;71,2751009132689;18
3247345;1;3;1;80;1;2; ; ; ; ; ;2; ;2; ;.; ; ;1;07;18;67,7733304628413;18
3247346;1;2;1;80;1;1;2;8; ;2; ;2; ; ; ; ;9;2;1;07;18;157,442705007695;18
3247346;1;5;1;80;1;2; ; ; ;2; ;2; ;2; ;.; ; ;1;07;18;157,442705007695;18
3247349;1;1;1;80;1;1;1;8; ;2; ;2; ; ; ; ;8;2;1;07;18;75,4843796481618;18
3247352;1;2;1;80;1;2; ; ; ;2; ;2; ;2; ;.; ; ;1;07;18;63,1296330749646;18
3247353;1;2;1;80;1;1;4;4; ;2; ;2; ; ; ; ;4;2;1;07;18;68,5009975497008;18
3247354;1;1;1;80;1;1;4;4; ;2; ;2; ; ; ; ;4;2;1;07;18;62,6517161643326;18
3247354;1;2;1;80;1;1;2;3; ;2; ;2; ; ; ; ;9;2;1;07;18;62,6517161643326;18
3247355;1;2;1;80;1;2; ; ; ; ; ;2; ;2; ;.; ; ;1;07;18;36,6429781198992;18
3247355;1;3;1;80;1;2; ; ; ; ; ;2; ;2; ;.; ; ;1;07;18;36,6429781198992;18
3247356;1;2;1;80;1;2; ; ; ; ; ;2; ;2; ;.; ; ;1;07;18;37,0558010267657;18
3247357;1;1;1;80;1;1;1;3; ;2; ;2; ; ; ; ;9;2;1;07;18;70,1627810449397;18
3247361;1;1;1;80;1;2; ; ; ;2; ;2; ;2; ;.; ; ;1;07;18;79,9767023728531;18
3247361;2;2;2;80;1;2; ; ; ; ; ;2; ;2; ;.; ; ;1;07;18;79,9767023728531;18
3247362;1;2;1;80;1;2; ; ; ;2; ;2; ;2; ;.; ; ;1;07;18;54,5713423297937;18
3247362;1;3;1;80;1;2; ; ; ;2; ;2; ;2; ;.; ; ;1;07;18;54,5713423297937;18
3247362;1;4;1;80;1;2; ; ; ;2; ;2; ;2; ;.; ; ;1;07;18;54,5713423297937;18
3247366;1;4;1;80;1;2; ; ; ;2; ;2; ;2; ;.; ; ;1;07;19;106,812882780142;19
3247366;1;5;1;80;1;2; ; ; ; ; ;2; ;2; ;.; ; ;1;07;19;106,812882780142;19
3247368;1;1;1;80;1;1;4;3; ;2; ;2; ; ; ; ;9;2;1;07;19;66,4572648311778;19
3247368;1;2;1;80;1;2; ; ; ; ; ;2; ;2; ;.; ; ;1;07;19;66,4572648311778;19
3247369;1;1;1;80;1;1;3;3; ;2; ;2; ; ; ; ;9;2;1;07;19;104,461821155637;19
3247370;1;3;1;80;1;2; ; ; ;2; ;2; ;2; ;.; ; ;1;07;15;79,3420669116423;15
3247370;1;4;1;80;1;2; ; ; ; ; ;2; ;2; ;.; ; ;1;07;15;79,3420669116423;15
3247374;2;2;2;80;1;1;1;8; ;2; ;2; ; ; ; ;2;2;1;07;15;104,810484657466;15
3247374;4;1;4;80;1;1;4;5; ;3; ;2; ; ; ; ;10;2;1;07;15;104,810484657466;15
3247377;1;4;1;80;1;2; ; ; ;2; ;2; ;2; ;.; ; ;1;07;15;89,2807417583948;15
3247377;1;5;1;80;1;2; ; ; ;2; ;2; ;2; ;.; ; ;1;07;15;89,2807417583948;15
3247379;1;1;1;80;1;2; ; ; ;2; ;2; ;2; ;.; ; ;1;07;15;104,045521272521;15
3247379;1;2;1;80;1;1;4;3; ;2; ;2; ; ; ; ;9;2;1;07;15;104,045521272521;15
3247380;1;2;1;80;1;1;1;9;EMBARAZO;2; ;2; ; ; ;EMBARAZO;12;2;1;07;15;102,268123186961;15
3247380;1;3;1;80;1;2; ; ; ; ; ;2; ;2; ;.; ; ;1;07;15;102,268123186961;15
3247381;1;3;1;80;1;2; ; ; ; ; ;2; ;2; ;.; ; ;1;07;15;104,849111924408;15
3247382;1;1;1;80;1;1;4;5; ;3; ;2; ; ; ; ;8;2;1;07;15;94,3786238068172;15
3247382;1;2;1;80;1;1;4;1; ;2; ;2; ; ; ; ;8;2;1;07;15;94,3786238068172;15
3247383;1;2;1;80;1;1;4;3; ;2; ;2; ; ; ; ;9;2;1;07;15;86,9915407726113;15
3247383;1;4;1;80;1;1;1;8; ;2; ;1;360000; ; ; ;9;2;1;07;15;86,9915407726113;15
3247385;1;2;1;80;1;1;4;5; ;3; ;2; ; ; ; ;10;2;1;07;15;94,3786238068172;15
3247386;1;1;1;80;1;1;4;9;EDAD;2; ;2; ; ; ; ;8;2;1;07;15;94,3786238068172;15
3247386;1;2;1;80;1;1;4;4; ;2; ;2; ; ; ; ;4;2;1;07;15;94,3786238068172;15
3247387;1;2;1;80;1;1;3;4; ;2; ;2; ; ; ; ;4;2;1;07;15;85,7819123202952;15
3247390;1;3;1;80;1;2; ; ; ;2; ;2; ;2; ;.; ; ;1;07;15;68,1452395362046;15
3247391;1;2;1;80;1;2; ; ; ; ; ;2; ;2; ;.; ; ;1;07;15;104,310504696083;15
3247391;1;3;1;80;1;2; ; ; ; ; ;2; ;2; ;.; ; ;1;07;15;104,310504696083;15
3247392;1;1;1;80;1;2; ; ; ;2; ;2; ;2; ;.; ; ;1;07;15;88,2920116737848;15
3247393;1;1;1;80;1;2; ; ; ;2; ;2; ;2; ;.; ; ;1;07;15;88,2920116737848;15
3247394;1;2;1;80;1;1;4;3; ;2; ;2; ; ; ; ;9;2;1;07;15;102,268123186961;15
3247394;1;3;1;80;1;2; ; ; ; ; ;2; ;2; ;.; ; ;1;07;15;102,268123186961;15
3247396;1;4;1;80;1;2; ; ; ; ; ;2; ;2; ;.; ; ;1;07;15;118,626928037293;15
3247397;1;2;1;80;1;1;4;3; ;2; ;2; ; ; ; ;9;2;1;07;15;90,5357914351396;15
3247397;1;3;1;80;1;1;1;2; ;2; ;2; ; ; ; ;2;2;1;07;15;90,5357914351396;15
3247397;1;4;1;80;1;2; ; ; ;2; ;2; ;2; ;.; ; ;1;07;15;90,5357914351396;15
3247399;1;2;1;80;1;2; ; ; ;2; ;2; ;2; ;.; ; ;1;07;15;70,434440521988;15
3247399;1;3;1;80;1;2; ; ; ;2; ;2; ;2; ;.; ; ;1;07;15;70,434440521988;15
3247401;1;2;1;80;1;2; ; ; ;2; ;2; ;2; ;.; ; ;1;07;41;107,450379161967;41
3247401;1;3;1;80;1;2; ; ; ; ; ;2; ;2; ;.; ; ;1;07;41;107,450379161967;41
3247402;1;1;1;80;1;2; ; ; ;2; ;2; ;2; ;.; ; ;1;07;41;142,481432764546;41
3247403;1;2;1;80;1;2; ; ; ; ; ;2; ;2; ;.; ; ;1;07;44;80,4714083465456;44
3247405;1;2;1;80;1;2; ; ; ;2; ;2; ;2; ;.; ; ;1;07;44;77,1420101019479;44
3247405;1;3;1;80;1;2; ; ; ;2; ;2; ;2; ;.; ; ;1;07;44;77,1420101019479;44
3247405;1;4;1;80;1;2; ; ; ; ; ;2; ;2; ;.; ; ;1;07;44;77,1420101019479;44
3247405;1;5;1;80;1;2; ; ; ; ; ;2; ;2; ;.; ; ;1;07;44;77,1420101019479;44
3247406;1;2;1;80;1;2; ; ; ; ; ;2; ;2; ;.; ; ;1;07;44;93,2183513743378;44
3247408;1;1;1;80;1;1;1;8; ;2; ;1;60000; ; ; ;8;2;1;07;44;95,7413748463427;44
3247408;1;3;1;80;1;2; ; ; ;2; ;2; ;2; ;.; ; ;1;07;44;95,7413748463427;44
3247409;1;2;1;80;1;1;3;4; ;2; ;2; ; ; ; ;4;2;1;07;44;58,1878104224167;44
3247410;1;1;1;80;1;2; ; ; ;2; ;2; ;2; ;.; ; ;1;07;44;96,8332459647901;44
3247413;1;5;1;80;1;2; ; ; ;2; ;2; ;2; ;.; ; ;1;07;44;61,7279196983505;44
3247414;1;2;1;80;1;2; ; ; ;2; ;2; ;2; ;.; ; ;1;07;44;69,5158843393384;44
3247415;1;2;1;80;1;2; ; ; ;2; ;2; ;2; ;.; ; ;1;07;44;55,0733278223784;44
3247416;1;4;1;80;1;2; ; ; ;2; ;2; ;2; ;.; ; ;1;07;44;51,4222058576577;44
3247417;1;1;1;80;1;2; ; ; ;2; ;2; ;2; ;.; ; ;1;07;44;77,9075913510468;44
3247417;1;3;1;80;1;1;2;4; ;2; ;2; ; ; ; ;4;2;1;07;44;77,9075913510468;44
3247417;1;4;1;80;1;2; ; ; ; ; ;2; ;2; ;.; ; ;1;07;44;77,9075913510468;44
3247418;1;2;1;80;1;1;1;3; ;2; ;2; ; ; ; ;9;2;1;07;44;60,9057839878135;44
3247423;1;2;1;80;1;1;4;8; ;2; ;2; ; ; ; ;9;2;1;07;68;518,44946195691;68
3247427;1;1;1;80;1;1;4;9;LOS HIJOS NO LA DEJARON TRABAJAR MAS;2; ;2; ; ; ;LOS HIJOS NO LA DEJARON;12;2;1;07;68;523,730849399091;68
3247428;1;1;1;80;1;1;4;9;LA EDAD;2; ;2; ; ; ; ;8;2;1;07;68;503,407379416491;68
3247428;1;2;1;80;1;1;4;3; ;2; ;2; ; ; ; ;9;2;1;07;68;503,407379416491;68
3247429;1;2;1;80;1;1;1;6; ;2; ;2; ; ; ; ;9;2;1;07;68;585,69380545918;68
3247431;1;1;1;80;1;1;4;4; ;2; ;2; ; ; ; ;4;2;1;07;68;475,627103376426;68
3247431;1;2;1;80;1;1;4;4; ;2; ;2; ; ; ; ;4;2;1;07;68;475,627103376426;68
3247435;1;1;1;80;1;1;4;4; ;3; ;2; ; ; ; ;4;2;1;07;68;547,712254646533;68
3247435;1;2;1;80;1;1;4;4; ;3; ;2; ; ; ; ;8;2;1;07;68;547,712254646533;68
3247435;1;3;1;80;1;2; ; ; ;2; ;2; ;2; ;.; ; ;1;07;68;547,712254646533;68
3247436;1;2;1;80;1;1;4;7; ;2; ;2; ; ; ; ;8;2;1;07;68;381,402718855013;68
3247437;1;5;1;80;1;2; ; ; ; ; ;2; ;2; ;.; ; ;1;07;68;425,69438972134;68
3247440;1;2;1;80;1;1;3;3; ;2; ;2; ; ; ; ;9;2;1;07;68;538,546072703016;68
3247441;1;4;1;80;1;1;1;2; ;2; ;2; ; ; ; ;2;2;1;07;68;425,502049760405;68
3247442;1;4;1;80;1;1;1;2; ; ; ;2; ; ; ; ;2;2;1;07;68;565,135412103366;68
3247444;1;2;1;80;1;1;4;6; ;2; ;2; ; ; ; ;6;2;1;07;63;83,1353863130135;63
3247444;1;3;1;80;1;1;1;8; ;2; ;1;200000; ; ; ;2;2;1;07;63;83,1353863130135;63
3247444;1;4;1;80;1;1;1;8; ;2; ;1;400000; ; ; ;2;2;1;07;63;83,1353863130135;63
3247446;1;2;1;80;1;1;4;4; ;2; ;2; ; ; ; ;4;2;1;07;63;135,909636784228;63
3247447;1;3;1;80;1;2; ; ; ;2; ;2; ;2; ;.; ; ;1;07;63;126,059416082827;63
3247447;1;4;1;80;1;2; ; ; ; ; ;2; ;2; ;.; ; ;1;07;63;126,059416082827;63
3247449;1;1;1;80;1;1;4;4; ;2; ;2; ; ; ; ;4;2;1;07;63;104,559281295955;63
3247451;1;2;1;80;1;1;4;1; ;2; ;2; ; ; ; ;6;2;1;07;63;185,579140194731;63
3247452;1;1;1;80;1;2; ; ; ;2; ;2; ;2; ;.; ; ;1;07;63;126,009531946939;63
3247452;1;2;1;80;1;2; ; ; ;2; ;2; ;2; ;.; ; ;1;07;63;126,009531946939;63
3247453;1;1;1;80;1;1;4;7; ;2; ;2; ; ; ; ;8;2;1;07;63;131,13341268487;63
3247453;1;2;1;80;1;1;4;5; ;3; ;2; ; ; ; ;10;2;1;07;63;131,13341268487;63
3247456;1;2;1;80;1;2; ; ; ; ; ;2; ;2; ;.; ; ;1;07;63;117,692832519918;63
3247459;1;1;1;80;1;2; ; ; ;2; ;2; ;2; ;.; ; ;1;07;63;175,806561557191;63
3247459;1;2;1;80;1;1;1;8; ;2; ;1;960000; ; ; ;11;2;1;07;63;175,806561557191;63
3247460;1;2;1;80;1;2; ; ; ;2; ;2; ;2; ;.; ; ;1;07;63;139,166611638747;63
3247462;1;3;1;80;1;2; ; ; ;2; ;2; ;2; ;.; ; ;1;07;63;192,856854704336;63
3247462;1;4;1;80;1;2; ; ; ;2; ;2; ;2; ;.; ; ;1;07;63;192,856854704336;63
3247463;1;2;1;80;1;2; ; ; ;2; ;2; ;2; ;.; ; ;1;07;63;174,767576639774;63
3247463;1;3;1;80;1;2; ; ; ;2; ;2; ;2; ;.; ; ;1;07;63;174,767576639774;63
3247463;1;5;1;80;1;2; ; ; ;2; ;2; ;2; ;.; ; ;1;07;63;174,767576639774;63
3247465;1;1;1;80;1;2; ; ; ;3; ;2; ;2; ;.; ; ;1;07;63;68,0891325071518;63
3247465;1;3;1;80;1;2; ; ; ; ; ;2; ;2; ;.; ; ;1;07;63;68,0891325071518;63
3247466;1;1;1;80;1;2; ; ; ;2; ;2; ;2; ;.; ; ;1;07;63;68,0891325071518;63
3247466;1;2;1;80;1;2; ; ; ;2; ;2; ;2; ;.; ; ;1;07;63;68,0891325071518;63
3247466;1;4;1;80;1;2; ; ; ;2; ;2; ;2; ;.; ; ;1;07;63;68,0891325071518;63
3247466;1;8;1;80;1;2; ; ; ;2; ;2; ;2; ;.; ; ;1;07;63;68,0891325071518;63
3247466;1;11;1;80;1;2; ; ; ;2; ;2; ;2; ;.; ; ;1;07;63;68,0891325071518;63
3247467;1;1;1;80;1;2; ; ; ;3; ;2; ;2; ;.; ; ;1;07;63;140,452402994904;63
3247468;1;2;1;80;1;2; ; ; ;2; ;2; ;2; ;.; ; ;1;07;63;200,380365175134;63
3247470;1;1;1;80;1;2; ; ; ;2; ;2; ;2; ;.; ; ;1;07;63;114,331859933495;63
3247471;1;2;1;80;1;1;1;3; ;2; ;2; ; ; ; ;9;2;1;07;63;160,744388489479;63
3247473;1;4;1;80;1;2; ; ; ; ; ;2; ;2; ;.; ; ;1;07;63;149,805298734774;63
3247474;1;2;1;80;1;1;4;4; ;3; ;2; ; ; ; ;4;2;1;07;63;138,15677099394;63
3247475;1;1;1;80;1;1;1;4; ;2; ;1;200000; ; ; ;4;2;1;07;63;81,42708485899;63
3247475;1;2;1;80;1;2; ; ; ;2; ;2; ;2; ;.; ; ;1;07;63;81,42708485899;63
3247475;1;3;1;80;1;1;1;9;POR VIAJE;2; ;2; ; ; ; ;1;2;1;07;63;81,42708485899;63
3247476;1;1;1;80;1;2; ; ; ;2; ;2; ;2; ;.; ; ;1;07;63;126,405686376764;63
3247477;1;2;1;80;1;1;4;3; ;2; ;2; ; ; ; ;9;2;1;07;63;131,13341268487;63
3247480;1;3;1;80;1;1;4;3; ;2; ;2; ; ; ; ;9;2;1;07;63;83,0855021771261;63
3247483;1;3;1;80;1;2; ; ; ;2; ;2; ;2; ;.; ; ;1;07;63;121,33168977472;63
3247484;1;2;1;80;1;2; ; ; ;2; ;2; ;2; ;.; ; ;1;07;63;135,782110584479;63
3247486;1;1;1;80;1;2; ; ; ;2; ;2; ;2; ;.; ; ;1;07;63;97,5359229868852;63
3247487;1;1;1;80;1;1;4;5; ;3; ;2; ; ; ; ;10;2;1;07;63;131,13341268487;63
3247487;1;2;1;80;1;1;4;5; ;3; ;2; ; ; ; ;10;2;1;07;63;131,13341268487;63
3247493;1;1;1;80;1;1;4;5; ;3; ;2; ; ; ; ;10;2;1;07;20;137,991250019299;20
3247493;1;2;1;80;1;2; ; ; ;2; ;2; ;2; ;.; ; ;1;07;20;137,991250019299;20
3247496;1;1;1;80;1;1;4;3; ;2; ;2; ; ; ; ;8;2;1;07;20;96,5094228508802;20
3247500;1;2;1;80;1;2; ; ; ;2; ;2; ;2; ;.; ; ;1;07;20;98,8462502191347;20
3247500;1;3;1;80;1;1;3;3; ;2; ;2; ; ; ; ;9;2;1;07;20;98,8462502191347;20
3247502;1;1;1;80;1;1;4;4; ;2; ;2; ; ; ; ;8;2;1;07;20;154,121601145762;20
3247518;1;4;1;80;1;2; ; ; ; ; ;2; ;2; ;.; ; ;1;07;20;167,764416395214;20
3247518;1;6;1;80;1;1;1;6; ;2; ;1;200000; ; ; ;3;2;1;07;20;167,764416395214;20
3247519;1;1;1;80;1;1;4;4; ;2; ;2; ; ; ; ;4;2;1;07;20;111,839373000021;20
3247520;1;3;1;80;1;2; ; ; ;2; ;2; ;1;1; ;2; ;1;07;20;126,868447343836;20
3247522;1;2;1;80;1;2; ; ; ; ; ;2; ;2; ;.; ; ;1;07;20;257,119903534468;20
3247524;1;2;1;80;1;1;4;4; ;2; ;2; ; ; ; ;4;2;1;07;20;147,685771293131;20
3247525;1;2;1;80;1;2; ; ; ;2; ;2; ;2; ;.; ; ;1;07;20;101,843975920863;20
3247527;1;3;1;80;1;2; ; ; ; ; ;2; ;2; ;.; ; ;1;07;20;126,070303668808;20
3247528;1;1;1;80;1;1;1;4; ;2; ;2; ; ; ; ;4;2;1;07;20;275,982500038599;20
3247529;1;2;1;80;1;1;3;3; ;2; ;2; ; ; ; ;9;2;1;07;20;146,400929748393;20
3247530;1;2;1;80;1;1;2;3; ;2; ;2; ; ; ; ;9;2;1;07;20;165,505369540698;20
3247531;1;2;1;80;1;1;3;3; ;2; ;2; ; ; ; ;9;2;1;07;20;151,101324096205;20
3247532;1;2;1;80;1;2; ; ; ; ; ;2; ;2; ;.; ; ;1;07;70;139,288084437456;70
3247533;1;5;1;80;1;2; ; ; ;2; ;2; ;1;4; ;8; ;1;07;70;69,8156619321984;70
3247535;1;1;1;80;1;2; ; ; ;2; ;2; ;2; ;.; ; ;1;07;70;94,3678367465505;70
3247540;1;1;1;80;1;1;3;2; ;2; ;2; ; ; ; ;2;2;1;07;76;615,144351687192;76
3247542;1;1;1;80;1;1;4;5; ;3; ;2; ; ; ; ;10;2;1;07;76;1966,84389907238;76
3247543;1;2;1;80;1;1;2;7; ;2; ;2; ; ; ; ;9;2;1;07;76;1014,21799816741;76
3247543;1;3;1;80;1;1;1;2; ;2; ;2; ; ; ; ;2;2;1;07;76;1014,21799816741;76
3247545;1;3;1;80;1;1;1;6; ;2; ;2; ; ; ; ;2;2;1;07;76;1180,57090376525;76
3247546;1;2;1;80;1;2; ; ; ;2; ;2; ;2; ;.; ; ;1;07;76;836,121163660571;76
3247547;1;2;1;80;1;1;1;7; ;2; ;2; ; ; ; ;11;2;1;07;76;911,659294979858;76
3247549;1;2;1;80;1;1;1;3; ;2; ;2; ; ; ; ;9;2;1;07;76;1040,7236123083;76
3247550;1;1;1;80;1;1;4;5; ;3; ;2; ; ; ; ;10;2;1;07;76;967,968008087026;76
3247550;1;2;1;80;1;1;4;4; ;2; ;2; ; ; ; ;4;2;1;07;76;967,968008087026;76
3247551;1;2;1;80;1;1;4;9;CAMBIO  DE  PAIS;2; ;2; ; ; ; ;8;2;1;07;76;872,524393242029;76
3247555;1;3;1;80;1;2; ; ; ;2; ;2; ;2; ;.; ; ;1;07;76;892,429876767739;76
3247558;1;2;1;80;1;1;1;7; ;2; ;2; ; ; ; ;9;2;1;07;76;907,883818216904;76
3247560;1;2;1;80;1;1;4;3; ;2; ;2; ; ; ; ;9;2;1;07;76;1120,55217811791;76
3247560;1;4;1;80;1;2; ; ; ;2; ;2; ;2; ;.; ; ;1;07;76;1120,55217811791;76
3247562;1;1;1;80;1;2; ; ; ;2; ;2; ;2; ;.; ; ;1;07;76;775,130469210741;76
3247562;1;2;1;80;1;1;4;5; ;3; ;2; ; ; ; ;10;2;1;07;76;775,130469210741;76
3247562;1;5;1;80;1;1;2;2; ;2; ;2; ; ; ; ;2;2;1;07;76;775,130469210741;76
3247562;1;6;1;80;1;2; ; ; ;2; ;2; ;2; ;.; ; ;1;07;76;775,130469210741;76
3247563;1;1;1;80;1;1;4;5; ;3; ;2; ; ; ; ;10;2;1;07;76;839,896640423525;76
3247563;1;2;1;80;1;1;4;5; ;3; ;2; ; ; ; ;10;2;1;07;76;839,896640423525;76
3247563;1;3;1;80;1;1;4;5; ;3; ;2; ; ; ; ;10;2;1;07;76;839,896640423525;76
3247566;1;3;1;80;1;2; ; ; ;2; ;2; ;2; ;.; ; ;1;07;08;648,343231718233;08
3247566;1;4;1;80;1;2; ; ; ; ; ;2; ;2; ;.; ; ;1;07;08;648,343231718233;08
3247567;1;2;1;80;1;1;1;9;CAMBIO  DE  CIUDAD;2; ;2; ; ; ;CAMBIO  DECIUDAD;12;2;1;07;08;571,613854198861;08
3247567;1;3;1;80;1;2; ; ; ;2; ;2; ;2; ;.; ; ;1;07;08;571,613854198861;08
3247567;1;4;1;80;1;2; ; ; ; ; ;2; ;2; ;.; ; ;1;07;08;571,613854198861;08
3247570;1;1;1;80;1;1;4;3; ;2; ;2; ; ; ; ;9;2;1;07;08;512,753636117577;08
3247572;1;1;1;80;1;1;4;5; ;3; ;2; ; ; ; ;10;2;1;07;08;441,33695308215;08
3247572;1;2;1;80;1;1;4;4; ;2; ;2; ; ; ; ;4;2;1;07;08;441,33695308215;08
3247572;1;3;1;80;1;2; ; ; ;2; ;2; ;2; ;.; ; ;1;07;08;441,33695308215;08
3247575;1;1;1;80;1;1;4;3; ;2; ;2; ; ; ; ;9;2;1;07;08;648,343231718233;08
3247575;1;2;1;80;1;2; ; ; ; ; ;2; ;2; ;.; ; ;1;07;08;648,343231718233;08
3247575;1;3;1;80;1;2; ; ; ; ; ;2; ;2; ;.; ; ;1;07;08;648,343231718233;08
3247578;1;2;1;80;1;2; ; ; ;2; ;2; ;2; ;.; ; ;1;07;08;769,313924705958;08
3247581;1;1;1;80;1;1;4;5; ;3; ;2; ; ; ; ;10;2;1;07;08;518,992804252012;08
3247584;1;1;1;80;1;1;4;4; ;2; ;2; ; ; ; ;4;2;1;07;76;911,659294979858;76
3247584;1;2;1;80;1;2; ; ; ;2; ;2; ;2; ;.; ; ;1;07;76;911,659294979858;76
3247585;1;2;1;80;1;2; ; ; ;2; ;2; ;2; ;.; ; ;1;07;76;837,886723760601;76
3247586;1;2;1;80;1;2; ; ; ; ; ;2; ;2; ;.; ; ;1;07;76;771,466826714902;76
3247589;1;1;1;80;1;1;4;5; ;3; ;2; ; ; ; ;10;2;1;07;73;225,264520203832;73
3247589;1;2;1;80;1;2; ; ; ;2; ;2; ;2; ;.; ; ;1;07;73;225,264520203832;73
3247592;1;1;1;80;1;1;4;7; ;2; ;2; ; ;4; ;8;1;1;07;73;413,6471109394;73
3247592;1;2;1;80;1;1;4;4; ;2; ;2; ; ; ; ;4;2;1;07;73;413,6471109394;73
3247594;1;2;1;80;1;1;4;3; ;2; ;2; ; ; ; ;9;2;1;07;73;349,601068061691;73
3247594;1;3;1;80;1;2; ; ; ;2; ;2; ;2; ;.; ; ;1;07;73;349,601068061691;73
3247595;1;2;1;80;1;2; ; ; ;2; ;2; ;1;2; ;2; ;1;07;73;248,763591598026;73
3247596;1;1;1;80;1;1;3;3; ;2; ;2; ; ; ; ;9;2;1;07;73;312,527887019206;73
3247599;1;2;1;80;1;2; ; ; ;2; ;2; ;2; ;.; ; ;1;07;73;194,756675375741;73
3247600;1;1;1;80;1;1;4;7; ;3; ;2; ; ; ; ;10;2;1;07;73;211,585457429922;73
3247600;1;2;1;80;1;1;4;3; ;2; ;2; ; ; ; ;9;2;1;07;73;211,585457429922;73
3247600;1;3;1;80;1;1;1;8; ;3; ;2; ; ; ; ;4;2;1;07;73;211,585457429922;73
3247601;1;2;1;80;1;1;1;8; ;2; ;2; ; ; ; ;9;2;1;07;73;253,948341832779;73
3247601;2;1;2;80;1;1;1;4; ;2; ;2; ; ; ; ;4;2;1;07;73;253,948341832779;73
3247602;1;2;1;80;1;2; ; ; ; ; ;2; ;2; ;.; ; ;1;07;73;207,637720179187;73
3247609;1;1;1;80;1;1;4;3; ;2; ;2; ; ; ; ;9;2;1;07;73;193,958657405276;73
3247609;1;3;1;80;1;2; ; ; ;2; ;2; ;2; ;.; ; ;1;07;73;193,958657405276;73
3247610;1;3;1;80;1;2; ; ; ; ; ;2; ;2; ;.; ; ;1;07;73;353,650040087606;73
3247611;1;1;1;80;1;2; ; ; ;2; ;2; ;2; ;.; ; ;1;07;73;252,459494569123;73
3247612;1;3;1;80;1;2; ; ; ;2; ;2; ;2; ;.; ; ;1;07;52;129,497781651868;52
3247612;1;4;1;80;1;2; ; ; ;2; ;2; ;2; ;.; ; ;1;07;52;129,497781651868;52
3247612;1;5;1;80;1;2; ; ; ;2; ;2; ;2; ;.; ; ;1;07;52;129,497781651868;52
3247613;1;2;1;80;1;2; ; ; ;2; ;2; ;2; ;.; ; ;1;07;52;134,970703920615;52
3247614;1;2;1;80;1;1;4;4; ;2; ;2; ; ; ; ;4;2;1;07;52;114,451258143812;52
3247615;1;2;1;80;1;1;4;3; ;2; ;2; ; ; ; ;9;2;1;07;52;182,522723817213;52
3247616;1;1;1;80;1;1;1;6; ;2; ;1;40000; ; ; ;8;2;1;07;52;144,085609514206;52
3247618;1;5;1;80;1;1;3;4; ;2; ;2; ; ; ; ;8;2;1;07;52;629,231729687887;52
3247618;1;7;1;80;1;2; ; ; ;2; ;2; ;2; ;.; ; ;1;07;52;629,231729687887;52
3247619;1;2;1;80;1;1;1;4; ;2; ;2; ; ; ; ;4;2;1;07;52;190,754079479379;52
3247619;1;4;1;80;1;2; ; ; ;2; ;2; ;2; ;.; ; ;1;07;52;190,754079479379;52
3247619;1;6;1;80;1;1;3;3; ;2; ;2; ; ; ; ;9;2;1;07;52;190,754079479379;52
3247619;1;9;1;80;1;1;4;4; ;2; ;2; ; ; ; ;4;2;1;07;52;190,754079479379;52
3247620;1;2;1;80;1;1;4;3; ;2; ;2; ; ; ; ;9;2;1;07;52;156,484444265609;52
3247620;1;3;1;80;1;2; ; ; ; ; ;2; ;2; ;.; ; ;1;07;52;156,484444265609;52
3247622;1;1;1;80;1;1;4;4; ;2; ;2; ; ; ; ;4;2;1;07;52;700,198578960682;52
3247622;1;5;1;80;1;2; ; ; ; ; ;2; ;2; ;.; ; ;1;07;52;700,198578960682;52
3247623;1;1;1;80;1;1;4;5; ;3; ;2; ; ; ; ;4;2;1;07;52;448,721414302633;52
3247624;1;1;1;80;1;1;4;5; ;3; ;2; ; ; ; ;4;2;1;07;52;469,002649729638;52
3247625;1;2;1;80;1;1;1;3; ;2; ;2; ; ; ; ;9;2;1;07;52;198,736174606441;52
3247628;1;3;1;80;1;2; ; ; ;2; ;2; ;2; ;.; ; ;1;07;52;310,207479750162;52
3247633;1;2;1;80;1;1;4;4; ;2; ;2; ; ; ; ;4;2;1;07;52;141,286205225608;52
3247634;1;1;1;80;1;1;4;4; ;2; ;2; ; ; ; ;4;2;1;07;52;80,2883310719139;52
3247634;1;2;1;80;1;1;4;4; ;2; ;2; ; ; ; ;4;2;1;07;52;80,2883310719139;52
3247641;1;1;1;80;1;1;4;5; ;3; ;2; ; ; ; ;10;2;1;07;52;158,25462037489;52
3247641;1;2;1;80;1;2; ; ; ;2; ;2; ;2; ;.; ; ;1;07;52;158,25462037489;52
3247644;1;1;1;80;1;2; ; ; ;2; ;2; ;2; ;.; ; ;1;07;52;171,594792504703;52
3247645;1;1;1;80;1;1;4;4; ;2; ;2; ; ; ; ;4;2;1;07;52;151,955322659555;52
3247646;1;2;1;80;1;1;1;3; ;2; ;2; ; ; ; ;9;2;1;07;05;941,803139491643;05
3247646;1;3;1;80;1;2; ; ; ; ; ;2; ;1;2;EN EL COLEGIO NO LE PERMITIERON;12; ;1;07;05;941,803139491643;05
3247648;1;4;1;80;1;1;4;3; ;2; ;2; ; ; ; ;4;2;1;07;05;798,310785690848;05
3247650;1;2;1;80;1;2; ; ; ;2; ;2; ;2; ;.; ; ;1;07;05;851,826780888595;05
3247651;1;1;1;80;1;1;3;7; ;2; ;2; ; ; ; ;4;2;1;07;05;1323,54083497152;05
3247653;1;1;1;80;1;1;4;7; ;2; ;2; ; ; ; ;9;2;1;07;05;990,580231547656;05
3247653;1;2;1;80;1;1;4;7; ;2; ;2; ; ; ; ;9;2;1;07;05;990,580231547656;05
3247653;1;3;1;80;1;1;4;5; ;3; ;2; ; ; ; ;10;2;1;07;05;990,580231547656;05
3247654;1;1;1;80;1;1;1;5; ;3; ;2; ; ; ; ;10;2;1;07;05;1045,43599630106;05
3247655;1;3;1;80;1;2; ; ; ;2; ;2; ;2; ;.; ; ;1;07;05;969,056877387624;05
3247655;1;4;1;80;1;2; ; ; ;2; ;2; ;2; ;.; ; ;1;07;05;969,056877387624;05
3247658;1;1;1;80;1;1;4;4; ;2; ;2; ; ; ; ;4;2;1;07;05;1045,43599630106;05
3247658;1;2;1;80;1;2; ; ; ;2; ;2; ;2; ;.; ; ;1;07;05;1045,43599630106;05
3247658;1;3;1;80;1;2; ; ; ;2; ;2; ;2; ;.; ; ;1;07;05;1045,43599630106;05
3247659;1;1;1;80;1;1;4;5; ;3; ;2; ; ; ; ;10;2;1;07;05;1143,58811776542;05
3247660;1;1;1;80;1;2; ; ; ;2; ;2; ;2; ;.; ; ;1;07;05;922,376875495523;05
3247662;1;1;1;80;1;1;4;5; ;3; ;2; ; ; ; ;10;2;1;07;05;991,562889198541;05
3247662;1;2;1;80;1;1;4;3; ;2; ;2; ; ; ; ;9;2;1;07;05;991,562889198541;05
3247662;1;3;1;80;1;1;2;9;PARA INDEPENDIZARSE;2; ;1;400000; ;1;PARA INDEPENDIZARSE;12;1;1;07;05;991,562889198541;05
3247663;1;2;1;80;1;1;2;3; ;2; ;2; ; ; ; ;9;2;1;07;05;969,056877387624;05
3247663;1;3;1;80;1;2; ; ; ;2; ;2; ;2; ;.; ; ;1;07;05;969,056877387624;05
3247663;1;4;1;80;1;2; ; ; ; ; ;2; ;2; ;.; ; ;1;07;05;969,056877387624;05
3247664;1;2;1;80;1;1;4;3; ;2; ;2; ; ; ; ;9;2;1;07;05;1096,31721483191;05
3247667;1;2;1;80;1;2; ; ; ; ; ;2; ;2; ;.; ; ;1;07;05;900,728697140049;05
3247669;1;4;1;80;1;2; ; ; ; ; ;2; ;2; ;.; ; ;1;07;05;853,166550444256;05
3247670;1;5;1;80;1;1;4;8; ;2; ;2; ; ; ; ;9;2;1;07;05;1007,80889253267;05
3247671;1;2;1;80;1;1;4;3; ;2; ;2; ; ; ; ;9;2;1;07;05;874,814728799729;05
3247671;1;3;1;80;1;2; ; ; ; ; ;2; ;2; ;.; ; ;1;07;05;874,814728799729;05
3247673;1;1;1;80;1;1;3;5; ;3; ;2; ; ; ; ;10;2;1;07;05;921,394217844639;05
3247675;1;3;1;80;1;2; ; ; ;2; ;2; ;2; ;.; ; ;1;07;76;630,486458869241;76
3247675;1;4;1;80;1;1;1;6; ;2; ;1;138000; ; ; ;2;2;1;07;76;630,486458869241;76
3247675;1;5;1;80;1;2; ; ; ; ; ;2; ;2; ;.; ; ;1;07;76;630,486458869241;76
3247677;1;1;1;80;1;1;3;4; ;2; ;2; ; ; ; ;4;2;1;07;76;719,800096487372;76
3247677;1;4;1;80;1;2; ; ; ;2; ;2; ;2; ;.; ; ;1;07;76;719,800096487372;76
3247677;1;9;1;80;1;2; ; ; ;2; ;2; ;2; ;.; ; ;1;07;76;719,800096487372;76
3247679;1;1;1;80;1;1;4;3; ;2; ;2; ; ; ; ;9;2;1;07;17;249,755197227447;17
3247679;1;3;1;80;1;1;1;8; ;2; ;1;220000; ; ;LIBRETA MILITAR;12;2;1;07;17;249,755197227447;17
3247679;1;4;1;80;1;1;2;8; ;2; ;2; ; ; ; ;9;2;1;07;17;249,755197227447;17
3247679;1;6;1;80;1;2; ; ; ;2; ;2; ;2; ;.; ; ;1;07;17;249,755197227447;17
3247680;1;1;1;80;1;1;4;3; ;2; ;2; ; ; ; ;9;2;1;07;17;116,600203217411;17
3247681;1;2;1;80;1;1;4;3; ;2; ;2; ; ; ; ;9;2;1;07;17;160,484238224528;17
3247682;1;1;1;80;1;1;2;5; ;3; ;2; ; ; ; ;10;2;1;07;17;165,433103515014;17
3247683;1;2;1;80;1;2; ; ; ; ; ;2; ;2; ;.; ; ;1;07;17;250,691923579031;17
3247685;1;1;1;80;1;1;4;5; ;3; ;2; ; ; ; ;10;2;1;07;17;167,954968387593;17
3247685;1;3;1;80;1;2; ; ; ; ; ;2; ;2; ;.; ; ;1;07;17;167,954968387593;17
3247689;1;3;1;80;1;1;1;2; ;2; ;2; ; ; ; ;2;2;1;07;17;171,772980614547;17
3247689;1;4;1;80;1;1;2;4; ;2; ;2; ; ; ; ;8;2;1;07;17;171,772980614547;17
3247692;1;3;1;80;1;2; ; ; ;2; ;2; ;2; ;.; ; ;1;07;17;129,030264574589;17
3247693;1;4;1;80;1;1;4;3; ;2; ;2; ; ; ; ;8;2;1;07;17;179,691709218064;17
3247694;1;4;1;80;1;2; ; ; ;2; ;2; ;2; ;.; ; ;1;07;17;209,577584180908;17
3247695;1;2;1;80;1;2; ; ; ;2; ;2; ;2; ;.; ; ;1;07;17;210,359414148002;17
3247696;1;1;1;80;1;2; ; ; ;2; ;2; ;2; ;.; ; ;1;07;17;93,5533515731853;17
3247696;1;2;1;80;1;1;4;4; ;2; ;2; ; ; ; ;4;2;1;07;17;93,5533515731853;17
3247696;1;5;1;80;1;1;4;7; ;2; ;2; ; ;4; ;8;1;1;07;17;93,5533515731853;17
3247699;1;3;1;80;1;1;2;2; ; ; ;2; ; ; ; ;2;2;1;07;17;172,099368545418;17
3247703;1;1;1;80;1;1;4;4; ;2; ;2; ; ; ; ;4;2;1;07;17;306,096670112788;17
3247703;1;4;1;80;1;2; ; ; ; ; ;2; ;2; ;.; ; ;1;07;17;306,096670112788;17
3247705;1;3;1;80;1;2; ; ; ;2; ;2; ;2; ;.; ; ;1;07;17;196,133909514145;17
3247706;1;2;1;80;1;1;2;3; ;2; ;2; ; ; ; ;8;2;1;07;17;174,709742858385;17
3247709;1;3;1;80;1;1;2;3; ;2; ;2; ; ; ; ;9;2;1;07;17;252,376222249756;17
3247711;1;4;1;80;1;2; ; ; ; ; ;2; ;2; ;.; ; ;1;07;17;162,191172060819;17
3247712;1;1;1;80;1;1;3;5; ;3; ;2; ; ; ; ;10;2;1;07;66;236,870318317413;66
3247713;1;2;1;80;1;1;1;9;CAMBIO DE CIUDAD (RESIDENCIA);2; ;2; ; ; ;CAMBIO DE RESIDENCIA;12;2;1;07;66;325,539821449373;66
3247714;1;1;1;80;1;1;4;3; ;2; ;2; ; ; ; ;9;2;1;07;66;260,998536343719;66
3247715;1;1;1;80;1;1;4;3; ;2; ;2; ; ; ; ;9;2;1;07;66;312,800445694489;66
3247715;2;2;2;80;1;1;3;3; ;2; ;2; ; ; ; ;9;2;1;07;66;312,800445694489;66
3247716;1;1;1;80;1;2; ; ; ;2; ;2; ;2; ;.; ; ;1;07;66;260,125493827414;66
3247716;1;2;1;80;1;2; ; ; ;2; ;2; ;2; ;.; ; ;1;07;66;260,125493827414;66
3247718;2;3;2;80;1;2; ; ; ;2; ;2; ;2; ;.; ; ;1;07;66;399,239173595653;66
3247719;1;2;1;80;1;2; ; ; ;2; ;2; ;2; ;.; ; ;1;07;66;263,721248524238;66
3247721;1;4;1;80;1;1;2;8; ;2; ;2; ; ; ; ;6;2;1;07;66;267,132175808647;66
3247722;1;1;1;80;1;2; ; ; ;2; ;2; ;2; ;.; ; ;1;07;66;324,929506602645;66
3247723;1;1;1;80;1;2; ; ; ;1;1;2; ;2; ;.; ; ;1;07;66;288,715923719178;66
3247723;1;2;1;80;1;2; ; ; ;2; ;2; ;2; ;.; ; ;1;07;66;288,715923719178;66
3247726;1;2;1;80;1;1;4;3; ;2; ;2; ; ; ; ;9;2;1;07;66;188,179068694221;66
3247728;1;2;1;80;1;1;4;5; ;3; ;2; ; ; ; ;10;2;1;07;66;188,179068694221;66
3247729;1;1;1;80;1;1;4;5; ;3; ;2; ; ; ; ;8;2;1;07;66;259,3962177551;66
3247730;1;1;1;80;1;1;4;5; ;3; ;2; ; ; ; ;10;2;1;07;66;227,764237146607;66
3247730;1;2;1;80;1;1;4;5; ;3; ;2; ; ; ; ;10;2;1;07;66;227,764237146607;66
3247730;1;4;1;80;1;2; ; ; ;2; ;2; ;2; ;.; ; ;1;07;66;227,764237146607;66
3247731;1;1;1;80;1;1;4;8; ;2; ;2; ; ; ; ;1;2;1;07;66;323,663808213888;66
3247732;1;1;1;80;1;1;3;4; ;3; ;2; ; ; ; ;4;2;1;07;66;293,178564768567;66
3247732;1;2;1;80;1;1;4;3; ;2; ;2; ; ; ; ;9;2;1;07;66;293,178564768567;66
3247734;1;1;1;80;1;1;4;4; ;2; ;2; ; ; ; ;4;2;1;07;66;288,10603805638;66
3247734;1;3;1;80;1;2; ; ; ;2; ;2; ;2; ;.; ; ;1;07;66;288,10603805638;66
3247736;1;1;1;80;1;1;4;3; ;2; ;2; ; ; ; ;9;2;1;07;66;292,014045941742;66
3247736;1;2;1;80;1;1;4;4; ;2; ;2; ; ; ; ;4;2;1;07;66;292,014045941742;66
3247737;1;1;1;80;1;1;4;7; ;2; ;2; ; ;3; ;4;1;1;07;66;260,38206533325;66
3247737;1;3;1;80;1;2; ; ; ; ; ;2; ;2; ;.; ; ;1;07;66;260,38206533325;66
3247740;1;1;1;80;1;1;4;5; ;2; ;2; ; ; ; ;10;2;1;07;66;257,912270921577;66
3247740;1;2;1;80;1;2; ; ; ;2; ;2; ;2; ;.; ; ;1;07;66;257,912270921577;66
3247741;1;3;1;80;1;2; ; ; ;2; ;2; ;2; ;.; ; ;1;07;66;345,024170170331;66
3247742;1;1;1;80;1;1;4;3; ;2; ;2; ; ; ; ;9;2;1;07;66;267,132175808647;66
3247742;1;3;1;80;1;2; ; ; ;2; ;2; ;2; ;.; ; ;1;07;66;267,132175808647;66
3247742;1;4;1;80;1;2; ; ; ;2; ;2; ;2; ;.; ; ;1;07;66;267,132175808647;66
3247743;1;1;1;80;1;2; ; ; ;2; ;2; ;2; ;.; ; ;1;07;66;386,418376502436;66
3247743;1;2;1;80;1;2; ; ; ;2; ;2; ;2; ;.; ; ;1;07;66;386,418376502436;66
3247743;1;4;1;80;1;2; ; ; ; ; ;2; ;2; ;.; ; ;1;07;66;386,418376502436;66
3247744;1;1;1;80;1;1;4;5; ;3; ;2; ; ; ; ;10;2;1;07;66;269,488146504056;66
3247745;1;1;1;80;1;1;4;4; ;2; ;2; ; ; ; ;11;2;1;07;66;236,870318317413;66
3247745;1;2;1;80;1;1;4;5; ;3; ;2; ; ; ; ;10;2;1;07;66;236,870318317413;66
3247747;1;1;1;80;1;2; ; ; ;2; ;2; ;2; ;.; ; ;1;07;66;241,154288118128;66
3247747;1;2;1;80;1;1;4;5; ;3; ;2; ; ; ; ;10;2;1;07;66;241,154288118128;66
3247748;1;3;1;80;1;2; ; ; ; ; ;2; ;2; ;.; ; ;1;07;66;298,764156417139;66
3247750;1;3;1;80;1;1;2;8; ;2; ;2; ; ; ; ;1;2;1;07;66;345,024170170331;66
3247751;1;1;1;80;1;1;4;8; ;2; ;2; ; ; ; ;4;2;1;07;66;265,204176703342;66
3247752;1;1;1;80;1;1;4;5; ;3; ;2; ; ; ; ;10;2;1;07;66;292,014045941742;66
3247753;1;2;1;80;1;1;9;3; ;2; ;2; ; ; ; ;9;2;1;07;66;400,111197457539;66
3247753;1;5;1;80;1;1;1;4; ;2; ;2; ; ; ; ;1;2;1;07;66;400,111197457539;66
3247754;1;1;1;80;1;1;4;8; ;2; ;2; ; ; ; ;1;2;1;07;66;286,503719467761;66
3247754;1;2;1;80;1;2; ; ; ;2; ;2; ;2; ;.; ; ;1;07;66;286,503719467761;66
3247754;1;3;1;80;1;1;4;8; ;2; ;2; ; ; ; ;1;2;1;07;66;286,503719467761;66
3247755;1;2;1;80;1;2; ; ; ;2; ;2; ;2; ;.; ; ;1;07;66;261,564725955523;66
3247756;1;2;1;80;1;1;3;8; ;2; ;2; ; ; ; ;2;2;1;07;27;20,9929105947231;27
3247756;1;3;1;80;1;1;1;2; ;2; ;2; ; ; ; ;2;2;1;07;27;20,9929105947231;27
3247757;1;2;1;80;1;1;1;8; ;2; ;2; ; ; ; ;9;2;1;07;27;20,9929105947231;27
3247759;1;2;1;80;1;2; ; ; ; ; ;2; ;2; ;.; ; ;1;07;27;20,9929105947231;27
3247759;1;4;1;80;1;2; ; ; ;2; ;2; ;1;3; ;2; ;1;07;27;20,9929105947231;27
3247760;1;1;1;80;1;1;3;2; ;2; ;2; ; ; ; ;2;2;1;07;27;72,9980527182814;27
3247760;1;5;1;80;1;1;2;2; ;2; ;2; ; ; ; ;2;2;1;07;27;72,9980527182814;27
3247760;1;8;1;80;1;2; ; ; ;2; ;2; ;2; ;.; ; ;1;07;27;72,9980527182814;27
3247762;1;2;1;80;1;2; ; ; ;2; ;2; ;2; ;.; ; ;1;07;27;104,964552973615;27
3247763;1;3;1;80;1;2; ; ; ;2; ;2; ;2; ;.; ; ;1;07;27;20,9929105947231;27
3247763;1;5;1;80;1;1;4;1; ;2; ;2; ; ;4; ;8;1;1;07;27;20,9929105947231;27
3247764;1;1;1;80;1;1;1;3; ;2; ;2; ; ; ; ;9;2;1;07;27;20,9929105947231;27
3247764;1;2;1;80;1;2; ; ; ; ; ;2; ;2; ;.; ; ;1;07;27;20,9929105947231;27
3247764;1;5;1;80;1;2; ; ; ;2; ;2; ;2; ;.; ; ;1;07;27;20,9929105947231;27
3247765;1;2;1;80;1;2; ; ; ;2; ;2; ;2; ;.; ; ;1;07;27;20,9929105947231;27
3247767;1;1;1;80;1;1;2;2; ;2; ;2; ; ; ; ;2;2;1;07;27;104,964552973615;27
3247770;1;1;1;80;1;1;4;5; ;3; ;2; ; ; ; ;10;2;1;07;47;157,591679466431;47
3247770;1;4;1;80;1;2; ; ; ;2; ;2; ;2; ;.; ; ;1;07;47;157,591679466431;47
3247770;1;6;1;80;1;2; ; ; ;2; ;2; ;2; ;.; ; ;1;07;47;157,591679466431;47
3247773;1;1;1;80;1;1;4;4; ;2; ;2; ; ; ; ;8;2;1;07;47;87,4483495145594;47
3247773;1;5;1;80;1;2; ; ; ;2; ;2; ;2; ;.; ; ;1;07;47;87,4483495145594;47
3247773;1;6;1;80;1;1;2;8; ;2; ;2; ; ; ; ;9;2;1;07;47;87,4483495145594;47
3247773;1;8;1;80;1;2; ; ; ; ; ;2; ;2; ;.; ; ;1;07;47;87,4483495145594;47
3247773;1;11;1;80;1;1;3;3; ;2; ;2; ; ; ; ;9;2;1;07;47;87,4483495145594;47
3247774;1;2;1;80;1;1;1;8; ;2; ;2; ; ; ; ;9;2;1;07;47;175,793262806696;47
3247775;1;2;1;80;1;1;4;8; ;2; ;2; ; ; ; ;8;2;1;07;47;200,177622763916;47
3247778;1;3;1;80;1;2; ; ; ;2; ;2; ;2; ;.; ; ;1;07;47;349,793398058238;47
3247778;1;10;1;80;1;2; ; ; ;2; ;2; ;2; ;.; ; ;1;07;47;349,793398058238;47
3247778;1;12;1;80;1;2; ; ; ;2; ;2; ;2; ;.; ; ;1;07;47;349,793398058238;47
3247778;1;13;1;80;1;2; ; ; ;2; ;2; ;2; ;.; ; ;1;07;47;349,793398058238;47
3247779;1;2;1;80;1;1;3;3; ;2; ;2; ; ; ; ;9;2;1;07;47;288,12109278111;47
3247779;1;3;1;80;1;1;2;8; ;2; ;2; ; ; ; ;6;2;1;07;47;288,12109278111;47
3247779;1;5;1;80;1;2; ; ; ;2; ;2; ;2; ;.; ; ;1;07;47;288,12109278111;47
3247779;1;6;1;80;1;2; ; ; ; ; ;2; ;2; ;.; ; ;1;07;47;288,12109278111;47
3247780;1;2;1;80;1;2; ; ; ;2; ;2; ;2; ;.; ; ;1;07;47;164,847448993353;47
3247780;1;3;1;80;1;2; ; ; ;2; ;2; ;2; ;.; ; ;1;07;47;164,847448993353;47
3247784;1;1;1;80;1;2; ; ; ;2; ;2; ;2; ;.; ; ;1;07;47;199,963773273484;47
3247784;1;4;1;80;1;2; ; ; ;2; ;2; ;2; ;.; ; ;1;07;47;199,963773273484;47
3247784;1;5;1;80;1;2; ; ; ; ; ;2; ;2; ;.; ; ;1;07;47;199,963773273484;47
3247785;1;7;1;80;1;1;4;5; ;3; ;2; ; ; ; ;10;2;1;07;47;180,458068669862;47
3247785;1;8;1;80;1;1;4;4; ;2; ;2; ; ; ; ;8;2;1;07;47;180,458068669862;47
3247786;1;2;1;80;1;1;4;3; ;2; ;2; ; ; ; ;9;2;1;07;47;301,941211939813;47
3247787;1;1;1;80;1;1;1;6; ;2; ;2; ; ; ; ;8;2;1;07;47;95,7463880267465;47
3247787;1;2;1;80;1;1;2;8; ;2; ;2; ; ; ; ;9;2;1;07;47;95,7463880267465;47
3247788;1;3;1;80;1;2; ; ; ;2; ;2; ;2; ;.; ; ;1;07;47;217,754099472442;47
3247789;1;2;1;80;1;1;3;6; ;2; ;2; ; ; ; ;9;2;1;07;47;214,870143053783;47
3247789;2;2;2;80;1;2; ; ; ;2; ;2; ;2; ;.; ; ;1;07;47;214,870143053783;47
3247791;1;1;1;80;1;1;1;9;SE LE TERMINO EL CAPITAL;2; ;2; ; ; ; ;8;2;1;07;47;146,73244442639;47
3247791;1;3;1;80;1;1;1;4; ;2; ;2; ; ; ; ;4;2;1;07;47;146,73244442639;47
3247791;1;5;1;80;1;2; ; ; ; ; ;2; ;2; ;.; ; ;1;07;47;146,73244442639;47
3247792;1;3;1;80;1;1;3;2; ;2; ;2; ; ; ; ;2;2;1;07;47;160,427795890496;47
3247796;1;3;1;80;1;2; ; ; ; ; ;2; ;2; ;.; ; ;1;07;47;188,968371301314;47
3247797;1;1;1;80;1;1;1;4; ;2; ;2; ; ; ; ;4;2;1;07;47;140,896180476227;47
3247797;1;6;1;80;1;1;2;6; ;2; ;2; ; ; ; ;1;2;1;07;47;140,896180476227;47
3247797;2;2;2;80;1;1;2;3; ;2; ;2; ; ; ; ;9;2;1;07;47;140,896180476227;47
3247798;1;3;1;80;1;2; ; ; ;2; ;2; ;2; ;.; ; ;1;07;76;716,018048567821;76
3247803;1;4;1;80;1;2; ; ; ;2; ;2; ;2; ;.; ; ;1;07;76;499,437945492679;76
3247803;1;5;1;80;1;2; ; ; ;2; ;2; ;2; ;.; ; ;1;07;76;499,437945492679;76
3247804;1;2;1;80;1;1;4;7; ;2; ;2; ; ; ; ;9;2;1;07;76;805,21328076224;76
3247804;3;1;3;80;1;1;4;8; ;2; ;2; ; ; ; ;8;2;1;07;76;805,21328076224;76
3247807;1;5;1;80;1;2; ; ; ; ; ;2; ;2; ;.; ; ;1;07;76;848,857842659218;76
3247808;1;2;1;80;1;1;3;3; ;2; ;2; ; ;1; ;9;1;1;07;76;974,303715262603;76
3247809;1;6;1;80;1;1;1;8; ;2; ;2; ; ; ; ;2;2;1;07;15;71,1054617459795;15
3247809;1;7;1;80;1;2; ; ; ;2; ;2; ;2; ;.; ; ;1;07;15;71,1054617459795;15
3247810;1;1;1;80;1;1;4;4; ;2; ;2; ; ; ; ;4;2;1;07;15;107,816128091669;15
3247810;1;2;1;80;1;2; ; ; ;2; ;2; ;2; ;.; ; ;1;07;15;107,816128091669;15
3247810;1;4;1;80;1;2; ; ; ;2; ;2; ;2; ;.; ; ;1;07;15;107,816128091669;15
3247813;1;2;1;80;1;1;2;8; ;2; ;2; ; ; ; ;9;2;1;07;15;129,030728131613;15
3247817;1;1;1;80;1;1;4;5; ;3; ;2; ; ; ; ;10;2;1;07;15;91,8685244533276;15
3247817;1;2;1;80;1;2; ; ; ;2; ;2; ;2; ;.; ; ;1;07;15;91,8685244533276;15
3247818;1;2;1;80;1;2; ; ; ;2; ;2; ;2; ;.; ; ;1;07;15;90,5357914351396;15
3247818;1;3;1;80;1;2; ; ; ;2; ;2; ;2; ;.; ; ;1;07;15;90,5357914351396;15
3247818;1;4;1;80;1;2; ; ; ; ; ;2; ;2; ;.; ; ;1;07;15;90,5357914351396;15
3247819;1;1;1;80;1;1;2;3; ;2; ;2; ; ;1; ;9;1;1;07;15;90,1565579628112;15
3247820;1;1;1;80;1;1;4;5; ;3; ;2; ; ; ; ;8;2;1;07;15;94,3786238068172;15
3247820;1;2;1;80;1;1;4;6; ;2; ;2; ; ; ; ;11;2;1;07;15;94,3786238068172;15
3247821;1;1;1;80;1;1;2;5; ;2; ;2; ; ; ; ;9;2;1;07;15;79,8295606066429;15
3247821;1;2;1;80;1;2; ; ; ;2; ;2; ;2; ;.; ; ;1;07;15;79,8295606066429;15
3247821;1;3;1;80;1;1;2;5; ;3; ;2; ; ; ; ;10;2;1;07;15;79,8295606066429;15
3247821;1;4;1;80;1;2; ; ; ;2; ;2; ;2; ;.; ; ;1;07;15;79,8295606066429;15
3247823;1;1;1;80;1;1;3;5; ;3; ;2; ; ; ; ;10;2;1;07;15;114,479974719969;15
3247823;1;2;1;80;1;1;4;3; ;2; ;2; ; ; ; ;9;2;1;07;15;114,479974719969;15
3247824;1;3;1;80;1;1;1;2; ;2; ;2; ; ; ; ;2;2;1;07;15;101,729515958637;15
3247824;1;4;1;80;1;2; ; ; ;2; ;2; ;2; ;.; ; ;1;07;15;101,729515958637;15
3247825;1;3;1;80;1;2; ; ; ; ; ;2; ;2; ;.; ; ;1;07;15;98,5255771241409;15
3247826;1;3;1;80;1;1;2;8; ;2; ;2; ; ; ; ;6;2;1;07;15;82,2016269876239;15
3247827;1;1;1;80;1;1;2;4; ;2; ;2; ; ; ; ;4;2;1;07;15;110,257908875963;15
3247829;1;1;1;80;1;1;3;4; ;2; ;2; ; ; ; ;8;2;1;07;15;97,9589091394885;15
3247829;1;2;1;80;1;2; ; ; ; ; ;2; ;2; ;.; ; ;1;07;15;97,9589091394885;15
3247831;1;2;1;80;1;1;4;7; ;2; ;2; ; ;4; ;5;1;1;07;15;61,9839654660867;15
3247831;1;3;1;80;1;2; ; ; ;2; ;2; ;2; ;.; ; ;1;07;15;61,9839654660867;15
3247834;1;3;1;80;1;1;1;3; ;2; ;2; ; ; ; ;9;2;1;07;70;89,6507276406947;70
3247836;1;2;1;80;1;2; ; ; ;2; ;2; ;2; ;.; ; ;1;07;70;102,565653806508;70
3247836;1;3;1;80;1;2; ; ; ;2; ;2; ;2; ;.; ; ;1;07;70;102,565653806508;70
3247836;1;4;1;80;1;2; ; ; ;2; ;2; ;2; ;.; ; ;1;07;70;102,565653806508;70
3247838;1;1;1;80;1;1;3;4; ;2; ;2; ; ; ; ;4;2;1;07;70;135,074464875828;70
3247838;1;2;1;80;1;1;4;4; ;2; ;2; ; ; ; ;7;2;1;07;70;135,074464875828;70
3247842;1;3;1;80;1;2; ; ; ; ; ;2; ;2; ;.; ; ;1;07;70;95,3023394948989;70
3247843;1;2;1;80;1;1;4;4; ;2; ;2; ; ; ; ;4;2;1;07;70;130,001586409404;70
3247847;1;3;1;80;1;2; ; ; ;2; ;2; ;2; ;.; ; ;1;07;70;153,406004124146;70
3247849;1;1;1;80;1;1;3;5; ;3; ;2; ; ; ; ;10;2;1;07;70;103,706965442014;70
3247850;1;2;1;80;1;1;4;3; ;2; ;2; ; ; ; ;9;2;1;07;70;111,685285231403;70
3247854;1;3;1;80;1;2; ; ; ;2; ;2; ;2; ;.; ; ;1;07;70;105,246454990125;70
3247857;1;1;1;80;1;1;4;6; ;2; ;2; ; ; ; ;4;2;1;07;54;431,38974937944;54
3247860;1;1;1;80;1;1;4;6; ;2; ;2; ; ; ; ;4;2;1;07;54;389,216424759308;54
3247865;1;1;1;80;1;1;3;6; ;2; ;2; ; ; ; ;9;2;1;07;54;405,757199115228;54
3247866;1;1;1;80;1;1;4;8; ;2; ;2; ; ; ; ;9;2;1;07;54;342,056149199741;54
3247867;1;2;1;80;1;1;4;3; ;2; ;2; ; ; ; ;9;2;1;07;54;392,24842494566;54
3247867;1;4;1;80;1;1;4;3; ;2; ;2; ; ; ; ;9;2;1;07;54;392,24842494566;54
3247868;1;3;1;80;1;2; ; ; ; ; ;2; ;2; ;.; ; ;1;07;54;475,534730814772;54
3247868;1;4;1;80;1;2; ; ; ; ; ;2; ;2; ;.; ; ;1;07;54;475,534730814772;54
3247868;1;5;1;80;1;2; ; ; ; ; ;2; ;2; ;.; ; ;1;07;54;475,534730814772;54
3247869;1;3;1;80;1;1;1;9;FALLECIO LA PERSONA A  LA CUAL LE PRESTABA SUS SERVICIOS;2; ;2; ; ; ; ;4;2;1;07;54;415,41374834551;54
3247871;1;1;1;80;1;1;3;4; ;2; ;2; ; ; ; ;4;2;1;07;54;290,28817656697;54
3247871;1;3;1;80;1;2; ; ; ; ; ;2; ;2; ;.; ; ;1;07;54;290,28817656697;54
3247873;1;1;1;80;1;1;4;4; ;2; ;2; ; ; ; ;8;2;1;07;54;338,336861370362;54
3247877;1;1;1;80;1;1;1;3; ;2; ;2; ; ; ; ;9;2;1;07;54;386,777252890537;54
3247878;1;2;1;80;1;1;2;8; ;2; ;2; ; ; ; ;7;2;1;07;54;436,969528636456;54
3247878;1;4;1;80;1;1;4;4; ;2; ;2; ; ; ; ;8;2;1;07;54;436,969528636456;54
3247878;1;5;1;80;1;1;1;4; ;2; ;1;600000; ; ; ;4;2;1;07;54;436,969528636456;54
3247879;1;2;1;80;1;1;4;3; ;2; ;2; ; ; ; ;8;2;1;07;54;337,521577436785;54
3247880;1;2;1;80;1;1;1;3; ;2; ;2; ; ; ; ;9;2;1;07;54;495,742408096465;54
3247881;1;8;1;80;1;2; ; ; ; ; ;2; ;2; ;.; ; ;1;07;54;442,938619442801;54
3247883;1;2;1;80;1;1;1;6; ;2; ;2; ; ; ; ;1;2;1;07;54;347,635928456757;54
3247884;1;1;1;80;1;1;4;3; ;2; ;2; ; ; ; ;9;2;1;07;54;389,216424759308;54
3247885;1;1;1;80;1;1;4;9;POR LA EDAD;2; ;2; ; ; ; ;8;2;1;07;54;389,216424759308;54
3247886;1;3;1;80;1;1;1;6; ;2; ;2; ; ; ; ;1;2;1;07;54;484,962541155812;54
3247886;1;4;1;80;1;2; ; ; ;2; ;2; ;2; ;.; ; ;1;07;54;484,962541155812;54
3247887;1;2;1;80;1;1;1;2; ;2; ;2; ; ;1; ;2;1;1;07;54;336,699263265867;54
3247887;1;3;1;80;1;2; ; ; ; ; ;2; ;2; ;.; ; ;1;07;54;336,699263265867;54
3247888;1;1;1;80;1;2; ; ; ;2; ;2; ;2; ;.; ; ;1;07;54;453,739788845713;54
3247888;1;2;1;80;1;1;4;7; ;3; ;2; ; ; ; ;8;2;1;07;54;453,739788845713;54
3247889;1;1;1;80;1;1;4;5; ;3; ;2; ; ; ; ;11;2;1;07;54;456,837884104971;54
3247889;1;4;1;80;1;2; ; ; ;2; ;2; ;2; ;.; ; ;1;07;54;456,837884104971;54
3247891;1;1;1;80;1;1;4;3; ;2; ;2; ; ; ; ;8;2;1;07;54;413,776150241015;54
3247891;1;3;1;80;1;2; ; ; ;2; ;2; ;2; ;.; ; ;1;07;54;413,776150241015;54
3247892;1;5;1;80;1;2; ; ; ; ; ;2; ;2; ;.; ; ;1;07;54;331,388676404597;54
3247893;1;3;1;80;1;2; ; ; ;2; ;2; ;2; ;.; ; ;1;07;54;381,074959312483;54
3247893;1;4;1;80;1;2; ; ; ; ; ;2; ;2; ;.; ; ;1;07;54;381,074959312483;54
3247893;1;6;1;80;1;1;4;3; ;2; ;2; ; ; ; ;8;2;1;07;54;381,074959312483;54
3247894;1;4;1;80;1;1;1;3; ;2; ;2; ; ; ; ;9;2;1;07;54;433,407705267243;54
3247896;1;2;1;80;1;1;4;3; ;2; ;2; ; ; ; ;9;2;1;07;54;473,671681201466;54
3247897;1;3;1;80;1;1;1;8; ;2; ;2; ; ; ; ;8;2;1;07;54;422,129160077506;54
3247897;1;4;1;80;1;2; ; ; ; ; ;2; ;2; ;.; ; ;1;07;54;422,129160077506;54
3247897;1;5;1;80;1;2; ; ; ; ; ;2; ;2; ;.; ; ;1;07;54;422,129160077506;54
3247900;1;1;1;80;1;1;3;3; ;2; ;2; ; ; ; ;9;2;1;07;54;402,926320529673;54
3247900;1;3;1;80;1;1;1;8; ;2; ;2; ; ; ; ;8;2;1;07;54;402,926320529673;54
3247901;1;2;1;80;1;1;4;4; ;2; ;2; ; ; ; ;4;2;1;07;54;476,110853070237;54
3247902;1;3;1;80;1;1;4;7; ;2; ;2; ; ; ; ;9;2;1;07;54;415,41374834551;54
3247903;1;2;1;80;1;1;2;4; ;2; ;2; ; ; ; ;4;2;1;07;54;426,92127268939;54
3247904;1;1;1;80;1;1;1;4; ;2; ;2; ; ; ; ;4;2;1;07;44;99,3110200939643;44
3247904;1;11;1;80;1;1;4;4; ;2; ;2; ; ; ; ;8;2;1;07;44;99,3110200939643;44
3247905;1;1;1;80;1;1;1;8; ;2; ;2; ; ;1; ;1;1;1;07;44;59,8834239115846;44
3247906;1;3;1;80;1;2; ; ; ;2; ;2; ;1;3; ;9; ;1;07;44;60,9500112383687;44
3247907;1;1;1;80;1;1;3;4; ;2; ;2; ; ; ; ;4;2;1;07;44;76,2000121869985;44
3247907;1;2;1;80;1;2; ; ; ;2; ;2; ;2; ;.; ; ;1;07;44;76,2000121869985;44
3247907;1;3;1;80;1;2; ; ; ;2; ;2; ;2; ;.; ; ;1;07;44;76,2000121869985;44
3247907;1;6;1;80;1;2; ; ; ; ; ;2; ;2; ;.; ; ;1;07;44;76,2000121869985;44
3247908;1;2;1;80;1;1;4;3; ;2; ;2; ; ; ; ;9;2;1;07;44;73,4290594034891;44
3247908;1;3;1;80;1;2; ; ; ; ; ;2; ;2; ;.; ; ;1;07;44;73,4290594034891;44
3247913;1;1;1;80;1;2; ; ; ;2; ;2; ;2; ;.; ; ;1;07;44;147,900378072682;44
3247914;1;1;1;80;1;2; ; ; ;2; ;2; ;2; ;.; ; ;1;07;44;73,4697425970944;44
3247915;1;1;1;80;1;2; ; ; ;2; ;2; ;1;4; ;10; ;1;07;20;69,3958254983106;20
3247915;1;3;1;80;1;2; ; ; ;2; ;2; ;2; ;.; ; ;1;07;20;69,3958254983106;20
3247915;1;4;1;80;1;2; ; ; ;2; ;2; ;2; ;.; ; ;1;07;20;69,3958254983106;20
3247915;1;5;1;80;1;2; ; ; ;2; ;2; ;2; ;.; ; ;1;07;20;69,3958254983106;20
3247915;1;6;1;80;1;2; ; ; ; ; ;2; ;2; ;.; ; ;1;07;20;69,3958254983106;20
3247918;1;2;1;80;1;1;4;4; ;2; ;2; ; ;2; ;2;1;1;07;20;165,928897548362;20
3247921;1;3;1;80;1;2; ; ; ;2; ;2; ;2; ;.; ; ;1;07;20;161,721750074685;20
3247923;1;1;1;80;1;1;4;4; ;2; ;2; ; ; ; ;8;2;1;07;20;109,610690621068;20
3247923;1;3;1;80;1;2; ; ; ;2; ;2; ;2; ;.; ; ;1;07;20;109,610690621068;20
3247923;1;4;1;80;1;2; ; ; ;2; ;2; ;2; ;.; ; ;1;07;20;109,610690621068;20
3247924;1;2;1;80;1;1;1;2; ;2; ;2; ; ; ; ;2;2;1;07;20;118,648250774471;20
3247924;2;1;2;80;1;1;3;4; ;2; ;2; ; ; ; ;8;2;1;07;20;118,648250774471;20
3247924;2;2;2;80;1;2; ; ; ;2; ;2; ;2; ;.; ; ;1;07;20;118,648250774471;20
3247924;2;3;2;80;1;1;4;4; ;2; ;2; ; ; ; ;4;2;1;07;20;118,648250774471;20
3247925;1;1;1;80;1;1;4;3; ;2; ;2; ; ; ; ;9;2;1;07;20;93,4825967968994;20
3247925;1;4;1;80;1;2; ; ; ; ; ;2; ;2; ;.; ; ;1;07;20;93,4825967968994;20
3247927;1;5;1;80;1;2; ; ; ;2; ;2; ;2; ;.; ; ;1;07;20;113,673823671292;20
3247927;1;6;1;80;1;2; ; ; ; ; ;2; ;2; ;.; ; ;1;07;20;113,673823671292;20
3247928;1;3;1;80;1;2; ; ; ; ; ;2; ;2; ;.; ; ;1;07;20;69,3958254983106;20
3247931;1;1;1;80;1;2; ; ; ;2; ;2; ;2; ;.; ; ;1;07;20;89,288870848201;20
3247932;1;2;1;80;1;1;1;8; ;2; ;2; ; ; ; ;9;2;1;07;20;165,47852649074;20
3247933;1;3;1;80;1;2; ; ; ;2; ;2; ;2; ;.; ; ;1;07;20;155,295050044904;20
3247933;1;4;1;80;1;2; ; ; ; ; ;2; ;2; ;.; ; ;1;07;20;155,295050044904;20
3247934;1;4;1;80;1;2; ; ; ;2; ;2; ;2; ;.; ; ;1;07;20;191,344353022722;20
3247934;1;6;1;80;1;2; ; ; ;2; ;2; ;2; ;.; ; ;1;07;20;191,344353022722;20
3247934;1;10;1;80;1;2; ; ; ;2; ;2; ;2; ;.; ; ;1;07;20;191,344353022722;20
3247935;1;2;1;80;1;1;1;8; ;2; ;2; ; ; ; ;9;2;1;07;20;328,44105599192;20
3247936;1;1;1;80;1;1;4;5; ;3; ;2; ; ; ; ;10;2;1;07;20;280,903595530946;20
3247936;1;2;1;80;1;2; ; ; ;2; ;2; ;2; ;.; ; ;1;07;20;280,903595530946;20
3247937;1;2;1;80;1;2; ; ; ; ; ;2; ;2; ;.; ; ;1;07;20;257,093060484511;20
3247939;1;3;1;80;1;2; ; ; ; ; ;2; ;2; ;.; ; ;1;07;20;123,843878592149;20
3247939;1;4;1;80;1;2; ; ; ; ; ;2; ;2; ;.; ; ;1;07;20;123,843878592149;20
3247940;1;1;1;80;1;1;4;3; ;2; ;2; ; ; ; ;9;2;1;07;20;182,044098101451;20
3247940;1;2;1;80;1;1;4;5; ;3; ;2; ; ; ; ;10;2;1;07;20;182,044098101451;20
3247940;1;3;1;80;1;2; ; ; ;2; ;2; ;2; ;.; ; ;1;07;20;182,044098101451;20
3247941;1;2;1;80;1;1;4;5; ;3; ;2; ; ; ; ;10;2;1;07;20;273,727688845987;20
3247941;1;3;1;80;1;2; ; ; ;2; ;2; ;2; ;.; ; ;1;07;20;273,727688845987;20
3247942;1;2;1;80;1;1;1;8; ;2; ;2; ; ; ; ;2;2;1;07;20;232,079295906287;20
3247943;1;1;1;80;1;2; ; ; ;2; ;2; ;1;4; ;9; ;1;07;20;79,2516661281118;20
3247945;1;1;1;80;1;2; ; ; ;2; ;2; ;2; ;.; ; ;1;07;20;72,678694372583;20
3247945;1;3;1;80;1;1;4;4; ;2; ;2; ; ; ; ;4;2;1;07;20;72,678694372583;20
3247945;1;5;1;80;1;2; ; ; ;2; ;2; ;2; ;.; ; ;1;07;20;72,678694372583;20
3247945;1;6;1;80;1;2; ; ; ;2; ;2; ;2; ;.; ; ;1;07;20;72,678694372583;20
3247946;1;3;1;80;1;2; ; ; ;2; ;2; ;2; ;.; ; ;1;07;20;128,55769446494;20
3247947;1;5;1;80;1;2; ; ; ; ; ;2; ;2; ;.; ; ;1;07;20;170,936385642645;20
3247948;1;1;1;80;1;1;4;4; ;2; ;2; ; ; ; ;4;2;1;07;20;163,015721442272;20
3247950;1;1;1;80;1;1;4;5; ;3; ;2; ; ; ; ;10;2;1;07;20;223,678746000042;20
3247951;1;1;1;80;1;1;1;4; ;2; ;2; ; ; ; ;4;2;1;07;20;136,863844422993;20
3247952;1;3;1;80;1;2; ; ; ;2; ;2; ;2; ;.; ; ;1;07;20;195,642599096462;20
3247952;1;4;1;80;1;2; ; ; ; ; ;2; ;2; ;.; ; ;1;07;20;195,642599096462;20
3247953;1;1;1;80;1;1;1;3; ;2; ;2; ; ; ; ;9;2;1;07;20;284,383049944844;20
3247955;1;2;1;80;1;1;4;3; ;2; ;2; ; ; ; ;9;2;1;07;73;225,264520203832;73
3247956;1;2;1;80;1;1;4;3; ;2; ;2; ; ; ; ;9;2;1;07;73;222,805630216753;73
3247957;1;4;1;80;1;1;4;3; ;2; ;2; ; ; ; ;11;2;1;07;73;240,432430241399;73
3247958;1;1;1;80;1;1;4;4; ;2; ;2; ; ; ;LE DAN ATAQUES ASMATICOS;12;2;1;07;73;286,851673094462;73
3247960;1;1;1;80;1;2; ; ; ;2; ;2; ;2; ;.; ; ;1;07;73;260,043449587906;73
3247961;1;3;1;80;1;2; ; ; ; ; ;2; ;2; ;.; ; ;1;07;73;256,347546616809;73
3247963;1;1;1;80;1;1;4;7; ;3; ;2; ; ; ; ;9;2;1;07;73;246,364386813996;73
3247963;1;2;1;80;1;2; ; ; ;2; ;2; ;2; ;.; ; ;1;07;73;246,364386813996;73
3247963;1;3;1;80;1;2; ; ; ;2; ;2; ;2; ;.; ; ;1;07;73;246,364386813996;73
3247965;1;3;1;80;1;2; ; ; ; ; ;2; ;2; ;.; ; ;1;07;73;215,22167519797;73
3247967;1;4;1;80;1;1;1;8; ;2; ;1;80000; ; ;SOLO SE OCUPA EN VACACIONES;12;2;1;07;73;247,770976192771;73
3247967;1;5;1;80;1;1;4;5; ;3; ;2; ; ; ; ;8;2;1;07;73;247,770976192771;73
3247969;1;2;1;80;1;1;4;7; ;2; ;2; ; ; ; ;11;2;1;07;68;534,926290099125;68
3247970;1;2;1;80;1;1;4;8; ;2; ;2; ; ;2; ;7;1;1;07;68;469,170870872466;68
3247970;1;3;1;80;1;1;1;2; ;2; ;2; ; ;1; ;2;1;1;07;68;469,170870872466;68
3247970;1;4;1;80;1;2; ; ; ; ; ;2; ;2; ;.; ; ;1;07;68;469,170870872466;68
3247972;1;4;1;80;1;2; ; ; ;2; ;2; ;2; ;.; ; ;1;07;68;565,597194713074;68
3247973;1;1;1;80;1;1;4;7; ;2; ;2; ; ; ; ;4;2;1;07;68;503,407379416491;68
3247973;1;2;1;80;1;1;4;7; ;2; ;2; ; ; ; ;8;2;1;07;68;503,407379416491;68
3247977;1;2;1;80;1;1;1;2; ;2; ;2; ; ; ; ;2;2;1;07;68;620,991974944667;68
3247979;1;2;1;80;1;1;1;4; ;2; ;1;150000; ; ; ;9;2;1;07;68;606,357430775068;68
3247979;1;4;1;80;1;2; ; ; ;2; ;2; ;2; ;.; ; ;1;07;68;606,357430775068;68
3247979;1;5;1;80;1;2; ; ; ; ; ;2; ;2; ;.; ; ;1;07;68;606,357430775068;68
3247981;1;1;1;80;1;1;3;5; ;3; ;2; ; ; ; ;10;2;1;07;68;503,407379416491;68
3247984;1;1;1;80;1;1;4;5; ;3; ;2; ; ; ; ;10;2;1;07;68;564,017837814405;68
3247985;1;1;1;80;1;1;4;3; ;2; ;2; ; ; ; ;8;2;1;07;68;482,937749575124;68
3247986;1;2;1;80;1;2; ; ; ;2; ;2; ;2; ;.; ; ;1;07;68;644,904117124235;68
3248013;1;2;1;80;1;2; ; ; ; ; ;2; ;2; ;.; ; ;1;07;73;296,615719209489;73
3248017;1;2;1;80;1;1;1;2; ;2; ;2; ; ; ; ;2;2;1;07;73;241,810785016739;73
3248017;1;3;1;80;1;1;2;8; ;2; ;2; ; ; ; ;2;2;1;07;73;241,810785016739;73
3248018;1;3;1;80;1;2; ; ; ; ; ;2; ;2; ;.; ; ;1;07;73;267,349325224012;73
3248019;1;5;1;80;1;2; ; ; ; ; ;2; ;2; ;.; ; ;1;07;73;234,445943685742;73
3248022;1;2;1;80;1;1;4;7; ;2; ;2; ; ; ; ;11;2;1;07;73;194,756675375741;73
3248024;1;1;1;80;1;1;4;3; ;2; ;2; ; ; ; ;9;2;1;07;73;260,043449587906;73
3248025;1;3;1;80;1;2; ; ; ; ; ;2; ;2; ;.; ; ;1;07;08;430,930361551465;08
3248025;1;7;1;80;1;1;4;3; ;2; ;2; ; ; ; ;8;2;1;07;08;430,930361551465;08
3248025;1;11;1;80;1;1;4;9;EDAD;2; ;2; ; ; ; ;8;2;1;07;08;430,930361551465;08
3248028;1;2;1;80;1;1;3;2; ;2; ;2; ; ; ; ;2;2;1;07;08;484,536636591169;08
3248029;1;1;1;80;1;1;4;4; ;2; ;2; ; ; ; ;4;2;1;07;08;667,690007300556;08
3248030;1;4;1;80;1;1;1;3; ;2; ;2; ; ; ; ;9;2;1;07;08;523,54236857208;08
3248031;1;4;1;80;1;1;3;3; ;2; ;2; ; ; ; ;9;2;1;07;08;595,581920434401;08
3248031;2;1;2;80;1;1;4;3; ;2; ;2; ; ; ; ;9;2;1;07;08;595,581920434401;08
3248032;1;1;1;80;1;1;4;3; ;2; ;2; ; ; ; ;9;2;1;07;08;654,506652398028;08
3248032;1;4;1;80;1;2; ; ; ; ; ;2; ;2; ;.; ; ;1;07;08;654,506652398028;08
3248034;1;2;1;80;1;2; ; ; ;2; ;2; ;2; ;.; ; ;1;07;08;583,389553064706;08
3248039;1;4;1;80;1;2; ; ; ;2; ;2; ;2; ;.; ; ;1;07;08;575,718127254631;08
3248040;1;1;1;80;1;2; ; ; ;2; ;2; ;2; ;.; ; ;1;07;08;456,319637064761;08
3248040;1;2;1;80;1;2; ; ; ;2; ;2; ;2; ;.; ; ;1;07;08;456,319637064761;08
3248040;1;3;1;80;1;2; ; ; ;2; ;2; ;2; ;.; ; ;1;07;08;456,319637064761;08
3248043;1;1;1;80;1;2; ; ; ;2; ;2; ;2; ;.; ; ;1;07;23;482,129206071775;23
3248043;1;3;1;80;1;2; ; ; ; ; ;2; ;2; ;.; ; ;1;07;23;482,129206071775;23
3248043;1;4;1;80;1;2; ; ; ;2; ;2; ;2; ;.; ; ;1;07;23;482,129206071775;23
3248045;1;3;1;80;1;1;4;6; ;2; ;2; ; ; ; ;8;2;1;07;23;378,656545162438;23
3248045;1;5;1;80;1;2; ; ; ;2; ;2; ;2; ;.; ; ;1;07;23;378,656545162438;23
3248046;1;5;1;80;1;1;2;3; ;2; ;2; ; ; ; ;9;2;1;07;23;126,26651978452;23
3248047;1;2;1;80;1;1;4;8; ;2; ;2; ; ; ; ;9;2;1;07;23;424,174068072535;23
3248048;1;2;1;80;1;1;1;7; ;3; ;2; ; ; ; ;11;2;1;07;05;1067,08417465654;05
3248049;1;1;1;80;1;1;2;4; ;1;2;2; ; ; ; ;4;2;1;07;05;930,528327008579;05
3248049;1;2;1;80;1;1;4;1; ;3; ;2; ; ;4; ;8;1;1;07;05;930,528327008579;05
3248051;1;1;1;80;1;1;4;4; ;3; ;2; ; ; ; ;4;2;1;07;05;921,394217844639;05
3248052;1;1;1;80;1;1;4;4; ;2; ;2; ; ; ; ;4;2;1;07;05;921,394217844639;05
3248054;1;2;1;80;1;2; ; ; ;2; ;2; ;2; ;.; ; ;1;07;05;1066,2263412011;05
3248055;1;2;1;80;1;1;4;3; ;2; ;2; ; ; ; ;9;2;1;07;23;269,892650111911;23
3248056;1;3;1;80;1;2; ; ; ;1;1;2; ;2; ;.; ; ;1;07;23;355,448125817522;23
3248059;1;1;1;80;1;1;4;1; ;3; ;2; ; ;4; ;8;1;1;07;05;996,534080049609;05
3248060;1;2;1;80;1;2; ; ; ;2; ;2; ;2; ;.; ; ;1;07;05;914,076288438775;05
3248060;1;3;1;80;1;2; ; ; ;2; ;2; ;2; ;.; ; ;1;07;05;914,076288438775;05
3248060;1;4;1;80;1;2; ; ; ;2; ;2; ;2; ;.; ; ;1;07;05;914,076288438775;05
3248063;1;2;1;80;1;1;4;3; ;2; ;2; ; ; ; ;9;2;1;07;05;853,166550444256;05
3248063;1;4;1;80;1;2; ; ; ; ; ;2; ;2; ;.; ; ;1;07;05;853,166550444256;05
3248064;1;2;1;80;1;1;1;6; ;2; ;2; ; ; ; ;9;2;1;07;23;68,7429284525774;23
3248066;1;1;1;80;1;1;1;2; ;2; ;2; ; ; ; ;2;2;1;07;05;838,711477299204;05
3248066;1;2;1;80;1;1;3;2; ;2; ;2; ; ; ; ;2;2;1;07;05;838,711477299204;05
3248067;1;3;1;80;1;2; ; ; ;2; ;2; ;2; ;.; ; ;1;07;05;804,264634192801;05
3248067;1;4;1;80;1;2; ; ; ; ; ;2; ;2; ;.; ; ;1;07;05;804,264634192801;05
3248069;1;3;1;80;1;1;3;9;NO QUIERE TRABAJAR MAS;2; ;2; ; ; ; ;8;2;1;07;05;912,861343078556;05
3248070;1;1;1;80;1;1;4;9;YA NO QUIZO TRABAJAR MAS;3; ;2; ; ; ; ;8;2;1;07;05;921,394217844639;05
3248071;1;4;1;80;1;2; ; ; ; ; ;2; ;2; ;.; ; ;1;07;05;1136,395012555;05
3248072;1;1;1;80;1;1;3;4; ;2; ;2; ; ; ; ;4;2;1;07;05;914,201112634217;05
3248072;1;4;1;80;1;2; ; ; ;2; ;2; ;2; ;.; ; ;1;07;05;914,201112634217;05
3248073;1;3;1;80;1;2; ; ; ; ; ;2; ;2; ;.; ; ;1;07;05;1057,69346643501;05
3248074;1;1;1;80;1;1;4;3; ;2; ;2; ; ; ; ;9;2;1;07;05;921,394217844639;05
3248076;1;1;1;80;1;1;1;9;POR CANSANCIO , NO QUIERE TRABAJAR MAS;3; ;2; ; ; ; ;11;2;1;07;05;921,394217844639;05
3248077;1;1;1;80;1;1;4;5; ;3; ;2; ; ; ; ;10;2;1;07;05;991,562889198541;05
3248077;1;2;1;80;1;2; ; ; ;2; ;2; ;2; ;.; ; ;1;07;05;991,562889198541;05
3248079;1;1;1;80;1;1;4;6; ;3; ;2; ; ; ; ;11;2;1;07;05;921,394217844639;05
3248083;1;2;1;80;1;1;3;4; ;2; ;2; ; ; ; ;4;2;1;07;05;1005,16012888815;05
3248083;1;5;1;80;1;1;1;2; ;2; ;1;50000; ; ; ;2;2;1;07;05;1005,16012888815;05
3248084;1;1;1;80;1;1;4;5; ;3; ;2; ; ; ; ;10;2;1;07;23;179,928433407941;23
3248084;1;2;1;80;1;1;4;5; ;3; ;2; ; ; ; ;10;2;1;07;23;179,928433407941;23
3248085;1;2;1;80;1;1;4;5; ;3; ;2; ; ; ; ;10;2;1;07;23;127,511885962653;23
3248087;1;3;1;80;1;1;1;2; ;2; ;2; ; ; ; ;2;2;1;07;23;147,361632859823;23
3248088;1;2;1;80;1;1;4;4; ;2; ;2; ; ; ; ;8;2;1;07;23;88,9911104519295;23
3248088;1;5;1;80;1;1;1;8; ;2; ;2; ; ; ; ;6;2;1;07;23;88,9911104519295;23
3248090;1;1;1;80;1;1;4;4; ;2; ;2; ; ; ; ;8;2;1;07;23;127,511885962653;23
3248090;1;2;1;80;1;1;4;3; ;2; ;2; ; ; ; ;9;2;1;07;23;127,511885962653;23
3248091;1;3;1;80;1;2; ; ; ;2; ;2; ;2; ;.; ; ;1;07;23;159,967415235714;23
3248091;1;4;1;80;1;2; ; ; ; ; ;2; ;2; ;.; ; ;1;07;23;159,967415235714;23
3248092;1;1;1;80;1;1;1;8; ;2; ;2; ; ; ; ;2;2;1;07;05;701,172972000361;05
3248093;1;1;1;80;1;1;4;8; ;2; ;2; ; ; ; ;9;2;1;07;05;1232,51595057509;05
3248094;1;3;1;80;1;2; ; ; ;2; ;2; ;2; ;.; ; ;1;07;05;831,518372088782;05
3248094;1;4;1;80;1;2; ; ; ; ; ;2; ;2; ;.; ; ;1;07;05;831,518372088782;05
3248094;1;5;1;80;1;2; ; ; ; ; ;2; ;2; ;.; ; ;1;07;05;831,518372088782;05
3248096;1;2;1;80;1;1;4;3; ;2; ;2; ; ; ; ;9;2;1;07;05;737,276223500887;05
3248096;1;3;1;80;1;2; ; ; ;2; ;2; ;1;1; ;2; ;1;07;05;737,276223500887;05
3248096;1;4;1;80;1;2; ; ; ;2; ;2; ;2; ;.; ; ;1;07;05;737,276223500887;05
3248097;1;1;1;80;1;1;1;7; ;2; ;2; ; ; ; ;2;2;1;07;05;976,249982598046;05
3248099;1;2;1;80;1;1;4;3; ;2; ;2; ; ;4; ;9;1;1;07;05;908,085863092529;05
3248099;1;3;1;80;1;2; ; ; ;2; ;2; ;2; ;.; ; ;1;07;05;908,085863092529;05
3248099;1;4;1;80;1;2; ; ; ;2; ;2; ;2; ;.; ; ;1;07;05;908,085863092529;05
3248099;1;6;1;80;1;1;3;4; ;3; ;2; ; ; ; ;4;2;1;07;05;908,085863092529;05
3248099;1;7;1;80;1;1;4;3; ;2; ;2; ; ; ; ;9;2;1;07;05;908,085863092529;05
3248101;1;2;1;80;1;1;4;8; ;2; ;2; ; ; ; ;9;2;1;07;05;844,890274735758;05
3248103;1;2;1;80;1;1;4;1; ;1;4;2; ; ; ; ;9;2;1;07;05;1136,395012555;05
3248103;1;3;1;80;1;1;3;8; ;2; ;2; ; ;1; ;2;1;1;07;05;1136,395012555;05
3248103;1;4;1;80;1;2; ; ; ;2; ;2; ;1;2; ;2; ;1;07;05;1136,395012555;05
3248105;1;4;1;80;1;2; ; ; ;2; ;2; ;2; ;.; ; ;1;07;23;147,427377116875;23
3248106;1;2;1;80;1;2; ; ; ;2; ;2; ;2; ;.; ; ;1;07;23;173,945731247559;23
3248107;1;1;1;80;1;1;1;5; ;3; ;2; ; ; ; ;10;2;1;07;23;134,946325055955;23
3248107;1;3;1;80;1;1;4;4; ;2; ;2; ; ; ; ;8;2;1;07;23;134,946325055955;23
3248108;1;3;1;80;1;1;3;2; ;2; ;2; ; ; ; ;2;2;1;07;23;119,091333273105;23
3248109;1;5;1;80;1;1;4;5; ;3; ;2; ; ; ; ;10;2;1;07;23;145,525721226679;23
3248110;1;1;1;80;1;1;2;8; ;3; ;2; ; ; ; ;8;2;1;07;05;854,024383899698;05
3248110;1;2;1;80;1;1;4;3; ;2; ;2; ; ; ; ;9;2;1;07;05;854,024383899698;05
3248110;1;4;1;80;1;2; ; ; ;2; ;2; ;2; ;.; ; ;1;07;05;854,024383899698;05
3248112;1;1;1;80;1;1;4;5; ;3; ;2; ; ; ; ;10;2;1;07;05;2534,67082420727;05
3248113;1;1;1;80;1;1;3;7; ;2; ;2; ; ; ; ;8;2;1;07;05;3018,05388703078;05
3248113;1;2;1;80;1;1;4;4; ;2; ;2; ; ; ; ;8;2;1;07;05;3018,05388703078;05
3248115;1;3;1;80;1;2; ; ; ;2; ;2; ;2; ;.; ; ;1;07;05;647,299864897838;05
3248116;1;1;1;80;1;1;4;5; ;3; ;2; ; ; ; ;8;2;1;07;05;921,394217844639;05
3248117;1;4;1;80;1;2; ; ; ; ; ;2; ;2; ;.; ; ;1;07;05;969,056877387624;05
3248118;1;1;1;80;1;1;4;5; ;3; ;2; ; ; ; ;10;2;1;07;05;1257,70150149733;05
3248118;1;2;1;80;1;2; ; ; ;2; ;2; ;2; ;.; ; ;1;07;05;1257,70150149733;05
3248119;1;1;1;80;1;1;3;5; ;3; ;2; ; ; ; ;10;2;1;07;05;815,691879265086;05
3248119;1;4;1;80;1;1;4;6; ;2; ;2; ; ;1;POR QUE ES SORDA-MUDA;12;1;1;07;05;815,691879265086;05
3248121;1;1;1;80;1;1;4;1; ;2; ;2; ; ; ; ;9;2;1;07;05;825,207411682053;05
3248123;1;3;1;80;1;2; ; ; ; ; ;2; ;2; ;.; ; ;1;07;23;99,6945713846427;23
3248123;1;4;1;80;1;2; ; ; ; ; ;2; ;2; ;.; ; ;1;07;23;99,6945713846427;23
3248123;5;4;5;80;1;2; ; ; ;2; ;2; ;2; ;.; ; ;1;07;23;99,6945713846427;23
3248123;5;5;5;80;1;2; ; ; ; ; ;2; ;2; ;.; ; ;1;07;23;99,6945713846427;23
3248123;6;2;6;80;1;2; ; ; ; ; ;2; ;2; ;.; ; ;1;07;23;99,6945713846427;23
3248124;1;2;1;80;1;1;4;5; ;3; ;2; ; ; ; ;10;2;1;07;23;140,117668338543;23
3248124;1;3;1;80;1;2; ; ; ;2; ;2; ;2; ;.; ; ;1;07;23;140,117668338543;23
3248125;1;1;1;80;1;2; ; ; ;2; ;2; ;2; ;.; ; ;1;07;23;147,623840087585;23
3248125;1;2;1;80;1;1;2;8; ;2; ;2; ; ;1; ;11;1;1;07;23;147,623840087585;23
3248125;1;4;1;80;1;1;3;9;CAMBIO DE PAIS;2; ;2; ; ; ; ;2;2;1;07;23;147,623840087585;23
3248128;1;1;1;80;1;1;2;4; ;3; ;2; ; ; ; ;4;2;1;07;05;3136,30798890319;05
3248129;1;3;1;80;1;2; ; ; ; ; ;2; ;2; ;.; ; ;1;07;05;1029,32880413999;05
3248129;1;4;1;80;1;2; ; ; ; ; ;2; ;2; ;.; ; ;1;07;05;1029,32880413999;05
3248132;1;3;1;80;1;2; ; ; ;2; ;2; ;2; ;.; ; ;1;07;05;853,166550444256;05
3248132;1;4;1;80;1;2; ; ; ;2; ;2; ;2; ;.; ; ;1;07;05;853,166550444256;05
3248135;1;2;1;80;1;1;1;4; ;2; ;2; ; ; ; ;4;2;1;07;05;1082,52190545247;05
3248135;1;4;1;80;1;2; ; ; ;2; ;2; ;2; ;.; ; ;1;07;05;1082,52190545247;05
3248137;1;1;1;80;1;2; ; ; ;2; ;2; ;2; ;.; ; ;1;07;05;934,866633338807;05
3248138;1;2;1;80;1;2; ; ; ; ; ;2; ;2; ;.; ; ;1;07;05;878,097861133691;05
3248138;1;3;1;80;1;1;1;8; ;2; ;2; ; ; ; ;9;2;1;07;05;878,097861133691;05
3248140;1;2;1;80;1;1;1;8; ;2; ;2; ; ; ; ;2;2;1;07;23;109,630507974635;23
3248141;1;6;1;80;1;2; ; ; ;2; ;2; ;2; ;.; ; ;1;07;23;107,496644612652;23
3248142;1;3;1;80;1;1;3;2; ;2; ;2; ; ; ; ;2;2;1;07;23;158,268398495892;23
3248142;1;4;1;80;1;2; ; ; ; ; ;2; ;2; ;.; ; ;1;07;23;158,268398495892;23
3248143;1;2;1;80;1;1;4;3; ;2; ;2; ; ; ; ;9;2;1;07;23;178,466383030305;23
3248143;1;3;1;80;1;2; ; ; ;2; ;2; ;2; ;.; ; ;1;07;23;178,466383030305;23
3248143;1;4;1;80;1;2; ; ; ; ; ;2; ;2; ;.; ; ;1;07;23;178,466383030305;23
3248145;1;1;1;80;1;1;4;5; ;3; ;2; ; ; ; ;8;2;1;07;05;3201,25252396961;05
3248145;1;2;1;80;1;2; ; ; ;2; ;2; ;2; ;.; ; ;1;07;05;3201,25252396961;05
3248147;1;3;1;80;1;2; ; ; ; ; ;2; ;2; ;.; ; ;1;07;05;798,310785690848;05
3248147;1;4;1;80;1;1;4;3; ;2; ;2; ; ; ; ;9;2;1;07;05;798,310785690848;05
3248150;1;1;1;80;1;1;4;5; ;3; ;2; ; ; ; ;10;2;1;07;05;2764,18265353392;05
3248151;1;1;1;80;1;1;4;5; ;3; ;2; ; ; ; ;10;2;1;07;05;2764,18265353392;05
3248153;1;3;1;80;1;2; ; ; ; ; ;2; ;2; ;.; ; ;1;07;05;647,299864897838;05
3248154;1;1;1;80;1;1;4;9;FUE DETENIDO POR LA POLICIA;2; ;2; ; ; ; ;8;2;1;07;05;1143,58811776542;05
3248155;1;1;1;80;1;1;4;8; ;2; ;2; ; ; ; ;8;2;1;07;05;938,36978788606;05
3248155;1;2;1;80;1;1;1;6; ;2; ;2; ; ; ; ;2;2;1;07;05;938,36978788606;05
3248156;1;2;1;80;1;1;1;8; ;2; ;2; ; ; ; ;2;2;1;07;05;870,547644018493;05
3248156;1;4;1;80;1;2; ; ; ;2; ;2; ;2; ;.; ; ;1;07;05;870,547644018493;05
3248156;1;5;1;80;1;2; ; ; ;2; ;2; ;2; ;.; ; ;1;07;05;870,547644018493;05
3248157;1;1;1;80;1;1;3;5; ;3; ;2; ; ; ; ;10;2;1;07;05;899,746039489165;05
3248157;1;2;1;80;1;2; ; ; ; ; ;2; ;2; ;.; ; ;1;07;05;899,746039489165;05
3248161;1;1;1;80;1;1;4;5; ;3; ;2; ; ; ; ;9;2;1;07;05;769,368989277761;05
3248161;1;3;1;80;1;1;4;3; ;2; ;2; ; ; ; ;8;2;1;07;05;769,368989277761;05
3248162;1;1;1;80;1;1;4;8; ;2; ;2; ; ;4; ;1;1;1;07;05;1006,01796234359;05
3248162;1;2;1;80;1;2; ; ; ;2; ;2; ;2; ;.; ; ;1;07;05;1006,01796234359;05
3248162;1;3;1;80;1;2; ; ; ;2; ;2; ;1;4; ;1; ;1;07;05;1006,01796234359;05
3248163;1;4;1;80;1;2; ; ; ; ; ;2; ;2; ;.; ; ;1;07;05;1029,32880413999;05
3248164;1;1;1;80;1;1;4;5; ;3; ;2; ; ; ; ;8;2;1;07;05;990,580231547656;05
3248164;1;2;1;80;1;2; ; ; ;2; ;2; ;2; ;.; ; ;1;07;05;990,580231547656;05
3248165;1;1;1;80;1;2; ; ; ;2; ;2; ;2; ;.; ; ;1;07;05;1045,43599630106;05
3248166;1;2;1;80;1;2; ; ; ;2; ;2; ;2; ;.; ; ;1;07;05;784,838370196681;05
3248170;1;2;1;80;1;1;4;7; ;2; ;2; ; ; ; ;9;2;1;07;05;1119,30516274304;05
3248170;1;5;1;80;1;2; ; ; ; ; ;2; ;2; ;.; ; ;1;07;05;1119,30516274304;05
3248171;1;4;1;80;1;1;3;4; ;2; ;2; ; ; ; ;4;2;1;07;05;1201,98790328848;05
3248174;1;2;1;80;1;2; ; ; ;2; ;2; ;2; ;.; ; ;1;07;05;890,450529285489;05
3248174;1;3;1;80;1;2; ; ; ; ; ;2; ;2; ;.; ; ;1;07;05;890,450529285489;05
3248177;1;1;1;80;1;2; ; ; ;2; ;2; ;2; ;.; ; ;1;07;05;3034,11172934306;05
3248178;1;1;1;80;1;1;4;4; ;2; ;2; ; ; ; ;4;2;1;07;23;195,862628487757;23
3248178;1;5;1;80;1;2; ; ; ;2; ;2; ;2; ;.; ; ;1;07;23;195,862628487757;23
3248179;1;2;1;80;1;1;4;4; ;2; ;2; ; ; ; ;4;2;1;07;23;137,387661917321;23
3248179;1;4;1;80;1;2; ; ; ; ; ;2; ;2; ;.; ; ;1;07;23;137,387661917321;23
3248179;1;5;1;80;1;2; ; ; ;2; ;2; ;2; ;.; ; ;1;07;23;137,387661917321;23
3248180;1;2;1;80;1;1;4;3; ;2; ;2; ; ; ; ;9;2;1;07;23;185,178979987495;23
3248180;1;5;1;80;1;2; ; ; ;2; ;2; ;2; ;.; ; ;1;07;23;185,178979987495;23
3248180;1;6;1;80;1;2; ; ; ;2; ;2; ;2; ;.; ; ;1;07;23;185,178979987495;23
3248181;1;3;1;80;1;2; ; ; ;2; ;2; ;2; ;.; ; ;1;07;23;159,967415235714;23
3248181;1;4;1;80;1;2; ; ; ; ; ;2; ;2; ;.; ; ;1;07;23;159,967415235714;23
3248184;1;2;1;80;1;2; ; ; ;2; ;2; ;2; ;.; ; ;1;07;23;150,938793751597;23
3248184;1;3;1;80;1;1;3;3; ;2; ;2; ; ; ; ;9;2;1;07;23;150,938793751597;23
3248185;1;1;1;80;1;2; ; ; ;2; ;2; ;2; ;.; ; ;1;07;23;147,650884439147;23
3248185;1;2;1;80;1;2; ; ; ;2; ;2; ;2; ;.; ; ;1;07;23;147,650884439147;23
3248185;1;3;1;80;1;1;1;2; ;2; ;2; ; ; ; ;2;2;1;07;23;147,650884439147;23
3248186;1;2;1;80;1;1;4;5; ;3; ;2; ; ; ; ;10;2;1;07;23;110,08975614055;23
3248187;1;4;1;80;1;2; ; ; ;2; ;2; ;2; ;.; ; ;1;07;23;150,697064509266;23
3248189;1;3;1;80;1;2; ; ; ;2; ;2; ;2; ;.; ; ;1;07;23;99,9735280994912;23
3248189;1;4;1;80;1;2; ; ; ; ; ;2; ;2; ;.; ; ;1;07;23;99,9735280994912;23
3248190;1;1;1;80;1;1;4;3; ;2; ;2; ; ; ; ;9;2;1;07;23;152,578242414032;23
3248193;1;4;1;80;1;2; ; ; ; ; ;2; ;2; ;.; ; ;1;07;23;178,466383030305;23
3248194;1;4;1;80;1;1;4;5; ;3; ;2; ; ; ; ;10;2;1;07;23;132,576720850329;23
3248195;1;2;1;80;1;2; ; ; ;2; ;2; ;2; ;.; ; ;1;07;23;134,946325055955;23
3248196;1;2;1;80;1;1;4;3; ;2; ;2; ; ; ; ;9;2;1;07;23;116,311279786501;23
3248197;1;2;1;80;1;1;4;3; ;2; ;2; ; ; ; ;9;2;1;07;23;117,74152293243;23
3248197;1;3;1;80;1;2; ; ; ;2; ;2; ;2; ;.; ; ;1;07;23;117,74152293243;23
3248197;1;4;1;80;1;2; ; ; ; ; ;2; ;2; ;.; ; ;1;07;23;117,74152293243;23
3248203;1;2;1;80;1;2; ; ; ;2; ;2; ;2; ;.; ; ;1;07;23;175,342294124782;23
3248204;1;2;1;80;1;1;4;2; ;2; ;2; ; ; ; ;2;2;1;07;23;99,0511118039121;23
3248205;1;3;1;80;1;2; ; ; ;2; ;2; ;2; ;.; ; ;1;07;23;152,098129520249;23
3248208;1;1;1;80;1;2; ; ; ;2; ;2; ;2; ;.; ; ;1;07;05;969,914710843067;05
3248208;1;2;1;80;1;1;4;5; ;3; ;2; ; ; ; ;11;2;1;07;05;969,914710843067;05
3248208;1;4;1;80;1;2; ; ; ;2; ;2; ;2; ;.; ; ;1;07;05;969,914710843067;05
3248209;1;1;1;80;1;1;1;4; ;3; ;2; ; ; ; ;4;2;1;07;05;900,704385791799;05
3248209;1;2;1;80;1;1;4;3; ;2; ;2; ; ; ; ;9;2;1;07;05;900,704385791799;05
3248209;1;5;1;80;1;2; ; ; ; ; ;2; ;2; ;.; ; ;1;07;05;900,704385791799;05
3248209;1;7;1;80;1;1;1;8; ;2; ;2; ; ; ; ;2;2;1;07;05;900,704385791799;05
3248210;1;1;1;80;1;1;4;7; ;3; ;2; ; ; ; ;11;2;1;07;05;1167,72514289428;05
3248210;1;2;1;80;1;1;2;6; ;2; ;2; ; ; ; ;8;2;1;07;05;1167,72514289428;05
3248211;1;2;1;80;1;1;3;4; ;2; ;2; ; ; ; ;4;2;1;07;05;1067,08417465654;05
3248212;1;3;1;80;1;1;4;6; ;2; ;2; ; ; ; ;8;2;1;07;05;934,866633338807;05
3248216;1;3;1;80;1;2; ; ; ; ; ;2; ;2; ;.; ; ;1;07;05;1008,79155018356;05
3248221;1;4;1;80;1;2; ; ; ;2; ;2; ;2; ;.; ; ;1;07;05;854,024383899698;05
3248222;1;3;1;80;1;2; ; ; ;2; ;2; ;2; ;.; ; ;1;07;05;1045,43599630106;05
3248224;1;3;1;80;1;2; ; ; ;2; ;2; ;2; ;.; ; ;1;07;05;1184,95380387929;05
3248227;1;2;1;80;1;2; ; ; ;2; ;2; ;2; ;.; ; ;1;07;05;853,166550444256;05
3248227;1;3;1;80;1;2; ; ; ;2; ;2; ;2; ;.; ; ;1;07;05;853,166550444256;05
3248227;1;4;1;80;1;2; ; ; ;2; ;2; ;2; ;.; ; ;1;07;05;853,166550444256;05
3248228;1;3;1;80;1;2; ; ; ; ; ;2; ;2; ;.; ; ;1;07;05;941,803139491643;05
3248229;1;1;1;80;1;1;4;5; ;3; ;2; ; ; ; ;11;2;1;07;23;134,946325055955;23
3248229;1;2;1;80;1;1;4;5; ;3; ;2; ; ; ; ;10;2;1;07;23;134,946325055955;23
3248232;1;2;1;80;1;2; ; ; ;2; ;2; ;2; ;.; ; ;1;07;23;90,2201098333872;23
3248237;1;2;1;80;1;1;4;8; ;2; ;2; ; ; ; ;9;2;1;07;05;974,473039386585;05
3248238;1;1;1;80;1;1;4;1; ;2; ;2; ; ; ; ;11;2;1;07;05;970,897368493951;05
3248238;1;2;1;80;1;1;4;3; ;2; ;2; ; ; ; ;9;2;1;07;05;970,897368493951;05
3248238;1;4;1;80;1;2; ; ; ; ; ;2; ;2; ;.; ; ;1;07;05;970,897368493951;05
3248239;1;2;1;80;1;1;4;6; ;3; ;2; ; ; ; ;9;2;1;07;05;1101,34693505074;05
3248240;1;1;1;80;1;1;4;3; ;3; ;2; ; ; ; ;9;2;1;07;05;753,67465942424;05
3248240;1;2;1;80;1;2; ; ; ;2; ;2; ;2; ;.; ; ;1;07;05;753,67465942424;05
3248241;1;1;1;80;1;1;4;5; ;3; ;2; ; ; ; ;10;2;1;07;05;1143,58811776542;05
3248245;1;4;1;80;1;2; ; ; ;2; ;2; ;2; ;.; ; ;1;07;05;920,15496113617;05
3248246;1;1;1;80;1;1;3;3; ;2; ;2; ; ; ; ;8;2;1;07;05;912,861343078556;05
3248247;1;3;1;80;1;2; ; ; ; ; ;2; ;2; ;.; ; ;1;07;23;165,860600654415;23
3248248;1;4;1;80;1;2; ; ; ;2; ;2; ;2; ;.; ; ;1;07;23;145,722184197389;23
3248248;1;6;1;80;1;1;1;3; ;2; ;2; ; ; ; ;9;2;1;07;23;145,722184197389;23
3248249;1;1;1;80;1;1;4;7; ;2; ;2; ; ; ; ;4;2;1;07;23;140,117668338543;23
3248249;1;2;1;80;1;2; ; ; ;2; ;2; ;2; ;.; ; ;1;07;23;140,117668338543;23
3248249;1;3;1;80;1;2; ; ; ;2; ;2; ;2; ;.; ; ;1;07;23;140,117668338543;23
3248250;1;2;1;80;1;1;1;3; ;2; ;2; ; ; ; ;9;2;1;07;23;170,289623815458;23
3248251;1;2;1;80;1;2; ; ; ;2; ;2; ;2; ;.; ; ;1;07;23;159,967415235714;23
3248251;1;3;1;80;1;1;1;1; ;2; ;2; ; ; ; ;2;2;1;07;23;159,967415235714;23
3248251;1;4;1;80;1;2; ; ; ;2; ;2; ;2; ;.; ; ;1;07;23;159,967415235714;23
3248253;1;6;1;80;1;1;4;8; ;2; ;2; ; ; ; ;8;2;1;07;50;136,383993962768;50
3248254;2;1;2;80;1;1;1;2; ;2; ;2; ; ; ; ;2;2;1;07;50;128,71241205941;50
3248254;2;3;2;80;1;2; ; ; ; ; ;2; ;2; ;.; ; ;1;07;50;128,71241205941;50
3248255;1;1;1;80;1;2; ; ; ;2; ;2; ;2; ;.; ; ;1;07;50;206,182419383263;50
3248256;2;2;2;80;1;1;1;3; ;2; ;2; ; ; ; ;9;2;1;07;50;203,238058299325;50
3248257;1;2;1;80;1;1;4;3; ;2; ;2; ; ; ; ;9;2;1;07;50;186,359108441989;50
3248257;1;4;1;80;1;1;3;3; ;2; ;2; ; ; ; ;9;2;1;07;50;186,359108441989;50
3248259;1;1;1;80;1;1;4;4; ;2; ;2; ; ; ; ;8;2;1;07;50;166,783240646974;50
3248262;1;2;1;80;1;1;2;2; ;2; ;2; ; ; ; ;2;2;1;07;50;225,55153246562;50
3248264;1;2;1;80;1;1;4;7; ;2; ;2; ; ; ; ;9;2;1;07;50;186,410293627687;50
3248264;1;4;1;80;1;2; ; ; ;2; ;2; ;2; ;.; ; ;1;07;50;186,410293627687;50
3248265;1;1;1;80;1;1;4;4; ;3; ;2; ; ; ; ;4;2;1;07;50;165,638788609581;50
3248266;1;1;1;80;1;1;4;3; ;2; ;2; ; ; ; ;9;2;1;07;50;139,91609293714;50
3248267;1;2;1;80;1;1;4;4; ;2; ;2; ; ; ; ;4;2;1;07;50;173,25135941534;50
3248268;1;2;1;80;1;1;2;4; ;2; ;2; ; ; ; ;4;2;1;07;50;173,25135941534;50
3248271;1;1;1;80;1;1;4;4; ;2; ;2; ; ; ; ;4;2;1;07;50;150,629316261748;50
3248271;1;2;1;80;1;1;4;5; ;2; ;2; ; ; ; ;10;2;1;07;50;150,629316261748;50
3248271;1;4;1;80;1;2; ; ; ;2; ;2; ;2; ;.; ; ;1;07;50;150,629316261748;50
3248274;1;1;1;80;1;1;3;4; ;2; ;2; ; ; ; ;4;2;1;07;50;141,902354797446;50
3248274;1;2;1;80;1;2; ; ; ;2; ;2; ;2; ;.; ; ;1;07;50;141,902354797446;50
3248277;1;3;1;80;1;1;3;2; ;2; ;2; ; ; ; ;2;2;1;07;50;196,692029778058;50
3248278;1;1;1;80;1;1;4;4; ;2; ;2; ; ; ; ;4;2;1;07;50;127,863787211125;50
3248278;2;3;2;80;1;2; ; ; ;2; ;2; ;2; ;.; ; ;1;07;50;127,863787211125;50
3248278;2;4;2;80;1;2; ; ; ; ; ;2; ;2; ;.; ; ;1;07;50;127,863787211125;50
3248278;2;5;2;80;1;2; ; ; ; ; ;2; ;2; ;.; ; ;1;07;50;127,863787211125;50
3248279;1;1;1;80;1;1;3;3; ;2; ;2; ; ; ; ;9;2;1;07;50;136,663162865905;50
3248279;1;2;1;80;1;1;3;8; ;2; ;2; ; ; ; ;11;2;1;07;50;136,663162865905;50
3248279;1;3;1;80;1;2; ; ; ;2; ;2; ;2; ;.; ; ;1;07;50;136,663162865905;50
3248279;1;4;1;80;1;2; ; ; ;2; ;2; ;2; ;.; ; ;1;07;50;136,663162865905;50
3248280;1;2;1;80;1;1;1;3; ;2; ;2; ; ;1; ;9;1;1;07;50;159,300236708922;50
3248280;1;4;1;80;1;2; ; ; ; ; ;2; ;2; ;.; ; ;1;07;50;159,300236708922;50
3248282;1;2;1;80;1;1;4;4; ;2; ;2; ; ; ; ;4;2;1;07;50;173,25135941534;50
3248283;1;4;1;80;1;2; ; ; ; ; ;2; ;2; ;.; ; ;1;07;50;199,843867482605;50
3248284;1;1;1;80;1;1;4;5; ;3; ;2; ; ; ; ;1;2;1;07;50;206,182419383263;50
3248285;1;1;1;80;1;1;3;5; ;3; ;2; ; ; ; ;10;2;1;07;50;190,424508865236;50
3248285;1;2;1;80;1;1;3;3; ;2; ;2; ; ; ; ;9;2;1;07;50;190,424508865236;50
3248286;1;1;1;80;1;1;3;3; ;2; ;2; ; ; ; ;9;2;1;07;50;149,880878091554;50
3248290;1;1;1;80;1;1;4;3; ;2; ;2; ; ; ; ;9;2;1;07;50;213,794990189022;50
3248290;1;2;1;80;1;1;4;7; ;2; ;2; ; ; ; ;8;2;1;07;50;213,794990189022;50
3248291;1;2;1;80;1;1;3;4; ;2; ;2; ; ; ; ;4;2;1;07;50;733,238564435354;50
3248295;1;2;1;80;1;1;3;5; ;3; ;2; ; ; ; ;4;2;1;07;50;237,271815048013;50
3248296;1;2;1;80;1;1;1;3; ;2; ;2; ; ; ; ;9;2;1;07;50;166,688075053102;50
3248296;1;4;1;80;1;2; ; ; ; ; ;2; ;2; ;.; ; ;1;07;50;166,688075053102;50
3248296;1;5;1;80;1;2; ; ; ; ; ;2; ;2; ;.; ; ;1;07;50;166,688075053102;50
3248297;1;3;1;80;1;2; ; ; ;2; ;2; ;2; ;.; ; ;1;07;50;199,828836793179;50
3248299;1;3;1;80;1;2; ; ; ;2; ;2; ;1;1; ;2; ;1;07;50;133,562510347056;50
3248301;1;2;1;80;1;1;4;3; ;2; ;2; ; ; ; ;9;2;1;07;50;498,418801131104;50
3248301;1;6;1;80;1;2; ; ; ;2; ;2; ;2; ;.; ; ;1;07;50;498,418801131104;50
3248306;1;3;1;80;1;2; ; ; ;2; ;2; ;2; ;.; ; ;1;07;50;183,309641108838;50
3248307;1;2;1;80;1;1;2;3; ;2; ;2; ; ; ; ;9;2;1;07;50;180,157803404291;50
3248307;1;3;1;80;1;2; ; ; ;2; ;2; ;2; ;.; ; ;1;07;50;180,157803404291;50
3248308;1;3;1;80;1;2; ; ; ;2; ;2; ;2; ;.; ; ;1;07;50;199,828836793179;50
3248309;1;2;1;80;1;2; ; ; ;2; ;2; ;2; ;.; ; ;1;07;50;180,863930221099;50
3248309;1;3;1;80;1;1;4;4; ;2; ;2; ; ; ; ;4;2;1;07;50;180,863930221099;50
3248310;1;2;1;80;1;2; ; ; ;2; ;2; ;2; ;.; ; ;1;07;50;193,525161384085;50
3248311;1;2;1;80;1;1;4;3; ;2; ;2; ; ; ; ;9;2;1;07;50;190,424508865236;50
3248315;1;3;1;80;1;2; ; ; ;2; ;2; ;2; ;.; ; ;1;07;50;183,309641108838;50
3248316;1;3;1;80;1;2; ; ; ;2; ;2; ;2; ;.; ; ;1;07;50;853,049642592386;50
3248317;1;2;1;80;1;1;4;4; ;2; ;2; ; ; ; ;9;2;1;07;50;183,309641108838;50
3248317;1;3;1;80;1;2; ; ; ;2; ;2; ;1;1; ;4; ;1;07;50;183,309641108838;50
3248320;1;3;1;80;1;2; ; ; ;2; ;2; ;2; ;.; ; ;1;07;50;199,843867482605;50
3248320;1;4;1;80;1;2; ; ; ;2; ;2; ;2; ;.; ; ;1;07;50;199,843867482605;50
3248321;1;2;1;80;1;1;2;4; ;2; ;2; ; ; ; ;4;2;1;07;50;177,754403869938;50
3248321;1;3;1;80;1;2; ; ; ;2; ;2; ;2; ;.; ; ;1;07;50;177,754403869938;50
3248321;1;4;1;80;1;2; ; ; ; ; ;2; ;2; ;.; ; ;1;07;50;177,754403869938;50
3248321;1;5;1;80;1;1;4;9;EDAD;2; ;2; ; ; ; ;8;2;1;07;50;177,754403869938;50
3248321;1;6;1;80;1;1;4;4; ;2; ;2; ; ; ; ;8;2;1;07;50;177,754403869938;50
3248322;1;1;1;80;1;1;4;4; ;2; ;2; ; ; ; ;4;2;1;07;50;173,25135941534;50
3248322;1;2;1;80;1;2; ; ; ;2; ;2; ;2; ;.; ; ;1;07;50;173,25135941534;50
3248323;1;2;1;80;1;1;1;6; ;2; ;1;1200000; ; ; ;11;2;1;07;50;133,577541036481;50
3248323;1;4;1;80;1;1;1;2; ;2; ;2; ; ; ; ;2;2;1;07;50;133,577541036481;50
3248325;1;3;1;80;1;2; ; ; ;2; ;2; ;2; ;.; ; ;1;07;50;186,66102874852;50
3248325;1;4;1;80;1;2; ; ; ; ; ;2; ;2; ;.; ; ;1;07;50;186,66102874852;50
3248325;1;5;1;80;1;1;4;5; ;3; ;2; ; ; ; ;8;2;1;07;50;186,66102874852;50
3248326;1;2;1;80;1;1;2;3; ;2; ;2; ; ; ; ;9;2;1;07;50;206,045172520302;50
3248326;1;5;1;80;1;2; ; ; ;2; ;2; ;2; ;.; ; ;1;07;50;206,045172520302;50
3248326;1;6;1;80;1;2; ; ; ; ; ;2; ;2; ;.; ; ;1;07;50;206,045172520302;50
3248340;1;1;1;80;1;1;4;5; ;3; ;2; ; ; ; ;10;2;1;07;13;785,393287088271;13
3248340;1;2;1;80;1;1;4;3; ;2; ;2; ; ; ; ;9;2;1;07;13;785,393287088271;13
3248340;1;3;1;80;1;1;4;5; ;2; ;2; ; ; ; ;10;2;1;07;13;785,393287088271;13
3248342;1;4;1;80;1;2; ; ; ;2; ;2; ;2; ;.; ; ;1;07;13;951,766484488839;13
3248342;1;5;1;80;1;1;4;5; ;3; ;2; ; ; ; ;10;2;1;07;13;951,766484488839;13
3248343;1;2;1;80;1;1;1;8; ;2; ;2; ; ; ; ;3;2;1;07;13;359,997371749102;13
3248343;1;4;1;80;1;2; ; ; ;2; ;2; ;2; ;.; ; ;1;07;13;359,997371749102;13
3248344;1;2;1;80;1;1;4;3; ;2; ;2; ; ; ; ;9;2;1;07;13;341,361667504257;13
3248344;1;3;1;80;1;2; ; ; ; ; ;2; ;2; ;.; ; ;1;07;13;341,361667504257;13
3248345;1;2;1;80;1;1;4;3; ;2; ;2; ; ; ; ;9;2;1;07;13;419,07549820714;13
3248346;1;2;1;80;1;2; ; ; ;2; ;2; ;2; ;.; ; ;1;07;13;639,109899071819;13
3248347;1;1;1;80;1;2; ; ; ;2; ;2; ;2; ;.; ; ;1;07;13;807,910423081483;13
3248347;1;2;1;80;1;1;4;3; ;2; ;2; ; ; ; ;9;2;1;07;13;807,910423081483;13
3248347;1;4;1;80;1;2; ; ; ;2; ;2; ;2; ;.; ; ;1;07;13;807,910423081483;13
3248347;1;5;1;80;1;2; ; ; ; ; ;2; ;2; ;.; ; ;1;07;13;807,910423081483;13
3248354;1;2;1;80;1;1;4;3; ;2; ;2; ; ; ; ;9;2;1;07;13;772,704874716641;13
3248354;1;3;1;80;1;2; ; ; ;2; ;2; ;2; ;.; ; ;1;07;13;772,704874716641;13
3248354;1;4;1;80;1;2; ; ; ; ; ;2; ;2; ;.; ; ;1;07;13;772,704874716641;13
3248357;1;1;1;80;1;1;4;5; ;3; ;2; ; ; ; ;10;2;1;07;52;817,732392922056;52
3248357;1;4;1;80;1;2; ; ; ; ; ;2; ;2; ;.; ; ;1;07;52;817,732392922056;52
3248358;1;2;1;80;1;2; ; ; ; ; ;2; ;2; ;.; ; ;1;07;52;591,349102231364;52
3248358;2;2;2;80;1;2; ; ; ;2; ;2; ;2; ;.; ; ;1;07;52;591,349102231364;52
3248358;2;3;2;80;1;2; ; ; ;2; ;2; ;2; ;.; ; ;1;07;52;591,349102231364;52
3248359;1;3;1;80;1;1;4;4; ;2; ;2; ; ; ; ;4;2;1;07;52;503,023894579287;52
3248359;1;5;1;80;1;1;1;8; ;2; ;2; ; ; ; ;9;2;1;07;52;503,023894579287;52
3248360;1;7;1;80;1;2; ; ; ;2; ;2; ;2; ;.; ; ;1;07;52;183,394257120897;52
3248360;1;8;1;80;1;2; ; ; ; ; ;2; ;2; ;.; ; ;1;07;52;183,394257120897;52
3248361;1;3;1;80;1;2; ; ; ;2; ;2; ;2; ;.; ; ;1;07;52;123,675846456193;52
3248361;1;4;1;80;1;1;3;9;EDAD;2; ;2; ; ; ; ;8;2;1;07;52;123,675846456193;52
3248361;1;5;1;80;1;2; ; ; ;2; ;2; ;2; ;.; ; ;1;07;52;123,675846456193;52
3248363;1;2;1;80;1;1;1;4; ;2; ;2; ; ; ; ;4;2;1;07;52;664,487480943824;52
3248363;1;4;1;80;1;2; ; ; ;2; ;2; ;2; ;.; ; ;1;07;52;664,487480943824;52
3248364;1;2;1;80;1;1;4;3; ;2; ;2; ; ; ; ;9;2;1;07;52;819,342846570039;52
3248365;1;2;1;80;1;1;4;3; ;2; ;2; ; ; ; ;8;2;1;07;52;115,329645528032;52
3248365;1;3;1;80;1;1;1;8; ;2; ;1;240000; ;1; ;1;1;1;07;52;115,329645528032;52
3248365;1;4;1;80;1;2; ; ; ; ; ;2; ;2; ;.; ; ;1;07;52;115,329645528032;52
3248365;1;9;1;80;1;2; ; ; ;2; ;2; ;2; ;.; ; ;1;07;52;115,329645528032;52
3248365;1;10;1;80;1;2; ; ; ; ; ;2; ;2; ;.; ; ;1;07;52;115,329645528032;52
3248366;1;2;1;80;1;1;1;8; ;2; ;2; ; ;1; ;2;1;1;07;52;150,51079353799;52
3248366;1;3;1;80;1;2; ; ; ; ; ;2; ;2; ;.; ; ;1;07;52;150,51079353799;52
3248369;1;4;1;80;1;2; ; ; ;2; ;2; ;2; ;.; ; ;1;07;52;167,502574626484;52
3248371;1;2;1;80;1;2; ; ; ;2; ;2; ;2; ;.; ; ;1;07;52;170,301978915082;52
3248372;1;1;1;80;1;1;4;5; ;3; ;2; ; ; ; ;11;2;1;07;52;151,955322659555;52
3248374;1;2;1;80;1;1;1;8; ;2; ;2; ; ; ; ;9;2;1;07;52;150,8622697492;52
3248374;1;3;1;80;1;2; ; ; ; ; ;2; ;2; ;.; ; ;1;07;52;150,8622697492;52
3248374;1;4;1;80;1;2; ; ; ; ; ;2; ;2; ;.; ; ;1;07;52;150,8622697492;52
3248376;1;1;1;80;1;1;4;5; ;3; ;2; ; ; ; ;10;2;1;07;52;132,171299632017;52
3248377;1;1;1;80;1;1;4;3; ;2; ;2; ; ; ; ;9;2;1;07;52;128,67140620528;52
3248378;1;2;1;80;1;1;4;3; ;2; ;2; ; ; ; ;9;2;1;07;52;117,250662432409;52
3248380;1;1;1;80;1;1;4;3; ;2; ;2; ; ; ; ;9;2;1;07;52;129,371895343419;52
3248381;1;2;1;80;1;1;1;6; ;2; ;2; ; ; ; ;1;2;1;07;52;149,982293817545;52
3248381;1;4;1;80;1;2; ; ; ;2; ;2; ;2; ;.; ; ;1;07;52;149,982293817545;52
3248381;1;5;1;80;1;1;2;4; ;2; ;2; ; ; ; ;4;2;1;07;52;149,982293817545;52
3248381;1;6;1;80;1;1;1;2; ;2; ;2; ; ; ; ;2;2;1;07;52;149,982293817545;52
3248382;1;3;1;80;1;2; ; ; ; ; ;2; ;2; ;.; ; ;1;07;52;217,38926588191;52
3248382;1;6;1;80;1;1;4;3; ;2; ;2; ; ; ; ;4;2;1;07;52;217,38926588191;52
3248383;1;1;1;80;1;1;4;4; ;2; ;2; ; ; ; ;4;2;1;07;52;146,885013802804;52
3248385;1;1;1;80;1;1;4;1; ;2; ;2; ; ; ; ;8;2;1;07;52;128,67140620528;52
3248386;1;1;1;80;1;1;4;5; ;3; ;2; ; ; ; ;8;2;1;07;52;117,376548740859;52
3248387;1;1;1;80;1;1;4;5; ;3; ;2; ; ; ; ;10;2;1;07;52;199,213537126101;52
3248387;1;3;1;80;1;2; ; ; ;2; ;2; ;2; ;.; ; ;1;07;52;199,213537126101;52
3248388;1;1;1;80;1;1;1;4; ;2; ;1;98; ; ; ;4;2;1;07;52;143,333983175282;52
3248388;1;2;1;80;1;1;2;4; ;2; ;2; ; ; ; ;4;2;1;07;52;143,333983175282;52
3248389;1;3;1;80;1;2; ; ; ; ; ;2; ;2; ;.; ; ;1;07;52;205,035472321776;52
3248391;1;2;1;80;1;1;4;8; ;2; ;2; ; ; ; ;9;2;1;07;52;150,185146550275;52
3248393;1;3;1;80;1;2; ; ; ;2; ;2; ;2; ;.; ; ;1;07;52;205,035472321776;52
3248397;1;2;1;80;1;2; ; ; ;2; ;2; ;2; ;.; ; ;1;07;13;386,35243735832;13
3248397;1;4;1;80;1;2; ; ; ;2; ;2; ;2; ;.; ; ;1;07;13;386,35243735832;13
3248399;1;3;1;80;1;1;1;3; ;2; ;2; ; ; ; ;7;2;1;07;13;440,402401710093;13
3248403;1;3;1;80;1;2; ; ; ; ; ;2; ;1;1; ;8; ;1;07;13;386,35243735832;13
3248404;1;1;1;80;1;1;4;5; ;3; ;2; ; ; ; ;10;2;1;07;13;401,284938412518;13
3248408;1;1;1;80;1;2; ; ; ;2; ;2; ;2; ;.; ; ;1;07;13;655,941063218429;13
3248410;1;1;1;80;1;1;3;5; ;2; ;2; ; ; ; ;10;2;1;07;13;418,887712594939;13
3248410;1;2;1;80;1;1;4;5; ;3; ;2; ; ; ; ;10;2;1;07;13;418,887712594939;13
3248412;1;2;1;80;1;1;4;3; ;2; ;2; ; ; ; ;9;2;1;07;13;358,947705002969;13
3248412;1;3;1;80;1;2; ; ; ;2; ;2; ;2; ;.; ; ;1;07;13;358,947705002969;13
3248412;1;4;1;80;1;2; ; ; ; ; ;2; ;2; ;.; ; ;1;07;13;358,947705002969;13
3248413;1;3;1;80;1;2; ; ; ; ; ;2; ;2; ;.; ; ;1;07;13;387,402104104453;13
3248414;1;2;1;80;1;1;4;3; ;2; ;2; ; ; ; ;9;2;1;07;13;354,815857407083;13
3248414;1;3;1;80;1;2; ; ; ;2; ;2; ;2; ;.; ; ;1;07;13;354,815857407083;13
3248414;1;7;1;80;1;2; ; ; ; ; ;2; ;2; ;.; ; ;1;07;13;354,815857407083;13
3248416;1;1;1;80;1;1;3;7; ;2; ;2; ; ; ;AL DESTRUIRSE EL BARRIO NO TIENE CLIENTES;12;2;1;07;13;485,68520041735;13
3248417;1;4;1;80;1;2; ; ; ;2; ;2; ;2; ;.; ; ;1;07;13;416,212474822729;13
3248418;1;2;1;80;1;1;3;3; ;2; ;2; ; ; ; ;9;2;1;07;13;350,130695614762;13
3248418;1;3;1;80;1;2; ; ; ;2; ;2; ;2; ;.; ; ;1;07;13;350,130695614762;13
3248419;1;1;1;80;1;1;4;5; ;3; ;2; ; ; ; ;10;2;1;07;13;366,260123289799;13
3248419;1;2;1;80;1;1;4;4; ;2; ;2; ; ; ; ;4;2;1;07;13;366,260123289799;13
3248419;1;4;1;80;1;2; ; ; ;2; ;2; ;2; ;.; ; ;1;07;13;366,260123289799;13
3248421;1;2;1;80;1;2; ; ; ; ; ;2; ;2; ;.; ; ;1;07;13;349,414987000318;13
3248422;1;1;1;80;1;1;4;3; ;2; ;2; ; ; ; ;9;2;1;07;13;276,810773048818;13
3248423;1;1;1;80;1;1;1;4; ;2; ;2; ; ; ; ;4;2;1;07;13;360,233265898152;13
3248424;1;3;1;80;1;2; ; ; ;2; ;2; ;2; ;.; ; ;1;07;13;443,502406511732;13
3248426;1;3;1;80;1;2; ; ; ;2; ;2; ;2; ;.; ; ;1;07;13;340,312000758123;13
3248426;1;4;1;80;1;2; ; ; ; ; ;2; ;2; ;.; ; ;1;07;13;340,312000758123;13
3248427;1;4;1;80;1;2; ; ; ; ; ;2; ;2; ;.; ; ;1;07;13;475,526495429817;13
3248429;1;2;1;80;1;1;4;7; ;2; ;2; ; ; ; ;9;2;1;07;13;400,773752093984;13
3248430;1;2;1;80;1;1;3;7; ;2; ;2; ; ; ; ;1;2;1;07;13;413,509054272681;13
3248430;1;10;1;80;1;2; ; ; ;2; ;2; ;2; ;.; ; ;1;07;13;413,509054272681;13
3248430;1;12;1;80;1;1;4;6; ;2; ;2; ; ; ; ;8;2;1;07;13;413,509054272681;13
3248431;1;3;1;80;1;2; ; ; ;2; ;2; ;2; ;.; ; ;1;07;13;401,657646713017;13
3248432;1;3;1;80;1;2; ; ; ;2; ;2; ;2; ;.; ; ;1;07;13;388,807742467377;13
3248434;1;2;1;80;1;2; ; ; ; ; ;2; ;2; ;.; ; ;1;07;13;300,919245291064;13
3248435;1;2;1;80;1;1;3;4; ;2; ;2; ; ; ; ;4;2;1;07;13;337,971496315414;13
3248437;1;3;1;80;1;2; ; ; ;2; ;2; ;2; ;.; ; ;1;07;13;395,121465468826;13
3248437;1;4;1;80;1;2; ; ; ; ; ;2; ;2; ;.; ; ;1;07;13;395,121465468826;13
3248438;1;5;1;80;1;1;4;3; ;2; ;2; ; ; ; ;4;2;1;07;13;437,727939135694;13
3248441;1;2;1;80;1;1;3;6; ;2; ;2; ; ; ; ;1;2;1;07;13;757,266151987896;13
3248442;1;3;1;80;1;2; ; ; ;2; ;2; ;2; ;.; ; ;1;07;13;555,687406222486;13
3248443;1;1;1;80;1;1;4;6; ;2; ;2; ; ; ; ;8;2;1;07;13;378,868970142997;13
3248444;1;3;1;80;1;2; ; ; ;2; ;2; ;2; ;.; ; ;1;07;13;367,293053352224;13
3248446;1;2;1;80;1;2; ; ; ; ; ;2; ;2; ;.; ; ;1;07;13;281,233874300085;13
3248446;1;3;1;80;1;2; ; ; ; ; ;2; ;2; ;.; ; ;1;07;13;281,233874300085;13
3248447;1;2;1;80;1;1;3;8; ;2; ;2; ; ; ; ;9;2;1;07;13;361,047038495235;13
3248449;1;2;1;80;1;1;2;3; ;2; ;2; ; ; ; ;9;2;1;07;50;180,157803404291;50
3248449;1;3;1;80;1;2; ; ; ;2; ;2; ;2; ;.; ; ;1;07;50;180,157803404291;50
3248454;1;2;1;80;1;2; ; ; ;2; ;2; ;2; ;.; ; ;1;07;13;367,716733113475;13
3248455;1;2;1;80;1;2; ; ; ;2; ;2; ;2; ;.; ; ;1;07;13;378,868970142997;13
3248456;1;1;1;80;1;1;3;4; ;2; ;2; ; ; ; ;4;2;1;07;13;458,280468061998;13
3248456;1;2;1;80;1;2; ; ; ;2; ;2; ;2; ;.; ; ;1;07;13;458,280468061998;13
3248456;1;4;1;80;1;2; ; ; ;2; ;2; ;2; ;.; ; ;1;07;13;458,280468061998;13
3248458;1;1;1;80;1;1;4;4; ;2; ;2; ; ; ; ;8;2;1;07;13;398,554341133976;13
3248459;1;4;1;80;1;2; ; ; ;2; ;2; ;2; ;.; ; ;1;07;13;364,584469558784;13
3248459;1;5;1;80;1;2; ; ; ;2; ;2; ;2; ;.; ; ;1;07;13;364,584469558784;13
3248459;1;6;1;80;1;2; ; ; ; ; ;2; ;2; ;.; ; ;1;07;13;364,584469558784;13
3248459;1;7;1;80;1;2; ; ; ;2; ;2; ;2; ;.; ; ;1;07;13;364,584469558784;13
3248461;1;1;1;80;1;1;1;2; ;2; ;2; ; ; ;NO TIENE LA EXPERIENCIA QUE LE EXIGEN;12;2;1;07;76;913,344301286777;76
3248461;1;2;1;80;1;1;1;2; ;2; ;2; ; ; ; ;8;2;1;07;76;913,344301286777;76
3248463;1;2;1;80;1;1;4;4; ;2; ;2; ; ; ; ;8;2;1;07;76;872,524393242029;76
3248465;1;3;1;80;1;2; ; ; ; ; ;2; ;2; ;.; ; ;1;07;76;766,984004164354;76
3248465;1;5;1;80;1;1;4;7; ;2; ;2; ; ;4; ;8;1;1;07;76;766,984004164354;76
3248466;1;4;1;80;1;2; ; ; ;2; ;2; ;2; ;.; ; ;1;07;76;802,446744992615;76
3248467;1;4;1;80;1;2; ; ; ; ; ;2; ;2; ;.; ; ;1;07;76;1302,43957895803;76
3248471;1;2;1;80;1;2; ; ; ;2; ;2; ;2; ;.; ; ;1;07;76;817,981240234892;76
3248472;1;6;1;80;1;2; ; ; ;2; ;2; ;2; ;.; ; ;1;07;76;873,318184114857;76
3248473;1;3;1;80;1;2; ; ; ; ; ;2; ;2; ;.; ; ;1;07;76;996,932352530952;76
3248473;1;4;1;80;1;2; ; ; ; ; ;2; ;2; ;.; ; ;1;07;76;996,932352530952;76
3248474;1;4;1;80;1;1;3;4; ;3; ;2; ; ; ; ;4;2;1;07;76;690,554657410975;76
3248474;1;5;1;80;1;1;4;3; ;2; ;2; ; ; ; ;9;2;1;07;76;690,554657410975;76
3248474;1;7;1;80;1;2; ; ; ; ; ;2; ;2; ;.; ; ;1;07;76;690,554657410975;76
3248476;1;3;1;80;1;2; ; ; ; ; ;2; ;2; ;.; ; ;1;07;76;1291,46846005941;76
3248477;1;1;1;80;1;1;4;5; ;3; ;2; ; ; ; ;11;2;1;07;76;871,664458281943;76
3248478;1;2;1;80;1;1;4;7; ;2; ;2; ; ; ; ;9;2;1;07;76;1565,09623393624;76
3248478;1;4;1;80;1;1;1;9;DESEA ESTUDIAR;2; ;2; ; ; ;PLANEA ESTUDIAR EN EL SENA;12;2;1;07;76;1565,09623393624;76
3248484;1;1;1;80;1;1;4;3; ;2; ;2; ; ; ; ;9;2;1;07;76;630,486458869241;76
3248484;1;3;1;80;1;2; ; ; ; ; ;2; ;2; ;.; ; ;1;07;76;630,486458869241;76
3248486;1;4;1;80;1;2; ; ; ;2; ;2; ;2; ;.; ; ;1;07;76;928,686408468827;76
3248486;1;5;1;80;1;2; ; ; ; ; ;2; ;2; ;.; ; ;1;07;76;928,686408468827;76
3248487;2;2;2;80;1;1;3;6; ;2; ;2; ; ; ; ;2;2;1;07;76;877,801006665405;76
3248490;1;1;1;80;1;1;1;3; ;2; ;2; ; ; ; ;9;2;1;07;76;1377,00004975799;76
3248491;1;1;1;80;1;1;4;4; ;2; ;2; ; ; ; ;4;2;1;07;76;983,421949536192;76
3248494;1;2;1;80;1;1;3;6; ;2; ;2; ; ; ; ;11;2;1;07;76;1069,66677631449;76
3248496;1;2;1;80;1;1;4;6; ;2; ;2; ; ; ; ;9;2;1;07;76;907,883818216904;76
3248497;1;3;1;80;1;2; ; ; ; ; ;2; ;2; ;.; ; ;1;07;76;1129,68550196183;76
3248498;1;2;1;80;1;1;1;6; ;2; ;2; ; ; ; ;2;2;1;07;76;877,801006665405;76
3248498;1;3;1;80;1;2; ; ; ; ; ;2; ;2; ;.; ; ;1;07;76;877,801006665405;76
3248502;1;2;1;80;1;2; ; ; ;2; ;2; ;2; ;.; ; ;1;07;76;1964,39924066752;76
3248502;1;4;1;80;1;2; ; ; ;2; ;2; ;2; ;.; ; ;1;07;76;1964,39924066752;76
3248502;1;5;1;80;1;2; ; ; ;2; ;2; ;2; ;.; ; ;1;07;76;1964,39924066752;76
3248504;1;2;1;80;1;2; ; ; ; ; ;2; ;1;1; ;8; ;1;07;76;1156,88926361211;76
3248504;1;3;1;80;1;2; ; ; ; ; ;2; ;2; ;.; ; ;1;07;76;1156,88926361211;76
3248507;1;1;1;80;1;1;4;9;POR MUERTE DE LA ESPOSA;3; ;2; ; ; ; ;10;2;1;07;76;1854,22647285805;76
3248508;1;3;1;80;1;2; ; ; ; ; ;2; ;2; ;.; ; ;1;07;76;782,43794561352;76
3248509;1;4;1;80;1;2; ; ; ; ; ;2; ;2; ;.; ; ;1;07;76;767,697241244071;76
3248509;2;3;2;80;1;2; ; ; ;2; ;2; ;2; ;.; ; ;1;07;76;767,697241244071;76
3248510;1;2;1;80;1;1;1;6; ;2; ;2; ; ; ; ;9;2;1;07;76;1156,0792818356;76
3248510;1;5;1;80;1;1;4;7; ;2; ;2; ; ; ; ;9;2;1;07;76;1156,0792818356;76
3248511;1;3;1;80;1;2; ; ; ;2; ;2; ;2; ;.; ; ;1;07;76;699,704172158569;76
3248515;1;1;1;80;1;1;1;4; ;2; ;2; ; ; ; ;4;2;1;07;76;1448,68804181333;76
3248516;1;3;1;80;1;2; ; ; ; ; ;2; ;2; ;.; ; ;1;07;76;1080,63789521311;76
3248522;1;1;1;80;1;1;1;1; ;2; ;2; ; ; ; ;2;2;1;07;76;807,010121336274;76
3248523;1;2;1;80;1;1;1;3; ;2; ;2; ; ; ; ;9;2;1;07;76;1033,35067168274;76
3248523;1;8;1;80;1;1;4;5; ;3; ;2; ; ; ; ;4;2;1;07;76;1033,35067168274;76
3248524;1;2;1;80;1;1;3;3; ;2; ;2; ; ; ; ;9;2;1;07;76;1239,79515867528;76
3248524;1;3;1;80;1;2; ; ; ;2; ;2; ;2; ;.; ; ;1;07;76;1239,79515867528;76
3248527;1;4;1;80;1;1;3;4; ;2; ;2; ; ; ; ;4;2;1;07;76;782,43794561352;76
3248528;1;4;1;80;1;2; ; ; ; ; ;2; ;2; ;.; ; ;1;07;76;822,352228518324;76
3248530;1;2;1;80;1;1;2;3; ;2; ;2; ; ; ; ;9;2;1;07;76;1306,09733016174;76
3248530;1;4;1;80;1;1;4;4; ;2; ;2; ; ; ; ;4;2;1;07;76;1306,09733016174;76
3248531;1;1;1;80;1;2; ; ; ;2; ;2; ;2; ;.; ; ;1;07;76;912,519229939945;76
3248531;1;2;1;80;1;1;4;3; ;3; ;2; ; ;3; ;1;1;1;07;76;912,519229939945;76
3248532;1;1;1;80;1;1;4;6; ;2; ;2; ; ; ; ;9;2;1;07;76;1034,30735133961;76
3248532;1;3;1;80;1;2; ; ; ;2; ;2; ;2; ;.; ; ;1;07;76;1034,30735133961;76
3248537;1;2;1;80;1;1;2;4; ;2; ;2; ; ; ; ;4;2;1;07;18;49,7301063776672;18
3248541;1;1;1;80;1;1;4;7; ;2; ;2; ; ; ; ;11;2;1;07;18;68,5009975497008;18
3248541;1;2;1;80;1;2; ; ; ;2; ;2; ;2; ;.; ; ;1;07;18;68,5009975497008;18
3248545;1;2;1;80;1;2; ; ; ;2; ;2; ;2; ;.; ; ;1;07;18;52,184650963531;18
3248546;1;2;1;80;1;1;2;3; ;2; ;2; ; ; ; ;9;2;1;07;18;78,7213525038476;18
3248546;1;3;1;80;1;2; ; ; ;2; ;2; ;2; ;.; ; ;1;07;18;78,7213525038476;18
3248546;1;4;1;80;1;2; ; ; ; ; ;2; ;2; ;.; ; ;1;07;18;78,7213525038476;18
3248546;1;5;1;80;1;2; ; ; ; ; ;2; ;2; ;.; ; ;1;07;18;78,7213525038476;18
3248546;1;6;1;80;1;2; ; ; ;2; ;2; ;2; ;.; ; ;1;07;18;78,7213525038476;18
3248549;1;2;1;80;1;2; ; ; ;2; ;2; ;2; ;.; ; ;1;07;18;75,3260215152341;18
3248551;1;1;1;80;1;1;3;4; ;2; ;2; ; ; ; ;4;2;1;07;18;54,5713423297937;18
3248551;1;4;1;80;1;2; ; ; ;2; ;2; ;2; ;.; ; ;1;07;18;54,5713423297937;18
3248554;1;1;1;80;1;2; ; ; ;2; ;2; ;2; ;.; ; ;1;07;18;95,5183752164849;18
3248555;1;3;1;80;1;2; ; ; ;2; ;2; ;2; ;.; ; ;1;07;18;61,9240490774731;18
3248555;1;4;1;80;1;2; ; ; ;2; ;2; ;2; ;.; ; ;1;07;18;61,9240490774731;18
3248557;1;1;1;80;1;1;4;5; ;3; ;2; ; ; ; ;10;2;1;07;18;68,5009975497008;18
3248557;1;2;1;80;1;1;4;5; ;3; ;2; ; ; ; ;10;2;1;07;18;68,5009975497008;18
3248558;1;1;1;80;1;1;1;3; ;2; ;2; ; ; ; ;9;2;1;07;18;49,7301063776672;18
3248559;1;2;1;80;1;2; ; ; ;2; ;2; ;2; ;.; ; ;1;07;18;80,709084057424;18
3248559;1;4;1;80;1;1;2;3; ;2; ;2; ; ; ; ;9;2;1;07;18;80,709084057424;18
3248563;1;3;1;80;1;2; ; ; ;2; ;2; ;2; ;.; ; ;1;07;18;53,6241666464108;18
3248563;1;4;1;80;1;2; ; ; ; ; ;2; ;2; ;.; ; ;1;07;18;53,6241666464108;18
3248564;1;3;1;80;1;2; ; ; ;2; ;2; ;1;3; ;9; ;1;07;18;70,004422912012;18
3248567;1;2;1;80;1;2; ; ; ;2; ;2; ;2; ;.; ; ;1;07;18;49,7301063776672;18
3248568;1;4;1;80;1;1;4;8; ;2; ;2; ; ; ; ;4;2;1;07;18;95,42207115775;18
3248568;1;5;1;80;1;1;4;8; ;2; ;2; ; ; ; ;8;2;1;07;18;95,42207115775;18
3248570;1;1;1;80;1;1;2;2; ;2; ;2; ; ; ; ;2;2;1;07;18;71,1099567283226;18
3248574;1;2;1;80;1;1;3;3; ;2; ;2; ; ; ; ;9;2;1;07;18;55,3534898858787;18
3248575;1;1;1;80;1;1;3;4; ;2; ;2; ; ; ; ;4;2;1;07;18;43,880824992299;18
3248576;1;2;1;80;1;1;3;3; ;2; ;2; ; ; ; ;9;2;1;07;18;76,3316212080121;18
3248577;1;2;1;80;1;1;1;3; ;2; ;2; ; ; ; ;9;2;1;07;18;98,0310303363718;18
3248577;1;3;1;80;1;2; ; ; ; ; ;2; ;2; ;.; ; ;1;07;18;98,0310303363718;18
3248578;1;3;1;80;1;1;1;2; ;2; ;2; ; ; ; ;2;2;1;07;18;36,897442893838;18
3248578;1;4;1;80;1;1;4;4; ;2; ;2; ; ; ; ;4;2;1;07;18;36,897442893838;18
3248579;1;1;1;80;1;2; ; ; ;2; ;2; ;2; ;.; ; ;1;07;18;32,2696987683641;18
3248579;1;3;1;80;1;2; ; ; ; ; ;2; ;2; ;.; ; ;1;07;18;32,2696987683641;18
3248584;1;2;1;80;1;2; ; ; ;2; ;2; ;2; ;.; ; ;1;07;18;93,7851084368474;18
3248584;1;3;1;80;1;2; ; ; ;2; ;2; ;2; ;.; ; ;1;07;18;93,7851084368474;18
3248584;1;4;1;80;1;2; ; ; ; ; ;2; ;2; ;.; ; ;1;07;18;93,7851084368474;18
3248586;1;2;1;80;1;2; ; ; ;2; ;2; ;2; ;.; ; ;1;07;18;60,4206237151619;18
3248586;1;3;1;80;1;1;4;4; ;2; ;2; ; ; ; ;4;2;1;07;18;60,4206237151619;18
3248587;2;2;2;80;1;1;1;3; ;2; ;2; ; ; ; ;9;2;1;07;18;70,2278750487051;18
3248592;1;1;1;80;1;1;4;3; ;2; ;2; ; ; ; ;4;2;1;07;18;32,2696987683641;18
3248592;1;2;1;80;1;1;4;3; ;2; ;2; ; ; ; ;9;2;1;07;18;32,2696987683641;18
3248593;1;4;1;80;1;2; ; ; ;2; ;2; ;2; ;.; ; ;1;07;18;37,777078832992;18
3248594;1;1;1;80;1;2; ; ; ;2; ;2; ;2; ;.; ; ;1;07;18;49,5717482447395;18
3248594;1;4;1;80;1;2; ; ; ;2; ;2; ;2; ;.; ; ;1;07;18;49,5717482447395;18
3248595;1;3;1;80;1;2; ; ; ; ; ;2; ;2; ;.; ; ;1;07;18;70,482339822644;18
3248597;1;2;1;80;1;1;4;4; ;2; ;2; ; ; ; ;4;2;1;07;18;32,2696987683641;18
3248597;1;3;1;80;1;2; ; ; ;2; ;2; ;2; ;.; ; ;1;07;18;32,2696987683641;18
3248597;1;5;1;80;1;2; ; ; ; ; ;2; ;2; ;.; ; ;1;07;18;32,2696987683641;18
3248598;1;2;1;80;1;1;3;8; ;2; ;2; ; ;2; ;1;1;1;07;18;49,7301063776672;18
3248599;1;2;1;80;1;2; ; ; ;2; ;2; ;2; ;.; ; ;1;07;18;43,6263602183601;18
3248599;1;3;1;80;1;2; ; ; ; ; ;2; ;2; ;.; ; ;1;07;18;43,6263602183601;18
3248600;1;2;1;80;1;2; ; ; ;2; ;2; ;2; ;.; ; ;1;07;18;32,2696987683641;18
3248600;1;5;1;80;1;2; ; ; ;2; ;2; ;2; ;.; ; ;1;07;18;32,2696987683641;18
3248602;1;2;1;80;1;2; ; ; ;2; ;2; ;2; ;.; ; ;1;07;18;53,6917063906398;18
3248603;1;2;1;80;1;1;1;2; ;2; ;2; ; ; ; ;2;2;1;07;18;37,0558010267657;18
3248607;1;2;1;80;1;1;1;9;CAMBIO DE DOMICILIO;2; ;2; ; ; ; ;9;2;1;07;18;49,7301063776672;18
3248608;1;2;1;80;1;2; ; ; ;2; ;2; ;2; ;.; ; ;1;07;18;37,0558010267657;18
3248610;1;2;1;80;1;1;1;2; ;2; ;2; ; ; ; ;2;2;1;07;18;49,4756416037283;18
3248614;1;3;1;80;1;2; ; ; ;2; ;2; ;2; ;.; ; ;1;07;18;91,2345732676207;18
3248614;1;4;1;80;1;2; ; ; ; ; ;2; ;2; ;.; ; ;1;07;18;91,2345732676207;18
3248615;1;2;1;80;1;1;4;3; ;2; ;2; ; ; ; ;9;2;1;07;18;64,7005981815048;18
3248615;1;4;1;80;1;1;3;9;CAMBIO DE DOMICILIO;2; ;2; ; ; ; ;9;2;1;07;18;64,7005981815048;18
3248616;1;2;1;80;1;1;1;4; ;2; ;2; ; ; ; ;4;2;1;07;18;67,6189158700833;18
3248616;1;3;1;80;1;1;4;3; ;2; ;2; ; ; ; ;9;2;1;07;18;67,6189158700833;18
3248616;1;4;1;80;1;2; ; ; ; ; ;2; ;2; ;.; ; ;1;07;18;67,6189158700833;18
3248617;1;1;1;80;1;2; ; ; ;2; ;2; ;2; ;.; ; ;1;07;18;73,4712371850241;18
3248617;1;3;1;80;1;2; ; ; ; ; ;2; ;2; ;.; ; ;1;07;18;73,4712371850241;18
3248619;1;2;1;80;1;1;4;3; ;2; ;2; ; ; ; ;9;2;1;07;47;265,5826326658;47
3248619;1;4;1;80;1;2; ; ; ;2; ;2; ;2; ;.; ; ;1;07;47;265,5826326658;47
3248619;1;5;1;80;1;2; ; ; ; ; ;2; ;2; ;.; ; ;1;07;47;265,5826326658;47
3248620;1;3;1;80;1;1;3;3; ;2; ;2; ; ; ; ;9;2;1;07;47;243,6871079026;47
3248620;1;5;1;80;1;1;1;8; ;2; ;2; ; ; ; ;3;2;1;07;47;243,6871079026;47
3248621;1;1;1;80;1;1;4;6; ;2; ;2; ; ; ; ;8;2;1;07;47;174,946287187946;47
3248623;1;3;1;80;1;2; ; ; ;2; ;2; ;2; ;.; ; ;1;07;47;172,389063418549;47
3248624;1;4;1;80;1;2; ; ; ;2; ;2; ;2; ;.; ; ;1;07;47;152,088474571672;47
3248625;1;3;1;80;1;2; ; ; ; ; ;2; ;2; ;.; ; ;1;07;47;178,589565965913;47
3248626;1;1;1;80;1;1;4;8; ;2; ;2; ; ; ; ;9;2;1;07;47;87,4483495145594;47
3248627;1;4;1;80;1;2; ; ; ;2; ;2; ;2; ;.; ; ;1;07;47;167,64375215257;47
3248630;1;2;1;80;1;1;3;6; ;2; ;2; ; ;1; ;5;1;1;07;47;213,973579276205;47
3248633;1;3;1;80;1;2; ; ; ;2; ;2; ;2; ;.; ; ;1;07;47;87,4483495145594;47
3248633;1;4;1;80;1;2; ; ; ;2; ;2; ;2; ;.; ; ;1;07;47;87,4483495145594;47
3248633;1;5;1;80;1;2; ; ; ;2; ;2; ;2; ;.; ; ;1;07;47;87,4483495145594;47
3248634;1;3;1;80;1;2; ; ; ; ; ;2; ;2; ;.; ; ;1;07;47;139,876728416268;47
3248635;1;3;1;80;1;2; ; ; ;2; ;2; ;2; ;.; ; ;1;07;47;186,221656300924;47
3248635;1;4;1;80;1;2; ; ; ; ; ;2; ;2; ;.; ; ;1;07;47;186,221656300924;47
3248636;1;1;1;80;1;1;4;4; ;2; ;2; ; ; ; ;4;2;1;07;47;240,292559587752;47
3248636;1;2;1;80;1;2; ; ; ;2; ;2; ;2; ;.; ; ;1;07;47;240,292559587752;47
3248636;1;6;1;80;1;2; ; ; ; ; ;2; ;2; ;.; ; ;1;07;47;240,292559587752;47
3248638;1;2;1;80;1;1;4;5; ;3; ;2; ; ; ; ;10;2;1;07;47;126,382267420686;47
3248639;1;3;1;80;1;1;2;3; ;2; ;2; ; ; ; ;9;2;1;07;47;144,457458722802;47
3248639;1;5;1;80;1;2; ; ; ; ; ;2; ;2; ;.; ; ;1;07;47;144,457458722802;47
3248640;1;1;1;80;1;1;3;6; ;2; ;2; ; ; ; ;1;2;1;07;47;212,959200047636;47
3248641;1;1;1;80;1;1;4;9;POR LA EDAD;2; ;2; ; ; ; ;8;2;1;07;47;87,4483495145594;47
3248641;1;2;1;80;1;2; ; ; ;2; ;2; ;2; ;.; ; ;1;07;47;87,4483495145594;47
3248642;1;1;1;80;1;1;4;5; ;3; ;2; ; ; ; ;10;2;1;07;47;238,712172707076;47
3248642;1;2;1;80;1;2; ; ; ;2; ;2; ;2; ;.; ; ;1;07;47;238,712172707076;47
3248642;1;3;1;80;1;2; ; ; ;2; ;2; ;2; ;.; ; ;1;07;47;238,712172707076;47
3248642;1;6;1;80;1;1;3;3; ;2; ;2; ; ; ; ;9;2;1;07;47;238,712172707076;47
3248643;1;1;1;80;1;1;3;4; ;2; ;2; ; ; ; ;4;2;1;07;47;174,210800614045;47
3248643;1;3;1;80;1;2; ; ; ;2; ;2; ;2; ;.; ; ;1;07;47;174,210800614045;47
3248644;1;1;1;80;1;1;4;5; ;3; ;2; ; ; ; ;10;2;1;07;47;155,570676145963;47
3248645;1;2;1;80;1;1;4;3; ;2; ;2; ; ; ; ;9;2;1;07;47;251,960153420554;47
3248646;1;2;1;80;1;2; ; ; ;2; ;2; ;2; ;.; ; ;1;07;47;217,707333963988;47
3248646;1;3;1;80;1;2; ; ; ;2; ;2; ;2; ;.; ; ;1;07;47;217,707333963988;47
3248647;1;6;1;80;1;2; ; ; ;2; ;2; ;2; ;.; ; ;1;07;47;196,630494612902;47
3248647;1;7;1;80;1;2; ; ; ; ; ;2; ;2; ;.; ; ;1;07;47;196,630494612902;47
3248647;1;12;1;80;1;2; ; ; ;2; ;2; ;2; ;.; ; ;1;07;47;196,630494612902;47
3248648;1;2;1;80;1;1;4;3; ;2; ;2; ; ; ; ;9;2;1;07;47;251,510960393604;47
3248651;1;2;1;80;1;2; ; ; ;2; ;2; ;2; ;.; ; ;1;07;47;248,106761005457;47
3248651;1;3;1;80;1;2; ; ; ; ; ;2; ;2; ;.; ; ;1;07;47;248,106761005457;47
3248655;1;2;1;80;1;2; ; ; ;2; ;2; ;2; ;.; ; ;1;07;47;185,156614427388;47
3248656;1;2;1;80;1;1;4;1; ;2; ;2; ; ; ; ;8;2;1;07;47;125,043782580204;47
3248656;1;4;1;80;1;1;1;8; ;2; ;2; ; ; ; ;2;2;1;07;47;125,043782580204;47
3248657;1;1;1;80;1;1;4;3; ;2; ;2; ; ; ; ;9;2;1;07;47;255,2904061037;47
3248658;1;2;1;80;1;2; ; ; ;2; ;2; ;2; ;.; ; ;1;07;47;91,9260545656617;47
3248658;1;4;1;80;1;2; ; ; ;2; ;2; ;2; ;.; ; ;1;07;47;91,9260545656617;47
3248659;1;1;1;80;1;1;3;5; ;3; ;2; ; ; ; ;10;2;1;07;47;191,764674460531;47
3248659;1;2;1;80;1;2; ; ; ;2; ;2; ;2; ;.; ; ;1;07;47;191,764674460531;47
3248659;1;3;1;80;1;2; ; ; ;2; ;2; ;2; ;.; ; ;1;07;47;191,764674460531;47
3248659;1;4;1;80;1;2; ; ; ;2; ;2; ;2; ;.; ; ;1;07;47;191,764674460531;47
3248660;1;1;1;80;1;1;4;5; ;3; ;2; ; ; ; ;10;2;1;07;47;162,895618236218;47
3248660;1;2;1;80;1;1;4;3; ;2; ;2; ; ; ; ;9;2;1;07;47;162,895618236218;47
3248660;1;3;1;80;1;2; ; ; ;2; ;2; ;2; ;.; ; ;1;07;47;162,895618236218;47
3248660;1;4;1;80;1;2; ; ; ;2; ;2; ;2; ;.; ; ;1;07;47;162,895618236218;47
3248661;1;2;1;80;1;1;1;3; ;2; ;2; ; ; ; ;9;2;1;07;47;233,637857866834;47
3248661;1;4;1;80;1;2; ; ; ;2; ;2; ;2; ;.; ; ;1;07;47;233,637857866834;47
3248661;1;5;1;80;1;2; ; ; ; ; ;2; ;2; ;.; ; ;1;07;47;233,637857866834;47
3248661;1;8;1;80;1;2; ; ; ; ; ;2; ;2; ;.; ; ;1;07;47;233,637857866834;47
3248664;1;5;1;80;1;2; ; ; ; ; ;2; ;2; ;.; ; ;1;07;47;253,015420400112;47
3248665;1;2;1;80;1;1;1;6; ;2; ;2; ; ; ; ;8;2;1;07;47;178,589565965913;47
3248665;1;3;1;80;1;2; ; ; ; ; ;2; ;2; ;.; ; ;1;07;47;178,589565965913;47
3248666;1;1;1;80;1;1;4;5; ;3; ;2; ; ; ; ;10;2;1;07;47;200,799545267728;47
3248666;1;3;1;80;1;2; ; ; ;2; ;2; ;2; ;.; ; ;1;07;47;200,799545267728;47
3248668;1;4;1;80;1;2; ; ; ;2; ;2; ;2; ;.; ; ;1;07;47;244,624559431166;47
3248668;1;5;1;80;1;2; ; ; ;2; ;2; ;2; ;.; ; ;1;07;47;244,624559431166;47
3248669;1;2;1;80;1;1;3;2; ;2; ;2; ; ; ; ;2;2;1;07;47;151,672340498735;47
3248670;1;1;1;80;1;2; ; ; ;2; ;2; ;2; ;.; ; ;1;07;47;221,189535538279;47
3248670;1;2;1;80;1;2; ; ; ;2; ;2; ;2; ;.; ; ;1;07;47;221,189535538279;47
3248673;1;2;1;80;1;2; ; ; ;2; ;2; ;2; ;.; ; ;1;07;47;250,903064164674;47
3248673;1;3;1;80;1;2; ; ; ;2; ;2; ;2; ;.; ; ;1;07;47;250,903064164674;47
3248673;1;4;1;80;1;2; ; ; ; ; ;2; ;2; ;.; ; ;1;07;47;250,903064164674;47
3248677;1;2;1;80;1;2; ; ; ;2; ;2; ;2; ;.; ; ;1;07;47;87,4483495145594;47
3248677;1;4;1;80;1;2; ; ; ;2; ;2; ;2; ;.; ; ;1;07;47;87,4483495145594;47
3248677;1;7;1;80;1;2; ; ; ;2; ;2; ;2; ;.; ; ;1;07;47;87,4483495145594;47
3248678;1;3;1;80;1;2; ; ; ;2; ;2; ;2; ;.; ; ;1;07;47;187,952917586605;47
3248679;1;2;1;80;1;1;4;3; ;2; ;2; ; ; ; ;9;2;1;07;47;235,261207810475;47
3248679;1;3;1;80;1;2; ; ; ;2; ;2; ;2; ;.; ; ;1;07;47;235,261207810475;47
3248679;1;4;1;80;1;2; ; ; ;2; ;2; ;2; ;.; ; ;1;07;47;235,261207810475;47
3248679;1;5;1;80;1;2; ; ; ; ; ;2; ;2; ;.; ; ;1;07;47;235,261207810475;47
3248684;1;1;1;80;1;1;4;4; ;3; ;2; ; ; ; ;4;2;1;07;17;164,801546373786;17
3248684;1;2;1;80;1;1;4;3; ;2; ;2; ; ; ; ;9;2;1;07;17;164,801546373786;17
3248684;1;3;1;80;1;2; ; ; ;2; ;2; ;2; ;.; ; ;1;07;17;164,801546373786;17
3248685;1;4;1;80;1;2; ; ; ;2; ;2; ;2; ;.; ; ;1;07;17;205,260276031649;17
3248686;1;3;1;80;1;1;1;2; ;2; ;2; ; ; ; ;2;2;1;07;17;219,215314763525;17
3248687;1;4;1;80;1;2; ; ; ; ; ;2; ;2; ;.; ; ;1;07;17;299,762634369844;17
3248688;1;3;1;80;1;2; ; ; ; ; ;2; ;2; ;.; ; ;1;07;17;211,024072358423;17
3248691;1;2;1;80;1;1;1;8; ;1;1;2; ; ; ; ;9;2;1;07;17;177,863164872192;17
3248692;1;1;1;80;1;1;4;8; ;2; ;2; ; ; ; ;9;2;1;07;17;305,526430696618;17
3248693;1;5;1;80;1;2; ; ; ;2; ;2; ;2; ;.; ; ;1;07;17;281,392729578161;17
3248693;1;7;1;80;1;2; ; ; ;2; ;2; ;2; ;.; ; ;1;07;17;281,392729578161;17
3248695;1;1;1;80;1;1;4;3; ;2; ;2; ; ;4; ;4;1;1;07;17;146,225632521477;17
3248696;1;1;1;80;1;1;4;5; ;3; ;2; ; ; ; ;10;2;1;07;17;165,194136443043;17
3248696;1;2;1;80;1;2; ; ; ;2; ;2; ;2; ;.; ; ;1;07;17;165,194136443043;17
3248699;1;2;1;80;1;1;4;3; ;2; ;2; ; ; ; ;9;2;1;07;17;262,284418734355;17
3248699;1;3;1;80;1;2; ; ; ; ; ;2; ;2; ;.; ; ;1;07;17;262,284418734355;17
3248701;1;1;1;80;1;1;1;8; ;2; ;2; ; ; ; ;1;2;1;07;17;157,514374911497;17
3248701;1;3;1;80;1;1;1;2; ;2; ;2; ; ; ; ;2;2;1;07;17;157,514374911497;17
3248702;1;1;1;80;1;1;1;4; ;2; ;2; ; ; ; ;9;2;1;07;17;252,376222249756;17
3248703;1;4;1;80;1;1;1;8; ;2; ;1;80000; ; ; ;1;2;1;07;17;300,132403479404;17
3248703;1;9;1;80;1;1;1;8; ;2; ;2; ; ; ; ;5;2;1;07;17;300,132403479404;17
3248704;1;2;1;80;1;1;1;4; ;2; ;2; ; ; ; ;4;2;1;07;17;199,801648915232;17
3248704;1;4;1;80;1;1;1;8; ;2; ;2; ; ; ; ;2;2;1;07;17;199,801648915232;17
3248705;1;2;1;80;1;1;2;3; ;2; ;2; ; ; ; ;9;2;1;07;17;285,365823983735;17
3248706;1;2;1;80;1;2; ; ; ;2; ;2; ;2; ;.; ; ;1;07;17;162,973002027914;17
3248707;1;2;1;80;1;1;3;8; ;2; ;2; ; ;2; ;5;1;1;07;17;174,709742858385;17
3248708;1;1;1;80;1;1;1;8; ;2; ;2; ; ; ; ;5;2;1;07;17;119,12206808999;17
3248708;1;2;1;80;1;2; ; ; ;2; ;2; ;2; ;.; ; ;1;07;17;119,12206808999;17
3248708;1;4;1;80;1;2; ; ; ;2; ;2; ;2; ;.; ; ;1;07;17;119,12206808999;17
3248709;1;1;1;80;1;1;4;6; ;2; ;2; ; ; ; ;8;2;1;07;17;140,800106474253;17
3248711;1;1;1;80;1;1;3;4; ;2; ;2; ; ; ; ;4;2;1;07;17;214,289084638605;17
3248711;1;2;1;80;1;2; ; ; ;2; ;2; ;2; ;.; ; ;1;07;17;214,289084638605;17
3248711;1;3;1;80;1;1;3;3; ;2; ;2; ; ; ; ;2;2;1;07;17;214,289084638605;17
3248711;1;4;1;80;1;2; ; ; ; ; ;2; ;2; ;.; ; ;1;07;17;214,289084638605;17
3248716;1;3;1;80;1;2; ; ; ;2; ;2; ;2; ;.; ; ;1;07;17;205,433184023083;17
3248717;1;1;1;80;1;2; ; ; ;2; ;2; ;2; ;.; ; ;1;07;17;99,852833710974;17
3248717;1;3;1;80;1;1;2;4; ;2; ;2; ; ; ; ;11;2;1;07;17;99,852833710974;17
3248718;1;2;1;80;1;1;1;8; ;2; ;2; ; ; ; ;3;2;1;07;17;200,583478882326;17
3248720;1;1;1;80;1;2; ; ; ;2; ;2; ;2; ;.; ; ;1;07;17;145,443802554383;17
3248721;1;2;1;80;1;1;3;7; ;2; ;2; ; ; ; ;7;2;1;07;17;172,099368545418;17
3248721;1;3;1;80;1;2; ; ; ;2; ;2; ;2; ;.; ; ;1;07;17;172,099368545418;17
3248722;1;1;1;80;1;1;4;3; ;2; ;2; ; ; ; ;11;2;1;07;17;93,5533515731853;17
3248722;1;3;1;80;1;2; ; ; ;2; ;2; ;2; ;.; ; ;1;07;17;93,5533515731853;17
3248723;1;1;1;80;1;2; ; ; ;2; ;2; ;2; ;.; ; ;1;07;63;143,036992825201;63
3248723;1;3;1;80;1;2; ; ; ;2; ;2; ;2; ;.; ; ;1;07;63;143,036992825201;63
3248724;1;2;1;80;1;1;2;8; ;2; ;2; ; ; ; ;1;2;1;07;63;178,675062124653;63
3248726;1;1;1;80;1;1;4;5; ;3; ;2; ; ; ; ;10;2;1;07;17;116,633304286603;17
3248726;1;2;1;80;1;2; ; ; ;2; ;2; ;2; ;.; ; ;1;07;17;116,633304286603;17
3248726;1;5;1;80;1;2; ; ; ;2; ;2; ;2; ;.; ; ;1;07;17;116,633304286603;17
3248727;1;1;1;80;1;1;1;6; ;2; ;2; ; ; ; ;11;2;1;07;63;114,331859933495;63
3248727;1;2;1;80;1;1;1;3; ;2; ;2; ; ; ; ;9;2;1;07;63;114,331859933495;63
3248728;1;3;1;80;1;2; ; ; ; ; ;2; ;2; ;.; ; ;1;07;63;142,80546889355;63
3248729;1;2;1;80;1;1;2;8; ;2; ;2; ; ; ; ;9;2;1;07;63;164,383245744282;63
3248730;1;1;1;80;1;1;1;8; ;2; ;2; ; ; ; ;9;2;1;07;63;135,782110584479;63
3248731;1;1;1;80;1;1;4;8; ;2; ;2; ; ; ; ;9;2;1;07;63;169,722724310341;63
3248731;1;2;1;80;1;1;1;4; ;2; ;1;70000; ; ; ;4;2;1;07;63;169,722724310341;63
3248731;1;3;1;80;1;2; ; ; ;2; ;2; ;2; ;.; ; ;1;07;63;169,722724310341;63
3248731;1;4;1;80;1;1;4;8; ;2; ;2; ; ; ; ;9;2;1;07;63;169,722724310341;63
3248731;1;5;1;80;1;1;3;2; ;2; ;2; ; ; ; ;2;2;1;07;63;169,722724310341;63
3248732;1;2;1;80;1;1;4;4; ;2; ;2; ; ; ; ;4;2;1;07;63;131,13341268487;63
3248734;1;3;1;80;1;2; ; ; ;2; ;2; ;2; ;.; ; ;1;07;63;208,150551703699;63
3248734;1;4;1;80;1;2; ; ; ; ; ;2; ;2; ;.; ; ;1;07;63;208,150551703699;63
3248734;1;9;1;80;1;1;3;4; ;2; ;2; ; ; ; ;4;2;1;07;63;208,150551703699;63
3248736;1;2;1;80;1;1;3;2; ;2; ;2; ; ; ; ;2;2;1;07;63;135,782110584479;63
3248738;1;1;1;80;1;1;4;5; ;3; ;2; ; ; ; ;10;2;1;07;63;131,13341268487;63
3248738;1;2;1;80;1;1;4;3; ;2; ;2; ; ; ; ;9;2;1;07;63;131,13341268487;63
3248740;1;2;1;80;1;1;4;3; ;2; ;2; ; ; ; ;1;2;1;07;63;139,166611638747;63
3248741;1;1;1;80;1;1;3;5; ;3; ;2; ; ; ; ;10;2;1;07;63;135,378406392861;63
3248741;1;5;1;80;1;2; ; ; ;2; ;2; ;2; ;.; ; ;1;07;63;135,378406392861;63
3248742;1;1;1;80;1;2; ; ; ;3; ;2; ;1;4; ;10; ;1;07;63;140,509836892586;63
3248742;1;3;1;80;1;2; ; ; ; ; ;2; ;2; ;.; ; ;1;07;63;140,509836892586;63
3248766;1;2;1;80;1;2; ; ; ; ; ;2; ;2; ;.; ; ;1;07;41;244,594567732492;41
3248767;1;2;1;80;1;1;1;6; ;2; ;1;400000; ; ; ;9;2;1;07;41;162,115603379853;41
3248768;1;2;1;80;1;1;4;9;LAS HIJAS NO LA DEJAN TRABAJAR;2; ;2; ; ; ; ;8;2;1;07;41;92,5620942671215;41
3248768;1;4;1;80;1;1;1;2; ;2; ;2; ; ; ; ;2;2;1;07;41;92,5620942671215;41
3248769;1;4;1;80;1;2; ; ; ;2; ;2; ;2; ;.; ; ;1;07;41;148,460024687541;41
3248770;1;2;1;80;1;1;4;9;TRASLADO DE CIUDAD;2; ;2; ; ; ; ;9;2;1;07;41;99,0104128777912;41
3248770;1;3;1;80;1;2; ; ; ; ; ;2; ;2; ;.; ; ;1;07;41;99,0104128777912;41
3248770;1;4;1;80;1;2; ; ; ; ; ;2; ;2; ;.; ; ;1;07;41;99,0104128777912;41
3248771;1;1;1;80;1;2; ; ; ;2; ;2; ;2; ;.; ; ;1;07;41;81,7962364330986;41
3248771;1;2;1;80;1;2; ; ; ;2; ;2; ;1;4; ;9; ;1;07;41;81,7962364330986;41
3248771;1;3;1;80;1;1;3;9;TRASLADO DE PAIS;3; ;2; ; ; ; ;10;2;1;07;41;81,7962364330986;41
3248774;1;3;1;80;1;2; ; ; ;2; ;2; ;2; ;.; ; ;1;07;41;99,3751606941347;41
3248774;1;4;1;80;1;2; ; ; ;2; ;2; ;2; ;.; ; ;1;07;41;99,3751606941347;41
3248775;1;1;1;80;1;2; ; ; ;2; ;2; ;2; ;.; ; ;1;07;41;147,114705004446;41
3248775;1;2;1;80;1;2; ; ; ;2; ;2; ;2; ;.; ; ;1;07;41;147,114705004446;41
3248776;2;1;2;80;1;1;4;7; ;2; ;2; ; ; ; ;9;2;1;07;41;109,238971891886;41
3248776;2;2;2;80;1;1;1;8; ;2; ;2; ; ;1; ;4;1;1;07;41;109,238971891886;41
3248777;1;2;1;80;1;1;4;1; ;2; ;2; ; ; ; ;9;2;1;07;41;317,347314303841;41
3248777;1;3;1;80;1;2; ; ; ;2; ;2; ;2; ;.; ; ;1;07;41;317,347314303841;41
3248778;1;2;1;80;1;2; ; ; ;2; ;2; ;2; ;.; ; ;1;07;41;140,40495691539;41
3248778;2;2;2;80;1;2; ; ; ;2; ;2; ;2; ;.; ; ;1;07;41;140,40495691539;41
3248778;2;3;2;80;1;2; ; ; ;2; ;2; ;2; ;.; ; ;1;07;41;140,40495691539;41
3248779;1;1;1;80;1;1;4;5; ;3; ;2; ; ; ; ;8;2;1;07;41;91,2167745840262;41
3248779;1;2;1;80;1;2; ; ; ;2; ;2; ;2; ;.; ; ;1;07;41;91,2167745840262;41
3248780;1;1;1;80;1;1;4;5; ;3; ;2; ; ; ; ;10;2;1;07;41;156,818567814014;41
3248780;1;2;1;80;1;2; ; ; ;2; ;2; ;2; ;.; ; ;1;07;41;156,818567814014;41
3248780;1;4;1;80;1;1;2;2; ;2; ;2; ; ; ; ;2;2;1;07;41;156,818567814014;41
3248780;1;6;1;80;1;1;4;3; ;2; ;2; ; ; ; ;9;2;1;07;41;156,818567814014;41
3248780;1;7;1;80;1;2; ; ; ;2; ;2; ;2; ;.; ; ;1;07;41;156,818567814014;41
3248782;1;2;1;80;1;2; ; ; ; ; ;2; ;2; ;.; ; ;1;07;41;122,297283866246;41
3248785;1;1;1;80;1;1;4;9;POR DESPLAZAMIENTO;2; ;2; ; ; ; ;9;2;1;07;41;356,235356102999;41
3248786;1;2;1;80;1;2; ; ; ; ; ;2; ;2; ;.; ; ;1;07;41;194,513794786537;41
3248786;1;3;1;80;1;1;3;3; ;2; ;2; ; ; ; ;9;2;1;07;41;194,513794786537;41
3248787;1;3;1;80;1;2; ; ; ;2; ;2; ;2; ;.; ; ;1;07;41;339,972305686772;41
3248788;1;2;1;80;1;2; ; ; ;2; ;2; ;2; ;.; ; ;1;07;41;80,7927952355753;41
3248788;1;6;1;80;1;2; ; ; ;2; ;2; ;2; ;.; ; ;1;07;41;80,7927952355753;41
3248789;1;1;1;80;1;1;4;6; ;2; ;2; ; ; ;SE OCUPO DE ASUNTOS FAMILIARES;12;2;1;07;41;140,756845976536;41
3248789;1;2;1;80;1;1;3;5; ;3; ;2; ; ; ; ;10;2;1;07;41;140,756845976536;41
3248790;1;3;1;80;1;2; ; ; ; ; ;2; ;2; ;.; ; ;1;07;41;143,77044570736;41
3248791;1;4;1;80;1;2; ; ; ;2; ;2; ;2; ;.; ; ;1;07;41;148,36756190266;41
3248792;1;2;1;80;1;1;3;9;POR TRASLADO DE CIUDAD;2; ;2; ; ; ; ;9;2;1;07;41;178,061371311218;41
3248793;1;3;1;80;1;2; ; ; ; ; ;2; ;2; ;.; ; ;1;07;41;317,234700823279;41
3248794;1;1;1;80;1;1;4;4; ;2; ;2; ; ; ; ;4;2;1;07;41;102,71941999122;41
3248794;1;3;1;80;1;2; ; ; ; ; ;2; ;2; ;.; ; ;1;07;41;102,71941999122;41
3248795;1;2;1;80;1;1;4;4; ;2; ;2; ; ; ; ;8;2;1;07;41;119,283684135422;41
3248796;1;2;1;80;1;1;4;3; ;2; ;2; ; ; ; ;9;2;1;07;41;110,379215309538;41
3248797;1;1;1;80;1;1;4;1; ;3; ;2; ; ; ; ;11;2;1;07;41;142,214779140194;41
3248797;2;2;2;80;1;2; ; ; ;2; ;2; ;2; ;.; ; ;1;07;41;142,214779140194;41
3248798;1;2;1;80;1;1;4;8; ;2; ;2; ; ; ; ;1;2;1;07;41;213,169961148964;41
3248799;1;1;1;80;1;1;1;9;EMBARAZO;2; ;2; ; ; ;EMBARAZO;12;2;1;07;41;153,98407817174;41
3248800;1;1;1;80;1;1;4;4; ;2; ;2; ; ; ; ;8;2;1;07;41;119,283684135422;41
3248801;1;2;1;80;1;1;4;3; ;2; ;2; ; ;4;CAMBIO DE  CIUDAD;12;1;1;07;41;193,592097273938;41
3248802;1;2;1;80;1;2; ; ; ; ; ;2; ;2; ;.; ; ;1;07;41;122,297283866246;41
3248805;1;1;1;80;1;1;4;3; ;2; ;2; ; ; ; ;9;2;1;07;41;120,951964183151;41
3248806;1;2;1;80;1;1;1;6; ;2; ;2; ; ; ; ;4;2;1;07;41;151,958277655754;41
3248807;1;1;1;80;1;1;4;5; ;3; ;2; ; ; ; ;10;2;1;07;41;119,339990875703;41
3248807;1;2;1;80;1;2; ; ; ;2; ;2; ;2; ;.; ; ;1;07;41;119,339990875703;41
3248813;1;2;1;80;1;1;1;8; ;2; ;2; ; ; ; ;8;2;1;07;41;303,507217302911;41
3248814;1;1;1;80;1;1;1;3; ;2; ;2; ; ; ; ;9;2;1;07;41;324,231206759706;41
3248815;1;2;1;80;1;1;3;9;EDAD;2; ;2; ; ; ; ;8;2;1;07;41;231,051195259598;41
3248816;1;3;1;80;1;2; ; ; ;2; ;2; ;2; ;.; ; ;1;07;41;167,340641354456;41
3248816;1;5;1;80;1;1;4;4; ;2; ;2; ; ; ; ;4;2;1;07;41;167,340641354456;41
3248816;1;7;1;80;1;2; ; ; ; ; ;2; ;2; ;.; ; ;1;07;41;167,340641354456;41
3248817;1;2;1;80;1;1;3;3; ;2; ;2; ; ; ; ;9;2;1;07;41;173,371792331038;41
3248820;1;4;1;80;1;1;1;9;SU HIJA NO LA DEJA TRABAJAR;2; ;2; ; ; ; ;8;2;1;07;41;158,483507436192;41
3248823;1;1;1;80;1;1;4;6; ;2; ;2; ; ; ; ;4;2;1;07;41;110,794638459052;41
3248824;1;1;1;80;1;1;4;5; ;3; ;2; ; ; ; ;10;2;1;07;41;119,283684135422;41
3248824;1;2;1;80;1;2; ; ; ;2; ;2; ;2; ;.; ; ;1;07;41;119,283684135422;41
3248826;1;1;1;80;1;1;4;3; ;2; ;2; ; ; ; ;9;2;1;07;41;163,27077334722;41
3248827;1;3;1;80;1;1;1;9;EDAD; ; ;2; ; ; ; ;8;2;1;07;41;339,972305686772;41
3248830;1;1;1;80;1;1;4;3; ;2; ;2; ; ; ; ;9;2;1;07;41;120,951964183151;41
3248831;1;1;1;80;1;1;4;4; ;2; ;2; ; ; ; ;4;2;1;07;41;109,126358411324;41
3248831;1;2;1;80;1;1;4;5; ;3; ;2; ; ; ; ;10;2;1;07;41;109,126358411324;41
3248832;1;1;1;80;1;2; ; ; ;2; ;2; ;2; ;.; ; ;1;07;41;92,9759214756591;41
3248834;1;4;1;80;1;2; ; ; ;2; ;2; ;2; ;.; ; ;1;07;41;155,139248139107;41
3248835;1;1;1;80;1;1;4;5; ;3; ;2; ; ; ; ;10;2;1;07;41;119,283684135422;41
3248839;1;4;1;80;1;2; ; ; ; ; ;2; ;2; ;.; ; ;1;07;41;369,560182465869;41
3248840;1;3;1;80;1;2; ; ; ; ; ;2; ;2; ;.; ; ;1;07;41;151,845664175192;41
3248841;1;2;1;80;1;1;1;6; ;2; ;2; ; ; ; ;9;2;1;07;41;169,986152843386;41
3248841;1;3;1;80;1;2; ; ; ;2; ;2; ;2; ;.; ; ;1;07;41;169,986152843386;41
3248842;1;2;1;80;1;2; ; ; ;2; ;2; ;2; ;.; ; ;1;07;41;112,876745715319;41
3248843;1;2;1;80;1;1;4;3; ;2; ;2; ; ; ; ;9;2;1;07;73;240,432430241399;73
3248843;1;3;1;80;1;2; ; ; ;2; ;2; ;2; ;.; ; ;1;07;73;240,432430241399;73
3248846;1;3;1;80;1;1;4;4; ;3; ;2; ; ; ; ;4;2;1;07;73;222,55655307549;73
3248846;1;6;1;80;1;2; ; ; ; ; ;2; ;2; ;.; ; ;1;07;73;222,55655307549;73
3248850;1;4;1;80;1;2; ; ; ; ; ;2; ;2; ;.; ; ;1;07;73;200,907745636125;73
3248851;1;2;1;80;1;1;3;4; ;2; ;2; ; ; ; ;4;2;1;07;73;181,077612601831;73
3248852;1;1;1;80;1;1;2;4; ;2; ;2; ; ; ; ;4;2;1;07;73;252,459494569123;73
3248855;1;2;1;80;1;2; ; ; ;2; ;2; ;2; ;.; ; ;1;07;73;232,848475222616;73
3248857;1;4;1;80;1;1;4;7; ;2; ;2; ; ;4; ;9;1;1;07;73;256,982413404744;73
3248858;1;1;1;80;1;1;4;5; ;3; ;2; ; ; ; ;10;2;1;07;73;228,294873425359;73
3248858;1;2;1;80;1;1;2;4; ;2; ;2; ; ; ; ;9;2;1;07;73;228,294873425359;73
3248858;1;3;1;80;1;1;2;8; ; ; ;2; ; ; ; ;2;2;1;07;73;228,294873425359;73
3248859;1;2;1;80;1;1;4;3; ;2; ;2; ; ; ;AL ESPOSO NO LE GUSTA QUE TRABAJE;12;2;1;07;73;256,347546616809;73
3248860;1;1;1;80;1;1;4;4; ;3; ;2; ; ; ; ;4;2;1;07;73;181,077612601831;73
3248860;1;2;1;80;1;1;4;6; ;2; ;2; ; ; ; ;9;2;1;07;73;181,077612601831;73
3248862;1;3;1;80;1;2; ; ; ;2; ;2; ;2; ;.; ; ;1;07;73;215,22167519797;73
3248864;1;3;1;80;1;1;1;8; ;2; ;2; ; ;1; ;2;1;1;07;73;215,22167519797;73
3248865;1;1;1;80;1;1;3;5; ;3; ;2; ; ; ; ;11;2;1;07;73;285,99769261874;73
3248866;1;4;1;80;1;2; ; ; ; ; ;2; ;2; ;.; ; ;1;07;73;296,61200085905;73
3248870;1;3;1;80;1;2; ; ; ; ; ;2; ;2; ;.; ; ;1;07;73;315,201452835474;73
3248872;1;1;1;80;1;1;3;6; ;2; ;2; ; ; ; ;11;2;1;07;41;101,051139943491;41
3248872;1;4;1;80;1;2; ; ; ; ; ;2; ;2; ;.; ; ;1;07;41;101,051139943491;41
3248873;1;2;1;80;1;2; ; ; ;2; ;2; ;1;2; ;1; ;1;07;41;151,845664175192;41
3248873;1;3;1;80;1;2; ; ; ;2; ;2; ;2; ;.; ; ;1;07;41;151,845664175192;41
3248874;1;3;1;80;1;2; ; ; ;2; ;2; ;2; ;.; ; ;1;07;41;110,892325389899;41
3248875;1;1;1;80;1;1;4;1; ;2; ;2; ; ; ; ;7;2;1;07;41;119,283684135422;41
3248875;1;2;1;80;1;2; ; ; ;2; ;2; ;2; ;.; ; ;1;07;41;119,283684135422;41
3248876;1;4;1;80;1;1;2;4; ;2; ;2; ; ; ; ;4;2;1;07;41;70,9435033263953;41
3248878;1;2;1;80;1;2; ; ; ; ; ;2; ;2; ;.; ; ;1;07;41;115,525597629799;41
3248879;1;2;1;80;1;2; ; ; ;2; ;2; ;2; ;.; ; ;1;07;41;97,7419578918018;41
3248880;1;2;1;80;1;1;4;3; ;2; ;2; ; ; ; ;9;2;1;07;41;189,430173742965;41
3248881;1;3;1;80;1;2; ; ; ;2; ;2; ;2; ;.; ; ;1;07;41;150,542131943807;41
3248881;1;4;1;80;1;2; ; ; ; ; ;2; ;2; ;.; ; ;1;07;41;150,542131943807;41
3248882;1;4;1;80;1;2; ; ; ;2; ;2; ;2; ;.; ; ;1;07;41;128,923541003081;41
3248885;1;3;1;80;1;2; ; ; ; ; ;2; ;2; ;.; ; ;1;07;41;110,379215309538;41
3248885;1;4;1;80;1;2; ; ; ;2; ;2; ;2; ;.; ; ;1;07;41;110,379215309538;41
3248887;1;4;1;80;1;1;2;8; ;2; ;2; ; ; ; ;2;2;1;07;41;136,998759470913;41
3248897;1;3;1;80;1;2; ; ; ;2; ;2; ;2; ;.; ; ;1;07;41;109,345677128055;41
3248897;1;4;1;80;1;2; ; ; ; ; ;2; ;2; ;.; ; ;1;07;41;109,345677128055;41
3248899;1;1;1;80;1;1;4;3; ;2; ;2; ; ; ; ;9;2;1;07;41;86,2605419794931;41
3248899;2;2;2;80;1;2; ; ; ;2; ;2; ;1;4; ;9; ;1;07;41;86,2605419794931;41
3248899;2;3;2;80;1;2; ; ; ; ; ;2; ;2; ;.; ; ;1;07;41;86,2605419794931;41
3248900;1;1;1;80;1;1;2;5; ;3; ;2; ; ; ; ;8;2;1;07;41;147,114705004446;41
3248900;1;2;1;80;1;1;3;8; ;2; ;2; ; ;2; ;1;1;1;07;41;147,114705004446;41
3248901;1;1;1;80;1;1;2;5; ;2; ;2; ; ; ; ;8;2;1;07;41;151,845664175192;41
3248901;1;3;1;80;1;2; ; ; ;2; ;2; ;2; ;.; ; ;1;07;41;151,845664175192;41
3248902;1;1;1;80;1;1;4;5; ;3; ;2; ; ; ; ;10;2;1;07;41;109,126358411324;41
3248902;1;2;1;80;1;1;4;4; ;2; ;2; ; ; ; ;4;2;1;07;41;109,126358411324;41
3248903;1;1;1;80;1;1;1;8; ;2; ;2; ; ; ; ;4;2;1;07;41;165,024288831743;41
3248905;1;5;1;80;1;1;1;3; ;2; ;2; ; ;1; ;1;1;1;07;41;185,952071470433;41
3248906;1;3;1;80;1;2; ; ; ;2; ;2; ;2; ;.; ; ;1;07;41;120,629003818517;41
3248907;1;3;1;80;1;2; ; ; ;2; ;2; ;2; ;.; ; ;1;07;41;111,264772407871;41
3248908;1;2;1;80;1;1;4;5; ;2; ;2; ; ; ; ;9;2;1;07;41;159,698324569391;41
3248908;1;9;1;80;1;2; ; ; ;2; ;2; ;2; ;.; ; ;1;07;41;159,698324569391;41
3248910;1;3;1;80;1;2; ; ; ; ; ;2; ;2; ;.; ; ;1;07;41;163,214466606939;41
3248911;1;2;1;80;1;2; ; ; ; ; ;2; ;2; ;.; ; ;1;07;41;115,525597629799;41
3248913;1;2;1;80;1;1;2;5; ;2; ;2; ; ; ; ;9;2;1;07;41;178,117678051499;41
3248914;1;2;1;80;1;1;2;3; ;2; ;2; ; ; ; ;9;2;1;07;41;189,430173742965;41
3248915;1;1;1;80;1;1;4;5; ;3; ;2; ; ; ; ;9;2;1;07;41;84,8589155561168;41
3248915;1;2;1;80;1;2; ; ; ;2; ;2; ;2; ;.; ; ;1;07;41;84,8589155561168;41
3248920;1;3;1;80;1;1;4;5; ;2; ;2; ; ; ; ;8;2;1;07;41;122,163440890799;41
3248921;1;1;1;80;1;1;4;3; ;2; ;2; ; ; ; ;9;2;1;07;41;109,398643442786;41
3248921;1;2;1;80;1;2; ; ; ;2; ;2; ;1;1; ;2; ;1;07;41;109,398643442786;41
3248924;1;2;1;80;1;2; ; ; ;2; ;2; ;2; ;.; ; ;1;07;41;128,632317458294;41
3248925;1;2;1;80;1;2; ; ; ;2; ;2; ;1;2; ;9; ;1;07;41;155,195554879388;41
3248925;1;4;1;80;1;2; ; ; ; ; ;2; ;2; ;.; ; ;1;07;41;155,195554879388;41
3248926;2;3;2;80;1;2; ; ; ; ; ;2; ;2; ;.; ; ;1;07;41;145,038229155289;41
3248927;1;2;1;80;1;2; ; ; ; ; ;2; ;2; ;.; ; ;1;07;41;102,775726731501;41
3248927;1;4;1;80;1;2; ; ; ;2; ;2; ;2; ;.; ; ;1;07;41;102,775726731501;41
3248930;1;1;1;80;1;1;2;3; ;1;1;2; ; ;1; ;9;1;1;07;41;119,283684135422;41
3248930;1;2;1;80;1;2; ; ; ;2; ;2; ;2; ;.; ; ;1;07;41;119,283684135422;41
3248931;1;2;1;80;1;1;1;8; ;2; ;2; ; ; ; ;4;2;1;07;41;155,603750680815;41
3248932;1;1;1;80;1;1;2;9;LA  EDAD;2; ;2; ; ; ; ;8;2;1;07;41;73,0405371323764;41
3248932;1;2;1;80;1;1;1;8; ;2; ;2; ; ; ; ;9;2;1;07;41;73,0405371323764;41
3248932;1;5;1;80;1;1;1;8; ;2; ;2; ; ; ;DESEA  SEGUIR  ESTUDIANDO;12;2;1;07;41;73,0405371323764;41
3248932;1;6;1;80;1;2; ; ; ;2; ;2; ;2; ;.; ; ;1;07;41;73,0405371323764;41
3248933;1;1;1;80;1;1;4;5; ;3; ;2; ; ; ; ;11;2;1;07;41;131,997806250264;41
3248933;1;3;1;80;1;2; ; ; ;2; ;2; ;2; ;.; ; ;1;07;41;131,997806250264;41
3248934;1;2;1;80;1;1;4;8; ;2; ;2; ; ; ; ;9;2;1;07;41;135,330479423185;41
3248934;1;5;1;80;1;1;4;4; ;2; ;2; ; ; ; ;8;2;1;07;41;135,330479423185;41
3248936;1;3;1;80;1;2; ; ; ; ; ;2; ;2; ;.; ; ;1;07;41;151,901970915473;41
3248938;2;3;2;80;1;2; ; ; ; ; ;2; ;2; ;.; ; ;1;07;41;224,54210400626;41
3248939;1;1;1;80;1;1;2;4; ;2; ;2; ; ; ; ;4;2;1;07;41;105,424578645982;41
3248940;1;1;1;80;1;2; ; ; ;2; ;2; ;2; ;.; ; ;1;07;41;158,617350411639;41
3248940;1;3;1;80;1;2; ; ; ; ; ;2; ;2; ;.; ; ;1;07;41;158,617350411639;41
3248941;1;4;1;80;1;2; ; ; ;2; ;2; ;2; ;.; ; ;1;07;41;155,139248139107;41
3248942;1;4;1;80;1;2; ; ; ;2; ;2; ;1;1; ;8; ;1;07;41;150,542131943807;41
3248943;1;3;1;80;1;2; ; ; ; ; ;2; ;2; ;.; ; ;1;07;41;174,530302723955;41
3248944;1;1;1;80;1;1;4;4; ;2; ;2; ; ; ; ;8;2;1;07;41;117,615404087693;41
3248944;1;2;1;80;1;2; ; ; ;2; ;2; ;2; ;.; ; ;1;07;41;117,615404087693;41
3248944;1;3;1;80;1;1;4;4; ;2; ;2; ; ; ; ;4;2;1;07;41;117,615404087693;41
3248945;1;2;1;80;1;1;4;8; ;2; ;2; ; ; ; ;1;2;1;07;41;110,747303551431;41
3248945;1;4;1;80;1;2; ; ; ;2; ;2; ;2; ;.; ; ;1;07;41;110,747303551431;41
3248945;1;6;1;80;1;1;2;3; ;2; ;2; ; ; ; ;9;2;1;07;41;110,747303551431;41
3248946;1;2;1;80;1;2; ; ; ;2; ;2; ;2; ;.; ; ;1;07;41;163,27077334722;41
3248946;1;3;1;80;1;2; ; ; ;2; ;2; ;2; ;.; ; ;1;07;41;163,27077334722;41
3248947;1;2;1;80;1;2; ; ; ;2; ;2; ;2; ;.; ; ;1;07;41;122,353590606527;41
3248950;1;2;1;80;1;2; ; ; ;2; ;2; ;2; ;.; ; ;1;07;41;115,525597629799;41
3248953;1;3;1;80;1;1;2;8; ;2; ;2; ; ; ; ;2;2;1;07;41;151,901970915473;41
3248956;1;2;1;80;1;2; ; ; ;2; ;2; ;2; ;.; ; ;1;07;41;99,0104128777912;41
3248956;1;3;1;80;1;2; ; ; ;2; ;2; ;2; ;.; ; ;1;07;41;99,0104128777912;41
3248957;1;1;1;80;1;1;4;3; ;2; ;2; ; ;4; ;1;1;1;07;41;143,636602731913;41
3248957;1;4;1;80;1;2; ; ; ;2; ;2; ;2; ;.; ; ;1;07;41;143,636602731913;41
3248962;1;4;1;80;1;2; ; ; ;2; ;2; ;2; ;.; ; ;1;07;73;292,340916303068;73
3248963;1;1;1;80;1;1;1;9;ESTA EMBARAZADA;2; ;2; ; ; ; ;9;2;1;07;73;221,951649741032;73
3248965;1;3;1;80;1;2; ; ; ;2; ;2; ;2; ;.; ; ;1;07;73;204,220616098926;73
3248968;1;1;1;80;1;1;4;5; ;3; ;2; ; ; ; ;10;2;1;07;73;202,340630394524;73
3248969;1;2;1;80;1;1;4;5; ;3; ;2; ; ; ; ;8;2;1;07;73;188,02670083268;73
3248969;1;4;1;80;1;2; ; ; ;2; ;2; ;1;1; ;2; ;1;07;73;188,02670083268;73
3248971;1;1;1;80;1;1;3;4; ;3; ;2; ; ; ; ;4;2;1;07;73;225,264520203832;73
3248971;1;2;1;80;1;1;4;3; ;3; ;2; ; ; ; ;9;2;1;07;73;225,264520203832;73
3248974;1;2;1;80;1;1;1;9;ESTADO DE EMBARAZO;2; ;2; ; ; ; ;9;2;1;07;73;311,536232826013;73
3248975;1;1;1;80;1;1;3;3; ;3; ;2; ; ; ; ;9;2;1;07;73;133,069278671516;73
3248975;1;2;1;80;1;1;4;7; ;2; ;2; ; ; ; ;8;2;1;07;73;133,069278671516;73
3248975;1;4;1;80;1;1;3;4; ;3; ;2; ; ; ; ;4;2;1;07;73;133,069278671516;73
3248975;1;5;1;80;1;1;4;8; ;2; ;2; ; ;4; ;1;1;1;07;73;133,069278671516;73
3248977;2;4;2;80;1;1;1;8; ;2; ;2; ; ; ;CAMBIO DOMICILIO;12;2;1;07;73;283,18105401434;73
3248979;1;2;1;80;1;1;4;3; ;2; ;2; ; ; ; ;9;2;1;07;73;408,454974280356;73
3248981;1;3;1;80;1;2; ; ; ; ; ;2; ;2; ;.; ; ;1;07;73;267,349325224012;73
3248982;1;4;1;80;1;1;4;3; ;2; ;2; ; ; ; ;9;2;1;07;73;301,526108412003;73
3248986;1;1;1;80;1;1;1;4; ;3; ;2; ; ; ; ;4;2;1;07;73;238,943582977742;73
3248991;1;1;1;80;1;1;4;5; ;3; ;2; ; ; ; ;8;2;1;07;73;200,936747877539;73
3248991;1;2;1;80;1;1;1;5; ;3; ;2; ; ; ; ;10;2;1;07;73;200,936747877539;73
3248991;1;4;1;80;1;1;4;7; ;2; ;2; ; ;4; ;6;1;1;07;73;200,936747877539;73
3248992;1;1;1;80;1;1;4;4; ;2; ;2; ; ; ; ;4;2;1;07;73;413,334680521235;73
3248992;1;6;1;80;1;2; ; ; ; ; ;2; ;2; ;.; ; ;1;07;73;413,334680521235;73
3248993;1;1;1;80;1;1;4;4; ;2; ;2; ; ; ; ;4;2;1;07;73;133,069278671516;73
3248993;1;5;1;80;1;2; ; ; ;2; ;2; ;2; ;.; ; ;1;07;73;133,069278671516;73
3248994;1;4;1;80;1;2; ; ; ;2; ;2; ;2; ;.; ; ;1;07;73;310,71196975251;73
3248994;1;5;1;80;1;1;4;4; ;2; ;2; ; ; ; ;4;2;1;07;73;310,71196975251;73
3248995;1;3;1;80;1;2; ; ; ; ; ;2; ;2; ;.; ; ;1;07;73;193,323790617342;73
3248997;1;3;1;80;1;2; ; ; ;2; ;2; ;2; ;.; ; ;1;07;73;256,347546616809;73
3248999;1;3;1;80;1;2; ; ; ;2; ;2; ;2; ;.; ; ;1;07;73;245,729520026061;73
3249002;1;2;1;80;1;1;1;2; ;2; ;2; ; ; ; ;2;2;1;07;73;261,892752330672;73
3249002;1;3;1;80;1;2; ; ; ;2; ;2; ;2; ;.; ; ;1;07;73;261,892752330672;73
3249002;1;6;1;80;1;1;1;7; ;2; ;2; ; ; ; ;11;2;1;07;73;261,892752330672;73
3249003;1;1;1;80;1;1;4;4; ;2; ;2; ; ; ; ;4;2;1;07;73;240,432430241399;73
3249003;1;3;1;80;1;1;1;7; ;2; ;2; ; ; ; ;9;2;1;07;73;240,432430241399;73
3249004;1;3;1;80;1;1;1;7; ;2; ;2; ; ; ; ;11;2;1;07;73;296,61200085905;73
3249004;1;4;1;80;1;1;1;7; ; ; ;2; ; ; ; ;8;2;1;07;73;296,61200085905;73
3249005;1;5;1;80;1;1;1;4; ;2; ;2; ; ; ; ;2;2;1;07;70;61,5547975227651;70
3249007;1;2;1;80;1;1;2;4; ;2; ;2; ; ; ; ;4;2;1;07;70;98,7639010295046;70
3249007;1;3;1;80;1;1;2;8; ;2; ;2; ; ; ; ;1;2;1;07;70;98,7639010295046;70
3249007;1;4;1;80;1;2; ; ; ; ; ;2; ;2; ;.; ; ;1;07;70;98,7639010295046;70
3249011;1;2;1;80;1;1;3;6; ;2; ;2; ; ; ;POR EMBARAZO;12;2;1;07;70;99,6691621568209;70
3249012;1;2;1;80;1;1;1;9;CAMBIO DE VIVIENDA;2; ;2; ; ; ; ;9;2;1;07;70;91,5561320477095;70
3249012;1;4;1;80;1;2; ; ; ; ; ;2; ;2; ;.; ; ;1;07;70;91,5561320477095;70
3249014;1;3;1;80;1;2; ; ; ;2; ;2; ;2; ;.; ; ;1;07;70;110,940602310205;70
3249015;1;3;1;80;1;2; ; ; ;2; ;2; ;2; ;.; ; ;1;07;70;120,98187846099;70
3249015;1;4;1;80;1;2; ; ; ;2; ;2; ;2; ;.; ; ;1;07;70;120,98187846099;70
3249016;1;3;1;80;1;1;1;2; ;2; ;2; ; ; ; ;2;2;1;07;70;114,562194639208;70
3249016;1;6;1;80;1;2; ; ; ;2; ;2; ;2; ;.; ; ;1;07;70;114,562194639208;70
3249018;1;3;1;80;1;2; ; ; ;2; ;2; ;2; ;.; ; ;1;07;70;94,9095175850894;70
3249022;1;2;1;80;1;1;2;8; ;2; ;2; ; ; ;ESTA  EMBARAZADA;12;2;1;07;70;89,9448151158914;70
3249022;1;5;1;80;1;1;1;3; ;2; ;2; ; ; ; ;1;2;1;07;70;89,9448151158914;70
3249023;1;1;1;80;1;1;4;4; ;2; ;2; ; ; ; ;1;2;1;07;70;87,9172872278837;70
3249023;1;2;1;80;1;1;3;3; ;2; ;2; ; ; ; ;1;2;1;07;70;87,9172872278837;70
3249025;1;2;1;80;1;1;3;3; ;2; ;2; ; ; ; ;9;2;1;07;70;88,5749549918579;70
3249026;1;7;1;80;1;2; ; ; ; ; ;2; ;2; ;.; ; ;1;07;70;146,294577745526;70
3249027;1;2;1;80;1;1;3;3; ;2; ;2; ; ; ; ;9;2;1;07;70;82,880807671778;70
3249028;1;1;1;80;1;2; ; ; ;2; ;2; ;2; ;.; ; ;1;07;70;132,741306657472;70
3249028;1;2;1;80;1;1;4;4; ;2; ;2; ; ; ; ;4;2;1;07;70;132,741306657472;70
3249028;1;3;1;80;1;1;4;4; ;2; ;2; ; ; ; ;4;2;1;07;70;132,741306657472;70
3249028;1;4;1;80;1;1;3;4; ;2; ;2; ; ; ; ;4;2;1;07;70;132,741306657472;70
3249030;1;2;1;80;1;2; ; ; ;2; ;2; ;2; ;.; ; ;1;07;70;129,128380020841;70
3249031;1;4;1;80;1;2; ; ; ;2; ;2; ;2; ;.; ; ;1;07;70;111,917640524429;70
3249032;1;1;1;80;1;1;2;3; ;2; ;2; ; ; ; ;9;2;1;07;70;68,1153154226501;70
3249032;1;2;1;80;1;2; ; ; ;2; ;2; ;2; ;.; ; ;1;07;70;68,1153154226501;70
3249033;1;5;1;80;1;1;4;5; ;3; ;2; ; ; ; ;10;2;1;07;70;99,7476607106291;70
3249042;1;5;1;80;1;2; ; ; ;2; ;2; ;2; ;.; ; ;1;07;70;120,298877425164;70
3249043;1;6;1;80;1;1;2;2; ;2; ;2; ; ; ; ;2;2;1;07;70;138,802816490071;70
3249045;1;2;1;80;1;1;2;3; ;2; ;2; ; ; ; ;9;2;1;07;54;437,534301958446;54
3249045;1;5;1;80;1;2; ; ; ;2; ;2; ;2; ;.; ; ;1;07;54;437,534301958446;54
3249045;1;7;1;80;1;1;4;4; ;2; ;2; ; ; ; ;4;2;1;07;54;437,534301958446;54
3249046;1;2;1;80;1;2; ; ; ;2; ;2; ;2; ;.; ; ;1;07;54;353,975319363314;54
3249046;1;4;1;80;1;2; ; ; ; ; ;2; ;2; ;.; ; ;1;07;54;353,975319363314;54
3249046;1;8;1;80;1;2; ; ; ; ; ;2; ;2; ;.; ; ;1;07;54;353,975319363314;54
3249046;1;10;1;80;1;2; ; ; ;2; ;2; ;2; ;.; ; ;1;07;54;353,975319363314;54
3249046;1;11;1;80;1;2; ; ; ;2; ;2; ;2; ;.; ; ;1;07;54;353,975319363314;54
3249047;1;3;1;80;1;2; ; ; ;2; ;2; ;2; ;.; ; ;1;07;54;423,593691576796;54
3249048;1;1;1;80;1;1;4;3; ;2; ;2; ; ; ; ;9;2;1;07;54;431,38974937944;54
3249048;1;2;1;80;1;2; ; ; ;2; ;2; ;2; ;.; ; ;1;07;54;431,38974937944;54
3249051;1;3;1;80;1;1;1;6; ;2; ;2; ; ;1; ;8;1;1;07;54;336,699263265867;54
3249056;1;4;1;80;1;2; ; ; ; ; ;2; ;2; ;.; ; ;1;07;54;378,872587885999;54
3249058;1;1;1;80;1;1;1;8; ;2; ;1;30000; ; ; ;8;2;1;07;70;120,956545189138;70
3249060;1;3;1;80;1;2; ; ; ;2; ;2; ;2; ;.; ; ;1;07;70;121,413540621512;70
3249060;1;4;1;80;1;2; ; ; ; ; ;2; ;2; ;.; ; ;1;07;70;121,413540621512;70
3249062;1;2;1;80;1;2; ; ; ;2; ;2; ;2; ;.; ; ;1;07;70;95,3448749607746;70
3249062;1;3;1;80;1;1;3;4; ;3; ;2; ; ; ; ;4;2;1;07;70;95,3448749607746;70
3249064;1;3;1;80;1;2; ; ; ;2; ;2; ;2; ;.; ; ;1;07;70;99,8717284170942;70
3249064;1;4;1;80;1;2; ; ; ; ; ;2; ;2; ;.; ; ;1;07;70;99,8717284170942;70
3249065;1;2;1;80;1;1;1;7; ; ; ;2; ; ; ; ;11;2;1;07;70;87,3330709234691;70
3249065;1;3;1;80;1;1;1;2; ;2; ;2; ; ; ; ;2;2;1;07;70;87,3330709234691;70
3249065;1;4;1;80;1;1;1;7; ; ; ;2; ; ; ; ;2;2;1;07;70;87,3330709234691;70
3249069;1;3;1;80;1;2; ; ; ; ; ;2; ;2; ;.; ; ;1;07;70;95,1189196541211;70
3249070;1;1;1;80;1;1;1;4; ;2; ;2; ; ; ; ;4;2;1;07;70;135,898299989758;70
3249070;1;3;1;80;1;2; ; ; ; ; ;2; ;2; ;.; ; ;1;07;70;135,898299989758;70
3249071;1;4;1;80;1;1;3;4; ;2; ;2; ; ; ; ;4;2;1;07;70;93,3638411846214;70
3249072;1;1;1;80;1;1;3;4; ;2; ;2; ; ; ; ;4;2;1;07;70;95,6389624359713;70
3249073;1;3;1;80;1;2; ; ; ;2; ;2; ;2; ;.; ; ;1;07;70;84,0247124891581;70
3249073;1;4;1;80;1;2; ; ; ;2; ;2; ;2; ;.; ; ;1;07;70;84,0247124891581;70
3249075;1;2;1;80;1;2; ; ; ;2; ;2; ;2; ;.; ; ;1;07;70;88,5749549918579;70
3249076;1;1;1;80;1;1;4;5; ;3; ;2; ; ; ; ;8;2;1;07;70;142,749645972061;70
3249076;1;2;1;80;1;1;4;5; ;3; ;2; ; ; ; ;8;2;1;07;70;142,749645972061;70
3249077;1;3;1;80;1;2; ; ; ; ; ;2; ;2; ;.; ; ;1;07;54;384,794247141862;54
3249078;1;3;1;80;1;2; ; ; ;2; ;2; ;2; ;.; ; ;1;07;54;442,3368373592;54
3249078;1;4;1;80;1;2; ; ; ;2; ;2; ;2; ;.; ; ;1;07;54;442,3368373592;54
3249078;1;5;1;80;1;2; ; ; ; ; ;2; ;2; ;.; ; ;1;07;54;442,3368373592;54
3249079;1;3;1;80;1;1;4;6; ;2; ;2; ; ; ; ;4;2;1;07;54;275,200584776864;54
3249080;1;2;1;80;1;1;4;3; ;2; ;2; ; ; ; ;9;2;1;07;54;350,639873647517;54
3249080;1;4;1;80;1;2; ; ; ; ; ;2; ;2; ;.; ; ;1;07;54;350,639873647517;54
3249083;1;1;1;80;1;1;4;4; ;2; ;2; ; ; ; ;4;2;1;07;54;583,717722742944;54
3249091;1;3;1;80;1;2; ; ; ; ; ;2; ;2; ;.; ; ;1;07;54;393,158605911829;54
3249092;1;1;1;80;1;1;4;4; ;2; ;2; ; ; ; ;4;2;1;07;54;371,602825620883;54
3249092;1;2;1;80;1;2; ; ; ;2; ;2; ;1;2; ;2; ;1;07;54;371,602825620883;54
3249093;1;2;1;80;1;1;4;3; ;2; ;2; ; ; ; ;9;2;1;07;54;473,671681201466;54
3249097;1;2;1;80;1;1;3;3; ;2; ;2; ; ; ; ;9;2;1;07;54;394,796204016324;54
3249098;1;1;1;80;1;1;4;3; ;2; ;2; ; ; ; ;9;2;1;07;70;102,650339212673;70
3249099;1;2;1;80;1;1;4;6; ;2; ;2; ; ; ; ;1;2;1;07;70;116,455025004671;70
3249100;1;3;1;80;1;2; ; ; ; ; ;2; ;2; ;.; ; ;1;07;70;93,0697537094247;70
3249100;1;5;1;80;1;2; ; ; ;2; ;2; ;2; ;.; ; ;1;07;70;93,0697537094247;70
3249101;1;3;1;80;1;2; ; ; ; ; ;2; ;2; ;.; ; ;1;07;70;83,3378031041519;70
3249103;1;1;1;80;1;1;2;6; ;2; ;2; ; ; ; ;1;2;1;07;70;88,2909627181977;70
3249108;1;4;1;80;1;2; ; ; ; ; ;2; ;2; ;.; ; ;1;07;70;107,612550044677;70
3249108;1;5;1;80;1;2; ; ; ; ; ;2; ;2; ;.; ; ;1;07;70;107,612550044677;70
3249111;1;3;1;80;1;2; ; ; ; ; ;2; ;2; ;.; ; ;1;07;70;91,0887199332716;70
3249112;1;2;1;80;1;1;4;3; ;2; ;2; ; ; ; ;9;2;1;07;70;134,528439865724;70
3249112;1;4;1;80;1;2; ; ; ;2; ;2; ;2; ;.; ; ;1;07;70;134,528439865724;70
3249113;1;3;1;80;1;2; ; ; ; ; ;2; ;2; ;.; ; ;1;07;70;86,5939212157047;70
3249115;1;1;1;80;1;1;1;8; ;2; ;2; ; ; ; ;9;2;1;07;70;81,521042749281;70
3249118;1;1;1;80;1;1;2;6; ;2; ;2; ; ; ; ;9;2;1;07;70;94,7917382756617;70
3249118;1;3;1;80;1;2; ; ; ;2; ;2; ;2; ;.; ; ;1;07;70;94,7917382756617;70
3249118;1;4;1;80;1;2; ; ; ; ; ;2; ;2; ;.; ; ;1;07;70;94,7917382756617;70
3249118;1;6;1;80;1;1;2;2; ;2; ;2; ; ; ; ;9;2;1;07;70;94,7917382756617;70
3249119;1;2;1;80;1;1;1;3; ;2; ;2; ; ; ; ;9;2;1;07;70;107,115896309207;70
3249120;1;3;1;80;1;1;1;6; ;2; ;2; ; ;1;POR QUE SALIO EMBARAZADA;12;1;1;07;70;71,2766529265013;70
3249120;1;4;1;80;1;2; ; ; ;2; ;2; ;2; ;.; ; ;1;07;70;71,2766529265013;70
3249121;1;4;1;80;1;1;1;9;CAMBIO DE RESIDENCIA;2; ;2; ; ; ; ;1;2;1;07;70;110,502753297327;70
3249124;1;1;1;80;1;2; ; ; ;2; ;2; ;1;4; ;9; ;1;07;70;88,7029310475027;70
3249124;1;2;1;80;1;2; ; ; ;2; ;2; ;2; ;.; ; ;1;07;70;88,7029310475027;70
3249124;1;4;1;80;1;2; ; ; ; ; ;2; ;2; ;.; ; ;1;07;70;88,7029310475027;70
3249129;1;1;1;80;1;1;4;9;POR EMBARAZO;2; ;2; ; ; ; ;9;2;1;07;70;76,2388637585061;70
3249129;1;2;1;80;1;1;2;6; ;2; ;2; ; ; ; ;2;2;1;07;70;76,2388637585061;70
3249129;2;2;2;80;1;1;3;6; ;2; ;2; ; ; ;POR EMBARAZO;12;2;1;07;70;76,2388637585061;70
3249130;1;1;1;80;1;1;4;9;LOS HIJOS NO QUERIAN QUE TRABAJARA;2; ;2; ; ; ; ;11;2;1;07;70;111,695380432939;70
3249130;1;4;1;80;1;2; ; ; ; ; ;2; ;2; ;.; ; ;1;07;70;111,695380432939;70
3249131;1;3;1;80;1;2; ; ; ;2; ;2; ;2; ;.; ; ;1;07;70;136,214461344029;70
3249131;1;4;1;80;1;2; ; ; ; ; ;2; ;2; ;.; ; ;1;07;70;136,214461344029;70
3249134;1;3;1;80;1;2; ; ; ; ; ;2; ;2; ;.; ; ;1;07;70;111,695380432939;70
3249134;1;4;1;80;1;1;4;9;LOS HIJOS NO QUERIAN QUE TRABAJARA;2; ;2; ; ; ;LOS HIJOS NO QUERIAN QUE TRABAJARA;12;2;1;07;70;111,695380432939;70
3249135;1;5;1;80;1;2; ; ; ;2; ;2; ;2; ;.; ; ;1;07;70;103,683576395634;70
3249136;1;2;1;80;1;2; ; ; ;2; ;2; ;2; ;.; ; ;1;07;70;97,5774607462488;70
3249137;1;2;1;80;1;1;1;4; ;2; ;2; ; ; ; ;4;2;1;07;70;92,8834567058674;70
3249137;1;3;1;80;1;2; ; ; ;2; ;2; ;2; ;.; ; ;1;07;70;92,8834567058674;70
3249138;1;1;1;80;1;1;4;3; ;2; ;2; ; ; ; ;9;2;1;07;70;71,1779184918886;70
3249139;1;3;1;80;1;1;2;8; ;2; ;2; ; ; ; ;2;2;1;07;70;78,9518340227344;70
3249140;1;4;1;80;1;1;1;6; ;2; ;2; ; ; ; ;1;2;1;07;70;80,0957388401145;70
3249142;1;2;1;80;1;2; ; ; ;2; ;2; ;2; ;.; ; ;1;07;70;114,363323594098;70
3249144;1;2;1;80;1;2; ; ; ;2; ;2; ;2; ;.; ; ;1;07;54;419,651510424274;54
3249147;1;2;1;80;1;1;4;4; ;3; ;2; ; ; ; ;4;2;1;07;54;348,437502221033;54
3249147;1;3;1;80;1;2; ; ; ; ; ;2; ;2; ;.; ; ;1;07;54;348,437502221033;54
3249153;1;1;1;80;1;1;4;4; ;3; ;2; ; ; ; ;10;2;1;07;54;340,317808496553;54
3249153;1;2;1;80;1;1;4;3; ;2; ;2; ; ; ; ;9;2;1;07;54;340,317808496553;54
3249153;1;5;1;80;1;1;1;2; ;2; ;1;585000; ; ; ;2;2;1;07;54;340,317808496553;54
3249153;1;6;1;80;1;2; ; ; ;2; ;2; ;2; ;.; ; ;1;07;54;340,317808496553;54
3249153;1;7;1;80;1;2; ; ; ; ; ;2; ;2; ;.; ; ;1;07;54;340,317808496553;54
3249154;1;5;1;80;1;2; ; ; ; ; ;2; ;2; ;.; ; ;1;07;54;425,782352833979;54
3249154;1;6;1;80;1;2; ; ; ; ; ;2; ;2; ;.; ; ;1;07;54;425,782352833979;54
3249157;1;2;1;80;1;2; ; ; ; ; ;2; ;2; ;.; ; ;1;07;54;353,187652718182;54
3249157;1;5;1;80;1;1;4;4; ;2; ;2; ; ; ; ;9;2;1;07;54;353,187652718182;54
3249158;1;4;1;80;1;1;1;4; ;2; ;2; ; ; ; ;4;2;1;07;54;412,960866307438;54
3249160;1;2;1;80;1;1;4;3; ;2; ;2; ; ; ; ;9;2;1;07;54;307,086491771819;54
3249162;1;1;1;80;1;1;3;5; ;3; ;2; ; ; ; ;10;2;1;07;54;401,222627352272;54
3249162;1;2;1;80;1;1;4;3; ;2; ;2; ; ; ; ;9;2;1;07;54;401,222627352272;54
3249162;1;3;1;80;1;2; ; ; ; ; ;2; ;2; ;.; ; ;1;07;54;401,222627352272;54
3249162;1;4;1;80;1;2; ; ; ; ; ;2; ;2; ;.; ; ;1;07;54;401,222627352272;54
3249163;1;3;1;80;1;2; ; ; ; ; ;2; ;2; ;.; ; ;1;07;54;366,615874681447;54
3249165;1;2;1;80;1;1;3;6; ;2; ;2; ; ;2; ;6;1;1;07;54;366,615874681447;54
3249165;1;3;1;80;1;2; ; ; ; ; ;2; ;2; ;.; ; ;1;07;54;366,615874681447;54
3249168;1;2;1;80;1;1;1;8; ;2; ;2; ; ; ; ;2;2;1;07;54;379,730383948564;54
3249168;1;5;1;80;1;2; ; ; ;2; ;2; ;2; ;.; ; ;1;07;54;379,730383948564;54
3249173;1;2;1;80;1;1;3;3; ;2; ;2; ; ; ; ;9;2;1;07;54;393,158605911829;54
3249173;1;3;1;80;1;2; ; ; ;2; ;2; ;2; ;.; ; ;1;07;54;393,158605911829;54
3249177;1;1;1;80;1;1;4;4; ;2; ;2; ; ;3; ;4;1;1;07;54;385,515818714088;54
3249178;1;1;1;80;1;1;4;5; ;3; ;2; ; ; ; ;10;2;1;07;54;430,574465445863;54
3249179;1;2;1;80;1;1;4;3; ;2; ;2; ; ; ; ;9;2;1;07;54;410,772205050255;54
3249180;1;3;1;80;1;2; ; ; ; ; ;2; ;2; ;.; ; ;1;07;70;110,181758771224;70
3249180;1;4;1;80;1;2; ; ; ; ; ;2; ;2; ;.; ; ;1;07;70;110,181758771224;70
3249182;1;2;1;80;1;1;2;3; ;2; ;2; ; ; ; ;9;2;1;07;70;133,420065066413;70
3249182;1;5;1;80;1;2; ; ; ; ; ;2; ;2; ;.; ; ;1;07;70;133,420065066413;70
3249182;1;6;1;80;1;2; ; ; ; ; ;2; ;2; ;.; ; ;1;07;70;133,420065066413;70
3249182;1;10;1;80;1;1;4;4; ;2; ;2; ; ; ; ;4;2;1;07;70;133,420065066413;70
3249183;1;2;1;80;1;1;2;3; ;2; ;2; ; ; ; ;9;2;1;07;70;120,98187846099;70
3249183;1;4;1;80;1;2; ; ; ; ; ;2; ;2; ;.; ; ;1;07;70;120,98187846099;70
3249185;1;2;1;80;1;2; ; ; ; ; ;2; ;2; ;.; ; ;1;07;70;86,7773410564825;70
3249186;1;1;1;80;1;1;3;7; ;2; ;2; ; ;3; ;6;1;1;07;70;86,9211025941641;70
3249188;1;3;1;80;1;1;1;2; ;2; ;2; ; ; ; ;2;2;1;07;70;95,1189196541211;70
3249188;1;4;1;80;1;1;1;2; ;2; ;2; ; ; ; ;2;2;1;07;70;95,1189196541211;70
3249190;1;3;1;80;1;2; ; ; ; ; ;2; ;2; ;.; ; ;1;07;70;86,299833740508;70
3249191;1;4;1;80;1;2; ; ; ;2; ;2; ;2; ;.; ; ;1;07;70;81,9780381816549;70
3249193;1;1;1;80;1;1;1;3; ;2; ;2; ; ; ; ;9;2;1;07;70;70,1327481091212;70
3249195;1;2;1;80;1;1;3;3; ;2; ;2; ; ; ; ;9;2;1;07;54;492,651627426157;54
3249196;1;3;1;80;1;1;3;8; ;2; ;2; ; ;1; ;4;1;1;07;54;480,832836264688;54
3249196;1;4;1;80;1;2; ; ; ;2; ;2; ;1;1; ;6; ;1;07;54;480,832836264688;54
3249196;1;5;1;80;1;2; ; ; ; ; ;2; ;2; ;.; ; ;1;07;54;480,832836264688;54
3249197;1;1;1;80;1;1;4;3; ;2; ;2; ; ; ; ;9;2;1;07;54;300,105717902751;54
3249197;1;4;1;80;1;2; ; ; ; ; ;2; ;2; ;.; ; ;1;07;54;300,105717902751;54
3249198;1;2;1;80;1;2; ; ; ;2; ;2; ;2; ;.; ; ;1;07;54;242,563127685413;54
3249199;1;4;1;80;1;2; ; ; ;2; ;2; ;2; ;.; ; ;1;07;54;449,899622364891;54
3249199;2;1;2;80;1;1;2;3; ;2; ;2; ; ; ; ;9;2;1;07;54;449,899622364891;54
3249200;1;1;1;80;1;1;4;3; ;2; ;2; ; ; ; ;9;2;1;07;54;495,913113465845;54
3249200;1;2;1;80;1;1;4;5; ;3; ;2; ; ;4; ;6;1;1;07;54;495,913113465845;54
3249201;1;1;1;80;1;1;4;4; ;2; ;2; ; ; ; ;4;2;1;07;54;584,497524784874;54
3249202;1;1;1;80;1;1;4;4; ;2; ;2; ; ; ; ;4;2;1;07;54;307,901775705395;54
3249204;1;3;1;80;1;2; ; ; ; ; ;2; ;2; ;.; ; ;1;07;54;481,735702641909;54
3249205;1;2;1;80;1;1;4;3; ;2; ;2; ; ; ; ;9;2;1;07;54;410,772205050255;54
3249206;1;1;1;80;1;1;3;9;PORLA EDAD;3; ;2; ; ; ; ;8;2;1;07;54;453,739788845713;54
3249206;1;2;1;80;1;2; ; ; ;2; ;2; ;2; ;.; ; ;1;07;54;453,739788845713;54
3249212;1;2;1;80;1;1;3;3; ;2; ;2; ; ; ; ;9;2;1;07;54;462,735016010576;54
3249214;1;1;1;80;1;1;4;4; ;2; ;2; ; ; ; ;4;2;1;07;54;368,818246107932;54
3249214;1;3;1;80;1;1;1;6; ;2; ;2; ; ; ; ;7;2;1;07;54;368,818246107932;54
3249214;1;5;1;80;1;1;3;3; ;2; ;2; ; ;3; ;5;1;1;07;54;368,818246107932;54
3249215;1;2;1;80;1;1;4;4; ;2; ;2; ; ; ; ;4;2;1;07;54;498,46089253651;54
3249218;1;3;1;80;1;1;2;8; ;2; ;2; ; ; ; ;2;2;1;07;54;479,70639782063;54
3249218;1;5;1;80;1;2; ; ; ;2; ;2; ;2; ;.; ; ;1;07;54;479,70639782063;54
3249219;1;2;1;80;1;1;4;8; ;2; ;2; ; ; ; ;9;2;1;07;54;415,508645378103;54
3249220;1;4;1;80;1;2; ; ; ; ; ;2; ;2; ;.; ; ;1;07;54;423,593691576796;54
3249227;1;3;1;80;1;1;3;4; ;2; ;2; ; ; ; ;4;2;1;07;66;293,566512315625;66
3249228;1;1;1;80;1;1;4;4; ;2; ;2; ; ; ; ;4;2;1;07;66;319,121547654403;66
3249229;1;3;1;80;1;2; ; ; ;2; ;2; ;2; ;.; ; ;1;07;66;311,241823156865;66
3249230;1;1;1;80;1;1;4;5; ;3; ;2; ; ; ; ;10;2;1;07;66;332,546503430606;66
3249230;1;3;1;80;1;2; ; ; ; ; ;2; ;2; ;.; ; ;1;07;66;332,546503430606;66
3249232;1;4;1;80;1;2; ; ; ;2; ;2; ;2; ;.; ; ;1;07;66;278,623994970222;66
3249238;1;1;1;80;1;2; ; ; ;2; ;2; ;2; ;.; ; ;1;07;66;243,32279631855;66
3249239;1;1;1;80;1;1;4;4; ;2; ;2; ; ; ; ;4;2;1;07;66;277,402775806277;66
3249243;1;2;1;80;1;2; ; ; ; ; ;2; ;2; ;.; ; ;1;07;66;296,339076710881;66
3249250;1;1;1;80;1;1;2;4; ;2; ;2; ; ; ; ;4;2;1;07;66;318,864976148567;66
3249251;1;6;1;80;1;2; ; ; ; ; ;2; ;2; ;.; ; ;1;07;66;385,557646313614;66
3249252;1;3;1;80;1;2; ; ; ;2; ;2; ;2; ;.; ; ;1;07;66;270,727930505472;66
3249252;1;4;1;80;1;2; ; ; ; ; ;2; ;2; ;.; ; ;1;07;66;270,727930505472;66
3249256;1;1;1;80;1;1;4;4; ;2; ;2; ; ; ; ;4;2;1;07;66;241,154288118128;66
3249256;1;2;1;80;1;1;4;3; ;2; ;2; ; ; ; ;9;2;1;07;66;241,154288118128;66
3249258;1;6;1;80;1;2; ; ; ;2; ;2; ;2; ;.; ; ;1;07;66;257,873947860507;66
3249259;1;2;1;80;1;1;4;4; ;2; ;2; ; ; ; ;4;2;1;07;66;167,821677456957;66
3249260;1;1;1;80;1;1;3;5; ;3; ;2; ; ; ; ;10;2;1;07;66;296,595648216717;66
3249261;1;1;1;80;1;1;4;4; ;2; ;2; ; ; ; ;8;2;1;07;66;320,286066481228;66
3249261;1;2;1;80;1;1;3;4; ;2; ;2; ; ; ; ;4;2;1;07;66;320,286066481228;66
3249263;1;2;1;80;1;2; ; ; ;2; ;2; ;2; ;.; ; ;1;07;66;372,965372683808;66
3249263;1;4;1;80;1;1;2;2; ;2; ;2; ; ; ; ;2;2;1;07;66;372,965372683808;66
3249264;1;2;1;80;1;1;1;3; ;2; ;2; ; ; ; ;9;2;1;07;66;325,539821449373;66
3249271;1;3;1;80;1;1;4;6; ;2; ;2; ; ; ; ;4;2;1;07;66;220,540325375028;66
3249273;1;4;1;80;1;2; ; ; ;2; ;2; ;2; ;.; ; ;1;07;66;299,631042769703;66
3249274;1;1;1;80;1;1;4;8; ;2; ;2; ; ;2; ;2;1;1;07;66;233,230867569594;66
3249274;1;4;1;80;1;1;4;4; ;2; ;2; ; ; ; ;8;2;1;07;66;233,230867569594;66
3249274;1;5;1;80;1;1;4;4; ;3; ;2; ; ; ; ;4;2;1;07;66;233,230867569594;66
3249275;1;2;1;80;1;1;1;8; ;2; ;2; ; ; ; ;9;2;1;07;66;305,439001717945;66
3249276;1;1;1;80;1;2; ; ; ;2; ;2; ;2; ;.; ; ;1;07;66;236,870318317413;66
3249276;1;2;1;80;1;1;1;4; ;2; ;2; ; ; ; ;8;2;1;07;66;236,870318317413;66
3249277;1;1;1;80;1;1;1;4; ;2; ;2; ; ; ; ;9;2;1;07;66;342,599090464072;66
3249279;1;4;1;80;1;2; ; ; ; ; ;2; ;2; ;.; ; ;1;07;66;262,494891850971;66
3249279;1;6;1;80;1;2; ; ; ; ; ;2; ;2; ;.; ; ;1;07;66;262,494891850971;66
3249280;1;2;1;80;1;1;4;3; ;2; ;2; ; ; ; ;9;2;1;07;66;325,8716581298;66
3249280;1;3;1;80;1;2; ; ; ;2; ;2; ;2; ;.; ; ;1;07;66;325,8716581298;66
3249280;1;4;1;80;1;2; ; ; ; ; ;2; ;2; ;.; ; ;1;07;66;325,8716581298;66
3249281;1;1;1;80;1;1;4;5; ;3; ;2; ; ; ; ;10;2;1;07;66;265,204176703342;66
3249283;1;4;1;80;1;1;1;8; ;2; ;2; ; ; ; ;2;2;1;07;66;409,367454987641;66
3249283;1;5;1;80;1;1;1;8; ;2; ;2; ; ; ; ;2;2;1;07;66;409,367454987641;66
3249283;1;7;1;80;1;1;1;2; ;2; ;2; ; ; ; ;2;2;1;07;66;409,367454987641;66
3249283;2;2;2;80;1;2; ; ; ;2; ;2; ;2; ;.; ; ;1;07;66;409,367454987641;66
3249283;2;3;2;80;1;2; ; ; ; ; ;2; ;2; ;.; ; ;1;07;66;409,367454987641;66
3249284;1;2;1;80;1;1;1;8; ;2; ;2; ; ; ; ;1;2;1;07;66;311,241823156865;66
3249288;1;1;1;80;1;1;3;3; ;2; ;2; ; ; ; ;11;2;1;07;66;292,014045941742;66
3249289;1;4;1;80;1;2; ; ; ;2; ;2; ;2; ;.; ; ;1;07;66;263,423616049978;66
3249290;1;1;1;80;1;1;4;5; ;3; ;2; ; ; ; ;4;2;1;07;66;236,870318317413;66
3249290;1;2;1;80;1;1;4;3; ;2; ;2; ; ; ; ;9;2;1;07;66;236,870318317413;66
3249291;1;2;1;80;1;2; ; ; ;2; ;2; ;2; ;.; ; ;1;07;66;183,100385818293;66
3249291;1;3;1;80;1;1;4;7; ;2; ;2; ; ; ; ;4;2;1;07;66;183,100385818293;66
3249291;1;6;1;80;1;1;4;4; ;2; ;2; ; ; ; ;4;2;1;07;66;183,100385818293;66
3249292;1;3;1;80;1;1;4;4; ;2; ;2; ; ; ; ;4;2;1;07;66;240,897716612291;66
3249293;1;2;1;80;1;1;1;3; ;2; ;2; ; ; ; ;9;2;1;07;66;166,59532078369;66
3249293;1;3;1;80;1;2; ; ; ; ; ;2; ;2; ;.; ; ;1;07;66;166,59532078369;66
3249293;1;4;1;80;1;1;4;4; ;2; ;2; ; ; ; ;4;2;1;07;66;166,59532078369;66
3249293;1;5;1;80;1;2; ; ; ;2; ;2; ;2; ;.; ; ;1;07;66;166,59532078369;66
3249294;1;2;1;80;1;1;4;5; ;3; ;2; ; ; ; ;10;2;1;07;66;226,778389568458;66
3249294;1;4;1;80;1;1;4;5; ;3; ;2; ; ; ; ;10;2;1;07;66;226,778389568458;66
3249295;1;2;1;80;1;2; ; ; ;2; ;2; ;2; ;.; ; ;1;07;66;328,301092171564;66
3249295;1;3;1;80;1;2; ; ; ; ; ;2; ;2; ;.; ; ;1;07;66;328,301092171564;66
3249297;1;2;1;80;1;2; ; ; ;2; ;2; ;2; ;.; ; ;1;07;66;298,764156417139;66
3249297;1;3;1;80;1;2; ; ; ;2; ;2; ;2; ;.; ; ;1;07;66;298,764156417139;66
3249299;1;1;1;80;1;1;4;5; ;2; ;2; ; ; ; ;9;2;1;07;66;269,488146504056;66
3249300;1;1;1;80;1;1;2;4; ;2; ;2; ; ; ; ;4;2;1;07;66;294,182554142165;66
3249301;1;1;1;80;1;1;4;7; ;2; ;2; ; ;4; ;8;1;1;07;66;292,014045941742;66
3249302;1;1;1;80;1;1;4;5; ;3; ;2; ; ; ; ;10;2;1;07;66;241,154288118128;66
3249302;1;2;1;80;1;2; ; ; ;2; ;2; ;2; ;.; ; ;1;07;66;241,154288118128;66
3249306;1;5;1;80;1;1;4;8; ;2; ;2; ; ; ; ;9;2;1;07;66;349,007872414215;66
3249307;1;3;1;80;1;2; ; ; ;2; ;2; ;2; ;.; ; ;1;07;66;283,855253807414;66
3249307;1;5;1;80;1;2; ; ; ;2; ;2; ;2; ;.; ; ;1;07;66;283,855253807414;66
3249308;1;1;1;80;1;1;4;1; ;2; ;2; ; ; ; ;8;2;1;07;66;247,865056878035;66
3249308;1;4;1;80;1;2; ; ; ; ; ;2; ;2; ;.; ; ;1;07;66;247,865056878035;66
3249309;1;1;1;80;1;1;3;5; ;3; ;2; ; ; ; ;10;2;1;07;66;304,822959891406;66
3249309;1;4;1;80;1;1;1;8; ;2; ;2; ; ; ; ;1;2;1;07;66;304,822959891406;66
3249310;1;2;1;80;1;1;4;4; ;2; ;2; ; ; ; ;9;2;1;07;66;355,072402868293;66
3249310;1;4;1;80;1;1;2;3; ;2; ;2; ; ; ; ;9;2;1;07;66;355,072402868293;66
3249316;1;2;1;80;1;2; ; ; ;2; ;2; ;2; ;.; ; ;1;07;08;500,426794757988;08
3249317;1;2;1;80;1;1;4;4; ;2; ;2; ; ; ; ;4;2;1;07;08;518,161077522446;08
3249317;1;4;1;80;1;2; ; ; ;2; ;2; ;2; ;.; ; ;1;07;08;518,161077522446;08
3249317;1;5;1;80;1;2; ; ; ;2; ;2; ;2; ;.; ; ;1;07;08;518,161077522446;08
3249318;1;2;1;80;1;2; ; ; ;2; ;2; ;2; ;.; ; ;1;07;08;527,372538730508;08
3249318;1;3;1;80;1;2; ; ; ;2; ;2; ;2; ;.; ; ;1;07;08;527,372538730508;08
3249318;1;4;1;80;1;2; ; ; ;2; ;2; ;2; ;.; ; ;1;07;08;527,372538730508;08
3249318;1;5;1;80;1;2; ; ; ; ; ;2; ;2; ;.; ; ;1;07;08;527,372538730508;08
3249318;1;6;1;80;1;2; ; ; ; ; ;2; ;2; ;.; ; ;1;07;08;527,372538730508;08
3249319;1;1;1;80;1;1;4;4; ;2; ;2; ; ; ; ;8;2;1;07;08;526,080920168475;08
3249319;1;2;1;80;1;1;4;3; ;2; ;2; ; ; ; ;9;2;1;07;08;526,080920168475;08
3249319;1;4;1;80;1;1;3;2; ;2; ;2; ; ; ; ;2;2;1;07;08;526,080920168475;08
3249319;1;5;1;80;1;2; ; ; ;2; ;2; ;2; ;.; ; ;1;07;08;526,080920168475;08
3249319;1;6;1;80;1;2; ; ; ;2; ;2; ;2; ;.; ; ;1;07;08;526,080920168475;08
3249319;1;7;1;80;1;2; ; ; ; ; ;2; ;2; ;.; ; ;1;07;08;526,080920168475;08
3249320;1;4;1;80;1;2; ; ; ;2; ;2; ;2; ;.; ; ;1;07;08;571,613854198861;08
3249321;1;1;1;80;1;1;4;4; ;2; ;2; ; ; ; ;4;2;1;07;08;442,77113725069;08
3249321;1;2;1;80;1;1;4;3; ;2; ;2; ; ; ; ;9;2;1;07;08;442,77113725069;08
3249321;1;8;1;80;1;2; ; ; ;2; ;2; ;2; ;.; ; ;1;07;08;442,77113725069;08
3249322;1;3;1;80;1;2; ; ; ;2; ;2; ;2; ;.; ; ;1;07;08;496,875027737824;08
3249322;1;4;1;80;1;2; ; ; ;2; ;2; ;2; ;.; ; ;1;07;08;496,875027737824;08
3249322;1;5;1;80;1;2; ; ; ; ; ;2; ;2; ;.; ; ;1;07;08;496,875027737824;08
3249323;1;3;1;80;1;2; ; ; ;2; ;2; ;2; ;.; ; ;1;07;08;610,473878617579;08
3249324;1;2;1;80;1;2; ; ; ; ; ;2; ;2; ;.; ; ;1;07;08;539,356779284258;08
3249325;1;2;1;80;1;1;4;8; ;2; ;2; ; ; ; ;9;2;1;07;08;605,092587567945;08
3249325;1;4;1;80;1;2; ; ; ;2; ;2; ;2; ;.; ; ;1;07;08;605,092587567945;08
3249326;1;4;1;80;1;2; ; ; ;2; ;2; ;2; ;.; ; ;1;07;08;616,503141522248;08
3249327;1;1;1;80;1;1;4;3; ;2; ;2; ; ; ; ;4;2;1;07;08;442,77113725069;08
3249327;1;5;1;80;1;2; ; ; ;2; ;2; ;2; ;.; ; ;1;07;08;442,77113725069;08
3249327;1;7;1;80;1;2; ; ; ;2; ;2; ;2; ;.; ; ;1;07;08;442,77113725069;08
3249327;1;8;1;80;1;2; ; ; ; ; ;2; ;2; ;.; ; ;1;07;08;442,77113725069;08
3249329;1;2;1;80;1;1;2;3; ;2; ;2; ; ; ; ;9;2;1;07;08;670,530968339973;08
3249330;1;3;1;80;1;2; ; ; ;2; ;2; ;2; ;.; ; ;1;07;08;696,624622574781;08
3249331;1;4;1;80;1;1;4;4; ;2; ;2; ; ; ; ;8;2;1;07;08;643,93905874559;08
3249331;1;5;1;80;1;1;4;4; ;2; ;2; ; ; ; ;4;2;1;07;08;643,93905874559;08
3249331;3;2;3;80;1;2; ; ; ;2; ;2; ;2; ;.; ; ;1;07;08;643,93905874559;08
3249331;3;3;3;80;1;2; ; ; ;2; ;2; ;2; ;.; ; ;1;07;08;643,93905874559;08
3249332;1;4;1;80;1;2; ; ; ; ; ;2; ;2; ;.; ; ;1;07;08;583,806537783324;08
3249333;1;1;1;80;1;1;4;4; ;2; ;2; ; ; ; ;4;2;1;07;08;538,847290352385;08
3249333;1;4;1;80;1;2; ; ; ; ; ;2; ;2; ;.; ; ;1;07;08;538,847290352385;08
3249334;1;4;1;80;1;2; ; ; ;2; ;2; ;2; ;.; ; ;1;07;08;605,092587567945;08
3249335;1;4;1;80;1;1;4;7; ;1;1;2; ; ; ; ;8;2;1;07;08;614,37755352298;08
3249337;1;3;1;80;1;2; ; ; ;2; ;2; ;2; ;.; ; ;1;07;08;555,589538256916;08
3249337;1;4;1;80;1;2; ; ; ;2; ;2; ;2; ;.; ; ;1;07;08;555,589538256916;08
3249338;1;1;1;80;1;2; ; ; ;2; ;2; ;2; ;.; ; ;1;07;08;577,707314771104;08
3249339;1;2;1;80;1;2; ; ; ; ; ;2; ;2; ;.; ; ;1;07;08;493,406860535255;08
3249339;1;3;1;80;1;2; ; ; ; ; ;2; ;2; ;.; ; ;1;07;08;493,406860535255;08
3249339;1;5;1;80;1;1;4;4; ;2; ;2; ; ; ; ;4;2;1;07;08;493,406860535255;08
3249341;1;1;1;80;1;1;4;5; ;3; ;2; ; ; ; ;10;2;1;07;08;661,227002918656;08
3249341;1;2;1;80;1;2; ; ; ;2; ;2; ;2; ;.; ; ;1;07;08;661,227002918656;08
3249341;1;3;1;80;1;2; ; ; ;2; ;2; ;2; ;.; ; ;1;07;08;661,227002918656;08
3249341;1;5;1;80;1;2; ; ; ;2; ;2; ;2; ;.; ; ;1;07;08;661,227002918656;08
3249342;1;1;1;80;1;1;4;3; ;2; ;2; ; ; ; ;9;2;1;07;08;664,367547660178;08
3249342;1;2;1;80;1;1;4;4; ;3; ;2; ; ; ; ;4;2;1;07;08;664,367547660178;08
3249342;1;3;1;80;1;2; ; ; ; ; ;2; ;2; ;.; ; ;1;07;08;664,367547660178;08
3249345;1;1;1;80;1;1;4;5; ;3; ;1;99; ; ; ;10;2;1;07;08;518,992804252012;08
3249345;1;2;1;80;1;1;4;3; ;2; ;2; ; ; ; ;9;2;1;07;08;518,992804252012;08
3249346;1;4;1;80;1;1;2;2; ;2; ;2; ; ; ; ;2;2;1;07;08;538,847290352385;08
3249347;1;3;1;80;1;2; ; ; ; ; ;2; ;2; ;.; ; ;1;07;08;505,758488708216;08
3249347;1;4;1;80;1;2; ; ; ; ; ;2; ;2; ;.; ; ;1;07;08;505,758488708216;08
3249348;1;2;1;80;1;1;4;3; ;2; ;2; ; ; ; ;9;2;1;07;08;691,593875868521;08
3249348;1;3;1;80;1;2; ; ; ;2; ;2; ;2; ;.; ; ;1;07;08;691,593875868521;08
3249348;1;4;1;80;1;2; ; ; ; ; ;2; ;2; ;.; ; ;1;07;08;691,593875868521;08
3249351;1;3;1;80;1;2; ; ; ; ; ;2; ;2; ;.; ; ;1;07;08;653,724522767868;08
3249352;1;1;1;80;1;1;4;5; ;3; ;2; ; ; ; ;10;2;1;07;08;480,132779833294;08
3249352;1;2;1;80;1;1;4;5; ;3; ;2; ; ; ; ;10;2;1;07;08;480,132779833294;08
3249352;1;4;1;80;1;2; ; ; ; ; ;2; ;2; ;.; ; ;1;07;08;480,132779833294;08
3249353;1;1;1;80;1;1;4;5; ;3; ;2; ; ; ; ;10;2;1;07;08;512,389854747897;08
3249353;1;2;1;80;1;2; ; ; ;2; ;2; ;1;2; ;4; ;1;07;08;512,389854747897;08
3249353;1;4;1;80;1;2; ; ; ;2; ;2; ;2; ;.; ; ;1;07;08;512,389854747897;08
3249353;1;5;1;80;1;2; ; ; ; ; ;2; ;2; ;.; ; ;1;07;08;512,389854747897;08
3249353;1;6;1;80;1;2; ; ; ; ; ;2; ;2; ;.; ; ;1;07;08;512,389854747897;08
3249354;1;2;1;80;1;1;2;3; ;2; ;2; ; ; ; ;9;2;1;07;08;574,15386799431;08
3249355;1;1;1;80;1;1;4;5; ;3; ;2; ; ; ; ;10;2;1;07;08;518,992804252012;08
3249355;1;2;1;80;1;2; ; ; ;2; ;2; ;2; ;.; ; ;1;07;08;518,992804252012;08
3249356;1;1;1;80;1;1;2;8; ;2; ;2; ; ; ; ;8;2;1;07;08;525,156224931807;08
3249359;1;1;1;80;1;1;4;4; ;2; ;2; ; ; ; ;4;2;1;07;08;844,129862163498;08
3249359;1;7;1;80;1;2; ; ; ; ; ;2; ;2; ;.; ; ;1;07;08;844,129862163498;08
3249360;1;4;1;80;1;2; ; ; ;2; ;2; ;2; ;.; ; ;1;07;08;543,396854672453;08
3249360;1;5;1;80;1;2; ; ; ;2; ;2; ;2; ;.; ; ;1;07;08;543,396854672453;08
3249361;1;3;1;80;1;2; ; ; ;2; ;2; ;2; ;.; ; ;1;07;08;545,01071103218;08
3249362;1;3;1;80;1;1;1;2; ;2; ;2; ; ; ; ;2;2;1;07;08;417,471162433108;08
3249362;2;2;2;80;1;1;1;2; ;2; ;2; ; ; ; ;2;2;1;07;08;417,471162433108;08
3249362;3;2;3;80;1;1;2;8; ;2; ;2; ; ; ; ;2;2;1;07;08;417,471162433108;08
3249362;3;3;3;80;1;2; ; ; ;2; ;2; ;2; ;.; ; ;1;07;08;417,471162433108;08
3249362;3;4;3;80;1;2; ; ; ;2; ;2; ;2; ;.; ; ;1;07;08;417,471162433108;08
3249363;1;6;1;80;1;2; ; ; ;2; ;2; ;2; ;.; ; ;1;07;08;570,8317245687;08
3249364;1;2;1;80;1;1;1;4; ;2; ;2; ; ; ; ;4;2;1;07;08;693,783661535364;08
3249366;1;3;1;80;1;2; ; ; ;2; ;2; ;2; ;.; ; ;1;07;08;599,830853725269;08
3249367;1;4;1;80;1;2; ; ; ;2; ;2; ;2; ;.; ; ;1;07;08;533,193358604463;08
3249369;1;1;1;80;1;1;4;5; ;3; ;2; ; ; ; ;10;2;1;07;08;590,109903585334;08
3249369;1;2;1;80;1;1;4;3; ;2; ;2; ; ; ; ;9;2;1;07;08;590,109903585334;08
3249370;1;1;1;80;1;1;4;8; ;2; ;2; ; ; ; ;9;2;1;07;08;639,173424072042;08
3249370;1;5;1;80;1;2; ; ; ;2; ;2; ;2; ;.; ; ;1;07;08;639,173424072042;08
3249371;1;1;1;80;1;1;4;8; ;2; ;2; ; ; ; ;8;2;1;07;08;596,273324265129;08
3249371;1;2;1;80;1;1;4;3; ;2; ;2; ; ; ; ;9;2;1;07;08;596,273324265129;08
3249372;1;4;1;80;1;2; ; ; ; ; ;2; ;2; ;.; ; ;1;07;08;581,747390159299;08
3249372;1;6;1;80;1;1;4;6; ;2; ;2; ; ; ;ACTIVIDADES RELIGIOSAS;12;2;1;07;08;581,747390159299;08
3249375;1;3;1;80;1;2; ; ; ; ; ;2; ;2; ;.; ; ;1;07;08;499,506083547475;08
3249375;1;5;1;80;1;1;2;8; ;2; ;2; ; ; ; ;9;2;1;07;08;499,506083547475;08
3249378;1;3;1;80;1;1;1;3; ;2; ;2; ; ; ; ;9;2;1;07;08;703,644556797514;08
3249379;1;2;1;80;1;2; ; ; ;2; ;2; ;2; ;.; ; ;1;07;08;781,786157412972;08
3249379;1;4;1;80;1;2; ; ; ;2; ;2; ;2; ;.; ; ;1;07;08;781,786157412972;08
3249379;2;2;2;80;1;2; ; ; ;2; ;2; ;2; ;.; ; ;1;07;08;781,786157412972;08
3249381;1;1;1;80;1;1;4;3; ;2; ;2; ; ; ; ;9;2;1;07;08;482,413291299569;08
3249381;1;4;1;80;1;1;2;2; ;2; ;2; ; ; ; ;2;2;1;07;08;482,413291299569;08
3249381;2;2;2;80;1;2; ; ; ; ; ;2; ;2; ;.; ; ;1;07;08;482,413291299569;08
3249382;1;1;1;80;1;1;3;5; ;3; ;2; ; ; ; ;10;2;1;07;08;561,892904058926;08
3249382;1;2;1;80;1;1;4;3; ;2; ;2; ; ; ; ;9;2;1;07;08;561,892904058926;08
3249383;1;2;1;80;1;2; ; ; ; ; ;2; ;2; ;.; ; ;1;07;08;616,08615680363;08
3249384;1;1;1;80;1;1;4;3; ;2; ;2; ; ; ; ;4;2;1;07;08;581,330405440681;08
3249384;1;3;1;80;1;2; ; ; ;2; ;2; ;2; ;.; ; ;1;07;08;581,330405440681;08
3249386;1;4;1;80;1;2; ; ; ;2; ;2; ;2; ;.; ; ;1;07;08;461,127241514948;08
3249386;1;5;1;80;1;2; ; ; ;2; ;2; ;2; ;.; ; ;1;07;08;461,127241514948;08
3249386;1;6;1;80;1;1;4;6; ;2; ;2; ; ; ; ;8;2;1;07;08;461,127241514948;08
3249387;1;3;1;80;1;1;1;8; ;2; ;2; ; ; ; ;2;2;1;07;08;571,104365266988;08
3249387;1;4;1;80;1;2; ; ; ; ; ;2; ;2; ;.; ; ;1;07;08;571,104365266988;08
3249387;1;5;1;80;1;1;4;8; ;2; ;2; ; ; ; ;6;2;1;07;08;571,104365266988;08
3249388;1;1;1;80;1;1;4;6; ;2; ;2; ; ; ; ;8;2;1;07;08;592,740959394984;08
3249388;1;2;1;80;1;1;2;2; ;2; ;2; ; ; ; ;2;2;1;07;08;592,740959394984;08
3249389;1;1;1;80;1;1;1;4; ;2; ;2; ; ; ; ;4;2;1;07;08;580,548275810521;08
3249389;1;2;1;80;1;1;2;3; ;2; ;2; ; ; ; ;9;2;1;07;08;580,548275810521;08
3249389;1;4;1;80;1;2; ; ; ; ; ;2; ;2; ;.; ; ;1;07;08;580,548275810521;08
3249391;1;1;1;80;1;1;4;5; ;3; ;2; ; ; ; ;10;2;1;07;08;567,27419510856;08
3249391;1;2;1;80;1;2; ; ; ;2; ;2; ;2; ;.; ; ;1;07;08;567,27419510856;08
3249392;1;1;1;80;1;2; ; ; ;2; ;2; ;2; ;.; ; ;1;07;08;556,029067081237;08
3249393;1;2;1;80;1;2; ; ; ;2; ;2; ;1;4; ;9; ;1;07;08;673,929175434991;08
3249394;1;2;1;80;1;1;4;8; ;2; ;2; ; ; ; ;9;2;1;07;08;524,674726330847;08
3249394;1;7;1;80;1;2; ; ; ;2; ;2; ;2; ;.; ; ;1;07;08;524,674726330847;08
3249394;1;9;1;80;1;2; ; ; ; ; ;2; ;2; ;.; ; ;1;07;08;524,674726330847;08
3249395;1;2;1;80;1;1;4;3; ;2; ;2; ; ; ; ;9;2;1;07;08;730,103355943865;08
3249395;1;3;1;80;1;2; ; ; ; ; ;2; ;2; ;.; ; ;1;07;08;730,103355943865;08
3249395;1;6;1;80;1;2; ; ; ;2; ;2; ;2; ;.; ; ;1;07;08;730,103355943865;08
3249397;1;3;1;80;1;2; ; ; ; ; ;2; ;2; ;.; ; ;1;07;08;532,753829780142;08
3249397;2;2;2;80;1;2; ; ; ;2; ;2; ;2; ;.; ; ;1;07;08;532,753829780142;08
3249398;1;4;1;80;1;2; ; ; ;2; ;2; ;2; ;.; ; ;1;07;08;496,092898107664;08
3249399;1;3;1;80;1;2; ; ; ; ; ;2; ;2; ;.; ; ;1;07;08;702,005913624415;08
3249402;1;3;1;80;1;2; ; ; ; ; ;2; ;2; ;.; ; ;1;07;08;687,203256136952;08
3249403;1;1;1;80;1;1;4;5; ;3; ;2; ; ; ; ;8;2;1;07;08;555,589538256916;08
3249403;1;3;1;80;1;2; ; ; ; ; ;2; ;2; ;.; ; ;1;07;08;555,589538256916;08
3249403;1;4;1;80;1;1;1;8; ;2; ;2; ; ; ; ;2;2;1;07;08;555,589538256916;08
3249404;1;1;1;80;1;1;4;5; ;3; ;2; ; ; ; ;10;2;1;07;08;512,454052415472;08
3249404;1;2;1;80;1;2; ; ; ;2; ;2; ;2; ;.; ; ;1;07;08;512,454052415472;08
3249404;1;3;1;80;1;1;4;8; ;2; ;2; ; ; ; ;8;2;1;07;08;512,454052415472;08
3249406;1;2;1;80;1;2; ; ; ;2; ;2; ;2; ;.; ; ;1;07;08;616,08615680363;08
3249408;1;2;1;80;1;1;2;7; ;2; ;2; ; ;1; ;9;1;1;07;08;693,366676816746;08
3249409;1;1;1;80;1;1;4;8; ;2; ;2; ; ; ; ;4;2;1;07;08;525,156224931807;08
3249409;1;2;1;80;1;1;4;5; ;3; ;2; ; ; ; ;8;2;1;07;08;525,156224931807;08
3249411;1;2;1;80;1;2; ; ; ;2; ;2; ;2; ;.; ; ;1;07;08;562,192487761032;08
3249412;1;2;1;80;1;1;4;6; ;2; ;2; ; ;4; ;6;1;1;07;08;602,81207610167;08
3249413;1;1;1;80;1;2; ; ; ;2; ;2; ;2; ;.; ; ;1;07;08;625,988705627652;08
3249414;1;1;1;80;1;1;4;3; ;2; ;2; ; ; ; ;9;2;1;07;08;549,490315244696;08
3249414;1;2;1;80;1;2; ; ; ;2; ;2; ;2; ;.; ; ;1;07;08;549,490315244696;08
3249415;1;2;1;80;1;1;4;6; ;2; ;2; ; ;1; ;5;1;1;07;08;518,992804252012;08
3249416;1;2;1;80;1;1;4;3; ;2; ;2; ; ; ; ;9;2;1;07;08;692,660294641227;08
3249416;1;3;1;80;1;1;1;6; ;2; ;1;589000; ; ; ;11;2;1;07;08;692,660294641227;08
3249417;1;3;1;80;1;2; ; ; ;2; ;2; ;2; ;.; ; ;1;07;08;651,601177476268;08
3249417;1;7;1;80;1;2; ; ; ;2; ;2; ;2; ;.; ; ;1;07;08;651,601177476268;08
3249417;1;8;1;80;1;2; ; ; ; ; ;2; ;2; ;.; ; ;1;07;08;651,601177476268;08
3249418;1;2;1;80;1;2; ; ; ;2; ;2; ;2; ;.; ; ;1;07;08;647,144117369455;08
3249419;1;3;1;80;1;2; ; ; ;2; ;2; ;2; ;.; ; ;1;07;08;610,473878617579;08
3249420;1;2;1;80;1;1;1;8; ;2; ;1;400000; ; ; ;9;2;1;07;08;740,31479554939;08
3249421;1;2;1;80;1;2; ; ; ;2; ;2; ;2; ;.; ; ;1;07;08;680,808848320741;08
3249421;1;4;1;80;1;1;3;7; ;2; ;2; ; ;3; ;9;1;1;07;08;680,808848320741;08
3249422;1;1;1;80;1;1;4;5; ;3; ;2; ; ; ; ;10;2;1;07;08;526,730354222563;08
3249422;1;2;1;80;1;2; ; ; ;2; ;2; ;2; ;.; ; ;1;07;08;526,730354222563;08
3249422;1;6;1;80;1;2; ; ; ;2; ;2; ;2; ;.; ; ;1;07;08;526,730354222563;08
3249423;1;2;1;80;1;2; ; ; ;2; ;2; ;2; ;.; ; ;1;07;08;562,192487761032;08
3249424;1;2;1;80;1;2; ; ; ;2; ;2; ;2; ;.; ; ;1;07;08;632,087928639872;08
3249424;1;4;1;80;1;2; ; ; ;2; ;2; ;2; ;.; ; ;1;07;08;632,087928639872;08
3249424;1;5;1;80;1;2; ; ; ;2; ;2; ;2; ;.; ; ;1;07;08;632,087928639872;08
3249425;1;2;1;80;1;2; ; ; ;2; ;2; ;2; ;.; ; ;1;07;08;583,389553064706;08
3249427;1;1;1;80;1;1;4;3; ;2; ;2; ; ; ; ;9;2;1;07;08;460,918798484235;08
3249427;1;4;1;80;1;2; ; ; ;2; ;2; ;2; ;.; ; ;1;07;08;460,918798484235;08
3249428;1;1;1;80;1;1;3;3; ;2; ;2; ; ; ; ;9;2;1;07;08;583,806537783324;08
3249428;1;3;1;80;1;1;2;8; ;2; ;2; ; ; ; ;2;2;1;07;08;583,806537783324;08
3249428;1;4;1;80;1;2; ; ; ;2; ;2; ;2; ;.; ; ;1;07;08;583,806537783324;08
3249429;1;3;1;80;1;2; ; ; ;2; ;2; ;2; ;.; ; ;1;07;08;622,666562202042;08
3249430;1;3;1;80;1;2; ; ; ;2; ;2; ;2; ;.; ; ;1;07;08;594,869750911792;08
3249430;1;4;1;80;1;2; ; ; ;2; ;2; ;2; ;.; ; ;1;07;08;594,869750911792;08
3249430;1;5;1;80;1;2; ; ; ;2; ;2; ;2; ;.; ; ;1;07;08;594,869750911792;08
3249431;1;3;1;80;1;2; ; ; ;2; ;2; ;2; ;.; ; ;1;07;08;527,372538730508;08
3249431;1;4;1;80;1;2; ; ; ;2; ;2; ;2; ;.; ; ;1;07;08;527,372538730508;08
3249431;1;5;1;80;1;2; ; ; ; ; ;2; ;2; ;.; ; ;1;07;08;527,372538730508;08
3249432;1;4;1;80;1;2; ; ; ;2; ;2; ;2; ;.; ; ;1;07;08;594,449562675635;08
3249437;1;2;1;80;1;2; ; ; ;2; ;2; ;2; ;.; ; ;1;07;08;658,986256610544;08
3249437;1;3;1;80;1;2; ; ; ;2; ;2; ;2; ;.; ; ;1;07;08;658,986256610544;08
3249437;1;4;1;80;1;2; ; ; ;2; ;2; ;2; ;.; ; ;1;07;08;658,986256610544;08
3249438;1;1;1;80;1;2; ; ; ;2; ;2; ;2; ;.; ; ;1;07;08;692,284963484481;08
3249438;1;2;1;80;1;1;4;5; ;2; ;2; ; ; ; ;8;2;1;07;08;692,284963484481;08
3249438;1;4;1;80;1;2; ; ; ;2; ;2; ;2; ;.; ; ;1;07;08;692,284963484481;08
3249439;1;1;1;80;1;1;2;4; ;2; ;2; ; ; ; ;4;2;1;07;08;506,590215437782;08
3249443;1;2;1;80;1;2; ; ; ;2; ;2; ;2; ;.; ; ;1;07;08;580,141477337107;08
3249443;1;7;1;80;1;2; ; ; ;2; ;2; ;2; ;.; ; ;1;07;08;580,141477337107;08
3249444;1;3;1;80;1;2; ; ; ;2; ;2; ;2; ;.; ; ;1;07;08;445,676612172451;08
3249445;1;4;1;80;1;1;2;2; ;2; ;2; ; ; ; ;2;2;1;07;08;709,807977477309;08
3249446;1;1;1;80;1;2; ; ; ;2; ;2; ;2; ;.; ; ;1;07;08;659,336800953918;08
3249446;1;2;1;80;1;2; ; ; ; ; ;2; ;2; ;.; ; ;1;07;08;659,336800953918;08
3249448;1;4;1;80;1;2; ; ; ;2; ;2; ;2; ;.; ; ;1;07;08;704,426686427675;08
3249449;1;2;1;80;1;1;1;7; ;2; ;2; ; ; ; ;9;2;1;07;08;555,589538256916;08
3249449;1;3;1;80;1;2; ; ; ;2; ;2; ;2; ;.; ; ;1;07;08;555,589538256916;08
3249449;1;4;1;80;1;2; ; ; ;2; ;2; ;2; ;.; ; ;1;07;08;555,589538256916;08
3249449;1;5;1;80;1;2; ; ; ;2; ;2; ;2; ;.; ; ;1;07;08;555,589538256916;08
3249452;1;3;1;80;1;2; ; ; ;2; ;2; ;2; ;.; ; ;1;07;08;484,472438923594;08
3249452;1;4;1;80;1;2; ; ; ;2; ;2; ;2; ;.; ; ;1;07;08;484,472438923594;08
3249453;1;1;1;80;1;1;4;4; ;2; ;2; ; ; ; ;4;2;1;07;08;518,992804252012;08
3249455;1;3;1;80;1;2; ; ; ;2; ;2; ;2; ;.; ; ;1;07;08;756,130569803431;08
3249455;1;5;1;80;1;2; ; ; ;2; ;2; ;2; ;.; ; ;1;07;08;756,130569803431;08
3249459;1;2;1;80;1;1;4;3; ;2; ;2; ; ; ; ;9;2;1;07;08;555,653735924491;08
3249462;1;1;1;80;1;1;2;3; ;2; ;2; ; ; ; ;4;2;1;07;08;496,875027737824;08
3249462;1;5;1;80;1;1;1;2; ;2; ;2; ; ; ; ;2;2;1;07;08;496,875027737824;08
3249463;1;2;1;80;1;2; ; ; ;2; ;2; ;2; ;.; ; ;1;07;08;555,589538256916;08
3249463;1;3;1;80;1;2; ; ; ;2; ;2; ;2; ;.; ; ;1;07;08;555,589538256916;08
3249463;1;4;1;80;1;2; ; ; ; ; ;2; ;2; ;.; ; ;1;07;08;555,589538256916;08
3249466;1;2;1;80;1;2; ; ; ;2; ;2; ;2; ;.; ; ;1;07;08;719,043346332937;08
3249466;2;1;2;80;1;1;1;3; ;2; ;2; ; ; ; ;2;2;1;07;08;719,043346332937;08
3249467;1;3;1;80;1;2; ; ; ;2; ;2; ;2; ;.; ; ;1;07;08;600,612983355429;08
3249468;1;2;1;80;1;2; ; ; ;2; ;2; ;2; ;.; ; ;1;07;08;473,112845610561;08
3249469;1;2;1;80;1;1;1;3; ;2; ;2; ; ; ; ;9;2;1;07;08;616,637299297374;08
3249470;1;4;1;80;1;2; ; ; ; ; ;2; ;2; ;.; ; ;1;07;08;608,261548845033;08
3249472;1;1;1;80;1;1;2;9;RENTISTA;2; ;2; ; ; ; ;11;2;1;07;08;667,690007300556;08
3249473;1;3;1;80;1;2; ; ; ;2; ;2; ;2; ;.; ; ;1;07;08;583,806537783324;08
3249473;1;4;1;80;1;2; ; ; ; ; ;2; ;2; ;.; ; ;1;07;08;583,806537783324;08
3249474;1;2;1;80;1;2; ; ; ;2; ;2; ;2; ;.; ; ;1;07;08;615,855169667214;08
3249475;1;2;1;80;1;1;2;3; ;2; ;2; ; ; ; ;9;2;1;07;08;769,313924705958;08
3249476;1;2;1;80;1;1;4;3; ;2; ;2; ; ; ; ;9;2;1;07;08;655,363165940966;08
3249477;1;2;1;80;1;2; ; ; ;2; ;2; ;2; ;.; ; ;1;07;08;551,549462868721;08
3249478;1;2;1;80;1;2; ; ; ;2; ;2; ;2; ;.; ; ;1;07;08;594,449562675635;08
3249478;1;3;1;80;1;2; ; ; ;2; ;2; ;2; ;.; ; ;1;07;08;594,449562675635;08
3249478;1;4;1;80;1;2; ; ; ;2; ;2; ;2; ;.; ; ;1;07;08;594,449562675635;08
3249481;1;2;1;80;1;2; ; ; ; ; ;2; ;2; ;.; ; ;1;07;08;551,549462868721;08
3249482;1;2;1;80;1;2; ; ; ;2; ;2; ;2; ;.; ; ;1;07;08;562,192487761032;08
3249483;1;2;1;80;1;2; ; ; ; ; ;2; ;2; ;.; ; ;1;07;08;455,537507434601;08
3249483;1;4;1;80;1;1;4;3; ;2; ;2; ; ; ; ;9;2;1;07;08;455,537507434601;08
3249485;1;2;1;80;1;2; ; ; ;2; ;2; ;2; ;.; ; ;1;07;08;738,507522931772;08
3249485;1;3;1;80;1;1;3;9;EDAD;2; ;2; ; ; ; ;8;2;1;07;08;738,507522931772;08
3249485;1;5;1;80;1;2; ; ; ;2; ;2; ;2; ;.; ; ;1;07;08;738,507522931772;08
3249486;1;1;1;80;1;1;4;5; ;3; ;2; ; ; ; ;10;2;1;07;08;590,109903585334;08
3249486;1;2;1;80;1;1;4;5; ;3; ;2; ; ; ; ;10;2;1;07;08;590,109903585334;08
3249488;1;4;1;80;1;1;1;3; ;2; ;2; ; ; ; ;9;2;1;07;15;79,2575081651301;15
3249489;1;1;1;80;1;2; ; ; ;2; ;2; ;2; ;.; ; ;1;07;15;88,2920116737848;15
3249490;1;2;1;80;1;2; ; ; ;2; ;2; ;2; ;.; ; ;1;07;15;54,3705262752607;15
3249490;1;4;1;80;1;2; ; ; ;2; ;2; ;1;3; ;5; ;1;07;15;54,3705262752607;15
3249492;1;1;1;80;1;1;4;8; ;2; ;2; ; ; ; ;8;2;1;07;15;138,161610965792;15
3249492;1;4;1;80;1;2; ; ; ; ; ;2; ;2; ;.; ; ;1;07;15;138,161610965792;15
3249497;1;1;1;80;1;1;4;8; ;2; ;2; ; ; ; ;8;2;1;07;15;111,583847936665;15
3249497;1;3;1;80;1;1;1;3; ;2; ;2; ; ; ; ;9;2;1;07;15;111,583847936665;15
3249498;1;1;1;80;1;1;4;5; ;3; ;2; ; ; ; ;10;2;1;07;15;94,3786238068172;15
3249498;1;2;1;80;1;2; ; ; ;2; ;2; ;2; ;.; ; ;1;07;15;94,3786238068172;15
3249499;1;1;1;80;1;1;4;5; ;3; ;2; ; ; ; ;10;2;1;07;15;103,55802757752;15
3249500;1;2;1;80;1;2; ; ; ;2; ;2; ;2; ;.; ; ;1;07;15;88,091123676693;15
3249500;1;4;1;80;1;2; ; ; ;2; ;2; ;2; ;.; ; ;1;07;15;88,091123676693;15
3249502;1;1;1;80;1;1;4;5; ;3; ;2; ; ; ; ;10;2;1;07;15;94,3786238068172;15
3249502;1;2;1;80;1;1;4;4; ;2; ;2; ; ; ; ;4;2;1;07;15;94,3786238068172;15
3249503;1;2;1;80;1;2; ; ; ;2; ;2; ;2; ;.; ; ;1;07;15;61,8217047359374;15
3249503;1;3;1;80;1;2; ; ; ; ; ;2; ;2; ;.; ; ;1;07;15;61,8217047359374;15
3249507;1;6;1;80;1;1;1;3; ;2; ;2; ; ; ; ;9;2;1;07;15;91,3661864151274;15
3249509;1;1;1;80;1;2; ; ; ;2; ;2; ;2; ;.; ; ;1;07;15;100,857606737554;15
3249514;1;3;1;80;1;2; ; ; ;2; ;2; ;2; ;.; ; ;1;07;15;102,268123186961;15
3249515;1;3;1;80;1;2; ; ; ; ; ;2; ;2; ;.; ; ;1;07;15;107,138312910192;15
3249518;1;3;1;80;1;1;3;2; ;2; ;2; ; ; ; ;2;2;1;07;15;91,0743986634642;15
3249520;1;3;1;80;1;1;1;2; ;2; ;2; ; ; ; ;2;2;1;07;15;104,849111924408;15
3249521;1;1;1;80;1;1;4;5; ;3; ;2; ; ; ; ;10;2;1;07;15;110,93572405744;15
3249521;1;2;1;80;1;1;4;6; ;2; ;2; ; ; ; ;11;2;1;07;15;110,93572405744;15
3249522;1;3;1;80;1;2; ; ; ;2; ;2; ;2; ;.; ; ;1;07;15;72,6390827612593;15
3249522;1;4;1;80;1;2; ; ; ; ; ;2; ;2; ;.; ; ;1;07;15;72,6390827612593;15
3249523;1;1;1;80;1;1;4;4; ;2; ;2; ; ; ; ;8;2;1;07;15;86,7651846159912;15
3249524;1;2;1;80;1;1;4;1; ;2; ;2; ; ; ; ;5;2;1;07;15;115,128098599193;15
3249527;1;3;1;80;1;2; ; ; ; ; ;2; ;2; ;.; ; ;1;07;15;95,9445883866943;15
3249529;1;3;1;80;1;2; ; ; ;2; ;2; ;2; ;.; ; ;1;07;15;102,268123186961;15
3249534;1;2;1;80;1;1;4;3; ;2; ;2; ; ; ; ;9;2;1;07;15;105,766952625061;15
3249534;1;3;1;80;1;2; ; ; ;2; ;2; ;2; ;.; ; ;1;07;15;105,766952625061;15
3249535;1;2;1;80;1;1;2;2; ;2; ;2; ; ; ; ;2;2;1;07;15;71,6894901987328;15
3249538;1;2;1;80;1;1;2;3; ;2; ;2; ; ; ; ;9;2;1;07;15;101,729515958637;15
3249538;1;4;1;80;1;2; ; ; ; ; ;2; ;2; ;.; ; ;1;07;15;101,729515958637;15
3249539;1;1;1;80;1;1;4;5; ;3; ;2; ; ; ; ;10;2;1;07;15;94,3786238068172;15
3249539;1;2;1;80;1;1;4;4; ;2; ;2; ; ; ; ;4;2;1;07;15;94,3786238068172;15
3249540;1;1;1;80;1;1;4;3; ;2; ;2; ; ; ; ;8;2;1;07;15;113,034603556747;15
3249540;1;2;1;80;1;1;4;5; ;3; ;2; ; ; ; ;10;2;1;07;15;113,034603556747;15
3249541;1;1;1;80;1;1;4;5; ;3; ;2; ; ; ; ;10;2;1;07;15;114,479974719969;15
3249541;1;2;1;80;1;1;4;5; ;3; ;2; ; ; ; ;10;2;1;07;15;114,479974719969;15
3249543;1;1;1;80;1;1;4;4; ;2; ;2; ; ; ; ;8;2;1;07;15;94,3786238068172;15
3249543;1;2;1;80;1;1;2;4; ;2; ;2; ; ; ; ;4;2;1;07;15;94,3786238068172;15
3249544;1;3;1;80;1;2; ; ; ; ; ;2; ;2; ;.; ; ;1;07;15;104,849111924408;15
3249545;1;3;1;80;1;1;2;2; ;2; ;2; ; ; ; ;2;2;1;07;15;101,729515958637;15
3249545;1;4;1;80;1;2; ; ; ; ; ;2; ;2; ;.; ; ;1;07;15;101,729515958637;15
3249546;1;3;1;80;1;1;2;2; ;2; ;2; ; ; ; ;2;2;1;07;15;102,268123186961;15
3249547;1;3;1;80;1;2; ; ; ;2; ;2; ;2; ;.; ; ;1;07;15;68,5244730085329;15
3249547;1;4;1;80;1;2; ; ; ; ; ;2; ;2; ;.; ; ;1;07;15;68,5244730085329;15
3249550;1;1;1;80;1;1;4;5; ;3; ;2; ; ; ; ;10;2;1;07;52;480,20026688403;52
3249550;1;2;1;80;1;1;4;4; ;2; ;2; ; ; ; ;8;2;1;07;52;480,20026688403;52
3249551;1;1;1;80;1;1;3;2; ;2; ;2; ; ; ; ;2;2;1;07;52;168,795388216105;52
3249551;1;2;1;80;1;2; ; ; ;2; ;2; ;2; ;.; ; ;1;07;52;168,795388216105;52
3249552;1;2;1;80;1;2; ; ; ;2; ;2; ;2; ;.; ; ;1;07;52;135,464270029933;52
3249554;1;2;1;80;1;2; ; ; ;2; ;2; ;2; ;.; ; ;1;07;52;612,737246072554;52
3249556;1;3;1;80;1;2; ; ; ; ; ;2; ;2; ;.; ; ;1;07;52;625,937777062437;52
3249558;1;2;1;80;1;1;1;9;CAMBIO DE DOMICILIO;2; ;2; ; ; ; ;9;2;1;07;52;600,740586201099;52
3249560;1;2;1;80;1;1;4;3; ;2; ;2; ; ; ; ;9;2;1;07;52;825,176676387017;52
3249560;1;3;1;80;1;2; ; ; ;2; ;2; ;2; ;.; ; ;1;07;52;825,176676387017;52
3249560;1;8;1;80;1;2; ; ; ; ; ;2; ;2; ;.; ; ;1;07;52;825,176676387017;52
3249560;1;10;1;80;1;2; ; ; ;2; ;2; ;2; ;.; ; ;1;07;52;825,176676387017;52
3249561;1;2;1;80;1;2; ; ; ;2; ;2; ;2; ;.; ; ;1;07;13;719,147383975702;13
3249562;1;2;1;80;1;1;4;3; ;2; ;2; ; ; ; ;9;2;1;07;13;764,276095698276;13
3249565;1;2;1;80;1;1;4;3; ;2; ;2; ; ; ; ;9;2;1;07;13;833,138443274663;13
3249565;1;4;1;80;1;2; ; ; ;2; ;2; ;2; ;.; ; ;1;07;13;833,138443274663;13
3249566;1;1;1;80;1;1;4;5; ;3; ;2; ; ; ; ;10;2;1;07;13;504,744584423446;13
3249566;1;2;1;80;1;1;2;2; ;2; ;2; ; ; ; ;2;2;1;07;13;504,744584423446;13
3249566;1;3;1;80;1;2; ; ; ;2; ;2; ;2; ;.; ; ;1;07;13;504,744584423446;13
3249566;1;4;1;80;1;2; ; ; ;2; ;2; ;2; ;.; ; ;1;07;13;504,744584423446;13
3249567;1;5;1;80;1;2; ; ; ;2; ;2; ;2; ;.; ; ;1;07;13;390,451137445341;13
3249571;1;2;1;80;1;1;1;3; ;2; ;2; ; ; ; ;9;2;1;07;13;368,985557324949;13
3249572;1;1;1;80;1;1;1;4; ;2; ;2; ; ; ; ;4;2;1;07;13;285,563064475615;13
3249572;1;2;1;80;1;2; ; ; ;2; ;2; ;2; ;.; ; ;1;07;13;285,563064475615;13
3249573;1;4;1;80;1;2; ; ; ;2; ;2; ;2; ;.; ; ;1;07;13;465,115934807337;13
3249575;1;2;1;80;1;1;4;3; ;2; ;2; ; ; ; ;9;2;1;07;13;455,313976634407;13
3249575;1;3;1;80;1;1;4;4; ;2; ;2; ; ; ; ;8;2;1;07;13;455,313976634407;13
3249577;1;2;1;80;1;2; ; ; ;2; ;2; ;2; ;.; ; ;1;07;13;459,094240659082;13
3249578;1;2;1;80;1;2; ; ; ;2; ;2; ;2; ;.; ; ;1;07;13;415,921221167348;13
3249579;1;3;1;80;1;2; ; ; ; ; ;2; ;2; ;.; ; ;1;07;13;389,857409213511;13
3249580;1;2;1;80;1;1;2;3; ;2; ;2; ; ; ; ;9;2;1;07;13;403,229057203041;13
3249581;1;3;1;80;1;2; ; ; ;2; ;2; ;2; ;.; ; ;1;07;13;307,588939909303;13
3249581;1;4;1;80;1;2; ; ; ;2; ;2; ;2; ;.; ; ;1;07;13;307,588939909303;13
3249582;1;1;1;80;1;1;3;5; ;3; ;2; ; ; ; ;10;2;1;07;13;398,554341133976;13
3249584;1;2;1;80;1;2; ; ; ;2; ;2; ;2; ;.; ; ;1;07;13;421,712425227094;13
3249584;1;4;1;80;1;2; ; ; ;2; ;2; ;2; ;.; ; ;1;07;13;421,712425227094;13
3249585;1;2;1;80;1;1;4;3; ;2; ;2; ; ; ; ;9;2;1;07;13;339,613028827388;13
3249585;1;3;1;80;1;2; ; ; ;2; ;2; ;2; ;.; ; ;1;07;13;339,613028827388;13
3249590;1;2;1;80;1;2; ; ; ;2; ;2; ;2; ;.; ; ;1;07;13;379,682742740081;13
3249592;1;4;1;80;1;2; ; ; ;2; ;2; ;2; ;.; ; ;1;07;13;453,621472661682;13
3249592;1;6;1;80;1;1;4;4; ;2; ;2; ; ; ; ;8;2;1;07;13;453,621472661682;13
3249593;1;3;1;80;1;2; ; ; ;2; ;2; ;2; ;.; ; ;1;07;13;406,037808349299;13
3249594;1;4;1;80;1;2; ; ; ;2; ;2; ;2; ;.; ; ;1;07;13;499,480528168131;13
3249595;1;2;1;80;1;2; ; ; ;2; ;2; ;2; ;.; ; ;1;07;13;307,896930248393;13
3249595;1;4;1;80;1;2; ; ; ; ; ;2; ;2; ;.; ; ;1;07;13;307,896930248393;13
3249595;1;5;1;80;1;2; ; ; ; ; ;2; ;2; ;.; ; ;1;07;13;307,896930248393;13
3249597;1;1;1;80;1;1;4;4; ;2; ;2; ; ; ; ;4;2;1;07;13;265,877693484637;13
3249597;1;4;1;80;1;2; ; ; ;2; ;2; ;2; ;.; ; ;1;07;13;265,877693484637;13
3249597;1;5;1;80;1;2; ; ; ; ; ;2; ;2; ;.; ; ;1;07;13;265,877693484637;13
3249600;1;2;1;80;1;1;1;3; ;2; ;2; ; ; ; ;9;2;1;07;13;398,318446984927;13
3249601;1;1;1;80;1;1;4;4; ;2; ;2; ; ; ; ;4;2;1;07;13;379,682742740081;13
3249601;1;2;1;80;1;1;1;4; ;2; ;2; ; ; ; ;4;2;1;07;13;379,682742740081;13
3249602;1;2;1;80;1;2; ; ; ;2; ;2; ;2; ;.; ; ;1;07;13;367,716733113475;13
3249602;1;4;1;80;1;2; ; ; ; ; ;2; ;2; ;.; ; ;1;07;13;367,716733113475;13
3249605;1;2;1;80;1;2; ; ; ;2; ;2; ;2; ;.; ; ;1;07;13;363,502343604292;13
3249606;1;1;1;80;1;2; ; ; ;2; ;2; ;1;2; ;2; ;1;07;13;299,226741318339;13
3249606;1;3;1;80;1;1;2;4; ;2; ;2; ; ; ; ;4;2;1;07;13;299,226741318339;13
3249606;1;4;1;80;1;1;4;4; ;2; ;2; ; ; ; ;4;2;1;07;13;299,226741318339;13
3249607;1;3;1;80;1;2; ; ; ;2; ;2; ;2; ;.; ; ;1;07;13;389,857409213511;13
3249608;1;3;1;80;1;2; ; ; ;2; ;2; ;2; ;.; ; ;1;07;13;386,35243735832;13
3249608;1;4;1;80;1;2; ; ; ;2; ;2; ;2; ;.; ; ;1;07;13;386,35243735832;13
3249609;1;3;1;80;1;2; ; ; ;2; ;2; ;2; ;.; ; ;1;07;13;264,003808418164;13
3249609;1;4;1;80;1;2; ; ; ; ; ;2; ;2; ;.; ; ;1;07;13;264,003808418164;13
3249610;1;3;1;80;1;2; ; ; ;2; ;2; ;2; ;.; ; ;1;07;13;381,088381103005;13
3249612;1;2;1;80;1;1;3;5; ;3; ;2; ; ; ; ;10;2;1;07;13;418,887712594939;13
3249614;1;2;1;80;1;1;2;3; ;2; ;2; ; ; ; ;9;2;1;07;13;340,937987743006;13
3249622;1;2;1;80;1;2; ; ; ;2; ;2; ;2; ;.; ; ;1;07;13;329,729616009339;13
3249622;1;3;1;80;1;2; ; ; ; ; ;2; ;2; ;.; ; ;1;07;13;329,729616009339;13
3249623;1;2;1;80;1;2; ; ; ;2; ;2; ;2; ;.; ; ;1;07;13;395,121465468826;13
3249623;1;4;1;80;1;2; ; ; ; ; ;2; ;2; ;.; ; ;1;07;13;395,121465468826;13
3249624;1;2;1;80;1;2; ; ; ;2; ;2; ;2; ;.; ; ;1;07;13;345,926751828836;13
3249626;1;1;1;80;1;2; ; ; ;2; ;2; ;2; ;.; ; ;1;07;13;511,86755323149;13
3249626;1;2;1;80;1;2; ; ; ;2; ;2; ;2; ;.; ; ;1;07;13;511,86755323149;13
3249626;1;11;1;80;1;2; ; ; ;2; ;2; ;2; ;.; ; ;1;07;13;511,86755323149;13
3249627;1;4;1;80;1;2; ; ; ; ; ;2; ;2; ;.; ; ;1;07;13;344,877085082703;13
3249629;1;3;1;80;1;2; ; ; ;2; ;2; ;2; ;.; ; ;1;07;13;358,947705002969;13
3249629;1;4;1;80;1;2; ; ; ; ; ;2; ;2; ;.; ; ;1;07;13;358,947705002969;13
3249631;1;1;1;80;1;1;4;5; ;3; ;2; ; ; ; ;10;2;1;07;13;397,410998450784;13
3249631;1;2;1;80;1;2; ; ; ;2; ;2; ;2; ;.; ; ;1;07;13;397,410998450784;13
3249631;1;4;1;80;1;2; ; ; ;2; ;2; ;2; ;.; ; ;1;07;13;397,410998450784;13
3249631;1;5;1;80;1;2; ; ; ; ; ;2; ;2; ;.; ; ;1;07;13;397,410998450784;13
3249631;1;6;1;80;1;2; ; ; ; ; ;2; ;2; ;.; ; ;1;07;13;397,410998450784;13
3249633;1;2;1;80;1;2; ; ; ;2; ;2; ;2; ;.; ; ;1;07;13;344,641190933654;13
3249633;1;5;1;80;1;2; ; ; ; ; ;2; ;2; ;.; ; ;1;07;13;344,641190933654;13
3249634;1;2;1;80;1;1;3;3; ;2; ;2; ; ; ; ;9;2;1;07;13;334,954268565748;13
3249634;1;3;1;80;1;2; ; ; ;2; ;2; ;2; ;.; ; ;1;07;13;334,954268565748;13
3249634;1;4;1;80;1;2; ; ; ; ; ;2; ;2; ;.; ; ;1;07;13;334,954268565748;13
3249634;1;11;1;80;1;1;2;7; ;2; ;2; ; ; ; ;11;2;1;07;13;334,954268565748;13
3249635;1;1;1;80;1;1;4;4; ;2; ;2; ; ; ; ;4;2;1;07;13;436,49048677736;13
3249635;1;2;1;80;1;2; ; ; ;2; ;2; ;2; ;.; ; ;1;07;13;436,49048677736;13
3249637;1;1;1;80;1;2; ; ; ;2; ;2; ;2; ;.; ; ;1;07;13;386,35243735832;13
3249637;1;4;1;80;1;2; ; ; ;2; ;2; ;2; ;.; ; ;1;07;13;386,35243735832;13
3249638;1;2;1;80;1;1;4;5; ;2; ;2; ; ; ; ;8;2;1;07;13;476,076191100012;13
3249638;1;3;1;80;1;1;2;8; ;2; ;2; ; ; ; ;11;2;1;07;13;476,076191100012;13
3249638;1;5;1;80;1;1;1;3; ;2; ;2; ; ; ;EMBARAZO;12;2;1;07;13;476,076191100012;13
3249638;1;6;1;80;1;1;1;7; ;2; ;2; ; ; ; ;3;2;1;07;13;476,076191100012;13
3249638;1;8;1;80;1;1;2;8; ;2; ;2; ; ; ; ;3;2;1;07;13;476,076191100012;13
3249638;1;10;1;80;1;1;4;5; ;2; ;2; ; ; ; ;8;2;1;07;13;476,076191100012;13
3249641;1;1;1;80;1;1;4;5; ;3; ;2; ; ; ; ;10;2;1;07;13;416,157115316397;13
3249641;1;2;1;80;1;1;4;5; ;3; ;2; ; ; ; ;10;2;1;07;13;416,157115316397;13
3249643;1;2;1;80;1;1;3;4; ;2; ;2; ; ; ; ;4;2;1;07;13;485,409908247865;13
3249643;1;5;1;80;1;2; ; ; ;2; ;2; ;2; ;.; ; ;1;07;13;485,409908247865;13
3249644;1;1;1;80;1;2; ; ; ;2; ;2; ;2; ;.; ; ;1;07;13;477,965839052977;13
3249644;1;2;1;80;1;1;4;8; ;2; ;2; ; ; ; ;3;2;1;07;13;477,965839052977;13
3249646;1;1;1;80;1;1;4;5; ;2; ;2; ; ; ; ;8;2;1;07;13;457,632467592014;13
3249646;1;2;1;80;1;1;1;4; ;2; ;2; ; ; ;ACCIDENTE;12;2;1;07;13;457,632467592014;13
3249653;1;4;1;80;1;2; ; ; ;2; ;2; ;1;3; ;2; ;1;07;13;394,071798722693;13
3249653;1;5;1;80;1;2; ; ; ; ; ;2; ;2; ;.; ; ;1;07;13;394,071798722693;13
3249654;1;2;1;80;1;1;4;8; ;2; ;2; ; ; ; ;8;2;1;07;13;435,221662565886;13
3249654;1;6;1;80;1;1;4;5; ;2; ;2; ; ; ; ;8;2;1;07;13;435,221662565886;13
3249655;1;1;1;80;1;1;4;5; ;3; ;2; ; ; ; ;10;2;1;07;13;418,887712594939;13
3249655;1;2;1;80;1;2; ; ; ;2; ;2; ;2; ;.; ; ;1;07;13;418,887712594939;13
3249656;1;1;1;80;1;2; ; ; ;2; ;2; ;2; ;.; ; ;1;07;13;352,832099778977;13
3249656;1;3;1;80;1;2; ; ; ;2; ;2; ;2; ;.; ; ;1;07;13;352,832099778977;13
3249656;1;4;1;80;1;2; ; ; ;2; ;2; ;2; ;.; ; ;1;07;13;352,832099778977;13
3249657;1;1;1;80;1;1;3;4; ;2; ;2; ; ; ; ;4;2;1;07;13;342,882106533528;13
3249657;1;3;1;80;1;1;2;8; ;2; ;2; ; ; ; ;3;2;1;07;13;342,882106533528;13
3249658;1;1;1;80;1;1;9;3; ;2; ;2; ; ; ; ;8;2;1;07;20;121,533894273853;20
3249659;1;6;1;80;1;2; ; ; ;2; ;2; ;2; ;.; ; ;1;07;20;132,767099240912;20
3249660;1;3;1;80;1;2; ; ; ;2; ;2; ;2; ;.; ; ;1;07;20;167,215996395394;20
3249661;1;2;1;80;1;2; ; ; ;2; ;2; ;1;2; ;8; ;1;07;20;167,215996395394;20
3249665;1;3;1;80;1;2; ; ; ;2; ;2; ;2; ;.; ; ;1;07;20;161,721750074685;20
3249669;1;4;1;80;1;2; ; ; ;2; ;2; ;2; ;.; ; ;1;07;20;177,051700223826;20
3249670;1;2;1;80;1;2; ; ; ;2; ;2; ;2; ;.; ; ;1;07;20;98,6447493274768;20
3249670;1;4;1;80;1;2; ; ; ;2; ;2; ;2; ;.; ; ;1;07;20;98,6447493274768;20
3249670;1;5;1;80;1;2; ; ; ;2; ;2; ;2; ;.; ; ;1;07;20;98,6447493274768;20
3249671;1;2;1;80;1;2; ; ; ;2; ;2; ;2; ;.; ; ;1;07;20;124,135624574626;20
3249671;1;5;1;80;1;2; ; ; ;2; ;2; ;2; ;.; ; ;1;07;20;124,135624574626;20
3249672;1;2;1;80;1;2; ; ; ;2; ;2; ;2; ;.; ; ;1;07;20;155,324150397156;20
3249673;1;2;1;80;1;1;4;3; ;2; ;2; ; ; ; ;9;2;1;07;20;144,661202541445;20
3249674;1;1;1;80;1;1;4;4; ;2; ;2; ; ; ; ;4;2;1;07;20;130,443693397636;20
3249676;1;2;1;80;1;2; ; ; ;2; ;2; ;2; ;.; ; ;1;07;20;156,582148891936;20
3249677;1;1;1;80;1;1;3;4; ;2; ;2; ; ; ; ;8;2;1;07;20;108,825968471019;20
3249680;1;2;1;80;1;2; ; ; ;2; ;2; ;2; ;.; ; ;1;07;20;165,505369540698;20
3249681;1;2;1;80;1;2; ; ; ;2; ;2; ;2; ;.; ; ;1;07;20;133,830145848458;20
3249686;1;2;1;80;1;1;3;6; ;2; ;2; ; ;3; ;1;1;1;07;20;173,101226767491;20
3249686;1;5;1;80;1;2; ; ; ;2; ;2; ;2; ;.; ; ;1;07;20;173,101226767491;20
3249688;1;1;1;80;1;2; ; ; ;2; ;2; ;2; ;.; ; ;1;07;20;75,692098901585;20
3249690;1;3;1;80;1;1;1;6; ;2; ;2; ; ;1; ;1;1;1;07;20;144,672366764129;20
3249690;1;4;1;80;1;1;3;8; ;2; ;2; ; ;2; ;1;1;1;07;20;144,672366764129;20
3249692;1;3;1;80;1;1;1;8; ;2; ;2; ; ;2; ;2;1;1;07;20;165,928897548362;20
3249692;1;4;1;80;1;2; ; ; ;2; ;2; ;2; ;.; ; ;1;07;20;165,928897548362;20
3249692;1;5;1;80;1;2; ; ; ; ; ;2; ;2; ;.; ; ;1;07;20;165,928897548362;20
3249693;1;4;1;80;1;2; ; ; ;2; ;2; ;2; ;.; ; ;1;07;20;84,5862191980951;20
3249694;1;4;1;80;1;2; ; ; ; ; ;2; ;2; ;.; ; ;1;07;20;146,398672446099;20
3249695;1;2;1;80;1;1;3;9;NO TIENE LOS RECURSOS PARA INSTALAR UN NEGOCIO;2; ;2; ; ; ; ;9;2;1;07;20;209,858565174276;20
3249695;1;3;1;80;1;1;1;8; ;2; ;1;300000; ; ; ;1;2;1;07;20;209,858565174276;20
3249695;1;6;1;80;1;2; ; ; ; ; ;2; ;2; ;.; ; ;1;07;20;209,858565174276;20
3249695;1;7;1;80;1;2; ; ; ; ; ;2; ;2; ;.; ; ;1;07;20;209,858565174276;20
3249696;1;3;1;80;1;1;1;6; ;2; ;2; ; ; ; ;1;2;1;07;20;69,3958254983106;20
3249696;1;5;1;80;1;2; ; ; ;2; ;2; ;2; ;.; ; ;1;07;20;69,3958254983106;20
3249696;1;6;1;80;1;2; ; ; ;2; ;2; ;2; ;.; ; ;1;07;20;69,3958254983106;20
3249697;1;4;1;80;1;2; ; ; ; ; ;2; ;2; ;.; ; ;1;07;20;195,642599096462;20
3249703;1;2;1;80;1;1;2;3; ;2; ;2; ; ; ; ;9;2;1;07;20;151,895176069103;20
3249708;1;6;1;80;1;2; ; ; ; ; ;2; ;2; ;.; ; ;1;07;20;191,440066841045;20
3249709;1;2;1;80;1;1;4;3; ;2; ;2; ; ; ; ;9;2;1;07;20;146,398672446099;20
3249710;1;2;1;80;1;2; ; ; ;2; ;2; ;2; ;.; ; ;1;07;20;142,577994419221;20
3249710;1;6;1;80;1;2; ; ; ; ; ;2; ;2; ;.; ; ;1;07;20;142,577994419221;20
3249711;1;2;1;80;1;1;4;3; ;2; ;2; ; ; ; ;9;2;1;07;20;124,933768249654;20
3249712;1;1;1;80;1;1;3;4; ;2; ;2; ; ; ; ;4;2;1;07;20;74,8916979242632;20
3249712;1;3;1;80;1;1;2;2; ;2; ;2; ; ; ; ;2;2;1;07;20;74,8916979242632;20
3249713;1;5;1;80;1;2; ; ; ; ; ;2; ;2; ;.; ; ;1;07;20;145,111573599067;20
3249721;1;1;1;80;1;1;1;7; ;2; ;2; ; ; ; ;5;2;1;07;20;314,88830397152;20
3249721;1;2;1;80;1;1;1;6; ;2; ;2; ; ; ; ;5;2;1;07;20;314,88830397152;20
3249721;1;3;1;80;1;1;1;8; ;2; ;2; ; ; ; ;3;2;1;07;20;314,88830397152;20
3249722;1;1;1;80;1;1;4;5; ;3; ;2; ; ; ; ;10;2;1;07;20;243,067788547706;20
3249724;1;3;1;80;1;2; ; ; ; ; ;2; ;2; ;.; ; ;1;07;20;185,008751593003;20
3249725;1;4;1;80;1;2; ; ; ; ; ;2; ;2; ;.; ; ;1;07;20;136,96082518961;20
3249727;1;3;1;80;1;2; ; ; ; ; ;2; ;2; ;.; ; ;1;07;20;100,556877073831;20
3249727;1;4;1;80;1;2; ; ; ; ; ;2; ;2; ;.; ; ;1;07;20;100,556877073831;20
3249728;1;3;1;80;1;2; ; ; ;2; ;2; ;2; ;.; ; ;1;07;20;157,521475121563;20
3249729;1;3;1;80;1;2; ; ; ; ; ;2; ;2; ;.; ; ;1;07;20;210,046644540955;20
3249734;1;4;1;80;1;2; ; ; ;2; ;2; ;2; ;.; ; ;1;07;20;123,870721642107;20
3249738;1;3;1;80;1;1;2;4; ;2; ;2; ; ; ; ;4;2;1;07;20;134,491147620587;20
3249738;1;5;1;80;1;2; ; ; ;2; ;2; ;2; ;.; ; ;1;07;20;134,491147620587;20
3249738;1;6;1;80;1;2; ; ; ; ; ;2; ;2; ;.; ; ;1;07;20;134,491147620587;20
3249739;1;3;1;80;1;2; ; ; ; ; ;2; ;2; ;.; ; ;1;07;20;204,757948791407;20
3249740;1;4;1;80;1;2; ; ; ;2; ;2; ;2; ;.; ; ;1;07;20;292,797344892198;20
3249741;1;3;1;80;1;2; ; ; ;2; ;2; ;2; ;.; ; ;1;07;20;106,051123394541;20
3249741;1;4;1;80;1;2; ; ; ; ; ;2; ;2; ;.; ; ;1;07;20;106,051123394541;20
3249742;1;4;1;80;1;1;2;7; ;2; ;2; ; ; ; ;1;2;1;07;20;115,239246975822;20
3249743;1;2;1;80;1;1;1;9;CAMBIO DE PAIS;2; ;2; ; ; ;CAMBIO DE DOMICILIO;12;2;1;07;20;153,571001665228;20
3249743;1;3;1;80;1;2; ; ; ; ; ;2; ;2; ;.; ; ;1;07;20;153,571001665228;20
3249745;1;3;1;80;1;2; ; ; ; ; ;2; ;2; ;.; ; ;1;07;20;185,022173117982;20
3249746;1;1;1;80;1;1;4;3; ;3; ;2; ; ; ; ;11;2;1;07;20;310,616943139765;20
3249746;1;5;1;80;1;1;1;9;POR EMBARAZO;2; ;2; ; ; ;ESTA EMBARAZADA;12;2;1;07;20;310,616943139765;20
3249747;1;3;1;80;1;2; ; ; ; ; ;2; ;2; ;.; ; ;1;07;20;382,884648286679;20
3249747;1;5;1;80;1;1;4;4; ;2; ;2; ; ; ; ;4;2;1;07;20;382,884648286679;20
3249748;1;3;1;80;1;2; ; ; ; ; ;2; ;2; ;.; ; ;1;07;20;349,650550294333;20
3249749;1;1;1;80;1;1;4;4; ;2; ;2; ; ; ; ;8;2;1;07;20;131,369598102284;20
3249749;1;2;1;80;1;2; ; ; ; ; ;2; ;2; ;.; ; ;1;07;20;131,369598102284;20
3249750;1;1;1;80;1;1;1;4; ;2; ;1;300000; ; ; ;4;2;1;07;20;157,01339751826;20
3249750;1;2;1;80;1;2; ; ; ;2; ;2; ;2; ;.; ; ;1;07;20;157,01339751826;20
3249750;1;3;1;80;1;2; ; ; ; ; ;2; ;2; ;.; ; ;1;07;20;157,01339751826;20
3249751;1;1;1;80;1;2; ; ; ;2; ;2; ;2; ;.; ; ;1;07;20;140,90442612539;20
3249751;1;4;1;80;1;2; ; ; ;2; ;2; ;2; ;.; ; ;1;07;20;140,90442612539;20
3249752;1;2;1;80;1;2; ; ; ;2; ;2; ;2; ;.; ; ;1;07;20;130,81899862175;20
3249752;1;5;1;80;1;1;3;4; ;2; ;2; ; ; ; ;4;2;1;07;20;130,81899862175;20
3249752;1;6;1;80;1;1;4;4; ;2; ;2; ; ; ; ;8;2;1;07;20;130,81899862175;20
3249753;1;3;1;80;1;2; ; ; ;2; ;2; ;2; ;.; ; ;1;07;20;85,713624794401;20
3249758;1;2;1;80;1;2; ; ; ;2; ;2; ;2; ;.; ; ;1;07;20;330,983896031438;20
3249759;1;3;1;80;1;2; ; ; ;2; ;2; ;2; ;.; ; ;1;07;20;176,125795519178;20
3249762;1;1;1;80;1;1;1;8; ;3; ;2; ; ; ; ;9;2;1;07;76;1493,42070432962;76
3249762;1;2;1;80;1;2; ; ; ;2; ;2; ;2; ;.; ; ;1;07;76;1493,42070432962;76
3249762;1;4;1;80;1;1;1;8; ;2; ;2; ; ; ;LIBRETA  MILITAR;12;2;1;07;76;1493,42070432962;76
3249762;1;7;1;80;1;1;4;9;CAMBIO  DE   CIUDAD;2; ;2; ; ; ; ;9;2;1;07;76;1493,42070432962;76
3249762;1;13;1;80;1;1;3;7; ;2; ;2; ; ;3; ;9;1;1;07;76;1493,42070432962;76
3249765;1;4;1;80;1;1;1;3; ;2; ;2; ; ; ; ;9;2;1;07;76;883,31164249415;76
3249766;1;1;1;80;1;1;4;7; ;3; ;2; ; ;4; ;8;1;1;07;76;719,793525330775;76
3249766;1;2;1;80;1;2; ; ; ;2; ;2; ;2; ;.; ; ;1;07;76;719,793525330775;76
3249769;1;2;1;80;1;1;4;6; ;2; ;2; ; ; ; ;9;2;1;07;76;907,883818216904;76
3249772;1;3;1;80;1;2; ; ; ; ; ;2; ;1;1; ;2; ;1;07;76;1186,97207516361;76
3249774;1;2;1;80;1;1;3;6; ;2; ;2; ; ;2; ;5;1;1;07;76;1387,97116865661;76
3249776;1;1;1;80;1;1;2;7; ;2; ;2; ; ; ; ;8;2;1;07;76;927,973171389111;76
3249778;1;4;1;80;1;1;1;7; ;3; ;2; ; ; ; ;8;2;1;07;76;1249,78861705458;76
3249779;1;1;1;80;1;1;4;8; ;2; ;2; ; ; ; ;8;2;1;07;76;983,421949536192;76
3249780;1;1;1;80;1;2; ; ; ;2; ;2; ;2; ;.; ; ;1;07;76;983,421949536192;76
3249781;1;2;1;80;1;1;2;3; ;2; ;2; ; ; ; ;9;2;1;07;76;918,854937115521;76
3249782;1;2;1;80;1;1;3;3; ;2; ;2; ; ; ; ;9;2;1;07;76;716,018048567821;76
3249782;1;3;1;80;1;2; ; ; ; ; ;2; ;2; ;.; ; ;1;07;76;716,018048567821;76
3249783;1;3;1;80;1;2; ; ; ; ; ;2; ;2; ;.; ; ;1;07;76;1004,23962935844;76
3249783;1;6;1;80;1;2; ; ; ;2; ;2; ;2; ;.; ; ;1;07;76;1004,23962935844;76
3249785;1;2;1;80;1;2; ; ; ;2; ;2; ;2; ;.; ; ;1;07;76;1427,88545156141;76
3249786;1;2;1;80;1;2; ; ; ;2; ;2; ;2; ;.; ; ;1;07;76;716,018048567821;76
3249787;1;4;1;80;1;2; ; ; ;2; ;2; ;2; ;.; ; ;1;07;76;544,057762444448;76
3249789;1;2;1;80;1;1;4;3; ;2; ;2; ; ; ; ;9;2;1;07;76;937,819732312743;76
3249789;1;4;1;80;1;2; ; ; ; ; ;2; ;2; ;.; ; ;1;07;76;937,819732312743;76
3249790;1;2;1;80;1;1;3;2; ;2; ;2; ; ; ; ;2;2;1;07;76;877,801006665405;76
3249790;1;3;1;80;1;2; ; ; ;2; ;2; ;2; ;.; ; ;1;07;76;877,801006665405;76
3249793;1;4;1;80;1;2; ; ; ; ; ;2; ;2; ;.; ; ;1;07;76;888,772125564023;76
3249798;1;1;1;80;1;1;4;5; ;3; ;2; ; ; ; ;8;2;1;07;76;749,764502615158;76
3249798;1;2;1;80;1;1;4;4; ;2; ;2; ; ; ; ;4;2;1;07;76;749,764502615158;76
3249798;1;5;1;80;1;2; ; ; ;2; ;2; ;2; ;.; ; ;1;07;76;749,764502615158;76
3249798;2;1;2;80;1;1;4;4; ;2; ;2; ; ; ; ;4;2;1;07;76;749,764502615158;76
3249799;1;2;1;80;1;1;1;8; ;2; ;2; ; ; ; ;2;2;1;07;76;1236,10023570544;76
3249800;1;3;1;80;1;1;1;8; ;2; ;2; ; ; ; ;2;2;1;07;76;716,018048567821;76
3249801;1;2;1;80;1;1;1;8; ; ; ;2; ; ; ; ;2;2;1;07;76;1176,00095626499;76
3249802;1;3;1;80;1;2; ; ; ; ; ;2; ;2; ;.; ; ;1;07;76;1215,07019420475;76
3249804;1;2;1;80;1;2; ; ; ; ; ;2; ;2; ;.; ; ;1;07;76;1976,92589227554;76
3249806;1;1;1;80;1;1;2;6; ;3; ;2; ; ; ; ;8;2;1;07;76;1054,21283486532;76
3249807;1;1;1;80;1;1;4;4; ;2; ;2; ; ; ; ;4;2;1;07;76;824,442698974359;76
3249807;1;2;1;80;1;1;3;4; ;2; ;2; ; ; ; ;4;2;1;07;76;824,442698974359;76
3249811;1;1;1;80;1;1;4;5; ;3; ;2; ; ; ; ;8;2;1;07;76;911,659294979858;76
3249811;1;2;1;80;1;1;4;5; ;3; ;2; ; ; ; ;8;2;1;07;76;911,659294979858;76
3249812;1;3;1;80;1;1;1;2; ; ; ;1;20000; ; ; ;2;2;1;07;63;124,716190828988;63
3249814;1;1;1;80;1;2; ; ; ;2; ;2; ;2; ;.; ; ;1;07;63;109,287007604062;63
3249814;1;2;1;80;1;1;4;4; ;2; ;2; ; ; ; ;4;2;1;07;63;109,287007604062;63
3249816;1;3;1;80;1;1;1;8; ;2; ;2; ; ; ;EMBARAZO;12;2;1;07;63;121,33168977472;63
3249818;1;3;1;80;1;2; ; ; ;2; ;2; ;2; ;.; ; ;1;07;63;142,80546889355;63
3249819;1;3;1;80;1;1;1;8; ;2; ;2; ; ; ; ;2;2;1;07;63;128,35504808379;63
3249820;1;2;1;80;1;1;4;1; ;2; ;2; ; ; ; ;6;2;1;07;63;175,03620486985;63
3249821;1;2;1;80;1;1;3;4; ;2; ;2; ; ; ; ;4;2;1;07;63;131,13341268487;63
3249824;1;1;1;80;1;1;4;4; ;2; ;2; ; ; ; ;4;2;1;07;27;62,9787317841692;27
3249824;1;5;1;80;1;2; ; ; ;2; ;2; ;2; ;.; ; ;1;07;27;62,9787317841692;27
3249824;1;6;1;80;1;2; ; ; ;2; ;2; ;2; ;.; ; ;1;07;27;62,9787317841692;27
3249825;1;1;1;80;1;1;1;2; ;2; ;2; ; ;1; ;2;1;1;07;27;62,9787317841692;27
3249826;1;3;1;80;1;2; ; ; ; ; ;2; ;2; ;.; ; ;1;07;27;62,9787317841692;27
3249828;1;4;1;80;1;2; ; ; ;2; ;2; ;2; ;.; ; ;1;07;27;20,9929105947231;27
3249829;1;3;1;80;1;2; ; ; ; ; ;2; ;2; ;.; ; ;1;07;27;20,9929105947231;27
3249829;1;5;1;80;1;2; ; ; ;2; ;2; ;2; ;.; ; ;1;07;27;20,9929105947231;27
3249830;1;1;1;80;1;2; ; ; ;2; ;2; ;1;4; ;9; ;1;07;27;104,964552973615;27
3249830;1;2;1;80;1;1;4;5; ;3; ;2; ; ; ; ;10;2;1;07;27;104,964552973615;27
3249830;1;3;1;80;1;2; ; ; ;2; ;2; ;2; ;.; ; ;1;07;27;104,964552973615;27
3249831;1;1;1;80;1;2; ; ; ;3; ;2; ;1;4; ;10; ;1;07;27;20,9929105947231;27
3249831;1;4;1;80;1;2; ; ; ;2; ;2; ;2; ;.; ; ;1;07;27;20,9929105947231;27
3249832;1;2;1;80;1;1;1;8; ;2; ;2; ; ; ; ;2;2;1;07;27;20,9929105947231;27
3249832;1;3;1;80;1;2; ; ; ; ; ;2; ;2; ;.; ; ;1;07;27;20,9929105947231;27
3249832;1;4;1;80;1;2; ; ; ; ; ;2; ;2; ;.; ; ;1;07;27;20,9929105947231;27
3249832;1;7;1;80;1;2; ; ; ; ; ;2; ;2; ;.; ; ;1;07;27;20,9929105947231;27
3249833;1;1;1;80;1;1;3;3; ;2; ;2; ; ; ; ;9;2;1;07;27;20,9929105947231;27
3249833;1;4;1;80;1;1;4;4; ;2; ;2; ; ; ; ;4;2;1;07;27;20,9929105947231;27
3249834;1;2;1;80;1;1;1;4; ;2; ;2; ; ;1; ;4;1;1;07;27;20,9929105947231;27
3249834;1;4;1;80;1;2; ; ; ;2; ;2; ;2; ;.; ; ;1;07;27;20,9929105947231;27
3249834;1;5;1;80;1;2; ; ; ; ; ;2; ;2; ;.; ; ;1;07;27;20,9929105947231;27
3249834;1;8;1;80;1;1;4;4; ;2; ;2; ; ; ; ;4;2;1;07;27;20,9929105947231;27
3249836;1;1;1;80;1;1;4;8; ;2; ;2; ; ; ; ;2;2;1;07;27;20,9929105947231;27
3249836;1;2;1;80;1;2; ; ; ;2; ;2; ;1;1; ;2; ;1;07;27;20,9929105947231;27
3249838;1;1;1;80;1;1;4;4; ;2; ;2; ; ; ; ;11;2;1;07;27;20,9929105947231;27
3249838;1;4;1;80;1;2; ; ; ; ; ;2; ;2; ;.; ; ;1;07;27;20,9929105947231;27
3249838;1;5;1;80;1;2; ; ; ; ; ;2; ;2; ;.; ; ;1;07;27;20,9929105947231;27
3249838;1;7;1;80;1;2; ; ; ;2; ;2; ;2; ;.; ; ;1;07;27;20,9929105947231;27
3249840;1;3;1;80;1;2; ; ; ; ; ;2; ;2; ;.; ; ;1;07;27;20,9929105947231;27
3249844;1;2;1;80;1;2; ; ; ;2; ;2; ;2; ;.; ; ;1;07;27;20,9929105947231;27
3249845;1;3;1;80;1;2; ; ; ;2; ;2; ;1;2; ;4; ;1;07;27;20,9929105947231;27
3249846;1;1;1;80;1;1;3;4; ;2; ;2; ; ; ; ;4;2;1;07;27;20,9929105947231;27
3249846;1;3;1;80;1;1;3;8; ;2; ;2; ; ;2; ;5;1;1;07;27;20,9929105947231;27
3249846;1;4;1;80;1;2; ; ; ;2; ;2; ;2; ;.; ; ;1;07;27;20,9929105947231;27
3249846;2;2;2;80;1;2; ; ; ;2; ;2; ;2; ;.; ; ;1;07;27;20,9929105947231;27
3249848;1;3;1;80;1;2; ; ; ;2; ;2; ;2; ;.; ; ;1;07;27;20,9929105947231;27
3249849;1;7;1;80;1;2; ; ; ;2; ;2; ;2; ;.; ; ;1;07;27;20,9929105947231;27
3249849;1;8;1;80;1;2; ; ; ; ; ;2; ;2; ;.; ; ;1;07;27;20,9929105947231;27
3249849;1;10;1;80;1;2; ; ; ; ; ;2; ;2; ;.; ; ;1;07;27;20,9929105947231;27
3249850;1;2;1;80;1;1;3;2; ;2; ;2; ; ; ; ;2;2;1;07;27;20,9929105947231;27
3249851;1;3;1;80;1;2; ; ; ;2; ;2; ;2; ;.; ; ;1;07;27;20,9929105947231;27
3249851;1;4;1;80;1;2; ; ; ;2; ;2; ;2; ;.; ; ;1;07;27;20,9929105947231;27
3249851;1;5;1;80;1;2; ; ; ; ; ;2; ;2; ;.; ; ;1;07;27;20,9929105947231;27
3249852;1;2;1;80;1;2; ; ; ; ; ;2; ;2; ;.; ; ;1;07;27;104,964552973615;27
3249853;1;3;1;80;1;2; ; ; ;2; ;2; ;2; ;.; ; ;1;07;27;20,9929105947231;27
3249853;1;4;1;80;1;2; ; ; ; ; ;2; ;2; ;.; ; ;1;07;27;20,9929105947231;27
3249854;1;1;1;80;1;1;1;1; ;2; ;2; ; ; ; ;9;2;1;07;27;104,964552973615;27
3249855;1;2;1;80;1;2; ; ; ;2; ;2; ;2; ;.; ; ;1;07;27;104,964552973615;27
3249855;1;3;1;80;1;2; ; ; ; ; ;2; ;2; ;.; ; ;1;07;27;104,964552973615;27
3249856;1;2;1;80;1;2; ; ; ; ; ;2; ;2; ;.; ; ;1;07;27;20,9929105947231;27
3249857;1;1;1;80;1;1;1;8; ;2; ;2; ; ; ; ;8;2;1;07;27;62,9787317841692;27
3249857;1;2;1;80;1;2; ; ; ;2; ;2; ;2; ;.; ; ;1;07;27;62,9787317841692;27
3249857;1;3;1;80;1;2; ; ; ;2; ;2; ;2; ;.; ; ;1;07;27;62,9787317841692;27
3249860;1;1;1;80;1;1;1;2; ;2; ;2; ; ; ; ;2;2;1;07;27;118,723287278313;27
3249862;1;3;1;80;1;2; ; ; ; ; ;2; ;2; ;.; ; ;1;07;27;20,9929105947231;27
3249863;1;3;1;80;1;2; ; ; ;2; ;2; ;2; ;.; ; ;1;07;27;20,9929105947231;27
3249863;1;4;1;80;1;2; ; ; ;2; ;2; ;2; ;.; ; ;1;07;27;20,9929105947231;27
3249864;1;1;1;80;1;1;2;8; ;2; ;2; ; ; ; ;2;2;1;07;27;20,9929105947231;27
3249869;1;5;1;80;1;2; ; ; ; ; ;2; ;2; ;.; ; ;1;07;27;20,9929105947231;27
3249876;1;1;1;80;1;1;1;3; ;2; ;2; ; ; ; ;9;2;1;07;27;20,9929105947231;27
3249877;1;1;1;80;1;1;1;3; ;2; ;2; ; ;1; ;6;1;1;07;27;20,9929105947231;27
3249878;1;1;1;80;1;2; ; ; ;2; ;2; ;2; ;.; ; ;1;07;27;104,964552973615;27
3249879;1;2;1;80;1;2; ; ; ;2; ;2; ;2; ;.; ; ;1;07;27;20,9929105947231;27
3249880;1;2;1;80;1;2; ; ; ;2; ;2; ;2; ;.; ; ;1;07;27;20,9929105947231;27
3249880;1;3;1;80;1;2; ; ; ;2; ;2; ;2; ;.; ; ;1;07;27;20,9929105947231;27
3249880;1;4;1;80;1;2; ; ; ; ; ;2; ;2; ;.; ; ;1;07;27;20,9929105947231;27
3249881;1;3;1;80;1;2; ; ; ;2; ;2; ;1;1; ;1; ;1;07;27;20,9929105947231;27
3249882;1;2;1;80;1;1;2;6; ;2; ;2; ; ; ; ;2;2;1;07;27;20,9929105947231;27
3249882;1;4;1;80;1;2; ; ; ;2; ;2; ;2; ;.; ; ;1;07;27;20,9929105947231;27
3249883;1;1;1;80;1;1;4;2; ;2; ;2; ; ; ; ;2;2;1;07;27;62,9787317841692;27
3249884;1;1;1;80;1;1;3;4; ;2; ;2; ; ; ; ;4;2;1;07;27;314,893658920846;27
3249884;1;3;1;80;1;2; ; ; ;2; ;2; ;2; ;.; ; ;1;07;27;314,893658920846;27
3249884;1;4;1;80;1;2; ; ; ; ; ;2; ;2; ;.; ; ;1;07;27;314,893658920846;27
3249885;1;4;1;80;1;2; ; ; ; ; ;2; ;2; ;.; ; ;1;07;27;85,8711145593675;27
3249886;1;1;1;80;1;1;1;9;ES EVENTUAL;2; ;1;150000; ; ;EMBARAZO;12;2;1;07;27;62,9787317841692;27
3249887;1;2;1;80;1;2; ; ; ;2; ;2; ;2; ;.; ; ;1;07;27;20,9929105947231;27
3249888;1;3;1;80;1;1;3;8; ;2; ;2; ; ;3; ;1;1;1;07;27;20,9929105947231;27
3249888;1;4;1;80;1;1;1;6; ;2; ;1;200000; ; ; ;3;2;1;07;27;20,9929105947231;27
3249890;2;1;2;80;1;2; ; ; ;2; ;2; ;2; ;.; ; ;1;07;27;20,9929105947231;27
3249892;1;2;1;80;1;1;3;8; ;3; ;2; ; ; ; ;11;2;1;07;27;20,9929105947231;27
3249892;1;3;1;80;1;2; ; ; ;2; ;2; ;2; ;.; ; ;1;07;27;20,9929105947231;27
3249895;1;5;1;80;1;2; ; ; ;2; ;2; ;2; ;.; ; ;1;07;27;35,4460211056409;27
3249896;1;3;1;80;1;2; ; ; ; ; ;2; ;2; ;.; ; ;1;07;27;20,9929105947231;27
3249896;1;9;1;80;1;1;1;8; ;2; ;2; ; ; ; ;1;2;1;07;27;20,9929105947231;27
3249897;1;5;1;80;1;2; ; ; ;2; ;2; ;2; ;.; ; ;1;07;27;20,9929105947231;27
3249897;1;6;1;80;1;2; ; ; ;2; ;2; ;2; ;.; ; ;1;07;27;20,9929105947231;27
3249898;1;2;1;80;1;1;4;2; ;2; ;2; ; ;1; ;2;1;1;07;27;20,9929105947231;27
3249900;1;1;1;80;1;1;1;4; ;2; ;2; ; ; ; ;4;2;1;07;27;20,9929105947231;27
3249902;1;1;1;80;1;2; ; ; ; ; ;2; ;2; ;.; ; ;1;07;27;20,9929105947231;27
3249905;1;2;1;80;1;1;2;3; ;2; ;2; ; ; ; ;9;2;1;07;27;20,9929105947231;27
3249906;1;1;1;80;1;1;1;6; ;2; ;2; ; ; ; ;1;2;1;07;27;20,9929105947231;27
3249906;1;4;1;80;1;2; ; ; ; ; ;2; ;2; ;.; ; ;1;07;27;20,9929105947231;27
3249907;1;1;1;80;1;1;1;4; ;2; ;2; ; ; ; ;4;2;1;07;27;20,9929105947231;27
3249908;1;4;1;80;1;1;1;3; ;2; ;2; ; ; ; ;9;2;1;07;27;20,9929105947231;27
3249908;1;5;1;80;1;2; ; ; ;2; ;2; ;2; ;.; ; ;1;07;27;20,9929105947231;27
3249908;1;6;1;80;1;2; ; ; ; ; ;2; ;2; ;.; ; ;1;07;27;20,9929105947231;27
3249909;1;1;1;80;1;1;2;8; ;2; ;2; ; ; ; ;2;2;1;07;27;104,964552973615;27
3249910;1;4;1;80;1;1;1;6; ;2; ;2; ; ; ; ;3;2;1;07;27;20,9929105947231;27
3249911;1;4;1;80;1;2; ; ; ;2; ;2; ;2; ;.; ; ;1;07;27;20,9929105947231;27
3249911;1;5;1;80;1;2; ; ; ;2; ;2; ;2; ;.; ; ;1;07;27;20,9929105947231;27
3249911;1;6;1;80;1;2; ; ; ; ; ;2; ;2; ;.; ; ;1;07;27;20,9929105947231;27
3249912;1;2;1;80;1;1;4;4; ;2; ;2; ; ; ; ;4;2;1;07;27;20,9929105947231;27
3249913;1;4;1;80;1;2; ; ; ;2; ;2; ;2; ;.; ; ;1;07;27;20,9929105947231;27
3249914;1;5;1;80;1;2; ; ; ;2; ;2; ;2; ;.; ; ;1;07;27;20,9929105947231;27
3249915;1;3;1;80;1;1;1;8; ;2; ;2; ; ; ; ;1;2;1;07;27;20,9929105947231;27
3249916;1;3;1;80;1;2; ; ; ;2; ;2; ;2; ;.; ; ;1;07;27;20,9929105947231;27
3249918;1;2;1;80;1;2; ; ; ; ; ;2; ;2; ;.; ; ;1;07;27;104,964552973615;27
3249918;1;7;1;80;1;2; ; ; ;2; ;2; ;2; ;.; ; ;1;07;27;104,964552973615;27
3249920;1;3;1;80;1;2; ; ; ; ; ;2; ;2; ;.; ; ;1;07;27;104,964552973615;27
3249923;1;3;1;80;1;2; ; ; ; ; ;2; ;2; ;.; ; ;1;07;27;20,9929105947231;27
3249924;1;2;1;80;1;2; ; ; ;2; ;2; ;2; ;.; ; ;1;07;27;20,9929105947231;27
3249924;1;3;1;80;1;2; ; ; ; ; ;2; ;2; ;.; ; ;1;07;27;20,9929105947231;27
3249926;1;2;1;80;1;2; ; ; ;2; ;2; ;2; ;.; ; ;1;07;27;20,9929105947231;27
3249927;1;2;1;80;1;2; ; ; ; ; ;2; ;2; ;.; ; ;1;07;27;20,9929105947231;27
3249927;1;5;1;80;1;1;4;3; ;2; ;2; ; ; ; ;8;2;1;07;27;20,9929105947231;27
3249934;1;2;1;80;1;1;2;2; ;2; ;2; ; ; ; ;2;2;1;07;27;104,964552973615;27
3249934;1;3;1;80;1;2; ; ; ;2; ;2; ;2; ;.; ; ;1;07;27;104,964552973615;27
3249934;1;4;1;80;1;2; ; ; ; ; ;2; ;2; ;.; ; ;1;07;27;104,964552973615;27
3249935;1;5;1;80;1;2; ; ; ;2; ;2; ;2; ;.; ; ;1;07;27;20,9929105947231;27
3249936;1;3;1;80;1;2; ; ; ;2; ;2; ;2; ;.; ; ;1;07;27;20,9929105947231;27
3249937;1;1;1;80;1;1;2;8; ;2; ;2; ; ; ; ;1;2;1;07;27;47,2680640968669;27
3249937;1;2;1;80;1;2; ; ; ; ; ;2; ;2; ;.; ; ;1;07;27;47,2680640968669;27
3249937;1;4;1;80;1;1;4;4; ;2; ;2; ; ; ; ;4;2;1;07;27;47,2680640968669;27
3249939;1;2;1;80;1;1;2;8; ;2; ;2; ; ; ; ;8;2;1;07;27;20,9929105947231;27
3249939;1;3;1;80;1;2; ; ; ;2; ;2; ;2; ;.; ; ;1;07;27;20,9929105947231;27
3249940;1;1;1;80;1;1;2;8; ;2; ;2; ; ; ; ;9;2;1;07;27;104,964552973615;27
3249940;1;4;1;80;1;1;3;8; ;2; ;2; ; ; ; ;9;2;1;07;27;104,964552973615;27
3249940;1;9;1;80;1;2; ; ; ;2; ;2; ;2; ;.; ; ;1;07;27;104,964552973615;27
3249941;1;1;1;80;1;1;2;3; ;2; ;2; ; ; ; ;9;2;1;07;27;104,964552973615;27
3249941;1;3;1;80;1;2; ; ; ; ; ;2; ;2; ;.; ; ;1;07;27;104,964552973615;27
3249941;1;7;1;80;1;2; ; ; ;2; ;2; ;2; ;.; ; ;1;07;27;104,964552973615;27
3249942;1;3;1;80;1;1;1;8; ;2; ;2; ; ; ; ;1;2;1;07;27;20,9929105947231;27
3249945;1;1;1;80;1;1;3;8; ;2; ;2; ; ; ; ;5;2;1;07;27;20,9929105947231;27
3249945;2;2;2;80;1;2; ; ; ;2; ;2; ;2; ;.; ; ;1;07;27;20,9929105947231;27
3249946;1;2;1;80;1;1;4;4; ;2; ;2; ; ; ; ;4;2;1;07;27;73,8241046745462;27
3249948;1;1;1;80;1;1;3;8; ;2; ;2; ; ; ; ;8;2;1;07;27;20,9929105947231;27
3249948;1;3;1;80;1;2; ; ; ;2; ;2; ;2; ;.; ; ;1;07;27;20,9929105947231;27
3249948;1;4;1;80;1;2; ; ; ;2; ;2; ;2; ;.; ; ;1;07;27;20,9929105947231;27
3249956;1;2;1;80;1;2; ; ; ;2; ;2; ;2; ;.; ; ;1;07;27;20,9929105947231;27
3249956;1;3;1;80;1;1;3;4; ;2; ;2; ; ; ; ;4;2;1;07;27;20,9929105947231;27
3249956;1;4;1;80;1;1;1;3; ;2; ;2; ; ; ; ;9;2;1;07;27;20,9929105947231;27
3249956;1;7;1;80;1;2; ; ; ;2; ;2; ;2; ;.; ; ;1;07;27;20,9929105947231;27
3249957;1;1;1;80;1;1;4;9;POR CAMBIO DE CIUDAD (ORDEN PUBLICO);2; ;2; ; ; ; ;8;2;1;07;05;597,660897657178;05
3249957;1;3;1;80;1;1;1;2; ;2; ;2; ; ; ; ;11;2;1;07;05;597,660897657178;05
3249958;1;2;1;80;1;1;1;8; ;2; ;1;1000000; ;1;POR QUE SE FUE A PASEAR;12;1;1;07;05;1102,32959270162;05
3249958;1;3;1;80;1;1;1;8; ;2; ;2; ; ; ; ;2;2;1;07;05;1102,32959270162;05
3249961;1;5;1;80;1;2; ; ; ; ; ;2; ;2; ;.; ; ;1;07;05;863,831160078947;05
3249962;1;1;1;80;1;1;4;1; ;2; ;2; ; ; ; ;9;2;1;07;05;921,394217844639;05
3249963;1;2;1;80;1;1;4;3; ;2; ;2; ; ; ; ;9;2;1;07;05;991,562889198541;05
3249964;1;1;1;80;1;2; ; ; ;2; ;2; ;2; ;.; ; ;1;07;05;784,838370196681;05
3249964;1;2;1;80;1;2; ; ; ;2; ;2; ;2; ;.; ; ;1;07;05;784,838370196681;05
3249965;1;1;1;80;1;1;4;3; ;2; ;2; ; ; ; ;9;2;1;07;05;1011,37057644769;05
3249968;1;1;1;80;1;1;1;5; ;2; ;2; ; ; ; ;10;2;1;07;05;914,201112634217;05
3249968;1;4;1;80;1;1;3;2; ;2; ;2; ; ; ; ;2;2;1;07;05;914,201112634217;05
3249971;1;2;1;80;1;1;4;3; ;2; ;2; ; ; ; ;9;2;1;07;05;907,897491002221;05
3249971;1;4;1;80;1;2; ; ; ;2; ;1;90000;2; ;.; ; ;1;07;05;907,897491002221;05
3249972;1;1;1;80;1;1;4;8; ;2; ;2; ; ; ; ;11;2;1;07;05;936,831948640575;05
3249973;1;2;1;80;1;1;1;7; ;2; ;2; ; ; ; ;9;2;1;07;05;1329,53283629215;05
3249973;1;3;1;80;1;2; ; ; ;2; ;2; ;1;1; ;2; ;1;07;05;1329,53283629215;05
3249974;1;1;1;80;1;1;4;5; ;3; ;2; ; ; ; ;10;2;1;07;05;1068,04252095917;05
3249974;1;6;1;80;1;2; ; ; ;2; ;2; ;2; ;.; ; ;1;07;05;1068,04252095917;05
3249979;1;2;1;80;1;1;3;3; ;2; ;2; ; ; ; ;9;2;1;07;05;1188,51548779431;05
3249981;1;1;1;80;1;1;4;5; ;3; ;2; ; ; ; ;10;2;1;07;05;1143,58811776542;05
3249982;1;1;1;80;1;1;4;5; ;3; ;2; ; ; ; ;8;2;1;07;05;2909,7441325292;05
3249982;1;2;1;80;1;2; ; ; ;2; ;2; ;2; ;.; ; ;1;07;05;2909,7441325292;05
3249982;1;4;1;80;1;2; ; ; ; ; ;2; ;2; ;.; ; ;1;07;05;2909,7441325292;05
3249983;1;3;1;80;1;1;4;4; ;2; ;2; ; ; ; ;8;2;1;07;05;1212,77413146844;05
3249984;1;2;1;80;1;1;4;3; ;2; ;2; ; ; ; ;9;2;1;07;05;853,166550444256;05
3249984;1;3;1;80;1;2; ; ; ;2; ;2; ;1;2;PORQUE NO ES BACHILLER;12; ;1;07;05;853,166550444256;05
3249984;1;4;1;80;1;2; ; ; ;2; ;2; ;2; ;.; ; ;1;07;05;853,166550444256;05
3249985;1;2;1;80;1;2; ; ; ;2; ;2; ;2; ;.; ; ;1;07;05;576,749770290909;05
3249985;1;3;1;80;1;2; ; ; ; ; ;2; ;2; ;.; ; ;1;07;05;576,749770290909;05
3249985;1;4;1;80;1;2; ; ; ; ; ;2; ;2; ;.; ; ;1;07;05;576,749770290909;05
3249987;1;2;1;80;1;1;2;3; ;2; ;2; ; ; ; ;9;2;1;07;05;1364,67774149005;05
3249990;1;1;1;80;1;1;4;5; ;3; ;2; ; ; ; ;10;2;1;07;05;2534,67082420727;05
3249990;1;2;1;80;1;2; ; ; ;2; ;2; ;2; ;.; ; ;1;07;05;2534,67082420727;05
3249991;1;5;1;80;1;2; ; ; ; ; ;2; ;2; ;.; ; ;1;07;05;801,813940238101;05
3249992;1;1;1;80;1;1;4;5; ;3; ;2; ; ; ; ;10;2;1;07;05;2807,54787296907;05
3249994;1;2;1;80;1;1;4;3; ;2; ;2; ; ; ; ;9;2;1;07;05;1448,44044688338;05
3249994;1;3;1;80;1;1;4;4; ;2; ;2; ; ; ; ;4;2;1;07;05;1448,44044688338;05
3249995;1;2;1;80;1;2; ; ; ; ; ;2; ;2; ;.; ; ;1;07;05;763,190191841207;05
3249995;1;3;1;80;1;2; ; ; ; ; ;2; ;2; ;.; ; ;1;07;05;763,190191841207;05
3249996;1;1;1;80;1;1;4;5; ;3; ;2; ; ;1; ;8;1;1;07;05;2469,72628914085;05
3249996;1;3;1;80;1;1;4;9;VENDIO LA EMPRESA;2; ;2; ; ; ; ;8;2;1;07;05;2469,72628914085;05
3249998;1;2;1;80;1;2; ; ; ;2; ;2; ;1;1; ;9; ;1;07;05;1014,87373099494;05
3250003;1;1;1;80;1;1;4;5; ;3; ;2; ; ; ; ;4;2;1;07;05;845,872932386642;05
3250004;1;1;1;80;1;1;2;2; ;2; ;2; ; ;1; ;2;1;1;07;05;922,376875495523;05
3250005;1;1;1;80;1;2; ; ; ;2; ;2; ;2; ;.; ; ;1;07;05;951,485091475451;05
3250007;1;1;1;80;1;1;4;8; ;2; ;2; ; ;1; ;5;1;1;07;05;990,705055743098;05
3250009;1;2;1;80;1;1;4;5; ;3; ;2; ; ; ; ;10;2;1;07;05;640,250504793922;05
3250010;1;1;1;80;1;1;1;8; ;3; ;2; ; ; ; ;10;2;1;07;05;640,250504793922;05
3250010;1;2;1;80;1;1;4;3; ;2; ;2; ; ; ; ;9;2;1;07;05;640,250504793922;05
3250012;1;2;1;80;1;2; ; ; ;2; ;2; ;2; ;.; ; ;1;07;52;328,153111141129;52
3250013;1;1;1;80;1;1;4;3; ;2; ;2; ; ; ; ;9;2;1;07;05;921,394217844639;05
3250014;1;2;1;80;1;2; ; ; ;2; ;2; ;2; ;.; ; ;1;07;05;1067,08417465654;05
3250016;1;2;1;80;1;2; ; ; ;2; ;2; ;1;4; ;9; ;1;07;05;1257,70150149733;05
3250017;1;3;1;80;1;1;1;8; ;2; ;2; ; ; ; ;8;2;1;07;05;1008,79155018356;05
3250018;1;1;1;80;1;2; ; ; ;2; ;2; ;2; ;.; ; ;1;07;05;461,621393566656;05
3250019;1;2;1;80;1;2; ; ; ;2; ;2; ;2; ;.; ; ;1;07;05;416,387920073964;05
3250019;1;3;1;80;1;1;1;2; ;2; ;2; ; ; ; ;2;2;1;07;05;416,387920073964;05
3250019;1;4;1;80;1;2; ; ; ;2; ;2; ;1;1; ;2; ;1;07;05;416,387920073964;05
3250019;1;5;1;80;1;2; ; ; ;2; ;2; ;2; ;.; ; ;1;07;05;416,387920073964;05
3250019;1;6;1;80;1;2; ; ; ;2; ;2; ;2; ;.; ; ;1;07;05;416,387920073964;05
3250022;1;2;1;80;1;1;1;3; ;2; ;2; ; ; ; ;9;2;1;07;05;1210,4622486868;05
3250023;1;1;1;80;1;1;4;3; ;2; ;2; ; ; ; ;9;2;1;07;05;1355,16220907308;05
3250024;1;2;1;80;1;1;4;3; ;2; ;2; ; ; ; ;9;2;1;07;05;853,166550444256;05
3250024;1;4;1;80;1;2; ; ; ;2; ;2; ;2; ;.; ; ;1;07;05;853,166550444256;05
3250025;1;2;1;80;1;1;3;3; ;2; ;2; ; ; ; ;9;2;1;07;05;990,705055743098;05
3250025;1;3;1;80;1;2; ; ; ;2; ;2; ;2; ;.; ; ;1;07;05;990,705055743098;05
3250026;1;7;1;80;1;1;1;2; ;2; ;2; ; ; ; ;2;2;1;07;52;188,470545321337;52
3250027;1;2;1;80;1;1;1;3; ;2; ;2; ; ; ; ;9;2;1;07;52;170,80817461429;52
3250027;1;3;1;80;1;2; ; ; ;2; ;2; ;2; ;.; ; ;1;07;52;170,80817461429;52
3250027;1;4;1;80;1;1;1;2; ;2; ;2; ; ; ; ;2;2;1;07;52;170,80817461429;52
3250027;1;7;1;80;1;1;4;3; ;2; ;2; ; ; ; ;9;2;1;07;52;170,80817461429;52
3250029;1;2;1;80;1;2; ; ; ;2; ;2; ;2; ;.; ; ;1;07;52;170,301978915082;52
3250029;1;3;1;80;1;2; ; ; ; ; ;2; ;2; ;.; ; ;1;07;52;170,301978915082;52
3250030;1;1;1;80;1;1;4;5; ;3; ;2; ; ; ; ;10;2;1;07;05;844,890274735758;05
3250030;1;2;1;80;1;1;4;4; ;2; ;2; ; ; ; ;8;2;1;07;05;844,890274735758;05
3250031;1;1;1;80;1;1;4;3; ;2; ;2; ; ; ; ;9;2;1;07;05;1233,56447636847;05
3250032;1;1;1;80;1;1;4;5; ;3; ;2; ; ; ; ;9;2;1;07;05;921,394217844639;05
3250033;1;1;1;80;1;1;4;5; ;3; ;2; ; ; ; ;10;2;1;07;05;1019,52202796074;05
3250033;1;2;1;80;1;1;4;3; ;2; ;2; ; ; ; ;9;2;1;07;05;1019,52202796074;05
3250033;1;4;1;80;1;2; ; ; ;2; ;2; ;2; ;.; ; ;1;07;05;1019,52202796074;05
3250035;1;3;1;80;1;2; ; ; ; ; ;2; ;2; ;.; ; ;1;07;05;941,803139491643;05
3250036;1;2;1;80;1;1;4;5; ;3; ;2; ; ; ; ;8;2;1;07;05;1081,53924780159;05
3250037;1;2;1;80;1;2; ; ; ;2; ;2; ;2; ;.; ; ;1;07;05;763,190191841207;05
3250037;1;3;1;80;1;2; ; ; ;2; ;2; ;2; ;.; ; ;1;07;05;763,190191841207;05
3250038;1;1;1;80;1;1;4;3; ;2; ;2; ; ; ; ;9;2;1;07;05;578,874652441667;05
3250038;1;4;1;80;1;2; ; ; ;2; ;2; ;2; ;.; ; ;1;07;05;578,874652441667;05
3250039;1;2;1;80;1;1;4;3; ;2; ;2; ; ; ; ;9;2;1;07;05;544,738494601333;05
3250039;1;3;1;80;1;2; ; ; ;2; ;2; ;2; ;.; ; ;1;07;05;544,738494601333;05
3250039;1;4;1;80;1;2; ; ; ;2; ;2; ;2; ;.; ; ;1;07;05;544,738494601333;05
3250040;1;1;1;80;1;1;4;5; ;3; ;2; ; ; ; ;8;2;1;07;05;640,250504793922;05
3250040;1;2;1;80;1;1;4;3; ;2; ;2; ; ; ; ;9;2;1;07;05;640,250504793922;05
3250046;1;4;1;80;1;2; ; ; ;2; ;2; ;2; ;.; ; ;1;07;05;853,166550444256;05
3250048;1;5;1;80;1;1;1;9;SALARIO   BAJO;2; ;2; ; ; ; ;8;2;1;07;05;831,518372088782;05
3250050;1;2;1;80;1;1;4;3; ;2; ;2; ; ; ; ;9;2;1;07;05;969,056877387624;05
3250053;1;1;1;80;1;1;1;9;POR LA EDAD YA NO LE DAN EMPLEO;3; ;2; ; ; ; ;8;2;1;07;05;821,621416418788;05
3250053;1;2;1;80;1;1;2;4; ;2; ;2; ; ; ; ;4;2;1;07;05;821,621416418788;05
3250053;1;5;1;80;1;2; ; ; ;2; ;2; ;2; ;.; ; ;1;07;05;821,621416418788;05
3250053;1;8;1;80;1;2; ; ; ; ; ;2; ;1;1; ;2; ;1;07;05;821,621416418788;05
3250055;1;1;1;80;1;1;4;4; ;3; ;2; ; ; ; ;4;2;1;07;05;853,166550444256;05
3250055;1;2;1;80;1;1;4;8; ;2; ;2; ; ; ; ;11;2;1;07;05;853,166550444256;05
3250056;1;1;1;80;1;1;4;5; ;3; ;2; ; ; ; ;10;2;1;07;05;1011,37057644769;05
3250059;1;3;1;80;1;2; ; ; ; ; ;2; ;2; ;.; ; ;1;07;05;763,190191841207;05
3250060;1;8;1;80;1;1;3;4; ;2; ;2; ; ; ; ;4;2;1;07;05;1244,20477465491;05
3250061;1;1;1;80;1;1;1;1; ;2; ;2; ; ; ; ;11;2;1;07;05;1046,41865395195;05
3250061;1;2;1;80;1;2; ; ; ;2; ;2; ;2; ;.; ; ;1;07;05;1046,41865395195;05
3250062;1;3;1;80;1;2; ; ; ;2; ;2; ;2; ;.; ; ;1;07;05;974,885901694135;05
3250063;1;1;1;80;1;1;4;3; ;2; ;2; ; ; ; ;9;2;1;07;05;711,360960364177;05
3250063;1;4;1;80;1;2; ; ; ;2; ;2; ;2; ;.; ; ;1;07;05;711,360960364177;05
3250063;1;5;1;80;1;2; ; ; ; ; ;2; ;2; ;.; ; ;1;07;05;711,360960364177;05
3250065;1;2;1;80;1;1;1;3; ;2; ;2; ; ; ; ;2;2;1;07;52;156,484444265609;52
3250065;1;3;1;80;1;2; ; ; ; ; ;2; ;2; ;.; ; ;1;07;52;156,484444265609;52
3250066;1;2;1;80;1;1;3;5; ;3; ;2; ; ; ; ;10;2;1;07;52;120,050066721007;52
3250069;1;5;1;80;1;2; ; ; ;2; ;2; ;2; ;.; ; ;1;07;05;679,136031617127;05
3250070;1;1;1;80;1;1;4;5; ;3; ;2; ; ; ; ;11;2;1;07;05;888,287144293897;05
3250070;1;5;1;80;1;2; ; ; ; ; ;2; ;2; ;.; ; ;1;07;05;888,287144293897;05
3250071;1;2;1;80;1;2; ; ; ; ; ;2; ;2; ;.; ; ;1;07;05;1066,2263412011;05
3250072;1;1;1;80;1;1;1;8; ;3; ;2; ; ; ;ESPERANDO QUE SU HIJO TERMINE EL COLEGIO PARA VIAJAR A SU FINCA;12;2;1;07;05;1510,36769830194;05
3250074;1;1;1;80;1;1;1;8; ;2; ;2; ; ;1; ;1;1;1;07;05;1188,51548779431;05
3250076;1;1;1;80;1;2; ; ; ;2; ;2; ;2; ;.; ; ;1;07;52;132,171299632017;52
3250079;1;2;1;80;1;2; ; ; ; ; ;2; ;2; ;.; ; ;1;07;52;159,483609233473;52
3250079;1;3;1;80;1;2; ; ; ; ; ;2; ;2; ;.; ; ;1;07;52;159,483609233473;52
3250082;1;4;1;80;1;2; ; ; ; ; ;2; ;2; ;.; ; ;1;07;05;1050,97698249547;05
3250084;1;3;1;80;1;2; ; ; ; ; ;2; ;2; ;.; ; ;1;07;05;1233,85572013075;05
3250086;1;1;1;80;1;1;1;3; ;2; ;2; ; ; ; ;9;2;1;07;05;1067,95255253689;05
3250086;1;2;1;80;1;2; ; ; ;2; ;2; ;2; ;.; ; ;1;07;05;1067,95255253689;05
3250086;1;7;1;80;1;2; ; ; ; ; ;2; ;2; ;.; ; ;1;07;05;1067,95255253689;05
3250087;1;1;1;80;1;1;4;5; ;3; ;2; ; ; ; ;10;2;1;07;52;120,050066721007;52
3250087;1;2;1;80;1;2; ; ; ;2; ;2; ;2; ;.; ; ;1;07;52;120,050066721007;52
3250088;1;1;1;80;1;2; ; ; ;2; ;2; ;2; ;.; ; ;1;07;52;153,139270326869;52
3250089;1;2;1;80;1;1;4;7; ;2; ;2; ; ; ; ;9;2;1;07;52;136,693258888517;52
3250089;1;4;1;80;1;2; ; ; ;2; ;2; ;2; ;.; ; ;1;07;52;136,693258888517;52
3250091;1;1;1;80;1;1;4;5; ;3; ;2; ; ; ; ;10;2;1;07;52;123,350199468478;52
3250091;1;2;1;80;1;1;4;4; ;2; ;2; ; ; ; ;4;2;1;07;52;123,350199468478;52
3250092;1;1;1;80;1;1;4;5; ;3; ;2; ; ; ; ;8;2;1;07;52;148,062865460603;52
3250092;1;5;1;80;1;1;1;8; ;2; ;2; ; ; ; ;2;2;1;07;52;148,062865460603;52
3250094;1;4;1;80;1;2; ; ; ; ; ;2; ;2; ;.; ; ;1;07;05;737,276223500887;05
3250095;1;1;1;80;1;1;4;5; ;3; ;2; ; ; ; ;10;2;1;07;05;1081,53924780159;05
3250095;1;2;1;80;1;1;4;3; ;2; ;2; ; ; ; ;9;2;1;07;05;1081,53924780159;05
3250096;1;1;1;80;1;1;3;5; ;3; ;2; ; ; ; ;10;2;1;07;05;1045,43599630106;05
3250096;1;2;1;80;1;2; ; ; ;2; ;2; ;2; ;.; ; ;1;07;05;1045,43599630106;05
3250096;1;3;1;80;1;1;1;7; ;2; ;1;60000; ; ; ;11;2;1;07;05;1045,43599630106;05
3250097;1;3;1;80;1;2; ; ; ;2; ;2; ;2; ;.; ; ;1;07;05;737,276223500887;05
3250097;1;4;1;80;1;2; ; ; ; ; ;2; ;2; ;.; ; ;1;07;05;737,276223500887;05
3250098;1;1;1;80;1;1;1;2; ;2; ;2; ; ; ; ;2;2;1;07;05;860,359655654677;05
3250101;1;3;1;80;1;2; ; ; ;2; ;2; ;2; ;.; ; ;1;07;52;156,484444265609;52
3250103;1;1;1;80;1;1;4;5; ;2; ;2; ; ; ; ;8;2;1;07;52;132,297185940466;52
3250103;1;3;1;80;1;2; ; ; ;2; ;2; ;2; ;.; ; ;1;07;52;132,297185940466;52
3250104;1;2;1;80;1;1;3;8; ;2; ;2; ; ; ; ;9;2;1;07;52;144,085609514206;52
3250105;1;1;1;80;1;1;4;4; ;2; ;2; ; ; ; ;4;2;1;07;52;112,180353575658;52
3250106;1;1;1;80;1;1;3;3; ;2; ;2; ; ; ; ;8;2;1;07;52;120,399079647935;52
3250106;1;5;1;80;1;2; ; ; ;2; ;2; ;2; ;.; ; ;1;07;52;120,399079647935;52
3250108;1;3;1;80;1;2; ; ; ; ; ;2; ;2; ;.; ; ;1;07;52;150,384907229541;52
3250110;1;2;1;80;1;1;3;6; ;2; ;2; ; ; ; ;9;2;1;07;52;179,445717688221;52
3250111;1;1;1;80;1;1;4;6; ;3; ;2; ; ; ; ;8;2;1;07;52;138,764402777404;52
3250112;1;3;1;80;1;2; ; ; ;2; ;2; ;2; ;.; ; ;1;07;11;2443,66569571623;11
3250113;1;1;1;80;1;2; ; ; ;2; ;2; ;2; ;.; ; ;1;07;11;2047,89190082132;11
3250114;1;3;1;80;1;1;2;2; ;2; ;2; ; ; ; ;2;2;1;07;11;2230,16796559354;11
3250118;1;2;1;80;1;2; ; ; ;2; ;2; ;2; ;.; ; ;1;07;11;2760,93312463832;11
3250119;1;4;1;80;1;2; ; ; ; ; ;2; ;2; ;.; ; ;1;07;11;2573,16090515042;11
3250121;1;1;1;80;1;1;3;5; ;3; ;2; ; ; ; ;10;2;1;07;11;2413,75951050823;11
3250122;1;1;1;80;1;1;1;4; ;2; ;2; ; ; ; ;8;2;1;07;11;2368,11954506831;11
3250122;1;2;1;80;1;1;4;4; ;2; ;2; ; ; ; ;8;2;1;07;11;2368,11954506831;11
3250125;1;3;1;80;1;1;1;2; ; ; ;1;30000; ; ; ;2;2;1;07;11;2056,32581286922;11
3250130;1;2;1;80;1;2; ; ; ;2; ;2; ;2; ;.; ; ;1;07;11;2159,48021204129;11
3250133;1;4;1;80;1;2; ; ; ; ; ;2; ;2; ;.; ; ;1;07;11;1778,12471723582;11
3250133;1;5;1;80;1;2; ; ; ; ; ;2; ;2; ;.; ; ;1;07;11;1778,12471723582;11
3250140;1;3;1;80;1;2; ; ; ; ; ;2; ;2; ;.; ; ;1;07;11;1970,86557849835;11
3250141;1;1;1;80;1;1;4;3; ;2; ;2; ; ; ; ;9;2;1;07;11;1589,60276491569;11
3250141;1;5;1;80;1;2; ; ; ;2; ;2; ;2; ;.; ; ;1;07;11;1589,60276491569;11
3250142;1;1;1;80;1;2; ; ; ;2; ;2; ;1;4; ;9; ;1;07;11;2368,11954506831;11
3250144;1;3;1;80;1;2; ; ; ;2; ;2; ;2; ;.; ; ;1;07;11;2435,4895074372;11
3250145;1;3;1;80;1;2; ; ; ;2; ;2; ;2; ;.; ; ;1;07;11;1602,12665897186;11
3250150;1;2;1;80;1;1;4;3; ;2; ;2; ; ; ; ;8;2;1;07;11;2214,95833379987;11
3250150;1;4;1;80;1;1;1;8; ;2; ;2; ; ; ; ;8;2;1;07;11;2214,95833379987;11
3250151;1;2;1;80;1;2; ; ; ; ; ;2; ;2; ;.; ; ;1;07;11;2448,79194511531;11
3250152;1;5;1;80;1;2; ; ; ;2; ;2; ;2; ;.; ; ;1;07;11;1446,79278834525;11
3250159;1;3;1;80;1;2; ; ; ; ; ;2; ;2; ;.; ; ;1;07;11;2230,16796559354;11
3250161;1;3;1;80;1;2; ; ; ; ; ;2; ;2; ;.; ; ;1;07;11;2609,33166016152;11
3250162;1;3;1;80;1;1;2;8; ;2; ;2; ; ; ; ;2;2;1;07;11;1964,93512671741;11
3250162;1;5;1;80;1;2; ; ; ;2; ;2; ;1;1; ;8; ;1;07;11;1964,93512671741;11
3250165;1;1;1;80;1;1;2;9;EMBARAZO;2; ;2; ; ; ; ;9;2;1;07;11;3014,38252565739;11
3250167;1;4;1;80;1;2; ; ; ;2; ;2; ;2; ;.; ; ;1;07;11;1769,05690321746;11
3250167;2;1;2;80;1;1;4;3; ;2; ;2; ; ; ; ;11;2;1;07;11;1769,05690321746;11
3250169;1;3;1;80;1;2; ; ; ;2; ;2; ;2; ;.; ; ;1;07;11;1603,25264991772;11
3250169;1;4;1;80;1;2; ; ; ;2; ;2; ;2; ;.; ; ;1;07;11;1603,25264991772;11
3250169;1;5;1;80;1;2; ; ; ; ; ;2; ;2; ;.; ; ;1;07;11;1603,25264991772;11
3250170;1;2;1;80;1;1;4;3; ;2; ;2; ; ; ; ;9;2;1;07;11;2609,33166016152;11
3250170;1;3;1;80;1;2; ; ; ; ; ;2; ;2; ;.; ; ;1;07;11;2609,33166016152;11
3250172;1;2;1;80;1;1;1;2; ;2; ;2; ; ; ; ;2;2;1;07;11;2502,79559027642;11
3250172;1;4;1;80;1;1;4;3; ;2; ;2; ; ; ; ;9;2;1;07;11;2502,79559027642;11
3250173;1;1;1;80;1;1;4;4; ;2; ;2; ; ; ; ;8;2;1;07;11;2368,11954506831;11
3250173;1;2;1;80;1;1;4;4; ;3; ;2; ; ; ; ;4;2;1;07;11;2368,11954506831;11
3250174;1;1;1;80;1;1;4;5; ;3; ;2; ; ; ; ;10;2;1;07;11;1933,45858786243;11
3250174;1;3;1;80;1;1;1;2; ;2; ;2; ; ; ; ;2;2;1;07;11;1933,45858786243;11
3250175;1;5;1;80;1;2; ; ; ; ; ;2; ;2; ;.; ; ;1;07;11;1986,76405026284;11
3250177;1;2;1;80;1;1;1;2; ;2; ;2; ; ; ; ;2;2;1;07;11;2160,5072763707;11
3250179;1;1;1;80;1;1;4;9;DESPLAZAMIENTO;2; ;2; ; ; ; ;8;2;1;07;11;2368,11954506831;11
3250179;1;2;1;80;1;1;4;3; ;2; ;2; ; ; ; ;9;2;1;07;11;2368,11954506831;11
3250180;1;3;1;80;1;2; ; ; ; ; ;2; ;2; ;.; ; ;1;07;11;2696,13083251116;11
3250184;1;3;1;80;1;2; ; ; ;2; ;2; ;1;1; ;2; ;1;07;11;2056,32581286922;11
3250185;1;3;1;80;1;1;1;8; ;2; ;2; ; ;1; ;2;1;1;07;11;1995,97015313565;11
3250185;1;4;1;80;1;2; ; ; ;2; ;2; ;2; ;.; ; ;1;07;11;1995,97015313565;11
3250187;1;4;1;80;1;1;4;4; ;2; ;2; ; ; ; ;4;2;1;07;11;2219,69099036628;11
3250188;1;4;1;80;1;1;1;2; ;2; ;2; ; ; ; ;2;2;1;07;11;2004,14634141468;11
3250192;1;4;1;80;1;1;1;6; ;2; ;2; ; ; ; ;7;2;1;07;11;2004,14634141468;11
3250193;1;3;1;80;1;2; ; ; ; ; ;2; ;2; ;.; ; ;1;07;11;2090,94551376432;11
3250193;1;4;1;80;1;2; ; ; ; ; ;2; ;2; ;.; ; ;1;07;11;2090,94551376432;11
3250194;1;1;1;80;1;1;4;3; ;2; ;2; ; ; ; ;9;2;1;07;11;2629,52928522968;11
3250194;1;2;1;80;1;1;2;4; ;2; ;2; ; ; ; ;4;2;1;07;11;2629,52928522968;11
3250195;1;1;1;80;1;1;4;3; ;2; ;2; ; ; ; ;9;2;1;07;11;2385,50183622015;11
3250196;1;3;1;80;1;2; ; ; ; ; ;2; ;2; ;.; ; ;1;07;11;2582,72458388168;11
3250197;1;3;1;80;1;2; ; ; ;2; ;2; ;2; ;.; ; ;1;07;11;2160,60620298716;11
3250200;1;1;1;80;1;1;4;3; ;2; ;2; ; ; ; ;9;2;1;07;11;2044,541591551;11
3250200;1;2;1;80;1;1;4;6; ;2; ;2; ; ; ; ;8;2;1;07;11;2044,541591551;11
3250200;1;5;1;80;1;1;1;6; ;2; ;2; ; ; ; ;2;2;1;07;11;2044,541591551;11
3250201;1;2;1;80;1;1;2;3; ;2; ;2; ; ; ; ;9;2;1;07;11;1981,29035353984;11
3250201;1;4;1;80;1;1;4;7; ;2; ;2; ; ; ; ;4;2;1;07;11;1981,29035353984;11
3250202;1;3;1;80;1;2; ; ; ; ; ;2; ;2; ;.; ; ;1;07;11;2435,4895074372;11
3250203;1;3;1;80;1;1;3;4; ;2; ;2; ; ; ; ;4;2;1;07;11;2562,15932286078;11
3250204;1;3;1;80;1;1;3;2; ;2; ;2; ; ; ; ;2;2;1;07;11;2524,57940664078;11
3250205;1;4;1;80;1;2; ; ; ; ; ;2; ;2; ;.; ; ;1;07;11;2573,16090515042;11
3250206;1;1;1;80;1;1;1;4; ;2; ;2; ; ; ; ;4;2;1;07;11;2173,79958551428;11
3250206;1;2;1;80;1;1;1;2; ;2; ;2; ; ; ;CUIDANDO A LA MAMA ENFERMA;12;2;1;07;11;2173,79958551428;11
3250208;1;2;1;80;1;1;4;3; ;2; ;2; ; ; ; ;9;2;1;07;11;2051,97810709209;11
3250208;1;4;1;80;1;2; ; ; ; ; ;2; ;2; ;.; ; ;1;07;11;2051,97810709209;11
3250211;1;5;1;80;1;2; ; ; ;2; ;2; ;2; ;.; ; ;1;07;11;2072,53615828307;11
3250217;1;3;1;80;1;2; ; ; ; ; ;2; ;2; ;.; ; ;1;07;11;1756,29579369039;11
3250221;1;3;1;80;1;2; ; ; ;2; ;2; ;2; ;.; ; ;1;07;11;2416,03155510698;11
3250221;1;4;1;80;1;2; ; ; ;2; ;2; ;2; ;.; ; ;1;07;11;2416,03155510698;11
3250222;1;1;1;80;1;1;1;6; ;3; ;2; ; ; ; ;5;2;1;07;11;2330,53962884831;11
3250222;1;2;1;80;1;2; ; ; ;2; ;2; ;2; ;.; ; ;1;07;11;2330,53962884831;11
3250226;1;3;1;80;1;1;1;8; ;2; ;2; ; ; ; ;2;2;1;07;11;2169,81230585996;11
3250226;1;4;1;80;1;2; ; ; ;2; ;2; ;2; ;.; ; ;1;07;11;2169,81230585996;11
3250228;1;1;1;80;1;1;4;3; ;2; ;2; ; ; ; ;9;2;1;07;11;2385,50183622015;11
3250229;1;3;1;80;1;1;3;2; ;2; ;2; ; ; ; ;2;2;1;07;19;97,7878038614421;19
3250231;1;1;1;80;1;1;4;5; ;3; ;2; ; ; ; ;10;2;1;07;19;98,3449946143675;19
3250232;1;1;1;80;1;2; ; ; ;2; ;2; ;1;4; ;8; ;1;07;19;107,126362669402;19
3250233;3;1;3;80;1;2; ; ; ;2; ;2; ;2; ;.; ; ;1;07;19;110,007105962198;19
3250234;1;2;1;80;1;1;2;3; ;2; ;2; ; ; ; ;9;2;1;07;19;125,565915854009;19
3250235;1;1;1;80;1;1;4;3; ;2; ;2; ; ; ; ;9;2;1;07;19;93,9321485913304;19
3250235;1;2;1;80;1;1;4;9;EDAD;2; ;2; ; ; ; ;8;2;1;07;19;93,9321485913304;19
3250236;1;1;1;80;1;1;2;5; ;3; ;2; ; ; ; ;10;2;1;07;19;99,3420094637741;19
3250238;1;1;1;80;1;1;4;1; ;2; ;2; ; ;4; ;8;1;1;07;11;2368,11954506831;11
3250238;1;2;1;80;1;1;3;4; ;1;2;2; ; ; ; ;4;2;1;07;11;2368,11954506831;11
3250240;1;3;1;80;1;2; ; ; ;2; ;2; ;2; ;.; ; ;1;07;11;2609,33166016152;11
3250241;1;2;1;80;1;1;4;3; ;1;4;2; ; ; ; ;9;2;1;07;11;2835,35328434038;11
3250242;1;2;1;80;1;2; ; ; ; ; ;2; ;2; ;.; ; ;1;07;11;2452,87179858904;11
3250246;1;1;1;80;1;1;3;3; ;2; ;2; ; ; ; ;9;2;1;07;11;2739,08551883771;11
3250249;1;1;1;80;1;1;4;4; ;2; ;2; ; ; ; ;4;2;1;07;11;1993,814247596;11
3250252;1;1;1;80;1;1;3;5; ;3; ;2; ; ; ; ;11;2;1;07;11;2541,96169779262;11
3250254;1;1;1;80;1;1;4;4; ;2; ;2; ; ; ; ;8;2;1;07;11;2385,50183622015;11
3250255;1;1;1;80;1;1;4;4; ;2; ;2; ; ; ; ;4;2;1;07;19;87,0058279651011;19
3250255;1;2;1;80;1;1;1;4; ;2; ;2; ; ; ; ;4;2;1;07;19;87,0058279651011;19
3250255;1;6;1;80;1;2; ; ; ; ; ;2; ;2; ;.; ; ;1;07;19;87,0058279651011;19
3250256;1;1;1;80;1;1;4;3; ;2; ;2; ; ; ; ;9;2;1;07;19;97,7878038614421;19
3250256;1;3;1;80;1;2; ; ; ; ; ;2; ;2; ;.; ; ;1;07;19;97,7878038614421;19
3250257;1;1;1;80;1;1;4;8; ;2; ;2; ; ; ; ;8;2;1;07;19;75,9020793001447;19
3250257;1;2;1;80;1;2; ; ; ;2; ;2; ;2; ;.; ; ;1;07;19;75,9020793001447;19
3250258;1;1;1;80;1;1;4;5; ;3; ;2; ; ; ; ;11;2;1;07;19;75,9020793001447;19
3250258;1;2;1;80;1;2; ; ; ;2; ;2; ;2; ;.; ; ;1;07;19;75,9020793001447;19
3250259;1;1;1;80;1;2; ; ; ;2; ;2; ;2; ;.; ; ;1;07;19;73,0414245535633;19
3250259;1;2;1;80;1;2; ; ; ;2; ;2; ;2; ;.; ; ;1;07;19;73,0414245535633;19
3250260;1;2;1;80;1;1;2;4; ;2; ;2; ; ; ; ;4;2;1;07;19;93,5124130410638;19
3250260;1;5;1;80;1;1;1;2; ;2; ;2; ; ; ; ;2;2;1;07;19;93,5124130410638;19
3250261;1;3;1;80;1;2; ; ; ;2; ;2; ;2; ;.; ; ;1;07;19;81,9278763396555;19
3250261;1;4;1;80;1;2; ; ; ;2; ;2; ;2; ;.; ; ;1;07;19;81,9278763396555;19
3250261;1;6;1;80;1;1;4;3; ;2; ;2; ; ; ; ;9;2;1;07;19;81,9278763396555;19
3250263;1;1;1;80;1;2; ; ; ;2; ;2; ;2; ;.; ; ;1;07;19;99,6423640317204;19
3250263;1;2;1;80;1;2; ; ; ;2; ;2; ;2; ;.; ; ;1;07;19;99,6423640317204;19
3250274;1;2;1;80;1;1;4;9;EDAD;2; ;2; ; ; ; ;8;2;1;07;19;80,2694294021933;19
3250274;1;3;1;80;1;1;4;5; ;3; ;2; ; ; ; ;9;2;1;07;19;80,2694294021933;19
3250276;1;1;1;80;1;1;3;7; ;3; ;2; ; ; ; ;4;2;1;07;11;2368,11954506831;11
3250276;1;2;1;80;1;1;4;7; ;2; ;2; ; ; ; ;9;2;1;07;11;2368,11954506831;11
3250278;1;1;1;80;1;1;4;6; ;2; ;2; ; ; ; ;4;2;1;07;11;1993,814247596;11
3250279;1;1;1;80;1;1;4;5; ;3; ;2; ; ; ; ;10;2;1;07;11;2385,50183622015;11
3250282;1;1;1;80;1;1;1;8; ;2; ;2; ; ; ; ;11;2;1;07;11;1913,26096279427;11
3250289;1;4;1;80;1;1;1;8; ;2; ;1;86000; ; ; ;9;2;1;07;11;1182,65210557599;11
3250289;1;6;1;80;1;1;2;2; ;2; ;2; ; ; ; ;2;2;1;07;11;1182,65210557599;11
3250290;1;4;1;80;1;1;2;8; ;2; ;2; ; ; ; ;9;2;1;07;11;1764,72970573829;11
3250290;1;5;1;80;1;2; ; ; ; ; ;2; ;2; ;.; ; ;1;07;11;1764,72970573829;11
3250291;1;2;1;80;1;1;4;5; ;3; ;2; ; ; ; ;11;2;1;07;11;2524,57940664078;11
3250292;1;3;1;80;1;2; ; ; ;2; ;2; ;1;2; ;8; ;1;07;11;2221,99177731451;11
3250293;1;3;1;80;1;1;2;2; ;2; ;2; ; ; ; ;2;2;1;07;11;2482,63310238846;11
3250295;1;3;1;80;1;1;1;2; ;2; ;2; ; ; ; ;2;2;1;07;11;1664,63822424507;11
3250296;1;1;1;80;1;1;4;3; ;2; ;2; ; ; ; ;8;2;1;07;11;2541,96169779262;11
3250298;1;2;1;80;1;2; ; ; ;2; ;2; ;2; ;.; ; ;1;07;19;62,0444188081408;19
3250298;1;3;1;80;1;2; ; ; ;2; ;2; ;2; ;.; ; ;1;07;19;62,0444188081408;19
3250299;1;1;1;80;1;2; ; ; ;2; ;2; ;2; ;.; ; ;1;07;19;66,4572648311778;19
3250299;1;2;1;80;1;2; ; ; ;2; ;2; ;2; ;.; ; ;1;07;19;66,4572648311778;19
3250300;1;1;1;80;1;1;4;5; ;3; ;2; ; ; ; ;10;2;1;07;19;93,9321485913304;19
3250300;1;2;1;80;1;1;4;5; ;3; ;2; ; ; ; ;10;2;1;07;19;93,9321485913304;19
3250300;1;3;1;80;1;2; ; ; ;2; ;2; ;2; ;.; ; ;1;07;19;93,9321485913304;19
3250301;1;2;1;80;1;1;4;3; ;2; ;2; ; ; ; ;9;2;1;07;19;89,0692268149663;19
3250301;1;3;1;80;1;2; ; ; ;2; ;2; ;2; ;.; ; ;1;07;19;89,0692268149663;19
3250301;1;4;1;80;1;2; ; ; ;2; ;2; ;2; ;.; ; ;1;07;19;89,0692268149663;19
3250302;1;2;1;80;1;1;4;2; ;2; ;1;50000; ; ; ;2;2;1;07;19;116,904745573844;19
3250303;1;2;1;80;1;2; ; ; ;2; ;2; ;2; ;.; ; ;1;07;19;116,708632341028;19
3250303;1;3;1;80;1;2; ; ; ; ; ;2; ;2; ;.; ; ;1;07;19;116,708632341028;19
3250304;1;3;1;80;1;2; ; ; ;2; ;2; ;2; ;.; ; ;1;07;19;94,0696037939891;19
3250304;1;4;1;80;1;2; ; ; ;2; ;2; ;2; ;.; ; ;1;07;19;94,0696037939891;19
3250305;1;3;1;80;1;2; ; ; ;2; ;2; ;2; ;.; ; ;1;07;19;77,7554675404737;19
3250305;1;4;1;80;1;2; ; ; ;2; ;2; ;2; ;.; ; ;1;07;19;77,7554675404737;19
3250306;1;1;1;80;1;1;1;5; ;3; ;2; ; ; ; ;10;2;1;07;19;75,9020793001447;19
3250307;1;1;1;80;1;1;2;5; ;2; ;2; ; ; ; ;10;2;1;07;19;89,8971949948073;19
3250307;1;2;1;80;1;2; ; ; ; ; ;2; ;2; ;.; ; ;1;07;19;89,8971949948073;19
3250309;1;3;1;80;1;2; ; ; ;2; ;2; ;2; ;.; ; ;1;07;19;71,6266884797663;19
3250309;1;4;1;80;1;2; ; ; ;2; ;2; ;2; ;.; ; ;1;07;19;71,6266884797663;19
3250319;1;3;1;80;1;1;1;2; ;2; ;2; ; ; ; ;2;2;1;07;11;2169,81230585996;11
3250320;1;1;1;80;1;1;4;5; ;3; ;2; ; ; ; ;10;2;1;07;11;2169,81230585996;11
3250320;1;2;1;80;1;1;4;3; ;2; ;2; ; ; ; ;9;2;1;07;11;2169,81230585996;11
3250320;1;4;1;80;1;2; ; ; ;2; ;2; ;2; ;.; ; ;1;07;11;2169,81230585996;11
3250321;1;3;1;80;1;1;1;8; ;2; ;2; ; ; ; ;2;2;1;07;11;2013,35244428749;11
3250322;1;3;1;80;1;1;2;1; ;2; ;2; ; ; ; ;8;2;1;07;11;2609,33166016152;11
3250324;1;1;1;80;1;1;4;5; ;3; ;2; ; ; ; ;8;2;1;07;11;2121,90029582129;11
3250324;1;2;1;80;1;2; ; ; ;2; ;2; ;2; ;.; ; ;1;07;11;2121,90029582129;11
3250328;1;1;1;80;1;1;4;7; ;2; ;2; ; ; ; ;1;2;1;07;11;2502,32541992522;11
3250328;1;6;1;80;1;2; ; ; ; ; ;2; ;2; ;.; ; ;1;07;11;2502,32541992522;11
3250329;1;2;1;80;1;1;1;6; ;1;1;2; ; ; ; ;11;2;1;07;11;2130,07648410032;11
3250330;1;2;1;80;1;1;1;9;EMBARAZO;2; ;2; ; ; ;ESTA EMBARAZADA;12;2;1;07;11;2643,87111669535;11
3250331;1;2;1;80;1;2; ; ; ; ; ;2; ;2; ;.; ; ;1;07;11;2374,0050064934;11
3250338;1;1;1;80;1;1;4;5; ;3; ;2; ; ; ; ;10;2;1;07;11;2093,90572908922;11
3250341;1;4;1;80;1;1;1;8; ;2; ;2; ; ; ; ;8;2;1;07;11;2378,45163888698;11
3250342;1;3;1;80;1;2; ; ; ; ; ;2; ;2; ;.; ; ;1;07;11;2312,11697489901;11
3250345;1;3;1;80;1;2; ; ; ;2; ;2; ;2; ;.; ; ;1;07;11;2223,48595099968;11
3250347;1;4;1;80;1;2; ; ; ;2; ;2; ;2; ;.; ; ;1;07;11;2229,6655083265;11
3250349;1;1;1;80;1;1;4;3; ;3; ;2; ; ; ; ;9;2;1;07;11;2541,96169779262;11
3250351;1;2;1;80;1;1;2;4; ;2; ;2; ; ; ; ;4;2;1;07;11;3708,60607541064;11
3250356;1;1;1;80;1;1;4;5; ;3; ;2; ; ; ; ;8;2;1;07;11;2541,96169779262;11
3250358;1;2;1;80;1;2; ; ; ;2; ;2; ;2; ;.; ; ;1;07;11;2160,5072763707;11
3250360;1;2;1;80;1;1;4;4; ;3; ;2; ; ; ; ;10;2;1;07;11;2724,76236962722;11
3250360;1;5;1;80;1;2; ; ; ;2; ;2; ;2; ;.; ; ;1;07;11;2724,76236962722;11
3250366;1;2;1;80;1;1;3;3; ;2; ;2; ; ; ; ;9;2;1;07;11;2830,76177053821;11
3250366;1;3;1;80;1;2; ; ; ; ; ;2; ;2; ;.; ; ;1;07;11;2830,76177053821;11
3250368;1;1;1;80;1;1;4;3; ;3; ;2; ; ; ; ;8;2;1;07;11;2468,21102656153;11
3250369;1;2;1;80;1;1;4;1; ;2; ;2; ; ; ; ;8;2;1;07;11;2368,11954506831;11
3250370;1;3;1;80;1;1;1;7; ;2; ;2; ; ; ; ;2;2;1;07;11;2004,14634141468;11
3250370;1;4;1;80;1;2; ; ; ; ; ;2; ;2; ;.; ; ;1;07;11;2004,14634141468;11
3250372;1;1;1;80;1;1;2;4; ;2; ;2; ; ;1; ;8;1;1;07;11;1963,908062388;11
3250372;1;2;1;80;1;1;3;4; ;2; ;2; ; ; ; ;9;2;1;07;11;1963,908062388;11
3250375;1;2;1;80;1;1;2;7; ;2; ;2; ; ; ; ;9;2;1;07;19;104,734700292413;19
3250375;1;3;1;80;1;2; ; ; ;2; ;2; ;2; ;.; ; ;1;07;19;104,734700292413;19
3250375;1;4;1;80;1;2; ; ; ;2; ;2; ;2; ;.; ; ;1;07;19;104,734700292413;19
3250375;2;1;2;80;1;1;3;7; ;2; ;2; ; ;2; ;1;1;1;07;19;104,734700292413;19
3250375;2;2;2;80;1;1;2;8; ;2; ;2; ; ; ; ;2;2;1;07;19;104,734700292413;19
3250375;2;3;2;80;1;2; ; ; ; ; ;2; ;2; ;.; ; ;1;07;19;104,734700292413;19
3250376;1;2;1;80;1;2; ; ; ;2; ;2; ;2; ;.; ; ;1;07;19;89,8971949948073;19
3250378;1;1;1;80;1;1;4;8; ;2; ;2; ; ; ; ;9;2;1;07;19;127,597351156903;19
3250378;1;5;1;80;1;2; ; ; ; ; ;2; ;2; ;.; ; ;1;07;19;127,597351156903;19
3250381;1;2;1;80;1;1;2;8; ;2; ;2; ; ; ; ;2;2;1;07;19;103,197664733886;19
3250385;1;1;1;80;1;1;4;5; ;3; ;2; ; ; ; ;8;2;1;07;19;75,9020793001447;19
3250385;1;2;1;80;1;1;4;4; ;3; ;2; ; ; ; ;8;2;1;07;19;75,9020793001447;19
3250387;1;4;1;80;1;2; ; ; ; ; ;2; ;2; ;.; ; ;1;07;19;94,0696037939891;19
3250389;1;1;1;80;1;1;4;4; ;2; ;2; ; ; ; ;9;2;1;07;19;98,3449946143675;19
3250389;1;2;1;80;1;1;3;4; ;2; ;2; ; ; ; ;4;2;1;07;19;98,3449946143675;19
3250390;1;3;1;80;1;2; ; ; ; ; ;2; ;2; ;.; ; ;1;07;19;103,153340742847;19
3250390;1;5;1;80;1;1;4;4; ;2; ;2; ; ; ; ;8;2;1;07;19;103,153340742847;19
3250391;1;1;1;80;1;1;4;8; ;2; ;2; ; ; ; ;8;2;1;07;19;68,040638706621;19
3250391;1;2;1;80;1;1;4;3; ;2; ;2; ; ; ; ;9;2;1;07;19;68,040638706621;19
3250392;1;1;1;80;1;1;4;5; ;3; ;2; ; ; ; ;10;2;1;07;11;2326,19192307117;11
3250392;1;3;1;80;1;1;1;3; ;2; ;2; ; ; ; ;9;2;1;07;11;2326,19192307117;11
3250394;1;2;1;80;1;1;2;4; ;2; ;2; ; ; ;NO SE SIENTE EN CAPACIDAD DE TRABAJAR;12;2;1;07;11;2316,96713794318;11
3250394;1;3;1;80;1;2; ; ; ; ; ;2; ;2; ;.; ; ;1;07;11;2316,96713794318;11
3250395;1;1;1;80;1;1;4;4; ;2; ;2; ; ;4; ;8;1;1;07;11;2347,92192000015;11
3250396;1;1;1;80;1;2; ; ; ;2; ;2; ;2; ;.; ; ;1;07;11;2472,39993518624;11
3250396;1;4;1;80;1;2; ; ; ; ; ;2; ;2; ;.; ; ;1;07;11;2472,39993518624;11
3250399;1;3;1;80;1;2; ; ; ; ; ;2; ;2; ;.; ; ;1;07;11;2230,16796559354;11
3250400;1;2;1;80;1;1;4;4; ;2; ;2; ; ; ; ;4;2;1;07;11;2778,31541579016;11
3250403;1;4;1;80;1;2; ; ; ;2; ;2; ;2; ;.; ; ;1;07;11;2004,14634141468;11
3250406;1;1;1;80;1;1;4;1; ;2; ;2; ; ; ; ;8;2;1;07;11;1650,36421509008;11
3250406;1;4;1;80;1;2; ; ; ;2; ;2; ;2; ;.; ; ;1;07;11;1650,36421509008;11
3250406;1;5;1;80;1;2; ; ; ; ; ;2; ;2; ;.; ; ;1;07;11;1650,36421509008;11
3250406;1;6;1;80;1;2; ; ; ; ; ;2; ;2; ;.; ; ;1;07;11;1650,36421509008;11
3250412;1;3;1;80;1;2; ; ; ; ; ;2; ;2; ;.; ; ;1;07;11;2443,4218876912;11
3250413;1;5;1;80;1;2; ; ; ;2; ;2; ;2; ;.; ; ;1;07;11;1386,43712861167;11
3250413;1;6;1;80;1;2; ; ; ;2; ;2; ;2; ;.; ; ;1;07;11;1386,43712861167;11
3250416;1;3;1;80;1;1;2;2; ;2; ;2; ; ;1;POR ESTADO DE EMBARAZO;12;1;1;07;11;1915,6968834119;11
3250416;2;2;2;80;1;1;1;3; ;1;4;1;150000; ; ; ;9;2;1;07;11;1915,6968834119;11
3250416;2;4;2;80;1;2; ; ; ; ; ;2; ;2; ;.; ; ;1;07;11;1915,6968834119;11
3250417;1;1;1;80;1;1;4;4; ;3; ;2; ; ; ; ;4;2;1;07;11;2604,47326306584;11
3250419;1;1;1;80;1;1;4;4; ;2; ;2; ; ; ; ;4;2;1;07;11;2563,71099425257;11
3250419;1;2;1;80;1;1;4;5; ;3; ;2; ; ; ; ;9;2;1;07;11;2563,71099425257;11
3250419;1;4;1;80;1;2; ; ; ;2; ;2; ;2; ;.; ; ;1;07;11;2563,71099425257;11
3250419;1;6;1;80;1;1;2;7; ;2; ;2; ; ;2; ;9;1;1;07;11;2563,71099425257;11
3250420;1;3;1;80;1;2; ; ; ;2; ;2; ;2; ;.; ; ;1;07;19;107,927264285993;19
3250422;1;1;1;80;1;1;4;9;POR LA EDAD;2; ;2; ; ; ; ;8;2;1;07;19;96,343899514534;19
3250424;1;1;1;80;1;1;4;5; ;3; ;2; ; ; ; ;10;2;1;07;19;109,959950852733;19
3250424;1;2;1;80;1;1;4;8; ;2; ;2; ; ; ; ;8;2;1;07;19;109,959950852733;19
3250425;1;1;1;80;1;1;4;2; ;2; ;2; ; ; ; ;2;2;1;07;19;98,7544785077883;19
3250427;1;1;1;80;1;1;4;4; ;3; ;2; ; ; ; ;4;2;1;07;19;65,0425287573809;19
3250427;1;2;1;80;1;2; ; ; ;2; ;2; ;2; ;.; ; ;1;07;19;65,0425287573809;19
3250427;1;4;1;80;1;2; ; ; ;2; ;2; ;2; ;.; ; ;1;07;19;65,0425287573809;19
3250428;1;1;1;80;1;2; ; ; ;3; ;2; ;2; ;.; ; ;1;07;19;119,373173854793;19
3250428;1;2;1;80;1;1;4;4; ;2; ;2; ; ; ; ;4;2;1;07;19;119,373173854793;19
3250428;1;3;1;80;1;2; ; ; ;2; ;2; ;2; ;.; ; ;1;07;19;119,373173854793;19
3250429;1;2;1;80;1;2; ; ; ;2; ;2; ;2; ;.; ; ;1;07;19;94,5353225237715;19
3250429;1;3;1;80;1;2; ; ; ;2; ;2; ;2; ;.; ; ;1;07;19;94,5353225237715;19
3250430;1;5;1;80;1;2; ; ; ; ; ;2; ;2; ;.; ; ;1;07;19;106,812882780142;19
3250431;1;2;1;80;1;2; ; ; ;2; ;2; ;2; ;.; ; ;1;07;19;93,7085262738798;19
3250431;2;2;2;80;1;2; ; ; ;2; ;2; ;2; ;.; ; ;1;07;19;93,7085262738798;19
3250432;1;1;1;80;1;2; ; ; ;2; ;2; ;2; ;.; ; ;1;07;19;134,164695972884;19
3250432;1;2;1;80;1;2; ; ; ;2; ;2; ;2; ;.; ; ;1;07;19;134,164695972884;19
3250432;2;2;2;80;1;2; ; ; ;2; ;2; ;2; ;.; ; ;1;07;19;134,164695972884;19
3250438;1;1;1;80;1;1;4;4; ;2; ;2; ; ; ; ;4;2;1;07;19;93,3749578384051;19
3250438;1;4;1;80;1;2; ; ; ; ; ;2; ;2; ;.; ; ;1;07;19;93,3749578384051;19
3250439;1;1;1;80;1;2; ; ; ;2; ;2; ;2; ;.; ; ;1;07;19;98,3449946143675;19
3250441;1;1;1;80;1;2; ; ; ;2; ;2; ;2; ;.; ; ;1;07;19;91,3423506055619;19
3250441;1;2;1;80;1;1;1;8; ;2; ;2; ; ; ; ;1;2;1;07;19;91,3423506055619;19
3250443;1;3;1;80;1;2; ; ; ; ; ;2; ;2; ;.; ; ;1;07;19;107,370073533068;19
3250443;1;4;1;80;1;2; ; ; ;2; ;2; ;2; ;.; ; ;1;07;19;107,370073533068;19
3250444;1;1;1;80;1;1;4;8; ;2; ;2; ; ; ; ;8;2;1;07;19;79,7577345702564;19
3250445;1;1;1;80;1;1;4;4; ;3; ;2; ; ; ; ;4;2;1;07;19;80,3149253231817;19
3250446;1;1;1;80;1;1;4;5; ;3; ;2; ; ; ; ;10;2;1;07;19;93,9321485913304;19
3250446;1;2;1;80;1;1;2;5; ;3; ;2; ; ; ; ;10;2;1;07;19;93,9321485913304;19
3250448;1;1;1;80;1;1;4;5; ;3; ;2; ; ; ; ;10;2;1;07;19;80,0744880993265;19
3250448;1;2;1;80;1;1;4;5; ;2; ;2; ; ; ; ;9;2;1;07;19;80,0744880993265;19
3250448;1;4;1;80;1;2; ; ; ;2; ;2; ;2; ;.; ; ;1;07;19;80,0744880993265;19
3250449;1;5;1;80;1;2; ; ; ;2; ;2; ;2; ;.; ; ;1;07;19;101,119482246157;19
3250450;1;3;1;80;1;1;1;2; ;2; ;2; ; ; ; ;2;2;1;07;19;107,370073533068;19
3250450;1;4;1;80;1;2; ; ; ; ; ;2; ;2; ;.; ; ;1;07;19;107,370073533068;19
3250452;2;3;2;80;1;2; ; ; ; ; ;2; ;2; ;.; ; ;1;07;19;119,225466995289;19
3250454;1;2;1;80;1;1;2;3; ;2; ;2; ; ; ; ;9;2;1;07;19;50,3783727687855;19
3250454;1;4;1;80;1;2; ; ; ;2; ;2; ;1;1; ;9; ;1;07;19;50,3783727687855;19
3250455;1;1;1;80;1;2; ; ; ;3; ;2; ;2; ;.; ; ;1;07;19;71,6266884797663;19
3250455;1;2;1;80;1;2; ; ; ;2; ;2; ;2; ;.; ; ;1;07;19;71,6266884797663;19
3250455;1;3;1;80;1;2; ; ; ;2; ;2; ;2; ;.; ; ;1;07;19;71,6266884797663;19
3250455;1;4;1;80;1;2; ; ; ;2; ;2; ;2; ;.; ; ;1;07;19;71,6266884797663;19
3250457;1;2;1;80;1;1;1;3; ;2; ;2; ; ; ; ;9;2;1;07;19;116,784547798974;19
3250458;1;2;1;80;1;1;1;2; ;2; ;2; ; ; ; ;2;2;1;07;19;86,3418942926418;19
3250459;1;2;1;80;1;2; ; ; ;2; ;2; ;2; ;.; ; ;1;07;19;94,518507617367;19
3250459;1;6;1;80;1;2; ; ; ;2; ;2; ;2; ;.; ; ;1;07;19;94,518507617367;19
3250460;1;3;1;80;1;2; ; ; ;2; ;2; ;2; ;.; ; ;1;07;19;102,92688730697;19
3250461;1;4;1;80;1;1;4;8; ;2; ;2; ; ; ; ;3;2;1;07;19;100,785913810682;19
3250462;1;2;1;80;1;2; ; ; ;2; ;2; ;2; ;.; ; ;1;07;19;93,9321485913304;19
3250464;1;2;1;80;1;2; ; ; ;2; ;2; ;2; ;.; ; ;1;07;19;120,3701887042;19
3250464;1;3;1;80;1;1;1;8; ;2; ;2; ; ; ; ;1;2;1;07;19;120,3701887042;19
3250465;1;3;1;80;1;2; ; ; ;2; ;2; ;2; ;.; ; ;1;07;19;83,5116590830181;19
3250465;1;5;1;80;1;2; ; ; ; ; ;2; ;2; ;.; ; ;1;07;19;83,5116590830181;19
3250465;2;1;2;80;1;1;1;3; ;2; ;2; ; ; ; ;9;2;1;07;19;83,5116590830181;19
3250466;1;1;1;80;1;2; ; ; ;2; ;2; ;2; ;.; ; ;1;07;50;153,349666792057;50
3250467;1;3;1;80;1;1;2;8; ;2; ;2; ; ; ; ;8;2;1;07;50;204,734893920997;50
3250467;1;5;1;80;1;2; ; ; ;2; ;2; ;2; ;.; ; ;1;07;50;204,734893920997;50
3250468;1;1;1;80;1;1;3;3; ;2; ;2; ; ; ; ;9;2;1;07;50;166,466289651018;50
3250470;1;1;1;80;1;1;4;3; ;2; ;2; ; ; ; ;9;2;1;07;50;161,342539586356;50
3250470;1;3;1;80;1;2; ; ; ;2; ;2; ;2; ;.; ; ;1;07;50;161,342539586356;50
3250470;1;5;1;80;1;2; ; ; ;2; ;2; ;2; ;.; ; ;1;07;50;161,342539586356;50
3250470;1;6;1;80;1;1;4;4; ;2; ;2; ; ; ; ;4;2;1;07;50;161,342539586356;50
3250471;1;1;1;80;1;1;4;5; ;3; ;2; ; ; ; ;10;2;1;07;50;153,622637379838;50
3250471;1;3;1;80;1;2; ; ; ; ; ;2; ;2; ;.; ; ;1;07;50;153,622637379838;50
3250471;1;5;1;80;1;2; ; ; ;2; ;2; ;2; ;.; ; ;1;07;50;153,622637379838;50
3250474;1;1;1;80;1;1;3;4; ;2; ;2; ; ; ; ;4;2;1;07;50;138,166647168342;50
3250474;1;3;1;80;1;2; ; ; ;2; ;2; ;2; ;.; ; ;1;07;50;138,166647168342;50
3250478;1;2;1;80;1;2; ; ; ;2; ;2; ;1;1; ;9; ;1;07;50;222,465910636197;50
3250479;1;3;1;80;1;2; ; ; ;2; ;2; ;2; ;.; ; ;1;07;50;196,743214963756;50
3250480;1;4;1;80;1;2; ; ; ;2; ;2; ;2; ;.; ; ;1;07;50;202,929489312028;50
3250482;1;2;1;80;1;1;1;8; ;2; ;1;100000; ; ; ;9;2;1;07;50;210,161758129248;50
3250483;1;1;1;80;1;1;4;5; ;3; ;2; ; ; ; ;10;2;1;07;50;207,441407598938;50
3250483;1;2;1;80;1;2; ; ; ;2; ;2; ;2; ;.; ; ;1;07;50;207,441407598938;50
3250483;1;4;1;80;1;2; ; ; ;2; ;2; ;2; ;.; ; ;1;07;50;207,441407598938;50
3250485;1;3;1;80;1;2; ; ; ;2; ;2; ;2; ;.; ; ;1;07;50;183,25845592314;50
3250485;1;4;1;80;1;2; ; ; ; ; ;2; ;2; ;.; ; ;1;07;50;183,25845592314;50
3250487;1;3;1;80;1;2; ; ; ;2; ;2; ;2; ;.; ; ;1;07;50;202,929489312028;50
3250487;1;4;1;80;1;2; ; ; ; ; ;2; ;2; ;.; ; ;1;07;50;202,929489312028;50
3250496;1;2;1;80;1;1;3;3; ;2; ;2; ; ; ; ;9;2;1;07;50;166,7392602388;50
3250499;1;1;1;80;1;1;4;5; ;3; ;2; ; ; ; ;10;2;1;07;50;165,638788609581;50
3250500;1;2;1;80;1;2; ; ; ; ; ;2; ;2; ;.; ; ;1;07;50;142,766010335156;50
3250501;1;2;1;80;1;1;4;4; ;2; ;2; ; ; ; ;4;2;1;07;50;179,467695142463;50
3250501;1;4;1;80;1;1;2;3; ;2; ;2; ; ; ; ;9;2;1;07;50;179,467695142463;50
3250502;1;4;1;80;1;2; ; ; ;2; ;2; ;2; ;.; ; ;1;07;50;153,479233659764;50
3250503;1;1;1;80;1;1;4;4; ;3; ;2; ; ; ; ;4;2;1;07;50;165,638788609581;50
3250504;1;1;1;80;1;1;4;4; ;3; ;2; ; ; ; ;4;2;1;07;50;165,638788609581;50
3250505;1;2;1;80;1;1;4;3; ;2; ;2; ; ; ; ;9;2;1;07;50;187,27267116069;50
3250506;1;1;1;80;1;1;4;3; ;2; ;2; ; ; ; ;9;2;1;07;50;206,182419383263;50
3250507;1;2;1;80;1;1;4;3; ;2; ;2; ; ; ; ;9;2;1;07;50;211,497934189874;50
3250508;1;1;1;80;1;1;2;4; ;2; ;2; ; ; ; ;4;2;1;07;50;191,17294703543;50
3250508;1;3;1;80;1;2; ; ; ; ; ;2; ;2; ;.; ; ;1;07;50;191,17294703543;50
3250508;2;2;2;80;1;1;3;4; ;2; ;2; ; ; ; ;4;2;1;07;50;191,17294703543;50
3250509;1;1;1;80;1;1;3;3; ;2; ;2; ; ; ; ;9;2;1;07;50;113,906507647593;50
3250509;1;2;1;80;1;2; ; ; ; ; ;2; ;2; ;.; ; ;1;07;50;113,906507647593;50
3250512;1;1;1;80;1;1;4;5; ;3; ;2; ; ; ; ;10;2;1;07;50;149,068407739542;50
3250512;1;2;1;80;1;1;1;3; ;2; ;2; ; ; ; ;9;2;1;07;50;149,068407739542;50
3250513;1;3;1;80;1;2; ; ; ; ; ;2; ;2; ;.; ; ;1;07;50;193,591377259209;50
3250514;1;2;1;80;1;1;4;3; ;2; ;2; ; ; ; ;9;2;1;07;50;153,479233659764;50
3250514;1;3;1;80;1;2; ; ; ; ; ;2; ;2; ;.; ; ;1;07;50;153,479233659764;50
3250514;1;4;1;80;1;2; ; ; ; ; ;2; ;2; ;.; ; ;1;07;50;153,479233659764;50
3250515;1;2;1;80;1;1;3;3; ;2; ;2; ; ; ; ;9;2;1;07;50;204,289569894391;50
3250515;1;5;1;80;1;1;4;5; ;3; ;2; ; ; ; ;4;2;1;07;50;204,289569894391;50
3250516;1;1;1;80;1;1;4;4; ;2; ;2; ; ; ; ;4;2;1;07;50;103,875506618056;50
3250516;1;3;1;80;1;1;1;2; ;2; ;2; ; ; ; ;8;2;1;07;50;103,875506618056;50
3250516;1;5;1;80;1;2; ; ; ;2; ;2; ;2; ;.; ; ;1;07;50;103,875506618056;50
3250517;1;1;1;80;1;1;4;3; ;2; ;2; ; ; ; ;9;2;1;07;50;142,766010335156;50
3250517;1;2;1;80;1;2; ; ; ; ; ;2; ;2; ;.; ; ;1;07;50;142,766010335156;50
3250518;1;2;1;80;1;1;4;7; ;2; ;2; ; ; ; ;9;2;1;07;50;193,576346569783;50
3250520;1;2;1;80;1;2; ; ; ;2; ;2; ;2; ;.; ; ;1;07;50;213,262410648096;50
3250520;1;3;1;80;1;2; ; ; ; ; ;2; ;2; ;.; ; ;1;07;50;213,262410648096;50
3250521;1;3;1;80;1;2; ; ; ;2; ;2; ;2; ;.; ; ;1;07;50;147,226743436368;50
3250523;1;4;1;80;1;2; ; ; ; ; ;2; ;2; ;.; ; ;1;07;50;139,629203320034;50
3250526;1;4;1;80;1;2; ; ; ; ; ;2; ;2; ;.; ; ;1;07;50;216,363063166945;50
3250527;1;2;1;80;1;1;1;3; ;2; ;2; ; ; ; ;9;2;1;07;50;166,7392602388;50
3250527;1;5;1;80;1;2; ; ; ;2; ;2; ;2; ;.; ; ;1;07;50;166,7392602388;50
3250528;1;1;1;80;1;1;4;4; ;2; ;2; ; ; ; ;4;2;1;07;50;101,025589220039;50
3250531;1;3;1;80;1;2; ; ; ;2; ;2; ;2; ;.; ; ;1;07;50;199,828836793179;50
3250535;1;4;1;80;1;2; ; ; ;2; ;2; ;2; ;.; ; ;1;07;50;169,891097943347;50
3250536;1;3;1;80;1;2; ; ; ; ; ;2; ;2; ;.; ; ;1;07;50;193,591377259209;50
3250537;1;2;1;80;1;2; ; ; ;2; ;2; ;2; ;.; ; ;1;07;50;142,766010335156;50
3250539;1;4;1;80;1;2; ; ; ;2; ;2; ;2; ;.; ; ;1;07;50;183,25845592314;50
3250541;1;2;1;80;1;1;4;3; ;2; ;2; ; ; ; ;9;2;1;07;50;183,25845592314;50
3250546;1;3;1;80;1;2; ; ; ;2; ;2; ;2; ;.; ; ;1;07;50;129,311312673391;50
3250546;1;4;1;80;1;2; ; ; ; ; ;2; ;2; ;.; ; ;1;07;50;129,311312673391;50
3250546;1;6;1;80;1;1;2;3; ;2; ;2; ; ; ; ;9;2;1;07;50;129,311312673391;50
3250547;1;1;1;80;1;1;1;8; ;2; ;2; ; ; ; ;11;2;1;07;50;153,479233659764;50
3250547;1;2;1;80;1;2; ; ; ;2; ;2; ;2; ;.; ; ;1;07;50;153,479233659764;50
3250549;1;1;1;80;1;1;4;4; ;3; ;2; ; ; ; ;4;2;1;07;50;147,528663742899;50
3250549;1;2;1;80;1;2; ; ; ;2; ;2; ;2; ;.; ; ;1;07;50;147,528663742899;50
3250549;1;3;1;80;1;2; ; ; ;2; ;2; ;2; ;.; ; ;1;07;50;147,528663742899;50
3250550;1;3;1;80;1;2; ; ; ; ; ;2; ;2; ;.; ; ;1;07;50;210,11057294355;50
3250551;1;2;1;80;1;2; ; ; ;2; ;2; ;2; ;.; ; ;1;07;50;156,13336831495;50
3250553;1;1;1;80;1;1;1;8; ;1;1;1;1050000; ; ;ESPERANDO QUE LO LLAMEN;12;2;1;07;50;223,595331984165;50
3250554;1;2;1;80;1;2; ; ; ;2; ;2; ;2; ;.; ; ;1;07;50;571,064041340623;50
3250556;1;3;1;80;1;2; ; ; ; ; ;2; ;2; ;.; ; ;1;07;50;175,819432393263;50
3250557;1;2;1;80;1;1;4;6; ;2; ;2; ; ; ; ;9;2;1;07;50;177,307886006275;50
3250557;1;4;1;80;1;1;4;4; ;2; ;2; ; ; ; ;8;2;1;07;50;177,307886006275;50
3250558;1;7;1;80;1;1;4;4; ;2; ;2; ; ; ; ;8;2;1;07;50;159,56600251918;50
3250559;1;4;1;80;1;1;1;4; ;2; ;1;300000; ; ; ;4;2;1;07;50;824,789800290754;50
3250560;1;3;1;80;1;2; ; ; ; ; ;2; ;2; ;.; ; ;1;07;44;131,282189525002;44
3250560;1;4;1;80;1;2; ; ; ; ; ;2; ;2; ;.; ; ;1;07;44;131,282189525002;44
3250561;1;1;1;80;1;1;4;5; ;3; ;2; ; ; ; ;10;2;1;07;44;85,9810523378895;44
3250561;1;2;1;80;1;2; ; ; ;2; ;2; ;2; ;.; ; ;1;07;44;85,9810523378895;44
3250561;1;4;1;80;1;2; ; ; ;2; ;2; ;2; ;.; ; ;1;07;44;85,9810523378895;44
3250562;1;3;1;80;1;1;1;8; ;2; ;2; ; ; ; ;2;2;1;07;44;78,3880377902934;44
3250562;1;4;1;80;1;2; ; ; ; ; ;2; ;2; ;.; ; ;1;07;44;78,3880377902934;44
3250563;1;1;1;80;1;1;4;5; ;3; ;2; ; ; ; ;10;2;1;07;44;69,0354379000919;44
3250566;1;4;1;80;1;1;2;2; ;2; ;2; ; ; ; ;2;2;1;07;44;39,9455522175988;44
3250568;1;3;1;80;1;2; ; ; ;2; ;2; ;2; ;.; ; ;1;07;44;102,844411715315;44
3250571;1;5;1;80;1;1;3;2; ;2; ;2; ; ; ; ;2;2;1;07;44;137,661330503038;44
3250574;1;3;1;80;1;1;1;2; ;2; ;2; ; ; ; ;2;2;1;07;44;167,022211264131;44
3250577;1;1;1;80;1;1;4;8; ;2; ;2; ; ; ; ;9;2;1;07;44;72,4473825208654;44
3250578;1;1;1;80;1;1;1;3; ;1;1;1;2500000; ; ; ;9;2;1;07;44;75,3483405047736;44
3250580;1;1;1;80;1;2; ; ; ;3; ;2; ;2; ;.; ; ;1;07;44;88,7728203119049;44
3250580;1;3;1;80;1;1;3;7; ;2; ;2; ; ; ; ;1;2;1;07;44;88,7728203119049;44
3250580;1;5;1;80;1;2; ; ; ;2; ;2; ;2; ;.; ; ;1;07;44;88,7728203119049;44
3250581;1;2;1;80;1;2; ; ; ;2; ;1;500000;2; ;.; ; ;1;07;44;63,9454812733333;44
3250581;1;3;1;80;1;2; ; ; ;2; ;2; ;2; ;.; ; ;1;07;44;63,9454812733333;44
3250581;1;4;1;80;1;2; ; ; ; ; ;2; ;2; ;.; ; ;1;07;44;63,9454812733333;44
3250582;1;2;1;80;1;1;4;3; ;2; ;2; ; ; ; ;1;2;1;07;44;78,3880377902934;44
3250582;1;3;1;80;1;2; ; ; ; ; ;2; ;2; ;.; ; ;1;07;44;78,3880377902934;44
3250584;1;3;1;80;1;2; ; ; ; ; ;2; ;2; ;.; ; ;1;07;44;73,4290594034891;44
3250585;1;3;1;80;1;2; ; ; ;2; ;2; ;2; ;.; ; ;1;07;44;73,4908881372272;44
3250585;1;4;1;80;1;2; ; ; ;2; ;2; ;2; ;.; ; ;1;07;44;73,4908881372272;44
3250585;1;5;1;80;1;2; ; ; ; ; ;2; ;2; ;.; ; ;1;07;44;73,4908881372272;44
3250586;1;4;1;80;1;2; ; ; ; ; ;2; ;2; ;.; ; ;1;07;44;63,9454812733333;44
3250591;1;3;1;80;1;2; ; ; ;2; ;2; ;2; ;.; ; ;1;07;44;70,3026111285702;44
3250591;1;5;1;80;1;2; ; ; ; ; ;2; ;2; ;.; ; ;1;07;44;70,3026111285702;44
3250592;1;2;1;80;1;2; ; ; ;2; ;2; ;2; ;.; ; ;1;07;44;54,7593651639127;44
3250592;1;3;1;80;1;2; ; ; ;2; ;2; ;2; ;.; ; ;1;07;44;54,7593651639127;44
3250592;1;4;1;80;1;2; ; ; ; ; ;2; ;2; ;.; ; ;1;07;44;54,7593651639127;44
3250592;1;5;1;80;1;2; ; ; ;2; ;2; ;2; ;.; ; ;1;07;44;54,7593651639127;44
3250595;1;2;1;80;1;1;1;6; ;2; ;2; ; ; ; ;2;2;1;07;44;83,7347732441819;44
3250595;1;4;1;80;1;1;1;8; ;2; ;2; ; ; ; ;1;2;1;07;44;83,7347732441819;44
3250596;1;2;1;80;1;1;2;4; ;2; ;2; ; ; ; ;4;2;1;07;44;53,8634350447571;44
3250602;1;1;1;80;1;1;1;4; ;2; ;2; ; ; ; ;4;2;1;07;44;72,4473825208654;44
3250602;1;2;1;80;1;1;4;4; ;2; ;1;100000; ; ; ;4;2;1;07;44;72,4473825208654;44
3250604;1;4;1;80;1;2; ; ; ;2; ;2; ;2; ;.; ; ;1;07;44;63,6480192525981;44
3250605;1;2;1;80;1;2; ; ; ;2; ;2; ;2; ;.; ; ;1;07;44;75,3483405047736;44
3250609;1;2;1;80;1;1;2;3; ;2; ;2; ; ; ; ;9;2;1;07;44;80,3811133001965;44
3250609;1;4;1;80;1;1;2;3; ;2; ;2; ; ; ; ;9;2;1;07;44;80,3811133001965;44
3250610;1;4;1;80;1;2; ; ; ; ; ;2; ;2; ;.; ; ;1;07;44;83,0151494609883;44
3250611;1;2;1;80;1;1;3;3; ;2; ;2; ; ; ; ;9;2;1;07;44;61,2032460085487;44
3250612;1;3;1;80;1;2; ; ; ; ; ;2; ;2; ;.; ; ;1;07;44;102,314172437409;44
3250618;1;1;1;80;1;1;4;4; ;2; ;2; ; ; ; ;4;2;1;07;44;50,1662452842425;44
3250618;1;5;1;80;1;2; ; ; ;2; ;2; ;2; ;.; ; ;1;07;44;50,1662452842425;44
3250618;1;6;1;80;1;2; ; ; ; ; ;2; ;2; ;.; ; ;1;07;44;50,1662452842425;44
3250619;1;2;1;80;1;2; ; ; ;2; ;2; ;2; ;.; ; ;1;07;44;63,9454812733333;44
3250620;1;2;1;80;1;1;2;3; ;2; ;2; ; ; ; ;9;2;1;07;44;73,9501890363409;44
3250621;1;2;1;80;1;1;3;4; ;2; ;2; ; ; ; ;9;2;1;07;44;60,9057839878135;44
3250623;1;1;1;80;1;1;4;4; ;2; ;2; ; ; ; ;4;2;1;07;44;60,0375804814827;44
3250624;1;2;1;80;1;1;1;9;EMBARAZO;2; ;2; ; ; ;EMBARAZO;12;2;1;07;44;88,0952835325658;44
3250627;1;3;1;80;1;2; ; ; ; ; ;2; ;2; ;.; ; ;1;07;44;45,5897496922225;44
3250628;1;1;1;80;1;1;4;5; ;3; ;2; ; ; ; ;8;2;1;07;44;72,7452724392957;44
3250628;1;2;1;80;1;2; ; ; ;2; ;2; ;2; ;.; ; ;1;07;44;72,7452724392957;44
3250628;1;4;1;80;1;2; ; ; ;2; ;2; ;2; ;.; ; ;1;07;44;72,7452724392957;44
3250628;1;5;1;80;1;2; ; ; ; ; ;2; ;2; ;.; ; ;1;07;44;72,7452724392957;44
3250628;1;6;1;80;1;2; ; ; ; ; ;2; ;2; ;.; ; ;1;07;44;72,7452724392957;44
3250629;1;2;1;80;1;2; ; ; ; ; ;2; ;2; ;.; ; ;1;07;44;71,2852922371249;44
3250630;1;5;1;80;1;1;4;4; ;2; ;2; ; ; ; ;4;2;1;07;44;80,4801603141029;44
3250631;1;3;1;80;1;2; ; ; ;2; ;1;30000;1;1; ;8; ;1;07;44;65,6410947625012;44
3250631;1;4;1;80;1;2; ; ; ; ; ;2; ;2; ;.; ; ;1;07;44;65,6410947625012;44
3250632;1;1;1;80;1;1;3;4; ;2; ;2; ; ; ; ;4;2;1;07;44;61,5329696049586;44
3250632;1;4;1;80;1;2; ; ; ; ; ;2; ;2; ;.; ; ;1;07;44;61,5329696049586;44
3250638;2;2;2;80;1;2; ; ; ;2; ;2; ;2; ;.; ; ;1;07;44;37,1689730517126;44
3250638;2;4;2;80;1;2; ; ; ; ; ;2; ;2; ;.; ; ;1;07;44;37,1689730517126;44
3250639;1;1;1;80;1;2; ; ; ;2; ;2; ;2; ;.; ; ;1;07;44;124,626487880263;44
3250639;1;7;1;80;1;1;3;3; ;2; ;2; ; ; ; ;9;2;1;07;44;124,626487880263;44
3250639;1;8;1;80;1;2; ; ; ; ; ;2; ;2; ;.; ; ;1;07;44;124,626487880263;44
3250641;1;5;1;80;1;1;1;9;EMBARAZO;2; ;1;300000; ; ;EMBARAZO;12;2;1;07;44;67,8578378845208;44
3250642;1;2;1;80;1;1;3;6; ;2; ;2; ; ; ; ;9;2;1;07;44;93,515813395073;44
3250643;1;2;1;80;1;2; ; ; ;2; ;2; ;2; ;.; ; ;1;07;44;69,5158843393384;44
3250644;1;2;1;80;1;1;4;3; ;2; ;2; ; ; ; ;9;2;1;07;44;62,2785853028901;44
3250644;1;3;1;80;1;1;1;6; ;2; ;1;300000; ; ;DECIDIO TOMAR UN DESCANSO;12;2;1;07;44;62,2785853028901;44
3250646;1;1;1;80;1;1;4;6; ;2; ;2; ; ; ; ;11;2;1;07;44;75,1653560862622;44
3250646;1;2;1;80;1;1;1;8; ;2; ;1;660000; ; ;ESTA ESPERANDO A QUE LO LLAMEN PARA FIRMAR CONTRATO NUEVAMENTE;12;2;1;07;44;75,1653560862622;44
3250647;1;2;1;80;1;1;1;2; ;2; ;2; ; ; ; ;2;2;1;07;44;73,7300654811743;44
3250647;1;4;1;80;1;2; ; ; ;2; ;2; ;2; ;.; ; ;1;07;44;73,7300654811743;44
3250647;1;5;1;80;1;2; ; ; ; ; ;2; ;2; ;.; ; ;1;07;44;73,7300654811743;44
3250649;1;2;1;80;1;1;1;2; ;2; ;1;98; ; ; ;2;2;1;07;44;94,3025401843048;44
3250649;1;4;1;80;1;1;1;8; ;2; ;2; ; ;1; ;9;1;1;07;44;94,3025401843048;44
3250649;1;5;1;80;1;2; ; ; ;2; ;2; ;2; ;.; ; ;1;07;44;94,3025401843048;44
3250650;1;2;1;80;1;1;4;4; ;2; ;2; ; ; ; ;4;2;1;07;44;64,3212726655371;44
3250657;1;8;1;80;1;2; ; ; ;2; ;2; ;2; ;.; ; ;1;07;44;93,3001456592433;44
3250659;1;3;1;80;1;2; ; ; ; ; ;2; ;2; ;.; ; ;1;07;44;63,9454812733333;44
3250659;1;4;1;80;1;2; ; ; ; ; ;2; ;2; ;.; ; ;1;07;44;63,9454812733333;44
3250660;1;3;1;80;1;2; ; ; ;2; ;2; ;1;1; ;2; ;1;07;44;52,0206739560781;44
3250660;1;4;1;80;1;2; ; ; ; ; ;2; ;2; ;.; ; ;1;07;44;52,0206739560781;44
3250661;1;1;1;80;1;1;4;4; ;2; ;2; ; ; ; ;4;2;1;07;44;43,4017240889276;44
3250661;1;2;1;80;1;1;4;4; ;2; ;2; ; ; ; ;4;2;1;07;44;43,4017240889276;44
3250662;1;2;1;80;1;1;4;3; ;2; ;2; ; ; ; ;9;2;1;07;44;75,6458025255088;44
3250663;1;1;1;80;1;1;4;3; ;2; ;2; ; ; ; ;4;2;1;07;44;78,8164780509829;44
3250664;1;1;1;80;1;1;4;3; ;2; ;2; ; ; ; ;4;2;1;07;44;73,4697425970944;44
3250664;1;2;1;80;1;2; ; ; ;2; ;2; ;2; ;.; ; ;1;07;44;73,4697425970944;44
3250671;1;2;1;80;1;1;2;3; ;2; ;2; ; ; ; ;9;2;1;07;44;62,6013974769814;44
3250674;1;2;1;80;1;2; ; ; ;2; ;2; ;2; ;.; ; ;1;07;44;42,6033595606166;44
3250674;1;4;1;80;1;2; ; ; ;2; ;2; ;2; ;.; ; ;1;07;44;42,6033595606166;44
3250675;1;3;1;80;1;1;4;4; ;2; ;2; ; ; ; ;4;2;1;07;44;32,1066880680026;44
3250675;1;4;1;80;1;2; ; ; ;2; ;2; ;2; ;.; ; ;1;07;44;32,1066880680026;44
3250675;1;5;1;80;1;1;4;4; ;2; ;2; ; ; ; ;4;2;1;07;44;32,1066880680026;44
3250678;1;2;1;80;1;2; ; ; ;2; ;2; ;2; ;.; ; ;1;07;44;59,2101704986456;44
3250679;1;2;1;80;1;1;4;3; ;2; ;2; ; ; ; ;9;2;1;07;44;77,0439539939415;44
3250680;1;2;1;80;1;1;1;4; ;2; ;2; ; ; ; ;4;2;1;07;44;80,0098568708427;44
3250680;1;3;1;80;1;1;2;7; ;2; ;2; ; ; ; ;9;2;1;07;44;80,0098568708427;44
3250682;1;4;1;80;1;2; ; ; ;2; ;2; ;2; ;.; ; ;1;07;44;31,9727406366667;44
3250688;1;2;1;80;1;1;1;3; ;2; ;2; ; ; ; ;9;2;1;07;44;84,4441615678451;44
3250689;1;2;1;80;1;2; ; ; ;2; ;2; ;2; ;.; ; ;1;07;44;37,7132993637486;44
3250691;1;2;1;80;1;1;1;3; ;2; ;2; ; ; ; ;9;2;1;07;44;24,8632961842449;44
3250691;1;3;1;80;1;2; ; ; ;2; ;2; ;2; ;.; ; ;1;07;44;24,8632961842449;44
3250694;1;2;1;80;1;2; ; ; ;2; ;2; ;2; ;.; ; ;1;07;44;93,0353669558264;44
3250695;1;2;1;80;1;1;3;3; ;2; ;2; ; ; ; ;9;2;1;07;44;65,3843159353712;44
3250695;1;4;1;80;1;1;4;3; ;2; ;2; ; ; ; ;8;2;1;07;44;65,3843159353712;44
3250699;1;2;1;80;1;1;3;7; ;2; ;2; ; ; ; ;9;2;1;07;44;32,9323811873089;44
3250699;1;3;1;80;1;2; ; ; ; ; ;2; ;2; ;.; ; ;1;07;44;32,9323811873089;44
3250704;1;3;1;80;1;2; ; ; ; ; ;2; ;2; ;.; ; ;1;07;44;67,5603758637857;44
3250706;1;3;1;80;1;1;2;3; ;2; ;2; ; ; ; ;9;2;1;07;44;97,9943453426307;44
3250709;1;4;1;80;1;2; ; ; ;2; ;2; ;2; ;.; ; ;1;07;44;34,3238404165038;44
3250711;1;2;1;80;1;1;2;3; ;2; ;2; ; ; ; ;9;2;1;07;44;75,3483405047736;44
3250712;1;4;1;80;1;2; ; ; ;2; ;2; ;2; ;.; ; ;1;07;44;131,049412267831;44
3250712;1;5;1;80;1;2; ; ; ; ; ;2; ;2; ;.; ; ;1;07;44;131,049412267831;44
3250713;1;3;1;80;1;2; ; ; ; ; ;2; ;2; ;.; ; ;1;07;68;587,676960391585;68
3250714;1;1;1;80;1;1;1;8; ;2; ;2; ; ; ; ;2;2;1;07;68;467,468403700556;68
3250714;1;2;1;80;1;1;4;9;TRASLADO DE RESIDENCIA;2; ;2; ; ; ; ;8;2;1;07;68;467,468403700556;68
3250714;1;3;1;80;1;1;4;4; ;2; ;2; ; ; ; ;4;2;1;07;68;467,468403700556;68
3250715;1;1;1;80;1;1;3;2; ;2; ;2; ; ;2;C;12;1;1;07;68;585,69380545918;68
3250716;1;6;1;80;1;1;2;8; ;2; ;2; ; ; ; ;2;2;1;07;68;600,495788700964;68
3250717;1;1;1;80;1;1;4;1; ;2; ;2; ; ; ; ;4;2;1;07;68;473,94583913988;68
3250717;1;3;1;80;1;1;1;8; ;2; ;2; ; ; ; ;1;2;1;07;68;473,94583913988;68
3250718;1;3;1;80;1;2; ; ; ; ; ;2; ;2; ;.; ; ;1;07;68;519,103584527553;68
3250719;1;2;1;80;1;1;2;3; ;2; ;2; ; ; ; ;9;2;1;07;68;466,46092143291;68
3250721;1;1;1;80;1;1;4;5; ;3; ;2; ; ; ; ;10;2;1;07;68;517,22202916691;68
3250721;1;2;1;80;1;1;4;3; ;2; ;2; ; ; ; ;9;2;1;07;68;517,22202916691;68
3250722;1;1;1;80;1;1;4;3; ;2; ;2; ; ;4; ;5;1;1;07;68;482,283627004482;68
3250723;1;2;1;80;1;2; ; ; ;2; ;2; ;2; ;.; ; ;1;07;68;606,163435300547;68
3250724;1;2;1;80;1;1;4;9;CAMBIO DE DOMICILIO;2; ;2; ; ;4; ;9;1;1;07;68;633,777939492075;68
3250724;1;4;1;80;1;2; ; ; ;2; ;2; ;1;1; ;2; ;1;07;68;633,777939492075;68
3250725;1;3;1;80;1;2; ; ; ;2; ;2; ;2; ;.; ; ;1;07;68;519,103584527553;68
3250726;1;1;1;80;1;1;1;6; ;2; ;1;50000; ; ; ;4;2;1;07;68;468,303205405525;68
3250728;1;6;1;80;1;2; ; ; ;2; ;2; ;2; ;.; ; ;1;07;68;471,12105006642;68
3250733;1;1;1;80;1;1;4;3; ;2; ;2; ; ; ; ;4;2;1;07;68;517,614660251941;68
3250733;1;3;1;80;1;1;3;3; ;2; ;2; ; ;2; ;9;1;1;07;68;517,614660251941;68
3250735;1;3;1;80;1;2; ; ; ; ; ;2; ;2; ;.; ; ;1;07;68;587,676960391585;68
3250736;1;2;1;80;1;1;4;3; ;2; ;2; ; ; ; ;9;2;1;07;68;580,527333928956;68
3250737;1;2;1;80;1;1;2;4; ;3; ;2; ; ; ; ;4;2;1;07;68;656,290144430155;68
3250737;1;3;1;80;1;2; ; ; ;2; ;2; ;2; ;.; ; ;1;07;68;656,290144430155;68
3250737;1;4;1;80;1;2; ; ; ;2; ;2; ;2; ;.; ; ;1;07;68;656,290144430155;68
3250740;1;2;1;80;1;1;1;3; ;2; ;2; ; ; ; ;9;2;1;07;68;482,464306138809;68
3250741;1;3;1;80;1;2; ; ; ;2; ;2; ;2; ;.; ; ;1;07;68;533,258389611261;68
3250741;1;5;1;80;1;1;1;8; ;2; ;2; ; ; ; ;9;2;1;07;68;533,258389611261;68
3250741;1;7;1;80;1;2; ; ; ; ; ;2; ;2; ;.; ; ;1;07;68;533,258389611261;68
3250742;1;2;1;80;1;1;4;8; ;2; ;2; ; ; ; ;9;2;1;07;68;538,546072703016;68
3250746;1;3;1;80;1;2; ; ; ;2; ;2; ;2; ;.; ; ;1;07;68;571,059261289581;68
3250746;1;4;1;80;1;2; ; ; ;2; ;2; ;2; ;.; ; ;1;07;68;571,059261289581;68
3250747;1;3;1;80;1;2; ; ; ; ; ;2; ;2; ;.; ; ;1;07;68;523,911528533418;68
3250751;1;1;1;80;1;1;4;9;EDAD;2; ;2; ; ; ; ;8;2;1;07;68;524,90569446087;68
3250751;1;2;1;80;1;1;4;9;EDAD;2; ;2; ; ; ; ;8;2;1;07;68;524,90569446087;68
3250752;1;3;1;80;1;2; ; ; ; ; ;2; ;2; ;.; ; ;1;07;68;541,223158380601;68
3250753;1;2;1;80;1;2; ; ; ;2; ;2; ;2; ;.; ; ;1;07;68;525,753812506033;68
3250753;1;3;1;80;1;2; ; ; ;2; ;2; ;2; ;.; ; ;1;07;68;525,753812506033;68
3250753;2;2;2;80;1;1;1;2; ;2; ;2; ; ; ; ;2;2;1;07;68;525,753812506033;68
3250758;1;2;1;80;1;1;3;3; ;2; ;2; ; ; ; ;9;2;1;07;68;552,378790906097;68
3250760;1;4;1;80;1;2; ; ; ; ; ;2; ;2; ;.; ; ;1;07;68;600,895364198561;68
3250761;1;3;1;80;1;2; ; ; ;2; ;2; ;2; ;.; ; ;1;07;68;505,270866324472;68
3250762;1;1;1;80;1;1;4;1; ;2; ;2; ; ; ; ;8;2;1;07;68;472,263031366227;68
3250762;1;2;1;80;1;1;4;3; ;2; ;2; ; ; ; ;9;2;1;07;68;472,263031366227;68
3250763;1;4;1;80;1;2; ; ; ; ; ;2; ;2; ;.; ; ;1;07;68;646,923671362542;68
3250764;1;3;1;80;1;2; ; ; ; ; ;2; ;2; ;.; ; ;1;07;68;590,501749465045;68
3250765;1;1;1;80;1;1;4;3; ;2; ;2; ; ; ; ;9;2;1;07;68;482,117855155944;68
3250765;1;5;1;80;1;1;1;2; ;2; ;2; ; ; ; ;2;2;1;07;68;482,117855155944;68
3250766;1;2;1;80;1;1;1;3; ;2; ;2; ; ; ; ;9;2;1;07;68;508,055847223394;68
3250767;1;1;1;80;1;1;2;5; ;3; ;2; ; ; ; ;11;2;1;07;68;571,059261289581;68
3250767;1;3;1;80;1;2; ; ; ;2; ;2; ;2; ;.; ; ;1;07;68;571,059261289581;68
3250767;1;4;1;80;1;2; ; ; ;2; ;2; ;2; ;.; ; ;1;07;68;571,059261289581;68
3250768;1;2;1;80;1;1;4;4; ;2; ;2; ; ; ; ;4;2;1;07;68;572,446058302064;68
3250768;1;4;1;80;1;2; ; ; ;2; ;2; ;2; ;.; ; ;1;07;68;572,446058302064;68
3250772;1;1;1;80;1;1;4;3; ;3; ;2; ; ; ; ;9;2;1;07;68;448,802840602861;68
3250772;1;6;1;80;1;1;1;3; ;2; ;2; ; ; ; ;9;2;1;07;68;448,802840602861;68
3250773;1;1;1;80;1;2; ; ; ;2; ;2; ;1;4; ;9; ;1;07;68;507,073342122549;68
3250773;1;3;1;80;1;1;2;3; ;2; ;2; ; ; ; ;9;2;1;07;68;507,073342122549;68
3250775;1;2;1;80;1;1;4;3; ;2; ;2; ; ; ; ;9;2;1;07;68;542,131023986991;68
3250776;1;5;1;80;1;2; ; ; ;2; ;2; ;2; ;.; ; ;1;07;68;591,528891130949;68
3250779;1;3;1;80;1;2; ; ; ;2; ;2; ;2; ;.; ; ;1;07;68;485,828378149008;68
3250779;1;4;1;80;1;2; ; ; ;2; ;2; ;2; ;.; ; ;1;07;68;485,828378149008;68
3250780;1;3;1;80;1;2; ; ; ;2; ;2; ;2; ;.; ; ;1;07;68;548,906823674561;68
3250784;1;3;1;80;1;2; ; ; ; ; ;2; ;2; ;.; ; ;1;07;68;458,123133568308;68
3250785;1;3;1;80;1;2; ; ; ;2; ;2; ;2; ;.; ; ;1;07;68;571,059261289581;68
3250785;1;4;1;80;1;2; ; ; ; ; ;2; ;2; ;.; ; ;1;07;68;571,059261289581;68
3250790;1;1;1;80;1;1;4;5; ;3; ;2; ; ; ; ;9;2;1;07;68;546,029446872879;68
3250790;1;2;1;80;1;2; ; ; ;2; ;2; ;2; ;.; ; ;1;07;68;546,029446872879;68
3250791;1;3;1;80;1;2; ; ; ;2; ;2; ;1;2; ;8; ;1;07;68;469,170870872466;68
3250792;1;3;1;80;1;1;1;2; ;2; ;2; ; ; ; ;2;2;1;07;68;521,126547634495;68
3250792;1;4;1;80;1;2; ; ; ;2; ;2; ;2; ;.; ; ;1;07;68;521,126547634495;68
3250792;1;5;1;80;1;2; ; ; ; ; ;2; ;2; ;.; ; ;1;07;68;521,126547634495;68
3250793;1;1;1;80;1;1;1;8; ;2; ;2; ; ; ; ;4;2;1;07;68;534,926290099125;68
3250795;1;2;1;80;1;2; ; ; ;2; ;2; ;2; ;.; ; ;1;07;23;259,209970373553;23
3250795;1;3;1;80;1;2; ; ; ;2; ;2; ;2; ;.; ; ;1;07;23;259,209970373553;23
3250795;1;4;1;80;1;2; ; ; ;2; ;2; ;2; ;.; ; ;1;07;23;259,209970373553;23
3250796;1;2;1;80;1;2; ; ; ;2; ;2; ;2; ;.; ; ;1;07;23;139,075331497251;23
3250796;1;3;1;80;1;1;1;8; ;2; ;2; ; ; ; ;2;2;1;07;23;139,075331497251;23
3250797;1;2;1;80;1;1;3;3; ;2; ;2; ; ; ; ;9;2;1;07;23;147,361632859823;23
3250797;1;3;1;80;1;2; ; ; ;2; ;2; ;2; ;.; ; ;1;07;23;147,361632859823;23
3250799;1;3;1;80;1;2; ; ; ; ; ;2; ;2; ;.; ; ;1;07;23;177,789807165813;23
3250799;1;4;1;80;1;2; ; ; ; ; ;2; ;2; ;.; ; ;1;07;23;177,789807165813;23
3250800;1;1;1;80;1;1;4;4; ;2; ;2; ; ; ; ;4;2;1;07;23;117,189677382908;23
3250800;1;4;1;80;1;2; ; ; ;2; ;2; ;2; ;.; ; ;1;07;23;117,189677382908;23
3250801;1;2;1;80;1;2; ; ; ;2; ;2; ;2; ;.; ; ;1;07;23;148,16969723842;23
3250801;1;3;1;80;1;2; ; ; ;2; ;2; ;2; ;.; ; ;1;07;23;148,16969723842;23
3250801;1;4;1;80;1;2; ; ; ; ; ;2; ;2; ;.; ; ;1;07;23;148,16969723842;23
3250801;1;5;1;80;1;2; ; ; ; ; ;2; ;2; ;.; ; ;1;07;23;148,16969723842;23
3250802;1;1;1;80;1;1;4;3; ;2; ;2; ; ; ; ;9;2;1;07;23;162,578748683671;23
3250802;2;1;2;80;1;1;1;4; ;2; ;2; ; ; ; ;4;2;1;07;23;162,578748683671;23
3250805;1;2;1;80;1;2; ; ; ;2; ;2; ;2; ;.; ; ;1;07;23;164,02468902127;23
3250805;1;4;1;80;1;2; ; ; ; ; ;2; ;2; ;.; ; ;1;07;23;164,02468902127;23
3250810;1;2;1;80;1;1;3;3; ;2; ;2; ; ; ; ;9;2;1;07;23;204,560070116886;23
3250810;1;3;1;80;1;2; ; ; ; ; ;2; ;2; ;.; ; ;1;07;23;204,560070116886;23
3250812;1;2;1;80;1;2; ; ; ;2; ;2; ;2; ;.; ; ;1;07;23;459,764454835573;23
3250813;1;6;1;80;1;1;2;3; ;2; ;2; ; ; ; ;9;2;1;07;23;373,366764811701;23
3250813;1;7;1;80;1;2; ; ; ;2; ;2; ;2; ;.; ; ;1;07;23;373,366764811701;23
3250813;1;8;1;80;1;2; ; ; ; ; ;2; ;2; ;.; ; ;1;07;23;373,366764811701;23
3250813;1;9;1;80;1;2; ; ; ; ; ;2; ;2; ;.; ; ;1;07;23;373,366764811701;23
3250814;2;2;2;80;1;2; ; ; ;2; ;2; ;2; ;.; ; ;1;07;23;150,059188550264;23
3250814;2;3;2;80;1;2; ; ; ; ; ;2; ;2; ;.; ; ;1;07;23;150,059188550264;23
3250815;1;1;1;80;1;2; ; ; ;2; ;2; ;2; ;.; ; ;1;07;23;184,520626043061;23
3250815;2;3;2;80;1;2; ; ; ;2; ;2; ;2; ;.; ; ;1;07;23;184,520626043061;23
3250815;2;4;2;80;1;2; ; ; ; ; ;2; ;2; ;.; ; ;1;07;23;184,520626043061;23
3250816;1;2;1;80;1;1;4;6; ;2; ;2; ; ;1; ;9;1;1;07;23;326,47420525621;23
3250816;1;3;1;80;1;2; ; ; ;2; ;2; ;2; ;.; ; ;1;07;23;326,47420525621;23
3250816;1;4;1;80;1;2; ; ; ;2; ;2; ;2; ;.; ; ;1;07;23;326,47420525621;23
3250817;1;1;1;80;1;1;1;4; ;2; ;2; ; ; ; ;4;2;1;07;23;93,2668719229745;23
3250817;1;2;1;80;1;1;3;6; ;2; ;2; ; ; ; ;9;2;1;07;23;93,2668719229745;23
3250817;2;2;2;80;1;2; ; ; ; ; ;2; ;2; ;.; ; ;1;07;23;93,2668719229745;23
3250818;1;1;1;80;1;2; ; ; ;2; ;2; ;1;1; ;9; ;1;07;23;157,74958569662;23
3250818;1;2;1;80;1;2; ; ; ; ; ;2; ;2; ;.; ; ;1;07;23;157,74958569662;23
3250820;1;3;1;80;1;2; ; ; ; ; ;2; ;2; ;.; ; ;1;07;23;135,498170605477;23
3250821;1;6;1;80;1;2; ; ; ;2; ;2; ;2; ;.; ; ;1;07;23;105,878060678084;23
3250822;1;2;1;80;1;1;2;4; ;2; ;2; ; ; ; ;9;2;1;07;23;167,401854329017;23
3250823;1;1;1;80;1;1;4;4; ;2; ;2; ; ; ; ;4;2;1;07;23;137,005744011372;23
3250824;1;1;1;80;1;1;3;4; ;2; ;2; ; ; ; ;4;2;1;07;23;116,807759476959;23
3250825;1;1;1;80;1;2; ; ; ;2; ;2; ;2; ;.; ; ;1;07;23;94,6220886428687;23
3250826;1;4;1;80;1;2; ; ; ;2; ;2; ;2; ;.; ; ;1;07;23;177,789807165813;23
3250830;1;2;1;80;1;1;4;3; ;2; ;2; ; ; ; ;9;2;1;07;23;330,236561065741;23
3250832;1;2;1;80;1;1;4;4; ;2; ;2; ; ; ; ;4;2;1;07;23;316,649167352503;23
3250832;1;5;1;80;1;2; ; ; ; ; ;2; ;2; ;.; ; ;1;07;23;316,649167352503;23
3250833;1;1;1;80;1;1;4;7; ;2; ;2; ; ; ; ;9;2;1;07;23;360,110048194471;23
3250835;1;2;1;80;1;1;4;4; ;2; ;2; ; ; ; ;4;2;1;07;23;135,012069313007;23
3250835;1;4;1;80;1;2; ; ; ; ; ;2; ;2; ;.; ; ;1;07;23;135,012069313007;23
3250837;1;4;1;80;1;1;1;2; ;2; ;2; ; ; ; ;2;2;1;07;23;154,861816210178;23
3250837;1;5;1;80;1;2; ; ; ; ; ;2; ;2; ;.; ; ;1;07;23;154,861816210178;23
3250838;1;1;1;80;1;1;4;3; ;2; ;2; ; ; ; ;4;2;1;07;23;152,532976142411;23
3250838;1;2;1;80;1;2; ; ; ; ; ;2; ;2; ;.; ; ;1;07;23;152,532976142411;23
3250839;1;2;1;80;1;1;4;3; ;2; ;2; ; ; ; ;8;2;1;07;23;169,089523908946;23
3250839;1;5;1;80;1;1;3;3; ;2; ;2; ; ; ; ;9;2;1;07;23;169,089523908946;23
3250840;1;1;1;80;1;1;4;4; ;2; ;2; ; ; ; ;8;2;1;07;23;130,392571579942;23
3250840;1;4;1;80;1;1;3;3; ;2; ;2; ; ; ; ;9;2;1;07;23;130,392571579942;23
3250841;1;3;1;80;1;1;1;2; ;2; ;2; ; ; ; ;2;2;1;07;23;117,064947067938;23
3250842;1;2;1;80;1;1;3;4; ;2; ;2; ; ; ; ;4;2;1;07;23;127,511885962653;23
3250843;1;3;1;80;1;2; ; ; ;2; ;2; ;2; ;.; ; ;1;07;23;138,070995980947;23
3250843;1;4;1;80;1;2; ; ; ; ; ;2; ;2; ;.; ; ;1;07;23;138,070995980947;23
3250849;1;2;1;80;1;1;4;3; ;2; ;2; ; ; ; ;9;2;1;07;23;348,933839359504;23
3250850;1;2;1;80;1;1;3;8; ;2; ;2; ; ;3; ;9;1;1;07;23;422,144340479058;23
3250851;1;3;1;80;1;1;4;2; ;2; ;2; ; ; ; ;2;2;1;07;23;277,651308498242;23
3250851;1;4;1;80;1;2; ; ; ; ; ;2; ;2; ;.; ; ;1;07;23;277,651308498242;23
3250852;1;4;1;80;1;2; ; ; ;2; ;2; ;2; ;.; ; ;1;07;23;148,314905538821;23
3250852;1;5;1;80;1;2; ; ; ;2; ;2; ;2; ;.; ; ;1;07;23;148,314905538821;23
3250852;2;2;2;80;1;2; ; ; ;2; ;2; ;2; ;.; ; ;1;07;23;148,314905538821;23
3250853;1;3;1;80;1;2; ; ; ; ; ;2; ;2; ;.; ; ;1;07;23;180,993750301152;23
3250854;1;2;1;80;1;1;2;4; ;2; ;2; ; ; ; ;4;2;1;07;23;165,118280532871;23
3250859;1;4;1;80;1;1;3;2; ;2; ;2; ; ; ; ;9;2;1;07;23;140,511750822845;23
3250860;1;3;1;80;1;2; ; ; ;2; ;2; ;2; ;.; ; ;1;07;23;129,604985186776;23
3250860;1;4;1;80;1;2; ; ; ; ; ;2; ;2; ;.; ; ;1;07;23;129,604985186776;23
3250863;1;3;1;80;1;2; ; ; ;2; ;2; ;2; ;.; ; ;1;07;23;147,493121373927;23
3250864;1;1;1;80;1;1;4;3; ;2; ;2; ; ; ; ;9;2;1;07;23;158,894109876542;23
3250864;1;2;1;80;1;1;4;4; ;2; ;2; ; ; ; ;4;2;1;07;23;158,894109876542;23
3250867;1;1;1;80;1;1;4;3; ;2; ;2; ; ; ; ;11;2;1;07;23;111,656894179802;23
3250867;1;2;1;80;1;1;2;9;CAMBIO DE CIUDAD;2; ;2; ; ; ; ;2;2;1;07;23;111,656894179802;23
3250867;1;3;1;80;1;2; ; ; ;2; ;2; ;2; ;.; ; ;1;07;23;111,656894179802;23
3250869;1;2;1;80;1;1;4;5; ;3; ;2; ; ; ; ;10;2;1;07;23;169,155268165998;23
3250869;1;6;1;80;1;2; ; ; ; ; ;2; ;2; ;.; ; ;1;07;23;169,155268165998;23
3250870;1;1;1;80;1;2; ; ; ;2; ;2; ;2; ;.; ; ;1;07;23;192,586910806233;23
3250873;1;4;1;80;1;2; ; ; ;2; ;2; ;2; ;.; ; ;1;07;23;172,894305925104;23
3250875;1;2;1;80;1;2; ; ; ;2; ;2; ;2; ;.; ; ;1;07;23;143,280847336022;23
3250876;1;1;1;80;1;1;1;8; ;2; ;2; ; ; ; ;2;2;1;07;23;97,5435383980173;23
3250876;1;2;1;80;1;1;3;3; ;2; ;2; ; ; ; ;9;2;1;07;23;97,5435383980173;23
3250876;1;4;1;80;1;2; ; ; ;2; ;2; ;2; ;.; ; ;1;07;23;97,5435383980173;23
3250877;1;3;1;80;1;2; ; ; ;2; ;2; ;2; ;.; ; ;1;07;23;178,466383030305;23
3250877;1;4;1;80;1;2; ; ; ; ; ;2; ;2; ;.; ; ;1;07;23;178,466383030305;23
3250878;1;2;1;80;1;2; ; ; ;2; ;2; ;2; ;.; ; ;1;07;23;139,927193766521;23
3250943;1;3;1;80;1;2; ; ; ; ; ;2; ;2; ;.; ; ;1;07;11;2173,79958551428;11
3250958;2;2;2;80;1;2; ; ; ; ; ;2; ;2; ;.; ; ;1;07;11;2332,92161702369;11
3250965;1;2;1;80;1;1;1;2; ;2; ;2; ; ; ; ;2;2;1;07;68;469,138007110495;68
3250970;1;1;1;80;1;1;1;7; ;3; ;2; ; ; ; ;11;2;1;07;18;125,742449521712;18
3250970;1;2;1;80;1;1;4;3; ;2; ;2; ; ; ; ;9;2;1;07;18;125,742449521712;18
3250970;1;3;1;80;1;1;1;2; ;2; ;2; ; ; ; ;2;2;1;07;18;125,742449521712;18
3250970;1;4;1;80;1;2; ; ; ;2; ;2; ;2; ;.; ; ;1;07;18;125,742449521712;18
3250971;1;3;1;80;1;2; ; ; ;2; ;2; ;2; ;.; ; ;1;07;18;45,8574526675308;18
3250973;1;1;1;80;1;1;4;5; ;3; ;2; ; ; ; ;10;2;1;07;18;46,8666824251065;18
3250974;1;1;1;80;1;1;3;3; ;2; ;2; ; ; ; ;9;2;1;07;18;55,3534898858787;18
3250974;1;3;1;80;1;1;1;8; ;2; ;1;350000; ; ; ;2;2;1;07;18;55,3534898858787;18
3250975;1;2;1;80;1;1;4;3; ;2; ;2; ; ; ; ;9;2;1;07;18;53,495665626096;18
3250975;1;3;1;80;1;2; ; ; ; ; ;2; ;2; ;.; ; ;1;07;18;53,495665626096;18
3250976;1;2;1;80;1;2; ; ; ; ; ;2; ;2; ;.; ; ;1;07;18;168,901996707785;18
3250977;1;3;1;80;1;2; ; ; ;2; ;2; ;2; ;.; ; ;1;07;18;80,5800803742272;18
3250980;1;2;1;80;1;2; ; ; ;2; ;2; ;2; ;.; ; ;1;07;18;77,5166721169531;18
3250980;1;4;1;80;1;1;1;2; ;2; ;2; ; ; ; ;2;2;1;07;18;77,5166721169531;18
3250981;1;1;1;80;1;1;2;7; ;2; ;2; ; ; ; ;6;2;1;07;18;203,319991388524;18
3250982;1;2;1;80;1;2; ; ; ; ; ;2; ;2; ;.; ; ;1;07;18;268,222936762307;18
3250983;1;2;1;80;1;1;4;3; ;2; ;2; ; ; ; ;9;2;1;07;18;222,415574597489;18
3250983;1;3;1;80;1;2; ; ; ;2; ;2; ;2; ;.; ; ;1;07;18;222,415574597489;18
3250984;1;5;1;80;1;1;2;4; ;2; ;2; ; ; ; ;4;2;1;07;18;76,6511799857164;18
3250985;1;1;1;80;1;1;4;3; ;2; ;2; ; ; ; ;9;2;1;07;18;71,4295155060269;18
3250985;1;3;1;80;1;2; ; ; ; ; ;2; ;2; ;.; ; ;1;07;18;71,4295155060269;18
3250986;1;4;1;80;1;2; ; ; ;2; ;2; ;2; ;.; ; ;1;07;18;62,8712247608561;18
3250987;1;2;1;80;1;2; ; ; ;1;1;2; ;1;4; ;9; ;1;07;18;71,4295155060269;18
3250987;1;3;1;80;1;2; ; ; ;2; ;2; ;2; ;.; ; ;1;07;18;71,4295155060269;18
3250988;1;2;1;80;1;2; ; ; ;2; ;2; ;2; ;.; ; ;1;07;18;35,9217003136729;18
3250989;1;1;1;80;1;1;4;3; ;2; ;2; ; ; ; ;9;2;1;07;18;103,589319840818;18
3250991;1;2;1;80;1;1;3;9;CAMBIO DE PAIS;2; ;2; ; ; ; ;9;2;1;07;18;196,54542035068;18
3250993;1;3;1;80;1;2; ; ; ; ; ;2; ;2; ;.; ; ;1;07;18;223,620731683055;18
3250994;1;1;1;80;1;1;3;4; ;2; ;2; ; ; ; ;4;2;1;07;15;102,112656414298;15
3250996;1;4;1;80;1;2; ; ; ;2; ;2; ;2; ;.; ; ;1;07;15;65,320534174037;15
3250996;1;6;1;80;1;2; ; ; ;2; ;2; ;2; ;.; ; ;1;07;15;65,320534174037;15
3250997;1;1;1;80;1;1;4;5; ;3; ;2; ; ; ; ;10;2;1;07;15;107,464955375669;15
3250997;1;2;1;80;1;1;4;3; ;2; ;2; ; ; ; ;9;2;1;07;15;107,464955375669;15
3250997;1;6;1;80;1;1;4;8; ;2; ;2; ; ; ; ;4;2;1;07;15;107,464955375669;15
3250998;1;5;1;80;1;2; ; ; ;2; ;2; ;2; ;.; ; ;1;07;15;96,622403568172;15
3250999;1;1;1;80;1;1;1;4; ;2; ;1;100000; ; ; ;4;2;1;07;15;103,662380816859;15
3250999;1;5;1;80;1;1;1;8; ;2; ;2; ; ; ; ;2;2;1;07;15;103,662380816859;15
3251000;1;2;1;80;1;1;4;3; ;2; ;2; ; ; ; ;9;2;1;07;15;85,6656017119095;15
3251000;1;4;1;80;1;2; ; ; ;2; ;2; ;2; ;.; ; ;1;07;15;85,6656017119095;15
3251001;1;6;1;80;1;2; ; ; ; ; ;2; ;2; ;.; ; ;1;07;15;85,418782235248;15
3251002;1;4;1;80;1;2; ; ; ;2; ;2; ;2; ;.; ; ;1;07;17;123,571637458171;17
3251004;1;1;1;80;1;1;2;5; ;3; ;2; ; ; ; ;10;2;1;07;17;201,897705840918;17
3251005;1;1;1;80;1;1;4;5; ;3; ;2; ; ; ; ;10;2;1;07;17;297,634961805704;17
3251006;1;2;1;80;1;2; ; ; ; ; ;2; ;2; ;.; ; ;1;07;17;143,255769208446;17
3251007;1;3;1;80;1;2; ; ; ; ; ;2; ;2; ;.; ; ;1;07;17;192,55974877249;17
3251007;1;5;1;80;1;1;4;9;POR LA EDAD;3; ;2; ; ; ; ;8;2;1;07;17;192,55974877249;17
3251008;1;5;1;80;1;2; ; ; ;2; ;2; ;2; ;.; ; ;1;07;17;97,9582302845643;17
3251008;1;6;1;80;1;2; ; ; ;2; ;2; ;2; ;.; ; ;1;07;17;97,9582302845643;17
3251010;1;1;1;80;1;1;4;8; ;2; ;2; ; ;2; ;4;1;1;07;17;164,801546373786;17
3251012;1;1;1;80;1;1;1;4; ;2; ;2; ; ; ; ;4;2;1;07;17;138,938461059188;17
3251013;1;3;1;80;1;1;2;6; ;2; ;2; ; ; ; ;2;2;1;07;17;295,445326220586;17
3251013;1;4;1;80;1;2; ; ; ;2; ;2; ;2; ;.; ; ;1;07;17;295,445326220586;17
3251016;1;2;1;80;1;1;4;9;CAMBIO DE PAIS;2; ;2; ; ; ; ;11;2;1;07;17;143,255769208446;17
3251017;1;1;1;80;1;1;4;5; ;3; ;2; ; ; ; ;11;2;1;07;17;126,50839970201;17
3251018;1;2;1;80;1;1;4;5; ;3; ;2; ; ; ; ;11;2;1;07;17;130,858808920461;17
3251018;1;4;1;80;1;2; ; ; ;2; ;2; ;2; ;.; ; ;1;07;17;130,858808920461;17
3251020;1;1;1;80;1;1;4;5; ;3; ;2; ; ; ; ;9;2;1;07;17;155,524907030415;17
3251020;1;2;1;80;1;2; ; ; ;2; ;2; ;1;3; ;2; ;1;07;17;155,524907030415;17
3251020;1;4;1;80;1;1;4;8; ;2; ;2; ; ; ; ;9;2;1;07;17;155,524907030415;17
3251022;1;1;1;80;1;2; ; ; ;2; ;2; ;2; ;.; ; ;1;07;73;240,432430241399;73
3251023;1;1;1;80;1;1;4;7; ;3; ;2; ; ; ; ;8;2;1;07;73;258,80271825345;73
3251023;1;2;1;80;1;1;4;3; ;2; ;2; ; ; ; ;4;2;1;07;73;258,80271825345;73
3251025;1;1;1;80;1;1;4;3; ;2; ;2; ; ;4; ;8;1;1;07;73;241,810785016739;73
3251025;1;3;1;80;1;2; ; ; ;2; ;2; ;2; ;.; ; ;1;07;73;241,810785016739;73
3251028;1;2;1;80;1;1;2;4; ;2; ;2; ; ; ; ;4;2;1;07;73;180,442745813896;73
3251028;1;3;1;80;1;2; ; ; ; ; ;2; ;2; ;.; ; ;1;07;73;180,442745813896;73
3251030;1;1;1;80;1;1;4;5; ;3; ;2; ; ; ; ;11;2;1;07;73;171,669634383903;73
3251030;1;3;1;80;1;1;4;9;CAMBIO DE RESIDENCIA;2; ;2; ; ; ; ;11;2;1;07;73;171,669634383903;73
3251031;1;4;1;80;1;2; ; ; ;2; ;2; ;2; ;.; ; ;1;07;73;186,59381607428;73
3251031;1;5;1;80;1;2; ; ; ;2; ;2; ;2; ;.; ; ;1;07;73;186,59381607428;73
3251032;1;1;1;80;1;1;4;5; ;3; ;2; ; ; ; ;10;2;1;07;73;238,943582977742;73
3251035;1;2;1;80;1;2; ; ; ; ; ;2; ;2; ;.; ; ;1;07;73;337,741590628328;73
3251052;1;1;1;80;1;1;2;4; ;1;2;2; ; ; ; ;4;2;1;07;76;1096,17239045538;76
3251053;1;2;1;80;1;1;4;3; ;2; ;2; ; ; ; ;9;2;1;07;76;524,152278918738;76
3251053;1;4;1;80;1;2; ; ; ; ; ;2; ;2; ;.; ; ;1;07;76;524,152278918738;76
3251054;1;2;1;80;1;1;4;3; ;2; ;2; ; ; ; ;9;2;1;07;76;1427,88545156141;76
3251054;1;3;1;80;1;2; ; ; ; ; ;2; ;2; ;.; ; ;1;07;76;1427,88545156141;76
3251055;1;1;1;80;1;1;4;3; ;2; ;2; ; ; ; ;9;2;1;07;76;983,421949536192;76
3251056;1;3;1;80;1;2; ; ; ; ; ;2; ;2; ;.; ; ;1;07;76;1411,57157515216;76
3251058;1;1;1;80;1;1;2;3; ;3; ;2; ; ; ; ;4;2;1;07;76;983,421949536192;76
3251059;1;2;1;80;1;2; ; ; ;2; ;2; ;2; ;.; ; ;1;07;76;1080,63789521311;76
3251059;1;3;1;80;1;1;1;9;CAMBIO DE CIUDAD;2; ;2; ; ; ; ;2;2;1;07;76;1080,63789521311;76
3251060;1;1;1;80;1;1;4;8; ;2; ;2; ; ; ; ;8;2;1;07;76;983,421949536192;76
3251061;1;3;1;80;1;2; ; ; ; ; ;2; ;2; ;.; ; ;1;07;76;716,018048567821;76
3251062;1;2;1;80;1;1;1;8; ;2; ;2; ; ; ; ;9;2;1;07;76;1185,13428010891;76
3251063;1;1;1;80;1;1;4;4; ;2; ;2; ; ; ; ;4;2;1;07;76;983,421949536192;76
3251064;1;1;1;80;1;1;4;5; ;3; ;2; ; ; ; ;10;2;1;07;66;236,870318317413;66
3251064;1;2;1;80;1;2; ; ; ;2; ;2; ;2; ;.; ; ;1;07;66;236,870318317413;66
3251065;1;2;1;80;1;2; ; ; ;2; ;2; ;2; ;.; ; ;1;07;66;298,764156417139;66
3251065;1;3;1;80;1;2; ; ; ; ; ;2; ;2; ;.; ; ;1;07;66;298,764156417139;66
3251066;1;2;1;80;1;1;4;3; ;2; ;2; ; ; ; ;9;2;1;07;66;413,497830172672;66
3251066;1;4;1;80;1;2; ; ; ;2; ;2; ;2; ;.; ; ;1;07;66;413,497830172672;66
3251067;1;3;1;80;1;2; ; ; ;2; ;2; ;2; ;.; ; ;1;07;66;298,764156417139;66
3251069;1;2;1;80;1;1;4;3; ;2; ;2; ; ; ; ;9;2;1;07;66;345,024170170331;66
3251069;1;3;1;80;1;2; ; ; ; ; ;2; ;2; ;.; ; ;1;07;66;345,024170170331;66
3251070;1;2;1;80;1;1;4;3; ;2; ;2; ; ; ; ;9;2;1;07;66;350,826991609251;66
3251070;1;4;1;80;1;2; ; ; ; ; ;2; ;2; ;.; ; ;1;07;66;350,826991609251;66
3251071;1;3;1;80;1;2; ; ; ;2; ;2; ;2; ;.; ; ;1;07;66;332,546503430606;66
3251072;1;2;1;80;1;2; ; ; ;2; ;2; ;2; ;.; ; ;1;07;66;286,503719467761;66
3251072;1;4;1;80;1;2; ; ; ;2; ;2; ;2; ;.; ; ;1;07;66;286,503719467761;66
3251073;1;4;1;80;1;2; ; ; ;2; ;2; ;2; ;.; ; ;1;07;66;412,665148026275;66
3251073;1;5;1;80;1;2; ; ; ;2; ;2; ;2; ;.; ; ;1;07;66;412,665148026275;66
3251073;1;6;1;80;1;2; ; ; ; ; ;2; ;2; ;.; ; ;1;07;66;412,665148026275;66
3251074;1;2;1;80;1;2; ; ; ;2; ;2; ;2; ;.; ; ;1;07;66;318,209163422608;66
3251074;1;4;1;80;1;2; ; ; ;2; ;2; ;2; ;.; ; ;1;07;66;318,209163422608;66
3251074;1;5;1;80;1;2; ; ; ;2; ;2; ;2; ;.; ; ;1;07;66;318,209163422608;66
3251075;1;1;1;80;1;1;4;4; ;2; ;2; ; ; ; ;4;2;1;07;66;297,205963063445;66
3251077;1;1;1;80;1;2; ; ; ;2; ;2; ;2; ;.; ; ;1;07;66;265,204176703342;66
3251078;1;1;1;80;1;1;4;4; ;2; ;2; ; ; ; ;4;2;1;07;66;269,488146504056;66
3251081;1;2;1;80;1;1;1;3; ;2; ;2; ; ; ; ;9;2;1;07;66;274,361654273479;66
3251081;2;2;2;80;1;2; ; ; ;2; ;2; ;1;1; ;8; ;1;07;66;274,361654273479;66
3251081;3;1;3;80;1;1;1;8; ;2; ;2; ; ;1; ;2;1;1;07;66;274,361654273479;66
3251084;1;3;1;80;1;2; ; ; ; ; ;2; ;2; ;.; ; ;1;07;66;412,588864197264;66
3251086;1;1;1;80;1;1;4;4; ;2; ;2; ; ; ; ;4;2;1;07;66;269,488146504056;66
3251087;1;1;1;80;1;1;4;4; ;1;1;2; ; ; ; ;4;2;1;07;66;347,455406040332;66
3251090;1;1;1;80;1;2; ; ; ;2; ;2; ;2; ;.; ; ;1;07;66;269,488146504056;66
3251097;1;3;1;80;1;2; ; ; ; ; ;2; ;2; ;.; ; ;1;07;20;130,268321319637;20
3251097;1;4;1;80;1;2; ; ; ; ; ;2; ;2; ;.; ; ;1;07;20;130,268321319637;20
3251098;1;2;1;80;1;2; ; ; ;2; ;2; ;2; ;.; ; ;1;07;20;126,061173845959;20
3251100;1;1;1;80;1;1;4;8; ;3; ;2; ; ; ; ;4;2;1;07;20;127,169323149162;20
3251100;1;2;1;80;1;2; ; ; ;2; ;2; ;2; ;.; ; ;1;07;20;127,169323149162;20
3251103;1;2;1;80;1;1;4;3; ;2; ;2; ; ; ; ;9;2;1;07;20;176,125795519178;20
3251103;1;3;1;80;1;2; ; ; ; ; ;2; ;2; ;.; ; ;1;07;20;176,125795519178;20
3251104;1;1;1;80;1;1;4;6; ;2; ;2; ; ; ; ;11;2;1;07;18;56,0462007953228;18
3251104;1;2;1;80;1;2; ; ; ;2; ;2; ;2; ;.; ; ;1;07;18;56,0462007953228;18
3251104;1;3;1;80;1;2; ; ; ; ; ;2; ;2; ;.; ; ;1;07;18;56,0462007953228;18
3251106;1;2;1;80;1;2; ; ; ;2; ;2; ;2; ;.; ; ;1;07;18;72,6754361648265;18
3251107;1;1;1;80;1;2; ; ; ;2; ;2; ;2; ;.; ; ;1;07;18;42,7467242792062;18
3251107;1;2;1;80;1;1;4;3; ;2; ;2; ; ; ; ;9;2;1;07;18;42,7467242792062;18
3251109;1;2;1;80;1;1;1;4; ;2; ;2; ; ; ; ;4;2;1;07;18;79,9878062511977;18
3251110;1;5;1;80;1;2; ; ; ; ; ;2; ;2; ;.; ; ;1;07;18;44,6021027985253;18
3251111;1;1;1;80;1;1;4;8; ;2; ;2; ; ; ; ;4;2;1;07;18;75,4843796481618;18
3251113;1;2;1;80;1;1;2;3; ;2; ;2; ; ; ; ;9;2;1;07;18;76,3316212080121;18
3251114;1;2;1;80;1;1;1;4; ;2; ;2; ; ; ; ;9;2;1;07;18;87,8042861015918;18
3251115;1;1;1;80;1;2; ; ; ;2; ;2; ;2; ;.; ; ;1;07;18;45,7261924313804;18
3251115;1;5;1;80;1;2; ; ; ; ; ;2; ;2; ;.; ; ;1;07;18;45,7261924313804;18
3251115;1;7;1;80;1;2; ; ; ;2; ;2; ;2; ;.; ; ;1;07;18;45,7261924313804;18
3251116;1;1;1;80;1;1;3;3; ;2; ;2; ; ; ; ;9;2;1;07;18;61,2027712712469;18
3251118;1;1;1;80;1;1;4;5; ;3; ;2; ; ; ; ;10;2;1;07;18;68,9789144603328;18
3251119;1;1;1;80;1;1;4;3; ;2; ;2; ; ; ; ;8;2;1;07;18;57,3976573053395;18
3251120;1;1;1;80;1;2; ; ; ;2; ;2; ;2; ;.; ; ;1;07;18;50,5726333398062;18
3251120;1;2;1;80;1;1;4;6; ;2; ;2; ; ; ; ;8;2;1;07;18;50,5726333398062;18
3251122;1;3;1;80;1;2; ; ; ; ; ;2; ;2; ;.; ; ;1;07;18;67,7733304628413;18
3251124;1;1;1;80;1;1;4;5; ;3; ;2; ; ; ; ;10;2;1;07;47;192,736613386903;47
3251124;1;3;1;80;1;2; ; ; ; ; ;2; ;2; ;.; ; ;1;07;47;192,736613386903;47
3251124;1;4;1;80;1;2; ; ; ; ; ;2; ;2; ;.; ; ;1;07;47;192,736613386903;47
3251125;1;1;1;80;1;1;4;3; ;2; ;2; ; ; ; ;9;2;1;07;47;179,197462194843;47
3251126;1;4;1;80;1;1;4;4; ;2; ;2; ; ; ; ;8;2;1;07;47;125,171249104494;47
3251128;1;3;1;80;1;2; ; ; ; ; ;2; ;2; ;.; ; ;1;07;47;219,28979615664;47
3251129;1;1;1;80;1;1;4;4; ;2; ;2; ; ; ; ;4;2;1;07;47;107,655564179303;47
3251129;1;2;1;80;1;2; ; ; ;2; ;2; ;2; ;.; ; ;1;07;47;107,655564179303;47
3251131;1;1;1;80;1;1;4;4; ;2; ;2; ; ; ; ;4;2;1;07;47;87,4483495145594;47
3251134;1;3;1;80;1;2; ; ; ; ; ;2; ;2; ;.; ; ;1;07;47;148,268141110588;47
3251138;1;1;1;80;1;1;4;3; ;2; ;2; ; ; ; ;9;2;1;07;47;155,570676145963;47
3251139;1;1;1;80;1;1;4;5; ;3; ;2; ; ; ; ;10;2;1;07;47;87,4483495145594;47
3251139;1;2;1;80;1;2; ; ; ;2; ;2; ;2; ;.; ; ;1;07;47;87,4483495145594;47
3251139;1;4;1;80;1;2; ; ; ;2; ;2; ;2; ;.; ; ;1;07;47;87,4483495145594;47
3251140;1;3;1;80;1;1;4;5; ;3; ;2; ; ; ; ;8;2;1;07;47;87,4483495145594;47
3251143;1;1;1;80;1;1;4;5; ;3; ;2; ; ; ; ;10;2;1;07;47;137,080425257051;47
3251143;1;2;1;80;1;1;4;7; ;2; ;2; ; ; ; ;4;2;1;07;47;137,080425257051;47
3251144;1;3;1;80;1;2; ; ; ;2; ;2; ;2; ;.; ; ;1;07;47;129,777890221676;47
3251145;1;3;1;80;1;2; ; ; ;2; ;2; ;2; ;.; ; ;1;07;47;192,372570689462;47
3251147;1;3;1;80;1;2; ; ; ; ; ;2; ;2; ;.; ; ;1;07;47;219,28979615664;47
3251148;1;1;1;80;1;1;4;5; ;3; ;2; ; ; ; ;10;2;1;07;47;155,570676145963;47
3251151;1;1;1;80;1;1;2;4; ;2; ;2; ; ; ; ;4;2;1;07;44;78,8045123761024;44
3251151;1;2;1;80;1;1;4;3; ;2; ;2; ; ; ; ;9;2;1;07;44;78,8045123761024;44
3251151;1;3;1;80;1;1;3;8; ;2; ;2; ; ;3; ;9;1;1;07;44;78,8045123761024;44
3251157;1;2;1;80;1;2; ; ; ;2; ;2; ;2; ;.; ; ;1;07;52;315,806288327358;52
3251160;1;3;1;80;1;2; ; ; ; ; ;2; ;2; ;.; ; ;1;07;52;419,508609934632;52
3251161;1;2;1;80;1;1;4;8; ;2; ;2; ; ; ; ;1;2;1;07;52;276,527348637062;52
3251162;1;2;1;80;1;1;4;4; ;2; ;2; ; ; ; ;4;2;1;07;52;252,299207514152;52
3251165;1;1;1;80;1;1;4;5; ;3; ;2; ; ; ; ;10;2;1;07;52;125,872001916682;52
3251169;1;2;1;80;1;1;1;2; ;2; ;2; ; ; ; ;2;2;1;07;52;150,384907229541;52
3251170;2;2;2;80;1;1;1;2; ;2; ;2; ; ; ; ;2;2;1;07;52;112,180353575658;52
3251172;1;1;1;80;1;1;3;8; ;2; ;2; ; ; ; ;9;2;1;07;73;1423,67932525214; 
3251172;1;2;1;80;1;2; ; ; ; ; ;2; ;2; ;.; ; ;1;07;73;1423,67932525214; 
3251183;1;2;1;80;1;2; ; ; ;2; ;2; ;2; ;.; ; ;1;07;73;2231,19330942686; 
3251183;1;3;1;80;1;2; ; ; ;2; ;2; ;2; ;.; ; ;1;07;73;2231,19330942686; 
3251183;1;4;1;80;1;2; ; ; ;2; ;2; ;2; ;.; ; ;1;07;73;2231,19330942686; 
3251183;1;5;1;80;1;2; ; ; ; ; ;2; ;2; ;.; ; ;1;07;73;2231,19330942686; 
3251194;1;2;1;80;1;1;4;4; ;2; ;2; ; ; ; ;4;2;1;07;73;1232,47164740512; 
3251195;1;1;1;80;1;1;4;3; ;2; ;2; ; ; ; ;9;2;1;07;73;895,268970754844; 
3251195;1;2;1;80;1;2; ; ; ;2; ;2; ;2; ;.; ; ;1;07;73;895,268970754844; 
3251195;1;3;1;80;1;1;4;4; ;2; ;2; ; ; ; ;4;2;1;07;73;895,268970754844; 
3251196;1;1;1;80;1;1;4;4; ;2; ;2; ; ; ; ;4;2;1;07;73;1745,42439859823; 
3251202;2;2;2;80;1;2; ; ; ;2; ;2; ;1;4; ;9; ;1;07;73;2410,42506872896; 
3251203;1;3;1;80;1;2; ; ; ; ; ;2; ;1;1; ;2; ;1;07;73;1727,3109138887; 
3251204;1;1;1;80;1;1;4;3; ;2; ;2; ; ; ; ;9;2;1;07;73;895,268970754844; 
3251205;1;1;1;80;1;1;4;4; ;2; ;2; ; ; ; ;4;2;1;07;73;2039,69262234698; 
3251205;1;2;1;80;1;1;1;8; ;2; ;2; ; ; ; ;1;2;1;07;73;2039,69262234698; 
3251207;1;2;1;80;1;1;4;4; ;2; ;2; ; ; ; ;4;2;1;07;73;895,268970754844; 
3251207;1;3;1;80;1;2; ; ; ;2; ;2; ;2; ;.; ; ;1;07;73;895,268970754844; 
3251210;1;2;1;80;1;2; ; ; ;2; ;2; ;2; ;.; ; ;1;07;73;919,552700494484; 
3251218;1;3;1;80;1;1;1;6; ;2; ;2; ; ; ; ;2;2;1;07;73;993,73892981983; 
3251229;1;2;1;80;1;1;4;4; ;2; ;2; ; ; ; ;4;2;1;07;73;895,268970754844; 
3251230;1;2;1;80;1;2; ; ; ;2; ;2; ;2; ;.; ; ;1;07;73;3139,71511222606; 
3251235;1;2;1;80;1;1;1;8; ;2; ;2; ; ; ; ;1;2;1;07;73;3093,83223280206; 
3251235;1;3;1;80;1;1;1;3; ;2; ;2; ; ; ; ;9;2;1;07;73;3093,83223280206; 
3251235;1;6;1;80;1;2; ; ; ;2; ;2; ;2; ;.; ; ;1;07;73;3093,83223280206; 
3251235;1;7;1;80;1;2; ; ; ;2; ;2; ;2; ;.; ; ;1;07;73;3093,83223280206; 
3251236;1;1;1;80;1;1;2;4; ;2; ;2; ; ; ; ;4;2;1;07;73;1098,06042178163; 
3251240;1;1;1;80;1;1;1;9;DEPRESION POR LA MUERTE DEL HIJO;2; ;2; ; ; ;DEPRESION POR LA MUERTE DEL HIJO;12;2;1;07;73;895,268970754844; 
3251240;1;3;1;80;1;1;1;8; ;2; ;2; ; ; ; ;2;2;1;07;73;895,268970754844; 
3251240;1;4;1;80;1;1;4;7; ;2; ;2; ; ; ; ;4;2;1;07;73;895,268970754844; 
3251259;1;1;1;80;1;1;4;4; ;2; ;2; ; ; ; ;4;2;1;07;73;895,268970754844; 
3251260;1;5;1;80;1;1;2;9;PEREZA;2; ;2; ; ; ; ;11;2;1;07;73;1771,62441217147; 
3251261;1;2;1;80;1;2; ; ; ;2; ;2; ;2; ;.; ; ;1;07;73;2080,74122730579; 
3251261;1;4;1;80;1;2; ; ; ; ; ;2; ;2; ;.; ; ;1;07;73;2080,74122730579; 
3251261;1;5;1;80;1;1;4;4; ;2; ;2; ; ; ; ;8;2;1;07;73;2080,74122730579; 
3251262;1;3;1;80;1;2; ; ; ; ; ;2; ;2; ;.; ; ;1;07;73;1034,83339416064; 
3251262;1;4;1;80;1;2; ; ; ;2; ;2; ;2; ;.; ; ;1;07;73;1034,83339416064; 
3251267;1;3;1;80;1;2; ; ; ;2; ;2; ;2; ;.; ; ;1;07;73;3581,07588301938; 
3251274;1;2;1;80;1;1;4;3; ;2; ;2; ; ; ; ;9;2;1;07;50;173,25135941534;50
3251277;1;2;1;80;1;2; ; ; ;2; ;2; ;2; ;.; ; ;1;07;50;182,173014983347;50
3251280;1;4;1;80;1;2; ; ; ; ; ;2; ;2; ;.; ; ;1;07;50;199,777651607481;50
3251281;1;1;1;80;1;1;4;9;EDAD;2; ;2; ; ; ; ;8;2;1;07;50;165,638788609581;50
3251282;1;1;1;80;1;1;1;7; ;2; ;2; ; ; ; ;8;2;1;07;17;202,467945257088;17
3251283;1;1;1;80;1;1;3;6; ;3; ;2; ; ; ; ;8;2;1;07;17;174,709742858385;17
3251283;1;2;1;80;1;2; ; ; ;2; ;2; ;2; ;.; ; ;1;07;17;174,709742858385;17
3251284;1;3;1;80;1;2; ; ; ;2; ;2; ;2; ;.; ; ;1;07;17;119,12206808999;17
3251284;1;4;1;80;1;2; ; ; ; ; ;2; ;2; ;.; ; ;1;07;17;119,12206808999;17
3251285;1;1;1;80;1;1;4;5; ;3; ;2; ; ; ; ;10;2;1;07;17;160,451137155335;17
3251286;1;1;1;80;1;1;4;3; ;2; ;2; ; ; ; ;9;2;1;07;17;160,451137155335;17
3251288;1;1;1;80;1;1;4;4; ;2; ;2; ; ; ; ;4;2;1;07;17;160,484238224528;17
3251289;1;2;1;80;1;1;4;8; ;2; ;2; ; ;4; ;9;1;1;07;17;229,123511248124;17
3251290;1;1;1;80;1;1;4;5; ;3; ;2; ; ; ; ;10;2;1;07;17;174,709742858385;17
3251290;1;2;1;80;1;2; ; ; ;2; ;2; ;2; ;.; ; ;1;07;17;174,709742858385;17
3251291;1;1;1;80;1;1;4;5; ;3; ;2; ; ; ; ;10;2;1;07;17;160,451137155335;17
3251292;1;1;1;80;1;1;4;5; ;3; ;2; ; ; ; ;10;2;1;07;17;201,398409918614;17
3251292;1;2;1;80;1;2; ; ; ;2; ;2; ;2; ;.; ; ;1;07;17;201,398409918614;17
3251293;1;2;1;80;1;2; ; ; ;2; ;2; ;2; ;.; ; ;1;07;17;209,577584180908;17
3251293;1;3;1;80;1;2; ; ; ; ; ;2; ;2; ;.; ; ;1;07;17;209,577584180908;17
3251293;1;4;1;80;1;2; ; ; ; ; ;2; ;2; ;.; ; ;1;07;17;209,577584180908;17
3251296;1;1;1;80;1;1;4;5; ;3; ;2; ; ; ; ;4;2;1;07;17;164,801546373786;17
3251296;1;2;1;80;1;2; ; ; ;2; ;2; ;2; ;.; ; ;1;07;17;164,801546373786;17
3251296;1;3;1;80;1;2; ; ; ; ; ;2; ;2; ;.; ; ;1;07;17;164,801546373786;17
3251297;1;1;1;80;1;1;4;3; ;2; ;2; ; ; ; ;9;2;1;07;17;136,317436036878;17
3251298;1;1;1;80;1;1;4;4; ;3; ;2; ; ; ; ;4;2;1;07;17;108,880040078748;17
3251298;1;3;1;80;1;1;1;8; ;2; ;2; ; ; ; ;2;2;1;07;17;108,880040078748;17
3251298;1;4;1;80;1;2; ; ; ;2; ;2; ;2; ;.; ; ;1;07;17;108,880040078748;17
3251298;1;5;1;80;1;1;4;3; ;2; ;2; ; ; ; ;9;2;1;07;17;108,880040078748;17
3251298;1;6;1;80;1;1;4;5; ;3; ;2; ; ; ; ;10;2;1;07;17;108,880040078748;17
3251299;1;4;1;80;1;2; ; ; ;2; ;2; ;2; ;.; ; ;1;07;17;201,115875873824;17
3251300;1;1;1;80;1;1;4;5; ;3; ;2; ; ; ; ;10;2;1;07;17;167,422571396096;17
3251300;1;2;1;80;1;1;4;3; ;2; ;2; ; ; ; ;9;2;1;07;17;167,422571396096;17
3251301;1;2;1;80;1;1;4;7; ;2; ;2; ; ;3; ;5;1;1;07;17;138,938461059188;17
3251303;1;4;1;80;1;2; ; ; ;2; ;2; ;2; ;.; ; ;1;07;17;142,473939241352;17
3251305;1;2;1;80;1;1;4;8; ;2; ;2; ; ;4; ;8;1;1;07;17;157,873863911561;17
3251305;1;3;1;80;1;1;2;2; ;1;1;2; ; ; ; ;2;2;1;07;17;157,873863911561;17
3251305;1;4;1;80;1;2; ; ; ;2; ;2; ;2; ;.; ; ;1;07;17;157,873863911561;17
3251306;1;1;1;80;1;1;1;3; ;2; ;2; ; ; ; ;9;2;1;07;17;126,50839970201;17
3251306;1;2;1;80;1;1;4;3; ;2; ;2; ; ; ; ;9;2;1;07;17;126,50839970201;17
3251309;1;1;1;80;1;1;4;5; ;3; ;2; ; ; ; ;11;2;1;07;17;146,25873359067;17
3251309;1;2;1;80;1;2; ; ; ;2; ;2; ;2; ;.; ; ;1;07;17;146,25873359067;17
3251312;1;1;1;80;1;1;4;5; ;3; ;2; ; ; ; ;10;2;1;07;17;201,365308849421;17
3251313;1;1;1;80;1;1;3;4; ;3; ;2; ; ; ; ;4;2;1;07;17;160,451137155335;17
3251315;1;3;1;80;1;2; ; ; ; ; ;2; ;2; ;.; ; ;1;07;17;129,030264574589;17
3251316;1;3;1;80;1;1;1;2; ;1;1;1;120000; ; ; ;2;2;1;07;17;172,099368545418;17
3251317;1;2;1;80;1;1;4;3; ;2; ;2; ; ; ; ;9;2;1;07;17;152,282975576221;17
3251317;1;4;1;80;1;2; ; ; ;2; ;2; ;2; ;.; ; ;1;07;17;152,282975576221;17
3251317;1;5;1;80;1;2; ; ; ; ; ;2; ;2; ;.; ; ;1;07;17;152,282975576221;17
3251318;1;3;1;80;1;1;4;2; ;2; ;2; ; ; ; ;2;2;1;07;17;273,201487173059;17
3251318;1;5;1;80;1;1;2;8; ;2; ;2; ; ; ; ;2;2;1;07;17;273,201487173059;17
3251319;1;1;1;80;1;1;4;8; ;2; ;2; ; ;2; ;8;1;1;07;17;160,484238224528;17
3251319;1;2;1;80;1;1;4;5; ;3; ;2; ; ; ; ;10;2;1;07;17;160,484238224528;17
3251321;1;1;1;80;1;1;4;8; ;2; ;2; ; ; ; ;8;2;1;07;20;69,3958254983106;20
3251321;1;2;1;80;1;1;9;3; ;2; ;2; ; ; ; ;8;2;1;07;20;69,3958254983106;20
3251321;1;3;1;80;1;1;4;3; ;2; ;2; ; ; ; ;9;2;1;07;20;69,3958254983106;20
3251321;1;4;1;80;1;1;3;8; ;2; ;2; ; ; ; ;9;2;1;07;20;69,3958254983106;20
3251322;1;1;1;80;1;2; ; ; ;3; ;2; ;1;3; ;10; ;1;07;20;108,81254694604;20
3251322;1;2;1;80;1;2; ; ; ;2; ;2; ;1;4; ;8; ;1;07;20;108,81254694604;20
3251322;1;3;1;80;1;2; ; ; ;2; ;2; ;2; ;.; ; ;1;07;20;108,81254694604;20
3251322;1;5;1;80;1;2; ; ; ; ; ;2; ;2; ;.; ; ;1;07;20;108,81254694604;20
3251323;1;1;1;80;1;1;4;3; ;2; ;2; ; ; ; ;9;2;1;07;20;128,559951767234;20
3251323;1;5;1;80;1;2; ; ; ;2; ;2; ;2; ;.; ; ;1;07;20;128,559951767234;20
3251324;1;1;1;80;1;1;4;4; ;2; ;2; ; ; ; ;4;2;1;07;20;96,5094228508802;20
3251325;1;1;1;80;1;2; ; ; ;2; ;2; ;2; ;.; ; ;1;07;20;111,839373000021;20
3251325;1;2;1;80;1;2; ; ; ;2; ;2; ;2; ;.; ; ;1;07;20;111,839373000021;20
3251326;1;3;1;80;1;2; ; ; ; ; ;2; ;2; ;.; ; ;1;07;20;176,112373994199;20
3251327;1;2;1;80;1;2; ; ; ;2; ;2; ;2; ;.; ; ;1;07;20;121,533894273853;20
3251328;1;2;1;80;1;1;1;8; ;2; ;2; ; ; ; ;2;2;1;07;20;190,148352775753;20
3251328;1;3;1;80;1;2; ; ; ; ; ;2; ;2; ;.; ; ;1;07;20;190,148352775753;20
3251328;1;4;1;80;1;2; ; ; ; ; ;2; ;2; ;.; ; ;1;07;20;190,148352775753;20
3251329;1;3;1;80;1;2; ; ; ;2; ;2; ;2; ;.; ; ;1;07;20;129,156594550604;20
3251330;1;1;1;80;1;2; ; ; ;3; ;2; ;1;4; ;10; ;1;07;20;136,863844422993;20
3251330;1;2;1;80;1;1;4;5; ;3; ;2; ; ; ; ;10;2;1;07;20;136,863844422993;20
3251332;1;3;1;80;1;2; ; ; ; ; ;2; ;2; ;.; ; ;1;07;20;176,112373994199;20
3251335;1;1;1;80;1;1;2;3; ;2; ;2; ; ; ; ;9;2;1;07;20;112,22584244682;20
3251335;1;4;1;80;1;2; ; ; ;2; ;2; ;2; ;.; ; ;1;07;20;112,22584244682;20
3251335;1;5;1;80;1;2; ; ; ;2; ;2; ;2; ;.; ; ;1;07;20;112,22584244682;20
3251335;1;6;1;80;1;1;4;4; ;2; ;2; ; ; ; ;8;2;1;07;20;112,22584244682;20
3251335;1;7;1;80;1;1;3;7; ;2; ;2; ; ; ; ;5;2;1;07;20;112,22584244682;20
3251336;1;2;1;80;1;2; ; ; ;2; ;2; ;2; ;.; ; ;1;07;20;151,087902571226;20
3251337;1;1;1;80;1;1;4;7; ;2; ;2; ; ; ; ;4;2;1;07;20;106,530948743696;20
3251338;1;2;1;80;1;1;4;6; ;2; ;2; ; ; ; ;11;2;1;07;20;158,085573948655;20
3251338;1;3;1;80;1;2; ; ; ; ; ;2; ;2; ;.; ; ;1;07;20;158,085573948655;20
3251339;1;1;1;80;1;2; ; ; ;2; ;2; ;2; ;.; ; ;1;07;20;142,739944972241;20
3251340;1;1;1;80;1;1;4;4; ;2; ;2; ; ; ; ;4;2;1;07;20;105,405800449685;20
3251343;1;1;1;80;1;1;4;4; ;2; ;2; ; ; ; ;4;2;1;07;41;104,436779431143;41
3251343;1;3;1;80;1;2; ; ; ;2; ;2; ;2; ;.; ; ;1;07;41;104,436779431143;41
3251346;1;1;1;80;1;1;4;5; ;3; ;2; ; ; ; ;11;2;1;07;41;120,951964183151;41
3251347;1;3;1;80;1;2; ; ; ; ; ;2; ;2; ;.; ; ;1;07;73;267,349325224012;73
3251348;1;2;1;80;1;2; ; ; ;2; ;2; ;2; ;.; ; ;1;07;73;260,012766626271;73
3251348;1;4;1;80;1;1;4;9;TRANSLADO DE RESIDENCIA;2; ;2; ; ;4; ;8;1;1;07;73;260,012766626271;73
3251349;1;3;1;80;1;2; ; ; ;2; ;2; ;2; ;.; ; ;1;07;73;228,294873425359;73
3251350;1;1;1;80;1;1;4;7; ;3; ;2; ; ; ; ;4;2;1;07;73;222,199765670232;73
3251350;1;2;1;80;1;1;4;3; ;2; ;2; ; ; ; ;9;2;1;07;73;222,199765670232;73
3251350;1;5;1;80;1;2; ; ; ; ; ;2; ;2; ;.; ; ;1;07;73;222,199765670232;73
3251354;1;2;1;80;1;1;3;5; ;3; ;2; ; ; ; ;10;2;1;07;73;248,759873247587;73
3251354;1;4;1;80;1;2; ; ; ;2; ;2; ;2; ;.; ; ;1;07;73;248,759873247587;73
3251355;1;2;1;80;1;1;4;3; ;2; ;2; ; ; ; ;9;2;1;07;73;302,955224543377;73
3251356;1;1;1;80;1;1;4;6; ;2; ;2; ; ; ; ;8;2;1;07;73;194,756675375741;73
3251356;1;2;1;80;1;1;1;8; ;2; ;2; ; ; ; ;1;2;1;07;73;194,756675375741;73
3251357;1;2;1;80;1;1;4;9;NO TUVO MAS NECESIDAD;2; ;2; ; ; ; ;8;2;1;07;73;238,780431795212;73
3251358;1;2;1;80;1;1;3;4; ;2; ;2; ; ; ; ;4;2;1;07;73;260,043449587906;73
3251359;1;2;1;80;1;1;4;4; ;2; ;2; ; ; ; ;8;2;1;07;73;285,614660110445;73
3251359;1;4;1;80;1;2; ; ; ; ; ;2; ;2; ;.; ; ;1;07;73;285,614660110445;73
3251361;1;3;1;80;1;2; ; ; ;2; ;2; ;2; ;.; ; ;1;07;73;293,581647637523;73
3251365;1;2;1;80;1;2; ; ; ; ; ;2; ;2; ;.; ; ;1;07;73;259,408582799971;73
3251368;1;3;1;80;1;2; ; ; ;2; ;2; ;2; ;.; ; ;1;07;73;153,247771448606;73
3251368;1;4;1;80;1;1;4;5; ;3; ;2; ; ; ; ;8;2;1;07;73;153,247771448606;73
3251369;1;1;1;80;1;1;4;5; ;3; ;2; ; ; ; ;10;2;1;07;73;225,264520203832;73
3251369;1;2;1;80;1;2; ; ; ;2; ;2; ;2; ;.; ; ;1;07;73;225,264520203832;73
3251370;1;2;1;80;1;2; ; ; ;2; ;1;15000;2; ;.; ; ;1;07;73;193,958657405276;73
3251370;1;3;1;80;1;1;4;7; ;2; ;2; ; ; ; ;8;2;1;07;73;193,958657405276;73
3251373;1;1;1;80;1;1;4;3; ;2; ;2; ; ; ; ;9;2;1;07;73;293,585365987962;73
3251375;1;1;1;80;1;1;4;3; ;2; ;2; ; ; ; ;9;2;1;07;27;20,9929105947231;27
3251377;1;2;1;80;1;2; ; ; ;2; ;2; ;2; ;.; ; ;1;07;27;20,9929105947231;27
3251377;1;3;1;80;1;2; ; ; ;2; ;2; ;2; ;.; ; ;1;07;27;20,9929105947231;27
3251377;1;4;1;80;1;2; ; ; ;2; ;2; ;2; ;.; ; ;1;07;27;20,9929105947231;27
3251377;1;5;1;80;1;2; ; ; ; ; ;2; ;2; ;.; ; ;1;07;27;20,9929105947231;27
3251377;1;8;1;80;1;2; ; ; ;2; ;2; ;2; ;.; ; ;1;07;27;20,9929105947231;27
3251378;1;1;1;80;1;1;4;4; ;2; ;2; ; ; ; ;4;2;1;07;27;20,9929105947231;27
3251379;1;5;1;80;1;2; ; ; ;2; ;2; ;2; ;.; ; ;1;07;27;104,964552973615;27
3251379;1;6;1;80;1;2; ; ; ; ; ;2; ;2; ;.; ; ;1;07;27;104,964552973615;27
3251380;1;1;1;80;1;1;4;4; ;2; ;2; ; ; ; ;4;2;1;07;27;104,964552973615;27
3251380;1;3;1;80;1;1;2;8; ;2; ;2; ; ; ; ;9;2;1;07;27;104,964552973615;27
3251381;1;2;1;80;1;2; ; ; ; ; ;2; ;2; ;.; ; ;1;07;27;47,2680640968669;27
3251381;1;4;1;80;1;1;1;4; ;2; ;2; ; ; ; ;4;2;1;07;27;47,2680640968669;27
3251382;1;3;1;80;1;1;2;8; ;2; ;2; ; ; ; ;2;2;1;07;27;20,9929105947231;27
3251382;1;4;1;80;1;2; ; ; ; ; ;2; ;2; ;.; ; ;1;07;27;20,9929105947231;27
3251384;1;1;1;80;1;1;2;6; ;3; ;2; ; ; ;TIENE LA BUSETA VARADA;12;2;1;07;47;173,361002344921;47
3251384;1;2;1;80;1;1;4;4; ;2; ;2; ; ; ; ;4;2;1;07;47;173,361002344921;47
3251384;1;3;1;80;1;2; ; ; ;2; ;2; ;2; ;.; ; ;1;07;47;173,361002344921;47
3251386;1;3;1;80;1;1;2;8; ;2; ;2; ; ; ; ;2;2;1;07;47;191,764674460531;47
3251386;1;4;1;80;1;2; ; ; ; ; ;2; ;2; ;.; ; ;1;07;47;191,764674460531;47
3251387;1;1;1;80;1;1;4;3; ;2; ;2; ; ; ; ;9;2;1;07;47;238,665407198622;47
3251387;1;4;1;80;1;2; ; ; ;2; ;2; ;2; ;.; ; ;1;07;47;238,665407198622;47
3251387;1;5;1;80;1;2; ; ; ;2; ;2; ;2; ;.; ; ;1;07;47;238,665407198622;47
3251388;1;1;1;80;1;1;4;3; ;2; ;2; ; ; ; ;8;2;1;07;47;128,653450678785;47
3251389;1;2;1;80;1;1;4;8; ;2; ;2; ; ; ; ;9;2;1;07;47;132,346317615579;47
3251389;1;3;1;80;1;2; ; ; ; ; ;2; ;2; ;.; ; ;1;07;47;132,346317615579;47
3251389;1;5;1;80;1;2; ; ; ;2; ;2; ;2; ;.; ; ;1;07;47;132,346317615579;47
3251390;1;1;1;80;1;1;4;5; ;3; ;2; ; ; ; ;10;2;1;07;47;128,653450678785;47
3251391;1;1;1;80;1;1;4;5; ;3; ;2; ; ; ; ;10;2;1;07;47;163,997650724229;47
3251391;1;2;1;80;1;2; ; ; ;2; ;2; ;2; ;.; ; ;1;07;47;163,997650724229;47
3251392;1;1;1;80;1;1;1;4; ;2; ;2; ; ; ; ;4;2;1;07;47;137,080425257051;47
3251392;1;2;1;80;1;1;4;4; ;2; ;2; ; ; ; ;4;2;1;07;47;137,080425257051;47
3251393;1;1;1;80;1;1;3;3; ;2; ;2; ; ; ; ;9;2;1;07;47;111,059763567451;47
3251393;1;2;1;80;1;2; ; ; ;2; ;2; ;2; ;.; ; ;1;07;47;111,059763567451;47
3251395;1;2;1;80;1;2; ; ; ;2; ;2; ;2; ;.; ; ;1;07;47;133,510570423318;47
3251395;1;3;1;80;1;2; ; ; ;2; ;2; ;2; ;.; ; ;1;07;47;133,510570423318;47
3251397;1;3;1;80;1;1;4;4; ;2; ;2; ; ; ; ;4;2;1;07;47;99,2285896010374;47
3251398;1;1;1;80;1;1;4;5; ;3; ;2; ; ; ; ;10;2;1;07;47;87,4483495145594;47
3251398;1;3;1;80;1;2; ; ; ;2; ;2; ;2; ;.; ; ;1;07;47;87,4483495145594;47
3251399;1;1;1;80;1;1;1;6; ;2; ;2; ; ; ; ;8;2;1;07;47;175,715260620553;47
3251400;1;2;1;80;1;2; ; ; ;2; ;2; ;2; ;.; ; ;1;07;47;162,051145834136;47
3251401;1;2;1;80;1;2; ; ; ;2; ;2; ;2; ;.; ; ;1;07;47;204,610227655514;47
3251402;1;1;1;80;1;1;1;6; ;2; ;2; ; ; ; ;1;2;1;07;18;62,8712247608561;18
3251402;1;3;1;80;1;2; ; ; ;2; ;2; ;2; ;.; ; ;1;07;18;62,8712247608561;18
3251402;1;4;1;80;1;2; ; ; ; ; ;2; ;2; ;.; ; ;1;07;18;62,8712247608561;18
3251403;1;3;1;80;1;2; ; ; ;2; ;2; ;2; ;.; ; ;1;07;18;55,3534898858787;18
3251404;1;2;1;80;1;2; ; ; ;2; ;2; ;2; ;.; ; ;1;07;18;52,184650963531;18
3251405;1;1;1;80;1;1;3;6; ;2; ;2; ; ; ; ;6;2;1;07;18;49,4756416037283;18
3251406;1;3;1;80;1;2; ; ; ; ; ;2; ;2; ;.; ; ;1;07;18;54,5713423297937;18
3251406;1;4;1;80;1;2; ; ; ;2; ;2; ;2; ;.; ; ;1;07;18;54,5713423297937;18
3251407;1;2;1;80;1;1;1;4; ;2; ;2; ; ; ; ;4;2;1;07;18;69,700192266559;18
3251407;1;5;1;80;1;2; ; ; ; ; ;2; ;2; ;.; ; ;1;07;18;69,700192266559;18
3251408;1;1;1;80;1;2; ; ; ;2; ;2; ;2; ;.; ; ;1;07;18;61,6695843035342;18
3251408;1;2;1;80;1;1;2;2; ;2; ;2; ; ; ; ;2;2;1;07;18;61,6695843035342;18
3251408;1;4;1;80;1;2; ; ; ;2; ;2; ;2; ;.; ; ;1;07;18;61,6695843035342;18
3251409;1;2;1;80;1;1;4;8; ;2; ;2; ; ;3; ;9;1;1;07;18;64,8589563144325;18
3251412;1;1;1;80;1;1;4;4; ;2; ;2; ; ; ; ;8;2;1;07;18;69,2873693596924;18
3251412;1;2;1;80;1;2; ; ; ;2; ;2; ;2; ;.; ; ;1;07;18;69,2873693596924;18
3251412;1;3;1;80;1;2; ; ; ;2; ;2; ;2; ;.; ; ;1;07;18;69,2873693596924;18
3251412;1;4;1;80;1;2; ; ; ;2; ;2; ;2; ;.; ; ;1;07;18;69,2873693596924;18
3251412;1;5;1;80;1;2; ; ; ;2; ;2; ;2; ;.; ; ;1;07;18;69,2873693596924;18
3251412;1;6;1;80;1;2; ; ; ; ; ;2; ;2; ;.; ; ;1;07;18;69,2873693596924;18
3251413;1;1;1;80;1;1;4;7; ;2; ;2; ; ;4; ;9;1;1;07;18;60,948306497308;18
3251413;1;2;1;80;1;2; ; ; ;2; ;2; ;2; ;.; ; ;1;07;18;60,948306497308;18
3251415;1;2;1;80;1;1;4;3; ;2; ;2; ; ; ; ;9;2;1;07;18;129,717912628865;18
3251416;1;3;1;80;1;2; ; ; ; ; ;2; ;2; ;.; ; ;1;07;18;177,051127815636;18
3251416;1;4;1;80;1;2; ; ; ; ; ;2; ;2; ;.; ; ;1;07;18;177,051127815636;18
3251417;1;6;1;80;1;2; ; ; ; ; ;2; ;2; ;.; ; ;1;07;18;81,9550047162236;18
3251418;1;3;1;80;1;2; ; ; ;2; ;2; ;2; ;.; ; ;1;07;18;82,1200328435216;18
3251418;1;4;1;80;1;2; ; ; ;2; ;2; ;2; ;.; ; ;1;07;18;82,1200328435216;18
3251419;1;4;1;80;1;2; ; ; ; ; ;2; ;2; ;.; ; ;1;07;18;50,1969194099546;18
3251420;1;1;1;80;1;1;4;5; ;3; ;2; ; ; ; ;10;2;1;07;18;57,6211094420326;18
3251421;1;2;1;80;1;1;2;4; ;2; ;2; ; ; ; ;4;2;1;07;18;38,7863085905676;18
3251421;1;4;1;80;1;2; ; ; ; ; ;2; ;2; ;.; ; ;1;07;18;38,7863085905676;18
3251422;1;2;1;80;1;2; ; ; ;2; ;2; ;2; ;.; ; ;1;07;18;66,5559767008238;18
3251422;1;5;1;80;1;2; ; ; ;2; ;2; ;2; ;.; ; ;1;07;18;66,5559767008238;18
3251422;1;6;1;80;1;2; ; ; ; ; ;2; ;2; ;.; ; ;1;07;18;66,5559767008238;18
3251424;1;1;1;80;1;2; ; ; ;2; ;2; ;2; ;.; ; ;1;07;18;73,8189660881253;18
3251427;1;2;1;80;1;1;3;4; ;2; ;2; ; ; ; ;4;2;1;07;18;86,7986864088138;18
3251428;1;1;1;80;1;1;1;3; ;2; ;2; ; ; ; ;9;2;1;07;18;68,5009975497008;18
3251428;1;2;1;80;1;1;3;4; ;2; ;2; ; ; ; ;4;2;1;07;18;68,5009975497008;18
3251429;1;2;1;80;1;2; ; ; ;2; ;2; ;1;2; ;7; ;1;07;18;76,6370361777991;18
3251429;1;4;1;80;1;1;4;4; ;2; ;2; ; ; ; ;4;2;1;07;18;76,6370361777991;18
3251429;1;5;1;80;1;1;2;7; ;2; ;2; ; ; ; ;8;2;1;07;18;76,6370361777991;18
3251430;1;1;1;80;1;1;4;4; ;2; ;2; ; ; ; ;4;2;1;07;18;72,5170780318988;18
3251430;1;4;1;80;1;1;4;3; ;2; ;2; ; ; ; ;9;2;1;07;18;72,5170780318988;18
3251431;1;5;1;80;1;2; ; ; ;2; ;2; ;2; ;.; ; ;1;07;18;98,6872141388327;18
3251433;1;2;1;80;1;2; ; ; ;2; ;2; ;2; ;.; ; ;1;07;18;55,0990251119398;18
3251433;1;3;1;80;1;2; ; ; ; ; ;2; ;2; ;.; ; ;1;07;18;55,0990251119398;18
3251434;1;1;1;80;1;1;4;3; ;2; ;2; ; ; ; ;9;2;1;07;15;103,367706091043;15
3251436;1;1;1;80;1;2; ; ; ;2; ;2; ;2; ;.; ; ;1;07;15;103,367706091043;15
3251437;1;1;1;80;1;2; ; ; ;2; ;2; ;2; ;.; ; ;1;07;15;71,6894901987328;15
3251437;1;2;1;80;1;2; ; ; ;2; ;2; ;2; ;.; ; ;1;07;15;71,6894901987328;15
3251439;1;2;1;80;1;2; ; ; ;2; ;2; ;2; ;.; ; ;1;07;15;81,3563876644365;15
3251440;1;2;1;80;1;2; ; ; ;2; ;2; ;2; ;.; ; ;1;07;15;46,8504043126698;15
3251440;1;3;1;80;1;2; ; ; ;2; ;2; ;2; ;.; ; ;1;07;15;46,8504043126698;15
3251440;1;4;1;80;1;2; ; ; ;2; ;2; ;2; ;.; ; ;1;07;15;46,8504043126698;15
3251441;1;2;1;80;1;1;4;7; ;2; ;2; ; ; ; ;9;2;1;07;15;94,3786238068172;15
3251443;1;1;1;80;1;1;3;1; ;2; ;2; ; ; ; ;8;2;1;07;15;46,8504043126698;15
3251443;1;4;1;80;1;2; ; ; ;2; ;2; ;2; ;.; ; ;1;07;15;46,8504043126698;15
3251443;1;6;1;80;1;1;1;3; ;2; ;2; ; ; ; ;9;2;1;07;15;46,8504043126698;15
3251444;1;1;1;80;1;1;1;8; ;2; ;2; ; ; ; ;2;2;1;07;15;82,8832147222301;15
3251444;1;2;1;80;1;2; ; ; ;2; ;2; ;2; ;.; ; ;1;07;15;82,8832147222301;15
3251445;1;2;1;80;1;2; ; ; ;2; ;2; ;2; ;.; ; ;1;07;15;107,676920138516;15
3251448;1;3;1;80;1;1;1;2; ;2; ;2; ; ; ; ;2;2;1;07;15;64,5649542035333;15
3251449;1;1;1;80;1;1;4;3; ;2; ;2; ; ; ; ;9;2;1;07;15;90,0402473544256;15
3251450;1;2;1;80;1;1;1;3; ;2; ;2; ; ; ; ;9;2;1;07;15;105,387719152733;15
3251451;1;2;1;80;1;2; ; ; ; ; ;2; ;2; ;.; ; ;1;07;15;81,005214948436;15
3251452;1;3;1;80;1;2; ; ; ;2; ;2; ;2; ;.; ; ;1;07;15;98,5255771241409;15
3251453;1;2;1;80;1;1;4;3; ;2; ;2; ; ; ; ;9;2;1;07;63;135,909636784228;63
3251454;1;1;1;80;1;1;4;5; ;3; ;2; ; ; ; ;10;2;1;07;63;119,059586241602;63
3251454;1;3;1;80;1;2; ; ; ;2; ;2; ;2; ;.; ; ;1;07;63;119,059586241602;63
3251455;1;3;1;80;1;2; ; ; ;2; ;2; ;2; ;.; ; ;1;07;63;107,00879516471;63
3251456;1;2;1;80;1;2; ; ; ;2; ;2; ;2; ;.; ; ;1;07;63;164,614769675934;63
3251456;1;3;1;80;1;2; ; ; ;2; ;2; ;2; ;.; ; ;1;07;63;164,614769675934;63
3251458;1;1;1;80;1;2; ; ; ;2; ;2; ;1;4; ;9; ;1;07;63;150,971809851939;63
3251459;1;1;1;80;1;1;4;8; ;2; ;2; ; ; ; ;1;2;1;07;63;168,98344585264;63
3251459;1;2;1;80;1;1;3;5; ;3; ;2; ; ; ; ;10;2;1;07;63;168,98344585264;63
3251460;1;3;1;80;1;2; ; ; ;2; ;2; ;2; ;.; ; ;1;07;63;99,9854368556395;63
3251461;1;5;1;80;1;2; ; ; ; ; ;2; ;2; ;.; ; ;1;07;63;175,949370264028;63
3251462;1;2;1;80;1;2; ; ; ;2; ;2; ;2; ;.; ; ;1;07;63;146,29396767972;63
3251462;1;4;1;80;1;2; ; ; ;2; ;2; ;2; ;.; ; ;1;07;63;146,29396767972;63
3251463;1;1;1;80;1;1;3;4; ;2; ;2; ; ; ; ;4;2;1;07;63;135,861138992977;63
3251463;1;2;1;80;1;2; ; ; ;2; ;2; ;2; ;.; ; ;1;07;63;135,861138992977;63
3251464;1;1;1;80;1;1;4;3; ;2; ;2; ; ; ; ;9;2;1;07;63;78,4387382345467;63
3251465;1;3;1;80;1;2; ; ; ;2; ;2; ;2; ;.; ; ;1;07;63;140,428874527059;63
3251467;1;3;1;80;1;1;1;8; ;2; ;2; ; ; ; ;2;2;1;07;63;145,156600835165;63
3251467;1;4;1;80;1;2; ; ; ; ; ;2; ;2; ;.; ; ;1;07;63;145,156600835165;63
3251468;1;2;1;80;1;1;1;4; ;2; ;2; ; ; ; ;4;2;1;07;63;164,383245744282;63
3251468;1;3;1;80;1;2; ; ; ; ; ;2; ;2; ;.; ; ;1;07;63;164,383245744282;63
3251470;1;1;1;80;1;1;4;5; ;3; ;2; ; ;1; ;9;1;1;07;63;128,35504808379;63
3251470;1;2;1;80;1;1;4;8; ;2; ;2; ; ; ; ;9;2;1;07;63;128,35504808379;63
3251470;1;4;1;80;1;1;1;3; ;2; ;2; ; ; ; ;9;2;1;07;63;128,35504808379;63
3251471;1;2;1;80;1;2; ; ; ;2; ;2; ;1;1; ;2; ;1;07;63;149,805298734774;63
3251471;1;4;1;80;1;2; ; ; ; ; ;2; ;2; ;.; ; ;1;07;63;149,805298734774;63
3251472;1;2;1;80;1;1;2;3; ;2; ;2; ; ; ; ;9;2;1;07;63;149,550942534239;63
3251473;1;2;1;80;1;2; ; ; ;2; ;2; ;2; ;.; ; ;1;07;63;119,671338499554;63
3251473;1;5;1;80;1;2; ; ; ; ; ;2; ;2; ;.; ; ;1;07;63;119,671338499554;63
3251474;1;2;1;80;1;1;4;8; ;2; ;2; ; ; ; ;8;2;1;07;63;131,13341268487;63
3251475;1;5;1;80;1;1;3;8; ;2; ;2; ; ; ; ;9;2;1;07;63;150,971809851939;63
3251479;1;2;1;80;1;1;4;3; ;2; ;2; ; ; ; ;9;2;1;07;63;128,35504808379;63
3251479;1;4;1;80;1;2; ; ; ; ; ;2; ;2; ;.; ; ;1;07;63;128,35504808379;63
3251480;1;2;1;80;1;2; ; ; ;2; ;2; ;2; ;.; ; ;1;07;63;131,13341268487;63
3251483;1;2;1;80;1;1;3;3; ;2; ;2; ; ; ; ;9;2;1;07;63;112,036227932532;63
3251485;1;2;1;80;1;1;4;3; ;2; ;2; ; ;3; ;9;1;1;07;63;112,036227932532;63
3251487;1;1;1;80;1;1;1;8; ;3; ;2; ; ; ; ;8;2;1;07;63;147,92934963148;63
3251488;1;1;1;80;1;2; ; ; ;2; ;2; ;1;4; ;8; ;1;07;63;126,405686376764;63
3251489;1;2;1;80;1;1;3;7; ;2; ;2; ; ; ; ;9;2;1;07;63;128,35504808379;63
3251489;1;3;1;80;1;2; ; ; ; ; ;2; ;2; ;.; ; ;1;07;63;128,35504808379;63
3251489;1;4;1;80;1;2; ; ; ; ; ;2; ;2; ;.; ; ;1;07;63;128,35504808379;63
3251490;1;2;1;80;1;1;4;8; ;2; ;2; ; ;4; ;9;1;1;07;63;135,909636784228;63
3251506;1;1;1;80;1;1;4;3; ;2; ;2; ; ; ; ;9;2;1;07;44;80,4714083465456;44
3251506;1;2;1;80;1;2; ; ; ; ; ;2; ;2; ;.; ; ;1;07;44;80,4714083465456;44
3251507;1;3;1;80;1;1;1;2; ;2; ;2; ; ; ; ;2;2;1;07;44;40,243014238334;44
3251507;1;4;1;80;1;2; ; ; ;2; ;2; ;2; ;.; ; ;1;07;44;40,243014238334;44
3251508;1;2;1;80;1;2; ; ; ;2; ;2; ;2; ;.; ; ;1;07;44;73,6527270156057;44
3251510;1;4;1;80;1;1;1;9;POR EMBARAZO;2; ;2; ; ; ;POR EMBARAZO;12;2;1;07;70;108,050399057556;70
3251511;1;1;1;80;1;1;1;8; ;2; ;1;250000; ; ; ;9;2;1;07;70;81,2269552740842;70
3251512;1;3;1;80;1;2; ; ; ; ; ;2; ;2; ;.; ; ;1;07;70;95,0075983807786;70
3251519;1;2;1;80;1;1;3;7; ;2; ;2; ; ; ; ;2;2;1;07;70;113,215723561555;70
3251521;1;2;1;80;1;2; ; ; ; ; ;2; ;2; ;.; ; ;1;07;70;80,6157816219647;70
3251521;1;4;1;80;1;1;2;7; ;2; ;2; ; ; ; ;8;2;1;07;70;80,6157816219647;70
3251523;1;2;1;80;1;2; ; ; ;2; ;2; ;2; ;.; ; ;1;07;76;837,886723760601;76
3251524;1;2;1;80;1;1;1;8; ;2; ;2; ; ;1; ;6;1;1;07;76;907,883818216904;76
3251525;1;2;1;80;1;1;4;3; ;2; ;2; ; ; ; ;9;2;1;07;76;927,973171389111;76
3251526;1;2;1;80;1;2; ; ; ;2; ;2; ;2; ;.; ; ;1;07;76;911,659294979858;76
3251528;1;7;1;80;1;2; ; ; ; ; ;2; ;2; ;.; ; ;1;07;63;242,495279885199;63
3251530;1;2;1;80;1;1;2;2; ; ; ;2; ; ; ; ;2;2;1;07;63;136,013634516131;63
3251532;1;1;1;80;1;1;1;4; ;2; ;2; ; ; ; ;4;2;1;07;63;154,879295336818;63
3251533;1;2;1;80;1;1;1;2; ;2; ;2; ; ; ; ;2;2;1;07;63;157,359887435212;63
3251534;1;2;1;80;1;1;1;9;CAMBIO DE RESIDENCIA;2; ;1;40000; ; ; ;9;2;1;07;63;150,201453164599;63
3251537;1;1;1;80;1;1;4;5; ;3; ;2; ; ; ; ;10;2;1;07;63;102,263649294992;63
3251537;1;2;1;80;1;1;4;7; ;3; ;2; ; ; ; ;6;2;1;07;63;102,263649294992;63
3251540;1;3;1;80;1;2; ; ; ; ; ;2; ;2; ;.; ; ;1;07;63;131,716020670213;63
3251541;1;2;1;80;1;1;1;8; ;2; ;1;60000; ; ; ;2;2;1;07;63;135,782110584479;63
3251545;1;3;1;80;1;2; ; ; ;2; ;2; ;2; ;.; ; ;1;07;63;147,533195201656;63
3251546;1;3;1;80;1;2; ; ; ;2; ;2; ;2; ;.; ; ;1;07;63;99,8814391237363;63
3251548;1;2;1;80;1;1;4;3; ;2; ;2; ; ; ; ;9;2;1;07;63;131,13341268487;63
3251549;1;3;1;80;1;2; ; ; ; ; ;2; ;2; ;.; ; ;1;07;63;99,8814391237363;63
3251553;1;2;1;80;1;1;1;2; ;2; ;2; ; ; ; ;2;2;1;07;63;177,746666825913;63
3251557;1;1;1;80;1;1;4;8; ;2; ;2; ; ; ; ;9;2;1;07;63;107,308501624425;63
3251558;1;2;1;80;1;2; ; ; ;2; ;2; ;1;4; ;4; ;1;07;63;131,13341268487;63
3251559;1;1;1;80;1;1;1;8; ;2; ;2; ; ; ; ;2;2;1;07;63;167,640220598801;63
3251559;1;3;1;80;1;2; ; ; ; ; ;2; ;2; ;.; ; ;1;07;63;167,640220598801;63
3251560;1;1;1;80;1;1;4;8; ;2; ;2; ; ; ; ;8;2;1;07;63;126,405686376764;63
3251561;1;2;1;80;1;2; ; ; ;2; ;2; ;2; ;.; ; ;1;07;63;118,978623876075;63
3251562;1;1;1;80;1;1;4;5; ;3; ;2; ; ; ; ;4;2;1;07;63;112,036227932532;63
3251562;1;2;1;80;1;1;4;3; ;2; ;2; ; ; ; ;9;2;1;07;63;112,036227932532;63
3251570;1;1;1;80;1;1;4;4; ;2; ;2; ; ; ; ;11;2;1;07;76;983,421949536192;76
3251573;1;1;1;80;1;1;3;3; ;1;4;2; ; ; ; ;4;2;1;07;76;994,393068434809;76
3251574;1;3;1;80;1;2; ; ; ;2; ;2; ;2; ;.; ; ;1;07;76;766,903450371243;76
3251578;1;1;1;80;1;1;4;7; ;2; ;2; ; ; ; ;9;2;1;07;76;983,421949536192;76
3251582;1;1;1;80;1;1;3;6; ;3; ;2; ; ; ; ;8;2;1;07;76;983,421949536192;76
3251586;1;1;1;80;1;1;4;4; ;2; ;2; ; ; ; ;4;2;1;07;66;269,488146504056;66
3251588;1;1;1;80;1;1;2;3; ;2; ;2; ; ; ; ;9;2;1;07;66;346,229049367064;66
3251588;1;4;1;80;1;2; ; ; ;2; ;2; ;2; ;.; ; ;1;07;66;346,229049367064;66
3251589;1;2;1;80;1;2; ; ; ;2; ;2; ;2; ;.; ; ;1;07;66;288,715923719178;66
3251590;1;1;1;80;1;1;4;5; ;3; ;2; ; ; ; ;10;2;1;07;66;259,3962177551;66
3251590;1;2;1;80;1;2; ; ; ;2; ;2; ;2; ;.; ; ;1;07;66;259,3962177551;66
3251591;1;1;1;80;1;1;1;8; ;2; ;2; ; ;1; ;1;1;1;07;66;320,347904327671;66
3251592;1;1;1;80;1;1;3;3; ;2; ;2; ; ; ; ;9;2;1;07;66;303,345758692114;66
3251592;1;3;1;80;1;2; ; ; ; ; ;2; ;2; ;.; ; ;1;07;66;303,345758692114;66
3251594;1;2;1;80;1;1;3;4; ;2; ;2; ; ; ; ;4;2;1;07;66;216,51292708015;66
3251595;1;1;1;80;1;1;4;5; ;3; ;2; ; ; ; ;10;2;1;07;66;276,455486769799;66
3251595;1;2;1;80;1;1;4;3; ;2; ;2; ; ; ; ;9;2;1;07;66;276,455486769799;66
3251598;1;1;1;80;1;2; ; ; ;2; ;2; ;2; ;.; ; ;1;07;66;220,796896880864;66
3251598;1;2;1;80;1;2; ; ; ;2; ;2; ;2; ;.; ; ;1;07;66;220,796896880864;66
3251599;1;1;1;80;1;1;4;4; ;2; ;2; ; ; ; ;4;2;1;07;66;284,07248359776;66
3251599;1;5;1;80;1;2; ; ; ; ; ;2; ;2; ;.; ; ;1;07;66;284,07248359776;66
3251600;1;2;1;80;1;2; ; ; ;2; ;2; ;2; ;.; ; ;1;07;66;288,715923719178;66
3251601;1;1;1;80;1;1;4;5; ;3; ;2; ; ; ; ;10;2;1;07;66;212,820429732199;66
3251601;1;2;1;80;1;1;4;5; ;3; ;2; ; ; ; ;10;2;1;07;66;212,820429732199;66
3251601;1;3;1;80;1;1;4;1; ;2; ;2; ; ; ; ;1;2;1;07;66;212,820429732199;66
3251602;1;2;1;80;1;1;4;3; ;2; ;2; ; ; ; ;9;2;1;07;66;345,024170170331;66
3251603;1;1;1;80;1;1;2;4; ;2; ;2; ; ; ; ;4;2;1;07;68;482,937749575124;68
3251604;1;1;1;80;1;1;4;5; ;3; ;2; ; ; ; ;8;2;1;07;68;1006,81475883298;68
3251605;1;1;1;80;1;1;3;5; ;3; ;2; ; ; ; ;10;2;1;07;68;906,949331522811;68
3251605;1;2;1;80;1;1;3;4; ;3; ;2; ; ; ; ;10;2;1;07;68;906,949331522811;68
3251605;1;3;1;80;1;2; ; ; ;2; ;2; ;2; ;.; ; ;1;07;68;906,949331522811;68
3251606;1;2;1;80;1;1;3;7; ;3; ;2; ; ; ; ;8;2;1;07;68;905,279728112872;68
3251606;1;3;1;80;1;1;4;3; ;2; ;2; ; ; ; ;9;2;1;07;68;905,279728112872;68
3251608;1;1;1;80;1;1;4;4; ;2; ;2; ; ; ; ;8;2;1;07;68;1006,81475883298;68
3251608;1;2;1;80;1;1;4;3; ;3; ;2; ; ; ; ;9;2;1;07;68;1006,81475883298;68
3251609;1;3;1;80;1;2; ; ; ; ; ;2; ;2; ;.; ; ;1;07;68;1038,20716905511;68
3251610;1;2;1;80;1;1;3;6; ;2; ;2; ; ;2; ;5;1;1;07;68;597,964521993013;68
3251611;1;1;1;80;1;1;4;9;POR CANSANCIO;2; ;2; ; ; ; ;9;2;1;07;68;407,547958169187;68
3251611;1;2;1;80;1;2; ; ; ;2; ;2; ;2; ;.; ; ;1;07;68;407,547958169187;68
3251611;2;3;2;80;1;1;1;8; ;2; ;2; ; ; ; ;2;2;1;07;68;407,547958169187;68
3251612;1;3;1;80;1;2; ; ; ; ; ;2; ;2; ;.; ; ;1;07;68;519,103584527553;68
3251614;1;1;1;80;1;1;4;5; ;3; ;2; ; ; ; ;10;2;1;07;68;433,005035920038;68
3251614;1;2;1;80;1;2; ; ; ;2; ;2; ;2; ;.; ; ;1;07;68;433,005035920038;68
3251616;1;1;1;80;1;1;4;4; ;3; ;2; ; ; ; ;4;2;1;07;68;377,555534562369;68
3251616;1;2;1;80;1;1;4;8; ;2; ;2; ; ; ; ;9;2;1;07;68;377,555534562369;68
3251620;1;2;1;80;1;1;4;3; ;2; ;2; ; ; ; ;9;2;1;07;19;89,0692268149663;19
3251620;1;3;1;80;1;2; ; ; ;2; ;2; ;2; ;.; ; ;1;07;19;89,0692268149663;19
3251620;1;4;1;80;1;2; ; ; ; ; ;2; ;2; ;.; ; ;1;07;19;89,0692268149663;19
3251621;1;1;1;80;1;2; ; ; ;2; ;2; ;2; ;.; ; ;1;07;19;98,3449946143675;19
3251623;1;2;1;80;1;1;3;3; ;2; ;1;50000; ; ; ;9;2;1;07;19;102,92688730697;19
3251623;1;3;1;80;1;2; ; ; ;2; ;2; ;2; ;.; ; ;1;07;19;102,92688730697;19
3251624;1;1;1;80;1;1;4;8; ;2; ;2; ; ; ; ;8;2;1;07;19;93,9321485913304;19
3251624;1;2;1;80;1;1;4;4; ;2; ;2; ; ; ; ;4;2;1;07;19;93,9321485913304;19
3251625;1;1;1;80;1;1;4;8; ;2; ;2; ; ; ; ;9;2;1;07;19;92,0944033274567;19
3251626;1;1;1;80;1;2; ; ; ;2; ;2; ;2; ;.; ; ;1;07;19;89,8971949948073;19
3251628;1;1;1;80;1;1;4;5; ;3; ;2; ; ; ; ;11;2;1;07;19;83,3130352724219;19
3251632;1;1;1;80;1;1;4;5; ;3; ;2; ; ; ; ;10;2;1;07;19;50,3783727687855;19
3251632;1;2;1;80;1;1;4;5; ;3; ;2; ; ; ; ;10;2;1;07;19;50,3783727687855;19
3251632;1;4;1;80;1;1;1;8; ;2; ;2; ; ; ; ;2;2;1;07;19;50,3783727687855;19
3251632;1;5;1;80;1;2; ; ; ;2; ;2; ;2; ;.; ; ;1;07;19;50,3783727687855;19
3251637;1;1;1;80;1;1;4;5; ;3; ;2; ; ; ; ;10;2;1;07;08;602,81207610167;08
3251637;1;2;1;80;1;1;4;3; ;2; ;2; ; ; ; ;9;2;1;07;08;602,81207610167;08
3251642;1;2;1;80;1;2; ; ; ;2; ;2; ;2; ;.; ; ;1;07;08;490,635859603389;08
3251642;1;3;1;80;1;2; ; ; ;2; ;2; ;2; ;.; ; ;1;07;08;490,635859603389;08
3251643;1;2;1;80;1;1;4;3; ;2; ;2; ; ; ; ;9;2;1;07;08;615,855169667214;08
3251644;1;2;1;80;1;1;2;2; ;2; ;2; ; ; ; ;2;2;1;07;08;661,526586620761;08
3251646;1;1;1;80;1;1;4;4; ;2; ;2; ; ; ; ;4;2;1;07;08;525,156224931807;08
3251646;1;2;1;80;1;2; ; ; ;2; ;2; ;2; ;.; ; ;1;07;08;525,156224931807;08
3251647;1;1;1;80;1;1;4;5; ;3; ;2; ; ; ; ;10;2;1;07;08;579,049893974406;08
3251647;1;2;1;80;1;2; ; ; ;2; ;2; ;2; ;.; ; ;1;07;08;579,049893974406;08
3251650;1;2;1;80;1;2; ; ; ;2; ;2; ;2; ;.; ; ;1;07;08;639,473007774148;08
3251652;1;1;1;80;1;2; ; ; ;2; ;2; ;2; ;.; ; ;1;07;08;441,33695308215;08
3251652;1;2;1;80;1;2; ; ; ;2; ;2; ;2; ;.; ; ;1;07;08;441,33695308215;08
3251652;1;3;1;80;1;1;4;9;EDAD;2; ;2; ; ; ; ;8;2;1;07;08;441,33695308215;08
3251657;1;2;1;80;1;1;3;3; ;2; ;2; ; ; ; ;9;2;1;07;08;715,42025566336;08
3251660;1;1;1;80;1;1;1;2; ;2; ;2; ; ; ; ;2;2;1;07;52;166,875959859162;52
3251661;1;2;1;80;1;1;1;2; ;2; ;2; ; ; ; ;2;2;1;07;52;150,185146550275;52
3251665;1;1;1;80;1;1;4;4; ;2; ;2; ; ; ; ;4;2;1;07;52;111,428727236735;52
3251666;1;1;1;80;1;1;4;4; ;3; ;2; ; ; ; ;10;2;1;07;52;117,250662432409;52
3251666;1;2;1;80;1;1;4;7; ;2; ;2; ; ; ; ;8;2;1;07;52;117,250662432409;52
3251668;1;1;1;80;1;2; ; ; ;2; ;2; ;2; ;.; ; ;1;07;52;166,875959859162;52
3251672;1;2;1;80;1;1;4;4; ;2; ;2; ; ; ; ;4;2;1;07;52;120,050066721007;52
3251673;1;2;1;80;1;1;4;3; ;2; ;2; ; ;2; ;8;1;1;07;52;205,035472321776;52
3251673;1;3;1;80;1;2; ; ; ; ; ;2; ;2; ;.; ; ;1;07;52;205,035472321776;52
3251674;1;1;1;80;1;1;4;4; ;2; ;2; ; ; ; ;4;2;1;07;52;149,155918370957;52
3251675;1;2;1;80;1;1;2;3; ;2; ;2; ; ;1; ;3;1;1;07;52;155,103739875081;52
3251675;1;3;1;80;1;2; ; ; ;2; ;2; ;2; ;.; ; ;1;07;52;155,103739875081;52
3251678;1;3;1;80;1;2; ; ; ;2; ;2; ;2; ;.; ; ;1;07;52;161,403037590416;52
3251678;1;4;1;80;1;2; ; ; ; ; ;2; ;2; ;.; ; ;1;07;52;161,403037590416;52
3251682;1;1;1;80;1;1;3;3; ;2; ;2; ; ; ; ;9;2;1;07;50;115,500906276893;50
3251682;1;2;1;80;1;1;4;3; ;2; ;2; ; ; ; ;4;2;1;07;50;115,500906276893;50
3251683;1;1;1;80;1;1;4;9;CANSANCIO-AGOTAMIENTO;3; ;2; ; ; ; ;11;2;1;07;50;163,797124306407;50
3251683;1;2;1;80;1;1;4;3; ;2; ;2; ; ; ; ;9;2;1;07;50;163,797124306407;50
3251686;1;1;1;80;1;1;2;3; ;2; ;2; ; ; ; ;9;2;1;07;50;208,397281671025;50
3251688;1;2;1;80;1;1;2;3; ;2; ;2; ; ; ; ;9;2;1;07;50;209,032336781279;50
3251689;1;3;1;80;1;2; ; ; ;2; ;2; ;2; ;.; ; ;1;07;50;196,692029778058;50
3251689;1;4;1;80;1;2; ; ; ; ; ;2; ;2; ;.; ; ;1;07;50;196,692029778058;50
3251691;1;2;1;80;1;2; ; ; ; ; ;2; ;2; ;.; ; ;1;07;17;143,255769208446;17
3251692;1;1;1;80;1;1;4;5; ;3; ;2; ; ; ; ;10;2;1;07;17;281,53401081012;17
3251692;1;2;1;80;1;1;4;3; ;2; ;2; ; ; ; ;9;2;1;07;17;281,53401081012;17
3251692;1;3;1;80;1;1;4;4; ;3; ;2; ; ; ; ;4;2;1;07;17;281,53401081012;17
3251693;1;1;1;80;1;1;4;5; ;3; ;2; ; ; ; ;10;2;1;07;17;267,591142328599;17
3251693;1;2;1;80;1;1;4;3; ;2; ;2; ; ; ; ;9;2;1;07;17;267,591142328599;17
3251697;1;1;1;80;1;1;4;4; ;2; ;2; ; ; ; ;9;2;1;07;17;315,123876480562;17
3251697;1;5;1;80;1;2; ; ; ;2; ;2; ;2; ;.; ; ;1;07;17;315,123876480562;17
3251697;1;7;1;80;1;2; ; ; ;2; ;2; ;1;1; ;2; ;1;07;17;315,123876480562;17
3251699;1;2;1;80;1;1;4;8; ;2; ;2; ; ; ; ;4;2;1;07;17;320,968476449055;17
3251700;1;1;1;80;1;1;4;3; ;2; ;2; ; ; ; ;9;2;1;07;17;253,016799404019;17
3251701;1;1;1;80;1;1;4;5; ;3; ;2; ; ; ; ;10;2;1;07;17;281,53401081012;17
3251701;1;2;1;80;1;1;4;5; ;3; ;2; ; ; ; ;10;2;1;07;17;281,53401081012;17
3251705;1;2;1;80;1;1;3;7; ;3; ;2; ; ; ; ;4;2;1;07;17;224,565790136304;17
3251705;1;3;1;80;1;1;4;3; ;2; ;2; ; ; ; ;9;2;1;07;17;224,565790136304;17
3251711;1;2;1;80;1;1;2;3; ;2; ;2; ; ; ; ;9;2;1;07;17;536,096430122257;17
3251712;1;1;1;80;1;1;3;5; ;3; ;2; ; ; ; ;10;2;1;07;17;334,845142792191;17
3251713;1;2;1;80;1;1;4;7; ;3; ;2; ; ; ; ;9;2;1;07;17;175,242139849883;17
3251716;1;2;1;80;1;1;4;3; ;2; ;2; ; ; ; ;9;2;1;07;17;291,30092606276;17
3251720;1;1;1;80;1;1;4;4; ;1;1;2; ; ; ;ESTA INCAPACITADO HACE 7 AÑOS POR ACCIDENTE LABORAL;12;2;1;07;17;205,293377100842;17
3251720;1;4;1;80;1;2; ; ; ;2; ;2; ;2; ;.; ; ;1;07;17;205,293377100842;17
3251722;1;1;1;80;1;1;4;5; ;3; ;2; ; ; ; ;4;2;1;07;17;200,583478882326;17
3251722;1;2;1;80;1;1;1;3; ;2; ;2; ; ; ; ;9;2;1;07;17;200,583478882326;17
3251722;1;3;1;80;1;2; ; ; ; ; ;2; ;2; ;.; ; ;1;07;17;200,583478882326;17
3251723;1;2;1;80;1;1;4;3; ;2; ;2; ; ; ; ;11;2;1;07;17;216,787868685196;17
3251725;1;2;1;80;1;2; ; ; ; ; ;2; ;2; ;.; ; ;1;07;17;143,255769208446;17
3251726;1;3;1;80;1;2; ; ; ;2; ;2; ;2; ;.; ; ;1;07;17;205,260276031649;17
3251726;1;4;1;80;1;2; ; ; ; ; ;2; ;2; ;.; ; ;1;07;17;205,260276031649;17
3251730;1;2;1;80;1;1;1;3; ;2; ;2; ; ; ; ;11;2;1;07;17;195,180773794799;17
3251731;1;1;1;80;1;1;4;3; ;2; ;2; ; ; ; ;4;2;1;07;17;126,541500771202;17
3251731;1;2;1;80;1;1;4;5; ;3; ;2; ; ; ; ;8;2;1;07;17;126,541500771202;17
3251731;1;4;1;80;1;1;2;8; ;2; ;2; ; ; ; ;2;2;1;07;17;126,541500771202;17
3251732;1;2;1;80;1;2; ; ; ;2; ;2; ;2; ;.; ; ;1;07;17;172,099368545418;17
3251732;1;3;1;80;1;2; ; ; ;2; ;2; ;1;1; ;1; ;1;07;17;172,099368545418;17
3251733;1;3;1;80;1;2; ; ; ;2; ;2; ;2; ;.; ; ;1;07;17;167,954968387593;17
3251736;1;3;1;80;1;2; ; ; ; ; ;2; ;2; ;.; ; ;1;07;17;167,954968387593;17
3251737;1;2;1;80;1;1;1;3; ;2; ;2; ; ; ; ;9;2;1;07;20;134,477726095608;20
3251737;1;3;1;80;1;1;1;8; ;2; ;2; ; ; ;SE VA DE LA CIUDAD;12;2;1;07;20;134,477726095608;20
3251737;1;4;1;80;1;1;1;2; ;2; ;1;98; ; ; ;2;2;1;07;20;134,477726095608;20
3251737;1;5;1;80;1;2; ; ; ; ; ;2; ;2; ;.; ; ;1;07;20;134,477726095608;20
3251740;1;4;1;80;1;2; ; ; ;2; ;2; ;2; ;.; ; ;1;07;20;134,477726095608;20
3251740;1;5;1;80;1;2; ; ; ; ; ;2; ;2; ;.; ; ;1;07;20;134,477726095608;20
3251742;1;2;1;80;1;1;4;8; ;2; ;2; ; ; ; ;9;2;1;07;20;156,595570416914;20
3251743;1;1;1;80;1;2; ; ; ;2; ;2; ;2; ;.; ; ;1;07;20;89,0873699565431;20
3251743;1;2;1;80;1;1;4;3; ;2; ;2; ; ; ; ;9;2;1;07;20;89,0873699565431;20
3251743;1;4;1;80;1;1;4;4; ;2; ;2; ; ; ; ;4;2;1;07;20;89,0873699565431;20
3251744;1;1;1;80;1;1;4;4; ;2; ;2; ; ; ; ;4;2;1;07;20;72,0311141254326;20
3251744;1;2;1;80;1;1;3;4; ;2; ;2; ; ; ; ;4;2;1;07;20;72,0311141254326;20
3251745;1;2;1;80;1;1;3;6; ;2; ;2; ; ; ; ;9;2;1;07;20;157,583197251671;20
3251745;1;3;1;80;1;2; ; ; ; ; ;2; ;2; ;.; ; ;1;07;20;157,583197251671;20
3251745;1;4;1;80;1;2; ; ; ; ; ;2; ;2; ;.; ; ;1;07;20;157,583197251671;20
3251745;1;7;1;80;1;1;4;4; ;2; ;2; ; ; ; ;4;2;1;07;20;157,583197251671;20
3251748;1;2;1;80;1;1;4;3; ;2; ;2; ; ; ; ;9;2;1;07;20;142,378750829857;20
3251748;1;3;1;80;1;1;1;2; ;2; ;2; ; ; ; ;2;2;1;07;20;142,378750829857;20
3251748;1;4;1;80;1;2; ; ; ;2; ;2; ;2; ;.; ; ;1;07;20;142,378750829857;20
3251748;1;6;1;80;1;1;2;3; ;2; ;2; ; ; ; ;9;2;1;07;20;142,378750829857;20
3251748;1;8;1;80;1;2; ; ; ;2; ;2; ;2; ;.; ; ;1;07;20;142,378750829857;20
3251749;1;2;1;80;1;1;4;4; ;2; ;2; ; ; ; ;4;2;1;07;20;141,064119376116;20
3251751;1;2;1;80;1;1;4;5; ;3; ;2; ; ; ; ;10;2;1;07;63;191,172974961325;63
3251751;1;5;1;80;1;2; ; ; ; ; ;2; ;2; ;.; ; ;1;07;63;191,172974961325;63
3251751;1;8;1;80;1;1;2;8; ;2; ;2; ; ; ; ;11;2;1;07;63;191,172974961325;63
3251752;1;2;1;80;1;1;2;8; ;2; ;2; ; ; ; ;11;2;1;07;63;185,302266003899;63
3251752;1;4;1;80;1;2; ; ; ;2; ;2; ;2; ;.; ; ;1;07;63;185,302266003899;63
3251754;1;3;1;80;1;2; ; ; ; ; ;2; ;2; ;.; ; ;1;07;63;124,716190828988;63
3251755;1;1;1;80;1;1;4;5; ;3; ;2; ; ; ; ;10;2;1;07;63;116,633107739224;63
3251755;1;2;1;80;1;2; ; ; ;2; ;2; ;2; ;.; ; ;1;07;63;116,633107739224;63
3251756;1;3;1;80;1;2; ; ; ;2; ;2; ;2; ;.; ; ;1;07;63;121,459215974469;63
3251757;1;3;1;80;1;2; ; ; ;2; ;2; ;2; ;.; ; ;1;07;63;92,4308481552021;63
3251757;1;4;1;80;1;2; ; ; ;2; ;2; ;2; ;.; ; ;1;07;63;92,4308481552021;63
3251757;1;5;1;80;1;2; ; ; ; ; ;2; ;2; ;.; ; ;1;07;63;92,4308481552021;63
3251758;1;2;1;80;1;2; ; ; ;2; ;2; ;2; ;.; ; ;1;07;27;20,9929105947231;27
3251759;1;3;1;80;1;2; ; ; ;2; ;2; ;2; ;.; ; ;1;07;27;41,9858211894461;27
3251761;1;1;1;80;1;1;3;8; ;2; ;2; ; ;1; ;2;1;1;07;27;20,9929105947231;27
3251761;1;3;1;80;1;2; ; ; ;2; ;2; ;2; ;.; ; ;1;07;27;20,9929105947231;27
3251761;1;4;1;80;1;2; ; ; ;2; ;2; ;2; ;.; ; ;1;07;27;20,9929105947231;27
3251762;1;1;1;80;1;2; ; ; ;2; ;2; ;2; ;.; ; ;1;07;27;20,9929105947231;27
3251764;1;1;1;80;1;1;4;4; ;2; ;2; ; ; ; ;4;2;1;07;27;20,9929105947231;27
3251765;1;1;1;80;1;1;3;8; ;2; ;2; ; ; ; ;9;2;1;07;27;20,9929105947231;27
3251765;1;3;1;80;1;2; ; ; ;2; ;2; ;2; ;.; ; ;1;07;27;20,9929105947231;27
3251765;1;8;1;80;1;1;1;8; ;2; ;2; ; ; ; ;2;2;1;07;27;20,9929105947231;27
3251767;1;2;1;80;1;2; ; ; ;2; ;2; ;2; ;.; ; ;1;07;27;20,9929105947231;27
3251769;1;2;1;80;1;1;3;8; ;2; ;2; ; ; ; ;2;2;1;07;15;104,693645151745;15
3251773;1;3;1;80;1;2; ; ; ;2; ;2; ;2; ;.; ; ;1;07;15;107,138312910192;15
3251774;1;2;1;80;1;1;3;8; ;2; ;2; ; ; ; ;8;2;1;07;15;112,547109861746;15
3251775;1;1;1;80;1;1;4;8; ;3; ;2; ; ; ; ;8;2;1;07;15;92,5501121879337;15
3251775;1;3;1;80;1;2; ; ; ;2; ;2; ;2; ;.; ; ;1;07;15;92,5501121879337;15
3251776;1;4;1;80;1;2; ; ; ; ; ;2; ;2; ;.; ; ;1;07;15;94,6895387099495;15
3251777;1;2;1;80;1;2; ; ; ; ; ;2; ;2; ;.; ; ;1;07;15;89,6179507344866;15
3251779;1;4;1;80;1;1;1;2; ;2; ;2; ; ; ; ;2;2;1;07;15;85,1269944835849;15
3251779;1;5;1;80;1;1;1;2; ;2; ;2; ; ; ; ;2;2;1;07;15;85,1269944835849;15
3251781;1;1;1;80;1;1;4;5; ;3; ;2; ; ; ; ;10;2;1;07;15;66,8541551893168;15
3251781;1;3;1;80;1;2; ; ; ; ; ;2; ;2; ;.; ; ;1;07;15;66,8541551893168;15
3251782;1;2;1;80;1;1;2;8; ;2; ;2; ; ;1; ;9;1;1;07;15;110,257908875963;15
3251783;1;3;1;80;1;2; ; ; ;2; ;2; ;2; ;.; ; ;1;07;15;101,729515958637;15
3251783;1;4;1;80;1;2; ; ; ; ; ;2; ;2; ;.; ; ;1;07;15;101,729515958637;15
3251784;1;1;1;80;1;1;4;1; ;2; ;2; ; ; ; ;8;2;1;07;15;89,5084340835871;15
3251784;1;2;1;80;1;2; ; ; ;2; ;2; ;2; ;.; ; ;1;07;15;89,5084340835871;15
3251786;1;2;1;80;1;1;1;4; ;2; ;2; ; ; ; ;4;2;1;07;15;100,517529429503;15
3251787;1;3;1;80;1;1;1;2; ;2; ;2; ; ; ; ;2;2;1;07;15;96,3207190070821;15
3251787;1;4;1;80;1;2; ; ; ;2; ;2; ;2; ;.; ; ;1;07;15;96,3207190070821;15
3251787;1;5;1;80;1;2; ; ; ; ; ;2; ;2; ;.; ; ;1;07;15;96,3207190070821;15
3251789;1;2;1;80;1;1;1;8; ;2; ;2; ; ;1; ;9;1;1;07;15;102,806730415286;15
3251790;1;1;1;80;1;1;4;5; ;3; ;2; ; ; ; ;8;2;1;07;15;86,7651846159912;15
3251791;1;2;1;80;1;2; ; ; ;2; ;2; ;2; ;.; ; ;1;07;15;59,2407159984908;15
3251791;1;3;1;80;1;1;2;2; ;2; ;2; ; ; ; ;2;2;1;07;15;59,2407159984908;15
3251794;1;3;1;80;1;2; ; ; ;2; ;2; ;2; ;.; ; ;1;07;15;107,138312910192;15
3251795;1;1;1;80;1;1;1;9;SE ENCUENTRA EN EMBARAZO;2; ;2; ; ; ; ;9;2;1;07;15;112,547109861746;15
3251796;1;1;1;80;1;1;1;3; ;2; ;2; ; ; ;SE ENCUENTRA EN EMBARAZO;12;2;1;07;15;92,329448340209;15
3251797;1;3;1;80;1;2; ; ; ;2; ;2; ;2; ;.; ; ;1;07;15;90,5357914351396;15
3251797;1;4;1;80;1;2; ; ; ; ; ;2; ;2; ;.; ; ;1;07;15;90,5357914351396;15
3251799;1;2;1;80;1;1;4;3; ;2; ;2; ; ;4; ;9;1;1;07;15;102,268123186961;15
3251799;1;3;1;80;1;2; ; ; ; ; ;2; ;2; ;.; ; ;1;07;15;102,268123186961;15
3251800;1;3;1;80;1;2; ; ; ; ; ;2; ;2; ;.; ; ;1;07;15;91,0743986634642;15
3251801;1;1;1;80;1;1;4;3; ;2; ;2; ; ; ; ;4;2;1;07;15;103,367706091043;15
3251802;1;4;1;80;1;2; ; ; ;2; ;2; ;2; ;.; ; ;1;07;15;90,5357914351396;15
3251803;1;4;1;80;1;2; ; ; ;2; ;2; ;2; ;.; ; ;1;07;15;57,2916109629521;15
3251805;1;1;1;80;1;1;3;4; ;2; ;2; ; ; ; ;8;2;1;07;41;173,333752566021;41
3251805;2;2;2;80;1;1;1;7; ;2; ;2; ; ; ; ;6;2;1;07;41;173,333752566021;41
3251809;1;2;1;80;1;2; ; ; ;2; ;2; ;1;1;FALTA DE LIBRETA MILITAR;12; ;1;07;41;94,593526190217;41
3251809;1;3;1;80;1;2; ; ; ;2; ;2; ;2; ;.; ; ;1;07;41;94,593526190217;41
3251809;1;4;1;80;1;2; ; ; ;2; ;2; ;2; ;.; ; ;1;07;41;94,593526190217;41
3251809;1;5;1;80;1;2; ; ; ;2; ;2; ;2; ;.; ; ;1;07;41;94,593526190217;41
3251809;1;6;1;80;1;2; ; ; ; ; ;2; ;2; ;.; ; ;1;07;41;94,593526190217;41
3251810;1;1;1;80;1;1;4;3; ;2; ;2; ; ; ; ;9;2;1;07;41;83,141556116194;41
3251810;1;2;1;80;1;1;4;4; ;2; ;2; ; ; ; ;4;2;1;07;41;83,141556116194;41
3251810;1;4;1;80;1;1;1;4; ;2; ;2; ; ;1; ;4;1;1;07;41;83,141556116194;41
3251811;1;2;1;80;1;1;3;4; ;2; ;2; ; ; ; ;4;2;1;07;41;150,542131943807;41
3251811;1;4;1;80;1;2; ; ; ;2; ;2; ;2; ;.; ; ;1;07;41;150,542131943807;41
3251812;1;2;1;80;1;1;4;3; ;2; ;2; ; ; ; ;9;2;1;07;47;207,695074542698;47
3251812;1;3;1;80;1;2; ; ; ;2; ;2; ;2; ;.; ; ;1;07;47;207,695074542698;47
3251813;1;4;1;80;1;1;1;3; ;2; ;2; ; ; ; ;9;2;1;07;47;238,665407198622;47
3251814;1;2;1;80;1;2; ; ; ; ; ;2; ;2; ;.; ; ;1;07;47;151,672340498735;47
3251817;1;1;1;80;1;1;4;3; ;2; ;2; ; ; ; ;9;2;1;07;47;128,653450678785;47
3251821;1;2;1;80;1;1;3;4; ;2; ;2; ; ; ; ;4;2;1;07;47;137,080425257051;47
3251822;1;2;1;80;1;2; ; ; ;2; ;2; ;2; ;.; ; ;1;07;47;141,102847493481;47
3251822;1;3;1;80;1;2; ; ; ;2; ;2; ;2; ;.; ; ;1;07;47;141,102847493481;47
3251822;1;4;1;80;1;2; ; ; ; ; ;2; ;2; ;.; ; ;1;07;47;141,102847493481;47
3251822;2;1;2;80;1;2; ; ; ;2; ;2; ;2; ;.; ; ;1;07;47;141,102847493481;47
3251822;2;2;2;80;1;1;3;7; ;3; ;2; ; ; ; ;10;2;1;07;47;141,102847493481;47
3251823;1;2;1;80;1;1;3;4; ;2; ;2; ; ; ; ;4;2;1;07;47;243,688182388741;47
3251823;1;5;1;80;1;2; ; ; ;2; ;2; ;2; ;.; ; ;1;07;47;243,688182388741;47
3251823;1;6;1;80;1;2; ; ; ; ; ;2; ;2; ;.; ; ;1;07;47;243,688182388741;47
3251827;1;2;1;80;1;2; ; ; ;2; ;2; ;2; ;.; ; ;1;07;47;184,182172284347;47
3251827;1;3;1;80;1;2; ; ; ;2; ;2; ;2; ;.; ; ;1;07;47;184,182172284347;47
3251827;1;5;1;80;1;2; ; ; ;2; ;2; ;2; ;.; ; ;1;07;47;184,182172284347;47
3251827;1;6;1;80;1;2; ; ; ; ; ;2; ;2; ;.; ; ;1;07;47;184,182172284347;47
3251829;1;3;1;80;1;2; ; ; ; ; ;2; ;2; ;.; ; ;1;07;47;198,331722922006;47
3251831;1;2;1;80;1;2; ; ; ;2; ;2; ;2; ;.; ; ;1;07;47;126,981587062459;47
3251832;1;2;1;80;1;1;4;7; ;2; ;2; ; ;1; ;9;1;1;07;47;178,589565965913;47
3251833;1;1;1;80;1;1;4;5; ;3; ;2; ; ; ; ;10;2;1;07;47;155,570676145963;47
3251834;1;2;1;80;1;1;1;3; ;2; ;2; ; ; ; ;6;2;1;07;47;145,471837951371;47
3251835;1;1;1;80;1;2; ; ; ;2; ;2; ;2; ;.; ; ;1;07;47;128,653450678785;47
3251836;1;2;1;80;1;1;2;8; ;2; ;2; ; ; ; ;2;2;1;07;47;145,471837951371;47
3251837;1;4;1;80;1;1;2;3; ;2; ;2; ; ; ; ;9;2;1;07;47;200,720468595443;47
3251838;1;2;1;80;1;2; ; ; ;2; ;2; ;2; ;.; ; ;1;07;47;214,911030804771;47
3251838;1;4;1;80;1;1;1;4; ;2; ;2; ; ; ; ;4;2;1;07;47;214,911030804771;47
3251839;1;1;1;80;1;1;4;4; ;2; ;2; ; ; ; ;4;2;1;07;47;183,323673607385;47
3251841;1;2;1;80;1;1;2;7; ;2; ;2; ; ; ; ;9;2;1;07;63;139,166611638747;63
3251842;1;1;1;80;1;1;1;8; ;2; ;2; ; ; ; ;8;2;1;07;63;121,459215974469;63
3251845;1;4;1;80;1;2; ; ; ;2; ;2; ;2; ;.; ; ;1;07;63;154,533025042881;63
3251845;1;5;1;80;1;2; ; ; ;2; ;2; ;2; ;.; ; ;1;07;63;154,533025042881;63
3251846;1;4;1;80;1;2; ; ; ;2; ;2; ;2; ;.; ; ;1;07;63;140,21013043287;63
3251846;1;5;1;80;1;2; ; ; ; ; ;2; ;2; ;.; ; ;1;07;63;140,21013043287;63
3251846;1;7;1;80;1;1;4;4; ;2; ;2; ; ; ; ;4;2;1;07;63;140,21013043287;63
3251847;1;2;1;80;1;1;1;8; ;2; ;2; ; ; ; ;1;2;1;07;63;192,474972304053;63
3251847;1;3;1;80;1;2; ; ; ;2; ;2; ;2; ;.; ; ;1;07;63;192,474972304053;63
3251849;1;3;1;80;1;2; ; ; ;2; ;2; ;2; ;.; ; ;1;07;63;160,218773902877;63
3251849;1;5;1;80;1;1;4;5; ;3; ;2; ; ; ; ;9;2;1;07;63;160,218773902877;63
3251849;1;6;1;80;1;1;2;9;DESPLAZAMIENTO;2; ;2; ; ; ; ;4;2;1;07;63;160,218773902877;63
3251850;1;4;1;80;1;2; ; ; ; ; ;2; ;2; ;.; ; ;1;07;63;97,4211766246;63
3251851;1;1;1;80;1;1;4;3; ;2; ;2; ; ; ; ;9;2;1;07;63;166,630379953994;63
3251851;1;2;1;80;1;1;4;4; ;3; ;2; ; ; ; ;4;2;1;07;63;166,630379953994;63
3251851;1;4;1;80;1;2; ; ; ;2; ;2; ;2; ;.; ; ;1;07;63;166,630379953994;63
3251853;1;2;1;80;1;1;4;7; ;2; ;2; ; ; ; ;9;2;1;07;63;116,633107739224;63
3251854;1;1;1;80;1;1;4;5; ;3; ;2; ; ; ; ;10;2;1;07;63;131,13341268487;63
3251854;1;2;1;80;1;2; ; ; ;2; ;2; ;2; ;.; ; ;1;07;63;131,13341268487;63
3251856;1;2;1;80;1;2; ; ; ;2; ;2; ;2; ;.; ; ;1;07;63;171,90675621508;63
3251857;1;1;1;80;1;2; ; ; ;2; ;2; ;2; ;.; ; ;1;07;63;160,616862289731;63
3251860;1;2;1;80;1;2; ; ; ;2; ;2; ;2; ;.; ; ;1;07;63;164,001363343998;63
3251861;1;2;1;80;1;2; ; ; ; ; ;2; ;2; ;.; ; ;1;07;63;135,782110584479;63
3251863;1;1;1;80;1;2; ; ; ;3; ;2; ;2; ;.; ; ;1;07;63;83,0855021771261;63
3251863;1;3;1;80;1;2; ; ; ; ; ;2; ;2; ;.; ; ;1;07;63;83,0855021771261;63
3251865;1;2;1;80;1;2; ; ; ;2; ;2; ;2; ;.; ; ;1;07;63;92,8580808146661;63
3251867;1;1;1;80;1;1;2;4; ;2; ;2; ; ; ; ;4;2;1;07;63;231,864142550966;63
3251867;1;2;1;80;1;2; ; ; ; ; ;2; ;2; ;.; ; ;1;07;63;231,864142550966;63
3251871;1;3;1;80;1;2; ; ; ;2; ;2; ;2; ;.; ; ;1;07;63;114,435857665399;63
3251872;1;1;1;80;1;1;2;4; ;2; ;2; ; ; ; ;4;2;1;07;63;162,087613743318;63
3251874;1;1;1;80;1;1;4;3; ;2; ;2; ; ; ; ;9;2;1;07;63;131,13341268487;63
3251874;1;2;1;80;1;1;4;8; ;2; ;2; ; ;2; ;8;1;1;07;63;131,13341268487;63
3251876;1;1;1;80;1;1;4;5; ;3; ;2; ; ; ; ;10;2;1;07;63;102,182686929465;63
3251876;1;2;1;80;1;1;4;3; ;2; ;2; ; ; ; ;9;2;1;07;63;102,182686929465;63
3251876;1;3;1;80;1;2; ; ; ; ; ;2; ;2; ;.; ; ;1;07;63;102,182686929465;63
3251878;1;2;1;80;1;1;2;6; ;2; ;2; ; ; ; ;1;2;1;07;63;78,407660004907;63
3251878;1;3;1;80;1;1;1;8; ;2; ;2; ; ; ; ;7;2;1;07;63;78,407660004907;63
3251879;1;1;1;80;1;1;4;3; ;3; ;2; ; ; ; ;9;2;1;07;63;133,429044685834;63
3251880;1;3;1;80;1;2; ; ; ;2; ;2; ;2; ;.; ; ;1;07;63;157,224811473669;63
3251881;1;1;1;80;1;1;4;5; ;3; ;2; ; ; ; ;10;2;1;07;63;154,879295336818;63
3251881;1;2;1;80;1;2; ; ; ;2; ;2; ;2; ;.; ; ;1;07;63;154,879295336818;63
3251882;1;1;1;80;1;1;4;5; ;3; ;2; ; ; ; ;10;2;1;07;63;131,13341268487;63
3251882;1;2;1;80;1;1;4;3; ;2; ;2; ; ; ; ;9;2;1;07;63;131,13341268487;63
3251883;1;1;1;80;1;1;3;8; ;2; ;2; ; ; ; ;1;2;1;07;18;61,9240490774731;18
3251883;1;4;1;80;1;2; ; ; ; ; ;2; ;2; ;.; ; ;1;07;18;61,9240490774731;18
3251884;1;1;1;80;1;1;4;4; ;2; ;2; ; ; ; ;4;2;1;07;18;68,5009975497008;18
3251884;1;2;1;80;1;1;4;4; ;2; ;2; ; ; ; ;4;2;1;07;18;68,5009975497008;18
3251886;1;2;1;80;1;1;2;2; ;2; ;2; ; ; ; ;2;2;1;07;18;32,1905197019002;18
3251887;1;2;1;80;1;2; ; ; ;2; ;2; ;2; ;.; ; ;1;07;18;18,5279005133829;18
3251888;1;1;1;80;1;1;4;5; ;3; ;2; ; ; ; ;10;2;1;07;18;32,2696987683641;18
3251888;1;2;1;80;1;1;4;1; ;2; ;2; ; ; ; ;11;2;1;07;18;32,2696987683641;18
3251889;1;2;1;80;1;2; ; ; ;2; ;2; ;2; ;.; ; ;1;07;18;56,0462007953228;18
3251889;1;3;1;80;1;2; ; ; ; ; ;2; ;2; ;.; ; ;1;07;18;56,0462007953228;18
3251890;1;3;1;80;1;2; ; ; ;2; ;2; ;2; ;.; ; ;1;07;18;77,0528990142384;18
3251890;1;4;1;80;1;2; ; ; ;2; ;2; ;2; ;.; ; ;1;07;18;77,0528990142384;18
3251891;1;1;1;80;1;1;1;8; ;3; ;2; ; ; ; ;9;2;1;07;18;76,3316212080121;18
3251891;1;2;1;80;1;1;1;3; ;2; ;2; ; ; ; ;9;2;1;07;18;76,3316212080121;18
3251892;1;2;1;80;1;1;3;9;TRASLADO DE CIUDAD;2; ;2; ; ; ; ;9;2;1;07;18;50,4513841838935;18
3251892;1;3;1;80;1;2; ; ; ; ; ;2; ;2; ;.; ; ;1;07;18;50,4513841838935;18
3251892;1;4;1;80;1;1;1;8; ;2; ;2; ; ; ; ;8;2;1;07;18;50,4513841838935;18
3251895;1;2;1;80;1;1;2;8; ;2; ;2; ; ; ; ;9;2;1;07;18;127,445578918114;18
3251895;1;3;1;80;1;2; ; ; ;2; ;2; ;2; ;.; ; ;1;07;18;127,445578918114;18
3251895;1;5;1;80;1;2; ; ; ;2; ;2; ;2; ;.; ; ;1;07;18;127,445578918114;18
3251895;1;6;1;80;1;2; ; ; ; ; ;2; ;2; ;.; ; ;1;07;18;127,445578918114;18
3251895;1;10;1;80;1;1;3;4; ;2; ;2; ; ; ; ;4;2;1;07;18;127,445578918114;18
3251895;1;11;1;80;1;2; ; ; ; ; ;2; ;2; ;.; ; ;1;07;18;127,445578918114;18
3251896;1;1;1;80;1;1;4;5; ;3; ;2; ; ; ; ;10;2;1;07;18;84,7825040161034;18
3251896;1;2;1;80;1;2; ; ; ;2; ;2; ;2; ;.; ; ;1;07;18;84,7825040161034;18
3251896;1;6;1;80;1;1;4;4; ;2; ;2; ; ; ; ;4;2;1;07;18;84,7825040161034;18
3251897;1;2;1;80;1;2; ; ; ;2; ;2; ;2; ;.; ; ;1;07;18;52,9059287697572;18
3251897;1;3;1;80;1;2; ; ; ; ; ;2; ;2; ;.; ; ;1;07;18;52,9059287697572;18
3251897;1;4;1;80;1;2; ; ; ; ; ;2; ;2; ;.; ; ;1;07;18;52,9059287697572;18
3251899;1;2;1;80;1;1;2;3; ;2; ;2; ; ; ; ;9;2;1;07;18;78,0000746976213;18
3251899;1;4;1;80;1;2; ; ; ;2; ;2; ;2; ;.; ; ;1;07;18;78,0000746976213;18
3251900;1;2;1;80;1;1;4;3; ;2; ;2; ; ; ; ;9;2;1;07;18;50,4513841838935;18
3251901;1;1;1;80;1;1;4;4; ;2; ;2; ; ; ; ;11;2;1;07;18;57,5560154382672;18
3251902;1;3;1;80;1;2; ; ; ;2; ;2; ;2; ;.; ; ;1;07;18;43,880824992299;18
3251906;1;1;1;80;1;1;4;3; ;2; ;2; ; ; ; ;9;2;1;07;19;107,535846562823;19
3251907;1;1;1;80;1;1;4;4; ;2; ;2; ; ; ; ;4;2;1;07;19;96,3427275845848;19
3251909;1;2;1;80;1;1;2;3; ;2; ;2; ; ; ; ;9;2;1;07;19;108,710145412765;19
3251910;1;3;1;80;1;2; ; ; ;2; ;2; ;2; ;.; ; ;1;07;19;116,708632341028;19
3251912;1;2;1;80;1;2; ; ; ;2; ;2; ;2; ;.; ; ;1;07;44;72,4473825208654;44
3251914;1;3;1;80;1;2; ; ; ;2; ;2; ;2; ;.; ; ;1;07;44;67,1006470669769;44
3251916;1;2;1;80;1;1;1;3; ;2; ;2; ; ; ; ;9;2;1;07;44;86,6851663892526;44
3251918;1;1;1;80;1;1;4;4; ;2; ;2; ; ; ; ;4;2;1;07;44;66,078286990748;44
3251918;1;2;1;80;1;1;4;4; ;2; ;2; ; ; ; ;4;2;1;07;44;66,078286990748;44
3251918;1;3;1;80;1;1;2;4; ;2; ;2; ; ; ; ;4;2;1;07;44;66,078286990748;44
3251925;1;2;1;80;1;1;3;5; ;3; ;2; ; ; ; ;8;2;1;07;44;69,0354379000919;44
3251926;1;2;1;80;1;2; ; ; ;2; ;2; ;2; ;.; ; ;1;07;44;69,3328999208271;44
3251927;1;3;1;80;1;1;2;8; ;2; ;2; ; ;1; ;1;1;1;07;44;63,9454812733333;44
3251927;1;4;1;80;1;1;2;2; ;2; ;2; ; ;1; ;2;1;1;07;44;63,9454812733333;44
3251931;1;1;1;80;1;1;3;5; ;3; ;2; ; ; ;NO TIENE LOS RECURSOS NECESARIOS PARA INSTALAR NEGOCIO;12;2;1;07;44;58,1878104224167;44
3251931;1;2;1;80;1;2; ; ; ;2; ;2; ;2; ;.; ; ;1;07;44;58,1878104224167;44
3251947;1;2;1;80;1;2; ; ; ; ; ;2; ;2; ;.; ; ;1;07;66;322,498270732645;66
3251949;1;1;1;80;1;2; ; ; ;2; ;2; ;2; ;.; ; ;1;07;66;352,037008315306;66
3251951;1;1;1;80;1;2; ; ; ;3; ;2; ;2; ;.; ; ;1;07;66;188,179068694221;66
3251951;1;2;1;80;1;2; ; ; ;2; ;2; ;2; ;.; ; ;1;07;66;188,179068694221;66
3251952;1;1;1;80;1;1;4;4; ;2; ;2; ; ; ; ;4;2;1;07;66;236,870318317413;66
3251952;1;2;1;80;1;2; ; ; ;2; ;2; ;2; ;.; ; ;1;07;66;236,870318317413;66
3251953;1;3;1;80;1;2; ; ; ;2; ;2; ;2; ;.; ; ;1;07;66;311,241823156865;66
3251954;1;2;1;80;1;1;3;3; ;2; ;2; ; ; ; ;9;2;1;07;66;259,3962177551;66
3251955;1;2;1;80;1;1;4;3; ;2; ;2; ; ; ; ;9;2;1;07;66;298,764156417139;66
3251955;1;3;1;80;1;2; ; ; ;2; ;2; ;2; ;.; ; ;1;07;66;298,764156417139;66
3251957;1;1;1;80;1;2; ; ; ;2; ;2; ;2; ;.; ; ;1;07;66;330,377995230184;66
3251957;1;2;1;80;1;2; ; ; ;2; ;2; ;2; ;.; ; ;1;07;66;330,377995230184;66
3251959;1;1;1;80;1;1;4;5; ;3; ;2; ; ; ; ;10;2;1;07;66;269,488146504056;66
3251960;1;2;1;80;1;1;2;3; ;2; ;2; ; ; ; ;9;2;1;07;66;305,439001717945;66
3251961;1;1;1;80;1;2; ; ; ;2; ;2; ;2; ;.; ; ;1;07;66;269,488146504056;66
3251962;1;1;1;80;1;1;4;4; ;2; ;2; ; ; ; ;4;2;1;07;66;210,704968131908;66
3251963;1;1;1;80;1;1;4;9;NO DESEA TRABAJAR;2; ;2; ; ; ;NO DESEA TRABAJAR;12;2;1;07;66;342,873803765357;66
3251965;1;2;1;80;1;2; ; ; ;2; ;2; ;2; ;.; ; ;1;07;66;288,715923719178;66
3251968;1;1;1;80;1;1;4;3; ;3; ;2; ; ; ; ;8;2;1;07;66;220,796896880864;66
3251971;1;1;1;80;1;1;4;5; ;2; ;2; ; ; ; ;10;2;1;07;66;236,870318317413;66
3251971;1;2;1;80;1;1;4;3; ;2; ;2; ; ; ; ;9;2;1;07;66;236,870318317413;66
3251974;1;2;1;80;1;1;4;9;POR LA EDAD;2; ;2; ; ; ; ;8;2;1;07;66;236,870318317413;66
3251977;1;1;1;80;1;2; ; ; ;2; ;2; ;2; ;.; ; ;1;07;66;241,154288118128;66
3251977;1;2;1;80;1;1;4;5; ;3; ;2; ; ; ; ;10;2;1;07;66;241,154288118128;66
3251979;1;3;1;80;1;2; ; ; ; ; ;2; ;2; ;.; ; ;1;07;11;2230,16796559354;11
3251982;1;1;1;80;1;1;4;6; ;3; ;2; ; ; ; ;8;2;1;07;73;225,264520203832;73
3251983;1;1;1;80;1;1;4;7; ;2; ;2; ; ;4; ;9;1;1;07;73;266,223522089703;73
3251983;1;2;1;80;1;1;4;3; ;2; ;2; ; ; ; ;8;2;1;07;73;266,223522089703;73
3251983;1;4;1;80;1;2; ; ; ;2; ;2; ;2; ;.; ; ;1;07;73;266,223522089703;73
3251984;1;3;1;80;1;2; ; ; ;2; ;2; ;2; ;.; ; ;1;07;73;215,22167519797;73
3251986;1;4;1;80;1;1;4;3; ;2; ;2; ; ; ; ;9;2;1;07;73;201,54261242406;73
3251987;1;1;1;80;1;1;4;7; ;2; ;2; ; ; ; ;8;2;1;07;73;252,459494569123;73
3251989;1;1;1;80;1;1;4;5; ;3; ;2; ; ; ; ;10;2;1;07;73;258,80271825345;73
3251989;1;3;1;80;1;1;4;4; ;2; ;2; ; ; ; ;4;2;1;07;73;258,80271825345;73
3251993;2;2;2;80;1;1;4;6; ;2; ;2; ; ; ; ;9;2;1;07;73;297,187952228681;73
3251995;1;1;1;80;1;1;4;7; ;3; ;2; ; ; ; ;4;2;1;07;73;194,756675375741;73
3251995;1;2;1;80;1;1;3;4; ;2; ;2; ; ;1; ;1;1;1;07;73;194,756675375741;73
3251997;1;2;1;80;1;2; ; ; ;2; ;2; ;2; ;.; ; ;1;07;73;274,714116278422;73
3251997;1;3;1;80;1;2; ; ; ;2; ;2; ;2; ;.; ; ;1;07;73;274,714116278422;73
3251997;1;4;1;80;1;2; ; ; ; ; ;2; ;2; ;.; ; ;1;07;73;274,714116278422;73
3251998;1;3;1;80;1;1;4;6; ;3; ;2; ; ; ; ;8;2;1;07;73;188,661567620614;73
3252001;1;1;1;80;1;1;4;4; ;2; ;2; ; ; ; ;4;2;1;07;73;238,943582977742;73
3252005;1;1;1;80;1;1;3;4; ;2; ;2; ; ; ; ;4;2;1;07;73;247,519141913132;73
3252005;1;4;1;80;1;2; ; ; ;2; ;2; ;2; ;.; ; ;1;07;73;247,519141913132;73
3252005;1;5;1;80;1;2; ; ; ;2; ;2; ;2; ;.; ; ;1;07;73;247,519141913132;73
3252006;1;3;1;80;1;2; ; ; ;2; ;2; ;2; ;.; ; ;1;07;73;238,393680936478;73
3252006;1;5;1;80;1;2; ; ; ;2; ;2; ;2; ;.; ; ;1;07;73;238,393680936478;73
3252006;1;6;1;80;1;2; ; ; ;2; ;2; ;2; ;.; ; ;1;07;73;238,393680936478;73
3252007;1;2;1;80;1;1;4;9;CAMBIO DE DOMICILIO;2; ;2; ; ; ; ;9;2;1;07;73;258,80271825345;73
3252009;1;1;1;80;1;1;4;3; ;2; ;2; ; ; ; ;9;2;1;07;63;104,017302274206;63
3252009;1;5;1;80;1;2; ; ; ;2; ;2; ;2; ;.; ; ;1;07;63;104,017302274206;63
3252010;1;2;1;80;1;1;1;4; ;2; ;2; ; ; ;POR SALUD;12;2;1;07;63;214,714385548625;63
3252010;1;4;1;80;1;2; ; ; ;2; ;2; ;2; ;.; ; ;1;07;63;214,714385548625;63
3252011;1;1;1;80;1;2; ; ; ;2; ;2; ;1;4; ;5; ;1;07;63;116,633107739224;63
3252012;1;1;1;80;1;1;4;5; ;3; ;2; ; ; ; ;8;2;1;07;63;159,607021644924;63
3252012;1;2;1;80;1;1;4;1; ;2; ;2; ; ; ; ;4;2;1;07;63;159,607021644924;63
3252014;1;2;1;80;1;1;3;8; ;2; ;2; ; ; ; ;9;2;1;07;52;410,070944643551;52
3252014;1;3;1;80;1;2; ; ; ; ; ;2; ;2; ;.; ; ;1;07;52;410,070944643551;52
3252018;1;5;1;80;1;2; ; ; ; ; ;2; ;2; ;.; ; ;1;07;52;169,227709544496;52
3252019;1;1;1;80;1;1;4;9;POR LA EDAD;2; ;2; ; ; ; ;8;2;1;07;52;117,250662432409;52
3252019;1;2;1;80;1;1;4;3; ;2; ;2; ; ; ; ;9;2;1;07;52;117,250662432409;52
3252026;1;2;1;80;1;1;4;7; ;2; ;2; ; ; ; ;9;2;1;07;08;633,309587094353;08
3252027;1;1;1;80;1;1;1;4; ;2; ;2; ; ; ;ACCIDENTE;12;2;1;07;08;633,309587094353;08
3252027;1;3;1;80;1;2; ; ; ; ; ;2; ;2; ;.; ; ;1;07;08;633,309587094353;08
3252028;1;2;1;80;1;2; ; ; ;2; ;2; ;2; ;.; ; ;1;07;08;831,429845837609;08
3252030;1;1;1;80;1;1;4;8; ;2; ;2; ; ; ; ;8;2;1;07;08;608,975496781464;08
3252031;1;2;1;80;1;2; ; ; ;2; ;2; ;2; ;.; ; ;1;07;08;692,584547186586;08
3252032;1;2;1;80;1;2; ; ; ;2; ;2; ;2; ;.; ; ;1;07;08;551,549462868721;08
3252033;1;2;1;80;1;2; ; ; ;2; ;2; ;2; ;.; ; ;1;07;08;551,549462868721;08
3252036;1;3;1;80;1;2; ; ; ;2; ;2; ;2; ;.; ; ;1;07;08;563,952051682951;08
3252037;1;2;1;80;1;2; ; ; ;2; ;2; ;2; ;.; ; ;1;07;08;562,192487761032;08
3252042;1;1;1;80;1;1;4;3; ;2; ;2; ; ; ; ;9;2;1;07;08;581,266207773107;08
3252042;1;3;1;80;1;2; ; ; ;2; ;2; ;2; ;.; ; ;1;07;08;581,266207773107;08
3252042;1;5;1;80;1;1;2;3; ;2; ;2; ; ; ; ;9;2;1;07;08;581,266207773107;08
3252044;1;3;1;80;1;2; ; ; ;2; ;2; ;2; ;.; ; ;1;07;08;633,309587094353;08
3252045;1;1;1;80;1;1;4;7; ;2; ;2; ; ; ; ;9;2;1;07;52;155,938674615467;52
3252046;1;2;1;80;1;2; ; ; ;2; ;2; ;2; ;.; ; ;1;07;52;161,403037590416;52
3252046;1;4;1;80;1;2; ; ; ;2; ;2; ;2; ;.; ; ;1;07;52;161,403037590416;52
3252047;1;3;1;80;1;2; ; ; ;2; ;2; ;2; ;.; ; ;1;07;52;211,33477003711;52
3252047;1;4;1;80;1;2; ; ; ;2; ;2; ;2; ;.; ; ;1;07;52;211,33477003711;52
3252048;1;1;1;80;1;1;4;4; ;2; ;2; ; ; ; ;8;2;1;07;52;121,279055579591;52
3252048;1;3;1;80;1;2; ; ; ;2; ;2; ;2; ;.; ; ;1;07;52;121,279055579591;52
3252053;1;2;1;80;1;1;2;3; ;2; ;2; ; ; ; ;9;2;1;07;52;150,185146550275;52
3252056;1;3;1;80;1;2; ; ; ;2; ;2; ;2; ;.; ; ;1;07;52;167,70233530575;52
3252056;1;4;1;80;1;2; ; ; ; ; ;2; ;2; ;.; ; ;1;07;52;167,70233530575;52
3252056;1;5;1;80;1;2; ; ; ; ; ;2; ;2; ;.; ; ;1;07;52;167,70233530575;52
3252057;1;1;1;80;1;1;3;2; ;2; ;2; ; ; ; ;2;2;1;07;52;157,77725785523;52
3252058;1;1;1;80;1;1;4;5; ;3; ;2; ; ; ; ;10;2;1;07;52;151,955322659555;52
3252059;1;2;1;80;1;1;4;4; ;2; ;2; ; ; ; ;4;2;1;07;76;1148,80308590683;76
3252059;1;6;1;80;1;2; ; ; ; ; ;2; ;2; ;.; ; ;1;07;76;1148,80308590683;76
3252059;1;7;1;80;1;2; ; ; ;2; ;2; ;1;1; ;8; ;1;07;76;1148,80308590683;76
3252061;1;1;1;80;1;1;4;5; ;3; ;2; ; ; ; ;9;2;1;07;76;927,113236429024;76
3252062;1;3;1;80;1;1;1;2; ;2; ;2; ; ; ; ;2;2;1;07;76;699,704172158569;76
3252065;1;2;1;80;1;1;4;8; ;2; ;2; ; ; ; ;9;2;1;07;52;205,035472321776;52
3252066;1;2;1;80;1;1;1;3; ;2; ;1;100000; ; ; ;9;2;1;07;52;246,191262462027;52
3252067;1;1;1;80;1;2; ; ; ;2; ;2; ;2; ;.; ; ;1;07;52;168,795388216105;52
3252068;1;1;1;80;1;1;2;4; ;2; ;2; ; ; ; ;4;2;1;07;52;149,155918370957;52
3252069;1;1;1;80;1;1;4;5; ;3; ;2; ; ; ; ;4;2;1;07;76;1054,21283486532;76
3252070;1;1;1;80;1;1;1;7; ;2; ;2; ; ; ; ;9;2;1;07;76;1129,68550196183;76
3252070;1;3;1;80;1;2; ; ; ; ; ;2; ;2; ;.; ; ;1;07;76;1129,68550196183;76
3252071;1;2;1;80;1;2; ; ; ;2; ;2; ;2; ;.; ; ;1;07;76;1018,66954024395;76
3252071;1;3;1;80;1;1;4;3; ;2; ;2; ; ; ; ;9;2;1;07;76;1018,66954024395;76
3252071;1;4;1;80;1;2; ; ; ;2; ;2; ;2; ;.; ; ;1;07;76;1018,66954024395;76
3252073;1;2;1;80;1;1;3;3; ;2; ;2; ; ; ; ;9;2;1;07;76;1321,55127161091;76
3252075;1;1;1;80;1;1;3;7; ;2; ;2; ; ; ; ;11;2;1;07;76;927,973171389111;76
3252075;1;2;1;80;1;1;4;4; ;2; ;2; ; ; ; ;4;2;1;07;76;927,973171389111;76
3252076;1;4;1;80;1;2; ; ; ; ; ;2; ;2; ;.; ; ;1;07;76;968,69633473707;76
3252080;1;1;1;80;1;1;4;5; ;3; ;2; ; ; ; ;10;2;1;07;76;927,113236429024;76
3252086;1;3;1;80;1;2; ; ; ; ; ;2; ;2; ;.; ; ;1;07;70;106,910402589355;70
3252087;1;1;1;80;1;1;4;4; ;2; ;2; ; ; ; ;4;2;1;07;70;114,363323594098;70
3252087;1;2;1;80;1;2; ; ; ;2; ;2; ;2; ;.; ; ;1;07;70;114,363323594098;70
3252088;1;2;1;80;1;1;4;3; ;2; ;2; ; ; ; ;9;2;1;07;70;99,6691621568209;70
3252089;1;2;1;80;1;1;1;4; ;2; ;2; ; ; ; ;1;2;1;07;70;96,812430354911;70
3252089;1;3;1;80;1;1;1;9;NO DESEABA SEGUIR TRABAJANDO;2; ;2; ; ; ; ;1;2;1;07;70;96,812430354911;70
3252089;1;4;1;80;1;2; ; ; ;2; ;2; ;2; ;.; ; ;1;07;70;96,812430354911;70
3252089;1;8;1;80;1;1;3;3; ;2; ;2; ; ; ; ;1;2;1;07;70;96,812430354911;70
3252090;1;2;1;80;1;1;4;3; ;2; ;2; ; ; ; ;9;2;1;07;70;126,559171294294;70
3252090;1;3;1;80;1;1;3;2; ;2; ;2; ; ; ; ;2;2;1;07;70;126,559171294294;70
3252090;1;5;1;80;1;2; ; ; ; ; ;2; ;2; ;.; ; ;1;07;70;126,559171294294;70
3252091;1;2;1;80;1;1;1;7; ;2; ;2; ; ; ; ;11;2;1;07;68;438,499966258517;68
3252091;1;4;1;80;1;1;4;3; ;2; ;2; ; ; ; ;9;2;1;07;68;438,499966258517;68
3252092;1;2;1;80;1;2; ; ; ; ; ;2; ;2; ;.; ; ;1;07;68;519,070720765581;68
3252093;1;1;1;80;1;1;4;3; ;2; ;2; ; ; ; ;9;2;1;07;68;518,235919060611;68
3252093;1;2;1;80;1;1;2;6; ;2; ;2; ; ; ; ;2;2;1;07;68;518,235919060611;68
3252094;1;3;1;80;1;2; ; ; ; ; ;2; ;2; ;.; ; ;1;07;68;581,362135633925;68
3252094;2;1;2;80;1;1;1;2; ;2; ;2; ; ; ; ;2;2;1;07;68;581,362135633925;68
3252094;4;1;4;80;1;1;2;2; ;2; ;2; ; ; ; ;2;2;1;07;68;581,362135633925;68
3252095;1;1;1;80;1;1;1;2; ;2; ;2; ; ; ; ;2;2;1;07;68;569,003434420667;68
3252098;1;2;1;80;1;2; ; ; ;2; ;2; ;2; ;.; ; ;1;07;68;505,924988895114;68
3252099;1;1;1;80;1;1;3;7; ;3; ;2; ; ; ; ;8;2;1;07;68;1025,54770496821;68
3252100;1;1;1;80;1;1;4;5; ;3; ;2; ; ; ; ;8;2;1;07;68;866,010071840076;68
3252106;1;2;1;80;1;1;1;3; ;2; ;2; ; ; ; ;9;2;1;07;68;430,836858162413;68
3252108;1;2;1;80;1;1;1;8; ;2; ;2; ; ; ; ;11;2;1;07;68;627,661750344926;68
3252108;2;2;2;80;1;1;2;3; ;2; ;2; ; ; ; ;9;2;1;07;68;627,661750344926;68
3252110;1;2;1;80;1;1;1;3; ;2; ;2; ; ; ; ;9;2;1;07;68;404,216693059577;68
3252110;1;3;1;80;1;2; ; ; ; ; ;2; ;2; ;.; ; ;1;07;68;404,216693059577;68
3252111;1;3;1;80;1;2; ; ; ; ; ;2; ;2; ;.; ; ;1;07;68;432,310685340506;68
3252112;1;3;1;80;1;2; ; ; ;2; ;2; ;2; ;.; ; ;1;07;68;330,326740139145;68
3252112;1;4;1;80;1;2; ; ; ; ; ;2; ;2; ;.; ; ;1;07;68;330,326740139145;68
3252113;1;1;1;80;1;1;4;4; ;2; ;2; ; ; ; ;4;2;1;07;68;424,667248055436;68
3252113;1;3;1;80;1;2; ; ; ;2; ;2; ;2; ;.; ; ;1;07;68;424,667248055436;68
3252115;1;3;1;80;1;2; ; ; ;2; ;2; ;2; ;.; ; ;1;07;68;633,777939492075;68
3252115;1;4;1;80;1;2; ; ; ;2; ;2; ;2; ;.; ; ;1;07;68;633,777939492075;68
3252118;1;1;1;80;1;1;4;5; ;3; ;2; ; ; ; ;10;2;1;07;13;394,543346203644;13
3252118;1;3;1;80;1;2; ; ; ;2; ;2; ;2; ;.; ; ;1;07;13;394,543346203644;13
3252120;1;1;1;80;1;1;4;5; ;3; ;2; ; ; ; ;10;2;1;07;13;416,157115316397;13
3252120;1;2;1;80;1;1;4;5; ;3; ;2; ; ; ; ;10;2;1;07;13;416,157115316397;13
3252121;1;1;1;80;1;1;3;7; ;2; ;2; ; ; ; ;8;2;1;07;13;457,632467592014;13
3252122;1;1;1;80;1;1;4;5; ;3; ;2; ; ; ; ;10;2;1;07;13;418,887712594939;13
3252123;1;2;1;80;1;2; ; ; ; ; ;2; ;2; ;.; ; ;1;07;13;300,919245291064;13
3252124;1;1;1;80;1;1;4;5; ;3; ;2; ; ; ; ;10;2;1;07;13;418,887712594939;13
3252124;1;2;1;80;1;1;4;6; ;2; ;2; ; ; ; ;1;2;1;07;13;418,887712594939;13
3252125;1;5;1;80;1;2; ; ; ;2; ;2; ;2; ;.; ; ;1;07;13;511,007335964143;13
3252125;1;6;1;80;1;1;4;7; ;2; ;2; ; ;4; ;5;1;1;07;13;511,007335964143;13
3252126;1;2;1;80;1;2; ; ; ; ; ;2; ;2; ;.; ; ;1;07;13;299,869578544931;13
3252126;1;3;1;80;1;2; ; ; ;2; ;2; ;2; ;.; ; ;1;07;13;299,869578544931;13
3252127;1;2;1;80;1;1;4;5; ;3; ;2; ; ; ; ;10;2;1;07;13;418,887712594939;13
3252128;1;4;1;80;1;1;4;5; ;3; ;2; ; ; ; ;10;2;1;07;13;421,107123554947;13
3252129;1;1;1;80;1;1;4;5; ;3; ;2; ; ; ; ;10;2;1;07;13;356,843094709309;13
3252129;1;2;1;80;1;2; ; ; ;2; ;2; ;2; ;.; ; ;1;07;13;356,843094709309;13
3252131;1;2;1;80;1;1;2;5; ;3; ;2; ; ; ; ;10;2;1;07;13;384,895827534645;13
3252133;1;2;1;80;1;2; ; ; ;2; ;2; ;2; ;.; ; ;1;07;13;257,12540205784;13
3252133;1;6;1;80;1;2; ; ; ;2; ;2; ;2; ;.; ; ;1;07;13;257,12540205784;13
3252134;1;1;1;80;1;1;4;6; ;2; ;2; ; ; ; ;8;2;1;07;13;398,554341133976;13
3252135;1;2;1;80;1;2; ; ; ;2; ;2; ;2; ;.; ; ;1;07;13;319,55494953591;13
3252136;1;2;1;80;1;2; ; ; ;2; ;2; ;2; ;.; ; ;1;07;13;428,063683782987;13
3252136;1;3;1;80;1;2; ; ; ;2; ;2; ;2; ;.; ; ;1;07;13;428,063683782987;13
3252137;1;1;1;80;1;1;3;5; ;3; ;2; ; ; ; ;10;2;1;07;13;418,887712594939;13
3252137;1;2;1;80;1;1;4;3; ;2; ;2; ; ; ; ;9;2;1;07;13;418,887712594939;13
3252138;1;1;1;80;1;1;4;7; ;2; ;2; ; ; ; ;8;2;1;07;13;436,49048677736;13
3252138;1;2;1;80;1;1;4;5; ;3; ;2; ; ; ; ;10;2;1;07;13;436,49048677736;13
3252138;1;3;1;80;1;2; ; ; ;2; ;2; ;2; ;.; ; ;1;07;13;436,49048677736;13
3252139;1;3;1;80;1;2; ; ; ;2; ;2; ;1;2; ;6; ;1;07;13;473,071190320759;13
3252140;1;2;1;80;1;1;2;3; ;2; ;2; ; ;1; ;7;1;1;07;47;187,952917586605;47
3252140;1;5;1;80;1;2; ; ; ; ; ;2; ;2; ;.; ; ;1;07;47;187,952917586605;47
3252142;2;2;2;80;1;1;3;3; ;2; ;2; ; ; ; ;9;2;1;07;47;149,772601117096;47
3252143;1;1;1;80;1;1;4;5; ;3; ;2; ; ; ; ;10;2;1;07;47;111,059763567451;47
3252143;1;2;1;80;1;2; ; ; ;2; ;2; ;2; ;.; ; ;1;07;47;111,059763567451;47
3252144;1;2;1;80;1;2; ; ; ;2; ;2; ;2; ;.; ; ;1;07;47;118,60420064302;47
3252144;1;3;1;80;1;2; ; ; ; ; ;2; ;2; ;.; ; ;1;07;47;118,60420064302;47
3252144;1;4;1;80;1;2; ; ; ;2; ;2; ;2; ;.; ; ;1;07;47;118,60420064302;47
3252146;1;3;1;80;1;2; ; ; ; ; ;2; ;2; ;.; ; ;1;07;47;197,316269207296;47
3252147;1;1;1;80;1;1;4;8; ;2; ;2; ; ; ; ;9;2;1;07;47;199,067209495907;47
3252147;1;3;1;80;1;2; ; ; ;2; ;2; ;2; ;.; ; ;1;07;47;199,067209495907;47
3252148;1;2;1;80;1;1;1;3; ;2; ;2; ; ; ; ;9;2;1;07;47;164,198541192754;47
3252149;1;1;1;80;1;1;4;3; ;2; ;2; ; ; ; ;9;2;1;07;47;87,4483495145594;47
3252149;1;2;1;80;1;1;1;4; ;2; ;2; ; ; ; ;4;2;1;07;47;87,4483495145594;47
3252149;1;4;1;80;1;1;4;8; ;2; ;2; ; ; ; ;9;2;1;07;47;87,4483495145594;47
3252151;1;3;1;80;1;2; ; ; ;2; ;2; ;2; ;.; ; ;1;07;47;287,792611967615;47
3252151;1;4;1;80;1;2; ; ; ; ; ;2; ;2; ;.; ; ;1;07;47;287,792611967615;47
3252151;1;5;1;80;1;2; ; ; ; ; ;2; ;2; ;.; ; ;1;07;47;287,792611967615;47
3252154;1;4;1;80;1;2; ; ; ;2; ;2; ;2; ;.; ; ;1;07;47;173,274423571619;47
3252155;1;1;1;80;1;1;2;8; ;2; ;2; ; ; ; ;1;2;1;07;47;121,35091564341;47
3252155;1;2;1;80;1;2; ; ; ; ; ;2; ;2; ;.; ; ;1;07;47;121,35091564341;47
3252156;1;1;1;80;1;1;4;5; ;3; ;2; ; ; ; ;10;2;1;07;47;126,981587062459;47
3252156;1;2;1;80;1;1;4;5; ;3; ;2; ; ; ; ;10;2;1;07;47;126,981587062459;47
3252161;1;2;1;80;1;1;4;3; ;1;4;2; ; ; ; ;9;2;1;07;17;179,060152076837;17
3252161;1;3;1;80;1;2; ; ; ;2; ;2; ;2; ;.; ; ;1;07;17;179,060152076837;17
3252162;1;2;1;80;1;1;4;8; ;2; ;2; ; ; ; ;1;2;1;07;17;205,260276031649;17
3252162;1;3;1;80;1;1;3;9;POR LA DROGADICCION;2; ;2; ; ; ;ES DROGADICTO;12;2;1;07;17;205,260276031649;17
3252164;1;1;1;80;1;2; ; ; ;2; ;2; ;1;4; ;9; ;1;07;17;216,726550960139;17
3252164;1;2;1;80;1;1;4;5; ;3; ;2; ; ; ; ;4;2;1;07;17;216,726550960139;17
3252164;1;3;1;80;1;1;1;8; ;2; ;1;350000; ; ; ;9;2;1;07;17;216,726550960139;17
3252165;1;2;1;80;1;1;1;8; ;2; ;2; ; ; ; ;2;2;1;07;17;149,761110703641;17
3252165;1;3;1;80;1;2; ; ; ;2; ;2; ;2; ;.; ; ;1;07;17;149,761110703641;17
3252165;2;1;2;80;1;1;4;4; ;2; ;2; ; ; ; ;4;2;1;07;17;149,761110703641;17
3252166;1;2;1;80;1;2; ; ; ;2; ;2; ;2; ;.; ; ;1;07;17;305,526430696618;17
3252166;1;3;1;80;1;2; ; ; ; ; ;2; ;2; ;.; ; ;1;07;17;305,526430696618;17
3252167;1;2;1;80;1;2; ; ; ;2; ;2; ;2; ;.; ; ;1;07;17;148,05417686735;17
3252170;1;1;1;80;1;1;4;4; ;2; ;2; ; ; ; ;4;2;1;07;17;174,709742858385;17
3252172;1;1;1;80;1;1;4;8; ;2; ;2; ; ; ; ;9;2;1;07;17;112,282895068152;17
3252172;1;3;1;80;1;1;4;1; ;2; ;2; ; ; ; ;8;2;1;07;17;112,282895068152;17
3252173;1;1;1;80;1;1;4;5; ;3; ;2; ; ; ; ;10;2;1;07;17;160,451137155335;17
3252177;1;2;1;80;1;2; ; ; ; ; ;2; ;2; ;.; ; ;1;07;17;276,509923368212;17
3252179;1;2;1;80;1;2; ; ; ;2; ;2; ;2; ;.; ; ;1;07;17;162,973002027914;17
3252180;1;1;1;80;1;1;4;4; ;2; ;2; ; ; ; ;9;2;1;07;17;133,828672233492;17
3252180;1;4;1;80;1;2; ; ; ;2; ;2; ;2; ;.; ; ;1;07;17;133,828672233492;17
3252183;1;2;1;80;1;1;1;3; ;2; ;2; ; ; ; ;9;2;1;07;17;229,123511248124;17
3252184;1;1;1;80;1;1;4;5; ;3; ;2; ; ; ; ;10;2;1;07;17;174,709742858385;17
3252184;1;2;1;80;1;1;4;3; ;2; ;2; ; ; ; ;9;2;1;07;17;174,709742858385;17
3252189;1;1;1;80;1;1;4;5; ;3; ;2; ; ; ; ;10;2;1;07;17;201,365308849421;17
3252192;1;2;1;80;1;2; ; ; ;2; ;2; ;2; ;.; ; ;1;07;17;143,255769208446;17
3252193;1;1;1;80;1;2; ; ; ;2; ;2; ;2; ;.; ; ;1;07;17;160,451137155335;17
3252195;1;1;1;80;1;2; ; ; ;2; ;2; ;2; ;.; ; ;1;07;17;93,5533515731853;17
3252195;1;6;1;80;1;1;1;8; ;2; ;2; ; ; ; ;2;2;1;07;17;93,5533515731853;17
3252195;1;7;1;80;1;2; ; ; ;2; ;2; ;2; ;.; ; ;1;07;17;93,5533515731853;17
3252200;1;2;1;80;1;1;3;7; ;2; ;2; ; ; ; ;9;2;1;07;17;157,514374911497;17
3252201;1;2;1;80;1;1;4;4; ;2; ;2; ; ; ; ;8;2;1;07;17;146,225632521477;17
3252203;1;1;1;80;1;1;4;5; ;3; ;2; ; ; ; ;10;2;1;07;17;150,542940670736;17
3252204;1;3;1;80;1;2; ; ; ;2; ;2; ;1;1; ;8; ;1;07;17;219,215314763525;17
3252206;1;3;1;80;1;1;1;2; ;2; ;1;120000; ; ; ;2;2;1;07;17;162,191172060819;17
3252207;1;1;1;80;1;1;4;3; ;1;1;2; ; ; ;CAMBIO DE RESIDENCIA;12;2;1;07;17;212,852616704295;17
3252207;1;2;1;80;1;2; ; ; ;2; ;2; ;2; ;.; ; ;1;07;17;212,852616704295;17
3252207;1;4;1;80;1;1;4;4; ;2; ;2; ; ; ; ;8;2;1;07;17;212,852616704295;17
3252207;1;5;1;80;1;1;2;4; ;2; ;2; ; ; ; ;8;2;1;07;17;212,852616704295;17
3252208;1;1;1;80;1;1;1;8; ;2; ;2; ; ; ; ;8;2;1;07;17;200,583478882326;17
3252209;1;2;1;80;1;1;4;8; ;2; ;2; ; ; ; ;9;2;1;07;11;2835,35328434038;11
3252210;1;1;1;80;1;2; ; ; ;2; ;2; ;2; ;.; ; ;1;07;66;236,870318317413;66
3252210;1;2;1;80;1;1;4;3; ;2; ;2; ; ; ; ;9;2;1;07;66;236,870318317413;66
3252211;1;2;1;80;1;2; ; ; ;2; ;2; ;2; ;.; ; ;1;07;66;288,715923719178;66
3252212;1;1;1;80;1;1;2;3; ;2; ;2; ; ; ; ;9;2;1;07;66;384,615494786459;66
3252218;1;2;1;80;1;1;2;4; ;2; ;2; ; ; ; ;4;2;1;07;66;338,349324869526;66
3252219;1;1;1;80;1;1;2;4; ;2; ;2; ; ;2; ;8;1;1;07;66;243,32279631855;66
3252220;1;1;1;80;1;1;4;9;NO DESEABA TRABAJAR MAS;2; ;2; ; ; ; ;11;2;1;07;66;220,796896880864;66
3252225;1;2;1;80;1;2; ; ; ;2; ;2; ;2; ;.; ; ;1;07;66;276,238256979453;66
3252228;1;2;1;80;1;1;4;4; ;2; ;2; ; ; ; ;8;2;1;07;63;109,287007604062;63
3252233;1;1;1;80;1;1;3;4; ;2; ;2; ; ; ; ;9;2;1;07;76;720,469590644365;76
3252233;1;2;1;80;1;1;4;7; ;2; ;2; ; ; ; ;9;2;1;07;76;720,469590644365;76
3252233;1;4;1;80;1;2; ; ; ;2; ;2; ;2; ;.; ; ;1;07;76;720,469590644365;76
3252234;1;3;1;80;1;1;1;2; ; ; ;2; ; ; ; ;8;2;1;07;76;782,43794561352;76
3252235;1;3;1;80;1;1;1;8; ;2; ;1;70000; ; ;NO TIENE LIBRETA MILITAR;12;2;1;07;76;1427,88545156141;76
3252238;1;2;1;80;1;1;3;3; ;2; ;2; ; ; ; ;9;2;1;07;76;1454,39106570231;76
3252242;1;1;1;80;1;1;4;5; ;3; ;2; ; ; ; ;9;2;1;07;76;983,421949536192;76
3252243;1;2;1;80;1;1;4;6; ;2; ;2; ; ; ; ;9;2;1;07;76;800,761738685696;76
3252244;1;1;1;80;1;1;4;7; ;2; ;2; ; ; ; ;11;2;1;07;76;947,87865491482;76
3252247;1;3;1;80;1;2; ; ; ;2; ;2; ;2; ;.; ; ;1;07;76;997,904121758155;76
3252249;1;3;1;80;1;1;1;6; ;2; ;2; ; ; ; ;1;2;1;07;63;83,0855021771261;63
3252250;1;3;1;80;1;1;1;9;PROBLEMAS DE SALUD MENTAL;2; ;2; ; ; ;PROBLEMAS DE  SALUD MENTAL;12;2;1;07;63;137,760616564116;63
3252250;1;4;1;80;1;2; ; ; ;2; ;2; ;2; ;.; ; ;1;07;63;137,760616564116;63
3252250;1;5;1;80;1;1;4;4; ;2; ;2; ; ; ; ;8;2;1;07;63;137,760616564116;63
3252252;1;1;1;80;1;1;4;3; ;2; ;2; ; ; ; ;9;2;1;07;63;172,422060502923;63
3252256;1;1;1;80;1;1;3;7; ;1;4;2; ; ; ; ;8;2;1;07;63;115,078688152991;63
3252257;1;1;1;80;1;1;4;5; ;3; ;2; ; ; ; ;11;2;1;07;63;122,420558828024;63
3252258;1;3;1;80;1;2; ; ; ; ; ;2; ;2; ;.; ; ;1;07;15;99,8515161848427;15
3252258;1;4;1;80;1;2; ; ; ;2; ;2; ;2; ;.; ; ;1;07;15;99,8515161848427;15
3252259;1;5;1;80;1;2; ; ; ;2; ;2; ;2; ;.; ; ;1;07;15;55,413611189158;15
3252260;1;2;1;80;1;2; ; ; ;2; ;2; ;2; ;.; ; ;1;07;15;107,625806605192;15
3252260;1;3;1;80;1;1;4;5; ;3; ;2; ; ; ; ;10;2;1;07;15;107,625806605192;15
3252261;1;3;1;80;1;2; ; ; ;2; ;2; ;2; ;.; ; ;1;07;15;101,729515958637;15
3252261;1;4;1;80;1;2; ; ; ; ; ;2; ;2; ;.; ; ;1;07;15;101,729515958637;15
3252262;1;2;1;80;1;1;4;3; ;2; ;2; ; ; ; ;9;2;1;07;15;102,268123186961;15
3252262;1;3;1;80;1;2; ; ; ;2; ;2; ;2; ;.; ; ;1;07;15;102,268123186961;15
3252263;1;3;1;80;1;2; ; ; ;2; ;2; ;2; ;.; ; ;1;07;15;98,5255771241409;15
3252264;1;4;1;80;1;2; ; ; ;2; ;2; ;2; ;.; ; ;1;07;15;81,923055649089;15
3252265;1;3;1;80;1;2; ; ; ; ; ;2; ;2; ;.; ; ;1;07;15;102,268123186961;15
3252268;1;2;1;80;1;1;4;4; ;2; ;2; ; ; ; ;4;2;1;07;15;77,7761023317652;15
3252269;1;8;1;80;1;2; ; ; ;2; ;2; ;2; ;.; ; ;1;07;15;120,961097298078;15
3252271;1;1;1;80;1;2; ; ; ;2; ;2; ;2; ;.; ; ;1;07;15;112,544517264947;15
3252272;1;2;1;80;1;2; ; ; ;2; ;2; ;1;1; ;9; ;1;07;15;104,942604275779;15
3252273;1;3;1;80;1;2; ; ; ; ; ;2; ;2; ;.; ; ;1;07;15;91,0743986634642;15
3252274;1;2;1;80;1;1;1;3; ;2; ;2; ; ; ; ;9;2;1;07;15;105,387719152733;15
3252275;1;1;1;80;1;1;2;1; ;2; ;2; ; ;1; ;8;1;1;07;15;61,445358237762;15
3252275;1;3;1;80;1;2; ; ; ;2; ;2; ;2; ;.; ; ;1;07;15;61,445358237762;15
3252275;1;4;1;80;1;2; ; ; ; ; ;2; ;2; ;.; ; ;1;07;15;61,445358237762;15
3252276;1;4;1;80;1;2; ; ; ;2; ;2; ;2; ;.; ; ;1;07;15;76,1379121993589;15
3252276;1;5;1;80;1;2; ; ; ;2; ;2; ;2; ;.; ; ;1;07;15;76,1379121993589;15
3252278;1;1;1;80;1;2; ; ; ;2; ;2; ;2; ;.; ; ;1;07;15;85,2633154625849;15
3252278;1;3;1;80;1;2; ; ; ;2; ;2; ;2; ;.; ; ;1;07;15;85,2633154625849;15
3252278;1;6;1;80;1;2; ; ; ;2; ;2; ;2; ;.; ; ;1;07;15;85,2633154625849;15
3252287;1;1;1;80;1;1;2;4; ;2; ;2; ; ; ; ;4;2;1;07;15;94,3786238068172;15
3252290;1;1;1;80;1;1;1;3; ;2; ;2; ; ; ; ;9;2;1;07;15;102,806730415286;15
3252291;1;4;1;80;1;2; ; ; ; ; ;2; ;2; ;.; ; ;1;07;15;53,8319190469361;15
3252292;1;3;1;80;1;2; ; ; ;2; ;2; ;2; ;.; ; ;1;07;15;46,8504043126698;15
3252292;1;6;1;80;1;2; ; ; ; ; ;2; ;2; ;.; ; ;1;07;15;46,8504043126698;15
3252293;1;2;1;80;1;2; ; ; ;2; ;2; ;2; ;.; ; ;1;07;15;60,4957656752356;15
3252294;1;1;1;80;1;1;1;2; ;2; ;2; ; ; ; ;2;2;1;07;15;66,8193004755027;15
3252295;1;2;1;80;1;2; ; ; ;2; ;2; ;2; ;.; ; ;1;07;15;69,1793908452432;15
3252295;1;3;1;80;1;2; ; ; ;2; ;2; ;2; ;.; ; ;1;07;15;69,1793908452432;15
3252296;1;2;1;80;1;2; ; ; ; ; ;2; ;2; ;.; ; ;1;07;15;70,434440521988;15
3252296;1;3;1;80;1;2; ; ; ; ; ;2; ;2; ;.; ; ;1;07;15;70,434440521988;15
3252297;1;3;1;80;1;2; ; ; ;2; ;2; ;2; ;.; ; ;1;07;15;85,1269944835849;15
3252297;1;4;1;80;1;2; ; ; ;2; ;2; ;2; ;.; ; ;1;07;15;85,1269944835849;15
3252297;1;5;1;80;1;2; ; ; ; ; ;2; ;2; ;.; ; ;1;07;15;85,1269944835849;15
3252298;1;3;1;80;1;2; ; ; ;2; ;2; ;2; ;.; ; ;1;07;15;77,7761023317652;15
3252299;1;2;1;80;1;2; ; ; ;2; ;2; ;2; ;.; ; ;1;07;15;84,9121427465844;15
3252300;1;2;1;80;1;1;2;3; ;2; ;2; ; ; ; ;9;2;1;07;15;70,7262282736512;15
3252301;1;2;1;80;1;2; ; ; ;2; ;2; ;2; ;.; ; ;1;07;15;108,393362586936;15
3252303;1;1;1;80;1;1;1;4; ;2; ;2; ; ; ; ;9;2;1;07;27;104,964552973615;27
3252335;1;3;1;80;1;1;4;5; ;3; ;2; ; ; ; ;10;2;1;07;63;102,263649294992;63
3252336;1;2;1;80;1;2; ; ; ; ; ;2; ;2; ;.; ; ;1;07;63;121,33168977472;63
3252336;1;3;1;80;1;2; ; ; ;2; ;2; ;2; ;.; ; ;1;07;63;121,33168977472;63
3252337;1;3;1;80;1;1;1;8; ;2; ;2; ; ; ; ;2;2;1;07;63;85,4310183139772;63
3252337;1;4;1;80;1;1;1;8; ;2; ;2; ; ; ; ;2;2;1;07;63;85,4310183139772;63
3252341;1;4;1;80;1;2; ; ; ;2; ;2; ;2; ;.; ; ;1;07;63;147,452232836129;63
3252343;1;2;1;80;1;1;3;4; ;1;1;2; ; ; ; ;4;2;1;07;63;157,48741363496;63
3252345;1;3;1;80;1;2; ; ; ;2; ;2; ;2; ;.; ; ;1;07;63;142,80546889355;63
3252348;1;2;1;80;1;1;4;3; ;2; ;2; ; ; ; ;9;2;1;07;54;253,052413875483;54
3252348;1;5;1;80;1;2; ; ; ;2; ;2; ;2; ;.; ; ;1;07;54;253,052413875483;54
3252348;1;6;1;80;1;1;4;6; ;2; ;2; ; ; ; ;9;2;1;07;54;253,052413875483;54
3252350;1;1;1;80;1;1;4;5; ;3; ;2; ; ; ; ;11;2;1;07;54;554,062439119908;54
3252351;1;1;1;80;1;1;4;4; ;2; ;2; ; ; ; ;4;2;1;07;54;453,739788845713;54
3252351;1;2;1;80;1;1;4;6; ;2; ;2; ; ; ; ;4;2;1;07;54;453,739788845713;54
3252352;1;3;1;80;1;1;4;6; ;2; ;2; ; ; ; ;4;2;1;07;54;391,418796185792;54
3252353;1;1;1;80;1;1;4;6; ;2; ;2; ; ; ; ;9;2;1;07;54;350,075100325528;54
3252354;1;2;1;80;1;1;4;3; ;2; ;2; ; ; ; ;9;2;1;07;54;378,872587885999;54
3252354;1;4;1;80;1;2; ; ; ;2; ;2; ;2; ;.; ; ;1;07;54;378,872587885999;54
3252355;1;1;1;80;1;1;2;4; ;2; ;2; ; ; ; ;4;2;1;07;54;469,715789879644;54
3252356;1;2;1;80;1;1;3;6; ;2; ;2; ; ; ; ;9;2;1;07;54;309,354958271209;54
3252360;1;4;1;80;1;2; ; ; ; ; ;2; ;2; ;.; ; ;1;07;54;423,593691576796;54
3252361;1;2;1;80;1;1;2;6; ;2; ;2; ; ; ; ;9;2;1;07;54;492,651627426157;54
3252363;1;1;1;80;1;1;2;5; ;3; ;2; ; ; ; ;10;2;1;07;54;310,11849195817;54
3252363;1;3;1;80;1;1;4;8; ;2; ;2; ; ; ; ;1;2;1;07;54;310,11849195817;54
3252363;1;4;1;80;1;1;3;7; ;2; ;2; ; ; ; ;5;2;1;07;54;310,11849195817;54
3252363;1;5;1;80;1;1;3;4; ;2; ;2; ; ; ; ;7;2;1;07;54;310,11849195817;54
3252363;1;6;1;80;1;1;4;4; ;2; ;2; ; ; ; ;4;2;1;07;54;310,11849195817;54
3252364;1;5;1;80;1;1;4;5; ;2; ;2; ; ; ; ;8;2;1;07;54;412,974576476739;54
3252365;1;1;1;80;1;1;1;6; ;1;2;2; ; ; ; ;8;2;1;07;54;473,563073999572;54
3252366;1;2;1;80;1;1;4;4; ;2; ;2; ; ; ; ;4;2;1;07;54;435,504997137167;54
3252366;1;4;1;80;1;1;1;8; ;2; ;2; ; ; ; ;2;2;1;07;54;435,504997137167;54
3252366;1;5;1;80;1;2; ; ; ; ; ;2; ;2; ;.; ; ;1;07;54;435,504997137167;54
3252366;1;6;1;80;1;2; ; ; ;2; ;2; ;2; ;.; ; ;1;07;54;435,504997137167;54
3252367;1;4;1;80;1;1;1;2; ;2; ;2; ; ; ; ;2;2;1;07;54;289,472892633393;54
3252370;1;3;1;80;1;2; ; ; ; ; ;2; ;2; ;.; ; ;1;07;54;336,699263265867;54
3252374;1;2;1;80;1;1;4;3; ;2; ;2; ; ; ; ;9;2;1;07;54;423,593691576796;54
3252374;1;3;1;80;1;1;1;2; ;2; ;2; ; ; ; ;2;2;1;07;54;423,593691576796;54
3252374;1;4;1;80;1;2; ; ; ;2; ;2; ;2; ;.; ; ;1;07;54;423,593691576796;54
3252380;1;3;1;80;1;2; ; ; ;2; ;2; ;1;1; ;8; ;1;07;54;348,437502221033;54
3252381;1;2;1;80;1;2; ; ; ; ; ;2; ;2; ;.; ; ;1;07;54;324,442550061315;54
3252382;1;3;1;80;1;2; ; ; ;2; ;2; ;2; ;.; ; ;1;07;54;393,158605911829;54
3252383;1;1;1;80;1;2; ; ; ;2; ;2; ;1;4; ;5; ;1;07;54;431,38974937944;54
3252383;1;2;1;80;1;1;2;4; ;2; ;2; ; ; ; ;4;2;1;07;54;431,38974937944;54
3252384;1;2;1;80;1;1;1;6; ;2; ;1;600000; ; ; ;11;2;1;07;54;337,264036587856;54
3252384;1;4;1;80;1;2; ; ; ;2; ;2; ;2; ;.; ; ;1;07;54;337,264036587856;54
3252385;1;2;1;80;1;1;4;3; ;2; ;2; ; ; ; ;9;2;1;07;54;409,307673550965;54
3252385;1;4;1;80;1;1;1;2; ;2; ;2; ; ; ; ;2;2;1;07;54;409,307673550965;54
3252385;1;5;1;80;1;2; ; ; ; ; ;2; ;2; ;.; ; ;1;07;54;409,307673550965;54
3252386;1;2;1;80;1;1;4;3; ;2; ;2; ; ; ; ;9;2;1;07;54;378,872587885999;54
3252386;1;3;1;80;1;2; ; ; ;2; ;2; ;2; ;.; ; ;1;07;54;378,872587885999;54
3252386;1;4;1;80;1;2; ; ; ;2; ;2; ;2; ;.; ; ;1;07;54;378,872587885999;54
3252389;1;1;1;80;1;1;4;6; ;2; ;2; ; ; ; ;9;2;1;07;54;459,31956810273;54
3252389;1;2;1;80;1;1;4;4; ;2; ;2; ; ; ; ;4;2;1;07;54;459,31956810273;54
3252389;1;3;1;80;1;1;4;4; ;2; ;2; ; ; ; ;4;2;1;07;54;459,31956810273;54
3252390;1;1;1;80;1;1;4;3; ;2; ;2; ; ; ; ;9;2;1;07;54;431,38974937944;54
3252391;1;2;1;80;1;1;2;4; ;2; ;2; ; ; ; ;4;2;1;07;54;414,598464411933;54
3252391;1;3;1;80;1;1;3;4; ;2; ;2; ; ; ; ;4;2;1;07;54;414,598464411933;54
3252393;1;3;1;80;1;1;1;8; ;2; ;2; ; ; ; ;9;2;1;07;23;117,74152293243;23
3252394;1;2;1;80;1;2; ; ; ;2; ;2; ;2; ;.; ; ;1;07;23;172,573197611604;23
3252394;1;3;1;80;1;2; ; ; ;2; ;2; ;2; ;.; ; ;1;07;23;172,573197611604;23
3252394;1;4;1;80;1;2; ; ; ;2; ;2; ;2; ;.; ; ;1;07;23;172,573197611604;23
3252394;1;5;1;80;1;2; ; ; ; ; ;2; ;2; ;.; ; ;1;07;23;172,573197611604;23
3252395;1;3;1;80;1;2; ; ; ;2; ;2; ;2; ;.; ; ;1;07;23;142,210767562667;23
3252395;1;5;1;80;1;2; ; ; ;2; ;2; ;2; ;.; ; ;1;07;23;142,210767562667;23
3252396;1;3;1;80;1;2; ; ; ;2; ;2; ;2; ;.; ; ;1;07;23;132,045353286238;23
3252398;1;1;1;80;1;1;4;4; ;2; ;2; ; ; ; ;4;2;1;07;23;84,589131642448;23
3252398;1;3;1;80;1;2; ; ; ;2; ;2; ;2; ;.; ; ;1;07;23;84,589131642448;23
3252398;1;4;1;80;1;1;1;8; ;2; ;2; ; ; ;ESTA  EMBARAZADA;12;2;1;07;23;84,589131642448;23
3252398;1;8;1;80;1;2; ; ; ;2; ;2; ;2; ;.; ; ;1;07;23;84,589131642448;23
3252399;1;2;1;80;1;2; ; ; ; ; ;2; ;2; ;.; ; ;1;07;23;86,2315349507568;23
3252399;1;3;1;80;1;2; ; ; ;2; ;2; ;2; ;.; ; ;1;07;23;86,2315349507568;23
3252399;2;1;2;80;1;1;1;4; ;2; ;2; ; ; ; ;4;2;1;07;23;86,2315349507568;23
3252399;2;2;2;80;1;2; ; ; ;2; ;2; ;2; ;.; ; ;1;07;23;86,2315349507568;23
3252399;2;3;2;80;1;2; ; ; ; ; ;2; ;2; ;.; ; ;1;07;23;86,2315349507568;23
3252401;1;1;1;80;1;1;2;4; ;2; ;2; ; ; ; ;4;2;1;07;23;117,21015536834;23
3252401;1;2;1;80;1;1;3;4; ;2; ;2; ; ; ; ;4;2;1;07;23;117,21015536834;23
3252401;1;6;1;80;1;2; ; ; ;2; ;2; ;2; ;.; ; ;1;07;23;117,21015536834;23
3252404;1;1;1;80;1;1;3;4; ;2; ;2; ; ; ; ;4;2;1;07;23;144,505927361727;23
3252404;1;4;1;80;1;1;2;3; ;2; ;2; ; ;1; ;6;1;1;07;23;144,505927361727;23
3252405;1;2;1;80;1;1;1;2; ;2; ;2; ; ; ; ;2;2;1;07;23;124,307942827314;23
3252406;1;3;1;80;1;2; ; ; ;2; ;2; ;2; ;.; ; ;1;07;23;147,361632859823;23
3252408;1;3;1;80;1;1;1;8; ;2; ;2; ; ; ; ;2;2;1;07;23;142,93260969878;23
3252409;1;2;1;80;1;2; ; ; ;2; ;2; ;2; ;.; ; ;1;07;23;124,307942827314;23
3252409;1;4;1;80;1;1;1;4; ;2; ;2; ; ; ; ;4;2;1;07;23;124,307942827314;23
3252410;1;1;1;80;1;1;4;4; ;2; ;2; ; ; ; ;4;2;1;07;23;174,663071249912;23
3252411;1;1;1;80;1;1;4;4; ;2; ;2; ; ; ; ;4;2;1;07;23;116,807759476959;23
3252412;1;3;1;80;1;2; ; ; ;2; ;2; ;2; ;.; ; ;1;07;23;153,320562535576;23
3252414;1;1;1;80;1;1;4;3; ;2; ;2; ; ; ; ;9;2;1;07;23;121,416878812037;23
3252419;1;1;1;80;1;1;4;4; ;2; ;2; ; ; ; ;8;2;1;07;23;168,492412087803;23
3252419;1;2;1;80;1;2; ; ; ;2; ;2; ;2; ;.; ; ;1;07;23;168,492412087803;23
3252419;1;7;1;80;1;2; ; ; ;2; ;2; ;2; ;.; ; ;1;07;23;168,492412087803;23
3252422;1;2;1;80;1;2; ; ; ;2; ;2; ;2; ;.; ; ;1;07;73;225,264520203832;73
3252423;1;2;1;80;1;2; ; ; ;2; ;2; ;2; ;.; ; ;1;07;73;307,508826340634;73
3252424;1;1;1;80;1;1;4;1; ;3; ;2; ; ; ; ;8;2;1;07;73;164,14459693019;73
3252424;1;2;1;80;1;1;4;3; ;2; ;2; ; ; ; ;9;2;1;07;73;164,14459693019;73
3252425;1;1;1;80;1;1;4;5; ;3; ;2; ; ; ; ;10;2;1;07;73;225,101369021302;73
3252425;1;2;1;80;1;1;4;5; ;3; ;2; ; ; ; ;10;2;1;07;73;225,101369021302;73
3252425;1;3;1;80;1;1;4;5; ;3; ;2; ; ; ; ;10;2;1;07;73;225,101369021302;73
3252428;1;3;1;80;1;1;2;9;PRESTAR SERVICIO MILITAR;2; ;2; ; ;1; ;7;1;1;07;73;340,798908461051;73
3252429;1;1;1;80;1;1;4;4; ;3; ;2; ; ; ; ;4;2;1;07;73;289,885744666427;73
3252430;1;3;1;80;1;2; ; ; ;2; ;2; ;2; ;.; ; ;1;07;73;248,759873247587;73
3252430;1;4;1;80;1;2; ; ; ;2; ;2; ;2; ;.; ; ;1;07;73;248,759873247587;73
3252431;1;2;1;80;1;2; ; ; ;2; ;2; ;2; ;.; ; ;1;07;73;307,617497816691;73
3252432;1;2;1;80;1;1;4;4; ;2; ;2; ; ; ; ;6;2;1;07;73;394,39287899815;73
3252432;1;3;1;80;1;1;2;7; ;2; ;2; ; ;1; ;4;1;1;07;73;394,39287899815;73
3252432;1;6;1;80;1;1;3;3; ;2; ;2; ; ; ; ;9;2;1;07;73;394,39287899815;73
3252432;1;10;1;80;1;2; ; ; ;2; ;2; ;1;1; ;8; ;1;07;73;394,39287899815;73
3252433;1;2;1;80;1;2; ; ; ;2; ;2; ;2; ;.; ; ;1;07;73;307,260710411434;73
3252439;1;3;1;80;1;1;1;8; ;2; ;1;36000; ; ;SE OCUPA SOLO EN VACACIONES (LE AYUDO A LA MAMA EN JUNIO);12;2;1;07;73;200,907745636125;73
3252439;1;4;1;80;1;1;1;8; ; ; ;2; ; ; ; ;2;2;1;07;73;200,907745636125;73
3252441;1;3;1;80;1;1;4;5; ;3; ;2; ; ; ; ;4;2;1;07;73;228,294873425359;73
3252442;1;2;1;80;1;2; ; ; ;2; ;2; ;2; ;.; ; ;1;07;20;140,90442612539;20
3252442;1;4;1;80;1;2; ; ; ;2; ;2; ;2; ;.; ; ;1;07;20;140,90442612539;20
3252443;1;3;1;80;1;2; ; ; ;2; ;2; ;2; ;.; ; ;1;07;20;176,112373994199;20
3252444;1;2;1;80;1;2; ; ; ; ; ;2; ;2; ;.; ; ;1;07;20;69,3958254983106;20
3252444;1;4;1;80;1;2; ; ; ;2; ;2; ;2; ;.; ; ;1;07;20;69,3958254983106;20
3252446;1;2;1;80;1;1;1;3; ;2; ;2; ; ; ; ;9;2;1;07;20;155,308471569882;20
3252446;1;3;1;80;1;2; ; ; ;2; ;2; ;2; ;.; ; ;1;07;20;155,308471569882;20
3252446;1;4;1;80;1;2; ; ; ; ; ;2; ;2; ;.; ; ;1;07;20;155,308471569882;20
3252447;1;2;1;80;1;1;4;4; ;2; ;2; ; ; ; ;4;2;1;07;20;188,840593842566;20
3252448;1;6;1;80;1;2; ; ; ;2; ;2; ;2; ;.; ; ;1;07;20;122,082314273672;20
3252449;1;2;1;80;1;1;1;8; ;2; ;2; ; ; ; ;2;2;1;07;20;110,753775044647;20
3252450;1;1;1;80;1;1;3;4; ;2; ;2; ; ; ; ;4;2;1;07;20;96,5094228508802;20
3252455;1;1;1;80;1;1;4;4; ;3; ;2; ; ; ; ;4;2;1;07;20;146,558365696825;20
3252457;1;4;1;80;1;2; ; ; ; ; ;2; ;2; ;.; ; ;1;07;20;155,308471569882;20
3252458;1;4;1;80;1;2; ; ; ;2; ;2; ;2; ;.; ; ;1;07;20;186,746221497658;20
3252459;1;3;1;80;1;2; ; ; ;2; ;2; ;2; ;.; ; ;1;07;20;144,688045591402;20
3252460;1;2;1;80;1;1;4;3; ;2; ;2; ; ; ; ;9;2;1;07;20;141,3911239951;20
3252461;1;2;1;80;1;1;1;5; ;2; ;2; ; ; ; ;4;2;1;07;20;147,685771293131;20
3252464;1;4;1;80;1;2; ; ; ;2; ;2; ;2; ;.; ; ;1;07;20;108,323591774036;20
3252464;1;5;1;80;1;2; ; ; ;2; ;2; ;2; ;.; ; ;1;07;20;108,323591774036;20
3252464;1;6;1;80;1;2; ; ; ;2; ;2; ;2; ;.; ; ;1;07;20;108,323591774036;20
3252464;1;7;1;80;1;2; ; ; ;2; ;2; ;2; ;.; ; ;1;07;20;108,323591774036;20
3252466;1;1;1;80;1;1;1;4; ;2; ;2; ; ; ; ;4;2;1;07;20;73,1450981967596;20
3252466;1;4;1;80;1;2; ; ; ;2; ;2; ;2; ;.; ; ;1;07;20;73,1450981967596;20
3252467;1;2;1;80;1;2; ; ; ;2; ;2; ;2; ;.; ; ;1;07;20;163,015721442272;20
3252469;1;2;1;80;1;1;1;6; ;2; ;2; ; ; ; ;5;2;1;07;20;146,398672446099;20
3252469;1;4;1;80;1;2; ; ; ; ; ;2; ;2; ;.; ; ;1;07;20;146,398672446099;20
3252470;2;1;2;80;1;1;2;2; ;2; ;2; ; ; ; ;2;2;1;07;68;519,070720765581;68
3252471;1;3;1;80;1;1;2;2; ;2; ;2; ; ; ; ;2;2;1;07;68;561,692788221969;68
3252471;1;4;1;80;1;2; ; ; ;2; ;2; ;2; ;.; ; ;1;07;68;561,692788221969;68
3252472;1;1;1;80;1;1;4;5; ;3; ;2; ; ; ; ;10;2;1;07;68;965,875499150248;68
3252477;1;1;1;80;1;1;4;3; ;2; ;2; ; ; ; ;9;2;1;07;63;722,970442226787; 
3252477;1;5;1;80;1;2; ; ; ;2; ;2; ;2; ;.; ; ;1;07;63;722,970442226787; 
3252478;1;1;1;80;1;1;4;4; ;2; ;2; ; ; ; ;4;2;1;07;63;722,970442226787; 
3252479;1;3;1;80;1;2; ; ; ; ; ;2; ;2; ;.; ; ;1;07;63;1628,53052658637; 
3252480;1;3;1;80;1;1;1;3; ;2; ;2; ; ; ; ;2;2;1;07;63;1961,09950137739; 
3252481;1;2;1;80;1;2; ; ; ; ; ;2; ;2; ;.; ; ;1;07;63;1668,41962774417; 
3252488;1;1;1;80;1;1;4;3; ;2; ;2; ; ; ; ;9;2;1;07;63;722,970442226787; 
3252488;1;2;1;80;1;1;2;7; ;3; ;2; ; ; ; ;8;2;1;07;63;722,970442226787; 
3252490;1;2;1;80;1;1;3;3; ;2; ;2; ; ; ; ;9;2;1;07;63;1597,92551023866; 
3252491;1;3;1;80;1;1;1;2; ;2; ;1;120000; ; ; ;2;2;1;07;63;1597,92551023866; 
3252492;1;3;1;80;1;2; ; ; ;2; ;2; ;2; ;.; ; ;1;07;63;1860,87759539916; 
3252506;1;2;1;80;1;1;3;7; ;2; ;2; ; ; ; ;2;2;1;07;63;1249,90776016219; 
3252507;1;1;1;80;1;1;4;4; ;2; ;2; ; ; ; ;8;2;1;07;63;1409,50964520085; 
3252513;1;1;1;80;1;1;3;5; ;3; ;2; ; ; ; ;4;2;1;07;68;1051,11963406302;68
3252513;1;2;1;80;1;1;3;5; ;3; ;2; ; ; ; ;8;2;1;07;68;1051,11963406302;68
3252514;1;2;1;80;1;1;3;4; ;2; ;2; ; ; ; ;8;2;1;07;68;503,407379416491;68
3252515;1;1;1;80;1;1;4;3; ;2; ;1;100000; ; ; ;9;2;1;07;68;1010,18037438029;68
3252515;1;2;1;80;1;2; ; ; ;2; ;2; ;2; ;.; ; ;1;07;68;1010,18037438029;68
3252517;1;1;1;80;1;2; ; ; ;2; ;1;150000;2; ;.; ; ;1;07;68;569,003434420667;68
3252520;1;1;1;80;1;1;4;3; ;2; ;2; ; ; ; ;9;2;1;07;68;563,541367844159;68
3252522;1;1;1;80;1;1;4;5; ;3; ;2; ; ; ; ;10;2;1;07;63;1010,43319252991; 
3252522;1;2;1;80;1;2; ; ; ;2; ;2; ;2; ;.; ; ;1;07;63;1010,43319252991; 
3252523;1;3;1;80;1;2; ; ; ;2; ;2; ;2; ;.; ; ;1;07;63;1105,75465040899; 
3252526;1;1;1;80;1;2; ; ; ;3; ;2; ;2; ;.; ; ;1;07;63;1410,03842292137; 
3252527;1;2;1;80;1;1;4;9;LOS HIJOS NO LA DEJARON TRABAJAR MAS;2; ;2; ; ; ;LOS HIJOS NO LA DEJAN TRABAJAR;12;2;1;07;63;722,970442226787; 
3252533;1;2;1;80;1;1;4;3; ;2; ;2; ; ; ; ;8;2;1;07;63;722,970442226787; 
3252535;1;2;1;80;1;2; ; ; ;2; ;2; ;1;4; ;4; ;1;07;63;1736,25239708685; 
3252536;1;1;1;80;1;1;4;5; ;3; ;2; ; ; ; ;10;2;1;07;63;1373,60718366864; 
3252537;1;2;1;80;1;1;1;8; ;2; ;2; ; ; ;ESTA ESPERANDO QUE LA LLAMEN;12;2;1;07;63;2490,57882833478; 
3252549;1;1;1;80;1;2; ; ; ;2; ;2; ;1;1; ;9; ;1;07;63;2438,6988137966; 
3252549;1;3;1;80;1;2; ; ; ;2; ;2; ;2; ;.; ; ;1;07;63;2438,6988137966; 
3252551;1;2;1;80;1;2; ; ; ;2; ;2; ;2; ;.; ; ;1;07;63;1031,70819072037; 
3252558;1;2;1;80;1;1;4;7; ;2; ;2; ; ; ; ;4;2;1;07;68;577,680439185927;68
3252561;1;2;1;80;1;1;1;8; ;2; ;1;40000; ; ; ;9;2;1;07;63;850,302529770732; 
3252562;1;2;1;80;1;2; ; ; ; ; ;2; ;2; ;.; ; ;1;07;63;1668,41962774417; 
3252563;1;1;1;80;1;2; ; ; ;2; ;2; ;2; ;.; ; ;1;07;63;722,970442226787; 
3252564;1;2;1;80;1;2; ; ; ;2; ;2; ;2; ;.; ; ;1;07;63;722,970442226787; 
3252564;1;3;1;80;1;2; ; ; ;2; ;2; ;2; ;.; ; ;1;07;63;722,970442226787; 
3252565;1;2;1;80;1;1;4;8; ;2; ;2; ; ; ; ;9;2;1;07;63;1546,33802992366; 
3252565;1;3;1;80;1;2; ; ; ;2; ;2; ;2; ;.; ; ;1;07;63;1546,33802992366; 
3252565;1;4;1;80;1;2; ; ; ; ; ;2; ;2; ;.; ; ;1;07;63;1546,33802992366; 
3252571;1;2;1;80;1;1;4;3; ;2; ;2; ; ;4; ;9;1;1;07;63;1174,40918463507; 
3252572;1;1;1;80;1;1;4;5; ;3; ;2; ; ; ; ;11;2;1;07;63;722,970442226787; 
3252572;1;2;1;80;1;2; ; ; ;2; ;2; ;2; ;.; ; ;1;07;63;722,970442226787; 
3252572;1;3;1;80;1;1;4;5; ;3; ;2; ; ; ; ;4;2;1;07;63;722,970442226787; 
3252573;1;2;1;80;1;1;4;3; ;2; ;2; ; ; ; ;11;2;1;07;63;722,970442226787; 
3252573;1;3;1;80;1;1;1;6; ;2; ;2; ; ;1; ;2;1;1;07;63;722,970442226787; 
3252575;1;1;1;80;1;1;1;3; ;2; ;2; ; ; ; ;9;2;1;07;63;722,970442226787; 
3252575;1;2;1;80;1;1;4;4; ;2; ;2; ; ; ; ;4;2;1;07;63;722,970442226787; 
3252578;1;1;1;80;1;1;2;4; ;2; ;2; ; ; ; ;4;2;1;07;63;722,970442226787; 
3252578;1;2;1;80;1;1;3;4; ;2; ;2; ; ;2; ;4;1;1;07;63;722,970442226787; 
3252580;1;1;1;80;1;1;1;8; ;2; ;2; ; ; ; ;4;2;1;07;63;722,970442226787; 
3252580;1;2;1;80;1;1;4;3; ;2; ;2; ; ; ; ;9;2;1;07;63;722,970442226787; 
3252591;1;1;1;80;1;1;4;8; ;2; ;2; ; ; ; ;11;2;1;07;63;1090,79563555761; 
3252592;1;2;1;80;1;1;4;3; ;2; ;2; ; ; ; ;2;2;1;07;63;1683,57586880643; 
3252599;1;3;1;80;1;2; ; ; ;2; ;2; ;2; ;.; ; ;1;07;68;681,348172459667;68
3252600;1;2;1;80;1;2; ; ; ; ; ;2; ;2; ;.; ; ;1;07;68;583,759602571285;68
3252602;1;1;1;80;1;1;4;5; ;3; ;2; ; ; ; ;10;2;1;07;68;545,357994367866;68
3252602;1;2;1;80;1;1;4;3; ;2; ;2; ; ; ; ;9;2;1;07;68;545,357994367866;68
3252603;1;1;1;80;1;1;3;7; ;3; ;2; ; ; ; ;8;2;1;07;68;545,357994367866;68
3252603;1;2;1;80;1;2; ; ; ;2; ;2; ;2; ;.; ; ;1;07;68;545,357994367866;68
3252604;1;1;1;80;1;1;4;3; ;2; ;2; ; ; ; ;2;2;1;07;68;577,680439185927;68
3252608;1;1;1;80;1;1;2;9;FALTA DE RECURSOS ECONOMICOS;2; ;2; ; ; ;FALTA DE RECURSOS ECONOMICOS;12;2;1;07;41;117,473861910618;41
3252608;1;2;1;80;1;2; ; ; ; ; ;2; ;2; ;.; ; ;1;07;41;117,473861910618;41
3252609;1;3;1;80;1;2; ; ; ; ; ;2; ;2; ;.; ; ;1;07;41;169,986152843386;41
3252610;1;2;1;80;1;1;4;3; ;2; ;2; ; ; ; ;9;2;1;07;41;151,901970915473;41
3252610;1;3;1;80;1;2; ; ; ;2; ;2; ;2; ;.; ; ;1;07;41;151,901970915473;41
3252613;1;1;1;80;1;1;1;9;ROBO DE LA MERCANCIA EN SU HOGAR;2; ;2; ; ; ; ;9;2;1;07;41;130,48511581464;41
3252614;1;2;1;80;1;1;1;6; ;2; ;2; ; ; ;MAL PAGO EL TRABAJO;12;2;1;07;41;136,998759470913;41
3252614;1;3;1;80;1;2; ; ; ;2; ;2; ;2; ;.; ; ;1;07;41;136,998759470913;41
3252614;1;4;1;80;1;2; ; ; ;2; ;2; ;2; ;.; ; ;1;07;41;136,998759470913;41
3252618;1;5;1;80;1;2; ; ; ;2; ;2; ;2; ;.; ; ;1;07;41;188,222037460867;41
3252619;1;2;1;80;1;2; ; ; ;2; ;2; ;2; ;.; ; ;1;07;08;610,473878617579;08
3252619;1;3;1;80;1;2; ; ; ; ; ;2; ;2; ;.; ; ;1;07;08;610,473878617579;08
3252621;1;1;1;80;1;1;4;5; ;3; ;2; ; ; ; ;4;2;1;07;08;525,156224931807;08
3252621;1;2;1;80;1;1;4;5; ;3; ;2; ; ; ; ;10;2;1;07;08;525,156224931807;08
3252623;1;1;1;80;1;1;4;3; ;2; ;2; ; ; ; ;9;2;1;07;08;512,753636117577;08
3252624;1;3;1;80;1;2; ; ; ;2; ;2; ;2; ;.; ; ;1;07;08;610,473878617579;08
3252626;1;1;1;80;1;1;4;5; ;3; ;2; ; ; ; ;10;2;1;07;08;596,273324265129;08
3252626;1;2;1;80;1;1;4;5; ;3; ;2; ; ; ; ;10;2;1;07;08;596,273324265129;08
3252627;1;2;1;80;1;1;4;3; ;2; ;2; ; ; ; ;9;2;1;07;08;506,150686613462;08
3252627;1;3;1;80;1;2; ; ; ;2; ;2; ;2; ;.; ; ;1;07;08;506,150686613462;08
3252627;1;4;1;80;1;2; ; ; ; ; ;2; ;2; ;.; ; ;1;07;08;506,150686613462;08
3252629;1;1;1;80;1;1;4;5; ;3; ;2; ; ; ; ;10;2;1;07;08;525,156224931807;08
3252630;1;1;1;80;1;1;3;4; ;2; ;2; ; ; ; ;4;2;1;07;08;584,246066607645;08
3252631;1;1;1;80;1;2; ; ; ;2; ;2; ;2; ;.; ; ;1;07;08;422,770943588125;08
3252633;1;2;1;80;1;2; ; ; ;2; ;2; ;2; ;.; ; ;1;07;08;467,730191019064;08
3252633;1;3;1;80;1;2; ; ; ;2; ;2; ;2; ;.; ; ;1;07;08;467,730191019064;08
3252634;1;2;1;80;1;2; ; ; ;2; ;2; ;2; ;.; ; ;1;07;08;562,192487761032;08
3252635;1;3;1;80;1;2; ; ; ; ; ;2; ;2; ;.; ; ;1;07;08;622,666562202042;08
3252636;1;3;1;80;1;1;2;8; ;2; ;2; ; ; ; ;3;2;1;07;08;622,666562202042;08
3252638;1;1;1;80;1;1;2;4; ;2; ;2; ; ; ; ;4;2;1;07;52;148,062865460603;52
3252638;1;4;1;80;1;1;1;8; ;2; ;2; ; ; ; ;2;2;1;07;52;148,062865460603;52
3252640;1;1;1;80;1;1;2;4; ;2; ;2; ; ; ; ;9;2;1;07;52;201,535578895039;52
3252641;1;2;1;80;1;2; ; ; ;2; ;2; ;2; ;.; ; ;1;07;52;112,457955416052;52
3252644;1;2;1;80;1;1;1;3; ;2; ;2; ; ; ; ;9;2;1;07;52;409,671423285019;52
3252645;1;1;1;80;1;1;4;8; ;2; ;2; ; ; ; ;6;2;1;07;52;146,885013802804;52
3252646;1;2;1;80;1;2; ; ; ; ; ;2; ;2; ;.; ; ;1;07;52;177,849049028768;52
3252646;1;4;1;80;1;1;4;4; ;2; ;2; ; ; ; ;9;2;1;07;52;177,849049028768;52
3252649;1;2;1;80;1;1;4;9;EDAD;1;2;2; ; ; ; ;8;2;1;07;52;106,358418379984;52
3252651;1;2;1;80;1;1;1;3; ;2; ;2; ; ; ; ;9;2;1;07;52;202,576219046465;52
3252652;1;1;1;80;1;1;4;5; ;3; ;2; ; ; ; ;10;2;1;07;52;120,050066721007;52
3252652;1;2;1;80;1;1;4;3; ;2; ;2; ; ; ; ;9;2;1;07;52;120,050066721007;52
3252653;1;3;1;80;1;2; ; ; ; ; ;2; ;2; ;.; ; ;1;07;52;107,587407238567;52
3252654;1;2;1;80;1;2; ; ; ; ; ;2; ;2; ;.; ; ;1;07;52;212,553709255914;52
3252656;1;3;1;80;1;2; ; ; ;2; ;2; ;2; ;.; ; ;1;07;52;178,520704987359;52
3252656;1;5;1;80;1;1;2;8; ;2; ;2; ; ; ; ;9;2;1;07;52;178,520704987359;52
3252658;1;1;1;80;1;1;4;5; ;3; ;2; ; ; ; ;8;2;1;07;52;114,577144452261;52
3252658;1;2;1;80;1;1;4;4; ;2; ;2; ; ; ; ;4;2;1;07;52;114,577144452261;52
3252658;1;4;1;80;1;2; ; ; ; ; ;2; ;2; ;.; ; ;1;07;52;114,577144452261;52
3252658;1;5;1;80;1;1;4;3; ;2; ;2; ; ; ; ;9;2;1;07;52;114,577144452261;52
3252660;1;2;1;80;1;2; ; ; ; ; ;2; ;2; ;.; ; ;1;07;52;125,997888225131;52
3252660;1;3;1;80;1;1;3;4; ;2; ;2; ; ; ; ;4;2;1;07;52;125,997888225131;52
3252664;1;3;1;80;1;2; ; ; ;2; ;2; ;2; ;.; ; ;1;07;52;161,403037590416;52
3252664;1;4;1;80;1;2; ; ; ; ; ;2; ;2; ;.; ; ;1;07;52;161,403037590416;52
3252665;1;2;1;80;1;1;1;8; ;2; ;2; ; ; ; ;2;2;1;07;52;158,25462037489;52
3252666;1;1;1;80;1;1;4;5; ;3; ;2; ; ; ; ;4;2;1;07;52;115,957848842789;52
3252666;1;2;1;80;1;1;4;7; ;2; ;2; ; ; ; ;9;2;1;07;52;115,957848842789;52
3252666;1;5;1;80;1;2; ; ; ; ; ;2; ;2; ;.; ; ;1;07;52;115,957848842789;52
3252668;1;6;1;80;1;1;1;8; ;2; ;2; ; ; ; ;2;2;1;07;52;164,508876898955;52
3252669;1;1;1;80;1;1;4;4; ;2; ;2; ; ; ; ;4;2;1;07;52;115,957848842789;52
3252669;1;4;1;80;1;2; ; ; ;2; ;2; ;2; ;.; ; ;1;07;52;115,957848842789;52
3252670;1;5;1;80;1;2; ; ; ; ; ;2; ;2; ;.; ; ;1;07;52;95,2704839443822;52
3252670;1;8;1;80;1;1;4;3; ;2; ;2; ; ; ; ;9;2;1;07;52;95,2704839443822;52
3252672;1;1;1;80;1;1;1;2; ;2; ;2; ; ; ; ;11;2;1;07;52;157,77725785523;52
3252673;1;2;1;80;1;2; ; ; ;2; ;2; ;2; ;.; ; ;1;07;52;155,103739875081;52
3252673;1;3;1;80;1;2; ; ; ; ; ;2; ;2; ;.; ; ;1;07;52;155,103739875081;52
3252675;1;3;1;80;1;2; ; ; ;2; ;2; ;2; ;.; ; ;1;07;44;78,1643701781768;44
3252675;1;4;1;80;1;2; ; ; ;2; ;2; ;2; ;.; ; ;1;07;44;78,1643701781768;44
3252675;1;5;1;80;1;2; ; ; ;2; ;2; ;2; ;.; ; ;1;07;44;78,1643701781768;44
3252676;1;1;1;80;1;1;1;3; ;2; ;1;200000; ; ; ;9;2;1;07;44;81,481802747894;44
3252676;1;6;1;80;1;1;3;2; ;2; ;2; ; ; ; ;2;2;1;07;44;81,481802747894;44
3252676;1;7;1;80;1;2; ; ; ; ; ;2; ;2; ;.; ; ;1;07;44;81,481802747894;44
3252677;1;2;1;80;1;1;4;2; ;2; ;2; ; ; ; ;2;2;1;07;44;75,7231409910774;44
3252677;1;3;1;80;1;2; ; ; ;2; ;2; ;2; ;.; ; ;1;07;44;75,7231409910774;44
3252677;1;4;1;80;1;1;2;2; ;2; ;2; ; ; ; ;2;2;1;07;44;75,7231409910774;44
3252677;1;5;1;80;1;2; ; ; ;2; ;2; ;2; ;.; ; ;1;07;44;75,7231409910774;44
3252678;1;1;1;80;1;1;2;7; ;2; ;2; ; ; ; ;9;2;1;07;44;50,8107811784568;44
3252678;1;3;1;80;1;2; ; ; ;2; ;2; ;2; ;.; ; ;1;07;44;50,8107811784568;44
3252678;1;4;1;80;1;2; ; ; ; ; ;2; ;2; ;.; ; ;1;07;44;50,8107811784568;44
3252679;1;4;1;80;1;1;1;2; ;2; ;2; ; ; ; ;2;2;1;07;44;105,258064191512;44
3252679;1;5;1;80;1;2; ; ; ;2; ;2; ;2; ;.; ; ;1;07;44;105,258064191512;44
3252681;1;1;1;80;1;1;4;8; ;2; ;2; ; ;3; ;8;1;1;07;44;84,9499402941033;44
3252681;1;2;1;80;1;1;2;3; ;2; ;2; ; ; ; ;9;2;1;07;44;84,9499402941033;44
3252684;1;2;1;80;1;2; ; ; ;2; ;2; ;2; ;.; ; ;1;07;44;92,9946837622212;44
3252684;1;3;1;80;1;2; ; ; ;2; ;2; ;2; ;.; ; ;1;07;44;92,9946837622212;44
3252685;1;9;1;80;1;1;4;4; ;2; ;2; ; ; ; ;4;2;1;07;44;56,2203362719835;44
3252690;1;1;1;80;1;1;2;3; ;2; ;2; ; ; ; ;9;2;1;07;44;61,2032460085487;44
3252692;1;1;1;80;1;2; ; ; ;2; ;2; ;2; ;.; ; ;1;07;44;114,31549976727;44
3252692;1;3;1;80;1;2; ; ; ; ; ;2; ;1;2; ;2; ;1;07;44;114,31549976727;44
3252694;1;2;1;80;1;1;1;3; ;2; ;2; ; ; ; ;9;2;1;07;44;80,7688703672808;44
3252695;1;1;1;80;1;1;1;6; ;2; ;1;700000; ; ; ;1;2;1;07;44;73,9501890363409;44
3252695;1;2;1;80;1;1;3;8; ;2; ;2; ; ; ; ;5;2;1;07;44;73,9501890363409;44
3252696;1;2;1;80;1;2; ; ; ;2; ;2; ;1;1; ;6; ;1;07;44;104,4593717274;44
3252696;1;3;1;80;1;2; ; ; ;2; ;2; ;2; ;.; ; ;1;07;44;104,4593717274;44
3252696;1;4;1;80;1;2; ; ; ; ; ;2; ;2; ;.; ; ;1;07;44;104,4593717274;44
3252697;1;2;1;80;1;1;1;8; ;2; ;1;450000; ; ;ESTA ESPERANDO QUE LO VUELVAN A LLAMAR;12;2;1;07;44;69,2922167272219;44
3252697;1;3;1;80;1;2; ; ; ; ; ;2; ;2; ;.; ; ;1;07;44;69,2922167272219;44
3252698;1;1;1;80;1;1;2;3; ;2; ;2; ; ;1; ;1;1;1;07;44;66,2525194417021;44
3252700;1;3;1;80;1;2; ; ; ; ; ;2; ;2; ;.; ; ;1;07;44;87,8716159204492;44
3252702;1;2;1;80;1;2; ; ; ; ; ;2; ;2; ;.; ; ;1;07;05;784,838370196681;05
3252706;1;1;1;80;1;1;4;5; ;3; ;2; ; ; ; ;10;2;1;07;05;526,510981625508;05
3252707;1;1;1;80;1;1;4;7; ;2; ;2; ; ; ; ;8;2;1;07;05;566,607365256309;05
3252708;1;2;1;80;1;2; ; ; ;2; ;2; ;2; ;.; ; ;1;07;05;1087,46144618056;05
3252709;1;3;1;80;1;2; ; ; ;2; ;2; ;2; ;.; ; ;1;07;05;1050,97698249547;05
3252710;1;2;1;80;1;1;4;5; ;3; ;2; ; ; ; ;11;2;1;07;05;1067,08417465654;05
3252712;1;3;1;80;1;2; ; ; ;2; ;2; ;2; ;.; ; ;1;07;05;908,880148653105;05
3252712;1;4;1;80;1;2; ; ; ;2; ;2; ;2; ;.; ; ;1;07;05;908,880148653105;05
3252715;1;1;1;80;1;1;4;5; ;3; ;2; ; ; ; ;8;2;1;07;05;1157,06053325959;05
3252715;1;2;1;80;1;1;4;3; ;2; ;2; ; ; ; ;9;2;1;07;05;1157,06053325959;05
3252715;1;3;1;80;1;1;4;4; ;2; ;2; ; ; ; ;4;2;1;07;05;1157,06053325959;05
3252716;1;1;1;80;1;1;4;5; ;3; ;2; ; ;2; ;8;1;1;07;05;930,528327008579;05
3252717;1;3;1;80;1;2; ; ; ;2; ;2; ;2; ;.; ; ;1;07;05;1029,32880413999;05
3252717;1;4;1;80;1;2; ; ; ; ; ;2; ;2; ;.; ; ;1;07;05;1029,32880413999;05
3252718;1;1;1;80;1;1;4;3; ;2; ;2; ; ; ; ;9;2;1;07;05;866,638965938423;05
3252718;1;2;1;80;1;1;3;3; ;2; ;2; ; ; ; ;9;2;1;07;05;866,638965938423;05
3252718;1;6;1;80;1;2; ; ; ; ; ;2; ;2; ;.; ; ;1;07;05;866,638965938423;05
3252719;1;1;1;80;1;1;4;3; ;2; ;2; ; ; ; ;9;2;1;07;05;783,855712545796;05
3252719;1;2;1;80;1;1;2;9;POR CAMBIO DE RESIDENCIA;2; ;2; ; ; ; ;2;2;1;07;05;783,855712545796;05
3252720;1;3;1;80;1;2; ; ; ;2; ;2; ;2; ;.; ; ;1;07;05;647,299864897838;05
3252722;1;3;1;80;1;2; ; ; ;2; ;2; ;2; ;.; ; ;1;07;05;970,897368493951;05
3252723;1;2;1;80;1;1;4;3; ;2; ;2; ; ; ; ;9;2;1;07;05;1225,38871350716;05
3252723;1;5;1;80;1;2; ; ; ;2; ;2; ;2; ;.; ; ;1;07;05;1225,38871350716;05
3252724;1;1;1;80;1;1;2;8; ;2; ;2; ; ; ; ;9;2;1;07;05;443,041621588408;05
3252724;1;2;1;80;1;2; ; ; ;2; ;2; ;1;2; ;8; ;1;07;05;443,041621588408;05
3252724;1;4;1;80;1;1;4;8; ;2; ;2; ; ; ; ;9;2;1;07;05;443,041621588408;05
3252728;1;1;1;80;1;1;3;5; ;3; ;2; ; ; ; ;10;2;1;07;05;921,394217844639;05
3252729;1;1;1;80;1;1;4;5; ;3; ;2; ; ; ; ;10;2;1;07;05;1067,08417465654;05
3252729;1;2;1;80;1;1;4;5; ;3; ;2; ; ; ; ;10;2;1;07;05;1067,08417465654;05
3252730;1;2;1;80;1;1;3;7; ;2; ;2; ; ; ; ;11;2;1;07;05;1012,35323409857;05
3252731;1;1;1;80;1;1;4;6; ;2; ;2; ; ; ; ;9;2;1;07;05;1067,08417465654;05
3252731;1;2;1;80;1;1;4;5; ;3; ;2; ; ; ; ;10;2;1;07;05;1067,08417465654;05
3252734;1;1;1;80;1;1;4;3; ;2; ;2; ; ; ; ;9;2;1;07;05;1461,91286237755;05
3252734;1;2;1;80;1;2; ; ; ;2; ;2; ;2; ;.; ; ;1;07;05;1461,91286237755;05
3252734;1;3;1;80;1;1;4;7; ;2; ;1;40000; ;4; ;5;1;1;07;05;1461,91286237755;05
3252734;1;4;1;80;1;2; ; ; ;2; ;2; ;2; ;.; ; ;1;07;05;1461,91286237755;05
3252737;1;2;1;80;1;1;3;3; ;2; ;2; ; ; ; ;9;2;1;07;05;1106,69058070432;05
3252737;1;3;1;80;1;2; ; ; ; ; ;2; ;2; ;.; ; ;1;07;05;1106,69058070432;05
3252738;1;3;1;80;1;2; ; ; ;2; ;2; ;2; ;.; ; ;1;07;05;892,552934278743;05
3252738;1;4;1;80;1;2; ; ; ; ; ;2; ;2; ;.; ; ;1;07;05;892,552934278743;05
3252739;1;1;1;80;1;1;4;5; ;3; ;2; ; ; ; ;10;2;1;07;05;845,872932386642;05
3252741;1;3;1;80;1;1;1;2; ;2; ;2; ; ; ; ;2;2;1;07;05;763,190191841207;05
3252744;1;2;1;80;1;1;4;3; ;2; ;2; ; ; ; ;9;2;1;07;05;1057,69346643501;05
3252744;1;3;1;80;1;2; ; ; ; ; ;2; ;2; ;.; ; ;1;07;05;1057,69346643501;05
3252745;1;4;1;80;1;2; ; ; ;2; ;2; ;2; ;.; ; ;1;07;05;831,518372088782;05
3252745;1;5;1;80;1;2; ; ; ;2; ;2; ;2; ;.; ; ;1;07;05;831,518372088782;05
3252746;1;1;1;80;1;1;4;3; ;2; ;2; ; ; ; ;8;2;1;07;05;798,310785690848;05
3252746;1;3;1;80;1;2; ; ; ; ; ;2; ;2; ;.; ; ;1;07;05;798,310785690848;05
3252757;1;2;1;80;1;1;3;3; ;2; ;2; ; ; ; ;9;2;1;07;05;1302,6605216492;05
3252764;1;3;1;80;1;1;2;2; ;2; ;2; ; ; ; ;2;2;1;07;05;975,45569703747;05
3252764;1;4;1;80;1;1;1;8; ;2; ;2; ; ; ; ;9;2;1;07;05;975,45569703747;05
3252766;1;1;1;80;1;1;4;7; ;2; ;2; ; ; ; ;9;2;1;07;05;966,734450181079;05
3252768;1;2;1;80;1;1;4;3; ;2; ;2; ; ; ; ;9;2;1;07;05;1090,36336632995;05
3252768;1;4;1;80;1;2; ; ; ;2; ;2; ;2; ;.; ; ;1;07;05;1090,36336632995;05
3252769;1;2;1;80;1;1;2;2; ;2; ;2; ; ; ; ;2;2;1;07;05;846,855590037526;05
3252770;1;4;1;80;1;2; ; ; ; ; ;2; ;2; ;.; ; ;1;07;05;853,166550444256;05
3252772;1;1;1;80;1;1;2;8; ;2; ;2; ; ; ;POR LA CONSTRUCCION DE LA VIVIENDA DE LA HIJA;12;2;1;07;05;804,264634192801;05
3252772;1;4;1;80;1;2; ; ; ; ; ;2; ;2; ;.; ; ;1;07;05;804,264634192801;05
3252774;1;2;1;80;1;2; ; ; ;2; ;2; ;2; ;.; ; ;1;07;05;1191,03598469068;05
3252775;1;2;1;80;1;1;1;3; ;2; ;2; ; ; ; ;9;2;1;07;05;950,336014257726;05
3252780;1;2;1;80;1;1;4;3; ;2; ;2; ; ; ; ;9;2;1;07;05;969,056877387624;05
3252780;1;3;1;80;1;2; ; ; ;2; ;2; ;2; ;.; ; ;1;07;05;969,056877387624;05
3252780;1;4;1;80;1;2; ; ; ; ; ;2; ;2; ;.; ; ;1;07;05;969,056877387624;05
3252782;1;2;1;80;1;1;1;9;VOLUNTARIO;2; ;2; ; ; ; ;8;2;1;07;05;1012,35323409857;05
3252785;1;2;1;80;1;2; ; ; ;2; ;2; ;2; ;.; ; ;1;07;05;1313,70634346846;05
3252785;1;3;1;80;1;1;1;8; ;2; ;2; ; ; ; ;2;2;1;07;05;1313,70634346846;05
3252785;1;7;1;80;1;1;1;1; ;2; ;2; ; ; ; ;8;2;1;07;05;1313,70634346846;05
3252786;1;3;1;80;1;2; ; ; ; ; ;2; ;2; ;.; ; ;1;07;05;955,275554985811;05
3252786;1;5;1;80;1;2; ; ; ;2; ;2; ;2; ;.; ; ;1;07;05;955,275554985811;05
3252787;1;2;1;80;1;1;2;6; ;2; ;2; ; ; ; ;9;2;1;07;05;874,814728799729;05
3252787;1;3;1;80;1;2; ; ; ; ; ;2; ;2; ;.; ; ;1;07;05;874,814728799729;05
3252789;1;2;1;80;1;1;1;8; ;2; ;1;500000; ; ;DISCAPACIDAD VISUAL;12;2;1;07;05;1079,34164479049;05
3252791;1;2;1;80;1;1;4;4; ;2; ;2; ; ; ; ;4;2;1;07;05;996,534080049609;05
3252792;1;2;1;80;1;1;4;4; ;2; ;2; ; ; ; ;4;2;1;07;05;784,456946943654;05
3252792;1;3;1;80;1;2; ; ; ;2; ;2; ;1;1; ;1; ;1;07;05;784,456946943654;05
3252792;1;4;1;80;1;2; ; ; ; ; ;2; ;2; ;.; ; ;1;07;05;784,456946943654;05
3252792;1;5;1;80;1;2; ; ; ; ; ;2; ;2; ;.; ; ;1;07;05;784,456946943654;05
3252795;1;1;1;80;1;1;4;4; ;2; ;2; ; ; ; ;4;2;1;07;05;921,394217844639;05
3252796;1;4;1;80;1;2; ; ; ; ; ;2; ;2; ;.; ; ;1;07;05;969,056877387624;05
3252799;1;1;1;80;1;1;4;5; ;3; ;2; ; ; ; ;8;2;1;07;05;854,024383899698;05
3252799;1;2;1;80;1;2; ; ; ;2; ;2; ;2; ;.; ; ;1;07;05;854,024383899698;05
3252805;1;1;1;80;1;1;4;3; ;2; ;2; ; ; ; ;9;2;1;07;05;824,224754031168;05
3252805;1;2;1;80;1;1;1;8; ;2; ;2; ; ; ; ;5;2;1;07;05;824,224754031168;05
3252805;1;3;1;80;1;2; ; ; ;2; ;2; ;2; ;.; ; ;1;07;05;824,224754031168;05
3252806;1;3;1;80;1;2; ; ; ;2; ;2; ;2; ;.; ; ;1;07;05;879,080518784576;05
3252808;1;3;1;80;1;2; ; ; ; ; ;2; ;2; ;.; ; ;1;07;05;763,190191841207;05
3252810;1;4;1;80;1;2; ; ; ; ; ;2; ;2; ;.; ; ;1;07;05;687,66890638321;05
3252811;1;1;1;80;1;1;4;5; ;3; ;2; ; ; ; ;10;2;1;07;05;1157,06053325959;05
3252811;1;2;1;80;1;1;4;3; ;2; ;2; ; ; ; ;9;2;1;07;05;1157,06053325959;05
3252811;1;3;1;80;1;1;2;6; ;2; ;2; ; ;1; ;5;1;1;07;05;1157,06053325959;05
3252814;1;2;1;80;1;2; ; ; ;2; ;2; ;2; ;.; ; ;1;07;05;776,305495430598;05
3252817;1;2;1;80;1;1;1;4; ;2; ;2; ; ;1; ;9;1;1;07;05;874,814728799729;05
3252817;1;3;1;80;1;2; ; ; ;2; ;2; ;2; ;.; ; ;1;07;05;874,814728799729;05
3252818;1;3;1;80;1;2; ; ; ;2; ;2; ;2; ;.; ; ;1;07;05;1057,69346643501;05
3252819;1;1;1;80;1;1;4;3; ;2; ;2; ; ; ; ;8;2;1;07;05;921,394217844639;05
3252820;1;1;1;80;1;1;4;3; ;2; ;2; ; ; ; ;9;2;1;07;05;2022,74115289538;05
3252821;1;2;1;80;1;1;2;2; ;2; ;2; ; ; ; ;2;2;1;07;05;1017,32442494964;05
3252822;1;2;1;80;1;1;1;3; ;2; ;2; ; ; ; ;9;2;1;07;05;874,814728799729;05
3252822;1;3;1;80;1;2; ; ; ;2; ;2; ;2; ;.; ; ;1;07;05;874,814728799729;05
3252823;1;3;1;80;1;2; ; ; ;2; ;2; ;2; ;.; ; ;1;07;05;930,528327008579;05
3252826;1;1;1;80;1;1;4;5; ;3; ;2; ; ; ; ;8;2;1;07;05;783,855712545796;05
3252826;1;2;1;80;1;2; ; ; ;2; ;2; ;2; ;.; ; ;1;07;05;783,855712545796;05
3252827;1;1;1;80;1;1;4;5; ;3; ;2; ; ; ; ;8;2;1;07;05;1011,37057644769;05
3252832;1;2;1;80;1;1;1;8; ;2; ;1;60000; ; ; ;7;2;1;07;05;846,855590037526;05
3252834;1;2;1;80;1;1;4;3; ;2; ;2; ; ; ; ;9;2;1;07;05;792,007164058852;05
3252834;1;4;1;80;1;2; ; ; ;2; ;2; ;2; ;.; ; ;1;07;05;792,007164058852;05
3252835;1;4;1;80;1;2; ; ; ;2; ;2; ;1;1; ;2; ;1;07;05;969,056877387624;05
3252836;1;1;1;80;1;1;4;3; ;2; ;2; ; ; ; ;9;2;1;07;05;1022,03518608238;05
3252837;1;2;1;80;1;1;1;8; ;2; ;2; ; ; ; ;2;2;1;07;05;969,056877387624;05
3252837;1;4;1;80;1;1;1;8; ;2; ;2; ; ; ; ;2;2;1;07;05;969,056877387624;05
3252838;1;1;1;80;1;1;4;8; ;2; ;2; ; ;3; ;8;1;1;07;05;1023,01784373326;05
3252839;1;1;1;80;1;1;4;5; ;3; ;2; ; ; ; ;10;2;1;07;05;1067,08417465654;05
3252839;1;2;1;80;1;1;4;3; ;2; ;2; ; ; ; ;9;2;1;07;05;1067,08417465654;05
3252840;1;3;1;80;1;2; ; ; ;2; ;2; ;2; ;.; ; ;1;07;05;980,426887888538;05
3252840;1;6;1;80;1;2; ; ; ;2; ;2; ;2; ;.; ; ;1;07;05;980,426887888538;05
3252842;1;1;1;80;1;1;1;8; ;2; ;2; ; ; ; ;4;2;1;07;05;853,166550444256;05
3252842;1;3;1;80;1;2; ; ; ; ; ;2; ;2; ;.; ; ;1;07;05;853,166550444256;05
3252844;1;2;1;80;1;2; ; ; ;2; ;2; ;2; ;.; ; ;1;07;05;784,838370196681;05
3252845;1;3;1;80;1;2; ; ; ;2; ;2; ;2; ;.; ; ;1;07;05;871,253044884715;05
3252848;1;1;1;80;1;1;4;9;POR LA EDAD;2; ;2; ; ; ; ;8;2;1;07;05;716,485878600855;05
3252848;1;5;1;80;1;2; ; ; ;2; ;2; ;1;1; ;8; ;1;07;05;716,485878600855;05
3252852;1;3;1;80;1;2; ; ; ;2; ;2; ;1;2; ;8; ;1;07;05;990,705055743098;05
3252853;1;1;1;80;1;2; ; ; ;2; ;2; ;2; ;.; ; ;1;07;05;783,855712545796;05
3252855;1;3;1;80;1;1;1;8; ;2; ;2; ; ; ; ;2;2;1;07;05;990,705055743098;05
3252857;1;3;1;80;1;1;1;8; ;2; ;1;150000; ; ; ;8;2;1;07;05;825,207411682053;05
3252861;1;2;1;80;1;1;4;4; ;2; ;2; ; ; ; ;4;2;1;07;05;1012,35323409857;05
3252862;1;1;1;80;1;1;1;4; ;3; ;2; ; ; ; ;4;2;1;07;05;1236,05332314185;05
3252862;1;2;1;80;1;1;4;4; ;2; ;2; ; ; ; ;4;2;1;07;05;1236,05332314185;05
3252862;1;4;1;80;1;1;1;3; ;2; ;2; ; ; ; ;9;2;1;07;05;1236,05332314185;05
3252867;1;3;1;80;1;1;4;4; ;2; ;2; ; ; ; ;4;2;1;07;05;935,849290989691;05
3252868;1;1;1;80;1;1;4;3; ;2; ;2; ; ; ; ;9;2;1;07;50;212,383724420961;50
3252868;1;3;1;80;1;2; ; ; ;2; ;2; ;2; ;.; ; ;1;07;50;212,383724420961;50
3252869;1;1;1;80;1;1;2;8; ;2; ;2; ; ; ; ;4;2;1;07;50;214,939442226416;50
3252869;1;2;1;80;1;2; ; ; ;2; ;2; ;2; ;.; ; ;1;07;50;214,939442226416;50
3252869;1;3;1;80;1;2; ; ; ;2; ;2; ;2; ;.; ; ;1;07;50;214,939442226416;50
3252870;1;2;1;80;1;1;4;3; ;2; ;2; ; ; ; ;9;2;1;07;50;183,25845592314;50
3252871;1;2;1;80;1;1;2;4; ;2; ;2; ; ; ; ;4;2;1;07;50;147,226743436368;50
3252871;1;3;1;80;1;2; ; ; ; ; ;2; ;2; ;.; ; ;1;07;50;147,226743436368;50
3252872;1;2;1;80;1;1;4;7; ;2; ;2; ; ; ; ;9;2;1;07;50;199,843867482605;50
3252872;1;4;1;80;1;1;1;8; ;2; ;1;300000; ; ; ;2;2;1;07;50;199,843867482605;50
3252873;1;3;1;80;1;2; ; ; ;2; ;2; ;2; ;.; ; ;1;07;50;183,25845592314;50
3252874;1;2;1;80;1;1;1;8; ;2; ;2; ; ; ; ;9;2;1;07;50;207,009920424701;50
3252876;1;2;1;80;1;1;3;3; ;2; ;2; ; ; ; ;9;2;1;07;50;180,604321267955;50
3252876;1;3;1;80;1;2; ; ; ;2; ;2; ;2; ;.; ; ;1;07;50;180,604321267955;50
3252876;1;4;1;80;1;1;1;2; ;2; ;2; ; ; ; ;2;2;1;07;50;180,604321267955;50
3252876;1;5;1;80;1;2; ; ; ; ; ;2; ;2; ;.; ; ;1;07;50;180,604321267955;50
3252876;1;6;1;80;1;1;4;4; ;2; ;2; ; ; ; ;4;2;1;07;50;180,604321267955;50
3252877;1;5;1;80;1;2; ; ; ; ; ;2; ;2; ;.; ; ;1;07;50;176,903595328349;50
3252878;1;3;1;80;1;2; ; ; ;2; ;2; ;2; ;.; ; ;1;07;50;172,991750462195;50
3252878;1;4;1;80;1;2; ; ; ;2; ;2; ;2; ;.; ; ;1;07;50;172,991750462195;50
3252878;1;5;1;80;1;2; ; ; ; ; ;2; ;2; ;.; ; ;1;07;50;172,991750462195;50
3252879;2;2;2;80;1;2; ; ; ; ; ;2; ;2; ;.; ; ;1;07;50;120,143967181564;50
3252879;2;3;2;80;1;2; ; ; ; ; ;2; ;2; ;.; ; ;1;07;50;120,143967181564;50
3252882;1;3;1;80;1;2; ; ; ;2; ;2; ;2; ;.; ; ;1;07;50;132,448119688513;50
3252882;1;4;1;80;1;2; ; ; ; ; ;2; ;2; ;.; ; ;1;07;50;132,448119688513;50
3252883;1;3;1;80;1;2; ; ; ; ; ;2; ;2; ;.; ; ;1;07;50;209,283071902112;50
3252884;1;1;1;80;1;1;4;9;POR DESPLAZAAMIENTO  ORDEN PUBLICO;2; ;2; ; ; ; ;4;2;1;07;50;159,832816249848;50
3252884;1;2;1;80;1;1;4;4; ;2; ;2; ; ; ; ;4;2;1;07;50;159,832816249848;50
3252885;1;1;1;80;1;1;4;5; ;2; ;2; ; ; ; ;10;2;1;07;50;130,95828287286;50
3252885;1;2;1;80;1;1;4;9;CAMBIO DE RESIDENCIA;2; ;2; ; ; ; ;4;2;1;07;50;130,95828287286;50
3252886;1;2;1;80;1;2; ; ; ; ; ;2; ;2; ;.; ; ;1;07;50;246,612707815722;50
3252886;1;4;1;80;1;2; ; ; ; ; ;2; ;2; ;.; ; ;1;07;50;246,612707815722;50
3252887;1;2;1;80;1;2; ; ; ;2; ;2; ;2; ;.; ; ;1;07;50;206,030141830877;50
3252887;1;3;1;80;1;2; ; ; ;2; ;2; ;2; ;.; ; ;1;07;50;206,030141830877;50
3252887;1;4;1;80;1;2; ; ; ; ; ;2; ;2; ;.; ; ;1;07;50;206,030141830877;50
3252887;1;5;1;80;1;2; ; ; ; ; ;2; ;2; ;.; ; ;1;07;50;206,030141830877;50
3252898;1;2;1;80;1;2; ; ; ; ; ;2; ;2; ;.; ; ;1;07;50;180,474754400248;50
3252900;1;3;1;80;1;2; ; ; ; ; ;2; ;2; ;.; ; ;1;07;50;126,497549771648;50
3252902;1;3;1;80;1;1;3;2; ;2; ;2; ; ; ; ;2;2;1;07;50;148,967315372854;50
3252902;1;4;1;80;1;2; ; ; ;2; ;2; ;2; ;.; ; ;1;07;50;148,967315372854;50
3252904;1;2;1;80;1;1;4;3; ;2; ;2; ; ;4; ;9;1;1;07;50;173,25135941534;50
3252906;1;2;1;80;1;1;1;3; ;2; ;2; ; ;1; ;4;1;1;07;50;193,576346569783;50
3252907;1;1;1;80;1;1;3;4; ;3; ;2; ; ;1; ;4;1;1;07;50;244,641476644841;50
3252908;1;2;1;80;1;2; ; ; ;2; ;2; ;2; ;.; ; ;1;07;50;173,25135941534;50
3252909;1;1;1;80;1;1;3;5; ;3; ;2; ; ; ;ESTA ARREGLANDO LA CASA-HACIENDO REPARACIONES;12;2;1;07;50;196,676999088632;50
3252909;1;2;1;80;1;1;1;3; ;2; ;2; ; ; ; ;3;2;1;07;50;196,676999088632;50
3252910;1;2;1;80;1;1;3;3; ;2; ;2; ; ; ; ;9;2;1;07;50;183,324671798264;50
3252910;1;3;1;80;1;1;2;7; ;2; ;2; ; ;1; ;2;1;1;07;50;183,324671798264;50
3252910;1;4;1;80;1;2; ; ; ;2; ;2; ;2; ;.; ; ;1;07;50;183,324671798264;50
3252916;1;1;1;80;1;1;1;4; ;2; ;2; ; ; ; ;4;2;1;07;50;153,032715796101;50
3252918;1;1;1;80;1;1;4;5; ;3; ;2; ; ; ; ;10;2;1;07;50;165,638788609581;50
3252920;1;3;1;80;1;2; ; ; ;2; ;2; ;2; ;.; ; ;1;07;50;204,340755080089;50
3252922;1;1;1;80;1;1;4;5; ;3; ;2; ; ; ; ;10;2;1;07;50;254,338620962705;50
3252922;1;2;1;80;1;2; ; ; ;2; ;2; ;2; ;.; ; ;1;07;50;254,338620962705;50
3252922;1;3;1;80;1;2; ; ; ;2; ;2; ;2; ;.; ; ;1;07;50;254,338620962705;50
3252926;1;3;1;80;1;2; ; ; ;2; ;2; ;2; ;.; ; ;1;07;50;174,121171810164;50
3252926;1;6;1;80;1;2; ; ; ;2; ;2; ;2; ;.; ; ;1;07;50;174,121171810164;50
3252927;1;2;1;80;1;2; ; ; ; ; ;2; ;2; ;.; ; ;1;07;50;202,728661372186;50
3252928;1;2;1;80;1;2; ; ; ;2; ;2; ;2; ;.; ; ;1;07;50;162,133845412805;50
3252929;1;1;1;80;1;2; ; ; ;2; ;2; ;2; ;.; ; ;1;07;50;206,182419383263;50
3252930;1;3;1;80;1;1;4;5; ;3; ;2; ; ; ; ;10;2;1;07;50;189,913958819755;50
3252932;1;1;1;80;1;1;4;3; ;2; ;2; ; ; ; ;9;2;1;07;50;168,73944112843;50
3252932;1;2;1;80;1;2; ; ; ;2; ;2; ;2; ;.; ; ;1;07;50;168,73944112843;50
3252933;1;1;1;80;1;1;4;3; ;2; ;2; ; ; ; ;9;2;1;07;50;165,638788609581;50
3252934;1;1;1;80;1;2; ; ; ;2; ;2; ;2; ;.; ; ;1;07;50;155,320897962938;50
3252934;1;2;1;80;1;2; ; ; ;2; ;2; ;2; ;.; ; ;1;07;50;155,320897962938;50
3252934;1;3;1;80;1;2; ; ; ;2; ;2; ;2; ;.; ; ;1;07;50;155,320897962938;50
3252935;1;1;1;80;1;1;4;5; ;3; ;2; ; ; ; ;10;2;1;07;50;189,519819978848;50
3252936;1;1;1;80;1;1;4;5; ;3; ;2; ; ; ; ;10;2;1;07;50;138,801702278597;50
3252936;1;2;1;80;1;2; ; ; ;2; ;2; ;2; ;.; ; ;1;07;50;138,801702278597;50
3252936;1;3;1;80;1;1;2;1; ;2; ;2; ; ; ; ;6;2;1;07;50;138,801702278597;50
3252938;1;3;1;80;1;2; ; ; ;2; ;2; ;2; ;.; ; ;1;07;50;183,25845592314;50
3252938;1;4;1;80;1;2; ; ; ;2; ;2; ;2; ;.; ; ;1;07;50;183,25845592314;50
3252939;1;1;1;80;1;2; ; ; ;2; ;2; ;2; ;.; ; ;1;07;50;165,638788609581;50
3252940;1;2;1;80;1;2; ; ; ;2; ;2; ;2; ;.; ; ;1;07;50;222,465910636197;50
3252941;1;1;1;80;1;2; ; ; ;3; ;2; ;2; ;.; ; ;1;07;50;173,25135941534;50
3252941;1;2;1;80;1;1;4;4; ;2; ;2; ; ; ; ;8;2;1;07;50;173,25135941534;50
3252942;1;4;1;80;1;2; ; ; ; ; ;2; ;2; ;.; ; ;1;07;50;186,410293627687;50
3252943;1;1;1;80;1;1;1;3; ;2; ;2; ; ; ; ;9;2;1;07;50;180,157803404291;50
3252943;1;2;1;80;1;2; ; ; ; ; ;2; ;2; ;.; ; ;1;07;50;180,157803404291;50
3252945;1;4;1;80;1;2; ; ; ;2; ;2; ;2; ;.; ; ;1;07;50;186,410293627687;50
3252946;1;2;1;80;1;2; ; ; ;2; ;2; ;2; ;.; ; ;1;07;50;132,448119688513;50
3252946;1;3;1;80;1;2; ; ; ;2; ;2; ;2; ;.; ; ;1;07;50;132,448119688513;50
3252946;1;4;1;80;1;2; ; ; ; ; ;2; ;2; ;.; ; ;1;07;50;132,448119688513;50
3252947;1;2;1;80;1;1;4;3; ;2; ;2; ; ; ; ;11;2;1;07;50;163,797124306407;50
3252953;1;2;1;80;1;2; ; ; ;2; ;2; ;2; ;.; ; ;1;07;50;237,271815048013;50
3252956;1;2;1;80;1;2; ; ; ;2; ;2; ;2; ;.; ; ;1;07;50;184,33669208541;50
3252956;1;3;1;80;1;2; ; ; ; ; ;2; ;2; ;.; ; ;1;07;50;184,33669208541;50
3252957;1;4;1;80;1;2; ; ; ; ; ;2; ;2; ;.; ; ;1;07;50;202,929489312028;50
3252958;1;1;1;80;1;2; ; ; ;2; ;2; ;1;4;NO LE PERMITEN TRABAJAR;12; ;1;07;50;287,269680930628;50
3252959;1;5;1;80;1;2; ; ; ; ; ;2; ;2; ;.; ; ;1;07;50;210,434728717029;50
3252962;1;2;1;80;1;1;2;7; ;2; ;2; ; ; ; ;8;2;1;07;50;196,72818427433;50
3252963;1;1;1;80;1;1;4;3; ;2; ;2; ; ; ; ;8;2;1;07;50;204,432973614466;50
3252963;1;3;1;80;1;1;4;3; ;2; ;2; ; ; ; ;9;2;1;07;50;204,432973614466;50
3252963;1;5;1;80;1;2; ; ; ; ; ;2; ;2; ;.; ; ;1;07;50;204,432973614466;50
3252964;1;3;1;80;1;2; ; ; ;2; ;2; ;2; ;.; ; ;1;07;50;226,968955090795;50
3252964;1;4;1;80;1;1;1;4; ; ; ;2; ; ; ; ;2;2;1;07;50;226,968955090795;50
3252965;1;4;1;80;1;2; ; ; ;2; ;2; ;2; ;.; ; ;1;07;50;184,819364445346;50
3252967;1;2;1;80;1;2; ; ; ;2; ;2; ;2; ;.; ; ;1;07;50;145,866662854005;50
3252967;1;3;1;80;1;2; ; ; ; ; ;2; ;2; ;.; ; ;1;07;50;145,866662854005;50
3252968;1;2;1;80;1;2; ; ; ;2; ;2; ;1;3; ;7; ;1;07;50;220,443494279618;50
3252970;1;1;1;80;1;1;4;7; ;2; ;2; ; ; ; ;8;2;1;07;50;165,638788609581;50
3252971;1;1;1;80;1;2; ; ; ;2; ;2; ;2; ;.; ; ;1;07;50;210,383543531331;50
3252971;1;6;1;80;1;1;4;1; ;2; ;2; ; ; ; ;4;2;1;07;50;210,383543531331;50
3252974;1;1;1;80;1;1;1;6; ;2; ;2; ; ; ; ;9;2;1;07;13;342,630491715731;13
3252977;1;3;1;80;1;2; ; ; ; ; ;2; ;2; ;.; ; ;1;07;13;368,766399859608;13
3252978;1;2;1;80;1;2; ; ; ;2; ;2; ;2; ;.; ; ;1;07;13;314,583361550341;13
3252978;1;3;1;80;1;1;2;4; ;2; ;2; ; ;1; ;4;1;1;07;13;314,583361550341;13
3252978;1;5;1;80;1;2; ; ; ;2; ;2; ;2; ;.; ; ;1;07;13;314,583361550341;13
3252978;1;6;1;80;1;2; ; ; ;2; ;2; ;2; ;.; ; ;1;07;13;314,583361550341;13
3252978;1;7;1;80;1;1;1;3; ;2; ;2; ; ; ; ;9;2;1;07;13;314,583361550341;13
3252983;1;2;1;80;1;2; ; ; ;2; ;2; ;2; ;.; ; ;1;07;13;323,707921861084;13
3252984;1;3;1;80;1;2; ; ; ;2; ;2; ;2; ;.; ; ;1;07;13;395,121465468826;13
3252984;1;4;1;80;1;2; ; ; ; ; ;2; ;2; ;.; ; ;1;07;13;395,121465468826;13
3252985;1;4;1;80;1;2; ; ; ;2; ;2; ;2; ;.; ; ;1;07;13;406,685808819283;13
3252985;1;5;1;80;1;1;4;4; ;2; ;2; ; ; ; ;4;2;1;07;13;406,685808819283;13
3252986;1;2;1;80;1;1;2;6; ;2; ;2; ; ; ; ;9;2;1;07;13;464,291716486997;13
3252987;1;2;1;80;1;1;2;3; ;2; ;2; ; ; ; ;9;2;1;07;13;422,799627527672;13
3252989;1;3;1;80;1;2; ; ; ;2; ;2; ;2; ;.; ; ;1;07;13;313,549216873551;13
3252990;1;2;1;80;1;1;4;3; ;2; ;2; ; ; ; ;9;2;1;07;13;398,318446984927;13
3252991;1;2;1;80;1;2; ; ; ;2; ;2; ;2; ;.; ; ;1;07;13;328,323977646415;13
3252992;1;2;1;80;1;2; ; ; ;2; ;2; ;2; ;.; ; ;1;07;13;344,328158931848;13
3252993;1;3;1;80;1;2; ; ; ;2; ;2; ;2; ;.; ; ;1;07;13;334,993672264655;13
3252993;1;4;1;80;1;2; ; ; ; ; ;2; ;2; ;.; ; ;1;07;13;334,993672264655;13
3252994;1;4;1;80;1;2; ; ; ;2; ;2; ;2; ;.; ; ;1;07;13;410,560188197571;13
3252994;1;5;1;80;1;2; ; ; ;2; ;2; ;2; ;.; ; ;1;07;13;410,560188197571;13
3252994;1;6;1;80;1;2; ; ; ; ; ;2; ;2; ;.; ; ;1;07;13;410,560188197571;13
3252996;1;3;1;80;1;2; ; ; ;2; ;2; ;2; ;.; ; ;1;07;13;378,633075993948;13
3252998;1;3;1;80;1;2; ; ; ; ; ;2; ;2; ;.; ; ;1;07;13;329,729616009339;13
3252999;1;3;1;80;1;2; ; ; ;2; ;2; ;2; ;.; ; ;1;07;13;490,866138160962;13
3252999;1;4;1;80;1;2; ; ; ; ; ;2; ;2; ;.; ; ;1;07;13;490,866138160962;13
3252999;2;1;2;80;1;1;4;7; ;2; ;2; ; ; ; ;1;2;1;07;13;490,866138160962;13
3252999;2;4;2;80;1;2; ; ; ;2; ;2; ;2; ;.; ; ;1;07;13;490,866138160962;13
3253001;1;1;1;80;1;1;4;3; ;2; ;2; ; ; ; ;9;2;1;07;13;346,959681891261;13
3253004;1;1;1;80;1;2; ; ; ;2; ;2; ;2; ;.; ; ;1;07;44;80,9925379793973;44
3253008;1;1;1;80;1;1;1;6; ;2; ;2; ; ; ; ;11;2;1;07;18;58,2772932444934;18
3253008;1;3;1;80;1;2; ; ; ; ; ;2; ;2; ;.; ; ;1;07;18;58,2772932444934;18
3253009;1;3;1;80;1;2; ; ; ;2; ;2; ;2; ;.; ; ;1;07;18;62,8712247608561;18
3253009;1;4;1;80;1;2; ; ; ; ; ;2; ;2; ;.; ; ;1;07;18;62,8712247608561;18
3253011;1;1;1;80;1;2; ; ; ;2; ;2; ;2; ;.; ; ;1;07;18;68,5009975497008;18
3253012;1;3;1;80;1;2; ; ; ;2; ;2; ;2; ;.; ; ;1;07;18;67,7733304628413;18
3253013;1;3;1;80;1;1;4;5; ;3; ;2; ; ; ; ;10;2;1;07;18;42,4922595052673;18
3253014;1;3;1;80;1;2; ; ; ; ; ;2; ;2; ;.; ; ;1;07;18;69,0937743356123;18
3253017;1;1;1;80;1;1;4;4; ;2; ;2; ; ; ; ;8;2;1;07;18;37,7421898240809;18
3253018;1;1;1;80;1;2; ; ; ;2; ;2; ;2; ;.; ; ;1;07;18;54,5713423297937;18
3253018;1;2;1;80;1;1;4;4; ;2; ;2; ; ; ; ;8;2;1;07;18;54,5713423297937;18
3253018;1;4;1;80;1;1;3;8; ;2; ;2; ; ; ; ;2;2;1;07;18;54,5713423297937;18
3253019;1;1;1;80;1;1;4;4; ;2; ;2; ; ; ; ;4;2;1;07;18;53,4372416167009;18
3253019;1;2;1;80;1;2; ; ; ;2; ;2; ;2; ;.; ; ;1;07;18;53,4372416167009;18
3253022;1;2;1;80;1;2; ; ; ; ; ;2; ;2; ;.; ; ;1;07;18;52,184650963531;18
3253024;1;1;1;80;1;1;1;4; ;2; ;2; ; ; ; ;4;2;1;07;18;68,0881746428342;18
3253024;1;2;1;80;1;1;1;3; ;2; ;2; ; ; ; ;9;2;1;07;18;68,0881746428342;18
3253024;1;3;1;80;1;2; ; ; ; ; ;2; ;2; ;.; ; ;1;07;18;68,0881746428342;18
3253024;1;4;1;80;1;2; ; ; ;2; ;2; ;2; ;.; ; ;1;07;18;68,0881746428342;18
3253029;1;1;1;80;1;1;4;4; ;2; ;2; ; ; ; ;4;2;1;07;18;41,4953179503703;18
3253029;1;2;1;80;1;1;4;4; ;2; ;2; ; ; ; ;4;2;1;07;18;41,4953179503703;18
3253030;1;2;1;80;1;2; ; ; ;2; ;2; ;2; ;.; ; ;1;07;18;64,8589563144325;18
3253031;1;3;1;80;1;2; ; ; ;2; ;2; ;2; ;.; ; ;1;07;18;89,472739591201;18
3253031;1;4;1;80;1;2; ; ; ; ; ;2; ;2; ;.; ; ;1;07;18;89,472739591201;18
3253032;1;2;1;80;1;1;2;3; ;2; ;2; ; ; ; ;9;2;1;07;18;79,9878062511977;18
3253034;1;1;1;80;1;2; ; ; ;2; ;2; ;2; ;.; ; ;1;07;18;58,5317580184323;18
3253034;1;3;1;80;1;1;1;4; ;2; ;2; ; ; ; ;4;2;1;07;18;58,5317580184323;18
3253035;1;1;1;80;1;2; ; ; ;2; ;2; ;2; ;.; ; ;1;07;18;58,69011615136;18
3253036;1;3;1;80;1;2; ; ; ;2; ;2; ;2; ;.; ; ;1;07;18;117,510420310251;18
3253037;1;2;1;80;1;2; ; ; ;2; ;2; ;2; ;.; ; ;1;07;18;76,0630872138617;18
3253037;1;3;1;80;1;2; ; ; ;2; ;2; ;2; ;.; ; ;1;07;18;76,0630872138617;18
3253037;1;4;1;80;1;2; ; ; ;2; ;2; ;2; ;.; ; ;1;07;18;76,0630872138617;18
3253038;1;1;1;80;1;1;3;3; ;2; ;2; ; ; ; ;9;2;1;07;18;108,755494611427;18
3253039;1;2;1;80;1;1;3;3; ;2; ;2; ; ; ; ;9;2;1;07;18;122,405542542494;18
3253040;1;1;1;80;1;1;3;5; ;3; ;2; ; ; ; ;10;2;1;07;18;73,4681972554514;18
3253040;1;2;1;80;1;2; ; ; ;2; ;2; ;2; ;.; ; ;1;07;18;73,4681972554514;18
3253041;1;3;1;80;1;2; ; ; ; ; ;2; ;2; ;.; ; ;1;07;18;55,3534898858787;18
3253042;1;3;1;80;1;1;1;6; ;2; ;2; ; ; ; ;6;2;1;07;13;423,64058253172;13
3253042;1;4;1;80;1;1;4;4; ;2; ;2; ; ; ; ;4;2;1;07;13;423,64058253172;13
3253044;1;2;1;80;1;1;3;8; ;2; ;2; ; ; ; ;9;2;1;07;13;423,64058253172;13
3253044;1;3;1;80;1;2; ; ; ;2; ;2; ;2; ;.; ; ;1;07;13;423,64058253172;13
3253044;1;4;1;80;1;1;4;4; ;2; ;2; ; ; ; ;4;2;1;07;13;423,64058253172;13
3253047;1;3;1;80;1;2; ; ; ;2; ;2; ;2; ;.; ; ;1;07;13;378,633075993948;13
3253048;1;5;1;80;1;2; ; ; ;2; ;2; ;2; ;.; ; ;1;07;13;394,071798722693;13
3253049;1;2;1;80;1;1;3;8; ;2; ;2; ; ; ; ;2;2;1;07;13;327,274310900282;13
3253049;1;3;1;80;1;2; ; ; ;2; ;2; ;2; ;.; ; ;1;07;13;327,274310900282;13
3253051;1;2;1;80;1;1;3;3; ;2; ;2; ; ; ; ;9;2;1;07;13;422,799627527672;13
3253052;1;3;1;80;1;2; ; ; ;2; ;2; ;2; ;.; ; ;1;07;13;475,290601280767;13
3253052;1;4;1;80;1;2; ; ; ;2; ;2; ;2; ;.; ; ;1;07;13;475,290601280767;13
3253055;1;2;1;80;1;1;4;4; ;3; ;2; ; ; ; ;10;2;1;07;13;359,573691987851;13
3253056;1;3;1;80;1;2; ; ; ;2; ;2; ;2; ;.; ; ;1;07;13;406,037808349299;13
3253058;1;3;1;80;1;2; ; ; ;2; ;2; ;2; ;.; ; ;1;07;13;413,757169713672;13
3253058;1;4;1;80;1;2; ; ; ;2; ;2; ;2; ;.; ; ;1;07;13;413,757169713672;13
3253059;1;1;1;80;1;1;4;5; ;3; ;2; ; ; ; ;10;2;1;07;13;358,540761925427;13
3253059;1;2;1;80;1;1;1;5; ;3; ;2; ; ; ; ;10;2;1;07;13;358,540761925427;13
3253061;1;5;1;80;1;1;3;3; ;2; ;2; ; ; ; ;1;2;1;07;13;374,501228398062;13
3253062;1;2;1;80;1;1;3;3; ;2; ;2; ; ; ; ;9;2;1;07;13;400,773752093984;13
3253063;1;2;1;80;1;1;2;7; ;2; ;2; ; ; ; ;1;2;1;07;13;379,682742740081;13
3253064;1;2;1;80;1;1;4;3; ;2; ;2; ; ; ; ;9;2;1;07;13;335,355934841898;13
3253064;1;3;1;80;1;2; ; ; ; ; ;2; ;2; ;.; ; ;1;07;13;335,355934841898;13
3253064;1;4;1;80;1;2; ; ; ; ; ;2; ;2; ;.; ; ;1;07;13;335,355934841898;13
3253065;1;1;1;80;1;1;4;6; ;2; ;2; ; ; ; ;8;2;1;07;13;474,999347625386;13
3253066;1;1;1;80;1;1;4;9;TRASLADO  CIUDAD;2; ;2; ; ; ; ;1;2;1;07;13;439,079305260465;13
3253066;1;5;1;80;1;2; ; ; ;2; ;2; ;2; ;.; ; ;1;07;13;439,079305260465;13
3253066;1;6;1;80;1;2; ; ; ;2; ;2; ;2; ;.; ; ;1;07;13;439,079305260465;13
3253067;1;3;1;80;1;2; ; ; ;2; ;2; ;2; ;.; ; ;1;07;13;366,667066367342;13
3253067;1;4;1;80;1;2; ; ; ;2; ;2; ;2; ;.; ; ;1;07;13;366,667066367342;13
3253067;1;5;1;80;1;2; ; ; ; ; ;2; ;2; ;.; ; ;1;07;13;366,667066367342;13
3253068;1;1;1;80;1;2; ; ; ;2; ;2; ;2; ;.; ; ;1;07;63;133,03289025601;63
3253068;1;2;1;80;1;1;1;8; ;2; ;2; ; ;1; ;4;1;1;07;63;133,03289025601;63
3253069;1;2;1;80;1;2; ; ; ;2; ;2; ;2; ;.; ; ;1;07;63;129,394033001207;63
3253069;1;4;1;80;1;2; ; ; ;2; ;2; ;2; ;.; ; ;1;07;63;129,394033001207;63
3253070;1;3;1;80;1;2; ; ; ;2; ;2; ;2; ;.; ; ;1;07;63;133,03289025601;63
3253070;1;4;1;80;1;2; ; ; ;2; ;2; ;2; ;.; ; ;1;07;63;133,03289025601;63
3253071;1;3;1;80;1;1;1;8; ;2; ;2; ; ;2; ;1;1;1;07;63;145,897813249896;63
3253071;1;5;1;80;1;2; ; ; ; ; ;2; ;2; ;.; ; ;1;07;63;145,897813249896;63
3253076;1;1;1;80;1;1;4;5; ;3; ;2; ; ; ; ;10;2;1;07;17;253,016799404019;17
3253077;1;2;1;80;1;1;3;7; ;2; ;2; ; ;2; ;1;1;1;07;17;387,290291421517;17
3253078;1;1;1;80;1;1;2;8; ;3; ;2; ; ; ; ;10;2;1;07;17;349,419485716771;17
3253079;1;2;1;80;1;1;3;7; ;2; ;2; ; ; ; ;9;2;1;07;17;229,123511248124;17
3253080;1;2;1;80;1;1;4;4; ;2; ;2; ; ; ; ;4;2;1;07;17;207,870650344616;17
3253081;1;2;1;80;1;2; ; ; ; ; ;2; ;2; ;.; ; ;1;07;17;224,367469836844;17
3253081;1;3;1;80;1;2; ; ; ; ; ;2; ;2; ;.; ; ;1;07;17;224,367469836844;17
3253081;1;4;1;80;1;1;4;3; ;2; ;2; ; ; ; ;8;2;1;07;17;224,367469836844;17
3253088;1;1;1;80;1;1;4;4; ;2; ;2; ; ; ; ;4;2;1;07;17;93,5533515731853;17
3253088;1;3;1;80;1;1;4;7; ;2; ;2; ; ; ; ;11;2;1;07;17;93,5533515731853;17
3253089;1;1;1;80;1;1;4;5; ;3; ;2; ; ; ; ;10;2;1;07;17;126,541500771202;17
3253089;1;2;1;80;1;2; ; ; ;2; ;2; ;2; ;.; ; ;1;07;17;126,541500771202;17
3253090;1;2;1;80;1;2; ; ; ;2; ;2; ;2; ;.; ; ;1;07;17;133,347572723847;17
3253090;1;3;1;80;1;2; ; ; ;2; ;2; ;2; ;.; ; ;1;07;17;133,347572723847;17
3253091;1;2;1;80;1;2; ; ; ;2; ;2; ;2; ;.; ; ;1;07;17;243,947615011865;17
3253091;1;5;1;80;1;2; ; ; ; ; ;2; ;2; ;.; ; ;1;07;17;243,947615011865;17
3253092;1;1;1;80;1;1;4;4; ;2; ;2; ; ; ; ;9;2;1;07;17;191,306839538955;17
3253092;1;4;1;80;1;2; ; ; ;2; ;2; ;1;1; ;8; ;1;07;17;191,306839538955;17
3253095;1;1;1;80;1;2; ; ; ;2; ;2; ;2; ;.; ; ;1;07;17;130,858808920461;17
3253095;1;4;1;80;1;2; ; ; ;2; ;2; ;2; ;.; ; ;1;07;17;130,858808920461;17
3253097;1;5;1;80;1;1;2;2; ;2; ;2; ; ; ; ;2;2;1;07;17;178,81071910124;17
3253097;1;6;1;80;1;2; ; ; ;2; ;2; ;2; ;.; ; ;1;07;17;178,81071910124;17
3253097;1;7;1;80;1;2; ; ; ; ; ;2; ;2; ;.; ; ;1;07;17;178,81071910124;17
3253098;1;3;1;80;1;2; ; ; ; ; ;2; ;2; ;.; ; ;1;07;17;119,12206808999;17
3253098;1;4;1;80;1;2; ; ; ; ; ;2; ;2; ;.; ; ;1;07;17;119,12206808999;17
3253100;1;3;1;80;1;2; ; ; ; ; ;2; ;2; ;.; ; ;1;07;17;129,030264574589;17
3253101;1;1;1;80;1;1;4;5; ;3; ;2; ; ; ; ;10;2;1;07;17;138,97156212838;17
3253102;1;1;1;80;1;1;4;3; ;1;4;2; ; ; ; ;9;2;1;07;17;179,386540007708;17
3253102;1;3;1;80;1;2; ; ; ;2; ;2; ;2; ;.; ; ;1;07;17;179,386540007708;17
3253103;1;1;1;80;1;1;4;5; ;3; ;2; ; ; ; ;10;2;1;07;17;116,600203217411;17
3253103;1;3;1;80;1;2; ; ; ;2; ;2; ;2; ;.; ; ;1;07;17;116,600203217411;17
3253105;1;2;1;80;1;2; ; ; ;2; ;2; ;1;1; ;2; ;1;07;17;150,542940670736;17
3253106;1;2;1;80;1;1;3;3; ;2; ;2; ; ; ; ;9;2;1;07;17;126,541500771202;17
3253107;1;3;1;80;1;2; ; ; ;2; ;2; ;2; ;.; ; ;1;07;17;238,42118351788;17
3253107;1;4;1;80;1;2; ; ; ; ; ;2; ;2; ;.; ; ;1;07;17;238,42118351788;17
3253107;1;5;1;80;1;2; ; ; ; ; ;2; ;2; ;.; ; ;1;07;17;238,42118351788;17
3253108;1;2;1;80;1;2; ; ; ;2; ;2; ;2; ;.; ; ;1;07;17;179,386540007708;17
3253109;1;3;1;80;1;2; ; ; ;2; ;2; ;2; ;.; ; ;1;07;17;152,382135725951;17
3253110;1;3;1;80;1;1;1;8; ;2; ;2; ; ; ; ;2;2;1;07;17;205,260276031649;17
3253110;1;4;1;80;1;1;2;8; ;2; ;2; ; ; ; ;2;2;1;07;17;205,260276031649;17
3253111;1;1;1;80;1;1;2;6; ;3; ;2; ; ; ; ;11;2;1;07;17;146,225632521477;17
3253112;1;2;1;80;1;2; ; ; ; ; ;2; ;2; ;.; ; ;1;07;17;193,612044641566;17
3253115;1;2;1;80;1;1;4;4; ;2; ;2; ; ;2; ;8;1;1;07;17;99,4379363397147;17
3253115;1;5;1;80;1;2; ; ; ;2; ;2; ;2; ;.; ; ;1;07;17;99,4379363397147;17
3253116;1;1;1;80;1;1;4;5; ;3; ;2; ; ; ; ;10;2;1;07;17;160,484238224528;17
3253117;1;2;1;80;1;1;4;3; ;2; ;2; ; ; ; ;11;2;1;07;17;157,514374911497;17
3253118;1;1;1;80;1;1;4;6; ;2; ;2; ; ; ; ;11;2;1;07;17;126,50839970201;17
3253119;1;1;1;80;1;2; ; ; ;2; ;2; ;2; ;.; ; ;1;07;17;146,225632521477;17
3253122;1;3;1;80;1;1;1;2; ;2; ;2; ; ; ; ;2;2;1;07;41;156,949070363911;41
3253123;1;3;1;80;1;2; ; ; ;2; ;2; ;2; ;.; ; ;1;07;41;140,292343434828;41
3253125;1;2;1;80;1;1;2;3; ;2; ;2; ; ;1; ;4;1;1;07;41;178,061371311218;41
3253126;1;1;1;80;1;1;4;4; ;2; ;2; ; ; ; ;4;2;1;07;41;101,374100308125;41
3253126;1;2;1;80;1;1;4;4; ;2; ;2; ; ; ; ;8;2;1;07;41;101,374100308125;41
3253128;1;6;1;80;1;1;4;7; ;2; ;2; ; ; ; ;4;2;1;07;41;125,924867821972;41
3253130;1;1;1;80;1;1;4;3; ;2; ;2; ; ; ; ;9;2;1;07;41;133,532243322546;41
3253131;1;3;1;80;1;1;4;3; ;2; ;2; ; ; ; ;9;2;1;07;41;118,960723770789;41
3253132;1;1;1;80;1;1;2;6; ;2; ;2; ; ;1; ;1;1;1;07;41;248,325264317194;41
3253134;1;7;1;80;1;2; ; ; ; ; ;1;135000;1;1; ;11; ;1;07;41;142,185815174098;41
3253135;1;3;1;80;1;1;2;8; ;2; ;2; ; ; ; ;2;2;1;07;41;120,629003818517;41
3253136;1;3;1;80;1;1;2;8; ;2; ;2; ; ;2; ;2;1;1;07;41;151,845664175192;41
3253137;1;7;1;80;1;2; ; ; ;2; ;2; ;2; ;.; ; ;1;07;41;132,001146675814;41
3253138;1;3;1;80;1;2; ; ; ;2; ;2; ;2; ;.; ; ;1;07;41;143,77044570736;41
3253138;1;4;1;80;1;2; ; ; ; ; ;2; ;2; ;.; ; ;1;07;41;143,77044570736;41
3253139;1;2;1;80;1;2; ; ; ;2; ;2; ;2; ;.; ; ;1;07;41;117,571956102609;41
3253139;1;3;1;80;1;2; ; ; ; ; ;2; ;2; ;.; ; ;1;07;41;117,571956102609;41
3253139;1;4;1;80;1;2; ; ; ; ; ;2; ;2; ;.; ; ;1;07;41;117,571956102609;41
3253140;1;1;1;80;1;1;4;4; ;2; ;2; ; ; ; ;4;2;1;07;41;101,374100308125;41
3253141;1;1;1;80;1;1;2;4; ;2; ;2; ; ; ; ;4;2;1;07;41;98,1424544916013;41
3253141;1;3;1;80;1;1;1;9;POR EMBARAZO DE ALTO RIESGO;2; ;1;300000; ; ;POR EMBARAZO DE ALTO RIESGO;12;2;1;07;41;98,1424544916013;41
3253143;1;1;1;80;1;1;4;7; ;2; ;2; ; ; ; ;8;2;1;07;41;112,876745715319;41
3253145;1;1;1;80;1;1;4;6; ;2; ;2; ; ; ; ;8;2;1;07;41;213,01324441564;41
3253146;1;2;1;80;1;1;4;6; ;2; ;2; ; ; ; ;4;2;1;07;41;145,446424956717;41
3253148;1;3;1;80;1;2; ; ; ;2; ;2; ;2; ;.; ; ;1;07;41;143,77044570736;41
3253149;1;4;1;80;1;2; ; ; ; ; ;2; ;2; ;.; ; ;1;07;41;143,826752447641;41
3253151;1;2;1;80;1;2; ; ; ;2; ;2; ;2; ;.; ; ;1;07;41;114,828350421688;41
3253152;1;1;1;80;1;1;3;4; ;2; ;2; ; ; ; ;4;2;1;07;41;142,481432764546;41
3253154;1;2;1;80;1;2; ; ; ;2; ;2; ;2; ;.; ; ;1;07;41;122,297283866246;41
3253156;1;1;1;80;1;1;4;4; ;2; ;2; ; ; ; ;8;2;1;07;41;120,951964183151;41
3253158;1;1;1;80;1;1;3;5; ;2; ;2; ; ; ; ;8;2;1;07;41;157,272030728544;41
3253160;1;1;1;80;1;1;4;3; ;2; ;2; ; ; ; ;8;2;1;07;41;134,877563005641;41
3253164;1;4;1;80;1;2; ; ; ;2; ;2; ;2; ;.; ; ;1;07;41;143,77044570736;41
3253165;1;1;1;80;1;1;4;5; ;3; ;2; ; ;4; ;8;1;1;07;41;104,436779431143;41
3253165;1;3;1;80;1;2; ; ; ; ; ;2; ;2; ;.; ; ;1;07;41;104,436779431143;41
3253166;1;4;1;80;1;1;1;2; ;2; ;2; ; ; ; ;2;2;1;07;41;147,830864508957;41
3253166;1;5;1;80;1;2; ; ; ; ; ;2; ;2; ;.; ; ;1;07;41;147,830864508957;41
3253168;1;2;1;80;1;1;1;3; ;2; ;2; ; ; ; ;9;2;1;07;41;194,094337804148;41
3253173;1;1;1;80;1;2; ; ; ;2; ;2; ;1;4; ;9; ;1;07;41;139,039486536613;41
3253173;1;4;1;80;1;2; ; ; ;2; ;2; ;2; ;.; ; ;1;07;41;139,039486536613;41
3253174;1;2;1;80;1;2; ; ; ;2; ;2; ;2; ;.; ; ;1;07;41;162,002989899291;41
3253176;1;1;1;80;1;2; ; ; ;2; ;2; ;2; ;.; ; ;1;07;41;110,794638459052;41
3253178;1;2;1;80;1;2; ; ; ;2; ;2; ;2; ;.; ; ;1;07;41;117,607704886065;41
3253183;1;2;1;80;1;1;1;8; ;2; ;2; ; ; ; ;9;2;1;07;41;166,748875619753;41
3253186;1;1;1;80;1;1;1;5; ;3; ;2; ; ; ; ;10;2;1;07;41;137,193267962719;41
3253187;1;2;1;80;1;2; ; ; ;2; ;2; ;2; ;.; ; ;1;07;41;114,222065398414;41
3253187;1;3;1;80;1;2; ; ; ; ; ;2; ;2; ;.; ; ;1;07;41;114,222065398414;41
3253188;1;2;1;80;1;1;3;4; ;2; ;2; ; ; ; ;4;2;1;07;41;151,901970915473;41
3253188;1;3;1;80;1;2; ; ; ;2; ;2; ;1;1; ;2; ;1;07;41;151,901970915473;41
3253190;1;1;1;80;1;1;3;9;TRASLADO DE CIUDAD;2; ;2; ; ; ; ;9;2;1;07;41;107,450379161967;41
3253190;1;2;1;80;1;2; ; ; ;2; ;2; ;2; ;.; ; ;1;07;41;107,450379161967;41
3253191;1;1;1;80;1;1;4;7; ;2; ;2; ; ; ; ;8;2;1;07;41;94,2794537070444;41
3253191;1;2;1;80;1;1;1;4; ;2; ;1;250000; ; ; ;4;2;1;07;41;94,2794537070444;41
3253191;1;4;1;80;1;2; ; ; ; ; ;2; ;2; ;.; ; ;1;07;41;94,2794537070444;41
3253192;1;1;1;80;1;2; ; ; ;2; ;2; ;2; ;.; ; ;1;07;41;130,372502334078;41
3253193;1;5;1;80;1;2; ; ; ;2; ;2; ;2; ;.; ; ;1;07;41;196,205200404962;41
3253195;1;2;1;80;1;2; ; ; ;2; ;2; ;2; ;.; ; ;1;07;41;128,976507317812;41
3253196;1;1;1;80;1;1;4;9;TRASLADO DE CIUDAD;2; ;2; ; ; ; ;2;2;1;07;41;133,532243322546;41
3253196;1;4;1;80;1;2; ; ; ;2; ;2; ;2; ;.; ; ;1;07;41;133,532243322546;41
3253197;1;2;1;80;1;2; ; ; ; ; ;2; ;2; ;.; ; ;1;07;41;166,508050570854;41
3253197;2;2;2;80;1;1;2;3; ;2; ;2; ; ; ; ;9;2;1;07;41;166,508050570854;41
3253198;1;3;1;80;1;2; ; ; ; ; ;2; ;2; ;.; ; ;1;07;41;99,0667196180722;41
3253205;1;2;1;80;1;1;1;5; ;2; ;2; ; ; ; ;10;2;1;07;41;119,396297615984;41
3253206;1;3;1;80;1;2; ; ; ; ; ;2; ;2; ;.; ; ;1;07;41;111,20846566759;41
3253208;1;1;1;80;1;1;4;3; ;2; ;2; ; ; ; ;9;2;1;07;41;181,411262015414;41
3253208;1;3;1;80;1;2; ; ; ; ; ;2; ;2; ;.; ; ;1;07;41;181,411262015414;41
3253211;1;3;1;80;1;2; ; ; ; ; ;2; ;2; ;.; ; ;1;07;41;181,354955275133;41
3253213;1;1;1;80;1;1;4;4; ;2; ;2; ; ; ; ;4;2;1;07;41;110,794638459052;41
3253215;1;1;1;80;1;1;1;4; ;2; ;1;120000; ; ; ;4;2;1;07;41;157,272030728544;41
3253216;1;2;1;80;1;1;4;4; ;2; ;2; ; ; ; ;9;2;1;07;41;132,267800300166;41
3253216;1;4;1;80;1;2; ; ; ; ; ;2; ;2; ;.; ; ;1;07;41;132,267800300166;41
3253217;1;1;1;80;1;1;4;3; ;1;4;2; ; ; ; ;9;2;1;07;41;131,997806250264;41
3253218;1;2;1;80;1;1;1;7; ;2; ;2; ; ; ;FALTA DE  RECURSOS;12;2;1;07;41;143,77044570736;41
3253218;1;3;1;80;1;2; ; ; ;2; ;2; ;2; ;.; ; ;1;07;41;143,77044570736;41
3253218;1;4;1;80;1;2; ; ; ; ; ;2; ;2; ;.; ; ;1;07;41;143,77044570736;41
3253219;1;1;1;80;1;1;4;4; ;2; ;2; ; ; ; ;4;2;1;07;41;131,583979041727;41
3253222;1;1;1;80;1;1;4;5; ;3; ;2; ; ; ; ;8;2;1;07;41;119,283684135422;41
3253222;1;2;1;80;1;2; ; ; ;2; ;2; ;2; ;.; ; ;1;07;41;119,283684135422;41
3253223;1;1;1;80;1;1;4;3; ;2; ;2; ; ; ; ;8;2;1;07;41;132,267800300166;41
3253223;1;3;1;80;1;2; ; ; ;2; ;2; ;2; ;.; ; ;1;07;41;132,267800300166;41
3253224;1;1;1;80;1;1;4;4; ;2; ;2; ; ; ; ;4;2;1;07;41;103,987203439149;41
3253224;1;3;1;80;1;2; ; ; ;2; ;2; ;2; ;.; ; ;1;07;41;103,987203439149;41
3253224;1;4;1;80;1;1;4;3; ;2; ;2; ; ; ; ;9;2;1;07;41;103,987203439149;41
3253229;1;2;1;80;1;2; ; ; ; ; ;2; ;2; ;.; ; ;1;07;41;126,894400061546;41
3253230;1;1;1;80;1;1;4;5; ;3; ;2; ; ; ; ;10;2;1;07;41;81,7962364330986;41
3253230;1;2;1;80;1;1;3;5; ;3; ;2; ; ; ; ;10;2;1;07;41;81,7962364330986;41
3253230;1;3;1;80;1;1;4;5; ;3; ;2; ; ; ; ;10;2;1;07;41;81,7962364330986;41
3253231;1;3;1;80;1;2; ; ; ;2; ;2; ;2; ;.; ; ;1;07;41;151,845664175192;41
3253233;1;4;1;80;1;2; ; ; ;2; ;2; ;2; ;.; ; ;1;07;41;136,998759470913;41
3253236;1;1;1;80;1;1;4;8; ;2; ;2; ; ; ; ;4;2;1;07;41;101,374100308125;41
3253236;1;2;1;80;1;1;4;7; ;2; ;2; ; ; ; ;8;2;1;07;41;101,374100308125;41
3253237;1;1;1;80;1;1;4;4; ;2; ;2; ; ; ; ;4;2;1;07;41;119,283684135422;41
3253237;1;2;1;80;1;2; ; ; ;2; ;2; ;2; ;.; ; ;1;07;41;119,283684135422;41
3253238;1;1;1;80;1;1;4;5; ;3; ;2; ; ; ; ;4;2;1;07;41;155,603750680815;41
3253238;1;2;1;80;1;1;4;3; ;2; ;2; ; ; ; ;9;2;1;07;41;155,603750680815;41
3253238;1;3;1;80;1;2; ; ; ;2; ;2; ;2; ;.; ; ;1;07;41;155,603750680815;41
3253239;1;3;1;80;1;2; ; ; ; ; ;2; ;2; ;.; ; ;1;07;41;181,354955275133;41
3253240;1;1;1;80;1;1;1;4; ;2; ;2; ; ; ; ;4;2;1;07;41;141,12159379288;41
3253240;1;3;1;80;1;1;1;2; ; ; ;1;300000; ; ; ;2;2;1;07;41;141,12159379288;41
3253241;1;2;1;80;1;1;4;9;CAMBIO  DE CIUDAD;2; ;2; ; ; ; ;1;2;1;07;41;166,692568879472;41
3253242;1;1;1;80;1;1;2;3; ;2; ;2; ; ; ; ;4;2;1;07;41;145,559038437279;41
3253243;1;1;1;80;1;2; ; ; ;2; ;2; ;2; ;.; ; ;1;07;41;79,44747555248;41
3253243;1;2;1;80;1;2; ; ; ;2; ;2; ;2; ;.; ; ;1;07;41;79,44747555248;41
3253245;1;3;1;80;1;2; ; ; ;2; ;2; ;2; ;.; ; ;1;07;41;151,901970915473;41
3253246;1;2;1;80;1;2; ; ; ;2; ;2; ;2; ;.; ; ;1;07;41;115,525597629799;41
3253247;1;3;1;80;1;2; ; ; ;2; ;2; ;2; ;.; ; ;1;07;41;143,826752447641;41
3253247;1;4;1;80;1;2; ; ; ; ; ;2; ;2; ;.; ; ;1;07;41;143,826752447641;41
3253248;1;3;1;80;1;2; ; ; ; ; ;2; ;2; ;.; ; ;1;07;41;143,77044570736;41
3253250;1;1;1;80;1;1;4;5; ;3; ;2; ; ;4; ;8;1;1;07;41;156,815227388464;41
3253250;1;2;1;80;1;2; ; ; ;2; ;2; ;2; ;.; ; ;1;07;41;156,815227388464;41
3253254;1;2;1;80;1;2; ; ; ; ; ;2; ;2; ;.; ; ;1;07;41;190,247837976852;41
3253254;1;3;1;80;1;1;1;8; ;2; ;2; ; ; ;FALTA  DE INTERES;12;2;1;07;41;190,247837976852;41
3253257;1;3;1;80;1;2; ; ; ; ; ;2; ;2; ;.; ; ;1;07;41;151,845664175192;41
3253258;1;2;1;80;1;2; ; ; ;2; ;2; ;2; ;.; ; ;1;07;41;126,950706801827;41
3253259;1;2;1;80;1;2; ; ; ;2; ;2; ;2; ;.; ; ;1;07;41;117,720318366627;41
3253263;1;1;1;80;1;1;4;5; ;3; ;2; ; ; ; ;10;2;1;07;41;111,20846566759;41
3253263;1;2;1;80;1;1;1;5; ;3; ;2; ; ; ; ;10;2;1;07;41;111,20846566759;41
3253263;1;3;1;80;1;1;3;2; ;2; ;2; ; ; ; ;2;2;1;07;41;111,20846566759;41
3253264;1;4;1;80;1;2; ; ; ;2; ;2; ;2; ;.; ; ;1;07;41;101,051139943491;41
3253266;1;3;1;80;1;2; ; ; ;2; ;2; ;2; ;.; ; ;1;07;41;163,214466606939;41
3253267;1;5;1;80;1;2; ; ; ; ; ;2; ;2; ;.; ; ;1;07;41;142,466913475975;41
3253268;1;3;1;80;1;1;1;2; ;2; ;2; ; ; ; ;2;2;1;07;41;128,923541003081;41
3253268;1;4;1;80;1;2; ; ; ;2; ;2; ;2; ;.; ; ;1;07;41;128,923541003081;41
3253268;1;5;1;80;1;2; ; ; ; ; ;2; ;2; ;.; ; ;1;07;41;128,923541003081;41
3253269;1;2;1;80;1;2; ; ; ; ; ;2; ;2; ;.; ; ;1;07;41;122,297283866246;41
3253270;1;2;1;80;1;2; ; ; ;2; ;2; ;2; ;.; ; ;1;07;41;166,692568879472;41
3253271;1;2;1;80;1;1;1;2; ;2; ;2; ; ; ; ;2;2;1;07;15;95,604276558662;15
3253271;1;3;1;80;1;1;1;2; ;2; ;2; ; ; ; ;2;2;1;07;15;95,604276558662;15
3253271;1;4;1;80;1;2; ; ; ; ; ;2; ;2; ;.; ; ;1;07;15;95,604276558662;15
3253273;1;3;1;80;1;2; ; ; ; ; ;2; ;2; ;.; ; ;1;07;15;95,9445883866943;15
3253275;1;3;1;80;1;2; ; ; ;2; ;2; ;2; ;.; ; ;1;07;15;107,138312910192;15
3253277;1;2;1;80;1;1;2;7; ;2; ;2; ; ;1; ;9;1;1;07;15;70,7291152478042;15
3253277;1;3;1;80;1;2; ; ; ;2; ;2; ;2; ;.; ; ;1;07;15;70,7291152478042;15
3253277;1;4;1;80;1;2; ; ; ;2; ;2; ;2; ;.; ; ;1;07;15;70,7291152478042;15
3253277;1;5;1;80;1;2; ; ; ;2; ;2; ;2; ;.; ; ;1;07;15;70,7291152478042;15
3253277;1;6;1;80;1;2; ; ; ; ; ;2; ;2; ;.; ; ;1;07;15;70,7291152478042;15
3253277;1;7;1;80;1;1;4;4; ;2; ;2; ; ; ; ;4;2;1;07;15;70,7291152478042;15
3253279;1;1;1;80;1;1;4;4; ;2; ;2; ; ; ; ;4;2;1;07;15;70,8995657695562;15
3253280;1;2;1;80;1;1;2;8; ;2; ;2; ; ;1; ;8;1;1;07;15;79,3420669116423;15
3253280;1;3;1;80;1;2; ; ; ;2; ;2; ;2; ;.; ; ;1;07;15;79,3420669116423;15
3253280;1;4;1;80;1;2; ; ; ;2; ;2; ;2; ;.; ; ;1;07;15;79,3420669116423;15
3253281;1;1;1;80;1;1;3;3; ;2; ;2; ; ; ; ;2;2;1;07;15;75,8432374735427;15
3253281;1;2;1;80;1;2; ; ; ; ; ;2; ;2; ;.; ; ;1;07;15;75,8432374735427;15
3253282;1;2;1;80;1;2; ; ; ;2; ;2; ;2; ;.; ; ;1;07;15;80,5971165883872;15
3253282;1;3;1;80;1;2; ; ; ;2; ;2; ;2; ;.; ; ;1;07;15;80,5971165883872;15
3253284;1;3;1;80;1;2; ; ; ;2; ;2; ;2; ;.; ; ;1;07;15;90,5357914351396;15
3253284;1;4;1;80;1;2; ; ; ; ; ;2; ;2; ;.; ; ;1;07;15;90,5357914351396;15
3253286;1;1;1;80;1;1;1;2; ;2; ;2; ; ; ; ;2;2;1;07;15;71,6894901987328;15
3253286;1;2;1;80;1;1;1;2; ;2; ;2; ; ; ; ;2;2;1;07;15;71,6894901987328;15
3253288;1;2;1;80;1;2; ; ; ;2; ;2; ;2; ;.; ; ;1;07;15;59,2407159984908;15
3253288;1;3;1;80;1;2; ; ; ; ; ;2; ;2; ;.; ; ;1;07;15;59,2407159984908;15
3253289;1;3;1;80;1;2; ; ; ;2; ;2; ;2; ;.; ; ;1;07;15;104,849111924408;15
3253290;1;3;1;80;1;1;1;2; ;2; ;2; ; ; ; ;2;2;1;07;15;90,5357914351396;15
3253290;1;4;1;80;1;2; ; ; ; ; ;2; ;2; ;.; ; ;1;07;15;90,5357914351396;15
3253294;1;2;1;80;1;1;1;2; ;2; ;2; ; ; ; ;2;2;1;07;15;73,0154292594346;15
3253294;1;3;1;80;1;2; ; ; ; ; ;2; ;2; ;.; ; ;1;07;15;73,0154292594346;15
3253295;1;2;1;80;1;2; ; ; ;2; ;2; ;2; ;.; ; ;1;07;15;97,1996380634391;15
3253296;1;2;1;80;1;2; ; ; ;2; ;2; ;2; ;.; ; ;1;07;15;94,3786238068172;15
3253299;1;3;1;80;1;2; ; ; ; ; ;2; ;2; ;.; ; ;1;07;15;62,147406152565;15
3253301;1;1;1;80;1;1;2;3; ;2; ;2; ; ; ; ;9;2;1;07;47;150,186231973364;47
3253301;1;3;1;80;1;2; ; ; ; ; ;2; ;2; ;.; ; ;1;07;47;150,186231973364;47
3253301;1;5;1;80;1;1;4;4; ;2; ;2; ; ; ; ;4;2;1;07;47;150,186231973364;47
3253301;1;6;1;80;1;2; ; ; ;2; ;2; ;2; ;.; ; ;1;07;47;150,186231973364;47
3253302;1;4;1;80;1;1;1;8; ;2; ;2; ; ; ; ;6;2;1;07;47;108,591941221729;47
3253305;1;4;1;80;1;1;4;5; ;3; ;2; ; ; ; ;10;2;1;07;47;87,4483495145594;47
3253305;1;6;1;80;1;2; ; ; ; ; ;2; ;2; ;.; ; ;1;07;47;87,4483495145594;47
3253306;1;2;1;80;1;2; ; ; ;2; ;2; ;2; ;.; ; ;1;07;47;223,590559322364;47
3253307;1;4;1;80;1;2; ; ; ;2; ;2; ;2; ;.; ; ;1;07;47;194,560977619748;47
3253307;1;5;1;80;1;2; ; ; ; ; ;2; ;2; ;.; ; ;1;07;47;194,560977619748;47
3253311;1;1;1;80;1;1;1;4; ;2; ;2; ; ; ; ;4;2;1;07;47;188,968371301314;47
3253311;1;3;1;80;1;2; ; ; ;2; ;2; ;2; ;.; ; ;1;07;47;188,968371301314;47
3253312;1;3;1;80;1;2; ; ; ; ; ;2; ;2; ;.; ; ;1;07;47;157,631492731279;47
3253313;1;2;1;80;1;1;2;8; ;2; ;2; ; ; ; ;9;2;1;07;47;123,751939427495;47
3253314;1;1;1;80;1;1;3;4; ;2; ;2; ; ; ; ;4;2;1;07;47;197,444934038407;47
3253314;1;5;1;80;1;2; ; ; ;2; ;2; ;2; ;.; ; ;1;07;47;197,444934038407;47
3253314;1;6;1;80;1;2; ; ; ;2; ;2; ;2; ;.; ; ;1;07;47;197,444934038407;47
3253314;1;7;1;80;1;2; ; ; ; ; ;2; ;2; ;.; ; ;1;07;47;197,444934038407;47
3253315;1;1;1;80;1;1;4;4; ;2; ;2; ; ; ; ;4;2;1;07;47;182,637775192311;47
3253315;1;4;1;80;1;2; ; ; ; ; ;2; ;2; ;.; ; ;1;07;47;182,637775192311;47
3253317;1;1;1;80;1;1;4;5; ;3; ;2; ; ; ; ;10;2;1;07;47;87,4483495145594;47
3253317;1;2;1;80;1;2; ; ; ;2; ;2; ;2; ;.; ; ;1;07;47;87,4483495145594;47
3253317;1;5;1;80;1;2; ; ; ; ; ;2; ;2; ;.; ; ;1;07;47;87,4483495145594;47
3253317;1;6;1;80;1;2; ; ; ;2; ;2; ;2; ;.; ; ;1;07;47;87,4483495145594;47
3253319;1;3;1;80;1;1;2;2; ;2; ;2; ; ; ; ;2;2;1;07;47;203,92432924044;47
3253319;1;4;1;80;1;2; ; ; ;2; ;2; ;2; ;.; ; ;1;07;47;203,92432924044;47
3253319;1;6;1;80;1;2; ; ; ;2; ;2; ;2; ;.; ; ;1;07;47;203,92432924044;47
3253321;1;3;1;80;1;2; ; ; ;2; ;2; ;2; ;.; ; ;1;07;47;111,301665607644;47
3253321;1;4;1;80;1;2; ; ; ; ; ;2; ;2; ;.; ; ;1;07;47;111,301665607644;47
3253324;1;2;1;80;1;2; ; ; ; ; ;2; ;2; ;.; ; ;1;07;47;205,54767918408;47
3253324;1;3;1;80;1;2; ; ; ; ; ;2; ;2; ;.; ; ;1;07;47;205,54767918408;47
3253325;1;3;1;80;1;2; ; ; ; ; ;2; ;2; ;.; ; ;1;07;47;252,407524171182;47
3253325;1;6;1;80;1;2; ; ; ;2; ;2; ;2; ;.; ; ;1;07;47;252,407524171182;47
3253329;1;2;1;80;1;1;1;4; ;2; ;2; ; ; ; ;8;2;1;07;47;129,777890221676;47
3253329;1;3;1;80;1;2; ; ; ; ; ;2; ;2; ;.; ; ;1;07;47;129,777890221676;47
3253330;1;1;1;80;1;1;4;4; ;2; ;2; ; ; ; ;8;2;1;07;47;193,711179350624;47
3253330;1;3;1;80;1;1;1;4; ;2; ;2; ; ; ; ;4;2;1;07;47;193,711179350624;47
3253330;1;4;1;80;1;1;1;8; ;2; ;2; ; ; ; ;9;2;1;07;47;193,711179350624;47
3253331;1;2;1;80;1;1;2;4; ;2; ;2; ; ; ; ;4;2;1;07;47;265,211188789341;47
3253331;1;5;1;80;1;2; ; ; ; ; ;2; ;2; ;.; ; ;1;07;47;265,211188789341;47
3253331;1;8;1;80;1;1;4;4; ;2; ;2; ; ; ; ;4;2;1;07;47;265,211188789341;47
3253331;1;9;1;80;1;2; ; ; ;2; ;2; ;2; ;.; ; ;1;07;47;265,211188789341;47
3253333;1;2;1;80;1;1;1;4; ;2; ;2; ; ; ; ;4;2;1;07;47;87,4483495145594;47
3253333;1;3;1;80;1;2; ; ; ;2; ;2; ;2; ;.; ; ;1;07;47;87,4483495145594;47
3253334;1;2;1;80;1;1;4;4; ;2; ;2; ; ; ; ;4;2;1;07;47;161,451826192364;47
3253334;1;6;1;80;1;2; ; ; ; ; ;2; ;2; ;.; ; ;1;07;47;161,451826192364;47
3253335;1;3;1;80;1;2; ; ; ;2; ;2; ;2; ;.; ; ;1;07;47;148,268141110588;47
3253336;1;3;1;80;1;2; ; ; ; ; ;2; ;2; ;.; ; ;1;07;47;110,652757807045;47
3253337;1;3;1;80;1;2; ; ; ; ; ;2; ;2; ;.; ; ;1;07;47;187,952917586605;47
3253339;1;3;1;80;1;1;3;8; ;2; ;2; ; ;2; ;2;1;1;07;47;248,358314118949;47
3253340;1;7;1;80;1;2; ; ; ;2; ;2; ;2; ;.; ; ;1;07;47;129,711091660039;47
3253341;1;2;1;80;1;1;3;3; ;2; ;2; ; ; ; ;9;2;1;07;47;185,156614427388;47
3253342;1;2;1;80;1;2; ; ; ;2; ;2; ;2; ;.; ; ;1;07;47;186,053178204965;47
3253342;2;2;2;80;1;1;1;3; ;2; ;2; ; ; ; ;9;2;1;07;47;186,053178204965;47
3253343;1;1;1;80;1;1;2;3; ;2; ;2; ; ; ; ;9;2;1;07;47;183,574152234736;47
3253343;1;2;1;80;1;2; ; ; ; ; ;2; ;2; ;.; ; ;1;07;47;183,574152234736;47
3253343;1;3;1;80;1;2; ; ; ; ; ;2; ;2; ;.; ; ;1;07;47;183,574152234736;47
3253345;1;1;1;80;1;1;3;5; ;3; ;2; ; ; ; ;10;2;1;07;47;137,080425257051;47
3253345;1;2;1;80;1;1;4;4; ;2; ;2; ; ; ; ;4;2;1;07;47;137,080425257051;47
3253346;1;2;1;80;1;2; ; ; ;2; ;2; ;2; ;.; ; ;1;07;47;275,023986472635;47
3253346;1;3;1;80;1;1;1;8; ;2; ;2; ; ; ; ;2;2;1;07;47;275,023986472635;47
3253346;1;4;1;80;1;2; ; ; ;2; ;2; ;2; ;.; ; ;1;07;47;275,023986472635;47
3253348;1;1;1;80;1;1;4;4; ;2; ;2; ; ; ; ;4;2;1;07;47;175,842850965523;47
3253348;2;2;2;80;1;2; ; ; ;2; ;2; ;2; ;.; ; ;1;07;47;175,842850965523;47
3253349;1;1;1;80;1;1;1;9;FALTA  DE  RECURSOS;2; ;2; ; ; ; ;4;2;1;07;47;188,968371301314;47
3253350;1;2;1;80;1;2; ; ; ;2; ;2; ;2; ;.; ; ;1;07;47;201,128026081223;47
3253350;1;3;1;80;1;2; ; ; ;2; ;2; ;2; ;.; ; ;1;07;47;201,128026081223;47
3253350;1;4;1;80;1;2; ; ; ; ; ;2; ;2; ;.; ; ;1;07;47;201,128026081223;47
3253352;1;2;1;80;1;2; ; ; ;2; ;2; ;2; ;.; ; ;1;07;47;234,931652510839;47
3253359;1;1;1;80;1;1;4;7; ;2; ;2; ; ; ; ;9;2;1;07;47;126,195403227042;47
3253359;1;2;1;80;1;2; ; ; ;2; ;2; ;1;4; ;8; ;1;07;47;126,195403227042;47
3253359;1;6;1;80;1;2; ; ; ; ; ;2; ;2; ;.; ; ;1;07;47;126,195403227042;47
3253359;1;7;1;80;1;2; ; ; ; ; ;2; ;2; ;.; ; ;1;07;47;126,195403227042;47
3253360;1;1;1;80;1;1;4;3; ;2; ;2; ; ; ; ;9;2;1;07;47;155,570676145963;47
3253361;1;3;1;80;1;2; ; ; ; ; ;2; ;2; ;.; ; ;1;07;47;157,631492731279;47
3253363;1;2;1;80;1;2; ; ; ;2; ;2; ;2; ;.; ; ;1;07;47;175,960413380862;47
3253363;1;7;1;80;1;1;4;7; ;2; ;2; ; ; ; ;8;2;1;07;47;175,960413380862;47
3253363;1;8;1;80;1;1;4;4; ;2; ;2; ; ; ; ;4;2;1;07;47;175,960413380862;47
3253363;2;3;2;80;1;2; ; ; ; ; ;2; ;2; ;.; ; ;1;07;47;175,960413380862;47
3253364;1;3;1;80;1;2; ; ; ;2; ;2; ;2; ;.; ; ;1;07;47;194,560977619748;47
3253365;1;2;1;80;1;2; ; ; ;2; ;2; ;2; ;.; ; ;1;07;47;87,4483495145594;47
3253365;1;4;1;80;1;1;1;8; ;2; ;2; ; ; ; ;7;2;1;07;47;87,4483495145594;47
3253365;1;5;1;80;1;2; ; ; ;2; ;2; ;2; ;.; ; ;1;07;47;87,4483495145594;47
3253366;1;1;1;80;1;1;3;6; ;2; ;2; ; ; ; ;8;2;1;07;47;115,121999068729;47
3253366;1;2;1;80;1;2; ; ; ;2; ;2; ;2; ;.; ; ;1;07;47;115,121999068729;47
3253366;1;3;1;80;1;1;2;2; ;2; ;2; ; ; ; ;2;2;1;07;47;115,121999068729;47
3253366;1;4;1;80;1;2; ; ; ; ; ;2; ;2; ;.; ; ;1;07;47;115,121999068729;47
3253366;1;6;1;80;1;1;3;8; ;2; ;2; ; ; ; ;1;2;1;07;47;115,121999068729;47
3253366;1;7;1;80;1;2; ; ; ;2; ;2; ;2; ;.; ; ;1;07;47;115,121999068729;47
3253367;1;3;1;80;1;1;2;3; ;2; ;2; ; ; ; ;9;2;1;07;47;243,358627089105;47
3253368;1;2;1;80;1;1;2;6; ;2; ;2; ; ; ; ;9;2;1;07;47;200,112572366513;47
3253368;1;3;1;80;1;2; ; ; ; ; ;2; ;2; ;.; ; ;1;07;47;200,112572366513;47
3253368;1;4;1;80;1;2; ; ; ; ; ;2; ;2; ;.; ; ;1;07;47;200,112572366513;47
3253370;1;1;1;80;1;1;4;3; ;2; ;2; ; ; ; ;9;2;1;07;47;182,487901613141;47
3253371;1;3;1;80;1;2; ; ; ; ; ;2; ;2; ;.; ; ;1;07;47;98,5426911859633;47
3253371;1;5;1;80;1;2; ; ; ;2; ;2; ;2; ;.; ; ;1;07;47;98,5426911859633;47
3253374;1;1;1;80;1;1;4;7; ;2; ;2; ; ; ; ;8;2;1;07;47;107,655564179303;47
3253376;1;1;1;80;1;1;4;4; ;2; ;2; ; ; ; ;4;2;1;07;47;115,361078458549;47
3253376;1;7;1;80;1;2; ; ; ; ; ;2; ;2; ;.; ; ;1;07;47;115,361078458549;47
3253377;1;3;1;80;1;2; ; ; ;2; ;2; ;2; ;.; ; ;1;07;47;259,382130118436;47
3253377;1;4;1;80;1;2; ; ; ;2; ;2; ;2; ;.; ; ;1;07;47;259,382130118436;47
3253377;1;5;1;80;1;2; ; ; ;2; ;2; ;2; ;.; ; ;1;07;47;259,382130118436;47
3253378;1;2;1;80;1;2; ; ; ;2; ;2; ;2; ;.; ; ;1;07;47;234,931652510839;47
3253379;1;2;1;80;1;2; ; ; ;2; ;2; ;2; ;.; ; ;1;07;47;191,764674460531;47
3253379;1;3;1;80;1;2; ; ; ;2; ;2; ;2; ;.; ; ;1;07;47;191,764674460531;47
3253379;1;4;1;80;1;2; ; ; ; ; ;2; ;2; ;.; ; ;1;07;47;191,764674460531;47
3253380;1;3;1;80;1;2; ; ; ; ; ;2; ;2; ;.; ; ;1;07;47;198,331722922006;47
3253381;1;3;1;80;1;2; ; ; ; ; ;2; ;2; ;.; ; ;1;07;47;231,449450936548;47
3253382;1;1;1;80;1;1;1;4; ;2; ;2; ; ; ; ;8;2;1;07;47;166,666363538476;47
3253383;1;1;1;80;1;1;4;7; ;2; ;2; ; ; ; ;9;2;1;07;47;247,431514489517;47
3253384;1;2;1;80;1;1;1;3; ;2; ;2; ; ; ; ;9;2;1;07;47;224,841390903405;47
3253386;1;5;1;80;1;1;2;3; ;2; ;2; ; ; ; ;9;2;1;07;47;188,610401974362;47
3253387;1;1;1;80;1;2; ; ; ;2; ;2; ;2; ;.; ; ;1;07;47;131,449753838002;47
3253387;1;2;1;80;1;2; ; ; ;2; ;2; ;2; ;.; ; ;1;07;47;131,449753838002;47
3253388;1;2;1;80;1;1;2;2; ;2; ;2; ; ; ; ;9;2;1;07;47;204,610227655514;47
3253389;1;3;1;80;1;2; ; ; ; ; ;2; ;2; ;.; ; ;1;07;47;118,60420064302;47
3253389;1;4;1;80;1;1;4;3; ;2; ;2; ; ; ; ;8;2;1;07;47;118,60420064302;47
3253391;1;3;1;80;1;2; ; ; ;2; ;2; ;2; ;.; ; ;1;07;47;187,952917586605;47
3253392;1;2;1;80;1;1;1;6; ;2; ;2; ; ; ; ;9;2;1;07;47;148,268141110588;47
3253392;1;3;1;80;1;2; ; ; ; ; ;2; ;2; ;.; ; ;1;07;47;148,268141110588;47
3253396;1;1;1;80;1;2; ; ; ;2; ;2; ;2; ;.; ; ;1;07;18;70,1627810449397;18
3253398;1;1;1;80;1;1;4;5; ;3; ;2; ; ; ; ;10;2;1;07;18;75,4843796481618;18
3253399;1;4;1;80;1;2; ; ; ;2; ;2; ;2; ;.; ; ;1;07;18;61,3963662953271;18
3253399;1;5;1;80;1;2; ; ; ; ; ;2; ;2; ;.; ; ;1;07;18;61,3963662953271;18
3253401;1;2;1;80;1;1;1;4; ;2; ;2; ; ; ; ;4;2;1;07;18;49,7301063776672;18
3253403;1;2;1;80;1;1;4;9;TRASLADO  DE  DOMICILIO;2; ;2; ; ; ; ;1;2;1;07;18;79,9878062511977;18
3253407;1;1;1;80;1;2; ; ; ;2; ;2; ;2; ;.; ; ;1;07;18;71,4295155060269;18
3253408;1;4;1;80;1;2; ; ; ;2; ;2; ;2; ;.; ; ;1;07;18;54,8731272347831;18
3253408;1;6;1;80;1;2; ; ; ; ; ;2; ;2; ;.; ; ;1;07;18;54,8731272347831;18
3253408;1;7;1;80;1;1;1;6; ;2; ;1;80000; ; ; ;6;2;1;07;18;54,8731272347831;18
3253409;1;2;1;80;1;1;2;3; ;2; ;2; ; ; ; ;9;2;1;07;18;76,3316212080121;18
3253410;1;2;1;80;1;2; ; ; ; ; ;2; ;2; ;.; ; ;1;07;18;77,9349806938559;18
3253413;1;2;1;80;1;1;2;9;TRASLADO DE CIUDAD;2; ;2; ; ; ; ;9;2;1;07;18;40,3219950268293;18
3253415;1;3;1;80;1;2; ; ; ;2; ;2; ;2; ;.; ; ;1;07;18;43,880824992299;18
3253416;1;4;1;80;1;2; ; ; ;2; ;2; ;2; ;.; ; ;1;07;18;40,2897339528788;18
3253417;1;1;1;80;1;1;3;5; ;3; ;2; ; ; ; ;10;2;1;07;18;57,5560154382672;18
3253418;1;1;1;80;1;1;1;8; ;2; ;2; ; ; ; ;2;2;1;07;18;58,69011615136;18
3253421;1;7;1;80;1;2; ; ; ;2; ;2; ;2; ;.; ; ;1;07;18;89,9886526088211;18
3253424;1;3;1;80;1;2; ; ; ;2; ;2; ;2; ;.; ; ;1;07;18;76,5252162320923;18
3253424;1;5;1;80;1;1;4;8; ;2; ;2; ; ; ; ;8;2;1;07;18;76,5252162320923;18
3253424;1;6;1;80;1;2; ; ; ;2; ;2; ;2; ;.; ; ;1;07;18;76,5252162320923;18
3253427;1;1;1;80;1;1;4;3; ;2; ;2; ; ; ; ;9;2;1;07;18;38,4939025052365;18
3253430;1;2;1;80;1;1;2;5; ;3; ;2; ; ; ; ;10;2;1;07;18;75,3260215152341;18
3253431;1;3;1;80;1;2; ; ; ;2; ;2; ;2; ;.; ; ;1;07;18;43,880824992299;18
3253435;1;2;1;80;1;2; ; ; ;2; ;2; ;2; ;.; ; ;1;07;18;112,601331138523;18
3253435;1;3;1;80;1;1;1;2; ;2; ;2; ; ; ; ;2;2;1;07;18;112,601331138523;18
3253440;1;1;1;80;1;2; ; ; ;2; ;2; ;2; ;.; ; ;1;07;18;58,69011615136;18
3253442;1;4;1;80;1;2; ; ; ;2; ;2; ;2; ;.; ; ;1;07;18;65,8346988945976;18
3253443;1;2;1;80;1;2; ; ; ;2; ;2; ;2; ;.; ; ;1;07;18;76,987805010473;18
3253444;1;1;1;80;1;2; ; ; ;2; ;2; ;2; ;.; ; ;1;07;18;71,1099567283226;18
3253446;1;2;1;80;1;1;4;3; ;2; ;2; ; ; ; ;9;2;1;07;18;76,8294468775453;18
3253447;1;1;1;80;1;2; ; ; ;2; ;2; ;2; ;.; ; ;1;07;18;69,5065972424788;18
3253448;1;1;1;80;1;1;4;4; ;2; ;2; ; ; ; ;4;2;1;07;18;56,0462007953228;18
3253448;1;3;1;80;1;2; ; ; ; ; ;2; ;2; ;.; ; ;1;07;18;56,0462007953228;18
3253450;1;2;1;80;1;1;4;3; ;2; ;2; ; ; ; ;9;2;1;07;18;59,0096749290643;18
3253450;1;3;1;80;1;2; ; ; ; ; ;2; ;2; ;.; ; ;1;07;18;59,0096749290643;18
3253451;1;6;1;80;1;1;4;4; ;2; ;2; ; ; ; ;4;2;1;07;18;59,921507829798;18
3253452;1;3;1;80;1;2; ; ; ;2; ;2; ;2; ;.; ; ;1;07;18;43,880824992299;18
3253453;1;2;1;80;1;1;3;3; ;2; ;2; ; ; ; ;9;2;1;07;18;76,987805010473;18
3253454;1;1;1;80;1;2; ; ; ;2; ;2; ;2; ;.; ; ;1;07;18;32,2696987683641;18
3253455;1;1;1;80;1;1;4;5; ;3; ;2; ; ; ; ;10;2;1;07;18;59,473448031779;18
3253455;1;3;1;80;1;1;1;2; ;2; ;2; ; ; ; ;2;2;1;07;18;59,473448031779;18
3253456;1;1;1;80;1;1;4;4; ;2; ;2; ; ; ; ;8;2;1;07;18;68,5009975497008;18
3253456;1;2;1;80;1;1;4;4; ;2; ;2; ; ; ; ;8;2;1;07;18;68,5009975497008;18
3253459;1;1;1;80;1;1;4;5; ;3; ;2; ; ; ; ;8;2;1;07;73;213,074304693579;73
3253461;1;1;1;80;1;1;3;5; ;3; ;2; ; ; ; ;10;2;1;07;73;232,848475222616;73
3253462;1;3;1;80;1;2; ; ; ;2; ;2; ;2; ;.; ; ;1;07;73;263,073802809432;73
3253464;1;1;1;80;1;1;4;5; ;3; ;2; ; ; ; ;8;2;1;07;73;225,264520203832;73
3253471;1;2;1;80;1;1;4;8; ;2; ;2; ; ; ; ;4;2;1;07;73;260,013486134429;73
3253474;1;2;1;80;1;2; ; ; ;2; ;2; ;2; ;.; ; ;1;07;73;341,155695866309;73
3253474;1;3;1;80;1;2; ; ; ; ; ;2; ;2; ;.; ; ;1;07;73;341,155695866309;73
3253479;1;4;1;80;1;2; ; ; ;2; ;2; ;1;1; ;1; ;1;07;73;186,785969498224;73
3253479;1;5;1;80;1;1;4;5; ;3; ;2; ; ; ; ;10;2;1;07;73;186,785969498224;73
3253480;1;1;1;80;1;2; ; ; ;2; ;2; ;2; ;.; ; ;1;07;73;246,364386813996;73
3253486;1;5;1;80;1;2; ; ; ; ; ;2; ;2; ;.; ; ;1;07;73;175,558405939748;73
3253486;3;2;3;80;1;1;4;4; ;2; ;2; ; ; ; ;4;2;1;07;73;175,558405939748;73
3253487;1;1;1;80;1;1;1;4; ;2; ;2; ; ; ; ;2;2;1;07;73;299,67675539265;73
3253489;1;1;1;80;1;2; ; ; ;2; ;2; ;2; ;.; ; ;1;07;73;245,729520026061;73
3253489;1;2;1;80;1;1;3;2; ;2; ;2; ; ; ; ;2;2;1;07;73;245,729520026061;73
3253490;1;1;1;80;1;1;1;3; ;2; ;2; ; ; ; ;9;2;1;07;73;258,80271825345;73
3253490;1;3;1;80;1;2; ; ; ;2; ;2; ;2; ;.; ; ;1;07;73;258,80271825345;73
3253493;1;2;1;80;1;1;4;3; ;2; ;2; ; ; ; ;9;2;1;07;73;273,974346641455;73
3253494;1;2;1;80;1;1;2;3; ;2; ;2; ; ; ; ;9;2;1;07;73;270,661476178654;73
3253495;1;3;1;80;1;2; ; ; ; ; ;2; ;2; ;.; ; ;1;07;73;345,325545647111;73
3253496;1;4;1;80;1;2; ; ; ; ; ;2; ;2; ;.; ; ;1;07;73;173,712771270835;73
3253496;1;5;1;80;1;1;4;5; ;3; ;2; ; ; ; ;10;2;1;07;73;173,712771270835;73
3253497;1;1;1;80;1;1;1;4; ;2; ;2; ; ; ; ;8;2;1;07;73;208,272586967121;73
3253498;1;2;1;80;1;1;4;3; ;2; ;2; ; ; ; ;9;2;1;07;73;385,918554837941;73
3253500;1;2;1;80;1;2; ; ; ;2; ;2; ;2; ;.; ; ;1;07;73;226,861988666959;73
3253500;1;3;1;80;1;2; ; ; ;2; ;2; ;2; ;.; ; ;1;07;73;226,861988666959;73
3253500;1;4;1;80;1;2; ; ; ; ; ;2; ;2; ;.; ; ;1;07;73;226,861988666959;73
3253501;1;1;1;80;1;1;4;3; ;2; ;2; ; ; ; ;9;2;1;07;73;208,272586967121;73
3253502;1;2;1;80;1;2; ; ; ;2; ;2; ;2; ;.; ; ;1;07;73;255,489847790649;73
3253504;1;1;1;80;1;1;2;7; ;2; ;2; ; ; ; ;8;2;1;07;73;243,823289218622;73
3253505;1;1;1;80;1;1;4;7; ;3; ;2; ; ; ; ;10;2;1;07;73;292,916867672699;73
3253505;1;2;1;80;1;2; ; ; ;2; ;2; ;2; ;.; ; ;1;07;73;292,916867672699;73
3253506;1;2;1;80;1;1;4;3; ;2; ;2; ; ; ; ;8;2;1;07;73;240,789217646656;73
3253508;1;3;1;80;1;2; ; ; ;2; ;2; ;2; ;.; ; ;1;07;73;242,033617054964;73
3253508;1;4;1;80;1;2; ; ; ; ; ;2; ;2; ;.; ; ;1;07;73;242,033617054964;73
3253510;1;2;1;80;1;1;1;2; ;2; ;2; ; ; ; ;2;2;1;07;73;229,535604759815;73
3253512;1;2;1;80;1;2; ; ; ;2; ;2; ;2; ;.; ; ;1;07;73;248,763591598026;73
3253514;1;2;1;80;1;2; ; ; ;2; ;2; ;2; ;.; ; ;1;07;73;249,394740035522;73
3253519;1;4;1;80;1;1;1;2; ;2; ;2; ; ; ; ;2;2;1;07;76;998,764056718241;76
3253520;1;2;1;80;1;1;4;3; ;2; ;2; ; ; ; ;9;2;1;07;76;782,43794561352;76
3253520;1;3;1;80;1;1;1;8; ;2; ;2; ; ; ; ;2;2;1;07;76;782,43794561352;76
3253521;1;1;1;80;1;1;3;5; ;3; ;2; ; ; ; ;11;2;1;07;76;741,551893481513;76
3253521;1;2;1;80;1;1;4;3; ;2; ;2; ; ; ; ;11;2;1;07;76;741,551893481513;76
3253523;1;3;1;80;1;2; ; ; ;2; ;2; ;2; ;.; ; ;1;07;76;892,429876767739;76
3253524;1;2;1;80;1;2; ; ; ;2; ;2; ;2; ;.; ; ;1;07;76;822,352228518324;76
3253524;1;3;1;80;1;2; ; ; ;2; ;2; ;2; ;.; ; ;1;07;76;822,352228518324;76
3253524;1;4;1;80;1;2; ; ; ;2; ;2; ;2; ;.; ; ;1;07;76;822,352228518324;76
3253525;1;1;1;80;1;1;4;9;DIFICULTAD VISUAL;2; ;2; ; ; ; ;8;2;1;07;76;968,960957751968;76
3253525;1;3;1;80;1;2; ; ; ;2; ;2; ;2; ;.; ; ;1;07;76;968,960957751968;76
3253527;1;4;1;80;1;2; ; ; ;2; ;2; ;2; ;.; ; ;1;07;76;711,469081930014;76
3253527;1;5;1;80;1;2; ; ; ;2; ;2; ;2; ;.; ; ;1;07;76;711,469081930014;76
3253529;1;1;1;80;1;1;4;5; ;3; ;2; ; ; ; ;11;2;1;07;76;927,113236429024;76
3253530;1;1;1;80;1;2; ; ; ;2; ;2; ;2; ;.; ; ;1;07;76;947,87865491482;76
3253531;2;1;2;80;1;1;1;8; ;2; ;2; ; ; ; ;4;2;1;07;76;800,577869039199;76
3253533;1;5;1;80;1;1;4;5; ;3; ;2; ; ; ; ;10;2;1;07;76;989,726376237764;76
3253536;1;4;1;80;1;2; ; ; ;2; ;2; ;2; ;.; ; ;1;07;76;908,677609089732;76
3253536;1;5;1;80;1;2; ; ; ; ; ;2; ;2; ;.; ; ;1;07;76;908,677609089732;76
3253537;1;3;1;80;1;2; ; ; ; ; ;2; ;2; ;.; ; ;1;07;76;1034,30735133961;76
3253538;1;2;1;80;1;1;4;3; ;2; ;2; ; ; ; ;9;2;1;07;76;716,018048567821;76
3253538;1;3;1;80;1;2; ; ; ;2; ;2; ;2; ;.; ; ;1;07;76;716,018048567821;76
3253541;1;4;1;80;1;2; ; ; ; ; ;2; ;2; ;.; ; ;1;07;76;589,482681177996;76
3253543;1;2;1;80;1;2; ; ; ; ; ;2; ;2; ;.; ; ;1;07;76;1080,63789521311;76
3253544;1;2;1;80;1;2; ; ; ;2; ;2; ;2; ;.; ; ;1;07;76;852,435040069823;76
3253545;1;1;1;80;1;2; ; ; ;2; ;2; ;2; ;.; ; ;1;07;76;731,440709542982;76
3253545;1;6;1;80;1;2; ; ; ;2; ;2; ;2; ;.; ; ;1;07;76;731,440709542982;76
3253546;1;2;1;80;1;2; ; ; ; ; ;2; ;2; ;.; ; ;1;07;76;1136,08667336019;76
3253547;1;1;1;80;1;1;4;3; ;2; ;2; ; ; ; ;9;2;1;07;76;782,43794561352;76
3253549;1;4;1;80;1;2; ; ; ;2; ;2; ;2; ;.; ; ;1;07;76;499,437945492679;76
3253549;1;5;1;80;1;2; ; ; ; ; ;2; ;2; ;.; ; ;1;07;76;499,437945492679;76
3253550;1;2;1;80;1;2; ; ; ;2; ;2; ;2; ;.; ; ;1;07;76;675,131996435814;76
3253551;1;4;1;80;1;2; ; ; ;2; ;2; ;2; ;.; ; ;1;07;76;1120,55217811791;76
3253555;1;5;1;80;1;1;2;2; ;2; ;2; ; ; ; ;2;2;1;07;76;887,006565463992;76
3253556;1;2;1;80;1;1;4;8; ;2; ;2; ; ; ; ;9;2;1;07;76;911,659294979858;76
3253557;1;3;1;80;1;2; ; ; ;2; ;2; ;2; ;.; ; ;1;07;76;822,352228518324;76
3253557;1;4;1;80;1;2; ; ; ;2; ;2; ;2; ;.; ; ;1;07;76;822,352228518324;76
3253558;1;4;1;80;1;1;1;7; ;2; ;2; ; ; ; ;2;2;1;07;76;499,437945492679;76
3253559;1;2;1;80;1;1;1;6; ;2; ;2; ; ; ; ;4;2;1;07;76;716,018048567821;76
3253559;1;3;1;80;1;1;2;8; ;2; ;2; ; ; ; ;9;2;1;07;76;716,018048567821;76
3253560;1;3;1;80;1;2; ; ; ;2; ;2; ;2; ;.; ; ;1;07;76;1014,21799816741;76
3253561;1;1;1;80;1;1;4;4; ;1;2;2; ; ; ; ;9;2;1;07;76;851,543824635732;76
3253561;1;2;1;80;1;1;4;5; ;3; ;2; ; ; ; ;10;2;1;07;76;851,543824635732;76
3253561;1;4;1;80;1;1;4;7; ;2; ;2; ; ; ; ;4;2;1;07;76;851,543824635732;76
3253563;1;2;1;80;1;1;3;8; ;2; ;2; ; ; ; ;9;2;1;07;76;1489,63865641006;76
3253563;1;6;1;80;1;1;2;6; ;2; ;2; ; ; ; ;9;2;1;07;76;1489,63865641006;76
3253565;1;1;1;80;1;1;4;5; ;3; ;2; ; ; ; ;4;2;1;07;76;891,569941807652;76
3253572;1;5;1;80;1;1;4;3; ;2; ;2; ; ; ; ;9;2;1;07;76;766,984004164354;76
3253576;2;3;2;80;1;2; ; ; ;2; ;2; ;2; ;.; ; ;1;07;76;1266,89628433666;76
3253577;2;3;2;80;1;2; ; ; ;2; ;2; ;2; ;.; ; ;1;07;76;1454,39695699443;76
3253577;2;5;2;80;1;2; ; ; ;2; ;2; ;2; ;.; ; ;1;07;76;1454,39695699443;76
3253577;2;6;2;80;1;2; ; ; ; ; ;2; ;2; ;.; ; ;1;07;76;1454,39695699443;76
3253580;1;1;1;80;1;1;1;5; ;3; ;2; ; ; ; ;8;2;1;07;76;997,904121758155;76
3253580;1;3;1;80;1;2; ; ; ;2; ;2; ;2; ;.; ; ;1;07;76;997,904121758155;76
3253582;1;1;1;80;1;1;4;7; ;2; ;2; ; ; ; ;8;2;1;07;76;998,896871847807;76
3253582;2;3;2;80;1;2; ; ; ; ; ;2; ;2; ;.; ; ;1;07;76;998,896871847807;76
3253582;2;5;2;80;1;2; ; ; ; ; ;2; ;2; ;.; ; ;1;07;76;998,896871847807;76
3253583;1;1;1;80;1;1;4;5; ;3; ;2; ; ; ; ;10;2;1;07;76;856,210516832777;76
3253583;1;2;1;80;1;1;4;7; ;2; ;2; ; ; ; ;8;2;1;07;76;856,210516832777;76
3253584;1;3;1;80;1;2; ; ; ;2; ;2; ;2; ;.; ; ;1;07;76;1147,0577922588;76
3253585;1;1;1;80;1;1;4;9;CANSADA;2; ;2; ; ; ; ;11;2;1;07;76;911,659294979858;76
3253588;1;1;1;80;1;2; ; ; ;2; ;2; ;2; ;.; ; ;1;07;76;927,973171389111;76
3253588;1;2;1;80;1;1;2;7; ;2; ;2; ; ; ; ;4;2;1;07;76;927,973171389111;76
3253589;1;3;1;80;1;1;1;8; ;2; ;1;120000; ; ;ESPERA  QUE   LE  LLAMEN;12;2;1;07;76;822,352228518324;76
3253590;1;1;1;80;1;1;4;5; ;3; ;2; ; ; ; ;8;2;1;07;76;790,584410659906;76
3253590;1;2;1;80;1;2; ; ; ;2; ;2; ;2; ;.; ; ;1;07;76;790,584410659906;76
3253590;1;4;1;80;1;2; ; ; ;2; ;2; ;2; ;.; ; ;1;07;76;790,584410659906;76
3253590;1;5;1;80;1;2; ; ; ;2; ;2; ;2; ;.; ; ;1;07;76;790,584410659906;76
3253594;1;2;1;80;1;1;4;4; ;3; ;2; ; ; ; ;10;2;1;07;76;1025,18911706602;76
3253594;1;4;1;80;1;2; ; ; ; ; ;2; ;2; ;.; ; ;1;07;76;1025,18911706602;76
3253599;1;3;1;80;1;2; ; ; ; ; ;2; ;2; ;.; ; ;1;07;76;1044,15391226325;76
3253599;2;2;2;80;1;1;2;9;CAMBIO DE CIUDAD;2; ;2; ; ; ; ;9;2;1;07;76;1044,15391226325;76
3253600;1;5;1;80;1;2; ; ; ; ; ;2; ;2; ;.; ; ;1;07;76;933,336909762195;76
3253602;1;2;1;80;1;2; ; ; ;2; ;2; ;2; ;.; ; ;1;07;76;1231,6486936289;76
3253603;1;1;1;80;1;1;2;5; ;3; ;2; ; ; ; ;10;2;1;07;76;1204,25186405391;76
3253603;1;2;1;80;1;1;2;4; ;2; ;2; ; ; ; ;11;2;1;07;76;1204,25186405391;76
3253603;1;6;1;80;1;2; ; ; ;2; ;2; ;2; ;.; ; ;1;07;76;1204,25186405391;76
3253605;1;3;1;80;1;2; ; ; ;2; ;2; ;2; ;.; ; ;1;07;76;716,018048567821;76
3253606;1;3;1;80;1;2; ; ; ;2; ;2; ;2; ;.; ; ;1;07;76;735,135632512825;76
3253606;1;4;1;80;1;1;4;5; ;3; ;2; ; ; ; ;10;2;1;07;76;735,135632512825;76
3253607;1;1;1;80;1;1;4;5; ;3; ;2; ; ; ; ;10;2;1;07;76;911,659294979858;76
3253607;1;2;1;80;1;2; ; ; ;2; ;2; ;2; ;.; ; ;1;07;76;911,659294979858;76
3253610;1;1;1;80;1;1;1;4; ;3; ;2; ; ; ; ;10;2;1;07;76;1186,27981894634;76
3253610;1;2;1;80;1;2; ; ; ;2; ;2; ;2; ;.; ; ;1;07;76;1186,27981894634;76
3253610;2;2;2;80;1;1;3;3; ;2; ;2; ; ; ; ;9;2;1;07;76;1186,27981894634;76
3253610;3;2;3;80;1;2; ; ; ;2; ;2; ;2; ;.; ; ;1;07;76;1186,27981894634;76
3253616;1;1;1;80;1;1;4;3; ;2; ;2; ; ; ; ;9;2;1;07;76;922,549860085364;76
3253616;1;4;1;80;1;1;1;2; ;2; ;2; ; ; ; ;2;2;1;07;76;922,549860085364;76
3253619;1;1;1;80;1;1;4;6; ;2; ;2; ; ; ; ;8;2;1;07;76;983,421949536192;76
3253620;1;3;1;80;1;2; ; ; ; ; ;2; ;1;1;INSEGURIDAD;12; ;1;07;76;1220,56574046316;76
3253620;1;4;1;80;1;2; ; ; ; ; ;2; ;2; ;.; ; ;1;07;76;1220,56574046316;76
3253620;1;6;1;80;1;1;4;3; ;2; ;2; ; ; ; ;8;2;1;07;76;1220,56574046316;76
3253621;1;1;1;80;1;1;4;3; ;2; ;2; ; ; ; ;9;2;1;07;76;780,672385513489;76
3253622;1;7;1;80;1;2; ; ; ;2; ;2; ;2; ;.; ; ;1;07;76;499,437945492679;76
3253625;1;2;1;80;1;2; ; ; ;2; ;2; ;2; ;.; ; ;1;07;76;1014,21799816741;76
3253625;1;3;1;80;1;2; ; ; ;2; ;2; ;2; ;.; ; ;1;07;76;1014,21799816741;76
3253626;1;3;1;80;1;2; ; ; ;2; ;2; ;2; ;.; ; ;1;07;76;852,288142614163;76
3253626;1;4;1;80;1;2; ; ; ;2; ;2; ;2; ;.; ; ;1;07;76;852,288142614163;76
3253626;1;5;1;80;1;2; ; ; ;2; ;2; ;2; ;.; ; ;1;07;76;852,288142614163;76
3253627;1;2;1;80;1;1;4;3; ;2; ;2; ; ; ; ;9;2;1;07;76;1321,55127161091;76
3253628;1;2;1;80;1;2; ; ; ;2; ;2; ;2; ;.; ; ;1;07;76;741,551893481513;76
3253629;1;1;1;80;1;1;4;6; ;3; ;2; ; ; ; ;8;2;1;07;76;507,838402509486;76
3253629;1;3;1;80;1;2; ; ; ;2; ;2; ;2; ;.; ; ;1;07;76;507,838402509486;76
3253629;1;4;1;80;1;2; ; ; ; ; ;2; ;2; ;.; ; ;1;07;76;507,838402509486;76
3253631;1;2;1;80;1;1;4;5; ;3; ;2; ; ; ; ;8;2;1;07;76;768,133985867191;76
3253631;1;4;1;80;1;1;4;5; ;3; ;2; ; ; ; ;10;2;1;07;76;768,133985867191;76
3253632;1;3;1;80;1;2; ; ; ;2; ;2; ;2; ;.; ; ;1;07;76;1105,09823666874;76
3253632;1;4;1;80;1;2; ; ; ; ; ;2; ;2; ;.; ; ;1;07;76;1105,09823666874;76
3253632;1;5;1;80;1;2; ; ; ;2; ;2; ;2; ;.; ; ;1;07;76;1105,09823666874;76
3253633;1;1;1;80;1;2; ; ; ;2; ;2; ;2; ;.; ; ;1;07;76;927,973171389111;76
3253633;1;2;1;80;1;1;4;7; ;2; ;2; ; ; ;DISCAPACIDAD FISICA;12;2;1;07;76;927,973171389111;76
3253634;1;2;1;80;1;1;1;4; ;2; ;2; ; ; ; ;4;2;1;07;76;907,883818216904;76
3253636;1;1;1;80;1;1;3;4; ;2; ;2; ; ; ; ;4;2;1;07;76;811,732857584313;76
3253636;1;2;1;80;1;1;4;4; ;2; ;2; ; ; ; ;4;2;1;07;76;811,732857584313;76
3253637;1;2;1;80;1;1;1;9;REGRESO DEL EXTERIOR AL HOGAR;2; ;1;600000; ; ;VUELVE  A VIAJAR A OTRO PAIS;12;2;1;07;76;1069,66677631449;76
3253638;1;1;1;80;1;1;4;4; ;3; ;2; ; ;2; ;4;1;1;07;76;927,113236429024;76
3253641;1;2;1;80;1;1;4;3; ;2; ;2; ; ; ; ;9;2;1;07;54;409,307673550965;54
3253641;1;5;1;80;1;2; ; ; ;2; ;2; ;2; ;.; ; ;1;07;54;409,307673550965;54
3253642;1;3;1;80;1;2; ; ; ;2; ;2; ;2; ;.; ; ;1;07;54;414,664559484839;54
3253644;1;2;1;80;1;1;3;6; ;2; ;2; ; ; ; ;9;2;1;07;54;485,928394406018;54
3253644;1;3;1;80;1;2; ; ; ; ; ;2; ;2; ;.; ; ;1;07;54;485,928394406018;54
3253648;1;2;1;80;1;2; ; ; ;2; ;2; ;2; ;.; ; ;1;07;54;372,491234864707;54
3253656;1;2;1;80;1;1;4;4; ;2; ;2; ; ; ; ;4;2;1;07;54;318,21799529026;54
3253658;1;1;1;80;1;1;4;6; ;2; ;2; ; ; ; ;8;2;1;07;54;437,763787811783;54
3253658;1;2;1;80;1;1;4;8; ;2; ;2; ; ; ; ;11;2;1;07;54;437,763787811783;54
3253658;1;3;1;80;1;1;4;4; ;2; ;2; ; ; ; ;9;2;1;07;54;437,763787811783;54
3253660;1;1;1;80;1;2; ; ; ;2; ;2; ;2; ;.; ; ;1;07;54;341,368861556713;54
3253660;1;3;1;80;1;1;4;7; ;2; ;2; ; ; ; ;4;2;1;07;54;341,368861556713;54
3253660;1;5;1;80;1;1;1;2; ;2; ;2; ; ; ; ;7;2;1;07;54;341,368861556713;54
3253661;1;2;1;80;1;2; ; ; ;2; ;2; ;2; ;.; ; ;1;07;54;427,419950938474;54
3253661;1;3;1;80;1;1;1;8; ;2; ;2; ; ; ; ;1;2;1;07;54;427,419950938474;54
3253661;1;6;1;80;1;2; ; ; ; ; ;2; ;2; ;.; ; ;1;07;54;427,419950938474;54
3253664;1;1;1;80;1;1;4;4; ;2; ;2; ; ; ; ;4;2;1;07;54;459,31956810273;54
3253664;1;2;1;80;1;1;4;3; ;2; ;2; ; ; ; ;4;2;1;07;54;459,31956810273;54
3253665;1;1;1;80;1;1;3;3; ;2; ;2; ; ; ; ;9;2;1;07;54;420,586218740702;54
3253666;1;3;1;80;1;2; ; ; ;2; ;2; ;2; ;.; ; ;1;07;54;393,158605911829;54
3253668;1;2;1;80;1;1;1;6; ; ; ;2; ; ; ; ;8;2;1;07;54;373,056008186696;54
3253669;1;3;1;80;1;2; ; ; ;2; ;2; ;2; ;.; ; ;1;07;54;405,98009243837;54
3253669;1;4;1;80;1;2; ; ; ;2; ;2; ;2; ;.; ; ;1;07;54;405,98009243837;54
3253671;1;3;1;80;1;2; ; ; ;2; ;2; ;2; ;.; ; ;1;07;54;336,699263265867;54
3253673;1;3;1;80;1;2; ; ; ; ; ;2; ;2; ;.; ; ;1;07;54;414,664559484839;54
3253674;1;2;1;80;1;1;3;2; ;2; ;2; ; ; ; ;2;2;1;07;54;242,563127685413;54
3253684;1;1;1;80;1;1;4;4; ;2; ;2; ; ; ; ;4;2;1;07;54;353,187652718182;54
3253695;1;2;1;80;1;2; ; ; ;2; ;2; ;2; ;.; ; ;1;07;54;394,796204016324;54
3253696;1;1;1;80;1;1;4;6; ;2; ;2; ; ; ; ;9;2;1;07;54;290,28817656697;54
3253696;1;3;1;80;1;2; ; ; ; ; ;2; ;2; ;.; ; ;1;07;54;290,28817656697;54
3253699;1;1;1;80;1;1;4;3; ;2; ;2; ; ; ; ;4;2;1;07;54;432,776836872348;54
3253699;1;5;1;80;1;1;1;1; ;2; ;2; ; ; ; ;9;2;1;07;54;432,776836872348;54
3253702;1;1;1;80;1;1;4;4; ;2; ;2; ; ; ; ;4;2;1;07;54;412,960866307438;54
3253703;1;4;1;80;1;2; ; ; ;2; ;2; ;2; ;.; ; ;1;07;54;428,004520260766;54
3253704;1;1;1;80;1;1;3;9;CAMBIO DE DOMICILIO;2; ;2; ; ; ; ;8;2;1;07;54;471,230873663101;54
3253704;1;2;1;80;1;1;4;9;POR CAMBIO DE DOMICILIO;2; ;2; ; ; ; ;8;2;1;07;54;471,230873663101;54
3253704;1;6;1;80;1;2; ; ; ; ; ;2; ;2; ;.; ; ;1;07;54;471,230873663101;54
3253704;1;7;1;80;1;2; ; ; ;2; ;2; ;2; ;.; ; ;1;07;54;471,230873663101;54
3253705;1;1;1;80;1;1;1;3; ;2; ;2; ; ; ; ;9;2;1;07;54;368,598880430123;54
3253712;1;1;1;80;1;1;2;8; ;2; ;2; ; ; ; ;2;2;1;07;54;368,598880430123;54
3253713;1;2;1;80;1;1;3;7; ;2; ;2; ; ; ; ;9;2;1;07;54;441,207290715221;54
3253713;1;3;1;80;1;2; ; ; ; ; ;2; ;2; ;.; ; ;1;07;54;441,207290715221;54
3253716;1;2;1;80;1;2; ; ; ;2; ;2; ;2; ;.; ; ;1;07;54;319,085664127442;54
3253716;1;4;1;80;1;1;3;2; ;2; ;2; ; ;2; ;2;1;1;07;54;319,085664127442;54
3253718;1;3;1;80;1;1;1;8; ; ; ;2; ; ; ; ;2;2;1;07;54;441,207290715221;54
3253719;1;5;1;80;1;2; ; ; ;2; ;2; ;1;1; ;6; ;1;07;54;334,19399632419;54
3253720;1;4;1;80;1;2; ; ; ; ; ;2; ;2; ;.; ; ;1;07;54;426,92127268939;54
3253722;1;4;1;80;1;1;1;8; ;2; ;2; ; ; ; ;2;2;1;07;54;337,264036587856;54
3253722;1;5;1;80;1;2; ; ; ; ; ;2; ;2; ;.; ; ;1;07;54;337,264036587856;54
3253723;1;2;1;80;1;2; ; ; ;2; ;2; ;2; ;.; ; ;1;07;54;428,950577510669;54
3253724;1;2;1;80;1;1;4;3; ;2; ;2; ; ; ; ;9;2;1;07;54;423,593691576796;54
3253724;1;4;1;80;1;2; ; ; ; ; ;2; ;2; ;.; ; ;1;07;54;423,593691576796;54
3253725;1;2;1;80;1;1;1;6; ;2; ;2; ; ; ; ;1;2;1;07;54;408,22442597959;54
3253728;1;3;1;80;1;1;4;3; ;2; ;2; ; ; ; ;9;2;1;07;54;334,099099291597;54
3253729;1;1;1;80;1;1;4;3; ;2; ;2; ; ; ; ;9;2;1;07;54;520,472838947552;54
3253729;1;2;1;80;1;1;4;4; ;2; ;2; ; ; ; ;4;2;1;07;54;520,472838947552;54
3253732;1;3;1;80;1;2; ; ; ; ; ;2; ;2; ;.; ; ;1;07;54;423,813057254605;54
3253732;1;5;1;80;1;1;3;8; ;2; ;2; ; ; ; ;9;2;1;07;54;423,813057254605;54
3253732;1;6;1;80;1;1;4;4; ;2; ;2; ; ; ; ;8;2;1;07;54;423,813057254605;54
3253732;1;7;1;80;1;2; ; ; ;2; ;2; ;2; ;.; ; ;1;07;54;423,813057254605;54
3253736;1;1;1;80;1;1;3;4; ;2; ;2; ; ; ; ;4;2;1;07;54;445,033550076899;54
3253736;1;3;1;80;1;2; ; ; ;2; ;2; ;2; ;.; ; ;1;07;54;445,033550076899;54
3253736;1;4;1;80;1;1;4;1; ;2; ;2; ; ; ; ;4;2;1;07;54;445,033550076899;54
3253739;1;3;1;80;1;2; ; ; ; ; ;2; ;2; ;.; ; ;1;07;54;253,694631203854;54
3253739;2;1;2;80;1;1;1;4; ;2; ;2; ; ; ; ;9;2;1;07;54;253,694631203854;54
3253740;1;2;1;80;1;2; ; ; ;2; ;2; ;2; ;.; ; ;1;07;54;337,264036587856;54
3253742;1;1;1;80;1;2; ; ; ;2; ;2; ;2; ;.; ; ;1;07;54;431,38974937944;54
3253747;1;4;1;80;1;2; ; ; ;2; ;2; ;2; ;.; ; ;1;07;54;269,670632237785;54
3253748;1;2;1;80;1;1;4;8; ;2; ;2; ; ;3; ;4;1;1;07;54;428,950577510669;54
3253749;1;3;1;80;1;2; ; ; ;2; ;2; ;2; ;.; ; ;1;07;54;348,437502221033;54
3253750;1;2;1;80;1;1;1;8; ;2; ;2; ; ; ; ;9;2;1;07;54;462,735016010576;54
3253751;1;3;1;80;1;2; ; ; ; ; ;2; ;2; ;.; ; ;1;07;54;441,207290715221;54
3253756;1;2;1;80;1;2; ; ; ; ; ;2; ;2; ;.; ; ;1;07;54;306,264177600901;54
3253759;1;1;1;80;1;1;4;7; ;2; ;2; ; ; ; ;8;2;1;07;54;354,312862404292;54
3253769;1;1;1;80;1;1;4;5; ;3; ;2; ; ; ; ;10;2;1;07;50;134,922590929419;50
3253771;1;2;1;80;1;1;2;3; ;2; ;2; ; ; ; ;9;2;1;07;50;196,743214963756;50
3253771;1;3;1;80;1;2; ; ; ;2; ;2; ;2; ;.; ; ;1;07;50;196,743214963756;50
3253772;1;1;1;80;1;1;2;5; ;3; ;2; ; ; ; ;10;2;1;07;50;225,464087585717;50
3253772;1;2;1;80;1;1;4;5; ;3; ;2; ; ; ; ;10;2;1;07;50;225,464087585717;50
3253773;1;1;1;80;1;2; ; ; ;2; ;2; ;2; ;.; ; ;1;07;50;165,638788609581;50
3253774;1;3;1;80;1;2; ; ; ;2; ;2; ;2; ;.; ; ;1;07;50;213,262410648096;50
3253775;1;1;1;80;1;1;2;4; ;2; ;2; ; ; ; ;4;2;1;07;50;199,843867482605;50
3253775;1;3;1;80;1;1;1;8; ;2; ;2; ; ; ; ;2;2;1;07;50;199,843867482605;50
3253775;1;4;1;80;1;2; ; ; ;2; ;2; ;2; ;.; ; ;1;07;50;199,843867482605;50
3253777;1;3;1;80;1;1;4;8; ;2; ;2; ; ; ; ;4;2;1;07;50;120,306482473881;50
3253778;1;3;1;80;1;1;2;8; ;2; ;2; ; ; ; ;3;2;1;07;50;199,828836793179;50
3253779;1;2;1;80;1;1;1;2; ;2; ;2; ; ; ; ;2;2;1;07;50;156,13336831495;50
3253781;1;2;1;80;1;1;1;2; ;2; ;2; ; ; ; ;2;2;1;07;50;129,347467169664;50
3253782;1;1;1;80;1;1;4;4; ;2; ;2; ; ; ; ;4;2;1;07;50;160,64528660186;50
3253789;1;1;1;80;1;1;3;3; ;2; ;2; ; ; ; ;9;2;1;07;50;142,766010335156;50
3253791;1;3;1;80;1;1;4;9;LOS HIJO LEDIJERON QUE NO TRABAJARA MAS;2; ;2; ; ; ; ;11;2;1;07;50;114,193397264699;50
3253792;1;2;1;80;1;1;1;7; ;2; ;2; ; ; ; ;9;2;1;07;50;231,207902789924;50
3253792;1;5;1;80;1;1;4;4; ;2; ;2; ; ; ; ;4;2;1;07;50;231,207902789924;50
3253795;1;2;1;80;1;1;2;7; ;2; ;2; ; ; ; ;9;2;1;07;50;144,376826038352;50
3253796;1;1;1;80;1;1;4;3; ;2; ;2; ; ; ; ;9;2;1;07;50;126,497549771648;50
3253796;1;3;1;80;1;1;4;9;TRASLADO DE RESIDENCIA;2; ;2; ; ; ; ;11;2;1;07;50;126,497549771648;50
3253797;1;1;1;80;1;1;4;4; ;3; ;2; ; ; ; ;4;2;1;07;50;126,497549771648;50
3253797;1;3;1;80;1;1;1;8; ;2; ;2; ; ; ; ;2;2;1;07;50;126,497549771648;50
3253798;1;1;1;80;1;2; ; ; ;2; ;2; ;2; ;.; ; ;1;07;50;148,967315372854;50
3253802;1;1;1;80;1;1;4;5; ;3; ;2; ; ; ; ;10;2;1;07;50;128,252963031976;50
3253802;1;2;1;80;1;1;2;4; ;2; ;2; ; ;1; ;4;1;1;07;50;128,252963031976;50
3253802;1;5;1;80;1;2; ; ; ;2; ;2; ;2; ;.; ; ;1;07;50;128,252963031976;50
3253802;1;6;1;80;1;2; ; ; ;2; ;2; ;2; ;.; ; ;1;07;50;128,252963031976;50
3253802;1;8;1;80;1;1;4;4; ;2; ;2; ; ; ; ;4;2;1;07;50;128,252963031976;50
3253805;1;6;1;80;1;1;4;5; ;3; ;2; ; ; ; ;10;2;1;07;50;187,589622156646;50
3253806;1;2;1;80;1;1;2;2; ;2; ;2; ; ; ;RECURSOS;12;2;1;07;50;204,340755080089;50
3253806;1;3;1;80;1;1;3;4; ;2; ;2; ; ; ; ;4;2;1;07;50;204,340755080089;50
3253807;1;2;1;80;1;1;4;9;DESPLAZAMIENTO;2; ;2; ; ; ; ;9;2;1;07;50;216,393124545796;50
3253807;1;3;1;80;1;2; ; ; ;2; ;2; ;1;1; ;2; ;1;07;50;216,393124545796;50
3253807;1;4;1;80;1;2; ; ; ; ; ;2; ;2; ;.; ; ;1;07;50;216,393124545796;50
3253807;1;9;1;80;1;1;1;9;TRASLADO DE CIUDAD;2; ;2; ; ; ; ;9;2;1;07;50;216,393124545796;50
3253808;1;2;1;80;1;1;1;9;CAMBIO DE CIUDAD;2; ;1;71000; ;1; ;8;1;1;07;50;175,819432393263;50
3253808;1;3;1;80;1;1;3;4; ; ; ;2; ; ; ; ;4;2;1;07;50;175,819432393263;50
3253810;1;2;1;80;1;1;4;3; ;2; ;2; ; ; ; ;9;2;1;07;50;207,009920424701;50
3253811;1;3;1;80;1;2; ; ; ; ; ;2; ;2; ;.; ; ;1;07;50;156,199584190073;50
3253814;1;2;1;80;1;1;3;7; ;2; ;2; ; ; ; ;9;2;1;07;50;134,110120577407;50
3253814;1;4;1;80;1;2; ; ; ;2; ;2; ;2; ;.; ; ;1;07;50;134,110120577407;50
3253815;1;2;1;80;1;1;3;3; ;2; ;2; ; ; ; ;9;2;1;07;50;237,043936528507;50
3253815;1;3;1;80;1;2; ; ; ; ; ;2; ;2; ;.; ; ;1;07;50;237,043936528507;50
3253817;1;1;1;80;1;1;3;4; ;3; ;2; ; ; ; ;4;2;1;07;50;156,982898851832;50
3253817;1;3;1;80;1;2; ; ; ;2; ;2; ;2; ;.; ; ;1;07;50;156,982898851832;50
3253818;1;3;1;80;1;2; ; ; ;2; ;2; ;2; ;.; ; ;1;07;50;183,207270737442;50
3253818;1;6;1;80;1;2; ; ; ;2; ;2; ;2; ;.; ; ;1;07;50;183,207270737442;50
3253820;1;2;1;80;1;1;4;7; ;2; ;2; ; ; ; ;9;2;1;07;50;174,106141120738;50
3253820;1;4;1;80;1;2; ; ; ;2; ;2; ;2; ;.; ; ;1;07;50;174,106141120738;50
3253821;1;1;1;80;1;1;4;5; ;3; ;2; ; ; ; ;10;2;1;07;50;163,797124306407;50
3253822;1;1;1;80;1;1;2;7; ;2; ;2; ; ;1; ;4;1;1;07;50;142,766010335156;50
3253823;1;2;1;80;1;1;1;8; ;2; ;2; ; ; ; ;9;2;1;07;50;210,161758129248;50
3253832;1;4;1;80;1;2; ; ; ;2; ;2; ;2; ;.; ; ;1;07;70;108,050399057556;70
3253833;1;2;1;80;1;2; ; ; ;2; ;2; ;2; ;.; ; ;1;07;70;109,185523840705;70
3253834;1;2;1;80;1;1;1;4; ;2; ;2; ; ; ; ;4;2;1;07;70;115,28773114091;70
3253834;1;3;1;80;1;1;1;8; ;2; ;2; ; ; ; ;2;2;1;07;70;115,28773114091;70
3253835;1;2;1;80;1;1;4;3; ;2; ;2; ; ; ; ;9;2;1;07;70;104,925460464022;70
3253835;1;3;1;80;1;2; ; ; ; ; ;2; ;2; ;.; ; ;1;07;70;104,925460464022;70
3253836;1;3;1;80;1;2; ; ; ; ; ;2; ;2; ;.; ; ;1;07;70;104,925460464022;70
3253838;1;2;1;80;1;1;3;2; ;2; ;2; ; ; ; ;9;2;1;07;70;96,6621044173959;70
3253840;1;1;1;80;1;1;4;9;POR LA EDAD;2; ;2; ; ; ; ;8;2;1;07;70;122,887232571206;70
3253840;1;2;1;80;1;1;3;1; ;2; ;2; ; ; ; ;4;2;1;07;70;122,887232571206;70
3253840;1;3;1;80;1;2; ; ; ;2; ;2; ;2; ;.; ; ;1;07;70;122,887232571206;70
3253840;1;4;1;80;1;1;3;1; ;2; ;2; ; ; ; ;1;2;1;07;70;122,887232571206;70
3253840;1;5;1;80;1;2; ; ; ;2; ;2; ;2; ;.; ; ;1;07;70;122,887232571206;70
3253840;1;7;1;80;1;2; ; ; ;2; ;2; ;2; ;.; ; ;1;07;70;122,887232571206;70
3253840;1;10;1;80;1;2; ; ; ; ; ;2; ;2; ;.; ; ;1;07;70;122,887232571206;70
3253841;2;2;2;80;1;1;3;8; ;2; ;2; ; ; ; ;9;2;1;07;70;92,6769317996152;70
3253842;1;2;1;80;1;1;2;3; ;2; ;2; ; ; ; ;9;2;1;07;70;131,638236613075;70
3253842;1;3;1;80;1;1;1;8; ;2; ;2; ; ; ; ;2;2;1;07;70;131,638236613075;70
3253842;1;4;1;80;1;2; ; ; ;2; ;2; ;2; ;.; ; ;1;07;70;131,638236613075;70
3253842;1;5;1;80;1;2; ; ; ; ; ;2; ;2; ;.; ; ;1;07;70;131,638236613075;70
3253843;1;6;1;80;1;1;3;3; ;2; ;2; ; ; ; ;9;2;1;07;70;95,6480136539303;70
3253843;2;2;2;80;1;2; ; ; ;2; ;2; ;2; ;.; ; ;1;07;70;95,6480136539303;70
3253845;1;2;1;80;1;1;2;3; ;2; ;2; ; ; ; ;9;2;1;07;70;93,5371658238627;70
3253845;1;3;1;80;1;2; ; ; ; ; ;2; ;2; ;.; ; ;1;07;70;93,5371658238627;70
3253846;1;2;1;80;1;2; ; ; ; ; ;2; ;2; ;.; ; ;1;07;70;101,431844190664;70
3253847;1;2;1;80;1;1;4;3; ;2; ;2; ; ; ; ;9;2;1;07;70;83,1748951469747;70
3253849;1;2;1;80;1;1;4;3; ;2; ;2; ; ; ; ;9;2;1;07;70;119,677365223908;70
3253849;1;3;1;80;1;2; ; ; ; ; ;2; ;2; ;.; ; ;1;07;70;119,677365223908;70
3253850;1;1;1;80;1;1;1;6; ;2; ;2; ; ; ; ;9;2;1;07;70;101,851463110496;70
3253852;1;1;1;80;1;1;1;3; ;2; ;1;120000; ; ;NO TIENE RECURSOS ECONOMICOS;12;2;1;07;70;102,83375905345;70
3253852;1;3;1;80;1;2; ; ; ; ; ;2; ;2; ;.; ; ;1;07;70;102,83375905345;70
3253853;1;2;1;80;1;2; ; ; ;2; ;2; ;2; ;.; ; ;1;07;70;73,9187917343548;70
3253854;1;3;1;80;1;2; ; ; ;2; ;2; ;2; ;.; ; ;1;07;70;115,391212152225;70
3253854;1;4;1;80;1;1;1;8; ;2; ;2; ; ; ; ;2;2;1;07;70;115,391212152225;70
3253854;1;5;1;80;1;2; ; ; ;2; ;2; ;2; ;.; ; ;1;07;70;115,391212152225;70
3253855;1;2;1;80;1;1;4;7; ;2; ;2; ; ; ; ;9;2;1;07;70;141,819912446623;70
3253856;1;1;1;80;1;1;4;5; ;3; ;2; ; ; ; ;10;2;1;07;70;101,687041118349;70
3253856;1;2;1;80;1;1;1;7; ;3; ;2; ; ; ; ;8;2;1;07;70;101,687041118349;70
3253856;1;4;1;80;1;2; ; ; ;2; ;2; ;2; ;.; ; ;1;07;70;101,687041118349;70
3253857;1;7;1;80;1;1;3;6; ;2; ;2; ; ; ; ;9;2;1;07;70;135,277031136102;70
3253858;1;2;1;80;1;2; ; ; ;2; ;2; ;2; ;.; ; ;1;07;70;71,2766529265013;70
3253858;1;3;1;80;1;2; ; ; ; ; ;2; ;2; ;.; ; ;1;07;70;71,2766529265013;70
3253860;1;7;1;80;1;2; ; ; ; ; ;2; ;2; ;.; ; ;1;07;70;72,2536911407254;70
3253864;1;2;1;80;1;1;3;5; ;3; ;2; ; ; ; ;10;2;1;07;70;125,454106727626;70
3253865;1;3;1;80;1;2; ; ; ;2; ;2; ;2; ;.; ; ;1;07;70;76,6436188681218;70
3253865;1;4;1;80;1;2; ; ; ; ; ;2; ;2; ;.; ; ;1;07;70;76,6436188681218;70
3253865;1;5;1;80;1;2; ; ; ; ; ;2; ;2; ;.; ; ;1;07;70;76,6436188681218;70
3253866;1;2;1;80;1;1;3;3; ;2; ;2; ; ; ; ;1;2;1;07;70;88,5749549918579;70
3253868;1;1;1;80;1;1;4;3; ;2; ;2; ; ; ; ;1;2;1;07;70;98,3069055971307;70
3253869;1;4;1;80;1;1;3;6; ;2; ;2; ; ; ; ;1;2;1;07;70;104,853633080316;70
3253870;1;2;1;80;1;1;4;3; ;2; ;2; ; ; ; ;8;2;1;07;70;135,571118611298;70
3253870;1;3;1;80;1;1;1;2; ;2; ;2; ; ; ; ;2;2;1;07;70;135,571118611298;70
3253870;1;4;1;80;1;1;1;2; ;2; ;2; ; ; ; ;2;2;1;07;70;135,571118611298;70
3253870;1;5;1;80;1;1;1;2; ;2; ;2; ; ; ; ;2;2;1;07;70;135,571118611298;70
3253871;1;1;1;80;1;1;4;3; ;2; ;2; ; ; ; ;9;2;1;07;70;133,036841786284;70
3253872;1;2;1;80;1;2; ; ; ;2; ;2; ;1;4; ;1; ;1;07;70;125,760669452217;70
3253872;1;3;1;80;1;2; ; ; ; ; ;2; ;2; ;.; ; ;1;07;70;125,760669452217;70
3253872;1;4;1;80;1;2; ; ; ; ; ;2; ;2; ;.; ; ;1;07;70;125,760669452217;70
3253872;1;7;1;80;1;2; ; ; ;2; ;2; ;2; ;.; ; ;1;07;70;125,760669452217;70
3253873;1;5;1;80;1;1;4;4; ;2; ;2; ; ; ; ;4;2;1;07;70;88,0652785952726;70
3253874;1;2;1;80;1;1;1;6; ;2; ;2; ; ; ; ;9;2;1;07;70;51,1685526589901;70
3253874;1;7;1;80;1;2; ; ; ; ; ;2; ;2; ;.; ; ;1;07;70;51,1685526589901;70
3253875;1;2;1;80;1;2; ; ; ;2; ;2; ;2; ;.; ; ;1;07;70;105,318282373832;70
3253876;1;2;1;80;1;1;4;3; ;2; ;2; ; ; ; ;1;2;1;07;70;89,2810107963596;70
3253876;1;3;1;80;1;2; ; ; ; ; ;2; ;2; ;.; ; ;1;07;70;89,2810107963596;70
3253876;1;4;1;80;1;2; ; ; ; ; ;2; ;2; ;.; ; ;1;07;70;89,2810107963596;70
3253878;1;2;1;80;1;1;3;4; ;2; ;2; ; ; ; ;9;2;1;07;70;74,8458651985549;70
3253878;1;3;1;80;1;2; ; ; ;2; ;2; ;2; ;.; ; ;1;07;70;74,8458651985549;70
3253878;1;4;1;80;1;2; ; ; ;2; ;2; ;2; ;.; ; ;1;07;70;74,8458651985549;70
3253879;1;1;1;80;1;1;4;9;POR  SU  EDAD;2; ;2; ; ; ; ;8;2;1;07;70;108,747674827827;70
3253879;1;2;1;80;1;1;3;9;POR  LA  EDAD;2; ;2; ; ; ; ;8;2;1;07;70;108,747674827827;70
3253879;1;4;1;80;1;2; ; ; ;2; ;2; ;2; ;.; ; ;1;07;70;108,747674827827;70
3253882;2;3;2;80;1;2; ; ; ; ; ;2; ;2; ;.; ; ;1;07;70;99,6883085763164;70
3253883;1;1;1;80;1;1;1;5; ;2; ;2; ; ; ; ;4;2;1;07;70;130,001586409404;70
3253883;1;2;1;80;1;2; ; ; ;2; ;2; ;2; ;.; ; ;1;07;70;130,001586409404;70
3253884;1;1;1;80;1;1;4;5; ;3; ;2; ; ; ; ;10;2;1;07;70;130,001586409404;70
3253884;1;2;1;80;1;2; ; ; ;2; ;2; ;2; ;.; ; ;1;07;70;130,001586409404;70
3253885;1;2;1;80;1;1;4;3; ;2; ;2; ; ; ; ;9;2;1;07;70;153,445030430715;70
3253888;1;2;1;80;1;1;1;8; ;2; ;1;3000000; ; ; ;1;2;1;07;70;108,050399057556;70
3253888;1;3;1;80;1;2; ; ; ;2; ;2; ;2; ;.; ; ;1;07;70;108,050399057556;70
3253888;1;4;1;80;1;2; ; ; ;2; ;2; ;2; ;.; ; ;1;07;70;108,050399057556;70
3253889;1;1;1;80;1;1;4;5; ;3; ;2; ; ; ; ;10;2;1;07;70;109,825939113857;70
3253889;1;2;1;80;1;1;4;3; ;2; ;2; ; ; ; ;9;2;1;07;70;109,825939113857;70
3253889;1;3;1;80;1;2; ; ; ;2; ;2; ;2; ;.; ; ;1;07;70;109,825939113857;70
3253889;1;5;1;80;1;2; ; ; ; ; ;2; ;2; ;.; ; ;1;07;70;109,825939113857;70
3253892;1;2;1;80;1;1;4;4; ;2; ;2; ; ; ; ;4;2;1;07;70;119,893468676625;70
3253892;3;3;3;80;1;2; ; ; ;2; ;2; ;2; ;.; ; ;1;07;70;119,893468676625;70
3253893;1;3;1;80;1;1;1;3; ;2; ;2; ; ; ; ;9;2;1;07;70;81,9780381816549;70
3253894;1;5;1;80;1;1;4;4; ;2; ;2; ; ; ; ;4;2;1;07;70;121,413540621512;70
3253895;1;4;1;80;1;2; ; ; ; ; ;2; ;2; ;.; ; ;1;07;70;93,0697537094247;70
3253900;1;1;1;80;1;1;1;3; ;2; ;2; ; ; ; ;9;2;1;07;70;93,2531735502025;70
3253903;1;3;1;80;1;2; ; ; ;2; ;2; ;2; ;.; ; ;1;07;70;110,325520308906;70
3253904;1;3;1;80;1;2; ; ; ;2; ;2; ;2; ;.; ; ;1;07;70;131,036661590635;70
3253904;1;5;1;80;1;1;4;4; ;2; ;2; ; ; ; ;4;2;1;07;70;131,036661590635;70
3253906;1;1;1;80;1;1;4;3; ;2; ;2; ; ; ; ;9;2;1;07;70;113,490117205535;70
3253906;1;2;1;80;1;2; ; ; ;2; ;2; ;2; ;.; ; ;1;07;70;113,490117205535;70
3253906;1;3;1;80;1;2; ; ; ; ; ;2; ;2; ;.; ; ;1;07;70;113,490117205535;70
3253906;1;4;1;80;1;2; ; ; ; ; ;2; ;2; ;.; ; ;1;07;70;113,490117205535;70
3253907;1;2;1;80;1;1;4;3; ;2; ;2; ; ; ; ;9;2;1;07;70;91,9939810605879;70
3253908;1;3;1;80;1;2; ; ; ; ; ;2; ;2; ;.; ; ;1;07;70;99,5254006191392;70
3253912;1;3;1;80;1;2; ; ; ;2; ;2; ;2; ;.; ; ;1;07;70;51,7648099504855;70
3253912;1;5;1;80;1;2; ; ; ;2; ;2; ;2; ;.; ; ;1;07;70;51,7648099504855;70
3253913;1;3;1;80;1;2; ; ; ;2; ;2; ;2; ;.; ; ;1;07;70;95,5245995863887;70
3253914;1;1;1;80;1;1;4;4; ;2; ;2; ; ; ; ;4;2;1;07;70;116,951678740141;70
3253914;1;5;1;80;1;2; ; ; ; ; ;2; ;2; ;.; ; ;1;07;70;116,951678740141;70
3253916;1;2;1;80;1;2; ; ; ;2; ;2; ;2; ;.; ; ;1;07;70;110,940602310205;70
3253916;1;3;1;80;1;1;4;4; ;2; ;2; ; ; ; ;4;2;1;07;70;110,940602310205;70
3253919;1;4;1;80;1;1;4;4; ;2; ;2; ; ; ; ;4;2;1;07;70;97,0088225600049;70
3253919;1;5;1;80;1;1;1;3; ;2; ;1;200000; ; ; ;9;2;1;07;70;97,0088225600049;70
3253920;1;1;1;80;1;1;2;4; ;2; ;2; ; ; ; ;4;2;1;07;70;101,431844190664;70
3253925;1;2;1;80;1;1;4;6; ;2; ;2; ; ; ; ;1;2;1;07;70;118,70675720964;70
3253925;1;3;1;80;1;1;1;6; ; ; ;2; ; ; ; ;2;2;1;07;70;118,70675720964;70
3253925;1;4;1;80;1;2; ; ; ; ; ;2; ;2; ;.; ; ;1;07;70;118,70675720964;70
3253926;1;2;1;80;1;1;3;6; ;2; ;2; ; ;2; ;1;1;1;07;70;90,0626959699997;70
3253926;1;4;1;80;1;2; ; ; ;2; ;2; ;2; ;.; ; ;1;07;70;90,0626959699997;70
3253927;1;2;1;80;1;1;4;3; ;2; ;2; ; ; ; ;9;2;1;07;70;99,5254006191392;70
3253927;1;3;1;80;1;2; ; ; ; ; ;2; ;2; ;.; ; ;1;07;70;99,5254006191392;70
3253928;1;2;1;80;1;1;1;2; ;2; ;2; ; ; ; ;2;2;1;07;70;101,715836464324;70
3253929;1;4;1;80;1;2; ; ; ;2; ;2; ;2; ;.; ; ;1;07;70;110,142100468128;70
3253930;1;2;1;80;1;1;1;7; ;2; ;2; ; ; ; ;1;2;1;07;70;95,3023394948989;70
3253930;1;3;1;80;1;2; ; ; ;2; ;2; ;2; ;.; ; ;1;07;70;95,3023394948989;70
3253931;1;2;1;80;1;1;4;3; ;2; ;2; ; ; ; ;9;2;1;07;70;145,184798017809;70
3253931;1;3;1;80;1;2; ; ; ;2; ;2; ;2; ;.; ; ;1;07;70;145,184798017809;70
3253931;1;4;1;80;1;2; ; ; ; ; ;2; ;2; ;.; ; ;1;07;70;145,184798017809;70
3253931;1;5;1;80;1;2; ; ; ; ; ;2; ;2; ;.; ; ;1;07;70;145,184798017809;70
3253932;1;3;1;80;1;1;1;4; ;2; ;2; ; ; ; ;4;2;1;07;70;116,239436083282;70
3253932;1;6;1;80;1;1;4;4; ;2; ;2; ; ; ; ;8;2;1;07;70;116,239436083282;70
3253934;1;2;1;80;1;1;4;7; ;2; ;2; ; ; ; ;9;2;1;07;70;102,761931669743;70
3253935;1;3;1;80;1;1;4;4; ;2; ;2; ; ; ; ;8;2;1;07;70;72,8749599943815;70
3253937;1;3;1;80;1;2; ; ; ; ; ;2; ;2; ;.; ; ;1;07;70;147,276499428381;70
3253937;1;4;1;80;1;2; ; ; ; ; ;2; ;2; ;.; ; ;1;07;70;147,276499428381;70
3253937;1;5;1;80;1;1;4;4; ;3; ;2; ; ; ; ;8;2;1;07;70;147,276499428381;70
3253938;1;4;1;80;1;2; ; ; ; ; ;2; ;2; ;.; ; ;1;07;70;106,295320588056;70
3253939;1;3;1;80;1;1;1;2; ;2; ;2; ; ; ; ;2;2;1;07;70;102,356251737476;70
3253939;1;4;1;80;1;2; ; ; ; ; ;2; ;2; ;.; ; ;1;07;70;102,356251737476;70
3253940;1;1;1;80;1;1;4;4; ;2; ;2; ; ; ; ;4;2;1;07;70;114,179903753321;70
3253940;1;3;1;80;1;2; ; ; ;2; ;2; ;2; ;.; ; ;1;07;70;114,179903753321;70
3253941;1;3;1;80;1;1;1;8; ;2; ;2; ; ; ; ;2;2;1;07;70;114,179903753321;70
3253942;1;5;1;80;1;2; ; ; ; ; ;2; ;2; ;.; ; ;1;07;70;97,4336992085671;70
3253943;1;1;1;80;1;1;3;7; ;2; ;2; ; ; ; ;4;2;1;07;70;114,363323594098;70
3253943;1;2;1;80;1;1;1;2; ;2; ;2; ; ; ; ;2;2;1;07;70;114,363323594098;70
3253944;1;1;1;80;1;1;4;5; ;3; ;2; ; ; ; ;8;2;1;07;70;130,001586409404;70
3253944;1;2;1;80;1;1;4;5; ;3; ;2; ; ; ; ;8;2;1;07;70;130,001586409404;70
3253945;1;3;1;80;1;2; ; ; ; ; ;2; ;2; ;.; ; ;1;07;70;86,0057462653112;70
3253946;1;2;1;80;1;1;4;6; ;2; ;2; ; ; ; ;9;2;1;07;70;130,001586409404;70
3253953;1;2;1;80;1;1;3;8; ;2; ;2; ; ; ; ;9;2;1;07;70;88,8690424670546;70
3253954;1;5;1;80;1;1;3;3; ;2; ;2; ; ; ; ;9;2;1;07;70;98,3260520166262;70
3253956;1;3;1;80;1;1;3;3; ;2; ;2; ; ; ; ;9;2;1;07;70;78,624652644275;70
3253956;1;6;1;80;1;2; ; ; ;2; ;2; ;2; ;.; ; ;1;07;70;78,624652644275;70
3253957;1;2;1;80;1;2; ; ; ;2; ;2; ;2; ;.; ; ;1;07;70;114,463896026981;70
3253958;1;1;1;80;1;1;2;3; ;2; ;2; ; ; ; ;9;2;1;07;70;88,5749549918579;70
3253959;1;4;1;80;1;1;2;3; ;2; ;2; ; ; ; ;9;2;1;07;70;112,829190048783;70
3253961;1;4;1;80;1;2; ; ; ; ; ;2; ;2; ;.; ; ;1;07;70;96,9561918925926;70
3253962;1;2;1;80;1;2; ; ; ;2; ;2; ;1;1; ;2; ;1;07;70;76,9708002465812;70
3253962;1;3;1;80;1;2; ; ; ; ; ;2; ;2; ;.; ; ;1;07;70;76,9708002465812;70
3253963;1;4;1;80;1;2; ; ; ;2; ;2; ;2; ;.; ; ;1;07;70;90,3592750823896;70
3253964;1;2;1;80;1;2; ; ; ;2; ;2; ;2; ;.; ; ;1;07;70;114,363323594098;70
3253965;1;4;1;80;1;1;3;2; ;2; ;2; ; ; ; ;2;2;1;07;70;95,1189196541211;70
3253966;1;3;1;80;1;2; ; ; ;2; ;2; ;2; ;.; ; ;1;07;70;109,420259181589;70
3253966;1;4;1;80;1;2; ; ; ;2; ;2; ;2; ;.; ; ;1;07;70;109,420259181589;70
3253967;1;3;1;80;1;2; ; ; ;2; ;2; ;2; ;.; ; ;1;07;70;92,8437984027712;70
3253967;1;4;1;80;1;2; ; ; ;2; ;2; ;2; ;.; ; ;1;07;70;92,8437984027712;70
3253967;1;5;1;80;1;2; ; ; ; ; ;2; ;2; ;.; ; ;1;07;70;92,8437984027712;70
3253969;1;1;1;80;1;1;1;3; ;2; ;2; ; ; ; ;9;2;1;07;70;155,497705534718;70
3253969;1;3;1;80;1;2; ; ; ;2; ;2; ;2; ;.; ; ;1;07;70;155,497705534718;70
3253970;1;4;1;80;1;1;1;8; ;2; ;2; ; ; ; ;2;2;1;07;70;113,62769189086;70
3253970;1;5;1;80;1;1;1;3; ;2; ;2; ; ; ; ;9;2;1;07;70;113,62769189086;70
3253971;1;2;1;80;1;1;2;8; ;2; ;2; ; ; ; ;4;2;1;07;70;138,711842686868;70
3253972;1;1;1;80;1;1;4;4; ;2; ;2; ; ; ; ;4;2;1;07;70;88,2909627181977;70
3253975;1;1;1;80;1;2; ; ; ;2; ;2; ;1;2; ;4; ;1;07;70;68,8346650719954;70
3253976;1;2;1;80;1;2; ; ; ; ; ;2; ;2; ;.; ; ;1;07;70;84,6459813428142;70
3253988;1;2;1;80;1;1;3;3; ;2; ;2; ; ; ; ;9;2;1;07;20;146,933670920939;20
3253988;1;4;1;80;1;1;9;3; ;2; ;2; ; ; ; ;8;2;1;07;20;146,933670920939;20
3253988;2;2;2;80;1;2; ; ; ;2; ;2; ;2; ;.; ; ;1;07;20;146,933670920939;20
3253989;1;2;1;80;1;2; ; ; ;2; ;2; ;2; ;.; ; ;1;07;20;165,505369540698;20
3253990;1;1;1;80;1;2; ; ; ;2; ;2; ;1;4; ;8; ;1;07;20;141,064119376116;20
3253990;1;3;1;80;1;2; ; ; ;2; ;2; ;2; ;.; ; ;1;07;20;141,064119376116;20
3253992;1;5;1;80;1;1;2;2; ;2; ;2; ; ; ; ;2;2;1;07;20;152,720852350839;20
3253992;1;6;1;80;1;2; ; ; ;2; ;2; ;2; ;.; ; ;1;07;20;152,720852350839;20
3253992;1;7;1;80;1;2; ; ; ;2; ;2; ;2; ;.; ; ;1;07;20;152,720852350839;20
3253992;1;9;1;80;1;2; ; ; ; ; ;2; ;2; ;.; ; ;1;07;20;152,720852350839;20
3253994;1;3;1;80;1;2; ; ; ; ; ;2; ;2; ;.; ; ;1;07;20;185,022173117982;20
3253995;1;2;1;80;1;1;3;3; ;2; ;2; ; ; ; ;9;2;1;07;20;114,947500993345;20
3253995;1;3;1;80;1;1;2;2; ;2; ;2; ; ; ; ;2;2;1;07;20;114,947500993345;20
3253995;1;4;1;80;1;2; ; ; ; ; ;2; ;2; ;.; ; ;1;07;20;114,947500993345;20
3253997;1;3;1;80;1;2; ; ; ;2; ;2; ;2; ;.; ; ;1;07;20;135,76482494264;20
3253998;1;3;1;80;1;1;3;2; ;2; ;2; ; ; ; ;2;2;1;07;20;135,569873055407;20
3253999;1;3;1;80;1;2; ; ; ;2; ;2; ;2; ;.; ; ;1;07;20;149,7985464219;20
3253999;1;4;1;80;1;2; ; ; ; ; ;2; ;2; ;.; ; ;1;07;20;149,7985464219;20
3254000;1;2;1;80;1;2; ; ; ; ; ;2; ;2; ;.; ; ;1;07;20;69,3958254983106;20
3254000;1;3;1;80;1;2; ; ; ; ; ;2; ;2; ;.; ; ;1;07;20;69,3958254983106;20
3254000;1;6;1;80;1;2; ; ; ;2; ;2; ;2; ;.; ; ;1;07;20;69,3958254983106;20
3254000;1;7;1;80;1;2; ; ; ; ; ;2; ;2; ;.; ; ;1;07;20;69,3958254983106;20
3254005;1;3;1;80;1;1;4;4; ;2; ;2; ; ; ; ;8;2;1;07;20;78,45126515079;20
3254005;1;4;1;80;1;2; ; ; ;2; ;2; ;2; ;.; ; ;1;07;20;78,45126515079;20
3254005;1;5;1;80;1;1;3;4; ;2; ;2; ; ; ; ;4;2;1;07;20;78,45126515079;20
3254006;1;2;1;80;1;1;4;3; ;2; ;2; ; ; ; ;1;2;1;07;20;200,338701742144;20
3254008;1;6;1;80;1;2; ; ; ; ; ;2; ;2; ;.; ; ;1;07;20;148,061076517245;20
3254011;1;1;1;80;1;2; ; ; ;2; ;2; ;2; ;.; ; ;1;07;20;72,0176926004536;20
3254011;1;2;1;80;1;2; ; ; ;2; ;2; ;2; ;.; ; ;1;07;20;72,0176926004536;20
3254011;1;4;1;80;1;2; ; ; ;2; ;2; ;2; ;.; ; ;1;07;20;72,0176926004536;20
3254013;1;3;1;80;1;2; ; ; ; ; ;2; ;2; ;.; ; ;1;07;20;155,295050044904;20
3254013;1;4;1;80;1;2; ; ; ; ; ;2; ;2; ;.; ; ;1;07;20;155,295050044904;20
3254014;1;1;1;80;1;2; ; ; ;2; ;2; ;2; ;.; ; ;1;07;20;156,582148891936;20
3254014;1;2;1;80;1;2; ; ; ;2; ;2; ;2; ;.; ; ;1;07;20;156,582148891936;20
3254016;1;1;1;80;1;2; ; ; ;2; ;2; ;2; ;.; ; ;1;07;20;100,556877073831;20
3254016;1;2;1;80;1;2; ; ; ;2; ;2; ;2; ;.; ; ;1;07;20;100,556877073831;20
3254016;1;3;1;80;1;2; ; ; ; ; ;2; ;2; ;.; ; ;1;07;20;100,556877073831;20
3254017;1;3;1;80;1;2; ; ; ;2; ;2; ;2; ;.; ; ;1;07;20;89,2731920209279;20
3254017;1;4;1;80;1;2; ; ; ;2; ;2; ;2; ;.; ; ;1;07;20;89,2731920209279;20
3254018;1;2;1;80;1;1;1;2; ;2; ;2; ; ; ; ;2;2;1;07;20;101,043574943542;20
3254018;1;3;1;80;1;1;4;5; ;2; ;2; ; ; ; ;10;2;1;07;20;101,043574943542;20
3254019;1;2;1;80;1;1;4;3; ;2; ;2; ; ; ; ;9;2;1;07;20;146,885370315809;20
3254020;1;2;1;80;1;1;1;4; ;2; ;2; ; ; ; ;9;2;1;07;20;156,595570416914;20
3254021;1;2;1;80;1;2; ; ; ; ; ;2; ;2; ;.; ; ;1;07;20;110,740353519668;20
3254022;1;2;1;80;1;1;2;3; ;2; ;2; ; ; ; ;9;2;1;07;20;165,491948015719;20
3254023;1;3;1;80;1;2; ; ; ; ; ;2; ;2; ;.; ; ;1;07;20;165,928897548362;20
3254023;1;4;1;80;1;2; ; ; ;2; ;2; ;2; ;.; ; ;1;07;20;165,928897548362;20
3254024;1;3;1;80;1;2; ; ; ;2; ;2; ;2; ;.; ; ;1;07;20;126,868447343836;20
3254026;1;3;1;80;1;1;1;2; ;2; ;2; ; ; ; ;2;2;1;07;20;185,459122650626;20
3254026;1;4;1;80;1;2; ; ; ;2; ;2; ;2; ;.; ; ;1;07;20;185,459122650626;20
3254026;1;5;1;80;1;2; ; ; ; ; ;2; ;2; ;.; ; ;1;07;20;185,459122650626;20
3254026;1;6;1;80;1;2; ; ; ; ; ;2; ;2; ;.; ; ;1;07;20;185,459122650626;20
3254031;1;1;1;80;1;1;4;3; ;2; ;2; ; ; ; ;9;2;1;07;20;99,909296826681;20
3254031;1;3;1;80;1;2; ; ; ;2; ;2; ;2; ;.; ; ;1;07;20;99,909296826681;20
3254033;1;3;1;80;1;1;2;6; ;2; ;2; ; ; ; ;2;2;1;07;20;160,434651227653;20
3254033;1;4;1;80;1;1;1;8; ;2; ;2; ; ; ; ;3;2;1;07;20;160,434651227653;20
3254033;1;5;1;80;1;2; ; ; ;2; ;2; ;2; ;.; ; ;1;07;20;160,434651227653;20
3254034;1;4;1;80;1;2; ; ; ; ; ;2; ;2; ;.; ; ;1;07;20;155,308471569882;20
3254035;1;2;1;80;1;2; ; ; ;2; ;2; ;2; ;.; ; ;1;07;20;89,9364510953514;20
3254035;1;3;1;80;1;2; ; ; ; ; ;2; ;2; ;.; ; ;1;07;20;89,9364510953514;20
3254036;1;1;1;80;1;1;4;3; ;2; ;2; ; ; ; ;9;2;1;07;20;115,239246975822;20
3254036;1;2;1;80;1;1;4;4; ;2; ;2; ; ; ; ;4;2;1;07;20;115,239246975822;20
3254036;1;4;1;80;1;2; ; ; ;2; ;2; ;2; ;.; ; ;1;07;20;115,239246975822;20
3254037;1;2;1;80;1;2; ; ; ;2; ;2; ;2; ;.; ; ;1;07;20;172,710242716104;20
3254038;1;2;1;80;1;1;4;4; ;2; ;2; ; ; ; ;9;2;1;07;20;147,685771293131;20
3254040;1;3;1;80;1;2; ; ; ;2; ;2; ;2; ;.; ; ;1;07;20;146,398672446099;20
3254041;1;1;1;80;1;1;1;4; ;3; ;2; ; ; ; ;10;2;1;07;20;131,369598102284;20
3254041;1;2;1;80;1;1;4;3; ;2; ;2; ; ; ; ;9;2;1;07;20;131,369598102284;20
3254041;1;3;1;80;1;2; ; ; ;2; ;2; ;2; ;.; ; ;1;07;20;131,369598102284;20
3254046;1;2;1;80;1;1;3;4; ;2; ;2; ; ; ; ;4;2;1;07;20;112,372114172567;20
3254046;1;4;1;80;1;2; ; ; ;2; ;2; ;2; ;.; ; ;1;07;20;112,372114172567;20
3254046;1;7;1;80;1;1;4;4; ;2; ;2; ; ; ; ;8;2;1;07;20;112,372114172567;20
3254047;1;2;1;80;1;1;3;4; ;2; ;2; ; ; ; ;4;2;1;07;20;137,991250019299;20
3254049;1;3;1;80;1;2; ; ; ; ; ;2; ;2; ;.; ; ;1;07;20;135,76482494264;20
3254050;1;2;1;80;1;2; ; ; ; ; ;2; ;2; ;.; ; ;1;07;20;110,753775044647;20
3254055;1;3;1;80;1;2; ; ; ;2; ;2; ;2; ;.; ; ;1;07;20;130,659305371024;20
3254055;1;4;1;80;1;2; ; ; ; ; ;2; ;2; ;.; ; ;1;07;20;130,659305371024;20
3254055;1;8;1;80;1;2; ; ; ; ; ;2; ;2; ;.; ; ;1;07;20;130,659305371024;20
3254055;1;9;1;80;1;2; ; ; ; ; ;2; ;2; ;.; ; ;1;07;20;130,659305371024;20
3254056;1;1;1;80;1;1;1;6; ;2; ;2; ; ; ; ;1;2;1;07;20;177,858973721702;20
3254056;1;3;1;80;1;2; ; ; ;2; ;2; ;2; ;.; ; ;1;07;20;177,858973721702;20
3254057;1;3;1;80;1;2; ; ; ;2; ;2; ;2; ;.; ; ;1;07;20;69,3958254983106;20
3254059;1;3;1;80;1;2; ; ; ;2; ;2; ;2; ;.; ; ;1;07;20;69,3958254983106;20
3254059;1;4;1;80;1;2; ; ; ;2; ;2; ;2; ;.; ; ;1;07;20;69,3958254983106;20
3254059;1;5;1;80;1;2; ; ; ; ; ;2; ;2; ;.; ; ;1;07;20;69,3958254983106;20
3254059;1;6;1;80;1;2; ; ; ; ; ;2; ;2; ;.; ; ;1;07;20;69,3958254983106;20
3254061;1;1;1;80;1;1;2;4; ;2; ;2; ; ; ; ;4;2;1;07;20;116,039647953143;20
3254062;1;3;1;80;1;2; ; ; ;2; ;2; ;2; ;.; ; ;1;07;20;146,398672446099;20
3254062;1;4;1;80;1;2; ; ; ; ; ;2; ;2; ;.; ; ;1;07;20;146,398672446099;20
3254063;1;2;1;80;1;2; ; ; ;2; ;2; ;2; ;.; ; ;1;07;20;161,721750074685;20
3254063;1;3;1;80;1;2; ; ; ;2; ;2; ;2; ;.; ; ;1;07;20;161,721750074685;20
3254065;1;1;1;80;1;1;4;3; ;2; ;2; ; ; ; ;11;2;1;07;20;110,738096217374;20
3254065;1;4;1;80;1;2; ; ; ;2; ;2; ;2; ;.; ; ;1;07;20;110,738096217374;20
3254067;1;2;1;80;1;2; ; ; ;2; ;2; ;1;4; ;9; ;1;07;20;114,960922518324;20
3254067;1;3;1;80;1;2; ; ; ; ; ;2; ;2; ;.; ; ;1;07;20;114,960922518324;20
3254067;1;5;1;80;1;2; ; ; ; ; ;2; ;2; ;.; ; ;1;07;20;114,960922518324;20
3254071;1;1;1;80;1;1;1;8; ;3; ;1;50000; ; ; ;9;2;1;07;52;322,806075180831;52
3254071;1;3;1;80;1;2; ; ; ;2; ;2; ;2; ;.; ; ;1;07;52;322,806075180831;52
3254071;1;4;1;80;1;1;2;2; ;2; ;2; ; ; ; ;2;2;1;07;52;322,806075180831;52
3254072;1;1;1;80;1;1;2;4; ;2; ;2; ; ; ; ;4;2;1;07;52;313,36840988975;52
3254072;1;3;1;80;1;2; ; ; ;2; ;2; ;1;1; ;2; ;1;07;52;313,36840988975;52
3254072;1;4;1;80;1;1;4;2; ;2; ;2; ; ; ; ;2;2;1;07;52;313,36840988975;52
3254073;1;1;1;80;1;1;4;4; ;3; ;2; ; ; ; ;4;2;1;07;52;124,572025977507;52
3254073;1;2;1;80;1;1;4;7; ;2; ;2; ; ; ; ;9;2;1;07;52;124,572025977507;52
3254074;1;1;1;80;1;1;4;5; ;3; ;2; ; ; ; ;10;2;1;07;52;141,270001635949;52
3254074;1;3;1;80;1;2; ; ; ;2; ;2; ;2; ;.; ; ;1;07;52;141,270001635949;52
3254075;1;3;1;80;1;2; ; ; ;2; ;2; ;1;3; ;2; ;1;07;52;144,211495822655;52
3254076;1;2;1;80;1;2; ; ; ;2; ;2; ;2; ;.; ; ;1;07;52;153,184311518139;52
3254077;1;2;1;80;1;2; ; ; ;2; ;2; ;2; ;.; ; ;1;07;52;164,202441879014;52
3254077;1;3;1;80;1;2; ; ; ;2; ;2; ;2; ;.; ; ;1;07;52;164,202441879014;52
3254078;1;1;1;80;1;1;4;4; ;2; ;2; ; ; ; ;4;2;1;07;52;128,67140620528;52
3254079;1;3;1;80;1;1;1;8; ;2; ;2; ; ; ; ;2;2;1;07;52;322,806075180831;52
3254079;1;4;1;80;1;2; ; ; ;2; ;2; ;2; ;.; ; ;1;07;52;322,806075180831;52
3254083;1;2;1;80;1;1;3;3; ;2; ;2; ; ; ;ENFERMEDAD DE LOS PADRES;12;2;1;07;52;289,125944067732;52
3254083;1;3;1;80;1;2; ; ; ;2; ;2; ;1;1; ;2; ;1;07;52;289,125944067732;52
3254084;1;2;1;80;1;1;2;9;CAMBIO DE DOMICILIO;2; ;2; ; ;1; ;2;1;1;07;52;288,171219028412;52
3254085;1;3;1;80;1;1;1;8; ; ; ;2; ; ; ; ;2;2;1;07;52;312,968888531219;52
3254086;1;4;1;80;1;1;4;9;CAMBIO DE DOMICILIO; ; ;2; ; ; ; ;2;2;1;07;52;118,077037878997;52
3254086;1;7;1;80;1;2; ; ; ;2; ;2; ;2; ;.; ; ;1;07;52;118,077037878997;52
3254088;1;3;1;80;1;2; ; ; ;2; ;2; ;2; ;.; ; ;1;07;52;209,754304967316;52
3254089;1;3;1;80;1;2; ; ; ;2; ;2; ;2; ;.; ; ;1;07;52;150,384907229541;52
3254091;1;2;1;80;1;1;3;9;ACTIVIDADES RELIGIOSAS;2; ;2; ; ; ;ACTIVIDADES RELIGIOSAS;12;2;1;07;52;409,671423285019;52
3254092;1;2;1;80;1;2; ; ; ;2; ;2; ;2; ;.; ; ;1;07;52;147,511628570126;52
3254092;1;3;1;80;1;2; ; ; ;2; ;2; ;2; ;.; ; ;1;07;52;147,511628570126;52
3254094;1;4;1;80;1;2; ; ; ;2; ;2; ;2; ;.; ; ;1;07;52;143,115555622075;52
3254096;1;1;1;80;1;1;4;5; ;3; ;2; ; ; ; ;8;2;1;07;52;190,114835122168;52
3254097;1;2;1;80;1;1;4;9;CAMBIO DE CIUDAD;2; ;2; ; ; ; ;9;2;1;07;52;156,484444265609;52
3254097;1;3;1;80;1;2; ; ; ; ; ;2; ;2; ;.; ; ;1;07;52;156,484444265609;52
3254098;1;2;1;80;1;1;4;3; ;2; ;2; ; ; ; ;9;2;1;07;52;144,085609514206;52
3254099;1;1;1;80;1;1;2;9;EDAD;2; ;2; ; ; ; ;8;2;1;07;52;103,559014091386;52
3254099;1;2;1;80;1;1;3;5; ;3; ;2; ; ; ; ;9;2;1;07;52;103,559014091386;52
3254100;1;1;1;80;1;1;1;2; ;2; ;2; ; ;1; ;2;1;1;07;52;125,872001916682;52
3254100;1;2;1;80;1;2; ; ; ;2; ;2; ;2; ;.; ; ;1;07;52;125,872001916682;52
3254101;1;2;1;80;1;1;1;8; ;2; ;2; ; ; ; ;2;2;1;07;52;170,501739594348;52
3254101;1;3;1;80;1;2; ; ; ;2; ;2; ;2; ;.; ; ;1;07;52;170,501739594348;52
3254101;1;4;1;80;1;1;1;8; ;2; ;2; ; ; ; ;2;2;1;07;52;170,501739594348;52
3254102;1;7;1;80;1;1;2;3; ;2; ;2; ; ; ; ;9;2;1;07;52;170,326219591143;52
3254103;1;1;1;80;1;1;4;5; ;3; ;2; ; ; ; ;4;2;1;07;52;105,265365469629;52
3254103;1;2;1;80;1;1;4;7; ;2; ;2; ; ; ; ;9;2;1;07;52;105,265365469629;52
3254103;1;4;1;80;1;2; ; ; ;2; ;2; ;2; ;.; ; ;1;07;52;105,265365469629;52
3254103;1;6;1;80;1;2; ; ; ; ; ;2; ;2; ;.; ; ;1;07;52;105,265365469629;52
3254104;1;1;1;80;1;2; ; ; ;2; ;2; ;2; ;.; ; ;1;07;52;96,7661502667324;52
3254104;1;2;1;80;1;1;4;3; ;2; ;2; ; ; ; ;9;2;1;07;52;96,7661502667324;52
3254106;1;7;1;80;1;1;3;2; ;2; ;2; ; ; ; ;2;2;1;07;52;156,916765594;52
3254107;1;4;1;80;1;2; ; ; ;2; ;2; ;2; ;.; ; ;1;07;52;161,403037590416;52
3254109;1;2;1;80;1;2; ; ; ;2; ;2; ;1;2; ;9; ;1;07;52;169,072990056499;52
3254110;1;3;1;80;1;1;4;3; ;2; ;2; ; ; ; ;8;2;1;07;52;80,2883310719139;52
3254112;1;3;1;80;1;2; ; ; ;2; ;2; ;2; ;.; ; ;1;07;52;155,103739875081;52
3254114;1;1;1;80;1;1;4;4; ;2; ;2; ; ; ; ;4;2;1;07;66;267,709305103627;66
3254114;1;2;1;80;1;1;4;3; ;2; ;2; ; ; ; ;9;2;1;07;66;267,709305103627;66
3254114;1;3;1;80;1;2; ; ; ; ; ;2; ;2; ;.; ; ;1;07;66;267,709305103627;66
3254115;1;3;1;80;1;2; ; ; ;2; ;2; ;2; ;.; ; ;1;07;66;305,731496682883;66
3254115;1;4;1;80;1;2; ; ; ;2; ;2; ;2; ;.; ; ;1;07;66;305,731496682883;66
3254115;1;5;1;80;1;1;4;9;POR LA EDAD;2; ;2; ; ; ; ;8;2;1;07;66;305,731496682883;66
3254118;1;4;1;80;1;2; ; ; ;2; ;2; ;2; ;.; ; ;1;07;66;371,184382846514;66
3254119;1;2;1;80;1;1;4;3; ;2; ;2; ; ; ; ;9;2;1;07;66;270,727930505472;66
3254119;1;3;1;80;1;1;2;2; ;2; ;2; ; ; ; ;2;2;1;07;66;270,727930505472;66
3254119;1;4;1;80;1;2; ; ; ;2; ;2; ;2; ;.; ; ;1;07;66;270,727930505472;66
3254120;1;2;1;80;1;2; ; ; ;2; ;2; ;2; ;.; ; ;1;07;66;226,778389568458;66
3254120;1;4;1;80;1;1;2;8; ;2; ;2; ; ; ; ;5;2;1;07;66;226,778389568458;66
3254122;1;4;1;80;1;2; ; ; ;2; ;2; ;2; ;.; ; ;1;07;66;350,826991609251;66
3254126;1;1;1;80;1;1;4;5; ;3; ;2; ; ; ; ;9;2;1;07;66;236,870318317413;66
3254126;1;2;1;80;1;2; ; ; ;2; ;2; ;2; ;.; ; ;1;07;66;236,870318317413;66
3254128;1;3;1;80;1;2; ; ; ; ; ;2; ;2; ;.; ; ;1;07;66;298,764156417139;66
3254133;1;1;1;80;1;1;4;4; ;2; ;2; ; ; ; ;8;2;1;07;66;269,488146504056;66
3254134;2;1;2;80;1;1;4;4; ;2; ;2; ; ; ; ;4;2;1;07;66;369,958026173247;66
3254135;1;2;1;80;1;1;1;3; ;2; ;2; ; ; ; ;9;2;1;07;66;271,656654704479;66
3254138;1;2;1;80;1;2; ; ; ;2; ;2; ;2; ;.; ; ;1;07;66;291,085321742736;66
3254139;1;1;1;80;1;1;3;5; ;3; ;2; ; ; ; ;10;2;1;07;66;204,64043767783;66
3254139;1;2;1;80;1;2; ; ; ;2; ;2; ;2; ;.; ; ;1;07;66;204,64043767783;66
3254139;1;6;1;80;1;1;4;9;SECUESTRO;2; ;2; ; ; ;SECUESTRO;12;2;1;07;66;204,64043767783;66
3254140;1;1;1;80;1;1;4;5; ;3; ;2; ; ; ; ;10;2;1;07;66;236,870318317413;66
3254140;1;2;1;80;1;1;4;5; ;3; ;2; ; ; ; ;10;2;1;07;66;236,870318317413;66
3254141;1;2;1;80;1;1;2;3; ;2; ;2; ; ; ; ;9;2;1;07;66;305,439001717945;66
3254148;1;6;1;80;1;2; ; ; ; ; ;2; ;2; ;.; ; ;1;07;66;400,460392759598;66
3254149;1;1;1;80;1;1;3;4; ;2; ;2; ; ; ; ;4;2;1;07;66;210,704968131908;66
3254149;1;2;1;80;1;1;4;3; ;2; ;2; ; ; ; ;9;2;1;07;66;210,704968131908;66
3254150;1;2;1;80;1;1;1;8; ;2; ;2; ; ; ; ;11;2;1;07;66;376,713274157967;66
3254150;1;3;1;80;1;2; ; ; ;2; ;2; ;2; ;.; ; ;1;07;66;376,713274157967;66
3254151;1;1;1;80;1;1;3;4; ;2; ;2; ; ; ; ;4;2;1;07;66;243,32279631855;66
3254153;1;1;1;80;1;1;4;3; ;2; ;2; ; ; ; ;9;2;1;07;66;222,965405081286;66
3254153;1;2;1;80;1;2; ; ; ;2; ;2; ;2; ;.; ; ;1;07;66;222,965405081286;66
3254154;1;1;1;80;1;1;3;7; ;2; ;2; ; ; ; ;8;2;1;07;66;236,870318317413;66
3254154;1;2;1;80;1;2; ; ; ;2; ;2; ;2; ;.; ; ;1;07;66;236,870318317413;66
3254155;1;3;1;80;1;2; ; ; ;2; ;2; ;2; ;.; ; ;1;07;66;311,241823156865;66
3254156;1;3;1;80;1;1;4;4; ;2; ;2; ; ; ; ;4;2;1;07;66;331,599214394128;66
3254163;1;1;1;80;1;1;4;5; ;3; ;2; ; ; ; ;10;2;1;07;66;299,967233785636;66
3254167;1;1;1;80;1;1;4;3; ;2; ;2; ; ; ; ;9;2;1;07;66;375,17322259972;66
3254167;1;2;1;80;1;1;2;8; ;2; ;2; ; ; ; ;9;2;1;07;66;375,17322259972;66
3254169;1;2;1;80;1;1;4;3; ;2; ;2; ; ; ; ;9;2;1;07;66;292,921993262731;66
3254169;1;5;1;80;1;1;4;4; ;2; ;2; ; ; ; ;4;2;1;07;66;292,921993262731;66
3254170;1;2;1;80;1;2; ; ; ; ; ;2; ;2; ;.; ; ;1;07;66;419,95646433755;66
3254171;1;2;1;80;1;1;4;3; ;2; ;2; ; ; ; ;9;2;1;07;66;332,546503430606;66
3254171;1;3;1;80;1;2; ; ; ; ; ;2; ;2; ;.; ; ;1;07;66;332,546503430606;66
3254172;1;5;1;80;1;2; ; ; ;2; ;2; ;2; ;.; ; ;1;07;66;289,658075246333;66
3254174;1;3;1;80;1;1;1;8; ;2; ;2; ; ; ; ;2;2;1;07;66;359,654005143267;66
3254174;1;5;1;80;1;1;1;8; ;2; ;2; ; ; ; ;2;2;1;07;66;359,654005143267;66
3254175;1;2;1;80;1;2; ; ; ; ; ;2; ;2; ;.; ; ;1;07;66;288,715923719178;66
3254176;1;1;1;80;1;1;4;3; ;2; ;2; ; ; ; ;9;2;1;07;66;294,164412346716;66
3254176;1;3;1;80;1;2; ; ; ; ; ;2; ;2; ;.; ; ;1;07;66;294,164412346716;66
3254177;1;1;1;80;1;1;2;5; ;3; ;2; ; ; ; ;10;2;1;07;66;227,764237146607;66
3254177;1;2;1;80;1;2; ; ; ;2; ;2; ;2; ;.; ; ;1;07;66;227,764237146607;66
3254177;1;4;1;80;1;2; ; ; ;2; ;2; ;2; ;.; ; ;1;07;66;227,764237146607;66
3254182;1;3;1;80;1;2; ; ; ;2; ;2; ;2; ;.; ; ;1;07;66;338,349324869526;66
3254182;1;4;1;80;1;2; ; ; ; ; ;2; ;2; ;.; ; ;1;07;66;338,349324869526;66
3254185;1;1;1;80;1;1;4;4; ;2; ;2; ; ; ; ;8;2;1;07;66;259,3962177551;66
3254185;1;2;1;80;1;2; ; ; ;2; ;2; ;2; ;.; ; ;1;07;66;259,3962177551;66
3254185;1;3;1;80;1;1;4;4; ;2; ;2; ; ; ; ;4;2;1;07;66;259,3962177551;66
3254186;1;2;1;80;1;1;3;3; ;2; ;2; ; ; ; ;9;2;1;07;66;271,656654704479;66
3254191;1;2;1;80;1;2; ; ; ;2; ;2; ;2; ;.; ; ;1;07;66;305,439001717945;66
3254192;1;3;1;80;1;2; ; ; ; ; ;2; ;2; ;.; ; ;1;07;66;318,864976148567;66
3254193;1;2;1;80;1;1;4;5; ;3; ;2; ; ; ; ;10;2;1;07;66;295,073378322124;66
3254193;1;3;1;80;1;1;1;2; ;2; ;2; ; ; ; ;2;2;1;07;66;295,073378322124;66
3254194;1;3;1;80;1;2; ; ; ;2; ;2; ;2; ;.; ; ;1;07;66;338,349324869526;66
3254194;1;4;1;80;1;2; ; ; ;2; ;2; ;2; ;.; ; ;1;07;66;338,349324869526;66
3254195;1;1;1;80;1;2; ; ; ;2; ;2; ;2; ;.; ; ;1;07;66;243,32279631855;66
3254196;1;1;1;80;1;1;3;8; ;2; ;2; ; ; ; ;1;2;1;07;66;320,347904327671;66
3254197;1;3;1;80;1;2; ; ; ; ; ;2; ;2; ;.; ; ;1;07;66;335,924245163267;66
3254198;1;4;1;80;1;1;2;8; ;2; ;2; ; ; ; ;1;2;1;07;66;277,105143332017;66
3254202;1;2;1;80;1;2; ; ; ;2; ;2; ;2; ;.; ; ;1;07;66;305,793763713256;66
3254203;1;1;1;80;1;1;4;4; ;2; ;2; ; ; ; ;1;2;1;07;66;296,595648216717;66
3254204;1;1;1;80;1;1;4;4; ;2; ;2; ; ; ; ;4;2;1;07;66;162,013718508716;66
3254204;1;2;1;80;1;2; ; ; ;2; ;2; ;2; ;.; ; ;1;07;66;162,013718508716;66
3254204;1;3;1;80;1;2; ; ; ;2; ;2; ;2; ;.; ; ;1;07;66;162,013718508716;66
3254206;1;2;1;80;1;2; ; ; ; ; ;2; ;2; ;.; ; ;1;07;66;288,715923719178;66
3254207;1;2;1;80;1;2; ; ; ;2; ;2; ;2; ;.; ; ;1;07;66;325,539821449373;66
3254209;1;2;1;80;1;2; ; ; ;2; ;2; ;2; ;.; ; ;1;07;66;276,238256979453;66
3254215;1;2;1;80;1;1;3;4; ;2; ;2; ; ; ; ;4;2;1;07;66;271,656654704479;66
3254217;1;2;1;80;1;1;4;3; ;2; ;2; ; ; ; ;9;2;1;07;66;237,555898338733;66
3254217;1;5;1;80;1;2; ; ; ; ; ;2; ;2; ;.; ; ;1;07;66;237,555898338733;66
3254220;1;3;1;80;1;2; ; ; ; ; ;2; ;2; ;.; ; ;1;07;23;142,01932422874;23
3254221;1;3;1;80;1;2; ; ; ;2; ;2; ;2; ;.; ; ;1;07;23;172,573197611604;23
3254221;1;4;1;80;1;1;4;2; ;2; ;2; ; ; ; ;2;2;1;07;23;172,573197611604;23
3254221;1;5;1;80;1;1;2;2; ;2; ;2; ; ; ; ;2;2;1;07;23;172,573197611604;23
3254222;1;1;1;80;1;1;4;6; ;2; ;2; ; ; ; ;8;2;1;07;23;139,927193766521;23
3254222;1;2;1;80;1;2; ; ; ;2; ;2; ;2; ;.; ; ;1;07;23;139,927193766521;23
3254224;1;2;1;80;1;2; ; ; ;2; ;2; ;2; ;.; ; ;1;07;23;111,656894179802;23
3254224;1;3;1;80;1;2; ; ; ; ; ;2; ;2; ;.; ; ;1;07;23;111,656894179802;23
3254225;1;1;1;80;1;2; ; ; ;2; ;2; ;2; ;.; ; ;1;07;23;157,045965480565;23
3254225;1;3;1;80;1;2; ; ; ; ; ;2; ;2; ;.; ; ;1;07;23;157,045965480565;23
3254226;1;1;1;80;1;1;4;6; ;2; ;2; ; ; ; ;9;2;1;07;23;103,933785526644;23
3254226;1;4;1;80;1;2; ; ; ;2; ;2; ;2; ;.; ; ;1;07;23;103,933785526644;23
3254226;1;6;1;80;1;2; ; ; ; ; ;2; ;2; ;.; ; ;1;07;23;103,933785526644;23
3254229;1;4;1;80;1;2; ; ; ;2; ;2; ;2; ;.; ; ;1;07;23;129,604985186776;23
3254233;1;2;1;80;1;1;1;2; ;2; ;2; ; ; ; ;2;2;1;07;23;139,927193766521;23
3254234;1;2;1;80;1;2; ; ; ;2; ;2; ;1;2; ;9; ;1;07;23;177,789807165813;23
3254234;1;4;1;80;1;2; ; ; ; ; ;2; ;2; ;.; ; ;1;07;23;177,789807165813;23
3254235;1;2;1;80;1;1;3;3; ;2; ;2; ; ; ; ;9;2;1;07;23;89,498267697274;23
3254235;1;5;1;80;1;2; ; ; ;2; ;2; ;2; ;.; ; ;1;07;23;89,498267697274;23
3254236;1;3;1;80;1;1;3;2; ;2; ;2; ; ; ; ;2;2;1;07;23;94,6220886428687;23
3254237;1;4;1;80;1;2; ; ; ; ; ;2; ;2; ;.; ; ;1;07;23;148,103952981368;23
3254238;1;1;1;80;1;1;4;5; ;3; ;2; ; ; ; ;10;2;1;07;23;133,476804037093;23
3254241;1;2;1;80;1;2; ; ; ; ; ;2; ;2; ;.; ; ;1;07;23;149,453763322042;23
3254241;1;3;1;80;1;2; ; ; ; ; ;2; ;2; ;.; ; ;1;07;23;149,453763322042;23
3254241;1;4;1;80;1;1;4;4; ;2; ;2; ; ; ; ;4;2;1;07;23;149,453763322042;23
3254244;1;2;1;80;1;2; ; ; ;2; ;2; ;2; ;.; ; ;1;07;23;127,577630219705;23
3254245;1;2;1;80;1;2; ; ; ; ; ;2; ;2; ;.; ; ;1;07;23;127,387155647682;23
3254247;1;4;1;80;1;2; ; ; ;2; ;2; ;2; ;.; ; ;1;07;23;163,237102628105;23
3254251;1;3;1;80;1;2; ; ; ;2; ;2; ;2; ;.; ; ;1;07;23;129,604985186776;23
3254251;1;4;1;80;1;2; ; ; ; ; ;2; ;2; ;.; ; ;1;07;23;129,604985186776;23
3254252;1;5;1;80;1;2; ; ; ;2; ;2; ;2; ;.; ; ;1;07;23;110,4180943678;23
3254254;1;2;1;80;1;2; ; ; ;2; ;2; ;2; ;.; ; ;1;07;23;144,460661090106;23
3254254;1;4;1;80;1;2; ; ; ;2; ;2; ;2; ;.; ; ;1;07;23;144,460661090106;23
3254254;1;5;1;80;1;2; ; ; ;2; ;2; ;2; ;.; ; ;1;07;23;144,460661090106;23
3254255;1;2;1;80;1;2; ; ; ;2; ;2; ;2; ;.; ; ;1;07;23;139,927193766521;23
3254256;1;3;1;80;1;2; ; ; ;2; ;2; ;2; ;.; ; ;1;07;23;185,178979987495;23
3254256;1;4;1;80;1;2; ; ; ;2; ;2; ;2; ;.; ; ;1;07;23;185,178979987495;23
3254256;1;5;1;80;1;2; ; ; ; ; ;2; ;2; ;.; ; ;1;07;23;185,178979987495;23
3254256;1;6;1;80;1;2; ; ; ; ; ;2; ;2; ;.; ; ;1;07;23;185,178979987495;23
3254257;1;1;1;80;1;1;4;4; ;2; ;2; ; ; ; ;4;2;1;07;23;137,387661917321;23
3254257;1;2;1;80;1;2; ; ; ;2; ;2; ;2; ;.; ; ;1;07;23;137,387661917321;23
3254257;1;3;1;80;1;2; ; ; ;2; ;2; ;2; ;.; ; ;1;07;23;137,387661917321;23
3254257;1;5;1;80;1;2; ; ; ;2; ;2; ;2; ;.; ; ;1;07;23;137,387661917321;23
3254258;1;1;1;80;1;1;4;8; ;2; ;2; ; ;1; ;8;1;1;07;23;188,545188321815;23
3254259;1;2;1;80;1;2; ; ; ; ; ;2; ;2; ;.; ; ;1;07;23;122,170546093474;23
3254259;1;3;1;80;1;2; ; ; ;2; ;2; ;2; ;.; ; ;1;07;23;122,170546093474;23
3254261;1;3;1;80;1;2; ; ; ;2; ;2; ;1;2; ;7; ;1;07;23;129,604985186776;23
3254261;1;4;1;80;1;2; ; ; ;2; ;2; ;2; ;.; ; ;1;07;23;129,604985186776;23
3254266;1;3;1;80;1;2; ; ; ;2; ;2; ;2; ;.; ; ;1;07;23;177,724062908761;23
3254267;1;2;1;80;1;2; ; ; ;2; ;2; ;2; ;.; ; ;1;07;23;122,361020665496;23
3254267;1;3;1;80;1;2; ; ; ;2; ;2; ;2; ;.; ; ;1;07;23;122,361020665496;23
3254267;1;4;1;80;1;2; ; ; ; ; ;2; ;2; ;.; ; ;1;07;23;122,361020665496;23
3254268;1;1;1;80;1;1;1;4; ;3; ;2; ; ; ; ;4;2;1;07;23;147,709870497066;23
3254268;1;2;1;80;1;1;4;3; ;2; ;2; ; ; ; ;9;2;1;07;23;147,709870497066;23
3254268;1;3;1;80;1;2; ; ; ;2; ;2; ;2; ;.; ; ;1;07;23;147,709870497066;23
3254269;1;4;1;80;1;2; ; ; ;2; ;2; ;2; ;.; ; ;1;07;23;117,74152293243;23
3254270;1;1;1;80;1;2; ; ; ;2; ;2; ;2; ;.; ; ;1;07;23;111,898623422133;23
3254270;1;5;1;80;1;2; ; ; ;2; ;2; ;2; ;.; ; ;1;07;23;111,898623422133;23
3254272;1;2;1;80;1;1;4;3; ;2; ;2; ; ; ; ;9;2;1;07;23;104,169526370287;23
3254272;1;4;1;80;1;2; ; ; ;2; ;2; ;2; ;.; ; ;1;07;23;104,169526370287;23
3254272;1;5;1;80;1;1;4;3; ;2; ;2; ; ; ; ;9;2;1;07;23;104,169526370287;23
3254272;1;7;1;80;1;2; ; ; ; ; ;2; ;2; ;.; ; ;1;07;23;104,169526370287;23
3254273;1;1;1;80;1;2; ; ; ;3; ;2; ;2; ;.; ; ;1;07;23;124,465705892534;23
3254275;1;3;1;80;1;1;2;7; ;2; ;2; ; ;1; ;2;1;1;07;23;149,453763322042;23
3254275;1;4;1;80;1;2; ; ; ;2; ;2; ;2; ;.; ; ;1;07;23;149,453763322042;23
3254276;1;3;1;80;1;2; ; ; ;2; ;2; ;2; ;.; ; ;1;07;23;165,184024789922;23
3254277;1;2;1;80;1;1;4;4; ;2; ;2; ; ; ; ;4;2;1;07;23;169,954201719055;23
3254277;1;5;1;80;1;1;4;8; ;2; ;2; ; ;3; ;9;1;1;07;23;169,954201719055;23
3254277;1;9;1;80;1;2; ; ; ; ; ;2; ;2; ;.; ; ;1;07;23;169,954201719055;23
3254278;1;2;1;80;1;1;2;2; ;2; ;2; ; ; ; ;2;2;1;07;23;152,578242414032;23
3254283;1;5;1;80;1;2; ; ; ; ; ;2; ;2; ;.; ; ;1;07;23;164,615234476282;23
3254286;1;3;1;80;1;2; ; ; ;2; ;2; ;2; ;.; ; ;1;07;23;148,261716046588;23
3254287;1;1;1;80;1;1;3;4; ;2; ;2; ; ; ; ;4;2;1;07;23;106,485550897215;23
3254289;1;1;1;80;1;1;4;3; ;2; ;2; ; ; ; ;9;2;1;07;23;145,820379185222;23
3254290;1;1;1;80;1;2; ; ; ;3; ;2; ;1;1; ;4; ;1;07;23;110,062711788988;23
3254290;1;2;1;80;1;1;1;3; ;2; ;2; ; ; ; ;9;2;1;07;23;110,062711788988;23
3254290;1;7;1;80;1;1;4;4; ;2; ;2; ; ; ; ;4;2;1;07;23;110,062711788988;23
3254291;1;4;1;80;1;2; ; ; ; ; ;2; ;2; ;.; ; ;1;07;23;159,967415235714;23
3254293;1;3;1;80;1;2; ; ; ; ; ;2; ;2; ;.; ; ;1;07;23;135,498170605477;23
3254294;1;2;1;80;1;2; ; ; ;2; ;2; ;2; ;.; ; ;1;07;23;158,426161561112;23
3254297;1;2;1;80;1;1;1;8; ;2; ;1;20000; ; ; ;9;2;1;07;11;2405,69946128831;11
3254298;1;1;1;80;1;1;3;1; ;2; ;2; ; ; ; ;4;2;1;07;11;3358,0488202036;11
3254300;1;3;1;80;1;2; ; ; ; ; ;2; ;2; ;.; ; ;1;07;11;1865,23603191961;11
3254300;1;5;1;80;1;2; ; ; ;2; ;2; ;2; ;.; ; ;1;07;11;1865,23603191961;11
3254301;1;1;1;80;1;1;1;8; ;2; ;2; ; ; ; ;4;2;1;07;11;3042,80839206559;11
3254303;1;7;1;80;1;2; ; ; ; ; ;2; ;2; ;.; ; ;1;07;11;2289,60949024639;11
3254303;1;8;1;80;1;2; ; ; ; ; ;2; ;2; ;.; ; ;1;07;11;2289,60949024639;11
3254304;1;3;1;80;1;2; ; ; ;2; ;2; ;2; ;.; ; ;1;07;11;1843,09496604003;11
3254304;1;4;1;80;1;2; ; ; ; ; ;2; ;2; ;.; ; ;1;07;11;1843,09496604003;11
3254306;1;2;1;80;1;1;4;3; ;2; ;2; ; ; ; ;9;2;1;07;11;2530,46486806587;11
3254306;1;3;1;80;1;2; ; ; ;2; ;2; ;2; ;.; ; ;1;07;11;2530,46486806587;11
3254307;1;3;1;80;1;2; ; ; ; ; ;2; ;2; ;.; ; ;1;07;11;2443,66569571623;11
3254308;1;1;1;80;1;1;2;4; ;2; ;2; ; ; ; ;4;2;1;07;11;2385,50183622015;11
3254309;1;1;1;80;1;1;4;5; ;3; ;2; ; ; ; ;8;2;1;07;11;2524,57940664078;11
3254309;1;2;1;80;1;1;4;4; ;3; ;2; ; ; ; ;4;2;1;07;11;2524,57940664078;11
3254310;1;3;1;80;1;2; ; ; ;2; ;2; ;2; ;.; ; ;1;07;11;1182,65210557599;11
3254310;1;4;1;80;1;2; ; ; ; ; ;2; ;2; ;.; ; ;1;07;11;1182,65210557599;11
3254310;1;6;1;80;1;2; ; ; ; ; ;2; ;2; ;.; ; ;1;07;11;1182,65210557599;11
3254311;1;2;1;80;1;1;3;6; ;2; ;2; ; ;1; ;1;1;1;07;11;2004,14634141468;11
3254312;1;1;1;80;1;1;4;5; ;3; ;2; ; ; ; ;4;2;1;07;11;2368,11954506831;11
3254312;1;2;1;80;1;1;4;4; ;2; ;2; ; ; ; ;4;2;1;07;11;2368,11954506831;11
3254313;1;2;1;80;1;1;1;4; ;2; ;1;240000; ; ; ;4;2;1;07;11;2922,15245669002;11
3254315;1;4;1;80;1;2; ; ; ;2; ;2; ;1;1; ;8; ;1;07;11;1817,21475172764;11
3254315;1;5;1;80;1;2; ; ; ;2; ;2; ;2; ;.; ; ;1;07;11;1817,21475172764;11
3254317;1;2;1;80;1;1;1;8; ;2; ;2; ; ; ; ;8;2;1;07;11;2326,17324081599;11
3254325;1;2;1;80;1;1;2;3; ;2; ;2; ; ; ; ;9;2;1;07;11;2216,87565644996;11
3254328;1;1;1;80;1;1;2;4; ;2; ;2; ; ; ; ;4;2;1;07;11;2013,35244428749;11
3254332;1;6;1;80;1;1;4;3; ;3; ;2; ; ; ; ;4;2;1;07;11;3014,82610489734;11
3254337;1;5;1;80;1;1;1;3; ;2; ;2; ; ; ; ;9;2;1;07;11;2208,17547838434;11
3254339;1;3;1;80;1;2; ; ; ;2; ;2; ;2; ;.; ; ;1;07;11;2056,32581286922;11
3254340;1;1;1;80;1;1;3;5; ;3; ;2; ; ; ; ;11;2;1;07;11;2524,57940664078;11
3254340;1;2;1;80;1;1;4;4; ;2; ;2; ; ; ; ;4;2;1;07;11;2524,57940664078;11
3254342;1;1;1;80;1;1;4;4; ;2; ;2; ; ; ; ;8;2;1;07;11;2681,03926821326;11
3254342;1;2;1;80;1;1;4;5; ;3; ;2; ; ; ; ;9;2;1;07;11;2681,03926821326;11
3254344;1;4;1;80;1;2; ; ; ;2; ;2; ;2; ;.; ; ;1;07;11;2552,2937916113;11
3254346;1;4;1;80;1;1;4;4; ;2; ;2; ; ; ; ;8;2;1;07;11;2648,95849521042;11
3254350;1;1;1;80;1;1;4;5; ;3; ;2; ; ;4; ;10;1;1;07;11;2468,21102656153;11
3254350;1;2;1;80;1;1;4;3; ;2; ;2; ; ; ; ;9;2;1;07;11;2468,21102656153;11
3254352;1;1;1;80;1;1;1;6; ;2; ;2; ; ; ; ;9;2;1;07;11;2638,99403734449;11
3254356;1;3;1;80;1;1;2;2; ;2; ;2; ; ; ;FALTABA LIBRETA MILITAR;12;2;1;07;11;2004,14634141468;11
3254356;1;4;1;80;1;2; ; ; ;2; ;2; ;2; ;.; ; ;1;07;11;2004,14634141468;11
3254357;1;4;1;80;1;2; ; ; ; ; ;2; ;2; ;.; ; ;1;07;11;2169,81230585996;11
3254358;1;2;1;80;1;1;1;6; ;2; ;2; ; ; ; ;9;2;1;07;11;1521,57337417012;11
3254359;1;3;1;80;1;2; ; ; ;2; ;2; ;2; ;.; ; ;1;07;11;2464,04896837486;11
3254360;1;2;1;80;1;1;4;3; ;2; ;2; ; ; ; ;9;2;1;07;11;2854,58656378207;11
3254362;1;3;1;80;1;2; ; ; ;2; ;2; ;2; ;.; ; ;1;07;23;136,847980946152;23
3254363;1;2;1;80;1;1;4;8; ;2; ;2; ; ;2; ;9;1;1;07;23;130,064233352691;23
3254365;1;1;1;80;1;2; ; ; ;2; ;2; ;2; ;.; ; ;1;07;23;132,576720850329;23
3254366;1;5;1;80;1;2; ; ; ;2; ;2; ;2; ;.; ; ;1;07;23;120,03668273149;23
3254368;1;1;1;80;1;1;4;5; ;3; ;2; ; ;3; ;8;1;1;07;23;93,9455127783761;23
3254368;1;3;1;80;1;2; ; ; ;2; ;2; ;1;1; ;9; ;1;07;23;93,9455127783761;23
3254369;1;1;1;80;1;1;4;7; ;2; ;2; ; ; ; ;9;2;1;07;23;130,589034550651;23
3254369;2;2;2;80;1;2; ; ; ;2; ;2; ;2; ;.; ; ;1;07;23;130,589034550651;23
3254370;1;3;1;80;1;2; ; ; ;2; ;2; ;2; ;.; ; ;1;07;23;147,361632859823;23
3254373;1;3;1;80;1;2; ; ; ; ; ;2; ;2; ;.; ; ;1;07;23;134,821594740985;23
3254376;1;3;1;80;1;2; ; ; ;2; ;2; ;2; ;.; ; ;1;07;23;129,604985186776;23
3254376;1;4;1;80;1;2; ; ; ;2; ;2; ;2; ;.; ; ;1;07;23;129,604985186776;23
3254378;1;5;1;80;1;1;3;4; ;2; ;2; ; ; ; ;4;2;1;07;23;145,833194726061;23
3254380;1;3;1;80;1;2; ; ; ; ; ;2; ;2; ;.; ; ;1;07;23;134,821594740985;23
3254381;1;2;1;80;1;1;2;4; ;2; ;2; ; ; ; ;4;2;1;07;11;2230,16796559354;11
3254381;1;3;1;80;1;2; ; ; ;2; ;2; ;2; ;.; ; ;1;07;11;2230,16796559354;11
3254384;1;2;1;80;1;1;4;3; ;2; ;2; ; ; ; ;8;2;1;07;11;1838,48037696939;11
3254384;1;4;1;80;1;2; ; ; ;2; ;2; ;2; ;.; ; ;1;07;11;1838,48037696939;11
3254391;1;2;1;80;1;1;1;8; ;2; ;2; ; ; ; ;9;2;1;07;11;2160,5072763707;11
3254392;1;3;1;80;1;2; ; ; ;2; ;2; ;2; ;.; ; ;1;07;11;1878,13595436777;11
3254392;1;4;1;80;1;2; ; ; ;2; ;2; ;2; ;.; ; ;1;07;11;1878,13595436777;11
3254399;1;1;1;80;1;1;4;5; ;2; ;2; ; ; ; ;10;2;1;07;11;2659,19166241265;11
3254399;1;2;1;80;1;1;1;8; ;2; ;2; ; ; ; ;9;2;1;07;11;2659,19166241265;11
3254400;1;1;1;80;1;1;4;8; ;3; ;2; ; ;4; ;10;1;1;07;11;2429,08005622552;11
3254400;1;2;1;80;1;1;4;4; ;2; ;2; ; ; ; ;4;2;1;07;11;2429,08005622552;11
3254400;1;6;1;80;1;2; ; ; ;2; ;2; ;2; ;.; ; ;1;07;11;2429,08005622552;11
3254401;1;1;1;80;1;1;4;4; ;2; ;2; ; ; ; ;4;2;1;07;11;2307,40345921192;11
3254401;1;3;1;80;1;2; ; ; ; ; ;2; ;2; ;.; ; ;1;07;11;2307,40345921192;11
3254405;1;5;1;80;1;1;1;2; ;2; ;2; ; ; ; ;2;2;1;07;11;1717,76905750225;11
3254406;1;3;1;80;1;1;1;2; ;2; ;1;80000; ; ; ;2;2;1;07;11;1995,97015313565;11
3254406;1;4;1;80;1;2; ; ; ;2; ;2; ;2; ;.; ; ;1;07;11;1995,97015313565;11
3254407;1;1;1;80;1;1;4;5; ;3; ;2; ; ; ; ;10;2;1;07;11;1878,49638049059;11
3254407;1;2;1;80;1;2; ; ; ;2; ;2; ;2; ;.; ; ;1;07;11;1878,49638049059;11
3254409;1;3;1;80;1;2; ; ; ;2; ;2; ;2; ;.; ; ;1;07;11;2004,14634141468;11
3254409;1;4;1;80;1;2; ; ; ; ; ;2; ;2; ;.; ; ;1;07;11;2004,14634141468;11
3254411;1;2;1;80;1;2; ; ; ;2; ;2; ;2; ;.; ; ;1;07;11;2621,85555421768;11
3254414;1;3;1;80;1;2; ; ; ;2; ;2; ;2; ;.; ; ;1;07;11;2316,96713794318;11
3254415;1;3;1;80;1;2; ; ; ; ; ;2; ;2; ;.; ; ;1;07;11;2230,16796559354;11
3254423;1;4;1;80;1;1;1;6; ;2; ;2; ; ; ; ;2;2;1;07;11;1995,97015313565;11
3254425;1;2;1;80;1;1;4;4; ;2; ;2; ; ;4; ;5;1;1;07;11;2395,83393003882;11
3254425;1;3;1;80;1;1;1;2; ; ; ;2; ; ; ; ;2;2;1;07;11;2395,83393003882;11
3254426;1;3;1;80;1;2; ; ; ;2; ;2; ;1;1; ;8; ;1;07;11;1768,81968774655;11
3254427;1;5;1;80;1;1;1;9;VIAJE;2; ;1;60000; ; ; ;8;2;1;07;11;2417,0586194364;11
3254429;1;2;1;80;1;1;1;9;POR EMBARAZO;2; ;2; ; ; ; ;9;2;1;07;11;2922,15245669002;11
3254430;1;1;1;80;1;1;4;3; ;2; ;2; ; ; ;LA HIJA NO LA DEJO;12;2;1;07;11;2405,69946128831;11
3254431;1;4;1;80;1;1;1;2; ;2; ;2; ; ; ; ;2;2;1;07;11;1947,77796133542;11
3254432;1;3;1;80;1;2; ; ; ;2; ;2; ;2; ;.; ; ;1;07;11;2138,77727944173;11
3254432;1;4;1;80;1;2; ; ; ; ; ;2; ;2; ;.; ; ;1;07;11;2138,77727944173;11
3254435;1;3;1;80;1;2; ; ; ;2; ;2; ;2; ;.; ; ;1;07;11;2796,22231400438;11
3254436;1;1;1;80;1;1;4;5; ;3; ;2; ; ; ; ;8;2;1;07;11;2485,59331771337;11
3254437;1;3;1;80;1;1;1;8; ;2; ;1;200000; ; ; ;2;2;1;07;11;2316,96713794318;11
3254439;1;1;1;80;1;2; ; ; ;2; ;2; ;2; ;.; ; ;1;07;11;1581,9290339037;11
3254439;1;2;1;80;1;2; ; ; ;2; ;2; ;2; ;.; ; ;1;07;11;1581,9290339037;11
3254441;1;1;1;80;1;1;4;5; ;3; ;2; ; ; ; ;10;2;1;07;11;2698,4215593651;11
3254441;1;2;1;80;1;1;3;2; ;2; ;2; ; ; ; ;2;2;1;07;11;2698,4215593651;11
3254442;1;5;1;80;1;1;2;8; ; ; ;2; ; ; ; ;2;2;1;07;11;2190,00993092812;11
3254445;1;3;1;80;1;2; ; ; ;2; ;2; ;2; ;.; ; ;1;07;11;1976,43195644416;11
3254447;1;1;1;80;1;1;1;6; ;2; ;2; ; ; ;OFERTAS LABORALES INSATISFACTORIAS;12;2;1;07;11;2385,50183622015;11
3254449;1;3;1;80;1;2; ; ; ;2; ;2; ;1;1; ;2; ;1;07;11;2230,16796559354;11
3254450;1;1;1;80;1;1;4;5; ;3; ;2; ; ; ; ;8;2;1;07;11;2368,11954506831;11
3254452;1;6;1;80;1;2; ; ; ; ; ;2; ;2; ;.; ; ;1;07;11;1378,26094033264;11
3254456;1;3;1;80;1;2; ; ; ;2; ;2; ;2; ;.; ; ;1;07;11;2416,03155510698;11
3254459;1;4;1;80;1;2; ; ; ;2; ;2; ;2; ;.; ; ;1;07;11;2169,81230585996;11
3254464;1;2;1;80;1;1;4;3; ;2; ;2; ; ; ;QUEBRARON EN SU  NEGOCIO;12;2;1;07;11;2524,57940664078;11
3254465;1;4;1;80;1;1;1;2; ; ; ;2; ; ; ; ;2;2;1;07;11;2217,64407153737;11
3254466;1;2;1;80;1;2; ; ; ;2; ;2; ;2; ;.; ; ;1;07;11;1816,48788976019;11
3254466;1;3;1;80;1;2; ; ; ; ; ;2; ;2; ;.; ; ;1;07;11;1816,48788976019;11
3254467;1;3;1;80;1;2; ; ; ; ; ;2; ;2; ;.; ; ;1;07;11;2482,63310238846;11
3254468;1;2;1;80;1;1;4;3; ;2; ;2; ; ; ; ;9;2;1;07;11;2505,79094278153;11
3254469;1;1;1;80;1;1;3;5; ;3; ;2; ; ; ; ;11;2;1;07;11;2648,1963644798;11
3254473;1;2;1;80;1;2; ; ; ;2; ;2; ;2; ;.; ; ;1;07;11;2609,33166016152;11
3254473;1;3;1;80;1;2; ; ; ;2; ;2; ;2; ;.; ; ;1;07;11;2609,33166016152;11
3254474;1;2;1;80;1;2; ; ; ; ; ;2; ;2; ;.; ; ;1;07;11;2217,64407153737;11
3254474;1;3;1;80;1;2; ; ; ; ; ;2; ;2; ;.; ; ;1;07;11;2217,64407153737;11
3254477;1;1;1;80;1;1;4;4; ;2; ;2; ; ; ; ;1;2;1;07;11;2347,92192000015;11
3254478;1;3;1;80;1;2; ; ; ; ; ;2; ;2; ;.; ; ;1;07;11;2569,4322747381;11
3254483;1;1;1;80;1;1;4;5; ;3; ;2; ; ;4; ;8;1;1;07;11;2937,59061127896;11
3254483;1;2;1;80;1;1;4;3; ;2; ;2; ; ; ; ;9;2;1;07;11;2937,59061127896;11
3254484;1;1;1;80;1;1;2;7; ;2; ;2; ; ; ; ;8;2;1;07;11;2387,15243422839;11
3254484;1;5;1;80;1;2; ; ; ; ; ;2; ;2; ;.; ; ;1;07;11;2387,15243422839;11
3254486;1;3;1;80;1;2; ; ; ; ; ;2; ;2; ;.; ; ;1;07;11;1867,88410491036;11
3254486;1;4;1;80;1;1;4;3; ;2; ;2; ; ; ; ;9;2;1;07;11;1867,88410491036;11
3254487;1;3;1;80;1;2; ; ; ;1;1;2; ;2; ;.; ; ;1;07;11;2704,56474455906;11
3254487;1;4;1;80;1;1;2;2; ;1;1;2; ; ; ; ;2;2;1;07;11;2704,56474455906;11
3254489;1;4;1;80;1;2; ; ; ;2; ;2; ;2; ;.; ; ;1;07;11;1778,12471723582;11
3254490;1;1;1;80;1;1;4;7; ;2; ;2; ; ; ; ;9;2;1;07;11;2541,96169779262;11
3254491;1;3;1;80;1;2; ; ; ; ; ;2; ;2; ;.; ; ;1;07;11;2482,63310238846;11
3254493;1;2;1;80;1;1;1;9;NO LE GUSTA TRABAJAR;2; ;2; ; ; ; ;11;2;1;07;11;2041,48244960964;11
3254493;1;3;1;80;1;2; ; ; ;2; ;2; ;2; ;.; ; ;1;07;11;2041,48244960964;11
3254493;1;6;1;80;1;1;4;4; ;2; ;2; ; ; ; ;4;2;1;07;11;2041,48244960964;11
3254495;1;2;1;80;1;2; ; ; ;2; ;2; ;2; ;.; ; ;1;07;11;2239,37406846635;11
3254496;1;1;1;80;1;1;1;3; ;2; ;2; ; ; ; ;9;2;1;07;11;2076,52343793738;11
3254496;1;2;1;80;1;1;1;4; ;3; ;2; ; ; ; ;4;2;1;07;11;2076,52343793738;11
3254496;1;4;1;80;1;1;2;4; ;2; ;2; ; ;1; ;4;1;1;07;11;2076,52343793738;11
3254497;1;1;1;80;1;1;4;3; ;3; ;2; ; ; ; ;9;2;1;07;11;2541,96169779262;11
3254502;1;3;1;80;1;2; ; ; ; ; ;2; ;2; ;.; ; ;1;07;11;1682,02051539691;11
3254505;1;2;1;80;1;1;4;3; ;2; ;2; ; ; ; ;9;2;1;07;11;2468,21102656153;11
3254506;1;1;1;80;1;1;4;5; ;3; ;2; ; ; ; ;10;2;1;07;11;2731,6676855518;11
3254506;1;2;1;80;1;2; ; ; ;2; ;2; ;2; ;.; ; ;1;07;11;2731,6676855518;11
3254506;1;6;1;80;1;1;4;7; ;2; ;2; ; ; ; ;11;2;1;07;11;2731,6676855518;11
3254507;1;1;1;80;1;1;4;7; ;3; ;2; ; ; ; ;8;2;1;07;11;2454,91871741795;11
3254507;1;2;1;80;1;1;4;5; ;3; ;2; ; ; ; ;10;2;1;07;11;2454,91871741795;11
3254508;1;3;1;80;1;2; ; ; ;2; ;2; ;2; ;.; ; ;1;07;11;2530,46486806587;11
3254509;1;4;1;80;1;2; ; ; ; ; ;2; ;2; ;.; ; ;1;07;11;2016,16777820381;11
3254509;1;5;1;80;1;2; ; ; ; ; ;2; ;2; ;.; ; ;1;07;11;2016,16777820381;11
3254510;1;1;1;80;1;1;4;3; ;3; ;2; ; ;4; ;8;1;1;07;11;2954,72909440576;11
3254511;2;2;2;80;1;1;2;3; ;2; ;2; ; ; ; ;9;2;1;07;11;2900,42245976105;11
3254512;1;1;1;80;1;1;2;4; ;3; ;2; ; ; ; ;8;2;1;07;11;2385,50183622015;11
3254513;1;4;1;80;1;2; ; ; ;2; ;2; ;2; ;.; ; ;1;07;11;2061,1842099649;11
3254514;1;1;1;80;1;2; ; ; ;2; ;2; ;2; ;.; ; ;1;07;11;2485,59331771337;11
3254519;1;1;1;80;1;1;2;7; ;2; ;2; ; ; ; ;8;2;1;07;11;2804,65622605228;11
3254519;1;2;1;80;1;1;1;1; ;2; ;1;2175000; ; ; ;8;2;1;07;11;2804,65622605228;11
3254520;1;3;1;80;1;1;1;8; ;2; ;1;80000; ; ; ;2;2;1;07;11;1620,39113304453;11
3254520;1;4;1;80;1;2; ; ; ; ; ;2; ;2; ;.; ; ;1;07;11;1620,39113304453;11
3254520;1;6;1;80;1;1;1;8; ;2; ;2; ; ; ; ;9;2;1;07;11;1620,39113304453;11
3254522;1;3;1;80;1;2; ; ; ; ; ;2; ;2; ;.; ; ;1;07;11;2443,66569571623;11
3254523;1;2;1;80;1;1;4;7; ;2; ;2; ; ;4; ;7;1;1;07;11;2398,64926395514;11
3254524;1;1;1;80;1;1;4;5; ;3; ;2; ; ; ; ;10;2;1;07;11;2368,11954506831;11
3254524;1;2;1;80;1;1;4;3; ;2; ;2; ; ; ; ;9;2;1;07;11;2368,11954506831;11
3254525;1;4;1;80;1;1;3;6; ; ; ;2; ; ; ; ;11;2;1;07;11;2217,64407153737;11
3254526;1;2;1;80;1;1;1;8; ;2; ;2; ; ; ; ;9;2;1;07;08;729,321226313705;08
3254526;1;3;1;80;1;2; ; ; ;2; ;2; ;2; ;.; ; ;1;07;08;729,321226313705;08
3254527;1;3;1;80;1;1;3;3; ;2; ;2; ; ; ; ;9;2;1;07;08;554,87160629433;08
3254528;1;2;1;80;1;2; ; ; ;2; ;2; ;2; ;.; ; ;1;07;08;703,644556797514;08
3254530;1;1;1;80;1;1;4;5; ;3; ;2; ; ;4; ;4;1;1;07;08;651,875596588378;08
3254533;1;2;1;80;1;1;1;9;EMBARAZO;2; ;2; ; ; ; ;9;2;1;07;08;638,690878143987;08
3254535;1;2;1;80;1;1;4;3; ;2; ;2; ; ; ; ;9;2;1;07;08;676,560231244641;08
3254535;1;3;1;80;1;2; ; ; ; ; ;2; ;2; ;.; ; ;1;07;08;676,560231244641;08
3254538;1;2;1;80;1;1;4;3; ;2; ;2; ; ; ; ;9;2;1;07;08;457,715419617;08
3254538;1;5;1;80;1;1;2;2; ;2; ;2; ; ; ; ;2;2;1;07;08;457,715419617;08
3254538;1;8;1;80;1;2; ; ; ;2; ;2; ;2; ;.; ; ;1;07;08;457,715419617;08
3254540;1;1;1;80;1;1;4;5; ;3; ;2; ; ; ; ;10;2;1;07;08;596,273324265129;08
3254540;1;2;1;80;1;2; ; ; ;2; ;2; ;2; ;.; ; ;1;07;08;596,273324265129;08
3254542;1;3;1;80;1;2; ; ; ;2; ;2; ;2; ;.; ; ;1;07;08;610,473878617579;08
3254544;1;2;1;80;1;1;2;3; ;2; ;2; ; ; ; ;9;2;1;07;08;786,537354996681;08
3254545;1;2;1;80;1;2; ; ; ;2; ;2; ;2; ;.; ; ;1;07;08;522,550333712152;08
3254546;1;4;1;80;1;2; ; ; ; ; ;2; ;2; ;.; ; ;1;07;08;583,806537783324;08
3254549;1;3;1;80;1;2; ; ; ; ; ;2; ;2; ;.; ; ;1;07;08;676,560231244641;08
3254552;1;3;1;80;1;2; ; ; ; ; ;2; ;2; ;.; ; ;1;07;08;461,636730446821;08
3254554;1;3;1;80;1;2; ; ; ;2; ;2; ;2; ;.; ; ;1;07;08;664,367547660178;08
3254555;1;3;1;80;1;2; ; ; ;2; ;2; ;2; ;.; ; ;1;07;08;675,427557271106;08
3254556;1;2;1;80;1;1;4;3; ;2; ;2; ; ; ; ;9;2;1;07;08;594,449562675635;08
3254556;1;3;1;80;1;2; ; ; ;2; ;2; ;2; ;.; ; ;1;07;08;594,449562675635;08
3254556;1;4;1;80;1;2; ; ; ; ; ;2; ;2; ;.; ; ;1;07;08;594,449562675635;08
3254557;1;1;1;80;1;1;3;3; ;2; ;2; ; ; ; ;9;2;1;07;08;528,713754391947;08
3254558;1;3;1;80;1;2; ; ; ;2; ;2; ;2; ;.; ; ;1;07;08;599,830853725269;08
3254559;1;3;1;80;1;2; ; ; ;2; ;2; ;2; ;.; ; ;1;07;08;543,396854672453;08
3254559;1;5;1;80;1;1;2;3; ;2; ;2; ; ; ; ;9;2;1;07;08;543,396854672453;08
3254560;1;5;1;80;1;1;2;2; ;2; ;2; ; ; ; ;2;2;1;07;08;565,450433519066;08
3254560;1;6;1;80;1;2; ; ; ;2; ;2; ;2; ;.; ; ;1;07;08;565,450433519066;08
3254561;1;3;1;80;1;2; ; ; ; ; ;2; ;2; ;.; ; ;1;07;08;653,724522767868;08
3254562;1;4;1;80;1;2; ; ; ; ; ;2; ;2; ;.; ; ;1;07;08;693,783661535364;08
3254563;1;1;1;80;1;1;4;6; ;2; ;2; ; ; ; ;8;2;1;07;08;519,981697156255;08
3254563;1;4;1;80;1;1;1;8; ;2; ;2; ; ; ;NO TIENE LIBRETA MILITAR;12;2;1;07;08;519,981697156255;08
3254563;1;7;1;80;1;2; ; ; ;2; ;2; ;2; ;.; ; ;1;07;08;519,981697156255;08
3254564;1;1;1;80;1;2; ; ; ;2; ;2; ;2; ;.; ; ;1;07;08;654,98783478422;08
3254565;1;2;1;80;1;1;3;3; ;2; ;2; ; ; ; ;9;2;1;07;08;769,313924705958;08
3254566;1;4;1;80;1;2; ; ; ; ; ;2; ;2; ;.; ; ;1;07;08;603,31978661972;08
3254566;1;7;1;80;1;2; ; ; ; ; ;2; ;2; ;.; ; ;1;07;08;603,31978661972;08
3254567;1;2;1;80;1;1;3;3; ;2; ;2; ; ; ; ;9;2;1;07;08;599,830853725269;08
3254568;1;2;1;80;1;2; ; ; ;2; ;2; ;2; ;.; ; ;1;07;08;638,690878143987;08
3254573;1;4;1;80;1;2; ; ; ;2; ;2; ;2; ;.; ; ;1;07;08;664,994437608563;08
3254573;1;5;1;80;1;2; ; ; ;2; ;2; ;2; ;.; ; ;1;07;08;664,994437608563;08
3254573;1;8;1;80;1;1;4;4; ;2; ;2; ; ; ; ;4;2;1;07;08;664,994437608563;08
3254574;1;6;1;80;1;1;4;4; ;2; ;2; ; ; ; ;4;2;1;07;08;423,698780780478;08
3254575;1;2;1;80;1;1;1;8; ;2; ;2; ; ; ; ;2;2;1;07;08;648,343231718233;08
3254575;1;3;1;80;1;1;3;2; ;2; ;2; ; ; ; ;2;2;1;07;08;648,343231718233;08
3254576;1;2;1;80;1;2; ; ; ;2; ;2; ;2; ;.; ; ;1;07;08;439,513191492656;08
3254576;1;3;1;80;1;1;4;3; ;2; ;2; ; ; ; ;9;2;1;07;08;439,513191492656;08
3254577;1;1;1;80;1;1;4;5; ;3; ;2; ; ; ; ;10;2;1;07;08;351,354260552698;08
3254577;1;2;1;80;1;2; ; ; ;2; ;2; ;2; ;.; ; ;1;07;08;351,354260552698;08
3254577;1;3;1;80;1;1;4;4; ;2; ;2; ; ; ; ;8;2;1;07;08;351,354260552698;08
3254578;1;1;1;80;1;1;1;4; ;2; ;2; ; ; ; ;4;2;1;07;08;639,473007774148;08
3254580;1;3;1;80;1;1;1;8; ;2; ;2; ; ;1; ;4;1;1;07;08;568,056324738721;08
3254586;1;5;1;80;1;1;4;4; ;2; ;2; ; ; ; ;8;2;1;07;08;510,630290825977;08
3254589;1;2;1;80;1;1;2;2; ;2; ;2; ; ; ; ;2;2;1;07;08;484,472438923594;08
3254589;1;3;1;80;1;2; ; ; ;2; ;2; ;2; ;.; ; ;1;07;08;484,472438923594;08
3254589;1;4;1;80;1;1;1;2; ; ; ;2; ; ; ; ;2;2;1;07;08;484,472438923594;08
3254591;1;1;1;80;1;1;4;4; ;2; ;2; ; ; ; ;8;2;1;07;08;428,57058289824;08
3254591;1;5;1;80;1;2; ; ; ;2; ;2; ;2; ;.; ; ;1;07;08;428,57058289824;08
3254591;1;6;1;80;1;2; ; ; ; ; ;2; ;2; ;.; ; ;1;07;08;428,57058289824;08
3254592;1;2;1;80;1;2; ; ; ;2; ;2; ;2; ;.; ; ;1;07;08;555,354152222385;08
3254592;1;5;1;80;1;2; ; ; ; ; ;2; ;2; ;.; ; ;1;07;08;555,354152222385;08
3254592;2;1;2;80;1;1;1;4; ;2; ;2; ; ; ; ;4;2;1;07;08;555,354152222385;08
3254593;1;1;1;80;1;1;4;3; ;2; ;2; ; ; ; ;9;2;1;07;08;473,893611698859;08
3254593;1;2;1;80;1;2; ; ; ;2; ;2; ;2; ;.; ; ;1;07;08;473,893611698859;08
3254594;1;2;1;80;1;1;4;4; ;2; ;2; ; ; ; ;4;2;1;07;08;583,806537783324;08
3254594;1;3;1;80;1;2; ; ; ;2; ;2; ;2; ;.; ; ;1;07;08;583,806537783324;08
3254594;1;4;1;80;1;2; ; ; ; ; ;2; ;2; ;.; ; ;1;07;08;583,806537783324;08
3254595;1;2;1;80;1;1;4;8; ;2; ;2; ; ; ; ;9;2;1;07;08;633,309587094353;08
3254595;1;3;1;80;1;2; ; ; ; ; ;2; ;2; ;.; ; ;1;07;08;633,309587094353;08
3254599;1;2;1;80;1;1;4;9;DESPLAZADO;2; ;2; ; ; ; ;8;2;1;07;08;680,092596114786;08
3254601;1;2;1;80;1;2; ; ; ;2; ;2; ;2; ;.; ; ;1;07;08;515,090870665099;08
3254601;1;4;1;80;1;2; ; ; ; ; ;2; ;2; ;.; ; ;1;07;08;515,090870665099;08
3254601;1;7;1;80;1;2; ; ; ;2; ;2; ;2; ;.; ; ;1;07;08;515,090870665099;08
3254601;1;8;1;80;1;2; ; ; ;2; ;2; ;2; ;.; ; ;1;07;08;515,090870665099;08
3254602;1;2;1;80;1;1;2;3; ;2; ;2; ; ; ; ;9;2;1;07;08;715,42025566336;08
3254603;1;2;1;80;1;1;3;3; ;2; ;2; ; ; ; ;9;2;1;07;08;615,855169667214;08
3254604;1;1;1;80;1;1;4;4; ;3; ;2; ; ; ; ;4;2;1;07;08;626,706637590238;08
3254604;1;4;1;80;1;1;1;8; ;2; ;2; ; ;1;NO TIENE EL DIPLOMA HACE TRAMITES;12;1;1;07;08;626,706637590238;08
3254604;1;5;1;80;1;2; ; ; ;2; ;2; ;2; ;.; ; ;1;07;08;626,706637590238;08
3254604;1;6;1;80;1;2; ; ; ;2; ;2; ;2; ;.; ; ;1;07;08;626,706637590238;08
3254605;1;1;1;80;1;1;4;3; ;2; ;2; ; ; ; ;9;2;1;07;08;473,893611698859;08
3254605;1;2;1;80;1;2; ; ; ;2; ;2; ;2; ;.; ; ;1;07;08;473,893611698859;08
3254606;1;4;1;80;1;2; ; ; ;2; ;2; ;2; ;.; ; ;1;07;08;648,343231718233;08
3254606;1;5;1;80;1;2; ; ; ;2; ;2; ;2; ;.; ; ;1;07;08;648,343231718233;08
3254607;1;1;1;80;1;2; ; ; ;2; ;2; ;2; ;.; ; ;1;07;08;596,273324265129;08
3254607;1;2;1;80;1;2; ; ; ;2; ;2; ;2; ;.; ; ;1;07;08;596,273324265129;08
3254609;1;1;1;80;1;1;4;3; ;2; ;2; ; ; ; ;9;2;1;07;08;567,649526265306;08
3254609;1;5;1;80;1;2; ; ; ;2; ;2; ;2; ;.; ; ;1;07;08;567,649526265306;08
3254610;1;3;1;80;1;2; ; ; ;2; ;2; ;2; ;.; ; ;1;07;08;608,679995762705;08
3254611;1;1;1;80;1;1;2;4; ;2; ;2; ; ; ; ;4;2;1;07;08;496,939225405399;08
3254611;1;3;1;80;1;2; ; ; ;2; ;2; ;2; ;.; ; ;1;07;08;496,939225405399;08
3254613;1;2;1;80;1;1;2;7; ;2; ;2; ; ;2; ;1;1;1;07;08;622,666562202042;08
3254613;1;3;1;80;1;2; ; ; ; ; ;2; ;2; ;.; ; ;1;07;08;622,666562202042;08
3254614;1;5;1;80;1;2; ; ; ; ; ;2; ;2; ;.; ; ;1;07;08;593,667433045474;08
3254615;1;2;1;80;1;1;4;3; ;2; ;2; ; ; ; ;9;2;1;07;08;652,216517637587;08
3254615;1;5;1;80;1;1;2;6; ;2; ;2; ; ;1; ;6;1;1;07;08;652,216517637587;08
3254616;1;1;1;80;1;1;4;5; ;3; ;2; ; ; ; ;10;2;1;07;08;638,690878143987;08
3254616;1;2;1;80;1;1;4;9;CAMBIO  DE PAIS;2; ;2; ; ; ; ;9;2;1;07;08;638,690878143987;08
3254618;1;1;1;80;1;1;4;5; ;3; ;2; ; ; ; ;10;2;1;07;08;525,156224931807;08
3254619;1;2;1;80;1;2; ; ; ;2; ;2; ;2; ;.; ; ;1;07;08;510,058066425584;08
3254619;1;7;1;80;1;2; ; ; ; ; ;2; ;2; ;.; ; ;1;07;08;510,058066425584;08
3254624;1;1;1;80;1;2; ; ; ;2; ;2; ;2; ;.; ; ;1;07;08;506,290631735677;08
3254624;1;2;1;80;1;1;4;5; ;3; ;2; ; ; ; ;10;2;1;07;08;506,290631735677;08
3254624;1;3;1;80;1;1;4;7; ;2; ;2; ; ; ; ;9;2;1;07;08;506,290631735677;08
3254624;1;5;1;80;1;2; ; ; ;2; ;2; ;2; ;.; ; ;1;07;08;506,290631735677;08
3254626;1;1;1;80;1;1;3;4; ;2; ;2; ; ; ; ;4;2;1;07;08;661,227002918656;08
3254626;1;2;1;80;1;2; ; ; ;2; ;2; ;2; ;.; ; ;1;07;08;661,227002918656;08
3254626;1;4;1;80;1;1;3;4; ;2; ;2; ; ; ; ;4;2;1;07;08;661,227002918656;08
3254626;1;5;1;80;1;2; ; ; ;2; ;2; ;2; ;.; ; ;1;07;08;661,227002918656;08
3254627;1;2;1;80;1;2; ; ; ;2; ;2; ;2; ;.; ; ;1;07;08;556,009726493074;08
3254627;1;3;1;80;1;2; ; ; ;2; ;2; ;2; ;.; ; ;1;07;08;556,009726493074;08
3254627;1;4;1;80;1;2; ; ; ; ; ;2; ;2; ;.; ; ;1;07;08;556,009726493074;08
3254627;1;9;1;80;1;2; ; ; ; ; ;2; ;2; ;.; ; ;1;07;08;556,009726493074;08
3254628;1;3;1;80;1;1;1;6; ;2; ;2; ; ; ; ;11;2;1;07;08;367,174433704853;08
3254628;1;4;1;80;1;2; ; ; ;2; ;2; ;2; ;.; ; ;1;07;08;367,174433704853;08
3254628;1;5;1;80;1;2; ; ; ; ; ;2; ;2; ;.; ; ;1;07;08;367,174433704853;08
3254629;1;2;1;80;1;2; ; ; ;2; ;2; ;2; ;.; ; ;1;07;08;565,033448800449;08
3254629;1;3;1;80;1;2; ; ; ; ; ;2; ;2; ;.; ; ;1;07;08;565,033448800449;08
3254630;1;2;1;80;1;1;3;3; ;2; ;2; ; ; ; ;9;2;1;07;08;763,701646519908;08
3254631;1;1;1;80;1;1;3;3; ;2; ;2; ; ; ; ;4;2;1;07;08;533,975488234624;08
3254631;1;3;1;80;1;2; ; ; ; ; ;2; ;2; ;.; ; ;1;07;08;533,975488234624;08
3254632;1;2;1;80;1;2; ; ; ; ; ;2; ;2; ;.; ; ;1;07;08;672,290532261892;08
3254632;1;5;1;80;1;1;3;4; ;2; ;2; ; ; ; ;4;2;1;07;08;672,290532261892;08
3254633;1;5;1;80;1;2; ; ; ; ; ;2; ;2; ;.; ; ;1;07;08;410,584022443639;08
3254633;1;6;1;80;1;2; ; ; ; ; ;2; ;2; ;.; ; ;1;07;08;410,584022443639;08
3254634;1;3;1;80;1;2; ; ; ; ; ;2; ;2; ;.; ; ;1;07;08;653,724522767868;08
3254637;1;3;1;80;1;2; ; ; ;2; ;2; ;2; ;.; ; ;1;07;08;563,952051682951;08
3254639;1;3;1;80;1;2; ; ; ; ; ;2; ;2; ;.; ; ;1;07;08;653,724522767868;08
3254642;1;3;1;80;1;2; ; ; ; ; ;2; ;2; ;.; ; ;1;07;08;576,995145248495;08
3254643;1;3;1;80;1;2; ; ; ;2; ;2; ;2; ;.; ; ;1;07;08;587,780172796276;08
3254644;1;2;1;80;1;2; ; ; ;2; ;2; ;2; ;.; ; ;1;07;08;576,995145248495;08
3254644;1;3;1;80;1;2; ; ; ;2; ;2; ;2; ;.; ; ;1;07;08;576,995145248495;08
3254646;1;2;1;80;1;1;1;3; ;2; ;2; ; ; ; ;9;2;1;07;08;380,148930704708;08
3254646;1;10;1;80;1;2; ; ; ;2; ;2; ;2; ;.; ; ;1;07;08;380,148930704708;08
3254647;3;2;3;80;1;1;1;3; ;2; ;2; ; ; ; ;9;2;1;07;08;649,320349795224;08
3254648;1;1;1;80;1;1;4;5; ;3; ;2; ; ; ; ;10;2;1;07;08;486,371947967729;08
3254648;1;2;1;80;1;1;4;3; ;2; ;2; ; ; ; ;4;2;1;07;08;486,371947967729;08
3254648;1;5;1;80;1;2; ; ; ;2; ;2; ;2; ;.; ; ;1;07;08;486,371947967729;08
3254649;1;3;1;80;1;2; ; ; ;2; ;2; ;2; ;.; ; ;1;07;08;653,724522767868;08
3254650;1;4;1;80;1;1;3;3; ;2; ;2; ; ; ; ;9;2;1;07;08;474,039319261051;08
3254650;1;6;1;80;1;2; ; ; ; ; ;2; ;2; ;.; ; ;1;07;08;474,039319261051;08
3254651;1;2;1;80;1;2; ; ; ;2; ;2; ;2; ;.; ; ;1;07;08;692,584547186586;08
3254652;1;3;1;80;1;2; ; ; ;2; ;2; ;2; ;.; ; ;1;07;08;555,589538256916;08
3254652;1;4;1;80;1;2; ; ; ; ; ;2; ;2; ;.; ; ;1;07;08;555,589538256916;08
3254652;1;5;1;80;1;2; ; ; ; ; ;2; ;2; ;.; ; ;1;07;08;555,589538256916;08
3254653;1;3;1;80;1;2; ; ; ; ; ;2; ;2; ;.; ; ;1;07;08;587,869157277222;08
3254654;1;5;1;80;1;2; ; ; ;2; ;2; ;2; ;.; ; ;1;07;08;741,096925179551;08
3254655;1;1;1;80;1;1;2;3; ;2; ;2; ; ; ; ;9;2;1;07;08;602,671814764686;08
3254655;1;3;1;80;1;2; ; ; ;2; ;2; ;2; ;.; ; ;1;07;08;602,671814764686;08
3254655;1;4;1;80;1;2; ; ; ; ; ;2; ;2; ;.; ; ;1;07;08;602,671814764686;08
3254656;1;3;1;80;1;2; ; ; ;2; ;2; ;2; ;.; ; ;1;07;08;730,45390028724;08
3254657;1;3;1;80;1;2; ; ; ;2; ;2; ;2; ;.; ; ;1;07;08;496,939225405399;08
3254658;1;2;1;80;1;1;4;3; ;2; ;2; ; ; ; ;9;2;1;07;08;615,855169667214;08
3254660;1;2;1;80;1;2; ; ; ;2; ;2; ;2; ;.; ; ;1;07;68;626,454041521175;68
3254660;1;3;1;80;1;2; ; ; ; ; ;2; ;2; ;.; ; ;1;07;68;626,454041521175;68
3254661;1;6;1;80;1;2; ; ; ; ; ;2; ;2; ;.; ; ;1;07;68;441,317922895891;68
3254662;1;2;1;80;1;2; ; ; ; ; ;2; ;2; ;.; ; ;1;07;68;502,446077251011;68
3254663;1;5;1;80;1;2; ; ; ; ; ;2; ;2; ;.; ; ;1;07;68;541,596177475862;68
3254663;2;1;2;80;1;1;4;4; ;3; ;2; ; ; ; ;4;2;1;07;68;541,596177475862;68
3254664;1;3;1;80;1;2; ; ; ;2; ;2; ;2; ;.; ; ;1;07;68;620,991974944667;68
3254665;1;3;1;80;1;2; ; ; ;2; ;2; ;2; ;.; ; ;1;07;68;485,828378149008;68
3254665;1;4;1;80;1;2; ; ; ; ; ;2; ;2; ;.; ; ;1;07;68;485,828378149008;68
3254667;1;3;1;80;1;1;2;2; ;2; ;2; ; ; ; ;2;2;1;07;68;1241,98394988933;68
3254668;1;1;1;80;1;1;4;3; ;2; ;2; ; ; ; ;9;2;1;07;68;418,756715209415;68
3254668;1;6;1;80;1;1;1;6; ;2; ;2; ; ; ; ;2;2;1;07;68;418,756715209415;68
3254670;1;4;1;80;1;2; ; ; ;2; ;2; ;2; ;.; ; ;1;07;68;561,692788221969;68
3254671;1;1;1;80;1;1;2;3; ;2; ;2; ; ; ; ;9;2;1;07;68;489,801520449904;68
3254671;1;5;1;80;1;1;4;4; ;2; ;2; ; ; ; ;4;2;1;07;68;489,801520449904;68
3254671;1;6;1;80;1;1;1;7; ;2; ;2; ; ; ; ;9;2;1;07;68;489,801520449904;68
3254672;1;3;1;80;1;2; ; ; ; ; ;2; ;2; ;.; ; ;1;07;68;1181,00349893009;68
3254676;1;3;1;80;1;2; ; ; ;2; ;2; ;2; ;.; ; ;1;07;11;2227,68629727499;11
3254677;1;1;1;80;1;1;4;3; ;2; ;2; ; ; ; ;9;2;1;07;11;2395,83393003882;11
3254677;1;2;1;80;1;1;4;4; ;3; ;2; ; ; ;POR INVALIDEZ;12;2;1;07;11;2395,83393003882;11
3254677;1;3;1;80;1;2; ; ; ;2; ;2; ;2; ;.; ; ;1;07;11;2395,83393003882;11
3254681;1;2;1;80;1;1;3;3; ;2; ;2; ; ; ; ;9;2;1;07;11;2922,15245669002;11
3254683;1;3;1;80;1;2; ; ; ;2; ;2; ;2; ;.; ; ;1;07;11;2530,46486806587;11
3254685;1;1;1;80;1;1;4;3; ;2; ;2; ; ; ; ;9;2;1;07;11;2229,6655083265;11
3254685;1;2;1;80;1;1;4;4; ;2; ;2; ; ; ; ;4;2;1;07;11;2229,6655083265;11
3254685;1;4;1;80;1;1;3;1; ;2; ;2; ; ;3; ;9;1;1;07;11;2229,6655083265;11
3254686;1;2;1;80;1;1;4;3; ;2; ;2; ; ; ; ;9;2;1;07;11;2835,35328434038;11
3254687;1;4;1;80;1;2; ; ; ; ; ;2; ;2; ;.; ; ;1;07;11;2171,15853653257;11
3254688;1;2;1;80;1;1;3;8; ;2; ;2; ; ;2; ;9;1;1;07;11;2708,65472656732;11
3254690;1;2;1;80;1;1;2;4; ;2; ;2; ; ; ; ;4;2;1;07;11;2604,47326306584;11
3254690;1;3;1;80;1;2; ; ; ;2; ;2; ;2; ;.; ; ;1;07;11;2604,47326306584;11
3254700;1;2;1;80;1;1;1;3; ;2; ;2; ; ;1; ;9;1;1;07;11;1423,9368004704;11
3254700;1;4;1;80;1;1;1;2; ;2; ;2; ; ; ; ;2;2;1;07;11;1423,9368004704;11
3254700;1;5;1;80;1;2; ; ; ; ; ;2; ;2; ;.; ; ;1;07;11;1423,9368004704;11
3254701;1;3;1;80;1;2; ; ; ;2; ;2; ;2; ;.; ; ;1;07;11;2004,14634141468;11
3254701;1;4;1;80;1;2; ; ; ; ; ;2; ;2; ;.; ; ;1;07;11;2004,14634141468;11
3254703;1;2;1;80;1;1;2;8; ;2; ;2; ; ; ; ;4;2;1;07;11;2698,97784025058;11
3254703;1;4;1;80;1;1;1;8; ; ; ;2; ; ; ; ;2;2;1;07;11;2698,97784025058;11
3254703;1;6;1;80;1;2; ; ; ;3; ;2; ;2; ;.; ; ;1;07;11;2698,97784025058;11
3254704;1;2;1;80;1;2; ; ; ; ; ;2; ;2; ;.; ; ;1;07;11;2821,85663437631;11
3254705;1;3;1;80;1;2; ; ; ; ; ;2; ;2; ;.; ; ;1;07;11;2777,61770246741;11
3254706;1;1;1;80;1;1;4;3; ;2; ;2; ; ; ; ;9;2;1;07;68;470,35903227444;68
3254706;2;3;2;80;1;2; ; ; ;2; ;2; ;2; ;.; ; ;1;07;68;470,35903227444;68
3254706;2;4;2;80;1;2; ; ; ; ; ;2; ;2; ;.; ; ;1;07;68;470,35903227444;68
3254706;2;5;2;80;1;2; ; ; ; ; ;2; ;2; ;.; ; ;1;07;68;470,35903227444;68
3254707;1;4;1;80;1;2; ; ; ;2; ;2; ;2; ;.; ; ;1;07;68;507,94100758949;68
3254709;1;1;1;80;1;1;1;7; ;2; ;2; ; ; ; ;4;2;1;07;68;553,566952308071;68
3254709;1;2;1;80;1;1;1;4; ;2; ;2; ; ; ; ;4;2;1;07;68;553,566952308071;68
3254709;1;4;1;80;1;1;1;2; ;2; ;2; ; ; ; ;2;2;1;07;68;553,566952308071;68
3254710;1;1;1;80;1;1;4;3; ;2; ;2; ; ; ; ;9;2;1;07;68;725,637670134213;68
3254710;2;3;2;80;1;2; ; ; ; ; ;2; ;2; ;.; ; ;1;07;68;725,637670134213;68
3254710;2;4;2;80;1;2; ; ; ; ; ;2; ;2; ;.; ; ;1;07;68;725,637670134213;68
3254710;4;1;4;80;1;1;2;2; ;2; ;2; ; ; ; ;2;2;1;07;68;725,637670134213;68
3254711;1;2;1;80;1;2; ; ; ;2; ;2; ;1;1; ;9; ;1;07;68;513,608654189073;68
3254712;1;3;1;80;1;2; ; ; ; ; ;2; ;2; ;.; ; ;1;07;68;604,334467668126;68
3254714;1;2;1;80;1;2; ; ; ;2; ;2; ;2; ;.; ; ;1;07;68;505,924988895114;68
3254721;1;1;1;80;1;1;2;8; ;2; ;2; ; ;3; ;8;1;1;07;68;423,225457798797;68
3254721;1;2;1;80;1;1;4;3; ;2; ;2; ; ; ; ;9;2;1;07;68;423,225457798797;68
3254722;1;2;1;80;1;1;3;4; ;2; ;2; ; ;1; ;4;1;1;07;68;585,69380545918;68
3254724;1;1;1;80;1;1;2;5; ;3; ;2; ; ; ; ;8;2;1;07;68;518,268782822583;68
3254725;1;2;1;80;1;1;4;9;CAMBIO DE DOMICILIO;2; ;2; ; ; ; ;9;2;1;07;68;604,334467668126;68
3254725;1;3;1;80;1;1;1;8; ;2; ;2; ; ; ; ;2;2;1;07;68;604,334467668126;68
3254726;1;4;1;80;1;2; ; ; ;2; ;2; ;2; ;.; ; ;1;07;68;710,980989799334;68
3254732;1;3;1;80;1;1;3;2; ;2; ;2; ; ; ; ;2;2;1;07;68;705,721732935063;68
3254733;1;1;1;80;1;2; ; ; ;2; ;2; ;2; ;.; ; ;1;07;68;524,086930553434;68
3254737;1;3;1;80;1;1;1;2; ;2; ;2; ; ; ; ;2;2;1;07;68;454,141971802574;68
3254737;1;4;1;80;1;2; ; ; ;2; ;2; ;2; ;.; ; ;1;07;68;454,141971802574;68
3254737;1;5;1;80;1;1;4;3; ;2; ;2; ; ; ; ;8;2;1;07;68;454,141971802574;68
3254739;1;2;1;80;1;1;4;4; ;2; ;2; ; ; ; ;4;2;1;07;68;436,163035914222;68
3254740;1;3;1;80;1;1;2;2; ;2; ;2; ; ; ; ;2;2;1;07;68;348,048690231162;68
3254740;1;4;1;80;1;2; ; ; ;2; ;2; ;2; ;.; ; ;1;07;68;348,048690231162;68
3254740;1;5;1;80;1;1;4;3; ;2; ;2; ; ; ; ;9;2;1;07;68;348,048690231162;68
3254742;1;2;1;80;1;1;3;3; ;2; ;2; ; ; ; ;9;2;1;07;68;616,455989697859;68
3254744;1;2;1;80;1;2; ; ; ;2; ;2; ;2; ;.; ; ;1;07;68;592,625370218161;68
3254751;1;4;1;80;1;2; ; ; ; ; ;2; ;2; ;.; ; ;1;07;68;415,80131550978;68
3254752;1;1;1;80;1;1;4;8; ;3; ;2; ; ; ; ;8;2;1;07;68;560,890850278971;68
3254752;1;6;1;80;1;1;1;6; ;2; ;2; ; ; ; ;6;2;1;07;68;560,890850278971;68
3254753;1;1;1;80;1;1;2;7; ;2; ;2; ; ; ; ;8;2;1;07;68;560,203863946357;68
3254753;1;2;1;80;1;1;2;7; ;2; ;2; ; ; ; ;9;2;1;07;68;560,203863946357;68
3254753;1;5;1;80;1;1;1;2; ;2; ;2; ; ; ; ;2;2;1;07;68;560,203863946357;68
3254754;1;1;1;80;1;1;2;4; ;2; ;2; ; ; ; ;4;2;1;07;68;386,648614936308;68
3254755;1;4;1;80;1;1;4;3; ;2; ;2; ; ; ; ;9;2;1;07;68;416,233396743621;68
3254755;1;5;1;80;1;2; ; ; ; ; ;2; ;2; ;.; ; ;1;07;68;416,233396743621;68
3254759;1;2;1;80;1;2; ; ; ;2; ;2; ;2; ;.; ; ;1;07;68;513,442882340536;68
3254759;1;3;1;80;1;2; ; ; ;2; ;2; ;2; ;.; ; ;1;07;68;513,442882340536;68
3254759;1;4;1;80;1;2; ; ; ; ; ;2; ;2; ;.; ; ;1;07;68;513,442882340536;68
3254765;1;2;1;80;1;1;4;3; ;2; ;2; ; ; ; ;9;2;1;07;13;375,436094477847;13
3254765;1;4;1;80;1;2; ; ; ; ; ;2; ;2; ;.; ; ;1;07;13;375,436094477847;13
3254765;1;6;1;80;1;2; ; ; ; ; ;2; ;2; ;.; ; ;1;07;13;375,436094477847;13
3254767;1;3;1;80;1;2; ; ; ;2; ;2; ;2; ;.; ; ;1;07;13;332,321735269846;13
3254767;2;4;2;80;1;2; ; ; ;2; ;2; ;2; ;.; ; ;1;07;13;332,321735269846;13
3254768;1;3;1;80;1;2; ; ; ;2; ;2; ;2; ;.; ; ;1;07;13;381,088381103005;13
3254769;1;3;1;80;1;2; ; ; ; ; ;2; ;2; ;.; ; ;1;07;13;387,402104104453;13
3254770;1;3;1;80;1;1;4;3; ;2; ;2; ; ; ; ;9;2;1;07;13;399,740822031559;13
3254771;1;3;1;80;1;2; ; ; ;2; ;2; ;2; ;.; ; ;1;07;13;429,25016468057;13
3254771;1;4;1;80;1;2; ; ; ;2; ;2; ;2; ;.; ; ;1;07;13;429,25016468057;13
3254772;1;2;1;80;1;2; ; ; ;2; ;2; ;2; ;.; ; ;1;07;13;414,405170183656;13
3254773;1;3;1;80;1;2; ; ; ;2; ;2; ;2; ;.; ; ;1;07;13;378,633075993948;13
3254774;1;1;1;80;1;1;4;4; ;2; ;2; ; ; ; ;8;2;1;07;13;375,012414716596;13
3254774;1;4;1;80;1;2; ; ; ;2; ;2; ;2; ;.; ; ;1;07;13;375,012414716596;13
3254776;1;1;1;80;1;1;4;3; ;2; ;2; ; ; ; ;9;2;1;07;13;378,633075993948;13
3254777;1;3;1;80;1;2; ; ; ;2; ;2; ;2; ;.; ; ;1;07;13;339,888320996872;13
3254778;1;3;1;80;1;2; ; ; ;2; ;2; ;2; ;.; ; ;1;07;13;347,607682361245;13
3254778;1;4;1;80;1;2; ; ; ; ; ;2; ;2; ;.; ; ;1;07;13;347,607682361245;13
3254779;1;1;1;80;1;1;4;9;NO QUIERE TRABAJAR;2; ;2; ; ; ; ;11;2;1;07;13;401,284938412518;13
3254783;1;3;1;80;1;2; ; ; ;2; ;2; ;2; ;.; ; ;1;07;13;344,877085082703;13
3254783;1;4;1;80;1;2; ; ; ; ; ;2; ;2; ;.; ; ;1;07;13;344,877085082703;13
3254784;1;4;1;80;1;1;4;3; ;2; ;2; ; ; ; ;9;2;1;07;13;288,953235664458;13
3254785;1;2;1;80;1;2; ; ; ;2; ;2; ;2; ;.; ; ;1;07;13;299,869578544931;13
3254785;1;3;1;80;1;2; ; ; ; ; ;2; ;2; ;.; ; ;1;07;13;299,869578544931;13
3254787;1;3;1;80;1;2; ; ; ; ; ;2; ;2; ;.; ; ;1;07;13;406,037808349299;13
3254788;1;2;1;80;1;2; ; ; ;2; ;2; ;2; ;.; ; ;1;07;13;357,491095179293;13
3254788;1;3;1;80;1;2; ; ; ;2; ;2; ;2; ;.; ; ;1;07;13;357,491095179293;13
3254789;1;2;1;80;1;1;4;6; ;2; ;2; ; ; ; ;5;2;1;07;13;398,318446984927;13
3254799;1;3;1;80;1;2; ; ; ;2; ;2; ;2; ;.; ; ;1;07;13;386,35243735832;13
3254799;1;4;1;80;1;2; ; ; ; ; ;2; ;2; ;.; ; ;1;07;13;386,35243735832;13
3254800;1;1;1;80;1;1;4;5; ;3; ;2; ; ; ; ;10;2;1;07;13;464,680033754145;13
3254800;1;2;1;80;1;2; ; ; ;2; ;2; ;2; ;.; ; ;1;07;13;464,680033754145;13
3254800;1;3;1;80;1;2; ; ; ;2; ;2; ;2; ;.; ; ;1;07;13;464,680033754145;13
3254800;1;4;1;80;1;1;4;4; ;2; ;2; ; ; ; ;8;2;1;07;13;464,680033754145;13
3254800;1;7;1;80;1;2; ; ; ;2; ;2; ;2; ;.; ; ;1;07;13;464,680033754145;13
3254805;1;1;1;80;1;1;4;5; ;3; ;2; ; ; ; ;10;2;1;07;13;453,621472661682;13
3254805;1;2;1;80;1;1;4;8; ;2; ;2; ; ; ; ;8;2;1;07;13;453,621472661682;13
3254805;1;4;1;80;1;2; ; ; ;2; ;2; ;2; ;.; ; ;1;07;13;453,621472661682;13
3254807;1;2;1;80;1;1;4;5; ;3; ;2; ; ; ; ;10;2;1;07;13;426,371179810262;13
3254807;1;3;1;80;1;2; ; ; ;2; ;2; ;2; ;.; ; ;1;07;13;426,371179810262;13
3254807;1;4;1;80;1;2; ; ; ;2; ;2; ;2; ;.; ; ;1;07;13;426,371179810262;13
3254808;1;2;1;80;1;2; ; ; ;2; ;2; ;2; ;.; ; ;1;07;13;293,753973320939;13
3254809;1;3;1;80;1;2; ; ; ;2; ;2; ;2; ;.; ; ;1;07;13;377,467719825653;13
3254809;1;4;1;80;1;2; ; ; ;2; ;2; ;2; ;.; ; ;1;07;13;377,467719825653;13
3254811;1;1;1;80;1;1;1;8; ;2; ;2; ; ; ; ;9;2;1;07;13;349,081028868629;13
3254811;1;3;1;80;1;2; ; ; ; ; ;2; ;2; ;.; ; ;1;07;13;349,081028868629;13
3254811;1;4;1;80;1;2; ; ; ; ; ;2; ;2; ;.; ; ;1;07;13;349,081028868629;13
3254814;1;1;1;80;1;1;4;5; ;3; ;2; ; ; ; ;10;2;1;07;13;370,434873961398;13
3254814;1;2;1;80;1;1;4;5; ;3; ;2; ; ; ; ;10;2;1;07;13;370,434873961398;13
3254814;1;6;1;80;1;2; ; ; ;2; ;2; ;2; ;.; ; ;1;07;13;370,434873961398;13
3254814;1;7;1;80;1;1;3;1; ;1;2;2; ; ; ; ;8;2;1;07;13;370,434873961398;13
3254816;1;2;1;80;1;1;4;6; ;2; ;2; ; ; ; ;11;2;1;07;13;447,749054773966;13
3254817;1;1;1;80;1;2; ; ; ;2; ;2; ;2; ;.; ; ;1;07;13;358,947705002969;13
3254817;1;2;1;80;1;1;4;5; ;3; ;2; ; ; ; ;10;2;1;07;13;358,947705002969;13
3254817;1;3;1;80;1;2; ; ; ;2; ;2; ;2; ;.; ; ;1;07;13;358,947705002969;13
3254817;1;4;1;80;1;2; ; ; ; ; ;2; ;2; ;.; ; ;1;07;13;358,947705002969;13
3254818;1;3;1;80;1;2; ; ; ;2; ;2; ;2; ;.; ; ;1;07;13;361,403010112026;13
3254818;1;4;1;80;1;2; ; ; ; ; ;2; ;2; ;.; ; ;1;07;13;361,403010112026;13
3254819;1;3;1;80;1;1;4;4; ;2; ;2; ; ; ; ;4;2;1;07;13;436,25459262831;13
3254819;1;4;1;80;1;2; ; ; ;2; ;2; ;2; ;.; ; ;1;07;13;436,25459262831;13
3254821;1;2;1;80;1;1;4;3; ;2; ;2; ; ; ; ;9;2;1;07;13;362,243965116075;13
3254821;1;3;1;80;1;2; ; ; ;2; ;2; ;2; ;.; ; ;1;07;13;362,243965116075;13
3254821;1;4;1;80;1;2; ; ; ; ; ;2; ;2; ;.; ; ;1;07;13;362,243965116075;13
3254821;1;5;1;80;1;2; ; ; ;2; ;2; ;2; ;.; ; ;1;07;13;362,243965116075;13
3254822;1;1;1;80;1;1;4;5; ;3; ;2; ; ; ; ;10;2;1;07;13;398,318446984927;13
3254822;1;2;1;80;1;1;4;3; ;2; ;2; ; ; ; ;9;2;1;07;13;398,318446984927;13
3254823;1;2;1;80;1;2; ; ; ;2; ;2; ;2; ;.; ; ;1;07;13;389,318928785912;13
3254823;1;3;1;80;1;2; ; ; ;2; ;2; ;2; ;.; ; ;1;07;13;389,318928785912;13
3254825;1;1;1;80;1;1;4;5; ;3; ;2; ; ; ; ;10;2;1;07;13;398,554341133976;13
3254830;1;2;1;80;1;1;3;3; ;2; ;2; ; ; ; ;9;2;1;07;13;350,349853080103;13
3254831;1;5;1;80;1;1;3;2; ;2; ;2; ; ; ; ;2;2;1;07;13;261,45459223337;13
3254831;1;6;1;80;1;2; ; ; ; ; ;2; ;2; ;.; ; ;1;07;13;261,45459223337;13
3254833;1;3;1;80;1;2; ; ; ;2; ;2; ;2; ;.; ; ;1;07;13;279,151277491527;13
3254833;1;4;1;80;1;2; ; ; ;2; ;2; ;2; ;.; ; ;1;07;13;279,151277491527;13
3254833;1;5;1;80;1;2; ; ; ;2; ;2; ;2; ;.; ; ;1;07;13;279,151277491527;13
3254833;1;6;1;80;1;2; ; ; ;2; ;2; ;2; ;.; ; ;1;07;13;279,151277491527;13
3254835;1;2;1;80;1;2; ; ; ;2; ;2; ;2; ;.; ; ;1;07;13;327,274310900282;13
3254835;1;3;1;80;1;2; ; ; ;2; ;2; ;2; ;.; ; ;1;07;13;327,274310900282;13
3254836;1;2;1;80;1;2; ; ; ;2; ;2; ;2; ;.; ; ;1;07;13;359,997371749102;13
3254836;1;4;1;80;1;2; ; ; ;2; ;2; ;2; ;.; ; ;1;07;13;359,997371749102;13
3254839;1;2;1;80;1;2; ; ; ;2; ;2; ;2; ;.; ; ;1;07;13;302,051453950494;13
3254841;1;3;1;80;1;2; ; ; ;2; ;2; ;2; ;.; ; ;1;07;13;408,493113458356;13
3254842;1;1;1;80;1;1;4;5; ;3; ;2; ; ; ; ;10;2;1;07;13;326,241380837858;13
3254842;1;3;1;80;1;2; ; ; ; ; ;2; ;2; ;.; ; ;1;07;13;326,241380837858;13
3254842;1;4;1;80;1;2; ; ; ; ; ;2; ;2; ;.; ; ;1;07;13;326,241380837858;13
3254843;1;2;1;80;1;2; ; ; ;2; ;2; ;2; ;.; ; ;1;07;13;340,261029297372;13
3254843;1;4;1;80;1;2; ; ; ;2; ;2; ;2; ;.; ; ;1;07;13;340,261029297372;13
3254844;1;2;1;80;1;1;4;4; ;2; ;2; ; ; ; ;4;2;1;07;13;358,947705002969;13
3254844;1;3;1;80;1;2; ; ; ;2; ;2; ;2; ;.; ; ;1;07;13;358,947705002969;13
3254844;1;4;1;80;1;2; ; ; ; ; ;2; ;2; ;.; ; ;1;07;13;358,947705002969;13
3254846;1;3;1;80;1;2; ; ; ; ; ;2; ;2; ;.; ; ;1;07;13;341,585988212989;13
3254846;1;5;1;80;1;1;4;5; ;2; ;2; ; ; ; ;8;2;1;07;13;341,585988212989;13
3254848;1;3;1;80;1;2; ; ; ; ; ;2; ;2; ;.; ; ;1;07;13;358,947705002969;13
3254848;1;4;1;80;1;2; ; ; ; ; ;2; ;2; ;.; ; ;1;07;13;358,947705002969;13
3254849;1;2;1;80;1;2; ; ; ;2; ;2; ;2; ;.; ; ;1;07;13;457,632467592014;13
3254850;1;2;1;80;1;2; ; ; ;2; ;2; ;2; ;.; ; ;1;07;13;400,773752093984;13
3254851;1;2;1;80;1;1;3;8; ;2; ;2; ; ; ; ;11;2;1;07;13;394,071798722693;13
3254851;1;3;1;80;1;2; ; ; ;2; ;2; ;2; ;.; ; ;1;07;13;394,071798722693;13
3254851;1;4;1;80;1;2; ; ; ;2; ;2; ;2; ;.; ; ;1;07;13;394,071798722693;13
3254851;1;5;1;80;1;2; ; ; ; ; ;2; ;2; ;.; ; ;1;07;13;394,071798722693;13
3254852;1;1;1;80;1;2; ; ; ;2; ;2; ;2; ;.; ; ;1;07;13;356,843094709309;13
3254854;1;2;1;80;1;1;4;5; ;3; ;2; ; ; ; ;10;2;1;07;13;495,568613235398;13
3254861;1;1;1;80;1;1;2;4; ;2; ;2; ; ; ; ;9;2;1;07;19;85,4843489717702;19
3254861;1;3;1;80;1;2; ; ; ;2; ;2; ;2; ;.; ; ;1;07;19;85,4843489717702;19
3254862;1;2;1;80;1;1;4;4; ;2; ;2; ; ;2; ;8;1;1;07;19;56,4868510761927;19
3254862;1;3;1;80;1;2; ; ; ;2; ;2; ;2; ;.; ; ;1;07;19;56,4868510761927;19
3254863;1;2;1;80;1;1;2;2; ;2; ;2; ; ; ; ;2;2;1;07;19;102,92688730697;19
3254863;1;3;1;80;1;2; ; ; ;2; ;2; ;2; ;.; ; ;1;07;19;102,92688730697;19
3254864;1;2;1;80;1;2; ; ; ;2; ;2; ;1;3; ;9; ;1;07;19;139,347660888067;19
3254866;1;1;1;80;1;1;3;3; ;2; ;2; ; ; ; ;9;2;1;07;19;114,37396880572;19
3254867;1;4;1;80;1;2; ; ; ; ; ;2; ;2; ;.; ; ;1;07;19;116,814888002035;19
3254868;1;2;1;80;1;1;2;2; ;2; ;2; ; ; ; ;2;2;1;07;19;116,768549685119;19
3254868;1;3;1;80;1;2; ; ; ;2; ;2; ;2; ;.; ; ;1;07;19;116,768549685119;19
3254868;1;4;1;80;1;2; ; ; ;2; ;2; ;2; ;.; ; ;1;07;19;116,768549685119;19
3254868;1;6;1;80;1;1;1;3; ;2; ;2; ; ; ; ;9;2;1;07;19;116,768549685119;19
3254869;1;2;1;80;1;2; ; ; ;2; ;2; ;2; ;.; ; ;1;07;19;69,9247760179299;19
3254869;1;3;1;80;1;2; ; ; ;2; ;2; ;2; ;.; ; ;1;07;19;69,9247760179299;19
3254869;2;1;2;80;1;1;2;2; ;2; ;2; ; ; ; ;2;2;1;07;19;69,9247760179299;19
3254869;2;2;2;80;1;2; ; ; ;2; ;2; ;2; ;.; ; ;1;07;19;69,9247760179299;19
3254872;1;2;1;80;1;2; ; ; ;2; ;2; ;2; ;.; ; ;1;07;19;60,8996970992297;19
3254872;1;4;1;80;1;2; ; ; ;2; ;2; ;2; ;.; ; ;1;07;19;60,8996970992297;19
3254873;1;2;1;80;1;2; ; ; ;2; ;2; ;2; ;.; ; ;1;07;19;75,9020793001447;19
3254874;1;2;1;80;1;2; ; ; ;2; ;2; ;2; ;.; ; ;1;07;19;87,8190125070784;19
3254874;1;4;1;80;1;2; ; ; ;2; ;2; ;2; ;.; ; ;1;07;19;87,8190125070784;19
3254875;1;1;1;80;1;1;4;5; ;2; ;2; ; ; ; ;10;2;1;07;19;96,343899514534;19
3254876;1;3;1;80;1;2; ; ; ;2; ;2; ;2; ;.; ; ;1;07;19;121,227734025072;19
3254877;1;1;1;80;1;1;4;9;EDAD;2; ;2; ; ; ; ;8;2;1;07;19;83,3130352724219;19
3254878;1;3;1;80;1;2; ; ; ;2; ;2; ;2; ;.; ; ;1;07;19;94,0696037939891;19
3254878;1;4;1;80;1;2; ; ; ;2; ;2; ;2; ;.; ; ;1;07;19;94,0696037939891;19
3254879;1;2;1;80;1;1;4;3; ;2; ;2; ; ; ; ;9;2;1;07;19;130,566292833032;19
3254880;1;2;1;80;1;2; ; ; ;2; ;2; ;2; ;.; ; ;1;07;19;111,708255362005;19
3254880;1;3;1;80;1;2; ; ; ; ; ;2; ;2; ;.; ; ;1;07;19;111,708255362005;19
3254881;1;3;1;80;1;2; ; ; ; ; ;2; ;2; ;.; ; ;1;07;19;130,009102080106;19
3254882;1;4;1;80;1;2; ; ; ; ; ;2; ;2; ;.; ; ;1;07;19;107,459931104877;19
3254884;1;3;1;80;1;1;4;5; ;3; ;2; ; ; ; ;10;2;1;07;19;74,7573575912336;19
3254885;1;3;1;80;1;2; ; ; ;2; ;2; ;2; ;.; ; ;1;07;19;107,370073533068;19
3254885;1;4;1;80;1;2; ; ; ; ; ;2; ;2; ;.; ; ;1;07;19;107,370073533068;19
3254887;1;2;1;80;1;2; ; ; ;2; ;2; ;2; ;.; ; ;1;07;19;86,3418942926418;19
3254888;1;2;1;80;1;1;4;4; ;2; ;2; ; ;4; ;4;1;1;07;19;121,784924777997;19
3254890;1;3;1;80;1;2; ; ; ; ; ;2; ;2; ;.; ; ;1;07;19;120,670543272146;19
3254890;1;4;1;80;1;2; ; ; ; ; ;2; ;2; ;.; ; ;1;07;19;120,670543272146;19
3254891;1;2;1;80;1;1;1;9;DETENIDA TEMPORALMENTE;2; ;2; ; ; ;DETENIDA TEMPORALMENTE;12;2;1;07;19;97,9265103279474;19
3254891;1;3;1;80;1;2; ; ; ;2; ;2; ;2; ;.; ; ;1;07;19;97,9265103279474;19
3254893;1;1;1;80;1;1;3;4; ;2; ;2; ; ; ; ;4;2;1;07;19;62,964346269652;19
3254893;1;2;1;80;1;1;4;3; ;2; ;2; ; ; ; ;9;2;1;07;19;62,964346269652;19
3254893;1;6;1;80;1;2; ; ; ;2; ;2; ;2; ;.; ; ;1;07;19;62,964346269652;19
3254895;1;2;1;80;1;1;1;3; ;2; ;2; ; ; ; ;9;2;1;07;19;134,347283909044;19
3254898;1;1;1;80;1;1;4;5; ;3; ;2; ; ; ; ;8;2;1;07;19;80,3149253231817;19
3254899;1;2;1;80;1;1;2;8; ;2; ;2; ; ; ; ;9;2;1;07;19;125,565915854009;19
3254900;1;1;1;80;1;1;4;5; ;3; ;2; ; ; ; ;8;2;1;07;19;111,405027129591;19
3254900;1;2;1;80;1;2; ; ; ;2; ;2; ;2; ;.; ; ;1;07;19;111,405027129591;19
3254900;1;4;1;80;1;2; ; ; ; ; ;2; ;2; ;.; ; ;1;07;19;111,405027129591;19
3254900;1;5;1;80;1;2; ; ; ;2; ;2; ;1;3; ;4; ;1;07;19;111,405027129591;19
3254901;1;1;1;80;1;1;4;8; ;3; ;2; ; ;3; ;8;1;1;07;19;82,1687144107795;19
3254901;1;2;1;80;1;2; ; ; ;2; ;2; ;2; ;.; ; ;1;07;19;82,1687144107795;19
3254901;1;3;1;80;1;2; ; ; ;2; ;2; ;2; ;.; ; ;1;07;19;82,1687144107795;19
3254901;1;7;1;80;1;2; ; ; ;2; ;2; ;2; ;.; ; ;1;07;19;82,1687144107795;19
3254901;1;8;1;80;1;2; ; ; ;2; ;2; ;2; ;.; ; ;1;07;19;82,1687144107795;19
3254903;1;3;1;80;1;2; ; ; ; ; ;2; ;2; ;.; ; ;1;07;19;115,670166293123;19
3254903;1;5;1;80;1;2; ; ; ; ; ;2; ;2; ;.; ; ;1;07;19;115,670166293123;19
3254904;1;4;1;80;1;2; ; ; ;2; ;2; ;2; ;.; ; ;1;07;19;71,0391575237805;19
3254905;1;1;1;80;1;1;3;8; ;2; ;2; ; ; ; ;8;2;1;07;19;101,343104563608;19
3254906;1;1;1;80;1;1;4;4; ;2; ;2; ; ; ; ;4;2;1;07;19;98,7836467808996;19
3254906;1;5;1;80;1;2; ; ; ;2; ;2; ;2; ;.; ; ;1;07;19;98,7836467808996;19
3254907;1;2;1;80;1;2; ; ; ;2; ;2; ;2; ;.; ; ;1;07;19;50,3783727687855;19
3254907;1;3;1;80;1;1;1;8; ;2; ;2; ; ; ; ;2;2;1;07;19;50,3783727687855;19
3254907;1;6;1;80;1;2; ; ; ;2; ;2; ;2; ;.; ; ;1;07;19;50,3783727687855;19
3254908;1;2;1;80;1;1;4;7; ;2; ;2; ; ;4; ;8;1;1;07;19;74,787697794294;19
3254908;1;3;1;80;1;2; ; ; ;2; ;2; ;2; ;.; ; ;1;07;19;74,787697794294;19
3254908;1;4;1;80;1;2; ; ; ;2; ;2; ;2; ;.; ; ;1;07;19;74,787697794294;19
3254909;1;2;1;80;1;1;3;4; ;2; ;2; ; ; ; ;4;2;1;07;19;141,517802657466;19
3254909;1;4;1;80;1;1;1;4; ;2; ;2; ; ; ; ;4;2;1;07;19;141,517802657466;19
3254916;1;2;1;80;1;2; ; ; ;2; ;2; ;2; ;.; ; ;1;07;19;89,8971949948073;19
3254919;1;1;1;80;1;1;1;4; ;2; ;2; ; ; ; ;4;2;1;07;19;82,6811803253969;19
3254920;1;1;1;80;1;1;2;5; ;2; ;2; ; ; ; ;8;2;1;07;19;84,5345685657259;19
3254920;1;3;1;80;1;2; ; ; ;2; ;2; ;2; ;.; ; ;1;07;19;84,5345685657259;19
3254921;1;2;1;80;1;1;4;3; ;2; ;2; ; ; ; ;9;2;1;07;19;102,92688730697;19
3254924;1;3;1;80;1;1;1;3; ;2; ;1;300000; ; ; ;9;2;1;07;19;125,957333577179;19
3254925;1;2;1;80;1;2; ; ; ;2; ;2; ;2; ;.; ; ;1;07;19;75,3448885472194;19
3254925;1;3;1;80;1;2; ; ; ;2; ;2; ;2; ;.; ; ;1;07;19;75,3448885472194;19
3254926;1;1;1;80;1;1;4;4; ;2; ;2; ; ; ; ;4;2;1;07;19;75,9020793001447;19
3254927;1;1;1;80;1;1;4;5; ;3; ;2; ; ; ; ;10;2;1;07;19;120,743585937551;19
3254927;1;2;1;80;1;2; ; ; ;2; ;2; ;2; ;.; ; ;1;07;19;120,743585937551;19
3254928;1;1;1;80;1;2; ; ; ;2; ;2; ;2; ;.; ; ;1;07;19;113,243189210672;19
3254932;1;1;1;80;1;1;4;7; ;2; ;2; ; ; ; ;1;2;1;07;19;112,536223541846;19
3254934;1;2;1;80;1;2; ; ; ;2; ;2; ;2; ;.; ; ;1;07;19;99,9287773577301;19
3254935;1;4;1;80;1;1;3;3; ;2; ;2; ; ; ; ;9;2;1;07;19;64,9243990389071;19
3254935;1;7;1;80;1;2; ; ; ; ; ;2; ;2; ;.; ; ;1;07;19;64,9243990389071;19
3254936;1;2;1;80;1;2; ; ; ;2; ;2; ;2; ;.; ; ;1;07;19;119,373173854793;19
3254943;1;4;1;80;1;1;4;8; ;1;2;2; ; ; ; ;8;2;1;07;19;110,124472618642;19
3254944;1;1;1;80;1;1;3;4; ;2; ;2; ; ; ; ;8;2;1;07;19;75,3448885472194;19
3254944;1;2;1;80;1;2; ; ; ;2; ;2; ;2; ;.; ; ;1;07;19;75,3448885472194;19
3254945;1;2;1;80;1;1;4;5; ;3; ;2; ; ; ; ;8;2;1;07;19;62,8712150580325;19
3254945;1;3;1;80;1;1;4;4; ;2; ;2; ; ; ; ;8;2;1;07;19;62,8712150580325;19
3254946;1;2;1;80;1;1;2;8; ;2; ;2; ; ; ; ;2;2;1;07;19;89,8971949948073;19
3254947;1;1;1;80;1;1;4;3; ;2; ;2; ; ; ; ;9;2;1;07;19;111,240922180889;19
3254947;1;5;1;80;1;2; ; ; ;2; ;2; ;2; ;.; ; ;1;07;19;111,240922180889;19
3254949;1;3;1;80;1;2; ; ; ;2; ;2; ;2; ;.; ; ;1;07;19;111,421842035995;19
3254950;1;1;1;80;1;1;4;4; ;2; ;2; ; ; ; ;4;2;1;07;19;113,845946325906;19
3254950;1;6;1;80;1;2; ; ; ;2; ;2; ;2; ;.; ; ;1;07;19;113,845946325906;19
3254950;1;7;1;80;1;2; ; ; ;2; ;2; ;2; ;.; ; ;1;07;19;113,845946325906;19
3254951;2;1;2;80;1;1;2;4; ;3; ;2; ; ;1; ;4;1;1;07;19;127,597351156903;19
3254953;1;1;1;80;1;1;3;4; ;2; ;2; ; ; ; ;4;2;1;07;19;100,785913810682;19
3254954;1;1;1;80;1;2; ; ; ;2; ;2; ;1;2; ;2; ;1;07;19;86,8990850455672;19
3254955;1;3;1;80;1;2; ; ; ; ; ;2; ;2; ;.; ; ;1;07;19;107,370073533068;19
3254955;1;4;1;80;1;2; ; ; ; ; ;2; ;2; ;.; ; ;1;07;19;107,370073533068;19
3254956;1;4;1;80;1;1;1;8; ;2; ;2; ; ; ; ;2;2;1;07;19;139,257803316257;19
3254957;1;2;1;80;1;2; ; ; ; ; ;2; ;2; ;.; ; ;1;07;19;103,197664733886;19
3254958;1;3;1;80;1;2; ; ; ;2; ;2; ;2; ;.; ; ;1;07;19;107,927264285993;19
3254959;1;3;1;80;1;1;1;8; ;2; ;2; ; ; ; ;2;2;1;07;19;93,9321485913304;19
3254961;1;1;1;80;1;1;4;5; ;3; ;2; ; ; ; ;8;2;1;07;19;64,4853380044556;19
3254961;1;2;1;80;1;2; ; ; ;2; ;2; ;2; ;.; ; ;1;07;19;64,4853380044556;19
3254961;1;4;1;80;1;2; ; ; ; ; ;2; ;2; ;.; ; ;1;07;19;64,4853380044556;19
3254961;1;5;1;80;1;2; ; ; ;2; ;2; ;2; ;.; ; ;1;07;19;64,4853380044556;19
3254963;1;1;1;80;1;1;4;8; ;2; ;2; ; ; ; ;8;2;1;07;19;80,3149253231817;19
3254966;1;1;1;80;1;2; ; ; ;2; ;2; ;2; ;.; ; ;1;07;19;98,3449946143675;19
3254970;1;2;1;80;1;1;3;3; ;2; ;2; ; ; ; ;9;2;1;07;19;95,3182036505435;19
3254970;1;3;1;80;1;2; ; ; ; ; ;2; ;2; ;.; ; ;1;07;19;95,3182036505435;19
3254971;1;2;1;80;1;2; ; ; ;2; ;2; ;2; ;.; ; ;1;07;19;115,956579619133;19
3254971;2;2;2;80;1;2; ; ; ;2; ;2; ;2; ;.; ; ;1;07;19;115,956579619133;19
3254972;1;2;1;80;1;2; ; ; ;2; ;2; ;2; ;.; ; ;1;07;19;93,3749578384051;19
3254972;1;4;1;80;1;2; ; ; ;2; ;2; ;2; ;.; ; ;1;07;19;93,3749578384051;19
3254973;1;1;1;80;1;2; ; ; ;2; ;2; ;2; ;.; ; ;1;07;19;99,6423640317204;19
3254973;2;1;2;80;1;2; ; ; ;2; ;2; ;2; ;.; ; ;1;07;19;99,6423640317204;19
3254974;1;2;1;80;1;2; ; ; ;2; ;2; ;2; ;.; ; ;1;07;19;82,7558445194965;19
3254974;1;3;1;80;1;2; ; ; ;2; ;2; ;2; ;.; ; ;1;07;19;82,7558445194965;19
3254975;1;1;1;80;1;1;1;6; ;3; ;1;600000; ; ; ;10;2;1;07;19;112,882145344027;19
3254975;1;6;1;80;1;2; ; ; ;2; ;2; ;2; ;.; ; ;1;07;19;112,882145344027;19
3254976;1;3;1;80;1;2; ; ; ;2; ;2; ;2; ;.; ; ;1;07;19;75,3448885472194;19
3254978;1;1;1;80;1;1;4;5; ;3; ;2; ; ; ; ;10;2;1;07;19;64,2416271407902;19
3254978;1;2;1;80;1;2; ; ; ;2; ;2; ;2; ;.; ; ;1;07;19;64,2416271407902;19
3254979;1;1;1;80;1;1;4;9;LA EDAD;2; ;2; ; ; ; ;8;2;1;07;19;75,9020793001447;19
3254979;1;2;1;80;1;1;4;3; ;2; ;2; ; ; ; ;9;2;1;07;19;75,9020793001447;19
3254980;1;2;1;80;1;2; ; ; ;2; ;2; ;1;3; ;9; ;1;07;19;107,370073533068;19
3254980;1;3;1;80;1;2; ; ; ;2; ;2; ;2; ;.; ; ;1;07;19;107,370073533068;19
3254980;1;4;1;80;1;2; ; ; ;2; ;2; ;2; ;.; ; ;1;07;19;107,370073533068;19
3254981;1;3;1;80;1;1;4;4; ;3; ;2; ; ; ; ;4;2;1;07;19;117,37207875496;19
3254983;1;3;1;80;1;2; ; ; ;2; ;2; ;2; ;.; ; ;1;07;19;92,0944033274567;19
3254984;1;2;1;80;1;2; ; ; ;2; ;2; ;2; ;.; ; ;1;07;19;86,311145221662;19
3254984;1;3;1;80;1;2; ; ; ;2; ;2; ;2; ;.; ; ;1;07;19;86,311145221662;19
3254985;1;1;1;80;1;1;4;4; ;2; ;2; ; ; ; ;4;2;1;07;19;93,3446176353447;19
3254986;1;1;1;80;1;1;4;5; ;3; ;2; ; ; ; ;10;2;1;07;19;144,183516101181;19
3254986;1;2;1;80;1;1;3;8; ;3; ;2; ; ; ; ;1;2;1;07;19;144,183516101181;19
3254987;1;2;1;80;1;2; ; ; ;2; ;2; ;2; ;.; ; ;1;07;19;120,670543272146;19
3254987;1;4;1;80;1;2; ; ; ;2; ;2; ;2; ;.; ; ;1;07;19;120,670543272146;19
3254988;1;1;1;80;1;2; ; ; ;2; ;2; ;2; ;.; ; ;1;07;19;75,9020793001447;19
3254988;1;2;1;80;1;1;4;5; ;3; ;2; ; ; ; ;4;2;1;07;19;75,9020793001447;19
3254990;1;4;1;80;1;1;1;8; ;2; ;1;1200000; ; ;ESTA A LA ESPERA DE UN TRABAJO;12;2;1;07;19;148,84015232178;19
3254991;1;1;1;80;1;2; ; ; ;2; ;2; ;2; ;.; ; ;1;07;19;104,929154336753;19
3254992;1;2;1;80;1;2; ; ; ;2; ;2; ;2; ;.; ; ;1;07;19;93,9321485913304;19
3254999;1;3;1;80;1;2; ; ; ;2; ;2; ;2; ;.; ; ;1;07;19;105,638583930201;19
3254999;1;4;1;80;1;2; ; ; ; ; ;2; ;2; ;.; ; ;1;07;19;105,638583930201;19
3255001;1;1;1;80;1;1;1;4; ;2; ;2; ; ; ; ;4;2;1;07;19;80,3149253231817;19
3255005;1;1;1;80;1;1;4;5; ;3; ;2; ; ; ; ;10;2;1;07;19;80,3149253231817;19
3255006;1;3;1;80;1;2; ; ; ; ; ;2; ;2; ;.; ; ;1;07;19;105,515513362789;19
3255006;1;4;1;80;1;1;4;5; ;3; ;2; ; ; ; ;10;2;1;07;19;105,515513362789;19
3255006;1;5;1;80;1;2; ; ; ;2; ;2; ;2; ;.; ; ;1;07;19;105,515513362789;19
3255007;1;5;1;80;1;2; ; ; ; ; ;2; ;2; ;.; ; ;1;07;19;53,3689512767127;19
3255007;1;6;1;80;1;2; ; ; ; ; ;2; ;2; ;.; ; ;1;07;19;53,3689512767127;19
3255007;1;7;1;80;1;2; ; ; ; ; ;2; ;2; ;.; ; ;1;07;19;53,3689512767127;19
3255007;1;8;1;80;1;1;4;4; ;2; ;2; ; ; ; ;4;2;1;07;19;53,3689512767127;19
3255009;1;2;1;80;1;1;2;3; ;2; ;2; ; ; ; ;9;2;1;07;19;116,784547798974;19
3255010;1;1;1;80;1;1;4;4; ;2; ;2; ; ; ; ;4;2;1;07;19;82,7718883432205;19
3255010;1;3;1;80;1;2; ; ; ;2; ;2; ;2; ;.; ; ;1;07;19;82,7718883432205;19
3255010;1;4;1;80;1;2; ; ; ;2; ;2; ;2; ;.; ; ;1;07;19;82,7718883432205;19
3255011;1;1;1;80;1;1;4;5; ;3; ;2; ; ; ; ;10;2;1;07;19;99,3420094637741;19
3255012;1;1;1;80;1;1;1;4; ;2; ;2; ; ; ; ;4;2;1;07;19;110,847836376666;19
3255012;1;2;1;80;1;1;1;4; ;2; ;2; ; ; ; ;4;2;1;07;19;110,847836376666;19
3255014;1;3;1;80;1;2; ; ; ;2; ;2; ;2; ;.; ; ;1;07;19;107,686827062138;19
3255014;1;4;1;80;1;2; ; ; ; ; ;2; ;2; ;.; ; ;1;07;19;107,686827062138;19
3255014;1;5;1;80;1;1;1;4; ;2; ;2; ; ; ; ;9;2;1;07;19;107,686827062138;19
3255016;1;2;1;80;1;2; ; ; ;2; ;2; ;2; ;.; ; ;1;07;19;98,6785630498421;19
3255018;1;2;1;80;1;1;1;2; ;2; ;2; ; ; ; ;2;2;1;07;19;121,227734025072;19
3255018;1;3;1;80;1;2; ; ; ;2; ;2; ;2; ;.; ; ;1;07;19;121,227734025072;19
3255020;1;2;1;80;1;1;4;3; ;2; ;2; ; ; ; ;9;2;1;07;19;88,4824589210103;19
3255022;1;3;1;80;1;2; ; ; ;2; ;2; ;2; ;.; ; ;1;07;19;104,371963583828;19
3255023;1;2;1;80;1;1;2;2; ;2; ;2; ; ; ; ;2;2;1;07;19;121,227734025072;19
3255023;1;3;1;80;1;1;2;8; ;2; ;1;80000; ; ; ;2;2;1;07;19;121,227734025072;19
3255026;1;2;1;80;1;1;2;8; ;2; ;2; ; ;2;ESTA ESPERANDO QUE LA LLAMEN;12;1;1;07;44;49,7265923684898;44
3255026;1;3;1;80;1;2; ; ; ;2; ;2; ;2; ;.; ; ;1;07;44;49,7265923684898;44
3255027;1;4;1;80;1;1;1;6; ;2; ;2; ; ; ;VIAJO;12;2;1;07;44;76,1350672940054;44
3255029;1;3;1;80;1;2; ; ; ;2; ;2; ;2; ;.; ; ;1;07;44;40,243014238334;44
3255029;1;4;1;80;1;2; ; ; ; ; ;2; ;2; ;.; ; ;1;07;44;40,243014238334;44
3255031;1;2;1;80;1;1;2;3; ;2; ;2; ; ; ; ;9;2;1;07;44;65,8647623746178;44
3255033;1;2;1;80;1;1;2;9;EMBARAZO;2; ;2; ; ; ; ;9;2;1;07;44;98,4009973732586;44
3255035;1;1;1;80;1;1;3;8; ;2; ;2; ; ;1;ESTA EMBARAZADA;12;1;1;07;44;59,2101704986456;44
3255036;1;6;1;80;1;1;1;6; ;2; ;2; ; ; ; ;1;2;1;07;44;48,09280761306;44
3255037;1;3;1;80;1;2; ; ; ;2; ;2; ;2; ;.; ; ;1;07;44;86,6255882321037;44
3255037;1;4;1;80;1;2; ; ; ; ; ;2; ;2; ;.; ; ;1;07;44;86,6255882321037;44
3255038;1;1;1;80;1;1;2;8; ;2; ;2; ; ; ; ;1;2;1;07;44;59,2101704986456;44
3255045;1;3;1;80;1;2; ; ; ;2; ;2; ;2; ;.; ; ;1;07;44;73,4290594034891;44
3255046;1;2;1;80;1;1;1;9;CAMBIO DE DOMICILIO;2; ;2; ; ;1; ;2;1;1;07;44;78,7757948573777;44
3255049;1;4;1;80;1;1;4;8; ;2; ;2; ; ; ; ;11;2;1;07;44;97,920550934012;44
3255051;1;2;1;80;1;1;2;8; ;2; ;2; ; ;2; ;1;1;1;07;44;77,8669081574416;44
3255051;1;4;1;80;1;2; ; ; ;2; ;2; ;2; ;.; ; ;1;07;44;77,8669081574416;44
3255056;1;2;1;80;1;1;1;4; ;2; ;1;50000; ; ; ;4;2;1;07;44;73,4290594034891;44
3255057;1;2;1;80;1;1;1;9;CAMBIO DE DOMICILIO;2; ;2; ; ; ; ;9;2;1;07;44;88,0952835325658;44
3255059;1;1;1;80;1;2; ; ; ;2; ;2; ;2; ;.; ; ;1;07;44;87,9489543860178;44
3255059;1;4;1;80;1;1;2;2; ;2; ;2; ; ; ; ;2;2;1;07;44;87,9489543860178;44
3255059;1;5;1;80;1;2; ; ; ;2; ;2; ;2; ;.; ; ;1;07;44;87,9489543860178;44
3255059;1;6;1;80;1;2; ; ; ; ; ;2; ;2; ;.; ; ;1;07;44;87,9489543860178;44
3255060;1;1;1;80;1;1;4;3; ;2; ;2; ; ; ; ;9;2;1;07;44;106,602147987864;44
3255060;1;4;1;80;1;1;1;6; ;2; ;2; ; ; ; ;1;2;1;07;44;106,602147987864;44
3255060;1;5;1;80;1;2; ; ; ;2; ;2; ;2; ;.; ; ;1;07;44;106,602147987864;44
3255060;1;6;1;80;1;2; ; ; ; ; ;2; ;2; ;.; ; ;1;07;44;106,602147987864;44
3255060;1;7;1;80;1;2; ; ; ; ; ;2; ;2; ;.; ; ;1;07;44;106,602147987864;44
3255062;1;3;1;80;1;2; ; ; ; ; ;2; ;2; ;.; ; ;1;07;44;75,124672892657;44
3255064;1;1;1;80;1;1;2;3; ;2; ;2; ; ; ; ;9;2;1;07;44;79,2969244902294;44
3255065;1;1;1;80;1;1;1;8; ;2; ;1;100000; ;1; ;6;1;1;07;44;73,4697425970944;44
3255074;1;2;1;80;1;1;4;4; ;2; ;2; ; ; ; ;4;2;1;07;44;37,1689730517126;44
3255074;1;4;1;80;1;1;4;4; ;2; ;2; ; ; ; ;4;2;1;07;44;37,1689730517126;44
3255074;1;6;1;80;1;1;3;4; ;2; ;2; ; ; ; ;4;2;1;07;44;37,1689730517126;44
3255074;1;7;1;80;1;2; ; ; ;2; ;2; ;2; ;.; ; ;1;07;44;37,1689730517126;44
3255075;1;12;1;80;1;2; ; ; ;2; ;2; ;2; ;.; ; ;1;07;44;99,2902360898337;44
3255078;1;2;1;80;1;1;2;3; ;2; ;2; ; ; ; ;9;2;1;07;44;54,1644411224423;44
3255078;1;3;1;80;1;2; ; ; ;2; ;2; ;2; ;.; ; ;1;07;44;54,1644411224423;44
3255078;1;4;1;80;1;1;3;3; ;2; ;2; ; ; ; ;9;2;1;07;44;54,1644411224423;44
3255079;1;1;1;80;1;1;2;4; ;2; ;2; ; ; ; ;4;2;1;07;44;54,8376945353813;44
3255079;1;2;1;80;1;1;3;3; ;2; ;2; ; ; ; ;9;2;1;07;44;54,8376945353813;44
3255079;1;4;1;80;1;2; ; ; ;2; ;2; ;2; ;.; ; ;1;07;44;54,8376945353813;44
3255080;1;1;1;80;1;1;4;4; ;2; ;2; ; ; ; ;4;2;1;07;44;86,8899390378255;44
3255081;1;2;1;80;1;1;2;3; ;2; ;2; ; ; ; ;9;2;1;07;44;70,8975351700406;44
3255081;1;5;1;80;1;2; ; ; ;2; ;2; ;2; ;.; ; ;1;07;44;70,8975351700406;44
3255081;1;6;1;80;1;1;1;4; ;2; ;2; ; ; ; ;4;2;1;07;44;70,8975351700406;44
3255081;1;7;1;80;1;1;1;3; ;2; ;1;200000; ; ; ;9;2;1;07;44;70,8975351700406;44
3255082;1;1;1;80;1;1;4;4; ;2; ;2; ; ; ; ;8;2;1;07;44;97,4369883355106;44
3255082;1;4;1;80;1;2; ; ; ; ; ;2; ;2; ;.; ; ;1;07;44;97,4369883355106;44
3255083;1;3;1;80;1;2; ; ; ;2; ;2; ;2; ;.; ; ;1;07;44;68,680792048021;44
3255083;1;4;1;80;1;2; ; ; ; ; ;2; ;2; ;.; ; ;1;07;44;68,680792048021;44
3255083;1;5;1;80;1;2; ; ; ; ; ;2; ;2; ;.; ; ;1;07;44;68,680792048021;44
3255084;1;1;1;80;1;1;4;4; ;2; ;2; ; ; ; ;8;2;1;07;44;157,161689527972;44
3255084;1;2;1;80;1;2; ; ; ;2; ;2; ;2; ;.; ; ;1;07;44;157,161689527972;44
3255085;1;8;1;80;1;2; ; ; ;2; ;2; ;2; ;.; ; ;1;07;44;145,342956061354;44
3255086;1;1;1;80;1;1;2;3; ;2; ;2; ; ; ; ;9;2;1;07;44;94,5707263627808;44
3255086;1;2;1;80;1;2; ; ; ;2; ;2; ;2; ;.; ; ;1;07;44;94,5707263627808;44
3255086;1;3;1;80;1;2; ; ; ;2; ;2; ;2; ;.; ; ;1;07;44;94,5707263627808;44
3255089;1;4;1;80;1;1;2;3; ;2; ;2; ; ; ; ;9;2;1;07;44;74,3052627861069;44
3255091;1;1;1;80;1;2; ; ; ;2; ;2; ;2; ;.; ; ;1;07;44;72,4473825208654;44
3255093;1;2;1;80;1;1;4;3; ;2; ;2; ; ; ; ;9;2;1;07;44;87,6479483083326;44
3255093;1;3;1;80;1;2; ; ; ;2; ;2; ;2; ;.; ; ;1;07;44;87,6479483083326;44
3255093;1;4;1;80;1;2; ; ; ;2; ;2; ;2; ;.; ; ;1;07;44;87,6479483083326;44
3255106;1;6;1;80;1;2; ; ; ;2; ;2; ;1;3; ;1; ;1;07;44;75,1326727689439;44
3255110;1;2;1;80;1;1;3;3; ;2; ;2; ; ; ; ;9;2;1;07;44;71,6972185400529;44
3255111;1;1;1;80;1;1;4;9;SU MAMA NO QUISO QUE SIGUIERA TRABAJANDO;2; ;2; ; ; ; ;9;2;1;07;44;90,0883590424689;44
3255112;1;3;1;80;1;2; ; ; ; ; ;2; ;2; ;.; ; ;1;07;44;51,4222058576577;44
3255114;1;3;1;80;1;2; ; ; ; ; ;2; ;2; ;.; ; ;1;07;44;157,675247182232;44
3255115;1;3;1;80;1;2; ; ; ;2; ;2; ;2; ;.; ; ;1;07;44;74,3379461034252;44
3255115;1;4;1;80;1;2; ; ; ;2; ;2; ;2; ;.; ; ;1;07;44;74,3379461034252;44
3255115;1;5;1;80;1;2; ; ; ;2; ;2; ;2; ;.; ; ;1;07;44;74,3379461034252;44
3255117;1;3;1;80;1;2; ; ; ;2; ;2; ;2; ;.; ; ;1;07;44;147,429111498688;44
3255117;1;7;1;80;1;1;4;4; ;2; ;2; ; ; ; ;4;2;1;07;44;147,429111498688;44
3255118;1;6;1;80;1;2; ; ; ; ; ;2; ;2; ;.; ; ;1;07;44;189,052415592843;44
3255119;1;3;1;80;1;2; ; ; ; ; ;2; ;2; ;.; ; ;1;07;44;89,5672294096171;44
3255121;1;1;1;80;1;1;4;5; ;2; ;2; ; ; ; ;10;2;1;07;44;72,4473825208654;44
3255123;1;3;1;80;1;2; ; ; ;2; ;2; ;2; ;.; ; ;1;07;44;79,9006668609499;44
3255123;1;4;1;80;1;2; ; ; ;2; ;2; ;2; ;.; ; ;1;07;44;79,9006668609499;44
3255132;1;1;1;80;1;1;1;4; ;2; ;2; ; ; ; ;4;2;1;07;44;67,9688505733077;44
3255134;1;5;1;80;1;2; ; ; ; ; ;2; ;2; ;.; ; ;1;07;44;49,1558508828942;44
3255138;1;3;1;80;1;2; ; ; ;2; ;2; ;2; ;.; ; ;1;07;44;40,243014238334;44
3255138;1;4;1;80;1;2; ; ; ; ; ;2; ;2; ;.; ; ;1;07;44;40,243014238334;44
3255142;1;2;1;80;1;1;3;3; ;2; ;2; ; ; ; ;9;2;1;07;44;92,7347887758363;44
3255142;1;3;1;80;1;2; ; ; ;2; ;1;40000;1;1; ;2; ;1;07;44;92,7347887758363;44
3255142;1;7;1;80;1;2; ; ; ; ; ;2; ;2; ;.; ; ;1;07;44;92,7347887758363;44
3255143;1;1;1;80;1;1;3;9;FUE DEZPLZADA DE SUS TIERRAS POR GRUPOS AL MARGEN DE LA LEY;2; ;2; ; ; ; ;8;2;1;07;44;73,4697425970944;44
3255146;1;3;1;80;1;1;3;2; ;2; ;2; ; ; ; ;2;2;1;07;44;56,1981998259506;44
3255146;1;4;1;80;1;1;1;2; ;2; ;1;200000; ; ; ;2;2;1;07;44;56,1981998259506;44
3255147;1;4;1;80;1;2; ; ; ; ; ;2; ;2; ;.; ; ;1;07;44;74,3379461034252;44
3255147;1;5;1;80;1;2; ; ; ; ; ;2; ;2; ;.; ; ;1;07;44;74,3379461034252;44
3255152;1;2;1;80;1;2; ; ; ;2; ;2; ;2; ;.; ; ;1;07;44;69,5158843393384;44
3255154;1;2;1;80;1;1;2;2; ;2; ;2; ; ; ; ;2;2;1;07;44;93,2921457829564;44
3255162;1;2;1;80;1;1;2;1; ;2; ;2; ; ;2; ;4;1;1;07;76;907,883818216904;76
3255163;1;1;1;80;1;1;4;9;POR LA EDAD;2; ;2; ; ; ; ;8;2;1;07;05;1067,08417465654;05
3255163;1;2;1;80;1;2; ; ; ;2; ;2; ;2; ;.; ; ;1;07;05;1067,08417465654;05
3255169;1;1;1;80;1;1;4;9;POR TRASLADO DE DOMICILIO;3; ;2; ; ; ; ;4;2;1;07;05;874,790417451479;05
3255169;1;2;1;80;1;1;4;7; ;2; ;2; ; ; ; ;8;2;1;07;05;874,790417451479;05
3255169;1;3;1;80;1;1;1;6; ;2; ;2; ; ;1; ;2;1;1;07;05;874,790417451479;05
3255169;1;5;1;80;1;2; ; ; ; ; ;2; ;2; ;.; ; ;1;07;05;874,790417451479;05
3255172;1;3;1;80;1;2; ; ; ;2; ;2; ;2; ;.; ; ;1;07;05;908,880148653105;05
3255172;1;4;1;80;1;2; ; ; ;2; ;2; ;2; ;.; ; ;1;07;05;908,880148653105;05
3255173;1;2;1;80;1;1;1;6; ;2; ;2; ; ;1;POR EMBARAZO;12;1;1;07;05;659,703718283118;05
3255174;1;2;1;80;1;1;4;3; ;2; ;2; ; ; ; ;9;2;1;07;05;1158,04319091047;05
3255174;1;3;1;80;1;1;4;4; ;3; ;2; ; ; ; ;4;2;1;07;05;1158,04319091047;05
3255176;1;2;1;80;1;2; ; ; ;2; ;1;20000;2; ;.; ; ;1;07;05;943,142909047304;05
3255176;1;4;1;80;1;2; ; ; ;2; ;2; ;2; ;.; ; ;1;07;05;943,142909047304;05
3255176;1;5;1;80;1;2; ; ; ; ; ;2; ;2; ;.; ; ;1;07;05;943,142909047304;05
3255177;1;2;1;80;1;2; ; ; ; ; ;2; ;2; ;.; ; ;1;07;05;784,838370196681;05
3255178;1;1;1;80;1;1;4;9;NO DESEABA TRABAJAR MAS;2; ;2; ; ; ; ;11;2;1;07;05;1143,58811776542;05
3255181;1;1;1;80;1;1;3;4; ;2; ;2; ; ; ; ;4;2;1;07;05;1157,06053325959;05
3255181;1;2;1;80;1;1;1;8; ;2; ;2; ; ; ; ;9;2;1;07;05;1157,06053325959;05
3255183;1;3;1;80;1;2; ; ; ;2; ;2; ;2; ;.; ; ;1;07;05;737,276223500887;05
3255183;1;4;1;80;1;2; ; ; ; ; ;2; ;2; ;.; ; ;1;07;05;737,276223500887;05
3255184;1;1;1;80;1;1;4;4; ;2; ;2; ; ;2; ;4;1;1;07;05;1012,35323409857;05
3255185;1;2;1;80;1;1;2;3; ;2; ;2; ; ; ; ;9;2;1;07;05;1322,49230917814;05
3255187;1;2;1;80;1;2; ; ; ;2; ;2; ;2; ;.; ; ;1;07;05;1469,5220355457;05
3255187;1;4;1;80;1;1;4;9;EDAD;2; ;2; ; ; ; ;8;2;1;07;05;1469,5220355457;05
3255187;1;6;1;80;1;2; ; ; ; ; ;2; ;2; ;.; ; ;1;07;05;1469,5220355457;05
3255188;1;3;1;80;1;2; ; ; ; ; ;2; ;2; ;.; ; ;1;07;05;1323,45065548077;05
3255188;1;8;1;80;1;2; ; ; ;2; ;2; ;2; ;.; ; ;1;07;05;1323,45065548077;05
3255189;1;5;1;80;1;1;1;8; ;2; ;1;200000; ; ; ;2;2;1;07;05;831,518372088782;05
3255190;1;2;1;80;1;2; ; ; ; ; ;2; ;2; ;.; ; ;1;07;05;874,814728799729;05
3255191;1;4;1;80;1;1;1;8; ;2; ;2; ; ; ; ;2;2;1;07;05;1174,03610330101;05
3255194;1;2;1;80;1;2; ; ; ;2; ;2; ;2; ;.; ; ;1;07;05;784,838370196681;05
3255196;1;2;1;80;1;1;4;3; ;2; ;2; ; ; ; ;9;2;1;07;05;853,166550444256;05
3255196;1;4;1;80;1;2; ; ; ;2; ;2; ;2; ;.; ; ;1;07;05;853,166550444256;05
3255197;1;3;1;80;1;2; ; ; ;2; ;2; ;1;1; ;7; ;1;07;05;715,628045145413;05
3255197;1;4;1;80;1;2; ; ; ; ; ;2; ;2; ;.; ; ;1;07;05;715,628045145413;05
3255197;1;5;1;80;1;2; ; ; ; ; ;2; ;2; ;.; ; ;1;07;05;715,628045145413;05
3255200;1;2;1;80;1;1;4;1; ;2; ;2; ; ; ; ;9;2;1;07;05;1749,62945759946;05
3255202;1;1;1;80;1;1;4;3; ;2; ;2; ; ; ; ;9;2;1;07;05;631,830483978918;05
3255202;1;3;1;80;1;2; ; ; ;2; ;2; ;2; ;.; ; ;1;07;05;631,830483978918;05
3255202;1;4;1;80;1;2; ; ; ;2; ;2; ;2; ;.; ; ;1;07;05;631,830483978918;05
3255207;1;4;1;80;1;2; ; ; ;2; ;2; ;2; ;.; ; ;1;07;05;791,14933060341;05
3255208;1;1;1;80;1;1;3;2; ;1;1;2; ; ; ; ;2;2;1;07;05;860,359655654677;05
3255209;1;2;1;80;1;1;4;3; ;2; ;2; ; ; ; ;9;2;1;07;05;1079,34164479049;05
3255211;1;1;1;80;1;2; ; ; ;2; ;2; ;2; ;.; ; ;1;07;05;708,334427087799;05
3255212;1;3;1;80;1;2; ; ; ; ; ;2; ;2; ;.; ; ;1;07;05;1057,69346643501;05
3255214;1;2;1;80;1;2; ; ; ;2; ;2; ;2; ;.; ; ;1;07;05;1900,67202851545;05
3255215;1;4;1;80;1;1;3;3; ;2; ;2; ; ; ; ;9;2;1;07;05;2224,02308937086;05
3255216;1;2;1;80;1;1;3;1; ;2; ;2; ; ;1; ;9;1;1;07;05;2511,00779697245;05
3255222;1;2;1;80;1;2; ; ; ;2; ;2; ;2; ;.; ; ;1;07;05;552,425044798995;05
3255222;1;3;1;80;1;2; ; ; ; ; ;2; ;2; ;.; ; ;1;07;05;552,425044798995;05
3255223;1;4;1;80;1;2; ; ; ;2; ;2; ;2; ;.; ; ;1;07;05;853,166550444256;05
3255224;1;3;1;80;1;2; ; ; ;2; ;2; ;2; ;.; ; ;1;07;05;990,705055743098;05
3255225;1;1;1;80;1;1;4;3; ;2; ;2; ; ; ; ;9;2;1;07;05;1011,37057644769;05
3255230;1;2;1;80;1;2; ; ; ;2; ;2; ;2; ;.; ; ;1;07;05;332,137717469629;05
3255230;1;4;1;80;1;2; ; ; ;2; ;2; ;2; ;.; ; ;1;07;05;332,137717469629;05
3255230;1;5;1;80;1;2; ; ; ;2; ;2; ;2; ;.; ; ;1;07;05;332,137717469629;05
3255230;1;6;1;80;1;2; ; ; ; ; ;2; ;2; ;.; ; ;1;07;05;332,137717469629;05
3255232;1;3;1;80;1;2; ; ; ;2; ;2; ;2; ;.; ; ;1;07;05;737,276223500887;05
3255232;1;4;1;80;1;2; ; ; ; ; ;2; ;2; ;.; ; ;1;07;05;737,276223500887;05
3255233;1;2;1;80;1;1;4;3; ;2; ;2; ; ; ; ;9;2;1;07;05;1255,50389848622;05
3255234;1;4;1;80;1;2; ; ; ;2; ;2; ;2; ;.; ; ;1;07;05;1080,68141434615;05
3255235;1;6;1;80;1;2; ; ; ;2; ;2; ;2; ;.; ; ;1;07;05;617,118811776282;05
3255236;1;1;1;80;1;1;4;4; ;2; ;2; ; ; ; ;4;2;1;07;05;1011,37057644769;05
3255237;1;3;1;80;1;2; ; ; ; ; ;2; ;2; ;.; ; ;1;07;05;874,814728799729;05
3255241;1;4;1;80;1;1;2;9;EMBARAZO;2; ;2; ; ; ; ;9;2;1;07;05;952,062225593518;05
3255241;1;7;1;80;1;2; ; ; ; ; ;2; ;2; ;.; ; ;1;07;05;952,062225593518;05
3255242;1;4;1;80;1;2; ; ; ;2; ;2; ;2; ;.; ; ;1;07;05;941,803139491643;05
3255245;1;5;1;80;1;2; ; ; ; ; ;2; ;2; ;.; ; ;1;07;05;650,771369322108;05
3255246;1;4;1;80;1;2; ; ; ;2; ;2; ;2; ;.; ; ;1;07;05;625,651686542364;05
3255247;1;2;1;80;1;1;4;4; ;2; ;2; ; ; ; ;9;2;1;07;05;1135,41235490411;05
3255247;1;4;1;80;1;2; ; ; ;2; ;2; ;1;4; ;2; ;1;07;05;1135,41235490411;05
3255248;1;3;1;80;1;2; ; ; ;2; ;2; ;2; ;.; ; ;1;07;05;969,056877387624;05
3255248;1;4;1;80;1;2; ; ; ; ; ;2; ;2; ;.; ; ;1;07;05;969,056877387624;05
3255249;1;4;1;80;1;1;1;4; ;2; ;2; ; ; ; ;7;2;1;07;05;853,166550444256;05
3255250;1;3;1;80;1;2; ; ; ;2; ;2; ;2; ;.; ; ;1;07;05;1117,96539318738;05
3255252;1;5;1;80;1;1;1;7; ;2; ;1;20000; ; ; ;2;2;1;07;05;1091,34602398084;05
3255256;1;1;1;80;1;1;4;5; ;3; ;2; ; ; ; ;10;2;1;07;05;643,389892021378;05
3255256;1;3;1;80;1;2; ; ; ;2; ;2; ;2; ;.; ; ;1;07;05;643,389892021378;05
3255258;1;3;1;80;1;2; ; ; ; ; ;2; ;2; ;.; ; ;1;07;05;1136,395012555;05
3255260;1;2;1;80;1;1;4;3; ;2; ;2; ; ; ; ;9;2;1;07;05;1190,5593634198;05
3255260;1;5;1;80;1;2; ; ; ; ; ;2; ;2; ;.; ; ;1;07;05;1190,5593634198;05
3255263;1;2;1;80;1;2; ; ; ;2; ;2; ;2; ;.; ; ;1;07;05;997,516737700493;05
3255264;1;1;1;80;1;1;4;9;POR DESPLASAMIENTO;2; ;2; ; ; ; ;9;2;1;07;27;75,4094448149565;27
3255264;1;2;1;80;1;1;2;8; ;2; ;2; ; ; ; ;3;2;1;07;27;75,4094448149565;27
3255265;1;1;1;80;1;2; ; ; ; ; ;2; ;2; ;.; ; ;1;07;27;104,964552973615;27
3255266;1;1;1;80;1;1;2;2; ;2; ;2; ; ; ; ;2;2;1;07;27;20,9929105947231;27
3255267;1;2;1;80;1;1;4;8; ;2; ;2; ; ;1; ;5;1;1;07;27;20,9929105947231;27
3255270;1;1;1;80;1;1;2;8; ;2; ;2; ; ; ; ;1;2;1;07;27;20,9929105947231;27
3255270;1;5;1;80;1;2; ; ; ;2; ;2; ;1;2; ;2; ;1;07;27;20,9929105947231;27
3255270;1;6;1;80;1;2; ; ; ; ; ;2; ;2; ;.; ; ;1;07;27;20,9929105947231;27
3255271;1;1;1;80;1;1;4;8; ;2; ;2; ; ;3; ;9;1;1;07;27;104,964552973615;27
3255271;1;3;1;80;1;2; ; ; ; ; ;2; ;2; ;.; ; ;1;07;27;104,964552973615;27
3255273;1;3;1;80;1;1;1;2; ;2; ;2; ; ; ; ;2;2;1;07;27;20,9929105947231;27
3255274;1;1;1;80;1;1;4;4; ;2; ;2; ; ; ; ;4;2;1;07;27;20,9929105947231;27
3255274;1;3;1;80;1;2; ; ; ;2; ;2; ;1;4; ;4; ;1;07;27;20,9929105947231;27
3255275;1;4;1;80;1;2; ; ; ; ; ;2; ;2; ;.; ; ;1;07;27;20,9929105947231;27
3255275;1;5;1;80;1;2; ; ; ; ; ;2; ;2; ;.; ; ;1;07;27;20,9929105947231;27
3255276;1;3;1;80;1;2; ; ; ;2; ;2; ;2; ;.; ; ;1;07;27;20,9929105947231;27
3255276;1;4;1;80;1;2; ; ; ; ; ;2; ;2; ;.; ; ;1;07;27;20,9929105947231;27
3255277;1;6;1;80;1;2; ; ; ; ; ;2; ;2; ;.; ; ;1;07;27;20,9929105947231;27
3255278;1;1;1;80;1;1;4;4; ;2; ;2; ; ; ; ;8;2;1;07;27;20,9929105947231;27
3255279;1;1;1;80;1;1;1;5; ;2; ;2; ; ; ; ;10;2;1;07;27;20,9929105947231;27
3255279;1;2;1;80;1;1;4;1; ;2; ;2; ; ; ; ;9;2;1;07;27;20,9929105947231;27
3255279;1;5;1;80;1;1;4;4; ;2; ;2; ; ; ; ;4;2;1;07;27;20,9929105947231;27
3255279;1;6;1;80;1;2; ; ; ;2; ;2; ;2; ;.; ; ;1;07;27;20,9929105947231;27
3255281;1;1;1;80;1;1;3;4; ;2; ;2; ; ; ; ;4;2;1;07;27;104,964552973615;27
3255281;1;4;1;80;1;2; ; ; ;2; ;2; ;1;4; ;4; ;1;07;27;104,964552973615;27
3255282;1;2;1;80;1;1;1;3; ;2; ;2; ; ; ; ;9;2;1;07;27;20,9929105947231;27
3255282;1;3;1;80;1;2; ; ; ;2; ;2; ;2; ;.; ; ;1;07;27;20,9929105947231;27
3255283;1;1;1;80;1;1;4;6; ;2; ;2; ; ; ; ;1;2;1;07;27;104,964552973615;27
3255283;1;2;1;80;1;1;4;5; ;3; ;2; ; ; ; ;10;2;1;07;27;104,964552973615;27
3255284;1;3;1;80;1;1;2;8; ;2; ;2; ; ;2; ;1;1;1;07;27;20,9929105947231;27
3255285;1;3;1;80;1;2; ; ; ; ; ;2; ;2; ;.; ; ;1;07;27;20,9929105947231;27
3255293;1;1;1;80;1;1;3;5; ;3; ;2; ; ; ; ;10;2;1;07;27;20,9929105947231;27
3255293;1;2;1;80;1;1;2;3; ;2; ;2; ; ; ; ;9;2;1;07;27;20,9929105947231;27
3255295;1;3;1;80;1;2; ; ; ;2; ;2; ;2; ;.; ; ;1;07;27;20,9929105947231;27
3255296;1;1;1;80;1;2; ; ; ;2; ;2; ;2; ;.; ; ;1;07;27;20,9929105947231;27
3255296;1;2;1;80;1;1;3;2; ;2; ;2; ; ; ; ;2;2;1;07;27;20,9929105947231;27
3255297;1;4;1;80;1;2; ; ; ; ; ;2; ;2; ;.; ; ;1;07;27;20,9929105947231;27
3255297;2;2;2;80;1;2; ; ; ;2; ;2; ;2; ;.; ; ;1;07;27;20,9929105947231;27
3255298;1;3;1;80;1;1;2;3; ;2; ;2; ; ; ; ;9;2;1;07;27;20,9929105947231;27
3255301;1;4;1;80;1;2; ; ; ; ; ;2; ;2; ;.; ; ;1;07;27;104,964552973615;27
3255302;1;1;1;80;1;1;4;5; ;3; ;2; ; ;1; ;8;1;1;07;27;104,964552973615;27
3255302;1;2;1;80;1;1;1;8; ;2; ;2; ; ; ; ;2;2;1;07;27;104,964552973615;27
3255303;1;3;1;80;1;2; ; ; ;2; ;2; ;2; ;.; ; ;1;07;27;20,9929105947231;27
3255303;1;4;1;80;1;2; ; ; ; ; ;2; ;2; ;.; ; ;1;07;27;20,9929105947231;27
3255304;1;4;1;80;1;1;4;3; ;2; ;2; ; ; ; ;9;2;1;07;27;20,9929105947231;27
3255305;1;1;1;80;1;1;2;4; ;2; ;2; ; ; ; ;4;2;1;07;27;104,964552973615;27
3255305;1;2;1;80;1;2; ; ; ; ; ;2; ;2; ;.; ; ;1;07;27;104,964552973615;27
3255310;1;1;1;80;1;2; ; ; ;2; ;2; ;2; ;.; ; ;1;07;27;20,9929105947231;27
3255311;1;5;1;80;1;2; ; ; ;2; ;2; ;2; ;.; ; ;1;07;27;20,9929105947231;27
3255313;1;4;1;80;1;2; ; ; ;2; ;2; ;2; ;.; ; ;1;07;27;20,9929105947231;27
3255323;1;2;1;80;1;1;3;5; ;3; ;2; ; ; ; ;10;2;1;07;27;20,9929105947231;27
3255323;1;3;1;80;1;2; ; ; ;2; ;2; ;2; ;.; ; ;1;07;27;20,9929105947231;27
3255323;1;4;1;80;1;2; ; ; ;2; ;2; ;2; ;.; ; ;1;07;27;20,9929105947231;27
3255324;1;2;1;80;1;2; ; ; ;2; ;2; ;2; ;.; ; ;1;07;27;20,9929105947231;27
3255324;1;3;1;80;1;2; ; ; ;2; ;2; ;2; ;.; ; ;1;07;27;20,9929105947231;27
3255324;1;4;1;80;1;2; ; ; ;2; ;2; ;2; ;.; ; ;1;07;27;20,9929105947231;27
3255324;2;2;2;80;1;2; ; ; ;2; ;2; ;2; ;.; ; ;1;07;27;20,9929105947231;27
3255327;1;1;1;80;1;1;1;4; ;2; ;2; ; ; ; ;4;2;1;07;27;20,9929105947231;27
3255327;1;4;1;80;1;1;1;2; ;2; ;2; ; ;1;ESTABUSCANDO TRABAJO;12;1;1;07;27;20,9929105947231;27
3255327;1;6;1;80;1;1;2;8; ;2; ;2; ; ; ; ;2;2;1;07;27;20,9929105947231;27
3255328;1;3;1;80;1;2; ; ; ; ; ;2; ;2; ;.; ; ;1;07;27;20,9929105947231;27
3255328;1;6;1;80;1;1;4;4; ;2; ;2; ; ; ; ;4;2;1;07;27;20,9929105947231;27
3255329;1;2;1;80;1;1;1;7; ;2; ;2; ; ; ; ;4;2;1;07;27;20,9929105947231;27
3255329;1;5;1;80;1;2; ; ; ;2; ;2; ;2; ;.; ; ;1;07;27;20,9929105947231;27
3255331;1;5;1;80;1;2; ; ; ;2; ;2; ;2; ;.; ; ;1;07;27;20,9929105947231;27
3255331;1;6;1;80;1;2; ; ; ;2; ;2; ;2; ;.; ; ;1;07;27;20,9929105947231;27
3255331;1;7;1;80;1;2; ; ; ; ; ;2; ;2; ;.; ; ;1;07;27;20,9929105947231;27
3255336;1;1;1;80;1;2; ; ; ;2; ;2; ;1;1; ;6; ;1;07;27;20,9929105947231;27
3255337;1;1;1;80;1;1;4;5; ;3; ;2; ; ; ; ;11;2;1;07;27;20,9929105947231;27
3255339;1;2;1;80;1;2; ; ; ;2; ;2; ;2; ;.; ; ;1;07;27;20,9929105947231;27
3255339;1;3;1;80;1;2; ; ; ;2; ;2; ;2; ;.; ; ;1;07;27;20,9929105947231;27
3255339;1;4;1;80;1;2; ; ; ;2; ;2; ;2; ;.; ; ;1;07;27;20,9929105947231;27
3255340;1;1;1;80;1;1;1;3; ;2; ;2; ; ; ; ;1;2;1;07;27;20,9929105947231;27
3255341;1;3;1;80;1;2; ; ; ; ; ;2; ;2; ;.; ; ;1;07;27;104,964552973615;27
3255342;1;1;1;80;1;1;1;8; ;2; ;2; ; ; ; ;2;2;1;07;27;20,9929105947231;27
3255345;1;1;1;80;1;1;4;5; ;3; ;2; ; ; ; ;4;2;1;07;27;73,8241046745462;27
3255345;1;2;1;80;1;1;4;5; ;3; ;2; ; ; ; ;10;2;1;07;27;73,8241046745462;27
3255346;1;2;1;80;1;2; ; ; ;2; ;2; ;2; ;.; ; ;1;07;27;20,9929105947231;27
3255351;1;2;1;80;1;2; ; ; ; ; ;2; ;2; ;.; ; ;1;07;27;20,9929105947231;27
3255351;1;3;1;80;1;2; ; ; ; ; ;2; ;2; ;.; ; ;1;07;27;20,9929105947231;27
3255352;1;1;1;80;1;1;4;8; ;2; ;2; ; ; ; ;9;2;1;07;27;97,8152539539411;27
3255352;1;2;1;80;1;1;4;5; ;3; ;2; ; ; ; ;10;2;1;07;27;97,8152539539411;27
3255355;1;1;1;80;1;1;4;3; ;2; ;2; ; ; ; ;9;2;1;07;27;20,9929105947231;27
3255356;1;1;1;80;1;1;1;3; ;1;1;2; ; ; ; ;9;2;1;07;27;20,9929105947231;27
3255357;1;3;1;80;1;2; ; ; ; ; ;2; ;2; ;.; ; ;1;07;27;41,9858211894461;27
3255358;1;2;1;80;1;2; ; ; ; ; ;2; ;2; ;.; ; ;1;07;27;41,9858211894461;27
3255361;1;1;1;80;1;1;1;4; ;2; ;2; ; ; ; ;4;2;1;07;27;209,929105947231;27
3255365;1;2;1;80;1;1;2;3; ;2; ;2; ; ; ; ;9;2;1;07;27;20,9929105947231;27
3255366;1;1;1;80;1;1;4;1; ;2; ;2; ; ; ; ;8;2;1;07;27;20,9929105947231;27
3255367;1;3;1;80;1;2; ; ; ;2; ;2; ;2; ;.; ; ;1;07;27;20,9929105947231;27
3255368;1;1;1;80;1;1;3;2; ;2; ;2; ; ; ; ;2;2;1;07;27;20,9929105947231;27
3255369;1;3;1;80;1;2; ; ; ;2; ;2; ;2; ;.; ; ;1;07;27;20,9929105947231;27
3255370;1;5;1;80;1;2; ; ; ; ; ;2; ;2; ;.; ; ;1;07;27;20,9929105947231;27
3255371;1;1;1;80;1;1;1;8; ;2; ;2; ; ; ; ;9;2;1;07;27;20,9929105947231;27
3255371;1;3;1;80;1;2; ; ; ;2; ;2; ;2; ;.; ; ;1;07;27;20,9929105947231;27
3255371;1;7;1;80;1;2; ; ; ;2; ;2; ;2; ;.; ; ;1;07;27;20,9929105947231;27
3255374;1;3;1;80;1;2; ; ; ;2; ;2; ;2; ;.; ; ;1;07;27;20,9929105947231;27
3255375;1;1;1;80;1;1;1;8; ;2; ;2; ; ; ; ;1;2;1;07;27;20,9929105947231;27
3255383;1;2;1;80;1;2; ; ; ;2; ;2; ;2; ;.; ; ;1;07;27;41,9858211894461;27
3255383;1;3;1;80;1;2; ; ; ;2; ;2; ;2; ;.; ; ;1;07;27;41,9858211894461;27
3255383;1;4;1;80;1;2; ; ; ; ; ;2; ;2; ;.; ; ;1;07;27;41,9858211894461;27
3255384;1;1;1;80;1;1;3;8; ;2; ;2; ; ; ; ;9;2;1;07;27;41,9858211894461;27
3255384;1;2;1;80;1;2; ; ; ;2; ;2; ;2; ;.; ; ;1;07;27;41,9858211894461;27
3255385;1;1;1;80;1;1;4;8; ;2; ;2; ; ; ; ;9;2;1;07;27;209,929105947231;27
3255385;1;5;1;80;1;2; ; ; ;2; ;2; ;2; ;.; ; ;1;07;27;209,929105947231;27
3255386;1;2;1;80;1;1;4;4; ;2; ;2; ; ; ; ;4;2;1;07;27;73,8241046745462;27
3255387;1;1;1;80;1;1;1;4; ;2; ;2; ; ; ; ;9;2;1;07;27;104,964552973615;27
3255387;1;2;1;80;1;2; ; ; ;2; ;2; ;2; ;.; ; ;1;07;27;104,964552973615;27
3255387;1;3;1;80;1;2; ; ; ;2; ;2; ;2; ;.; ; ;1;07;27;104,964552973615;27
3255389;1;2;1;80;1;1;4;8; ;2; ;2; ; ; ; ;9;2;1;07;27;65,9769704688411;27
3255390;1;2;1;80;1;1;1;3; ;2; ;2; ; ; ; ;9;2;1;07;27;20,9929105947231;27
3255391;1;2;1;80;1;1;2;8; ;2; ;2; ; ; ; ;9;2;1;07;27;104,964552973615;27
3255392;1;2;1;80;1;2; ; ; ;2; ;2; ;2; ;.; ; ;1;07;27;104,964552973615;27
3255392;1;3;1;80;1;2; ; ; ; ; ;2; ;2; ;.; ; ;1;07;27;104,964552973615;27
3255392;1;4;1;80;1;2; ; ; ; ; ;2; ;2; ;.; ; ;1;07;27;104,964552973615;27
3255392;1;8;1;80;1;2; ; ; ;2; ;2; ;2; ;.; ; ;1;07;27;104,964552973615;27
3255393;1;2;1;80;1;1;2;8; ;2; ;2; ; ; ; ;9;2;1;07;27;65,9769704688411;27
3255396;1;3;1;80;1;2; ; ; ;2; ;2; ;2; ;.; ; ;1;07;27;20,9929105947231;27
3255399;1;1;1;80;1;1;4;4; ;2; ;2; ; ; ; ;4;2;1;07;27;20,9929105947231;27
3255399;1;2;1;80;1;1;3;8; ;2; ;2; ; ; ; ;9;2;1;07;27;20,9929105947231;27
3255399;1;3;1;80;1;2; ; ; ;2; ;2; ;2; ;.; ; ;1;07;27;20,9929105947231;27
3255417;1;1;1;80;1;1;2;2; ;2; ;2; ; ; ; ;2;2;1;07;41;132,454609590345;41
3255471;1;2;1;80;1;1;4;8; ;2; ;2; ; ; ; ;9;2;1;07;17;160,484238224528;17
3255475;1;3;1;80;1;2; ; ; ; ; ;2; ;2; ;.; ; ;1;07;17;338,687338182849;17
3255475;1;4;1;80;1;2; ; ; ; ; ;2; ;2; ;.; ; ;1;07;17;338,687338182849;17
3255476;1;1;1;80;1;1;4;8; ;2; ;2; ; ; ; ;8;2;1;07;17;146,225632521477;17
3255479;1;2;1;80;1;1;4;3; ;2; ;2; ; ; ; ;9;2;1;07;17;268,048215061128;17
3255480;1;2;1;80;1;2; ; ; ;2; ;2; ;2; ;.; ; ;1;07;17;172,272276536852;17
3255481;1;2;1;80;1;1;4;3; ;2; ;2; ; ; ; ;9;2;1;07;17;219,215314763525;17
3255481;1;3;1;80;1;2; ; ; ; ; ;2; ;2; ;.; ; ;1;07;17;219,215314763525;17
3255482;1;2;1;80;1;2; ; ; ;2; ;2; ;2; ;.; ; ;1;07;17;343,343102405787;17
3255485;1;1;1;80;1;1;4;5; ;3; ;2; ; ; ; ;10;2;1;07;17;270,834964345391;17
3255485;1;2;1;80;1;2; ; ; ;2; ;2; ;2; ;.; ; ;1;07;17;270,834964345391;17
3255485;1;6;1;80;1;2; ; ; ; ; ;2; ;2; ;.; ; ;1;07;17;270,834964345391;17
3255485;1;9;1;80;1;2; ; ; ; ; ;2; ;2; ;.; ; ;1;07;17;270,834964345391;17
3255486;1;3;1;80;1;1;2;1; ;2; ;2; ; ;1; ;1;1;1;07;17;124,71295642533;17
3255487;1;1;1;80;1;1;4;9;POR QUE  LES TOCO DESPLAZARSE POR LA GUERRILLA;2; ;2; ; ; ; ;8;2;1;07;17;174,709742858385;17
3255487;1;2;1;80;1;1;4;4; ;2; ;2; ; ; ; ;4;2;1;07;17;174,709742858385;17
3255489;1;1;1;80;1;2; ; ; ;2; ;2; ;2; ;.; ; ;1;07;17;160,451137155335;17
3255491;1;1;1;80;1;1;4;4; ;2; ;2; ; ; ; ;4;2;1;07;17;148,05417686735;17
3255491;1;2;1;80;1;1;4;5; ;3; ;2; ; ; ; ;10;2;1;07;17;148,05417686735;17
3255491;1;3;1;80;1;2; ; ; ;2; ;2; ;2; ;.; ; ;1;07;17;148,05417686735;17
3255492;1;1;1;80;1;1;4;4; ;2; ;2; ; ;4; ;4;1;1;07;17;160,451137155335;17
3255497;1;2;1;80;1;2; ; ; ;2; ;2; ;2; ;.; ; ;1;07;17;221,043859109398;17
3255497;1;4;1;80;1;2; ; ; ; ; ;2; ;2; ;.; ; ;1;07;17;221,043859109398;17
3255500;1;4;1;80;1;1;3;8; ;2; ;2; ; ; ; ;2;2;1;07;17;169,478343523109;17
3255501;1;2;1;80;1;1;4;3; ;2; ;2; ; ; ; ;9;2;1;07;18;72,6754361648265;18
3255502;1;1;1;80;1;1;1;9;CAMBIO  DE DOMICILIO;2; ;2; ; ; ; ;1;2;1;07;18;54,3777473057136;18
3255503;1;2;1;80;1;2; ; ; ;2; ;2; ;2; ;.; ; ;1;07;18;61,6695843035342;18
3255503;1;3;1;80;1;2; ; ; ; ; ;2; ;2; ;.; ; ;1;07;18;61,6695843035342;18
3255503;1;4;1;80;1;2; ; ; ; ; ;2; ;2; ;.; ; ;1;07;18;61,6695843035342;18
3255504;1;1;1;80;1;2; ; ; ;2; ;2; ;2; ;.; ; ;1;07;18;70,1627810449397;18
3255505;1;2;1;80;1;2; ; ; ;2; ;2; ;2; ;.; ; ;1;07;18;65,5151401168933;18
3255506;1;2;1;80;1;1;4;5; ;3; ;2; ; ; ; ;10;2;1;07;18;68,5009975497008;18
3255507;1;2;1;80;1;2; ; ; ;2; ;2; ;2; ;.; ; ;1;07;18;79,9878062511977;18
3255508;1;1;1;80;1;1;4;4; ;2; ;2; ; ; ; ;8;2;1;07;18;51,706734052899;18
3255508;1;2;1;80;1;2; ; ; ;2; ;2; ;2; ;.; ; ;1;07;18;51,706734052899;18
3255509;1;2;1;80;1;2; ; ; ;2; ;2; ;2; ;.; ; ;1;07;18;77,9349806938559;18
3255511;1;3;1;80;1;2; ; ; ; ; ;2; ;2; ;.; ; ;1;07;18;52,9059287697572;18
3255512;1;1;1;80;1;1;1;3; ;2; ;2; ; ; ; ;9;2;1;07;18;113,204160474615;18
3255512;1;7;1;80;1;1;2;3; ;2; ;2; ; ; ; ;9;2;1;07;18;113,204160474615;18
3255514;1;3;1;80;1;2; ; ; ; ; ;2; ;2; ;.; ; ;1;07;18;56,3006655692616;18
3255515;1;1;1;80;1;1;4;4; ;2; ;2; ; ; ; ;8;2;1;07;18;68,5009975497008;18
3255515;1;2;1;80;1;2; ; ; ;2; ;2; ;2; ;.; ; ;1;07;18;68,5009975497008;18
3255517;1;3;1;80;1;2; ; ; ;2; ;2; ;2; ;.; ; ;1;07;18;66,0440072233734;18
3255517;1;4;1;80;1;2; ; ; ; ; ;2; ;2; ;.; ; ;1;07;18;66,0440072233734;18
3255518;1;1;1;80;1;1;1;3; ;2; ;2; ; ; ; ;9;2;1;07;18;91,2060063708385;18
3255519;1;4;1;80;1;1;4;4; ;2; ;2; ; ; ; ;8;2;1;07;18;65,3567819839656;18
3255522;1;1;1;80;1;1;4;5; ;3; ;2; ; ; ; ;8;2;1;07;41;138,861548010448;41
3255523;1;1;1;80;1;1;2;4; ;2; ;2; ; ; ; ;4;2;1;07;15;84,7117263411135;15
3255525;1;1;1;80;1;2; ; ; ;3; ;2; ;1;4; ;10; ;1;07;15;85,8048096650625;15
3255525;1;3;1;80;1;2; ; ; ;2; ;2; ;2; ;.; ; ;1;07;15;85,8048096650625;15
3255525;1;5;1;80;1;2; ; ; ;2; ;2; ;2; ;.; ; ;1;07;15;85,8048096650625;15
3255525;1;6;1;80;1;2; ; ; ;2; ;2; ;2; ;.; ; ;1;07;15;85,8048096650625;15
3255525;1;7;1;80;1;2; ; ; ;2; ;2; ;2; ;.; ; ;1;07;15;85,8048096650625;15
3255527;1;3;1;80;1;2; ; ; ; ; ;2; ;2; ;.; ; ;1;07;15;95,9445883866943;15
3255531;1;1;1;80;1;1;4;5; ;3; ;2; ; ; ; ;10;2;1;07;15;61,1735808567132;15
3255531;1;2;1;80;1;1;4;5; ;3; ;2; ; ; ; ;10;2;1;07;15;61,1735808567132;15
3255531;1;3;1;80;1;2; ; ; ;2; ;2; ;2; ;.; ; ;1;07;15;61,1735808567132;15
3255532;1;2;1;80;1;1;2;2; ;2; ;2; ; ; ; ;2;2;1;07;15;112,547109861746;15
3255533;1;3;1;80;1;2; ; ; ;2; ;2; ;2; ;.; ; ;1;07;15;73,9332699600876;15
3255533;1;5;1;80;1;2; ; ; ; ; ;2; ;2; ;.; ; ;1;07;15;73,9332699600876;15
3255534;1;1;1;80;1;1;4;5; ;3; ;2; ; ; ; ;10;2;1;07;47;169,462666697692;47
3255537;1;2;1;80;1;1;4;7; ;3; ;2; ; ; ; ;10;2;1;07;47;87,4483495145594;47
3255540;1;1;1;80;1;1;4;9;NO QUISO TRABAJAR MAS;2; ;2; ; ; ; ;9;2;1;07;47;201,813924496297;47
3255541;1;1;1;80;1;1;4;8; ;2; ;2; ; ; ; ;8;2;1;07;47;87,4483495145594;47
3255546;1;3;1;80;1;2; ; ; ;2; ;2; ;2; ;.; ; ;1;07;47;189,852656968244;47
3255547;1;1;1;80;1;1;4;4; ;3; ;2; ; ; ; ;10;2;1;07;47;155,570676145963;47
3255547;1;2;1;80;1;2; ; ; ;2; ;2; ;2; ;.; ; ;1;07;47;155,570676145963;47
3255551;1;2;1;80;1;2; ; ; ;2; ;2; ;2; ;.; ; ;1;07;20;139,193799270693;20
3255551;1;3;1;80;1;2; ; ; ; ; ;2; ;2; ;.; ; ;1;07;20;139,193799270693;20
3255552;1;2;1;80;1;2; ; ; ;2; ;2; ;2; ;.; ; ;1;07;20;81,0266519715682;20
3255552;1;3;1;80;1;2; ; ; ; ; ;2; ;2; ;.; ; ;1;07;20;81,0266519715682;20
3255553;1;2;1;80;1;2; ; ; ;2; ;2; ;2; ;.; ; ;1;07;47;121,35091564341;47
3255554;1;1;1;80;1;1;4;3; ;2; ;2; ; ; ; ;9;2;1;07;47;101,289406186353;47
3255555;1;1;1;80;1;1;4;5; ;2; ;2; ; ; ; ;8;2;1;07;47;142,725122950981;47
3255555;1;3;1;80;1;2; ; ; ; ; ;2; ;2; ;.; ; ;1;07;47;142,725122950981;47
3255557;1;2;1;80;1;2; ; ; ;2; ;2; ;2; ;.; ; ;1;07;47;221,189535538279;47
3255558;1;3;1;80;1;2; ; ; ;2; ;2; ;2; ;.; ; ;1;07;20;126,868447343836;20
3255559;1;3;1;80;1;2; ; ; ;2; ;2; ;2; ;.; ; ;1;07;20;164,218270693666;20
3255559;1;4;1;80;1;2; ; ; ; ; ;2; ;2; ;.; ; ;1;07;20;164,218270693666;20
3255561;1;3;1;80;1;2; ; ; ;2; ;2; ;2; ;.; ; ;1;07;20;142,198397492977;20
3255561;1;4;1;80;1;2; ; ; ;3; ;2; ;2; ;.; ; ;1;07;20;142,198397492977;20
3255562;1;1;1;80;1;1;3;4; ;2; ;2; ; ; ; ;4;2;1;07;47;208,62982724157;47
3255562;1;2;1;80;1;1;4;7; ;2; ;2; ; ; ; ;9;2;1;07;47;208,62982724157;47
3255562;1;6;1;80;1;1;4;3; ;2; ;2; ; ; ; ;9;2;1;07;47;208,62982724157;47
3255564;1;2;1;80;1;1;1;3; ;2; ;2; ; ; ; ;9;2;1;07;47;129,550014456363;47
3255564;1;4;1;80;1;1;1;6; ;2; ;2; ; ; ; ;8;2;1;07;47;129,550014456363;47
3255566;1;2;1;80;1;2; ; ; ;2; ;2; ;2; ;.; ; ;1;07;47;132,574193380892;47
3255566;1;4;1;80;1;2; ; ; ;2; ;2; ;2; ;.; ; ;1;07;47;132,574193380892;47
3255567;1;1;1;80;1;1;2;3; ;2; ;2; ; ; ; ;9;2;1;07;20;74,8916979242632;20
3255567;1;2;1;80;1;1;4;4; ;2; ;2; ; ; ; ;4;2;1;07;20;74,8916979242632;20
3255567;1;3;1;80;1;2; ; ; ;2; ;2; ;2; ;.; ; ;1;07;20;74,8916979242632;20
3255568;1;1;1;80;1;1;3;4; ;2; ;2; ; ; ; ;4;2;1;07;20;96,5094228508802;20
3255569;1;2;1;80;1;2; ; ; ;2; ;2; ;2; ;.; ; ;1;07;20;81,0266519715682;20
3255569;1;3;1;80;1;2; ; ; ;2; ;2; ;2; ;.; ; ;1;07;20;81,0266519715682;20
3255570;1;1;1;80;1;1;3;4; ;2; ;2; ; ; ; ;4;2;1;07;20;179,146072568734;20
3255571;1;2;1;80;1;1;1;9;TERMINACION DE CONTRATO;2; ;1;955000; ; ;ESTA ESPERANDO QUE LA LLAMEN;12;2;1;07;20;106,051123394541;20
3255571;1;3;1;80;1;2; ; ; ; ; ;2; ;2; ;.; ; ;1;07;20;106,051123394541;20
3255571;1;4;1;80;1;2; ; ; ; ; ;2; ;2; ;.; ; ;1;07;20;106,051123394541;20
3255572;1;4;1;80;1;1;1;3; ;2; ;2; ; ; ; ;9;2;1;07;66;341,613242885923;66
3255573;1;1;1;80;1;1;4;5; ;3; ;2; ; ; ; ;6;2;1;07;66;269,488146504056;66
3255574;1;1;1;80;1;1;4;9;YA NO QUERIA SEGUIR LABORANDO;3; ;2; ; ; ; ;11;2;1;07;66;175,918631744843;66
3255574;1;2;1;80;1;2; ; ; ;2; ;2; ;2; ;.; ; ;1;07;66;175,918631744843;66
3255574;1;3;1;80;1;1;4;5; ;2; ;2; ; ; ; ;10;2;1;07;66;175,918631744843;66
3255574;1;4;1;80;1;1;4;5; ;3; ;2; ; ; ; ;10;2;1;07;66;175,918631744843;66
3255575;1;1;1;80;1;1;4;9;NO ENCONTRABA TRABAJO;3; ;2; ; ;4; ;8;1;1;07;66;236,870318317413;66
3255575;1;2;1;80;1;2; ; ; ;2; ;2; ;2; ;.; ; ;1;07;66;236,870318317413;66
3255577;1;2;1;80;1;2; ; ; ;2; ;2; ;2; ;.; ; ;1;07;66;390,412160061637;66
3255577;1;4;1;80;1;2; ; ; ;2; ;2; ;2; ;.; ; ;1;07;66;390,412160061637;66
3255577;1;5;1;80;1;2; ; ; ;2; ;2; ;2; ;.; ; ;1;07;66;390,412160061637;66
3255578;1;1;1;80;1;1;4;5; ;3; ;2; ; ; ; ;10;2;1;07;66;260,38206533325;66
3255578;1;2;1;80;1;1;4;3; ;2; ;2; ; ; ; ;9;2;1;07;66;260,38206533325;66
3255583;1;1;1;80;1;1;4;8; ;2; ;2; ; ; ; ;8;2;1;07;66;241,154288118128;66
3255584;1;1;1;80;1;1;4;5; ;3; ;2; ; ; ; ;10;2;1;07;66;172,105647257671;66
3255584;1;3;1;80;1;1;2;8; ;2; ;2; ; ; ; ;1;2;1;07;66;172,105647257671;66
3255585;1;1;1;80;1;1;4;5; ;3; ;2; ; ; ; ;10;2;1;07;66;220,796896880864;66
3255585;1;2;1;80;1;2; ; ; ;2; ;2; ;2; ;.; ; ;1;07;66;220,796896880864;66
3255587;1;2;1;80;1;1;4;8; ;2; ;2; ; ; ; ;8;2;1;07;66;236,870318317413;66
3255588;1;2;1;80;1;1;4;3; ;2; ;2; ; ; ; ;9;2;1;07;66;236,870318317413;66
3255589;1;1;1;80;1;1;4;3; ;2; ;2; ; ; ; ;9;2;1;07;66;230,821850274054;66
3255589;1;2;1;80;1;1;4;4; ;2; ;2; ; ; ; ;4;2;1;07;66;230,821850274054;66
3255589;1;4;1;80;1;2; ; ; ;2; ;2; ;2; ;.; ; ;1;07;66;230,821850274054;66
3255589;1;5;1;80;1;2; ; ; ;2; ;2; ;2; ;.; ; ;1;07;66;230,821850274054;66
3255590;1;4;1;80;1;2; ; ; ;2; ;2; ;2; ;.; ; ;1;07;66;247,647827087689;66
3255592;1;1;1;80;1;1;4;5; ;3; ;2; ; ; ; ;10;2;1;07;66;269,488146504056;66
3255595;1;2;1;80;1;1;1;4; ;2; ;2; ; ; ; ;8;2;1;07;73;332,550173477443;73
3255596;1;1;1;80;1;1;4;4; ;2; ;2; ; ; ; ;4;2;1;07;73;238,780431795212;73
3255596;1;2;1;80;1;1;4;9;CAMBIO DE DOMICILIO;2; ;2; ; ; ; ;9;2;1;07;73;238,780431795212;73
3255597;1;3;1;80;1;2; ; ; ; ; ;2; ;2; ;.; ; ;1;07;73;263,073802809432;73
3255599;1;2;1;80;1;1;1;3; ;2; ;2; ; ; ; ;9;2;1;07;73;296,615719209489;73
3255601;1;2;1;80;1;1;4;5; ;3; ;2; ; ; ; ;10;2;1;07;73;274,331134046713;73
3255603;1;1;1;80;1;1;4;4; ;2; ;2; ; ; ; ;8;2;1;07;73;238,943582977742;73
3255604;1;1;1;80;1;1;1;7; ;1;4;2; ; ; ; ;4;2;1;07;73;293,581647637523;73
3255604;1;2;1;80;1;2; ; ; ;2; ;2; ;2; ;.; ; ;1;07;73;293,581647637523;73
3255605;1;1;1;80;1;2; ; ; ;2; ;2; ;2; ;.; ; ;1;07;73;313,249949758112;73
3255605;1;5;1;80;1;2; ; ; ; ; ;2; ;2; ;.; ; ;1;07;73;313,249949758112;73
3255607;1;1;1;80;1;1;4;3; ;2; ;2; ; ; ; ;8;2;1;07;73;193,958657405276;73
3255608;1;1;1;80;1;2; ; ; ;2; ;2; ;2; ;.; ; ;1;07;76;615,144351687192;76
3255608;1;2;1;80;1;2; ; ; ;2; ;2; ;2; ;.; ; ;1;07;76;615,144351687192;76
3255610;1;1;1;80;1;2; ; ; ;2; ;2; ;2; ;.; ; ;1;07;76;913,344301286777;76
3255610;1;2;1;80;1;1;1;2; ;2; ;2; ; ; ; ;2;2;1;07;76;913,344301286777;76
3255611;1;3;1;80;1;1;2;8; ;2; ;2; ; ; ; ;2;2;1;07;76;857,895523139696;76
3255613;1;1;1;80;1;1;3;7; ;2; ;2; ; ;1; ;9;1;1;07;76;1176,00095626499;76
3255613;1;3;1;80;1;2; ; ; ;2; ;2; ;2; ;.; ; ;1;07;76;1176,00095626499;76
3255615;1;2;1;80;1;1;3;2; ;2; ;2; ; ; ; ;2;2;1;07;76;958,849773813437;76
3255616;1;1;1;80;1;1;4;3; ;2; ;2; ; ; ; ;9;2;1;07;76;927,973171389111;76
3255617;1;2;1;80;1;2; ; ; ;2; ;2; ;2; ;.; ; ;1;07;76;735,923532093531;76
3255618;1;1;1;80;1;1;4;5; ;3; ;2; ; ; ; ;11;2;1;07;76;1104,23830170866;76
3255618;1;2;1;80;1;1;4;9;CAMBIO  DE   DOMIICILIO;2; ;2; ; ; ; ;9;2;1;07;76;1104,23830170866;76
3255618;1;3;1;80;1;2; ; ; ;2; ;2; ;2; ;.; ; ;1;07;76;1104,23830170866;76
3255618;1;4;1;80;1;1;2;7; ;2; ;2; ; ; ;NO  TIENE  NECESIDAD;12;2;1;07;76;1104,23830170866;76
3255619;1;1;1;80;1;1;2;4; ;1;2;2; ; ; ; ;4;2;1;07;76;963,332596363985;76
3255620;1;1;1;80;1;1;4;5; ;3; ;2; ; ; ; ;10;2;1;07;76;911,659294979858;76
3255621;1;2;1;80;1;1;4;5; ;2; ;2; ; ; ; ;10;2;1;07;76;608,895969036613;76
3255621;1;3;1;80;1;1;1;9;CAMBIO DE PAIS;2; ;2; ; ; ;CAMBIO DE PAIS;12;2;1;07;76;608,895969036613;76
3255621;1;5;1;80;1;2; ; ; ; ; ;2; ;2; ;.; ; ;1;07;76;608,895969036613;76
3255622;1;3;1;80;1;1;3;6; ;3; ;2; ; ; ; ;8;2;1;07;76;892,429876767739;76
3255623;1;1;1;80;1;1;4;5; ;3; ;2; ; ; ; ;10;2;1;07;76;629,59524343515;76
3255623;1;2;1;80;1;2; ; ; ;2; ;2; ;2; ;.; ; ;1;07;76;629,59524343515;76
3255623;1;4;1;80;1;2; ; ; ;2; ;2; ;1;1; ;7; ;1;07;76;629,59524343515;76
3255623;1;7;1;80;1;1;3;3; ;2; ;2; ; ; ; ;9;2;1;07;76;629,59524343515;76
3255633;1;1;1;80;1;1;4;4; ;2; ;2; ; ; ; ;4;2;1;07;27;20,9929105947231;27
3255633;1;2;1;80;1;1;4;4; ;2; ;2; ; ; ; ;4;2;1;07;27;20,9929105947231;27
3255633;1;4;1;80;1;2; ; ; ;2; ;2; ;1;2; ;2; ;1;07;27;20,9929105947231;27
3255636;1;2;1;80;1;2; ; ; ;2; ;2; ;2; ;.; ; ;1;07;27;20,9929105947231;27
3255636;1;3;1;80;1;2; ; ; ; ; ;2; ;2; ;.; ; ;1;07;27;20,9929105947231;27
3255636;1;4;1;80;1;2; ; ; ; ; ;2; ;2; ;.; ; ;1;07;27;20,9929105947231;27
3255638;1;1;1;80;1;1;4;3; ;2; ;2; ; ; ; ;9;2;1;07;27;20,9929105947231;27
3255639;1;1;1;80;1;1;1;1; ;2; ;1;950000; ; ;ESPERA REINTEGRACION A SU LABOR ANTERIOR;12;2;1;07;27;20,9929105947231;27
3255639;1;2;1;80;1;2; ; ; ;2; ;2; ;2; ;.; ; ;1;07;27;20,9929105947231;27
3255641;1;1;1;80;1;1;4;3; ;3; ;2; ; ; ; ;9;2;1;07;27;20,9929105947231;27
3255642;1;1;1;80;1;1;3;4; ;2; ;2; ; ; ; ;4;2;1;07;27;20,9929105947231;27
3255642;1;4;1;80;1;2; ; ; ; ; ;2; ;2; ;.; ; ;1;07;27;20,9929105947231;27
3255643;1;2;1;80;1;2; ; ; ; ; ;2; ;2; ;.; ; ;1;07;27;20,9929105947231;27
3255645;1;2;1;80;1;2; ; ; ; ; ;2; ;2; ;.; ; ;1;07;27;20,9929105947231;27
3255645;1;4;1;80;1;2; ; ; ; ; ;2; ;2; ;.; ; ;1;07;27;20,9929105947231;27
3255646;1;2;1;80;1;1;2;8; ;2; ;2; ; ; ; ;2;2;1;07;27;20,9929105947231;27
3255647;1;3;1;80;1;1;3;8; ;2; ;2; ; ; ; ;2;2;1;07;27;53,4409060887822;27
3255648;1;2;1;80;1;1;3;8; ;2; ;2; ; ; ; ;9;2;1;07;27;20,9929105947231;27
3255648;1;3;1;80;1;2; ; ; ;2; ;2; ;2; ;.; ; ;1;07;27;20,9929105947231;27
3255648;1;4;1;80;1;2; ; ; ;2; ;2; ;2; ;.; ; ;1;07;27;20,9929105947231;27
3255648;1;5;1;80;1;2; ; ; ; ; ;2; ;2; ;.; ; ;1;07;27;20,9929105947231;27
3255648;2;2;2;80;1;2; ; ; ; ; ;2; ;2; ;.; ; ;1;07;27;20,9929105947231;27
3255649;1;1;1;80;1;1;4;4; ;2; ;2; ; ; ; ;4;2;1;07;44;78,8164780509829;44
3255650;1;2;1;80;1;1;4;9;NO QUERIA TRABAJAR;2; ;2; ; ; ; ;11;2;1;07;44;69,0354379000919;44
3255651;1;2;1;80;1;2; ; ; ;2; ;2; ;2; ;.; ; ;1;07;70;129,096325282088;70
3255651;1;4;1;80;1;2; ; ; ;2; ;2; ;2; ;.; ; ;1;07;70;129,096325282088;70
3255655;1;4;1;80;1;2; ; ; ; ; ;2; ;2; ;.; ; ;1;07;70;120,98187846099;70
3255657;1;2;1;80;1;1;4;3; ;2; ;2; ; ; ; ;9;2;1;07;52;80,2883310719139;52
3255657;1;5;1;80;1;1;4;4; ;2; ;2; ; ; ; ;4;2;1;07;52;80,2883310719139;52
3255659;1;1;1;80;1;1;4;7; ;2; ;2; ; ; ; ;8;2;1;07;52;128,67140620528;52
3255663;1;2;1;80;1;1;1;9;ESTA EN EMBARAZO;2; ;2; ; ; ;ESTA EN EMBARAZO;12;2;1;07;52;144,085609514206;52
3255664;1;1;1;80;1;1;4;5; ;3; ;2; ; ; ; ;10;2;1;07;52;151,955322659555;52
3255668;1;1;1;80;1;1;4;5; ;3; ;2; ; ; ; ;4;2;1;07;52;128,67140620528;52
3255671;1;1;1;80;1;1;1;8; ;2; ;2; ; ; ; ;8;2;1;07;50;165,638788609581;50
3255673;1;2;1;80;1;2; ; ; ; ; ;2; ;2; ;.; ; ;1;07;50;142,766010335156;50
3255676;1;2;1;80;1;1;4;3; ;2; ;2; ; ; ; ;5;2;1;07;50;222,465910636197;50
3255677;1;1;1;80;1;1;2;7; ;2; ;2; ; ; ; ;9;2;1;07;50;196,676999088632;50
3255677;1;3;1;80;1;2; ; ; ; ; ;2; ;2; ;.; ; ;1;07;50;196,676999088632;50
3255680;1;1;1;80;1;1;3;4; ;2; ;2; ; ; ; ;4;2;1;07;17;146,225632521477;17
3255683;1;2;1;80;1;1;4;3; ;2; ;2; ; ; ; ;9;2;1;07;17;201,115875873824;17
3255683;1;3;1;80;1;2; ; ; ;2; ;2; ;2; ;.; ; ;1;07;17;201,115875873824;17
3255683;1;4;1;80;1;2; ; ; ;2; ;2; ;2; ;.; ; ;1;07;17;201,115875873824;17
3255684;1;2;1;80;1;2; ; ; ; ; ;2; ;2; ;.; ; ;1;07;17;186,324873179276;17
3255689;1;1;1;80;1;2; ; ; ;2; ;2; ;2; ;.; ; ;1;07;17;146,225632521477;17
3255695;1;3;1;80;1;2; ; ; ;2; ;2; ;2; ;.; ; ;1;07;17;262,284418734355;17
3255696;1;3;1;80;1;2; ; ; ; ; ;2; ;2; ;.; ; ;1;07;17;438,43062952705;17
3255698;1;1;1;80;1;1;4;4; ;2; ;2; ; ; ; ;4;2;1;07;17;264,000255775239;17
3255701;1;1;1;80;1;1;4;5; ;3; ;2; ; ; ; ;10;2;1;07;17;207,870650344616;17
3255702;1;4;1;80;1;1;2;7; ;2; ;2; ; ; ; ;8;2;1;07;17;237,518714814249;17
3255702;1;5;1;80;1;2; ; ; ;2; ;2; ;2; ;.; ; ;1;07;17;237,518714814249;17
3255703;1;1;1;80;1;1;3;4; ;2; ;2; ; ; ; ;4;2;1;07;17;320,90227431067;17
3255705;1;1;1;80;1;1;4;5; ;3; ;2; ; ; ; ;10;2;1;07;17;174,709742858385;17
3255705;1;2;1;80;1;1;4;8; ;2; ;2; ; ; ; ;9;2;1;07;17;174,709742858385;17
3255706;1;5;1;80;1;2; ; ; ; ; ;2; ;2; ;.; ; ;1;07;17;139,852914219043;17
3255708;1;2;1;80;1;2; ; ; ;2; ;2; ;2; ;.; ; ;1;07;17;352,833353389354;17
3255708;1;3;1;80;1;1;1;4; ;2; ;2; ; ; ; ;4;2;1;07;17;352,833353389354;17
3255711;1;2;1;80;1;2; ; ; ;2; ;2; ;2; ;.; ; ;1;07;15;75,8432374735427;15
3255714;1;1;1;80;1;2; ; ; ;2; ;2; ;2; ;.; ; ;1;07;15;66,2806932471781;15
3255714;1;2;1;80;1;1;2;7; ;2; ;2; ; ; ; ;2;2;1;07;15;66,2806932471781;15
3255714;1;3;1;80;1;2; ; ; ;2; ;2; ;2; ;.; ; ;1;07;15;66,2806932471781;15
3255716;1;2;1;80;1;1;2;9;POR LA EDAD;2; ;2; ; ; ; ;8;2;1;07;15;94,3786238068172;15
3255718;1;2;1;80;1;1;1;8; ;2; ;2; ; ; ; ;2;2;1;07;15;87,03696199704;15
3255720;1;1;1;80;1;1;4;8; ;2; ;2; ; ; ; ;8;2;1;07;15;81,2749317698648;15
3255720;1;2;1;80;1;1;4;8; ;2; ;2; ; ; ; ;8;2;1;07;15;81,2749317698648;15
3255720;1;4;1;80;1;2; ; ; ;2; ;2; ;2; ;.; ; ;1;07;15;81,2749317698648;15
3255720;1;5;1;80;1;2; ; ; ;2; ;2; ;2; ;.; ; ;1;07;15;81,2749317698648;15
3255721;1;3;1;80;1;2; ; ; ; ; ;2; ;2; ;.; ; ;1;07;15;98,5255771241409;15
3255722;1;1;1;80;1;1;1;7; ;2; ;2; ; ; ; ;8;2;1;07;15;74,588187796798;15
3255725;1;1;1;80;1;1;4;4; ;2; ;2; ; ;1; ;1;1;1;07;15;94,3786238068172;15
3255726;1;1;1;80;1;1;4;4; ;2; ;2; ; ; ; ;4;2;1;07;15;74,2478759687656;15
3255726;1;3;1;80;1;2; ; ; ; ; ;2; ;2; ;.; ; ;1;07;15;74,2478759687656;15
3255726;1;6;1;80;1;2; ; ; ;2; ;2; ;2; ;.; ; ;1;07;15;74,2478759687656;15
3255729;1;1;1;80;1;1;4;5; ;3; ;2; ; ;4; ;11;1;1;07;41;156,815227388464;41
3255729;1;2;1;80;1;2; ; ; ;2; ;2; ;2; ;.; ; ;1;07;41;156,815227388464;41
3255731;1;3;1;80;1;2; ; ; ; ; ;2; ;2; ;.; ; ;1;07;41;103,972276889434;41
3255732;1;2;1;80;1;1;3;3; ;2; ;2; ; ; ; ;9;2;1;07;41;141,688338451094;41
3255732;1;4;1;80;1;2; ; ; ; ; ;2; ;2; ;.; ; ;1;07;41;141,688338451094;41
3255733;1;1;1;80;1;1;4;3; ;2; ;2; ; ; ; ;9;2;1;07;41;158,617350411639;41
3255733;1;3;1;80;1;2; ; ; ;2; ;2; ;2; ;.; ; ;1;07;41;158,617350411639;41
3255734;1;3;1;80;1;2; ; ; ; ; ;2; ;2; ;.; ; ;1;07;41;158,67365715192;41
3255735;1;2;1;80;1;1;3;6; ;2; ;2; ; ; ; ;2;2;1;07;73;259,408582799971;73
3255736;1;2;1;80;1;1;1;9;CAMBIO DE DOMICILIO;2; ;2; ; ;1; ;9;1;1;07;73;281,663254785857;73
3255737;1;3;1;80;1;2; ; ; ; ; ;2; ;2; ;.; ; ;1;07;73;241,175918228804;73
3255738;1;2;1;80;1;1;4;3; ;2; ;2; ; ; ; ;9;2;1;07;73;296,61200085905;73
3255738;1;3;1;80;1;2; ; ; ;2; ;2; ;2; ;.; ; ;1;07;73;296,61200085905;73
3255738;1;4;1;80;1;2; ; ; ;2; ;2; ;2; ;.; ; ;1;07;73;296,61200085905;73
3255741;1;2;1;80;1;1;3;8; ;2; ;2; ; ; ; ;2;2;1;07;73;274,714116278422;73
3255741;1;4;1;80;1;2; ; ; ;2; ;2; ;2; ;.; ; ;1;07;73;274,714116278422;73
3255742;1;3;1;80;1;2; ; ; ;2; ;2; ;2; ;.; ; ;1;07;73;331,011616085266;73
3255746;1;3;1;80;1;2; ; ; ; ; ;2; ;2; ;.; ; ;1;07;73;315,201452835474;73
3255749;1;3;1;80;1;2; ; ; ; ; ;2; ;2; ;.; ; ;1;07;73;280,422523451401;73
3255752;1;2;1;80;1;2; ; ; ;2; ;2; ;2; ;.; ; ;1;07;05;541,441443297574;05
3255753;1;1;1;80;1;1;4;4; ;2; ;2; ; ; ; ;4;2;1;07;66;277,105143332017;66
3255754;1;1;1;80;1;1;4;9;POR LA EDAD;2; ;2; ; ; ; ;8;2;1;07;66;236,870318317413;66
3255754;1;2;1;80;1;1;4;5; ;3; ;2; ; ; ; ;10;2;1;07;66;236,870318317413;66
3255755;1;1;1;80;1;1;4;9;POR LA EDAD;2; ;2; ; ; ; ;4;2;1;07;66;269,488146504056;66
3255757;1;3;1;80;1;2; ; ; ; ; ;2; ;2; ;.; ; ;1;07;66;315,823425431839;66
3255758;1;2;1;80;1;2; ; ; ;2; ;2; ;2; ;.; ; ;1;07;66;243,32279631855;66
3255759;1;2;1;80;1;1;4;4; ;2; ;2; ; ; ; ;4;2;1;07;66;236,870318317413;66
3255761;1;2;1;80;1;2; ; ; ; ; ;2; ;2; ;.; ; ;1;07;66;276,238256979453;66
3255762;1;2;1;80;1;2; ; ; ; ; ;2; ;2; ;.; ; ;1;07;66;276,238256979453;66
3255765;1;1;1;80;1;1;4;8; ;2; ;2; ; ; ; ;8;2;1;07;66;269,488146504056;66
3255767;1;2;1;80;1;2; ; ; ; ; ;2; ;2; ;.; ; ;1;07;66;240,024674095986;66
3255767;1;3;1;80;1;1;2;2; ;2; ;2; ; ; ; ;2;2;1;07;66;240,024674095986;66
3255768;1;1;1;80;1;1;4;5; ;3; ;2; ; ; ; ;10;2;1;07;66;230,805787863335;66
3255768;1;2;1;80;1;2; ; ; ;2; ;2; ;2; ;.; ; ;1;07;66;230,805787863335;66
3255768;1;4;1;80;1;2; ; ; ;2; ;2; ;2; ;.; ; ;1;07;66;230,805787863335;66
3255769;1;1;1;80;1;1;4;8; ;2; ;2; ; ;1; ;8;1;1;07;66;295,683263984922;66
3255769;1;3;1;80;1;1;1;8; ;2; ;2; ; ; ; ;2;2;1;07;66;295,683263984922;66
3255769;1;4;1;80;1;2; ; ; ;2; ;2; ;2; ;.; ; ;1;07;66;295,683263984922;66
3255771;1;2;1;80;1;1;4;3; ;2; ;2; ; ; ; ;9;2;1;07;66;273,197135446655;66
3255771;1;5;1;80;1;2; ; ; ; ; ;2; ;2; ;.; ; ;1;07;66;273,197135446655;66
3255772;1;2;1;80;1;1;1;3; ;2; ;2; ; ; ; ;9;2;1;07;66;432,079369081965;66
3255773;1;4;1;80;1;2; ; ; ; ; ;2; ;2; ;.; ; ;1;07;66;358,450144600953;66
3255776;1;4;1;80;1;2; ; ; ;2; ;2; ;2; ;.; ; ;1;07;27;20,9929105947231;27
3255778;1;1;1;80;1;1;3;2; ;2; ;2; ; ; ; ;2;2;1;07;27;41,9858211894461;27
3255779;1;2;1;80;1;2; ; ; ; ; ;2; ;2; ;.; ; ;1;07;27;41,9858211894461;27
3255779;1;3;1;80;1;2; ; ; ;2; ;2; ;2; ;.; ; ;1;07;27;41,9858211894461;27
3255780;1;1;1;80;1;1;4;5; ;3; ;2; ; ; ; ;10;2;1;07;27;20,9929105947231;27
3255780;1;2;1;80;1;1;2;8; ;2; ;2; ; ; ; ;2;2;1;07;27;20,9929105947231;27
3255781;1;3;1;80;1;2; ; ; ;2; ;2; ;2; ;.; ; ;1;07;27;20,9929105947231;27
3255782;1;2;1;80;1;2; ; ; ;2; ;2; ;2; ;.; ; ;1;07;27;20,9929105947231;27
3255782;1;3;1;80;1;2; ; ; ; ; ;2; ;2; ;.; ; ;1;07;27;20,9929105947231;27
3255785;1;2;1;80;1;2; ; ; ;2; ;2; ;2; ;.; ; ;1;07;47;232,464904651258;47
3255785;1;3;1;80;1;2; ; ; ;2; ;2; ;2; ;.; ; ;1;07;47;232,464904651258;47
3255786;1;2;1;80;1;1;3;7; ;2; ;2; ; ; ; ;8;2;1;07;47;90,8371769067176;47
3255786;1;3;1;80;1;1;4;4; ;2; ;2; ; ; ; ;4;2;1;07;47;90,8371769067176;47
3255787;1;2;1;80;1;2; ; ; ;2; ;2; ;2; ;.; ; ;1;07;47;187,952917586605;47
3255787;1;3;1;80;1;2; ; ; ; ; ;2; ;2; ;.; ; ;1;07;47;187,952917586605;47
3255788;1;3;1;80;1;2; ; ; ;2; ;2; ;2; ;.; ; ;1;07;47;240,81280255724;47
3255788;1;4;1;80;1;2; ; ; ; ; ;2; ;2; ;.; ; ;1;07;47;240,81280255724;47
3255789;1;2;1;80;1;1;4;3; ;2; ;2; ; ; ; ;9;2;1;07;47;164,198541192754;47
3255790;1;1;1;80;1;1;4;5; ;3; ;2; ; ; ; ;10;2;1;07;47;87,4483495145594;47
3255790;1;2;1;80;1;1;4;5; ;3; ;2; ; ; ; ;10;2;1;07;47;87,4483495145594;47
3255792;1;2;1;80;1;1;1;8; ;2; ;2; ; ; ; ;9;2;1;07;47;203,883317668771;47
3255794;1;1;1;80;1;2; ; ; ;2; ;2; ;2; ;.; ; ;1;07;47;173,046547806306;47
3255794;2;2;2;80;1;1;4;3; ;2; ;2; ; ; ; ;9;2;1;07;47;173,046547806306;47
3255794;2;3;2;80;1;2; ; ; ;2; ;2; ;2; ;.; ; ;1;07;47;173,046547806306;47
3255795;1;2;1;80;1;1;2;8; ;2; ;2; ; ; ; ;1;2;1;07;47;132,95421384451;47
3255797;1;4;1;80;1;2; ; ; ; ; ;2; ;2; ;.; ; ;1;07;47;222,086099315857;47
3255798;1;7;1;80;1;1;4;4; ;2; ;2; ; ; ; ;4;2;1;07;47;102,033469347412;47
3255803;1;1;1;80;1;1;4;4; ;2; ;2; ; ;4; ;8;1;1;07;47;87,4483495145594;47
3255804;1;2;1;80;1;2; ; ; ;2; ;2; ;2; ;.; ; ;1;07;47;129,777890221676;47
3255804;1;3;1;80;1;2; ; ; ; ; ;2; ;2; ;.; ; ;1;07;47;129,777890221676;47
3255805;1;1;1;80;1;1;4;5; ;3; ;2; ; ; ; ;10;2;1;07;47;172,149984028729;47
3255805;1;2;1;80;1;2; ; ; ;2; ;2; ;2; ;.; ; ;1;07;47;172,149984028729;47
3255806;1;3;1;80;1;1;2;3; ;2; ;2; ; ; ; ;2;2;1;07;47;151,721928657562;47
3255806;1;5;1;80;1;1;4;3; ;2; ;2; ; ; ; ;9;2;1;07;47;151,721928657562;47
3255807;1;2;1;80;1;1;3;2; ;2; ;2; ; ; ; ;2;2;1;07;47;243,6871079026;47
3255807;1;5;1;80;1;2; ; ; ;2; ;2; ;2; ;.; ; ;1;07;47;243,6871079026;47
3255808;1;1;1;80;1;1;2;4; ;2; ;2; ; ; ; ;4;2;1;07;47;201,128026081223;47
3255808;1;4;1;80;1;1;3;7; ;2; ;2; ; ; ; ;2;2;1;07;47;201,128026081223;47
3255811;1;2;1;80;1;1;4;3; ;2; ;2; ; ; ; ;9;2;1;07;47;148,268141110588;47
3255811;1;3;1;80;1;2; ; ; ; ; ;2; ;2; ;.; ; ;1;07;47;148,268141110588;47
3255813;1;1;1;80;1;2; ; ; ;2; ;2; ;2; ;.; ; ;1;07;44;73,4697425970944;44
3255814;1;2;1;80;1;2; ; ; ;2; ;2; ;2; ;.; ; ;1;07;44;69,5158843393384;44
3255816;1;1;1;80;1;1;4;3; ;2; ;2; ; ; ;SU HIJO SE HACE CARGO;12;2;1;07;44;78,8164780509829;44
3255817;1;2;1;80;1;1;1;8; ;2; ;2; ; ; ; ;2;2;1;07;44;45,5897496922225;44
3255817;1;3;1;80;1;2; ; ; ; ; ;2; ;2; ;.; ; ;1;07;44;45,5897496922225;44
3255818;1;2;1;80;1;2; ; ; ; ; ;2; ;2; ;.; ; ;1;07;44;55,0733278223784;44
3255821;1;2;1;80;1;1;4;3; ;2; ;2; ; ; ; ;9;2;1;07;44;57,3196069160859;44
3255823;1;2;1;80;1;1;4;4; ;2; ;2; ; ; ; ;4;2;1;07;44;78,878306784721;44
3255823;1;3;1;80;1;1;2;2; ;2; ;2; ; ; ; ;2;2;1;07;44;78,878306784721;44
3255825;1;1;1;80;1;1;4;3; ;2; ;2; ; ; ; ;9;2;1;07;44;78,8164780509829;44
3255826;1;1;1;80;1;1;4;7; ;2; ;2; ; ; ; ;4;2;1;07;44;67,1006470669769;44
3255827;1;2;1;80;1;2; ; ; ; ; ;2; ;2; ;.; ; ;1;07;44;56,7689413115462;44
3255828;1;2;1;80;1;2; ; ; ; ; ;2; ;2; ;.; ; ;1;07;44;93,2183513743378;44
3255830;1;4;1;80;1;1;4;7; ;2; ;2; ; ; ; ;4;2;1;07;44;61,2474732591039;44
3255832;1;1;1;80;1;1;2;7; ;3; ;2; ; ; ; ;8;2;1;07;76;927,973171389111;76
3255833;1;3;1;80;1;1;4;5; ;3; ;2; ; ; ; ;11;2;1;07;76;897,06528849078;76
3255838;1;2;1;80;1;1;4;3; ;2; ;2; ; ; ; ;9;2;1;07;76;1387,97116865661;76
3255839;1;1;1;80;1;1;4;4; ;2; ;2; ; ; ; ;4;2;1;07;76;856,210516832777;76
3255839;1;3;1;80;1;1;4;6; ;2; ;2; ; ; ; ;8;2;1;07;76;856,210516832777;76
3255842;1;1;1;80;1;2; ; ; ;3; ;2; ;2; ;.; ; ;1;07;76;998,764056718241;76
3255842;1;4;1;80;1;1;4;6; ;2; ;2; ; ; ; ;8;2;1;07;76;998,764056718241;76
3255862;1;3;1;80;1;2; ; ; ;2; ;2; ;2; ;.; ; ;1;07;18;42,4922595052673;18
3255863;1;1;1;80;1;2; ; ; ;3; ;2; ;2; ;.; ; ;1;07;18;57,5560154382672;18
3255864;1;1;1;80;1;1;1;5; ;3; ;2; ; ; ; ;10;2;1;07;18;68,5009975497008;18
3255864;1;2;1;80;1;2; ; ; ;2; ;2; ;2; ;.; ; ;1;07;18;68,5009975497008;18
3255865;1;1;1;80;1;1;4;4; ;2; ;2; ; ; ; ;4;2;1;07;18;68,5566623432603;18
3255865;1;7;1;80;1;2; ; ; ;2; ;2; ;2; ;.; ; ;1;07;18;68,5566623432603;18
3255866;1;1;1;80;1;1;4;6; ;2; ;2; ; ; ; ;8;2;1;07;18;68,5009975497008;18
3255867;1;3;1;80;1;2; ; ; ; ; ;2; ;2; ;.; ; ;1;07;18;72,6145664149678;18
3255867;1;4;1;80;1;2; ; ; ; ; ;2; ;2; ;.; ; ;1;07;18;72,6145664149678;18
3255868;1;1;1;80;1;1;2;4; ;2; ;2; ; ; ; ;8;2;1;07;18;75,4843796481618;18
3255870;1;1;1;80;1;2; ; ; ;2; ;2; ;2; ;.; ; ;1;07;18;92,4251098465979;18
3255870;1;5;1;80;1;2; ; ; ; ; ;2; ;2; ;.; ; ;1;07;18;92,4251098465979;18
3255870;1;7;1;80;1;1;1;2; ;2; ;2; ; ; ; ;2;2;1;07;18;92,4251098465979;18
3255871;1;2;1;80;1;2; ; ; ;2; ;2; ;2; ;.; ; ;1;07;18;52,184650963531;18
3255872;1;2;1;80;1;1;4;4; ;2; ;2; ; ; ; ;4;2;1;07;18;45,20126886507;18
3255872;1;3;1;80;1;1;4;4; ;2; ;2; ; ; ; ;8;2;1;07;18;45,20126886507;18
3255874;1;1;1;80;1;1;4;8; ;3; ;2; ; ; ; ;8;2;1;07;18;57,1431925314006;18
3255874;1;2;1;80;1;2; ; ; ;2; ;2; ;2; ;.; ; ;1;07;18;57,1431925314006;18
3255874;1;3;1;80;1;1;4;2; ;2; ;2; ; ; ; ;2;2;1;07;18;57,1431925314006;18
3255875;1;1;1;80;1;1;4;4; ;2; ;2; ; ; ; ;4;2;1;07;18;68,5009975497008;18
3255875;1;2;1;80;1;2; ; ; ;2; ;2; ;2; ;.; ; ;1;07;18;68,5009975497008;18
3255876;1;2;1;80;1;2; ; ; ; ; ;2; ;2; ;.; ; ;1;07;18;52,184650963531;18
3255878;1;3;1;80;1;2; ; ; ; ; ;2; ;2; ;.; ; ;1;07;18;37,37535980447;18
3255878;1;4;1;80;1;1;2;9;EMBARAZO;2; ;2; ; ; ; ;9;2;1;07;18;37,37535980447;18
3255880;1;1;1;80;1;1;2;3; ;2; ;2; ; ; ; ;9;2;1;07;18;49,4756416037283;18
3255880;1;2;1;80;1;2; ; ; ;2; ;2; ;2; ;.; ; ;1;07;18;49,4756416037283;18
3255881;1;1;1;80;1;1;1;4; ;2; ;2; ; ; ; ;4;2;1;07;18;78,0000746976213;18
3255881;1;3;1;80;1;2; ; ; ;2; ;2; ;2; ;.; ; ;1;07;18;78,0000746976213;18
3255881;1;4;1;80;1;2; ; ; ; ; ;2; ;2; ;.; ; ;1;07;18;78,0000746976213;18
3255885;1;2;1;80;1;1;4;3; ;2; ;2; ; ; ; ;9;2;1;07;18;95,116656187963;18
3255886;1;1;1;80;1;1;4;3; ;2; ;2; ; ; ; ;8;2;1;07;18;69,222275355927;18
3255886;1;2;1;80;1;1;4;4; ;2; ;2; ; ; ; ;8;2;1;07;18;69,222275355927;18
3255886;2;2;2;80;1;1;2;3; ; ; ;2; ; ; ; ;9;2;1;07;18;69,222275355927;18
3255887;1;1;1;80;1;1;4;3; ;2; ;2; ; ; ; ;8;2;1;07;18;63,9682164969339;18
3255887;1;2;1;80;1;1;1;8; ;2; ;2; ; ; ; ;1;2;1;07;18;63,9682164969339;18
3255887;1;4;1;80;1;2; ; ; ;2; ;2; ;2; ;.; ; ;1;07;18;63,9682164969339;18
3255888;1;2;1;80;1;2; ; ; ;2; ;2; ;2; ;.; ; ;1;07;18;54,8258071037326;18
3255889;1;2;1;80;1;1;4;5; ;3; ;2; ; ; ; ;10;2;1;07;19;64,2145605775399;19
3255889;1;4;1;80;1;2; ; ; ; ; ;2; ;2; ;.; ; ;1;07;19;64,2145605775399;19
3255889;1;5;1;80;1;2; ; ; ; ; ;2; ;2; ;.; ; ;1;07;19;64,2145605775399;19
3255891;1;1;1;80;1;1;4;4; ;2; ;2; ; ; ; ;4;2;1;07;52;124,579188327062;52
3255891;1;4;1;80;1;2; ; ; ; ; ;2; ;2; ;.; ; ;1;07;52;124,579188327062;52
3255892;1;3;1;80;1;1;1;2; ;2; ;2; ; ; ; ;2;2;1;07;52;156,484444265609;52
3255895;1;1;1;80;1;2; ; ; ;2; ;2; ;2; ;.; ; ;1;07;52;98,4887052346344;52
3255896;1;1;1;80;1;2; ; ; ;2; ;2; ;2; ;.; ; ;1;07;52;171,594792504703;52
3255897;1;2;1;80;1;1;1;2; ;2; ;2; ; ; ; ;2;2;1;07;52;144,085609514206;52
3255899;1;2;1;80;1;1;4;3; ;2; ;2; ; ; ; ;8;2;1;07;52;120,050066721007;52
3255900;1;2;1;80;1;1;1;2; ;2; ;2; ; ; ; ;2;2;1;07;52;167,979937146144;52
3255900;1;5;1;80;1;1;4;9;CAMBIO DE CIUDAD POR DESPLAZAMIENTO;2; ;2; ; ; ; ;8;2;1;07;52;167,979937146144;52
3255901;1;2;1;80;1;1;4;9;CAMBIO DE CIUDAD;2; ;2; ; ; ; ;4;2;1;07;52;84,045430554687;52
3255901;1;3;1;80;1;1;4;4; ;2; ;2; ; ; ; ;4;2;1;07;52;84,045430554687;52
3255901;1;5;1;80;1;2; ; ; ;2; ;2; ;2; ;.; ; ;1;07;52;84,045430554687;52
3255904;1;1;1;80;1;1;2;3; ;2; ;2; ; ; ; ;9;2;1;07;52;175,220572239889;52
3255906;1;2;1;80;1;1;4;4; ;2; ;2; ; ; ; ;4;2;1;07;52;120,050066721007;52
3255907;1;3;1;80;1;2; ; ; ; ; ;2; ;2; ;.; ; ;1;07;68;535,761091804094;68
3255909;1;1;1;80;1;1;4;7; ;3; ;2; ; ; ; ;9;2;1;07;68;484,993576444039;68
3255910;1;2;1;80;1;2; ; ; ;2; ;2; ;2; ;.; ; ;1;07;68;634,137706815134;68
3255910;1;3;1;80;1;2; ; ; ; ; ;2; ;2; ;.; ; ;1;07;68;634,137706815134;68
3255913;1;2;1;80;1;1;2;2; ;2; ;2; ; ; ; ;2;2;1;07;68;455,992275240028;68
3255913;1;3;1;80;1;2; ; ; ;2; ;2; ;2; ;.; ; ;1;07;68;455,992275240028;68
3255914;1;2;1;80;1;1;4;3; ;2; ;2; ; ; ; ;9;2;1;07;68;535,721283629556;68
3255915;1;2;1;80;1;1;4;7; ;2; ;2; ; ; ; ;9;2;1;07;68;533,243482325471;68
3255916;1;1;1;80;1;1;2;4; ;2; ;2; ; ; ; ;4;2;1;07;68;489,620841315577;68
3255917;1;2;1;80;1;1;1;3; ;2; ;2; ; ; ; ;9;2;1;07;68;407,503433580608;68
3255917;2;2;2;80;1;1;1;3; ;2; ;2; ; ; ; ;9;2;1;07;68;407,503433580608;68
3255918;1;1;1;80;1;1;1;8; ;3; ;2; ; ; ; ;10;2;1;07;68;563,079585234451;68
3255918;1;2;1;80;1;2; ; ; ;2; ;2; ;2; ;.; ; ;1;07;68;563,079585234451;68
3255919;1;1;1;80;1;1;4;3; ;3; ;2; ; ; ; ;10;2;1;07;68;554,174894776547;68
3255921;1;2;1;80;1;2; ; ; ;2; ;2; ;2; ;.; ; ;1;07;68;538,705548901979;68
3255923;1;4;1;80;1;2; ; ; ;2; ;2; ;2; ;.; ; ;1;07;68;571,059261289581;68
3255924;1;3;1;80;1;1;3;8; ;2; ;2; ; ; ; ;3;2;1;07;20;125,583605799098;20
3255925;1;1;1;80;1;1;4;3; ;2; ;2; ; ; ; ;8;2;1;07;20;140,90442612539;20
3255925;1;2;1;80;1;2; ; ; ;2; ;2; ;2; ;.; ; ;1;07;20;140,90442612539;20
3255925;1;3;1;80;1;2; ; ; ;2; ;2; ;2; ;.; ; ;1;07;20;140,90442612539;20
3255925;1;4;1;80;1;2; ; ; ; ; ;2; ;2; ;.; ; ;1;07;20;140,90442612539;20
3255926;1;2;1;80;1;2; ; ; ;2; ;2; ;2; ;.; ; ;1;07;20;161,721750074685;20
3255926;1;3;1;80;1;2; ; ; ;2; ;2; ;2; ;.; ; ;1;07;20;161,721750074685;20
3255927;1;3;1;80;1;2; ; ; ;2; ;2; ;2; ;.; ; ;1;07;20;156,234376274531;20
3255927;1;4;1;80;1;2; ; ; ; ; ;2; ;2; ;.; ; ;1;07;20;156,234376274531;20
3255931;1;1;1;80;1;1;4;7; ;2; ;2; ; ; ; ;9;2;1;07;20;122,661299870159;20
3255933;1;1;1;80;1;2; ; ; ;2; ;2; ;2; ;.; ; ;1;07;20;103,533223041967;20
3255933;1;2;1;80;1;2; ; ; ;2; ;2; ;2; ;.; ; ;1;07;20;103,533223041967;20
3255933;1;5;1;80;1;2; ; ; ;2; ;2; ;2; ;.; ; ;1;07;20;103,533223041967;20
3255934;1;2;1;80;1;2; ; ; ; ; ;2; ;2; ;.; ; ;1;07;20;110,740353519668;20
3255935;1;2;1;80;1;1;3;6; ;2; ;2; ; ; ; ;9;2;1;07;20;181,620041839887;20
3255935;1;3;1;80;1;1;4;4; ;2; ;2; ; ; ; ;4;2;1;07;20;181,620041839887;20
3255937;1;2;1;80;1;2; ; ; ;2; ;2; ;2; ;.; ; ;1;07;20;101,843975920863;20
3255938;1;2;1;80;1;1;1;2; ;2; ;1;200000; ; ; ;2;2;1;07;20;170,631549198468;20
3255938;1;3;1;80;1;2; ; ; ; ; ;2; ;2; ;.; ; ;1;07;20;170,631549198468;20
3255939;1;3;1;80;1;2; ; ; ; ; ;2; ;2; ;.; ; ;1;07;20;126,070303668808;20
3255940;1;1;1;80;1;1;1;6; ;2; ;2; ; ; ; ;2;2;1;07;20;106,053380696835;20
3255943;1;1;1;80;1;1;4;3; ;2; ;2; ; ; ; ;1;2;1;07;20;145,613950296051;20
3255943;1;2;1;80;1;1;4;3; ;2; ;2; ; ; ; ;4;2;1;07;20;145,613950296051;20
3255946;1;3;1;80;1;2; ; ; ;2; ;2; ;2; ;.; ; ;1;07;08;622,666562202042;08
3255953;1;1;1;80;1;1;1;5; ;3; ;2; ; ; ; ;10;2;1;07;63;135,909636784228;63
3255953;1;2;1;80;1;1;1;8; ;2; ;2; ; ; ; ;9;2;1;07;63;135,909636784228;63
3255957;1;1;1;80;1;2; ; ; ;2; ;2; ;2; ;.; ; ;1;07;63;100,016515085279;63
3255957;1;2;1;80;1;1;3;8; ;2; ;2; ; ; ; ;9;2;1;07;63;100,016515085279;63
3255958;1;1;1;80;1;2; ; ; ;2; ;2; ;2; ;.; ; ;1;07;63;107,277423394785;63
3255958;1;2;1;80;1;2; ; ; ;2; ;2; ;2; ;.; ; ;1;07;63;107,277423394785;63
3255959;1;1;1;80;1;2; ; ; ;2; ;2; ;1;1; ;5; ;1;07;63;92,8580808146661;63
3255959;1;2;1;80;1;2; ; ; ; ; ;2; ;2; ;.; ; ;1;07;63;92,8580808146661;63
3255962;1;1;1;80;1;1;3;5; ;3; ;2; ; ; ; ;10;2;1;07;63;131,13341268487;63
3255962;1;2;1;80;1;1;4;3; ;2; ;2; ; ; ; ;9;2;1;07;63;131,13341268487;63
3255963;1;1;1;80;1;1;3;8; ;2; ;2; ; ; ; ;8;2;1;07;63;138,15677099394;63
3255963;1;2;1;80;1;2; ; ; ;2; ;2; ;2; ;.; ; ;1;07;63;138,15677099394;63
3255963;1;3;1;80;1;1;2;8; ;2; ;2; ; ; ; ;1;2;1;07;63;138,15677099394;63
3255965;1;2;1;80;1;2; ; ; ;2; ;2; ;2; ;.; ; ;1;07;63;78,407660004907;63
3255965;1;3;1;80;1;2; ; ; ;2; ;2; ;2; ;.; ; ;1;07;63;78,407660004907;63
3255967;1;2;1;80;1;1;2;7; ;2; ;2; ; ; ; ;9;2;1;07;63;114,331859933495;63
3255968;1;2;1;80;1;1;4;3; ;2; ;2; ; ; ; ;9;2;1;07;63;167,640220598801;63
3255968;1;3;1;80;1;2; ; ; ;2; ;2; ;2; ;.; ; ;1;07;63;167,640220598801;63
3255969;1;1;1;80;1;1;4;4; ;2; ;2; ; ; ; ;4;2;1;07;63;126,405686376764;63
3255970;1;1;1;80;1;1;3;8; ;2; ;2; ; ; ; ;9;2;1;07;63;128,886278475158;63
3255972;1;1;1;80;1;1;4;8; ;2; ;2; ; ; ; ;8;2;1;07;63;140,90599132241;63
3255973;1;2;1;80;1;1;4;3; ;2; ;2; ; ; ; ;9;2;1;07;70;140,474524720711;70
3255973;1;4;1;80;1;1;4;9;PROBLEMAS DE DROGADICCION;2; ;2; ; ; ;PROBLEMAS DE DROGADICCION;12;2;1;07;70;140,474524720711;70
3255974;1;2;1;80;1;2; ; ; ;2; ;2; ;2; ;.; ; ;1;07;70;102,539671578254;70
3255974;1;3;1;80;1;2; ; ; ; ; ;2; ;2; ;.; ; ;1;07;70;102,539671578254;70
3255976;1;2;1;80;1;1;1;2; ;2; ;2; ; ; ; ;2;2;1;07;70;97,5774607462488;70
3255978;1;3;1;80;1;2; ; ; ;2; ;2; ;2; ;.; ; ;1;07;70;111,695380432939;70
3255978;1;4;1;80;1;2; ; ; ;2; ;2; ;1;4; ;9; ;1;07;70;111,695380432939;70
3255981;1;1;1;80;1;1;4;4; ;2; ;2; ; ; ; ;4;2;1;07;70;137,502700422706;70
3255981;1;2;1;80;1;1;4;3; ;2; ;2; ; ; ; ;9;2;1;07;70;137,502700422706;70
3255982;1;2;1;80;1;1;1;6; ;2; ;2; ; ; ; ;7;2;1;07;70;74,4862769261996;70
3255982;1;3;1;80;1;2; ; ; ; ; ;2; ;2; ;.; ; ;1;07;70;74,4862769261996;70
3255983;1;3;1;80;1;2; ; ; ;2; ;2; ;2; ;.; ; ;1;07;70;108,050399057556;70
3255983;1;4;1;80;1;2; ; ; ; ; ;2; ;2; ;.; ; ;1;07;70;108,050399057556;70
3255987;1;1;1;80;1;1;3;4; ;2; ;2; ; ; ; ;4;2;1;07;50;165,638788609581;50
3255995;1;2;1;80;1;1;1;3; ;2; ;2; ; ; ; ;9;2;1;07;50;222,465910636197;50
3255997;1;1;1;80;1;1;4;4; ;2; ;2; ; ; ; ;4;2;1;07;50;193,576346569783;50
3255997;1;2;1;80;1;1;1;9;CAMBIO DE RECIDENCIA;2; ;2; ; ; ; ;9;2;1;07;50;193,576346569783;50
3255999;1;1;1;80;1;1;1;8; ;2; ;1;250000; ; ; ;8;2;1;07;05;922,376875495523;05
3256001;1;1;1;80;1;1;4;3; ;2; ;2; ; ; ; ;9;2;1;07;05;934,866633338807;05
3256001;1;3;1;80;1;2; ; ; ;2; ;2; ;2; ;.; ; ;1;07;05;934,866633338807;05
3256005;1;1;1;80;1;1;3;9;POR QUE SE CANSO DE TRABAJAR;2; ;2; ; ; ; ;11;2;1;07;05;921,394217844639;05
3256006;1;3;1;80;1;2; ; ; ; ; ;2; ;2; ;.; ; ;1;07;05;874,814728799729;05
3256007;1;3;1;80;1;1;1;2; ;2; ;1;300000; ; ; ;2;2;1;07;05;853,166550444256;05
3256007;1;4;1;80;1;1;1;8; ;2; ;1;700000; ; ; ;2;2;1;07;05;853,166550444256;05
3256008;1;2;1;80;1;2; ; ; ;2; ;2; ;2; ;.; ; ;1;07;05;964,791087402778;05
3256008;1;4;1;80;1;2; ; ; ;2; ;2; ;2; ;.; ; ;1;07;05;964,791087402778;05
3256009;1;3;1;80;1;2; ; ; ;2; ;2; ;2; ;.; ; ;1;07;17;159,66930718824;17
3256010;1;1;1;80;1;2; ; ; ;2; ;2; ;2; ;.; ; ;1;07;17;146,225632521477;17
3256011;1;1;1;80;1;1;4;4; ;3; ;2; ; ; ; ;4;2;1;07;17;201,365308849421;17
3256013;1;2;1;80;1;1;3;6; ;3; ;2; ; ; ; ;8;2;1;07;17;126,541500771202;17
3256015;1;1;1;80;1;1;2;5; ;3; ;2; ; ; ; ;10;2;1;07;17;167,422571396096;17
3256017;1;2;1;80;1;1;4;5; ;3; ;2; ; ; ; ;10;2;1;07;17;174,709742858385;17
3256019;1;1;1;80;1;2; ; ; ;2; ;2; ;2; ;.; ; ;1;07;17;145,443802554383;17
3256020;1;1;1;80;1;1;4;5; ;3; ;2; ; ; ; ;10;2;1;07;17;164,801546373786;17
3256020;1;3;1;80;1;1;1;2; ;2; ;2; ; ; ; ;2;2;1;07;17;164,801546373786;17
3256021;1;1;1;80;1;2; ; ; ;2; ;2; ;2; ;.; ; ;1;07;17;220,267610632601;17
3256024;1;2;1;80;1;1;4;3; ;2; ;2; ; ; ; ;9;2;1;07;17;146,25873359067;17
3256025;1;2;1;80;1;2; ; ; ; ; ;2; ;2; ;.; ; ;1;07;17;186,324873179276;17
3256027;1;3;1;80;1;2; ; ; ;2; ;2; ;2; ;.; ; ;1;07;17;119,12206808999;17
3256027;1;4;1;80;1;2; ; ; ; ; ;2; ;2; ;.; ; ;1;07;17;119,12206808999;17
3256028;1;1;1;80;1;1;4;5; ;3; ;2; ; ; ; ;10;2;1;07;17;174,709742858385;17
3256028;1;2;1;80;1;2; ; ; ;2; ;2; ;2; ;.; ; ;1;07;17;174,709742858385;17
3256030;1;3;1;80;1;2; ; ; ; ; ;2; ;2; ;.; ; ;1;07;17;211,024072358423;17
3256035;1;1;1;80;1;2; ; ; ;2; ;2; ;2; ;.; ; ;1;07;17;146,225632521477;17
3256036;1;1;1;80;1;1;4;5; ;3; ;2; ; ; ; ;10;2;1;07;17;160,451137155335;17
3256038;1;1;1;80;1;1;2;4; ;3; ;2; ; ; ; ;4;2;1;07;17;240,761091928865;17
3256038;1;2;1;80;1;1;4;3; ;2; ;2; ; ; ; ;9;2;1;07;17;240,761091928865;17
3256038;1;4;1;80;1;1;4;2; ;2; ;2; ; ; ; ;2;2;1;07;17;240,761091928865;17
3256041;1;2;1;80;1;2; ; ; ; ; ;2; ;2; ;.; ; ;1;07;17;143,255769208446;17
3256044;1;1;1;80;1;1;3;4; ;2; ;2; ; ; ; ;4;2;1;07;17;146,225632521477;17
3256045;1;3;1;80;1;2; ; ; ;2; ;2; ;2; ;.; ; ;1;07;17;410,520552063298;17
3256046;1;3;1;80;1;2; ; ; ; ; ;2; ;2; ;.; ; ;1;07;17;209,793126912264;17
3256046;1;4;1;80;1;2; ; ; ;2; ;2; ;2; ;.; ; ;1;07;17;209,793126912264;17
3256047;1;1;1;80;1;1;4;5; ;3; ;2; ; ; ; ;8;2;1;07;17;174,709742858385;17
3256047;1;2;1;80;1;1;4;4; ;2; ;2; ; ; ; ;4;2;1;07;17;174,709742858385;17
3256049;1;1;1;80;1;1;4;5; ;3; ;2; ; ; ; ;10;2;1;07;17;160,484238224528;17
3256049;1;2;1;80;1;1;4;3; ;2; ;2; ; ; ; ;9;2;1;07;17;160,484238224528;17
3256050;1;1;1;80;1;1;4;5; ;3; ;2; ; ; ; ;10;2;1;07;17;140,76700540506;17
3256053;1;2;1;80;1;2; ; ; ; ; ;2; ;2; ;.; ; ;1;07;17;143,255769208446;17
3256054;1;2;1;80;1;1;4;5; ;3; ;2; ; ; ; ;10;2;1;07;17;133,795571164299;17
3256055;1;2;1;80;1;2; ; ; ;2; ;2; ;2; ;.; ; ;1;07;17;160,484238224528;17
3256057;1;2;1;80;1;2; ; ; ;2; ;2; ;2; ;.; ; ;1;07;17;262,284418734355;17
3256057;1;3;1;80;1;2; ; ; ;2; ;2; ;2; ;.; ; ;1;07;17;262,284418734355;17
3256058;1;2;1;80;1;1;2;3; ;2; ;2; ; ; ; ;9;2;1;07;15;96,3986368685067;15
3256061;1;3;1;80;1;2; ; ; ;2; ;2; ;2; ;.; ; ;1;07;15;86,2042089402342;15
3256063;1;3;1;80;1;2; ; ; ;2; ;2; ;2; ;.; ; ;1;07;15;79,6338546633055;15
3256063;1;4;1;80;1;2; ; ; ; ; ;2; ;2; ;.; ; ;1;07;15;79,6338546633055;15
3256064;1;1;1;80;1;2; ; ; ;2; ;2; ;2; ;.; ; ;1;07;15;133,135954469898;15
3256064;1;3;1;80;1;2; ; ; ;2; ;2; ;1;2; ;4; ;1;07;15;133,135954469898;15
3256065;1;3;1;80;1;2; ; ; ;2; ;2; ;2; ;.; ; ;1;07;15;109,719301647638;15
3256066;1;2;1;80;1;1;3;3; ;2; ;2; ; ; ; ;9;2;1;07;15;107,138312910192;15
3256066;1;3;1;80;1;2; ; ; ;2; ;2; ;2; ;.; ; ;1;07;15;107,138312910192;15
3256072;1;2;1;80;1;1;3;8; ;2; ;2; ; ; ; ;4;2;1;07;15;127,239663823343;15
3256072;1;4;1;80;1;1;1;2; ;2; ;2; ; ; ; ;2;2;1;07;15;127,239663823343;15
3256073;1;1;1;80;1;1;3;3; ;2; ;2; ; ; ; ;9;2;1;07;15;86,7651846159912;15
3256073;1;2;1;80;1;1;3;2; ;2; ;2; ; ; ; ;2;2;1;07;15;86,7651846159912;15
3256074;1;2;1;80;1;1;2;5; ;3; ;2; ; ; ; ;10;2;1;07;15;100,458441982363;15
3256074;1;4;1;80;1;2; ; ; ;2; ;2; ;2; ;.; ; ;1;07;15;100,458441982363;15
3256075;1;2;1;80;1;2; ; ; ;2; ;2; ;2; ;.; ; ;1;07;15;151,686474947085;15
3256076;1;1;1;80;1;1;4;5; ;3; ;2; ; ; ; ;10;2;1;07;15;206,735412182086;15
3256078;1;2;1;80;1;2; ; ; ; ; ;2; ;2; ;.; ; ;1;07;15;174,07392399408;15
3256079;1;3;1;80;1;2; ; ; ;2; ;2; ;2; ;.; ; ;1;07;15;170,25398896717;15
3256079;1;4;1;80;1;2; ; ; ;2; ;2; ;2; ;.; ; ;1;07;15;170,25398896717;15
3256079;1;5;1;80;1;2; ; ; ; ; ;2; ;2; ;.; ; ;1;07;15;170,25398896717;15
3256081;1;3;1;80;1;2; ; ; ;2; ;2; ;2; ;.; ; ;1;07;15;197,051154248282;15
3256098;1;1;1;80;1;1;1;4; ;2; ;2; ; ; ; ;4;2;1;07;47;206,114687662022;47
3256100;1;2;1;80;1;1;4;4; ;2; ;2; ; ; ; ;9;2;1;07;47;251,758616370583;47
3256101;1;2;1;80;1;2; ; ; ;2; ;2; ;2; ;.; ; ;1;07;47;205,54767918408;47
3256101;1;3;1;80;1;2; ; ; ; ; ;2; ;2; ;.; ; ;1;07;47;205,54767918408;47
3256102;1;2;1;80;1;1;1;4; ;2; ;2; ; ; ; ;9;2;1;07;47;124,147218802626;47
3256102;1;3;1;80;1;2; ; ; ;2; ;2; ;2; ;.; ; ;1;07;47;124,147218802626;47
3256103;1;3;1;80;1;2; ; ; ;2; ;2; ;2; ;.; ; ;1;07;47;157,631492731279;47
3256104;1;3;1;80;1;2; ; ; ;2; ;2; ;2; ;.; ; ;1;07;47;172,389063418549;47
3256105;1;2;1;80;1;1;2;8; ;2; ;2; ; ; ; ;6;2;1;07;47;192,838292921226;47
3256105;1;4;1;80;1;2; ; ; ;2; ;2; ;2; ;.; ; ;1;07;47;192,838292921226;47
3256106;1;1;1;80;1;2; ; ; ;2; ;2; ;2; ;.; ; ;1;07;47;155,570676145963;47
3256108;1;1;1;80;1;1;1;3; ;2; ;2; ; ; ; ;9;2;1;07;47;188,968371301314;47
3256108;1;2;1;80;1;1;3;4; ;2; ;2; ; ; ; ;4;2;1;07;47;188,968371301314;47
3256110;1;2;1;80;1;2; ; ; ;2; ;2; ;2; ;.; ; ;1;07;47;201,128026081223;47
3256110;1;3;1;80;1;2; ; ; ;2; ;2; ;2; ;.; ; ;1;07;47;201,128026081223;47
3256110;1;4;1;80;1;2; ; ; ;2; ;2; ;2; ;.; ; ;1;07;47;201,128026081223;47
3256111;1;2;1;80;1;2; ; ; ;2; ;2; ;2; ;.; ; ;1;07;47;168,906861844258;47
3256112;1;2;1;80;1;1;1;6; ;2; ;2; ; ; ; ;9;2;1;07;47;215,478039282713;47
3256113;1;2;1;80;1;1;4;3; ;2; ;2; ; ; ; ;7;2;1;07;47;194,560977619748;47
3256113;1;3;1;80;1;2; ; ; ;2; ;2; ;2; ;.; ; ;1;07;47;194,560977619748;47
3256113;1;4;1;80;1;2; ; ; ;2; ;2; ;2; ;.; ; ;1;07;47;194,560977619748;47
3256113;1;5;1;80;1;2; ; ; ;2; ;2; ;2; ;.; ; ;1;07;47;194,560977619748;47
3256114;1;2;1;80;1;1;3;3; ;2; ;2; ; ; ; ;9;2;1;07;47;154,835189572062;47
3256115;1;2;1;80;1;1;4;3; ;2; ;2; ; ; ; ;9;2;1;07;47;154,835189572062;47
3256116;1;3;1;80;1;1;3;3; ;2; ;2; ; ; ; ;9;2;1;07;47;125,171249104494;47
3256117;1;2;1;80;1;2; ; ; ; ; ;2; ;2; ;.; ; ;1;07;47;245,31045784624;47
3256118;1;2;1;80;1;1;1;8; ;2; ;2; ; ; ;VA CONTINUAR ESTUDIANDO;12;2;1;07;47;177,007103773262;47
3256118;1;4;1;80;1;1;3;8; ;2; ;2; ; ; ; ;9;2;1;07;47;177,007103773262;47
3256121;1;2;1;80;1;2; ; ; ;2; ;2; ;2; ;.; ; ;1;07;27;20,9929105947231;27
3256121;1;5;1;80;1;2; ; ; ;2; ;2; ;2; ;.; ; ;1;07;27;20,9929105947231;27
3256121;1;6;1;80;1;2; ; ; ; ; ;2; ;2; ;.; ; ;1;07;27;20,9929105947231;27
3256123;1;2;1;80;1;1;2;8; ;2; ;2; ; ;1; ;9;1;1;07;63;112,036227932532;63
3256130;1;2;1;80;1;2; ; ; ; ; ;2; ;2; ;.; ; ;1;07;63;135,782110584479;63
3256131;1;1;1;80;1;1;4;4; ;2; ;2; ; ; ; ;4;2;1;07;63;117,003080536612;63
3256131;1;2;1;80;1;1;4;3; ;2; ;2; ; ; ; ;8;2;1;07;63;117,003080536612;63
3256131;2;2;2;80;1;1;1;7; ;2; ;2; ; ; ; ;4;2;1;07;63;117,003080536612;63
3256132;1;2;1;80;1;1;4;7; ;2; ;2; ; ; ; ;9;2;1;07;63;138,260768725843;63
3256132;1;3;1;80;1;1;2;8; ;2; ;2; ; ; ; ;2;2;1;07;63;138,260768725843;63
3256133;1;3;1;80;1;2; ; ; ; ; ;2; ;2; ;.; ; ;1;07;63;142,80546889355;63
3256134;1;2;1;80;1;2; ; ; ; ; ;2; ;2; ;.; ; ;1;07;63;92,8580808146661;63
3256135;1;1;1;80;1;1;4;7; ;2; ;2; ; ; ; ;4;2;1;07;63;131,13341268487;63
3256135;1;2;1;80;1;1;4;7; ;2; ;2; ; ; ; ;8;2;1;07;63;131,13341268487;63
3256136;1;2;1;80;1;2; ; ; ;2; ;2; ;2; ;.; ; ;1;07;63;126,186942282575;63
3256136;1;4;1;80;1;2; ; ; ;2; ;2; ;2; ;.; ; ;1;07;63;126,186942282575;63
3256137;1;1;1;80;1;1;4;5; ;3; ;2; ; ; ; ;10;2;1;07;63;128,35504808379;63
3256137;1;2;1;80;1;1;4;1; ;2; ;2; ; ; ; ;9;2;1;07;63;128,35504808379;63
3256137;1;4;1;80;1;2; ; ; ;2; ;2; ;2; ;.; ; ;1;07;63;128,35504808379;63
3256138;1;1;1;80;1;1;2;4; ;2; ;2; ; ; ; ;4;2;1;07;63;133,429044685834;63
3256140;1;2;1;80;1;1;4;4; ;2; ;2; ; ; ; ;4;2;1;07;63;123,841426145724;63
3256141;1;2;1;80;1;1;1;4; ;2; ;2; ; ; ; ;4;2;1;07;63;139,166611638747;63
3256142;1;5;1;80;1;2; ; ; ;2; ;2; ;2; ;.; ; ;1;07;76;1503,29177499537;76
3256142;1;6;1;80;1;2; ; ; ;2; ;2; ;2; ;.; ; ;1;07;76;1503,29177499537;76
3256142;1;7;1;80;1;2; ; ; ; ; ;2; ;2; ;.; ; ;1;07;76;1503,29177499537;76
3256144;1;1;1;80;1;1;4;3; ;2; ;2; ; ; ; ;11;2;1;07;76;922,446544231978;76
3256145;2;3;2;80;1;1;4;4; ;2; ;2; ; ; ; ;4;2;1;07;76;1075,97120301606;76
3256146;1;2;1;80;1;1;3;3; ;2; ;2; ; ; ; ;9;2;1;07;76;1427,88545156141;76
3256146;1;3;1;80;1;2; ; ; ; ; ;2; ;2; ;.; ; ;1;07;76;1427,88545156141;76
3256147;1;2;1;80;1;1;4;3; ;2; ;2; ; ; ; ;11;2;1;07;76;699,704172158569;76
3256147;1;3;1;80;1;2; ; ; ;2; ;2; ;2; ;.; ; ;1;07;76;699,704172158569;76
3256149;1;3;1;80;1;2; ; ; ; ; ;2; ;2; ;.; ; ;1;07;76;1129,68550196183;76
3256152;1;1;1;80;1;1;2;4; ;1;2;2; ; ; ; ;4;2;1;07;76;911,659294979858;76
3256152;1;2;1;80;1;2; ; ; ;2; ;2; ;2; ;.; ; ;1;07;76;911,659294979858;76
3256153;1;2;1;80;1;2; ; ; ; ; ;2; ;2; ;.; ; ;1;07;76;837,886723760601;76
3256154;1;1;1;80;1;1;4;4; ;3; ;2; ; ; ; ;4;2;1;07;76;892,429876767739;76
3256155;1;2;1;80;1;1;4;5; ;3; ;2; ; ; ; ;10;2;1;07;76;871,664458281943;76
3256157;1;4;1;80;1;2; ; ; ;2; ;2; ;2; ;.; ; ;1;07;76;656,005894077081;76
3256157;1;5;1;80;1;2; ; ; ; ; ;2; ;2; ;.; ; ;1;07;76;656,005894077081;76
3256158;1;1;1;80;1;1;4;5; ;3; ;2; ; ; ; ;10;2;1;07;76;735,247466779941;76
3256159;1;2;1;80;1;2; ; ; ;2; ;2; ;2; ;.; ; ;1;07;76;1291,46846005941;76
3256160;1;1;1;80;1;1;4;5; ;3; ;2; ; ; ; ;10;2;1;07;66;241,154288118128;66
3256160;1;2;1;80;1;1;4;9;POR LA EDAD;2; ;2; ; ; ; ;8;2;1;07;66;241,154288118128;66
3256162;1;1;1;80;1;1;4;4; ;2; ;2; ; ; ; ;4;2;1;07;66;292,014045941742;66
3256163;1;2;1;80;1;1;4;3; ;2; ;2; ; ; ; ;9;2;1;07;66;331,342642888292;66
3256164;1;2;1;80;1;1;1;3; ;2; ;2; ; ; ; ;9;2;1;07;66;358,450144600953;66
3256164;1;3;1;80;1;1;1;3; ;2; ;2; ; ; ; ;9;2;1;07;66;358,450144600953;66
3256164;1;5;1;80;1;2; ; ; ; ; ;2; ;2; ;.; ; ;1;07;66;358,450144600953;66
3256165;1;1;1;80;1;1;4;5; ;3; ;2; ; ; ; ;10;2;1;07;66;388,199955810219;66
3256165;1;2;1;80;1;2; ; ; ;2; ;2; ;2; ;.; ; ;1;07;66;388,199955810219;66
3256165;1;6;1;80;1;1;1;3; ;2; ;2; ; ; ; ;9;2;1;07;66;388,199955810219;66
3256166;1;2;1;80;1;1;3;3; ;2; ;2; ; ; ; ;9;2;1;07;66;305,439001717945;66
3256167;1;1;1;80;1;1;4;5; ;3; ;2; ; ; ; ;10;2;1;07;66;233,230867569594;66
3256167;1;2;1;80;1;2; ; ; ;2; ;2; ;2; ;.; ; ;1;07;66;233,230867569594;66
3256167;1;4;1;80;1;1;4;4; ;2; ;2; ; ; ; ;8;2;1;07;66;233,230867569594;66
3256167;1;5;1;80;1;2; ; ; ;2; ;2; ;2; ;.; ; ;1;07;66;233,230867569594;66
3256168;1;2;1;80;1;1;4;3; ;2; ;2; ; ; ; ;9;2;1;07;66;311,241823156865;66
3256168;1;3;1;80;1;2; ; ; ; ; ;2; ;2; ;.; ; ;1;07;66;311,241823156865;66
3256169;1;2;1;80;1;1;4;3; ;2; ;2; ; ; ; ;9;2;1;07;66;305,439001717945;66
3256170;1;3;1;80;1;2; ; ; ; ; ;2; ;2; ;.; ; ;1;07;66;352,647323162034;66
3256172;1;2;1;80;1;2; ; ; ;2; ;2; ;2; ;.; ; ;1;07;66;308,816743450606;66
3256174;1;1;1;80;1;1;4;4; ;2; ;2; ; ; ; ;8;2;1;07;66;276,455486769799;66
3256175;1;3;1;80;1;2; ; ; ; ; ;2; ;2; ;.; ; ;1;07;66;311,241823156865;66
3256176;1;1;1;80;1;1;3;8; ;3; ;2; ; ; ; ;10;2;1;07;66;216,51292708015;66
3256178;1;4;1;80;1;1;4;3; ;2; ;2; ; ; ; ;4;2;1;07;66;348,619924867156;66
3256179;1;1;1;80;1;1;4;5; ;3; ;2; ; ; ; ;10;2;1;07;11;9872,8441062461;11
3256179;1;2;1;80;1;1;3;5; ;3; ;2; ; ; ; ;11;2;1;07;11;9872,8441062461;11
3256179;1;3;1;80;1;1;1;8; ;2; ;2; ; ;1;ESTA ESPERANDO EL AÑO SIGUIENTE;12;1;1;07;11;9872,8441062461;11
3256180;1;2;1;80;1;2; ; ; ; ; ;2; ;2; ;.; ; ;1;07;19;82,8945509860017;19
3256180;2;1;2;80;1;1;4;3; ;2; ;2; ; ; ; ;9;2;1;07;19;82,8945509860017;19
3256182;1;1;1;80;1;1;4;5; ;3; ;2; ; ; ; ;11;2;1;07;19;69,455374780418;19
3256182;1;3;1;80;1;2; ; ; ;2; ;2; ;1;1; ;2; ;1;07;19;69,455374780418;19
3256184;1;1;1;80;1;1;1;8; ;2; ;2; ; ; ; ;2;2;1;07;19;81,341517313619;19
3256184;1;2;1;80;1;1;1;8; ;2; ;2; ; ; ; ;2;2;1;07;19;81,341517313619;19
3256185;1;1;1;80;1;1;1;9;CAMBIO DE CIUDAD;2; ;2; ; ; ; ;9;2;1;07;19;75,482343749878;19
3256185;1;2;1;80;1;1;1;8; ;2; ;2; ; ; ; ;2;2;1;07;19;75,482343749878;19
3256185;1;3;1;80;1;2; ; ; ;2; ;2; ;2; ;.; ; ;1;07;19;75,482343749878;19
3256185;1;4;1;80;1;2; ; ; ; ; ;2; ;2; ;.; ; ;1;07;19;75,482343749878;19
3256186;1;1;1;80;1;1;4;5; ;3; ;2; ; ; ; ;4;2;1;07;19;75,9020793001447;19
3256186;1;2;1;80;1;1;4;8; ;2; ;2; ; ; ; ;9;2;1;07;19;75,9020793001447;19
3256187;1;1;1;80;1;1;4;4; ;2; ;2; ; ; ; ;4;2;1;07;19;75,3448885472194;19
3256187;1;2;1;80;1;1;4;3; ;2; ;2; ; ; ; ;9;2;1;07;19;75,3448885472194;19
3256187;1;3;1;80;1;2; ; ; ;2; ;2; ;2; ;.; ; ;1;07;19;75,3448885472194;19
3256188;1;1;1;80;1;1;3;5; ;3; ;2; ; ; ; ;11;2;1;07;19;75,9020793001447;19
3256188;1;2;1;80;1;1;4;4; ;2; ;2; ; ; ; ;4;2;1;07;19;75,9020793001447;19
3256189;1;3;1;80;1;2; ; ; ;2; ;2; ;2; ;.; ; ;1;07;19;82,7558445194965;19
3256191;1;1;1;80;1;1;4;4; ;2; ;2; ; ; ; ;4;2;1;07;19;80,3149253231817;19
3256192;1;2;1;80;1;1;1;2; ;2; ;1;20000; ; ; ;2;2;1;07;19;86,3418942926418;19
3256194;1;1;1;80;1;1;3;8; ;2; ;2; ; ; ; ;8;2;1;07;19;96,343899514534;19
3256197;1;3;1;80;1;2; ; ; ;2; ;2; ;2; ;.; ; ;1;07;19;116,708632341028;19
3256198;1;3;1;80;1;2; ; ; ; ; ;2; ;2; ;.; ; ;1;07;19;99,3715866048047;19
3256199;1;2;1;80;1;2; ; ; ;2; ;2; ;2; ;.; ; ;1;07;19;87,1243665514944;19
3256199;2;2;2;80;1;2; ; ; ;2; ;2; ;2; ;.; ; ;1;07;19;87,1243665514944;19
3256200;1;4;1;80;1;2; ; ; ; ; ;2; ;2; ;.; ; ;1;07;19;125,957333577179;19
3256201;1;3;1;80;1;1;2;3; ;2; ;2; ; ; ; ;9;2;1;07;19;101,195397704103;19
3256202;1;2;1;80;1;1;4;3; ;2; ;2; ; ; ; ;9;2;1;07;19;94,9284003787073;19
3256203;1;2;1;80;1;2; ; ; ; ; ;2; ;2; ;.; ; ;1;07;19;111,979032788921;19
3256210;1;3;1;80;1;1;2;2; ;2; ;2; ; ; ; ;2;2;1;07;63;149,805298734774;63
3256210;1;4;1;80;1;2; ; ; ; ; ;2; ;2; ;.; ; ;1;07;63;149,805298734774;63
3256212;1;1;1;80;1;2; ; ; ;2; ;2; ;2; ;.; ; ;1;07;63;126,137058146688;63
3256212;1;2;1;80;1;1;1;8; ;2; ;2; ; ; ; ;2;2;1;07;63;126,137058146688;63
3256213;1;2;1;80;1;1;1;3; ;2; ;2; ; ; ; ;9;2;1;07;63;182,05956317892;63
3256213;1;3;1;80;1;2; ; ; ; ; ;2; ;2; ;.; ; ;1;07;63;182,05956317892;63
3256215;1;2;1;80;1;1;1;8; ;2; ;2; ; ; ; ;9;2;1;07;63;175,163731069599;63
3256216;1;1;1;80;1;1;4;4; ;2; ;2; ; ; ; ;4;2;1;07;63;140,90599132241;63
3256217;1;3;1;80;1;2; ; ; ; ; ;2; ;2; ;.; ; ;1;07;63;97,5858071227726;63
3256218;1;3;1;80;1;2; ; ; ;2; ;2; ;2; ;.; ; ;1;07;63;99,8814391237363;63
3256219;1;1;1;80;1;1;2;3; ;2; ;2; ; ; ; ;8;2;1;07;63;133,03289025601;63
3256220;1;1;1;80;1;1;4;5; ;3; ;2; ; ; ; ;10;2;1;07;63;138,15677099394;63
3256221;1;2;1;80;1;1;4;6; ;2; ;2; ; ; ; ;8;2;1;07;63;123,706350184181;63
3256222;1;4;1;80;1;1;4;3; ;2; ;2; ; ; ; ;8;2;1;07;63;133,03289025601;63
3256223;1;2;1;80;1;1;1;8; ;2; ;2; ; ; ; ;11;2;1;07;63;68,0891325071518;63
3256223;1;6;1;80;1;1;1;2; ;2; ;2; ; ; ; ;2;2;1;07;63;68,0891325071518;63
3256225;1;3;1;80;1;2; ; ; ;2; ;2; ;2; ;.; ; ;1;07;63;121,031983315005;63
3256225;1;4;1;80;1;1;2;4; ;2; ;2; ; ; ; ;2;2;1;07;63;121,031983315005;63
3256225;1;5;1;80;1;2; ; ; ; ; ;2; ;2; ;.; ; ;1;07;63;121,031983315005;63
3256227;1;2;1;80;1;1;1;3; ;2; ;2; ; ; ; ;9;2;1;07;41;191,4593146845;41
3256227;1;3;1;80;1;2; ; ; ; ; ;2; ;2; ;.; ; ;1;07;41;191,4593146845;41
3256228;1;1;1;80;1;1;2;7; ;2; ;2; ; ; ; ;8;2;1;07;41;130,372502334078;41
3256229;1;3;1;80;1;2; ; ; ; ; ;2; ;2; ;.; ; ;1;07;41;163,27077334722;41
3256232;1;1;1;80;1;1;1;3; ;2; ;2; ; ; ; ;9;2;1;07;41;141,741304765825;41
3256234;1;1;1;80;1;1;4;9;EDAD;2; ;2; ; ; ; ;8;2;1;07;41;101,374100308125;41
3256234;1;2;1;80;1;1;4;5; ;3; ;2; ; ; ; ;10;2;1;07;41;101,374100308125;41
3256235;1;1;1;80;1;1;4;3; ;2; ;2; ; ; ; ;9;2;1;07;41;122,353590606527;41
3256236;1;1;1;80;1;1;4;4; ;3; ;2; ; ; ; ;4;2;1;07;41;176,84989460357;41
3256238;1;4;1;80;1;2; ; ; ;2; ;2; ;2; ;.; ; ;1;07;41;101,051139943491;41
3256239;1;2;1;80;1;2; ; ; ;2; ;2; ;2; ;.; ; ;1;07;63;142,909466625453;63
3256239;1;3;1;80;1;2; ; ; ;2; ;2; ;2; ;.; ; ;1;07;63;142,909466625453;63
3256240;1;2;1;80;1;2; ; ; ;2; ;2; ;2; ;.; ; ;1;07;63;92,8580808146661;63
3256241;1;2;1;80;1;2; ; ; ;2; ;2; ;2; ;.; ; ;1;07;63;131,13341268487;63
3256242;1;2;1;80;1;2; ; ; ;2; ;2; ;2; ;.; ; ;1;07;63;92,8580808146661;63
3256243;1;1;1;80;1;2; ; ; ;2; ;2; ;2; ;.; ; ;1;07;63;126,405686376764;63
3256244;1;1;1;80;1;2; ; ; ;2; ;2; ;2; ;.; ; ;1;07;63;111,186485175201;63
3256244;1;6;1;80;1;2; ; ; ; ; ;2; ;2; ;.; ; ;1;07;63;111,186485175201;63
3256245;1;1;1;80;1;2; ; ; ;3; ;2; ;2; ;.; ; ;1;07;63;82,7128762151471;63
3256245;1;2;1;80;1;2; ; ; ;2; ;2; ;2; ;.; ; ;1;07;63;82,7128762151471;63
3256246;1;1;1;80;1;2; ; ; ;2; ;2; ;2; ;.; ; ;1;07;63;147,475761303974;63
3256247;1;1;1;80;1;2; ; ; ;2; ;2; ;2; ;.; ; ;1;07;63;145,106716699278;63
3256247;1;2;1;80;1;2; ; ; ;2; ;2; ;2; ;.; ; ;1;07;63;145,106716699278;63
3256247;1;3;1;80;1;2; ; ; ; ; ;2; ;2; ;.; ; ;1;07;63;145,106716699278;63
3256248;1;2;1;80;1;2; ; ; ;2; ;2; ;2; ;.; ; ;1;07;63;102,86978574818;63
3256248;1;6;1;80;1;2; ; ; ;2; ;2; ;2; ;.; ; ;1;07;63;102,86978574818;63
3256249;1;1;1;80;1;2; ; ; ;2; ;2; ;2; ;.; ; ;1;07;63;150,844283652191;63
3256249;1;4;1;80;1;2; ; ; ;2; ;2; ;2; ;.; ; ;1;07;63;150,844283652191;63
3256250;1;3;1;80;1;2; ; ; ;2; ;2; ;2; ;.; ; ;1;07;63;181,663408749096;63
3256250;1;4;1;80;1;2; ; ; ;2; ;2; ;2; ;.; ; ;1;07;63;181,663408749096;63
3256250;1;5;1;80;1;1;2;2; ;2; ;2; ; ; ; ;2;2;1;07;63;181,663408749096;63
3256251;1;2;1;80;1;2; ; ; ; ; ;2; ;2; ;.; ; ;1;07;63;92,8580808146661;63
3256253;1;1;1;80;1;1;4;3; ;2; ;2; ; ; ; ;11;2;1;07;63;107,00879516471;63
3256253;1;3;1;80;1;2; ; ; ;2; ;2; ;2; ;.; ; ;1;07;63;107,00879516471;63
3256253;1;4;1;80;1;2; ; ; ; ; ;2; ;2; ;.; ; ;1;07;63;107,00879516471;63
3256256;1;1;1;80;1;2; ; ; ;2; ;2; ;2; ;.; ; ;1;07;63;168,140372760528;63
3256257;1;1;1;80;1;2; ; ; ;2; ;2; ;2; ;.; ; ;1;07;63;68,0891325071518;63
3256257;1;3;1;80;1;2; ; ; ;2; ;2; ;2; ;.; ; ;1;07;63;68,0891325071518;63
3256257;1;5;1;80;1;2; ; ; ; ; ;2; ;2; ;.; ; ;1;07;63;68,0891325071518;63
3256258;1;1;1;80;1;1;4;5; ;2; ;2; ; ; ; ;10;2;1;07;63;147,92934963148;63
3256259;1;1;1;80;1;1;2;8; ;2; ;2; ; ; ; ;9;2;1;07;63;149,505592275059;63
3256259;1;3;1;80;1;2; ; ; ;2; ;2; ;2; ;.; ; ;1;07;63;149,505592275059;63
3256259;1;5;1;80;1;2; ; ; ;2; ;2; ;2; ;.; ; ;1;07;63;149,505592275059;63
3256260;1;2;1;80;1;2; ; ; ;2; ;2; ;2; ;.; ; ;1;07;63;195,103988914049;63
3256260;1;5;1;80;1;2; ; ; ; ; ;2; ;2; ;.; ; ;1;07;63;195,103988914049;63
3256262;1;3;1;80;1;1;3;4; ;2; ;2; ; ; ; ;4;2;1;07;63;103,273489939798;63
3256264;1;2;1;80;1;2; ; ; ; ; ;2; ;2; ;.; ; ;1;07;63;156,963733005387;63
3256264;1;4;1;80;1;2; ; ; ; ; ;2; ;2; ;.; ; ;1;07;63;156,963733005387;63
3256266;1;1;1;80;1;1;4;5; ;3; ;2; ; ;1; ;1;1;1;07;63;116,633107739224;63
3256266;1;2;1;80;1;1;4;3; ;2; ;2; ; ; ; ;9;2;1;07;63;116,633107739224;63
3256268;1;3;1;80;1;1;1;6; ;2; ;1;30000; ; ; ;6;2;1;07;63;111,582639605026;63
3256269;1;1;1;80;1;1;4;8; ;2; ;2; ; ; ; ;9;2;1;07;63;137,760616564116;63
3256269;1;2;1;80;1;1;4;8; ;2; ;2; ; ; ; ;9;2;1;07;63;137,760616564116;63
3256269;1;5;1;80;1;2; ; ; ; ; ;2; ;2; ;.; ; ;1;07;63;137,760616564116;63
3256271;1;2;1;80;1;1;4;3; ;2; ;2; ; ; ; ;4;2;1;07;63;152,315035105778;63
3256274;1;3;1;80;1;1;4;7; ;2; ;2; ; ;4; ;9;1;1;07;63;122,370674692137;63
3256277;1;3;1;80;1;2; ; ; ;2; ;2; ;2; ;.; ; ;1;07;63;99,8814391237363;63
3256278;1;1;1;80;1;1;4;7; ;3; ;2; ; ; ; ;10;2;1;07;63;112,036227932532;63
3256278;1;2;1;80;1;2; ; ; ;2; ;2; ;2; ;.; ; ;1;07;63;112,036227932532;63
3256279;1;2;1;80;1;1;4;4; ;2; ;2; ; ; ; ;1;2;1;07;63;136,602351407707;63
3256279;1;3;1;80;1;1;3;9;POR VIAJE;2; ;2; ; ; ; ;9;2;1;07;63;136,602351407707;63
3256280;1;2;1;80;1;2; ; ; ;2; ;2; ;2; ;.; ; ;1;07;63;121,33168977472;63
3256280;1;3;1;80;1;2; ; ; ;2; ;2; ;2; ;.; ; ;1;07;63;121,33168977472;63
3256283;1;1;1;80;1;1;4;3; ;3; ;2; ; ; ; ;10;2;1;07;63;105,251995919435;63
3256283;1;2;1;80;1;1;4;9;CAMBIO DE CIUDAD;2; ;2; ; ; ; ;9;2;1;07;63;105,251995919435;63
3256284;1;2;1;80;1;2; ; ; ;2; ;2; ;2; ;.; ; ;1;07;63;156,963733005387;63
3256286;1;1;1;80;1;1;4;4; ;2; ;2; ; ; ; ;4;2;1;07;63;138,15677099394;63
3256286;1;2;1;80;1;1;4;4; ;2; ;2; ; ; ; ;4;2;1;07;63;138,15677099394;63
3256287;1;2;1;80;1;1;4;3; ;2; ;2; ; ; ; ;9;2;1;07;63;160,744388489479;63
3256288;1;2;1;80;1;2; ; ; ; ; ;2; ;2; ;.; ; ;1;07;63;104,663279027859;63
3256288;1;4;1;80;1;1;3;3; ;2; ;2; ; ; ; ;9;2;1;07;63;104,663279027859;63
3256289;1;2;1;80;1;1;4;6; ;2; ;2; ; ; ; ;9;2;1;07;63;121,355218242566;63
3256290;1;3;1;80;1;2; ; ; ; ; ;2; ;2; ;.; ; ;1;07;63;142,909466625453;63
3256292;1;1;1;80;1;1;2;7; ;3; ;2; ; ; ; ;10;2;1;07;63;111,955265567005;63
3256292;1;2;1;80;1;2; ; ; ;2; ;2; ;1;3; ;9; ;1;07;63;111,955265567005;63
3256294;1;2;1;80;1;1;4;8; ;2; ;2; ; ; ; ;8;2;1;07;63;151,933152705495;63
3256295;1;3;1;80;1;2; ; ; ; ; ;2; ;2; ;.; ; ;1;07;63;172,422060502923;63
3256296;1;3;1;80;1;2; ; ; ; ; ;2; ;2; ;.; ; ;1;07;63;164,383245744282;63
3256297;1;2;1;80;1;2; ; ; ;2; ;2; ;2; ;.; ; ;1;07;20;73,7574198074024;20
3256298;1;2;1;80;1;1;4;8; ;2; ;2; ; ; ; ;8;2;1;07;20;147,685771293131;20
3256299;1;2;1;80;1;1;2;6; ;2; ;2; ; ;1; ;1;1;1;07;20;158,27139601304;20
3256300;1;1;1;80;1;1;4;4; ;2; ;2; ; ; ; ;8;2;1;07;20;96,5094228508802;20
3256301;1;1;1;80;1;1;2;2; ;2; ;2; ; ; ; ;2;2;1;07;20;117,974327047326;20
3256305;1;2;1;80;1;2; ; ; ;2; ;2; ;2; ;.; ; ;1;07;20;116,880271313375;20
3256305;2;4;2;80;1;2; ; ; ;2; ;2; ;2; ;.; ; ;1;07;20;116,880271313375;20
3256305;3;1;3;80;1;1;4;4; ;2; ;2; ; ; ; ;9;2;1;07;20;116,880271313375;20
3256306;1;3;1;80;1;2; ; ; ; ; ;2; ;2; ;.; ; ;1;07;20;128,55769446494;20
3256306;1;6;1;80;1;1;1;7; ;2; ;2; ; ; ; ;9;2;1;07;20;128,55769446494;20
3256307;1;3;1;80;1;2; ; ; ;2; ;2; ;2; ;.; ; ;1;07;20;186,746221497658;20
3256307;1;4;1;80;1;2; ; ; ;2; ;2; ;2; ;.; ; ;1;07;20;186,746221497658;20
3256308;1;1;1;80;1;1;4;5; ;3; ;2; ; ; ; ;10;2;1;07;20;99,909296826681;20
3256308;1;3;1;80;1;2; ; ; ;2; ;2; ;2; ;.; ; ;1;07;20;99,909296826681;20
3256309;1;2;1;80;1;2; ; ; ;3; ;2; ;2; ;.; ; ;1;07;20;74,8916979242632;20
3256309;1;4;1;80;1;2; ; ; ; ; ;2; ;2; ;.; ; ;1;07;20;74,8916979242632;20
3256310;1;3;1;80;1;1;2;2; ;2; ;2; ; ; ; ;2;2;1;07;20;156,984297166008;20
3256310;1;5;1;80;1;1;1;8; ;2; ;2; ; ; ; ;9;2;1;07;20;156,984297166008;20
3256311;2;3;2;80;1;2; ; ; ; ; ;2; ;2; ;.; ; ;1;07;20;137,440650538765;20
3256312;1;3;1;80;1;2; ; ; ;2; ;2; ;2; ;.; ; ;1;07;20;69,3958254983106;20
3256312;1;5;1;80;1;1;4;5; ;3; ;2; ; ; ; ;10;2;1;07;20;69,3958254983106;20
3256316;1;1;1;80;1;1;4;6; ;2; ;2; ; ; ; ;11;2;1;07;20;120,733493296531;20
3256317;1;1;1;80;1;1;1;5; ;3; ;2; ; ; ; ;10;2;1;07;20;69,5571448542799;20
3256317;1;2;1;80;1;1;4;7; ;2; ;2; ; ; ; ;7;2;1;07;20;69,5571448542799;20
3256320;1;1;1;80;1;1;4;5; ;3; ;2; ; ; ; ;10;2;1;07;63;97,5359229868852;63
3256321;1;1;1;80;1;1;4;5; ;3; ;2; ; ; ;POR DISCAPACIDAD;12;2;1;07;63;140,90599132241;63
3256328;1;4;1;80;1;1;4;8; ;2; ;2; ; ; ; ;8;2;1;07;63;86,0738488015693;63
3256328;2;2;2;80;1;2; ; ; ; ; ;2; ;2; ;.; ; ;1;07;63;86,0738488015693;63
3256330;1;1;1;80;1;1;4;5; ;3; ;2; ; ; ; ;10;2;1;07;63;123,656466048294;63
3256330;1;2;1;80;1;1;4;4; ;3; ;2; ; ; ; ;4;2;1;07;63;123,656466048294;63
3256332;1;4;1;80;1;2; ; ; ; ; ;2; ;2; ;.; ; ;1;07;63;118,58246944625;63
3256333;1;1;1;80;1;1;4;4; ;2; ;2; ; ; ; ;4;2;1;07;63;102,263649294992;63
3256334;1;1;1;80;1;1;4;5; ;3; ;2; ; ; ; ;10;2;1;07;63;126,088560355437;63
3256334;1;2;1;80;1;1;4;5; ;3; ;2; ; ; ; ;10;2;1;07;63;126,088560355437;63
3256334;1;3;1;80;1;1;4;8; ;2; ;2; ; ; ; ;8;2;1;07;63;126,088560355437;63
3256337;1;2;1;80;1;1;2;4; ;2; ;2; ; ; ; ;4;2;1;07;63;195,103988914049;63
3256339;1;3;1;80;1;1;4;4; ;2; ;2; ; ; ; ;8;2;1;07;63;140,509836892586;63
3256340;1;2;1;80;1;2; ; ; ;2; ;2; ;2; ;.; ; ;1;07;63;150,328979364347;63
3256345;1;1;1;80;1;1;2;3; ;2; ;2; ; ; ; ;9;2;1;07;18;60,948306497308;18
3256345;1;2;1;80;1;1;1;4; ;2; ;2; ; ; ; ;4;2;1;07;18;60,948306497308;18
3256346;1;1;1;80;1;2; ; ; ;2; ;2; ;2; ;.; ; ;1;07;18;79,5098893405657;18
3256346;1;2;1;80;1;1;2;4; ;2; ;2; ; ; ; ;4;2;1;07;18;79,5098893405657;18
3256348;1;1;1;80;1;1;4;3; ;2; ;2; ; ; ; ;9;2;1;07;18;61,2678652750123;18
3256348;1;2;1;80;1;2; ; ; ;2; ;2; ;2; ;.; ; ;1;07;18;61,2678652750123;18
3256351;1;1;1;80;1;1;1;4; ;2; ;2; ; ; ; ;4;2;1;07;18;68,5009975497008;18
3256351;1;2;1;80;1;2; ; ; ;2; ;2; ;1;4; ;4; ;1;07;18;68,5009975497008;18
3256353;1;1;1;80;1;1;4;4; ;2; ;2; ; ; ; ;4;2;1;07;18;42,9050824121339;18
3256355;1;3;1;80;1;2; ; ; ; ; ;2; ;2; ;.; ; ;1;07;18;55,3534898858787;18
3256356;1;3;1;80;1;2; ; ; ;2; ;2; ;2; ;.; ; ;1;07;18;32,2696987683641;18
3256357;1;1;1;80;1;1;4;3; ;2; ;2; ; ; ; ;9;2;1;07;18;42,7442785387426;18
3256357;1;4;1;80;1;1;1;2; ;2; ;2; ; ; ; ;2;2;1;07;18;42,7442785387426;18
3256359;1;2;1;80;1;1;4;2; ;2; ;2; ; ; ; ;2;2;1;07;18;79,9878062511977;18
3256362;1;1;1;80;1;1;4;4; ;2; ;2; ; ; ; ;4;2;1;07;18;68,5009975497008;18
3256362;1;2;1;80;1;1;4;5; ;3; ;2; ; ; ; ;11;2;1;07;18;68,5009975497008;18
3256364;1;2;1;80;1;1;4;3; ;2; ;2; ; ; ; ;9;2;1;07;52;117,250662432409;52
3256366;1;2;1;80;1;1;1;2; ;2; ;2; ; ; ; ;2;2;1;07;52;168,795388216105;52
3256376;1;1;1;80;1;1;4;4; ;2; ;2; ; ; ; ;4;2;1;07;52;123,072597628084;52
3256378;1;3;1;80;1;2; ; ; ;2; ;2; ;2; ;.; ; ;1;07;52;129,497781651868;52
3256378;1;4;1;80;1;2; ; ; ; ; ;2; ;2; ;.; ; ;1;07;52;129,497781651868;52
3256378;1;5;1;80;1;2; ; ; ;2; ;2; ;2; ;.; ; ;1;07;52;129,497781651868;52
3256379;1;1;1;80;1;1;4;5; ;3; ;2; ; ; ; ;10;2;1;07;52;120,050066721007;52
3256381;1;4;1;80;1;2; ; ; ;2; ;2; ;2; ;.; ; ;1;07;52;139,977188046329;52
3256381;1;5;1;80;1;2; ; ; ; ; ;2; ;2; ;.; ; ;1;07;52;139,977188046329;52
3256383;1;2;1;80;1;1;1;8; ;2; ;1;200000; ; ; ;8;2;1;07;52;120,050066721007;52
3256386;1;2;1;80;1;1;4;5; ;3; ;2; ; ; ; ;8;2;1;07;52;120,050066721007;52
3256387;1;2;1;80;1;1;4;4; ;3; ;2; ; ; ; ;4;2;1;07;52;112,657716095318;52
3256389;1;2;1;80;1;1;1;5; ;3; ;2; ; ; ; ;8;2;1;07;52;132,171299632017;52
3256390;1;1;1;80;1;1;2;3; ;2; ;2; ; ; ; ;8;2;1;07;52;128,67140620528;52
3256391;1;4;1;80;1;2; ; ; ;2; ;2; ;2; ;.; ; ;1;07;52;177,140000596831;52
3256391;1;5;1;80;1;2; ; ; ;2; ;2; ;2; ;.; ; ;1;07;52;177,140000596831;52
3256392;1;2;1;80;1;2; ; ; ;2; ;2; ;2; ;.; ; ;1;07;52;170,501739594348;52
3256392;1;3;1;80;1;2; ; ; ;2; ;2; ;2; ;.; ; ;1;07;52;170,501739594348;52
3256392;1;4;1;80;1;2; ; ; ; ; ;2; ;2; ;.; ; ;1;07;52;170,501739594348;52
3256393;1;2;1;80;1;1;2;3; ;2; ;2; ; ; ; ;9;2;1;07;52;156,284683586343;52
3256395;1;3;1;80;1;1;1;8; ;2; ;2; ; ; ; ;2;2;1;07;52;259,686037414011;52
3256397;1;2;1;80;1;1;4;4; ;2; ;2; ; ; ; ;4;2;1;07;52;114,979757864256;52
3256398;1;2;1;80;1;1;1;8; ;2; ;2; ; ; ; ;9;2;1;07;52;198,736174606441;52
3256400;1;2;1;80;1;1;4;8; ;2; ;2; ; ; ; ;8;2;1;07;52;96,7661502667324;52
3256401;1;2;1;80;1;2; ; ; ;2; ;2; ;2; ;.; ; ;1;07;52;156,484444265609;52
3256401;1;3;1;80;1;2; ; ; ;2; ;2; ;2; ;.; ; ;1;07;52;156,484444265609;52
3256402;1;1;1;80;1;1;2;4; ;1;1;2; ; ; ; ;4;2;1;07;52;144,085609514206;52
3256403;1;1;1;80;1;1;1;4; ;3; ;2; ; ; ; ;8;2;1;07;52;117,250662432409;52
3256403;1;2;1;80;1;1;3;7; ;3; ;2; ; ; ; ;8;2;1;07;52;117,250662432409;52
3256403;1;3;1;80;1;2; ; ; ;2; ;2; ;2; ;.; ; ;1;07;52;117,250662432409;52
3256404;1;5;1;80;1;1;4;3; ;2; ;2; ; ; ; ;9;2;1;07;52;239,695091357652;52
3256406;1;1;1;80;1;2; ; ; ;2; ;2; ;2; ;.; ; ;1;07;68;569,748724982338;68
3256408;1;1;1;80;1;1;4;4; ;3; ;2; ; ; ; ;4;2;1;07;68;494,415468981247;68
3256408;1;2;1;80;1;1;4;3; ;3; ;2; ; ; ; ;9;2;1;07;68;494,415468981247;68
3256410;1;1;1;80;1;1;1;8; ;3; ;2; ; ; ; ;8;2;1;07;68;598,479770006588;68
3256410;1;3;1;80;1;2; ; ; ;2; ;2; ;2; ;.; ; ;1;07;68;598,479770006588;68
3256412;1;1;1;80;1;1;9;5; ;3; ;2; ; ; ; ;8;2;1;07;68;503,407379416491;68
3256412;1;2;1;80;1;2; ; ; ;3; ;2; ;1;4; ;10; ;1;07;68;503,407379416491;68
3256415;1;2;1;80;1;2; ; ; ;2; ;2; ;2; ;.; ; ;1;07;68;472,609974342031;68
3256416;1;2;1;80;1;1;2;3; ;2; ;2; ; ;2; ;9;1;1;07;68;382,562828125669;68
3256416;1;3;1;80;1;1;1;2; ; ; ;2; ; ; ; ;2;2;1;07;68;382,562828125669;68
3256417;1;2;1;80;1;1;1;3; ;2; ;2; ; ; ; ;9;2;1;07;68;505,270866324472;68
3256417;1;3;1;80;1;2; ; ; ; ; ;2; ;2; ;.; ; ;1;07;68;505,270866324472;68
3256420;1;4;1;80;1;2; ; ; ;2; ;2; ;2; ;.; ; ;1;07;73;300,887523273629;73
3256422;1;1;1;80;1;1;4;7; ;2; ;2; ; ; ; ;8;2;1;07;73;207,637720179187;73
3256423;1;2;1;80;1;1;4;3; ;2; ;2; ; ; ; ;9;2;1;07;73;296,61200085905;73
3256423;1;3;1;80;1;1;1;7; ;2; ;2; ; ; ; ;8;2;1;07;73;296,61200085905;73
3256423;1;4;1;80;1;2; ; ; ; ; ;2; ;2; ;.; ; ;1;07;73;296,61200085905;73
3256424;1;3;1;80;1;2; ; ; ; ; ;2; ;2; ;.; ; ;1;07;73;340,798908461051;73
3256426;1;1;1;80;1;1;4;3; ;2; ;2; ; ; ; ;9;2;1;07;73;252,459494569123;73
3256428;1;1;1;80;1;1;4;7; ;2; ;2; ; ; ; ;4;2;1;07;73;221,951649741032;73
3256429;1;3;1;80;1;2; ; ; ;2; ;2; ;2; ;.; ; ;1;07;73;263,073802809432;73
3256430;1;1;1;80;1;1;1;6; ;2; ;2; ; ; ; ;4;2;1;07;73;200,301881089604;73
3256430;1;5;1;80;1;2; ; ; ; ; ;2; ;2; ;.; ; ;1;07;73;200,301881089604;73
3256431;1;1;1;80;1;1;3;6; ;2; ;2; ; ; ; ;11;2;1;07;73;211,302940188648;73
3256431;1;3;1;80;1;2; ; ; ; ; ;2; ;2; ;.; ; ;1;07;73;211,302940188648;73
3256432;1;2;1;80;1;2; ; ; ; ; ;2; ;2; ;.; ; ;1;07;73;255,489847790649;73
3256434;1;2;1;80;1;2; ; ; ; ; ;2; ;2; ;.; ; ;1;07;73;282,301789647644;73
3256436;1;1;1;80;1;1;4;5; ;3; ;2; ; ; ; ;10;2;1;07;73;247,519141913132;73
3256436;1;2;1;80;1;1;4;9;CAMBIO DE DOMICILIO;2; ;2; ; ;4; ;6;1;1;07;73;247,519141913132;73
3256436;1;4;1;80;1;1;1;8; ;2; ;1;147000; ; ; ;2;2;1;07;73;247,519141913132;73
3256437;1;3;1;80;1;2; ; ; ;2; ;2; ;2; ;.; ; ;1;07;73;304,199674228272;73
3256442;1;3;1;80;1;1;1;2; ; ; ;2; ; ; ; ;2;2;1;07;73;212,548059105114;73
3256444;1;2;1;80;1;1;4;9;POR DESPLAZAMIENTO FORZOSO;2; ;2; ; ; ; ;1;2;1;07;73;383,139266111308;73
3256444;1;6;1;80;1;1;2;8; ;2; ;2; ; ; ; ;9;2;1;07;73;383,139266111308;73
3256447;1;6;1;80;1;2; ; ; ;2; ;2; ;2; ;.; ; ;1;07;73;386,553371349289;73
3256447;1;7;1;80;1;2; ; ; ; ; ;2; ;2; ;.; ; ;1;07;73;386,553371349289;73
3256448;1;1;1;80;1;1;4;4; ;2; ;2; ; ; ; ;4;2;1;07;73;181,077612601831;73
3256448;1;2;1;80;1;1;3;4; ;2; ;2; ; ; ; ;4;2;1;07;73;181,077612601831;73
3256448;1;3;1;80;1;1;3;7; ;2; ;2; ; ; ; ;9;2;1;07;73;181,077612601831;73
3256450;1;4;1;80;1;2; ; ; ;2; ;2; ;2; ;.; ; ;1;07;08;500,496754865539;08
3256454;1;1;1;80;1;1;4;3; ;2; ;2; ; ; ; ;9;2;1;07;08;428,93436426792;08
3256454;1;2;1;80;1;2; ; ; ;2; ;2; ;2; ;.; ; ;1;07;08;428,93436426792;08
3256455;1;1;1;80;1;2; ; ; ;2; ;2; ;2; ;.; ; ;1;07;08;484,472438923594;08
3256455;1;2;1;80;1;2; ; ; ;2; ;2; ;2; ;.; ; ;1;07;08;484,472438923594;08
3256455;1;4;1;80;1;2; ; ; ;2; ;2; ;2; ;.; ; ;1;07;08;484,472438923594;08
3256456;1;1;1;80;1;2; ; ; ;2; ;2; ;2; ;.; ; ;1;07;08;498,788151584889;08
3256456;1;3;1;80;1;2; ; ; ; ; ;2; ;2; ;.; ; ;1;07;08;498,788151584889;08
3256457;1;1;1;80;1;1;4;9;EDAD;2; ;2; ; ; ; ;8;2;1;07;08;463,460492036315;08
3256457;1;2;1;80;1;1;4;5; ;3; ;2; ; ; ; ;10;2;1;07;08;463,460492036315;08
3256457;1;3;1;80;1;2; ; ; ;2; ;2; ;2; ;.; ; ;1;07;08;463,460492036315;08
3256459;1;4;1;80;1;1;3;6; ;2; ;2; ; ; ; ;9;2;1;07;08;543,326894564901;08
3256459;1;5;1;80;1;2; ; ; ;2; ;2; ;2; ;.; ; ;1;07;08;543,326894564901;08
3256460;1;3;1;80;1;2; ; ; ;2; ;2; ;2; ;.; ; ;1;07;08;959,985669422157;08
3256464;1;3;1;80;1;1;1;3; ;2; ;2; ; ; ; ;9;2;1;07;08;601,889685134526;08
3256464;1;6;1;80;1;2; ; ; ; ; ;2; ;2; ;.; ; ;1;07;08;601,889685134526;08
3256466;1;2;1;80;1;1;4;3; ;2; ;2; ; ; ; ;9;2;1;07;08;1044,76981557035;08
3256466;1;5;1;80;1;1;3;5; ;2; ;2; ; ; ; ;8;2;1;07;08;1044,76981557035;08
3256466;1;6;1;80;1;1;3;3; ;2; ;2; ; ; ; ;8;2;1;07;08;1044,76981557035;08
3256468;1;4;1;80;1;2; ; ; ;2; ;2; ;1;1; ;2; ;1;07;08;593,250448326856;08
3256469;1;2;1;80;1;1;3;3; ;2; ;2; ; ; ; ;9;2;1;07;08;790,160445666259;08
3256469;1;5;1;80;1;1;4;4; ;2; ;2; ; ; ; ;9;2;1;07;08;790,160445666259;08
3256472;2;1;2;80;1;2; ; ; ;2; ;2; ;2; ;.; ; ;1;07;08;683,007526195022;08
3256472;3;1;3;80;1;1;4;4; ;2; ;2; ; ; ; ;8;2;1;07;08;683,007526195022;08
3256472;3;2;3;80;1;1;4;4; ;2; ;2; ; ; ; ;8;2;1;07;08;683,007526195022;08
3256472;3;4;3;80;1;2; ; ; ;2; ;2; ;2; ;.; ; ;1;07;08;683,007526195022;08
3256472;4;2;4;80;1;1;4;4; ;2; ;2; ; ; ; ;4;2;1;07;08;683,007526195022;08
3256472;4;3;4;80;1;2; ; ; ;2; ;2; ;2; ;.; ; ;1;07;08;683,007526195022;08
3256472;4;4;4;80;1;2; ; ; ;2; ;2; ;2; ;.; ; ;1;07;08;683,007526195022;08
3256476;1;1;1;80;1;1;4;4; ;2; ;2; ; ; ; ;4;2;1;07;50;95,1773402234372;50
3256483;1;1;1;80;1;1;3;5; ;3; ;2; ; ; ; ;10;2;1;07;05;991,562889198541;05
3256483;1;2;1;80;1;2; ; ; ;2; ;2; ;2; ;.; ; ;1;07;05;991,562889198541;05
3256487;1;2;1;80;1;2; ; ; ;2; ;2; ;2; ;.; ; ;1;07;05;1076,89095083579;05
3256488;1;3;1;80;1;2; ; ; ; ; ;2; ;2; ;.; ; ;1;07;05;722,789500232852;05
3256488;1;4;1;80;1;2; ; ; ;2; ;2; ;2; ;.; ; ;1;07;05;722,789500232852;05
3256491;1;1;1;80;1;1;4;3; ;3; ;2; ; ; ; ;9;2;1;07;05;921,394217844639;05
3256492;1;4;1;80;1;1;1;8; ;2; ;2; ; ; ; ;2;2;1;07;05;640,106759687416;05
3256492;1;5;1;80;1;2; ; ; ; ; ;2; ;2; ;.; ; ;1;07;05;640,106759687416;05
3256493;1;3;1;80;1;2; ; ; ; ; ;2; ;2; ;.; ; ;1;07;05;982,172180977016;05
3256494;1;1;1;80;1;1;4;5; ;2; ;2; ; ; ; ;11;2;1;07;05;1143,58811776542;05
3256496;1;1;1;80;1;1;4;3; ;2; ;2; ; ; ; ;9;2;1;07;05;859,34534788081;05
3256496;1;2;1;80;1;2; ; ; ;2; ;2; ;2; ;.; ; ;1;07;05;859,34534788081;05
3256496;1;3;1;80;1;1;4;7; ;3; ;2; ; ; ; ;10;2;1;07;05;859,34534788081;05
3256496;1;4;1;80;1;1;1;4; ;2; ;2; ; ; ; ;4;2;1;07;05;859,34534788081;05
3256497;1;1;1;80;1;2; ; ; ;2; ;2; ;2; ;.; ; ;1;07;05;860,328005531694;05
3256497;1;2;1;80;1;2; ; ; ;2; ;2; ;2; ;.; ; ;1;07;05;860,328005531694;05
3256500;1;1;1;80;1;2; ; ; ;2; ;2; ;2; ;.; ; ;1;07;05;1166,86730943884;05
3256500;1;2;1;80;1;1;1;6; ;2; ;2; ; ; ; ;2;2;1;07;05;1166,86730943884;05
3256500;1;3;1;80;1;2; ; ; ;2; ;2; ;2; ;.; ; ;1;07;05;1166,86730943884;05
3256501;1;1;1;80;1;1;1;9;ES PROPIETARIA Y TIENE ADMINISTRADORES;1;1;2; ; ; ; ;11;2;1;07;05;763,190191841207;05
3256501;1;2;1;80;1;2; ; ; ;2; ;2; ;2; ;.; ; ;1;07;05;763,190191841207;05
3256501;1;3;1;80;1;2; ; ; ;2; ;2; ;2; ;.; ; ;1;07;05;763,190191841207;05
3256502;1;3;1;80;1;2; ; ; ;2; ;2; ;2; ;.; ; ;1;07;05;874,814728799729;05
3256503;1;3;1;80;1;2; ; ; ;2; ;2; ;2; ;.; ; ;1;07;05;1474,55244700177;05
3256503;1;4;1;80;1;2; ; ; ; ; ;2; ;2; ;.; ; ;1;07;05;1474,55244700177;05
3256504;1;1;1;80;1;1;4;5; ;3; ;2; ; ; ; ;8;2;1;07;05;1157,06053325959;05
3256504;1;2;1;80;1;1;4;5; ;3; ;2; ; ; ; ;9;2;1;07;05;1157,06053325959;05
3256505;1;1;1;80;1;1;4;5; ;3; ;2; ; ; ; ;10;2;1;07;05;844,890274735758;05
3256505;1;2;1;80;1;1;1;7; ;3; ;2; ; ; ; ;10;2;1;07;05;844,890274735758;05
3256509;1;6;1;80;1;1;3;6; ;2; ;2; ; ; ; ;9;2;1;07;05;2940,57980115771;05
3256510;1;2;1;80;1;2; ; ; ;2; ;2; ;2; ;.; ; ;1;07;05;851,826780888595;05
3256511;1;1;1;80;1;1;3;5; ;3; ;2; ; ; ; ;10;2;1;07;05;1347,67786010038;05
3256511;1;2;1;80;1;1;3;5; ;3; ;2; ; ; ; ;10;2;1;07;05;1347,67786010038;05
3256511;1;4;1;80;1;1;2;2; ;1;1;2; ; ; ; ;2;2;1;07;05;1347,67786010038;05
3256513;1;2;1;80;1;1;3;8; ;2; ;2; ; ; ; ;9;2;1;07;05;2158,68328958097;05
3256515;1;1;1;80;1;1;1;3; ;2; ;2; ; ; ; ;9;2;1;07;05;1935,43421566393;05
3256515;1;2;1;80;1;2; ; ; ; ; ;2; ;2; ;.; ; ;1;07;05;1935,43421566393;05
3256516;1;1;1;80;1;1;4;8; ;2; ;2; ; ; ; ;4;2;1;07;05;892,552934278743;05
3256517;1;1;1;80;1;1;4;5; ;3; ;2; ; ; ; ;10;2;1;07;05;803,622781221445;05
3256517;1;2;1;80;1;2; ; ; ;2; ;2; ;2; ;.; ; ;1;07;05;803,622781221445;05
3256517;1;3;1;80;1;1;4;7; ;1;4;2; ; ; ; ;9;2;1;07;05;803,622781221445;05
3256517;1;5;1;80;1;1;1;8; ;2; ;1;350000; ; ; ;9;2;1;07;05;803,622781221445;05
3256517;1;8;1;80;1;1;1;6; ;2; ;2; ; ; ; ;2;2;1;07;05;803,622781221445;05
3256520;1;1;1;80;1;1;4;9;DESPLAZAMIENTO;2; ;2; ; ;2; ;8;1;1;07;05;1608,5292683856;05
3256520;1;4;1;80;1;1;3;6; ;2; ;2; ; ; ; ;9;2;1;07;05;1608,5292683856;05
3256521;1;2;1;80;1;1;4;3; ;2; ;2; ; ; ; ;9;2;1;07;05;1706,33310088851;05
3256521;1;4;1;80;1;2; ; ; ; ; ;2; ;2; ;.; ; ;1;07;05;1706,33310088851;05
3256523;1;2;1;80;1;1;2;8; ;2; ;2; ; ; ; ;1;2;1;07;05;1573,76449164435;05
3256523;1;3;1;80;1;2; ; ; ;2; ;2; ;2; ;.; ; ;1;07;05;1573,76449164435;05
3256523;1;4;1;80;1;2; ; ; ; ; ;2; ;2; ;.; ; ;1;07;05;1573,76449164435;05
3256523;1;5;1;80;1;2; ; ; ; ; ;2; ;2; ;.; ; ;1;07;05;1573,76449164435;05
3256524;1;3;1;80;1;1;2;2; ;2; ;2; ; ;1;ESPERANDO SERVICIO MILITAR;12;1;1;07;05;1706,33310088851;05
3256524;1;4;1;80;1;2; ; ; ;2; ;2; ;2; ;.; ; ;1;07;05;1706,33310088851;05
3256525;1;3;1;80;1;1;1;8; ;2; ;1;60000; ; ; ;2;2;1;07;05;1166,86730943884;05
3256526;1;3;1;80;1;1;1;8; ;2; ;2; ; ; ; ;2;2;1;07;05;737,276223500887;05
3256526;1;4;1;80;1;2; ; ; ;2; ;2; ;2; ;.; ; ;1;07;05;737,276223500887;05
3256529;1;1;1;80;1;1;4;3; ;2; ;2; ; ; ; ;9;2;1;07;05;2509,04248167068;05
3256533;1;2;1;80;1;2; ; ; ;2; ;2; ;2; ;.; ; ;1;07;05;892,195822373967;05
3256534;1;1;1;80;1;1;4;6; ;2; ;2; ; ; ; ;9;2;1;07;05;770,351646928645;05
3256535;1;4;1;80;1;2; ; ; ; ; ;2; ;2; ;.; ; ;1;07;05;969,056877387624;05
3256536;1;3;1;80;1;2; ; ; ;2; ;2; ;2; ;.; ; ;1;07;05;1823,24417274017;05
3256536;1;4;1;80;1;1;1;6; ;2; ;2; ; ; ; ;9;2;1;07;05;1823,24417274017;05
3256538;1;1;1;80;1;1;4;3; ;2; ;2; ; ; ; ;11;2;1;07;05;921,394217844639;05
3256539;1;4;1;80;1;2; ; ; ;2; ;2; ;2; ;.; ; ;1;07;05;1826,87695439325;05
3256542;1;2;1;80;1;1;3;3; ;2; ;2; ; ; ; ;9;2;1;07;05;2511,00779697245;05
3256544;1;2;1;80;1;2; ; ; ;2; ;2; ;2; ;.; ; ;1;07;05;936,831948640575;05
3256545;1;3;1;80;1;2; ; ; ; ; ;2; ;2; ;.; ; ;1;07;05;2115,38693287002;05
3256546;1;1;1;80;1;1;2;7; ;2; ;2; ; ; ;POR CONSTRUIR SU CASA;12;2;1;07;05;1079,34164479049;05
3256547;1;3;1;80;1;2; ; ; ;2; ;2; ;2; ;.; ; ;1;07;05;1022,03518608238;05
3256548;1;2;1;80;1;2; ; ; ;2; ;2; ;1;1; ;9; ;1;07;05;2333,73461887767;05
3256548;1;3;1;80;1;2; ; ; ; ; ;2; ;2; ;.; ; ;1;07;05;2333,73461887767;05
3256549;1;3;1;80;1;2; ; ; ; ; ;2; ;2; ;.; ; ;1;07;05;2115,38693287002;05
3256551;1;4;1;80;1;1;4;4; ;2; ;2; ; ; ; ;4;2;1;07;05;2005,67540336321;05
3256552;1;5;1;80;1;1;4;3; ;2; ;2; ; ;4; ;8;1;1;07;05;865,299196382762;05
3256553;1;1;1;80;1;1;4;3; ;2; ;2; ; ; ; ;4;2;1;07;05;906,025349772911;05
3256553;1;3;1;80;1;2; ; ; ;2; ;2; ;2; ;.; ; ;1;07;05;906,025349772911;05
3256553;3;2;3;80;1;1;1;6; ;2; ;2; ; ; ; ;6;2;1;07;05;906,025349772911;05
3256553;3;3;3;80;1;2; ; ; ; ; ;2; ;2; ;.; ; ;1;07;05;906,025349772911;05
3256555;1;1;1;80;1;1;4;9;TRANSLADO DE AREA RURAL A LA CIUDAD;2; ;2; ; ; ; ;8;2;1;07;05;916,041603740544;05
3256555;1;2;1;80;1;2; ; ; ;2; ;2; ;2; ;.; ; ;1;07;05;916,041603740544;05
3256556;1;1;1;80;1;2; ; ; ;2; ;2; ;2; ;.; ; ;1;07;05;921,394217844639;05
3256562;1;1;1;80;1;1;4;5; ;3; ;2; ; ; ; ;10;2;1;07;05;1067,08417465654;05
3256562;1;2;1;80;1;1;4;5; ;3; ;2; ; ; ; ;4;2;1;07;05;1067,08417465654;05
3256563;1;1;1;80;1;1;4;7; ;2; ;2; ; ; ; ;8;2;1;07;05;422,445137367879;05
3256564;1;1;1;80;1;1;4;5; ;3; ;2; ; ; ; ;10;2;1;07;05;460,697108922319;05
3256566;1;1;1;80;1;1;4;9;POR CAMBIO DE PAIS;2; ;2; ; ; ; ;4;2;1;07;05;921,394217844639;05
3256567;1;1;1;80;1;1;4;5; ;3; ;2; ; ; ; ;10;2;1;07;05;921,394217844639;05
3256568;1;1;1;80;1;1;4;3; ;2; ;2; ; ; ; ;9;2;1;07;05;921,394217844639;05
3256569;1;1;1;80;1;1;4;7; ;2; ;2; ; ; ; ;8;2;1;07;05;921,394217844639;05
3256570;1;1;1;80;1;1;4;3; ;2; ;2; ; ; ; ;9;2;1;07;05;460,697108922319;05
3256572;1;4;1;80;1;2; ; ; ;2; ;2; ;2; ;.; ; ;1;07;05;1126,87948013803;05
3256572;1;6;1;80;1;1;1;9;CAMBIO DE DOMICILIO;2; ;2; ; ; ; ;2;2;1;07;05;1126,87948013803;05
3256573;1;1;1;80;1;1;4;5; ;3; ;2; ; ; ; ;10;2;1;07;05;1010,98915319466;05
3256574;1;2;1;80;1;1;4;3; ;2; ;2; ; ; ; ;9;2;1;07;05;715,628045145413;05
3256574;1;4;1;80;1;2; ; ; ;2; ;2; ;2; ;.; ; ;1;07;05;715,628045145413;05
3256574;1;5;1;80;1;2; ; ; ;2; ;2; ;2; ;.; ; ;1;07;05;715,628045145413;05
3256575;1;4;1;80;1;2; ; ; ;2; ;2; ;2; ;.; ; ;1;07;05;969,914710843067;05
3256576;1;2;1;80;1;1;4;3; ;2; ;2; ; ; ; ;9;2;1;07;05;895,376083035954;05
3256576;1;4;1;80;1;1;3;2; ;2; ;2; ; ; ; ;2;2;1;07;05;895,376083035954;05
3256577;1;2;1;80;1;2; ; ; ;2; ;2; ;2; ;.; ; ;1;07;05;1418,63416947737;05
3256578;1;1;1;80;1;1;4;5; ;3; ;2; ; ; ; ;10;2;1;07;05;1939,82942168613;05
3256578;1;2;1;80;1;1;1;5; ;3; ;2; ; ; ; ;10;2;1;07;05;1939,82942168613;05
3256579;1;2;1;80;1;1;4;4; ;2; ;2; ; ; ; ;9;2;1;07;05;2136,13366461484;05
3256581;1;5;1;80;1;2; ; ; ;2; ;2; ;2; ;.; ; ;1;07;05;1325,67256984012;05
3256582;1;1;1;80;1;1;4;5; ;3; ;2; ; ; ; ;10;2;1;07;05;1801,4573942801;05
3256582;1;2;1;80;1;2; ; ; ; ; ;2; ;2; ;.; ; ;1;07;05;1801,4573942801;05
3256583;1;1;1;80;1;1;4;5; ;3; ;2; ; ; ; ;10;2;1;07;05;921,394217844639;05
3256585;1;1;1;80;1;1;4;3; ;2; ;2; ; ; ; ;9;2;1;07;05;460,697108922319;05
3256588;1;1;1;80;1;2; ; ; ;2; ;2; ;2; ;.; ; ;1;07;05;1067,08417465654;05
3256590;1;1;1;80;1;1;4;3; ;2; ;2; ; ; ; ;9;2;1;07;05;1067,08417465654;05
3256590;1;2;1;80;1;1;4;3; ;2; ;2; ; ; ; ;9;2;1;07;05;1067,08417465654;05
3256591;1;1;1;80;1;2; ; ; ;2; ;2; ;2; ;.; ; ;1;07;05;770,351646928645;05
3256593;1;1;1;80;1;1;4;3; ;2; ;2; ; ; ; ;9;2;1;07;05;881,51213098659;05
3256593;1;6;1;80;1;2; ; ; ; ; ;2; ;2; ;.; ; ;1;07;05;881,51213098659;05
3256593;1;7;1;80;1;2; ; ; ; ; ;2; ;2; ;.; ; ;1;07;05;881,51213098659;05
3256595;1;3;1;80;1;2; ; ; ;2; ;2; ;2; ;.; ; ;1;07;05;878,097861133691;05
3256596;1;3;1;80;1;2; ; ; ;2; ;2; ;2; ;.; ; ;1;07;05;874,814728799729;05
3256598;1;1;1;80;1;1;4;1; ;3; ;2; ; ; ; ;11;2;1;07;05;991,562889198541;05
3256598;1;2;1;80;1;2; ; ; ;2; ;2; ;2; ;.; ; ;1;07;05;991,562889198541;05
3256599;1;1;1;80;1;1;4;5; ;3; ;2; ; ; ; ;10;2;1;07;05;832,376205544224;05
3256599;1;2;1;80;1;1;4;3; ;2; ;2; ; ; ; ;9;2;1;07;05;832,376205544224;05
3256599;1;3;1;80;1;2; ; ; ;2; ;2; ;2; ;.; ; ;1;07;05;832,376205544224;05
3256599;1;4;1;80;1;2; ; ; ;2; ;2; ;1;1; ;8; ;1;07;05;832,376205544224;05
3256599;1;5;1;80;1;2; ; ; ; ; ;2; ;2; ;.; ; ;1;07;05;832,376205544224;05
3256602;1;3;1;80;1;2; ; ; ;2; ;2; ;2; ;.; ; ;1;07;05;905,262714335318;05
3256602;1;4;1;80;1;2; ; ; ; ; ;2; ;2; ;.; ; ;1;07;05;905,262714335318;05
3256602;1;5;1;80;1;2; ; ; ; ; ;2; ;2; ;.; ; ;1;07;05;905,262714335318;05
3256602;1;7;1;80;1;1;1;4; ;2; ;2; ; ; ; ;4;2;1;07;05;905,262714335318;05
3256604;1;1;1;80;1;1;4;5; ;3; ;2; ; ; ; ;10;2;1;07;05;1289,27807457732;05
3256604;1;2;1;80;1;2; ; ; ;2; ;2; ;2; ;.; ; ;1;07;05;1289,27807457732;05
3256605;1;2;1;80;1;1;4;6; ;2; ;2; ; ; ; ;11;2;1;07;05;874,814728799729;05
3256605;1;3;1;80;1;1;1;6; ;2; ;2; ; ;1; ;2;1;1;07;05;874,814728799729;05
3256613;1;1;1;80;1;1;1;9;LO HACE EVENTUALMENTE;2; ;1;200000; ; ; ;7;2;1;07;05;1098,53912919126;05
3256614;1;2;1;80;1;2; ; ; ;2; ;2; ;2; ;.; ; ;1;07;05;802,576575675695;05
3256614;1;3;1;80;1;2; ; ; ; ; ;2; ;2; ;.; ; ;1;07;05;802,576575675695;05
3256614;1;4;1;80;1;2; ; ; ;2; ;2; ;2; ;.; ; ;1;07;05;802,576575675695;05
3256616;1;4;1;80;1;1;2;8; ; ; ;2; ; ;1; ;8;1;1;07;05;853,166550444256;05
3256619;1;1;1;80;1;1;4;7; ;2; ;2; ; ; ; ;8;2;1;07;05;1143,58811776542;05
3256620;1;3;1;80;1;1;1;8; ;2; ;2; ; ; ; ;2;2;1;07;05;686,686248732326;05
3256620;1;4;1;80;1;1;1;2; ;2; ;2; ; ; ; ;2;2;1;07;05;686,686248732326;05
3256621;1;2;1;80;1;1;4;3; ;2; ;2; ; ; ; ;9;2;1;07;05;1011,37057644769;05
3256625;1;2;1;80;1;2; ; ; ;2; ;2; ;2; ;.; ; ;1;07;05;958,778709533064;05
3256625;1;3;1;80;1;1;3;8; ;2; ;2; ; ; ; ;8;2;1;07;05;958,778709533064;05
3256629;1;1;1;80;1;1;4;5; ;3; ;2; ; ; ; ;10;2;1;07;05;970,897368493951;05
3256629;1;2;1;80;1;1;4;4; ;2; ;2; ; ; ; ;9;2;1;07;05;970,897368493951;05
3256630;1;3;1;80;1;2; ; ; ; ; ;2; ;2; ;.; ; ;1;07;05;879,080518784576;05
3256631;1;1;1;80;1;1;4;5; ;3; ;2; ; ; ; ;10;2;1;07;05;1212,77413146844;05
3256631;1;2;1;80;1;1;4;3; ;2; ;2; ; ; ; ;9;2;1;07;05;1212,77413146844;05
3256631;1;3;1;80;1;2; ; ; ;2; ;2; ;2; ;.; ; ;1;07;05;1212,77413146844;05
3256636;1;2;1;80;1;1;1;9;POR EMBARAZO;2; ;2; ; ; ;POR ESTAR EMBARAZADA;12;2;1;07;05;1014,87373099494;05
3256641;1;2;1;80;1;1;2;6; ;2; ;2; ; ; ; ;9;2;1;07;63;139,166611638747;63
3256642;1;1;1;80;1;1;4;3; ;2; ;2; ; ; ; ;11;2;1;07;63;107,308501624425;63
3256643;1;1;1;80;1;2; ; ; ;2; ;2; ;2; ;.; ; ;1;07;63;133,429044685834;63
3256645;1;2;1;80;1;1;3;3; ;2; ;2; ; ; ; ;9;2;1;07;63;160,744388489479;63
3256648;1;1;1;80;1;1;4;8; ;2; ;2; ; ; ; ;4;2;1;07;63;131,13341268487;63
3256649;1;2;1;80;1;1;4;3; ;2; ;2; ; ; ; ;9;2;1;07;63;121,459215974469;63
3256650;1;1;1;80;1;1;4;8; ;2; ;2; ; ; ; ;8;2;1;07;63;126,405686376764;63
3256651;1;4;1;80;1;1;1;2; ;2; ;2; ; ; ; ;2;2;1;07;17;156,600283725479;17
3256651;1;5;1;80;1;2; ; ; ;2; ;2; ;2; ;.; ; ;1;07;17;156,600283725479;17
3256652;1;2;1;80;1;1;1;8; ;2; ;2; ; ; ; ;9;2;1;07;17;295,445326220586;17
3256652;1;3;1;80;1;2; ; ; ; ; ;2; ;2; ;.; ; ;1;07;17;295,445326220586;17
3256652;1;4;1;80;1;2; ; ; ; ; ;2; ;2; ;.; ; ;1;07;17;295,445326220586;17
3256653;1;3;1;80;1;2; ; ; ; ; ;2; ;2; ;.; ; ;1;07;17;184,368506367387;17
3256653;1;5;1;80;1;1;2;3; ;2; ;2; ; ; ; ;9;2;1;07;17;184,368506367387;17
3256655;1;1;1;80;1;1;4;5; ;3; ;2; ; ; ; ;10;2;1;07;17;174,709742858385;17
3256655;1;2;1;80;1;2; ; ; ;2; ;2; ;2; ;.; ; ;1;07;17;174,709742858385;17
3256656;1;1;1;80;1;1;4;3; ;2; ;2; ; ; ; ;9;2;1;07;17;146,225632521477;17
3256659;1;1;1;80;1;1;4;8; ;2; ;2; ; ; ; ;11;2;1;07;17;186,324873179276;17
3256660;1;4;1;80;1;2; ; ; ;2; ;2; ;2; ;.; ; ;1;07;17;248,231822091931;17
3256661;1;1;1;80;1;1;4;8; ;2; ;2; ; ; ; ;4;2;1;07;17;169,783512733465;17
3256661;1;2;1;80;1;1;1;3; ;2; ;2; ; ; ; ;9;2;1;07;17;169,783512733465;17
3256661;1;3;1;80;1;1;1;8; ;2; ;1;440000; ;1; ;2;1;1;07;17;169,783512733465;17
3256662;1;2;1;80;1;1;2;2; ;2; ;1;300000; ; ; ;2;2;1;07;17;158,179033121917;17
3256663;1;1;1;80;1;1;4;7; ;2; ;2; ; ; ; ;8;2;1;07;17;104,203242929425;17
3256663;1;2;1;80;1;1;4;4; ;2; ;2; ; ; ; ;4;2;1;07;17;104,203242929425;17
3256663;1;3;1;80;1;1;4;5; ;3; ;2; ; ; ; ;10;2;1;07;17;104,203242929425;17
3256663;1;5;1;80;1;2; ; ; ;2; ;2; ;2; ;.; ; ;1;07;17;104,203242929425;17
3256664;1;2;1;80;1;1;4;3; ;2; ;2; ; ; ; ;4;2;1;07;17;174,709742858385;17
3256665;1;1;1;80;1;1;4;7; ;2; ;2; ; ;4; ;8;1;1;07;17;93,5533515731853;17
3256665;1;3;1;80;1;2; ; ; ;2; ;2; ;2; ;.; ; ;1;07;17;93,5533515731853;17
3256666;1;2;1;80;1;1;4;3; ;2; ;2; ; ; ; ;4;2;1;07;17;93,5533515731853;17
3256666;1;3;1;80;1;1;4;6; ;2; ;2; ; ; ; ;8;2;1;07;17;93,5533515731853;17
3256666;1;4;1;80;1;1;9;8; ;2; ;2; ; ; ; ;11;2;1;07;17;93,5533515731853;17
3256667;1;2;1;80;1;2; ; ; ; ; ;2; ;2; ;.; ; ;1;07;17;143,255769208446;17
3256669;1;1;1;80;1;1;4;3; ;2; ;2; ; ;4; ;1;1;1;07;17;258,14001857653;17
3256671;1;1;1;80;1;1;2;2; ;2; ;2; ; ; ; ;2;2;1;07;17;153,163965693045;17
3256675;1;2;1;80;1;2; ; ; ;2; ;2; ;2; ;.; ; ;1;07;17;186,324873179276;17
3256676;1;1;1;80;1;1;4;9;EL NOVIO NO LA DEJA TRABAJAR;2; ;2; ; ; ; ;11;2;1;07;17;160,451137155335;17
3256677;1;1;1;80;1;1;1;8; ;2; ;2; ; ; ; ;4;2;1;07;17;126,50839970201;17
3256679;1;1;1;80;1;1;3;4; ;3; ;2; ; ; ; ;11;2;1;07;17;207,870650344616;17
3256679;1;2;1;80;1;1;4;3; ;2; ;2; ; ; ; ;9;2;1;07;17;207,870650344616;17
3256679;1;3;1;80;1;2; ; ; ;2; ;2; ;2; ;.; ; ;1;07;17;207,870650344616;17
3256680;1;2;1;80;1;1;3;4; ;2; ;2; ; ; ; ;4;2;1;07;17;129,030264574589;17
3256681;1;1;1;80;1;1;4;5; ;3; ;2; ; ; ; ;11;2;1;07;17;130,858808920461;17
3256681;1;2;1;80;1;1;4;3; ;2; ;2; ; ; ; ;11;2;1;07;17;130,858808920461;17
3256681;1;4;1;80;1;2; ; ; ;2; ;2; ;2; ;.; ; ;1;07;17;130,858808920461;17
3256688;1;1;1;80;1;2; ; ; ;2; ;2; ;2; ;.; ; ;1;07;17;174,709742858385;17
3256689;3;1;3;80;1;1;4;8; ;2; ;2; ; ; ; ;8;2;1;07;17;218,616413031069;17
3256690;1;1;1;80;1;1;4;5; ;3; ;2; ; ; ; ;10;2;1;07;17;174,709742858385;17
3256690;1;2;1;80;1;2; ; ; ;2; ;2; ;2; ;.; ; ;1;07;17;174,709742858385;17
3256691;1;1;1;80;1;1;4;5; ;3; ;2; ; ; ; ;10;2;1;07;17;160,484238224528;17
3256691;1;2;1;80;1;1;4;8; ;2; ;2; ; ; ; ;9;2;1;07;17;160,484238224528;17
3256693;1;2;1;80;1;1;2;2; ;2; ;2; ; ; ; ;2;2;1;07;15;102,268123186961;15
3256693;1;3;1;80;1;2; ; ; ;2; ;2; ;2; ;.; ; ;1;07;15;102,268123186961;15
3256694;1;1;1;80;1;1;4;5; ;3; ;2; ; ; ; ;8;2;1;07;15;102,302977900775;15
3256694;1;3;1;80;1;1;4;4; ;2; ;2; ; ; ; ;4;2;1;07;15;102,302977900775;15
3256695;1;1;1;80;1;1;4;4; ;2; ;2; ; ; ; ;4;2;1;07;15;103,367706091043;15
3256696;1;2;1;80;1;1;3;3; ;2; ;2; ; ; ; ;9;2;1;07;15;101,729515958637;15
3256696;1;3;1;80;1;2; ; ; ;2; ;2; ;2; ;.; ; ;1;07;15;101,729515958637;15
3256696;1;4;1;80;1;2; ; ; ; ; ;2; ;2; ;.; ; ;1;07;15;101,729515958637;15
3256697;1;2;1;80;1;1;2;7; ;2; ;2; ; ; ; ;8;2;1;07;15;88,9698268552625;15
3256697;1;3;1;80;1;2; ; ; ;2; ;2; ;2; ;.; ; ;1;07;15;88,9698268552625;15
3256698;1;2;1;80;1;1;3;3; ;2; ;2; ; ; ; ;9;2;1;07;15;85,6656017119095;15
3256698;1;3;1;80;1;1;1;2; ;2; ;2; ; ; ; ;2;2;1;07;15;85,6656017119095;15
3256698;1;4;1;80;1;2; ; ; ;2; ;2; ;2; ;.; ; ;1;07;15;85,6656017119095;15
3256700;1;4;1;80;1;2; ; ; ;2; ;2; ;2; ;.; ; ;1;07;15;81,5467091509136;15
3256700;1;5;1;80;1;1;4;5; ;3; ;2; ; ; ; ;10;2;1;07;15;81,5467091509136;15
3256701;1;2;1;80;1;2; ; ; ;2; ;2; ;2; ;.; ; ;1;07;15;91,1907092718499;15
3256702;1;1;1;80;1;2; ; ; ;2; ;2; ;2; ;.; ; ;1;07;15;102,112656414298;15
3256702;1;2;1;80;1;2; ; ; ;2; ;2; ;2; ;.; ; ;1;07;15;102,112656414298;15
3256703;1;1;1;80;1;1;4;5; ;3; ;2; ; ; ; ;10;2;1;07;15;114,479974719969;15
3256703;1;2;1;80;1;1;4;6; ;2; ;2; ; ; ; ;4;2;1;07;15;114,479974719969;15
3256705;1;2;1;80;1;1;1;2; ;2; ;2; ; ; ; ;2;2;1;07;15;112,547109861746;15
3256706;1;1;1;80;1;2; ; ; ;2; ;2; ;2; ;.; ; ;1;07;15;66,618412478411;15
3256706;1;3;1;80;1;2; ; ; ;2; ;2; ;2; ;.; ; ;1;07;15;66,618412478411;15
3256707;1;1;1;80;1;1;1;9;RETIRO VOLUNTARIO;2; ;1;589500; ; ; ;11;2;1;07;15;118,386902518117;15
3256708;1;2;1;80;1;1;3;4; ;2; ;2; ; ; ; ;4;2;1;07;15;94,3786238068172;15
3256709;1;4;1;80;1;1;4;4; ;2; ;2; ; ; ; ;4;2;1;07;15;92,3722769678382;15
3256710;1;3;1;80;1;2; ; ; ;2; ;2; ;2; ;.; ; ;1;07;15;98,5255771241409;15
3256711;1;2;1;80;1;2; ; ; ; ; ;2; ;2; ;.; ; ;1;07;15;73,5540364877593;15
3256712;1;4;1;80;1;1;1;2; ;2; ;2; ; ; ; ;2;2;1;07;15;65,2813966519534;15
3256713;1;3;1;80;1;2; ; ; ;2; ;2; ;2; ;.; ; ;1;07;15;88,9698268552625;15
3256715;1;1;1;80;1;2; ; ; ;2; ;2; ;2; ;.; ; ;1;07;15;60,4957656752356;15
3256715;1;2;1;80;1;2; ; ; ;2; ;2; ;2; ;.; ; ;1;07;15;60,4957656752356;15
3256716;1;1;1;80;1;1;2;2; ;2; ;2; ; ; ; ;2;2;1;07;15;88,2920116737848;15
3256717;1;1;1;80;1;2; ; ; ;2; ;2; ;2; ;.; ; ;1;07;15;77,0982871502875;15
3256719;1;1;1;80;1;1;4;5; ;3; ;2; ; ; ; ;10;2;1;07;15;103,367706091043;15
3256721;1;1;1;80;1;1;4;5; ;3; ;2; ; ; ; ;10;2;1;07;15;94,3786238068172;15
3256721;1;2;1;80;1;2; ; ; ;2; ;2; ;2; ;.; ; ;1;07;15;94,3786238068172;15
3256723;1;2;1;80;1;1;4;4; ;2; ;2; ; ; ; ;4;2;1;07;15;73,9332699600876;15
3256723;1;3;1;80;1;2; ; ; ;2; ;2; ;2; ;.; ; ;1;07;15;73,9332699600876;15
3256723;1;4;1;80;1;2; ; ; ; ; ;2; ;2; ;.; ; ;1;07;15;73,9332699600876;15
3256723;1;5;1;80;1;2; ; ; ;2; ;2; ;2; ;.; ; ;1;07;15;73,9332699600876;15
3256725;1;1;1;80;1;2; ; ; ;2; ;2; ;2; ;.; ; ;1;07;15;79,6792758877342;15
3256726;1;2;1;80;1;2; ; ; ;2; ;2; ;2; ;.; ; ;1;07;15;75,8432374735427;15
3256728;1;1;1;80;1;1;2;8; ;2; ;2; ; ; ; ;11;2;1;07;18;32,2696987683641;18
3256728;1;4;1;80;1;2; ; ; ;2; ;2; ;2; ;.; ; ;1;07;18;32,2696987683641;18
3256731;1;1;1;80;1;1;4;3; ;2; ;2; ; ; ; ;9;2;1;07;47;87,4483495145594;47
3256732;1;1;1;80;1;1;4;4; ;2; ;2; ; ; ; ;4;2;1;07;47;182,038455550538;47
3256732;1;4;1;80;1;2; ; ; ;2; ;2; ;2; ;.; ; ;1;07;47;182,038455550538;47
3256732;1;6;1;80;1;1;2;3; ;2; ;2; ; ; ; ;9;2;1;07;47;182,038455550538;47
3256733;1;4;1;80;1;2; ; ; ; ; ;2; ;2; ;.; ; ;1;07;47;239,954427700958;47
3256734;1;1;1;80;1;1;4;5; ;3; ;2; ; ; ; ;10;2;1;07;47;107,655564179303;47
3256734;1;2;1;80;1;1;4;5; ;3; ;2; ; ; ; ;10;2;1;07;47;107,655564179303;47
3256735;1;2;1;80;1;1;4;4; ;2; ;2; ; ; ; ;4;2;1;07;47;186,330642129105;47
3256735;1;9;1;80;1;2; ; ; ;2; ;2; ;2; ;.; ; ;1;07;47;186,330642129105;47
3256736;1;3;1;80;1;2; ; ; ;2; ;2; ;2; ;.; ; ;1;07;47;158,36697930518;47
3256737;1;1;1;80;1;1;4;9;POR LA EDAD;2; ;2; ; ; ; ;8;2;1;07;47;158,974875534111;47
3256738;1;2;1;80;1;1;2;8; ;2; ;2; ; ; ; ;9;2;1;07;47;297,803796902765;47
3256739;1;2;1;80;1;1;4;3; ;2; ;2; ; ; ; ;9;2;1;07;47;126,981587062459;47
3256740;1;1;1;80;1;1;4;4; ;2; ;2; ; ; ; ;4;2;1;07;47;137,080425257051;47
3256740;1;2;1;80;1;1;4;8; ;2; ;2; ; ; ; ;9;2;1;07;47;137,080425257051;47
3256743;1;3;1;80;1;2; ; ; ;2; ;2; ;2; ;.; ; ;1;07;47;149,205592639154;47
3256743;1;4;1;80;1;2; ; ; ; ; ;2; ;2; ;.; ; ;1;07;47;149,205592639154;47
3256744;1;3;1;80;1;2; ; ; ; ; ;2; ;2; ;.; ; ;1;07;47;157,631492731279;47
3256745;1;1;1;80;1;1;2;8; ;2; ;2; ; ; ; ;1;2;1;07;47;87,4483495145594;47
3256745;1;2;1;80;1;2; ; ; ;2; ;2; ;2; ;.; ; ;1;07;47;87,4483495145594;47
3256745;1;3;1;80;1;1;4;4; ;2; ;2; ; ; ; ;8;2;1;07;47;87,4483495145594;47
3256746;1;1;1;80;1;1;1;6; ;2; ;2; ; ; ; ;8;2;1;07;47;137,080425257051;47
3256747;1;2;1;80;1;1;2;3; ;2; ;2; ; ; ; ;9;2;1;07;47;175,793262806696;47
3256748;1;2;1;80;1;1;2;8; ;2; ;2; ; ; ; ;9;2;1;07;47;187,624436773109;47
3256756;1;2;1;80;1;2; ; ; ;2; ;2; ;2; ;.; ; ;1;07;47;121,35091564341;47
3256759;1;1;1;80;1;1;4;4; ;3; ;2; ; ; ; ;10;2;1;07;47;168,298413889954;47
3256759;1;2;1;80;1;1;1;4; ;2; ;2; ; ; ; ;4;2;1;07;47;168,298413889954;47
3256761;1;2;1;80;1;1;2;4; ;2; ;2; ; ; ; ;4;2;1;07;47;221,954257589984;47
3256761;1;4;1;80;1;2; ; ; ; ; ;2; ;2; ;.; ; ;1;07;47;221,954257589984;47
3256761;1;9;1;80;1;2; ; ; ;2; ;2; ;2; ;.; ; ;1;07;47;221,954257589984;47
3256763;1;2;1;80;1;1;4;3; ;2; ;2; ; ; ; ;9;2;1;07;47;257,352297175157;47
3256763;1;5;1;80;1;2; ; ; ; ; ;2; ;2; ;.; ; ;1;07;47;257,352297175157;47
3256763;1;9;1;80;1;2; ; ; ;2; ;2; ;2; ;.; ; ;1;07;47;257,352297175157;47
3256764;1;1;1;80;1;1;3;5; ;3; ;2; ; ; ; ;10;2;1;07;47;151,152097529247;47
3256764;1;2;1;80;1;2; ; ; ;2; ;2; ;2; ;.; ; ;1;07;47;151,152097529247;47
3256764;1;3;1;80;1;2; ; ; ;2; ;2; ;2; ;.; ; ;1;07;47;151,152097529247;47
3256764;1;4;1;80;1;2; ; ; ;2; ;2; ;2; ;.; ; ;1;07;47;151,152097529247;47
3256764;1;5;1;80;1;2; ; ; ;2; ;2; ;2; ;.; ; ;1;07;47;151,152097529247;47
3256766;1;3;1;80;1;2; ; ; ;2; ;2; ;2; ;.; ; ;1;07;47;228,653147777331;47
3256767;1;2;1;80;1;1;4;3; ;2; ;2; ; ; ; ;4;2;1;07;47;157,631492731279;47
3256767;1;3;1;80;1;2; ; ; ; ; ;2; ;2; ;.; ; ;1;07;47;157,631492731279;47
3256770;1;1;1;80;1;1;4;6; ;2; ;2; ; ; ; ;4;2;1;07;54;433,122244516528;54
3256770;1;2;1;80;1;2; ; ; ;2; ;2; ;2; ;.; ; ;1;07;54;433,122244516528;54
3256772;1;1;1;80;1;1;1;4; ;2; ;2; ; ; ; ;4;2;1;07;54;484,17487451068;54
3256772;1;2;1;80;1;1;4;6; ;2; ;2; ; ; ; ;9;2;1;07;54;484,17487451068;54
3256774;1;3;1;80;1;2; ; ; ;2; ;2; ;2; ;.; ; ;1;07;54;366,615874681447;54
3256777;1;2;1;80;1;1;4;6; ;2; ;2; ; ; ; ;4;2;1;07;54;372,425139791801;54
3256778;1;3;1;80;1;2; ; ; ;2; ;2; ;2; ;.; ; ;1;07;54;397,050960346414;54
3256778;1;4;1;80;1;2; ; ; ; ; ;2; ;2; ;.; ; ;1;07;54;397,050960346414;54
3256782;1;2;1;80;1;1;1;3; ;2; ;2; ; ; ; ;9;2;1;07;54;474,473254965742;54
3256784;1;3;1;80;1;2; ; ; ; ; ;2; ;2; ;.; ; ;1;07;54;375,545006773404;54
3256784;1;4;1;80;1;2; ; ; ;2; ;2; ;1;2; ;9; ;1;07;54;375,545006773404;54
3256786;1;3;1;80;1;2; ; ; ;2; ;2; ;2; ;.; ; ;1;07;54;370,530000838377;54
3256786;1;4;1;80;1;2; ; ; ; ; ;2; ;2; ;.; ; ;1;07;54;370,530000838377;54
3256788;1;1;1;80;1;1;1;5; ;2; ;2; ; ; ;TRASLADO DE CIUDAD;12;2;1;07;54;744,982469729414;54
3256788;1;2;1;80;1;2; ; ; ;2; ;2; ;2; ;.; ; ;1;07;54;744,982469729414;54
3256789;1;1;1;80;1;1;4;3; ;2; ;2; ; ; ; ;9;2;1;07;54;826,639968241839;54
3256790;1;1;1;80;1;1;3;4; ;3; ;2; ; ; ; ;4;2;1;07;54;933,122550744509;54
3256790;1;2;1;80;1;1;1;4; ;2; ;2; ; ; ; ;9;2;1;07;54;933,122550744509;54
3256790;1;4;1;80;1;1;1;3; ;2; ;2; ; ; ; ;9;2;1;07;54;933,122550744509;54
3256791;1;4;1;80;1;1;1;3; ;2; ;2; ; ; ; ;9;2;1;07;54;243,127901007403;54
3256792;1;4;1;80;1;2; ; ; ; ; ;2; ;2; ;.; ; ;1;07;54;349,002275543022;54
3256793;1;3;1;80;1;2; ; ; ;2; ;2; ;2; ;.; ; ;1;07;54;409,307673550965;54
3256793;1;4;1;80;1;2; ; ; ; ; ;2; ;2; ;.; ; ;1;07;54;409,307673550965;54
3256793;1;5;1;80;1;2; ; ; ; ; ;2; ;2; ;.; ; ;1;07;54;409,307673550965;54
3256795;1;1;1;80;1;1;4;4; ;2; ;2; ; ; ; ;8;2;1;07;54;469,715789879644;54
3256796;1;4;1;80;1;2; ; ; ;2; ;2; ;2; ;.; ; ;1;07;54;855,015635467451;54
3256797;1;1;1;80;1;1;3;3; ;2; ;2; ; ; ; ;9;2;1;07;54;720,469043320311;54
3256798;1;2;1;80;1;1;1;3; ;2; ;2; ; ; ; ;9;2;1;07;54;768,458947639745;54
3256799;1;1;1;80;1;2; ; ; ;2; ;2; ;2; ;.; ; ;1;07;54;389,216424759308;54
3256800;1;1;1;80;1;1;3;3; ;2; ;2; ; ; ; ;9;2;1;07;63;97,5359229868852;63
3256802;1;2;1;80;1;1;1;8; ;2; ;1;30000; ; ; ;9;2;1;07;63;164,001363343998;63
3256803;1;1;1;80;1;1;4;3; ;2; ;2; ; ; ; ;9;2;1;07;63;126,405686376764;63
3256804;1;1;1;80;1;1;4;6; ;2; ;2; ; ; ; ;8;2;1;07;63;104,559281295955;63
3256807;1;2;1;80;1;2; ; ; ;2; ;2; ;2; ;.; ; ;1;07;63;145,106716699278;63
3256807;2;1;2;80;1;1;4;4; ;2; ;2; ; ; ; ;4;2;1;07;63;145,106716699278;63
3256808;1;2;1;80;1;2; ; ; ;2; ;2; ;2; ;.; ; ;1;07;70;98,1000967099728;70
3256808;1;4;1;80;1;2; ; ; ;2; ;2; ;2; ;.; ; ;1;07;70;98,1000967099728;70
3256808;1;5;1;80;1;2; ; ; ;2; ;2; ;2; ;.; ; ;1;07;70;98,1000967099728;70
3256808;1;6;1;80;1;2; ; ; ; ; ;2; ;2; ;.; ; ;1;07;70;98,1000967099728;70
3256809;1;2;1;80;1;1;1;6; ;2; ;2; ; ; ;LOS EMPLEADORES LA CONSIDERAN VIEJA;12;2;1;07;70;99,6691621568209;70
3256811;1;1;1;80;1;2; ; ; ;1;1;2; ;1;4; ;11; ;1;07;70;71,505099870348;70
3256813;1;2;1;80;1;2; ; ; ;2; ;2; ;2; ;.; ; ;1;07;70;112,810043629287;70
3256814;1;2;1;80;1;1;1;8; ;2; ;2; ; ; ; ;2;2;1;07;70;107,115896309207;70
3256815;1;2;1;80;1;1;2;4; ;2; ;2; ; ; ; ;4;2;1;07;70;104,925460464022;70
3256815;1;3;1;80;1;2; ; ; ; ; ;2; ;2; ;.; ; ;1;07;70;104,925460464022;70
3256816;1;3;1;80;1;2; ; ; ; ; ;2; ;2; ;.; ; ;1;07;70;110,325520308906;70
3256817;1;3;1;80;1;2; ; ; ;2; ;2; ;2; ;.; ; ;1;07;70;91,6998935853911;70
3256818;1;5;1;80;1;2; ; ; ;2; ;2; ;2; ;.; ; ;1;07;70;129,699738302797;70
3256818;1;6;1;80;1;2; ; ; ; ; ;2; ;2; ;.; ; ;1;07;70;129,699738302797;70
3256819;1;1;1;80;1;1;1;3; ;2; ;2; ; ; ; ;9;2;1;07;70;91,7074971497345;70
3256819;1;2;1;80;1;2; ; ; ; ; ;2; ;2; ;.; ; ;1;07;70;91,7074971497345;70
3256819;1;5;1;80;1;1;4;8; ;2; ;2; ; ; ; ;8;2;1;07;70;91,7074971497345;70
3256820;1;1;1;80;1;1;4;4; ;2; ;2; ; ; ; ;8;2;1;07;70;89,2192786141893;70
3256820;1;2;1;80;1;1;4;6; ;2; ;2; ; ; ; ;8;2;1;07;70;89,2192786141893;70
3256820;1;4;1;80;1;2; ; ; ; ; ;2; ;2; ;.; ; ;1;07;70;89,2192786141893;70
3256821;1;1;1;80;1;1;4;4; ;2; ;2; ; ; ; ;4;2;1;07;70;103,706965442014;70
3256822;1;4;1;80;1;1;2;3; ;2; ;2; ; ;1; ;1;1;1;07;63;722,970442226787; 
3256822;1;6;1;80;1;1;4;4; ;2; ;2; ; ; ; ;8;2;1;07;63;722,970442226787; 
3256822;1;10;1;80;1;2; ; ; ;2; ;2; ;2; ;.; ; ;1;07;63;722,970442226787; 
3256823;1;2;1;80;1;1;2;3; ;2; ;2; ; ; ; ;9;2;1;07;63;2353,63314888064; 
3256823;1;3;1;80;1;2; ; ; ; ; ;2; ;2; ;.; ; ;1;07;63;2353,63314888064; 
3256824;1;2;1;80;1;1;4;4; ;2; ;2; ; ; ; ;4;2;1;07;63;722,970442226787; 
3256827;1;3;1;80;1;2; ; ; ;2; ;2; ;2; ;.; ; ;1;07;63;1468,92864154772; 
3256827;1;4;1;80;1;1;2;2; ;2; ;1;60000; ; ; ;2;2;1;07;63;1468,92864154772; 
3256828;1;1;1;80;1;1;1;5; ;3; ;2; ; ; ; ;6;2;1;07;63;722,970442226787; 
3256828;1;3;1;80;1;1;3;7; ;1;1;2; ; ;1; ;6;1;1;07;63;722,970442226787; 
3256828;1;4;1;80;1;1;1;2; ;2; ;1;120000; ; ; ;2;2;1;07;63;722,970442226787; 
3256829;1;1;1;80;1;1;4;4; ;2; ;2; ; ; ; ;4;2;1;07;63;722,970442226787; 
3256829;1;2;1;80;1;1;4;7; ;2; ;2; ; ; ; ;9;2;1;07;63;722,970442226787; 
3256830;1;1;1;80;1;1;4;3; ;2; ;2; ; ; ; ;8;2;1;07;63;722,970442226787; 
3256830;1;3;1;80;1;1;4;4; ;2; ;2; ; ; ; ;4;2;1;07;63;722,970442226787; 
3256831;1;1;1;80;1;1;4;4; ;3; ;2; ; ;1; ;4;1;1;07;63;2172,28886673104; 
3256833;1;1;1;80;1;1;4;4; ;2; ;2; ; ; ; ;6;2;1;07;63;722,970442226787; 
3256834;1;3;1;80;1;2; ; ; ;2; ;2; ;2; ;.; ; ;1;07;63;1597,92551023866; 
3256835;1;1;1;80;1;1;4;5; ;3; ;2; ; ; ; ;10;2;1;07;63;1147,26157725273; 
3256835;1;2;1;80;1;1;4;4; ;2; ;2; ; ; ; ;8;2;1;07;63;1147,26157725273; 
3256835;1;5;1;80;1;2; ; ; ;2; ;2; ;2; ;.; ; ;1;07;63;1147,26157725273; 
3256835;1;6;1;80;1;2; ; ; ; ; ;2; ;2; ;.; ; ;1;07;63;1147,26157725273; 
3256837;1;1;1;80;1;1;4;3; ;2; ;2; ; ; ; ;9;2;1;07;63;722,970442226787; 
3256845;1;1;1;80;1;1;4;5; ;3; ;2; ; ; ; ;10;2;1;07;63;722,970442226787; 
3256845;1;2;1;80;1;2; ; ; ;2; ;2; ;2; ;.; ; ;1;07;63;722,970442226787; 
3256845;1;3;1;80;1;2; ; ; ;1;4;2; ;2; ;.; ; ;1;07;63;722,970442226787; 
3256845;1;4;1;80;1;2; ; ; ;2; ;2; ;2; ;.; ; ;1;07;63;722,970442226787; 
3256846;1;1;1;80;1;1;4;3; ;2; ;2; ; ; ; ;8;2;1;07;63;722,970442226787; 
3256846;1;2;1;80;1;1;4;3; ;2; ;2; ; ; ; ;9;2;1;07;63;722,970442226787; 
3256847;1;2;1;80;1;1;4;4; ;2; ;2; ; ; ; ;4;2;1;07;63;722,970442226787; 
3256848;1;1;1;80;1;2; ; ; ;2; ;2; ;2; ;.; ; ;1;07;63;1684,78464819106; 
3256848;1;3;1;80;1;1;1;2; ;2; ;2; ; ; ; ;2;2;1;07;63;1684,78464819106; 
3256848;1;4;1;80;1;2; ; ; ; ; ;2; ;2; ;.; ; ;1;07;63;1684,78464819106; 
3256850;1;2;1;80;1;1;2;9;EMBARAZO;2; ;2; ; ;1; ;1;1;1;07;63;2098,62987448334; 
3256851;1;1;1;80;1;1;4;3; ;2; ;2; ; ; ; ;9;2;1;07;63;1647,96594149741; 
3256851;1;2;1;80;1;1;1;5; ;3; ;2; ; ; ; ;8;2;1;07;63;1647,96594149741; 
3256851;1;5;1;80;1;2; ; ; ;2; ;2; ;1;1; ;9; ;1;07;63;1647,96594149741; 
3256853;1;1;1;80;1;1;4;9;CALAMIDAD FAMILIAR (MUERTE DE SU HIJO);2; ;2; ; ; ; ;8;2;1;07;63;722,970442226787; 
3256854;1;2;1;80;1;2; ; ; ;2; ;2; ;2; ;.; ; ;1;07;63;1234,75151909993; 
3256857;1;1;1;80;1;1;3;5; ;3; ;2; ; ; ; ;10;2;1;07;63;722,970442226787; 
3256857;1;2;1;80;1;2; ; ; ;2; ;2; ;2; ;.; ; ;1;07;63;722,970442226787; 
3256858;1;2;1;80;1;2; ; ; ; ; ;2; ;2; ;.; ; ;1;07;63;722,970442226787; 
3256858;1;4;1;80;1;1;4;7; ;2; ;2; ; ; ; ;9;2;1;07;63;722,970442226787; 
3256858;1;5;1;80;1;1;1;8; ;2; ;2; ; ;1; ;4;1;1;07;63;722,970442226787; 
3256859;1;1;1;80;1;1;4;5; ;3; ;2; ; ; ; ;8;2;1;07;63;722,970442226787; 
3256859;1;2;1;80;1;2; ; ; ;2; ;2; ;2; ;.; ; ;1;07;63;722,970442226787; 
3256860;1;1;1;80;1;2; ; ; ;2; ;2; ;2; ;.; ; ;1;07;63;722,970442226787; 
3256861;1;2;1;80;1;1;4;4; ;2; ;2; ; ; ; ;9;2;1;07;63;722,970442226787; 
3256863;1;1;1;80;1;1;4;5; ;3; ;2; ; ; ; ;10;2;1;07;63;1409,50964520085; 
3256869;1;2;1;80;1;2; ; ; ;2; ;2; ;2; ;.; ; ;1;07;63;1198,3202798472; 
3256869;1;3;1;80;1;1;4;5; ;3; ;2; ; ; ; ;4;2;1;07;63;1198,3202798472; 
3256870;1;1;1;80;1;1;4;4; ;3; ;2; ; ; ; ;4;2;1;07;63;1256,19222713783; 
3256870;1;7;1;80;1;2; ; ; ;2; ;2; ;2; ;.; ; ;1;07;63;1256,19222713783; 
3256870;1;10;1;80;1;1;2;4; ;2; ;2; ; ; ; ;4;2;1;07;63;1256,19222713783; 
3256871;1;3;1;80;1;2; ; ; ;2; ;2; ;2; ;.; ; ;1;07;63;1353,55049450722; 
3256872;1;1;1;80;1;1;4;8; ;3; ;2; ; ; ; ;4;2;1;07;63;1265,88531316817; 
3256873;1;3;1;80;1;2; ; ; ; ; ;2; ;2; ;.; ; ;1;07;63;946,445299593515; 
3256873;1;4;1;80;1;2; ; ; ; ; ;2; ;2; ;.; ; ;1;07;63;946,445299593515; 
3256875;1;1;1;80;1;1;4;3; ;2; ;2; ; ; ; ;11;2;1;07;63;722,970442226787; 
3256875;1;2;1;80;1;1;1;4; ;2; ;2; ; ; ; ;4;2;1;07;63;722,970442226787; 
3256875;1;4;1;80;1;1;4;4; ;3; ;2; ; ; ; ;11;2;1;07;63;722,970442226787; 
3256880;1;4;1;80;1;2; ; ; ;2; ;2; ;2; ;.; ; ;1;07;63;1561,49427098593; 
3256881;1;1;1;80;1;1;4;5; ;3; ;2; ; ; ; ;11;2;1;07;63;1031,70819072037; 
3256881;1;2;1;80;1;2; ; ; ; ; ;2; ;2; ;.; ; ;1;07;63;1031,70819072037; 
3256882;1;1;1;80;1;2; ; ; ;2; ;2; ;2; ;.; ; ;1;07;63;1031,70819072037; 
3256882;1;2;1;80;1;2; ; ; ; ; ;2; ;2; ;.; ; ;1;07;63;1031,70819072037; 
3256884;1;1;1;80;1;1;4;4; ;3; ;2; ; ; ; ;11;2;1;07;63;1046,86443178264; 
3256885;1;2;1;80;1;2; ; ; ;2; ;2; ;2; ;.; ; ;1;07;63;1234,75151909993; 
3256892;1;2;1;80;1;2; ; ; ;2; ;2; ;2; ;.; ; ;1;07;73;278,632851287744;73
3256895;1;2;1;80;1;1;2;7; ;2; ;2; ; ; ; ;9;2;1;07;73;333,790904811899;73
3256896;1;2;1;80;1;2; ; ; ; ; ;2; ;2; ;.; ; ;1;07;73;207,637720179187;73
3256897;1;3;1;80;1;2; ; ; ;2; ;2; ;1;1; ;3; ;1;07;73;241,175918228804;73
3256898;1;2;1;80;1;1;1;3; ;2; ;2; ; ; ; ;9;2;1;07;73;281,663254785857;73
3256899;1;3;1;80;1;2; ; ; ; ; ;2; ;2; ;.; ; ;1;07;73;267,349325224012;73
3256902;1;1;1;80;1;1;4;7; ;2; ;2; ; ; ; ;8;2;1;07;73;225,264520203832;73
3256902;1;2;1;80;1;1;4;3; ;2; ;2; ; ; ; ;9;2;1;07;73;225,264520203832;73
3256903;1;2;1;80;1;1;4;3; ;2; ;2; ; ; ; ;9;2;1;07;73;237,371394058237;73
3256904;1;2;1;80;1;1;1;8; ;2; ;2; ; ; ;SE OCUPA SOLO EN TEMPORADA;12;2;1;07;73;307,617497816691;73
3256905;1;2;1;80;1;1;3;8; ;2; ;2; ; ; ; ;2;2;1;07;73;281,663254785857;73
3256908;1;3;1;80;1;2; ; ; ; ; ;2; ;2; ;.; ; ;1;07;63;121,459215974469;63
3256909;1;1;1;80;1;2; ; ; ;2; ;2; ;2; ;.; ; ;1;07;63;126,405686376764;63
3256910;1;2;1;80;1;1;3;3; ;2; ;2; ; ; ; ;9;2;1;07;63;139,166611638747;63
3256911;1;2;1;80;1;2; ; ; ;2; ;2; ;1;2; ;1; ;1;07;63;114,331859933495;63
3256912;1;2;1;80;1;1;4;3; ;2; ;2; ; ; ; ;9;2;1;07;63;135,909636784228;63
3256913;1;1;1;80;1;1;1;4; ;2; ;2; ; ; ; ;4;2;1;07;63;114,331859933495;63
3256914;1;2;1;80;1;1;4;3; ;2; ;2; ; ; ; ;9;2;1;07;63;119,059586241602;63
3256916;1;2;1;80;1;2; ; ; ;2; ;2; ;2; ;.; ; ;1;07;63;110,265770019229;63
3256916;1;3;1;80;1;2; ; ; ; ; ;2; ;2; ;.; ; ;1;07;63;110,265770019229;63
3256916;1;4;1;80;1;2; ; ; ; ; ;2; ;2; ;.; ; ;1;07;63;110,265770019229;63
3256917;1;3;1;80;1;1;4;5; ;3; ;2; ; ; ; ;8;2;1;07;19;2275,95818119489; 
3256928;1;2;1;80;1;1;4;5; ;2; ;2; ; ; ; ;10;2;1;07;19;2652,94423459304; 
3256951;1;4;1;80;1;2; ; ; ;2; ;2; ;2; ;.; ; ;1;07;19;2141,51371204441; 
3256952;1;2;1;80;1;2; ; ; ; ; ;2; ;2; ;.; ; ;1;07;19;1626,41304320111; 
3256953;1;3;1;80;1;1;3;8; ;2; ;2; ; ; ; ;8;2;1;07;19;2120,72267506888; 
3256954;1;2;1;80;1;1;1;8; ;2; ;1;120000; ; ; ;9;2;1;07;19;2264,5356603103; 
3256955;1;5;1;80;1;2; ; ; ;2; ;2; ;2; ;.; ; ;1;07;19;2305,43068437735; 
3256955;1;7;1;80;1;1;3;2; ;2; ;2; ; ; ; ;2;2;1;07;19;2305,43068437735; 
3256957;1;2;1;80;1;2; ; ; ;2; ;2; ;1;3; ;9; ;1;07;19;2369,61284380656; 
3256962;1;1;1;80;1;1;4;4; ;2; ;2; ; ; ; ;4;2;1;07;19;2483,34677692854; 
3256992;1;2;1;80;1;2; ; ; ; ; ;2; ;2; ;.; ; ;1;07;19;1856,73890857088; 
3256992;1;3;1;80;1;1;4;4; ;2; ;2; ; ; ; ;9;2;1;07;19;1856,73890857088; 
3256994;1;3;1;80;1;2; ; ; ;2; ;2; ;2; ;.; ; ;1;07;19;4367,61266118874; 
3256994;1;4;1;80;1;2; ; ; ;2; ;2; ;2; ;.; ; ;1;07;19;4367,61266118874; 
3256996;1;1;1;80;1;1;3;5; ;3; ;2; ; ; ; ;10;2;1;07;19;1523,48209236544; 
3256996;1;2;1;80;1;1;4;3; ;2; ;2; ; ; ; ;9;2;1;07;19;1523,48209236544; 
3256997;1;1;1;80;1;1;4;4; ;2; ;2; ; ; ; ;4;2;1;07;19;1868,25365732242; 
3256997;1;4;1;80;1;2; ; ; ; ; ;2; ;2; ;.; ; ;1;07;19;1868,25365732242; 
3256999;1;4;1;80;1;2; ; ; ;2; ;2; ;2; ;.; ; ;1;07;19;3261,74416238582; 
3256999;1;5;1;80;1;2; ; ; ;2; ;2; ;2; ;.; ; ;1;07;19;3261,74416238582; 
3257007;1;3;1;80;1;2; ; ; ; ; ;2; ;2; ;.; ; ;1;07;19;3394,0423988757; 
3257032;1;1;1;80;1;1;4;5; ;3; ;2; ; ; ; ;10;2;1;07;19;2183,59731543475; 
3257034;1;4;1;80;1;2; ; ; ; ; ;2; ;2; ;.; ; ;1;07;19;1820,97321357509; 
3257035;1;3;1;80;1;2; ; ; ;2; ;2; ;2; ;.; ; ;1;07;19;3435,62447282677; 
3257067;1;4;1;80;1;2; ; ; ;2; ;2; ;2; ;.; ; ;1;07;66;295,683263984922;66
3257068;1;3;1;80;1;2; ; ; ; ; ;2; ;2; ;.; ; ;1;07;66;384,609338622717;66
3257068;1;4;1;80;1;2; ; ; ; ; ;2; ;2; ;.; ; ;1;07;66;384,609338622717;66
3257069;1;4;1;80;1;2; ; ; ;2; ;2; ;2; ;.; ; ;1;07;41;91,1660992508554;41
3257069;1;5;1;80;1;2; ; ; ; ; ;2; ;2; ;.; ; ;1;07;41;91,1660992508554;41
3257071;1;2;1;80;1;1;4;1; ;2; ;2; ; ; ; ;8;2;1;07;41;166,692568879472;41
3257073;1;1;1;80;1;1;1;4; ;2; ;2; ; ; ; ;4;2;1;07;41;97,763187386687;41
3257073;2;3;2;80;1;2; ; ; ; ; ;2; ;2; ;.; ; ;1;07;41;97,763187386687;41
3257073;2;4;2;80;1;2; ; ; ; ; ;2; ;2; ;.; ; ;1;07;41;97,763187386687;41
3257075;1;2;1;80;1;2; ; ; ;2; ;2; ;2; ;.; ; ;1;07;41;104,436779431143;41
3257075;1;3;1;80;1;2; ; ; ;2; ;2; ;2; ;.; ; ;1;07;41;104,436779431143;41
3257077;1;1;1;80;1;2; ; ; ;2; ;2; ;2; ;.; ; ;1;07;41;110,794638459052;41
3257078;1;2;1;80;1;2; ; ; ; ; ;2; ;2; ;.; ; ;1;07;41;122,297283866246;41
3257080;1;1;1;80;1;1;4;4; ;2; ;2; ; ; ; ;4;2;1;07;66;239,038826517836;66
3257081;1;3;1;80;1;2; ; ; ;2; ;2; ;2; ;.; ; ;1;07;66;377,934493321912;66
3257081;1;4;1;80;1;2; ; ; ; ; ;2; ;2; ;.; ; ;1;07;66;377,934493321912;66
3257081;1;5;1;80;1;2; ; ; ; ; ;2; ;2; ;.; ; ;1;07;66;377,934493321912;66
3257082;1;2;1;80;1;1;4;2; ;2; ;2; ; ; ; ;9;2;1;07;66;373,003695744878;66
3257084;1;2;1;80;1;1;3;3; ;2; ;2; ; ; ; ;9;2;1;07;66;398,035313053339;66
3257084;1;3;1;80;1;2; ; ; ; ; ;2; ;2; ;.; ; ;1;07;66;398,035313053339;66
3257084;1;5;1;80;1;1;2;3; ;2; ;2; ; ; ; ;9;2;1;07;66;398,035313053339;66
3257085;1;2;1;80;1;1;4;3; ;2; ;2; ; ; ; ;4;2;1;07;66;311,241823156865;66
3257085;1;3;1;80;1;1;1;8; ;2; ;2; ; ; ; ;9;2;1;07;66;311,241823156865;66
3257086;1;1;1;80;1;1;4;5; ;3; ;2; ; ; ; ;10;2;1;07;66;236,870318317413;66
3257087;1;1;1;80;1;1;4;8; ;2; ;2; ; ; ; ;1;2;1;07;66;349,605772445306;66
3257087;1;3;1;80;1;1;1;8; ;2; ;2; ; ; ; ;2;2;1;07;66;349,605772445306;66
3257088;1;1;1;80;1;2; ; ; ;2; ;2; ;2; ;.; ; ;1;07;66;243,32279631855;66
3257089;1;2;1;80;1;1;4;3; ;2; ;2; ; ; ; ;9;2;1;07;66;291,757474435906;66
3257091;1;1;1;80;1;1;4;8; ;2; ;2; ; ; ; ;1;2;1;07;66;250,290136584294;66
3257091;1;5;1;80;1;2; ; ; ;2; ;2; ;2; ;.; ; ;1;07;66;250,290136584294;66
3257092;1;2;1;80;1;1;4;8; ;2; ;2; ; ; ; ;1;2;1;07;66;372,131671882992;66
3257092;1;3;1;80;1;2; ; ; ;2; ;2; ;2; ;.; ; ;1;07;66;372,131671882992;66
3257092;1;4;1;80;1;2; ; ; ; ; ;2; ;2; ;.; ; ;1;07;66;372,131671882992;66
3257094;1;1;1;80;1;1;4;3; ;2; ;2; ; ; ; ;9;2;1;07;66;214,732366426786;66
3257094;2;2;2;80;1;1;4;7; ;2; ;2; ; ; ; ;9;2;1;07;66;214,732366426786;66
3257095;1;2;1;80;1;1;4;3; ;2; ;2; ; ; ; ;9;2;1;07;66;350,826991609251;66
3257095;1;4;1;80;1;2; ; ; ;2; ;2; ;2; ;.; ; ;1;07;66;350,826991609251;66
3257096;1;2;1;80;1;1;4;4; ;2; ;2; ; ; ; ;4;2;1;07;66;236,870318317413;66
3257097;1;1;1;80;1;1;1;8; ;2; ;2; ; ; ; ;9;2;1;07;66;357,222769273267;66
3257097;1;5;1;80;1;2; ; ; ; ; ;2; ;2; ;.; ; ;1;07;66;357,222769273267;66
3257098;1;1;1;80;1;1;4;9;POR LA EDAD;2; ;2; ; ; ; ;8;2;1;07;66;289,880442546002;66
3257098;1;3;1;80;1;2; ; ; ; ; ;2; ;2; ;.; ; ;1;07;66;289,880442546002;66
3257099;1;4;1;80;1;2; ; ; ;2; ;2; ;2; ;.; ; ;1;07;66;355,072402868293;66
3257100;1;2;1;80;1;1;4;5; ;3; ;2; ; ; ; ;10;2;1;07;66;263,680187555814;66
3257100;1;3;1;80;1;1;4;4; ;2; ;2; ; ; ; ;4;2;1;07;66;263,680187555814;66
3257101;1;1;1;80;1;1;4;5; ;3; ;2; ; ; ; ;10;2;1;07;66;254,57924389433;66
3257102;1;1;1;80;1;2; ; ; ;2; ;2; ;2; ;.; ; ;1;07;66;309,073314956442;66
3257102;1;2;1;80;1;2; ; ; ;2; ;2; ;2; ;.; ; ;1;07;66;309,073314956442;66
3257103;1;3;1;80;1;2; ; ; ; ; ;2; ;2; ;.; ; ;1;07;66;345,024170170331;66
3257104;1;1;1;80;1;2; ; ; ;2; ;2; ;2; ;.; ; ;1;07;66;225,988814002566;66
3257104;1;2;1;80;1;2; ; ; ;2; ;2; ;2; ;.; ; ;1;07;66;225,988814002566;66
3257105;1;3;1;80;1;2; ; ; ; ; ;2; ;2; ;.; ; ;1;07;66;278,623994970222;66
3257106;1;3;1;80;1;2; ; ; ;2; ;2; ;2; ;.; ; ;1;07;66;345,024170170331;66
3257108;1;1;1;80;1;1;4;6; ;2; ;2; ; ;2; ;8;1;1;07;66;286,247147961925;66
3257108;1;2;1;80;1;1;4;6; ;2; ;2; ; ; ; ;8;2;1;07;66;286,247147961925;66
3257109;1;1;1;80;1;1;2;3; ;2; ;2; ; ;2; ;9;1;1;07;66;268,004199670533;66
3257112;2;1;2;80;1;1;3;9;CAMBIO DE CIUDAD;2; ;2; ; ;1; ;2;1;1;07;66;261,290012654238;66
3257114;1;1;1;80;1;1;4;3; ;2; ;2; ; ; ; ;9;2;1;07;66;246,34620523983;66
3257114;1;5;1;80;1;1;4;5; ;3; ;2; ; ; ; ;10;2;1;07;66;246,34620523983;66
3257115;1;3;1;80;1;2; ; ; ;2; ;2; ;2; ;.; ; ;1;07;66;303,345758692114;66
3257116;1;2;1;80;1;1;4;7; ;2; ;2; ; ;4; ;5;1;1;07;66;298,764156417139;66
3257116;1;3;1;80;1;1;1;2; ;2; ;2; ; ;1; ;2;1;1;07;66;298,764156417139;66
3257117;1;2;1;80;1;1;2;7; ;2; ;2; ; ; ; ;8;2;1;07;66;235,386371483891;66
3257120;1;2;1;80;1;2; ; ; ;2; ;2; ;1;3; ;9; ;1;07;20;147,685771293131;20
3257121;1;1;1;80;1;2; ; ; ;2; ;2; ;2; ;.; ; ;1;07;20;151,895176069103;20
3257126;1;2;1;80;1;1;4;3; ;2; ;2; ; ; ; ;1;2;1;07;20;120,246795426821;20
3257126;1;3;1;80;1;2; ; ; ;2; ;2; ;2; ;.; ; ;1;07;20;120,246795426821;20
3257126;1;4;1;80;1;2; ; ; ;2; ;2; ;2; ;.; ; ;1;07;20;120,246795426821;20
3257129;1;2;1;80;1;2; ; ; ;2; ;2; ;2; ;.; ; ;1;07;20;162,480800789011;20
3257129;1;7;1;80;1;2; ; ; ;2; ;2; ;2; ;.; ; ;1;07;20;162,480800789011;20
3257130;1;2;1;80;1;1;4;4; ;2; ;2; ; ; ; ;8;2;1;07;20;91,0220490507256;20
3257130;1;3;1;80;1;2; ; ; ; ; ;2; ;2; ;.; ; ;1;07;20;91,0220490507256;20
3257132;1;2;1;80;1;1;1;8; ;2; ;2; ; ; ; ;1;2;1;07;20;142,998798470298;20
3257133;1;3;1;80;1;2; ; ; ;2; ;2; ;2; ;.; ; ;1;07;20;227,901044047093;20
3257133;1;4;1;80;1;2; ; ; ; ; ;2; ;2; ;.; ; ;1;07;20;227,901044047093;20
3257134;1;2;1;80;1;1;1;6; ;2; ;2; ; ; ; ;9;2;1;07;20;165,491948015719;20
3257135;1;1;1;80;1;1;2;6; ;2; ;2; ; ; ; ;9;2;1;07;20;147,685771293131;20
3257136;1;4;1;80;1;2; ; ; ;2; ;2; ;2; ;.; ; ;1;07;20;146,398672446099;20
3257137;1;2;1;80;1;1;1;6; ;2; ;2; ; ; ; ;9;2;1;07;20;146,400929748393;20
3257138;1;2;1;80;1;2; ; ; ;2; ;2; ;2; ;.; ; ;1;07;20;147,685771293131;20
3257139;1;3;1;80;1;2; ; ; ; ; ;2; ;2; ;.; ; ;1;07;20;167,215996395394;20
3257140;1;1;1;80;1;1;4;5; ;3; ;2; ; ; ; ;10;2;1;07;20;80,3790717244178;20
3257141;1;3;1;80;1;2; ; ; ; ; ;2; ;2; ;.; ; ;1;07;20;103,039976167833;20
3257141;1;4;1;80;1;2; ; ; ; ; ;2; ;2; ;.; ; ;1;07;20;103,039976167833;20
3257142;1;2;1;80;1;2; ; ; ;2; ;2; ;2; ;.; ; ;1;07;44;78,7757948573777;44
3257143;1;2;1;80;1;1;2;4; ;2; ;2; ; ; ; ;4;2;1;07;44;101,907520406781;44
3257143;1;4;1;80;1;2; ; ; ;2; ;2; ;2; ;.; ; ;1;07;44;101,907520406781;44
3257144;1;2;1;80;1;1;1;8; ;2; ;2; ; ; ; ;2;2;1;07;44;62,6013974769814;44
3257145;1;2;1;80;1;1;4;6; ;2; ;2; ; ; ; ;9;2;1;07;44;103,786118314461;44
3257145;1;3;1;80;1;2; ; ; ;2; ;2; ;2; ;.; ; ;1;07;44;103,786118314461;44
3257146;1;2;1;80;1;2; ; ; ;2; ;2; ;2; ;.; ; ;1;07;44;84,0564045007608;44
3257146;1;3;1;80;1;2; ; ; ; ; ;2; ;2; ;.; ; ;1;07;44;84,0564045007608;44
3257149;1;2;1;80;1;2; ; ; ; ; ;2; ;2; ;.; ; ;1;07;44;55,0733278223784;44
3257150;1;2;1;80;1;2; ; ; ; ; ;2; ;2; ;.; ; ;1;07;44;68,6476808330076;44
3257150;1;4;1;80;1;1;4;3; ;2; ;2; ; ; ; ;8;2;1;07;44;68,6476808330076;44
3257151;1;2;1;80;1;1;4;3; ;2; ;2; ; ; ; ;9;2;1;07;44;73,4290594034891;44
3257152;1;3;1;80;1;1;1;9;CAMBIO DE CIUDAD;2; ;2; ; ;1; ;1;1;1;07;44;69,2922167272219;44
3257154;1;1;1;80;1;1;1;2; ;2; ;2; ; ; ; ;2;2;1;07;44;71,5142341215416;44
3257155;1;1;1;80;1;1;3;4; ;2; ;2; ; ; ; ;4;2;1;07;44;65,6410947625012;44
3257155;1;3;1;80;1;2; ; ; ;2; ;2; ;2; ;.; ; ;1;07;44;65,6410947625012;44
3257158;1;2;1;80;1;2; ; ; ;2; ;2; ;2; ;.; ; ;1;07;44;65,8647623746178;44
3257159;1;2;1;80;1;1;4;3; ;2; ;2; ; ; ; ;9;2;1;07;44;150,696681009547;44
3257161;1;3;1;80;1;1;2;2; ;2; ;2; ; ; ; ;2;2;1;07;44;65,8647623746178;44
3257163;1;4;1;80;1;2; ; ; ;2; ;2; ;2; ;.; ; ;1;07;44;83,2823314135333;44
3257164;1;2;1;80;1;2; ; ; ; ; ;2; ;2; ;.; ; ;1;07;44;78,7757948573777;44
3257165;1;2;1;80;1;1;4;3; ;2; ;2; ; ; ; ;9;2;1;07;44;59,2101704986456;44
3257166;1;3;1;80;1;2; ; ; ;2; ;2; ;2; ;.; ; ;1;07;44;64,1691488854499;44
3257167;1;2;1;80;1;2; ; ; ;2; ;2; ;2; ;.; ; ;1;07;44;88,392745553301;44
3257169;1;2;1;80;1;1;3;3; ;2; ;2; ; ; ; ;9;2;1;07;44;88,392745553301;44
3257172;1;2;1;80;1;1;2;3; ;2; ;2; ; ; ; ;9;2;1;07;44;153,64057276365;44
3257173;1;1;1;80;1;1;1;4; ;2; ;2; ; ; ; ;4;2;1;07;44;99,4531847369796;44
3257173;1;2;1;80;1;1;1;9;EMBARAZO;2; ;2; ; ; ;EMBARAZO;12;2;1;07;44;99,4531847369796;44
3257175;1;2;1;80;1;1;4;3; ;2; ;2; ; ; ; ;9;2;1;07;44;86,6662714257089;44
3257179;1;2;1;80;1;2; ; ; ;2; ;2; ;2; ;.; ; ;1;07;44;189,141452725562;44
3257179;1;3;1;80;1;2; ; ; ; ; ;2; ;2; ;.; ; ;1;07;44;189,141452725562;44
3257184;1;1;1;80;1;1;4;3; ;2; ;2; ; ; ; ;9;2;1;07;44;83,2950099985406;44
3257184;1;2;1;80;1;1;4;4; ;2; ;2; ; ; ; ;4;2;1;07;44;83,2950099985406;44
3257185;1;3;1;80;1;2; ; ; ; ; ;2; ;2; ;.; ; ;1;07;44;80,3073188915779;44
3257186;1;1;1;80;1;1;4;3; ;2; ;2; ; ; ; ;9;2;1;07;44;58,4645548007141;44
3257186;1;2;1;80;1;2; ; ; ; ; ;2; ;2; ;.; ; ;1;07;44;58,4645548007141;44
3257190;1;1;1;80;1;1;4;5; ;2; ;2; ; ; ; ;8;2;1;07;44;135,937701146616;44
3257192;1;2;1;80;1;2; ; ; ;2; ;2; ;2; ;.; ; ;1;07;44;113,537882623092;44
3257194;1;3;1;80;1;2; ; ; ; ; ;2; ;2; ;.; ; ;1;07;44;208,019571853154;44
3257195;1;2;1;80;1;1;2;3; ;2; ;2; ; ; ; ;9;2;1;07;44;60,9057839878135;44
3257197;1;2;1;80;1;1;1;8; ;2; ;2; ; ; ; ;9;2;1;07;44;232,751241689667;44
3257199;1;2;1;80;1;2; ; ; ;2; ;2; ;2; ;.; ; ;1;07;44;335,450541299525;44
3257200;1;2;1;80;1;1;3;3; ;2; ;2; ; ; ; ;9;2;1;07;44;323,075481469123;44
3257201;1;1;1;80;1;1;1;8; ;2; ;1;390000; ; ; ;4;2;1;07;44;295,800756145364;44
3257201;1;2;1;80;1;1;2;3; ;2; ;2; ; ; ; ;9;2;1;07;44;295,800756145364;44
3257202;1;1;1;80;1;1;3;4; ;2; ;2; ; ; ; ;4;2;1;07;44;271,875402293231;44
3257203;1;2;1;80;1;2; ; ; ;2; ;2; ;2; ;.; ; ;1;07;44;73,4697425970944;44
3257204;1;2;1;80;1;2; ; ; ;2; ;2; ;2; ;.; ; ;1;07;19;197,569637421698;19
3257204;1;3;1;80;1;2; ; ; ;2; ;2; ;2; ;.; ; ;1;07;19;197,569637421698;19
3257206;1;2;1;80;1;1;2;3; ;2; ;2; ; ; ; ;9;2;1;07;19;251,131831708018;19
3257207;1;2;1;80;1;2; ; ; ;2; ;2; ;2; ;.; ; ;1;07;19;233,569095597948;19
3257208;1;1;1;80;1;1;4;5; ;3; ;2; ; ; ; ;10;2;1;07;19;279,629988138365;19
3257208;1;3;1;80;1;2; ; ; ;2; ;2; ;2; ;.; ; ;1;07;19;279,629988138365;19
3257209;1;3;1;80;1;2; ; ; ;2; ;2; ;2; ;.; ; ;1;07;19;204,73939310809;19
3257209;1;4;1;80;1;2; ; ; ; ; ;2; ;2; ;.; ; ;1;07;19;204,73939310809;19
3257210;1;2;1;80;1;1;4;3; ;2; ;2; ; ; ; ;9;2;1;07;19;291,254840896177;19
3257210;1;3;1;80;1;2; ; ; ;2; ;2; ;2; ;.; ; ;1;07;19;291,254840896177;19
3257210;1;4;1;80;1;2; ; ; ;2; ;2; ;2; ;.; ; ;1;07;19;291,254840896177;19
3257210;1;5;1;80;1;2; ; ; ;2; ;2; ;2; ;.; ; ;1;07;19;291,254840896177;19
3257212;1;2;1;80;1;1;4;3; ;2; ;2; ; ; ; ;9;2;1;07;08;689,679072264826;08
3257212;1;5;1;80;1;2; ; ; ;2; ;2; ;2; ;.; ; ;1;07;08;689,679072264826;08
3257213;1;1;1;80;1;1;4;3; ;2; ;2; ; ; ; ;9;2;1;07;08;533,975488234624;08
3257213;1;2;1;80;1;2; ; ; ;2; ;2; ;2; ;.; ; ;1;07;08;533,975488234624;08
3257213;1;3;1;80;1;2; ; ; ;2; ;2; ;2; ;.; ; ;1;07;08;533,975488234624;08
3257216;1;2;1;80;1;2; ; ; ;2; ;2; ;2; ;.; ; ;1;07;08;587,869157277222;08
3257216;1;3;1;80;1;2; ; ; ; ; ;2; ;2; ;.; ; ;1;07;08;587,869157277222;08
3257217;1;2;1;80;1;1;4;3; ;2; ;2; ; ; ; ;9;2;1;07;08;692,584547186586;08
3257221;1;1;1;80;1;1;4;5; ;3; ;2; ; ; ; ;10;2;1;07;08;527,512483852723;08
3257221;1;2;1;80;1;2; ; ; ;2; ;2; ;2; ;.; ; ;1;07;08;527,512483852723;08
3257221;1;4;1;80;1;2; ; ; ;2; ;2; ;2; ;.; ; ;1;07;08;527,512483852723;08
3257221;1;5;1;80;1;2; ; ; ;2; ;2; ;2; ;.; ; ;1;07;08;527,512483852723;08
3257222;1;1;1;80;1;1;4;4; ;2; ;2; ; ; ; ;8;2;1;07;08;525,156224931807;08
3257222;1;2;1;80;1;1;4;3; ;2; ;2; ; ; ; ;9;2;1;07;08;525,156224931807;08
3257224;1;2;1;80;1;1;4;3; ;2; ;2; ; ; ; ;9;2;1;07;08;633,309587094353;08
3257224;1;3;1;80;1;2; ; ; ; ; ;2; ;2; ;.; ; ;1;07;08;633,309587094353;08
3257225;1;1;1;80;1;1;4;3; ;2; ;2; ; ;4; ;4;1;1;07;08;617,635499281014;08
3257226;1;5;1;80;1;2; ; ; ;2; ;2; ;2; ;.; ; ;1;07;08;948,078638522101;08
3257227;1;2;1;80;1;2; ; ; ;2; ;2; ;2; ;.; ; ;1;07;08;537,583978336033;08
3257227;1;4;1;80;1;1;2;3; ;2; ;2; ; ; ; ;9;2;1;07;08;537,583978336033;08
3257228;1;2;1;80;1;1;3;8; ;2; ;2; ; ; ; ;9;2;1;07;08;532,753829780142;08
3257228;1;3;1;80;1;2; ; ; ; ; ;2; ;2; ;.; ; ;1;07;08;532,753829780142;08
3257230;1;2;1;80;1;2; ; ; ;2; ;2; ;2; ;.; ; ;1;07;08;615,855169667214;08
3257231;1;4;1;80;1;2; ; ; ; ; ;2; ;2; ;.; ; ;1;07;76;1120,55217811791;76
3257233;1;1;1;80;1;1;1;1; ;2; ;2; ; ; ; ;4;2;1;07;76;892,429876767739;76
3257233;1;3;1;80;1;2; ; ; ;2; ;2; ;2; ;.; ; ;1;07;76;892,429876767739;76
3257234;1;1;1;80;1;1;1;3; ;1;1;2; ; ; ; ;9;2;1;07;76;962,360627561493;76
3257234;1;2;1;80;1;2; ; ; ; ; ;2; ;2; ;.; ; ;1;07;76;962,360627561493;76
3257234;1;4;1;80;1;1;4;3; ;2; ;2; ; ; ; ;9;2;1;07;76;962,360627561493;76
3257234;1;5;1;80;1;1;4;7; ;2; ;2; ; ; ; ;8;2;1;07;76;962,360627561493;76
3257236;1;4;1;80;1;1;2;6; ;2; ;2; ; ; ; ;8;2;1;07;76;630,486458869241;76
3257236;1;5;1;80;1;2; ; ; ;2; ;2; ;2; ;.; ; ;1;07;76;630,486458869241;76
3257237;1;1;1;80;1;1;4;5; ;3; ;2; ; ; ; ;11;2;1;07;76;684,250230709403;76
3257237;1;2;1;80;1;1;4;3; ;2; ;2; ; ; ; ;8;2;1;07;76;684,250230709403;76
3257239;1;2;1;80;1;2; ; ; ;2; ;2; ;2; ;.; ; ;1;07;76;1483,33422970849;76
3257240;1;1;1;80;1;1;4;4; ;2; ;2; ; ; ; ;4;2;1;07;76;840,756575383612;76
3257240;1;3;1;80;1;2; ; ; ;2; ;2; ;2; ;.; ; ;1;07;76;840,756575383612;76
3257240;1;4;1;80;1;1;1;8; ;2; ;1;40000; ; ; ;9;2;1;07;76;840,756575383612;76
3257246;1;2;1;80;1;1;4;6; ;2; ;2; ; ; ; ;9;2;1;07;76;927,973171389111;76
3257247;1;5;1;80;1;2; ; ; ;2; ;2; ;2; ;.; ; ;1;07;76;1190,74755192656;76
3257248;1;1;1;80;1;1;4;5; ;3; ;2; ; ; ; ;8;2;1;07;76;856,210516832777;76
3257248;1;2;1;80;1;1;4;6; ;2; ;2; ; ; ; ;9;2;1;07;76;856,210516832777;76
3257249;1;3;1;80;1;2; ; ; ; ; ;2; ;2; ;.; ; ;1;07;76;579,60105706582;76
3257253;1;3;1;80;1;1;1;8; ;2; ;2; ; ; ; ;6;2;1;07;76;756,012885265737;76
3257254;1;2;1;80;1;1;4;4; ;2; ;2; ; ;1; ;4;1;1;07;76;680,474753946449;76
3257255;1;1;1;80;1;1;4;4; ;2; ;2; ; ; ; ;4;2;1;07;76;791,556179887109;76
3257255;1;2;1;80;1;2; ; ; ;2; ;2; ;2; ;.; ; ;1;07;76;791,556179887109;76
3257256;1;1;1;80;1;1;4;4; ;2; ;2; ; ; ; ;4;2;1;07;76;943,427112838276;76
3257257;1;1;1;80;1;1;4;5; ;3; ;2; ; ; ; ;4;2;1;07;76;927,113236429024;76
3257259;1;3;1;80;1;2; ; ; ;2; ;2; ;2; ;.; ; ;1;07;76;806,038352109072;76
3257259;1;4;1;80;1;2; ; ; ; ; ;2; ;2; ;.; ; ;1;07;76;806,038352109072;76
3257260;1;1;1;80;1;1;4;7; ;2; ;2; ; ; ; ;9;2;1;07;76;983,421949536192;76
3257261;1;1;1;80;1;1;4;4; ;2; ;2; ; ; ; ;11;2;1;07;76;911,659294979858;76
3257261;1;2;1;80;1;1;4;8; ;2; ;2; ; ; ; ;9;2;1;07;76;911,659294979858;76
3257262;1;2;1;80;1;2; ; ; ; ; ;2; ;2; ;.; ; ;1;07;76;1463,42874618278;76
3257264;1;5;1;80;1;2; ; ; ; ; ;2; ;2; ;.; ; ;1;07;76;608,712099390116;76
3257266;1;1;1;80;1;1;1;4; ;2; ;1;280000; ; ; ;4;2;1;07;76;907,883818216904;76
3257266;1;2;1;80;1;1;1;4; ;2; ;2; ; ; ; ;4;2;1;07;76;907,883818216904;76
3257270;1;3;1;80;1;2; ; ; ;2; ;2; ;1;1; ;8; ;1;07;68;590,501749465045;68
3257272;1;3;1;80;1;2; ; ; ; ; ;2; ;2; ;.; ; ;1;07;68;491,557816145815;68
3257274;1;2;1;80;1;1;4;4; ;2; ;2; ; ; ; ;4;2;1;07;68;503,407379416491;68
3257275;1;1;1;80;1;1;1;3; ;2; ;2; ; ; ; ;9;2;1;07;68;553,747631442398;68
3257276;1;2;1;80;1;1;4;3; ;2; ;2; ; ; ; ;9;2;1;07;68;474,972980805784;68
3257276;1;5;1;80;1;2; ; ; ; ; ;2; ;2; ;.; ; ;1;07;68;474,972980805784;68
3257277;1;2;1;80;1;1;2;4; ;2; ;2; ; ; ; ;4;2;1;07;68;498,172172076477;68
3257278;1;3;1;80;1;2; ; ; ; ; ;2; ;2; ;.; ; ;1;07;68;454,503350964416;68
3257279;1;1;1;80;1;1;4;3; ;2; ;2; ; ; ; ;4;2;1;07;68;394,177022575814;68
3257280;1;1;1;80;1;1;1;8; ;2; ;2; ; ;1; ;4;1;1;07;68;507,980815764028;68
3257280;1;5;1;80;1;2; ; ; ;2; ;2; ;2; ;.; ; ;1;07;68;507,980815764028;68
3257281;1;1;1;80;1;1;4;8; ;2; ;2; ; ;3; ;8;1;1;07;68;488,772835246893;68
3257281;1;3;1;80;1;2; ; ; ;2; ;2; ;2; ;.; ; ;1;07;68;488,772835246893;68
3257281;1;4;1;80;1;2; ; ; ;2; ;2; ;2; ;.; ; ;1;07;68;488,772835246893;68
3257282;1;6;1;80;1;1;4;9;DESPLAZADO POR VIOLENCIA;2; ;2; ; ; ; ;8;2;1;07;68;556,190913470923;68
3257283;1;2;1;80;1;1;1;8; ;2; ;2; ; ; ; ;9;2;1;07;68;501,611275546042;68
3257284;1;2;1;80;1;1;4;7; ;2; ;2; ; ; ; ;8;2;1;07;68;495,06959155189;68
3257285;2;1;2;80;1;1;1;9;POR VIAJE A ESTADOS UNIDOS;2; ;2; ; ; ;VIAJE A EEUU;12;2;1;07;68;554,549457408915;68
3257285;2;2;2;80;1;1;1;3; ;2; ;2; ; ; ; ;9;2;1;07;68;554,549457408915;68
3257287;1;4;1;80;1;1;1;3; ;2; ;2; ; ; ; ;9;2;1;07;68;554,40175401304;68
3257289;1;3;1;80;1;2; ; ; ; ; ;2; ;2; ;.; ; ;1;07;50;150,39361183034;50
3257290;1;2;1;80;1;2; ; ; ; ; ;2; ;2; ;.; ; ;1;07;50;159,285206019497;50
3257291;1;1;1;80;1;1;1;4; ;2; ;1;750000; ; ; ;4;2;1;07;50;195,712251184234;50
3257291;1;6;1;80;1;1;1;3; ;2; ;2; ; ; ; ;9;2;1;07;50;195,712251184234;50
3257291;1;7;1;80;1;2; ; ; ;2; ;2; ;2; ;.; ; ;1;07;50;195,712251184234;50
3257292;1;2;1;80;1;2; ; ; ; ; ;2; ;2; ;.; ; ;1;07;50;150,378581140915;50
3257294;1;3;1;80;1;2; ; ; ;2; ;2; ;2; ;.; ; ;1;07;50;186,410293627687;50
3257294;1;4;1;80;1;2; ; ; ;2; ;2; ;2; ;.; ; ;1;07;50;186,410293627687;50
3257295;1;1;1;80;1;1;3;8; ;2; ;2; ; ; ; ;1;2;1;07;50;139,614172630609;50
3257295;1;2;1;80;1;2; ; ; ; ; ;2; ;2; ;.; ; ;1;07;50;139,614172630609;50
3257296;1;3;1;80;1;2; ; ; ;2; ;2; ;2; ;.; ; ;1;07;50;162,385858538346;50
3257297;1;2;1;80;1;1;3;8; ;2; ;2; ; ; ; ;4;2;1;07;50;229,897729388551;50
3257298;1;3;1;80;1;2; ; ; ;2; ;2; ;2; ;.; ; ;1;07;50;186,410293627687;50
3257298;1;4;1;80;1;2; ; ; ;2; ;2; ;2; ;.; ; ;1;07;50;186,410293627687;50
3257300;1;1;1;80;1;1;4;8; ;2; ;2; ; ; ; ;9;2;1;07;50;156,184553500648;50
3257302;1;1;1;80;1;1;1;8; ;2; ;2; ; ; ; ;9;2;1;07;50;203,858082720154;50
3257303;1;2;1;80;1;2; ; ; ;2; ;2; ;2; ;.; ; ;1;07;50;196,72818427433;50
3257304;1;3;1;80;1;2; ; ; ;2; ;2; ;2; ;.; ; ;1;07;50;180,331350680173;50
3257306;1;1;1;80;1;1;4;5; ;3; ;2; ; ; ; ;10;2;1;07;50;165,638788609581;50
3257309;1;2;1;80;1;2; ; ; ; ; ;2; ;2; ;.; ; ;1;07;50;142,766010335156;50
3257312;1;3;1;80;1;2; ; ; ;2; ;2; ;2; ;.; ; ;1;07;50;249,575967554962;50
3257314;1;1;1;80;1;1;2;4; ;2; ;2; ; ; ; ;4;2;1;07;50;202,375680766322;50
3257314;1;5;1;80;1;2; ; ; ; ; ;2; ;2; ;.; ; ;1;07;50;202,375680766322;50
3257315;1;3;1;80;1;2; ; ; ;2; ;2; ;2; ;.; ; ;1;07;50;199,828836793179;50
3257317;1;1;1;80;1;1;4;5; ;3; ;2; ; ; ; ;10;2;1;07;50;173,25135941534;50
3257318;1;1;1;80;1;1;4;3; ;2; ;2; ; ; ; ;9;2;1;07;50;204,432973614466;50
3257318;1;5;1;80;1;2; ; ; ;2; ;2; ;2; ;.; ; ;1;07;50;204,432973614466;50
3257320;1;1;1;80;1;1;3;5; ;3; ;2; ; ; ; ;10;2;1;07;50;213,794990189022;50
3257320;1;2;1;80;1;1;1;5; ;3; ;2; ; ; ; ;10;2;1;07;50;213,794990189022;50
3257320;1;3;1;80;1;2; ; ; ;2; ;2; ;2; ;.; ; ;1;07;50;213,794990189022;50
3257321;1;1;1;80;1;1;3;3; ;2; ;2; ; ; ; ;9;2;1;07;50;159,285206019497;50
3257322;1;1;1;80;1;1;4;7; ;2; ;2; ; ; ; ;8;2;1;07;50;176,352011934189;50
3257322;1;2;1;80;1;2; ; ; ;2; ;2; ;2; ;.; ; ;1;07;50;176,352011934189;50
3257323;1;2;1;80;1;2; ; ; ;2; ;2; ;2; ;.; ; ;1;07;50;127,971118611883;50
3257323;1;5;1;80;1;2; ; ; ;2; ;2; ;2; ;.; ; ;1;07;50;127,971118611883;50
3257323;1;8;1;80;1;2; ; ; ; ; ;2; ;2; ;.; ; ;1;07;50;127,971118611883;50
3257324;1;3;1;80;1;2; ; ; ; ; ;2; ;2; ;.; ; ;1;07;50;193,525161384085;50
3257326;1;2;1;80;1;1;1;8; ;2; ;1;60000; ; ; ;9;2;1;07;50;237,271815048013;50
3257328;1;3;1;80;1;2; ; ; ; ; ;2; ;2; ;.; ; ;1;07;50;152,067967891703;50
3257328;1;4;1;80;1;2; ; ; ; ; ;2; ;2; ;.; ; ;1;07;50;152,067967891703;50
3257328;1;5;1;80;1;2; ; ; ; ; ;2; ;2; ;.; ; ;1;07;50;152,067967891703;50
3257329;1;4;1;80;1;2; ; ; ;2; ;2; ;2; ;.; ; ;1;07;50;197,123516952295;50
3257329;1;5;1;80;1;2; ; ; ; ; ;2; ;2; ;.; ; ;1;07;50;197,123516952295;50
3257329;1;6;1;80;1;2; ; ; ; ; ;2; ;2; ;.; ; ;1;07;50;197,123516952295;50
3257330;1;2;1;80;1;2; ; ; ;2; ;2; ;2; ;.; ; ;1;07;50;171,589358526446;50
3257331;1;2;1;80;1;1;2;3; ;2; ;2; ; ; ; ;9;2;1;07;50;171,589358526446;50
3257344;1;2;1;80;1;2; ; ; ;2; ;2; ;2; ;.; ; ;1;07;50;173,25135941534;50
3257346;1;2;1;80;1;1;2;3; ;2; ;2; ; ; ; ;9;2;1;07;50;210,176788818673;50
3257346;1;3;1;80;1;2; ; ; ; ; ;2; ;2; ;.; ; ;1;07;50;210,176788818673;50
3257347;1;1;1;80;1;1;3;4; ;2; ;2; ; ; ; ;4;2;1;07;50;163,797124306407;50
3257348;1;1;1;80;1;1;4;5; ;3; ;2; ; ; ; ;10;2;1;07;50;238,985106320537;50
3257348;1;2;1;80;1;2; ; ; ;2; ;2; ;2; ;.; ; ;1;07;50;238,985106320537;50
3257349;1;2;1;80;1;1;4;3; ;2; ;2; ; ; ; ;9;2;1;07;50;196,72818427433;50
3257354;1;2;1;80;1;1;1;3; ;2; ;2; ; ; ; ;9;2;1;07;50;183,237332116293;50
3257354;1;3;1;80;1;2; ; ; ; ; ;2; ;2; ;.; ; ;1;07;50;183,237332116293;50
3257354;2;2;2;80;1;2; ; ; ;2; ;2; ;2; ;.; ; ;1;07;50;183,237332116293;50
3257354;3;2;3;80;1;2; ; ; ;2; ;2; ;2; ;.; ; ;1;07;50;183,237332116293;50
3257355;1;3;1;80;1;2; ; ; ;2; ;2; ;2; ;.; ; ;1;07;50;202,929489312028;50
3257355;1;4;1;80;1;2; ; ; ; ; ;2; ;2; ;.; ; ;1;07;50;202,929489312028;50
3257357;1;3;1;80;1;2; ; ; ;2; ;2; ;2; ;.; ; ;1;07;50;196,676999088632;50
3257358;1;2;1;80;1;1;1;3; ;2; ;2; ; ; ; ;9;2;1;07;50;196,72818427433;50
3257359;1;2;1;80;1;1;1;3; ;2; ;2; ; ; ; ;9;2;1;07;50;281,463708570896;50
3257360;1;1;1;80;1;1;4;5; ;3; ;2; ; ; ; ;10;2;1;07;50;209,283071902112;50
3257360;1;3;1;80;1;2; ; ; ;2; ;2; ;2; ;.; ; ;1;07;50;209,283071902112;50
3257361;1;2;1;80;1;2; ; ; ;2; ;2; ;2; ;.; ; ;1;07;50;153,047746485526;50
3257362;2;2;2;80;1;2; ; ; ;2; ;2; ;2; ;.; ; ;1;07;50;157,277820352343;50
3257364;1;1;1;80;1;2; ; ; ;2; ;2; ;2; ;.; ; ;1;07;50;183,309641108838;50
3257365;1;2;1;80;1;2; ; ; ;2; ;2; ;2; ;.; ; ;1;07;50;207,009920424701;50
3257367;1;1;1;80;1;1;2;3; ;2; ;2; ; ; ; ;9;2;1;07;50;196,72818427433;50
3257371;1;2;1;80;1;1;1;3; ;2; ;2; ; ; ; ;9;2;1;07;50;193,576346569783;50
3257372;1;4;1;80;1;1;1;2; ;2; ;2; ; ; ; ;2;2;1;07;50;210,542060117787;50
3257372;1;5;1;80;1;2; ; ; ;2; ;2; ;2; ;.; ; ;1;07;50;210,542060117787;50
3257373;1;1;1;80;1;1;1;4; ;2; ;2; ; ; ; ;4;2;1;07;50;155,564529079819;50
3257374;1;1;1;80;1;1;2;3; ;2; ;2; ; ; ; ;9;2;1;07;50;222,465910636197;50
3257375;1;1;1;80;1;1;4;9;NO DESEA TRABAJAR;2; ;2; ; ; ; ;11;2;1;07;50;149,370328046073;50
3257377;1;2;1;80;1;2; ; ; ;2; ;2; ;2; ;.; ; ;1;07;50;162,385858538346;50
3257378;1;2;1;80;1;1;1;6; ;2; ;2; ; ; ; ;9;2;1;07;50;203,858082720154;50
3257379;1;5;1;80;1;2; ; ; ;2; ;2; ;2; ;.; ; ;1;07;50;172,991750462195;50
3257380;1;1;1;80;1;1;2;3; ;2; ;2; ; ; ; ;9;2;1;07;50;143,756801617523;50
3257380;1;8;1;80;1;1;4;9;EDAD;2; ;2; ; ; ; ;8;2;1;07;50;143,756801617523;50
3257381;1;1;1;80;1;1;4;9;PERDIO EL DESEO DE TRABAJAR;2; ;2; ; ; ; ;8;2;1;07;50;216,895642707871;50
3257381;1;2;1;80;1;1;2;6; ;2; ;2; ; ; ; ;5;2;1;07;50;216,895642707871;50
3257381;1;4;1;80;1;2; ; ; ;2; ;2; ;2; ;.; ; ;1;07;50;216,895642707871;50
3257382;1;3;1;80;1;2; ; ; ;2; ;2; ;2; ;.; ; ;1;07;50;118,35221005938;50
3257383;1;2;1;80;1;1;3;7; ;2; ;2; ; ; ; ;6;2;1;07;50;131,275233868816;50
3257383;1;6;1;80;1;1;4;9;EDAD;2; ;2; ; ; ; ;8;2;1;07;50;131,275233868816;50
3257384;1;4;1;80;1;1;1;8; ;2; ;1;100000; ; ; ;8;2;1;07;50;249,826702675795;50
3257386;1;1;1;80;1;1;4;9;EDAD;2; ;2; ; ; ; ;4;2;1;07;50;111,488077423815;50
3257386;1;3;1;80;1;2; ; ; ;2; ;2; ;2; ;.; ; ;1;07;50;111,488077423815;50
3257386;1;5;1;80;1;1;1;2; ;2; ;2; ; ; ; ;2;2;1;07;50;111,488077423815;50
3257386;1;6;1;80;1;2; ; ; ;2; ;2; ;2; ;.; ; ;1;07;50;111,488077423815;50
3257387;1;1;1;80;1;1;1;9;VENDIO EMPRESA;2; ;2; ; ; ; ;1;2;1;07;50;222,450879946771;50
3257396;1;2;1;80;1;1;3;3; ;2; ;2; ; ; ; ;9;2;1;07;52;156,284683586343;52
3257398;1;1;1;80;1;2; ; ; ;2; ;2; ;2; ;.; ; ;1;07;52;80,2883310719139;52
3257398;1;8;1;80;1;1;4;3; ;2; ;2; ; ; ; ;8;2;1;07;52;80,2883310719139;52
3257399;1;2;1;80;1;2; ; ; ;2; ;2; ;2; ;.; ; ;1;07;52;120,676681488329;52
3257399;1;6;1;80;1;2; ; ; ;2; ;2; ;2; ;.; ; ;1;07;52;120,676681488329;52
3257401;1;1;1;80;1;1;4;3; ;2; ;2; ; ; ; ;9;2;1;07;52;128,67140620528;52
3257402;1;2;1;80;1;1;4;5; ;3; ;2; ; ; ; ;10;2;1;07;52;109,85831180672;52
3257402;1;4;1;80;1;2; ; ; ; ; ;2; ;2; ;.; ; ;1;07;52;109,85831180672;52
3257402;1;5;1;80;1;1;3;8; ;2; ;2; ; ; ; ;2;2;1;07;52;109,85831180672;52
3257403;1;3;1;80;1;2; ; ; ; ; ;2; ;2; ;.; ; ;1;07;52;209,754304967316;52
3257405;1;4;1;80;1;2; ; ; ;2; ;2; ;2; ;.; ; ;1;07;52;109,85831180672;52
3257406;1;4;1;80;1;1;1;1; ;2; ;2; ; ; ; ;11;2;1;07;52;181,320109275957;52
3257407;1;1;1;80;1;2; ; ; ;2; ;2; ;2; ;.; ; ;1;07;52;171,594792504703;52
3257408;1;1;1;80;1;1;4;3; ;2; ;2; ; ; ; ;9;2;1;07;52;128,67140620528;52
3257412;1;2;1;80;1;2; ; ; ;2; ;2; ;2; ;.; ; ;1;07;52;170,102218235816;52
3257415;1;4;1;80;1;2; ; ; ;2; ;2; ;2; ;.; ; ;1;07;52;197,965881393576;52
3257416;1;3;1;80;1;1;3;2; ;2; ;2; ; ; ; ;2;2;1;07;52;106,358418379984;52
3257417;1;3;1;80;1;2; ; ; ;2; ;2; ;2; ;.; ; ;1;07;52;161,20327691115;52
3257419;1;2;1;80;1;1;4;4; ;1;4;2; ; ; ; ;4;2;1;07;52;151,118196337538;52
3257419;1;3;1;80;1;1;4;3; ;2; ;2; ; ; ; ;1;2;1;07;52;151,118196337538;52
3257420;1;2;1;80;1;1;3;3; ;2; ;2; ; ; ; ;9;2;1;07;52;174,894925252174;52
3257421;1;2;1;80;1;1;1;4; ;2; ;2; ; ; ; ;4;2;1;07;52;156,484444265609;52
3257421;1;3;1;80;1;2; ; ; ; ; ;2; ;2; ;.; ; ;1;07;52;156,484444265609;52
3257422;1;2;1;80;1;1;3;3; ;2; ;2; ; ;2; ;9;1;1;07;52;183,993627256106;52
3257423;1;3;1;80;1;1;1;8; ; ; ;2; ; ; ; ;2;2;1;07;52;150,384907229541;52
3257425;1;2;1;80;1;1;4;8; ;2; ;2; ; ; ; ;9;2;1;07;52;144,786098652345;52
3257427;1;2;1;80;1;1;4;9;CAMBIO DE CIUDAD;2; ;2; ; ; ; ;9;2;1;07;52;204,83571164251;52
3257429;1;4;1;80;1;2; ; ; ;2; ;2; ;2; ;.; ; ;1;07;52;181,626544295899;52
3257429;1;6;1;80;1;2; ; ; ; ; ;2; ;2; ;.; ; ;1;07;52;181,626544295899;52
3257431;1;2;1;80;1;1;4;3; ;2; ;2; ; ; ; ;9;2;1;07;52;131,068197081882;52
3257431;1;3;1;80;1;2; ; ; ;2; ;2; ;2; ;.; ; ;1;07;52;131,068197081882;52
3257433;1;1;1;80;1;1;4;4; ;2; ;2; ; ; ; ;4;2;1;07;52;80,2883310719139;52
3257433;1;4;1;80;1;1;4;4; ;2; ;2; ; ; ; ;4;2;1;07;52;80,2883310719139;52
3257434;1;2;1;80;1;1;4;4; ;2; ;2; ; ; ; ;4;2;1;07;52;125,872001916682;52
3257435;1;3;1;80;1;2; ; ; ;2; ;2; ;2; ;.; ; ;1;07;13;359,183599152019;13
3257436;1;2;1;80;1;1;1;3; ;2; ;2; ; ; ; ;9;2;1;07;13;379,682742740081;13
3257437;1;1;1;80;1;1;4;5; ;3; ;2; ; ; ; ;10;2;1;07;13;417,618888383465;13
3257437;1;2;1;80;1;1;4;5; ;3; ;2; ; ; ; ;10;2;1;07;13;417,618888383465;13
3257438;1;1;1;80;1;1;3;6; ;2; ;2; ; ; ; ;1;2;1;07;13;384,593352958195;13
3257442;1;3;1;80;1;2; ; ; ;2; ;2; ;2; ;.; ; ;1;07;13;339,888320996872;13
3257443;1;4;1;80;1;2; ; ; ; ; ;2; ;2; ;.; ; ;1;07;13;277,683446746784;13
3257448;1;4;1;80;1;2; ; ; ;2; ;2; ;2; ;.; ; ;1;07;13;361,365474557581;13
3257448;1;6;1;80;1;2; ; ; ; ; ;2; ;2; ;.; ; ;1;07;13;361,365474557581;13
3257449;2;2;2;80;1;2; ; ; ;2; ;2; ;2; ;.; ; ;1;07;13;436,39140677976;13
3257449;2;3;2;80;1;2; ; ; ; ; ;2; ;2; ;.; ; ;1;07;13;436,39140677976;13
3257450;1;2;1;80;1;1;4;4; ;2; ;2; ; ; ; ;9;2;1;07;13;344,641190933654;13
3257450;1;5;1;80;1;2; ; ; ;2; ;2; ;2; ;.; ; ;1;07;13;344,641190933654;13
3257453;1;3;1;80;1;2; ; ; ;2; ;2; ;2; ;.; ; ;1;07;13;370,820038692516;13
3257453;1;8;1;80;1;1;2;4; ;2; ;2; ; ; ; ;4;2;1;07;13;370,820038692516;13
3257455;1;1;1;80;1;1;3;9;CAMBIO DE PAIS DE RESIDENCIA;2; ;2; ; ; ; ;1;2;1;07;13;398,554341133976;13
3257456;1;2;1;80;1;1;3;9;NO TIENE LIBRETA MILITAR;2; ;2; ; ; ;POR NO TENER LIBRETA MILITAR;12;2;1;07;13;357,134348364691;13
3257456;1;3;1;80;1;2; ; ; ;2; ;2; ;2; ;.; ; ;1;07;13;357,134348364691;13
3257457;1;2;1;80;1;1;1;8; ;2; ;2; ; ; ; ;9;2;1;07;13;398,318446984927;13
3257460;1;1;1;80;1;1;4;5; ;3; ;2; ; ; ; ;10;2;1;07;13;527,160552692967;13
3257460;1;2;1;80;1;2; ; ; ;2; ;2; ;2; ;.; ; ;1;07;13;527,160552692967;13
3257460;1;4;1;80;1;2; ; ; ;2; ;2; ;2; ;.; ; ;1;07;13;527,160552692967;13
3257461;1;4;1;80;1;2; ; ; ;2; ;2; ;2; ;.; ; ;1;07;13;386,35243735832;13
3257462;1;1;1;80;1;1;4;5; ;3; ;2; ; ; ; ;10;2;1;07;13;437,947096601036;13
3257462;1;3;1;80;1;2; ; ; ;2; ;2; ;2; ;.; ; ;1;07;13;437,947096601036;13
3257463;1;1;1;80;1;1;4;5; ;3; ;2; ; ; ; ;10;2;1;07;13;499,480528168131;13
3257463;1;2;1;80;1;2; ; ; ;2; ;2; ;2; ;.; ; ;1;07;13;499,480528168131;13
3257463;1;4;1;80;1;2; ; ; ;2; ;2; ;2; ;.; ; ;1;07;13;499,480528168131;13
3257464;1;2;1;80;1;1;4;3; ;2; ;2; ; ; ; ;9;2;1;07;13;361,047038495235;13
3257467;1;1;1;80;1;1;4;5; ;3; ;2; ; ; ; ;10;2;1;07;13;424,288583001704;13
3257467;1;2;1;80;1;2; ; ; ;2; ;2; ;2; ;.; ; ;1;07;13;424,288583001704;13
3257467;1;3;1;80;1;1;4;4; ;2; ;2; ; ; ; ;4;2;1;07;13;424,288583001704;13
3257467;1;5;1;80;1;2; ; ; ;2; ;2; ;2; ;.; ; ;1;07;13;424,288583001704;13
3257467;1;6;1;80;1;2; ; ; ;2; ;2; ;2; ;.; ; ;1;07;13;424,288583001704;13
3257468;1;2;1;80;1;1;4;3; ;2; ;2; ; ; ; ;9;2;1;07;13;378,633075993948;13
3257468;1;3;1;80;1;2; ; ; ;2; ;2; ;2; ;.; ; ;1;07;13;378,633075993948;13
3257469;1;2;1;80;1;2; ; ; ;2; ;2; ;2; ;.; ; ;1;07;13;367,095909371984;13
3257469;1;3;1;80;1;1;4;1; ;2; ;2; ; ; ; ;11;2;1;07;13;367,095909371984;13
3257469;1;6;1;80;1;2; ; ; ;2; ;2; ;2; ;.; ; ;1;07;13;367,095909371984;13
3257469;1;9;1;80;1;2; ; ; ;2; ;2; ;2; ;.; ; ;1;07;13;367,095909371984;13
3257470;1;2;1;80;1;1;4;3; ;2; ;2; ; ; ; ;9;2;1;07;13;382,087076388386;13
3257471;1;1;1;80;1;1;3;4; ;2; ;2; ; ; ; ;4;2;1;07;13;388,285998723487;13
3257471;1;2;1;80;1;1;4;3; ;2; ;2; ; ; ; ;9;2;1;07;13;388,285998723487;13
3257471;1;4;1;80;1;2; ; ; ;2; ;2; ;2; ;.; ; ;1;07;13;388,285998723487;13
3257476;1;1;1;80;1;1;4;5; ;3; ;2; ; ; ; ;10;2;1;07;13;394,779240352693;13
3257476;1;3;1;80;1;1;4;5; ;3; ;2; ; ; ; ;10;2;1;07;13;394,779240352693;13
3257478;1;2;1;80;1;2; ; ; ; ; ;2; ;2; ;.; ; ;1;07;13;323,707921861084;13
3257479;1;2;1;80;1;2; ; ; ;2; ;2; ;1;4; ;9; ;1;07;13;386,35243735832;13
3257479;1;4;1;80;1;2; ; ; ; ; ;2; ;2; ;.; ; ;1;07;13;386,35243735832;13
3257480;1;2;1;80;1;1;4;3; ;2; ;2; ; ; ; ;9;2;1;07;13;421,476531078044;13
3257480;1;4;1;80;1;1;2;2; ;2; ;2; ; ; ; ;7;2;1;07;13;421,476531078044;13
3257480;1;5;1;80;1;2; ; ; ;2; ;2; ;2; ;.; ; ;1;07;13;421,476531078044;13
3257481;1;2;1;80;1;1;3;3; ;2; ;2; ; ; ; ;9;2;1;07;13;379,682742740081;13
3257485;1;2;1;80;1;1;3;3; ;2; ;2; ; ; ; ;9;2;1;07;13;382,138047849138;13
3257486;1;2;1;80;1;1;4;7; ;2; ;2; ; ; ; ;8;2;1;07;13;398,318446984927;13
3257488;1;3;1;80;1;1;3;8; ;2; ;2; ; ; ; ;1;2;1;07;13;475,235241774435;13
3257490;2;2;2;80;1;2; ; ; ;2; ;2; ;2; ;.; ; ;1;07;13;282,149451073763;13
3257490;2;3;2;80;1;2; ; ; ;2; ;2; ;2; ;.; ; ;1;07;13;282,149451073763;13
3257490;2;8;2;80;1;2; ; ; ; ; ;2; ;2; ;.; ; ;1;07;13;282,149451073763;13
3257492;1;1;1;80;1;1;2;3; ;2; ;2; ; ; ; ;9;2;1;07;13;356,60720056026;13
3257492;1;2;1;80;1;2; ; ; ;2; ;2; ;2; ;.; ; ;1;07;13;356,60720056026;13
3257494;1;2;1;80;1;2; ; ; ;2; ;2; ;2; ;.; ; ;1;07;13;396,3902896803;13
3257496;1;1;1;80;1;1;3;3; ;2; ;2; ; ; ; ;9;2;1;07;13;327,274310900282;13
3257496;1;2;1;80;1;2; ; ; ;2; ;2; ;2; ;.; ; ;1;07;13;327,274310900282;13
3257496;1;3;1;80;1;2; ; ; ;2; ;2; ;2; ;.; ; ;1;07;13;327,274310900282;13
3257497;1;2;1;80;1;2; ; ; ;2; ;2; ;2; ;.; ; ;1;07;13;346,959681891261;13
3257498;1;5;1;80;1;1;4;6; ;2; ;2; ; ; ; ;8;2;1;07;13;554,410845544387;13
3257498;1;6;1;80;1;2; ; ; ;2; ;2; ;2; ;.; ; ;1;07;13;554,410845544387;13
3257504;1;1;1;80;1;1;4;3; ;2; ;2; ; ; ; ;9;2;1;07;13;556,103349517112;13
3257504;1;3;1;80;1;2; ; ; ;2; ;2; ;2; ;.; ; ;1;07;13;556,103349517112;13
3257504;1;5;1;80;1;2; ; ; ;2; ;2; ;2; ;.; ; ;1;07;13;556,103349517112;13
3257506;1;5;1;80;1;1;4;3; ;2; ;2; ; ; ; ;9;2;1;07;13;399,740822031559;13
3257507;1;3;1;80;1;2; ; ; ;2; ;2; ;2; ;.; ; ;1;07;13;450,633202887666;13
3257508;1;4;1;80;1;1;4;4; ;2; ;2; ; ; ; ;8;2;1;07;13;423,64058253172;13
3257509;1;2;1;80;1;2; ; ; ;2; ;2; ;2; ;.; ; ;1;07;13;322,010254644967;13
3257510;1;2;1;80;1;1;4;3; ;2; ;2; ; ; ; ;9;2;1;07;13;359,573691987851;13
3257512;1;1;1;80;1;1;4;5; ;3; ;2; ; ; ; ;10;2;1;07;13;376,940572021223;13
3257515;1;2;1;80;1;1;4;3; ;2; ;2; ; ; ; ;9;2;1;07;13;436,25459262831;13
3257517;1;2;1;80;1;2; ; ; ;2; ;2; ;2; ;.; ; ;1;07;63;83,1664645426532;63
3257518;1;3;1;80;1;2; ; ; ;2; ;2; ;2; ;.; ; ;1;07;63;167,34806390088;63
3257518;1;4;1;80;1;2; ; ; ; ; ;2; ;2; ;.; ; ;1;07;63;167,34806390088;63
3257519;1;2;1;80;1;1;4;8; ;2; ;2; ; ; ; ;8;2;1;07;17;187,139804215563;17
3257522;1;1;1;80;1;2; ; ; ;2; ;2; ;2; ;.; ; ;1;07;17;212,852616704295;17
3257522;1;2;1;80;1;1;4;5; ;3; ;2; ; ; ; ;8;2;1;07;17;212,852616704295;17
3257523;1;3;1;80;1;2; ; ; ;2; ;2; ;2; ;.; ; ;1;07;17;166,508480210078;17
3257523;1;4;1;80;1;2; ; ; ;2; ;2; ;2; ;.; ; ;1;07;17;166,508480210078;17
3257524;1;2;1;80;1;1;3;7; ;2; ;2; ; ; ; ;4;2;1;07;17;219,5188817347;17
3257524;1;4;1;80;1;2; ; ; ;2; ;2; ;2; ;.; ; ;1;07;17;219,5188817347;17
3257524;1;5;1;80;1;1;4;5; ;3; ;2; ; ; ; ;8;2;1;07;17;219,5188817347;17
3257525;1;3;1;80;1;1;4;4; ;2; ;2; ; ; ; ;8;2;1;07;17;112,315996137345;17
3257525;1;5;1;80;1;2; ; ; ;2; ;2; ;2; ;.; ; ;1;07;17;112,315996137345;17
3257527;1;1;1;80;1;1;4;9;CAMBIO DE CIUDAD DE RESIDENCIA;2; ;2; ; ; ; ;9;2;1;07;17;183,703848156967;17
3257527;1;2;1;80;1;2; ; ; ;2; ;2; ;2; ;.; ; ;1;07;17;183,703848156967;17
3257527;1;3;1;80;1;2; ; ; ; ; ;2; ;2; ;.; ; ;1;07;17;183,703848156967;17
3257529;1;1;1;80;1;1;4;3; ;2; ;2; ; ; ; ;9;2;1;07;17;93,5533515731853;17
3257529;1;4;1;80;1;1;4;5; ;3; ;2; ; ; ; ;4;2;1;07;17;93,5533515731853;17
3257530;1;1;1;80;1;1;4;5; ;3; ;2; ; ; ; ;10;2;1;07;17;165,433103515014;17
3257530;1;2;1;80;1;1;2;4; ;2; ;2; ; ;1; ;9;1;1;07;17;165,433103515014;17
3257531;1;1;1;80;1;1;4;4; ;2; ;2; ; ; ; ;4;2;1;07;17;132,00012788762;17
3257532;1;2;1;80;1;1;3;8; ;2; ;2; ; ; ; ;9;2;1;07;17;209,307118278926;17
3257532;1;3;1;80;1;2; ; ; ;2; ;2; ;2; ;.; ; ;1;07;17;209,307118278926;17
3257533;1;1;1;80;1;2; ; ; ;2; ;2; ;2; ;.; ; ;1;07;17;160,451137155335;17
3257537;1;3;1;80;1;2; ; ; ;2; ;2; ;2; ;.; ; ;1;07;17;109,313031755121;17
3257539;1;1;1;80;1;1;1;4; ;2; ;2; ; ; ; ;9;2;1;07;17;238,815375826319;17
3257539;1;5;1;80;1;1;1;8; ;2; ;2; ; ; ; ;9;2;1;07;17;238,815375826319;17
3257540;1;3;1;80;1;2; ; ; ; ; ;2; ;2; ;.; ; ;1;07;17;262,284418734355;17
3257544;1;1;1;80;1;1;4;6; ;2; ;2; ; ; ; ;9;2;1;07;17;136,350537106071;17
3257544;1;2;1;80;1;1;4;3; ;2; ;2; ; ; ; ;9;2;1;07;17;136,350537106071;17
3257546;1;1;1;80;1;1;4;4; ;2; ;2; ; ; ; ;4;2;1;07;17;187,139804215563;17
3257547;1;2;1;80;1;1;3;9;SE CANSO DE TRABAJAR;2; ;2; ; ; ; ;11;2;1;07;17;138,938461059188;17
3257551;1;1;1;80;1;1;3;5; ;3; ;2; ; ; ; ;10;2;1;07;17;160,451137155335;17
3257552;1;2;1;80;1;1;1;6; ;2; ;2; ; ; ; ;9;2;1;07;17;193,645145710758;17
3257552;1;3;1;80;1;2; ; ; ;1;4;2; ;2; ;.; ; ;1;07;17;193,645145710758;17
3257553;1;2;1;80;1;1;3;3; ;2; ;2; ; ; ; ;9;2;1;07;17;537,227426243638;17
3257553;1;3;1;80;1;1;1;2; ;2; ;2; ; ; ; ;2;2;1;07;17;537,227426243638;17
3257554;1;1;1;80;1;1;4;5; ;3; ;2; ; ; ; ;10;2;1;07;47;87,4483495145594;47
3257554;1;2;1;80;1;1;4;3; ;2; ;2; ; ; ; ;10;2;1;07;47;87,4483495145594;47
3257560;1;2;1;80;1;1;4;3; ;2; ;2; ; ; ; ;9;2;1;07;47;185,156614427388;47
3257563;1;1;1;80;1;1;4;4; ;2; ;2; ; ; ; ;4;2;1;07;47;183,373261766212;47
3257563;1;2;1;80;1;2; ; ; ;2; ;2; ;2; ;.; ; ;1;07;47;183,373261766212;47
3257563;1;3;1;80;1;2; ; ; ;2; ;2; ;2; ;.; ; ;1;07;47;183,373261766212;47
3257563;1;4;1;80;1;2; ; ; ;2; ;2; ;2; ;.; ; ;1;07;47;183,373261766212;47
3257564;1;2;1;80;1;1;1;3; ;2; ;2; ; ; ; ;9;2;1;07;47;219,854729322606;47
3257564;1;4;1;80;1;2; ; ; ; ; ;2; ;2; ;.; ; ;1;07;47;219,854729322606;47
3257572;1;3;1;80;1;2; ; ; ; ; ;2; ;2; ;.; ; ;1;07;47;157,631492731279;47
3257573;1;1;1;80;1;1;4;3; ;2; ;2; ; ; ; ;9;2;1;07;47;142,774711109808;47
3257573;1;7;1;80;1;2; ; ; ;2; ;2; ;2; ;.; ; ;1;07;47;142,774711109808;47
3257574;1;1;1;80;1;1;4;4; ;2; ;2; ; ; ; ;4;2;1;07;47;141,381188422776;47
3257574;1;2;1;80;1;1;4;4; ;2; ;2; ; ; ; ;4;2;1;07;47;141,381188422776;47
3257576;1;1;1;80;1;1;4;5; ;3; ;2; ; ; ; ;10;2;1;07;47;183,373261766212;47
3257576;1;2;1;80;1;1;4;5; ;3; ;2; ; ; ; ;10;2;1;07;47;183,373261766212;47
3257576;1;3;1;80;1;2; ; ; ; ; ;2; ;2; ;.; ; ;1;07;47;183,373261766212;47
3257576;1;4;1;80;1;2; ; ; ; ; ;2; ;2; ;.; ; ;1;07;47;183,373261766212;47
3257578;1;3;1;80;1;2; ; ; ;2; ;2; ;2; ;.; ; ;1;07;47;198,331722922006;47
3257579;1;3;1;80;1;2; ; ; ;2; ;2; ;2; ;.; ; ;1;07;47;148,268141110588;47
3257580;1;2;1;80;1;1;4;3; ;2; ;2; ; ; ; ;9;2;1;07;47;222,086099315857;47
3257580;1;3;1;80;1;2; ; ; ;2; ;2; ;2; ;.; ; ;1;07;47;222,086099315857;47
3257580;1;4;1;80;1;2; ; ; ; ; ;2; ;2; ;.; ; ;1;07;47;222,086099315857;47
3257581;1;1;1;80;1;2; ; ; ;2; ;2; ;2; ;.; ; ;1;07;47;159,304430833746;47
3257581;1;3;1;80;1;2; ; ; ;2; ;2; ;2; ;.; ; ;1;07;47;159,304430833746;47
3257585;1;1;1;80;1;1;4;5; ;3; ;2; ; ; ; ;10;2;1;07;47;147,34034065532;47
3257585;1;2;1;80;1;1;4;6; ;2; ;2; ; ; ; ;8;2;1;07;47;147,34034065532;47
3257586;1;2;1;80;1;1;4;3; ;2; ;2; ; ; ; ;9;2;1;07;47;167,731405412012;47
3257586;1;3;1;80;1;2; ; ; ;2; ;2; ;2; ;.; ; ;1;07;47;167,731405412012;47
3257586;1;5;1;80;1;2; ; ; ;2; ;2; ;2; ;.; ; ;1;07;47;167,731405412012;47
3257587;1;1;1;80;1;1;4;3; ;2; ;2; ; ; ; ;9;2;1;07;47;194,519966048079;47
3257588;1;2;1;80;1;1;3;3; ;2; ;2; ; ; ; ;7;2;1;07;47;238,057510969692;47
3257588;1;4;1;80;1;2; ; ; ; ; ;2; ;2; ;.; ; ;1;07;47;238,057510969692;47
3257588;1;5;1;80;1;2; ; ; ; ; ;2; ;2; ;.; ; ;1;07;47;238,057510969692;47
3257588;1;6;1;80;1;2; ; ; ;2; ;2; ;2; ;.; ; ;1;07;47;238,057510969692;47
3257589;1;2;1;80;1;1;4;3; ;2; ;2; ; ; ; ;9;2;1;07;47;185,156614427388;47
3257590;1;3;1;80;1;1;4;6; ;2; ;2; ; ; ; ;8;2;1;07;47;87,4483495145594;47
3257596;1;1;1;80;1;2; ; ; ;2; ;2; ;2; ;.; ; ;1;07;47;87,4483495145594;47
3257596;1;2;1;80;1;1;4;6; ;2; ;2; ; ; ; ;9;2;1;07;47;87,4483495145594;47
3257597;1;1;1;80;1;2; ; ; ;2; ;2; ;2; ;.; ; ;1;07;47;99,2285896010374;47
3257598;1;5;1;80;1;2; ; ; ;2; ;2; ;2; ;.; ; ;1;07;47;235,261207810475;47
3257599;1;2;1;80;1;1;4;3; ;2; ;2; ; ; ; ;9;2;1;07;47;175,793262806696;47
3257600;1;1;1;80;1;1;1;7; ;2; ;2; ; ; ; ;7;2;1;07;47;208,343982343297;47
3257600;1;2;1;80;1;2; ; ; ; ; ;2; ;2; ;.; ; ;1;07;47;208,343982343297;47
3257601;1;3;1;80;1;2; ; ; ; ; ;2; ;2; ;.; ; ;1;07;47;249,611221011965;47
3257602;1;4;1;80;1;2; ; ; ;2; ;2; ;2; ;.; ; ;1;07;47;244,624559431166;47
3257602;1;6;1;80;1;1;1;9;POR EMBARAZO;2; ;2; ; ; ; ;9;2;1;07;47;244,624559431166;47
3257606;1;2;1;80;1;1;4;6; ;2; ;2; ; ; ; ;9;2;1;07;54;361,258988747574;54
3257606;1;4;1;80;1;2; ; ; ;2; ;2; ;2; ;.; ; ;1;07;54;361,258988747574;54
3257606;1;5;1;80;1;2; ; ; ;2; ;2; ;2; ;.; ; ;1;07;54;361,258988747574;54
3257607;1;2;1;80;1;1;4;6; ;2; ;2; ; ; ; ;9;2;1;07;54;453,739788845713;54
3257608;1;1;1;80;1;1;4;3; ;2; ;2; ; ; ; ;9;2;1;07;54;271,30823034228;54
3257609;1;2;1;80;1;1;3;3; ;2; ;2; ; ; ; ;9;2;1;07;54;942,247804261603;54
3257610;1;3;1;80;1;2; ; ; ; ; ;2; ;2; ;.; ; ;1;07;54;815,23538108573;54
3257610;1;6;1;80;1;1;3;4; ;2; ;2; ; ; ; ;4;2;1;07;54;815,23538108573;54
3257613;1;5;1;80;1;2; ; ; ;2; ;2; ;2; ;.; ; ;1;07;54;379,437361207988;54
3257613;1;6;1;80;1;2; ; ; ; ; ;2; ;2; ;.; ; ;1;07;54;379,437361207988;54
3257615;1;2;1;80;1;2; ; ; ;2; ;2; ;2; ;.; ; ;1;07;54;306,264177600901;54
3257616;1;2;1;80;1;1;4;6; ;2; ;2; ; ; ; ;9;2;1;07;54;431,38974937944;54
3257618;1;1;1;80;1;1;4;3; ;2; ;2; ; ; ; ;4;2;1;07;54;862,77949875888;54
3257627;1;3;1;80;1;1;1;2; ;2; ;2; ; ; ; ;2;2;1;07;54;757,745175771998;54
3257628;1;2;1;80;1;1;4;3; ;2; ;2; ; ; ; ;9;2;1;07;54;393,158605911829;54
3257628;1;3;1;80;1;1;2;2; ;2; ;2; ; ; ; ;9;2;1;07;54;393,158605911829;54
3257630;1;3;1;80;1;1;1;8; ;2; ;2; ; ; ; ;2;2;1;07;54;384,747948069258;54
3257631;1;2;1;80;1;2; ; ; ;2; ;2; ;1;3; ;9; ;1;07;54;455,493308741051;54
3257634;1;3;1;80;1;1;3;8; ; ; ;2; ; ; ; ;2;2;1;07;54;385,246626318342;54
3257634;1;4;1;80;1;2; ; ; ; ; ;2; ;2; ;.; ; ;1;07;54;385,246626318342;54
3257634;1;5;1;80;1;2; ; ; ;2; ;2; ;2; ;.; ; ;1;07;54;385,246626318342;54
3257643;1;6;1;80;1;1;3;3; ;2; ;2; ; ; ; ;9;2;1;07;54;582,016390801368;54
3257643;1;10;1;80;1;1;2;2; ;2; ;2; ; ; ; ;9;2;1;07;54;582,016390801368;54
3257644;1;2;1;80;1;1;4;3; ;2; ;2; ; ; ; ;9;2;1;07;54;360,457414983298;54
3257644;1;4;1;80;1;1;3;2; ;2; ;2; ; ; ; ;2;2;1;07;54;360,457414983298;54
3257645;1;2;1;80;1;1;4;3; ;2; ;2; ; ; ; ;9;2;1;07;54;465,759701607979;54
3257645;1;6;1;80;1;2; ; ; ; ; ;2; ;2; ;.; ; ;1;07;54;465,759701607979;54
3257646;1;2;1;80;1;1;1;3; ;2; ;2; ; ; ; ;9;2;1;07;54;510,829999886571;54
3257648;1;1;1;80;1;1;4;4; ;2; ;2; ; ; ; ;4;2;1;07;54;362,896586852068;54
3257648;1;5;1;80;1;2; ; ; ; ; ;2; ;2; ;.; ; ;1;07;54;362,896586852068;54
3257649;1;5;1;80;1;2; ; ; ; ; ;2; ;2; ;.; ; ;1;07;54;409,307673550965;54
3257658;1;2;1;80;1;2; ; ; ;2; ;2; ;2; ;.; ; ;1;07;54;369,163653752112;54
3257659;1;2;1;80;1;2; ; ; ; ; ;2; ;2; ;.; ; ;1;07;54;320,723262231936;54
3257659;1;3;1;80;1;2; ; ; ; ; ;2; ;2; ;.; ; ;1;07;54;320,723262231936;54
3257659;1;4;1;80;1;1;2;4; ;2; ;2; ; ; ; ;4;2;1;07;54;320,723262231936;54
3257660;1;2;1;80;1;1;4;1; ;2; ;2; ; ; ; ;5;2;1;07;54;461,00955111083;54
3257661;1;1;1;80;1;1;4;3; ;2; ;2; ; ;4; ;9;1;1;07;54;309,860951109242;54
3257661;1;3;1;80;1;2; ; ; ; ; ;2; ;2; ;.; ; ;1;07;54;309,860951109242;54
3257661;1;4;1;80;1;1;1;2; ;2; ;2; ; ; ; ;2;2;1;07;54;309,860951109242;54
3257661;1;7;1;80;1;2; ; ; ;2; ;2; ;2; ;.; ; ;1;07;54;309,860951109242;54
3257662;1;3;1;80;1;1;3;8; ;2; ;2; ; ; ; ;2;2;1;07;54;466,561275372254;54
3257662;1;4;1;80;1;2; ; ; ;2; ;2; ;2; ;.; ; ;1;07;54;466,561275372254;54
3257663;1;2;1;80;1;2; ; ; ;2; ;2; ;2; ;.; ; ;1;07;54;306,264177600901;54
3257664;1;3;1;80;1;2; ; ; ;2; ;2; ;2; ;.; ; ;1;07;54;330,823903082607;54
3257664;1;4;1;80;1;2; ; ; ; ; ;2; ;2; ;.; ; ;1;07;54;330,823903082607;54
3257665;1;2;1;80;1;2; ; ; ;2; ;2; ;2; ;.; ; ;1;07;54;369,965227516388;54
3257666;1;3;1;80;1;2; ; ; ; ; ;2; ;2; ;.; ; ;1;07;54;423,593691576796;54
3257666;1;4;1;80;1;2; ; ; ; ; ;2; ;2; ;.; ; ;1;07;54;423,593691576796;54
3257670;1;3;1;80;1;2; ; ; ;2; ;2; ;2; ;.; ; ;1;07;54;378,872587885999;54
3257672;1;1;1;80;1;2; ; ; ;2; ;2; ;2; ;.; ; ;1;07;54;431,38974937944;54
3257674;1;1;1;80;1;1;4;3; ;2; ;2; ; ; ; ;9;2;1;07;54;453,739788845713;54
3257676;1;3;1;80;1;2; ; ; ; ; ;2; ;2; ;.; ; ;1;07;54;336,699263265867;54
3257679;1;3;1;80;1;2; ; ; ;2; ;2; ;2; ;.; ; ;1;07;54;378,872587885999;54
3257679;1;4;1;80;1;2; ; ; ; ; ;2; ;2; ;.; ; ;1;07;54;378,872587885999;54
3257680;1;2;1;80;1;1;2;3; ;2; ;2; ; ; ; ;9;2;1;07;54;366,615874681447;54
3257685;1;5;1;80;1;2; ; ; ; ; ;2; ;2; ;.; ; ;1;07;54;421,045912506131;54
3257687;1;2;1;80;1;1;4;3; ;2; ;2; ; ; ; ;9;2;1;07;54;556,783284795778;54
3257687;1;5;1;80;1;1;1;2; ;2; ;2; ; ; ; ;2;2;1;07;54;556,783284795778;54
3257688;1;2;1;80;1;1;4;4; ;2; ;2; ; ; ; ;4;2;1;07;54;307,901775705395;54
3257690;1;3;1;80;1;2; ; ; ;2; ;2; ;2; ;.; ; ;1;07;54;414,664559484839;54
3257691;1;3;1;80;1;2; ; ; ;2; ;2; ;2; ;.; ; ;1;07;54;370,787541687306;54
3257692;1;4;1;80;1;2; ; ; ;2; ;2; ;2; ;.; ; ;1;07;54;405,98009243837;54
3257692;1;5;1;80;1;2; ; ; ; ; ;2; ;2; ;.; ; ;1;07;54;405,98009243837;54
3257696;1;3;1;80;1;2; ; ; ; ; ;2; ;2; ;.; ; ;1;07;54;396,486187024424;54
3257697;1;3;1;80;1;2; ; ; ;2; ;2; ;2; ;.; ; ;1;07;54;350,075100325528;54
3257698;1;3;1;80;1;1;3;2; ;2; ;2; ; ; ; ;2;2;1;07;54;338,336861370362;54
3257699;1;2;1;80;1;1;1;4; ;2; ;2; ; ; ; ;4;2;1;07;54;393,158605911829;54
3257699;1;3;1;80;1;2; ; ; ;2; ;2; ;2; ;.; ; ;1;07;54;393,158605911829;54
3257701;1;1;1;80;1;1;1;3; ;2; ;2; ; ; ; ;9;2;1;07;54;381,420366956664;54
3257701;1;3;1;80;1;2; ; ; ; ; ;2; ;2; ;.; ; ;1;07;54;381,420366956664;54
3257702;1;4;1;80;1;1;4;4; ;2; ;2; ; ; ; ;4;2;1;07;54;445,033550076899;54
3257703;1;2;1;80;1;2; ; ; ;2; ;2; ;2; ;.; ; ;1;07;54;477,800836078337;54
3257709;1;2;1;80;1;1;1;3; ;2; ;1;200000; ; ; ;1;2;1;07;54;438,659511644556;54
3257709;1;3;1;80;1;1;1;8; ;2; ;2; ; ; ; ;2;2;1;07;54;438,659511644556;54
3257711;1;2;1;80;1;1;4;8; ;2; ;2; ; ; ; ;9;2;1;07;54;370,787541687306;54
3257712;1;1;1;80;1;1;4;8; ;2; ;2; ; ; ; ;4;2;1;07;54;469,715789879644;54
3257713;1;1;1;80;1;1;3;8; ;2; ;2; ; ; ; ;8;2;1;07;54;431,38974937944;54
3257715;1;3;1;80;1;2; ; ; ;2; ;2; ;1;1; ;2; ;1;07;54;336,699263265867;54
3257717;1;1;1;80;1;1;4;7; ;2; ;2; ; ; ; ;4;2;1;07;54;431,38974937944;54
3257718;1;2;1;80;1;1;1;8; ;2; ;2; ; ; ; ;9;2;1;07;54;447,93052373536;54
3257719;1;2;1;80;1;2; ; ; ; ; ;2; ;2; ;.; ; ;1;07;54;383,057965061158;54
3257719;1;4;1;80;1;1;3;4; ;2; ;2; ; ; ; ;4;2;1;07;54;383,057965061158;54
3257722;1;2;1;80;1;2; ; ; ; ; ;2; ;2; ;.; ; ;1;07;54;399,033966095089;54
3257723;1;3;1;80;1;2; ; ; ; ; ;2; ;2; ;.; ; ;1;07;54;348,437502221033;54
3257724;1;4;1;80;1;1;1;8; ;2; ;2; ; ; ; ;4;2;1;07;54;366,332775166557;54
3257724;1;5;1;80;1;1;2;7; ;2; ;2; ; ; ; ;9;2;1;07;54;366,332775166557;54
3257724;1;6;1;80;1;2; ; ; ; ; ;2; ;2; ;.; ; ;1;07;54;366,332775166557;54
3257738;1;2;1;80;1;2; ; ; ;2; ;2; ;1;1; ;9; ;1;07;15;115,128098599193;15
3257739;1;1;1;80;1;2; ; ; ;2; ;2; ;2; ;.; ; ;1;07;15;102,790471595776;15
3257739;1;2;1;80;1;1;4;5; ;3; ;2; ; ; ; ;8;2;1;07;15;102,790471595776;15
3257740;1;2;1;80;1;1;4;3; ;2; ;2; ; ; ; ;4;2;1;07;15;72,3673053802105;15
3257740;1;3;1;80;1;1;1;2; ;2; ;2; ; ; ; ;2;2;1;07;15;72,3673053802105;15
3257740;1;4;1;80;1;2; ; ; ;2; ;2; ;2; ;.; ; ;1;07;15;72,3673053802105;15
3257741;1;1;1;80;1;1;4;7; ;2; ;2; ; ; ; ;8;2;1;07;15;123,469057004195;15
3257741;1;2;1;80;1;2; ; ; ;2; ;2; ;1;4; ;4; ;1;07;15;123,469057004195;15
3257746;1;3;1;80;1;1;4;3; ;2; ;2; ; ; ; ;8;2;1;07;15;85,3895415225912;15
3257751;1;2;1;80;1;1;1;3; ;2; ;2; ; ; ; ;9;2;1;07;15;117,70908733664;15
3257752;1;1;1;80;1;1;4;4; ;2; ;2; ; ; ; ;4;2;1;07;15;94,3786238068172;15
3257752;1;2;1;80;1;1;4;3; ;2; ;2; ; ; ; ;4;2;1;07;15;94,3786238068172;15
3257753;1;2;1;80;1;1;1;4; ;2; ;2; ; ; ; ;4;2;1;07;15;66,8193004755027;15
3257756;1;2;1;80;1;1;4;5; ;3; ;2; ; ; ; ;10;2;1;07;15;94,3786238068172;15
3257758;1;2;1;80;1;2; ; ; ; ; ;2; ;2; ;.; ; ;1;07;15;82,1667722738099;15
3257760;1;2;1;80;1;1;2;8; ;2; ;2; ; ;1; ;2;1;1;07;15;92,329448340209;15
3257762;1;2;1;80;1;1;2;2; ;2; ;2; ; ; ; ;2;2;1;07;15;90,5786200627688;15
3257762;1;5;1;80;1;2; ; ; ;2; ;2; ;2; ;.; ; ;1;07;15;90,5786200627688;15
3257764;1;1;1;80;1;1;4;5; ;3; ;2; ; ; ; ;10;2;1;07;15;120,958957650705;15
3257765;1;3;1;80;1;2; ; ; ; ; ;2; ;2; ;.; ; ;1;07;15;95,9445883866943;15
3257766;1;4;1;80;1;2; ; ; ;2; ;2; ;2; ;.; ; ;1;07;15;79,3420669116423;15
3257767;1;5;1;80;1;2; ; ; ; ; ;2; ;2; ;.; ; ;1;07;15;62,3600960864745;15
3257768;1;2;1;80;1;1;2;8; ;2; ;2; ; ; ; ;9;2;1;07;15;87,107851380997;15
3257773;1;3;1;80;1;2; ; ; ; ; ;2; ;2; ;.; ; ;1;07;15;70,434440521988;15
3257774;1;1;1;80;1;1;4;4; ;2; ;2; ; ; ; ;4;2;1;07;15;77,7761023317652;15
3257774;1;2;1;80;1;1;3;4; ;2; ;2; ; ; ; ;4;2;1;07;15;77,7761023317652;15
3257774;2;1;2;80;1;1;1;2; ;2; ;2; ; ; ; ;2;2;1;07;15;77,7761023317652;15
3257775;1;1;1;80;1;1;3;4; ;2; ;2; ; ; ; ;4;2;1;07;15;85,6656017119095;15
3257775;1;3;1;80;1;2; ; ; ; ; ;2; ;2; ;.; ; ;1;07;15;85,6656017119095;15
3257776;1;1;1;80;1;1;1;8; ;2; ;2; ; ; ; ;8;2;1;07;15;86,9555061024683;15
3257776;1;3;1;80;1;2; ; ; ; ; ;2; ;2; ;.; ; ;1;07;15;86,9555061024683;15
3257777;1;1;1;80;1;1;3;5; ;3; ;2; ; ; ; ;10;2;1;07;15;94,3786238068172;15
3257777;1;2;1;80;1;1;4;5; ;3; ;2; ; ; ; ;10;2;1;07;15;94,3786238068172;15
3257778;1;3;1;80;1;2; ; ; ; ; ;2; ;2; ;.; ; ;1;07;15;95,9445883866943;15
3257779;1;3;1;80;1;2; ; ; ;2; ;2; ;2; ;.; ; ;1;07;15;72,6390827612593;15
3257779;1;4;1;80;1;2; ; ; ;2; ;2; ;2; ;.; ; ;1;07;15;72,6390827612593;15
3257780;1;1;1;80;1;1;4;4; ;2; ;2; ; ; ; ;4;2;1;07;15;94,5689452932943;15
3257780;1;3;1;80;1;1;2;4; ;2; ;2; ; ;2; ;4;1;1;07;15;94,5689452932943;15
3257780;1;4;1;80;1;1;2;7; ;2; ;2; ; ; ; ;5;2;1;07;15;94,5689452932943;15
3257782;1;1;1;80;1;1;2;2; ;2; ;2; ; ; ; ;2;2;1;07;15;88,2920116737848;15
3257783;1;1;1;80;1;1;2;8; ;2; ;2; ; ; ; ;6;2;1;07;15;97,8774532449168;15
3257783;1;4;1;80;1;2; ; ; ;2; ;2; ;2; ;.; ; ;1;07;15;97,8774532449168;15
3257785;1;1;1;80;1;1;1;2; ;2; ;2; ; ; ; ;2;2;1;07;15;113,802159538491;15
3257786;1;2;1;80;1;2; ; ; ;2; ;2; ;2; ;.; ; ;1;07;15;108,393362586936;15
3257788;1;1;1;80;1;2; ; ; ;2; ;2; ;2; ;.; ; ;1;07;15;88,2920116737848;15
3257791;1;1;1;80;1;1;2;2; ;2; ;2; ; ; ; ;2;2;1;07;15;87,03696199704;15
3257791;1;2;1;80;1;2; ; ; ;2; ;2; ;2; ;.; ; ;1;07;15;87,03696199704;15
3257792;1;2;1;80;1;1;4;3; ;2; ;2; ; ; ; ;9;2;1;07;11;2661,51113161606;11
3257798;1;3;1;80;1;2; ; ; ;2; ;2; ;1;1; ;8; ;1;07;11;2482,63310238846;11
3257803;1;3;1;80;1;1;1;8; ;2; ;2; ; ; ; ;2;2;1;07;11;1632,65637785869;11
3257804;1;3;1;80;1;2; ; ; ;2; ;2; ;2; ;.; ; ;1;07;11;2609,33166016152;11
3257805;1;3;1;80;1;1;1;2; ;2; ;2; ; ; ; ;2;2;1;07;11;2316,96713794318;11
3257808;1;2;1;80;1;1;1;4; ;2; ;2; ; ; ; ;9;2;1;07;11;2239,37406846635;11
3257809;1;1;1;80;1;1;4;5; ;3; ;2; ; ; ; ;9;2;1;07;11;2425,89708635647;11
3257809;1;2;1;80;1;1;4;3; ;2; ;2; ; ; ; ;9;2;1;07;11;2425,89708635647;11
3257809;1;3;1;80;1;1;4;3; ;2; ;2; ; ; ; ;9;2;1;07;11;2425,89708635647;11
3257810;1;4;1;80;1;2; ; ; ;2; ;2; ;2; ;.; ; ;1;07;11;2004,14634141468;11
3257811;1;4;1;80;1;2; ; ; ; ; ;2; ;2; ;.; ; ;1;07;11;2446,46234737736;11
3257814;1;3;1;80;1;2; ; ; ;2; ;2; ;2; ;.; ; ;1;07;11;2173,79958551428;11
3257815;1;3;1;80;1;1;1;8; ;2; ;1;440200; ; ;LE FALTA  CERTIFICACION DE  SECRETARIA  DE  SALUD;12;2;1;07;11;2056,32581286922;11
3257816;1;4;1;80;1;1;2;3; ;2; ;2; ; ; ; ;9;2;1;07;11;2217,64407153737;11
3257818;1;2;1;80;1;1;4;5; ;3; ;2; ; ; ; ;11;2;1;07;11;1976,43195644416;11
3257818;1;3;1;80;1;2; ; ; ;2; ;2; ;2; ;.; ; ;1;07;11;1976,43195644416;11
3257820;1;2;1;80;1;1;1;6; ;2; ;1;180000; ; ;TIENE QUE  VIAJAR PARA  PAPELES  DE HOJA  DE VIDA;12;2;1;07;11;2004,14634141468;11
3257820;1;3;1;80;1;1;1;2; ; ; ;1;200000; ; ; ;2;2;1;07;11;2004,14634141468;11
3257821;1;3;1;80;1;2; ; ; ; ; ;2; ;2; ;.; ; ;1;07;11;2482,63310238846;11
3257827;1;1;1;80;1;1;3;5; ;3; ;2; ; ; ; ;6;2;1;07;11;2485,59331771337;11
3257827;1;2;1;80;1;1;4;3; ;2; ;2; ; ; ; ;9;2;1;07;11;2485,59331771337;11
3257829;1;1;1;80;1;1;4;5; ;3; ;2; ; ; ; ;9;2;1;07;11;2385,50183622015;11
3257832;1;1;1;80;1;1;4;5; ;3; ;2; ; ; ; ;10;2;1;07;11;2524,57940664078;11
3257832;1;2;1;80;1;1;4;5; ;3; ;2; ; ; ; ;11;2;1;07;11;2524,57940664078;11
3257833;1;2;1;80;1;1;4;3; ;2; ;2; ; ; ; ;9;2;1;07;11;2051,97810709209;11
3257833;1;5;1;80;1;2; ; ; ; ; ;2; ;2; ;.; ; ;1;07;11;2051,97810709209;11
3257834;1;3;1;80;1;1;1;2; ;2; ;2; ; ; ; ;2;2;1;07;11;2569,4322747381;11
3257836;1;2;1;80;1;2; ; ; ;2; ;2; ;1;2; ;2; ;1;07;11;1682,02051539691;11
3257836;1;3;1;80;1;2; ; ; ;2; ;2; ;2; ;.; ; ;1;07;11;1682,02051539691;11
3257837;1;2;1;80;1;2; ; ; ;2; ;2; ;1;1; ;8; ;1;07;11;2073,70810402106;11
3257838;1;2;1;80;1;1;1;2; ;2; ;2; ; ; ; ;2;2;1;07;11;2295,7424485456;11
3257841;1;4;1;80;1;1;1;6; ;2; ;2; ; ;1;POR VIAJE;12;1;1;07;11;1838,48037696939;11
3257842;1;1;1;80;1;1;3;7; ;2; ;2; ; ; ; ;8;2;1;07;11;2534,81257384301;11
3257843;1;1;1;80;1;1;4;3; ;2; ;2; ; ;3; ;8;1;1;07;11;2416,03155510698;11
3257843;1;3;1;80;1;2; ; ; ;2; ;2; ;2; ;.; ; ;1;07;11;2416,03155510698;11
3257844;1;2;1;80;1;1;4;4; ;2; ;2; ; ; ; ;11;2;1;07;11;2641,80937126081;11
3257846;1;5;1;80;1;1;4;5; ;3; ;2; ; ; ; ;11;2;1;07;11;2024,34396648284;11
3257847;1;1;1;80;1;1;4;7; ;2; ;2; ; ; ; ;11;2;1;07;11;2468,21102656153;11
3257847;1;2;1;80;1;1;1;7; ;2; ;2; ; ; ; ;9;2;1;07;11;2468,21102656153;11
3257849;1;1;1;80;1;1;4;8; ;2; ;2; ; ; ; ;11;2;1;07;11;2924,96779060634;11
3257849;1;2;1;80;1;1;4;4; ;2; ;2; ; ;4; ;6;1;1;07;11;2924,96779060634;11
3257851;1;3;1;80;1;2; ; ; ;2; ;2; ;2; ;.; ; ;1;07;73;227,496855454894;73
3257851;1;4;1;80;1;1;4;3; ;2; ;2; ; ; ; ;9;2;1;07;73;227,496855454894;73
3257855;1;2;1;80;1;1;4;3; ;2; ;2; ; ; ; ;9;2;1;07;73;322,789126204696;73
3257856;1;1;1;80;1;1;3;7; ;2; ;2; ; ; ; ;9;2;1;07;73;260,400236993164;73
3257858;1;1;1;80;1;1;4;7; ;2; ;2; ; ; ; ;8;2;1;07;73;210,950590641987;73
3257859;1;2;1;80;1;1;1;2; ;2; ;2; ; ; ; ;2;2;1;07;73;333,214953442268;73
3257865;1;2;1;80;1;1;3;3; ;2; ;2; ; ; ; ;9;2;1;07;73;315,201452835474;73
3257865;1;3;1;80;1;2; ; ; ;2; ;2; ;2; ;.; ; ;1;07;73;315,201452835474;73
3257866;1;3;1;80;1;2; ; ; ; ; ;2; ;2; ;.; ; ;1;07;73;304,199674228272;73
3257868;1;1;1;80;1;1;4;5; ;3; ;2; ; ; ; ;10;2;1;07;11;2744,95999469538;11
3257868;1;3;1;80;1;1;1;6; ;2; ;1;1100000; ; ; ;4;2;1;07;11;2744,95999469538;11
3257868;1;4;1;80;1;1;4;6; ;1;2;2; ; ; ; ;8;2;1;07;11;2744,95999469538;11
3257869;1;2;1;80;1;1;4;4; ;3; ;2; ; ; ; ;4;2;1;07;11;2398,64926395514;11
3257869;1;4;1;80;1;1;1;8; ;2; ;2; ; ; ; ;2;2;1;07;11;2398,64926395514;11
3257870;1;4;1;80;1;2; ; ; ;2; ;2; ;2; ;.; ; ;1;07;11;1373,91323455551;11
3257870;1;5;1;80;1;2; ; ; ;2; ;2; ;2; ;.; ; ;1;07;11;1373,91323455551;11
3257870;1;6;1;80;1;2; ; ; ; ; ;2; ;2; ;.; ; ;1;07;11;1373,91323455551;11
3257870;1;7;1;80;1;2; ; ; ; ; ;2; ;2; ;.; ; ;1;07;11;1373,91323455551;11
3257872;1;3;1;80;1;1;1;8; ;2; ;2; ; ; ; ;2;2;1;07;11;1838,48037696939;11
3257872;1;4;1;80;1;2; ; ; ; ; ;2; ;2; ;.; ; ;1;07;11;1838,48037696939;11
3257873;1;3;1;80;1;2; ; ; ; ; ;2; ;2; ;.; ; ;1;07;11;2337,16476301134;11
3257873;1;5;1;80;1;2; ; ; ;2; ;2; ;2; ;.; ; ;1;07;11;2337,16476301134;11
3257874;1;2;1;80;1;1;4;4; ;2; ;2; ; ; ; ;4;2;1;07;11;2815,75045060158;11
3257874;1;7;1;80;1;2; ; ; ;2; ;2; ;2; ;.; ; ;1;07;11;2815,75045060158;11
3257875;1;2;1;80;1;1;3;2; ;2; ;2; ; ; ; ;2;2;1;07;11;2295,7424485456;11
3257876;1;1;1;80;1;1;4;7; ;2; ;2; ; ; ; ;4;2;1;07;11;1993,66936618742;11
3257876;1;6;1;80;1;1;4;3; ;2; ;2; ; ; ; ;9;2;1;07;11;1993,66936618742;11
3257878;1;4;1;80;1;1;1;8; ;2; ;2; ; ; ; ;2;2;1;07;11;1838,48037696939;11
3257879;1;2;1;80;1;2; ; ; ; ; ;2; ;2; ;.; ; ;1;07;11;2374,0050064934;11
3257881;1;2;1;80;1;1;3;7; ;2; ;2; ; ; ; ;8;2;1;07;11;2195,9140746084;11
3257881;1;3;1;80;1;2; ; ; ;2; ;2; ;2; ;.; ; ;1;07;11;2195,9140746084;11
3257881;1;7;1;80;1;2; ; ; ;2; ;2; ;1;2;POR FALTA DE  LIBRETA  MILITAR;12; ;1;07;11;2195,9140746084;11
3257881;1;8;1;80;1;2; ; ; ; ; ;2; ;2; ;.; ; ;1;07;11;2195,9140746084;11
3257885;1;2;1;80;1;1;3;2; ;2; ;2; ; ; ; ;2;2;1;07;11;2295,7424485456;11
3257887;1;2;1;80;1;1;1;8; ;2; ;1;20000; ; ; ;9;2;1;07;73;227,719687493119;73
3257887;1;4;1;80;1;2; ; ; ; ; ;2; ;2; ;.; ; ;1;07;73;227,719687493119;73
3257888;1;2;1;80;1;2; ; ; ;2; ;2; ;2; ;.; ; ;1;07;73;208,882839095653;73
3257890;1;2;1;80;1;1;4;3; ;2; ;2; ; ; ; ;9;2;1;07;73;304,199674228272;73
3257890;1;3;1;80;1;2; ; ; ;2; ;2; ;2; ;.; ; ;1;07;73;304,199674228272;73
3257892;1;2;1;80;1;2; ; ; ;2; ;2; ;2; ;.; ; ;1;07;73;340,798908461051;73
3257892;1;3;1;80;1;1;2;8; ;2; ;2; ; ; ; ;2;2;1;07;73;340,798908461051;73
3257893;1;1;1;80;1;1;1;8; ;2; ;2; ; ;1; ;4;1;1;07;73;221,951649741032;73
3257895;1;2;1;80;1;1;4;3; ;2; ;2; ; ; ; ;9;2;1;07;73;306,877677903138;73
3257895;1;4;1;80;1;2; ; ; ; ; ;2; ;2; ;.; ; ;1;07;73;306,877677903138;73
3257896;1;1;1;80;1;1;4;5; ;3; ;2; ; ; ; ;10;2;1;07;73;200,881500533087;73
3257896;1;3;1;80;1;1;1;8; ;2; ;2; ; ; ; ;2;2;1;07;73;200,881500533087;73
3257896;1;4;1;80;1;2; ; ; ;2; ;2; ;2; ;.; ; ;1;07;73;200,881500533087;73
3257900;1;1;1;80;1;1;4;5; ;3; ;2; ; ; ; ;10;2;1;07;11;3168,89631299942;11
3257900;1;2;1;80;1;1;4;3; ;2; ;2; ; ; ; ;9;2;1;07;11;3168,89631299942;11
3257901;1;3;1;80;1;1;1;6; ;2; ;2; ; ; ; ;2;2;1;07;11;2169,81230585996;11
3257901;1;4;1;80;1;2; ; ; ; ; ;2; ;2; ;.; ; ;1;07;11;2169,81230585996;11
3257902;1;3;1;80;1;1;1;2; ; ; ;2; ; ; ; ;2;2;1;07;11;1847,6864798422;11
3257903;1;2;1;80;1;2; ; ; ;2; ;2; ;2; ;.; ; ;1;07;11;2443,66569571623;11
3257904;1;3;1;80;1;2; ; ; ;2; ;2; ;2; ;.; ; ;1;07;11;1290,33292677277;11
3257905;1;1;1;80;1;1;1;3; ;2; ;2; ; ; ; ;11;2;1;07;11;2416,03155510698;11
3257905;1;4;1;80;1;1;2;4; ;2; ;2; ; ; ; ;4;2;1;07;11;2416,03155510698;11
3257906;1;3;1;80;1;1;1;2; ;2; ;2; ; ; ; ;2;2;1;07;11;2226,18068593922;11
3257906;1;4;1;80;1;2; ; ; ;2; ;2; ;1;1; ;8; ;1;07;11;2226,18068593922;11
3257907;1;1;1;80;1;2; ; ; ;2; ;2; ;1;1; ;4; ;1;07;11;1835,16258578604;11
3257907;1;3;1;80;1;2; ; ; ;2; ;2; ;1;2; ;2; ;1;07;11;1835,16258578604;11
3257908;1;1;1;80;1;1;4;3; ;3; ;2; ; ; ; ;6;2;1;07;11;2541,96169779262;11
3257909;1;2;1;80;1;2; ; ; ;2; ;2; ;2; ;.; ; ;1;07;11;2216,87565644996;11
3257910;1;1;1;80;1;2; ; ; ;2; ;2; ;2; ;.; ; ;1;07;11;2972,1113855576;11
3257911;1;1;1;80;1;1;4;3; ;2; ;2; ; ; ; ;11;2;1;07;11;2699,09104783606;11
3257913;1;3;1;80;1;2; ; ; ; ; ;2; ;2; ;.; ; ;1;07;11;2316,96713794318;11
3257914;1;2;1;80;1;1;2;3; ;2; ;2; ; ; ; ;9;2;1;07;11;2517,1725589223;11
3257920;1;1;1;80;1;1;4;4; ;3; ;2; ; ; ; ;4;2;1;07;11;2385,50183622015;11
3257921;1;6;1;80;1;2; ; ; ; ; ;2; ;2; ;.; ; ;1;07;11;1969,79352381309;11
3257923;1;3;1;80;1;2; ; ; ;2; ;2; ;2; ;.; ; ;1;07;11;1778,12471723582;11
3257923;1;4;1;80;1;1;1;2; ;2; ;2; ; ; ; ;2;2;1;07;11;1778,12471723582;11
3257923;1;5;1;80;1;2; ; ; ;2; ;2; ;2; ;.; ; ;1;07;11;1778,12471723582;11
3257926;1;1;1;80;1;1;3;5; ;3; ;2; ; ; ; ;9;2;1;07;11;1750,4103322653;11
3257926;1;2;1;80;1;2; ; ; ;2; ;2; ;2; ;.; ; ;1;07;11;1750,4103322653;11
3257926;1;4;1;80;1;1;4;4; ;2; ;2; ; ; ; ;8;2;1;07;11;1750,4103322653;11
3257927;1;3;1;80;1;1;1;2; ;2; ;2; ; ; ; ;2;2;1;07;11;2403,76631029282;11
3257937;1;5;1;80;1;2; ; ; ; ; ;2; ;2; ;.; ; ;1;07;11;1778,12471723582;11
3257939;1;1;1;80;1;1;4;8; ;3; ;2; ; ; ; ;8;2;1;07;11;2347,92192000015;11
3257940;1;4;1;80;1;2; ; ; ;2; ;1;57000;2; ;.; ; ;1;07;11;1838,48037696939;11
3257941;1;2;1;80;1;1;2;5; ;3; ;2; ; ; ; ;8;2;1;07;11;2368,11954506831;11
3257943;1;4;1;80;1;1;4;8; ;2; ;2; ; ; ; ;8;2;1;07;11;2728,85235163548;11
3257945;1;2;1;80;1;2; ; ; ;2; ;2; ;1;1; ;2; ;1;07;11;2239,37406846635;11
3257946;1;1;1;80;1;1;3;5; ;3; ;2; ; ; ; ;10;2;1;07;11;2156,41729436244;11
3257946;1;4;1;80;1;2; ; ; ;2; ;2; ;2; ;.; ; ;1;07;11;2156,41729436244;11
3257952;1;4;1;80;1;2; ; ; ; ; ;2; ;2; ;.; ; ;1;07;11;8016,58536565871;11
3257953;1;2;1;80;1;1;1;9;POR VIAJE;2; ;2; ; ; ;POR VIAJE;12;2;1;07;11;10487,4222168707;11
3257954;1;3;1;80;1;2; ; ; ;2; ;2; ;2; ;.; ; ;1;07;11;9583,33572015529;11
3257955;1;3;1;80;1;2; ; ; ;2; ;2; ;2; ;.; ; ;1;07;11;7112,49886894327;11
3257955;1;4;1;80;1;2; ; ; ;2; ;2; ;1;1; ;2; ;1;07;11;7112,49886894327;11
3257955;1;5;1;80;1;2; ; ; ;2; ;2; ;2; ;.; ; ;1;07;11;7112,49886894327;11
3257956;1;3;1;80;1;1;1;8; ;2; ;2; ; ; ; ;2;2;1;07;11;2152,06958858531;11
3257956;1;4;1;80;1;2; ; ; ;2; ;2; ;2; ;.; ; ;1;07;11;2152,06958858531;11
3257957;1;2;1;80;1;1;1;4; ;3; ;2; ; ; ; ;4;2;1;07;11;1870,69943882668;11
3257957;1;4;1;80;1;2; ; ; ;2; ;2; ;2; ;.; ; ;1;07;11;1870,69943882668;11
3257957;1;5;1;80;1;2; ; ; ;2; ;2; ;2; ;.; ; ;1;07;11;1870,69943882668;11
3257957;1;6;1;80;1;1;4;3; ;2; ;2; ; ; ; ;9;2;1;07;11;1870,69943882668;11
3257958;1;1;1;80;1;1;4;3; ;2; ;2; ; ; ; ;9;2;1;07;11;1850,50181375852;11
3257962;1;1;1;80;1;1;2;5; ;3; ;2; ; ; ; ;10;2;1;07;11;9472,47818027323;11
3257962;1;2;1;80;1;1;1;8; ;2; ;2; ; ;1; ;8;1;1;07;11;9472,47818027323;11
3257963;1;3;1;80;1;2; ; ; ;2; ;2; ;2; ;.; ; ;1;07;11;2104,2378229079;11
3257963;1;4;1;80;1;2; ; ; ; ; ;2; ;2; ;.; ; ;1;07;11;2104,2378229079;11
3257964;1;4;1;80;1;2; ; ; ;2; ;2; ;2; ;.; ; ;1;07;11;1778,12471723582;11
3257964;1;5;1;80;1;2; ; ; ; ; ;2; ;2; ;.; ; ;1;07;11;1778,12471723582;11
3257965;1;2;1;80;1;2; ; ; ;2; ;2; ;2; ;.; ; ;1;07;11;2922,15245669002;11
3257966;1;2;1;80;1;1;3;4; ;2; ;2; ; ; ; ;4;2;1;07;11;2495,92541153204;11
3257967;1;3;1;80;1;2; ; ; ;2; ;2; ;2; ;.; ; ;1;07;11;2426,2647223092;11
3257968;1;1;1;80;1;1;4;5; ;3; ;2; ; ; ; ;8;2;1;07;11;2093,90572908922;11
3257970;1;2;1;80;1;1;1;8; ;2; ;1;200000; ; ; ;8;2;1;07;11;8851,14269776679;11
3257970;1;4;1;80;1;1;3;2; ;2; ;2; ; ; ; ;2;2;1;07;11;8851,14269776679;11
3257976;1;1;1;80;1;1;4;5; ;3; ;2; ; ; ; ;10;2;1;07;11;2368,11954506831;11
3257976;1;2;1;80;1;1;4;4; ;2; ;2; ; ; ; ;4;2;1;07;11;2368,11954506831;11
3257977;1;2;1;80;1;2; ; ; ;2; ;2; ;2; ;.; ; ;1;07;11;2368,11954506831;11
3257979;1;1;1;80;1;1;4;5; ;3; ;2; ; ;3; ;8;1;1;07;11;2385,50183622015;11
3257981;1;3;1;80;1;1;3;2; ;2; ;2; ; ; ; ;2;2;1;07;11;8016,58536565871;11
3257981;1;4;1;80;1;2; ; ; ;2; ;2; ;2; ;.; ; ;1;07;11;8016,58536565871;11
3257982;1;2;1;80;1;1;1;3; ;2; ;2; ; ; ; ;9;2;1;07;11;3022,24393818324;11
3257983;1;2;1;80;1;1;1;3; ;2; ;2; ; ; ; ;9;2;1;07;11;2343,57421422301;11
3257984;1;4;1;80;1;1;1;8; ;2; ;2; ; ; ; ;2;2;1;07;11;7983,88061254259;11
3257990;1;2;1;80;1;1;1;2; ;2; ;2; ; ; ; ;2;2;1;07;11;1581,9290339037;11
3257994;1;2;1;80;1;1;4;3; ;2; ;2; ; ; ; ;9;2;1;07;11;1864,92388958546;11
3257994;1;3;1;80;1;2; ; ; ;2; ;2; ;2; ;.; ; ;1;07;11;1864,92388958546;11
3257994;1;4;1;80;1;2; ; ; ;2; ;2; ;2; ;.; ; ;1;07;11;1864,92388958546;11
3257996;1;2;1;80;1;1;4;4; ;2; ;2; ; ; ; ;4;2;1;07;11;2524,57940664078;11
3257997;1;4;1;80;1;2; ; ; ; ; ;2; ;2; ;.; ; ;1;07;11;2443,66569571623;11
3258000;1;1;1;80;1;1;4;4; ;3; ;2; ; ; ; ;4;2;1;07;11;9542,00734488059;11
3258004;1;3;1;80;1;2; ; ; ;2; ;2; ;2; ;.; ; ;1;07;11;2657,16342583893;11
3258006;1;1;1;80;1;1;4;4; ;3; ;2; ; ; ; ;4;2;1;07;11;2385,50183622015;11
3258015;1;4;1;80;1;1;2;8; ;2; ;2; ; ; ; ;8;2;1;07;11;1816,75038004042;11
3258015;1;5;1;80;1;2; ; ; ;2; ;2; ;2; ;.; ; ;1;07;11;1816,75038004042;11
3258015;1;6;1;80;1;2; ; ; ;2; ;2; ;2; ;.; ; ;1;07;11;1816,75038004042;11
3258016;1;2;1;80;1;1;4;3; ;2; ;2; ; ; ; ;9;2;1;07;11;2368,11954506831;11
3258017;1;3;1;80;1;2; ; ; ;2; ;2; ;2; ;.; ; ;1;07;11;9583,33572015529;11
3258018;1;3;1;80;1;2; ; ; ; ; ;2; ;2; ;.; ; ;1;07;11;8016,58536565871;11
3258018;1;4;1;80;1;2; ; ; ; ; ;2; ;2; ;.; ; ;1;07;11;8016,58536565871;11
3258019;1;1;1;80;1;1;4;5; ;3; ;2; ; ; ; ;10;2;1;07;11;2385,50183622015;11
3258021;1;2;1;80;1;2; ; ; ;2; ;2; ;2; ;.; ; ;1;07;11;2295,7424485456;11
3258022;1;1;1;80;1;1;3;7; ;1;4;2; ; ;3; ;11;1;1;07;11;9001,46236264679;11
3258022;1;4;1;80;1;2; ; ; ;2; ;2; ;2; ;.; ; ;1;07;11;9001,46236264679;11
3258023;1;3;1;80;1;2; ; ; ;2; ;2; ;2; ;.; ; ;1;07;11;2004,14634141468;11
3258023;1;4;1;80;1;2; ; ; ;2; ;2; ;2; ;.; ; ;1;07;11;2004,14634141468;11
3258025;1;4;1;80;1;2; ; ; ;2; ;2; ;2; ;.; ; ;1;07;11;8679,24922343986;11
3258026;1;3;1;80;1;2; ; ; ;2; ;2; ;2; ;.; ; ;1;07;11;1290,33292677277;11
3258027;1;3;1;80;1;2; ; ; ;2; ;2; ;2; ;.; ; ;1;07;11;1612,45875279053;11
3258027;1;4;1;80;1;2; ; ; ;2; ;2; ;2; ;.; ; ;1;07;11;1612,45875279053;11
3258028;1;2;1;80;1;1;4;2; ;1;1;2; ; ; ; ;9;2;1;07;11;2395,83393003882;11
3258028;1;3;1;80;1;2; ; ; ;2; ;2; ;2; ;.; ; ;1;07;11;2395,83393003882;11
3258030;1;2;1;80;1;1;3;5; ;3; ;2; ; ; ; ;10;2;1;07;11;3294,92538230151;11
3258033;1;1;1;80;1;1;4;3; ;2; ;2; ; ; ; ;9;2;1;07;41;112,876745715319;41
3258033;1;2;1;80;1;2; ; ; ;2; ;2; ;2; ;.; ; ;1;07;41;112,876745715319;41
3258034;1;5;1;80;1;1;3;4; ;2; ;2; ; ; ; ;4;2;1;07;41;151,498133890124;41
3258035;1;2;1;80;1;1;1;7; ;2; ;2; ; ;1; ;4;1;1;07;41;196,148893664681;41
3258035;1;3;1;80;1;2; ; ; ; ; ;2; ;2; ;.; ; ;1;07;41;196,148893664681;41
3258036;1;2;1;80;1;2; ; ; ; ; ;2; ;2; ;.; ; ;1;07;41;99,2976244589686;41
3258036;1;5;1;80;1;2; ; ; ;2; ;2; ;2; ;.; ; ;1;07;41;99,2976244589686;41
3258037;1;3;1;80;1;2; ; ; ;2; ;2; ;2; ;.; ; ;1;07;41;114,222065398414;41
3258038;1;1;1;80;1;1;1;5; ;3; ;2; ; ; ; ;10;2;1;07;41;109,182665151605;41
3258038;1;2;1;80;1;1;2;4; ;2; ;2; ; ; ; ;4;2;1;07;41;109,182665151605;41
3258040;1;2;1;80;1;1;1;3; ;2; ;2; ; ; ; ;9;2;1;07;41;189,430173742965;41
3258041;1;2;1;80;1;2; ; ; ;2; ;2; ;2; ;.; ; ;1;07;41;143,826752447641;41
3258041;1;4;1;80;1;2; ; ; ; ; ;2; ;2; ;.; ; ;1;07;41;143,826752447641;41
3258042;1;1;1;80;1;1;4;5; ;3; ;2; ; ; ; ;9;2;1;07;41;137,694166853518;41
3258042;1;3;1;80;1;1;4;3; ;2; ;2; ; ; ; ;9;2;1;07;41;137,694166853518;41
3258048;1;3;1;80;1;2; ; ; ;2; ;2; ;2; ;.; ; ;1;07;41;156,949070363911;41
3258049;1;2;1;80;1;1;1;8; ;2; ;2; ; ; ; ;2;2;1;07;41;134,349907556433;41
3258049;1;3;1;80;1;2; ; ; ;2; ;2; ;2; ;.; ; ;1;07;41;134,349907556433;41
3258049;1;4;1;80;1;1;4;4; ;2; ;2; ; ; ; ;4;2;1;07;41;134,349907556433;41
3258050;1;1;1;80;1;1;4;5; ;3; ;2; ; ; ; ;10;2;1;07;41;102,26261665114;41
3258051;1;2;1;80;1;1;4;3; ;2; ;2; ; ; ;FALTA DE ESTUDIO;12;2;1;07;41;156,591549895654;41
3258055;1;1;1;80;1;1;4;8; ;2; ;2; ; ;3; ;1;1;1;07;41;99,3751606941347;41
3258055;1;2;1;80;1;2; ; ; ;2; ;2; ;1;3; ;2; ;1;07;41;99,3751606941347;41
3258055;1;3;1;80;1;2; ; ; ;2; ;2; ;2; ;.; ; ;1;07;41;99,3751606941347;41
3258055;1;4;1;80;1;2; ; ; ; ; ;2; ;2; ;.; ; ;1;07;41;99,3751606941347;41
3258056;1;2;1;80;1;1;3;3; ;2; ;2; ; ; ; ;9;2;1;07;41;169,986152843386;41
3258056;1;3;1;80;1;2; ; ; ; ; ;2; ;2; ;.; ; ;1;07;41;169,986152843386;41
3258059;1;3;1;80;1;2; ; ; ;2; ;2; ;2; ;.; ; ;1;07;41;122,163440890799;41
3258062;1;2;1;80;1;1;3;3; ;2; ;2; ; ; ; ;9;2;1;07;41;166,748875619753;41
3258068;1;3;1;80;1;1;2;2; ;2; ;2; ; ; ; ;2;2;1;07;41;180,090512252754;41
3258069;1;3;1;80;1;1;1;6; ;2; ;2; ; ; ; ;9;2;1;07;41;110,471678094419;41
3258070;1;1;1;80;1;1;4;4; ;2; ;2; ; ; ; ;4;2;1;07;41;106,105059478872;41
3258072;1;2;1;80;1;2; ; ; ; ; ;2; ;2; ;.; ; ;1;07;41;115,525597629799;41
3258073;1;1;1;80;1;2; ; ; ;2; ;2; ;2; ;.; ; ;1;07;41;119,283684135422;41
3258073;1;2;1;80;1;1;4;1; ;2; ;2; ; ;4; ;4;1;1;07;41;119,283684135422;41
3258074;1;1;1;80;1;1;4;3; ;2; ;2; ; ; ; ;9;2;1;07;41;141,741304765825;41
3258076;1;2;1;80;1;1;1;8; ;2; ;2; ; ; ; ;4;2;1;07;41;137,237363513438;41
3258076;1;3;1;80;1;1;2;8; ;2; ;2; ; ; ; ;9;2;1;07;41;137,237363513438;41
3258076;1;6;1;80;1;2; ; ; ;2; ;2; ;2; ;.; ; ;1;07;41;137,237363513438;41
3258077;1;1;1;80;1;1;4;4; ;2; ;2; ; ; ; ;4;2;1;07;41;155,603750680815;41
3258078;1;1;1;80;1;1;4;5; ;2; ;2; ; ; ; ;11;2;1;07;41;100,637312734954;41
3258082;1;2;1;80;1;2; ; ; ;2; ;2; ;2; ;.; ; ;1;07;41;143,826752447641;41
3258082;1;5;1;80;1;2; ; ; ; ; ;2; ;2; ;.; ; ;1;07;41;143,826752447641;41
3258084;1;3;1;80;1;2; ; ; ; ; ;2; ;2; ;.; ; ;1;07;41;102,71941999122;41
3258085;1;1;1;80;1;1;4;5; ;3; ;2; ; ; ; ;10;2;1;07;41;148,740008920631;41
3258085;1;2;1;80;1;1;4;5; ;3; ;2; ; ; ; ;10;2;1;07;41;148,740008920631;41
3258085;1;5;1;80;1;2; ; ; ;2; ;2; ;2; ;.; ; ;1;07;41;148,740008920631;41
3258086;1;1;1;80;1;1;4;5; ;3; ;2; ; ; ; ;10;2;1;07;41;101,374100308125;41
3258086;1;2;1;80;1;1;4;3; ;2; ;2; ; ; ; ;8;2;1;07;41;101,374100308125;41
3258087;1;1;1;80;1;1;4;5; ;3; ;2; ; ; ; ;10;2;1;07;41;114,772043681407;41
3258087;1;2;1;80;1;1;4;7; ;2; ;2; ; ; ; ;8;2;1;07;41;114,772043681407;41
3258087;1;4;1;80;1;2; ; ; ;2; ;2; ;2; ;.; ; ;1;07;41;114,772043681407;41
3258087;1;5;1;80;1;2; ; ; ;2; ;2; ;2; ;.; ; ;1;07;41;114,772043681407;41
3258089;1;2;1;80;1;1;4;3; ;2; ;2; ; ; ; ;4;2;1;07;41;166,692568879472;41
3258091;1;3;1;80;1;2; ; ; ; ; ;2; ;2; ;.; ; ;1;07;41;158,67365715192;41
3258095;1;3;1;80;1;2; ; ; ;2; ;2; ;2; ;.; ; ;1;07;41;155,139248139107;41
3258095;1;4;1;80;1;2; ; ; ; ; ;2; ;2; ;.; ; ;1;07;41;155,139248139107;41
3258099;1;1;1;80;1;2; ; ; ;2; ;2; ;2; ;.; ; ;1;07;41;114,144529163248;41
3258100;1;4;1;80;1;2; ; ; ;2; ;2; ;2; ;.; ; ;1;07;41;132,267800300166;41
3258101;1;2;1;80;1;2; ; ; ; ; ;2; ;2; ;.; ; ;1;07;41;107,450379161967;41
3258101;1;3;1;80;1;2; ; ; ; ; ;2; ;2; ;.; ; ;1;07;41;107,450379161967;41
3258103;1;5;1;80;1;2; ; ; ;2; ;2; ;2; ;.; ; ;1;07;41;125,445438730549;41
3258104;1;2;1;80;1;1;2;5; ;3; ;2; ; ; ; ;10;2;1;07;41;119,283684135422;41
3258108;1;1;1;80;1;1;3;3; ;2; ;2; ; ; ;RECURSOS;12;2;1;07;41;70,376758668181;41
3258108;1;2;1;80;1;1;1;8; ;2; ;2; ; ; ; ;2;2;1;07;41;70,376758668181;41
3258108;1;3;1;80;1;1;4;4; ;2; ;2; ; ; ; ;4;2;1;07;41;70,376758668181;41
3258109;1;2;1;80;1;1;4;5; ;3; ;2; ; ; ; ;10;2;1;07;41;119,283684135422;41
3258111;1;1;1;80;1;1;4;7; ;3; ;2; ; ; ; ;10;2;1;07;41;119,283684135422;41
3258111;1;2;1;80;1;1;4;7; ;2; ;2; ; ; ; ;8;2;1;07;41;119,283684135422;41
3258112;1;1;1;80;1;1;4;5; ;3; ;2; ; ; ; ;10;2;1;07;41;119,283684135422;41
3258113;1;2;1;80;1;1;1;3; ;2; ;2; ; ; ; ;9;2;1;07;41;158,617350411639;41
3258113;1;3;1;80;1;2; ; ; ; ; ;2; ;2; ;.; ; ;1;07;41;158,617350411639;41
3258114;1;2;1;80;1;1;2;4; ;2; ;2; ; ; ; ;4;2;1;07;41;73,0819173229426;41
3258114;1;3;1;80;1;2; ; ; ; ; ;2; ;2; ;.; ; ;1;07;41;73,0819173229426;41
3258115;1;3;1;80;1;2; ; ; ; ; ;2; ;2; ;.; ; ;1;07;41;174,639575778967;41
3258116;1;2;1;80;1;2; ; ; ;2; ;2; ;2; ;.; ; ;1;07;41;114,222065398414;41
3258116;1;3;1;80;1;2; ; ; ; ; ;2; ;2; ;.; ; ;1;07;41;114,222065398414;41
3258117;1;2;1;80;1;1;1;6; ;2; ;2; ; ; ; ;9;2;1;07;41;183,848598758377;41
3258119;1;3;1;80;1;2; ; ; ;2; ;2; ;2; ;.; ; ;1;07;41;107,450379161967;41
3258121;1;1;1;80;1;1;1;7; ;2; ;2; ; ; ; ;8;2;1;07;41;137,694166853518;41
3258121;1;3;1;80;1;1;3;7; ;2; ;2; ; ; ; ;8;2;1;07;41;137,694166853518;41
3258122;1;4;1;80;1;2; ; ; ; ; ;2; ;2; ;.; ; ;1;07;41;89,5898747268637;41
3258134;1;1;1;80;1;1;4;3; ;2; ;2; ; ; ; ;9;2;1;07;41;143,77044570736;41
3258134;1;3;1;80;1;2; ; ; ;2; ;2; ;2; ;.; ; ;1;07;41;143,77044570736;41
3258134;1;4;1;80;1;2; ; ; ;2; ;2; ;2; ;.; ; ;1;07;41;143,77044570736;41
3258135;1;1;1;80;1;1;4;5; ;3; ;2; ; ; ; ;4;2;1;07;41;120,629003818517;41
3258136;1;2;1;80;1;2; ; ; ;2; ;2; ;2; ;.; ; ;1;07;41;150,177384127464;41
3258136;1;4;1;80;1;1;2;2; ;2; ;2; ; ; ; ;2;2;1;07;41;150,177384127464;41
3258137;1;1;1;80;1;1;3;3; ;2; ;2; ; ; ; ;9;2;1;07;41;130,48511581464;41
3258140;1;3;1;80;1;2; ; ; ; ; ;2; ;2; ;.; ; ;1;07;41;151,845664175192;41
3258141;1;1;1;80;1;1;4;5; ;3; ;2; ; ;4; ;1;1;1;07;41;137,193267962719;41
3258142;1;4;1;80;1;2; ; ; ;2; ;2; ;2; ;.; ; ;1;07;41;140,798633428246;41
3258142;1;5;1;80;1;2; ; ; ; ; ;2; ;2; ;.; ; ;1;07;41;140,798633428246;41
3258142;1;6;1;80;1;1;4;4; ;2; ;2; ; ; ; ;4;2;1;07;41;140,798633428246;41
3258143;1;4;1;80;1;2; ; ; ;2; ;2; ;2; ;.; ; ;1;07;41;143,77044570736;41
3258144;1;2;1;80;1;1;1;3; ;2; ;2; ; ; ; ;9;2;1;07;41;170,155073064229;41
3258144;1;3;1;80;1;2; ; ; ; ; ;2; ;2; ;.; ; ;1;07;41;170,155073064229;41
3258147;1;1;1;80;1;1;4;5; ;3; ;2; ; ; ; ;11;2;1;07;41;110,850945199333;41
3258148;1;2;1;80;1;1;2;3; ;2; ;2; ; ; ; ;9;2;1;07;41;166,692568879472;41
3258150;1;3;1;80;1;1;4;4; ;2; ;2; ; ; ; ;4;2;1;07;41;201,344355377136;41
3258150;1;4;1;80;1;2; ; ; ;2; ;2; ;2; ;.; ; ;1;07;41;201,344355377136;41
3258153;1;1;1;80;1;1;1;5; ;3; ;2; ; ; ; ;10;2;1;07;41;109,126358411324;41
3258154;1;3;1;80;1;2; ; ; ;2; ;2; ;2; ;.; ; ;1;07;41;136,998759470913;41
3258154;1;4;1;80;1;2; ; ; ; ; ;2; ;2; ;.; ; ;1;07;41;136,998759470913;41
3258155;1;2;1;80;1;1;4;4; ;2; ;2; ; ; ; ;9;2;1;07;41;115,380575791331;41
3258155;1;6;1;80;1;2; ; ; ; ; ;2; ;2; ;.; ; ;1;07;41;115,380575791331;41
3258157;1;1;1;80;1;1;4;3; ;2; ;2; ; ; ; ;11;2;1;07;41;114,088222422967;41
3258158;1;1;1;80;1;1;4;1; ;2; ;2; ; ; ; ;11;2;1;07;41;147,114705004446;41
3258158;1;3;1;80;1;1;4;7; ;2; ;2; ; ; ; ;8;2;1;07;41;147,114705004446;41
3258180;1;1;1;80;1;1;4;9;POR LA EDAD;2; ;2; ; ; ; ;7;2;1;07;27;68,8243779358387;27
3258181;1;3;1;80;1;2; ; ; ;2; ;2; ;2; ;.; ; ;1;07;27;20,9929105947231;27
3258181;1;4;1;80;1;1;1;3; ;2; ;2; ; ; ; ;9;2;1;07;27;20,9929105947231;27
3258182;1;2;1;80;1;1;1;8; ;2; ;2; ; ;1; ;4;1;1;07;27;104,964552973615;27
3258182;1;3;1;80;1;2; ; ; ; ; ;2; ;2; ;.; ; ;1;07;27;104,964552973615;27
3258182;1;7;1;80;1;2; ; ; ;2; ;2; ;2; ;.; ; ;1;07;27;104,964552973615;27
3258183;1;3;1;80;1;2; ; ; ; ; ;2; ;2; ;.; ; ;1;07;27;20,9929105947231;27
3258183;1;4;1;80;1;2; ; ; ; ; ;2; ;2; ;.; ; ;1;07;27;20,9929105947231;27
3258183;1;7;1;80;1;2; ; ; ; ; ;2; ;2; ;.; ; ;1;07;27;20,9929105947231;27
3258184;1;2;1;80;1;1;1;3; ;2; ;2; ; ; ; ;9;2;1;07;27;41,9858211894461;27
3258184;1;4;1;80;1;2; ; ; ; ; ;2; ;2; ;.; ; ;1;07;27;41,9858211894461;27
3258185;1;5;1;80;1;2; ; ; ;2; ;2; ;2; ;.; ; ;1;07;27;209,929105947231;27
3258188;1;2;1;80;1;2; ; ; ; ; ;2; ;2; ;.; ; ;1;07;27;209,929105947231;27
3258189;1;2;1;80;1;1;3;4; ;2; ;2; ; ; ; ;4;2;1;07;27;20,9929105947231;27
3258189;1;4;1;80;1;2; ; ; ; ; ;2; ;2; ;.; ; ;1;07;27;20,9929105947231;27
3258189;1;8;1;80;1;1;4;4; ;2; ;2; ; ; ; ;4;2;1;07;27;20,9929105947231;27
3258190;1;2;1;80;1;2; ; ; ;2; ;2; ;2; ;.; ; ;1;07;27;104,964552973615;27
3258190;1;3;1;80;1;2; ; ; ;2; ;2; ;2; ;.; ; ;1;07;27;104,964552973615;27
3258191;1;1;1;80;1;1;4;1; ;2; ;2; ; ; ; ;11;2;1;07;27;20,9929105947231;27
3258191;1;2;1;80;1;1;4;5; ;3; ;2; ; ; ; ;10;2;1;07;27;20,9929105947231;27
3258193;1;2;1;80;1;1;4;5; ;3; ;2; ; ; ; ;10;2;1;07;27;20,9929105947231;27
3258194;1;1;1;80;1;1;3;4; ;3; ;2; ; ; ; ;4;2;1;07;27;20,9929105947231;27
3258194;1;3;1;80;1;1;1;6; ;2; ;2; ; ; ; ;2;2;1;07;27;20,9929105947231;27
3258194;1;5;1;80;1;1;1;2; ;2; ;2; ; ; ; ;2;2;1;07;27;20,9929105947231;27
3258195;1;3;1;80;1;2; ; ; ; ; ;2; ;2; ;.; ; ;1;07;27;20,9929105947231;27
3258195;1;4;1;80;1;2; ; ; ;2; ;2; ;2; ;.; ; ;1;07;27;20,9929105947231;27
3258196;1;2;1;80;1;2; ; ; ; ; ;2; ;2; ;.; ; ;1;07;27;20,9929105947231;27
3258197;1;4;1;80;1;1;4;9;NO ESTA CALIFICADA PARA TRABAJAR;2; ;2; ; ; ; ;4;2;1;07;27;20,9929105947231;27
3258199;1;4;1;80;1;1;1;8; ;2; ;2; ; ;1; ;5;1;1;07;27;20,9929105947231;27
3258206;1;1;1;80;1;1;4;3; ;2; ;2; ; ; ; ;9;2;1;07;27;104,964552973615;27
3258206;1;2;1;80;1;2; ; ; ; ; ;2; ;2; ;.; ; ;1;07;27;104,964552973615;27
3258210;1;1;1;80;1;1;2;9;VENDIA JUGOS Y PASTELES PERO DEJO DE TRABAJAR POR QUE LE QUITARON EL PUES;2; ;2; ; ; ; ;1;2;1;07;27;20,9929105947231;27
3258211;1;2;1;80;1;1;1;8; ;2; ;2; ; ; ; ;2;2;1;07;27;209,929105947231;27
3258213;1;1;1;80;1;1;1;3; ;2; ;2; ; ; ; ;9;2;1;07;27;41,9858211894461;27
3258213;1;2;1;80;1;1;1;2; ;2; ;2; ; ; ; ;11;2;1;07;27;41,9858211894461;27
3258214;1;2;1;80;1;1;1;2; ;2; ;2; ; ; ; ;2;2;1;07;27;20,9929105947231;27
3258215;1;4;1;80;1;2; ; ; ;2; ;2; ;2; ;.; ; ;1;07;27;31,0527914415559;27
3258215;1;5;1;80;1;2; ; ; ; ; ;2; ;2; ;.; ; ;1;07;27;31,0527914415559;27
3258216;1;1;1;80;1;1;4;1; ;2; ;2; ; ; ; ;4;2;1;07;27;20,9929105947231;27
3258216;1;2;1;80;1;1;3;9;POR LA EDAD;2; ;2; ; ; ; ;8;2;1;07;27;20,9929105947231;27
3258216;1;4;1;80;1;2; ; ; ;2; ;2; ;2; ;.; ; ;1;07;27;20,9929105947231;27
3258218;1;2;1;80;1;2; ; ; ;2; ;2; ;2; ;.; ; ;1;07;27;104,964552973615;27
3258220;1;2;1;80;1;2; ; ; ; ; ;2; ;2; ;.; ; ;1;07;27;62,0020616833203;27
3258220;1;3;1;80;1;2; ; ; ; ; ;2; ;2; ;.; ; ;1;07;27;62,0020616833203;27
3258221;1;2;1;80;1;2; ; ; ;2; ;2; ;2; ;.; ; ;1;07;27;20,9929105947231;27
3258222;1;2;1;80;1;2; ; ; ;2; ;2; ;2; ;.; ; ;1;07;27;20,9929105947231;27
3258222;1;3;1;80;1;1;1;2; ;2; ;2; ; ; ; ;2;2;1;07;27;20,9929105947231;27
3258224;1;5;1;80;1;2; ; ; ;2; ;2; ;2; ;.; ; ;1;07;27;20,9929105947231;27
3258226;1;2;1;80;1;2; ; ; ;2; ;2; ;1;1; ;8; ;1;07;27;20,9929105947231;27
3258227;1;1;1;80;1;1;4;5; ;2; ;2; ; ; ; ;10;2;1;07;27;20,9929105947231;27
3258229;1;2;1;80;1;2; ; ; ;2; ;2; ;2; ;.; ; ;1;07;27;20,9929105947231;27
3258229;1;3;1;80;1;2; ; ; ; ; ;2; ;2; ;.; ; ;1;07;27;20,9929105947231;27
3258230;1;8;1;80;1;2; ; ; ; ; ;2; ;2; ;.; ; ;1;07;27;20,9929105947231;27
3258237;1;1;1;80;1;1;1;4; ;2; ;2; ; ; ; ;4;2;1;07;27;104,964552973615;27
3258238;1;1;1;80;1;1;4;4; ;2; ;2; ; ; ; ;9;2;1;07;27;104,964552973615;27
3258238;1;3;1;80;1;2; ; ; ;2; ;2; ;2; ;.; ; ;1;07;27;104,964552973615;27
3258239;1;3;1;80;1;2; ; ; ;2; ;2; ;2; ;.; ; ;1;07;27;20,9929105947231;27
3258240;1;4;1;80;1;2; ; ; ; ; ;2; ;2; ;.; ; ;1;07;27;41,9858211894461;27
3258241;1;1;1;80;1;1;3;3; ;2; ;2; ; ; ; ;9;2;1;07;27;41,9858211894461;27
3258241;1;2;1;80;1;2; ; ; ;2; ;2; ;2; ;.; ; ;1;07;27;41,9858211894461;27
3258241;1;3;1;80;1;2; ; ; ; ; ;2; ;2; ;.; ; ;1;07;27;41,9858211894461;27
3258242;1;1;1;80;1;1;3;4; ;2; ;2; ; ; ; ;4;2;1;07;27;41,9858211894461;27
3258243;1;3;1;80;1;2; ; ; ;2; ;2; ;2; ;.; ; ;1;07;27;41,9858211894461;27
3258243;1;6;1;80;1;2; ; ; ;2; ;2; ;2; ;.; ; ;1;07;27;41,9858211894461;27
3258245;1;2;1;80;1;1;3;2; ; ; ;2; ; ; ; ;2;2;1;07;27;20,9929105947231;27
3258246;1;2;1;80;1;1;1;8; ;2; ;2; ; ; ; ;3;2;1;07;27;20,9929105947231;27
3258247;1;1;1;80;1;1;1;8; ;2; ;2; ; ; ;EMBARAZO;12;2;1;07;27;20,9929105947231;27
3258248;1;3;1;80;1;2; ; ; ; ; ;2; ;2; ;.; ; ;1;07;27;20,9929105947231;27
3258251;1;3;1;80;1;2; ; ; ;2; ;2; ;2; ;.; ; ;1;07;27;20,9929105947231;27
3258252;1;3;1;80;1;2; ; ; ;2; ;2; ;2; ;.; ; ;1;07;27;20,9929105947231;27
3258252;1;5;1;80;1;2; ; ; ;2; ;2; ;2; ;.; ; ;1;07;27;20,9929105947231;27
3258253;1;3;1;80;1;2; ; ; ;2; ;2; ;2; ;.; ; ;1;07;27;20,9929105947231;27
3258254;1;2;1;80;1;2; ; ; ; ; ;2; ;2; ;.; ; ;1;07;27;60,0654909112229;27
3258254;2;2;2;80;1;2; ; ; ;2; ;2; ;2; ;.; ; ;1;07;27;60,0654909112229;27
3258256;1;4;1;80;1;1;4;4; ;2; ;2; ; ; ; ;9;2;1;07;27;20,9929105947231;27
3258257;1;2;1;80;1;2; ; ; ; ; ;2; ;2; ;.; ; ;1;07;27;20,9929105947231;27
3258264;1;3;1;80;1;1;1;2; ;2; ;2; ; ; ; ;2;2;1;07;27;104,964552973615;27
3258264;1;4;1;80;1;1;3;2; ;2; ;2; ; ; ; ;2;2;1;07;27;104,964552973615;27
3258264;1;5;1;80;1;2; ; ; ;2; ;2; ;2; ;.; ; ;1;07;27;104,964552973615;27
3258267;1;4;1;80;1;2; ; ; ;2; ;2; ;2; ;.; ; ;1;07;27;20,9929105947231;27
3258268;1;3;1;80;1;1;1;2; ;2; ;2; ; ; ; ;1;2;1;07;27;20,9929105947231;27
3258268;1;4;1;80;1;2; ; ; ;2; ;2; ;2; ;.; ; ;1;07;27;20,9929105947231;27
3258269;1;2;1;80;1;2; ; ; ; ; ;2; ;2; ;.; ; ;1;07;27;41,9858211894461;27
3258270;1;1;1;80;1;1;1;5; ;3; ;2; ; ; ; ;10;2;1;07;27;20,9929105947231;27
3258270;1;4;1;80;1;2; ; ; ; ; ;2; ;2; ;.; ; ;1;07;27;20,9929105947231;27
3258271;1;3;1;80;1;2; ; ; ;2; ;2; ;2; ;.; ; ;1;07;27;41,9858211894461;27
3258271;1;4;1;80;1;2; ; ; ; ; ;2; ;2; ;.; ; ;1;07;27;41,9858211894461;27
3258272;1;4;1;80;1;2; ; ; ; ; ;2; ;2; ;.; ; ;1;07;27;20,9929105947231;27
3258272;1;5;1;80;1;2; ; ; ; ; ;2; ;2; ;.; ; ;1;07;27;20,9929105947231;27
3258273;1;3;1;80;1;2; ; ; ; ; ;2; ;2; ;.; ; ;1;07;27;20,9929105947231;27
3258273;1;5;1;80;1;2; ; ; ;2; ;2; ;2; ;.; ; ;1;07;27;20,9929105947231;27
3258274;1;3;1;80;1;2; ; ; ;2; ;2; ;2; ;.; ; ;1;07;27;20,9929105947231;27
3258275;1;1;1;80;1;1;1;6; ;2; ;2; ; ; ; ;11;2;1;07;27;86,360169054605;27
3258284;1;1;1;80;1;1;3;8; ;2; ;2; ; ; ; ;9;2;1;07;27;20,9929105947231;27
3258284;1;2;1;80;1;1;1;8; ;2; ;2; ; ; ; ;2;2;1;07;27;20,9929105947231;27
3258284;1;6;1;80;1;2; ; ; ;2; ;2; ;2; ;.; ; ;1;07;27;20,9929105947231;27
3258284;1;7;1;80;1;2; ; ; ; ; ;2; ;2; ;.; ; ;1;07;27;20,9929105947231;27
3258285;1;2;1;80;1;1;3;8; ;2; ;2; ; ; ; ;9;2;1;07;27;20,9929105947231;27
3258286;1;3;1;80;1;2; ; ; ;2; ;2; ;2; ;.; ; ;1;07;27;41,9858211894461;27
3258286;1;4;1;80;1;1;2;8; ;2; ;2; ; ; ; ;2;2;1;07;27;41,9858211894461;27
3258286;1;6;1;80;1;1;3;8; ;2; ;2; ; ; ; ;9;2;1;07;27;41,9858211894461;27
3258286;1;8;1;80;1;2; ; ; ;2; ;2; ;2; ;.; ; ;1;07;27;41,9858211894461;27
3258287;1;3;1;80;1;2; ; ; ;2; ;2; ;2; ;.; ; ;1;07;27;20,9929105947231;27
3258287;1;4;1;80;1;2; ; ; ;2; ;2; ;2; ;.; ; ;1;07;27;20,9929105947231;27
3258287;1;5;1;80;1;2; ; ; ;2; ;2; ;2; ;.; ; ;1;07;27;20,9929105947231;27
3258291;1;1;1;80;1;2; ; ; ;2; ;2; ;2; ;.; ; ;1;07;27;86,360169054605;27
3258292;1;3;1;80;1;2; ; ; ;2; ;2; ;2; ;.; ; ;1;07;27;104,964552973615;27
3258293;1;2;1;80;1;1;4;8; ;2; ;2; ; ; ; ;4;2;1;07;27;71,412712577871;27
3258293;1;3;1;80;1;1;4;4; ;2; ;2; ; ; ; ;4;2;1;07;27;71,412712577871;27
3258293;1;4;1;80;1;2; ; ; ;2; ;2; ;2; ;.; ; ;1;07;27;71,412712577871;27
3258304;1;2;1;80;1;1;4;3; ;2; ;2; ; ; ; ;9;2;1;07;05;914,076288438775;05
3258305;1;2;1;80;1;1;3;9;POR QUE SE CAMBIO DE CIUDAD;2; ;2; ; ; ; ;9;2;1;07;05;1179,98261302823;05
3258307;1;2;1;80;1;1;4;8; ;2; ;2; ; ;4;Por que los empleos ofrecidos han sido mal remunerados;12;1;1;07;05;1278,49184639736;05
3258308;1;2;1;80;1;1;4;3; ;2; ;2; ; ; ; ;9;2;1;07;05;1234,71355358619;05
3258309;1;1;1;80;1;1;4;5; ;3; ;2; ; ; ; ;4;2;1;07;05;1274,96438050185;05
3258309;1;2;1;80;1;1;3;5; ;3; ;2; ; ; ; ;11;2;1;07;05;1274,96438050185;05
3258309;1;5;1;80;1;1;1;2; ;2; ;2; ; ; ; ;2;2;1;07;05;1274,96438050185;05
3258310;1;4;1;80;1;2; ; ; ;2; ;2; ;2; ;.; ; ;1;07;05;741,542013485733;05
3258311;1;3;1;80;1;2; ; ; ; ; ;2; ;2; ;.; ; ;1;07;05;899,934411579473;05
3258313;1;2;1;80;1;1;4;3; ;2; ;2; ; ; ; ;9;2;1;07;05;990,705055743098;05
3258313;1;3;1;80;1;2; ; ; ; ; ;2; ;2; ;.; ; ;1;07;05;990,705055743098;05
3258314;1;2;1;80;1;2; ; ; ; ; ;2; ;2; ;.; ; ;1;07;05;918,815191580509;05
3258315;1;2;1;80;1;2; ; ; ;2; ;2; ;1;3; ;9; ;1;07;05;1255,50389848622;05
3258316;1;2;1;80;1;2; ; ; ;2; ;2; ;2; ;.; ; ;1;07;05;792,076026783061;05
3258316;1;6;1;80;1;2; ; ; ;2; ;2; ;2; ;.; ; ;1;07;05;792,076026783061;05
3258316;1;12;1;80;1;2; ; ; ;2; ;2; ;1;2; ;2; ;1;07;05;792,076026783061;05
3258317;1;2;1;80;1;1;4;8; ;2; ;2; ; ; ; ;9;2;1;07;05;1149,00959459372;05
3258317;1;5;1;80;1;1;2;2; ;2; ;2; ; ; ; ;2;2;1;07;05;1149,00959459372;05
3258317;1;6;1;80;1;2; ; ; ; ; ;2; ;2; ;.; ; ;1;07;05;1149,00959459372;05
3258320;1;4;1;80;1;2; ; ; ;2; ;2; ;2; ;.; ; ;1;07;05;885,479338434421;05
3258321;1;2;1;80;1;1;1;3; ;2; ;2; ; ; ; ;9;2;1;07;05;1017,32442494964;05
3258322;1;2;1;80;1;1;4;3; ;2; ;2; ; ; ; ;9;2;1;07;05;1029,32880413999;05
3258322;1;3;1;80;1;1;1;8; ;2; ;1;640000; ; ; ;2;2;1;07;05;1029,32880413999;05
3258322;1;4;1;80;1;2; ; ; ;2; ;2; ;2; ;.; ; ;1;07;05;1029,32880413999;05
3258323;1;2;1;80;1;2; ; ; ; ; ;2; ;2; ;.; ; ;1;07;05;900,728697140049;05
3258325;1;1;1;80;1;1;4;5; ;3; ;2; ; ; ; ;10;2;1;07;05;1067,08417465654;05
3258325;1;2;1;80;1;1;3;5; ;3; ;2; ; ; ; ;10;2;1;07;05;1067,08417465654;05
3258326;1;3;1;80;1;2; ; ; ;2; ;2; ;2; ;.; ; ;1;07;05;874,814728799729;05
3258327;1;1;1;80;1;1;4;5; ;3; ;2; ; ; ; ;10;2;1;07;05;1068,06683230742;05
3258332;1;1;1;80;1;1;1;8; ;2; ;2; ; ; ; ;6;2;1;07;05;1081,53924780159;05
3258332;1;2;1;80;1;2; ; ; ;2; ;2; ;2; ;.; ; ;1;07;05;1081,53924780159;05
3258333;1;4;1;80;1;2; ; ; ;2; ;2; ;2; ;.; ; ;1;07;05;831,518372088782;05
3258333;1;5;1;80;1;2; ; ; ;2; ;2; ;2; ;.; ; ;1;07;05;831,518372088782;05
3258336;1;1;1;80;1;1;1;3; ;2; ;2; ; ; ; ;9;2;1;07;05;2386,97335729075;05
3258337;1;1;1;80;1;1;4;7; ;2; ;2; ; ; ; ;9;2;1;07;05;1014,84208087196;05
3258337;2;1;2;80;1;1;3;4; ;3; ;2; ; ; ; ;4;2;1;07;05;1014,84208087196;05
3258339;1;2;1;80;1;2; ; ; ;2; ;2; ;1;1; ;2; ;1;07;05;851,826780888595;05
3258342;1;1;1;80;1;1;3;4; ;2; ;2; ; ; ; ;4;2;1;07;05;1859,09133871539;05
3258342;1;3;1;80;1;1;2;8; ;2; ;2; ; ;2; ;2;1;1;07;05;1859,09133871539;05
3258343;1;2;1;80;1;1;2;1; ;2; ;2; ; ; ; ;1;2;1;07;05;863,831160078947;05
3258343;1;4;1;80;1;2; ; ; ;2; ;2; ;2; ;.; ; ;1;07;05;863,831160078947;05
3258344;1;1;1;80;1;1;4;3; ;2; ;2; ; ; ; ;9;2;1;07;05;968,932053192183;05
3258344;1;3;1;80;1;2; ; ; ;2; ;2; ;2; ;.; ; ;1;07;05;968,932053192183;05
3258344;1;4;1;80;1;1;4;4; ;2; ;2; ; ; ; ;4;2;1;07;05;968,932053192183;05
3258345;1;1;1;80;1;1;4;8; ;2; ;2; ; ; ; ;9;2;1;07;05;647,268214774855;05
3258345;1;5;1;80;1;1;3;6; ;2; ;2; ; ; ; ;9;2;1;07;05;647,268214774855;05
3258345;1;6;1;80;1;2; ; ; ;2; ;2; ;2; ;.; ; ;1;07;05;647,268214774855;05
3258347;1;2;1;80;1;2; ; ; ;2; ;2; ;2; ;.; ; ;1;07;05;2467,7114402615;05
3258347;1;3;1;80;1;2; ; ; ; ; ;2; ;2; ;.; ; ;1;07;05;2467,7114402615;05
3258348;1;1;1;80;1;2; ; ; ;2; ;2; ;2; ;.; ; ;1;07;05;498,94908047676;05
3258348;1;5;1;80;1;2; ; ; ; ; ;2; ;2; ;.; ; ;1;07;05;498,94908047676;05
3258348;1;6;1;80;1;2; ; ; ;2; ;2; ;2; ;.; ; ;1;07;05;498,94908047676;05
3258348;1;7;1;80;1;2; ; ; ;2; ;2; ;1;2; ;1; ;1;07;05;498,94908047676;05
3258348;1;8;1;80;1;1;4;1; ;2; ;2; ; ;1; ;8;1;1;07;05;498,94908047676;05
3258348;1;10;1;80;1;2; ; ; ; ; ;2; ;2; ;.; ; ;1;07;05;498,94908047676;05
3258348;1;11;1;80;1;2; ; ; ; ; ;2; ;2; ;.; ; ;1;07;05;498,94908047676;05
3258348;1;12;1;80;1;2; ; ; ;2; ;2; ;1;2; ;5; ;1;07;05;498,94908047676;05
3258350;1;1;1;80;1;1;1;4; ;2; ;2; ; ; ; ;4;2;1;07;05;647,299864897838;05
3258353;1;3;1;80;1;2; ; ; ; ; ;2; ;2; ;.; ; ;1;07;05;793,281065472018;05
3258353;1;4;1;80;1;2; ; ; ; ; ;2; ;2; ;.; ; ;1;07;05;793,281065472018;05
3258353;1;6;1;80;1;2; ; ; ;2; ;2; ;2; ;.; ; ;1;07;05;793,281065472018;05
3258354;1;1;1;80;1;1;4;5; ;3; ;2; ; ; ; ;8;2;1;07;05;921,394217844639;05
3258355;1;1;1;80;1;2; ; ; ;2; ;2; ;2; ;.; ; ;1;07;05;935,849290989691;05
3258356;1;2;1;80;1;1;4;6; ;3; ;2; ; ; ; ;11;2;1;07;05;1157,06053325959;05
3258360;1;1;1;80;1;1;4;9;POR LA EDAD;2; ;2; ; ; ; ;8;2;1;07;05;1505,982398951;05
3258360;1;6;1;80;1;2; ; ; ; ; ;2; ;2; ;.; ; ;1;07;05;1505,982398951;05
3258361;1;1;1;80;1;1;4;5; ;3; ;2; ; ; ; ;8;2;1;07;05;1067,08417465654;05
3258361;1;2;1;80;1;2; ; ; ;2; ;2; ;2; ;.; ; ;1;07;05;1067,08417465654;05
3258364;1;1;1;80;1;1;4;5; ;3; ;2; ; ; ; ;10;2;1;07;05;1150,72526150461;05
3258364;1;2;1;80;1;2; ; ; ;2; ;2; ;2; ;.; ; ;1;07;05;1150,72526150461;05
3258364;1;4;1;80;1;1;2;3; ;2; ;2; ; ; ; ;9;2;1;07;05;1150,72526150461;05
3258364;1;6;1;80;1;2; ; ; ;2; ;2; ;2; ;.; ; ;1;07;05;1150,72526150461;05
3258365;1;1;1;80;1;2; ; ; ;2; ;2; ;2; ;.; ; ;1;07;05;1869,73326667761;05
3258365;1;3;1;80;1;1;4;6; ;2; ;2; ; ; ; ;11;2;1;07;05;1869,73326667761;05
3258366;1;1;1;80;1;2; ; ; ;2; ;2; ;2; ;.; ; ;1;07;05;1952,49996519609;05
3258367;1;3;1;80;1;1;1;8; ;2; ;2; ; ; ; ;2;2;1;07;05;1648,44950806234;05
3258369;1;1;1;80;1;1;4;5; ;3; ;2; ; ; ; ;10;2;1;07;05;1212,77413146844;05
3258369;1;2;1;80;1;1;4;5; ;3; ;2; ; ; ; ;10;2;1;07;05;1212,77413146844;05
3258369;1;3;1;80;1;1;4;5; ;3; ;2; ; ; ; ;10;2;1;07;05;1212,77413146844;05
3258370;1;3;1;80;1;2; ; ; ;2; ;2; ;2; ;.; ; ;1;07;05;853,166550444256;05
3258370;1;4;1;80;1;2; ; ; ;2; ;2; ;2; ;.; ; ;1;07;05;853,166550444256;05
3258371;1;1;1;80;1;2; ; ; ;2; ;2; ;2; ;.; ; ;1;07;05;899,746039489165;05
3258371;1;2;1;80;1;2; ; ; ;2; ;2; ;2; ;.; ; ;1;07;05;899,746039489165;05
3258372;1;1;1;80;1;1;4;9;NO QUISO TRABAJAR MAS;2; ;2; ; ; ; ;11;2;1;07;05;845,872932386642;05
3258374;1;2;1;80;1;1;2;2; ;2; ;2; ; ; ; ;2;2;1;07;05;763,190191841207;05
3258374;1;3;1;80;1;2; ; ; ;2; ;2; ;2; ;.; ; ;1;07;05;763,190191841207;05
3258379;1;1;1;80;1;1;4;4; ;3; ;1;222200; ; ; ;4;2;1;07;05;847,813936340161;05
3258379;1;2;1;80;1;2; ; ; ;2; ;2; ;2; ;.; ; ;1;07;05;847,813936340161;05
3258379;2;2;2;80;1;2; ; ; ;2; ;2; ;1;4; ;9; ;1;07;05;847,813936340161;05
3258379;2;4;2;80;1;2; ; ; ;2; ;2; ;2; ;.; ; ;1;07;05;847,813936340161;05
3258380;1;2;1;80;1;2; ; ; ;2; ;2; ;2; ;.; ; ;1;07;05;709,317084738684;05
3258382;1;1;1;80;1;2; ; ; ;2; ;2; ;2; ;.; ; ;1;07;05;860,328005531694;05
3258383;1;2;1;80;1;1;4;3; ;2; ;2; ; ; ; ;9;2;1;07;05;2578,55614915463;05
3258384;1;2;1;80;1;2; ; ; ;2; ;2; ;2; ;.; ; ;1;07;05;913,438477196624;05
3258384;1;3;1;80;1;2; ; ; ;2; ;2; ;2; ;.; ; ;1;07;05;913,438477196624;05
3258384;1;4;1;80;1;2; ; ; ;2; ;2; ;2; ;.; ; ;1;07;05;913,438477196624;05
3258385;1;4;1;80;1;1;1;4; ;2; ;2; ; ; ; ;4;2;1;07;05;786,882245822173;05
3258385;1;6;1;80;1;2; ; ; ; ; ;2; ;2; ;.; ; ;1;07;05;786,882245822173;05
3258386;1;1;1;80;1;2; ; ; ;2; ;2; ;2; ;.; ; ;1;07;05;899,746039489165;05
3258386;1;2;1;80;1;2; ; ; ;2; ;2; ;2; ;.; ; ;1;07;05;899,746039489165;05
3258389;1;2;1;80;1;1;4;3; ;2; ;2; ; ; ; ;9;2;1;07;05;853,166550444256;05
3258389;1;3;1;80;1;2; ; ; ; ; ;2; ;2; ;.; ; ;1;07;05;853,166550444256;05
3258389;1;4;1;80;1;2; ; ; ;2; ;2; ;2; ;.; ; ;1;07;05;853,166550444256;05
3258390;1;2;1;80;1;2; ; ; ;2; ;2; ;2; ;.; ; ;1;07;05;899,746039489165;05
3258391;1;3;1;80;1;2; ; ; ;2; ;2; ;2; ;.; ; ;1;07;05;941,803139491643;05
3258392;1;1;1;80;1;1;2;4; ;2; ;2; ; ; ; ;9;2;1;07;05;853,166550444256;05
3258392;1;2;1;80;1;1;3;8; ;2; ;2; ; ;1; ;2;1;1;07;05;853,166550444256;05
3258392;1;4;1;80;1;2; ; ; ; ; ;2; ;2; ;.; ; ;1;07;05;853,166550444256;05
3258394;1;1;1;80;1;1;3;9;CAMBIO DE DOMICILIO;2; ;2; ; ; ; ;9;2;1;07;05;865,299196382762;05
3258395;1;1;1;80;1;2; ; ; ;2; ;2; ;2; ;.; ; ;1;07;05;843,651018027289;05
3258396;1;2;1;80;1;1;1;9;EMBARAZO;2; ;2; ; ; ;EMBARAZO;12;2;1;07;05;967,717107831963;05
3258400;1;4;1;80;1;1;2;4; ;2; ;2; ; ; ; ;4;2;1;07;05;1084,31283564155;05
3258401;1;2;1;80;1;1;2;6; ;2; ;2; ; ; ; ;11;2;1;07;05;1257,70150149733;05
3258403;1;2;1;80;1;1;2;2; ;2; ;1;30000; ; ; ;2;2;1;07;05;1157,06053325959;05
3258403;1;3;1;80;1;1;4;4; ;2; ;2; ; ; ; ;4;2;1;07;05;1157,06053325959;05
3258405;1;1;1;80;1;1;4;6; ;2; ;2; ; ; ; ;11;2;1;07;05;935,849290989691;05
3258411;1;5;1;80;1;2; ; ; ;2; ;2; ;1;1; ;2; ;1;07;05;983,030014432458;05
3258413;1;2;1;80;1;1;1;4; ;2; ;2; ; ; ; ;11;2;1;07;05;982,624490899641;05
3258413;1;4;1;80;1;1;2;3; ;2; ;2; ; ; ; ;9;2;1;07;05;982,624490899641;05
3258413;1;5;1;80;1;2; ; ; ; ; ;2; ;2; ;.; ; ;1;07;05;982,624490899641;05
3258413;1;7;1;80;1;2; ; ; ; ; ;2; ;2; ;.; ; ;1;07;05;982,624490899641;05
3258416;1;1;1;80;1;1;1;4; ;2; ;1;480000; ;1; ;4;1;1;07;18;75,8690324296315;18
3258416;1;2;1;80;1;2; ; ; ;2; ;2; ;2; ;.; ; ;1;07;18;75,8690324296315;18
3258416;1;4;1;80;1;2; ; ; ; ; ;2; ;2; ;.; ; ;1;07;18;75,8690324296315;18
3258417;1;3;1;80;1;2; ; ; ;2; ;2; ;2; ;.; ; ;1;07;18;43,880824992299;18
3258418;1;1;1;80;1;2; ; ; ;2; ;2; ;2; ;.; ; ;1;07;18;62,8712247608561;18
3258418;1;4;1;80;1;2; ; ; ; ; ;2; ;2; ;.; ; ;1;07;18;62,8712247608561;18
3258419;1;3;1;80;1;2; ; ; ; ; ;2; ;2; ;.; ; ;1;07;18;59,0096749290643;18
3258422;1;3;1;80;1;2; ; ; ;2; ;2; ;2; ;.; ; ;1;07;18;79,2459953564209;18
3258423;1;3;1;80;1;2; ; ; ; ; ;2; ;2; ;.; ; ;1;07;18;55,3534898858787;18
3258424;1;3;1;80;1;2; ; ; ;2; ;2; ;2; ;.; ; ;1;07;18;55,3534898858787;18
3258425;1;2;1;80;1;1;3;7; ;2; ;2; ; ; ; ;11;2;1;07;18;66,9911829067564;18
3258426;1;1;1;80;1;2; ; ; ;2; ;2; ;2; ;.; ; ;1;07;18;37,0558010267657;18
3258426;1;2;1;80;1;2; ; ; ; ; ;2; ;2; ;.; ; ;1;07;18;37,0558010267657;18
3258427;1;2;1;80;1;2; ; ; ;2; ;2; ;2; ;.; ; ;1;07;18;49,4756416037283;18
3258430;1;1;1;80;1;2; ; ; ;2; ;2; ;2; ;.; ; ;1;07;18;53,1603935436961;18
3258430;1;3;1;80;1;2; ; ; ;2; ;2; ;2; ;.; ; ;1;07;18;53,1603935436961;18
3258430;1;4;1;80;1;2; ; ; ;2; ;2; ;2; ;.; ; ;1;07;18;53,1603935436961;18
3258431;1;2;1;80;1;1;1;8; ;2; ;1;589500; ; ; ;2;2;1;07;18;21,5131325122427;18
3258431;1;3;1;80;1;2; ; ; ;2; ;2; ;2; ;.; ; ;1;07;18;21,5131325122427;18
3258432;1;1;1;80;1;1;3;3; ;2; ;2; ; ; ; ;11;2;1;07;18;48,7751881904429;18
3258437;1;3;1;80;1;1;1;2; ;2; ;2; ; ; ; ;2;2;1;07;18;46,3353695781628;18
3258438;1;2;1;80;1;1;2;3; ;2; ;2; ; ; ; ;9;2;1;07;18;80,6439900536586;18
3258441;1;1;1;80;1;1;4;5; ;3; ;2; ; ; ; ;10;2;1;07;18;35,1681196543702;18
3258441;1;4;1;80;1;2; ; ; ; ; ;2; ;2; ;.; ; ;1;07;18;35,1681196543702;18
3258441;1;5;1;80;1;1;4;4; ;2; ;2; ; ; ; ;4;2;1;07;18;35,1681196543702;18
3258443;1;2;1;80;1;1;1;8; ;2; ;2; ; ; ; ;9;2;1;07;18;76,987805010473;18
3258445;1;1;1;80;1;2; ; ; ;2; ;2; ;2; ;.; ; ;1;07;18;91,7038320403717;18
3258445;1;3;1;80;1;2; ; ; ;2; ;2; ;2; ;.; ; ;1;07;18;91,7038320403717;18
3258445;1;4;1;80;1;2; ; ; ;2; ;2; ;2; ;.; ; ;1;07;18;91,7038320403717;18
3258449;1;1;1;80;1;1;2;4; ;2; ;2; ; ; ; ;8;2;1;07;18;75,0715567412952;18
3258449;1;2;1;80;1;2; ; ; ;2; ;2; ;2; ;.; ; ;1;07;18;75,0715567412952;18
3258450;1;3;1;80;1;2; ; ; ;2; ;2; ;2; ;.; ; ;1;07;18;65,5802341206587;18
3258450;1;4;1;80;1;2; ; ; ; ; ;2; ;2; ;.; ; ;1;07;18;65,5802341206587;18
3258451;1;1;1;80;1;1;3;4; ;2; ;2; ; ; ; ;4;2;1;07;18;49,7301063776672;18
3258455;1;4;1;80;1;2; ; ; ;2; ;2; ;2; ;.; ; ;1;07;18;45,3112836579476;18
3258455;1;5;1;80;1;2; ; ; ; ; ;2; ;2; ;.; ; ;1;07;18;45,3112836579476;18
3258457;1;2;1;80;1;1;4;4; ;2; ;2; ; ; ; ;4;2;1;07;18;48,0007831381993;18
3258457;1;3;1;80;1;2; ; ; ;2; ;2; ;2; ;.; ; ;1;07;18;48,0007831381993;18
3258460;1;4;1;80;1;1;4;5; ;2; ;2; ; ; ; ;8;2;1;07;18;72,1477533826805;18
3258468;1;1;1;80;1;2; ; ; ;2; ;2; ;2; ;.; ; ;1;07;18;106,991040110065;18
3258470;1;3;1;80;1;2; ; ; ;2; ;2; ;2; ;.; ; ;1;07;18;41,9141498405707;18
3258470;1;4;1;80;1;2; ; ; ;2; ;2; ;2; ;.; ; ;1;07;18;41,9141498405707;18
3258471;1;1;1;80;1;1;3;5; ;3; ;2; ; ; ; ;10;2;1;07;18;41,6622386876033;18
3258471;1;5;1;80;1;1;4;4; ;2; ;2; ; ; ; ;8;2;1;07;18;41,6622386876033;18
3258473;1;2;1;80;1;2; ; ; ;2; ;2; ;2; ;.; ; ;1;07;18;43,6263602183601;18
3258473;1;3;1;80;1;2; ; ; ; ; ;2; ;2; ;.; ; ;1;07;18;43,6263602183601;18
3258474;1;1;1;80;1;1;4;3; ;3; ;2; ; ; ; ;9;2;1;07;18;55,3534898858787;18
3258475;1;1;1;80;1;1;1;2; ;2; ;2; ; ; ; ;2;2;1;07;18;58,69011615136;18
3258478;1;2;1;80;1;2; ; ; ;2; ;2; ;2; ;.; ; ;1;07;18;57,8080344717425;18
3258479;1;4;1;80;1;1;4;4; ;2; ;2; ; ; ; ;4;2;1;07;18;65,6920540663655;18
3258480;1;2;1;80;1;1;4;3; ;2; ;2; ; ; ; ;9;2;1;07;18;74,1385248658296;18
3258480;1;3;1;80;1;2; ; ; ; ; ;2; ;2; ;.; ; ;1;07;18;74,1385248658296;18
3258483;1;3;1;80;1;2; ; ; ;2; ;2; ;2; ;.; ; ;1;07;18;55,3534898858787;18
3258486;1;1;1;80;1;1;4;3; ;2; ;2; ; ; ; ;8;2;1;07;18;57,5560154382672;18
3258488;1;2;1;80;1;2; ; ; ;2; ;2; ;2; ;.; ; ;1;07;18;49,4756416037283;18
3258489;1;2;1;80;1;2; ; ; ; ; ;2; ;2; ;.; ; ;1;07;18;37,0558010267657;18
3258493;1;1;1;80;1;2; ; ; ;2; ;2; ;2; ;.; ; ;1;07;18;63,2908337197412;18
3258493;1;2;1;80;1;1;4;6; ;2; ;2; ; ; ; ;7;2;1;07;18;63,2908337197412;18
3258493;1;3;1;80;1;1;3;4; ;2; ;2; ; ; ; ;4;2;1;07;18;63,2908337197412;18
3258493;1;5;1;80;1;2; ; ; ;2; ;2; ;2; ;.; ; ;1;07;18;63,2908337197412;18
3258493;1;7;1;80;1;1;3;3; ;2; ;2; ; ; ; ;9;2;1;07;18;63,2908337197412;18
3258495;1;4;1;80;1;2; ; ; ;2; ;2; ;2; ;.; ; ;1;07;18;32,2696987683641;18
3258496;1;1;1;80;1;2; ; ; ;2; ;2; ;2; ;.; ; ;1;07;18;32,2696987683641;18
3258496;1;3;1;80;1;2; ; ; ;2; ;2; ;2; ;.; ; ;1;07;18;32,2696987683641;18
3258498;1;2;1;80;1;1;4;3; ;2; ;2; ; ; ; ;11;2;1;07;18;32,2696987683641;18
3258499;1;2;1;80;1;2; ; ; ;2; ;2; ;2; ;.; ; ;1;07;18;71,175050732088;18
3258499;1;3;1;80;1;2; ; ; ; ; ;2; ;2; ;.; ; ;1;07;18;71,175050732088;18
3258500;1;2;1;80;1;1;4;4; ;2; ;2; ; ; ; ;4;2;1;07;18;64,3810394038005;18
3258501;1;2;1;80;1;1;4;8; ;2; ;2; ; ; ; ;11;2;1;07;18;40,2897339528788;18
3258501;1;3;1;80;1;2; ; ; ;2; ;2; ;2; ;.; ; ;1;07;18;40,2897339528788;18
3258501;1;4;1;80;1;1;3;2; ;2; ;2; ; ; ; ;9;2;1;07;18;40,2897339528788;18
3258502;1;1;1;80;1;1;1;4; ;2; ;2; ; ; ; ;11;2;1;07;18;50,5726333398062;18
3258502;2;1;2;80;1;1;4;4; ;2; ;2; ; ; ; ;8;2;1;07;18;50,5726333398062;18
3258503;1;1;1;80;1;1;4;3; ;2; ;2; ; ; ; ;9;2;1;07;18;86,0129087879312;18
3258505;1;2;1;80;1;1;1;3; ;2; ;2; ; ; ; ;9;2;1;07;18;89,9235586050556;18
3258505;1;3;1;80;1;2; ; ; ;2; ;2; ;2; ;.; ; ;1;07;18;89,9235586050556;18
3258506;1;1;1;80;1;1;4;5; ;3; ;2; ; ; ; ;10;2;1;07;50;159,832816249848;50
3258506;1;2;1;80;1;1;4;5; ;3; ;2; ; ; ; ;10;2;1;07;50;159,832816249848;50
3258506;1;3;1;80;1;2; ; ; ;2; ;2; ;2; ;.; ; ;1;07;50;159,832816249848;50
3258508;1;1;1;80;1;1;3;8; ;2; ;2; ; ; ; ;8;2;1;07;50;144,376826038352;50
3258508;1;2;1;80;1;1;3;8; ;2; ;2; ; ; ; ;4;2;1;07;50;144,376826038352;50
3258509;1;2;1;80;1;1;2;9;CAMBIO DE CIUDAD;2; ;2; ; ; ; ;1;2;1;07;50;196,72818427433;50
3258510;1;2;1;80;1;1;1;3; ;2; ;2; ; ; ; ;9;2;1;07;50;174,078860456777;50
3258513;1;1;1;80;1;1;4;7; ;2; ;2; ; ; ; ;11;2;1;07;50;189,519819978848;50
3258514;1;3;1;80;1;2; ; ; ; ; ;2; ;2; ;.; ; ;1;07;50;139,562987444911;50
3258515;1;1;1;80;1;1;4;4; ;2; ;2; ; ; ; ;4;2;1;07;50;197,132390784607;50
3258515;1;2;1;80;1;1;4;4; ;2; ;2; ; ; ; ;4;2;1;07;50;197,132390784607;50
3258516;1;1;1;80;1;1;4;3; ;2; ;2; ; ; ; ;9;2;1;07;50;213,794990189022;50
3258516;1;2;1;80;1;1;4;5; ;3; ;2; ; ; ; ;10;2;1;07;50;213,794990189022;50
3258516;1;3;1;80;1;2; ; ; ;2; ;2; ;2; ;.; ; ;1;07;50;213,794990189022;50
3258519;1;3;1;80;1;2; ; ; ; ; ;2; ;2; ;.; ; ;1;07;50;196,743214963756;50
3258521;1;1;1;80;1;1;1;3; ;2; ;2; ; ; ; ;9;2;1;07;50;190,756490550618;50
3258521;1;2;1;80;1;2; ; ; ; ; ;2; ;2; ;.; ; ;1;07;50;190,756490550618;50
3258521;1;5;1;80;1;1;4;4; ;2; ;2; ; ; ; ;4;2;1;07;50;190,756490550618;50
3258522;1;3;1;80;1;2; ; ; ; ; ;2; ;2; ;.; ; ;1;07;50;199,828836793179;50
3258523;1;2;1;80;1;1;4;4; ;2; ;2; ; ; ; ;4;2;1;07;50;186,684933270257;50
3258524;1;2;1;80;1;1;4;3; ;2; ;2; ; ; ; ;9;2;1;07;50;166,7392602388;50
3258524;1;3;1;80;1;2; ; ; ; ; ;2; ;2; ;.; ; ;1;07;50;166,7392602388;50
3258524;1;4;1;80;1;2; ; ; ; ; ;2; ;2; ;.; ; ;1;07;50;166,7392602388;50
3258531;1;2;1;80;1;1;2;3; ;2; ;2; ; ; ; ;9;2;1;07;50;190,424508865236;50
3258532;1;2;1;80;1;1;4;3; ;2; ;2; ; ; ; ;9;2;1;07;50;147,528663742899;50
3258533;1;4;1;80;1;2; ; ; ;2; ;2; ;2; ;.; ; ;1;07;50;166,7392602388;50
3258538;1;3;1;80;1;2; ; ; ;2; ;2; ;2; ;.; ; ;1;07;50;213,528176458354;50
3258538;1;4;1;80;1;2; ; ; ; ; ;2; ;2; ;.; ; ;1;07;50;213,528176458354;50
3258538;1;7;1;80;1;1;4;4; ;2; ;2; ; ; ; ;4;2;1;07;50;213,528176458354;50
3258539;1;2;1;80;1;1;1;3; ;2; ;2; ; ; ; ;9;2;1;07;50;204,289569894391;50
3258539;1;4;1;80;1;2; ; ; ; ; ;2; ;2; ;.; ; ;1;07;50;204,289569894391;50
3258540;1;2;1;80;1;2; ; ; ;2; ;2; ;2; ;.; ; ;1;07;50;153,047746485526;50
3258545;1;2;1;80;1;2; ; ; ;2; ;2; ;2; ;.; ; ;1;07;50;150,772719981822;50
3258545;1;5;1;80;1;2; ; ; ;2; ;2; ;2; ;.; ; ;1;07;50;150,772719981822;50
3258546;1;4;1;80;1;2; ; ; ; ; ;2; ;2; ;.; ; ;1;07;50;216,363063166945;50
3258547;1;2;1;80;1;1;2;4; ;2; ;2; ; ; ; ;4;2;1;07;50;311,150712299896;50
3258548;1;1;1;80;1;1;4;3; ;2; ;2; ; ; ; ;9;2;1;07;50;177,005965699745;50
3258548;1;3;1;80;1;2; ; ; ;2; ;2; ;2; ;.; ; ;1;07;50;177,005965699745;50
3258549;1;1;1;80;1;1;3;3; ;2; ;2; ; ; ; ;9;2;1;07;50;183,051701210482;50
3258554;1;2;1;80;1;1;1;3; ;2; ;2; ; ; ; ;9;2;1;07;50;190,439539554662;50
3258555;1;1;1;80;1;1;1;4; ;2; ;2; ; ; ; ;4;2;1;07;50;184,439062456806;50
3258555;1;2;1;80;1;1;2;3; ;2; ;2; ; ; ; ;9;2;1;07;50;184,439062456806;50
3258557;1;2;1;80;1;1;1;3; ;2; ;2; ; ; ; ;9;2;1;07;50;180,157803404291;50
3258557;1;3;1;80;1;2; ; ; ; ; ;2; ;2; ;.; ; ;1;07;50;180,157803404291;50
3258558;1;1;1;80;1;1;4;4; ;2; ;2; ; ; ; ;4;2;1;07;50;193,591377259209;50
3258558;1;2;1;80;1;1;2;3; ;2; ;2; ; ; ; ;9;2;1;07;50;193,591377259209;50
3258560;1;3;1;80;1;2; ; ; ; ; ;2; ;2; ;.; ; ;1;07;50;196,676999088632;50
3258561;1;1;1;80;1;1;4;3; ;2; ;2; ; ; ; ;9;2;1;07;50;177,307886006275;50
3258562;1;2;1;80;1;1;4;3; ;2; ;2; ; ; ; ;9;2;1;07;50;186,410293627687;50
3258565;1;2;1;80;1;2; ; ; ; ; ;2; ;2; ;.; ; ;1;07;50;196,676999088632;50
3258565;1;4;1;80;1;1;4;1; ;2; ;2; ; ; ; ;4;2;1;07;50;196,676999088632;50
3258566;1;3;1;80;1;2; ; ; ;2; ;2; ;2; ;.; ; ;1;07;50;199,828836793179;50
3258569;1;2;1;80;1;1;1;8; ;2; ;2; ; ; ; ;2;2;1;07;50;167,163542635514;50
3258569;1;5;1;80;1;1;4;4; ;2; ;2; ; ; ; ;4;2;1;07;50;167,163542635514;50
3258569;1;6;1;80;1;1;4;1; ;2; ;2; ; ; ; ;9;2;1;07;50;167,163542635514;50
3258571;1;1;1;80;1;1;4;9;CAMBIO DE DOMICILIO;2; ;2; ; ; ; ;8;2;1;07;66;253,588258806858;66
3258571;1;2;1;80;1;2; ; ; ;2; ;2; ;2; ;.; ; ;1;07;66;253,588258806858;66
3258571;1;5;1;80;1;1;4;9;POR LA EDAD;2; ;2; ; ; ; ;8;2;1;07;66;253,588258806858;66
3258573;1;3;1;80;1;1;4;3; ;2; ;2; ; ; ; ;9;2;1;07;66;155,561240507579;66
3258576;1;2;1;80;1;1;3;2; ;2; ;2; ; ; ; ;2;2;1;07;66;399,518241232443;66
3258576;1;3;1;80;1;2; ; ; ; ; ;2; ;2; ;.; ; ;1;07;66;399,518241232443;66
3258577;1;2;1;80;1;1;2;9;CAMBIO DE DOMICILIO;2; ;2; ; ; ; ;2;2;1;07;66;387,987080355378;66
3258577;1;3;1;80;1;1;2;9;CAMBIO DE DOMICILIO;2; ;2; ; ; ; ;2;2;1;07;66;387,987080355378;66
3258578;1;2;1;80;1;1;4;3; ;2; ;2; ; ; ; ;9;2;1;07;66;293,178564768567;66
3258579;1;2;1;80;1;1;4;4; ;2; ;2; ; ; ; ;8;2;1;07;66;292,014045941742;66
3258581;1;1;1;80;1;1;4;4; ;2; ;2; ; ; ; ;4;2;1;07;66;261,324216860405;66
3258581;1;2;1;80;1;2; ; ; ;2; ;2; ;2; ;.; ; ;1;07;66;261,324216860405;66
3258581;1;3;1;80;1;2; ; ; ;2; ;2; ;2; ;.; ; ;1;07;66;261,324216860405;66
3258581;1;6;1;80;1;2; ; ; ; ; ;2; ;2; ;.; ; ;1;07;66;261,324216860405;66
3258582;1;1;1;80;1;1;4;3; ;2; ;2; ; ; ; ;9;2;1;07;66;243,32279631855;66
3258584;1;3;1;80;1;2; ; ; ; ; ;2; ;2; ;.; ; ;1;07;66;296,332920547139;66
3258588;1;1;1;80;1;1;4;8; ;2; ;2; ; ; ; ;9;2;1;07;66;315,823425431839;66
3258588;1;3;1;80;1;2; ; ; ;2; ;2; ;2; ;.; ; ;1;07;66;315,823425431839;66
3258589;1;2;1;80;1;1;4;3; ;2; ;2; ; ; ; ;9;2;1;07;66;318,864976148567;66
3258589;1;3;1;80;1;1;1;8; ;2; ;2; ; ; ; ;1;2;1;07;66;318,864976148567;66
3258590;1;2;1;80;1;1;4;3; ;2; ;2; ; ; ; ;9;2;1;07;66;339,576110726723;66
3258590;2;2;2;80;1;1;3;3; ;2; ;2; ; ; ; ;9;2;1;07;66;339,576110726723;66
3258593;1;3;1;80;1;2; ; ; ;2; ;2; ;2; ;.; ; ;1;07;66;394,993762336611;66
3258593;1;4;1;80;1;2; ; ; ; ; ;2; ;2; ;.; ; ;1;07;66;394,993762336611;66
3258593;1;5;1;80;1;2; ; ; ; ; ;2; ;2; ;.; ; ;1;07;66;394,993762336611;66
3258594;1;1;1;80;1;2; ; ; ;2; ;2; ;2; ;.; ; ;1;07;66;286,2060869935;66
3258594;1;2;1;80;1;1;4;5; ;3; ;2; ; ; ; ;10;2;1;07;66;286,2060869935;66
3258595;1;1;1;80;1;1;4;4; ;2; ;2; ; ; ; ;4;2;1;07;66;383,38298194945;66
3258595;1;4;1;80;1;2; ; ; ;2; ;2; ;2; ;.; ; ;1;07;66;383,38298194945;66
3258595;1;6;1;80;1;1;4;5; ;3; ;2; ; ; ; ;10;2;1;07;66;383,38298194945;66
3258595;1;7;1;80;1;1;3;2; ;2; ;2; ; ; ; ;2;2;1;07;66;383,38298194945;66
3258596;1;1;1;80;1;1;4;5; ;3; ;2; ; ; ; ;10;2;1;07;66;276,455486769799;66
3258596;1;2;1;80;1;1;4;5; ;3; ;2; ; ; ; ;10;2;1;07;66;276,455486769799;66
3258596;1;3;1;80;1;2; ; ; ; ; ;2; ;2; ;.; ; ;1;07;66;276,455486769799;66
3258597;1;1;1;80;1;1;4;3; ;2; ;2; ; ; ; ;9;2;1;07;66;289,332394729647;66
3258605;1;1;1;80;1;1;2;4; ;1;2;2; ; ; ; ;4;2;1;07;66;226,245385508402;66
3258605;1;3;1;80;1;1;4;5; ;3; ;2; ; ; ; ;10;2;1;07;66;226,245385508402;66
3258607;1;1;1;80;1;1;4;3; ;2; ;2; ; ; ; ;9;2;1;07;66;348,401911902992;66
3258607;1;3;1;80;1;2; ; ; ;2; ;2; ;2; ;.; ; ;1;07;66;348,401911902992;66
3258608;1;2;1;80;1;1;4;4; ;2; ;2; ; ; ; ;4;2;1;07;66;300,540008745111;66
3258608;1;6;1;80;1;2; ; ; ;2; ;2; ;2; ;.; ; ;1;07;66;300,540008745111;66
3258609;1;2;1;80;1;1;4;4; ;2; ;2; ; ; ; ;4;2;1;07;66;246,992014361729;66
3258609;1;4;1;80;1;2; ; ; ; ; ;2; ;2; ;.; ; ;1;07;66;246,992014361729;66
3258609;1;5;1;80;1;2; ; ; ; ; ;2; ;2; ;.; ; ;1;07;66;246,992014361729;66
3258610;1;2;1;80;1;2; ; ; ;2; ;2; ;2; ;.; ; ;1;07;66;311,241823156865;66
3258610;1;3;1;80;1;2; ; ; ;2; ;2; ;2; ;.; ; ;1;07;66;311,241823156865;66
3258613;1;2;1;80;1;1;4;3; ;2; ;2; ; ; ; ;9;2;1;07;66;410,512979793064;66
3258613;1;3;1;80;1;2; ; ; ;2; ;2; ;2; ;.; ; ;1;07;66;410,512979793064;66
3258613;1;4;1;80;1;2; ; ; ; ; ;2; ;2; ;.; ; ;1;07;66;410,512979793064;66
3258613;1;5;1;80;1;2; ; ; ; ; ;2; ;2; ;.; ; ;1;07;66;410,512979793064;66
3258618;1;3;1;80;1;2; ; ; ; ; ;2; ;2; ;.; ; ;1;07;66;346,229049367064;66
3258620;1;2;1;80;1;2; ; ; ; ; ;2; ;2; ;.; ; ;1;07;66;427,49776680699;66
3258626;1;1;1;80;1;1;4;4; ;2; ;2; ; ; ; ;4;2;1;07;66;244,784947619635;66
3258628;1;3;1;80;1;1;4;8; ;2; ;2; ; ;1; ;9;1;1;07;11;1767,79262341714;11
3258629;1;2;1;80;1;1;3;4; ;2; ;2; ; ; ; ;4;2;1;07;11;2604,47326306584;11
3258630;1;1;1;80;1;1;4;7; ;3; ;2; ; ; ; ;8;2;1;07;11;2699,09104783606;11
3258631;1;2;1;80;1;1;4;3; ;2; ;2; ; ; ; ;9;2;1;07;11;2837,49912978574;11
3258632;1;1;1;80;1;1;1;8; ;2; ;2; ; ; ;DILGENCIAS PERSONALES;12;2;1;07;11;2609,33166016152;11
3258632;1;3;1;80;1;2; ; ; ;2; ;2; ;2; ;.; ; ;1;07;11;2609,33166016152;11
3258643;1;2;1;80;1;1;2;2; ;2; ;2; ; ; ; ;2;2;1;07;11;2239,37406846635;11
3258644;1;4;1;80;1;1;4;3; ;2; ;2; ; ; ; ;9;2;1;07;11;2162,29554595761;11
3258646;1;1;1;80;1;2; ; ; ;2; ;2; ;2; ;.; ; ;1;07;11;2446,09471142463;11
3258646;1;2;1;80;1;1;4;5; ;3; ;2; ; ; ; ;10;2;1;07;11;2446,09471142463;11
3258646;1;3;1;80;1;1;4;4; ;3; ;2; ; ; ; ;4;2;1;07;11;2446,09471142463;11
3258647;1;1;1;80;1;2; ; ; ;2; ;2; ;2; ;.; ; ;1;07;11;2385,50183622015;11
3258648;1;3;1;80;1;2; ; ; ;2; ;2; ;2; ;.; ; ;1;07;13;476,945922258571;13
3258648;1;4;1;80;1;2; ; ; ;2; ;2; ;2; ;.; ; ;1;07;13;476,945922258571;13
3258648;1;5;1;80;1;2; ; ; ; ; ;2; ;2; ;.; ; ;1;07;13;476,945922258571;13
3258653;1;1;1;80;1;1;4;4; ;2; ;2; ; ; ; ;8;2;1;07;13;438,709897737367;13
3258653;1;2;1;80;1;1;4;6; ;2; ;2; ; ; ; ;8;2;1;07;13;438,709897737367;13
3258655;1;2;1;80;1;1;4;3; ;2; ;2; ; ; ; ;9;2;1;07;13;381,088381103005;13
3258655;1;3;1;80;1;2; ; ; ;2; ;2; ;2; ;.; ; ;1;07;13;381,088381103005;13
3258656;1;1;1;80;1;1;4;5; ;3; ;2; ; ; ; ;10;2;1;07;13;397,933517392486;13
3258656;1;2;1;80;1;1;4;3; ;2; ;2; ; ; ; ;9;2;1;07;13;397,933517392486;13
3258656;1;5;1;80;1;2; ; ; ; ; ;2; ;2; ;.; ; ;1;07;13;397,933517392486;13
3258658;1;2;1;80;1;1;3;3; ;2; ;2; ; ; ; ;9;2;1;07;13;400,773752093984;13
3258659;1;2;1;80;1;2; ; ; ;2; ;2; ;1;2; ;5; ;1;07;13;398,318446984927;13
3258660;1;2;1;80;1;2; ; ; ;2; ;2; ;2; ;.; ; ;1;07;13;307,588939909303;13
3258660;1;3;1;80;1;2; ; ; ;2; ;2; ;2; ;.; ; ;1;07;13;307,588939909303;13
3258660;1;4;1;80;1;2; ; ; ; ; ;2; ;2; ;.; ; ;1;07;13;307,588939909303;13
3258661;1;2;1;80;1;2; ; ; ;2; ;2; ;2; ;.; ; ;1;07;13;342,713033629027;13
3258661;1;4;1;80;1;2; ; ; ;2; ;2; ;2; ;.; ; ;1;07;13;342,713033629027;13
3258661;1;5;1;80;1;2; ; ; ;2; ;2; ;2; ;.; ; ;1;07;13;342,713033629027;13
3258662;1;3;1;80;1;2; ; ; ;2; ;2; ;2; ;.; ; ;1;07;13;367,716733113475;13
3258662;1;4;1;80;1;2; ; ; ;2; ;2; ;2; ;.; ; ;1;07;13;367,716733113475;13
3258663;1;2;1;80;1;1;4;3; ;2; ;2; ; ; ; ;9;2;1;07;13;605,233825014362;13
3258663;1;3;1;80;1;2; ; ; ; ; ;2; ;2; ;.; ; ;1;07;13;605,233825014362;13
3258664;1;3;1;80;1;2; ; ; ;2; ;2; ;2; ;.; ; ;1;07;13;735,433466226949;13
3258664;1;4;1;80;1;2; ; ; ;2; ;2; ;2; ;.; ; ;1;07;13;735,433466226949;13
3258665;1;2;1;80;1;2; ; ; ;2; ;2; ;2; ;.; ; ;1;07;13;693,963390752725;13
3258665;1;4;1;80;1;2; ; ; ;2; ;2; ;2; ;.; ; ;1;07;13;693,963390752725;13
3258665;1;5;1;80;1;2; ; ; ; ; ;2; ;2; ;.; ; ;1;07;13;693,963390752725;13
3258665;1;6;1;80;1;2; ; ; ; ; ;2; ;2; ;.; ; ;1;07;13;693,963390752725;13
3258666;1;2;1;80;1;1;4;3; ;2; ;2; ; ; ; ;9;2;1;07;13;341,361667504257;13
3258666;1;3;1;80;1;2; ; ; ; ; ;2; ;2; ;.; ; ;1;07;13;341,361667504257;13
3258667;1;2;1;80;1;2; ; ; ;2; ;2; ;2; ;.; ; ;1;07;13;349,414987000318;13
3258669;1;2;1;80;1;2; ; ; ; ; ;2; ;2; ;.; ; ;1;07;13;319,55494953591;13
3258670;1;2;1;80;1;2; ; ; ;2; ;2; ;2; ;.; ; ;1;07;13;422,799627527672;13
3258672;2;2;2;80;1;1;3;7; ;2; ;2; ; ; ; ;9;2;1;07;13;457,769281743464;13
3258672;2;3;2;80;1;2; ; ; ;2; ;2; ;2; ;.; ; ;1;07;13;457,769281743464;13
3258675;1;3;1;80;1;2; ; ; ; ; ;2; ;2; ;.; ; ;1;07;13;816,986226916712;13
3258682;1;1;1;80;1;2; ; ; ;2; ;2; ;2; ;.; ; ;1;07;13;357,491095179293;13
3258682;1;2;1;80;1;1;4;4; ;2; ;2; ; ; ; ;4;2;1;07;13;357,491095179293;13
3258682;1;4;1;80;1;2; ; ; ;2; ;2; ;2; ;.; ; ;1;07;13;357,491095179293;13
3258684;1;1;1;80;1;2; ; ; ;2; ;2; ;2; ;.; ; ;1;07;13;342,630491715731;13
3258685;1;1;1;80;1;2; ; ; ;2; ;2; ;2; ;.; ; ;1;07;13;415,921221167348;13
3258685;1;2;1;80;1;1;4;1; ;2; ;2; ; ; ; ;6;2;1;07;13;415,921221167348;13
3258686;1;1;1;80;1;1;4;5; ;3; ;2; ; ; ; ;10;2;1;07;13;357,255201030244;13
3258686;1;3;1;80;1;2; ; ; ;2; ;2; ;2; ;.; ; ;1;07;13;357,255201030244;13
3258686;1;4;1;80;1;2; ; ; ;2; ;2; ;2; ;.; ; ;1;07;13;357,255201030244;13
3258687;1;1;1;80;1;1;4;5; ;3; ;2; ; ; ; ;10;2;1;07;13;418,887712594939;13
3258687;1;2;1;80;1;1;4;5; ;3; ;2; ; ; ; ;10;2;1;07;13;418,887712594939;13
3258688;1;3;1;80;1;2; ; ; ; ; ;2; ;2; ;.; ; ;1;07;13;327,922311370266;13
3258688;1;4;1;80;1;2; ; ; ; ; ;2; ;2; ;.; ; ;1;07;13;327,922311370266;13
3258688;1;5;1;80;1;2; ; ; ;2; ;2; ;2; ;.; ; ;1;07;13;327,922311370266;13
3258689;1;1;1;80;1;1;1;2; ;2; ;2; ; ; ; ;2;2;1;07;13;331,714148835258;13
3258691;1;1;1;80;1;1;2;3; ;2; ;2; ; ; ; ;9;2;1;07;13;813,238456783766;13
3258693;1;2;1;80;1;2; ; ; ; ; ;2; ;2; ;.; ; ;1;07;13;595,444527549927;13
3258693;1;6;1;80;1;2; ; ; ;2; ;2; ;2; ;.; ; ;1;07;13;595,444527549927;13
3258694;1;1;1;80;1;1;4;4; ;2; ;2; ; ; ; ;8;2;1;07;13;398,554341133976;13
3258695;1;1;1;80;1;1;1;3; ;2; ;2; ; ; ; ;9;2;1;07;13;300,919245291064;13
3258695;1;2;1;80;1;2; ; ; ;2; ;2; ;2; ;.; ; ;1;07;13;300,919245291064;13
3258696;1;1;1;80;1;1;1;8; ;2; ;2; ; ; ; ;8;2;1;07;13;418,887712594939;13
3258698;1;3;1;80;1;2; ; ; ;2; ;2; ;2; ;.; ; ;1;07;13;284,118022413785;13
3258698;2;2;2;80;1;2; ; ; ;2; ;2; ;2; ;.; ; ;1;07;13;284,118022413785;13
3258699;1;3;1;80;1;2; ; ; ;2; ;2; ;2; ;.; ; ;1;07;13;317,236458578302;13
3258699;1;5;1;80;1;2; ; ; ;2; ;2; ;2; ;.; ; ;1;07;13;317,236458578302;13
3258701;1;2;1;80;1;2; ; ; ;2; ;2; ;2; ;.; ; ;1;07;13;322,010254644967;13
3258703;1;2;1;80;1;1;4;8; ;2; ;2; ; ; ; ;11;2;1;07;13;812,075616698598;13
3258703;1;3;1;80;1;2; ; ; ; ; ;2; ;2; ;.; ; ;1;07;13;812,075616698598;13
3258707;1;2;1;80;1;1;1;4; ;2; ;2; ; ; ; ;4;2;1;07;13;398,691155285426;13
3258707;1;4;1;80;1;2; ; ; ; ; ;2; ;2; ;.; ; ;1;07;13;398,691155285426;13
3258708;1;2;1;80;1;2; ; ; ;2; ;2; ;2; ;.; ; ;1;07;13;303,374550400121;13
3258709;1;2;1;80;1;1;4;8; ;2; ;2; ; ; ; ;1;2;1;07;13;397,049622773452;13
3258711;1;1;1;80;1;1;1;8; ;2; ;2; ; ; ;CALAMIDAD FAMILIAR;12;2;1;07;13;327,274310900282;13
3258711;1;2;1;80;1;2; ; ; ;2; ;2; ;2; ;.; ; ;1;07;13;327,274310900282;13
3258711;1;3;1;80;1;2; ; ; ;2; ;2; ;2; ;.; ; ;1;07;13;327,274310900282;13
3258713;1;2;1;80;1;1;4;3; ;2; ;2; ; ; ; ;1;2;1;07;13;363,502343604292;13
3258714;1;1;1;80;1;1;4;5; ;3; ;2; ; ; ; ;10;2;1;07;13;477,965839052977;13
3258715;1;6;1;80;1;2; ; ; ;2; ;2; ;2; ;.; ; ;1;07;13;325,774996600299;13
3258716;1;5;1;80;1;2; ; ; ; ; ;2; ;2; ;.; ; ;1;07;13;394,071798722693;13
3258717;1;2;1;80;1;1;1;8; ;2; ;2; ; ; ; ;11;2;1;07;13;769,18670591639;13
3258718;1;1;1;80;1;1;4;5; ;2; ;2; ; ; ; ;8;2;1;07;13;818,315701224097;13
3258718;1;2;1;80;1;1;4;5; ;2; ;2; ; ; ; ;8;2;1;07;13;818,315701224097;13
3258718;1;5;1;80;1;2; ; ; ; ; ;2; ;2; ;.; ; ;1;07;13;818,315701224097;13
3258719;1;2;1;80;1;2; ; ; ;2; ;2; ;2; ;.; ; ;1;07;13;737,971114649898;13
3258724;1;2;1;80;1;1;1;4; ;2; ;2; ; ; ; ;4;2;1;07;13;346,981695376363;13
3258724;1;3;1;80;1;2; ; ; ;2; ;2; ;2; ;.; ; ;1;07;13;346,981695376363;13
3258724;1;4;1;80;1;2; ; ; ; ; ;2; ;2; ;.; ; ;1;07;13;346,981695376363;13
3258724;1;5;1;80;1;2; ; ; ;2; ;2; ;2; ;.; ; ;1;07;13;346,981695376363;13
3258724;1;6;1;80;1;2; ; ; ;2; ;2; ;2; ;.; ; ;1;07;13;346,981695376363;13
3258725;1;3;1;80;1;2; ; ; ; ; ;2; ;2; ;.; ; ;1;07;13;396,409551943599;13
3258726;1;2;1;80;1;1;4;3; ;2; ;2; ; ; ; ;9;2;1;07;13;384,593352958195;13
3258727;1;2;1;80;1;1;4;8; ;2; ;2; ; ; ; ;9;2;1;07;13;408,493113458356;13
3258732;1;1;1;80;1;1;1;8; ;2; ;1;60000; ; ; ;6;2;1;07;76;1196,0903094372;76
3258734;1;1;1;80;1;2; ; ; ;2; ;2; ;2; ;.; ; ;1;07;76;872,524393242029;76
3258735;1;2;1;80;1;2; ; ; ;2; ;2; ;2; ;.; ; ;1;07;76;1049,76129278878;76
3258736;1;2;1;80;1;1;2;3; ;2; ;2; ; ; ; ;9;2;1;07;76;1735,21872500491;76
3258739;1;3;1;80;1;2; ; ; ;2; ;2; ;1;1; ;6; ;1;07;76;877,801006665405;76
3258744;1;1;1;80;1;1;3;1; ;1;2;2; ; ; ; ;4;2;1;07;76;499,437945492679;76
3258745;1;2;1;80;1;1;4;3; ;2; ;2; ; ; ; ;9;2;1;07;76;716,018048567821;76
3258745;1;3;1;80;1;1;1;8; ; ; ;2; ; ; ; ;8;2;1;07;76;716,018048567821;76
3258747;1;2;1;80;1;1;4;9;NO TENIA NECESIDAD DE TRABAJAR;2; ;2; ; ; ; ;11;2;1;07;76;852,435040069823;76
3258752;1;3;1;80;1;2; ; ; ;2; ;2; ;2; ;.; ; ;1;07;76;535,123397817356;76
3258752;1;4;1;80;1;2; ; ; ;2; ;2; ;1;2; ;1; ;1;07;76;535,123397817356;76
3258757;1;4;1;80;1;1;4;4; ;2; ;2; ; ; ; ;4;2;1;07;76;902,541060706269;76
3258758;1;3;1;80;1;1;4;4; ;2; ;2; ; ; ; ;4;2;1;07;76;982,450180308989;76
3258758;1;4;1;80;1;1;4;4; ;2; ;2; ; ; ; ;4;2;1;07;76;982,450180308989;76
3258760;1;1;1;80;1;1;3;5; ;3; ;2; ; ; ; ;10;2;1;07;76;1427,96600535452;76
3258761;1;1;1;80;1;1;1;3; ;2; ;2; ; ; ; ;9;2;1;07;76;756,012885265737;76
3258761;1;2;1;80;1;2; ; ; ;2; ;2; ;2; ;.; ; ;1;07;76;756,012885265737;76
3258761;1;3;1;80;1;1;4;4; ;2; ;2; ; ; ; ;4;2;1;07;76;756,012885265737;76
3258763;1;1;1;80;1;1;4;5; ;3; ;2; ; ; ; ;10;2;1;07;76;532,420052663613;76
3258763;1;2;1;80;1;1;4;5; ;3; ;2; ; ; ; ;9;2;1;07;76;532,420052663613;76
3258763;1;3;1;80;1;1;4;5; ;3; ;2; ; ; ; ;9;2;1;07;76;532,420052663613;76
3258763;1;4;1;80;1;1;4;4; ;3; ;2; ; ; ; ;4;2;1;07;76;532,420052663613;76
3258763;1;6;1;80;1;2; ; ; ;2; ;2; ;2; ;.; ; ;1;07;76;532,420052663613;76
3258763;1;7;1;80;1;1;4;3; ;2; ;2; ; ; ; ;9;2;1;07;76;532,420052663613;76
3258763;1;9;1;80;1;1;4;4; ;1;1;2; ; ; ; ;4;2;1;07;76;532,420052663613;76
3258763;1;11;1;80;1;2; ; ; ; ; ;2; ;2; ;.; ; ;1;07;76;532,420052663613;76
3258763;1;12;1;80;1;1;1;3; ;2; ;2; ; ; ; ;9;2;1;07;76;532,420052663613;76
3258768;1;4;1;80;1;2; ; ; ;2; ;2; ;2; ;.; ; ;1;07;76;1120,55217811791;76
3258773;1;2;1;80;1;1;1;3; ;2; ;2; ; ; ; ;9;2;1;07;76;907,883818216904;76
3258776;1;2;1;80;1;1;3;4; ;2; ;2; ; ; ; ;4;2;1;07;76;745,95396266366;76
3258777;1;1;1;80;1;1;4;3; ;2; ;2; ; ; ; ;9;2;1;07;76;730,764644229393;76
3258777;1;2;1;80;1;1;4;5; ;3; ;2; ; ; ; ;10;2;1;07;76;730,764644229393;76
3258778;1;4;1;80;1;2; ; ; ;2; ;2; ;2; ;.; ; ;1;07;76;524,152278918738;76
3258787;1;3;1;80;1;2; ; ; ;2; ;2; ;2; ;.; ; ;1;07;76;629,514689642039;76
3258787;2;1;2;80;1;1;3;5; ;3; ;2; ; ; ; ;10;2;1;07;76;629,514689642039;76
3258787;2;3;2;80;1;1;1;2; ;2; ;2; ; ; ; ;2;2;1;07;76;629,514689642039;76
3258787;2;4;2;80;1;1;2;7; ;2; ;2; ; ; ; ;9;2;1;07;76;629,514689642039;76
3258787;2;5;2;80;1;2; ; ; ; ; ;2; ;2; ;.; ; ;1;07;76;629,514689642039;76
3258788;1;2;1;80;1;2; ; ; ; ; ;2; ;2; ;.; ; ;1;07;76;837,886723760601;76
3258790;1;2;1;80;1;1;1;8; ;2; ;2; ; ;1; ;3;1;1;07;76;887,978334691195;76
3258793;1;1;1;80;1;1;1;8; ;2; ;1;500000; ; ; ;9;2;1;07;76;932,424713465654;76
3258794;1;1;1;80;1;1;4;9;EDAD;2; ;2; ; ; ; ;8;2;1;07;76;756,012885265737;76
3258794;1;3;1;80;1;1;1;8; ;2; ;2; ; ; ; ;2;2;1;07;76;756,012885265737;76
3258798;1;2;1;80;1;2; ; ; ;2; ;2; ;2; ;.; ; ;1;07;76;1251,55417715461;76
3258799;1;1;1;80;1;1;4;5; ;3; ;2; ; ; ; ;4;2;1;07;76;816,215680134861;76
3258800;1;2;1;80;1;2; ; ; ;2; ;2; ;1;2; ;9; ;1;07;76;884,40113728059;76
3258801;1;1;1;80;1;1;4;9;NO  LE   DEJAN  TRABAJAR;2; ;2; ; ; ; ;11;2;1;07;76;983,421949536192;76
3258803;1;2;1;80;1;1;4;8; ;2; ;2; ; ;1; ;5;1;1;07;76;1598,6898992358;76
3258803;1;3;1;80;1;2; ; ; ;2; ;2; ;2; ;.; ; ;1;07;76;1598,6898992358;76
3258803;1;7;1;80;1;2; ; ; ;2; ;2; ;2; ;.; ; ;1;07;76;1598,6898992358;76
3258814;1;2;1;80;1;1;1;6; ;2; ;2; ; ; ; ;8;2;1;07;76;1483,33422970849;76
3258815;1;1;1;80;1;1;4;9;NO DESEA TRABAJAR;2; ;2; ; ; ; ;11;2;1;07;73;221,951649741032;73
3258816;1;1;1;80;1;2; ; ; ;2; ;2; ;2; ;.; ; ;1;07;73;225,264520203832;73
3258816;1;2;1;80;1;1;4;5; ;3; ;2; ; ; ; ;11;2;1;07;73;225,264520203832;73
3258818;1;1;1;80;1;2; ; ; ;2; ;2; ;2; ;.; ; ;1;07;73;243,303350630834;73
3258818;1;2;1;80;1;1;4;6; ;1;4;2; ; ; ; ;9;2;1;07;73;243,303350630834;73
3258819;1;1;1;80;1;1;4;3; ;2; ;2; ; ; ; ;9;2;1;07;73;257,36983349505;73
3258820;1;1;1;80;1;1;2;1; ;2; ;2; ; ; ; ;11;2;1;07;73;296,615719209489;73
3258820;1;3;1;80;1;1;3;2; ;2; ;2; ; ; ; ;2;2;1;07;73;296,615719209489;73
3258821;1;1;1;80;1;1;4;5; ;3; ;2; ; ; ; ;10;2;1;07;73;282,795314644255;73
3258822;1;1;1;80;1;1;4;1; ;3; ;2; ; ;4; ;10;1;1;07;73;252,459494569123;73
3258825;1;3;1;80;1;1;1;8; ;2; ;2; ; ; ; ;2;2;1;07;73;274,714116278422;73
3258825;1;4;1;80;1;2; ; ; ; ; ;2; ;2; ;.; ; ;1;07;73;274,714116278422;73
3258827;1;4;1;80;1;1;1;2; ;2; ;2; ; ; ; ;2;2;1;07;76;822,352228518324;76
3258828;1;2;1;80;1;1;4;3; ;2; ;2; ; ; ; ;9;2;1;07;76;928,686408468827;76
3258828;1;4;1;80;1;2; ; ; ;2; ;2; ;2; ;.; ; ;1;07;76;928,686408468827;76
3258828;1;5;1;80;1;2; ; ; ;2; ;2; ;2; ;.; ; ;1;07;76;928,686408468827;76
3258831;1;1;1;80;1;1;3;5; ;3; ;2; ; ; ; ;10;2;1;07;76;927,113236429024;76
3258833;1;1;1;80;1;1;4;9;X EDAD;2; ;2; ; ; ; ;8;2;1;07;76;1234,33467560541;76
3258833;1;2;1;80;1;1;4;3; ;2; ;2; ; ; ; ;9;2;1;07;76;1234,33467560541;76
3258837;1;2;1;80;1;1;4;4; ;2; ;2; ; ; ; ;4;2;1;07;76;1120,55217811791;76
3258838;1;3;1;80;1;2; ; ; ; ; ;2; ;2; ;.; ; ;1;07;76;877,801006665405;76
3258839;1;3;1;80;1;2; ; ; ;2; ;2; ;2; ;.; ; ;1;07;76;716,018048567821;76
3258840;1;3;1;80;1;2; ; ; ;2; ;2; ;2; ;.; ; ;1;07;76;716,018048567821;76
3258844;1;3;1;80;1;2; ; ; ;2; ;2; ;2; ;.; ; ;1;07;76;1407,08875260161;76
3258844;1;4;1;80;1;1;3;3; ;2; ;2; ; ; ; ;9;2;1;07;76;1407,08875260161;76
3258844;1;5;1;80;1;1;4;4; ;2; ;2; ; ; ; ;4;2;1;07;76;1407,08875260161;76
3258846;1;2;1;80;1;1;3;8; ;2; ;2; ; ;2; ;9;1;1;07;76;817,981240234892;76
3258847;1;3;1;80;1;2; ; ; ; ; ;2; ;2; ;.; ; ;1;07;76;710,675291057186;76
3258851;1;1;1;80;1;1;4;3; ;2; ;2; ; ; ; ;9;2;1;07;76;872,524393242029;76
3258851;1;3;1;80;1;1;4;4; ;2; ;2; ; ; ; ;4;2;1;07;76;872,524393242029;76
3258853;1;4;1;80;1;1;4;5; ;3; ;2; ; ; ; ;10;2;1;07;76;958,849773813437;76
3258854;1;4;1;80;1;2; ; ; ; ; ;2; ;2; ;.; ; ;1;07;76;1018,66954024395;76
3258855;1;5;1;80;1;2; ; ; ;2; ;2; ;2; ;.; ; ;1;07;76;766,903450371243;76
3258856;1;1;1;80;1;1;4;5; ;3; ;2; ; ; ; ;10;2;1;07;73;139,568708674696;73
3258856;1;2;1;80;1;1;1;6; ;3; ;2; ; ; ; ;1;2;1;07;73;139,568708674696;73
3258861;1;3;1;80;1;1;1;2; ; ; ;2; ; ; ; ;2;2;1;07;73;258,80271825345;73
3258862;1;2;1;80;1;2; ; ; ; ; ;2; ;2; ;.; ; ;1;07;73;207,637720179187;73
3258863;1;1;1;80;1;1;4;5; ;3; ;2; ; ; ; ;8;2;1;07;73;181,077612601831;73
3258863;1;2;1;80;1;1;1;7; ;2; ;2; ; ; ; ;8;2;1;07;73;181,077612601831;73
3258864;1;3;1;80;1;2; ; ; ; ; ;2; ;2; ;.; ; ;1;07;73;267,349325224012;73
3258866;1;3;1;80;1;2; ; ; ; ; ;2; ;2; ;.; ; ;1;07;73;345,325545647111;73
3258867;1;1;1;80;1;1;4;3; ;2; ;2; ; ; ; ;9;2;1;07;76;947,87865491482;76
3258870;1;1;1;80;1;1;4;5; ;3; ;2; ; ; ; ;10;2;1;07;76;927,113236429024;76
3258871;1;2;1;80;1;1;4;3; ;2; ;2; ; ; ; ;9;2;1;07;76;995,106305514526;76
3258871;1;4;1;80;1;2; ; ; ;2; ;2; ;2; ;.; ; ;1;07;76;995,106305514526;76
3258871;1;5;1;80;1;2; ; ; ;2; ;2; ;2; ;.; ; ;1;07;76;995,106305514526;76
3258875;1;1;1;80;1;1;4;4; ;3; ;2; ; ; ; ;4;2;1;07;76;911,659294979858;76
3258875;1;2;1;80;1;2; ; ; ;2; ;2; ;2; ;.; ; ;1;07;76;911,659294979858;76
3258876;1;2;1;80;1;1;2;6; ;2; ;2; ; ; ; ;8;2;1;07;76;770,678927134197;76
3258876;1;5;1;80;1;2; ; ; ;2; ;2; ;2; ;.; ; ;1;07;76;770,678927134197;76
3258877;1;2;1;80;1;1;3;3; ;2; ;2; ; ; ; ;5;2;1;07;76;1321,55127161091;76
3258878;1;1;1;80;1;1;4;6; ;3; ;2; ; ; ; ;11;2;1;07;76;837,886723760601;76
3258879;1;1;1;80;1;1;4;3; ;2; ;2; ; ; ; ;9;2;1;07;76;680,658623592947;76
3258879;1;2;1;80;1;2; ; ; ;2; ;2; ;2; ;.; ; ;1;07;76;680,658623592947;76
3258879;1;4;1;80;1;2; ; ; ; ; ;2; ;2; ;.; ; ;1;07;76;680,658623592947;76
3258880;1;2;1;80;1;2; ; ; ;2; ;2; ;2; ;.; ; ;1;07;76;806,038352109072;76
3258880;1;4;1;80;1;2; ; ; ; ; ;2; ;2; ;.; ; ;1;07;76;806,038352109072;76
3258882;1;2;1;80;1;1;4;6; ;2; ;2; ; ; ; ;8;2;1;07;76;1129,68550196183;76
3258882;1;3;1;80;1;1;2;2; ;2; ;2; ; ; ; ;2;2;1;07;76;1129,68550196183;76
3258883;1;2;1;80;1;1;3;3; ;2; ;2; ; ; ; ;9;2;1;07;76;1387,97116865661;76
3258884;1;4;1;80;1;2; ; ; ; ; ;2; ;2; ;.; ; ;1;07;76;1156,88926361211;76
3258884;1;5;1;80;1;2; ; ; ; ; ;2; ;2; ;.; ; ;1;07;76;1156,88926361211;76
3258885;1;2;1;80;1;1;1;6; ;2; ;2; ; ; ; ;9;2;1;07;76;974,303715262603;76
3258887;1;2;1;80;1;1;4;7; ;2; ;2; ; ; ; ;8;2;1;07;76;822,352228518324;76
3258887;1;3;1;80;1;2; ; ; ;2; ;2; ;2; ;.; ; ;1;07;76;822,352228518324;76
3258887;1;4;1;80;1;2; ; ; ;2; ;2; ;2; ;.; ; ;1;07;76;822,352228518324;76
3258888;1;1;1;80;1;1;3;5; ;3; ;2; ; ; ; ;10;2;1;07;76;866,997766084897;76
3258888;1;2;1;80;1;2; ; ; ;2; ;2; ;2; ;.; ; ;1;07;76;866,997766084897;76
3258889;1;1;1;80;1;1;4;3; ;2; ;2; ; ; ; ;9;2;1;07;76;983,421949536192;76
3258892;1;3;1;80;1;2; ; ; ; ; ;2; ;2; ;.; ; ;1;07;73;345,325545647111;73
3258893;1;1;1;80;1;1;3;5; ;3; ;2; ; ; ; ;8;2;1;07;73;238,780431795212;73
3258893;1;2;1;80;1;1;2;7; ;3; ;2; ; ; ; ;4;2;1;07;73;238,780431795212;73
3258894;1;4;1;80;1;2; ; ; ;2; ;2; ;2; ;.; ; ;1;07;73;296,61200085905;73
3258895;1;3;1;80;1;2; ; ; ; ; ;2; ;2; ;.; ; ;1;07;73;367,329102861517;73
3258896;1;3;1;80;1;1;4;4; ;2; ;2; ; ; ; ;4;2;1;07;73;180,442745813896;73
3258897;1;5;1;80;1;1;1;8; ;2; ;2; ; ; ; ;2;2;1;07;73;222,199765670232;73
3258898;1;1;1;80;1;2; ; ; ;2; ;2; ;2; ;.; ; ;1;07;73;285,99769261874;73
3258899;1;2;1;80;1;1;2;3; ;2; ;2; ; ; ; ;9;2;1;07;73;236,2356158494;73
3258902;1;2;1;80;1;1;1;7; ; ; ;2; ; ; ; ;2;2;1;07;73;293,303568254846;73
3258902;1;3;1;80;1;1;1;7; ; ; ;2; ; ; ; ;2;2;1;07;73;293,303568254846;73
3258903;1;1;1;80;1;1;4;6; ;3; ;2; ; ; ; ;8;2;1;07;73;187,228682862215;73
3258903;1;5;1;80;1;2; ; ; ;2; ;2; ;2; ;.; ; ;1;07;73;187,228682862215;73
3258904;1;1;1;80;1;2; ; ; ;2; ;2; ;2; ;.; ; ;1;07;73;252,459494569123;73
3258907;1;2;1;80;1;2; ; ; ;2; ;2; ;2; ;.; ; ;1;07;73;289,028045840267;73
3258909;1;1;1;80;1;1;4;5; ;2; ;2; ; ; ; ;10;2;1;07;73;222,203484020671;73
3258909;1;2;1;80;1;1;4;5; ;3; ;2; ; ; ; ;10;2;1;07;73;222,203484020671;73
3258911;1;2;1;80;1;2; ; ; ; ; ;2; ;2; ;.; ; ;1;07;73;301,139357553269;73
3258911;1;4;1;80;1;1;2;7; ;2; ;2; ; ; ; ;9;2;1;07;73;301,139357553269;73
3258912;1;3;1;80;1;2; ; ; ;2; ;2; ;2; ;.; ; ;1;07;73;215,22167519797;73
3258913;1;2;1;80;1;1;4;7; ;2; ;2; ; ; ; ;9;2;1;07;73;374,559988825481;73
3258916;1;2;1;80;1;1;2;6; ;2; ;2; ; ; ; ;4;2;1;07;73;229,535604759815;73
3258917;1;1;1;80;1;1;4;4; ;2; ;2; ; ; ; ;4;2;1;07;52;134,970703920615;52
3258920;1;3;1;80;1;1;3;9;POR ALCOHOLISMO;2; ;2; ; ; ;ES ALCOHOLICO;12;2;1;07;52;117,250662432409;52
3258922;1;2;1;80;1;1;4;3; ;2; ;1;50000; ; ; ;9;2;1;07;52;155,103739875081;52
3258922;1;3;1;80;1;2; ; ; ; ; ;2; ;2; ;.; ; ;1;07;52;155,103739875081;52
3258925;1;2;1;80;1;1;1;8; ;2; ;2; ; ; ; ;2;2;1;07;52;208,587377686145;52
3258925;1;7;1;80;1;1;1;3; ;2; ;2; ; ; ; ;9;2;1;07;52;208,587377686145;52
3258926;1;1;1;80;1;2; ; ; ;2; ;2; ;2; ;.; ; ;1;07;52;171,594792504703;52
3258927;1;2;1;80;1;1;3;7; ;2; ;2; ; ; ; ;9;2;1;07;52;204,83571164251;52
3258928;1;2;1;80;1;2; ; ; ;2; ;2; ;2; ;.; ; ;1;07;52;164,076555570564;52
3258931;1;1;1;80;1;1;4;6; ;2; ;2; ; ; ; ;8;2;1;07;52;102,59184748948;52
3258931;1;2;1;80;1;1;4;3; ;2; ;2; ; ; ; ;9;2;1;07;52;102,59184748948;52
3258931;1;6;1;80;1;2; ; ; ; ; ;2; ;2; ;.; ; ;1;07;52;102,59184748948;52
3258931;1;8;1;80;1;2; ; ; ; ; ;2; ;2; ;.; ; ;1;07;52;102,59184748948;52
3258933;1;2;1;80;1;1;4;4; ;2; ;2; ; ; ; ;4;2;1;07;52;138,48680093701;52
3258935;1;3;1;80;1;2; ; ; ;2; ;2; ;2; ;.; ; ;1;07;52;161,403037590416;52
3258935;1;4;1;80;1;2; ; ; ; ; ;2; ;2; ;.; ; ;1;07;52;161,403037590416;52
3258936;1;4;1;80;1;1;1;8; ;2; ;2; ; ; ; ;2;2;1;07;52;209,754304967316;52
3258940;1;3;1;80;1;2; ; ; ; ; ;2; ;2; ;.; ; ;1;07;52;124,778949006328;52
3258940;1;4;1;80;1;1;1;8; ;2; ;1;50000; ; ;ACCIDENTE EN MOTO;12;2;1;07;52;124,778949006328;52
3258941;1;1;1;80;1;2; ; ; ;2; ;2; ;2; ;.; ; ;1;07;52;125,605324452915;52
3258941;1;6;1;80;1;1;2;3; ;2; ;2; ; ; ; ;9;2;1;07;52;125,605324452915;52
3258941;1;9;1;80;1;2; ; ; ;2; ;2; ;2; ;.; ; ;1;07;52;125,605324452915;52
3258942;1;2;1;80;1;1;4;9;EDAD;2; ;2; ; ; ; ;4;2;1;07;52;123,072597628084;52
3258942;1;3;1;80;1;2; ; ; ;2; ;2; ;2; ;.; ; ;1;07;52;123,072597628084;52
3258943;1;2;1;80;1;1;4;3; ;2; ;2; ; ; ; ;9;2;1;07;52;120,050066721007;52
3258945;1;1;1;80;1;1;4;5; ;3; ;2; ; ; ; ;8;2;1;07;52;114,451258143812;52
3258945;1;2;1;80;1;1;4;3; ;2; ;2; ; ; ; ;9;2;1;07;52;114,451258143812;52
3258946;1;3;1;80;1;1;1;8; ;2; ;2; ; ; ; ;2;2;1;07;52;155,581102394741;52
3258946;1;4;1;80;1;1;1;8; ;2; ;2; ; ; ; ;2;2;1;07;52;155,581102394741;52
3258948;1;3;1;80;1;2; ; ; ;2; ;2; ;2; ;.; ; ;1;07;52;129,497781651868;52
3258948;1;4;1;80;1;2; ; ; ;2; ;2; ;2; ;.; ; ;1;07;52;129,497781651868;52
3258948;1;5;1;80;1;2; ; ; ;2; ;2; ;2; ;.; ; ;1;07;52;129,497781651868;52
3258952;1;1;1;80;1;1;4;7; ;2; ;2; ; ; ; ;9;2;1;07;52;125,872001916682;52
3258953;1;4;1;80;1;1;2;8; ;2; ;2; ; ; ; ;2;2;1;07;52;195,71224675512;52
3258953;1;5;1;80;1;1;3;8; ;2; ;2; ; ; ; ;9;2;1;07;52;195,71224675512;52
3258955;1;1;1;80;1;1;4;5; ;3; ;2; ; ; ; ;10;2;1;07;52;92,6667700389597;52
3258955;1;3;1;80;1;1;1;8; ;2; ;2; ; ;1; ;9;1;1;07;52;92,6667700389597;52
3258956;1;5;1;80;1;2; ; ; ;2; ;2; ;2; ;.; ; ;1;07;52;227,071733043526;52
3258956;1;6;1;80;1;2; ; ; ;2; ;2; ;2; ;.; ; ;1;07;52;227,071733043526;52
3258964;1;2;1;80;1;1;2;2; ;2; ;2; ; ; ; ;2;2;1;07;52;166,121870235956;52
3258964;1;4;1;80;1;2; ; ; ;2; ;2; ;2; ;.; ; ;1;07;52;166,121870235956;52
3258966;1;1;1;80;1;1;4;5; ;3; ;2; ; ; ; ;10;2;1;07;19;96,9302585405705;19
3258966;1;2;1;80;1;2; ; ; ;2; ;2; ;2; ;.; ; ;1;07;19;96,9302585405705;19
3258966;1;3;1;80;1;1;4;9;MOTIVOS PERSONALES;2; ;2; ; ; ; ;11;2;1;07;19;96,9302585405705;19
3258966;1;4;1;80;1;1;2;2; ;2; ;2; ; ; ; ;2;2;1;07;19;96,9302585405705;19
3258967;1;1;1;80;1;2; ; ; ;2; ;2; ;2; ;.; ; ;1;07;19;89,3400042418819;19
3258967;1;2;1;80;1;2; ; ; ;2; ;2; ;2; ;.; ; ;1;07;19;89,3400042418819;19
3258967;1;3;1;80;1;2; ; ; ;2; ;2; ;2; ;.; ; ;1;07;19;89,3400042418819;19
3258968;1;1;1;80;1;2; ; ; ;2; ;2; ;2; ;.; ; ;1;07;19;116,784547798974;19
3258969;1;3;1;80;1;2; ; ; ; ; ;2; ;2; ;.; ; ;1;07;19;121,227734025072;19
3258970;1;2;1;80;1;2; ; ; ; ; ;2; ;2; ;.; ; ;1;07;19;89,8971949948073;19
3258971;1;1;1;80;1;1;4;4; ;2; ;2; ; ; ; ;4;2;1;07;19;119,373173854793;19
3258971;1;3;1;80;1;2; ; ; ;2; ;2; ;2; ;.; ; ;1;07;19;119,373173854793;19
3258972;1;1;1;80;1;1;4;5; ;3; ;2; ; ; ; ;10;2;1;07;19;82,7558445194965;19
3258972;1;3;1;80;1;2; ; ; ;2; ;2; ;2; ;.; ; ;1;07;19;82,7558445194965;19
3258973;1;3;1;80;1;2; ; ; ;2; ;2; ;2; ;.; ; ;1;07;19;121,227734025072;19
3258974;1;1;1;80;1;1;4;5; ;2; ;2; ; ; ; ;10;2;1;07;19;82,5154072956413;19
3258974;1;2;1;80;1;2; ; ; ;2; ;2; ;2; ;.; ; ;1;07;19;82,5154072956413;19
3258974;1;4;1;80;1;1;1;5; ;3; ;2; ; ; ; ;10;2;1;07;19;82,5154072956413;19
3258974;1;5;1;80;1;2; ; ; ;2; ;2; ;2; ;.; ; ;1;07;19;82,5154072956413;19
3258974;1;6;1;80;1;2; ; ; ; ; ;2; ;2; ;.; ; ;1;07;19;82,5154072956413;19
3258975;1;1;1;80;1;1;4;5; ;3; ;2; ; ; ; ;6;2;1;07;19;58,7587236029418;19
3258975;1;2;1;80;1;2; ; ; ;2; ;2; ;2; ;.; ; ;1;07;19;58,7587236029418;19
3258975;1;4;1;80;1;2; ; ; ;2; ;2; ;2; ;.; ; ;1;07;19;58,7587236029418;19
3258976;1;2;1;80;1;1;1;2; ;2; ;2; ; ; ; ;2;2;1;07;19;121,784924777997;19
3258977;1;1;1;80;1;1;4;5; ;3; ;2; ; ; ; ;10;2;1;07;19;83,3130352724219;19
3258978;1;2;1;80;1;2; ; ; ;2; ;2; ;2; ;.; ; ;1;07;19;97,7878038614421;19
3258978;1;3;1;80;1;1;4;5; ;3; ;2; ; ; ; ;8;2;1;07;19;97,7878038614421;19
3258979;1;2;1;80;1;1;4;3; ;2; ;2; ; ; ; ;9;2;1;07;19;100,516308313716;19
3258979;1;3;1;80;1;2; ; ; ;2; ;2; ;2; ;.; ; ;1;07;19;100,516308313716;19
3258980;1;2;1;80;1;1;4;3; ;2; ;2; ; ; ; ;9;2;1;07;19;116,784547798974;19
3258982;1;1;1;80;1;1;4;4; ;2; ;2; ; ; ; ;4;2;1;07;19;82,7558445194965;19
3258982;1;3;1;80;1;2; ; ; ;2; ;2; ;2; ;.; ; ;1;07;19;82,7558445194965;19
3258983;1;2;1;80;1;2; ; ; ;2; ;2; ;2; ;.; ; ;1;07;19;112,295786317991;19
3258983;1;3;1;80;1;2; ; ; ;2; ;2; ;2; ;.; ; ;1;07;19;112,295786317991;19
3258983;1;5;1;80;1;1;2;2; ;2; ;2; ; ; ; ;2;2;1;07;19;112,295786317991;19
3258984;1;2;1;80;1;1;4;5; ;3; ;2; ; ; ; ;10;2;1;07;19;114,37396880572;19
3258997;1;1;1;80;1;1;4;2; ;2; ;2; ; ; ; ;2;2;1;07;19;121,784924777997;19
3258998;1;3;1;80;1;2; ; ; ;2; ;2; ;2; ;.; ; ;1;07;19;84,4873341223636;19
3258999;1;2;1;80;1;1;4;4; ;2; ;2; ; ; ; ;4;2;1;07;19;202,451475814327;19
3258999;1;4;1;80;1;2; ; ; ; ; ;2; ;2; ;.; ; ;1;07;19;202,451475814327;19
3258999;1;5;1;80;1;2; ; ; ;2; ;2; ;2; ;.; ; ;1;07;19;202,451475814327;19
3259002;1;3;1;80;1;2; ; ; ;2; ;2; ;2; ;.; ; ;1;07;19;222,514640540173;19
3259002;1;4;1;80;1;2; ; ; ;2; ;2; ;2; ;.; ; ;1;07;19;222,514640540173;19
3259003;1;1;1;80;1;1;4;3; ;2; ;2; ; ; ; ;9;2;1;07;19;95,9332436911639;19
3259006;1;1;1;80;1;1;4;4; ;2; ;2; ; ; ; ;4;2;1;07;19;93,9321485913304;19
3259006;1;2;1;80;1;1;4;4; ;2; ;2; ; ; ; ;8;2;1;07;19;93,9321485913304;19
3259006;1;3;1;80;1;1;1;8; ;2; ;2; ; ; ; ;4;2;1;07;19;93,9321485913304;19
3259008;1;3;1;80;1;1;1;8; ;2; ;2; ; ; ; ;2;2;1;07;19;84,9271582188449;19
3259008;1;4;1;80;1;2; ; ; ;2; ;2; ;2; ;.; ; ;1;07;19;84,9271582188449;19
3259009;1;1;1;80;1;1;4;4; ;2; ;2; ; ; ; ;4;2;1;07;19;98,7848187108488;19
3259009;1;3;1;80;1;2; ; ; ;2; ;2; ;2; ;.; ; ;1;07;19;98,7848187108488;19
3259011;1;1;1;80;1;1;4;5; ;3; ;2; ; ;3; ;1;1;1;07;19;111,632339904059;19
3259011;1;2;1;80;1;2; ; ; ;2; ;2; ;2; ;.; ; ;1;07;19;111,632339904059;19
3259011;1;3;1;80;1;1;2;2; ;2; ;2; ; ; ; ;2;2;1;07;19;111,632339904059;19
3259011;1;4;1;80;1;2; ; ; ;2; ;2; ;2; ;.; ; ;1;07;19;111,632339904059;19
3259012;1;4;1;80;1;2; ; ; ;2; ;2; ;2; ;.; ; ;1;07;19;120,670543272146;19
3259013;1;2;1;80;1;2; ; ; ;2; ;2; ;2; ;.; ; ;1;07;19;89,8971949948073;19
3259014;1;3;1;80;1;2; ; ; ;2; ;2; ;2; ;.; ; ;1;07;19;169,85431643769;19
3259017;1;1;1;80;1;1;2;5; ;3; ;2; ; ; ; ;8;2;1;07;19;147,799624540724;19
3259017;1;2;1;80;1;1;1;5; ;3; ;2; ; ; ; ;8;2;1;07;19;147,799624540724;19
3259018;1;4;1;80;1;2; ; ; ;2; ;2; ;2; ;.; ; ;1;07;19;188,139207587978;19
3259019;1;1;1;80;1;1;4;5; ;3; ;2; ; ; ; ;11;2;1;07;19;96,9302585405705;19
3259019;1;2;1;80;1;1;4;3; ;2; ;2; ; ; ; ;9;2;1;07;19;96,9302585405705;19
3259020;1;1;1;80;1;1;1;8; ;3; ;2; ; ; ; ;8;2;1;07;19;93,9321485913304;19
3259020;1;2;1;80;1;2; ; ; ;2; ;2; ;2; ;.; ; ;1;07;19;93,9321485913304;19
3259025;1;1;1;80;1;1;4;3; ;2; ;2; ; ; ; ;9;2;1;07;19;102,083283228035;19
3259025;1;2;1;80;1;1;2;2; ;2; ;2; ; ; ; ;2;2;1;07;19;102,083283228035;19
3259025;1;3;1;80;1;2; ; ; ;2; ;2; ;2; ;.; ; ;1;07;19;102,083283228035;19
3259025;1;4;1;80;1;2; ; ; ;2; ;2; ;2; ;.; ; ;1;07;19;102,083283228035;19
3259026;1;1;1;80;1;1;2;4; ;2; ;2; ; ; ; ;4;2;1;07;19;142,813104018423;19
3259026;1;2;1;80;1;2; ; ; ;2; ;2; ;2; ;.; ; ;1;07;19;142,813104018423;19
3259028;1;2;1;80;1;2; ; ; ;2; ;2; ;2; ;.; ; ;1;07;19;169,641805115676;19
3259029;1;2;1;80;1;1;2;9;cudad;2; ;2; ; ; ; ;9;2;1;07;19;261,132585666064;19
3259030;1;2;1;80;1;2; ; ; ; ; ;2; ;2; ;.; ; ;1;07;19;223,958065577841;19
3259031;1;2;1;80;1;2; ; ; ;2; ;2; ;2; ;.; ; ;1;07;19;206,395329467772;19
3259033;1;2;1;80;1;2; ; ; ;2; ;2; ;2; ;.; ; ;1;07;19;206,395329467772;19
3259034;1;1;1;80;1;1;2;5; ;3; ;2; ; ; ; ;10;2;1;07;19;150,689777094439;19
3259034;1;2;1;80;1;2; ; ; ;2; ;2; ;2; ;.; ; ;1;07;19;150,689777094439;19
3259034;1;3;1;80;1;2; ; ; ;2; ;2; ;2; ;.; ; ;1;07;19;150,689777094439;19
3259035;1;1;1;80;1;2; ; ; ;2; ;2; ;2; ;.; ; ;1;07;19;119,746210217585;19
3259036;1;1;1;80;1;1;4;5; ;3; ;2; ; ; ; ;10;2;1;07;19;75,3448885472194;19
3259036;1;2;1;80;1;1;4;3; ;2; ;2; ; ; ; ;9;2;1;07;19;75,3448885472194;19
3259036;1;3;1;80;1;2; ; ; ;2; ;2; ;2; ;.; ; ;1;07;19;75,3448885472194;19
3259039;1;1;1;80;1;2; ; ; ;2; ;2; ;2; ;.; ; ;1;07;19;82,7558445194965;19
3259040;1;1;1;80;1;1;4;5; ;3; ;2; ; ; ; ;10;2;1;07;19;75,9020793001447;19
3259040;1;2;1;80;1;2; ; ; ;2; ;2; ;2; ;.; ; ;1;07;19;75,9020793001447;19
3259042;1;1;1;80;1;1;4;5; ;3; ;2; ; ; ; ;10;2;1;07;19;55,4602590857554;19
3259042;1;2;1;80;1;1;4;5; ;3; ;2; ; ; ; ;10;2;1;07;19;55,4602590857554;19
3259043;1;2;1;80;1;1;4;5; ;2; ;2; ; ; ; ;8;2;1;07;19;78,9001892493848;19
3259044;1;2;1;80;1;2; ; ; ;2; ;2; ;2; ;.; ; ;1;07;19;83,3130352724219;19
3259045;1;3;1;80;1;2; ; ; ;2; ;2; ;2; ;.; ; ;1;07;19;115,594250835177;19
3259045;1;4;1;80;1;2; ; ; ;2; ;2; ;2; ;.; ; ;1;07;19;115,594250835177;19
3259045;1;6;1;80;1;2; ; ; ;2; ;2; ;2; ;.; ; ;1;07;19;115,594250835177;19
3259046;1;2;1;80;1;1;4;6; ;2; ;2; ; ; ; ;11;2;1;07;19;217,42029082553;19
3259047;1;4;1;80;1;2; ; ; ;2; ;2; ;2; ;.; ; ;1;07;19;128,398252773494;19
3259047;1;5;1;80;1;2; ; ; ;2; ;2; ;2; ;.; ; ;1;07;19;128,398252773494;19
3259051;1;4;1;80;1;1;2;8; ;2; ;2; ; ; ; ;2;2;1;07;19;106,512528212196;19
3259051;1;5;1;80;1;2; ; ; ;2; ;2; ;2; ;.; ; ;1;07;19;106,512528212196;19
3259052;1;6;1;80;1;2; ; ; ;2; ;2; ;2; ;.; ; ;1;07;19;141,698722512572;19
3259055;1;1;1;80;1;1;1;8; ;1;1;1;13184000; ; ;ESTA ESPERANDO QUE LO LLAMEN DE SU ANTERIOR TRABAJO;12;2;1;07;44;73,4290594034891;44
3259056;1;1;1;80;1;1;2;5; ;3; ;2; ; ; ; ;10;2;1;07;44;72,4473825208654;44
3259057;1;1;1;80;1;1;1;8; ;3; ;2; ; ; ; ;1;2;1;07;44;62,6663423699744;44
3259057;1;2;1;80;1;1;4;3; ;2; ;2; ; ; ; ;9;2;1;07;44;62,6663423699744;44
3259059;1;2;1;80;1;1;2;8; ;2; ;2; ; ;1; ;1;1;1;07;44;39,3881952104787;44
3259059;1;5;1;80;1;1;2;8; ;2; ;2; ; ;2; ;9;1;1;07;44;39,3881952104787;44
3259060;1;2;1;80;1;1;3;3; ;2; ;2; ; ; ; ;9;2;1;07;44;161,537740734562;44
3259061;1;1;1;80;1;2; ; ; ;2; ;2; ;2; ;.; ; ;1;07;44;165,733139475702;44
3259061;1;5;1;80;1;1;1;6; ;2; ;2; ; ; ; ;2;2;1;07;44;165,733139475702;44
3259061;1;6;1;80;1;2; ; ; ;2; ;2; ;2; ;.; ; ;1;07;44;165,733139475702;44
3259062;1;3;1;80;1;2; ; ; ; ; ;2; ;2; ;.; ; ;1;07;44;165,644684974592;44
3259062;1;4;1;80;1;2; ; ; ; ; ;2; ;2; ;.; ; ;1;07;44;165,644684974592;44
3259063;1;3;1;80;1;2; ; ; ;2; ;2; ;2; ;.; ; ;1;07;44;73,2000071891839;44
3259063;1;4;1;80;1;2; ; ; ; ; ;2; ;2; ;.; ; ;1;07;44;73,2000071891839;44
3259063;1;5;1;80;1;2; ; ; ;2; ;2; ;2; ;.; ; ;1;07;44;73,2000071891839;44
3259063;1;6;1;80;1;1;4;3; ;2; ;2; ; ; ; ;9;2;1;07;44;73,2000071891839;44
3259065;1;4;1;80;1;2; ; ; ;2; ;2; ;2; ;.; ; ;1;07;44;82,3418960480493;44
3259067;1;5;1;80;1;1;1;6; ;2; ;2; ; ; ; ;2;2;1;07;44;112,843553890219;44
3259068;1;1;1;80;1;1;4;5; ;3; ;2; ; ; ; ;10;2;1;07;44;73,4697425970944;44
3259070;1;3;1;80;1;2; ; ; ;2; ;2; ;2; ;.; ; ;1;07;44;70,9878302163897;44
3259070;1;4;1;80;1;2; ; ; ;2; ;2; ;2; ;.; ; ;1;07;44;70,9878302163897;44
3259071;1;1;1;80;1;2; ; ; ;2; ;2; ;2; ;.; ; ;1;07;44;93,515813395073;44
3259072;1;3;1;80;1;2; ; ; ;2; ;2; ;2; ;.; ; ;1;07;44;195,907324298051;44
3259072;1;4;1;80;1;2; ; ; ;2; ;2; ;2; ;.; ; ;1;07;44;195,907324298051;44
3259072;1;5;1;80;1;2; ; ; ; ; ;2; ;2; ;.; ; ;1;07;44;195,907324298051;44
3259079;1;1;1;80;1;1;2;4; ;2; ;2; ; ; ; ;4;2;1;07;44;53,1178193468256;44
3259079;1;2;1;80;1;1;1;3; ;2; ;2; ; ;1; ;1;1;1;07;44;53,1178193468256;44
3259079;1;5;1;80;1;1;2;3; ;2; ;2; ; ; ; ;9;2;1;07;44;53,1178193468256;44
3259081;1;4;1;80;1;1;1;2; ;2; ;2; ; ;1; ;1;1;1;07;44;73,4732866540444;44
3259083;1;1;1;80;1;2; ; ; ;2; ;2; ;2; ;.; ; ;1;07;44;151,446281982155;44
3259083;1;4;1;80;1;1;2;2; ;2; ;2; ; ; ; ;2;2;1;07;44;151,446281982155;44
3259083;1;6;1;80;1;1;1;2; ;2; ;1;220000; ; ; ;2;2;1;07;44;151,446281982155;44
3259084;1;1;1;80;1;1;1;4; ;2; ;2; ; ; ; ;9;2;1;07;44;119,103719539872;44
3259084;1;3;1;80;1;1;1;8; ;2; ;2; ; ; ; ;2;2;1;07;44;119,103719539872;44
3259087;1;3;1;80;1;2; ; ; ;2; ;2; ;2; ;.; ; ;1;07;44;64,1691488854499;44
3259088;1;2;1;80;1;1;2;9;ESTA CANSADA;2; ;2; ; ; ; ;8;2;1;07;44;67,2836314854883;44
3259091;1;3;1;80;1;2; ; ; ;2; ;2; ;2; ;.; ; ;1;07;44;75,124672892657;44
3259092;1;1;1;80;1;1;1;9;ESTA EMBARAZADA;2; ;2; ; ; ; ;9;2;1;07;44;51,4222058576577;44
3259092;1;3;1;80;1;1;1;9;ESTA EMBARAZADA;2; ;2; ; ; ;ESTA EMBARAZADA;12;2;1;07;44;51,4222058576577;44
3259093;1;2;1;80;1;1;3;3; ;2; ;2; ; ;2; ;9;1;1;07;44;88,0952835325658;44
3259094;1;1;1;80;1;1;1;9;CAMBIO DE MUNICIPIO;2; ;2; ; ; ; ;9;2;1;07;44;75,3483405047736;44
3259095;1;3;1;80;1;2; ; ; ; ; ;2; ;2; ;.; ; ;1;07;44;102,314172437409;44
3259100;1;3;1;80;1;2; ; ; ; ; ;2; ;2; ;.; ; ;1;07;44;51,4222058576577;44
3259104;1;2;1;80;1;1;3;4; ;2; ;2; ; ;1; ;4;1;1;07;44;75,6458025255088;44
3259105;1;2;1;80;1;1;2;3; ;2; ;2; ; ; ; ;9;2;1;07;44;78,61170540241;44
3259106;1;3;1;80;1;1;1;8; ;2; ;2; ; ; ; ;2;2;1;07;19;126,19942998951;19
3259107;1;2;1;80;1;1;1;8; ;2; ;2; ; ; ; ;2;2;1;07;19;106,150687630057;19
3259108;1;2;1;80;1;1;2;3; ;2; ;2; ; ; ; ;9;2;1;07;19;102,92688730697;19
3259108;1;3;1;80;1;2; ; ; ; ; ;2; ;2; ;.; ; ;1;07;19;102,92688730697;19
3259109;1;3;1;80;1;2; ; ; ; ; ;2; ;2; ;.; ; ;1;07;19;102,92688730697;19
3259110;1;2;1;80;1;2; ; ; ;2; ;2; ;2; ;.; ; ;1;07;19;68,4037842831263;19
3259110;1;4;1;80;1;2; ; ; ;2; ;2; ;2; ;.; ; ;1;07;19;68,4037842831263;19
3259110;1;5;1;80;1;2; ; ; ;2; ;2; ;2; ;.; ; ;1;07;19;68,4037842831263;19
3259111;1;2;1;80;1;1;3;8; ;2; ;2; ; ; ; ;8;2;1;07;19;83,2252457570085;19
3259111;1;5;1;80;1;2; ; ; ;2; ;2; ;2; ;.; ; ;1;07;19;83,2252457570085;19
3259112;1;2;1;80;1;2; ; ; ;2; ;2; ;2; ;.; ; ;1;07;19;115,817873152628;19
3259112;1;3;1;80;1;1;3;8; ;2; ;2; ; ; ; ;4;2;1;07;19;115,817873152628;19
3259113;1;1;1;80;1;1;4;3; ;2; ;2; ; ; ; ;8;2;1;07;19;77,3459836470528;19
3259113;1;2;1;80;1;2; ; ; ;2; ;2; ;2; ;.; ; ;1;07;19;77,3459836470528;19
3259113;1;3;1;80;1;2; ; ; ;2; ;2; ;2; ;.; ; ;1;07;19;77,3459836470528;19
3259113;1;4;1;80;1;2; ; ; ;2; ;2; ;2; ;.; ; ;1;07;19;77,3459836470528;19
3259114;1;3;1;80;1;1;3;6; ;2; ;2; ; ; ; ;2;2;1;07;19;122,402032875013;19
3259114;1;4;1;80;1;2; ; ; ;2; ;2; ;2; ;.; ; ;1;07;19;122,402032875013;19
3259115;1;2;1;80;1;2; ; ; ;2; ;2; ;2; ;.; ; ;1;07;19;106,812882780142;19
3259115;1;3;1;80;1;1;2;8; ;2; ;2; ; ; ; ;2;2;1;07;19;106,812882780142;19
3259115;1;5;1;80;1;2; ; ; ; ; ;2; ;2; ;.; ; ;1;07;19;106,812882780142;19
3259116;1;4;1;80;1;2; ; ; ; ; ;2; ;2; ;.; ; ;1;07;19;106,074772172111;19
3259119;1;2;1;80;1;1;4;3; ;2; ;2; ; ; ; ;9;2;1;07;19;84,6834473551796;19
3259120;1;2;1;80;1;1;1;8; ;2; ;2; ; ; ; ;9;2;1;07;19;107,927264285993;19
3259120;1;3;1;80;1;2; ; ; ;2; ;2; ;1;1; ;2; ;1;07;19;107,927264285993;19
3259122;1;2;1;80;1;2; ; ; ; ; ;2; ;2; ;.; ; ;1;07;19;89,8971949948073;19
3259127;1;1;1;80;1;1;2;4; ;2; ;2; ; ; ; ;8;2;1;07;44;55,9007378052154;44
3259127;1;5;1;80;1;2; ; ; ;2; ;2; ;2; ;.; ; ;1;07;44;55,9007378052154;44
3259128;1;1;1;80;1;2; ; ; ;2; ;2; ;2; ;.; ; ;1;07;44;37,1689730517126;44
3259128;1;3;1;80;1;2; ; ; ;2; ;2; ;2; ;.; ; ;1;07;44;37,1689730517126;44
3259128;1;5;1;80;1;2; ; ; ; ; ;2; ;2; ;.; ; ;1;07;44;37,1689730517126;44
3259129;1;3;1;80;1;2; ; ; ;2; ;2; ;2; ;.; ; ;1;07;44;49,7265923684898;44
3259131;1;5;1;80;1;2; ; ; ;2; ;2; ;2; ;.; ; ;1;07;44;53,1178193468256;44
3259132;1;4;1;80;1;2; ; ; ;2; ;2; ;2; ;.; ; ;1;07;44;67,5846375631735;44
3259134;1;2;1;80;1;2; ; ; ;2; ;2; ;2; ;.; ; ;1;07;44;62,6013974769814;44
3259143;1;2;1;80;1;1;3;3; ;2; ;2; ; ; ; ;9;2;1;07;44;62,6013974769814;44
3259144;1;1;1;80;1;1;4;4; ;2; ;2; ; ; ; ;9;2;1;07;19;131,90846642259;19
3259144;1;4;1;80;1;2; ; ; ;2; ;2; ;2; ;.; ; ;1;07;19;131,90846642259;19
3259144;1;8;1;80;1;1;1;8; ;2; ;2; ; ; ; ;9;2;1;07;19;131,90846642259;19
3259144;1;9;1;80;1;2; ; ; ;2; ;2; ;2; ;.; ; ;1;07;19;131,90846642259;19
3259145;1;1;1;80;1;1;4;5; ;3; ;2; ; ; ; ;10;2;1;07;19;83,3130352724219;19
3259146;1;2;1;80;1;2; ; ; ;2; ;2; ;2; ;.; ; ;1;07;19;120,670543272146;19
3259146;1;3;1;80;1;2; ; ; ;2; ;2; ;2; ;.; ; ;1;07;19;120,670543272146;19
3259146;1;4;1;80;1;2; ; ; ;2; ;2; ;2; ;.; ; ;1;07;19;120,670543272146;19
3259148;1;2;1;80;1;2; ; ; ;2; ;2; ;2; ;.; ; ;1;07;19;150,405426373507;19
3259148;2;2;2;80;1;2; ; ; ;2; ;2; ;2; ;.; ; ;1;07;19;150,405426373507;19
3259148;2;3;2;80;1;2; ; ; ; ; ;2; ;2; ;.; ; ;1;07;19;150,405426373507;19
3259149;1;1;1;80;1;2; ; ; ;2; ;2; ;2; ;.; ; ;1;07;19;75,9020793001447;19
3259150;1;2;1;80;1;2; ; ; ;2; ;2; ;2; ;.; ; ;1;07;19;94,0696037939891;19
3259150;1;3;1;80;1;2; ; ; ;2; ;2; ;2; ;.; ; ;1;07;19;94,0696037939891;19
3259150;1;4;1;80;1;2; ; ; ; ; ;2; ;2; ;.; ; ;1;07;19;94,0696037939891;19
3259151;1;2;1;80;1;2; ; ; ;2; ;2; ;2; ;.; ; ;1;07;19;109,705988332222;19
3259151;1;4;1;80;1;2; ; ; ;2; ;2; ;2; ;.; ; ;1;07;19;109,705988332222;19
3259151;1;5;1;80;1;2; ; ; ;2; ;2; ;2; ;.; ; ;1;07;19;109,705988332222;19
3259152;1;2;1;80;1;2; ; ; ;2; ;2; ;2; ;.; ; ;1;07;19;93,9321485913304;19
3259153;1;2;1;80;1;2; ; ; ;2; ;2; ;2; ;.; ; ;1;07;19;102,369696554045;19
3259153;1;3;1;80;1;2; ; ; ;2; ;2; ;2; ;.; ; ;1;07;19;102,369696554045;19
3259153;1;4;1;80;1;2; ; ; ;2; ;2; ;2; ;.; ; ;1;07;19;102,369696554045;19
3259154;1;2;1;80;1;2; ; ; ; ; ;2; ;2; ;.; ; ;1;07;19;98,197287754863;19
3259155;1;1;1;80;1;2; ; ; ;2; ;2; ;2; ;.; ; ;1;07;19;107,400493070025;19
3259155;1;9;1;80;1;2; ; ; ;2; ;2; ;2; ;.; ; ;1;07;19;107,400493070025;19
3259156;1;1;1;80;1;2; ; ; ;2; ;2; ;2; ;.; ; ;1;07;19;58,626573308634;19
3259156;1;2;1;80;1;2; ; ; ;2; ;2; ;2; ;.; ; ;1;07;19;58,626573308634;19
3259156;2;1;2;80;1;2; ; ; ;2; ;2; ;2; ;.; ; ;1;07;19;58,626573308634;19
3259156;2;2;2;80;1;2; ; ; ;2; ;2; ;2; ;.; ; ;1;07;19;58,626573308634;19
3259158;1;1;1;80;1;2; ; ; ;2; ;2; ;2; ;.; ; ;1;07;19;100,199554784646;19
3259159;1;2;1;80;1;2; ; ; ;2; ;2; ;2; ;.; ; ;1;07;19;84,2182158839245;19
3259159;1;3;1;80;1;2; ; ; ;2; ;2; ;2; ;.; ; ;1;07;19;84,2182158839245;19
3259159;2;3;2;80;1;2; ; ; ; ; ;2; ;2; ;.; ; ;1;07;19;84,2182158839245;19
3259159;3;1;3;80;1;1;1;2; ;2; ;1;100000; ; ; ;2;2;1;07;19;84,2182158839245;19
3259159;3;2;3;80;1;2; ; ; ;2; ;2; ;2; ;.; ; ;1;07;19;84,2182158839245;19
3259161;1;2;1;80;1;2; ; ; ;2; ;2; ;2; ;.; ; ;1;07;19;113,095516004632;19
3259161;1;5;1;80;1;1;1;2; ;2; ;2; ; ; ; ;2;2;1;07;19;113,095516004632;19
3259161;1;7;1;80;1;2; ; ; ;2; ;2; ;2; ;.; ; ;1;07;19;113,095516004632;19
3259162;1;1;1;80;1;1;4;5; ;3; ;2; ; ; ; ;10;2;1;07;19;78,9001892493848;19
3259162;1;2;1;80;1;2; ; ; ;2; ;2; ;2; ;.; ; ;1;07;19;78,9001892493848;19
3259162;1;3;1;80;1;2; ; ; ;2; ;2; ;2; ;.; ; ;1;07;19;78,9001892493848;19
3259163;1;1;1;80;1;1;2;3; ;2; ;2; ; ; ; ;9;2;1;07;19;98,6785630498421;19
3259163;1;2;1;80;1;2; ; ; ;2; ;2; ;2; ;.; ; ;1;07;19;98,6785630498421;19
3259164;1;2;1;80;1;2; ; ; ;2; ;2; ;2; ;.; ; ;1;07;19;96,7054642931706;19
3259164;1;5;1;80;1;2; ; ; ;2; ;2; ;2; ;.; ; ;1;07;19;96,7054642931706;19
3259164;1;7;1;80;1;2; ; ; ;2; ;2; ;2; ;.; ; ;1;07;19;96,7054642931706;19
3259165;1;1;1;80;1;2; ; ; ;2; ;2; ;1;3; ;9; ;1;07;19;106,542105353227;19
3259165;1;3;1;80;1;2; ; ; ;2; ;2; ;2; ;.; ; ;1;07;19;106,542105353227;19
3259165;1;4;1;80;1;2; ; ; ; ; ;2; ;2; ;.; ; ;1;07;19;106,542105353227;19
3259166;1;3;1;80;1;2; ; ; ;2; ;2; ;2; ;.; ; ;1;07;19;130,009102080106;19
3259167;1;3;1;80;1;2; ; ; ; ; ;2; ;2; ;.; ; ;1;07;19;130,009102080106;19
3259172;1;2;1;80;1;1;1;3; ;2; ;1;320000; ; ; ;1;2;1;07;44;103,996829345797;44
3259172;1;4;1;80;1;2; ; ; ;2; ;2; ;2; ;.; ; ;1;07;44;103,996829345797;44
3259172;1;6;1;80;1;1;2;3; ;2; ;2; ; ; ; ;9;2;1;07;44;103,996829345797;44
3259173;1;2;1;80;1;1;1;3; ;2; ;1;600000; ; ; ;9;2;1;07;44;77,1177484025601;44
3259174;1;2;1;80;1;2; ; ; ;2; ;2; ;1;2; ;9; ;1;07;44;186,10852383874;44
3259175;1;3;1;80;1;2; ; ; ;2; ;2; ;2; ;.; ; ;1;07;44;169,637924108298;44
3259175;1;4;1;80;1;2; ; ; ; ; ;2; ;2; ;.; ; ;1;07;44;169,637924108298;44
3259176;1;2;1;80;1;1;2;7; ;2; ;2; ; ; ; ;6;2;1;07;44;119,015265038762;44
3259178;1;2;1;80;1;1;3;6; ;2; ;2; ; ; ; ;9;2;1;07;44;52,3722036488941;44
3259178;1;3;1;80;1;2; ; ; ;2; ;2; ;2; ;.; ; ;1;07;44;52,3722036488941;44
3259184;1;4;1;80;1;2; ; ; ; ; ;2; ;2; ;.; ; ;1;07;44;76,8852312748179;44
3259189;1;2;1;80;1;2; ; ; ;2; ;2; ;2; ;.; ; ;1;07;44;69,2922167272219;44
3259189;1;3;1;80;1;2; ; ; ;2; ;2; ;2; ;.; ; ;1;07;44;69,2922167272219;44
3259194;1;1;1;80;1;1;4;3; ;2; ;2; ; ; ; ;4;2;1;07;44;98,177329761142;44
3259196;1;1;1;80;1;1;1;8; ;2; ;2; ; ; ;ESTA ESPERANDO QUE LO LLAMEN A TRABAJAR NUEVAMENTE;12;2;1;07;44;46,3729324245043;44
3259196;1;3;1;80;1;1;3;8; ;2; ;2; ; ; ; ;2;2;1;07;44;46,3729324245043;44
3259196;1;4;1;80;1;1;1;6; ; ; ;2; ; ; ; ;11;2;1;07;44;46,3729324245043;44
3259198;1;3;1;80;1;1;2;2; ; ; ;2; ; ; ; ;2;2;1;07;44;51,4222058576577;44
3259199;1;2;1;80;1;2; ; ; ; ; ;2; ;2; ;.; ; ;1;07;44;173,9238215351;44
3259200;1;2;1;80;1;1;2;4; ;2; ;2; ; ; ; ;4;2;1;07;44;37,1689730517126;44
3259200;1;5;1;80;1;2; ; ; ;2; ;2; ;2; ;.; ; ;1;07;44;37,1689730517126;44
3259203;1;1;1;80;1;1;4;7; ;2; ;2; ; ; ;FALTA DE RECURSOS ECONOMICOS;12;2;1;07;44;53,4395430669486;44
3259203;1;4;1;80;1;2; ; ; ;2; ;2; ;2; ;.; ; ;1;07;44;53,4395430669486;44
3259203;1;5;1;80;1;2; ; ; ; ; ;2; ;2; ;.; ; ;1;07;44;53,4395430669486;44
3259205;1;1;1;80;1;1;1;2; ;2; ;2; ; ; ; ;2;2;1;07;44;66,2525194417021;44
3259206;1;2;1;80;1;1;3;8; ;2; ;2; ; ; ; ;4;2;1;07;44;73,9501890363409;44
3259207;1;4;1;80;1;1;1;9;ESTA EMBARAZADA;2; ;2; ; ; ;ESTA EMBARAZADA;12;2;1;07;44;55,6032757844802;44
3259211;1;2;1;80;1;2; ; ; ;2; ;2; ;2; ;.; ; ;1;07;44;64,2464873510185;44
3259211;1;3;1;80;1;2; ; ; ;2; ;2; ;2; ;.; ; ;1;07;44;64,2464873510185;44
3259211;1;4;1;80;1;2; ; ; ;2; ;2; ;2; ;.; ; ;1;07;44;64,2464873510185;44
3259211;1;5;1;80;1;2; ; ; ; ; ;2; ;2; ;.; ; ;1;07;44;64,2464873510185;44
3259211;1;6;1;80;1;2; ; ; ; ; ;1;40000;2; ;.; ; ;1;07;44;64,2464873510185;44
3259214;1;2;1;80;1;1;3;4; ;2; ;2; ; ; ; ;4;2;1;07;44;75,3483405047736;44
3259215;1;1;1;80;1;1;4;3; ;2; ;2; ; ; ; ;9;2;1;07;44;99,1877241624904;44
3259215;1;2;1;80;1;2; ; ; ;2; ;2; ;2; ;.; ; ;1;07;44;99,1877241624904;44
3259215;1;9;1;80;1;2; ; ; ; ; ;2; ;2; ;.; ; ;1;07;44;99,1877241624904;44
3259216;1;3;1;80;1;1;2;2; ;2; ;2; ; ; ; ;2;2;1;07;44;75,124672892657;44
3259217;1;3;1;80;1;2; ; ; ;2; ;2; ;2; ;.; ; ;1;07;44;58,5987458194448;44
3259217;1;4;1;80;1;2; ; ; ;2; ;2; ;2; ;.; ; ;1;07;44;58,5987458194448;44
3259219;1;1;1;80;1;1;4;5; ;3; ;2; ; ; ; ;10;2;1;07;19;119,373173854793;19
3259220;1;1;1;80;1;1;4;5; ;3; ;2; ; ; ; ;10;2;1;07;19;59,3159143558671;19
3259220;1;2;1;80;1;1;4;5; ;3; ;2; ; ; ; ;10;2;1;07;19;59,3159143558671;19
3259220;1;3;1;80;1;2; ; ; ;2; ;2; ;1;1; ;2; ;1;07;19;59,3159143558671;19
3259221;1;2;1;80;1;2; ; ; ;2; ;2; ;2; ;.; ; ;1;07;19;111,979032788921;19
3259222;1;2;1;80;1;1;4;3; ;2; ;2; ; ; ; ;9;2;1;07;19;123,006458071301;19
3259222;2;2;2;80;1;1;2;8; ;2; ;2; ; ; ; ;9;2;1;07;19;123,006458071301;19
3259224;1;2;1;80;1;2; ; ; ;2; ;2; ;2; ;.; ; ;1;07;19;80,513549133778;19
3259224;1;4;1;80;1;2; ; ; ;2; ;2; ;2; ;.; ; ;1;07;19;80,513549133778;19
3259224;1;5;1;80;1;2; ; ; ; ; ;2; ;2; ;.; ; ;1;07;19;80,513549133778;19
3259225;1;3;1;80;1;2; ; ; ;2; ;2; ;2; ;.; ; ;1;07;19;102,369696554045;19
3259225;1;4;1;80;1;2; ; ; ; ; ;2; ;2; ;.; ; ;1;07;19;102,369696554045;19
3259226;1;2;1;80;1;2; ; ; ;2; ;2; ;2; ;.; ; ;1;07;19;104,81061575036;19
3259226;2;1;2;80;1;1;1;4; ;2; ;1;80000; ; ; ;4;2;1;07;19;104,81061575036;19
3259227;1;4;1;80;1;2; ; ; ;2; ;2; ;2; ;.; ; ;1;07;19;120,670543272146;19
3259228;1;2;1;80;1;2; ; ; ;2; ;2; ;2; ;.; ; ;1;07;19;68,8981840274926;19
3259228;1;3;1;80;1;2; ; ; ; ; ;2; ;2; ;.; ; ;1;07;19;68,8981840274926;19
3259228;1;4;1;80;1;1;4;4; ;2; ;2; ; ; ; ;4;2;1;07;19;68,8981840274926;19
3259232;1;3;1;80;1;2; ; ; ;2; ;2; ;2; ;.; ; ;1;07;19;116,708632341028;19
3259236;1;4;1;80;1;2; ; ; ;2; ;2; ;2; ;.; ; ;1;07;19;50,3783727687855;19
3259236;1;5;1;80;1;2; ; ; ; ; ;2; ;2; ;.; ; ;1;07;19;50,3783727687855;19
3259236;1;6;1;80;1;2; ; ; ;2; ;2; ;2; ;.; ; ;1;07;19;50,3783727687855;19
3259238;1;2;1;80;1;2; ; ; ;2; ;2; ;2; ;.; ; ;1;07;19;139,257803316257;19
3259238;1;3;1;80;1;1;1;8; ;2; ;1;200000; ; ; ;1;2;1;07;19;139,257803316257;19
3259238;1;4;1;80;1;1;2;8; ;2; ;2; ; ; ; ;2;2;1;07;19;139,257803316257;19
3259239;1;2;1;80;1;2; ; ; ;2; ;2; ;2; ;.; ; ;1;07;19;108,845569346883;19
3259239;1;5;1;80;1;2; ; ; ;2; ;2; ;2; ;.; ; ;1;07;19;108,845569346883;19
3259239;1;6;1;80;1;2; ; ; ; ; ;2; ;2; ;.; ; ;1;07;19;108,845569346883;19
3259243;1;2;1;80;1;2; ; ; ;2; ;2; ;2; ;.; ; ;1;07;23;150,353846508807;23
3259243;1;4;1;80;1;2; ; ; ;2; ;2; ;2; ;.; ; ;1;07;23;150,353846508807;23
3259243;1;5;1;80;1;2; ; ; ;2; ;2; ;2; ;.; ; ;1;07;23;150,353846508807;23
3259244;1;3;1;80;1;2; ; ; ; ; ;2; ;2; ;.; ; ;1;07;23;172,573197611604;23
3259244;1;5;1;80;1;1;1;4; ;2; ;2; ; ; ; ;4;2;1;07;23;172,573197611604;23
3259245;1;2;1;80;1;1;4;2; ;2; ;2; ; ; ; ;9;2;1;07;23;135,498170605477;23
3259245;1;3;1;80;1;2; ; ; ;2; ;2; ;2; ;.; ; ;1;07;23;135,498170605477;23
3259246;1;3;1;80;1;2; ; ; ;2; ;2; ;2; ;.; ; ;1;07;23;106,833788534457;23
3259247;1;3;1;80;1;2; ; ; ;2; ;2; ;2; ;.; ; ;1;07;23;174,836293422319;23
3259247;1;5;1;80;1;2; ; ; ; ; ;2; ;2; ;.; ; ;1;07;23;174,836293422319;23
3259250;1;3;1;80;1;2; ; ; ;2; ;2; ;2; ;.; ; ;1;07;23;139,289317807518;23
3259250;1;4;1;80;1;2; ; ; ; ; ;2; ;2; ;.; ; ;1;07;23;139,289317807518;23
3259251;1;1;1;80;1;1;4;4; ;2; ;2; ; ; ; ;4;2;1;07;23;172,921435248847;23
3259251;1;2;1;80;1;2; ; ; ;2; ;2; ;2; ;.; ; ;1;07;23;172,921435248847;23
3259251;1;3;1;80;1;1;3;3; ;2; ;2; ; ; ; ;9;2;1;07;23;172,921435248847;23
3259252;1;1;1;80;1;1;4;5; ;3; ;2; ; ; ; ;10;2;1;07;23;75,4515646205677;23
3259252;1;2;1;80;1;1;4;5; ;3; ;2; ; ; ; ;10;2;1;07;23;75,4515646205677;23
3259252;1;3;1;80;1;2; ; ; ;2; ;2; ;2; ;.; ; ;1;07;23;75,4515646205677;23
3259253;1;2;1;80;1;2; ; ; ;2; ;2; ;2; ;.; ; ;1;07;23;152,532976142411;23
3259253;1;3;1;80;1;2; ; ; ;2; ;2; ;2; ;.; ; ;1;07;23;152,532976142411;23
3259254;1;2;1;80;1;2; ; ; ;2; ;2; ;1;1; ;9; ;1;07;23;152,35473509176;23
3259255;1;3;1;80;1;2; ; ; ;2; ;2; ;2; ;.; ; ;1;07;23;99,9848752593834;23
3259255;1;4;1;80;1;2; ; ; ;2; ;2; ;2; ;.; ; ;1;07;23;99,9848752593834;23
3259255;1;5;1;80;1;2; ; ; ;2; ;2; ;2; ;.; ; ;1;07;23;99,9848752593834;23
3259256;1;1;1;80;1;2; ; ; ;2; ;2; ;2; ;.; ; ;1;07;23;198,685235736615;23
3259256;1;3;1;80;1;1;2;7; ;2; ;2; ; ;1; ;2;1;1;07;23;198,685235736615;23
3259256;1;4;1;80;1;2; ; ; ; ; ;2; ;2; ;.; ; ;1;07;23;198,685235736615;23
3259257;1;1;1;80;1;1;4;6; ;2; ;2; ; ; ; ;9;2;1;07;23;111,702160451423;23
3259259;1;3;1;80;1;2; ; ; ;2; ;2; ;2; ;.; ; ;1;07;23;160,098903749818;23
3259259;1;4;1;80;1;2; ; ; ;2; ;2; ;2; ;.; ; ;1;07;23;160,098903749818;23
3259259;1;5;1;80;1;2; ; ; ; ; ;2; ;2; ;.; ; ;1;07;23;160,098903749818;23
3259259;1;6;1;80;1;2; ; ; ; ; ;2; ;2; ;.; ; ;1;07;23;160,098903749818;23
3259260;1;1;1;80;1;1;1;8; ;2; ;2; ; ; ; ;10;2;1;07;23;150,938793751597;23
3259260;1;2;1;80;1;2; ; ; ;2; ;2; ;2; ;.; ; ;1;07;23;150,938793751597;23
3259260;1;4;1;80;1;1;1;2; ;2; ;2; ; ; ; ;2;2;1;07;23;150,938793751597;23
3259261;1;2;1;80;1;2; ; ; ;2; ;2; ;2; ;.; ; ;1;07;23;165,118280532871;23
3259262;1;2;1;80;1;1;1;3; ;2; ;1;120000; ; ; ;9;2;1;07;23;130,458315836993;23
3259262;1;5;1;80;1;2; ; ; ;2; ;2; ;2; ;.; ; ;1;07;23;130,458315836993;23
3259262;1;7;1;80;1;2; ; ; ; ; ;2; ;2; ;.; ; ;1;07;23;130,458315836993;23
3259263;1;2;1;80;1;2; ; ; ; ; ;2; ;2; ;.; ; ;1;07;23;152,532976142411;23
3259263;1;3;1;80;1;2; ; ; ; ; ;2; ;2; ;.; ; ;1;07;23;152,532976142411;23
3259266;1;1;1;80;1;1;2;3; ;2; ;2; ; ;2; ;9;1;1;07;23;114,491734950032;23
3259266;1;5;1;80;1;2; ; ; ;2; ;2; ;2; ;.; ; ;1;07;23;114,491734950032;23
3259267;1;2;1;80;1;1;4;4; ;2; ;2; ; ;3; ;9;1;1;07;23;128,734900997448;23
3259272;1;3;1;80;1;2; ; ; ; ; ;2; ;2; ;.; ; ;1;07;23;147,361632859823;23
3259273;1;1;1;80;1;1;4;5; ;3; ;2; ; ; ; ;10;2;1;07;23;106,485550897215;23
3259273;1;2;1;80;1;1;4;3; ;2; ;2; ; ; ; ;9;2;1;07;23;106,485550897215;23
3259274;1;1;1;80;1;2; ; ; ;2; ;2; ;2; ;.; ; ;1;07;23;129,413541852849;23
3259274;1;2;1;80;1;2; ; ; ; ; ;2; ;2; ;.; ; ;1;07;23;129,413541852849;23
3259275;1;3;1;80;1;2; ; ; ; ; ;2; ;2; ;.; ; ;1;07;23;111,656894179802;23
3259276;1;3;1;80;1;2; ; ; ;2; ;2; ;2; ;.; ; ;1;07;23;190,329845284651;23
3259276;1;4;1;80;1;2; ; ; ;2; ;2; ;2; ;.; ; ;1;07;23;190,329845284651;23
3259277;1;1;1;80;1;2; ; ; ;3; ;2; ;2; ;.; ; ;1;07;23;119,249096338325;23
3259277;1;3;1;80;1;2; ; ; ; ; ;2; ;2; ;.; ; ;1;07;23;119,249096338325;23
3259280;1;3;1;80;1;2; ; ; ; ; ;2; ;2; ;.; ; ;1;07;23;124,499386161241;23
3259280;1;6;1;80;1;2; ; ; ;2; ;2; ;2; ;.; ; ;1;07;23;124,499386161241;23
3259281;1;2;1;80;1;1;4;3; ;2; ;2; ; ; ; ;9;2;1;07;23;112,038812085752;23
3259281;1;6;1;80;1;2; ; ; ; ; ;2; ;2; ;.; ; ;1;07;23;112,038812085752;23
3259283;1;5;1;80;1;2; ; ; ;2; ;2; ;2; ;.; ; ;1;07;23;86,5768179421253;23
3259284;1;4;1;80;1;2; ; ; ; ; ;2; ;2; ;.; ; ;1;07;23;157,449568976872;23
3259285;1;1;1;80;1;1;4;3; ;2; ;2; ; ; ; ;9;2;1;07;23;127,511885962653;23
3259285;1;2;1;80;1;2; ; ; ;2; ;2; ;2; ;.; ; ;1;07;23;127,511885962653;23
3259286;1;1;1;80;1;2; ; ; ;2; ;2; ;2; ;.; ; ;1;07;23;115,523693393336;23
3259286;1;2;1;80;1;2; ; ; ; ; ;2; ;2; ;.; ; ;1;07;23;115,523693393336;23
3259287;1;2;1;80;1;1;4;3; ;2; ;2; ; ; ; ;9;2;1;07;23;140,714780159686;23
3259288;1;2;1;80;1;2; ; ; ;2; ;2; ;2; ;.; ; ;1;07;23;128,063731512175;23
3259289;1;4;1;80;1;2; ; ; ;2; ;2; ;2; ;.; ; ;1;07;23;158,065759345517;23
3259293;1;1;1;80;1;2; ; ; ;3; ;2; ;2; ;.; ; ;1;07;23;96,3415833681215;23
3259293;1;3;1;80;1;2; ; ; ;2; ;2; ;2; ;.; ; ;1;07;23;96,3415833681215;23
3259293;1;5;1;80;1;1;1;2; ;2; ;2; ; ; ; ;2;2;1;07;23;96,3415833681215;23
3259293;1;6;1;80;1;2; ; ; ;2; ;2; ;2; ;.; ; ;1;07;23;96,3415833681215;23
3259294;1;2;1;80;1;1;4;3; ;2; ;2; ; ; ; ;9;2;1;07;23;127,511885962653;23
3259295;1;4;1;80;1;2; ; ; ;2; ;2; ;2; ;.; ; ;1;07;23;159,967415235714;23
3259296;1;1;1;80;1;2; ; ; ;2; ;2; ;2; ;.; ; ;1;07;23;102,083572087733;23
3259298;1;2;1;80;1;2; ; ; ; ; ;2; ;2; ;.; ; ;1;07;23;87,187649549566;23
3259299;1;3;1;80;1;2; ; ; ; ; ;2; ;2; ;.; ; ;1;07;23;122,281556622146;23
3259303;1;3;1;80;1;2; ; ; ; ; ;2; ;2; ;.; ; ;1;07;23;135,498170605477;23
3259304;1;2;1;80;1;1;4;3; ;2; ;2; ; ; ; ;9;2;1;07;23;140,714780159686;23
3259305;1;2;1;80;1;1;3;4; ;2; ;2; ; ; ; ;9;2;1;07;23;137,105168537131;23
3259307;1;3;1;80;1;2; ; ; ;2; ;2; ;2; ;.; ; ;1;07;23;180,993750301152;23
3259312;1;3;1;80;1;2; ; ; ;2; ;2; ;2; ;.; ; ;1;07;23;180,165399770127;23
3259312;1;5;1;80;1;2; ; ; ;2; ;2; ;2; ;.; ; ;1;07;23;180,165399770127;23
3259313;1;2;1;80;1;2; ; ; ;2; ;2; ;2; ;.; ; ;1;07;23;147,361632859823;23
3259313;1;3;1;80;1;2; ; ; ;2; ;2; ;2; ;.; ; ;1;07;23;147,361632859823;23
3259316;1;1;1;80;1;1;4;3; ;2; ;2; ; ; ; ;9;2;1;07;23;190,007495456089;23
3259316;1;2;1;80;1;2; ; ; ;2; ;2; ;2; ;.; ; ;1;07;23;190,007495456089;23
3259316;1;4;1;80;1;2; ; ; ;2; ;2; ;2; ;.; ; ;1;07;23;190,007495456089;23
3259319;1;3;1;80;1;2; ; ; ; ; ;2; ;2; ;.; ; ;1;07;23;141,45710028123;23
3259320;1;3;1;80;1;2; ; ; ; ; ;2; ;2; ;.; ; ;1;07;23;166,602920775959;23
3259320;1;6;1;80;1;2; ; ; ; ; ;2; ;2; ;.; ; ;1;07;23;166,602920775959;23
3259321;1;1;1;80;1;1;1;4; ;2; ;2; ; ; ; ;4;2;1;07;23;165,118280532871;23
3259325;1;1;1;80;1;2; ; ; ;2; ;2; ;2; ;.; ; ;1;07;23;139,927193766521;23
3259325;1;2;1;80;1;1;1;2; ;2; ;2; ; ; ; ;2;2;1;07;23;139,927193766521;23
3259327;1;2;1;80;1;2; ; ; ;2; ;2; ;2; ;.; ; ;1;07;23;152,532976142411;23
3259327;1;3;1;80;1;2; ; ; ; ; ;2; ;2; ;.; ; ;1;07;23;152,532976142411;23
3259328;1;1;1;80;1;1;4;5; ;3; ;2; ; ; ; ;10;2;1;07;23;116,327646583177;23
3259328;1;2;1;80;1;1;4;5; ;3; ;2; ; ; ; ;10;2;1;07;23;116,327646583177;23
3259329;1;2;1;80;1;1;1;2; ;2; ;2; ; ; ; ;2;2;1;07;23;134,776328469364;23
3259329;1;3;1;80;1;2; ; ; ;2; ;2; ;2; ;.; ; ;1;07;23;134,776328469364;23
3259329;1;4;1;80;1;2; ; ; ;2; ;2; ;2; ;.; ; ;1;07;23;134,776328469364;23
3259331;1;1;1;80;1;1;4;4; ;2; ;2; ; ; ; ;4;2;1;07;23;114,098231041169;23
3259331;1;3;1;80;1;2; ; ; ; ; ;2; ;2; ;.; ; ;1;07;23;114,098231041169;23
3259333;1;2;1;80;1;1;4;3; ;2; ;2; ; ; ; ;9;2;1;07;23;138,129982038866;23
3259333;1;6;1;80;1;1;4;3; ;2; ;2; ; ; ; ;9;2;1;07;23;138,129982038866;23
3259336;1;4;1;80;1;1;1;8; ;2; ;2; ; ;1; ;9;1;1;07;23;137,039424280079;23
3259338;1;3;1;80;1;2; ; ; ; ; ;2; ;2; ;.; ; ;1;07;23;123,634708351131;23
3259339;1;3;1;80;1;2; ; ; ;2; ;2; ;2; ;.; ; ;1;07;23;120,471529353652;23
3259340;1;1;1;80;1;1;4;3; ;2; ;2; ; ; ; ;9;2;1;07;23;127,511885962653;23
3259343;1;2;1;80;1;2; ; ; ;2; ;2; ;2; ;.; ; ;1;07;23;129,604985186776;23
3259343;1;3;1;80;1;2; ; ; ;2; ;2; ;2; ;.; ; ;1;07;23;129,604985186776;23
3259343;1;4;1;80;1;2; ; ; ; ; ;2; ;2; ;.; ; ;1;07;23;129,604985186776;23
3259346;1;5;1;80;1;2; ; ; ;2; ;2; ;2; ;.; ; ;1;07;23;109,696252231687;23
3259349;1;3;1;80;1;2; ; ; ;2; ;2; ;2; ;.; ; ;1;07;23;177,724062908761;23
3259350;1;4;1;80;1;1;1;9;ESTA EMBARAZADA;2; ;2; ; ; ;ESTA EMBARAZADA;12;2;1;07;23;148,103952981368;23
3259350;1;5;1;80;1;2; ; ; ;2; ;2; ;2; ;.; ; ;1;07;23;148,103952981368;23
3259351;1;2;1;80;1;2; ; ; ; ; ;2; ;2; ;.; ; ;1;07;23;104,97797749132;23
3259351;1;3;1;80;1;1;1;8; ;2; ;2; ; ; ; ;2;2;1;07;23;104,97797749132;23
3259353;1;1;1;80;1;1;4;4; ;2; ;2; ; ; ; ;4;2;1;07;23;182,618970152864;23
3259353;1;2;1;80;1;2; ; ; ;2; ;2; ;2; ;.; ; ;1;07;23;182,618970152864;23
3259353;1;7;1;80;1;2; ; ; ;2; ;2; ;2; ;.; ; ;1;07;23;182,618970152864;23
3259354;1;1;1;80;1;1;4;5; ;3; ;2; ; ; ; ;10;2;1;07;23;153,263131685603;23
3259354;1;2;1;80;1;1;4;5; ;3; ;2; ; ; ; ;10;2;1;07;23;153,263131685603;23
3259354;1;5;1;80;1;2; ; ; ;2; ;2; ;1;2; ;2; ;1;07;23;153,263131685603;23
3259355;1;1;1;80;1;1;4;8; ;2; ;2; ; ; ; ;1;2;1;07;23;96,1296620487634;23
3259355;1;2;1;80;1;1;4;6; ;2; ;2; ; ;4; ;9;1;1;07;23;96,1296620487634;23
3259356;1;1;1;80;1;1;4;4; ;2; ;2; ; ; ; ;4;2;1;07;23;127,511885962653;23
3259358;1;6;1;80;1;2; ; ; ; ; ;2; ;2; ;.; ; ;1;07;23;208,146061035085;23
3259360;1;1;1;80;1;2; ; ; ;2; ;2; ;1;4; ;9; ;1;07;23;93,9455127783761;23
3259360;1;3;1;80;1;2; ; ; ; ; ;2; ;2; ;.; ; ;1;07;23;93,9455127783761;23
3259361;1;1;1;80;1;1;3;9;POR EL EMBARAZO;2; ;2; ; ; ; ;9;2;1;07;23;92,1813338009707;23
3259361;1;2;1;80;1;2; ; ; ;2; ;2; ;2; ;.; ; ;1;07;23;92,1813338009707;23
3259361;1;3;1;80;1;2; ; ; ; ; ;2; ;2; ;.; ; ;1;07;23;92,1813338009707;23
3259362;1;1;1;80;1;1;4;4; ;2; ;2; ; ; ; ;4;2;1;07;23;146,202297091171;23
3259363;1;1;1;80;1;2; ; ; ;2; ;2; ;2; ;.; ; ;1;07;23;145,143803320729;23
3259365;1;2;1;80;1;2; ; ; ;2; ;2; ;2; ;.; ; ;1;07;23;127,387155647682;23
3259366;1;5;1;80;1;1;4;4; ;2; ;2; ; ; ; ;4;2;1;07;23;120,713258595983;23
3259369;2;2;2;80;1;2; ; ; ;2; ;2; ;2; ;.; ; ;1;07;23;68,7429284525774;23
3259370;1;4;1;80;1;2; ; ; ;2; ;2; ;2; ;.; ; ;1;07;23;119,091333273105;23
3259372;1;3;1;80;1;2; ; ; ; ; ;2; ;2; ;.; ; ;1;07;23;126,410563063442;23
3259372;1;5;1;80;1;1;1;6; ;2; ;2; ; ; ; ;2;2;1;07;23;126,410563063442;23
3259374;1;2;1;80;1;1;3;3; ;2; ;2; ; ; ;LOS EMPLEADORES LA CONSIDERAN VIEJA;12;2;1;07;70;78,5590121129249;70
3259375;1;1;1;80;1;1;1;7; ;2; ;2; ; ; ; ;9;2;1;07;70;131,138655418026;70
3259375;1;2;1;80;1;1;1;8; ;2; ;2; ; ; ; ;4;2;1;07;70;131,138655418026;70
3259375;1;3;1;80;1;1;1;8; ;2; ;2; ; ; ; ;2;2;1;07;70;131,138655418026;70
3259375;1;4;1;80;1;1;1;9;CAMBIO DE DOMICILIO;2; ;2; ; ; ;POR EMBARAZO;12;2;1;07;70;131,138655418026;70
3259375;1;5;1;80;1;2; ; ; ; ; ;2; ;2; ;.; ; ;1;07;70;131,138655418026;70
3259375;1;6;1;80;1;2; ; ; ;2; ;2; ;2; ;.; ; ;1;07;70;131,138655418026;70
3259375;1;7;1;80;1;1;4;4; ;2; ;2; ; ; ; ;4;2;1;07;70;131,138655418026;70
3259377;1;1;1;80;1;1;4;4; ;2; ;2; ; ; ; ;8;2;1;07;70;115,945348608085;70
3259377;1;2;1;80;1;2; ; ; ;2; ;2; ;2; ;.; ; ;1;07;70;115,945348608085;70
3259378;1;1;1;80;1;1;3;8; ;2; ;2; ; ; ; ;7;2;1;07;70;91,9939810605879;70
3259378;1;2;1;80;1;2; ; ; ;2; ;2; ;2; ;.; ; ;1;07;70;91,9939810605879;70
3259379;1;2;1;80;1;1;3;7; ;2; ;2; ; ; ; ;9;2;1;07;70;82,880807671778;70
3259380;1;3;1;80;1;1;1;2; ;2; ;2; ; ; ; ;2;2;1;07;70;108,050399057556;70
3259380;1;4;1;80;1;2; ; ; ;2; ;2; ;2; ;.; ; ;1;07;70;108,050399057556;70
3259381;1;2;1;80;1;1;4;3; ;2; ;2; ; ; ; ;9;2;1;07;70;99,2313131439425;70
3259381;1;3;1;80;1;2; ; ; ; ; ;2; ;2; ;.; ; ;1;07;70;99,2313131439425;70
3259382;1;3;1;80;1;2; ; ; ; ; ;2; ;2; ;.; ; ;1;07;70;76,6767127713845;70
3259383;1;3;1;80;1;2; ; ; ;2; ;2; ;2; ;.; ; ;1;07;70;113,306697364757;70
3259383;1;4;1;80;1;2; ; ; ;2; ;2; ;2; ;.; ; ;1;07;70;113,306697364757;70
3259383;1;5;1;80;1;2; ; ; ; ; ;2; ;2; ;.; ; ;1;07;70;113,306697364757;70
3259390;1;2;1;80;1;1;1;3; ;2; ;1;150000; ; ; ;9;2;1;07;70;68,9027972405387;70
3259390;1;3;1;80;1;2; ; ; ;2; ;2; ;2; ;.; ; ;1;07;70;68,9027972405387;70
3259390;1;4;1;80;1;2; ; ; ; ; ;2; ;2; ;.; ; ;1;07;70;68,9027972405387;70
3259391;1;2;1;80;1;1;4;3; ;2; ;2; ; ; ; ;1;2;1;07;70;138,711842686868;70
3259393;1;1;1;80;1;1;4;4; ;2; ;2; ; ; ; ;4;2;1;07;70;124,437253143239;70
3259393;1;2;1;80;1;1;1;3; ;2; ;2; ; ; ; ;9;2;1;07;70;124,437253143239;70
3259393;2;3;2;80;1;2; ; ; ;2; ;2; ;2; ;.; ; ;1;07;70;124,437253143239;70
3259393;3;2;3;80;1;1;4;3; ;2; ;2; ; ; ; ;9;2;1;07;70;124,437253143239;70
3259394;1;2;1;80;1;1;3;3; ;2; ;2; ; ; ; ;1;2;1;07;70;88,5749549918579;70
3259396;1;2;1;80;1;1;4;5; ;3; ;2; ; ; ; ;10;2;1;07;70;118,17793439356;70
3259396;1;3;1;80;1;1;2;2; ;2; ;2; ; ; ; ;2;2;1;07;70;118,17793439356;70
3259398;1;2;1;80;1;2; ; ; ;2; ;2; ;2; ;.; ; ;1;07;70;82,880807671778;70
3259399;1;2;1;80;1;1;2;3; ;2; ;2; ; ; ; ;1;2;1;07;70;105,024194898635;70
3259401;1;3;1;80;1;2; ; ; ;2; ;2; ;2; ;.; ; ;1;07;70;98,9372256687458;70
3259406;1;2;1;80;1;1;2;2; ;2; ;2; ; ; ; ;2;2;1;07;70;91,8833134261689;70
3259407;1;2;1;80;1;1;4;3; ;2; ;2; ; ; ; ;9;2;1;07;70;127,333643248245;70
3259408;1;2;1;80;1;1;4;3; ;2; ;2; ; ; ; ;9;2;1;07;70;88,5749549918579;70
3259412;1;1;1;80;1;1;1;6; ;2; ;2; ; ; ; ;1;2;1;07;70;116,474171424166;70
3259412;1;3;1;80;1;2; ; ; ;2; ;2; ;2; ;.; ; ;1;07;70;116,474171424166;70
3259412;1;4;1;80;1;2; ; ; ; ; ;2; ;2; ;.; ; ;1;07;70;116,474171424166;70
3259412;1;6;1;80;1;2; ; ; ;2; ;2; ;2; ;.; ; ;1;07;70;116,474171424166;70
3259415;1;1;1;80;1;1;4;4; ;2; ;2; ; ; ; ;4;2;1;07;70;86,9211025941641;70
3259420;1;5;1;80;1;1;4;3; ;2; ;2; ; ; ; ;9;2;1;07;70;88,1663476000116;70
3259422;1;2;1;80;1;2; ; ; ; ; ;2; ;2; ;.; ; ;1;07;70;79,2459214979311;70
3259424;1;2;1;80;1;1;4;4; ;2; ;2; ; ; ; ;4;2;1;07;70;127,333643248245;70
3259428;1;1;1;80;1;1;4;4; ;2; ;2; ; ; ; ;4;2;1;07;70;131,371446533438;70
3259428;1;2;1;80;1;1;4;4; ;2; ;2; ; ; ; ;4;2;1;07;70;131,371446533438;70
3259428;1;3;1;80;1;1;4;4; ;2; ;2; ; ; ; ;4;2;1;07;70;131,371446533438;70
3259429;1;5;1;80;1;2; ; ; ; ; ;2; ;2; ;.; ; ;1;07;70;91,8037254110517;70
3259429;1;8;1;80;1;2; ; ; ; ; ;2; ;2; ;.; ; ;1;07;70;91,8037254110517;70
3259431;1;2;1;80;1;1;4;3; ;2; ;2; ; ; ; ;9;2;1;07;70;129,128380020841;70
3259431;1;3;1;80;1;2; ; ; ;2; ;2; ;2; ;.; ; ;1;07;70;129,128380020841;70
3259436;1;4;1;80;1;2; ; ; ; ; ;2; ;2; ;.; ; ;1;07;70;102,650339212673;70
3259437;1;2;1;80;1;1;4;3; ;2; ;2; ; ; ; ;9;2;1;07;70;117,601692642972;70
3259438;1;2;1;80;1;1;4;3; ;2; ;2; ; ; ; ;9;2;1;07;70;88,8690424670546;70
3259439;1;1;1;80;1;2; ; ; ;2; ;2; ;2; ;.; ; ;1;07;70;80,3216941467679;70
3259439;1;2;1;80;1;1;1;9;POR EMBARAZO;2; ;2; ; ; ;POR EMBARAZO;12;2;1;07;70;80,3216941467679;70
3259439;1;4;1;80;1;2; ; ; ;2; ;2; ;2; ;.; ; ;1;07;70;80,3216941467679;70
3259440;1;2;1;80;1;2; ; ; ; ; ;2; ;2; ;.; ; ;1;07;70;76,5329512337029;70
3259440;1;5;1;80;1;2; ; ; ;2; ;2; ;2; ;.; ; ;1;07;70;76,5329512337029;70
3259441;1;1;1;80;1;1;2;2; ;2; ;2; ; ; ; ;2;2;1;07;70;81,2269552740842;70
3259443;1;2;1;80;1;1;4;3; ;2; ;2; ; ; ; ;9;2;1;07;70;137,502700422706;70
3259444;1;1;1;80;1;1;3;4; ;2; ;2; ; ; ; ;4;2;1;07;70;104,242459428196;70
3259444;1;2;1;80;1;2; ; ; ;2; ;2; ;2; ;.; ; ;1;07;70;104,242459428196;70
3259445;1;3;1;80;1;2; ; ; ; ; ;2; ;2; ;.; ; ;1;07;70;117,490100185901;70
3259446;1;1;1;80;1;2; ; ; ;2; ;2; ;2; ;.; ; ;1;07;70;89,9022796500158;70
3259446;1;2;1;80;1;2; ; ; ; ; ;2; ;2; ;.; ; ;1;07;70;89,9022796500158;70
3259447;1;1;1;80;1;2; ; ; ;2; ;2; ;2; ;.; ; ;1;07;70;108,233818898333;70
3259447;1;3;1;80;1;2; ; ; ; ; ;2; ;2; ;.; ; ;1;07;70;108,233818898333;70
3259452;1;3;1;80;1;2; ; ; ; ; ;2; ;2; ;.; ; ;1;07;70;104,840775057857;70
3259459;1;2;1;80;1;1;3;4; ;2; ;2; ; ; ; ;9;2;1;07;70;104,631372988826;70
3259459;1;3;1;80;1;1;1;8; ; ; ;2; ; ; ; ;8;2;1;07;70;104,631372988826;70
3259460;1;1;1;80;1;2; ; ; ;2; ;2; ;2; ;.; ; ;1;07;70;82,5968153981178;70
3259461;1;3;1;80;1;2; ; ; ; ; ;2; ;2; ;.; ; ;1;07;70;104,631372988826;70
3259463;1;1;1;80;1;1;1;8; ;2; ;2; ; ; ; ;1;2;1;07;70;131,454816772297;70
3259463;1;5;1;80;1;2; ; ; ;2; ;2; ;2; ;.; ; ;1;07;70;131,454816772297;70
3259463;1;6;1;80;1;2; ; ; ; ; ;2; ;2; ;.; ; ;1;07;70;131,454816772297;70
3259464;1;1;1;80;1;1;1;7; ;2; ;2; ; ; ;SIN RECURSOS;12;2;1;07;70;82,5968153981178;70
3259464;1;2;1;80;1;1;1;9;CAMBIO DE CIUDAD;2; ;2; ; ;1;DILIGENCIAS PERSONALES;12;1;1;07;70;82,5968153981178;70
3259465;1;2;1;80;1;2; ; ; ;2; ;2; ;2; ;.; ; ;1;07;70;95,1189196541211;70
3259465;1;4;1;80;1;2; ; ; ;2; ;2; ;2; ;.; ; ;1;07;70;95,1189196541211;70
3259466;1;2;1;80;1;2; ; ; ;2; ;2; ;2; ;.; ; ;1;07;70;130,001586409404;70
3259468;1;3;1;80;1;2; ; ; ; ; ;2; ;2; ;.; ; ;1;07;70;79,8863367710828;70
3259469;1;2;1;80;1;1;4;9;CAMBIO DE PAIS;2; ;2; ; ; ; ;1;2;1;07;70;86,299833740508;70
3259470;1;1;1;80;1;1;4;5; ;3; ;2; ; ; ; ;9;2;1;07;70;137,502700422706;70
3259470;1;2;1;80;1;1;4;4; ;3; ;2; ; ; ; ;4;2;1;07;70;137,502700422706;70
3259471;1;3;1;80;1;2; ; ; ;2; ;2; ;2; ;.; ; ;1;07;70;123,872081713639;70
3259472;1;2;1;80;1;1;4;9;CAMBIO  DE CIUDAD;2; ;2; ; ;1; ;1;1;1;07;70;91,9939810605879;70
3259472;1;3;1;80;1;2; ; ; ; ; ;2; ;2; ;.; ; ;1;07;70;91,9939810605879;70
3259473;1;5;1;80;1;2; ; ; ;2; ;2; ;2; ;.; ; ;1;07;70;121,175495047985;70
3259473;1;6;1;80;1;2; ; ; ;2; ;2; ;2; ;.; ; ;1;07;70;121,175495047985;70
3259473;1;7;1;80;1;2; ; ; ;2; ;2; ;2; ;.; ; ;1;07;70;121,175495047985;70
3259473;1;8;1;80;1;1;1;2; ;2; ;2; ; ; ; ;2;2;1;07;70;121,175495047985;70
3259473;1;9;1;80;1;2; ; ; ;2; ;2; ;2; ;.; ; ;1;07;70;121,175495047985;70
3259474;1;4;1;80;1;2; ; ; ; ; ;2; ;2; ;.; ; ;1;07;70;108,050399057556;70
3259476;1;2;1;80;1;1;1;8; ;2; ;2; ; ; ; ;2;2;1;07;70;101,634410450937;70
3259476;1;3;1;80;1;2; ; ; ;2; ;2; ;2; ;.; ; ;1;07;70;101,634410450937;70
3259476;1;4;1;80;1;2; ; ; ; ; ;2; ;2; ;.; ; ;1;07;70;101,634410450937;70
3259476;1;6;1;80;1;1;4;7; ;2; ;2; ; ; ; ;8;2;1;07;70;101,634410450937;70
3259477;1;3;1;80;1;2; ; ; ;2; ;2; ;2; ;.; ; ;1;07;70;129,096325282088;70
3259478;1;3;1;80;1;2; ; ; ;2; ;2; ;2; ;.; ; ;1;07;70;108,050399057556;70
3259478;1;4;1;80;1;2; ; ; ; ; ;2; ;2; ;.; ; ;1;07;70;108,050399057556;70
3259479;1;2;1;80;1;2; ; ; ;2; ;2; ;2; ;.; ; ;1;07;70;107,879837239236;70
3259480;1;1;1;80;1;1;1;6; ;2; ;2; ; ; ; ;9;2;1;07;70;73,845861653048;70
3259484;1;1;1;80;1;1;3;3; ;2; ;2; ; ; ; ;9;2;1;07;20;74,8916979242632;20
3259484;1;3;1;80;1;2; ; ; ;2; ;2; ;2; ;.; ; ;1;07;20;74,8916979242632;20
3259484;1;4;1;80;1;1;4;3; ;2; ;2; ; ; ; ;8;2;1;07;20;74,8916979242632;20
3259486;1;1;1;80;1;1;4;8; ;2; ;2; ; ; ; ;8;2;1;07;20;69,3958254983106;20
3259486;1;2;1;80;1;1;9;3; ;2; ;2; ; ; ; ;8;2;1;07;20;69,3958254983106;20
3259487;1;2;1;80;1;1;4;3; ;2; ;2; ; ; ; ;9;2;1;07;20;125,581348496804;20
3259487;1;3;1;80;1;2; ; ; ;2; ;2; ;2; ;.; ; ;1;07;20;125,581348496804;20
3259487;1;4;1;80;1;2; ; ; ;2; ;2; ;2; ;.; ; ;1;07;20;125,581348496804;20
3259487;1;5;1;80;1;2; ; ; ; ; ;2; ;2; ;.; ; ;1;07;20;125,581348496804;20
3259488;1;1;1;80;1;1;9;3; ;2; ;2; ; ; ; ;8;2;1;07;20;80,3790717244178;20
3259489;1;4;1;80;1;2; ; ; ;2; ;2; ;2; ;.; ; ;1;07;20;155,308471569882;20
3259490;1;3;1;80;1;2; ; ; ;2; ;2; ;2; ;.; ; ;1;07;20;105,730547766374;20
3259491;1;2;1;80;1;2; ; ; ;2; ;2; ;2; ;.; ; ;1;07;20;126,061173845959;20
3259491;1;3;1;80;1;2; ; ; ;2; ;2; ;2; ;.; ; ;1;07;20;126,061173845959;20
3259492;1;1;1;80;1;1;4;5; ;3; ;2; ; ; ; ;10;2;1;07;20;83,8014970480464;20
3259492;1;4;1;80;1;2; ; ; ;3; ;2; ;1;5; ;8; ;1;07;20;83,8014970480464;20
3259493;1;2;1;80;1;2; ; ; ;2; ;2; ;1;4; ;9; ;1;07;20;125,581348496804;20
3259493;1;3;1;80;1;2; ; ; ;2; ;2; ;2; ;.; ; ;1;07;20;125,581348496804;20
3259493;1;4;1;80;1;2; ; ; ;2; ;2; ;2; ;.; ; ;1;07;20;125,581348496804;20
3259493;1;5;1;80;1;2; ; ; ;2; ;2; ;2; ;.; ; ;1;07;20;125,581348496804;20
3259494;1;2;1;80;1;2; ; ; ;2; ;2; ;1;4; ;5; ;1;07;20;186,746221497658;20
3259494;1;3;1;80;1;2; ; ; ;2; ;2; ;2; ;.; ; ;1;07;20;186,746221497658;20
3259494;1;4;1;80;1;2; ; ; ;2; ;2; ;2; ;.; ; ;1;07;20;186,746221497658;20
3259496;1;2;1;80;1;1;4;3; ;2; ;2; ; ; ; ;8;2;1;07;20;153,32120016844;20
3259496;1;3;1;80;1;1;9;3; ;2; ;2; ; ; ; ;8;2;1;07;20;153,32120016844;20
3259500;1;6;1;80;1;1;1;8; ;2; ;2; ; ; ; ;1;2;1;07;20;189,745118813622;20
3259503;1;3;1;80;1;2; ; ; ; ; ;2; ;2; ;.; ; ;1;07;20;161,721750074685;20
3259504;1;2;1;80;1;1;2;5; ;2; ;2; ; ; ; ;10;2;1;07;20;121,533894273853;20
3259507;1;3;1;80;1;2; ; ; ;2; ;2; ;2; ;.; ; ;1;07;20;165,928897548362;20
3259507;1;4;1;80;1;2; ; ; ;2; ;2; ;2; ;.; ; ;1;07;20;165,928897548362;20
3259507;1;5;1;80;1;2; ; ; ; ; ;2; ;2; ;.; ; ;1;07;20;165,928897548362;20
3259508;1;3;1;80;1;2; ; ; ;2; ;2; ;2; ;.; ; ;1;07;20;168,023269893271;20
3259509;1;2;1;80;1;1;1;3; ;2; ;2; ; ; ; ;1;2;1;07;20;201,15026694215;20
3259510;1;1;1;80;1;1;3;5; ;3; ;2; ; ; ; ;8;2;1;07;20;69,3958254983106;20
3259510;1;2;1;80;1;1;4;5; ;3; ;2; ; ; ; ;4;2;1;07;20;69,3958254983106;20
3259511;1;2;1;80;1;2; ; ; ;2; ;2; ;2; ;.; ; ;1;07;20;106,530948743696;20
3259512;1;2;1;80;1;1;4;3; ;2; ;2; ; ; ; ;9;2;1;07;20;115,239246975822;20
3259512;1;3;1;80;1;2; ; ; ;2; ;2; ;2; ;.; ; ;1;07;20;115,239246975822;20
3259516;1;5;1;80;1;2; ; ; ; ; ;2; ;2; ;.; ; ;1;07;20;127,259431395223;20
3259517;2;1;2;80;1;2; ; ; ;2; ;2; ;2; ;.; ; ;1;07;20;69,3958254983106;20
3259517;2;2;2;80;1;2; ; ; ;2; ;2; ;2; ;.; ; ;1;07;20;69,3958254983106;20
3259517;4;1;4;80;1;2; ; ; ;2; ;2; ;2; ;.; ; ;1;07;20;69,3958254983106;20
3259518;1;1;1;80;1;1;3;4; ;3; ;2; ; ; ; ;10;2;1;07;20;111,839373000021;20
3259518;1;2;1;80;1;1;4;4; ;2; ;2; ; ; ; ;4;2;1;07;20;111,839373000021;20
3259520;1;2;1;80;1;1;4;9;POR LA EDAD;2; ;2; ; ; ; ;8;2;1;07;20;183,094366544354;20
3259520;1;6;1;80;1;2; ; ; ; ; ;2; ;2; ;.; ; ;1;07;20;183,094366544354;20
3259521;1;4;1;80;1;2; ; ; ;2; ;2; ;1;4; ;9; ;1;07;20;74,8916979242632;20
3259522;1;2;1;80;1;1;4;4; ;2; ;2; ; ; ; ;4;2;1;07;20;111,839373000021;20
3259523;1;3;1;80;1;1;1;8; ;2; ;2; ; ; ; ;2;2;1;07;20;91,0220490507256;20
3259525;1;2;1;80;1;1;2;3; ;2; ;2; ; ; ; ;9;2;1;07;20;165,843616203946;20
3259525;2;2;2;80;1;2; ; ; ;2; ;2; ;2; ;.; ; ;1;07;20;165,843616203946;20
3259526;1;2;1;80;1;2; ; ; ;2; ;2; ;2; ;.; ; ;1;07;20;176,112373994199;20
3259526;1;3;1;80;1;2; ; ; ; ; ;2; ;2; ;.; ; ;1;07;20;176,112373994199;20
3259527;1;2;1;80;1;1;1;3; ;2; ;2; ; ; ; ;9;2;1;07;20;165,491948015719;20
3259529;1;3;1;80;1;2; ; ; ; ; ;2; ;2; ;.; ; ;1;07;20;143,863058866417;20
3259531;1;2;1;80;1;1;4;5; ;2; ;2; ; ; ; ;10;2;1;07;20;111,839373000021;20
3259535;1;2;1;80;1;2; ; ; ; ; ;2; ;2; ;.; ; ;1;07;20;177,858973721702;20
3259535;1;4;1;80;1;2; ; ; ;2; ;2; ;1;1; ;2; ;1;07;20;177,858973721702;20
3259541;1;2;1;80;1;1;4;3; ;2; ;2; ; ; ; ;9;2;1;07;20;97,3848474696835;20
3259543;1;1;1;80;1;1;1;4; ;2; ;1;450000; ; ; ;4;2;1;07;20;215,186245723704;20
3259543;1;3;1;80;1;1;1;2; ;2; ;1;15000; ; ; ;2;2;1;07;20;215,186245723704;20
3259543;1;4;1;80;1;2; ; ; ;2; ;2; ;2; ;.; ; ;1;07;20;215,186245723704;20
3259543;1;5;1;80;1;2; ; ; ; ; ;2; ;2; ;.; ; ;1;07;20;215,186245723704;20
3259544;1;3;1;80;1;2; ; ; ;2; ;2; ;2; ;.; ; ;1;07;20;157,521475121563;20
3259545;1;2;1;80;1;1;3;4; ;2; ;2; ; ; ; ;4;2;1;07;20;143,387525219391;20
3259545;1;5;1;80;1;2; ; ; ;2; ;2; ;2; ;.; ; ;1;07;20;143,387525219391;20
3259546;1;2;1;80;1;1;3;4; ;2; ;2; ; ; ; ;4;2;1;07;20;179,045844145823;20
3259546;1;4;1;80;1;2; ; ; ;2; ;2; ;2; ;.; ; ;1;07;20;179,045844145823;20
3259546;1;5;1;80;1;2; ; ; ; ; ;2; ;2; ;.; ; ;1;07;20;179,045844145823;20
3259546;1;6;1;80;1;2; ; ; ;2; ;2; ;2; ;.; ; ;1;07;20;179,045844145823;20
3259547;1;2;1;80;1;1;2;3; ;2; ;2; ; ; ; ;9;2;1;07;20;95,7090218735584;20
3259550;1;3;1;80;1;2; ; ; ; ; ;2; ;2; ;.; ; ;1;07;20;121,374201023127;20
3259551;1;1;1;80;1;1;4;5; ;3; ;2; ; ; ; ;10;2;1;07;20;69,3958254983106;20
3259551;1;3;1;80;1;1;4;3; ;2; ;2; ; ; ; ;9;2;1;07;20;69,3958254983106;20
3259552;1;1;1;80;1;1;2;4; ;2; ;2; ; ; ; ;4;2;1;07;20;95,7090218735584;20
3259552;1;2;1;80;1;2; ; ; ;2; ;2; ;2; ;.; ; ;1;07;20;95,7090218735584;20
3259554;1;3;1;80;1;2; ; ; ;2; ;2; ;2; ;.; ; ;1;07;20;144,674624066424;20
3259555;1;3;1;80;1;2; ; ; ; ; ;2; ;2; ;.; ; ;1;07;20;114,960922518324;20
3259555;1;4;1;80;1;2; ; ; ; ; ;2; ;2; ;.; ; ;1;07;20;114,960922518324;20
3259561;2;1;2;80;1;1;4;8; ;2; ;2; ; ; ; ;4;2;1;07;20;137,232277126553;20
3259562;1;2;1;80;1;1;3;4; ;2; ;2; ; ; ; ;2;2;1;07;20;121,374201023127;20
3259562;1;3;1;80;1;2; ; ; ; ; ;2; ;2; ;.; ; ;1;07;20;121,374201023127;20
3259563;1;2;1;80;1;1;4;8; ;2; ;2; ; ; ; ;4;2;1;07;20;99,909296826681;20
3259563;1;3;1;80;1;2; ; ; ;2; ;2; ;2; ;.; ; ;1;07;20;99,909296826681;20
3259565;1;2;1;80;1;1;4;4; ;2; ;2; ; ; ; ;4;2;1;07;20;209,810342390725;20
3259565;1;4;1;80;1;1;4;3; ;2; ;2; ; ; ; ;9;2;1;07;20;209,810342390725;20
3259565;1;8;1;80;1;2; ; ; ; ; ;2; ;2; ;.; ; ;1;07;20;209,810342390725;20
3259566;1;2;1;80;1;1;4;4; ;2; ;2; ; ; ; ;4;2;1;07;20;133,837018369013;20
3259566;1;3;1;80;1;2; ; ; ;2; ;2; ;2; ;.; ; ;1;07;20;133,837018369013;20
3259568;1;2;1;80;1;1;4;3; ;2; ;2; ; ; ; ;9;2;1;07;20;195,656020621441;20
3259568;1;4;1;80;1;2; ; ; ; ; ;2; ;2; ;.; ; ;1;07;20;195,656020621441;20
3259569;1;1;1;80;1;1;1;3; ;2; ;2; ; ; ; ;9;2;1;07;20;155,295050044904;20
3259569;1;3;1;80;1;2; ; ; ; ; ;2; ;2; ;.; ; ;1;07;20;155,295050044904;20
3259569;1;4;1;80;1;2; ; ; ; ; ;2; ;2; ;.; ; ;1;07;20;155,295050044904;20
3259570;1;3;1;80;1;2; ; ; ; ; ;2; ;2; ;.; ; ;1;07;20;84,988367472167;20
3259570;1;5;1;80;1;1;1;6; ;2; ;2; ; ; ; ;9;2;1;07;20;84,988367472167;20
3259570;1;7;1;80;1;1;4;3; ;2; ;2; ; ; ; ;9;2;1;07;20;84,988367472167;20
3259571;1;2;1;80;1;1;2;3; ;2; ;2; ; ; ; ;9;2;1;07;20;146,414351273372;20
3259573;1;4;1;80;1;2; ; ; ;2; ;2; ;2; ;.; ; ;1;07;20;190,161774300732;20
3259574;1;2;1;80;1;2; ; ; ;2; ;2; ;2; ;.; ; ;1;07;20;69,3958254983106;20
3259574;1;3;1;80;1;2; ; ; ;2; ;2; ;2; ;.; ; ;1;07;20;69,3958254983106;20
3259582;1;1;1;80;1;1;1;4; ;2; ;1;320000; ; ; ;4;2;1;07;20;143,887644614081;20
3259582;1;7;1;80;1;1;4;4; ;2; ;2; ; ; ; ;4;2;1;07;20;143,887644614081;20
3259583;1;3;1;80;1;2; ; ; ;2; ;2; ;2; ;.; ; ;1;07;20;83,9467005982135;20
3259583;1;5;1;80;1;2; ; ; ;2; ;2; ;2; ;.; ; ;1;07;20;83,9467005982135;20
3259583;1;6;1;80;1;2; ; ; ;2; ;2; ;2; ;.; ; ;1;07;20;83,9467005982135;20
3259583;1;7;1;80;1;2; ; ; ; ; ;2; ;2; ;.; ; ;1;07;20;83,9467005982135;20
3259584;1;3;1;80;1;2; ; ; ;2; ;2; ;2; ;.; ; ;1;07;20;155,295050044904;20
3259584;1;4;1;80;1;2; ; ; ; ; ;2; ;2; ;.; ; ;1;07;20;155,295050044904;20
3259585;1;3;1;80;1;2; ; ; ; ; ;2; ;2; ;.; ; ;1;07;20;176,112373994199;20
3259586;1;3;1;80;1;2; ; ; ;2; ;2; ;1;1; ;1; ;1;07;20;126,868447343836;20
3259587;1;2;1;80;1;1;1;2; ;2; ;2; ; ; ; ;2;2;1;07;20;160,818396717865;20
3259588;1;2;1;80;1;1;3;3; ;2; ;2; ; ; ; ;9;2;1;07;20;155,308471569882;20
3259588;1;3;1;80;1;2; ; ; ; ; ;2; ;2; ;.; ; ;1;07;20;155,308471569882;20
3259588;1;4;1;80;1;2; ; ; ; ; ;2; ;2; ;.; ; ;1;07;20;155,308471569882;20
3259589;1;2;1;80;1;1;4;3; ;2; ;2; ; ; ; ;9;2;1;07;20;176,112373994199;20
3259589;1;3;1;80;1;2; ; ; ; ; ;2; ;2; ;.; ; ;1;07;20;176,112373994199;20
3259590;1;2;1;80;1;1;4;3; ;2; ;2; ; ; ; ;9;2;1;07;20;144,975499871749;20
3259590;1;5;1;80;1;1;1;4; ;2; ;2; ; ; ; ;4;2;1;07;20;144,975499871749;20
3259591;1;4;1;80;1;2; ; ; ;2; ;2; ;2; ;.; ; ;1;07;20;114,299920746195;20
3259592;1;3;1;80;1;2; ; ; ;2; ;2; ;2; ;.; ; ;1;07;20;121,374201023127;20
3259596;1;3;1;80;1;2; ; ; ;2; ;2; ;2; ;.; ; ;1;07;20;134,993524317571;20
3259597;1;3;1;80;1;1;4;4; ;2; ;2; ; ; ; ;4;2;1;07;20;104,276137551084;20
3259604;1;2;1;80;1;1;1;2; ;2; ;2; ; ; ; ;2;2;1;07;68;541,223158380601;68
3259607;5;2;5;80;1;1;1;3; ;2; ;2; ; ; ; ;9;2;1;07;68;577,775216792006;68
3259609;1;4;1;80;1;1;4;6; ;2; ;2; ; ; ; ;9;2;1;07;68;538,738412663951;68
3259609;1;5;1;80;1;1;4;1; ;2; ;2; ; ; ; ;9;2;1;07;68;538,738412663951;68
3259610;1;1;1;80;1;1;4;4; ;2; ;2; ; ; ; ;4;2;1;07;68;559,34153268499;68
3259610;1;2;1;80;1;1;4;4; ;2; ;2; ; ; ; ;9;2;1;07;68;559,34153268499;68
3259611;1;3;1;80;1;2; ; ; ; ; ;2; ;2; ;.; ; ;1;07;68;474,780640844849;68
3259612;1;4;1;80;1;2; ; ; ;2; ;2; ;2; ;.; ; ;1;07;68;600,84597307877;68
3259612;1;5;1;80;1;2; ; ; ; ; ;2; ;2; ;.; ; ;1;07;68;600,84597307877;68
3259612;1;6;1;80;1;1;4;7; ;2; ;2; ; ; ; ;8;2;1;07;68;600,84597307877;68
3259613;1;2;1;80;1;2; ; ; ; ; ;2; ;2; ;.; ; ;1;07;68;600,431507417369;68
3259613;1;3;1;80;1;1;1;4; ;2; ;2; ; ; ; ;4;2;1;07;68;600,431507417369;68
3259614;1;3;1;80;1;2; ; ; ;2; ;2; ;1;1; ;2; ;1;07;68;506,658083600031;68
3259617;2;2;2;80;1;1;2;8; ;2; ;2; ; ; ; ;9;2;1;07;68;420,714892975018;68
3259621;1;1;1;80;1;1;3;9;QUERIA UN DESCANSO;2; ;2; ; ; ; ;11;2;1;07;68;611,625501877055;68
3259621;1;2;1;80;1;2; ; ; ;2; ;2; ;1;5; ;11; ;1;07;68;611,625501877055;68
3259622;1;1;1;80;1;1;4;3; ;2; ;2; ; ; ; ;9;2;1;07;68;605,522629070099;68
3259622;1;4;1;80;1;2; ; ; ; ; ;2; ;2; ;.; ; ;1;07;68;605,522629070099;68
3259622;1;5;1;80;1;2; ; ; ; ; ;2; ;2; ;.; ; ;1;07;68;605,522629070099;68
3259623;1;4;1;80;1;1;1;3; ;2; ;2; ; ; ; ;9;2;1;07;68;522,455468019778;68
3259625;1;3;1;80;1;2; ; ; ;2; ;2; ;2; ;.; ; ;1;07;68;620,991974944667;68
3259628;1;2;1;80;1;1;3;3; ;2; ;2; ; ; ; ;9;2;1;07;68;487,811533081412;68
3259628;1;4;1;80;1;2; ; ; ;2; ;2; ;2; ;.; ; ;1;07;68;487,811533081412;68
3259628;1;5;1;80;1;2; ; ; ; ; ;2; ;2; ;.; ; ;1;07;68;487,811533081412;68
3259630;1;3;1;80;1;2; ; ; ; ; ;2; ;2; ;.; ; ;1;07;68;535,761091804094;68
3259633;1;2;1;80;1;1;1;2; ;2; ;2; ; ; ; ;2;2;1;07;68;555,589915415013;68
3259633;1;3;1;80;1;1;2;4; ;2; ;2; ; ;1; ;4;1;1;07;68;555,589915415013;68
3259633;1;6;1;80;1;2; ; ; ; ; ;2; ;2; ;.; ; ;1;07;68;555,589915415013;68
3259636;1;3;1;80;1;2; ; ; ; ; ;2; ;2; ;.; ; ;1;07;68;548,939687436532;68
3259638;1;4;1;80;1;1;1;2; ;2; ;2; ; ;1; ;4;1;1;07;68;494,075425624438;68
3259640;1;2;1;80;1;1;4;4; ;2; ;2; ; ; ; ;4;2;1;07;68;598,377754719939;68
3259640;1;5;1;80;1;2; ; ; ;2; ;2; ;1;1; ;2; ;1;07;68;598,377754719939;68
3259642;1;3;1;80;1;2; ; ; ; ; ;2; ;2; ;.; ; ;1;07;68;488,61335904793;68
3259646;1;3;1;80;1;2; ; ; ;2; ;2; ;2; ;.; ; ;1;07;68;590,501749465045;68
3259649;1;3;1;80;1;2; ; ; ; ; ;2; ;2; ;.; ; ;1;07;68;494,075425624438;68
3259651;1;1;1;80;1;2; ; ; ;2; ;2; ;2; ;.; ; ;1;07;68;564,762393008105;68
3259651;1;2;1;80;1;2; ; ; ;2; ;2; ;2; ;.; ; ;1;07;68;564,762393008105;68
3259651;1;4;1;80;1;1;4;8; ;2; ;2; ; ; ; ;9;2;1;07;68;564,762393008105;68
3259652;1;2;1;80;1;2; ; ; ;2; ;2; ;2; ;.; ; ;1;07;68;408,009740778895;68
3259652;1;5;1;80;1;1;2;5; ;3; ;2; ; ; ; ;10;2;1;07;68;408,009740778895;68
3259653;2;2;2;80;1;1;3;8; ;2; ;2; ; ;1; ;9;1;1;07;68;560,698510318037;68
3259654;1;3;1;80;1;1;2;3; ;2; ;2; ; ;1; ;9;1;1;07;68;611,852361113548;68
3259655;1;6;1;80;1;1;4;4; ;2; ;2; ; ; ; ;8;2;1;07;68;331,512119191439;68
3259656;1;3;1;80;1;1;1;2; ;2; ;2; ; ; ; ;2;2;1;07;68;315,836771241889;68
3259658;1;1;1;80;1;1;4;5; ;3; ;2; ; ; ; ;4;2;1;07;68;332,227867300103;68
3259659;1;3;1;80;1;2; ; ; ;2; ;2; ;2; ;.; ; ;1;07;68;292,453763595229;68
3259659;1;4;1;80;1;1;2;3; ;2; ;2; ; ; ; ;9;2;1;07;68;292,453763595229;68
3259661;1;3;1;80;1;2; ; ; ; ; ;2; ;2; ;.; ; ;1;07;68;590,501749465045;68
3259668;1;2;1;80;1;1;1;3; ;2; ;2; ; ; ; ;9;2;1;07;68;475,434763415492;68
3259670;1;5;1;80;1;2; ; ; ; ; ;2; ;2; ;.; ; ;1;07;68;589,699923498527;68
3259671;1;1;1;80;1;1;4;5; ;3; ;2; ; ; ; ;9;2;1;07;68;512,773852484104;68
3259672;2;3;2;80;1;2; ; ; ;2; ;2; ;2; ;.; ; ;1;07;68;456,559177833331;68
3259672;2;4;2;80;1;2; ; ; ; ; ;2; ;2; ;.; ; ;1;07;68;456,559177833331;68
3259673;1;5;1;80;1;1;4;4; ;2; ;2; ; ; ; ;4;2;1;07;68;551,898939843727;68
3259673;3;1;3;80;1;1;1;7; ;2; ;2; ; ; ; ;9;2;1;07;68;551,898939843727;68
3259674;1;4;1;80;1;1;1;2; ;2; ;2; ; ; ; ;2;2;1;07;68;326,263929543785;68
3259674;1;8;1;80;1;1;1;4; ;2; ;2; ; ;1; ;4;1;1;07;68;326,263929543785;68
3259675;1;2;1;80;1;1;2;3; ;2; ;2; ; ; ; ;9;2;1;07;68;315,560627798328;68
3259675;1;6;1;80;1;1;4;3; ;2; ;2; ; ; ; ;9;2;1;07;68;315,560627798328;68
3259675;1;7;1;80;1;2; ; ; ;2; ;2; ;2; ;.; ; ;1;07;68;315,560627798328;68
3259676;1;3;1;80;1;2; ; ; ;2; ;2; ;2; ;.; ; ;1;07;68;350,307135502193;68
3259676;1;4;1;80;1;2; ; ; ; ; ;2; ;2; ;.; ; ;1;07;68;350,307135502193;68
3259677;1;3;1;80;1;1;1;2; ;2; ;2; ; ; ; ;3;2;1;07;68;356,980796760308;68
3259678;1;4;1;80;1;1;1;9;PROBLEMAS DE DROGADICCION;2; ;2; ; ; ;PROBLEMAS DE DROGADICCION;12;2;1;07;68;341,124991086575;68
3259680;1;1;1;80;1;1;4;4; ;2; ;2; ; ; ; ;4;2;1;07;68;512,773852484104;68
3259697;1;2;1;80;1;2; ; ; ;2; ;2; ;2; ;.; ; ;1;07;05;3560,99695175314; 
3259698;1;2;1;80;1;2; ; ; ;2; ;2; ;2; ;.; ; ;1;07;05;5184,92009035244; 
3259698;1;3;1;80;1;2; ; ; ; ; ;2; ;2; ;.; ; ;1;07;05;5184,92009035244; 
3259699;1;3;1;80;1;1;1;9;SE CANSO DE TRABAJAR;2; ;2; ; ; ; ;11;2;1;07;05;2459,2444473381; 
3259699;1;5;1;80;1;2; ; ; ;2; ;2; ;2; ;.; ; ;1;07;05;2459,2444473381; 
3259700;1;1;1;80;1;2; ; ; ; ; ;2; ;2; ;.; ; ;1;07;05;4428,1400311249; 
3259701;1;2;1;80;1;1;4;4; ;2; ;2; ; ; ; ;4;2;1;07;05;2958,4863864005; 
3259701;1;4;1;80;1;2; ; ; ; ; ;2; ;2; ;.; ; ;1;07;05;2958,4863864005; 
3259723;1;1;1;80;1;2; ; ; ;2; ;2; ;2; ;.; ; ;1;07;05;2459,2444473381; 
3259725;1;1;1;80;1;1;4;3; ;2; ;2; ; ; ; ;9;2;1;07;05;2459,2444473381; 
3259725;1;3;1;80;1;2; ; ; ; ; ;2; ;2; ;.; ; ;1;07;05;2459,2444473381; 
3259725;1;5;1;80;1;2; ; ; ;2; ;2; ;2; ;.; ; ;1;07;05;2459,2444473381; 
3259726;1;2;1;80;1;2; ; ; ;2; ;2; ;2; ;.; ; ;1;07;05;3019,09286616525; 
3259726;1;3;1;80;1;2; ; ; ; ; ;2; ;2; ;.; ; ;1;07;05;3019,09286616525; 
3259728;1;2;1;80;1;2; ; ; ;2; ;2; ;2; ;.; ; ;1;07;05;9836,97778935241; 
3259749;1;2;1;80;1;1;4;3; ;2; ;2; ; ; ; ;9;2;1;07;05;7201,98253080488; 
3259750;1;3;1;80;1;2; ; ; ;2; ;2; ;2; ;.; ; ;1;07;05;7513,74232725255; 
3259750;1;4;1;80;1;2; ; ; ;2; ;2; ;2; ;.; ; ;1;07;05;7513,74232725255; 
3259750;1;5;1;80;1;2; ; ; ; ; ;2; ;2; ;.; ; ;1;07;05;7513,74232725255; 
3259752;1;1;1;80;1;1;1;4; ;2; ;2; ; ; ; ;4;2;1;07;05;6153,85561087921; 
3259753;1;4;1;80;1;1;2;6; ;2; ;2; ; ; ; ;9;2;1;07;05;6542,68392689078; 
3259754;1;1;1;80;1;1;4;9;LOS HIJOS NO LA DEJARON SEGUIR;2; ;2; ; ; ; ;11;2;1;07;05;3220,08375339407; 
3259755;1;4;1;80;1;2; ; ; ;2; ;2; ;2; ;.; ; ;1;07;05;7803,10030357503; 
3259756;1;2;1;80;1;1;1;6; ;2; ;2; ; ; ; ;9;2;1;07;05;5726,82417594033; 
3259767;1;3;1;80;1;2; ; ; ;2; ;2; ;2; ;.; ; ;1;07;08;390,010142181627;08
3259767;1;4;1;80;1;1;4;9;EDAD;2; ;2; ; ; ; ;8;2;1;07;08;390,010142181627;08
3259769;1;1;1;80;1;1;4;4; ;2; ;2; ; ; ; ;4;2;1;07;08;471,198042006865;08
3259769;1;6;1;80;1;1;4;3; ;2; ;2; ; ; ; ;9;2;1;07;08;471,198042006865;08
3259769;1;7;1;80;1;2; ; ; ; ; ;2; ;2; ;.; ; ;1;07;08;471,198042006865;08
3259770;1;2;1;80;1;2; ; ; ;2; ;2; ;2; ;.; ; ;1;07;08;448,032871093367;08
3259770;1;5;1;80;1;2; ; ; ;2; ;2; ;2; ;.; ; ;1;07;08;448,032871093367;08
3259770;2;2;2;80;1;1;3;3; ;2; ;2; ; ; ; ;9;2;1;07;08;448,032871093367;08
3259770;2;3;2;80;1;2; ; ; ;2; ;2; ;2; ;.; ; ;1;07;08;448,032871093367;08
3259771;1;3;1;80;1;2; ; ; ;2; ;2; ;2; ;.; ; ;1;07;08;525,092027264232;08
3259771;1;4;1;80;1;2; ; ; ; ; ;2; ;2; ;.; ; ;1;07;08;525,092027264232;08
3259773;1;3;1;80;1;2; ; ; ;2; ;2; ;2; ;.; ; ;1;07;08;594,449562675635;08
3259773;1;4;1;80;1;2; ; ; ;2; ;2; ;2; ;.; ; ;1;07;08;594,449562675635;08
3259775;1;1;1;80;1;1;4;4; ;2; ;2; ; ; ; ;8;2;1;07;08;670,517353537043;08
3259776;1;2;1;80;1;2; ; ; ;2; ;2; ;2; ;.; ; ;1;07;08;539,356779284258;08
3259777;1;3;1;80;1;2; ; ; ;2; ;2; ;2; ;.; ; ;1;07;08;527,812067554829;08
3259778;1;3;1;80;1;2; ; ; ;2; ;2; ;2; ;.; ; ;1;07;08;510,630290825977;08
3259778;1;4;1;80;1;2; ; ; ;2; ;2; ;2; ;.; ; ;1;07;08;510,630290825977;08
3259778;1;5;1;80;1;2; ; ; ;2; ;2; ;2; ;.; ; ;1;07;08;510,630290825977;08
3259781;1;3;1;80;1;2; ; ; ;2; ;2; ;2; ;.; ; ;1;07;08;594,449562675635;08
3259781;1;4;1;80;1;2; ; ; ;2; ;2; ;2; ;.; ; ;1;07;08;594,449562675635;08
3259784;1;1;1;80;1;1;4;5; ;3; ;2; ; ; ; ;10;2;1;07;08;525,156224931807;08
3259784;1;2;1;80;1;1;4;5; ;3; ;2; ; ; ; ;10;2;1;07;08;525,156224931807;08
3259787;1;1;1;80;1;1;3;3; ;2; ;2; ; ; ; ;9;2;1;07;08;590,479131180223;08
3259787;1;3;1;80;1;2; ; ; ;2; ;2; ;2; ;.; ; ;1;07;08;590,479131180223;08
3259787;1;4;1;80;1;2; ; ; ; ; ;2; ;2; ;.; ; ;1;07;08;590,479131180223;08
3259789;2;2;2;80;1;2; ; ; ;2; ;2; ;2; ;.; ; ;1;07;08;601,891048676388;08
3259789;3;2;3;80;1;2; ; ; ; ; ;2; ;2; ;.; ; ;1;07;08;601,891048676388;08
3259789;3;4;3;80;1;1;2;4; ;2; ;2; ; ; ; ;4;2;1;07;08;601,891048676388;08
3259790;1;2;1;80;1;1;4;4; ;2; ;2; ; ; ; ;4;2;1;07;08;620,126232191825;08
3259790;1;3;1;80;1;2; ; ; ;2; ;2; ;2; ;.; ; ;1;07;08;620,126232191825;08
3259790;1;4;1;80;1;2; ; ; ;2; ;2; ;2; ;.; ; ;1;07;08;620,126232191825;08
3259790;1;5;1;80;1;2; ; ; ; ; ;2; ;2; ;.; ; ;1;07;08;620,126232191825;08
3259792;1;1;1;80;1;1;3;4; ;2; ;2; ; ; ; ;4;2;1;07;08;654,98783478422;08
3259792;1;2;1;80;1;1;3;4; ;2; ;2; ; ; ; ;4;2;1;07;08;654,98783478422;08
3259797;1;3;1;80;1;1;2;8; ;2; ;2; ; ; ; ;4;2;1;07;08;516,729513838197;08
3259797;1;6;1;80;1;2; ; ; ;2; ;2; ;2; ;.; ; ;1;07;08;516,729513838197;08
3259798;1;1;1;80;1;1;4;3; ;2; ;2; ; ; ; ;9;2;1;07;08;512,753636117577;08
3259801;1;1;1;80;1;1;2;3; ;2; ;2; ; ; ; ;9;2;1;07;08;590,109903585334;08
3259802;1;3;1;80;1;2; ; ; ;2; ;2; ;2; ;.; ; ;1;07;08;583,806537783324;08
3259802;1;4;1;80;1;2; ; ; ; ; ;2; ;2; ;.; ; ;1;07;08;583,806537783324;08
3259803;1;2;1;80;1;1;4;3; ;2; ;2; ; ; ; ;9;2;1;07;08;608,675913079359;08
3259803;1;4;1;80;1;1;3;4; ;2; ;2; ; ; ; ;4;2;1;07;08;608,675913079359;08
3259804;1;3;1;80;1;2; ; ; ;2; ;2; ;2; ;.; ; ;1;07;08;518,161077522446;08
3259804;1;5;1;80;1;2; ; ; ;2; ;2; ;2; ;.; ; ;1;07;08;518,161077522446;08
3259806;1;3;1;80;1;2; ; ; ; ; ;2; ;2; ;.; ; ;1;07;08;718,261216702777;08
3259807;1;1;1;80;1;1;2;8; ;2; ;2; ; ; ; ;9;2;1;07;08;903,194917025964;08
3259807;1;3;1;80;1;2; ; ; ; ; ;2; ;2; ;.; ; ;1;07;08;903,194917025964;08
3259807;2;2;2;80;1;1;1;3; ;2; ;2; ; ; ; ;9;2;1;07;08;903,194917025964;08
3259808;1;1;1;80;1;2; ; ; ;2; ;2; ;2; ;.; ; ;1;07;08;596,781034783179;08
3259808;1;2;1;80;1;1;4;3; ;2; ;2; ; ; ; ;9;2;1;07;08;596,781034783179;08
3259809;1;1;1;80;1;1;4;5; ;3; ;2; ; ; ; ;10;2;1;07;08;512,753636117577;08
3259810;1;1;1;80;1;1;4;5; ;3; ;2; ; ; ; ;10;2;1;07;08;572,886473294611;08
3259813;1;1;1;80;1;1;4;5; ;3; ;2; ; ; ; ;10;2;1;07;08;525,156224931807;08
3259813;1;2;1;80;1;1;4;3; ;2; ;2; ; ; ; ;9;2;1;07;08;525,156224931807;08
3259814;1;1;1;80;1;1;4;3; ;2; ;2; ; ; ; ;9;2;1;07;08;480,132779833294;08
3259814;1;3;1;80;1;2; ; ; ;2; ;2; ;2; ;.; ; ;1;07;08;480,132779833294;08
3259814;1;4;1;80;1;1;4;4; ;2; ;2; ; ; ; ;4;2;1;07;08;480,132779833294;08
3259818;1;1;1;80;1;1;4;9;EDAD;2; ;2; ; ; ; ;8;2;1;07;08;567,27419510856;08
3259818;1;2;1;80;1;1;4;3; ;2; ;2; ; ; ; ;9;2;1;07;08;567,27419510856;08
3259818;2;2;2;80;1;1;1;3; ;2; ;2; ; ; ; ;9;2;1;07;08;567,27419510856;08
3259819;1;2;1;80;1;1;4;3; ;2; ;2; ; ; ; ;9;2;1;07;08;769,313924705958;08
3259820;1;4;1;80;1;2; ; ; ; ; ;2; ;2; ;.; ; ;1;07;08;658,986256610544;08
3259822;1;2;1;80;1;2; ; ; ;2; ;2; ;2; ;.; ; ;1;07;08;435,173532402355;08
3259822;1;3;1;80;1;2; ; ; ;2; ;2; ;2; ;.; ; ;1;07;08;435,173532402355;08
3259822;1;4;1;80;1;2; ; ; ;2; ;2; ;2; ;.; ; ;1;07;08;435,173532402355;08
3259823;1;1;1;80;1;1;4;3; ;2; ;2; ; ; ; ;9;2;1;07;08;554,320463800586;08
3259823;1;2;1;80;1;2; ; ; ;2; ;2; ;2; ;.; ; ;1;07;08;554,320463800586;08
3259824;1;2;1;80;1;1;4;3; ;2; ;2; ; ; ; ;9;2;1;07;08;769,313924705958;08
3259825;1;1;1;80;1;2; ; ; ;2; ;2; ;2; ;.; ; ;1;07;08;583,870735450899;08
3259826;1;1;1;80;1;1;4;4; ;2; ;2; ; ; ; ;4;2;1;07;08;602,81207610167;08
3259827;2;1;2;80;1;1;4;5; ;3; ;2; ; ; ; ;10;2;1;07;08;686,045795350045;08
3259831;1;2;1;80;1;2; ; ; ;2; ;2; ;2; ;.; ; ;1;07;08;455,537507434601;08
3259831;1;4;1;80;1;2; ; ; ;2; ;2; ;2; ;.; ; ;1;07;08;455,537507434601;08
3259832;1;1;1;80;1;1;4;9;EDAD;2; ;2; ; ; ; ;8;2;1;07;08;525,156224931807;08
3259832;1;2;1;80;1;1;4;3; ;2; ;2; ; ; ; ;9;2;1;07;08;525,156224931807;08
3259833;1;2;1;80;1;2; ; ; ;2; ;2; ;2; ;.; ; ;1;07;08;396,313507983637;08
3259833;1;4;1;80;1;1;4;9;EDAD;2; ;2; ; ; ; ;8;2;1;07;08;396,313507983637;08
3259833;1;5;1;80;1;2; ; ; ;2; ;2; ;2; ;.; ; ;1;07;08;396,313507983637;08
3259834;1;5;1;80;1;2; ; ; ; ; ;2; ;2; ;.; ; ;1;07;08;588,28614199584;08
3259835;1;2;1;80;1;1;4;3; ;2; ;2; ; ; ; ;9;2;1;07;08;583,024091938395;08
3259835;1;3;1;80;1;2; ; ; ; ; ;2; ;2; ;.; ; ;1;07;08;583,024091938395;08
3259835;1;6;1;80;1;1;4;3; ;2; ;2; ; ; ; ;9;2;1;07;08;583,024091938395;08
3259835;1;7;1;80;1;1;4;7; ;2; ;2; ; ; ; ;11;2;1;07;08;583,024091938395;08
3259836;1;1;1;80;1;1;4;3; ;2; ;2; ; ; ; ;9;2;1;07;08;546,796901743149;08
3259837;1;2;1;80;1;1;4;3; ;2; ;2; ; ; ; ;8;2;1;07;08;605,653037141087;08
3259839;1;1;1;80;1;2; ; ; ;2; ;2; ;2; ;.; ; ;1;07;08;512,753636117577;08
3259842;1;2;1;80;1;1;2;9;CAMBIO  CIUDAD;2; ;2; ; ; ; ;9;2;1;07;08;1153,99029049699;08
3259843;1;2;1;80;1;2; ; ; ;2; ;2; ;2; ;.; ; ;1;07;08;687,203256136952;08
3259844;1;3;1;80;1;2; ; ; ;2; ;2; ;2; ;.; ; ;1;07;08;644,554715121677;08
3259846;1;2;1;80;1;1;4;3; ;2; ;2; ; ; ; ;9;2;1;07;08;635,711019309449;08
3259846;1;3;1;80;1;2; ; ; ;2; ;2; ;2; ;.; ; ;1;07;08;635,711019309449;08
3259846;1;4;1;80;1;2; ; ; ;2; ;2; ;2; ;.; ; ;1;07;08;635,711019309449;08
3259846;1;5;1;80;1;2; ; ; ;2; ;2; ;2; ;.; ; ;1;07;08;635,711019309449;08
3259846;1;6;1;80;1;2; ; ; ; ; ;2; ;2; ;.; ; ;1;07;08;635,711019309449;08
3259847;1;1;1;80;1;1;1;5; ;3; ;2; ; ; ; ;10;2;1;07;08;571,613854198861;08
3259847;1;3;1;80;1;2; ; ; ;2; ;2; ;2; ;.; ; ;1;07;08;571,613854198861;08
3259847;1;4;1;80;1;2; ; ; ;2; ;2; ;2; ;.; ; ;1;07;08;571,613854198861;08
3259848;1;2;1;80;1;1;2;3; ;2; ;2; ; ; ; ;9;2;1;07;08;615,855169667214;08
3259849;1;1;1;80;1;1;4;3; ;2; ;2; ; ; ; ;9;2;1;07;08;656,495523699733;08
3259850;1;3;1;80;1;2; ; ; ;2; ;2; ;2; ;.; ; ;1;07;08;664,918690153922;08
3259853;1;3;1;80;1;2; ; ; ;2; ;2; ;2; ;.; ; ;1;07;08;1167,61307556665;08
3259853;1;4;1;80;1;2; ; ; ; ; ;2; ;2; ;.; ; ;1;07;08;1167,61307556665;08
3259854;1;1;1;80;1;1;4;7; ;2; ;2; ; ;2; ;1;1;1;07;08;605,092587567945;08
3259854;1;4;1;80;1;2; ; ; ;2; ;2; ;2; ;.; ; ;1;07;08;605,092587567945;08
3259856;1;3;1;80;1;2; ; ; ;2; ;2; ;2; ;.; ; ;1;07;08;648,343231718233;08
3259856;1;4;1;80;1;2; ; ; ; ; ;2; ;2; ;.; ; ;1;07;08;648,343231718233;08
3259857;1;3;1;80;1;2; ; ; ;2; ;2; ;2; ;.; ; ;1;07;08;458,079200986681;08
3259857;1;4;1;80;1;2; ; ; ;2; ;2; ;2; ;.; ; ;1;07;08;458,079200986681;08
3259860;1;2;1;80;1;2; ; ; ; ; ;2; ;2; ;.; ; ;1;07;08;1057,42750878389;08
3259861;1;1;1;80;1;1;4;3; ;2; ;2; ; ; ; ;11;2;1;07;08;711,58830709111;08
3259861;1;3;1;80;1;2; ; ; ;2; ;2; ;2; ;.; ; ;1;07;08;711,58830709111;08
3259861;1;5;1;80;1;2; ; ; ; ; ;2; ;2; ;.; ; ;1;07;08;711,58830709111;08
3259862;1;2;1;80;1;2; ; ; ;2; ;2; ;2; ;.; ; ;1;07;08;769,313924705958;08
3259863;1;3;1;80;1;2; ; ; ;2; ;2; ;2; ;.; ; ;1;07;08;687,203256136952;08
3259864;1;3;1;80;1;2; ; ; ;2; ;2; ;2; ;.; ; ;1;07;08;674,501083620616;08
3259865;1;2;1;80;1;2; ; ; ;2; ;2; ;2; ;.; ; ;1;07;08;646,062404037189;08
3259865;1;4;1;80;1;2; ; ; ;2; ;2; ;2; ;.; ; ;1;07;08;646,062404037189;08
3259865;1;9;1;80;1;2; ; ; ;2; ;2; ;2; ;.; ; ;1;07;08;646,062404037189;08
3259866;1;1;1;80;1;1;4;5; ;3; ;2; ; ; ; ;10;2;1;07;08;427,371468549462;08
3259866;1;2;1;80;1;1;4;3; ;2; ;2; ; ; ; ;9;2;1;07;08;427,371468549462;08
3259866;1;4;1;80;1;2; ; ; ; ; ;2; ;2; ;.; ; ;1;07;08;427,371468549462;08
3259866;1;7;1;80;1;1;4;7; ;2; ;2; ; ;3; ;5;1;1;07;08;427,371468549462;08
3259867;1;3;1;80;1;2; ; ; ; ; ;2; ;2; ;.; ; ;1;07;08;582,256879091171;08
3259868;1;3;1;80;1;2; ; ; ; ; ;2; ;2; ;.; ; ;1;07;08;599,830853725269;08
3259869;1;3;1;80;1;2; ; ; ;2; ;2; ;2; ;.; ; ;1;07;08;633,309587094353;08
3259870;1;4;1;80;1;2; ; ; ; ; ;2; ;2; ;.; ; ;1;07;08;704,426686427675;08
3259871;1;3;1;80;1;2; ; ; ;2; ;2; ;2; ;.; ; ;1;07;08;676,209686901267;08
3259871;2;2;2;80;1;2; ; ; ;2; ;2; ;2; ;.; ; ;1;07;08;676,209686901267;08
3259872;1;1;1;80;1;1;4;4; ;2; ;2; ; ; ; ;4;2;1;07;08;525,156224931807;08
3259873;1;3;1;80;1;2; ; ; ; ; ;2; ;2; ;.; ; ;1;07;08;730,103355943865;08
3259874;1;4;1;80;1;2; ; ; ; ; ;2; ;2; ;.; ; ;1;07;08;495,115463815905;08
3259875;1;1;1;80;1;1;2;3; ;2; ;2; ; ; ; ;9;2;1;07;08;555,653735924491;08
3259877;1;3;1;80;1;2; ; ; ; ; ;2; ;2; ;.; ; ;1;07;08;432,192310025955;08
3259877;1;5;1;80;1;1;4;4; ;2; ;2; ; ; ; ;8;2;1;07;08;432,192310025955;08
3259878;1;3;1;80;1;2; ; ; ;2; ;2; ;2; ;.; ; ;1;07;08;587,638170140806;08
3259879;1;2;1;80;1;1;2;8; ;2; ;2; ; ; ; ;9;2;1;07;08;525,156224931807;08
3259880;1;3;1;80;1;1;3;3; ;2; ;2; ; ; ; ;9;2;1;07;08;585,929566860155;08
3259881;1;3;1;80;1;2; ; ; ;2; ;2; ;2; ;.; ; ;1;07;08;538,847290352385;08
3259881;1;4;1;80;1;2; ; ; ;2; ;2; ;2; ;.; ; ;1;07;08;538,847290352385;08
3259882;1;4;1;80;1;2; ; ; ; ; ;2; ;2; ;.; ; ;1;07;08;507,517736415367;08
3259882;2;2;2;80;1;2; ; ; ;2; ;2; ;2; ;.; ; ;1;07;08;507,517736415367;08
3259882;2;3;2;80;1;2; ; ; ;2; ;2; ;2; ;.; ; ;1;07;08;507,517736415367;08
3259882;2;4;2;80;1;2; ; ; ;2; ;2; ;2; ;.; ; ;1;07;08;507,517736415367;08
3259883;1;3;1;80;1;2; ; ; ;2; ;2; ;2; ;.; ; ;1;07;08;607,503326862439;08
3259883;1;5;1;80;1;2; ; ; ;2; ;2; ;2; ;.; ; ;1;07;08;607,503326862439;08
3259883;1;8;1;80;1;2; ; ; ; ; ;2; ;2; ;.; ; ;1;07;08;607,503326862439;08
3259884;1;2;1;80;1;1;1;7; ;2; ;2; ; ; ; ;9;2;1;07;08;661,526586620761;08
3259885;1;8;1;80;1;2; ; ; ;2; ;2; ;2; ;.; ; ;1;07;08;667,208508699595;08
3259887;1;4;1;80;1;2; ; ; ;2; ;2; ;2; ;.; ; ;1;07;08;566,232563149227;08
3259887;1;5;1;80;1;2; ; ; ; ; ;2; ;2; ;.; ; ;1;07;08;566,232563149227;08
3259888;1;5;1;80;1;1;1;8; ;2; ;2; ; ; ;NO TIENE LIBRETA MILITAR;12;2;1;07;08;628,530399179732;08
3259889;1;4;1;80;1;2; ; ; ;2; ;2; ;2; ;.; ; ;1;07;08;620,126232191825;08
3259889;1;5;1;80;1;1;2;2; ;2; ;2; ; ; ; ;2;2;1;07;08;620,126232191825;08
3259890;1;1;1;80;1;1;1;5; ;3; ;2; ; ; ; ;10;2;1;07;08;673,929175434991;08
3259890;1;2;1;80;1;2; ; ; ;2; ;2; ;2; ;.; ; ;1;07;08;673,929175434991;08
3259891;1;1;1;80;1;1;4;3; ;2; ;2; ; ; ; ;4;2;1;07;08;1090,02142206436;08
3259894;1;2;1;80;1;2; ; ; ;2; ;2; ;2; ;.; ; ;1;07;08;622,666562202042;08
3259894;1;3;1;80;1;1;1;8; ;2; ;2; ; ; ; ;2;2;1;07;08;622,666562202042;08
3259900;1;2;1;80;1;2; ; ; ;2; ;2; ;2; ;.; ; ;1;07;08;505,758488708216;08
3259900;1;3;1;80;1;2; ; ; ;2; ;2; ;2; ;.; ; ;1;07;08;505,758488708216;08
3259900;1;4;1;80;1;2; ; ; ;2; ;2; ;2; ;.; ; ;1;07;08;505,758488708216;08
3259901;1;2;1;80;1;1;4;3; ;2; ;2; ; ; ; ;8;2;1;07;08;644,003572627933;08
3259902;2;1;2;80;1;1;4;6; ;2; ;2; ; ; ; ;9;2;1;07;08;641,022350251532;08
3259902;2;2;2;80;1;1;1;8; ;2; ;2; ; ; ;NEGLIGENCIA;12;2;1;07;08;641,022350251532;08
3259906;1;2;1;80;1;1;2;4; ;2; ;2; ; ; ; ;4;2;1;07;73;3115,46201192253; 
3259906;1;4;1;80;1;2; ; ; ;2; ;2; ;2; ;.; ; ;1;07;73;3115,46201192253; 
3259909;1;2;1;80;1;2; ; ; ; ; ;2; ;2; ;.; ; ;1;07;73;7189,64105112386; 
3259915;1;2;1;80;1;1;1;2; ;2; ;2; ; ; ; ;2;2;1;07;73;10543,2218050285; 
3259915;1;3;1;80;1;2; ; ; ; ; ;2; ;2; ;.; ; ;1;07;73;10543,2218050285; 
3259923;1;1;1;80;1;1;4;5; ;3; ;2; ; ; ; ;10;2;1;07;73;3115,46201192253; 
3259950;1;1;1;80;1;1;1;6; ;2; ;2; ; ; ; ;9;2;1;07;73;8437,2342143363; 
3259950;1;4;1;80;1;2; ; ; ; ; ;2; ;2; ;.; ; ;1;07;73;8437,2342143363; 
3259952;1;2;1;80;1;1;1;3; ;2; ;2; ; ; ; ;9;2;1;07;73;6044,88812831938; 
3259952;1;3;1;80;1;1;2;3; ;2; ;2; ; ; ; ;1;2;1;07;73;6044,88812831938; 
3259952;1;5;1;80;1;1;2;8; ;2; ;2; ; ; ; ;9;2;1;07;73;6044,88812831938; 
3259953;1;1;1;80;1;1;4;4; ;2; ;2; ; ; ; ;8;2;1;07;73;3115,46201192253; 
3260010;1;3;1;80;1;1;1;2; ; ; ;2; ; ; ; ;2;2;1;07;73;12263,2873554361; 
3260037;1;2;1;80;1;2; ; ; ;2; ;2; ;2; ;.; ; ;1;07;68;2450,42969085533; 
3260037;1;4;1;80;1;2; ; ; ; ; ;2; ;2; ;.; ; ;1;07;68;2450,42969085533; 
3260038;1;3;1;80;1;2; ; ; ; ; ;2; ;2; ;.; ; ;1;07;68;2179,39145984897; 
3260040;1;1;1;80;1;1;3;5; ;3; ;2; ; ; ; ;10;2;1;07;68;2149,22566570052; 
3260040;1;2;1;80;1;2; ; ; ;2; ;2; ;2; ;.; ; ;1;07;68;2149,22566570052; 
3260043;1;2;1;80;1;1;4;4; ;2; ;2; ; ; ; ;4;2;1;07;68;1069,73455384325; 
3260047;1;1;1;80;1;1;1;2; ;2; ;2; ; ; ; ;2;2;1;07;68;1730,47666724086; 
3260050;1;3;1;80;1;2; ; ; ;2; ;2; ;2; ;.; ; ;1;07;68;2297,16203152501; 
3260054;1;4;1;80;1;2; ; ; ; ; ;2; ;2; ;.; ; ;1;07;68;2721,2423234905; 
3260055;1;1;1;80;1;1;4;7; ;2; ;2; ; ; ; ;4;2;1;07;68;1989,34076787344; 
3260057;1;4;1;80;1;1;2;2; ;2; ;2; ; ; ;NO ES PRIORIDAD;12;2;1;07;68;2073,33945981062; 
3260058;1;2;1;80;1;1;3;5; ;3; ;2; ; ; ; ;10;2;1;07;68;1539,56275969825; 
3260060;1;2;1;80;1;1;1;4; ;2; ;2; ; ; ; ;4;2;1;07;68;1688,9132371246; 
3260070;1;3;1;80;1;2; ; ; ; ; ;2; ;2; ;.; ; ;1;07;68;2154,55695920635; 
3260075;1;3;1;80;1;2; ; ; ;2; ;2; ;2; ;.; ; ;1;07;68;1814,47535917804; 
3260080;1;3;1;80;1;2; ; ; ;2; ;2; ;2; ;.; ; ;1;07;68;2552,70265971894; 
3260081;1;2;1;80;1;1;4;3; ;2; ;2; ; ; ; ;9;2;1;07;68;2609,53809427644; 
3260082;1;2;1;80;1;1;4;3; ;2; ;2; ; ; ; ;9;2;1;07;68;1624,97556323728; 
3260083;1;2;1;80;1;2; ; ; ; ; ;2; ;2; ;.; ; ;1;07;68;2564,10029568675; 
3260085;1;2;1;80;1;2; ; ; ;2; ;2; ;2; ;.; ; ;1;07;68;3172,34909008717; 
3260085;1;3;1;80;1;2; ; ; ; ; ;2; ;2; ;.; ; ;1;07;68;3172,34909008717; 
3260086;1;1;1;80;1;1;4;5; ;3; ;2; ; ; ; ;10;2;1;07;68;1980,68600192896; 
3260087;1;4;1;80;1;2; ; ; ;2; ;2; ;1;1; ;8; ;1;07;68;2961,15411302106; 
3260087;1;5;1;80;1;2; ; ; ;2; ;2; ;2; ;.; ; ;1;07;68;2961,15411302106; 
3260088;1;2;1;80;1;1;1;8; ;2; ;1;15000; ; ; ;2;2;1;07;68;2145,3512972271; 
3260090;1;1;1;80;1;1;4;3; ;2; ;2; ; ; ; ;9;2;1;07;68;2651,1015243927; 
3260091;1;3;1;80;1;2; ; ; ;2; ;2; ;2; ;.; ; ;1;07;68;2340,27772397236; 
3260092;1;3;1;80;1;1;1;8; ;2; ;2; ; ; ; ;8;2;1;07;68;2486,66182746577; 
3260092;1;4;1;80;1;1;1;8; ; ; ;2; ; ; ; ;2;2;1;07;68;2486,66182746577; 
3260093;1;1;1;80;1;1;4;5; ;3; ;2; ; ; ; ;10;2;1;07;68;1971,48033994971; 
3260094;1;3;1;80;1;2; ; ; ;2; ;2; ;2; ;.; ; ;1;07;68;2049,05585520277; 
3260095;1;2;1;80;1;1;1;6; ;2; ;2; ; ; ; ;4;2;1;07;68;1748,88799119936; 
3260096;1;3;1;80;1;2; ; ; ;2; ;2; ;2; ;.; ; ;1;07;68;2260,92989491457; 
3260096;1;4;1;80;1;2; ; ; ;2; ;2; ;2; ;.; ; ;1;07;68;2260,92989491457; 
3260097;1;1;1;80;1;1;4;6; ;2; ;2; ; ;4; ;8;1;1;07;68;1971,48033994971; 
3260098;1;3;1;80;1;2; ; ; ;2; ;2; ;2; ;.; ; ;1;07;68;2389,49455373679; 
3260099;1;3;1;80;1;2; ; ; ; ; ;2; ;2; ;.; ; ;1;07;68;1836,84960294909; 
3260100;1;1;1;80;1;1;4;5; ;3; ;2; ; ; ; ;8;2;1;07;68;1752,3086311147; 
3260100;1;4;1;80;1;2; ; ; ;2; ;2; ;2; ;.; ; ;1;07;68;1752,3086311147; 
3260100;1;5;1;80;1;2; ; ; ;2; ;2; ;2; ;.; ; ;1;07;68;1752,3086311147; 
3260101;1;1;1;80;1;1;4;9;POR INSEGURIDAD Y POR ORDEN PUBLICO;2; ;2; ; ; ; ;11;2;1;07;68;2084,73709577843; 
3260103;1;1;1;80;1;1;4;4; ;2; ;2; ; ; ; ;4;2;1;07;68;1069,73455384325; 
3260103;1;2;1;80;1;2; ; ; ;2; ;2; ;2; ;.; ; ;1;07;68;1069,73455384325; 
3260107;1;2;1;80;1;1;4;3; ;2; ;2; ; ; ; ;9;2;1;07;68;1916,74832804164; 
3260108;1;2;1;80;1;2; ; ; ;2; ;2; ;2; ;.; ; ;1;07;68;2118,86580973943; 
3260110;1;2;1;80;1;1;2;8; ;2; ;2; ; ;2;MATERNIDAD;12;1;1;07;68;1730,47666724086; 
3260111;1;3;1;80;1;2; ; ; ;2; ;2; ;2; ;.; ; ;1;07;68;2573,305957666; 
3260119;1;2;1;80;1;1;3;9;TERMINO PRACTICAS DE ESTUDIO REMUNERADAS;2; ;2; ; ;1; ;9;1;1;07;68;2190,78909581678; 
3260120;1;3;1;80;1;2; ; ; ; ; ;2; ;2; ;.; ; ;1;07;68;3033,61838624192; 
3260129;1;1;1;80;1;1;4;8; ;1;4;2; ; ; ; ;4;2;1;07;68;1257,54655290791; 
3260131;1;1;1;80;1;1;3;4; ;3; ;2; ; ; ; ;4;2;1;07;68;1069,73455384325; 
3260131;1;4;1;80;1;1;4;4; ;2; ;2; ; ; ; ;4;2;1;07;68;1069,73455384325; 
3260131;1;5;1;80;1;2; ; ; ;2; ;2; ;2; ;.; ; ;1;07;68;1069,73455384325; 
3260133;1;1;1;80;1;1;3;4; ;2; ;2; ; ; ; ;4;2;1;07;68;1957,76086212314; 
3260133;1;2;1;80;1;1;4;4; ;2; ;2; ; ; ; ;4;2;1;07;68;1957,76086212314; 
3260136;1;3;1;80;1;2; ; ; ;2; ;2; ;1;4; ;9; ;1;07;68;1655,14135738573; 
3260136;1;5;1;80;1;2; ; ; ;2; ;2; ;2; ;.; ; ;1;07;68;1655,14135738573; 
3260137;1;2;1;80;1;2; ; ; ;2; ;2; ;2; ;.; ; ;1;07;68;2726,57361699633; 
3260137;1;4;1;80;1;1;3;3; ;2; ;2; ; ;2; ;9;1;1;07;68;2726,57361699633; 
3260138;1;3;1;80;1;2; ; ; ;2; ;2; ;2; ;.; ; ;1;07;68;2685,01018688006; 
3260138;1;4;1;80;1;2; ; ; ; ; ;2; ;2; ;.; ; ;1;07;68;2685,01018688006; 
3260138;1;5;1;80;1;2; ; ; ;2; ;2; ;2; ;.; ; ;1;07;68;2685,01018688006; 
3260139;1;3;1;80;1;1;2;2; ;2; ;2; ; ; ; ;2;2;1;07;68;2450,42969085533; 
3260139;1;4;1;80;1;2; ; ; ;2; ;2; ;2; ;.; ; ;1;07;68;2450,42969085533; 
3260139;1;5;1;80;1;2; ; ; ; ; ;2; ;2; ;.; ; ;1;07;68;2450,42969085533; 
3260142;1;3;1;80;1;1;1;2; ;2; ;2; ; ; ; ;2;2;1;07;68;1672,96080205692; 
3260142;1;4;1;80;1;1;1;2; ;2; ;2; ; ; ; ;2;2;1;07;68;1672,96080205692; 
3260142;1;5;1;80;1;1;2;2; ;2; ;2; ; ; ; ;2;2;1;07;68;1672,96080205692; 
3260144;1;1;1;80;1;1;4;4; ;2; ;2; ; ; ; ;4;2;1;07;68;1668,30993917753; 
3260144;2;3;2;80;1;2; ; ; ; ; ;2; ;2; ;.; ; ;1;07;68;1668,30993917753; 
3260145;1;7;1;80;1;2; ; ; ; ; ;2; ;2; ;.; ; ;1;07;68;2333,53095088393; 
3260146;1;2;1;80;1;1;3;8; ;2; ;2; ; ; ;POR  PROBLEMAS  JUDICIALES;12;2;1;07;68;2753,04919559275; 
3260148;1;6;1;80;1;2; ; ; ; ; ;2; ;2; ;.; ; ;1;07;68;2106,2481239824; 
3260151;1;3;1;80;1;2; ; ; ;2; ;2; ;2; ;.; ; ;1;07;68;2026,34939888984; 
3260151;1;4;1;80;1;2; ; ; ; ; ;2; ;2; ;.; ; ;1;07;68;2026,34939888984; 
3260152;1;1;1;80;1;1;3;7; ;2; ;2; ; ; ; ;4;2;1;07;68;1916,19743200688; 
3260152;1;2;1;80;1;1;3;7; ;2; ;2; ; ; ; ;8;2;1;07;68;1916,19743200688; 
3260153;1;1;1;80;1;1;1;4; ;2; ;2; ; ; ; ;4;2;1;07;68;2232,67346160292; 
3260156;1;1;1;80;1;1;4;3; ;2; ;2; ; ; ; ;9;2;1;07;68;1811,59544212263; 
3260156;1;2;1;80;1;1;4;9;CAMBIO  DE  DOMICILIO;3; ;2; ; ; ; ;9;2;1;07;68;1811,59544212263; 
3260160;1;1;1;80;1;1;3;3; ;2; ;2; ; ; ; ;9;2;1;07;68;2190,78909581678; 
3260161;1;3;1;80;1;2; ; ; ;2; ;2; ;2; ;.; ; ;1;07;68;2122,19919106933; 
3260168;1;2;1;80;1;1;1;8; ;2; ;2; ; ; ; ;8;2;1;07;68;1465,64156144497; 
3260170;1;2;1;80;1;1;3;4; ;2; ;2; ; ; ; ;4;2;1;07;68;1836,84960294909; 
3260179;1;2;1;80;1;1;4;4; ;2; ;2; ; ; ; ;4;2;1;07;68;1511,16791137379; 
3260181;1;1;1;80;1;1;4;4; ;2; ;2; ; ; ; ;8;2;1;07;68;1916,19743200688; 
3260181;1;2;1;80;1;1;4;4; ;2; ;2; ; ; ; ;8;2;1;07;68;1916,19743200688; 
3260182;1;2;1;80;1;1;3;8; ;2; ;2; ; ; ; ;1;2;1;07;68;2260,92989491457; 
3260182;1;3;1;80;1;2; ; ; ;2; ;2; ;2; ;.; ; ;1;07;68;2260,92989491457; 
3260182;1;4;1;80;1;2; ; ; ; ; ;2; ;2; ;.; ; ;1;07;68;2260,92989491457; 
3260183;1;3;1;80;1;2; ; ; ;2; ;2; ;2; ;.; ; ;1;07;68;2573,305957666; 
3260218;1;1;1;80;1;1;4;4; ;2; ;2; ; ; ; ;4;2;1;07;23;134,77755800729;23
3260218;2;2;2;80;1;2; ; ; ;2; ;2; ;2; ;.; ; ;1;07;23;134,77755800729;23
3260218;2;3;2;80;1;2; ; ; ;2; ;2; ;2; ;.; ; ;1;07;23;134,77755800729;23
3260218;2;4;2;80;1;2; ; ; ; ; ;2; ;2; ;.; ; ;1;07;23;134,77755800729;23
3260218;3;5;3;80;1;1;1;7; ;2; ;2; ; ; ; ;11;2;1;07;23;134,77755800729;23
3260218;3;6;3;80;1;2; ; ; ; ; ;2; ;2; ;.; ; ;1;07;23;134,77755800729;23
3260218;3;7;3;80;1;2; ; ; ; ; ;2; ;2; ;.; ; ;1;07;23;134,77755800729;23
3260231;2;3;2;80;1;2; ; ; ;2; ;2; ;2; ;.; ; ;1;07;68;424,23844118418;68
3260231;2;4;2;80;1;2; ; ; ; ; ;2; ;2; ;.; ; ;1;07;68;424,23844118418;68
3260235;1;1;1;80;1;1;4;3; ;2; ;2; ; ; ; ;9;2;1;07;68;569,57033701397;68
3260235;1;5;1;80;1;1;1;7; ;2; ;1;1200000; ; ; ;11;2;1;07;68;569,57033701397;68
3260236;1;1;1;80;1;1;3;1; ;2; ;2; ; ; ; ;8;2;1;07;68;337,847751140671;68
3260236;1;2;1;80;1;1;4;3; ;2; ;2; ; ; ; ;9;2;1;07;68;337,847751140671;68
3260241;1;3;1;80;1;2; ; ; ;2; ;2; ;2; ;.; ; ;1;07;47;206,031911334209;47
3260241;2;2;2;80;1;2; ; ; ; ; ;2; ;2; ;.; ; ;1;07;47;206,031911334209;47
3260242;1;3;1;80;1;2; ; ; ;2; ;2; ;2; ;.; ; ;1;07;47;130,674453999253;47
3260243;1;3;1;80;1;1;1;2; ;2; ;2; ; ; ; ;2;2;1;07;47;183,285608506769;47
3260244;1;1;1;80;1;1;4;5; ;3; ;2; ; ; ; ;10;2;1;07;47;102,632788989185;47
3260245;1;2;1;80;1;2; ; ; ;2; ;2; ;2; ;.; ; ;1;07;47;212,644745509021;47
3260245;1;3;1;80;1;2; ; ; ;2; ;2; ;2; ;.; ; ;1;07;47;212,644745509021;47
3260245;1;4;1;80;1;2; ; ; ; ; ;2; ;2; ;.; ; ;1;07;47;212,644745509021;47
3260248;1;2;1;80;1;1;1;7; ;2; ;2; ; ;1; ;4;1;1;07;76;1226,88635806841;76
3260248;1;4;1;80;1;1;1;1; ;2; ;2; ; ; ; ;2;2;1;07;76;1226,88635806841;76
3260248;1;5;1;80;1;2; ; ; ; ; ;2; ;2; ;.; ; ;1;07;76;1226,88635806841;76
3260249;1;1;1;80;1;1;4;5; ;3; ;2; ; ; ; ;8;2;1;07;76;911,659294979858;76
3260249;1;2;1;80;1;1;4;5; ;3; ;2; ; ; ; ;9;2;1;07;76;911,659294979858;76
3260250;1;1;1;80;1;1;4;7; ;2; ;2; ; ; ; ;8;2;1;07;76;983,421949536192;76
3260251;1;1;1;80;1;1;3;9;MIGRACION DEL EXTERIOR;3; ;2; ; ; ; ;8;2;1;07;76;997,904121758155;76
3260252;1;1;1;80;1;2; ; ; ;2; ;2; ;2; ;.; ; ;1;07;76;911,659294979858;76
3260252;1;2;1;80;1;2; ; ; ;3; ;2; ;2; ;.; ; ;1;07;76;911,659294979858;76
3260253;1;2;1;80;1;1;1;3; ;2; ;2; ; ; ; ;9;2;1;07;76;1129,68550196183;76
3260253;1;3;1;80;1;2; ; ; ;2; ;2; ;2; ;.; ; ;1;07;76;1129,68550196183;76
3260255;1;3;1;80;1;1;4;5; ;3; ;2; ; ; ; ;10;2;1;07;76;897,06528849078;76
3260255;1;4;1;80;1;1;3;7; ;2; ;2; ; ; ; ;9;2;1;07;76;897,06528849078;76
3260256;1;3;1;80;1;2; ; ; ;2; ;2; ;2; ;.; ; ;1;07;76;1904,39560459051;76
3260257;1;3;1;80;1;2; ; ; ; ; ;2; ;2; ;.; ; ;1;07;76;782,43794561352;76
3260258;1;2;1;80;1;2; ; ; ;2; ;2; ;2; ;.; ; ;1;07;17;189,46764448374;17
3260259;1;1;1;80;1;1;4;3; ;2; ;2; ; ; ; ;9;2;1;07;17;174,709742858385;17
3260259;1;2;1;80;1;1;4;8; ;2; ;2; ; ; ; ;8;2;1;07;17;174,709742858385;17
3260260;1;4;1;80;1;2; ; ; ;2; ;2; ;1;2; ;9; ;1;07;17;201,115875873824;17
3260261;1;1;1;80;1;1;4;3; ;3; ;2; ; ; ; ;4;2;1;07;17;119,570066530442;17
3260262;1;1;1;80;1;1;4;5; ;3; ;2; ; ; ; ;11;2;1;07;17;216,726550960139;17
3260262;1;2;1;80;1;1;2;5; ;3; ;2; ; ; ; ;11;2;1;07;17;216,726550960139;17
3260263;1;2;1;80;1;2; ; ; ;2; ;2; ;2; ;.; ; ;1;07;17;212,221059563067;17
3260263;1;3;1;80;1;2; ; ; ; ; ;2; ;2; ;.; ; ;1;07;17;212,221059563067;17
3260263;2;2;2;80;1;2; ; ; ;2; ;2; ;2; ;.; ; ;1;07;17;212,221059563067;17
3260265;1;2;1;80;1;2; ; ; ;2; ;2; ;2; ;.; ; ;1;07;17;182,180473021451;17
3260267;1;2;1;80;1;2; ; ; ;2; ;2; ;2; ;.; ; ;1;07;20;161,721750074685;20
3260267;1;3;1;80;1;2; ; ; ; ; ;2; ;2; ;.; ; ;1;07;20;161,721750074685;20
3260268;1;2;1;80;1;2; ; ; ; ; ;2; ;2; ;.; ; ;1;07;20;119,650152643451;20
3260269;1;1;1;80;1;1;1;5; ;3; ;2; ; ; ; ;11;2;1;07;17;186,357974248469;17
3260269;1;2;1;80;1;1;4;3; ;2; ;2; ; ; ; ;9;2;1;07;17;186,357974248469;17
3260271;1;1;1;80;1;1;4;7; ;2; ;2; ; ; ; ;4;2;1;07;17;146,225632521477;17
3260272;1;1;1;80;1;2; ; ; ;2; ;2; ;2; ;.; ; ;1;07;17;160,451137155335;17
3260273;1;3;1;80;1;1;4;4; ;2; ;2; ; ; ; ;8;2;1;07;20;89,2754493232221;20
3260275;1;1;1;80;1;2; ; ; ;2; ;2; ;2; ;.; ; ;1;07;20;96,5094228508802;20
3260277;1;1;1;80;1;1;2;5; ;3; ;2; ; ; ; ;10;2;1;07;17;150,542940670736;17
3260277;1;2;1;80;1;2; ; ; ;2; ;2; ;2; ;.; ; ;1;07;17;150,542940670736;17
3260278;1;1;1;80;1;1;4;5; ;3; ;2; ; ; ; ;10;2;1;07;17;150,542940670736;17
3260278;1;2;1;80;1;2; ; ; ;2; ;2; ;1;2; ;2; ;1;07;17;150,542940670736;17
3260280;1;4;1;80;1;2; ; ; ; ; ;2; ;2; ;.; ; ;1;07;17;149,794211772834;17
3260280;1;6;1;80;1;1;1;6; ;2; ;1;100000; ; ; ;2;2;1;07;17;149,794211772834;17
3260281;1;1;1;80;1;2; ; ; ;2; ;2; ;2; ;.; ; ;1;07;17;121,398610876314;17
3260281;1;2;1;80;1;2; ; ; ;2; ;2; ;2; ;.; ; ;1;07;17;121,398610876314;17
3260283;1;3;1;80;1;1;2;4; ;2; ;2; ; ; ; ;4;2;1;07;20;115,44074786748;20
3260285;1;1;1;80;1;1;4;5; ;3; ;2; ; ; ; ;10;2;1;07;17;159,66930718824;17
3260285;1;3;1;80;1;2; ; ; ;2; ;2; ;2; ;.; ; ;1;07;17;159,66930718824;17
3260286;1;1;1;80;1;1;4;6; ;1;4;2; ; ; ; ;8;2;1;07;17;174,709742858385;17
3260286;1;2;1;80;1;1;4;5; ;3; ;2; ; ; ; ;10;2;1;07;17;174,709742858385;17
3260288;1;2;1;80;1;2; ; ; ;2; ;2; ;1;1; ;9; ;1;07;17;216,787868685196;17
3260291;1;2;1;80;1;2; ; ; ; ; ;2; ;2; ;.; ; ;1;07;20;116,039647953143;20
3260292;1;1;1;80;1;1;4;5; ;3; ;2; ; ; ; ;10;2;1;07;20;139,337813694146;20
3260292;1;2;1;80;1;1;4;7; ;2; ;2; ; ; ; ;9;2;1;07;20;139,337813694146;20
3260295;1;3;1;80;1;1;1;6; ;2; ;1;300000; ; ; ;9;2;1;07;20;74,8916979242632;20
3260298;1;2;1;80;1;1;3;4; ;2; ;2; ; ; ; ;4;2;1;07;17;167,422571396096;17
3260299;1;2;1;80;1;2; ; ; ; ; ;2; ;2; ;.; ; ;1;07;17;143,255769208446;17
3260304;1;4;1;80;1;2; ; ; ;2; ;2; ;2; ;.; ; ;1;07;20;130,28400014691;20
3260306;1;3;1;80;1;2; ; ; ;2; ;2; ;2; ;.; ; ;1;07;20;125,581348496804;20
3260306;1;4;1;80;1;2; ; ; ; ; ;2; ;2; ;.; ; ;1;07;20;125,581348496804;20
3260306;1;5;1;80;1;2; ; ; ;2; ;2; ;2; ;.; ; ;1;07;20;125,581348496804;20
3260309;1;3;1;80;1;2; ; ; ; ; ;2; ;2; ;.; ; ;1;07;20;85,713624794401;20
3260310;1;1;1;80;1;1;3;4; ;3; ;2; ; ; ; ;10;2;1;07;20;79,0919728773857;20
3260310;1;2;1;80;1;2; ; ; ;2; ;2; ;2; ;.; ; ;1;07;20;79,0919728773857;20
3260310;1;3;1;80;1;2; ; ; ; ; ;2; ;2; ;.; ; ;1;07;20;79,0919728773857;20
3260310;1;4;1;80;1;2; ; ; ;2; ;2; ;2; ;.; ; ;1;07;20;79,0919728773857;20
3260311;1;1;1;80;1;1;3;3; ;2; ;2; ; ; ; ;1;2;1;07;20;111,839373000021;20
3260314;1;2;1;80;1;1;4;3; ;2; ;2; ; ; ; ;8;2;1;07;41;155,603750680815;41
3260316;1;1;1;80;1;2; ; ; ;2; ;2; ;2; ;.; ; ;1;07;41;110,794638459052;41
3260319;1;3;1;80;1;2; ; ; ; ; ;2; ;2; ;.; ; ;1;07;15;95,9445883866943;15
3260323;1;1;1;80;1;1;4;5; ;3; ;2; ; ; ; ;4;2;1;07;15;113,802159538491;15
3260324;1;2;1;80;1;1;2;2; ;2; ;2; ; ; ; ;2;2;1;07;15;112,547109861746;15
3260326;1;3;1;80;1;2; ; ; ;2; ;2; ;2; ;.; ; ;1;07;15;163,846111298178;15
3260326;1;4;1;80;1;2; ; ; ; ; ;2; ;2; ;.; ; ;1;07;15;163,846111298178;15
3260327;1;1;1;80;1;1;4;7; ;3; ;2; ; ;1; ;5;1;1;07;15;83,4566766643687;15
3260328;1;2;1;80;1;2; ; ; ;2; ;2; ;2; ;.; ; ;1;07;15;73,5540364877593;15
3260330;1;1;1;80;1;2; ; ; ;2; ;2; ;2; ;.; ; ;1;07;18;54,3777473057136;18
3260332;1;2;1;80;1;1;4;3; ;2; ;2; ; ; ; ;9;2;1;07;18;100,880310481015;18
3260335;1;1;1;80;1;2; ; ; ;2; ;2; ;2; ;.; ; ;1;07;18;48,5284659203454;18
3260335;1;3;1;80;1;1;1;9;TRASLADO DE CIUDAD;2; ;2; ; ; ; ;11;2;1;07;18;48,5284659203454;18
3260336;1;3;1;80;1;2; ; ; ;2; ;2; ;2; ;.; ; ;1;07;18;38,0315436069308;18
3260336;1;4;1;80;1;2; ; ; ; ; ;2; ;2; ;.; ; ;1;07;18;38,0315436069308;18
3260338;1;1;1;80;1;1;4;4; ;2; ;2; ; ; ; ;8;2;1;07;18;57,5560154382672;18
3260339;1;4;1;80;1;2; ; ; ; ; ;2; ;2; ;.; ; ;1;07;18;82,9021803996066;18
3260340;1;1;1;80;1;1;4;3; ;3; ;2; ; ; ; ;10;2;1;07;18;75,3260215152341;18
3260340;1;3;1;80;1;1;4;4; ;2; ;2; ; ; ; ;4;2;1;07;18;75,3260215152341;18
3260341;1;2;1;80;1;1;4;8; ;2; ;2; ; ; ; ;11;2;1;07;18;69,4417839524505;18
3260341;1;3;1;80;1;1;4;2; ;2; ;2; ; ; ; ;2;2;1;07;18;69,4417839524505;18
3260341;1;4;1;80;1;2; ; ; ;2; ;2; ;2; ;.; ; ;1;07;18;69,4417839524505;18
3260341;1;5;1;80;1;2; ; ; ; ; ;2; ;2; ;.; ; ;1;07;18;69,4417839524505;18
3260344;1;1;1;80;1;1;4;8; ;2; ;2; ; ; ; ;8;2;1;07;18;128,762078807601;18
3260345;1;1;1;80;1;1;2;3; ;2; ;2; ; ; ; ;8;2;1;07;18;138,057360663694;18
3260346;1;3;1;80;1;2; ; ; ;2; ;2; ;2; ;.; ; ;1;07;18;83,0901676437688;18
3260348;1;1;1;80;1;1;4;4; ;2; ;2; ; ; ; ;11;2;1;07;18;51,0505502504382;18
3260349;1;2;1;80;1;2; ; ; ;2; ;2; ;2; ;.; ; ;1;07;18;182,15219815409;18
3260349;1;3;1;80;1;2; ; ; ;2; ;2; ;2; ;.; ; ;1;07;18;182,15219815409;18
3260349;1;4;1;80;1;2; ; ; ;2; ;2; ;2; ;.; ; ;1;07;18;182,15219815409;18
3260351;1;2;1;80;1;1;1;3; ;2; ;2; ; ; ; ;9;2;1;07;18;149,589417336581;18
3260351;1;3;1;80;1;2; ; ; ; ; ;2; ;2; ;.; ; ;1;07;18;149,589417336581;18
3260354;1;2;1;80;1;1;4;3; ;2; ;2; ; ; ; ;9;2;1;07;73;231,415590464216;73
3260354;1;4;1;80;1;2; ; ; ;2; ;2; ;2; ;.; ; ;1;07;73;231,415590464216;73
3260355;1;1;1;80;1;1;4;5; ;3; ;2; ; ;4; ;8;1;1;07;73;225,264520203832;73
3260355;1;2;1;80;1;1;4;4; ;2; ;2; ; ; ; ;4;2;1;07;73;225,264520203832;73
3260356;1;1;1;80;1;1;4;4; ;2; ;2; ; ; ; ;4;2;1;07;73;225,264520203832;73
3260356;1;2;1;80;1;1;4;3; ;2; ;2; ; ; ; ;8;2;1;07;73;225,264520203832;73
3260357;1;2;1;80;1;2; ; ; ; ; ;2; ;2; ;.; ; ;1;07;73;394,14476306895;73
3260362;1;2;1;80;1;1;4;9;CAMBIO DE DOMICILIO;1;4;2; ; ; ; ;8;2;1;07;73;181,077612601831;73
3260364;1;2;1;80;1;1;4;3; ;2; ;2; ; ; ; ;9;2;1;07;73;256,347546616809;73
3260364;1;3;1;80;1;2; ; ; ;2; ;2; ;2; ;.; ; ;1;07;73;256,347546616809;73
3260369;1;1;1;80;1;1;4;5; ;3; ;2; ; ; ; ;10;2;1;07;66;236,870318317413;66
3260369;1;2;1;80;1;1;4;8; ;2; ;2; ; ;4; ;9;1;1;07;66;236,870318317413;66
3260370;1;1;1;80;1;1;4;3; ;2; ;2; ; ; ; ;9;2;1;07;66;296,352504039029;66
3260370;1;4;1;80;1;1;4;4; ;3; ;2; ; ; ; ;4;2;1;07;66;296,352504039029;66
3260370;2;1;2;80;1;1;4;4; ;3; ;2; ; ; ; ;4;2;1;07;66;296,352504039029;66
3260370;2;2;2;80;1;2; ; ; ;2; ;2; ;1;1; ;2; ;1;07;66;296,352504039029;66
3260370;2;4;2;80;1;2; ; ; ; ; ;2; ;2; ;.; ; ;1;07;66;296,352504039029;66
3260371;1;2;1;80;1;2; ; ; ; ; ;2; ;2; ;.; ; ;1;07;66;308,816743450606;66
3260373;1;2;1;80;1;1;2;3; ;2; ;2; ; ; ; ;9;2;1;07;66;278,013090653005;66
3260373;1;5;1;80;1;1;4;4; ;2; ;2; ; ; ; ;4;2;1;07;66;278,013090653005;66
3260374;1;1;1;80;1;2; ; ; ;2; ;2; ;2; ;.; ; ;1;07;66;281,686745606991;66
3260374;1;2;1;80;1;2; ; ; ;2; ;2; ;2; ;.; ; ;1;07;66;281,686745606991;66
3260374;1;3;1;80;1;2; ; ; ;2; ;2; ;2; ;.; ; ;1;07;66;281,686745606991;66
3260376;1;1;1;80;1;1;2;3; ;2; ;2; ; ; ; ;9;2;1;07;66;220,796896880864;66
3260378;1;2;1;80;1;1;1;8; ;2; ;2; ; ; ; ;2;2;1;07;66;481,433702595523;66
3260378;1;4;1;80;1;2; ; ; ;2; ;2; ;2; ;.; ; ;1;07;66;481,433702595523;66
3260379;1;2;1;80;1;2; ; ; ;2; ;2; ;2; ;.; ; ;1;07;66;353,868542325979;66
3260379;1;3;1;80;1;2; ; ; ;2; ;2; ;2; ;.; ; ;1;07;66;353,868542325979;66
3260381;1;1;1;80;1;1;4;5; ;3; ;2; ; ; ; ;10;2;1;07;66;265,204176703342;66
3260383;1;1;1;80;1;1;4;3; ;2; ;2; ; ; ; ;9;2;1;07;66;296,595648216717;66
3260385;1;1;1;80;1;1;4;4; ;2; ;2; ; ; ; ;11;2;1;07;66;269,488146504056;66
3260386;1;1;1;80;1;1;4;6; ;2; ;2; ; ; ; ;11;2;1;07;66;288,715923719178;66
3260386;1;2;1;80;1;2; ; ; ;2; ;2; ;2; ;.; ; ;1;07;66;288,715923719178;66
3260387;1;3;1;80;1;2; ; ; ; ; ;2; ;2; ;.; ; ;1;07;66;315,823425431839;66
3260400;1;2;1;80;1;2; ; ; ;2; ;2; ;2; ;.; ; ;1;07;50;1592,32754046323; 
3260402;1;2;1;80;1;1;4;3; ;2; ;2; ; ; ; ;9;2;1;07;50;1888,49723065525; 
3260402;1;4;1;80;1;2; ; ; ; ; ;2; ;2; ;.; ; ;1;07;50;1888,49723065525; 
3260403;1;2;1;80;1;2; ; ; ;2; ;2; ;2; ;.; ; ;1;07;50;1497,49910394482; 
3260404;1;2;1;80;1;1;1;4; ;2; ;2; ; ; ; ;4;2;1;07;50;1812,14255850799; 
3260405;1;2;1;80;1;2; ; ; ;2; ;2; ;2; ;.; ; ;1;07;50;1469,08870174096; 
3260409;1;1;1;80;1;1;1;6; ;2; ;2; ; ; ; ;9;2;1;07;50;1954,9152649698; 
3260409;1;3;1;80;1;2; ; ; ; ; ;2; ;2; ;.; ; ;1;07;50;1954,9152649698; 
3260409;1;5;1;80;1;2; ; ; ; ; ;2; ;2; ;.; ; ;1;07;50;1954,9152649698; 
3260410;1;2;1;80;1;2; ; ; ;2; ;2; ;1;1; ;1; ;1;07;50;1277,68408590006; 
3260411;1;3;1;80;1;2; ; ; ;2; ;2; ;2; ;.; ; ;1;07;50;1501,73920832643; 
3260411;1;4;1;80;1;2; ; ; ;2; ;2; ;2; ;.; ; ;1;07;50;1501,73920832643; 
3260412;1;1;1;80;1;1;3;4; ;2; ;2; ; ; ; ;4;2;1;07;50;1425,0079749118; 
3260414;1;2;1;80;1;1;3;3; ;2; ;2; ; ; ; ;9;2;1;07;50;1472,7328714436; 
3260414;1;3;1;80;1;2; ; ; ; ; ;2; ;2; ;.; ; ;1;07;50;1472,7328714436; 
3260416;1;1;1;80;1;1;4;3; ;2; ;2; ; ; ; ;8;2;1;07;50;1309,80382497378; 
3260426;1;3;1;80;1;2; ; ; ; ; ;2; ;2; ;.; ; ;1;07;50;1255,56615182628; 
3260427;1;1;1;80;1;1;2;3; ;2; ;2; ; ; ; ;1;2;1;07;50;1277,68408590006; 
3260429;1;2;1;80;1;1;1;7; ;2; ;2; ; ; ; ;9;2;1;07;50;2048,84314586486; 
3260429;1;3;1;80;1;2; ; ; ;2; ;2; ;2; ;.; ; ;1;07;50;2048,84314586486; 
3260429;1;4;1;80;1;2; ; ; ; ; ;2; ;2; ;.; ; ;1;07;50;2048,84314586486; 
3260430;1;2;1;80;1;1;4;3; ;2; ;2; ; ; ; ;9;2;1;07;50;1211,26605158551; 
3260431;1;2;1;80;1;1;1;7; ;2; ;2; ; ; ; ;1;2;1;07;50;1232,48161130887; 
3260431;1;4;1;80;1;2; ; ; ;2; ;2; ;2; ;.; ; ;1;07;50;1232,48161130887; 
3260431;1;6;1;80;1;1;4;4; ;2; ;2; ; ; ; ;4;2;1;07;50;1232,48161130887; 
3260431;1;7;1;80;1;1;4;4; ;2; ;2; ; ; ; ;4;2;1;07;50;1232,48161130887; 
3260432;1;1;1;80;1;2; ; ; ;2; ;2; ;2; ;.; ; ;1;07;50;1762,97988161716; 
3260433;1;1;1;80;1;2; ; ; ;2; ;2; ;2; ;.; ; ;1;07;50;1752,29689440548; 
3260438;1;2;1;80;1;1;4;3; ;2; ;2; ; ; ; ;9;2;1;07;50;1469,08870174096; 
3260460;1;1;1;80;1;1;1;8; ;2; ;2; ; ;1; ;1;1;1;07;50;1469,08870174096; 
3260460;1;2;1;80;1;1;4;3; ;2; ;2; ; ; ; ;9;2;1;07;50;1469,08870174096; 
3260463;1;2;1;80;1;2; ; ; ;2; ;2; ;2; ;.; ; ;1;07;50;1283,97655403014; 
3260463;1;3;1;80;1;2; ; ; ;2; ;2; ;2; ;.; ; ;1;07;50;1283,97655403014; 
3260467;1;6;1;80;1;2; ; ; ;2; ;2; ;2; ;.; ; ;1;07;50;2445,07363733696; 
3260477;1;1;1;80;1;1;4;3; ;2; ;2; ; ; ; ;9;2;1;07;50;1448,33642705399; 
3260478;1;1;1;80;1;1;4;5; ;3; ;2; ; ; ; ;10;2;1;07;50;1425,0079749118; 
3260480;1;1;1;80;1;2; ; ; ; ; ;2; ;2; ;.; ; ;1;07;50;1780,70729660934; 
3260481;1;2;1;80;1;1;4;3; ;2; ;2; ; ; ; ;9;2;1;07;50;1309,80382497378; 
3260482;1;1;1;80;1;2; ; ; ;2; ;2; ;2; ;.; ; ;1;07;50;1375,62592460936; 
3260483;1;2;1;80;1;2; ; ; ;2; ;2; ;2; ;.; ; ;1;07;50;1110,74108161599; 
3260484;1;2;1;80;1;2; ; ; ;2; ;2; ;2; ;.; ; ;1;07;50;1059,02676548311; 
3260484;1;3;1;80;1;2; ; ; ;2; ;2; ;2; ;.; ; ;1;07;50;1059,02676548311; 
3260484;1;5;1;80;1;1;1;8; ;2; ;2; ; ; ; ;1;2;1;07;50;1059,02676548311; 
3260486;1;3;1;80;1;2; ; ; ;2; ;2; ;2; ;.; ; ;1;07;50;1444,32246923975; 
3260499;1;1;1;80;1;1;4;4; ;2; ;2; ; ; ; ;4;2;1;07;50;1425,0079749118; 
3260519;1;3;1;80;1;2; ; ; ;2; ;2; ;2; ;.; ; ;1;07;50;1400,61830367794; 
3260520;1;1;1;80;1;1;4;5; ;3; ;2; ; ; ; ;10;2;1;07;50;1347,2155224055; 
3260522;1;2;1;80;1;2; ; ; ; ; ;2; ;2; ;.; ; ;1;07;52;153,184311518139;52
3260523;1;1;1;80;1;1;2;2; ;2; ;2; ; ; ; ;2;2;1;07;52;166,875959859162;52
3260524;1;2;1;80;1;1;3;9;CAMBIO DE DOMICILIO;2; ;2; ; ; ; ;2;2;1;07;52;144,085609514206;52
3260525;1;2;1;80;1;1;2;2; ;2; ;2; ; ; ; ;2;2;1;07;52;173,175257574497;52
3260526;1;2;1;80;1;2; ; ; ;2; ;2; ;2; ;.; ; ;1;07;52;80,2883310719139;52
3260526;1;3;1;80;1;2; ; ; ;2; ;2; ;2; ;.; ; ;1;07;52;80,2883310719139;52
3260527;1;2;1;80;1;1;3;3; ;2; ;2; ; ; ; ;9;2;1;07;52;249,220647449641;52
3260527;1;9;1;80;1;2; ; ; ;2; ;2; ;2; ;.; ; ;1;07;52;249,220647449641;52
3260528;1;2;1;80;1;1;3;8; ;2; ;2; ; ;2; ;8;1;1;07;52;229,745251023674;52
3260529;1;3;1;80;1;1;4;3; ;2; ;2; ; ; ; ;8;2;1;07;52;93,9667459781345;52
3260609;1;2;1;80;1;1;4;4; ;2; ;2; ; ; ; ;4;2;1;07;50;149,370328046073;50
3260612;1;2;1;80;1;1;4;3; ;2; ;2; ; ; ; ;9;2;1;07;50;163,889342840783;50
3260612;1;3;1;80;1;2; ; ; ;2; ;2; ;2; ;.; ; ;1;07;50;163,889342840783;50
3260612;1;5;1;80;1;1;4;3; ;2; ;2; ; ; ; ;4;2;1;07;50;163,889342840783;50
3260614;1;2;1;80;1;2; ; ; ; ; ;2; ;2; ;.; ; ;1;07;50;139,614172630609;50
3260615;1;1;1;80;1;1;4;5; ;3; ;2; ; ; ; ;10;2;1;07;50;183,560376229671;50
3260615;1;3;1;80;1;2; ; ; ;2; ;2; ;2; ;.; ; ;1;07;50;183,560376229671;50
3260615;1;4;1;80;1;2; ; ; ; ; ;2; ;2; ;.; ; ;1;07;50;183,560376229671;50
3260616;1;5;1;80;1;2; ; ; ;2; ;2; ;2; ;.; ; ;1;07;50;122,13022904187;50
3260616;1;6;1;80;1;2; ; ; ; ; ;2; ;2; ;.; ; ;1;07;50;122,13022904187;50
3260617;1;1;1;80;1;1;4;8; ;2; ;2; ; ; ; ;8;2;1;07;50;139,91609293714;50
3260618;1;3;1;80;1;1;1;6; ;2; ;2; ; ; ; ;2;2;1;07;50;145,866662854005;50
3260620;1;2;1;80;1;2; ; ; ;2; ;2; ;2; ;.; ; ;1;07;50;171,840093647278;50
3260620;1;3;1;80;1;2; ; ; ; ; ;2; ;2; ;.; ; ;1;07;50;171,840093647278;50
3260623;1;2;1;80;1;1;1;8; ;2; ;2; ; ; ; ;2;2;1;07;17;233,440819397383;17
3260627;1;1;1;80;1;1;4;3; ;2; ;2; ; ; ; ;9;2;1;07;17;124,203194599399;17
3260629;1;3;1;80;1;2; ; ; ; ; ;2; ;2; ;.; ; ;1;07;17;219,215314763525;17
3260630;1;1;1;80;1;2; ; ; ;2; ;2; ;2; ;.; ; ;1;07;17;153,163965693045;17
3260631;1;2;1;80;1;1;4;5; ;3; ;2; ; ; ; ;11;2;1;07;17;160,484238224528;17
3260632;1;1;1;80;1;2; ; ; ;2; ;2; ;2; ;.; ; ;1;07;17;320,90227431067;17
3260633;1;2;1;80;1;2; ; ; ;2; ;2; ;2; ;.; ; ;1;07;17;422,048144716846;17
3260633;1;3;1;80;1;2; ; ; ; ; ;2; ;2; ;.; ; ;1;07;17;422,048144716846;17
3260634;1;4;1;80;1;1;4;3; ;2; ;2; ; ; ; ;9;2;1;07;17;151,207598881156;17
3260637;1;1;1;80;1;1;3;7; ;3; ;2; ; ; ; ;1;2;1;07;17;258,060529149177;17
3260637;1;2;1;80;1;1;4;3; ;2; ;2; ; ; ; ;9;2;1;07;17;258,060529149177;17
3260637;1;3;1;80;1;2; ; ; ;2; ;2; ;2; ;.; ; ;1;07;17;258,060529149177;17
3260640;1;2;1;80;1;1;2;3; ;2; ;2; ; ; ; ;9;2;1;07;17;205,260276031649;17
3260640;1;4;1;80;1;2; ; ; ;2; ;2; ;2; ;.; ; ;1;07;17;205,260276031649;17
3260641;1;1;1;80;1;1;4;5; ;3; ;2; ; ; ; ;10;2;1;07;17;229,123511248124;17
3260642;1;1;1;80;1;1;4;3; ;2; ;2; ; ; ; ;9;2;1;07;17;146,225632521477;17
3260643;1;1;1;80;1;1;4;5; ;3; ;2; ; ; ; ;10;2;1;07;17;266,093684532795;17
3260643;1;2;1;80;1;2; ; ; ;2; ;2; ;2; ;.; ; ;1;07;17;266,093684532795;17
3260643;1;3;1;80;1;2; ; ; ;2; ;2; ;2; ;.; ; ;1;07;17;266,093684532795;17
3260643;1;5;1;80;1;1;1;4; ;2; ;2; ; ; ; ;4;2;1;07;17;266,093684532795;17
3260643;1;6;1;80;1;2; ; ; ;2; ;2; ;2; ;.; ; ;1;07;17;266,093684532795;17
3260645;1;2;1;80;1;1;1;8; ;2; ;2; ; ; ; ;9;2;1;07;17;143,920427418867;17
3260647;1;2;1;80;1;1;4;8; ;2; ;2; ; ; ; ;9;2;1;07;17;186,357974248469;17
3260648;1;1;1;80;1;2; ; ; ;2; ;2; ;2; ;.; ; ;1;07;17;160,451137155335;17
3260649;1;2;1;80;1;1;4;9;PROBLEMAS DE ALCOHOL;2; ;2; ; ; ; ;11;2;1;07;17;160,484238224528;17
3260656;1;1;1;80;1;2; ; ; ;2; ;2; ;2; ;.; ; ;1;07;76;983,421949536192;76
3260662;1;1;1;80;1;2; ; ; ;2; ;2; ;2; ;.; ; ;1;07;76;983,421949536192;76
3260664;1;1;1;80;1;1;2;8; ;3; ;2; ; ; ; ;11;2;1;07;76;856,210516832777;76
3260666;1;2;1;80;1;2; ; ; ;2; ;2; ;1;3; ;9; ;1;07;76;1231,6486936289;76
3260667;1;2;1;80;1;1;1;1; ;2; ;2; ; ; ; ;3;2;1;07;76;957,98983885335;76
3260668;1;2;1;80;1;1;4;3; ;2; ;2; ; ; ; ;9;2;1;07;76;927,973171389111;76
3260670;1;2;1;80;1;1;3;3; ;2; ;2; ; ; ; ;9;2;1;07;76;1120,55217811791;76
3260670;1;4;1;80;1;2; ; ; ; ; ;2; ;2; ;.; ; ;1;07;76;1120,55217811791;76
3260672;1;2;1;80;1;1;4;8; ;2; ;2; ; ;1; ;5;1;1;07;76;911,659294979858;76
3260674;1;1;1;80;1;2; ; ; ;2; ;2; ;2; ;.; ; ;1;07;18;57,5560154382672;18
3260675;1;1;1;80;1;1;3;3; ;2; ;2; ; ; ; ;9;2;1;07;18;35,6958024365162;18
3260679;1;2;1;80;1;1;3;4; ;2; ;2; ; ; ; ;4;2;1;07;18;72,1507933122531;18
3260679;1;4;1;80;1;2; ; ; ; ; ;2; ;2; ;.; ; ;1;07;18;72,1507933122531;18
3260679;1;5;1;80;1;1;3;3; ;2; ;2; ; ; ; ;9;2;1;07;18;72,1507933122531;18
3260681;1;1;1;80;1;1;2;4; ;2; ;2; ; ; ; ;4;2;1;07;18;88,994822680569;18
3260681;1;5;1;80;1;2; ; ; ;2; ;2; ;2; ;.; ; ;1;07;18;88,994822680569;18
3260682;1;1;1;80;1;1;4;8; ;2; ;2; ; ; ; ;9;2;1;07;18;64,6044915404936;18
3260682;1;2;1;80;1;2; ; ; ; ; ;2; ;2; ;.; ; ;1;07;18;64,6044915404936;18
3260683;1;1;1;80;1;1;4;4; ;2; ;2; ; ; ; ;8;2;1;07;18;68,5009975497008;18
3260683;1;2;1;80;1;1;4;4; ;2; ;2; ; ; ; ;4;2;1;07;18;68,5009975497008;18
3260684;1;2;1;80;1;2; ; ; ; ; ;2; ;2; ;.; ; ;1;07;18;52,184650963531;18
3260685;1;1;1;80;1;1;4;5; ;3; ;2; ; ; ; ;10;2;1;07;18;75,4843796481618;18
3260686;1;1;1;80;1;1;3;8; ;2; ;2; ; ; ; ;1;2;1;07;18;42,4922595052673;18
3260686;1;2;1;80;1;2; ; ; ;2; ;2; ;2; ;.; ; ;1;07;18;42,4922595052673;18
3260686;1;3;1;80;1;1;3;4; ;2; ;2; ; ; ; ;4;2;1;07;18;42,4922595052673;18
3260689;1;2;1;80;1;1;3;3; ;2; ;2; ; ; ; ;9;2;1;07;18;70,482339822644;18
3260690;1;1;1;80;1;1;4;5; ;3; ;2; ; ; ; ;8;2;1;07;18;64,3810394038005;18
3260691;1;1;1;80;1;2; ; ; ;2; ;2; ;2; ;.; ; ;1;07;18;105,681669531984;18
3260691;1;2;1;80;1;1;1;2; ;2; ;2; ; ; ; ;2;2;1;07;18;105,681669531984;18
3260692;1;2;1;80;1;2; ; ; ;2; ;2; ;2; ;.; ; ;1;07;18;74,1116020535314;18
3260693;1;3;1;80;1;2; ; ; ; ; ;2; ;2; ;.; ; ;1;07;18;110,706979771757;18
3260694;1;3;1;80;1;1;4;6; ;2; ;2; ; ; ; ;8;2;1;07;18;159,019778681132;18
3260696;1;2;1;80;1;2; ; ; ;2; ;2; ;2; ;.; ; ;1;07;20;195,642599096462;20
3260696;1;5;1;80;1;2; ; ; ; ; ;2; ;2; ;.; ; ;1;07;20;195,642599096462;20
3260697;1;1;1;80;1;1;4;5; ;3; ;2; ; ; ; ;10;2;1;07;20;111,839373000021;20
3260697;1;2;1;80;1;2; ; ; ;2; ;2; ;1;4; ;8; ;1;07;20;111,839373000021;20
3260699;1;3;1;80;1;2; ; ; ;2; ;2; ;2; ;.; ; ;1;07;20;135,778246467619;20
3260700;1;4;1;80;1;1;1;4; ;2; ;2; ; ; ; ;8;2;1;07;20;98,1986699719842;20
3260702;1;2;1;80;1;1;4;4; ;2; ;2; ; ; ; ;4;2;1;07;20;137,991250019299;20
3260703;1;3;1;80;1;2; ; ; ; ; ;2; ;2; ;.; ; ;1;07;20;126,868447343836;20
3260704;1;1;1;80;1;2; ; ; ;2; ;2; ;2; ;.; ; ;1;07;20;119,650152643451;20
3260704;1;4;1;80;1;2; ; ; ; ; ;2; ;2; ;.; ; ;1;07;20;119,650152643451;20
3260705;1;3;1;80;1;2; ; ; ; ; ;2; ;2; ;.; ; ;1;07;20;151,087902571226;20
3260706;1;1;1;80;1;1;2;8; ;2; ;2; ; ;1; ;1;1;1;07;20;131,557677468963;20
3260707;1;1;1;80;1;1;4;8; ;2; ;2; ; ;4; ;9;1;1;07;20;80,3790717244178;20
3260709;1;2;1;80;1;1;4;3; ;2; ;2; ; ; ; ;9;2;1;07;20;136,863844422993;20
3260711;1;1;1;80;1;1;4;3; ;2; ;2; ; ; ; ;8;2;1;07;20;98,1695696197322;20
3260711;1;2;1;80;1;1;2;4; ;2; ;2; ; ; ; ;4;2;1;07;20;98,1695696197322;20
3260711;1;3;1;80;1;2; ; ; ;2; ;2; ;2; ;.; ; ;1;07;20;98,1695696197322;20
3260711;1;4;1;80;1;2; ; ; ;2; ;2; ;2; ;.; ; ;1;07;20;98,1695696197322;20
3260715;1;1;1;80;1;1;4;3; ;2; ;2; ; ; ; ;8;2;1;07;20;121,533894273853;20
3260715;1;2;1;80;1;1;4;4; ;2; ;2; ; ; ; ;4;2;1;07;20;121,533894273853;20
3260716;1;2;1;80;1;2; ; ; ; ; ;2; ;2; ;.; ; ;1;07;20;69,3958254983106;20
3260717;1;1;1;80;1;1;4;3; ;2; ;2; ; ; ; ;4;2;1;07;54;389,216424759308;54
3260719;1;5;1;80;1;2; ; ; ;2; ;2; ;2; ;.; ; ;1;07;47;138,913366077054;47
3260720;1;1;1;80;1;1;4;5; ;3; ;2; ; ; ; ;10;2;1;07;47;194,319075579555;47
3260720;1;2;1;80;1;2; ; ; ;2; ;2; ;2; ;.; ; ;1;07;47;194,319075579555;47
3260720;1;3;1;80;1;2; ; ; ;2; ;2; ;2; ;.; ; ;1;07;47;194,319075579555;47
3260721;1;2;1;80;1;1;4;4; ;2; ;2; ; ; ; ;4;2;1;07;47;180,576958606995;47
3260721;1;3;1;80;1;2; ; ; ;2; ;2; ;2; ;.; ; ;1;07;47;180,576958606995;47
3260722;1;2;1;80;1;1;4;3; ;2; ;2; ; ; ; ;9;2;1;07;47;224,073491956938;47
3260723;1;1;1;80;1;1;4;9;DESPLAZAMIENTO FORZADO;2; ;2; ; ; ; ;8;2;1;07;47;199,784091553018;47
3260723;1;6;1;80;1;2; ; ; ;2; ;2; ;2; ;.; ; ;1;07;47;199,784091553018;47
3260724;1;2;1;80;1;1;3;6; ;2; ;2; ; ; ; ;8;2;1;07;47;194,560977619748;47
3260724;1;5;1;80;1;2; ; ; ;2; ;2; ;2; ;.; ; ;1;07;47;194,560977619748;47
3260725;1;3;1;80;1;2; ; ; ;2; ;2; ;2; ;.; ; ;1;07;47;151,064444269805;47
3260725;1;4;1;80;1;2; ; ; ; ; ;2; ;2; ;.; ; ;1;07;47;151,064444269805;47
3260727;1;3;1;80;1;2; ; ; ; ; ;2; ;2; ;.; ; ;1;07;47;178,589565965913;47
3260729;1;1;1;80;1;1;4;7; ;2; ;2; ; ; ; ;8;2;1;07;47;117,754402373896;47
3260729;1;2;1;80;1;1;4;3; ;2; ;2; ; ; ; ;9;2;1;07;47;117,754402373896;47
3260729;1;3;1;80;1;1;4;3; ;2; ;2; ; ; ; ;8;2;1;07;47;117,754402373896;47
3260730;1;1;1;80;1;1;4;3; ;2; ;2; ; ; ; ;9;2;1;07;47;87,4483495145594;47
3260730;1;4;1;80;1;2; ; ; ;2; ;2; ;2; ;.; ; ;1;07;47;87,4483495145594;47
3260732;1;1;1;80;1;1;4;4; ;2; ;2; ; ; ; ;4;2;1;07;47;137,898986848485;47
3260732;1;3;1;80;1;1;4;8; ;2; ;2; ; ; ; ;5;2;1;07;47;137,898986848485;47
3260732;1;7;1;80;1;1;1;3; ;2; ;2; ; ; ; ;9;2;1;07;47;137,898986848485;47
3260734;1;1;1;80;1;1;4;3; ;2; ;2; ; ; ; ;8;2;1;07;47;155,570676145963;47
3260735;1;1;1;80;1;1;4;5; ;3; ;2; ; ; ; ;10;2;1;07;47;173,046547806306;47
3260735;1;3;1;80;1;2; ; ; ;2; ;2; ;2; ;.; ; ;1;07;47;173,046547806306;47
3260736;1;2;1;80;1;2; ; ; ; ; ;2; ;2; ;.; ; ;1;07;47;162,051145834136;47
3260738;1;1;1;80;1;1;4;5; ;3; ;2; ; ; ; ;10;2;1;07;47;87,4483495145594;47
3260738;1;3;1;80;1;1;4;8; ;2; ;2; ; ; ; ;9;2;1;07;47;87,4483495145594;47
3260740;1;3;1;80;1;1;4;3; ;2; ;2; ; ; ; ;9;2;1;07;47;124,234872062069;47
3260740;1;4;1;80;1;1;4;4; ;2; ;2; ; ; ; ;4;2;1;07;47;124,234872062069;47
3260741;1;3;1;80;1;2; ; ; ;2; ;2; ;2; ;.; ; ;1;07;47;222,086099315857;47
3260741;1;4;1;80;1;2; ; ; ; ; ;2; ;2; ;.; ; ;1;07;47;222,086099315857;47
3260742;1;1;1;80;1;1;4;4; ;2; ;2; ; ; ; ;4;2;1;07;47;167,730330925872;47
3260742;1;2;1;80;1;2; ; ; ;2; ;2; ;2; ;.; ; ;1;07;47;167,730330925872;47
3260742;1;3;1;80;1;1;2;3; ;2; ;2; ; ; ; ;9;2;1;07;47;167,730330925872;47
3260743;1;1;1;80;1;1;2;4; ;2; ;2; ; ; ; ;4;2;1;07;47;87,4483495145594;47
3260743;1;2;1;80;1;1;1;7; ;2; ;2; ; ; ; ;7;2;1;07;47;87,4483495145594;47
3260743;1;4;1;80;1;1;4;5; ;3; ;2; ; ; ; ;10;2;1;07;47;87,4483495145594;47
3260743;1;5;1;80;1;1;3;7; ;2; ;2; ; ; ; ;1;2;1;07;47;87,4483495145594;47
3260743;1;7;1;80;1;2; ; ; ;2; ;2; ;2; ;.; ; ;1;07;47;87,4483495145594;47
3260743;1;8;1;80;1;2; ; ; ; ; ;2; ;2; ;.; ; ;1;07;47;87,4483495145594;47
3260744;1;3;1;80;1;1;3;2; ;2; ;2; ; ; ; ;2;2;1;07;47;87,4483495145594;47
3260744;1;4;1;80;1;2; ; ; ;2; ;2; ;1;2; ;2; ;1;07;47;87,4483495145594;47
3260745;1;5;1;80;1;2; ; ; ; ; ;2; ;2; ;.; ; ;1;07;47;298,788013939785;47
3260745;1;9;1;80;1;2; ; ; ;2; ;2; ;2; ;.; ; ;1;07;47;298,788013939785;47
3260746;1;1;1;80;1;1;4;4; ;2; ;2; ; ; ; ;4;2;1;07;47;118,554612484193;47
3260748;1;2;1;80;1;1;2;3; ;2; ;2; ; ; ; ;9;2;1;07;47;178,589565965913;47
3260748;1;4;1;80;1;2; ; ; ;2; ;2; ;2; ;.; ; ;1;07;47;178,589565965913;47
3260749;1;1;1;80;1;1;2;3; ;2; ;2; ; ; ; ;9;2;1;07;47;210,240899074563;47
3260749;1;2;1;80;1;1;4;4; ;2; ;2; ; ; ; ;4;2;1;07;47;210,240899074563;47
3260751;1;2;1;80;1;1;3;3; ;2; ;2; ; ; ; ;9;2;1;07;47;185,156614427388;47
3260752;1;2;1;80;1;1;2;3; ;2; ;2; ; ; ; ;9;2;1;07;47;117,95529284242;47
3260752;1;5;1;80;1;1;4;4; ;2; ;2; ; ; ; ;4;2;1;07;47;117,95529284242;47
3260753;1;1;1;80;1;1;4;5; ;3; ;2; ; ; ; ;10;2;1;07;47;137,080425257051;47
3260753;1;2;1;80;1;2; ; ; ;2; ;2; ;2; ;.; ; ;1;07;47;137,080425257051;47
3260754;1;3;1;80;1;2; ; ; ;2; ;2; ;2; ;.; ; ;1;07;47;102,024892760254;47
3260755;1;2;1;80;1;1;4;3; ;2; ;2; ; ; ; ;9;2;1;07;47;145,471837951371;47
3260757;1;1;1;80;1;1;4;4; ;2; ;2; ; ; ; ;4;2;1;07;18;222,511804899068; 
3260758;1;2;1;80;1;2; ; ; ;2; ;2; ;2; ;.; ; ;1;07;18;512,432633433421; 
3260759;1;2;1;80;1;1;4;3; ;2; ;2; ; ; ; ;8;2;1;07;18;322,198088047867; 
3260761;1;2;1;80;1;2; ; ; ; ; ;2; ;2; ;.; ; ;1;07;18;586,251413801102; 
3260763;1;2;1;80;1;2; ; ; ;2; ;2; ;2; ;.; ; ;1;07;18;494,108886277171; 
3260764;1;3;1;80;1;2; ; ; ; ; ;2; ;2; ;.; ; ;1;07;18;521,252730430879; 
3260764;1;5;1;80;1;1;1;4; ;2; ;2; ; ; ; ;4;2;1;07;18;521,252730430879; 
3260764;1;7;1;80;1;2; ; ; ;2; ;2; ;2; ;.; ; ;1;07;18;521,252730430879; 
3260765;1;1;1;80;1;2; ; ; ;2; ;2; ;2; ;.; ; ;1;07;18;288,90590898557; 
3260765;1;4;1;80;1;2; ; ; ;2; ;2; ;2; ;.; ; ;1;07;18;288,90590898557; 
3260766;1;2;1;80;1;2; ; ; ;2; ;2; ;2; ;.; ; ;1;07;18;295,956351612398; 
3260766;1;4;1;80;1;2; ; ; ;2; ;2; ;2; ;.; ; ;1;07;18;295,956351612398; 
3260767;1;1;1;80;1;1;3;4; ;2; ;2; ; ; ; ;4;2;1;07;18;222,511804899068; 
3260768;1;3;1;80;1;2; ; ; ;2; ;2; ;2; ;.; ; ;1;07;18;295,956351612398; 
3260768;1;4;1;80;1;2; ; ; ; ; ;2; ;2; ;.; ; ;1;07;18;295,956351612398; 
3260769;1;1;1;80;1;2; ; ; ;2; ;2; ;2; ;.; ; ;1;07;18;688,196811670197; 
3260769;1;3;1;80;1;2; ; ; ;2; ;2; ;2; ;.; ; ;1;07;18;688,196811670197; 
3260769;1;5;1;80;1;2; ; ; ;2; ;2; ;2; ;.; ; ;1;07;18;688,196811670197; 
3260770;1;2;1;80;1;2; ; ; ;2; ;2; ;2; ;.; ; ;1;07;18;518,161578084437; 
3260779;1;2;1;80;1;2; ; ; ;2; ;2; ;2; ;.; ; ;1;07;18;340,322990633219; 
3260779;1;3;1;80;1;2; ; ; ;2; ;2; ;2; ;.; ; ;1;07;18;340,322990633219; 
3260790;1;2;1;80;1;2; ; ; ;2; ;2; ;2; ;.; ; ;1;07;18;462,582335715869; 
3260790;1;4;1;80;1;2; ; ; ;2; ;2; ;2; ;.; ; ;1;07;18;462,582335715869; 
3260795;1;1;1;80;1;1;4;4; ;2; ;2; ; ; ; ;4;2;1;07;18;222,511804899068; 
3260795;1;2;1;80;1;2; ; ; ;2; ;2; ;2; ;.; ; ;1;07;18;222,511804899068; 
3260796;1;2;1;80;1;2; ; ; ;2; ;2; ;2; ;.; ; ;1;07;18;322,198088047867; 
3260797;1;1;1;80;1;2; ; ; ;2; ;2; ;2; ;.; ; ;1;07;18;661,896523851454; 
3260798;1;2;1;80;1;1;4;3; ;2; ;2; ; ; ; ;9;2;1;07;18;405,375608235529; 
3260798;1;4;1;80;1;2; ; ; ; ; ;2; ;2; ;.; ; ;1;07;18;405,375608235529; 
3260798;1;5;1;80;1;2; ; ; ; ; ;2; ;2; ;.; ; ;1;07;18;405,375608235529; 
3260801;1;2;1;80;1;2; ; ; ;2; ;2; ;2; ;.; ; ;1;07;18;512,432633433421; 
3260802;1;2;1;80;1;2; ; ; ;2; ;2; ;2; ;.; ; ;1;07;18;384,68962965404; 
3260812;1;2;1;80;1;2; ; ; ;2; ;2; ;2; ;.; ; ;1;07;18;716,212680224234; 
3260812;1;3;1;80;1;2; ; ; ; ; ;2; ;2; ;.; ; ;1;07;18;716,212680224234; 
3260814;1;2;1;80;1;2; ; ; ;2; ;2; ;1;4; ;9; ;1;07;18;231,01836942385; 
3260814;1;3;1;80;1;2; ; ; ; ; ;2; ;2; ;.; ; ;1;07;18;231,01836942385; 
3260814;1;5;1;80;1;2; ; ; ;2; ;2; ;2; ;.; ; ;1;07;18;231,01836942385; 
3260815;1;2;1;80;1;2; ; ; ;2; ;2; ;2; ;.; ; ;1;07;18;494,108886277171; 
3260815;1;3;1;80;1;2; ; ; ; ; ;2; ;2; ;.; ; ;1;07;18;494,108886277171; 
3260816;1;2;1;80;1;2; ; ; ;2; ;2; ;2; ;.; ; ;1;07;18;421,252914809403; 
3260816;1;3;1;80;1;2; ; ; ; ; ;2; ;2; ;.; ; ;1;07;18;421,252914809403; 
3260816;1;4;1;80;1;2; ; ; ; ; ;2; ;2; ;.; ; ;1;07;18;421,252914809403; 
3260817;1;1;1;80;1;1;4;3; ;2; ;2; ; ; ; ;9;2;1;07;63;133,429044685834;63
3260818;1;2;1;80;1;1;1;8; ;2; ;2; ; ;1; ;9;1;1;07;63;142,80546889355;63
3260818;1;3;1;80;1;1;1;2; ;2; ;1;100000; ; ; ;2;2;1;07;63;142,80546889355;63
3260820;1;1;1;80;1;1;3;8; ;2; ;2; ; ;1; ;2;1;1;07;63;505,622745507054;63
3260821;1;1;1;80;1;1;4;4; ;2; ;2; ; ; ; ;4;2;1;07;63;131,13341268487;63
3260823;1;1;1;80;1;1;4;8; ;2; ;2; ; ; ; ;4;2;1;07;63;162,991522699192;63
3260823;1;2;1;80;1;1;4;3; ;2; ;2; ; ; ; ;9;2;1;07;63;162,991522699192;63
3260824;1;2;1;80;1;1;1;8; ;2; ;2; ; ;1;POR SER MENOR DE EDAD NO ES EMPLEADO;12;1;1;07;63;160,616862289731;63
3260826;1;1;1;80;1;1;4;8; ;2; ;2; ; ; ; ;9;2;1;07;63;132,143253329677;63
3260829;1;1;1;80;1;1;4;5; ;3; ;2; ; ; ; ;10;2;1;07;63;131,13341268487;63
3260829;1;2;1;80;1;1;4;3; ;2; ;2; ; ; ; ;9;2;1;07;63;131,13341268487;63
3260831;1;2;1;80;1;1;2;8; ;2; ;2; ; ;1; ;9;1;1;07;63;160,616862289731;63
3260832;1;2;1;80;1;2; ; ; ;2; ;2; ;2; ;.; ; ;1;07;63;138,15677099394;63
3260833;1;1;1;80;1;1;4;5; ;3; ;2; ; ; ; ;10;2;1;07;63;126,088560355437;63
3260833;1;2;1;80;1;2; ; ; ;2; ;2; ;2; ;.; ; ;1;07;63;126,088560355437;63
3260833;1;3;1;80;1;1;4;3; ;2; ;2; ; ; ; ;9;2;1;07;63;126,088560355437;63
3260835;1;1;1;80;1;1;4;5; ;3; ;2; ; ; ; ;10;2;1;07;63;138,15677099394;63
3260835;1;2;1;80;1;1;4;3; ;2; ;2; ; ; ; ;9;2;1;07;63;138,15677099394;63
3260836;1;1;1;80;1;1;4;4; ;2; ;2; ; ; ; ;4;2;1;07;18;222,511804899068; 
3260836;1;2;1;80;1;2; ; ; ;2; ;2; ;2; ;.; ; ;1;07;18;222,511804899068; 
3260837;1;2;1;80;1;2; ; ; ;2; ;2; ;2; ;.; ; ;1;07;18;630,618052821923; 
3260838;1;1;1;80;1;2; ; ; ;2; ;2; ;1;4; ;8; ;1;07;18;222,511804899068; 
3260838;1;2;1;80;1;2; ; ; ;2; ;2; ;2; ;.; ; ;1;07;18;222,511804899068; 
3260838;1;3;1;80;1;2; ; ; ; ; ;2; ;2; ;.; ; ;1;07;18;222,511804899068; 
3260839;1;2;1;80;1;1;2;3; ;2; ;2; ; ; ; ;9;2;1;07;18;635,28275604805; 
3260840;1;2;1;80;1;1;2;3; ;2; ;2; ; ; ; ;9;2;1;07;18;362,01927640751; 
3260842;1;3;1;80;1;2; ; ; ; ; ;2; ;2; ;.; ; ;1;07;18;335,658287407092; 
3260843;1;1;1;80;1;1;1;3; ;2; ;2; ; ; ; ;9;2;1;07;18;784,722045601722; 
3260844;1;2;1;80;1;2; ; ; ; ; ;2; ;2; ;.; ; ;1;07;18;222,511804899068; 
3260844;1;5;1;80;1;1;4;3; ;2; ;2; ; ; ; ;9;2;1;07;18;222,511804899068; 
3260845;1;2;1;80;1;2; ; ; ;2; ;2; ;2; ;.; ; ;1;07;18;222,511804899068; 
3260846;1;2;1;80;1;1;4;3; ;2; ;2; ; ; ; ;9;2;1;07;18;222,511804899068; 
3260847;1;2;1;80;1;1;2;2; ;2; ;2; ; ; ; ;2;2;1;07;18;518,161578084437; 
3260848;1;3;1;80;1;2; ; ; ;2; ;2; ;2; ;.; ; ;1;07;18;222,511804899068; 
3260849;1;2;1;80;1;2; ; ; ; ; ;2; ;2; ;.; ; ;1;07;18;228,547327977113; 
3260858;1;1;1;80;1;1;4;4; ;2; ;2; ; ; ; ;4;2;1;07;18;222,511804899068; 
3260858;1;2;1;80;1;1;4;3; ;2; ;2; ; ; ; ;9;2;1;07;18;222,511804899068; 
3260869;1;2;1;80;1;1;4;3; ;2; ;2; ; ; ; ;9;2;1;07;18;473,794939063616; 
3260869;1;3;1;80;1;2; ; ; ;2; ;2; ;2; ;.; ; ;1;07;18;473,794939063616; 
3260873;1;1;1;80;1;1;2;3; ;2; ;2; ; ; ; ;9;2;1;07;18;222,511804899068; 
3260873;1;2;1;80;1;1;4;4; ;2; ;2; ; ; ; ;8;2;1;07;18;222,511804899068; 
3260873;1;3;1;80;1;2; ; ; ;2; ;2; ;2; ;.; ; ;1;07;18;222,511804899068; 
3260874;1;2;1;80;1;2; ; ; ; ; ;2; ;2; ;.; ; ;1;07;18;362,01927640751; 
3260875;1;2;1;80;1;1;2;3; ;2; ;2; ; ; ; ;9;2;1;07;18;637,729196630426; 
3260879;1;1;1;80;1;1;1;4; ;2; ;2; ; ; ; ;4;2;1;07;18;433,811006450389; 
3260880;1;1;1;80;1;1;4;3; ;2; ;2; ; ; ; ;8;2;1;07;18;222,511804899068; 
3260880;1;3;1;80;1;2; ; ; ; ; ;2; ;2; ;.; ; ;1;07;18;222,511804899068; 
3260881;1;2;1;80;1;2; ; ; ;2; ;2; ;2; ;.; ; ;1;07;18;645,904581863818; 
3260890;1;2;1;80;1;2; ; ; ;2; ;2; ;1;4; ;1; ;1;07;18;222,511804899068; 
3260890;1;3;1;80;1;2; ; ; ;2; ;2; ;2; ;.; ; ;1;07;18;222,511804899068; 
3260891;1;2;1;80;1;2; ; ; ;2; ;2; ;2; ;.; ; ;1;07;18;368,812323080166; 
3260893;1;2;1;80;1;2; ; ; ;2; ;2; ;2; ;.; ; ;1;07;18;473,794939063616; 
3260893;1;3;1;80;1;2; ; ; ; ; ;2; ;2; ;.; ; ;1;07;18;473,794939063616; 
3260894;1;1;1;80;1;1;1;8; ;2; ;2; ; ; ; ;1;2;1;07;18;380,024926427912; 
3260894;1;2;1;80;1;2; ; ; ; ; ;2; ;2; ;.; ; ;1;07;18;380,024926427912; 
3260895;1;3;1;80;1;2; ; ; ;2; ;2; ;2; ;.; ; ;1;07;18;460,954850604097; 
3260896;1;2;1;80;1;2; ; ; ;2; ;2; ;2; ;.; ; ;1;07;18;368,812323080166; 
3260896;1;3;1;80;1;2; ; ; ;2; ;2; ;2; ;.; ; ;1;07;18;368,812323080166; 
3260897;1;1;1;80;1;1;4;3; ;2; ;2; ; ; ; ;9;2;1;07;18;222,511804899068; 
3260898;1;2;1;80;1;1;4;8; ;2; ;2; ; ; ; ;4;2;1;07;18;222,511804899068; 
3260899;1;3;1;80;1;2; ; ; ;2; ;2; ;2; ;.; ; ;1;07;18;222,511804899068; 
3260900;1;2;1;80;1;2; ; ; ;2; ;2; ;2; ;.; ; ;1;07;18;222,511804899068; 
3260901;1;2;1;80;1;1;1;8; ;2; ;2; ; ; ; ;9;2;1;07;18;866,035399121415; 
3260901;1;3;1;80;1;2; ; ; ; ; ;2; ;2; ;.; ; ;1;07;18;866,035399121415; 
3260904;1;2;1;80;1;1;4;3; ;2; ;2; ; ; ; ;9;2;1;07;18;222,511804899068; 
3260905;1;2;1;80;1;2; ; ; ; ; ;2; ;2; ;.; ; ;1;07;18;362,01927640751; 
3260906;1;2;1;80;1;1;4;3; ;2; ;2; ; ; ; ;9;2;1;07;18;222,511804899068; 
3260906;1;5;1;80;1;2; ; ; ;2; ;2; ;2; ;.; ; ;1;07;18;222,511804899068; 
3260906;1;6;1;80;1;1;4;7; ;2; ;2; ; ; ; ;8;2;1;07;18;222,511804899068; 
3260908;1;3;1;80;1;2; ; ; ; ; ;2; ;2; ;.; ; ;1;07;18;732,563450691018; 
3260928;1;1;1;80;1;1;4;5; ;3; ;2; ; ; ; ;10;2;1;07;18;386,997926847192; 
3260934;1;2;1;80;1;2; ; ; ;2; ;2; ;2; ;.; ; ;1;07;18;487,315839604515; 
3260935;1;2;1;80;1;1;4;3; ;2; ;2; ; ; ; ;9;2;1;07;18;449,74224725635; 
3260935;1;3;1;80;1;2; ; ; ;2; ;2; ;2; ;.; ; ;1;07;18;449,74224725635; 
3260935;1;4;1;80;1;2; ; ; ;2; ;2; ;2; ;.; ; ;1;07;18;449,74224725635; 
3260936;1;2;1;80;1;1;2;8; ;2; ;2; ; ; ; ;11;2;1;07;18;353,843891174118; 
3260937;1;2;1;80;1;1;4;3; ;2; ;2; ; ; ; ;9;2;1;07;18;222,511804899068; 
3260938;1;1;1;80;1;1;4;7; ;2; ;2; ; ; ; ;8;2;1;07;18;222,511804899068; 
3260939;1;2;1;80;1;2; ; ; ;2; ;2; ;2; ;.; ; ;1;07;18;505,321489624917; 
3260940;1;2;1;80;1;2; ; ; ; ; ;2; ;2; ;.; ; ;1;07;18;335,658287407092; 
3260940;1;3;1;80;1;2; ; ; ; ; ;2; ;2; ;.; ; ;1;07;18;335,658287407092; 
3260942;1;1;1;80;1;2; ; ; ;2; ;2; ;2; ;.; ; ;1;07;18;222,511804899068; 
3260942;1;2;1;80;1;2; ; ; ;2; ;2; ;2; ;.; ; ;1;07;18;222,511804899068; 
3260950;1;2;1;80;1;1;4;7; ;2; ;2; ; ;3; ;1;1;1;07;18;279,989010489123; 
3260950;1;4;1;80;1;2; ; ; ;2; ;2; ;2; ;.; ; ;1;07;18;279,989010489123; 
3260951;1;1;1;80;1;1;1;7; ;2; ;1;280000; ; ; ;1;2;1;07;18;418,806474227027; 
3260951;1;2;1;80;1;1;2;4; ;2; ;2; ; ; ; ;4;2;1;07;18;418,806474227027; 
3260951;1;3;1;80;1;2; ; ; ; ; ;2; ;2; ;.; ; ;1;07;18;418,806474227027; 
3260952;1;1;1;80;1;2; ; ; ;2; ;2; ;2; ;.; ; ;1;07;18;222,511804899068; 
3260952;1;2;1;80;1;1;4;4; ;2; ;2; ; ; ; ;4;2;1;07;18;222,511804899068; 
3260953;1;1;1;80;1;1;4;4; ;2; ;2; ; ; ; ;4;2;1;07;18;222,511804899068; 
3260953;1;2;1;80;1;1;4;3; ;2; ;2; ; ; ; ;8;2;1;07;18;222,511804899068; 
3260953;1;3;1;80;1;1;4;4; ;2; ;2; ; ; ; ;4;2;1;07;18;222,511804899068; 
3260954;1;3;1;80;1;2; ; ; ;2; ;2; ;2; ;.; ; ;1;07;18;350,806673059763; 
3260957;1;1;1;80;1;1;1;4; ;2; ;2; ; ; ; ;1;2;1;07;44;67,1448743175321;44
3260957;1;2;1;80;1;2; ; ; ;2; ;2; ;2; ;.; ; ;1;07;44;67,1448743175321;44
3260957;1;3;1;80;1;1;4;5; ;2; ;2; ; ; ; ;8;2;1;07;44;67,1448743175321;44
3260958;1;1;1;80;1;2; ; ; ;2; ;2; ;2; ;.; ; ;1;07;44;88,5107672124748;44
3260958;1;4;1;80;1;1;1;7; ;2; ;2; ; ; ; ;9;2;1;07;44;88,5107672124748;44
3260959;1;1;1;80;1;1;4;6; ;2; ;2; ; ; ; ;8;2;1;07;44;78,8164780509829;44
3260961;1;3;1;80;1;1;2;6; ;2; ;2; ; ;1; ;1;1;1;07;44;93,515813395073;44
3260962;1;1;1;80;1;1;3;8; ;2; ;2; ; ; ; ;4;2;1;07;44;58,4645548007141;44
3260962;1;2;1;80;1;2; ; ; ;2; ;2; ;2; ;.; ; ;1;07;44;58,4645548007141;44
3260963;1;1;1;80;1;1;4;9;CAMBIO DE CIUDAD;2; ;2; ; ; ; ;4;2;1;07;44;78,8164780509829;44
3260964;1;3;1;80;1;2; ; ; ;2; ;2; ;2; ;.; ; ;1;07;44;83,2543268049354;44
3260967;1;1;1;80;1;1;1;4; ;2; ;2; ; ; ; ;4;2;1;07;44;64,5569059525342;44
3260969;1;2;1;80;1;2; ; ; ;2; ;2; ;2; ;.; ; ;1;07;44;83,7347732441819;44
3260969;1;3;1;80;1;2; ; ; ; ; ;2; ;2; ;.; ; ;1;07;44;83,7347732441819;44
3260970;1;2;1;80;1;2; ; ; ;2; ;2; ;2; ;.; ; ;1;07;66;256,098095532536;66
3260970;1;3;1;80;1;2; ; ; ;2; ;2; ;2; ;.; ; ;1;07;66;256,098095532536;66
3260971;1;3;1;80;1;2; ; ; ;2; ;2; ;2; ;.; ; ;1;07;66;227,764237146607;66
3260971;1;4;1;80;1;1;4;5; ;3; ;2; ; ; ; ;10;2;1;07;66;227,764237146607;66
3260973;1;2;1;80;1;1;1;8; ;2; ;2; ; ; ; ;2;2;1;07;66;298,764156417139;66
3260973;1;3;1;80;1;2; ; ; ; ; ;2; ;2; ;.; ; ;1;07;66;298,764156417139;66
3260974;1;2;1;80;1;1;2;4; ;2; ;2; ; ; ; ;4;2;1;07;66;292,014045941742;66
3260976;1;2;1;80;1;1;2;2; ;2; ;2; ; ;1; ;2;1;1;07;66;288,715923719178;66
3260978;1;1;1;80;1;1;3;4; ;2; ;2; ; ; ; ;4;2;1;07;66;227,547007356261;66
3260978;1;3;1;80;1;2; ; ; ;2; ;2; ;2; ;.; ; ;1;07;66;227,547007356261;66
3260979;1;1;1;80;1;1;4;5; ;3; ;2; ; ; ; ;10;2;1;07;66;208,536459931485;66
3260979;1;2;1;80;1;1;4;3; ;2; ;2; ; ; ; ;4;2;1;07;66;208,536459931485;66
3260979;1;3;1;80;1;1;3;5; ;3; ;2; ; ; ; ;10;2;1;07;66;208,536459931485;66
3260980;1;1;1;80;1;2; ; ; ;2; ;2; ;2; ;.; ; ;1;07;66;236,870318317413;66
3260980;1;2;1;80;1;1;4;5; ;1;2;2; ; ;4; ;8;1;1;07;66;236,870318317413;66
3260981;1;2;1;80;1;2; ; ; ;2; ;2; ;2; ;.; ; ;1;07;66;328,301092171564;66
3260981;1;3;1;80;1;2; ; ; ; ; ;2; ;2; ;.; ; ;1;07;66;328,301092171564;66
3260984;1;1;1;80;1;1;4;7; ;2; ;2; ; ; ; ;11;2;1;07;66;236,870318317413;66
3260984;1;2;1;80;1;1;4;7; ;2; ;2; ; ; ; ;9;2;1;07;66;236,870318317413;66
3260985;1;2;1;80;1;1;4;3; ;2; ;2; ; ; ; ;9;2;1;07;66;365,124989901759;66
3260991;1;1;1;80;1;2; ; ; ;2; ;2; ;2; ;.; ; ;1;07;66;314,539945379429;66
3260994;1;1;1;80;1;1;4;3; ;3; ;2; ; ; ; ;9;2;1;07;66;241,154288118128;66
3260994;1;2;1;80;1;1;4;5; ;3; ;2; ; ; ; ;10;2;1;07;66;241,154288118128;66
3260995;1;1;1;80;1;1;4;5; ;3; ;2; ; ; ; ;10;2;1;07;66;269,488146504056;66
3260996;1;2;1;80;1;2; ; ; ; ; ;2; ;2; ;.; ; ;1;07;66;322,498270732645;66
3260997;1;4;1;80;1;2; ; ; ;2; ;2; ;2; ;.; ; ;1;07;66;343,815955292513;66
3260998;1;1;1;80;1;1;4;5; ;3; ;2; ; ; ; ;10;2;1;07;66;259,3962177551;66
3260998;1;2;1;80;1;1;4;4; ;3; ;2; ; ; ; ;10;2;1;07;66;259,3962177551;66
3260998;1;3;1;80;1;1;2;8; ;2; ;2; ; ; ; ;1;2;1;07;66;259,3962177551;66
3261000;1;1;1;80;1;1;3;3; ;3; ;2; ; ; ; ;11;2;1;07;66;290,787689268475;66
3261000;1;2;1;80;1;1;4;5; ;3; ;2; ; ; ; ;10;2;1;07;66;290,787689268475;66
3261000;1;3;1;80;1;2; ; ; ;2; ;2; ;2; ;.; ; ;1;07;66;290,787689268475;66
3261003;1;1;1;80;1;1;1;2; ;2; ;2; ; ; ;ESTA NUEVO EN LA REGION Y  NO CONOCE MUCHO EL PUEBLO;12;2;1;07;05;7337,66710504563; 
3261004;1;3;1;80;1;1;1;2; ;2; ;1;200000; ; ; ;2;2;1;07;05;5210,24164444897; 
3261004;1;4;1;80;1;2; ; ; ;2; ;2; ;2; ;.; ; ;1;07;05;5210,24164444897; 
3261004;1;5;1;80;1;2; ; ; ; ; ;2; ;2; ;.; ; ;1;07;05;5210,24164444897; 
3261004;1;6;1;80;1;1;4;4; ;2; ;2; ; ; ; ;4;2;1;07;05;5210,24164444897; 
3261005;1;2;1;80;1;1;1;4; ;2; ;2; ; ; ; ;4;2;1;07;05;4200,11059903919; 
3261006;1;1;1;80;1;2; ; ; ; ; ;2; ;2; ;.; ; ;1;07;05;3510,75973263471; 
3261006;1;2;1;80;1;2; ; ; ; ; ;2; ;2; ;.; ; ;1;07;05;3510,75973263471; 
3261007;1;3;1;80;1;2; ; ; ;2; ;2; ;2; ;.; ; ;1;07;05;2459,2444473381; 
3261009;1;3;1;80;1;2; ; ; ; ; ;2; ;2; ;.; ; ;1;07;05;8295,43805150199; 
3261010;1;1;1;80;1;1;4;9;SE CANSO DE TRABAJAR;2; ;2; ; ; ; ;11;2;1;07;05;2459,2444473381; 
3261010;1;2;1;80;1;2; ; ; ;2; ;2; ;2; ;.; ; ;1;07;05;2459,2444473381; 
3261011;1;2;1;80;1;1;4;3; ;2; ;2; ; ; ; ;9;2;1;07;05;5993,92625307405; 
3261011;1;6;1;80;1;1;4;4; ;2; ;2; ; ; ; ;8;2;1;07;05;5993,92625307405; 
3261013;1;1;1;80;1;1;2;8; ;2; ;2; ; ;1; ;9;1;1;07;05;4491,45745973732; 
3261014;1;2;1;80;1;1;3;3; ;2; ;2; ; ; ; ;9;2;1;07;05;5589,02474464507; 
3261014;1;7;1;80;1;2; ; ; ;2; ;2; ;2; ;.; ; ;1;07;05;5589,02474464507; 
3261016;1;2;1;80;1;2; ; ; ; ; ;2; ;2; ;.; ; ;1;07;05;7337,66710504563; 
3261018;1;1;1;80;1;2; ; ; ;2; ;2; ;2; ;.; ; ;1;07;05;7288,10076738469; 
3261020;1;3;1;80;1;2; ; ; ; ; ;2; ;2; ;.; ; ;1;07;05;6820,27969663743; 
3261022;1;2;1;80;1;1;1;9;NO SALE CONTRATO S;2; ;2; ; ; ; ;8;2;1;07;05;3437,07304337598; 
3261029;1;2;1;80;1;1;2;8; ;2; ;2; ; ; ; ;9;2;1;07;05;7138,66510219246; 
3261030;1;2;1;80;1;1;4;4; ;2; ;2; ; ; ; ;9;2;1;07;05;4076,18669066202; 
3261033;1;3;1;80;1;2; ; ; ;2; ;2; ;2; ;.; ; ;1;07;05;6420,28680655544; 
3261033;1;4;1;80;1;2; ; ; ; ; ;2; ;2; ;.; ; ;1;07;05;6420,28680655544; 
3261035;1;2;1;80;1;1;1;3; ;2; ;2; ; ; ; ;9;2;1;07;05;4945,12845169089; 
3261035;1;4;1;80;1;2; ; ; ; ; ;2; ;2; ;.; ; ;1;07;05;4945,12845169089; 
3261037;1;2;1;80;1;2; ; ; ;2; ;2; ;2; ;.; ; ;1;07;05;3133,96551681426; 
3261038;1;2;1;80;1;1;4;3; ;2; ;2; ; ; ; ;9;2;1;07;05;5690,14630434259; 
3261038;1;4;1;80;1;2; ; ; ;2; ;2; ;1;2; ;2; ;1;07;05;5690,14630434259; 
3261038;1;5;1;80;1;1;2;2; ;2; ;2; ; ; ; ;2;2;1;07;05;5690,14630434259; 
3261038;1;6;1;80;1;2; ; ; ;2; ;2; ;2; ;.; ; ;1;07;05;5690,14630434259; 
3261039;1;4;1;80;1;2; ; ; ;2; ;2; ;2; ;.; ; ;1;07;05;2459,2444473381; 
3261039;1;6;1;80;1;2; ; ; ; ; ;2; ;2; ;.; ; ;1;07;05;2459,2444473381; 
3261039;1;7;1;80;1;1;4;3; ;2; ;2; ; ; ; ;8;2;1;07;05;2459,2444473381; 
3261043;1;1;1;80;1;1;4;3; ;2; ;2; ; ; ; ;4;2;1;07;05;3010,04160843709; 
3261043;1;2;1;80;1;1;4;4; ;2; ;2; ; ; ; ;4;2;1;07;05;3010,04160843709; 
3261043;1;4;1;80;1;1;4;3; ;2; ;2; ; ; ; ;9;2;1;07;05;3010,04160843709; 
3261044;1;4;1;80;1;2; ; ; ;2; ;2; ;2; ;.; ; ;1;07;05;2842,61865611613; 
3261046;1;2;1;80;1;2; ; ; ; ; ;2; ;2; ;.; ; ;1;07;05;5295,55500411194; 
3261051;1;2;1;80;1;2; ; ; ;2; ;2; ;1;1; ;1; ;1;07;05;4200,11059903919; 
3261052;1;1;1;80;1;1;4;3; ;2; ;2; ; ; ; ;9;2;1;07;05;2459,2444473381; 
3261052;1;2;1;80;1;1;1;8; ;2; ;2; ; ;1; ;2;1;1;07;05;2459,2444473381; 
3261053;1;2;1;80;1;1;4;3; ;2; ;2; ; ; ; ;9;2;1;07;05;7111,62655733557; 
3261055;1;2;1;80;1;2; ; ; ;2; ;2; ;2; ;.; ; ;1;07;05;2525,95024132146; 
3261062;1;1;1;80;1;2; ; ; ;2; ;2; ;2; ;.; ; ;1;07;05;3800,78859041469; 
3261063;1;7;1;80;1;1;4;4; ;2; ;2; ; ; ; ;8;2;1;07;05;4144,28676494257; 
3261068;1;2;1;80;1;2; ; ; ;2; ;2; ;1;2; ;1; ;1;07;63;164,383245744282;63
3261068;1;3;1;80;1;2; ; ; ;2; ;2; ;2; ;.; ; ;1;07;63;164,383245744282;63
3261069;1;3;1;80;1;2; ; ; ; ; ;2; ;2; ;.; ; ;1;07;63;172,153432272847;63
3261069;1;6;1;80;1;1;2;3; ;2; ;2; ; ; ; ;9;2;1;07;63;172,153432272847;63
3261070;1;2;1;80;1;1;4;3; ;2; ;2; ; ; ; ;9;2;1;07;63;150,328979364347;63
3261072;1;2;1;80;1;1;4;8; ;2; ;2; ; ; ; ;8;2;1;07;63;138,15677099394;63
3261073;1;2;1;80;1;1;3;3; ;2; ;2; ; ; ; ;9;2;1;07;63;150,328979364347;63
3261074;1;1;1;80;1;1;1;7; ;2; ;2; ; ; ; ;8;2;1;07;63;143,201623323374;63
3261075;1;2;1;80;1;2; ; ; ;2; ;2; ;2; ;.; ; ;1;07;63;116,682991875111;63
3261077;1;2;1;80;1;1;4;8; ;2; ;2; ; ; ; ;8;2;1;07;63;140,509836892586;63
3261077;1;3;1;80;1;2; ; ; ;2; ;2; ;2; ;.; ; ;1;07;63;140,509836892586;63
3261080;1;1;1;80;1;1;1;4; ;2; ;2; ; ; ; ;4;2;1;07;63;126,405686376764;63
3261081;1;2;1;80;1;1;4;3; ;2; ;2; ; ; ; ;9;2;1;07;63;97,5858071227726;63
3261081;1;3;1;80;1;2; ; ; ; ; ;2; ;2; ;.; ; ;1;07;63;97,5858071227726;63
3261082;1;1;1;80;1;1;2;4; ;2; ;2; ; ; ; ;4;2;1;07;63;114,331859933495;63
3261084;1;2;1;80;1;2; ; ; ; ; ;2; ;2; ;.; ; ;1;07;63;126,009531946939;63
3261084;1;3;1;80;1;1;4;4; ;2; ;2; ; ; ; ;8;2;1;07;63;126,009531946939;63
3261085;1;3;1;80;1;2; ; ; ; ; ;2; ;2; ;.; ; ;1;07;63;123,706350184181;63
3261085;1;4;1;80;1;1;4;4; ;2; ;2; ; ; ; ;4;2;1;07;63;123,706350184181;63
3261086;1;2;1;80;1;1;1;8; ;2; ;2; ; ; ; ;2;2;1;07;63;114,943612191448;63
3261086;1;4;1;80;1;1;4;8; ;2; ;2; ; ; ; ;8;2;1;07;63;114,943612191448;63
3261088;1;3;1;80;1;2; ; ; ; ; ;2; ;2; ;.; ; ;1;07;63;121,33168977472;63
3261089;1;2;1;80;1;1;4;4; ;2; ;2; ; ; ; ;9;2;1;07;63;155,572009960297;63
3261090;1;3;1;80;1;2; ; ; ;2; ;2; ;2; ;.; ; ;1;07;63;99,8814391237363;63
3261092;1;1;1;80;1;1;4;4; ;2; ;2; ; ; ; ;4;2;1;07;63;87,8132284852326;63
3261092;1;2;1;80;1;2; ; ; ;2; ;2; ;2; ;.; ; ;1;07;63;87,8132284852326;63
3261092;1;4;1;80;1;2; ; ; ;2; ;2; ;2; ;.; ; ;1;07;63;87,8132284852326;63
3261094;1;1;1;80;1;1;4;4; ;3; ;2; ; ; ; ;4;2;1;07;63;154,483140906993;63
3261094;1;3;1;80;1;2; ; ; ; ; ;2; ;2; ;.; ; ;1;07;63;154,483140906993;63
3261095;1;1;1;80;1;1;4;4; ;2; ;2; ; ; ; ;8;2;1;07;63;87,8132284852326;63
3261095;1;2;1;80;1;1;4;4; ;2; ;2; ; ; ; ;8;2;1;07;63;87,8132284852326;63
3261095;1;4;1;80;1;2; ; ; ; ; ;2; ;2; ;.; ; ;1;07;63;87,8132284852326;63
3261097;1;1;1;80;1;1;4;3; ;2; ;2; ; ; ; ;9;2;1;07;63;126,405686376764;63
3261098;1;2;1;80;1;1;4;3; ;2; ;2; ; ; ; ;9;2;1;07;63;178,024551494293;63
3261098;1;3;1;80;1;2; ; ; ;2; ;2; ;2; ;.; ; ;1;07;63;178,024551494293;63
3261098;1;4;1;80;1;2; ; ; ; ; ;2; ;2; ;.; ; ;1;07;63;178,024551494293;63
3261101;1;1;1;80;1;1;4;5; ;3; ;2; ; ;3; ;8;1;1;07;63;112,036227932532;63
3261102;1;1;1;80;1;1;4;5; ;3; ;2; ; ; ; ;8;2;1;07;15;84,7117263411135;15
3261104;1;1;1;80;1;1;1;5; ;2; ;2; ; ; ; ;10;2;1;07;15;103,367706091043;15
3261105;1;1;1;80;1;1;4;5; ;2; ;2; ; ; ; ;8;2;1;07;15;75,2660029782756;15
3261105;1;2;1;80;1;1;4;4; ;2; ;2; ; ; ; ;9;2;1;07;15;75,2660029782756;15
3261105;1;5;1;80;1;2; ; ; ; ; ;2; ;2; ;.; ; ;1;07;15;75,2660029782756;15
3261106;1;3;1;80;1;2; ; ; ; ; ;2; ;2; ;.; ; ;1;07;15;109,719301647638;15
3261108;1;3;1;80;1;1;2;2; ;2; ;2; ; ; ; ;2;2;1;07;15;79,3738187735158;15
3261109;1;1;1;80;1;1;4;5; ;3; ;2; ; ; ; ;8;2;1;07;15;85,8048096650625;15
3261109;1;2;1;80;1;1;4;3; ;2; ;2; ; ; ; ;8;2;1;07;15;85,8048096650625;15
3261109;1;3;1;80;1;2; ; ; ;2; ;2; ;2; ;.; ; ;1;07;15;85,8048096650625;15
3261109;1;6;1;80;1;2; ; ; ;2; ;2; ;2; ;.; ; ;1;07;15;85,8048096650625;15
3261109;1;7;1;80;1;2; ; ; ;2; ;2; ;2; ;.; ; ;1;07;15;85,8048096650625;15
3261110;1;4;1;80;1;2; ; ; ;2; ;2; ;1;1;ESTA ESPERANDO VINCULARSE AL EJERCITO;12; ;1;07;15;96,8593262354067;15
3261115;1;2;1;80;1;1;4;5; ;3; ;2; ; ; ; ;10;2;1;07;15;76,7928300360692;15
3261115;1;3;1;80;1;2; ; ; ;2; ;2; ;2; ;.; ; ;1;07;15;76,7928300360692;15
3261116;1;2;1;80;1;1;3;5; ;3; ;2; ; ; ; ;10;2;1;07;15;114,479974719969;15
3261117;1;2;1;80;1;1;4;8; ;2; ;2; ; ; ; ;5;2;1;07;15;79,3420669116423;15
3261117;1;3;1;80;1;2; ; ; ;2; ;2; ;2; ;.; ; ;1;07;15;79,3420669116423;15
3261117;1;4;1;80;1;2; ; ; ; ; ;2; ;2; ;.; ; ;1;07;15;79,3420669116423;15
3261119;1;2;1;80;1;1;1;8; ;2; ;2; ; ; ; ;9;2;1;07;15;61,9491107522727;15
3261121;1;2;1;80;1;1;4;8; ;2; ;2; ; ; ; ;9;2;1;07;15;110,257908875963;15
3261122;1;1;1;80;1;1;3;3; ;2; ;2; ; ; ; ;9;2;1;07;15;102,112656414298;15
3261122;1;2;1;80;1;1;4;4; ;2; ;2; ; ; ; ;4;2;1;07;15;102,112656414298;15
3261123;1;1;1;80;1;1;2;3; ;2; ;2; ; ; ; ;9;2;1;07;15;96,8593262354067;15
3261123;1;3;1;80;1;2; ; ; ;2; ;2; ;2; ;.; ; ;1;07;15;96,8593262354067;15
3261123;1;4;1;80;1;2; ; ; ;2; ;2; ;2; ;.; ; ;1;07;15;96,8593262354067;15
3261124;1;2;1;80;1;1;2;9;EMBARAZO;2; ;2; ; ; ; ;9;2;1;07;15;102,806730415286;15
3261125;1;3;1;80;1;2; ; ; ;2; ;2; ;2; ;.; ; ;1;07;63;145,156600835165;63
3261125;1;4;1;80;1;2; ; ; ;2; ;2; ;2; ;.; ; ;1;07;63;145,156600835165;63
3261126;1;1;1;80;1;1;4;4; ;3; ;2; ; ; ; ;4;2;1;07;63;129,394033001207;63
3261128;1;2;1;80;1;2; ; ; ;2; ;2; ;2; ;.; ; ;1;07;63;686,700929133712;63
3261129;1;1;1;80;1;2; ; ; ;2; ;2; ;1;4; ;9; ;1;07;63;533,716178743335;63
3261130;1;2;1;80;1;1;4;7; ;2; ;2; ; ; ; ;9;2;1;07;63;138,15677099394;63
3261132;1;1;1;80;1;1;1;9;EMBARAZO;1;1;2; ; ; ;EMBARAZO;12;2;1;07;63;128,886278475158;63
3261133;1;3;1;80;1;2; ; ; ; ; ;2; ;2; ;.; ; ;1;07;63;142,80546889355;63
3261134;1;2;1;80;1;2; ; ; ; ; ;2; ;2; ;.; ; ;1;07;63;154,879295336818;63
3261135;1;4;1;80;1;2; ; ; ;2; ;2; ;2; ;.; ; ;1;07;63;86,0427705719296;63
3261135;1;5;1;80;1;2; ; ; ; ; ;2; ;2; ;.; ; ;1;07;63;86,0427705719296;63
3261135;1;7;1;80;1;1;4;4; ;2; ;2; ; ; ; ;4;2;1;07;63;86,0427705719296;63
3261136;1;1;1;80;1;1;4;3; ;2; ;2; ; ; ; ;9;2;1;07;63;153,721030180409;63
3261137;1;2;1;80;1;1;1;8; ;2; ;2; ; ;1; ;2;1;1;07;63;114,331859933495;63
3261138;1;2;1;80;1;2; ; ; ;2; ;2; ;2; ;.; ; ;1;07;63;533,716178743335;63
3261142;1;3;1;80;1;1;1;2; ;2; ;2; ; ; ; ;2;2;1;07;63;104,609165431843;63
3261147;1;2;1;80;1;1;2;8; ;2; ;2; ; ; ; ;9;2;1;07;63;199,498330613123;63
3261147;1;3;1;80;1;2; ; ; ;2; ;2; ;2; ;.; ; ;1;07;63;199,498330613123;63
3261148;1;2;1;80;1;1;4;3; ;2; ;2; ; ; ; ;9;2;1;07;63;99,8814391237363;63
3261148;1;3;1;80;1;2; ; ; ;2; ;2; ;2; ;.; ; ;1;07;63;99,8814391237363;63
3261149;1;5;1;80;1;2; ; ; ;2; ;2; ;2; ;.; ; ;1;07;63;150,971809851939;63
3261150;1;4;1;80;1;2; ; ; ;2; ;2; ;2; ;.; ; ;1;07;63;98,197559380725;63
3261151;1;2;1;80;1;1;1;3; ;2; ;2; ; ; ; ;9;2;1;07;63;107,547627920399;63
3261151;1;3;1;80;1;2; ; ; ;2; ;2; ;1;1; ;9; ;1;07;63;107,547627920399;63
3261151;1;6;1;80;1;1;4;5; ;3; ;2; ; ; ; ;10;2;1;07;63;107,547627920399;63
3261152;1;3;1;80;1;2; ; ; ;2; ;2; ;2; ;.; ; ;1;07;63;171,279077853604;63
3261152;1;4;1;80;1;2; ; ; ;2; ;2; ;2; ;.; ; ;1;07;63;171,279077853604;63
3261153;1;1;1;80;1;2; ; ; ;2; ;2; ;2; ;.; ; ;1;07;63;131,13341268487;63
3261153;1;2;1;80;1;1;3;5; ;3; ;2; ; ; ; ;10;2;1;07;63;131,13341268487;63
3261157;1;2;1;80;1;2; ; ; ;2; ;2; ;2; ;.; ; ;1;07;70;91,6998935853911;70
3261157;1;3;1;80;1;2; ; ; ;2; ;2; ;2; ;.; ; ;1;07;70;91,6998935853911;70
3261158;1;3;1;80;1;1;1;4; ;2; ;2; ; ; ; ;4;2;1;07;70;117,974820721565;70
3261158;1;5;1;80;1;1;1;2; ;2; ;2; ; ; ; ;1;2;1;07;70;117,974820721565;70
3261158;1;6;1;80;1;2; ; ; ; ; ;2; ;2; ;.; ; ;1;07;70;117,974820721565;70
3261159;1;1;1;80;1;2; ; ; ;2; ;2; ;1;4; ;8; ;1;07;70;122,351738585024;70
3261159;1;4;1;80;1;1;1;6; ;2; ;2; ; ; ; ;1;2;1;07;70;122,351738585024;70
3261160;1;2;1;80;1;2; ; ; ;2; ;2; ;2; ;.; ; ;1;07;70;114,179903753321;70
3261160;1;3;1;80;1;2; ; ; ;2; ;2; ;2; ;.; ; ;1;07;70;114,179903753321;70
3261161;1;1;1;80;1;1;4;4; ;2; ;2; ; ; ; ;8;2;1;07;70;93,4754336416923;70
3261161;1;2;1;80;1;1;4;4; ;2; ;2; ; ; ; ;8;2;1;07;70;93,4754336416923;70
3261161;1;3;1;80;1;1;4;3; ;2; ;2; ; ; ; ;9;2;1;07;70;93,4754336416923;70
3261163;1;1;1;80;1;2; ; ; ;2; ;2; ;2; ;.; ; ;1;07;70;105,076825566047;70
3261163;1;2;1;80;1;1;4;6; ;2; ;2; ; ; ; ;7;2;1;07;70;105,076825566047;70
3261164;1;3;1;80;1;1;1;2; ;2; ;1;250000; ; ; ;2;2;1;07;70;139,490650697729;70
3261164;1;4;1;80;1;2; ; ; ;2; ;2; ;2; ;.; ; ;1;07;70;139,490650697729;70
3261164;1;5;1;80;1;2; ; ; ; ; ;2; ;2; ;.; ; ;1;07;70;139,490650697729;70
3261165;1;2;1;80;1;1;4;4; ;3; ;2; ; ; ; ;4;2;1;07;70;153,406004124146;70
3261166;1;2;1;80;1;2; ; ; ;2; ;2; ;2; ;.; ; ;1;07;70;97,5774607462488;70
3261167;1;1;1;80;1;1;4;4; ;2; ;2; ; ; ; ;4;2;1;07;70;108,982410168711;70
3261167;1;2;1;80;1;1;1;4; ;2; ;1;250000; ; ; ;4;2;1;07;70;108,982410168711;70
3261167;1;3;1;80;1;2; ; ; ;2; ;2; ;2; ;.; ; ;1;07;70;108,982410168711;70
3261167;2;3;2;80;1;2; ; ; ; ; ;2; ;2; ;.; ; ;1;07;70;108,982410168711;70
3261170;1;2;1;80;1;1;3;9;CAMBIO DE MUNICIPIO;2; ;2; ; ; ; ;1;2;1;07;70;88,5749549918579;70
3261171;1;2;1;80;1;1;4;7; ;2; ;2; ; ;2; ;1;1;1;07;70;88,5749549918579;70
3261172;1;3;1;80;1;2; ; ; ;2; ;2; ;2; ;.; ; ;1;07;73;304,199674228272;73
3261173;1;2;1;80;1;1;3;3; ;2; ;2; ; ; ; ;9;2;1;07;73;333,790904811899;73
3261174;1;1;1;80;1;1;4;6; ;3; ;2; ; ; ; ;10;2;1;07;73;263,325637089071;73
3261174;1;2;1;80;1;2; ; ; ;2; ;2; ;2; ;.; ; ;1;07;73;263,325637089071;73
3261174;1;5;1;80;1;2; ; ; ; ; ;2; ;2; ;.; ; ;1;07;73;263,325637089071;73
3261176;1;1;1;80;1;1;2;5; ;3; ;2; ; ; ; ;10;2;1;07;73;238,943582977742;73
3261178;1;1;1;80;1;1;4;1; ;3; ;2; ; ; ; ;8;2;1;07;73;315,096499709856;73
3261178;1;2;1;80;1;1;1;4; ;2; ;2; ; ; ; ;4;2;1;07;73;315,096499709856;73
3261178;1;4;1;80;1;1;1;8; ;2; ;1;360000; ; ; ;2;2;1;07;73;315,096499709856;73
3261180;1;2;1;80;1;1;4;7; ;2; ;2; ; ; ; ;9;2;1;07;73;274,933280242795;73
3261181;1;1;1;80;1;2; ; ; ;2; ;2; ;2; ;.; ; ;1;07;73;252,459494569123;73
3261183;1;1;1;80;1;1;2;6; ;1;1;1;600000; ; ; ;1;2;1;07;73;273,722512361816;73
3261184;1;2;1;80;1;1;4;3; ;2; ;2; ; ; ; ;9;2;1;07;73;218,886895207431;73
3261184;1;3;1;80;1;2; ; ; ; ; ;2; ;2; ;.; ; ;1;07;73;218,886895207431;73
3261184;1;4;1;80;1;1;1;2; ;2; ;2; ; ; ; ;2;2;1;07;73;218,886895207431;73
3261186;1;1;1;80;1;1;4;3; ;3; ;2; ; ; ; ;4;2;1;07;68;555,8577025502;68
3261189;1;1;1;80;1;1;4;5; ;3; ;2; ; ; ; ;10;2;1;07;68;452,639864056436;68
3261189;1;3;1;80;1;1;1;4; ;2; ;2; ; ; ; ;4;2;1;07;68;452,639864056436;68
3261190;1;4;1;80;1;2; ; ; ; ; ;2; ;2; ;.; ; ;1;07;68;625,799918950532;68
3261191;1;2;1;80;1;2; ; ; ; ; ;2; ;2; ;.; ; ;1;07;68;509,89813119601;68
3261194;1;1;1;80;1;1;1;4; ;2; ;2; ; ; ; ;4;2;1;07;68;524,713354499935;68
3261197;2;1;2;80;1;1;2;3; ;2; ;2; ; ; ; ;9;2;1;07;68;501,791954680369;68
3261198;1;1;1;80;1;1;4;4; ;2; ;2; ; ; ; ;4;2;1;07;68;503,407379416491;68
3261198;1;2;1;80;1;1;4;4; ;3; ;2; ; ; ; ;4;2;1;07;68;503,407379416491;68
3261203;1;2;1;80;1;2; ; ; ;2; ;2; ;2; ;.; ; ;1;07;68;646,923671362542;68
3261203;1;3;1;80;1;1;2;8; ;2; ;2; ; ; ; ;2;2;1;07;68;646,923671362542;68
3261203;1;4;1;80;1;2; ; ; ; ; ;2; ;2; ;.; ; ;1;07;68;646,923671362542;68
3261204;1;2;1;80;1;1;1;1; ;2; ;2; ; ;1; ;9;1;1;07;68;457,942454433981;68
3261205;1;2;1;80;1;1;2;3; ;2; ;2; ; ; ; ;9;2;1;07;68;501,791954680369;68
3261209;1;3;1;80;1;2; ; ; ; ; ;2; ;2; ;.; ; ;1;07;68;413,994649963111;68
3261210;1;2;1;80;1;2; ; ; ;2; ;2; ;2; ;.; ; ;1;07;68;503,407379416491;68
3261212;1;4;1;80;1;2; ; ; ;2; ;2; ;1;2; ;2; ;1;07;68;691,588313915642;68
3261212;1;5;1;80;1;2; ; ; ; ; ;2; ;2; ;.; ; ;1;07;68;691,588313915642;68
3261213;1;1;1;80;1;1;4;5; ;3; ;2; ; ; ; ;10;2;1;07;68;538,705548901979;68
3261215;1;2;1;80;1;1;4;3; ;2; ;2; ; ; ; ;9;2;1;07;68;598,479770006588;68
3261215;1;3;1;80;1;1;1;8; ;2; ;2; ; ; ; ;2;2;1;07;68;598,479770006588;68
3261216;1;1;1;80;1;1;4;7; ;2; ;2; ; ; ; ;4;2;1;07;68;539,080111534347;68
3261216;1;5;1;80;1;1;2;2; ; ; ;2; ; ; ; ;2;2;1;07;68;539,080111534347;68
3261219;1;1;1;80;1;1;4;4; ;2; ;2; ; ; ; ;4;2;1;07;63;138,15677099394;63
3261219;1;2;1;80;1;1;3;8; ;2; ;2; ; ; ; ;8;2;1;07;63;138,15677099394;63
3261221;1;2;1;80;1;2; ; ; ; ; ;2; ;2; ;.; ; ;1;07;63;157,359887435212;63
3261222;1;1;1;80;1;1;4;8; ;2; ;2; ; ; ; ;9;2;1;07;63;128,886278475158;63
3261224;1;2;1;80;1;2; ; ; ; ; ;2; ;2; ;.; ; ;1;07;63;185,451613994982;63
3261225;1;2;1;80;1;2; ; ; ; ; ;2; ;2; ;.; ; ;1;07;19;59,4546208223723;19
3261225;1;5;1;80;1;1;4;4; ;2; ;2; ; ; ; ;4;2;1;07;19;59,4546208223723;19
3261226;1;2;1;80;1;1;1;3; ;2; ;2; ; ; ; ;9;2;1;07;19;130,566292833032;19
3261227;1;2;1;80;1;1;1;3; ;2; ;2; ; ; ; ;9;2;1;07;19;108,591606826372;19
3261227;1;3;1;80;1;2; ; ; ;2; ;2; ;2; ;.; ; ;1;07;19;108,591606826372;19
3261227;1;4;1;80;1;2; ; ; ; ; ;2; ;2; ;.; ; ;1;07;19;108,591606826372;19
3261227;1;5;1;80;1;2; ; ; ; ; ;2; ;2; ;.; ; ;1;07;19;108,591606826372;19
3261227;2;1;2;80;1;1;3;3; ;2; ;2; ; ; ; ;9;2;1;07;19;108,591606826372;19
3261228;1;2;1;80;1;1;3;4; ;2; ;2; ; ; ; ;4;2;1;07;19;119,782657748214;19
3261228;1;3;1;80;1;1;2;2; ;2; ;2; ; ; ; ;2;2;1;07;19;119,782657748214;19
3261229;1;2;1;80;1;1;4;9;EDAD;2; ;2; ; ; ; ;8;2;1;07;19;75,9020793001447;19
3261230;1;2;1;80;1;2; ; ; ;2; ;2; ;2; ;.; ; ;1;07;19;96,3730677876452;19
3261230;1;4;1;80;1;1;4;3; ;2; ;2; ; ; ; ;9;2;1;07;19;96,3730677876452;19
3261230;1;5;1;80;1;2; ; ; ;2; ;2; ;2; ;.; ; ;1;07;19;96,3730677876452;19
3261231;1;2;1;80;1;1;1;3; ;2; ;2; ; ; ; ;9;2;1;07;19;99,9287773577301;19
3261232;1;1;1;80;1;1;1;3; ;2; ;2; ; ; ; ;8;2;1;07;19;79,4869571433408;19
3261233;1;3;1;80;1;2; ; ; ; ; ;2; ;2; ;.; ; ;1;07;19;121,227734025072;19
3261234;1;2;1;80;1;1;2;8; ;2; ;2; ; ; ; ;1;2;1;07;19;121,784924777997;19
3261237;1;3;1;80;1;2; ; ; ;2; ;2; ;2; ;.; ; ;1;07;19;102,850971849024;19
3261237;1;4;1;80;1;2; ; ; ;2; ;2; ;2; ;.; ; ;1;07;19;102,850971849024;19
3261238;1;1;1;80;1;1;2;7; ;2; ;2; ; ; ; ;1;2;1;07;19;123,668653221386;19
3261240;1;1;1;80;1;1;4;5; ;2; ;2; ; ; ; ;9;2;1;07;19;80,1204712788423;19
3261240;1;3;1;80;1;2; ; ; ;2; ;2; ;2; ;.; ; ;1;07;19;80,1204712788423;19
3261240;1;4;1;80;1;2; ; ; ; ; ;2; ;2; ;.; ; ;1;07;19;80,1204712788423;19
3261240;1;5;1;80;1;2; ; ; ;2; ;2; ;2; ;.; ; ;1;07;19;80,1204712788423;19
3261241;1;1;1;80;1;1;3;4; ;3; ;2; ; ; ; ;4;2;1;07;19;64,4549978013951;19
3261241;1;2;1;80;1;2; ; ; ;2; ;2; ;1;1; ;2; ;1;07;19;64,4549978013951;19
3261242;1;1;1;80;1;1;4;5; ;3; ;2; ; ; ; ;11;2;1;07;19;81,8982991986249;19
3261242;1;2;1;80;1;1;4;8; ;2; ;2; ; ; ; ;9;2;1;07;19;81,8982991986249;19
3261242;1;4;1;80;1;2; ; ; ;2; ;2; ;2; ;.; ; ;1;07;19;81,8982991986249;19
3261243;1;1;1;80;1;1;3;8; ;3; ;2; ; ; ; ;11;2;1;07;19;75,3448885472194;19
3261243;1;2;1;80;1;1;4;5; ;3; ;2; ; ; ; ;4;2;1;07;19;75,3448885472194;19
3261243;1;3;1;80;1;2; ; ; ;2; ;2; ;2; ;.; ; ;1;07;19;75,3448885472194;19
3261244;1;1;1;80;1;1;3;4; ;3; ;2; ; ; ; ;8;2;1;07;19;85,7100393456168;19
3261244;1;2;1;80;1;2; ; ; ;2; ;2; ;2; ;.; ; ;1;07;19;85,7100393456168;19
3261245;1;3;1;80;1;2; ; ; ; ; ;2; ;2; ;.; ; ;1;07;19;96,2668121266386;19
3261245;1;5;1;80;1;2; ; ; ;2; ;2; ;2; ;.; ; ;1;07;19;96,2668121266386;19
3261248;1;1;1;80;1;1;2;5; ;3; ;2; ; ; ; ;10;2;1;07;19;96,343899514534;19
3261250;1;1;1;80;1;1;4;4; ;2; ;2; ; ; ; ;4;2;1;07;19;80,3149253231817;19
3261251;1;5;1;80;1;2; ; ; ;2; ;2; ;1;1; ;2; ;1;07;52;114,577144452261;52
3261254;1;3;1;80;1;1;1;2; ; ; ;2; ; ; ; ;2;2;1;07;52;205,035472321776;52
3261255;1;3;1;80;1;1;1;8; ;1;1;1;950000; ; ;ESTA ESPERANDO QUE LA LLAMEN;12;2;1;07;52;112,457955416052;52
3261256;1;3;1;80;1;2; ; ; ; ; ;2; ;2; ;.; ; ;1;07;52;205,035472321776;52
3261259;1;2;1;80;1;2; ; ; ;2; ;2; ;2; ;.; ; ;1;07;52;125,872001916682;52
3261260;1;2;1;80;1;2; ; ; ;2; ;2; ;1;4; ;9; ;1;07;52;209,754304967316;52
3261260;1;3;1;80;1;2; ; ; ; ; ;2; ;2; ;.; ; ;1;07;52;209,754304967316;52
3261261;1;2;1;80;1;1;3;3; ;2; ;2; ; ; ; ;9;2;1;07;52;161,403037590416;52
3261261;1;3;1;80;1;2; ; ; ;2; ;2; ;2; ;.; ; ;1;07;52;161,403037590416;52
3261261;1;4;1;80;1;2; ; ; ; ; ;2; ;2; ;.; ; ;1;07;52;161,403037590416;52
3261262;1;2;1;80;1;1;3;2; ;2; ;2; ; ; ; ;2;2;1;07;52;144,085609514206;52
3261264;1;2;1;80;1;2; ; ; ;2; ;1;30000;2; ;.; ; ;1;07;52;141,270001635949;52
3261264;1;3;1;80;1;2; ; ; ; ; ;2; ;2; ;.; ; ;1;07;52;141,270001635949;52
3261271;1;3;1;80;1;1;4;7; ;2; ;2; ; ; ; ;8;2;1;07;52;106,358418379984;52
3261272;1;2;1;80;1;2; ; ; ; ; ;2; ;2; ;.; ; ;1;07;52;159,283848554207;52
3261274;1;3;1;80;1;1;2;8; ;2; ;2; ; ; ; ;9;2;1;07;52;153,81092628546;52
3261274;1;5;1;80;1;1;1;4; ;2; ;2; ; ; ;POR EMBARAZO DE ALTO RIESGO;12;2;1;07;52;153,81092628546;52
3261276;1;1;1;80;1;1;4;4; ;3; ;2; ; ; ; ;10;2;1;07;52;150,662509069935;52
3261276;1;4;1;80;1;2; ; ; ; ; ;2; ;2; ;.; ; ;1;07;52;150,662509069935;52
3261279;1;1;1;80;1;2; ; ; ;2; ;2; ;2; ;.; ; ;1;07;52;121,279055579591;52
3261279;1;3;1;80;1;1;1;6; ;2; ;2; ; ; ; ;2;2;1;07;52;121,279055579591;52
3261280;1;1;1;80;1;1;4;4; ;3; ;2; ; ; ; ;4;2;1;07;73;238,943582977742;73
3261281;1;1;1;80;1;1;4;7; ;2; ;2; ; ; ; ;6;2;1;07;73;238,780431795212;73
3261283;1;3;1;80;1;2; ; ; ;2; ;2; ;2; ;.; ; ;1;07;73;220,770599262271;73
3261283;1;4;1;80;1;2; ; ; ; ; ;2; ;2; ;.; ; ;1;07;73;220,770599262271;73
3261284;1;2;1;80;1;1;1;8; ;2; ;2; ; ; ; ;9;2;1;07;73;265,755524834737;73
3261288;1;2;1;80;1;1;4;3; ;2; ;2; ; ; ; ;9;2;1;07;73;225,264520203832;73
3261290;1;1;1;80;1;1;4;3; ;2; ;2; ; ; ; ;9;2;1;07;73;225,264520203832;73
3261291;1;2;1;80;1;2; ; ; ;2; ;2; ;2; ;.; ; ;1;07;73;255,489847790649;73
3261293;1;3;1;80;1;2; ; ; ; ; ;2; ;2; ;.; ; ;1;07;73;296,232686701193;73
3261293;1;4;1;80;1;2; ; ; ; ; ;2; ;2; ;.; ; ;1;07;73;296,232686701193;73
3261294;1;3;1;80;1;1;1;2; ; ; ;2; ; ; ; ;2;2;1;07;73;334,425721323247;73
3261294;1;4;1;80;1;2; ; ; ; ; ;2; ;2; ;.; ; ;1;07;73;334,425721323247;73
3261294;1;5;1;80;1;2; ; ; ; ; ;2; ;2; ;.; ; ;1;07;73;334,425721323247;73
3261297;1;2;1;80;1;1;4;3; ;2; ;2; ; ; ; ;9;2;1;07;73;180,442745813896;73
3261297;1;3;1;80;1;2; ; ; ; ; ;2; ;2; ;.; ; ;1;07;73;180,442745813896;73
3261303;1;5;1;80;1;2; ; ; ;2; ;2; ;2; ;.; ; ;1;07;73;273,970628291016;73
3261304;1;2;1;80;1;1;4;5; ;3; ;2; ; ; ; ;10;2;1;07;73;151,814886690206;73
3261304;1;5;1;80;1;2; ; ; ;2; ;2; ;2; ;.; ; ;1;07;73;151,814886690206;73
3261305;1;4;1;80;1;1;4;4; ;2; ;2; ; ; ; ;8;2;1;07;73;166,763683039986;73
3261307;1;2;1;80;1;1;4;4; ;2; ;2; ; ; ; ;9;2;1;07;73;322,789126204696;73
3261309;1;4;1;80;1;1;1;2; ;2; ;2; ; ; ; ;2;2;1;07;73;248,759873247587;73
3261314;1;4;1;80;1;2; ; ; ;2; ;2; ;2; ;.; ; ;1;07;76;843,154818770247;76
3261314;1;5;1;80;1;2; ; ; ; ; ;2; ;2; ;.; ; ;1;07;76;843,154818770247;76
3261315;1;2;1;80;1;1;4;5; ;3; ;2; ; ;2; ;8;1;1;07;76;1404,4630579662;76
3261315;2;2;2;80;1;1;2;8; ;2; ;2; ; ;2; ;9;1;1;07;76;1404,4630579662;76
3261319;1;2;1;80;1;2; ; ; ;2; ;2; ;2; ;.; ; ;1;07;76;751,561343189193;76
3261320;1;4;1;80;1;2; ; ; ;2; ;2; ;2; ;.; ; ;1;07;76;978,674703546035;76
3261323;1;1;1;80;1;1;4;5; ;3; ;2; ; ; ; ;10;2;1;07;76;983,421949536192;76
3261324;1;3;1;80;1;2; ; ; ; ; ;2; ;2; ;.; ; ;1;07;76;1014,21799816741;76
3261325;1;1;1;80;1;1;4;4; ;2; ;2; ; ; ; ;4;2;1;07;76;863,339815305892;76
3261325;2;2;2;80;1;2; ; ; ;2; ;2; ;2; ;.; ; ;1;07;76;863,339815305892;76
3261325;2;6;2;80;1;2; ; ; ;2; ;2; ;2; ;.; ; ;1;07;76;863,339815305892;76
3261326;1;3;1;80;1;2; ; ; ; ; ;2; ;2; ;.; ; ;1;07;76;716,018048567821;76
3261327;1;3;1;80;1;1;4;3; ;2; ;2; ; ; ; ;11;2;1;07;76;1254,42402877762;76
3261328;1;2;1;80;1;1;1;3; ;2; ;2; ; ; ; ;9;2;1;07;76;1321,55127161091;76
3261329;1;2;1;80;1;2; ; ; ; ; ;2; ;2; ;.; ; ;1;07;76;679,79868863286;76
3261330;1;2;1;80;1;1;2;4; ;2; ;2; ; ; ; ;4;2;1;07;76;1014,21799816741;76
3261330;1;3;1;80;1;2; ; ; ;2; ;2; ;2; ;.; ; ;1;07;76;1014,21799816741;76
3261331;1;2;1;80;1;2; ; ; ;2; ;2; ;2; ;.; ; ;1;07;76;1226,88635806841;76
3261331;1;5;1;80;1;2; ; ; ;2; ;2; ;2; ;.; ; ;1;07;76;1226,88635806841;76
3261346;1;2;1;80;1;2; ; ; ; ; ;2; ;2; ;.; ; ;1;07;50;156,199584190073;50
3261347;1;3;1;80;1;2; ; ; ; ; ;2; ;2; ;.; ; ;1;07;50;159,300236708922;50
3261348;1;2;1;80;1;1;4;3; ;2; ;2; ; ; ; ;9;2;1;07;50;202,929489312028;50
3261348;1;3;1;80;1;2; ; ; ;2; ;2; ;2; ;.; ; ;1;07;50;202,929489312028;50
3261348;1;4;1;80;1;2; ; ; ; ; ;2; ;2; ;.; ; ;1;07;50;202,929489312028;50
3261349;1;2;1;80;1;1;3;7; ;2; ;2; ; ; ; ;8;2;1;07;50;223,853271882521;50
3261349;1;4;1;80;1;2; ; ; ;2; ;2; ;2; ;.; ; ;1;07;50;223,853271882521;50
3261352;1;2;1;80;1;2; ; ; ; ; ;2; ;2; ;.; ; ;1;07;50;145,866662854005;50
3261353;1;5;1;80;1;1;4;5; ;3; ;2; ; ; ; ;8;2;1;07;50;174,156048301728;50
3261355;1;2;1;80;1;1;4;8; ;2; ;2; ; ;4; ;1;1;1;07;50;173,25135941534;50
3261356;1;1;1;80;1;2; ; ; ;2; ;2; ;2; ;.; ; ;1;07;50;154,737028038381;50
3261356;1;2;1;80;1;1;1;3; ;2; ;2; ; ; ; ;9;2;1;07;50;154,737028038381;50
3261357;1;1;1;80;1;2; ; ; ;2; ;2; ;2; ;.; ; ;1;07;50;141,282330376617;50
3261357;1;5;1;80;1;2; ; ; ; ; ;2; ;2; ;.; ; ;1;07;50;141,282330376617;50
3261357;1;7;1;80;1;2; ; ; ; ; ;2; ;2; ;.; ; ;1;07;50;141,282330376617;50
3261358;1;2;1;80;1;2; ; ; ;2; ;2; ;2; ;.; ; ;1;07;50;199,828836793179;50
3261358;1;3;1;80;1;2; ; ; ;2; ;2; ;2; ;.; ; ;1;07;50;199,828836793179;50
3261359;1;1;1;80;1;1;3;5; ;3; ;2; ; ; ; ;10;2;1;07;50;173,25135941534;50
3261360;1;1;1;80;1;1;4;5; ;3; ;2; ; ; ; ;10;2;1;07;50;206,182419383263;50
3261363;1;2;1;80;1;2; ; ; ;2; ;2; ;2; ;.; ; ;1;07;50;142,714825149458;50
3261363;1;3;1;80;1;2; ; ; ; ; ;2; ;2; ;.; ; ;1;07;50;142,714825149458;50
3261365;1;2;1;80;1;1;1;8; ;2; ;2; ; ; ; ;2;2;1;07;50;142,766010335156;50
3261366;1;2;1;80;1;1;4;3; ;2; ;2; ; ; ; ;9;2;1;07;50;156,680978545301;50
3261366;1;3;1;80;1;2; ; ; ;2; ;2; ;2; ;.; ; ;1;07;50;156,680978545301;50
3261368;1;1;1;80;1;1;2;5; ;3; ;2; ; ; ; ;9;2;1;07;23;165,50019843882;23
3261369;1;2;1;80;1;1;3;3; ;2; ;2; ; ; ; ;9;2;1;07;23;114,623610206572;23
3261370;1;5;1;80;1;1;9;4; ;2; ;2; ; ; ; ;8;2;1;07;20;69,3958254983106;20
3261372;1;3;1;80;1;2; ; ; ;2; ;2; ;2; ;.; ; ;1;07;20;89,9364510953514;20
3261373;1;2;1;80;1;1;4;7; ;2; ;2; ; ; ; ;8;2;1;07;20;111,839373000021;20
3261377;1;3;1;80;1;2; ; ; ; ; ;2; ;2; ;.; ; ;1;07;20;240,370302236582;20
3261377;1;8;1;80;1;2; ; ; ;2; ;2; ;1;4; ;9; ;1;07;20;240,370302236582;20
3261378;1;2;1;80;1;1;1;4; ;2; ;2; ; ; ; ;9;2;1;07;20;285,997596940597;20
3261380;1;2;1;80;1;2; ; ; ;2; ;2; ;2; ;.; ; ;1;07;20;115,886827222972;20
3261380;1;4;1;80;1;1;1;2; ;2; ;2; ; ; ; ;2;2;1;07;20;115,886827222972;20
3261380;1;5;1;80;1;2; ; ; ; ; ;2; ;2; ;.; ; ;1;07;20;115,886827222972;20
3261382;1;3;1;80;1;2; ; ; ;2; ;2; ;2; ;.; ; ;1;07;20;247,687757184299;20
3261382;1;4;1;80;1;2; ; ; ; ; ;2; ;2; ;.; ; ;1;07;20;247,687757184299;20
3261383;1;1;1;80;1;1;3;4; ;2; ;2; ; ; ; ;4;2;1;07;20;157,565261122104;20
3261383;1;7;1;80;1;2; ; ; ;2; ;2; ;2; ;.; ; ;1;07;20;157,565261122104;20
3261383;1;8;1;80;1;2; ; ; ; ; ;2; ;2; ;.; ; ;1;07;20;157,565261122104;20
3261383;1;9;1;80;1;2; ; ; ; ; ;2; ;2; ;.; ; ;1;07;20;157,565261122104;20
3261386;1;1;1;80;1;1;4;4; ;2; ;2; ; ; ; ;4;2;1;07;20;223,678746000042;20
3261386;1;2;1;80;1;1;4;5; ;3; ;2; ; ; ; ;10;2;1;07;20;223,678746000042;20
3261387;1;2;1;80;1;1;3;3; ;2; ;2; ; ; ; ;11;2;1;07;20;303,790352138206;20
3261388;1;1;1;80;1;2; ; ; ;2; ;2; ;1;4; ;1; ;1;07;20;110,740353519668;20
3261388;1;2;1;80;1;2; ; ; ; ; ;2; ;2; ;.; ; ;1;07;20;110,740353519668;20
3261389;1;3;1;80;1;2; ; ; ;2; ;2; ;2; ;.; ; ;1;07;20;253,736894687672;20
3261390;1;1;1;80;1;1;4;8; ;3; ;2; ; ;4;LOS EMPLEADORES LO CONSIDERAN MUY VIEJO;12;1;1;07;66;236,870318317413;66
3261390;1;2;1;80;1;1;4;3; ;2; ;2; ; ; ; ;9;2;1;07;66;236,870318317413;66
3261392;1;3;1;80;1;1;4;3; ;2; ;2; ; ; ; ;4;2;1;07;66;245,491304518973;66
3261392;1;4;1;80;1;1;1;4; ;2; ;2; ; ; ; ;4;2;1;07;66;245,491304518973;66
3261393;1;1;1;80;1;1;4;3; ;2; ;2; ; ; ; ;9;2;1;07;66;269,488146504056;66
3261395;1;4;1;80;1;2; ; ; ; ; ;2; ;2; ;.; ; ;1;07;66;287,450225330421;66
3261395;1;5;1;80;1;2; ; ; ; ; ;2; ;2; ;.; ; ;1;07;66;287,450225330421;66
3261397;1;3;1;80;1;2; ; ; ;2; ;2; ;2; ;.; ; ;1;07;66;298,764156417139;66
3261399;1;1;1;80;1;1;4;7; ;2; ;2; ; ; ; ;9;2;1;07;66;276,238256979453;66
3261400;1;2;1;80;1;1;4;9;CAMBIO DE RESIDENCIA;2; ;2; ; ; ; ;9;2;1;07;66;325,539821449373;66
3261401;1;1;1;80;1;1;4;4; ;2; ;2; ; ; ; ;4;2;1;07;66;236,870318317413;66
3261401;1;2;1;80;1;1;4;3; ;2; ;2; ; ; ; ;9;2;1;07;66;236,870318317413;66
3261402;1;1;1;80;1;1;4;3; ;2; ;2; ; ; ; ;9;2;1;07;66;303,270493517523;66
3261404;1;1;1;80;1;1;4;9;VIAJO AL EXTERIOR;2; ;2; ; ; ; ;9;2;1;07;66;269,488146504056;66
3261405;1;2;1;80;1;2; ; ; ;2; ;2; ;2; ;.; ; ;1;07;66;276,238256979453;66
3261407;1;2;1;80;1;1;3;3; ;2; ;2; ; ; ; ;9;2;1;07;66;243,620428792811;66
3261407;1;3;1;80;1;2; ; ; ; ; ;2; ;2; ;.; ; ;1;07;66;243,620428792811;66
3261408;1;3;1;80;1;2; ; ; ; ; ;2; ;2; ;.; ; ;1;07;66;315,823425431839;66
3261409;1;1;1;80;1;1;4;4; ;2; ;2; ; ; ; ;4;2;1;07;66;236,870318317413;66
3261409;1;2;1;80;1;1;4;3; ;2; ;2; ; ; ; ;9;2;1;07;66;236,870318317413;66
3261410;1;1;1;80;1;2; ; ; ;2; ;2; ;1;4; ;1; ;1;07;66;269,488146504056;66
3261411;1;1;1;80;1;1;4;3; ;2; ;2; ; ; ; ;9;2;1;07;66;269,488146504056;66
3261413;1;4;1;80;1;1;4;5; ;3; ;2; ; ; ; ;8;2;1;07;41;156,949070363911;41
3261414;1;1;1;80;1;1;4;3; ;2; ;2; ; ; ; ;9;2;1;07;41;158,539814176473;41
3261415;1;1;1;80;1;1;2;4; ;2; ;2; ; ; ; ;4;2;1;07;41;155,603750680815;41
3261415;1;2;1;80;1;1;4;6; ;2; ;2; ; ; ; ;8;2;1;07;41;155,603750680815;41
3261416;1;2;1;80;1;1;1;3; ;2; ;2; ; ; ; ;9;2;1;07;41;184,796901503065;41
3261417;1;1;1;80;1;1;4;5; ;3; ;2; ; ; ; ;10;2;1;07;41;112,876745715319;41
3261417;1;2;1;80;1;2; ; ; ;2; ;2; ;1;1; ;2; ;1;07;41;112,876745715319;41
3261419;1;2;1;80;1;2; ; ; ; ; ;2; ;2; ;.; ; ;1;07;41;112,876745715319;41
3261420;1;3;1;80;1;2; ; ; ;2; ;2; ;2; ;.; ; ;1;07;41;105,782099114238;41
3261420;1;4;1;80;1;2; ; ; ; ; ;2; ;2; ;.; ; ;1;07;41;105,782099114238;41
3261421;1;1;1;80;1;1;4;5; ;3; ;2; ; ;4; ;4;1;1;07;41;109,126358411324;41
3261421;1;2;1;80;1;1;4;3; ;2; ;2; ; ; ; ;9;2;1;07;41;109,126358411324;41
3261422;1;4;1;80;1;1;1;2; ;2; ;2; ; ; ; ;2;2;1;07;18;76,7336209502712;18
3261422;1;8;1;80;1;2; ; ; ; ; ;2; ;2; ;.; ; ;1;07;18;76,7336209502712;18
3261423;1;3;1;80;1;1;1;9;LA  MAMA NO  LADEJA  TRABAJAR;2; ;2; ; ; ; ;11;2;1;07;18;32,2696987683641;18
3261424;1;1;1;80;1;2; ; ; ;2; ;2; ;2; ;.; ; ;1;07;18;50,4513841838935;18
3261424;1;3;1;80;1;2; ; ; ;2; ;2; ;2; ;.; ; ;1;07;18;50,4513841838935;18
3261424;1;4;1;80;1;2; ; ; ; ; ;2; ;2; ;.; ; ;1;07;18;50,4513841838935;18
3261426;1;1;1;80;1;1;4;3; ;2; ;2; ; ; ; ;11;2;1;07;18;62,8712247608561;18
3261426;1;3;1;80;1;1;1;2; ;2; ;1;100000; ; ; ;2;2;1;07;18;62,8712247608561;18
3261427;1;1;1;80;1;2; ; ; ;2; ;2; ;2; ;.; ; ;1;07;18;50,4513841838935;18
3261427;1;2;1;80;1;1;1;8; ;2; ;1;30000; ; ; ;1;2;1;07;18;50,4513841838935;18
3261427;1;3;1;80;1;1;1;2; ;2; ;2; ; ; ; ;2;2;1;07;18;50,4513841838935;18
3261427;1;4;1;80;1;2; ; ; ; ; ;2; ;2; ;.; ; ;1;07;18;50,4513841838935;18
3261428;1;2;1;80;1;2; ; ; ;2; ;2; ;2; ;.; ; ;1;07;18;61,3963662953271;18
3261428;1;4;1;80;1;2; ; ; ;2; ;2; ;2; ;.; ; ;1;07;18;61,3963662953271;18
3261428;1;5;1;80;1;2; ; ; ; ; ;2; ;2; ;.; ; ;1;07;18;61,3963662953271;18
3261430;1;2;1;80;1;2; ; ; ;2; ;2; ;2; ;.; ; ;1;07;18;52,184650963531;18
3261431;1;3;1;80;1;2; ; ; ; ; ;2; ;2; ;.; ; ;1;07;18;67,7733304628413;18
3261432;1;1;1;80;1;1;4;4; ;2; ;2; ; ; ; ;4;2;1;07;18;71,3644215022615;18
3261433;1;2;1;80;1;1;3;3; ;2; ;2; ; ; ; ;9;2;1;07;18;91,4604711447774;18
3261435;1;1;1;80;1;1;2;5; ;3; ;2; ; ; ; ;10;2;1;07;18;52,4363565216343;18
3261435;1;2;1;80;1;1;4;3; ;2; ;2; ; ; ; ;9;2;1;07;18;52,4363565216343;18
3261435;1;5;1;80;1;2; ; ; ; ; ;2; ;2; ;.; ; ;1;07;18;52,4363565216343;18
3261435;1;6;1;80;1;1;1;6; ;3; ;1;300000; ; ; ;11;2;1;07;18;52,4363565216343;18
3261439;1;3;1;80;1;2; ; ; ;2; ;2; ;2; ;.; ; ;1;07;18;70,482339822644;18
3261440;1;1;1;80;1;1;4;4; ;2; ;2; ; ; ; ;8;2;1;07;18;51,706734052899;18
3261441;1;2;1;80;1;1;1;3; ;2; ;2; ; ; ; ;9;2;1;07;18;43,6263602183601;18
3261441;1;3;1;80;1;2; ; ; ;2; ;2; ;2; ;.; ; ;1;07;18;43,6263602183601;18
3261442;1;2;1;80;1;2; ; ; ;2; ;2; ;2; ;.; ; ;1;07;18;77,9349806938559;18
3261443;1;1;1;80;1;2; ; ; ;2; ;2; ;2; ;.; ; ;1;07;18;42,4922595052673;18
3261443;1;2;1;80;1;2; ; ; ;2; ;2; ;2; ;.; ; ;1;07;18;42,4922595052673;18
3261443;1;3;1;80;1;2; ; ; ;2; ;2; ;2; ;.; ; ;1;07;18;42,4922595052673;18
3261444;1;2;1;80;1;1;4;3; ;2; ;2; ; ; ; ;9;2;1;07;18;67,7733304628413;18
3261445;1;3;1;80;1;2; ; ; ; ; ;2; ;2; ;.; ; ;1;07;18;50,4513841838935;18
3261445;1;4;1;80;1;2; ; ; ; ; ;2; ;2; ;.; ; ;1;07;18;50,4513841838935;18
3261446;1;1;1;80;1;1;4;7; ;2; ;2; ; ; ; ;6;2;1;07;18;75,3260215152341;18
3261447;1;2;1;80;1;2; ; ; ; ; ;2; ;2; ;.; ; ;1;07;18;64,6044915404936;18
3261448;1;2;1;80;1;1;4;3; ;2; ;2; ; ; ; ;9;2;1;07;18;49,7301063776672;18
3261450;1;2;1;80;1;2; ; ; ;2; ;2; ;2; ;.; ; ;1;07;18;55,3534898858787;18
3261450;1;3;1;80;1;2; ; ; ; ; ;2; ;2; ;.; ; ;1;07;18;55,3534898858787;18
3261451;1;4;1;80;1;2; ; ; ; ; ;2; ;2; ;.; ; ;1;07;18;38,0315436069308;18
3261452;1;2;1;80;1;2; ; ; ;2; ;2; ;2; ;.; ; ;1;07;18;37,0558010267657;18
3261453;1;1;1;80;1;1;4;7; ;2; ;2; ; ; ; ;4;2;1;07;18;68,9789144603328;18
3261453;1;2;1;80;1;1;3;3; ;2; ;2; ; ; ; ;9;2;1;07;18;68,9789144603328;18
3261454;1;2;1;80;1;1;2;3; ;2; ;2; ; ; ; ;9;2;1;07;18;68,7490730430064;18
3261454;1;3;1;80;1;2; ; ; ; ; ;2; ;2; ;.; ; ;1;07;18;68,7490730430064;18
3261454;1;4;1;80;1;2; ; ; ; ; ;2; ;2; ;.; ; ;1;07;18;68,7490730430064;18
3261457;1;2;1;80;1;2; ; ; ; ; ;2; ;2; ;.; ; ;1;07;18;77,9349806938559;18
3261460;1;2;1;80;1;2; ; ; ;2; ;2; ;2; ;.; ; ;1;07;05;991,562889198541;05
3261461;1;2;1;80;1;1;4;8; ;2; ;2; ; ;4; ;9;1;1;07;05;1146,0769645388;05
3261462;1;2;1;80;1;1;4;3; ;2; ;2; ; ; ; ;9;2;1;07;05;908,880148653105;05
3261464;1;1;1;80;1;1;2;3; ;2; ;2; ; ; ; ;9;2;1;07;05;906,650895519019;05
3261464;1;3;1;80;1;2; ; ; ; ; ;2; ;2; ;.; ; ;1;07;05;906,650895519019;05
3261465;1;1;1;80;1;1;4;5; ;3; ;2; ; ; ; ;10;2;1;07;05;1157,06053325959;05
3261465;1;2;1;80;1;1;4;5; ;3; ;2; ; ; ; ;10;2;1;07;05;1157,06053325959;05
3261466;1;1;1;80;1;1;3;6; ;3; ;2; ; ; ; ;8;2;1;07;05;1143,58811776542;05
3261467;1;2;1;80;1;2; ; ; ;2; ;2; ;2; ;.; ; ;1;07;05;824,224754031168;05
3261467;1;3;1;80;1;1;2;5; ;3; ;2; ; ; ; ;10;2;1;07;05;824,224754031168;05
3261468;1;1;1;80;1;1;2;8; ;3; ;2; ; ; ; ;10;2;1;07;05;908,880148653105;05
3261468;1;4;1;80;1;2; ; ; ;2; ;2; ;2; ;.; ; ;1;07;05;908,880148653105;05
3261470;1;1;1;80;1;1;4;5; ;3; ;2; ; ; ; ;11;2;1;07;05;921,394217844639;05
3261471;1;1;1;80;1;2; ; ; ;2; ;2; ;2; ;.; ; ;1;07;05;844,890274735758;05
3261474;1;1;1;80;1;2; ; ; ;2; ;2; ;1;4; ;9; ;1;07;05;623,89952732646;05
3261477;1;1;1;80;1;1;4;3; ;2; ;2; ; ; ; ;9;2;1;07;05;928,299073874492;05
3261478;1;2;1;80;1;2; ; ; ;2; ;2; ;2; ;.; ; ;1;07;05;1191,32329365379;05
3261484;1;3;1;80;1;2; ; ; ;2; ;2; ;2; ;.; ; ;1;07;05;941,803139491643;05
3261485;1;1;1;80;1;1;3;4; ;2; ;2; ; ; ; ;4;2;1;07;05;853,166550444256;05
3261485;1;4;1;80;1;2; ; ; ; ; ;2; ;2; ;.; ; ;1;07;05;853,166550444256;05
3261486;1;1;1;80;1;2; ; ; ;2; ;2; ;2; ;.; ; ;1;07;05;845,872932386642;05
3261486;1;2;1;80;1;1;2;7; ;1;1;2; ; ;2; ;8;1;1;07;05;845,872932386642;05
3261488;1;2;1;80;1;2; ; ; ;2; ;2; ;2; ;.; ; ;1;07;05;1302,75049007148;05
3261488;1;4;1;80;1;1;3;4; ;2; ;2; ; ; ; ;4;2;1;07;05;1302,75049007148;05
3261491;1;4;1;80;1;2; ; ; ; ; ;1;5000;2; ;.; ; ;1;07;05;969,056877387624;05
3261492;1;3;1;80;1;1;1;2; ;2; ;2; ; ; ; ;2;2;1;07;05;687,66890638321;05
3261492;1;4;1;80;1;1;2;2; ;2; ;2; ; ; ; ;2;2;1;07;05;687,66890638321;05
3261493;1;3;1;80;1;2; ; ; ;2; ;2; ;2; ;.; ; ;1;07;13;5053,03538719561; 
3261505;1;1;1;80;1;1;4;4; ;2; ;2; ; ; ; ;4;2;1;07;13;3190,9331174367; 
3261506;1;2;1;80;1;1;4;3; ;2; ;2; ; ; ; ;9;2;1;07;13;3711,05577124554; 
3261506;1;4;1;80;1;2; ; ; ;2; ;2; ;2; ;.; ; ;1;07;13;3711,05577124554; 
3261507;1;3;1;80;1;2; ; ; ;2; ;2; ;2; ;.; ; ;1;07;13;5750,27503501554; 
3261507;1;4;1;80;1;2; ; ; ; ; ;2; ;2; ;.; ; ;1;07;13;5750,27503501554; 
3261509;1;3;1;80;1;2; ; ; ;2; ;2; ;2; ;.; ; ;1;07;13;5156,59166963024; 
3261511;1;1;1;80;1;1;4;3; ;2; ;2; ; ; ; ;9;2;1;07;13;3984,21790923356; 
3261537;1;1;1;80;1;1;4;4; ;2; ;2; ; ; ; ;8;2;1;07;13;3913,78335029488; 
3261541;1;3;1;80;1;2; ; ; ; ; ;2; ;2; ;.; ; ;1;07;13;5362,4123093409; 
3261544;1;2;1;80;1;2; ; ; ; ; ;2; ;2; ;.; ; ;1;07;13;6173,3147203875; 
3261546;1;1;1;80;1;1;4;3; ;2; ;2; ; ; ; ;9;2;1;07;13;5569,21768496728; 
3261554;1;2;1;80;1;1;1;4; ;2; ;2; ; ; ; ;4;2;1;07;13;5440,89811287025; 
3261554;1;4;1;80;1;2; ; ; ; ; ;2; ;2; ;.; ; ;1;07;13;5440,89811287025; 
3261561;1;6;1;80;1;2; ; ; ;2; ;2; ;2; ;.; ; ;1;07;13;5513,8866007636; 
3261570;1;3;1;80;1;2; ; ; ;2; ;2; ;2; ;.; ; ;1;07;13;5750,27503501554; 
3261570;1;4;1;80;1;2; ; ; ; ; ;2; ;2; ;.; ; ;1;07;13;5750,27503501554; 
3261571;1;1;1;80;1;1;4;3; ;2; ;2; ; ; ; ;9;2;1;07;13;2512,68219229231; 
3261571;1;2;1;80;1;2; ; ; ;2; ;2; ;2; ;.; ; ;1;07;13;2512,68219229231; 
3261571;1;3;1;80;1;1;4;4; ;2; ;2; ; ; ; ;4;2;1;07;13;2512,68219229231; 
3261571;1;6;1;80;1;1;4;7; ;2; ;2; ; ; ; ;8;2;1;07;13;2512,68219229231; 
3261574;1;2;1;80;1;1;3;9;LOS HIJOS YA NO LO DEJAN TRABAJAR;2; ;2; ; ; ; ;8;2;1;07;13;5867,90509045814; 
3261576;1;1;1;80;1;2; ; ; ;2; ;2; ;2; ;.; ; ;1;07;13;4737,26421023579; 
3261576;1;2;1;80;1;1;4;4; ;2; ;2; ; ; ; ;4;2;1;07;13;4737,26421023579; 
3261576;2;2;2;80;1;1;4;3; ;2; ;2; ; ; ; ;9;2;1;07;13;4737,26421023579; 
3261576;2;3;2;80;1;2; ; ; ;2; ;2; ;2; ;.; ; ;1;07;13;4737,26421023579; 
3261582;1;1;1;80;1;1;4;4; ;2; ;2; ; ; ; ;4;2;1;07;13;4518,74846147202; 
3261582;1;2;1;80;1;1;4;4; ;2; ;2; ; ; ; ;8;2;1;07;13;4518,74846147202; 
3261596;1;1;1;80;1;1;4;5; ;3; ;2; ; ; ; ;10;2;1;07;17;133,795571164299;17
3261596;1;2;1;80;1;1;4;5; ;3; ;2; ; ; ; ;10;2;1;07;17;133,795571164299;17
3261597;1;2;1;80;1;2; ; ; ;2; ;2; ;2; ;.; ; ;1;07;17;225,24957699228;17
3261598;1;2;1;80;1;2; ; ; ;2; ;2; ;2; ;.; ; ;1;07;17;143,255769208446;17
3261601;1;2;1;80;1;1;2;8; ;2; ;2; ; ; ; ;11;2;1;07;17;119,12206808999;17
3261601;1;3;1;80;1;1;2;2; ;2; ;2; ; ; ; ;2;2;1;07;17;119,12206808999;17
3261601;1;4;1;80;1;1;1;8; ;2; ;2; ; ;1; ;9;1;1;07;17;119,12206808999;17
3261607;1;3;1;80;1;2; ; ; ; ; ;2; ;2; ;.; ; ;1;07;17;262,284418734355;17
3261608;1;1;1;80;1;1;4;4; ;3; ;2; ; ; ; ;4;2;1;07;17;150,542940670736;17
3261614;1;4;1;80;1;2; ; ; ;2; ;2; ;2; ;.; ; ;1;07;17;252,376222249756;17
3261616;1;1;1;80;1;2; ; ; ;2; ;2; ;2; ;.; ; ;1;07;17;160,451137155335;17
3261617;1;3;1;80;1;1;1;2; ;2; ;2; ; ; ; ;2;2;1;07;17;262,284418734355;17
3261620;1;3;1;80;1;1;1;2; ;2; ;2; ; ; ; ;2;2;1;07;17;152,282975576221;17
3261620;1;5;1;80;1;2; ; ; ;2; ;2; ;2; ;.; ; ;1;07;17;152,282975576221;17
3261621;1;1;1;80;1;1;4;9;POR LA EDAD;2; ;2; ; ;4; ;8;1;1;07;17;174,709742858385;17
3261621;1;2;1;80;1;1;4;4; ;2; ;2; ; ; ; ;4;2;1;07;17;174,709742858385;17
3261622;1;2;1;80;1;1;3;4; ;2; ;2; ; ; ; ;4;2;1;07;17;111,501065101057;17
3261622;1;4;1;80;1;2; ; ; ;2; ;2; ;2; ;.; ; ;1;07;17;111,501065101057;17
3261622;1;5;1;80;1;2; ; ; ;2; ;2; ;2; ;.; ; ;1;07;17;111,501065101057;17
3261623;1;1;1;80;1;2; ; ; ;2; ;2; ;2; ;.; ; ;1;07;17;107,140005173264;17
3261623;1;3;1;80;1;1;4;5; ;3; ;2; ; ; ; ;10;2;1;07;17;107,140005173264;17
3261625;1;2;1;80;1;1;4;5; ;3; ;2; ; ; ; ;10;2;1;07;17;126,541500771202;17
3261626;1;4;1;80;1;1;4;8; ;2; ;2; ; ; ; ;8;2;1;07;17;321,137105782933;17
3261626;1;5;1;80;1;1;4;4; ;2; ;2; ; ; ; ;4;2;1;07;17;321,137105782933;17
3261628;1;1;1;80;1;1;1;3; ;2; ;2; ; ; ; ;9;2;1;07;63;139,166611638747;63
3261629;1;1;1;80;1;1;1;4; ;2; ;2; ; ; ; ;4;2;1;07;63;140,90599132241;63
3261630;1;1;1;80;1;2; ; ; ;3; ;2; ;2; ;.; ; ;1;07;63;107,308501624425;63
3261631;1;2;1;80;1;2; ; ; ;2; ;2; ;2; ;.; ; ;1;07;63;121,33168977472;63
3261631;1;3;1;80;1;2; ; ; ; ; ;2; ;2; ;.; ; ;1;07;63;121,33168977472;63
3261632;1;2;1;80;1;2; ; ; ;2; ;2; ;2; ;.; ; ;1;07;63;157,48741363496;63
3261634;1;1;1;80;1;2; ; ; ;2; ;2; ;2; ;.; ; ;1;07;63;68,6661595970067;63
3261634;1;2;1;80;1;1;4;3; ;2; ;2; ; ; ; ;9;2;1;07;63;68,6661595970067;63
3261634;1;3;1;80;1;2; ; ; ;2; ;2; ;2; ;.; ; ;1;07;63;68,6661595970067;63
3261636;1;2;1;80;1;1;2;3; ;2; ;2; ; ;2; ;9;1;1;07;63;142,80546889355;63
3261636;1;3;1;80;1;2; ; ; ;3; ;2; ;2; ;.; ; ;1;07;63;142,80546889355;63
3261638;1;2;1;80;1;1;1;3; ;1;1;2; ; ; ; ;9;2;1;07;63;126,137058146688;63
3261638;1;4;1;80;1;1;4;4; ;3; ;2; ; ; ; ;4;2;1;07;63;126,137058146688;63
3261640;1;1;1;80;1;1;4;5; ;3; ;2; ; ; ; ;10;2;1;07;63;448,144911730127;63
3261640;1;2;1;80;1;1;4;8; ;1;1;2; ; ; ; ;9;2;1;07;63;448,144911730127;63
3261642;1;2;1;80;1;1;1;8; ;2; ;2; ; ; ; ;9;2;1;07;63;131,13341268487;63
3261643;1;2;1;80;1;1;1;3; ;2; ;2; ; ; ; ;9;2;1;07;63;162,087613743318;63
3261643;1;3;1;80;1;2; ; ; ; ; ;2; ;2; ;.; ; ;1;07;63;162,087613743318;63
3261646;1;4;1;80;1;1;1;8; ;2; ;1;300000; ; ; ;2;2;1;07;63;156,828657043845;63
3261648;1;1;1;80;1;1;1;8; ;3; ;2; ; ; ; ;10;2;1;07;63;104,559281295955;63
3261649;1;3;1;80;1;2; ; ; ;2; ;2; ;2; ;.; ; ;1;07;63;528,448700400148;63
3261651;1;1;1;80;1;1;4;5; ;3; ;2; ; ; ; ;10;2;1;07;63;138,15677099394;63
3261651;1;2;1;80;1;1;4;3; ;2; ;2; ; ; ; ;9;2;1;07;63;138,15677099394;63
3261655;1;3;1;80;1;1;1;9;QUIERE SEGUIR ESTUDIARNDO PRIMERO;2; ;2; ; ; ;QUIERE SEGUIR ESTUDIANDO PRIMERO;12;2;1;07;47;217,707333963988;47
3261655;1;5;1;80;1;2; ; ; ;2; ;2; ;2; ;.; ; ;1;07;47;217,707333963988;47
3261656;1;3;1;80;1;2; ; ; ; ; ;2; ;2; ;.; ; ;1;07;47;180,576958606995;47
3261660;1;3;1;80;1;2; ; ; ;2; ;2; ;2; ;.; ; ;1;07;47;218,27434244193;47
3261661;1;1;1;80;1;2; ; ; ;2; ;2; ;2; ;.; ; ;1;07;47;216,770956921563;47
3261661;1;4;1;80;1;2; ; ; ;2; ;2; ;2; ;.; ; ;1;07;47;216,770956921563;47
3261661;1;5;1;80;1;2; ; ; ;2; ;2; ;2; ;.; ; ;1;07;47;216,770956921563;47
3261662;1;3;1;80;1;2; ; ; ; ; ;2; ;2; ;.; ; ;1;07;47;166,994844351971;47
3261664;1;1;1;80;1;1;4;4; ;2; ;2; ; ; ; ;8;2;1;07;47;128,653450678785;47
3261665;1;2;1;80;1;2; ; ; ;2; ;2; ;2; ;.; ; ;1;07;47;190,749220745821;47
3261665;1;3;1;80;1;2; ; ; ; ; ;2; ;2; ;.; ; ;1;07;47;190,749220745821;47
3261665;1;4;1;80;1;2; ; ; ; ; ;2; ;2; ;.; ; ;1;07;47;190,749220745821;47
3261668;1;3;1;80;1;2; ; ; ; ; ;2; ;2; ;.; ; ;1;07;47;272,149681127275;47
3261668;1;4;1;80;1;2; ; ; ; ; ;2; ;2; ;.; ; ;1;07;47;272,149681127275;47
3261669;1;2;1;80;1;1;2;4; ;2; ;2; ; ; ; ;4;2;1;07;47;126,981587062459;47
3261671;1;2;1;80;1;1;4;3; ;2; ;2; ; ; ; ;9;2;1;07;47;224,841390903405;47
3261672;1;1;1;80;1;2; ; ; ;2; ;2; ;2; ;.; ; ;1;07;47;188,560813815535;47
3261673;1;3;1;80;1;2; ; ; ; ; ;2; ;2; ;.; ; ;1;07;47;191,764674460531;47
3261673;1;4;1;80;1;2; ; ; ; ; ;2; ;2; ;.; ; ;1;07;47;191,764674460531;47
3261675;1;1;1;80;1;1;1;4; ;2; ;2; ; ; ; ;4;2;1;07;47;128,653450678785;47
3261683;1;2;1;80;1;2; ; ; ;2; ;2; ;2; ;.; ; ;1;07;44;98,177329761142;44
3261683;1;3;1;80;1;2; ; ; ; ; ;2; ;2; ;.; ; ;1;07;44;98,177329761142;44
3261684;1;4;1;80;1;2; ; ; ;2; ;2; ;2; ;.; ; ;1;07;63;128,35504808379;63
3261687;1;1;1;80;1;1;2;4; ;2; ;2; ; ; ; ;4;2;1;07;63;85,4310183139772;63
3261687;1;4;1;80;1;2; ; ; ;2; ;2; ;2; ;.; ; ;1;07;63;85,4310183139772;63
3261689;1;3;1;80;1;2; ; ; ; ; ;2; ;2; ;.; ; ;1;07;63;111,686637336929;63
3261689;1;5;1;80;1;2; ; ; ;2; ;2; ;2; ;.; ; ;1;07;63;111,686637336929;63
3261690;1;2;1;80;1;1;4;8; ;1;1;2; ; ; ; ;9;2;1;07;63;161,506499216064;63
3261690;1;3;1;80;1;2; ; ; ;2; ;2; ;2; ;.; ; ;1;07;63;161,506499216064;63
3261690;1;4;1;80;1;2; ; ; ; ; ;2; ;2; ;.; ; ;1;07;63;161,506499216064;63
3261690;1;5;1;80;1;1;4;4; ;2; ;2; ; ; ; ;8;2;1;07;63;161,506499216064;63
3261691;1;2;1;80;1;2; ; ; ;2; ;2; ;2; ;.; ; ;1;07;63;159,607021644924;63
3261691;1;3;1;80;1;1;1;2; ;2; ;2; ; ; ; ;2;2;1;07;63;159,607021644924;63
3261693;1;1;1;80;1;1;4;5; ;3; ;2; ; ; ; ;10;2;1;07;15;94,3786238068172;15
3261693;1;2;1;80;1;1;4;3; ;2; ;2; ; ; ; ;9;2;1;07;15;94,3786238068172;15
3261694;1;2;1;80;1;2; ; ; ; ; ;2; ;2; ;.; ; ;1;07;15;97,1996380634391;15
3261698;1;3;1;80;1;2; ; ; ; ; ;2; ;2; ;.; ; ;1;07;15;107,138312910192;15
3261701;1;1;1;80;1;1;4;7; ;2; ;2; ; ; ; ;8;2;1;07;15;102,112656414298;15
3261704;1;3;1;80;1;2; ; ; ; ; ;2; ;2; ;.; ; ;1;07;15;86,2042089402342;15
3261706;1;2;1;80;1;1;2;5; ;3; ;2; ; ; ; ;8;2;1;07;15;77,7761023317652;15
3261706;1;3;1;80;1;2; ; ; ;2; ;2; ;2; ;.; ; ;1;07;15;77,7761023317652;15
3261708;1;3;1;80;1;2; ; ; ;2; ;2; ;2; ;.; ; ;1;07;15;82,3059802269629;15
3261708;2;1;2;80;1;1;1;8; ;2; ;2; ; ; ; ;4;2;1;07;15;82,3059802269629;15
3261709;1;3;1;80;1;1;1;8; ;2; ;2; ; ; ; ;9;2;1;07;15;55,0869687236809;15
3261710;1;3;1;80;1;2; ; ; ; ; ;2; ;2; ;.; ; ;1;07;15;116,805210375895;15
3261710;1;4;1;80;1;1;4;4; ;2; ;2; ; ; ; ;4;2;1;07;15;116,805210375895;15
3261712;1;2;1;80;1;2; ; ; ; ; ;2; ;2; ;.; ; ;1;07;15;73,0154292594346;15
3261714;1;1;1;80;1;1;1;2; ;2; ;1;350000; ; ; ;2;2;1;07;15;77,0982871502875;15
3261715;1;1;1;80;1;1;4;5; ;3; ;2; ; ; ; ;10;2;1;07;15;84,7826157250705;15
3261715;1;2;1;80;1;1;4;3; ;2; ;2; ; ; ; ;9;2;1;07;15;84,7826157250705;15
3261716;1;2;1;80;1;2; ; ; ;2; ;2; ;2; ;.; ; ;1;07;15;82,1667722738099;15
3261717;1;3;1;80;1;2; ; ; ; ; ;2; ;2; ;.; ; ;1;07;15;112,300290385085;15
3261718;1;1;1;80;1;1;4;5; ;3; ;2; ; ; ; ;10;2;1;07;15;84,7117263411135;15
3261719;1;1;1;80;1;1;3;4; ;2; ;2; ; ; ; ;4;2;1;07;15;85,6656017119095;15
3261720;1;4;1;80;1;2; ; ; ; ; ;2; ;2; ;.; ; ;1;07;15;90,8275791868027;15
3261722;1;3;1;80;1;1;2;8; ;2; ;2; ; ; ; ;5;2;1;07;15;85,1269944835849;15
3261722;1;5;1;80;1;2; ; ; ; ; ;2; ;2; ;.; ; ;1;07;15;85,1269944835849;15
3261723;1;4;1;80;1;1;1;2; ;2; ;2; ; ; ; ;2;2;1;07;15;85,6656017119095;15
3261724;1;3;1;80;1;1;1;8; ;2; ;2; ; ; ; ;1;2;1;07;15;107,138312910192;15
3261726;1;1;1;80;1;1;4;4; ;3; ;2; ; ; ; ;8;2;1;07;63;87,4095242936139;63
3261726;1;4;1;80;1;1;4;3; ;2; ;2; ; ; ; ;8;2;1;07;63;87,4095242936139;63
3261726;1;6;1;80;1;2; ; ; ;2; ;2; ;2; ;.; ; ;1;07;63;87,4095242936139;63
3261726;1;7;1;80;1;2; ; ; ;2; ;2; ;2; ;.; ; ;1;07;63;87,4095242936139;63
3261727;1;1;1;80;1;1;4;5; ;3; ;2; ; ; ; ;8;2;1;07;63;141,59870594589;63
3261728;1;1;1;80;1;1;4;3; ;2; ;2; ; ; ; ;9;2;1;07;63;174,640050440026;63
3261728;1;3;1;80;1;2; ; ; ;2; ;2; ;2; ;.; ; ;1;07;63;174,640050440026;63
3261729;1;1;1;80;1;1;4;7; ;2; ;2; ; ; ; ;9;2;1;07;63;142,80546889355;63
3261730;1;3;1;80;1;1;4;7; ;2; ;2; ; ; ; ;4;2;1;07;63;119,113699837618;63
3261733;1;3;1;80;1;1;1;2; ;2; ;2; ; ; ; ;2;2;1;07;63;121,459215974469;63
3261734;1;2;1;80;1;1;4;4; ;2; ;2; ; ; ; ;4;2;1;07;63;155,006821536566;63
3261735;1;4;1;80;1;2; ; ; ;2; ;2; ;2; ;.; ; ;1;07;63;174,640050440026;63
3261736;1;3;1;80;1;1;1;8; ;2; ;2; ; ;1; ;9;1;1;07;63;162,699366001271;63
3261738;1;1;1;80;1;1;4;5; ;3; ;2; ; ; ; ;4;2;1;07;63;131,13341268487;63
3261738;1;2;1;80;1;2; ; ; ;2; ;2; ;2; ;.; ; ;1;07;63;131,13341268487;63
3261739;1;3;1;80;1;2; ; ; ; ; ;2; ;2; ;.; ; ;1;07;63;146,29396767972;63
3261740;1;2;1;80;1;2; ; ; ;2; ;2; ;2; ;.; ; ;1;07;63;135,782110584479;63
3261741;1;1;1;80;1;2; ; ; ;2; ;2; ;2; ;.; ; ;1;07;63;138,15677099394;63
3261741;1;3;1;80;1;1;4;4; ;3; ;2; ; ; ; ;4;2;1;07;63;138,15677099394;63
3261743;1;5;1;80;1;2; ; ; ;2; ;2; ;2; ;.; ; ;1;07;52;144,786098652345;52
3261746;1;2;1;80;1;1;2;8; ;2; ;2; ; ; ; ;9;2;1;07;52;150,185146550275;52
3261749;1;2;1;80;1;2; ; ; ;2; ;2; ;2; ;.; ; ;1;07;52;129,849257863079;52
3261750;1;2;1;80;1;2; ; ; ; ; ;2; ;2; ;.; ; ;1;07;52;212,553709255914;52
3261752;1;2;1;80;1;1;2;8; ;2; ;2; ; ; ; ;1;2;1;07;52;150,185146550275;52
3261753;1;3;1;80;1;1;1;2; ;2; ;1;260000; ; ; ;2;2;1;07;52;166,121870235956;52
3261753;1;4;1;80;1;2; ; ; ; ; ;2; ;2; ;.; ; ;1;07;52;166,121870235956;52
3261755;1;2;1;80;1;2; ; ; ;2; ;2; ;2; ;.; ; ;1;07;52;158,25462037489;52
3261756;1;1;1;80;1;1;4;8; ;2; ;2; ; ; ; ;8;2;1;07;52;158,68694170328;52
3261756;1;4;1;80;1;2; ; ; ;2; ;2; ;2; ;.; ; ;1;07;52;158,68694170328;52
3261756;1;5;1;80;1;2; ; ; ; ; ;2; ;2; ;.; ; ;1;07;52;158,68694170328;52
3261757;1;3;1;80;1;2; ; ; ;2; ;2; ;2; ;.; ; ;1;07;52;156,484444265609;52
3261759;1;1;1;80;1;1;1;7; ;2; ;2; ; ; ; ;9;2;1;07;52;207,834876610373;52
3261762;1;2;1;80;1;2; ; ; ;2; ;2; ;2; ;.; ; ;1;07;52;218,653246291983;52
3261765;1;1;1;80;1;1;4;3; ;2; ;2; ; ; ; ;9;2;1;07;52;144,085609514206;52
3261767;1;3;1;80;1;2; ; ; ; ; ;2; ;2; ;.; ; ;1;07;52;205,035472321776;52
3261769;1;2;1;80;1;2; ; ; ;2; ;2; ;2; ;.; ; ;1;07;52;132,171299632017;52
3261769;1;3;1;80;1;2; ; ; ;2; ;2; ;2; ;.; ; ;1;07;52;132,171299632017;52
3261770;1;2;1;80;1;2; ; ; ;2; ;2; ;2; ;.; ; ;1;07;52;133,19336546178;52
3261771;1;2;1;80;1;1;1;6; ;2; ;2; ; ; ; ;9;2;1;07;68;503,407379416491;68
3261773;1;2;1;80;1;2; ; ; ;2; ;2; ;2; ;.; ; ;1;07;68;505,924988895114;68
3261774;1;2;1;80;1;2; ; ; ;2; ;2; ;2; ;.; ; ;1;07;68;518,235919060611;68
3261775;1;3;1;80;1;2; ; ; ;2; ;2; ;2; ;.; ; ;1;07;68;476,461905081395;68
3261775;1;4;1;80;1;2; ; ; ; ; ;2; ;2; ;.; ; ;1;07;68;476,461905081395;68
3261776;1;2;1;80;1;1;4;4; ;2; ;2; ; ; ; ;9;2;1;07;68;425,040267150697;68
3261776;1;5;1;80;1;2; ; ; ; ; ;2; ;2; ;.; ; ;1;07;68;425,040267150697;68
3261777;1;4;1;80;1;2; ; ; ;2; ;2; ;2; ;.; ; ;1;07;70;140,474524720711;70
3261779;1;1;1;80;1;1;4;4; ;2; ;2; ; ; ; ;4;2;1;07;70;103,706965442014;70
3261780;1;2;1;80;1;2; ; ; ; ; ;2; ;2; ;.; ; ;1;07;70;86,4832535812858;70
3261781;1;1;1;80;1;1;4;5; ;3; ;2; ; ; ; ;10;2;1;07;68;512,773852484104;68
3261782;1;2;1;80;1;2; ; ; ;2; ;2; ;2; ;.; ; ;1;07;68;560,665646556065;68
3261784;1;2;1;80;1;1;2;4; ;2; ;2; ; ; ;SUFRIO UN ACCIDENTE;12;2;1;07;70;134,345020024946;70
3261784;2;3;2;80;1;1;4;4; ;2; ;2; ; ; ; ;8;2;1;07;70;134,345020024946;70
3261785;1;1;1;80;1;1;4;3; ;2; ;2; ; ; ; ;8;2;1;07;70;98,424786451239;70
3261785;1;2;1;80;1;1;1;3; ;2; ;2; ; ; ; ;1;2;1;07;70;98,424786451239;70
3261785;1;4;1;80;1;1;3;2; ;2; ;2; ; ; ; ;2;2;1;07;70;98,424786451239;70
3261785;1;5;1;80;1;1;1;2; ;2; ;2; ; ; ; ;2;2;1;07;70;98,424786451239;70
3261786;1;3;1;80;1;2; ; ; ; ; ;2; ;2; ;.; ; ;1;07;70;108,233818898333;70
3261787;1;3;1;80;1;2; ; ; ; ; ;2; ;2; ;.; ; ;1;07;68;535,761091804094;68
3261790;1;2;1;80;1;1;1;3; ;2; ;2; ; ; ; ;9;2;1;07;68;661,130952197992;68
3261790;2;3;2;80;1;2; ; ; ; ; ;2; ;2; ;.; ; ;1;07;68;661,130952197992;68
3261791;1;1;1;80;1;1;4;3; ;2; ;2; ; ; ; ;4;2;1;07;70;103,706965442014;70
3261792;1;2;1;80;1;2; ; ; ;2; ;2; ;2; ;.; ; ;1;07;70;156,20376133922;70
3261792;1;3;1;80;1;2; ; ; ;2; ;2; ;2; ;.; ; ;1;07;70;156,20376133922;70
3261792;1;5;1;80;1;2; ; ; ; ; ;2; ;2; ;.; ; ;1;07;70;156,20376133922;70
3261792;1;6;1;80;1;2; ; ; ; ; ;2; ;2; ;.; ; ;1;07;70;156,20376133922;70
3261793;1;2;1;80;1;1;2;3; ;2; ;2; ; ; ; ;9;2;1;07;70;88,5749549918579;70
3261799;1;3;1;80;1;2; ; ; ;2; ;2; ;2; ;.; ; ;1;07;68;620,991974944667;68
3261800;1;1;1;80;1;1;4;4; ;2; ;2; ; ; ; ;8;2;1;07;68;503,407379416491;68
3261801;1;2;1;80;1;2; ; ; ; ; ;2; ;2; ;.; ; ;1;07;68;591,155872035687;68
3261802;1;3;1;80;1;1;1;6; ; ; ;2; ; ; ; ;2;2;1;07;73;356,327324254314;73
3261803;1;3;1;80;1;1;2;2; ;2; ;2; ; ; ; ;2;2;1;07;73;265,588655301768;73
3261803;1;5;1;80;1;1;4;4; ;2; ;2; ; ; ; ;4;2;1;07;73;265,588655301768;73
3261804;1;1;1;80;1;1;4;4; ;2; ;2; ; ; ; ;4;2;1;07;73;237,762532498982;73
3261804;1;2;1;80;1;1;2;7; ;2; ;2; ; ; ; ;4;2;1;07;73;237,762532498982;73
3261804;1;5;1;80;1;2; ; ; ;2; ;2; ;2; ;.; ; ;1;07;73;237,762532498982;73
3261807;1;6;1;80;1;2; ; ; ;2; ;2; ;2; ;.; ; ;1;07;73;286,573593711785;73
3261808;1;1;1;80;1;1;4;6; ;1;2;2; ; ; ; ;8;2;1;07;73;232,848475222616;73
3261808;1;2;1;80;1;1;4;5; ;3; ;2; ; ; ; ;10;2;1;07;73;232,848475222616;73
3261809;1;2;1;80;1;1;4;3; ;2; ;2; ; ; ; ;9;2;1;07;73;248,759873247587;73
3261809;1;4;1;80;1;2; ; ; ;2; ;2; ;2; ;.; ; ;1;07;73;248,759873247587;73
3261810;1;4;1;80;1;1;1;2; ;2; ;1;200000; ;1; ;2;1;1;07;68;425,69438972134;68
3261810;1;5;1;80;1;1;1;8; ; ; ;1;20000; ; ; ;2;2;1;07;68;425,69438972134;68
3261811;1;2;1;80;1;1;1;4; ;2; ;2; ; ; ; ;4;2;1;07;68;598,377754719939;68
3261811;1;3;1;80;1;1;4;6; ;2; ;2; ; ; ; ;4;2;1;07;68;598,377754719939;68
3261813;1;2;1;80;1;1;4;3; ;2; ;2; ; ; ;EL ESPOSO NO LE DEJA TRABAJAR;12;2;1;07;73;229,535604759815;73
3261816;1;4;1;80;1;1;2;2; ;2; ;1;60000; ; ; ;2;2;1;07;73;282,298071297205;73
3261816;1;5;1;80;1;2; ; ; ; ; ;2; ;2; ;.; ; ;1;07;73;282,298071297205;73
3261820;1;3;1;80;1;1;1;2; ;2; ;1;180000; ; ; ;2;2;1;07;68;541,223158380601;68
3261823;1;5;1;80;1;1;1;2; ;2; ;2; ; ; ; ;9;2;1;07;73;229,14885390108;73
3261823;1;6;1;80;1;2; ; ; ; ; ;2; ;2; ;.; ; ;1;07;73;229,14885390108;73
3261826;1;4;1;80;1;2; ; ; ;2; ;2; ;2; ;.; ; ;1;07;73;213,980943863514;73
3261831;1;1;1;80;1;1;4;4; ;2; ;2; ; ; ; ;4;2;1;07;73;252,459494569123;73
3261834;1;1;1;80;1;1;4;5; ;3; ;2; ; ; ; ;10;2;1;07;73;166,763683039986;73
3261834;1;2;1;80;1;1;4;3; ;2; ;2; ; ; ; ;9;2;1;07;73;166,763683039986;73
3261834;1;4;1;80;1;2; ; ; ; ; ;2; ;2; ;.; ; ;1;07;73;166,763683039986;73
3261835;1;1;1;80;1;1;4;3; ;2; ;2; ; ; ; ;9;2;1;07;73;208,272586967121;73
3261837;1;1;1;80;1;1;4;4; ;2; ;2; ; ; ; ;4;2;1;07;73;390,970617551134;73
3261838;1;2;1;80;1;1;4;3; ;1;2;2; ; ; ; ;9;2;1;07;73;212,796225310901;73
3261838;2;1;2;80;1;1;4;7; ;2; ;2; ; ; ; ;8;2;1;07;73;212,796225310901;73
3261838;3;2;3;80;1;1;1;3; ;2; ;2; ; ; ; ;9;2;1;07;73;212,796225310901;73
3261839;1;4;1;80;1;1;1;9;PROBLEMAS FAMILIARES;2; ;2; ; ; ; ;8;2;1;07;73;248,759873247587;73
3261842;1;1;1;80;1;1;3;7; ;3; ;2; ; ; ; ;8;2;1;07;73;202,340630394524;73
3261842;1;2;1;80;1;1;4;3; ;2; ;2; ; ; ; ;9;2;1;07;73;202,340630394524;73
3261845;1;1;1;80;1;1;3;4; ;2; ;2; ; ; ; ;4;2;1;07;73;266,390391622672;73
3261845;1;2;1;80;1;1;4;7; ;2; ;2; ; ; ; ;4;2;1;07;73;266,390391622672;73
3261846;1;2;1;80;1;1;4;3; ;2; ;2; ; ; ; ;9;2;1;07;73;208,272586967121;73
3261848;1;2;1;80;1;2; ; ; ;2; ;2; ;2; ;.; ; ;1;07;73;352,662104244852;73
3261856;1;3;1;80;1;2; ; ; ;2; ;2; ;2; ;.; ; ;1;07;73;215,22167519797;73
3261859;1;4;1;80;1;1;2;2; ;2; ;2; ; ; ; ;2;2;1;07;76;908,677609089732;76
3261860;1;1;1;80;1;1;4;5; ;3; ;2; ; ; ; ;10;2;1;07;76;876,116000358486;76
3261860;1;2;1;80;1;2; ; ; ;2; ;2; ;2; ;.; ; ;1;07;76;876,116000358486;76
3261861;1;1;1;80;1;1;4;1; ;2; ;2; ; ; ; ;9;2;1;07;76;1427,88545156141;76
3261861;1;3;1;80;1;2; ; ; ;2; ;2; ;2; ;.; ; ;1;07;76;1427,88545156141;76
3261862;1;3;1;80;1;2; ; ; ;2; ;2; ;2; ;.; ; ;1;07;76;1022,37955278412;76
3261862;1;4;1;80;1;2; ; ; ;2; ;2; ;2; ;.; ; ;1;07;76;1022,37955278412;76
3261863;1;2;1;80;1;1;4;4; ;2; ;2; ; ; ; ;4;2;1;07;76;871,664458281943;76
3261864;1;1;1;80;1;1;4;5; ;3; ;2; ; ; ; ;8;2;1;07;76;997,904121758155;76
3261864;1;2;1;80;1;2; ; ; ;2; ;2; ;2; ;.; ; ;1;07;76;997,904121758155;76
3261864;1;3;1;80;1;2; ; ; ; ; ;2; ;2; ;.; ; ;1;07;76;997,904121758155;76
3261867;1;1;1;80;1;1;4;5; ;3; ;2; ; ;3;DAR OPORTUNIDAD  A  OTRAS PERSONAS;12;1;1;07;76;943,427112838276;76
3261869;1;2;1;80;1;1;1;8; ;2; ;2; ; ; ; ;6;2;1;07;76;1049,76129278878;76
3261872;1;3;1;80;1;2; ; ; ;2; ;2; ;1;1; ;2; ;1;07;76;507,838402509486;76
3261872;1;4;1;80;1;2; ; ; ; ; ;2; ;2; ;.; ; ;1;07;76;507,838402509486;76
3261875;1;1;1;80;1;1;4;5; ;3; ;2; ; ; ; ;10;2;1;07;76;660,575161712863;76
3261875;1;2;1;80;1;1;4;3; ;2; ;2; ; ; ; ;9;2;1;07;76;660,575161712863;76
3261875;2;3;2;80;1;1;1;8; ;2; ;1;25000; ; ; ;2;2;1;07;76;660,575161712863;76
3261875;2;4;2;80;1;2; ; ; ;2; ;2; ;2; ;.; ; ;1;07;76;660,575161712863;76
3261875;2;5;2;80;1;2; ; ; ; ; ;2; ;2; ;.; ; ;1;07;76;660,575161712863;76
3261875;2;6;2;80;1;2; ; ; ; ; ;2; ;2; ;.; ; ;1;07;76;660,575161712863;76
3261878;1;1;1;80;1;1;2;6; ;2; ;2; ; ; ; ;9;2;1;07;76;963,332596363985;76
3261879;1;1;1;80;1;1;3;4; ;3; ;2; ; ; ; ;4;2;1;07;76;947,87865491482;76
3261880;1;1;1;80;1;1;4;5; ;2; ;2; ; ; ; ;8;2;1;07;76;911,659294979858;76
3261880;1;2;1;80;1;1;4;3; ;2; ;2; ; ; ; ;11;2;1;07;76;911,659294979858;76
3261883;1;3;1;80;1;2; ; ; ; ; ;2; ;2; ;.; ; ;1;07;76;782,43794561352;76
3261885;1;3;1;80;1;2; ; ; ; ; ;2; ;2; ;.; ; ;1;07;54;402,926320529673;54
3261908;1;1;1;80;1;1;4;4; ;2; ;2; ; ; ; ;4;2;1;07;17;330,866207030028;17
3261911;1;3;1;80;1;2; ; ; ;2; ;2; ;2; ;.; ; ;1;07;17;324,382344121639;17
3261911;1;4;1;80;1;2; ; ; ; ; ;2; ;2; ;.; ; ;1;07;17;324,382344121639;17
3261914;1;3;1;80;1;2; ; ; ;2; ;2; ;2; ;.; ; ;1;07;17;162,191172060819;17
3261914;1;4;1;80;1;2; ; ; ; ; ;2; ;2; ;.; ; ;1;07;17;162,191172060819;17
3261916;1;2;1;80;1;1;1;4; ;2; ;1;150000; ; ; ;4;2;1;07;17;93,5533515731853;17
3261916;1;5;1;80;1;1;3;8; ;2; ;2; ; ;1; ;5;1;1;07;17;93,5533515731853;17
3261916;1;7;1;80;1;2; ; ; ;2; ;2; ;2; ;.; ; ;1;07;17;93,5533515731853;17
3261917;1;1;1;80;1;2; ; ; ;2; ;2; ;2; ;.; ; ;1;07;17;106,824267951735;17
3261917;1;4;1;80;1;1;4;3; ;1;4;2; ; ; ; ;9;2;1;07;17;106,824267951735;17
3261919;1;1;1;80;1;1;2;8; ;2; ;2; ; ; ; ;11;2;1;07;17;253,428518118832;17
3261919;1;2;1;80;1;1;2;8; ;1;1;2; ; ; ; ;11;2;1;07;17;253,428518118832;17
3261920;1;1;1;80;1;2; ; ; ;2; ;2; ;2; ;.; ; ;1;07;17;585,591933491109;17
3261920;1;4;1;80;1;2; ; ; ;2; ;2; ;2; ;.; ; ;1;07;17;585,591933491109;17
3261920;1;5;1;80;1;2; ; ; ; ; ;2; ;2; ;.; ; ;1;07;17;585,591933491109;17
3261920;2;1;2;80;1;1;4;8; ;2; ;2; ; ; ; ;9;2;1;07;17;585,591933491109;17
3261920;3;1;3;80;1;2; ; ; ;2; ;2; ;2; ;.; ; ;1;07;17;585,591933491109;17
3261920;3;3;3;80;1;2; ; ; ; ; ;2; ;2; ;.; ; ;1;07;17;585,591933491109;17
3261920;4;2;4;80;1;1;4;3; ;2; ;2; ; ;2; ;5;1;1;07;17;585,591933491109;17
3261920;4;3;4;80;1;2; ; ; ;2; ;2; ;1;2; ;2; ;1;07;17;585,591933491109;17
3261923;1;2;1;80;1;2; ; ; ;2; ;2; ;1;1; ;2; ;1;07;17;223,532622912784;17
3261923;1;3;1;80;1;2; ; ; ;2; ;2; ;2; ;.; ; ;1;07;17;223,532622912784;17
3261924;1;3;1;80;1;1;1;2; ; ; ;2; ; ; ; ;2;2;1;07;17;172,099368545418;17
3261926;1;2;1;80;1;2; ; ; ; ; ;2; ;2; ;.; ; ;1;07;17;233,440819397383;17
3261928;1;1;1;80;1;1;1;8; ;2; ;2; ; ; ; ;2;2;1;07;17;104,995723605862;17
3261929;1;3;1;80;1;2; ; ; ; ; ;2; ;2; ;.; ; ;1;07;17;258,060529149177;17
3261930;1;2;1;80;1;1;4;6; ;2; ;2; ; ; ; ;9;2;1;07;17;349,419485716771;17
3261932;1;1;1;80;1;1;4;4; ;2; ;2; ; ; ; ;4;2;1;07;17;130,858808920461;17
3261932;1;2;1;80;1;1;4;3; ;2; ;2; ; ; ; ;4;2;1;07;17;130,858808920461;17
3261932;1;3;1;80;1;1;2;2; ;2; ;2; ; ; ; ;2;2;1;07;17;130,858808920461;17
3261934;1;3;1;80;1;2; ; ; ; ; ;2; ;2; ;.; ; ;1;07;17;176,416676694677;17
3261935;1;3;1;80;1;2; ; ; ;2; ;2; ;2; ;.; ; ;1;07;17;324,382344121639;17
3261935;1;4;1;80;1;2; ; ; ; ; ;2; ;2; ;.; ; ;1;07;17;324,382344121639;17
3261936;1;1;1;80;1;2; ; ; ;2; ;2; ;2; ;.; ; ;1;07;17;138,938461059188;17
3261939;1;3;1;80;1;2; ; ; ; ; ;2; ;2; ;.; ; ;1;07;17;219,215314763525;17
3261940;1;1;1;80;1;1;1;7; ;2; ;2; ; ; ; ;5;2;1;07;17;176,416676694677;17
3261940;1;2;1;80;1;2; ; ; ;2; ;2; ;1;1; ;5; ;1;07;17;176,416676694677;17
3261940;1;3;1;80;1;2; ; ; ;2; ;2; ;2; ;.; ; ;1;07;17;176,416676694677;17
3261947;1;1;1;80;1;1;3;5; ;3; ;2; ; ; ; ;10;2;1;07;17;160,451137155335;17
3261949;1;3;1;80;1;1;1;2; ;2; ;2; ; ; ; ;2;2;1;07;17;164,801546373786;17
3261950;1;1;1;80;1;2; ; ; ;2; ;2; ;2; ;.; ; ;1;07;17;146,225632521477;17
3261950;1;2;1;80;1;1;1;4; ;2; ;2; ; ; ; ;4;2;1;07;17;146,225632521477;17
3261951;1;1;1;80;1;1;3;4; ;3; ;2; ; ; ;POR DISCAPACIDAD FISICA DEBIDO ACCIDENTE;12;2;1;07;17;138,938461059188;17
3261951;1;2;1;80;1;1;1;7; ;2; ;2; ; ; ; ;9;2;1;07;17;138,938461059188;17
3261952;1;1;1;80;1;1;4;4; ;2; ;2; ; ; ; ;4;2;1;07;17;174,709742858385;17
3261952;1;2;1;80;1;2; ; ; ;2; ;2; ;2; ;.; ; ;1;07;17;174,709742858385;17
3261953;1;3;1;80;1;2; ; ; ;2; ;2; ;2; ;.; ; ;1;07;17;159,66930718824;17
3261959;1;1;1;80;1;1;4;7; ;2; ;2; ; ; ; ;11;2;1;07;17;345,762397025026;17
3261960;1;4;1;80;1;2; ; ; ; ; ;2; ;2; ;.; ; ;1;07;17;197,962453860017;17
3261961;1;4;1;80;1;2; ; ; ;2; ;2; ;2; ;.; ; ;1;07;17;162,191172060819;17
3261962;1;1;1;80;1;2; ; ; ;2; ;2; ;2; ;.; ; ;1;07;17;132,00012788762;17
3261965;1;1;1;80;1;1;4;5; ;3; ;2; ; ; ; ;10;2;1;07;17;160,451137155335;17
3261966;1;1;1;80;1;2; ; ; ;2; ;2; ;2; ;.; ; ;1;07;17;146,225632521477;17
3261966;1;2;1;80;1;2; ; ; ;2; ;2; ;2; ;.; ; ;1;07;17;146,225632521477;17
3261967;1;2;1;80;1;2; ; ; ;2; ;2; ;2; ;.; ; ;1;07;17;162,973002027914;17
3261969;1;1;1;80;1;1;4;8; ;2; ;2; ; ; ; ;9;2;1;07;17;138,938461059188;17
3261970;1;1;1;80;1;1;4;4; ;2; ;2; ; ;2; ;5;1;1;07;17;186,324873179276;17
3261977;1;2;1;80;1;2; ; ; ;2; ;2; ;2; ;.; ; ;1;07;17;143,255769208446;17
3261978;1;3;1;80;1;2; ; ; ; ; ;2; ;2; ;.; ; ;1;07;15;107,138312910192;15
3261979;1;1;1;80;1;2; ; ; ;3; ;2; ;1;4; ;10; ;1;07;15;113,224925043224;15
3261979;1;2;1;80;1;2; ; ; ;2; ;2; ;2; ;.; ; ;1;07;15;113,224925043224;15
3261980;1;3;1;80;1;2; ; ; ;2; ;2; ;2; ;.; ; ;1;07;15;94,6895387099495;15
3261981;1;1;1;80;1;1;4;5; ;3; ;2; ; ; ; ;8;2;1;07;15;96,7038594627437;15
3261982;1;1;1;80;1;1;2;7; ;2; ;2; ; ; ; ;8;2;1;07;15;103,367706091043;15
3261984;1;2;1;80;1;1;2;2; ;2; ;2; ; ; ; ;2;2;1;07;15;96,4570399860822;15
3261984;1;5;1;80;1;2; ; ; ;2; ;2; ;2; ;.; ; ;1;07;15;96,4570399860822;15
3261984;1;6;1;80;1;2; ; ; ;2; ;2; ;2; ;.; ; ;1;07;15;96,4570399860822;15
3261985;1;2;1;80;1;1;4;3; ;2; ;2; ; ; ; ;9;2;1;07;15;110,257908875963;15
3261986;1;2;1;80;1;2; ; ; ; ; ;2; ;2; ;.; ; ;1;07;15;65,5642507987579;15
3261986;1;4;1;80;1;2; ; ; ;2; ;2; ;2; ;.; ; ;1;07;15;65,5642507987579;15
3261989;1;1;1;80;1;1;4;5; ;3; ;2; ; ; ; ;8;2;1;07;15;84,7117263411135;15
3261990;1;2;1;80;1;1;3;3; ;2; ;2; ; ; ; ;9;2;1;07;15;87,459258616979;15
3261991;1;4;1;80;1;1;4;1; ;2; ;2; ; ; ; ;8;2;1;07;15;88,091123676693;15
3261992;1;1;1;80;1;2; ; ; ;2; ;2; ;2; ;.; ; ;1;07;15;104,693645151745;15
3261992;1;2;1;80;1;1;1;2; ;2; ;2; ; ; ; ;2;2;1;07;15;104,693645151745;15
3261993;1;3;1;80;1;2; ; ; ;2; ;2; ;2; ;.; ; ;1;07;15;79,3848955392715;15
3261994;1;2;1;80;1;1;4;4; ;2; ;2; ; ; ; ;4;2;1;07;15;94,3786238068172;15
3261995;1;2;1;80;1;2; ; ; ;2; ;2; ;2; ;.; ; ;1;07;15;65,0256435704333;15
3261995;1;3;1;80;1;2; ; ; ;2; ;2; ;2; ;.; ; ;1;07;15;65,0256435704333;15
3261995;1;4;1;80;1;2; ; ; ;2; ;2; ;2; ;.; ; ;1;07;15;65,0256435704333;15
3261996;1;2;1;80;1;1;4;4; ;2; ;2; ; ; ; ;4;2;1;07;15;93,1235741300724;15
3261996;1;3;1;80;1;1;4;4; ;2; ;2; ; ; ; ;4;2;1;07;15;93,1235741300724;15
3261997;1;3;1;80;1;2; ; ; ; ; ;2; ;2; ;.; ; ;1;07;15;120,575817195044;15
3261997;1;6;1;80;1;2; ; ; ; ; ;2; ;2; ;.; ; ;1;07;15;120,575817195044;15
3261998;1;1;1;80;1;1;4;3; ;2; ;2; ; ; ; ;9;2;1;07;15;76,4861979412064;15
3261998;1;2;1;80;1;2; ; ; ;2; ;2; ;2; ;.; ; ;1;07;15;76,4861979412064;15
3261999;1;3;1;80;1;2; ; ; ;2; ;2; ;2; ;.; ; ;1;07;15;181,071582870279;15
3261999;1;4;1;80;1;2; ; ; ;2; ;2; ;2; ;.; ; ;1;07;15;181,071582870279;15
3262001;1;1;1;80;1;1;4;5; ;3; ;2; ; ; ; ;10;2;1;07;15;117,793940460505;15
3262001;1;3;1;80;1;2; ; ; ;2; ;2; ;2; ;.; ; ;1;07;15;117,793940460505;15
3262001;1;5;1;80;1;2; ; ; ; ; ;2; ;2; ;.; ; ;1;07;15;117,793940460505;15
3262002;1;2;1;80;1;1;4;4; ;2; ;2; ; ; ; ;8;2;1;07;15;85,557990188401;15
3262002;1;8;1;80;1;2; ; ; ;2; ;2; ;2; ;.; ; ;1;07;15;85,557990188401;15
3262002;1;9;1;80;1;2; ; ; ;2; ;2; ;2; ;.; ; ;1;07;15;85,557990188401;15
3262003;1;4;1;80;1;2; ; ; ;2; ;2; ;2; ;.; ; ;1;07;15;109,447524266589;15
3262004;1;2;1;80;1;2; ; ; ;2; ;2; ;2; ;.; ; ;1;07;15;107,138312910192;15
3262004;1;3;1;80;1;2; ; ; ;2; ;2; ;2; ;.; ; ;1;07;15;107,138312910192;15
3262007;1;2;1;80;1;2; ; ; ; ; ;2; ;2; ;.; ; ;1;07;15;92,1989394719332;15
3262008;1;3;1;80;1;2; ; ; ;2; ;2; ;2; ;.; ; ;1;07;15;91,0743986634642;15
3262009;1;3;1;80;1;2; ; ; ;2; ;2; ;2; ;.; ; ;1;07;15;103,322284866615;15
3262009;1;5;1;80;1;1;4;6; ;2; ;2; ; ; ; ;8;2;1;07;15;103,322284866615;15
3262011;1;2;1;80;1;1;1;3; ;2; ;1;400000; ; ; ;9;2;1;07;15;92,329448340209;15
3262013;1;2;1;80;1;1;4;4; ;2; ;2; ; ; ; ;4;2;1;07;15;85,7004564257235;15
3262013;1;5;1;80;1;2; ; ; ; ; ;2; ;2; ;.; ; ;1;07;15;85,7004564257235;15
3262015;1;2;1;80;1;1;1;2; ;2; ;2; ; ; ; ;2;2;1;07;15;75,8432374735427;15
3262016;1;1;1;80;1;2; ; ; ;2; ;2; ;2; ;.; ; ;1;07;15;75,8432374735427;15
3262016;1;2;1;80;1;2; ; ; ;2; ;2; ;2; ;.; ; ;1;07;15;75,8432374735427;15
3262018;1;3;1;80;1;1;1;2; ;2; ;2; ; ; ; ;2;2;1;07;15;102,0213037103;15
3262018;1;4;1;80;1;2; ; ; ;2; ;2; ;2; ;.; ; ;1;07;15;102,0213037103;15
3262020;1;4;1;80;1;2; ; ; ; ; ;2; ;2; ;.; ; ;1;07;15;101,729515958637;15
3262021;1;1;1;80;1;2; ; ; ;2; ;2; ;2; ;.; ; ;1;07;15;106,866535529143;15
3262021;1;3;1;80;1;1;1;8; ;2; ;2; ; ; ; ;9;2;1;07;15;106,866535529143;15
3262023;1;2;1;80;1;1;4;7; ;2; ;2; ; ; ; ;8;2;1;07;63;141,145117618384;63
3262024;1;2;1;80;1;1;4;8; ;2; ;2; ; ; ; ;9;2;1;07;63;122,420558828024;63
3262025;1;2;1;80;1;1;2;4; ;2; ;2; ; ; ; ;4;2;1;07;63;131,13341268487;63
3262027;1;2;1;80;1;2; ; ; ;2; ;2; ;2; ;.; ; ;1;07;63;85,4310183139772;63
3262027;1;4;1;80;1;2; ; ; ;2; ;2; ;2; ;.; ; ;1;07;63;85,4310183139772;63
3262028;1;2;1;80;1;1;4;3; ;2; ;2; ; ;4; ;1;1;1;07;63;97,5858071227726;63
3262028;1;3;1;80;1;2; ; ; ; ; ;2; ;2; ;.; ; ;1;07;63;97,5858071227726;63
3262033;1;1;1;80;1;1;4;5; ;3; ;2; ; ; ; ;10;2;1;07;47;170,198153271593;47
3262034;1;1;1;80;1;1;3;5; ;3; ;2; ; ; ; ;10;2;1;07;47;109,32742779563;47
3262034;1;3;1;80;1;1;3;5; ;3; ;2; ; ; ; ;10;2;1;07;47;109,32742779563;47
3262035;1;2;1;80;1;2; ; ; ;2; ;2; ;2; ;.; ; ;1;07;47;142,673031575485;47
3262035;1;3;1;80;1;2; ; ; ;2; ;2; ;2; ;.; ; ;1;07;47;142,673031575485;47
3262037;1;3;1;80;1;2; ; ; ; ; ;2; ;2; ;.; ; ;1;07;47;157,631492731279;47
3262038;1;2;1;80;1;2; ; ; ; ; ;2; ;2; ;.; ; ;1;07;47;161,035692119427;47
3262041;1;2;1;80;1;1;2;4; ;2; ;2; ; ; ; ;4;2;1;07;47;155,570676145963;47
3262043;1;2;1;80;1;1;4;8; ;2; ;2; ; ; ; ;9;2;1;07;47;143,936141267173;47
3262044;1;3;1;80;1;2; ; ; ;2; ;2; ;2; ;.; ; ;1;07;47;171,414497454828;47
3262045;1;1;1;80;1;1;4;5; ;3; ;2; ; ; ; ;10;2;1;07;47;87,4483495145594;47
3262045;1;2;1;80;1;1;4;5; ;3; ;2; ; ; ; ;10;2;1;07;47;87,4483495145594;47
3262045;1;4;1;80;1;2; ; ; ;2; ;2; ;2; ;.; ; ;1;07;47;87,4483495145594;47
3262046;1;1;1;80;1;1;4;5; ;3; ;2; ; ; ; ;10;2;1;07;47;137,080425257051;47
3262047;1;2;1;80;1;1;4;3; ;2; ;2; ; ; ; ;9;2;1;07;47;111,059763567451;47
3262048;1;3;1;80;1;2; ; ; ; ; ;2; ;2; ;.; ; ;1;07;47;178,589565965913;47
3262049;1;2;1;80;1;2; ; ; ;2; ;2; ;2; ;.; ; ;1;07;47;171,37468418998;47
3262050;1;2;1;80;1;1;3;4; ;2; ;2; ; ; ; ;4;2;1;07;47;137,080425257051;47
3262052;1;4;1;80;1;1;4;4; ;2; ;2; ; ; ; ;4;2;1;07;47;102,024892760254;47
3262053;1;1;1;80;1;1;1;4; ;2; ;2; ; ; ; ;4;2;1;07;47;137,080425257051;47
3262053;1;2;1;80;1;1;1;3; ;2; ;2; ; ; ; ;9;2;1;07;47;137,080425257051;47
3262054;1;1;1;80;1;1;3;5; ;3; ;2; ; ; ; ;10;2;1;07;47;117,018915799995;47
3262054;1;2;1;80;1;2; ; ; ;2; ;2; ;2; ;.; ; ;1;07;47;117,018915799995;47
3262055;1;3;1;80;1;2; ; ; ;2; ;2; ;2; ;.; ; ;1;07;47;144,457458722802;47
3262056;1;2;1;80;1;1;1;8; ;2; ;2; ; ; ; ;2;2;1;07;47;191,764674460531;47
3262056;1;3;1;80;1;2; ; ; ;2; ;2; ;2; ;.; ; ;1;07;47;191,764674460531;47
3262059;1;4;1;80;1;2; ; ; ;2; ;2; ;2; ;.; ; ;1;07;18;61,9240490774731;18
3262060;1;1;1;80;1;1;4;5; ;3; ;2; ; ; ; ;10;2;1;07;18;95,2961074041259;18
3262060;1;2;1;80;1;2; ; ; ;2; ;2; ;2; ;.; ; ;1;07;18;95,2961074041259;18
3262060;1;4;1;80;1;2; ; ; ;2; ;2; ;2; ;.; ; ;1;07;18;95,2961074041259;18
3262060;1;6;1;80;1;1;4;4; ;2; ;2; ; ; ; ;4;2;1;07;18;95,2961074041259;18
3262062;1;1;1;80;1;1;3;5; ;3; ;2; ; ; ; ;10;2;1;07;18;75,3260215152341;18
3262062;1;2;1;80;1;2; ; ; ;2; ;2; ;2; ;.; ; ;1;07;18;75,3260215152341;18
3262063;1;3;1;80;1;2; ; ; ; ; ;2; ;2; ;.; ; ;1;07;18;43,880824992299;18
3262066;1;3;1;80;1;2; ; ; ; ; ;2; ;2; ;.; ; ;1;07;18;67,7733304628413;18
3262068;1;2;1;80;1;1;4;3; ;2; ;2; ; ; ; ;8;2;1;07;18;87,51996421504;18
3262068;1;5;1;80;1;1;1;8; ;2; ;2; ; ; ; ;9;2;1;07;18;87,51996421504;18
3262070;1;3;1;80;1;2; ; ; ;2; ;2; ;2; ;.; ; ;1;07;18;56,3006655692616;18
3262072;1;1;1;80;1;2; ; ; ;2; ;2; ;2; ;.; ; ;1;07;18;62,8712247608561;18
3262072;1;3;1;80;1;2; ; ; ;2; ;2; ;2; ;.; ; ;1;07;18;62,8712247608561;18
3262072;1;4;1;80;1;2; ; ; ; ; ;2; ;2; ;.; ; ;1;07;18;62,8712247608561;18
3262073;1;5;1;80;1;2; ; ; ; ; ;2; ;2; ;.; ; ;1;07;18;57,0219433754879;18
3262074;1;1;1;80;1;1;1;3; ;3; ;2; ; ; ; ;9;2;1;07;18;53,6917063906398;18
3262074;1;2;1;80;1;1;4;4; ;2; ;2; ; ; ; ;4;2;1;07;18;53,6917063906398;18
3262076;1;1;1;80;1;2; ; ; ;3; ;2; ;2; ;.; ; ;1;07;18;80,2932212209847;18
3262076;1;2;1;80;1;2; ; ; ;2; ;2; ;2; ;.; ; ;1;07;18;80,2932212209847;18
3262077;1;1;1;80;1;1;4;8; ;2; ;2; ; ; ; ;9;2;1;07;18;140,45575009741;18
3262081;1;2;1;80;1;1;2;3; ;2; ;2; ; ; ; ;9;2;1;07;11;1961,09272847168;11
3262082;1;2;1;80;1;1;4;3; ;2; ;2; ; ; ; ;9;2;1;07;18;49,3172834708006;18
3262082;1;4;1;80;1;1;4;4; ;2; ;2; ; ; ; ;8;2;1;07;18;49,3172834708006;18
3262083;1;3;1;80;1;2; ; ; ;2; ;2; ;2; ;.; ; ;1;07;18;42,4922595052673;18
3262085;1;1;1;80;1;1;2;7; ;2; ;2; ; ; ; ;11;2;1;07;18;37,0558010267657;18
3262086;1;3;1;80;1;2; ; ; ;2; ;2; ;2; ;.; ; ;1;07;18;99,008417001021;18
3262086;1;5;1;80;1;2; ; ; ;2; ;2; ;2; ;.; ; ;1;07;18;99,008417001021;18
3262088;1;2;1;80;1;1;2;8; ;2; ;2; ; ; ; ;2;2;1;07;66;296,339076710881;66
3262090;1;2;1;80;1;1;1;8; ;2; ;2; ; ; ; ;9;2;1;07;66;271,656654704479;66
3262093;1;4;1;80;1;1;4;3; ;2; ;2; ; ; ; ;4;2;1;07;66;215,286570406882;66
3262094;1;4;1;80;1;2; ; ; ;2; ;2; ;2; ;.; ; ;1;07;66;338,349324869526;66
3262095;1;2;1;80;1;1;3;5; ;2; ;2; ; ; ; ;9;2;1;07;66;314,283373873593;66
3262096;1;2;1;80;1;1;1;3; ;2; ;2; ; ; ; ;9;2;1;07;66;243,066224812714;66
3262097;1;3;1;80;1;1;1;8; ;2; ;2; ; ; ; ;2;2;1;07;66;298,764156417139;66
3262098;1;1;1;80;1;2; ; ; ;2; ;2; ;2; ;.; ; ;1;07;66;180,202601545557;66
3262098;1;2;1;80;1;1;3;4; ;2; ;2; ; ; ; ;8;2;1;07;66;180,202601545557;66
3262098;1;4;1;80;1;1;4;3; ;2; ;2; ; ; ; ;9;2;1;07;66;180,202601545557;66
3262099;1;4;1;80;1;2; ; ; ;2; ;2; ;2; ;.; ; ;1;07;66;352,979159842462;66
3262099;1;5;1;80;1;2; ; ; ; ; ;2; ;2; ;.; ; ;1;07;66;352,979159842462;66
3262106;1;2;1;80;1;2; ; ; ;2; ;2; ;2; ;.; ; ;1;07;66;303,345758692114;66
3262106;1;3;1;80;1;2; ; ; ;2; ;2; ;2; ;.; ; ;1;07;66;303,345758692114;66
3262108;1;3;1;80;1;2; ; ; ;2; ;2; ;2; ;.; ; ;1;07;66;338,349324869526;66
3262108;1;4;1;80;1;2; ; ; ; ; ;2; ;2; ;.; ; ;1;07;66;338,349324869526;66
3262111;1;1;1;80;1;1;2;6; ;2; ;2; ; ;1; ;1;1;1;07;66;241,154288118128;66
3262111;1;2;1;80;1;2; ; ; ;2; ;2; ;2; ;.; ; ;1;07;66;241,154288118128;66
3262113;1;2;1;80;1;1;2;8; ;2; ;2; ; ; ; ;2;2;1;07;66;298,764156417139;66
3262114;1;3;1;80;1;2; ; ; ; ; ;2; ;2; ;.; ; ;1;07;66;318,864976148567;66
3262116;1;1;1;80;1;1;4;4; ;2; ;2; ; ; ; ;4;2;1;07;54;495,913113465845;54
3262116;1;2;1;80;1;1;3;3; ;2; ;2; ; ; ; ;4;2;1;07;54;495,913113465845;54
3262117;1;1;1;80;1;1;4;4; ;2; ;2; ; ; ; ;4;2;1;07;54;389,216424759308;54
3262118;1;1;1;80;1;1;4;5; ;3; ;2; ; ; ; ;11;2;1;07;54;289,486602802694;54
3262118;1;2;1;80;1;1;3;4; ;2; ;2; ; ; ; ;4;2;1;07;54;289,486602802694;54
3262120;1;2;1;80;1;1;3;6; ;2; ;2; ; ; ; ;9;2;1;07;54;459,385663175636;54
3262120;1;3;1;80;1;2; ; ; ; ; ;2; ;2; ;.; ; ;1;07;54;459,385663175636;54
3262122;1;4;1;80;1;1;4;7; ;2; ;2; ; ; ; ;9;2;1;07;54;383,057965061158;54
3262123;1;2;1;80;1;2; ; ; ; ; ;2; ;2; ;.; ; ;1;07;54;417,212338555504;54
3262124;1;3;1;80;1;2; ; ; ;2; ;2; ;2; ;.; ; ;1;07;54;330,823903082607;54
3262124;1;4;1;80;1;2; ; ; ; ; ;2; ;2; ;.; ; ;1;07;54;330,823903082607;54
3262125;1;3;1;80;1;2; ; ; ; ; ;2; ;2; ;.; ; ;1;07;54;338,336861370362;54
3262126;1;1;1;80;1;2; ; ; ;2; ;2; ;2; ;.; ; ;1;07;54;373,240423725377;54
3262128;1;2;1;80;1;1;1;3; ;2; ;2; ; ; ; ;9;2;1;07;54;441,207290715221;54
3262129;1;3;1;80;1;2; ; ; ;2; ;2; ;2; ;.; ; ;1;07;54;526,097688519224;54
3262129;1;4;1;80;1;2; ; ; ; ; ;2; ;2; ;.; ; ;1;07;54;526,097688519224;54
3262129;1;6;1;80;1;1;4;4; ;2; ;2; ; ; ; ;4;2;1;07;54;526,097688519224;54
3262130;1;2;1;80;1;1;4;7; ;2; ;2; ; ;3; ;1;1;1;07;54;414,664559484839;54
3262131;1;4;1;80;1;1;1;2; ;2; ;2; ; ; ; ;2;2;1;07;54;375,545006773404;54
3262133;1;3;1;80;1;2; ; ; ; ; ;2; ;2; ;.; ; ;1;07;54;285,301225627535;54
3262134;1;3;1;80;1;2; ; ; ; ; ;2; ;2; ;.; ; ;1;07;54;348,437502221033;54
3262135;1;2;1;80;1;2; ; ; ;2; ;2; ;2; ;.; ; ;1;07;54;399,033966095089;54
3262136;1;4;1;80;1;2; ; ; ;2; ;2; ;2; ;.; ; ;1;07;54;423,593691576796;54
3262136;1;5;1;80;1;2; ; ; ;2; ;2; ;2; ;.; ; ;1;07;54;423,593691576796;54
3262139;1;2;1;80;1;2; ; ; ;2; ;2; ;2; ;.; ; ;1;07;54;336,699263265867;54
3262139;1;3;1;80;1;2; ; ; ; ; ;2; ;2; ;.; ; ;1;07;54;336,699263265867;54
3262140;1;2;1;80;1;2; ; ; ;2; ;2; ;2; ;.; ; ;1;07;54;444,253748034969;54
3262140;1;5;1;80;1;1;4;5; ;3; ;2; ; ; ; ;8;2;1;07;54;444,253748034969;54
3262140;1;6;1;80;1;1;4;3; ;2; ;2; ; ; ; ;9;2;1;07;54;444,253748034969;54
3262141;1;1;1;80;1;1;4;4; ;3; ;2; ; ; ; ;4;2;1;07;54;474,95016149248;54
3262141;1;2;1;80;1;1;4;3; ;2; ;2; ; ; ; ;9;2;1;07;54;474,95016149248;54
3262142;1;4;1;80;1;2; ; ; ;2; ;2; ;2; ;.; ; ;1;07;54;405,98009243837;54
3262142;1;5;1;80;1;2; ; ; ;2; ;2; ;2; ;.; ; ;1;07;54;405,98009243837;54
3262145;1;1;1;80;1;1;4;4; ;2; ;2; ; ;4; ;4;1;1;07;54;469,715789879644;54
3262146;1;1;1;80;1;1;4;7; ;3; ;2; ; ; ; ;10;2;1;07;54;421,038597917182;54
3262146;1;2;1;80;1;1;3;6; ;2; ;2; ; ; ; ;8;2;1;07;54;421,038597917182;54
3262146;1;4;1;80;1;2; ; ; ; ; ;2; ;2; ;.; ; ;1;07;54;421,038597917182;54
3262147;1;1;1;80;1;1;4;6; ;3; ;2; ; ; ; ;10;2;1;07;54;469,715789879644;54
3262149;1;1;1;80;1;1;3;8; ;2; ;2; ; ; ; ;9;2;1;07;54;478,408121529314;54
3262149;1;2;1;80;1;2; ; ; ;2; ;2; ;2; ;.; ; ;1;07;54;478,408121529314;54
3262151;1;3;1;80;1;1;2;8; ;2; ;2; ; ; ; ;2;2;1;07;54;366,615874681447;54
3262152;1;1;1;80;1;1;3;4; ;2; ;2; ; ; ; ;4;2;1;07;54;414,598464411933;54
3262152;1;2;1;80;1;1;3;8; ;2; ;2; ; ; ; ;9;2;1;07;54;414,598464411933;54
3262153;1;1;1;80;1;1;3;7; ;2; ;2; ; ; ; ;9;2;1;07;54;394,796204016324;54
3262154;1;2;1;80;1;2; ; ; ;2; ;2; ;1;3; ;2; ;1;07;54;271,057719730692;54
3262154;2;2;2;80;1;1;4;3; ;2; ;2; ; ; ; ;9;2;1;07;54;271,057719730692;54
3262155;1;1;1;80;1;1;4;4; ;2; ;2; ; ; ; ;4;2;1;07;54;453,739788845713;54
3262155;1;2;1;80;1;1;4;5; ;3; ;2; ; ; ; ;10;2;1;07;54;453,739788845713;54
3262156;1;6;1;80;1;2; ; ; ; ; ;2; ;2; ;.; ; ;1;07;54;450,920561806976;54
3262158;1;2;1;80;1;1;1;6; ;2; ;2; ; ; ; ;2;2;1;07;54;402,407846280287;54
3262160;1;2;1;80;1;1;4;7; ;2; ;2; ; ; ; ;9;2;1;07;54;580,25976270611;54
3262161;1;3;1;80;1;1;1;8; ;2; ;2; ; ; ; ;11;2;1;07;54;447,64742422047;54
3262162;1;2;1;80;1;1;4;3; ;2; ;2; ; ;4; ;9;1;1;07;54;432,842931945254;54
3262162;1;3;1;80;1;2; ; ; ; ; ;2; ;2; ;.; ; ;1;07;54;432,842931945254;54
3262165;1;2;1;80;1;1;1;6; ;2; ;2; ; ; ; ;11;2;1;07;54;453,739788845713;54
3262167;1;2;1;80;1;1;3;4; ;2; ;2; ; ; ; ;4;2;1;07;54;396,486187024424;54
3262167;1;3;1;80;1;2; ; ; ;2; ;2; ;2; ;.; ; ;1;07;54;396,486187024424;54
3262168;1;2;1;80;1;2; ; ; ;2; ;2; ;2; ;.; ; ;1;07;54;538,086438085978;54
3262168;1;3;1;80;1;1;4;4; ;2; ;2; ; ; ; ;4;2;1;07;54;538,086438085978;54
3262170;1;2;1;80;1;2; ; ; ;2; ;2; ;2; ;.; ; ;1;07;54;372,98991311379;54
3262170;1;4;1;80;1;1;3;3; ;2; ;2; ; ; ; ;9;2;1;07;54;372,98991311379;54
3262171;1;2;1;80;1;1;3;9;MOTIVOS  FAMILIARES;2; ;2; ; ; ; ;2;2;1;07;54;320,723262231936;54
3262171;1;3;1;80;1;2; ; ; ;2; ;2; ;2; ;.; ; ;1;07;54;320,723262231936;54
3262171;1;4;1;80;1;1;4;3; ;2; ;2; ; ; ; ;9;2;1;07;54;320,723262231936;54
3262173;1;2;1;80;1;2; ; ; ;2; ;2; ;2; ;.; ; ;1;07;54;418,013912319779;54
3262174;1;1;1;80;1;1;2;4; ;2; ;2; ; ; ; ;4;2;1;07;54;469,715789879644;54
3262175;1;5;1;80;1;2; ; ; ;2; ;2; ;2; ;.; ; ;1;07;54;434,265501329808;54
3262175;1;7;1;80;1;1;2;4; ;2; ;2; ; ; ; ;4;2;1;07;54;434,265501329808;54
3262179;1;3;1;80;1;2; ; ; ;2; ;2; ;2; ;.; ; ;1;07;54;410,94527165546;54
3262179;1;4;1;80;1;2; ; ; ; ; ;2; ;2; ;.; ; ;1;07;54;410,94527165546;54
3262179;1;5;1;80;1;1;4;8; ;3; ;2; ; ; ; ;8;2;1;07;54;410,94527165546;54
3262180;1;2;1;80;1;1;1;4; ;2; ;2; ; ; ; ;4;2;1;07;54;348,437502221033;54
3262180;1;3;1;80;1;2; ; ; ;2; ;2; ;2; ;.; ; ;1;07;54;348,437502221033;54
3262181;1;2;1;80;1;1;1;4; ;2; ;1;280000; ; ; ;4;2;1;07;54;474,473254965742;54
3262182;1;3;1;80;1;2; ; ; ; ; ;2; ;2; ;.; ; ;1;07;54;445,943731043069;54
3262182;1;4;1;80;1;2; ; ; ; ; ;2; ;2; ;.; ; ;1;07;54;445,943731043069;54
3262185;1;1;1;80;1;1;4;4; ;2; ;2; ; ; ; ;4;2;1;07;54;402,860225456767;54
3262185;1;4;1;80;1;2; ; ; ; ; ;2; ;2; ;.; ; ;1;07;54;402,860225456767;54
3262190;1;1;1;80;1;1;4;5; ;3; ;2; ; ; ; ;10;2;1;07;54;339,723948863269;54
3262191;1;2;1;80;1;1;3;3; ;2; ;2; ; ; ; ;9;2;1;07;54;384,229473819873;54
3262195;1;2;1;80;1;1;1;8; ;2; ;2; ; ; ; ;9;2;1;07;63;92,4854548526872;63
3262197;1;2;1;80;1;2; ; ; ; ; ;2; ;2; ;.; ; ;1;07;63;103,242411710159;63
3262200;1;1;1;80;1;1;1;4; ;2; ;2; ; ; ; ;4;2;1;07;70;130,001586409404;70
3262200;1;2;1;80;1;2; ; ; ;2; ;2; ;2; ;.; ; ;1;07;70;130,001586409404;70
3262201;1;7;1;80;1;1;1;3; ;2; ;2; ; ; ; ;9;2;1;07;70;105,631516268524;70
3262203;1;2;1;80;1;2; ; ; ;2; ;2; ;2; ;.; ; ;1;07;70;93,5472610253992;70
3262203;1;4;1;80;1;1;4;4; ;2; ;2; ; ; ; ;4;2;1;07;70;93,5472610253992;70
3262226;1;1;1;80;1;1;4;4; ;2; ;2; ; ; ; ;4;2;1;07;20;105,405800449685;20
3262227;1;1;1;80;1;1;4;5; ;2; ;2; ; ; ; ;10;2;1;07;20;98,781891230375;20
3262227;1;2;1;80;1;1;4;5; ;3; ;2; ; ; ; ;10;2;1;07;20;98,781891230375;20
3262227;1;4;1;80;1;2; ; ; ;2; ;2; ;2; ;.; ; ;1;07;20;98,781891230375;20
3262228;1;1;1;80;1;2; ; ; ;2; ;2; ;2; ;.; ; ;1;07;20;131,557677468963;20
3262229;1;2;1;80;1;1;4;5; ;3; ;2; ; ; ; ;10;2;1;07;20;111,839373000021;20
3262230;1;2;1;80;1;1;3;8; ;2; ;2; ; ; ; ;9;2;1;07;20;147,685771293131;20
3262236;1;2;1;80;1;1;1;4; ;2; ;2; ; ; ; ;4;2;1;07;20;137,991250019299;20
3262237;1;4;1;80;1;2; ; ; ; ; ;2; ;2; ;.; ; ;1;07;20;204,552398220245;20
3262238;1;1;1;80;1;1;1;8; ;3; ;2; ; ; ;ESTA ESPERANDO QUE LO LLAMEN;12;2;1;07;20;192,631451869754;20
3262238;1;2;1;80;1;2; ; ; ;2; ;2; ;2; ;.; ; ;1;07;20;192,631451869754;20
3262238;1;3;1;80;1;2; ; ; ;2; ;2; ;2; ;.; ; ;1;07;20;192,631451869754;20
3262238;1;4;1;80;1;2; ; ; ; ; ;2; ;2; ;.; ; ;1;07;20;192,631451869754;20
3262241;1;1;1;80;1;2; ; ; ;3; ;2; ;2; ;.; ; ;1;07;63;89,7362345242174;63
3262241;1;5;1;80;1;1;2;3; ;2; ;2; ; ; ; ;9;2;1;07;63;89,7362345242174;63
3262245;1;1;1;80;1;1;4;5; ;2; ;2; ; ; ; ;10;2;1;07;63;140,90599132241;63
3262246;1;1;1;80;1;1;4;8; ;2; ;2; ; ; ; ;9;2;1;07;63;121,33168977472;63
3262246;1;3;1;80;1;2; ; ; ; ; ;2; ;2; ;.; ; ;1;07;63;121,33168977472;63
3262247;1;2;1;80;1;1;2;7; ;2; ;2; ; ; ; ;9;2;1;07;63;457,327439733982;63
3262249;1;3;1;80;1;2; ; ; ;2; ;2; ;2; ;.; ; ;1;07;63;131,843546869961;63
3262249;1;5;1;80;1;2; ; ; ;2; ;2; ;1;1; ;9; ;1;07;63;131,843546869961;63
3262251;1;2;1;80;1;2; ; ; ;2; ;2; ;2; ;.; ; ;1;07;20;733,879320667238; 
3262251;1;3;1;80;1;2; ; ; ; ; ;2; ;2; ;.; ; ;1;07;20;733,879320667238; 
3262253;1;1;1;80;1;2; ; ; ;2; ;2; ;2; ;.; ; ;1;07;20;597,500947617793; 
3262254;1;1;1;80;1;1;4;3; ;3; ;2; ; ; ; ;9;2;1;07;20;543,67921403105; 
3262254;1;5;1;80;1;2; ; ; ; ; ;2; ;2; ;.; ; ;1;07;20;543,67921403105; 
3262255;1;4;1;80;1;2; ; ; ;2; ;2; ;2; ;.; ; ;1;07;20;875,520481129853; 
3262255;1;5;1;80;1;2; ; ; ; ; ;2; ;2; ;.; ; ;1;07;20;875,520481129853; 
3262257;1;5;1;80;1;1;1;4; ;2; ;2; ; ; ; ;4;2;1;07;20;780,727352234061; 
3262258;1;2;1;80;1;2; ; ; ;2; ;2; ;2; ;.; ; ;1;07;20;727,278337576269; 
3262258;1;3;1;80;1;2; ; ; ; ; ;2; ;2; ;.; ; ;1;07;20;727,278337576269; 
3262259;1;1;1;80;1;1;1;4; ;2; ;2; ; ; ; ;4;2;1;07;20;796,554881118425; 
3262259;1;3;1;80;1;2; ; ; ; ; ;2; ;2; ;.; ; ;1;07;20;796,554881118425; 
3262259;1;5;1;80;1;2; ; ; ;2; ;2; ;2; ;.; ; ;1;07;20;796,554881118425; 
3262260;1;2;1;80;1;2; ; ; ;2; ;2; ;2; ;.; ; ;1;07;20;835,641017098223; 
3262261;1;2;1;80;1;1;4;3; ;2; ;2; ; ; ; ;9;2;1;07;20;489,924356761261; 
3262261;1;3;1;80;1;2; ; ; ;2; ;2; ;2; ;.; ; ;1;07;20;489,924356761261; 
3262262;1;1;1;80;1;1;1;4; ;2; ;2; ; ; ; ;4;2;1;07;20;810,367702165812; 
3262263;1;3;1;80;1;2; ; ; ;2; ;2; ;2; ;.; ; ;1;07;20;705,737799865055; 
3262263;1;4;1;80;1;2; ; ; ;2; ;2; ;2; ;.; ; ;1;07;20;705,737799865055; 
3262263;1;5;1;80;1;2; ; ; ;2; ;2; ;1;4; ;4; ;1;07;20;705,737799865055; 
3262266;1;1;1;80;1;2; ; ; ;2; ;2; ;2; ;.; ; ;1;07;20;519,893071932771; 
3262266;1;6;1;80;1;2; ; ; ; ; ;2; ;2; ;.; ; ;1;07;20;519,893071932771; 
3262267;1;2;1;80;1;2; ; ; ;2; ;2; ;2; ;.; ; ;1;07;20;669,179848219834; 
3262269;1;2;1;80;1;2; ; ; ;2; ;2; ;2; ;.; ; ;1;07;20;849,957970235762; 
3262269;1;4;1;80;1;2; ; ; ;2; ;2; ;2; ;.; ; ;1;07;20;849,957970235762; 
3262270;1;3;1;80;1;2; ; ; ; ; ;2; ;2; ;.; ; ;1;07;20;733,879320667238; 
3262271;1;2;1;80;1;2; ; ; ;2; ;2; ;2; ;.; ; ;1;07;20;872,997337076544; 
3262272;1;2;1;80;1;2; ; ; ;2; ;2; ;1;4; ;4; ;1;07;20;750,856901428214; 
3262272;1;3;1;80;1;2; ; ; ; ; ;2; ;2; ;.; ; ;1;07;20;750,856901428214; 
3262273;1;2;1;80;1;1;4;3; ;2; ;2; ; ; ; ;9;2;1;07;20;684,780550228623; 
3262275;1;2;1;80;1;1;4;3; ;2; ;2; ; ; ; ;9;2;1;07;20;627,464528304575; 
3262275;1;7;1;80;1;2; ; ; ;2; ;2; ;2; ;.; ; ;1;07;20;627,464528304575; 
3262276;1;4;1;80;1;1;1;3; ;2; ;2; ; ; ; ;9;2;1;07;20;963,016049996815; 
3262277;1;2;1;80;1;2; ; ; ;2; ;2; ;2; ;.; ; ;1;07;20;724,206707743616; 
3262289;1;1;1;80;1;1;4;4; ;2; ;2; ; ; ; ;4;2;1;07;20;1014,27274369013; 
3262289;1;7;1;80;1;2; ; ; ;2; ;2; ;2; ;.; ; ;1;07;20;1014,27274369013; 
3262289;1;8;1;80;1;2; ; ; ; ; ;2; ;2; ;.; ; ;1;07;20;1014,27274369013; 
3262290;1;1;1;80;1;1;3;8; ;2; ;2; ; ; ; ;1;2;1;07;20;805,30471748249; 
3262290;1;3;1;80;1;2; ; ; ;2; ;2; ;2; ;.; ; ;1;07;20;805,30471748249; 
3262290;1;4;1;80;1;2; ; ; ; ; ;2; ;2; ;.; ; ;1;07;20;805,30471748249; 
3262291;1;4;1;80;1;2; ; ; ; ; ;2; ;2; ;.; ; ;1;07;20;880,509350109812; 
3262292;1;1;1;80;1;2; ; ; ;2; ;2; ;2; ;.; ; ;1;07;20;854,528429197983; 
3262292;1;5;1;80;1;2; ; ; ; ; ;2; ;2; ;.; ; ;1;07;20;854,528429197983; 
3262293;1;2;1;80;1;1;4;3; ;2; ;2; ; ; ; ;9;2;1;07;20;826,891180734158; 
3262294;1;2;1;80;1;2; ; ; ;2; ;2; ;2; ;.; ; ;1;07;20;871,713588205293; 
3262294;1;3;1;80;1;2; ; ; ; ; ;2; ;2; ;.; ; ;1;07;20;871,713588205293; 
3262294;1;4;1;80;1;2; ; ; ; ; ;2; ;2; ;.; ; ;1;07;20;871,713588205293; 
3262295;1;5;1;80;1;2; ; ; ;2; ;2; ;2; ;.; ; ;1;07;20;790,317328188226; 
3262296;1;2;1;80;1;1;4;3; ;2; ;2; ; ; ; ;9;2;1;07;20;754,175422915126; 
3262296;1;4;1;80;1;2; ; ; ; ; ;2; ;2; ;.; ; ;1;07;20;754,175422915126; 
3262298;1;2;1;80;1;2; ; ; ;2; ;2; ;2; ;.; ; ;1;07;20;743,711053790935; 
3262298;1;7;1;80;1;1;4;4; ;2; ;2; ; ; ; ;4;2;1;07;20;743,711053790935; 
3262299;1;2;1;80;1;2; ; ; ;2; ;2; ;2; ;.; ; ;1;07;20;664,031768717978; 
3262301;1;1;1;80;1;2; ; ; ;2; ;2; ;2; ;.; ; ;1;07;20;361,647838900658; 
3262301;1;2;1;80;1;2; ; ; ;2; ;2; ;2; ;.; ; ;1;07;20;361,647838900658; 
3262302;1;2;1;80;1;1;2;3; ;2; ;2; ; ; ; ;9;2;1;07;20;879,72326144439; 
3262303;1;2;1;80;1;2; ; ; ;2; ;2; ;2; ;.; ; ;1;07;20;857,396635067755; 
3262304;1;2;1;80;1;1;1;2; ;2; ;2; ; ; ; ;2;2;1;07;20;800,163250113164; 
3262304;1;3;1;80;1;2; ; ; ;2; ;2; ;2; ;.; ; ;1;07;20;800,163250113164; 
3262305;1;2;1;80;1;1;3;9;CAMBIO  DE  DOCILIO;2; ;2; ; ;1; ;1;1;1;07;20;850,670710699908; 
3262307;1;1;1;80;1;1;4;8; ;2; ;2; ; ; ; ;8;2;1;07;20;563,306929503985; 
3262308;1;1;1;80;1;2; ; ; ;2; ;2; ;2; ;.; ; ;1;07;20;772,51938951681; 
3262309;1;1;1;80;1;1;1;4; ;2; ;2; ; ; ; ;4;2;1;07;20;733,879320667238; 
3262309;1;3;1;80;1;2; ; ; ;2; ;2; ;2; ;.; ; ;1;07;20;733,879320667238; 
3262310;1;2;1;80;1;1;4;3; ;2; ;2; ; ; ; ;9;2;1;07;20;655,72799948414; 
3262311;1;2;1;80;1;1;4;3; ;2; ;2; ; ; ; ;8;2;1;07;20;650,37895386848; 
3262312;1;3;1;80;1;2; ; ; ;2; ;2; ;2; ;.; ; ;1;07;20;997,675030922695; 
3262312;1;4;1;80;1;2; ; ; ; ; ;2; ;2; ;.; ; ;1;07;20;997,675030922695; 
3262312;1;5;1;80;1;2; ; ; ; ; ;2; ;2; ;.; ; ;1;07;20;997,675030922695; 
3262312;1;9;1;80;1;1;1;4; ;2; ;2; ; ; ; ;8;2;1;07;20;997,675030922695; 
3262312;1;10;1;80;1;2; ; ; ;2; ;2; ;2; ;.; ; ;1;07;20;997,675030922695; 
3262313;1;3;1;80;1;2; ; ; ;2; ;2; ;2; ;.; ; ;1;07;20;798,70373439152; 
3262313;1;4;1;80;1;2; ; ; ; ; ;2; ;2; ;.; ; ;1;07;20;798,70373439152; 
3262315;1;2;1;80;1;2; ; ; ;2; ;2; ;2; ;.; ; ;1;07;20;733,879320667238; 
3262315;1;3;1;80;1;2; ; ; ; ; ;2; ;2; ;.; ; ;1;07;20;733,879320667238; 
3262316;1;2;1;80;1;1;2;6; ;2; ;2; ; ; ; ;9;2;1;07;20;700,381252237412; 
3262317;1;2;1;80;1;2; ; ; ; ; ;2; ;2; ;.; ; ;1;07;20;693,08431946246; 
3262318;1;2;1;80;1;1;1;3; ;2; ;2; ; ; ; ;9;2;1;07;20;720,552413208422; 
3262318;1;4;1;80;1;1;2;4; ;2; ;2; ; ; ; ;9;2;1;07;20;720,552413208422; 
3262319;1;2;1;80;1;1;4;3; ;2; ;2; ; ; ; ;9;2;1;07;20;711,67763556748; 
3262319;1;3;1;80;1;2; ; ; ; ; ;2; ;2; ;.; ; ;1;07;20;711,67763556748; 
3262320;1;2;1;80;1;1;1;6; ;2; ;2; ; ; ; ;6;2;1;07;20;649,002075116294; 
3262321;1;2;1;80;1;1;3;3; ;2; ;2; ; ; ; ;9;2;1;07;20;678,054625860776; 
3262322;1;2;1;80;1;2; ; ; ;2; ;2; ;2; ;.; ; ;1;07;20;700,381252237412; 
3262323;1;1;1;80;1;1;1;8; ;2; ;2; ; ; ; ;2;2;1;07;20;801,446998984415; 
3262324;1;1;1;80;1;1;4;4; ;2; ;2; ; ; ; ;4;2;1;07;20;810,367702165812; 
3262335;1;1;1;80;1;2; ; ; ;2; ;2; ;2; ;.; ; ;1;07;20;695,15661484821; 
3262335;1;4;1;80;1;1;4;3; ;2; ;2; ; ; ; ;9;2;1;07;20;695,15661484821; 
3262335;1;5;1;80;1;2; ; ; ; ; ;2; ;2; ;.; ; ;1;07;20;695,15661484821; 
3262338;1;2;1;80;1;1;3;3; ;2; ;2; ; ; ; ;3;2;1;07;20;872,997337076544; 
3262339;1;3;1;80;1;1;1;8; ;2; ;2; ; ;1; ;1;1;1;07;20;899,181681951255; 
3262339;1;4;1;80;1;2; ; ; ;2; ;2; ;2; ;.; ; ;1;07;20;899,181681951255; 
3262339;1;5;1;80;1;2; ; ; ; ; ;2; ;2; ;.; ; ;1;07;20;899,181681951255; 
3262340;1;3;1;80;1;2; ; ; ; ; ;2; ;2; ;.; ; ;1;07;20;588,920265971591; 
3262340;1;5;1;80;1;1;4;4; ;2; ;2; ; ; ; ;4;2;1;07;20;588,920265971591; 
3262341;1;1;1;80;1;1;4;4; ;2; ;2; ; ; ; ;4;2;1;07;44;81,3195359718204;44
3262341;1;2;1;80;1;1;3;3; ;2; ;2; ; ; ; ;9;2;1;07;44;81,3195359718204;44
3262343;1;5;1;80;1;1;4;6; ;2; ;2; ; ; ; ;8;2;1;07;44;94,2694289692914;44
3262345;1;1;1;80;1;1;4;4; ;2; ;2; ; ; ; ;4;2;1;07;44;78,8164780509829;44
3262347;1;3;1;80;1;2; ; ; ; ; ;2; ;2; ;.; ; ;1;07;44;40,243014238334;44
3262347;1;4;1;80;1;2; ; ; ; ; ;2; ;2; ;.; ; ;1;07;44;40,243014238334;44
3262348;1;2;1;80;1;2; ; ; ;2; ;2; ;2; ;.; ; ;1;07;44;69,0354379000919;44
3262349;1;3;1;80;1;1;4;5; ;2; ;2; ; ; ; ;10;2;1;07;19;108,123377518809;19
3262351;1;1;1;80;1;1;4;5; ;3; ;2; ; ; ; ;10;2;1;07;19;102,957227510031;19
3262351;1;2;1;80;1;1;4;3; ;2; ;2; ; ; ; ;9;2;1;07;19;102,957227510031;19
3262351;1;5;1;80;1;2; ; ; ;2; ;2; ;2; ;.; ; ;1;07;19;102,957227510031;19
3262354;1;1;1;80;1;1;1;9;EL EMBARAZO;2; ;2; ; ; ;ESTA EMBARAZADA;12;2;1;07;44;66,2525194417021;44
3262356;1;3;1;80;1;2; ; ; ;2; ;2; ;2; ;.; ; ;1;07;44;65,8647623746178;44
3262357;1;3;1;80;1;2; ; ; ; ; ;2; ;2; ;.; ; ;1;07;44;74,0871056590584;44
3262357;1;8;1;80;1;2; ; ; ;2; ;2; ;2; ;.; ; ;1;07;44;74,0871056590584;44
3262358;1;3;1;80;1;2; ; ; ;2; ;2; ;2; ;.; ; ;1;07;44;65,8647623746178;44
3262359;1;2;1;80;1;1;4;3; ;2; ;2; ; ; ; ;9;2;1;07;44;47,4482717188458;44
3262359;1;3;1;80;1;2; ; ; ;2; ;2; ;2; ;.; ; ;1;07;44;47,4482717188458;44
3262359;1;4;1;80;1;2; ; ; ;2; ;2; ;2; ;.; ; ;1;07;44;47,4482717188458;44
3262359;2;3;2;80;1;2; ; ; ; ; ;2; ;2; ;.; ; ;1;07;44;47,4482717188458;44
3262360;1;3;1;80;1;2; ; ; ; ; ;2; ;2; ;.; ; ;1;07;44;73,4290594034891;44
3262361;1;3;1;80;1;2; ; ; ;2; ;2; ;2; ;.; ; ;1;07;44;87,8716159204492;44
3262365;1;3;1;80;1;2; ; ; ;2; ;2; ;2; ;.; ; ;1;07;19;92,7115114244731;19
3262366;1;2;1;80;1;1;1;2; ;2; ;2; ; ; ; ;2;2;1;07;19;68,3422445384138;19
3262366;1;5;1;80;1;2; ; ; ;3; ;2; ;2; ;.; ; ;1;07;19;68,3422445384138;19
3262367;1;2;1;80;1;2; ; ; ;2; ;2; ;2; ;.; ; ;1;07;19;116,784547798974;19
3262368;1;4;1;80;1;2; ; ; ; ; ;2; ;2; ;.; ; ;1;07;19;88,512036062041;19
3262368;1;5;1;80;1;2; ; ; ;2; ;2; ;2; ;.; ; ;1;07;19;88,512036062041;19
3262369;1;2;1;80;1;2; ; ; ;2; ;2; ;2; ;.; ; ;1;07;19;96,2668121266386;19
3262369;1;3;1;80;1;2; ; ; ;2; ;2; ;2; ;.; ; ;1;07;19;96,2668121266386;19
3262370;1;2;1;80;1;2; ; ; ;2; ;2; ;2; ;.; ; ;1;07;19;102,340119413014;19
3262370;1;3;1;80;1;1;2;2; ;2; ;2; ; ; ; ;2;2;1;07;19;102,340119413014;19
3262372;1;5;1;80;1;1;4;4; ;2; ;2; ; ; ; ;4;2;1;07;19;93,4377488469641;19
3262372;1;6;1;80;1;2; ; ; ;2; ;2; ;2; ;.; ; ;1;07;19;93,4377488469641;19
3262372;1;7;1;80;1;2; ; ; ;2; ;2; ;2; ;.; ; ;1;07;19;93,4377488469641;19
3262373;1;4;1;80;1;2; ; ; ; ; ;2; ;2; ;.; ; ;1;07;19;85,4072615838748;19
3262373;1;5;1;80;1;2; ; ; ;2; ;2; ;2; ;.; ; ;1;07;19;85,4072615838748;19
3262376;1;1;1;80;1;1;4;5; ;3; ;2; ; ; ; ;10;2;1;07;19;93,9321485913304;19
3262376;1;2;1;80;1;1;1;8; ;2; ;1;100000; ; ; ;1;2;1;07;19;93,9321485913304;19
3262376;1;3;1;80;1;2; ; ; ;2; ;2; ;2; ;.; ; ;1;07;19;93,9321485913304;19
3262377;2;3;2;80;1;2; ; ; ;2; ;2; ;2; ;.; ; ;1;07;19;86,9282533186784;19
3262378;1;1;1;80;1;1;4;4; ;3; ;2; ; ; ; ;4;2;1;07;19;103,754855486811;19
3262379;1;1;1;80;1;2; ; ; ;2; ;2; ;2; ;.; ; ;1;07;19;121,784924777997;19
3262380;1;2;1;80;1;1;1;8; ;2; ;2; ; ; ; ;1;2;1;07;19;84,6563807919293;19
3262380;1;3;1;80;1;2; ; ; ; ; ;2; ;2; ;.; ; ;1;07;19;84,6563807919293;19
3262380;1;4;1;80;1;2; ; ; ; ; ;2; ;2; ;.; ; ;1;07;19;84,6563807919293;19
3262380;1;5;1;80;1;1;1;8; ;2; ;2; ; ; ; ;2;2;1;07;19;84,6563807919293;19
3262381;1;1;1;80;1;1;4;5; ;3; ;2; ; ; ; ;10;2;1;07;19;83,3130352724219;19
3262382;1;1;1;80;1;1;4;8; ;2; ;2; ; ; ; ;1;2;1;07;19;83,3130352724219;19
3262382;1;2;1;80;1;1;2;2; ;2; ;2; ; ; ; ;2;2;1;07;19;83,3130352724219;19
3262383;1;3;1;80;1;1;4;5; ;3; ;2; ; ; ; ;8;2;1;07;19;77,9031743999782;19
3262384;1;4;1;80;1;2; ; ; ;2; ;2; ;2; ;.; ; ;1;07;19;133,624320126363;19
3262384;1;6;1;80;1;2; ; ; ;2; ;2; ;2; ;.; ; ;1;07;19;133,624320126363;19
3262385;1;2;1;80;1;2; ; ; ;2; ;2; ;2; ;.; ; ;1;07;41;122,297283866246;41
3262386;1;3;1;80;1;2; ; ; ; ; ;2; ;2; ;.; ; ;1;07;41;155,195554879388;41
3262386;1;4;1;80;1;2; ; ; ; ; ;2; ;2; ;.; ; ;1;07;41;155,195554879388;41
3262388;1;2;1;80;1;1;1;6; ;2; ;1;520000; ; ; ;11;2;1;07;41;153,850235196293;41
3262388;1;5;1;80;1;1;1;1; ;2; ;2; ; ; ; ;8;2;1;07;41;153,850235196293;41
3262390;1;2;1;80;1;2; ; ; ; ; ;2; ;2; ;.; ; ;1;07;41;115,525597629799;41
3262391;1;4;1;80;1;2; ; ; ;2; ;2; ;1;1; ;2; ;1;07;41;119,517929401868;41
3262391;1;6;1;80;1;2; ; ; ;2; ;2; ;2; ;.; ; ;1;07;41;119,517929401868;41
3262394;1;1;1;80;1;2; ; ; ;2; ;2; ;2; ;.; ; ;1;07;41;119,283684135422;41
3262395;1;1;1;80;1;2; ; ; ;2; ;2; ;2; ;.; ; ;1;07;41;110,850945199333;41
3262396;1;2;1;80;1;1;3;2; ;2; ;2; ; ; ; ;9;2;1;07;41;166,748875619753;41
3262397;1;2;1;80;1;2; ; ; ; ; ;2; ;2; ;.; ; ;1;07;41;138,263202493293;41
3262398;1;1;1;80;1;1;1;8; ;2; ;2; ; ;1; ;7;1;1;07;41;169,852309867939;41
3262398;1;5;1;80;1;1;4;3; ;2; ;2; ; ; ; ;11;2;1;07;41;169,852309867939;41
3262399;1;3;1;80;1;2; ; ; ;2; ;2; ;1;1; ;2; ;1;07;41;114,772043681407;41
3262399;1;4;1;80;1;2; ; ; ;2; ;2; ;2; ;.; ; ;1;07;41;114,772043681407;41
3262399;1;5;1;80;1;1;4;3; ;2; ;2; ; ; ; ;9;2;1;07;41;114,772043681407;41
3262401;1;3;1;80;1;2; ; ; ;2; ;2; ;2; ;.; ; ;1;07;41;155,061711903941;41
3262401;1;7;1;80;1;1;4;5; ;2; ;2; ; ; ; ;10;2;1;07;41;155,061711903941;41
3262402;1;3;1;80;1;2; ; ; ; ; ;2; ;2; ;.; ; ;1;07;41;163,214466606939;41
3262404;1;2;1;80;1;2; ; ; ; ; ;2; ;2; ;.; ; ;1;07;41;122,353590606527;41
3262406;1;1;1;80;1;2; ; ; ;2; ;2; ;2; ;.; ; ;1;07;41;158,617350411639;41
3262407;1;1;1;80;1;1;4;5; ;3; ;2; ; ; ; ;4;2;1;07;41;165,024288831743;41
3262408;1;1;1;80;1;1;4;5; ;2; ;2; ; ; ; ;9;2;1;07;41;96,004040495054;41
3262409;1;1;1;80;1;1;1;8; ;2; ;2; ; ;1; ;9;1;1;07;41;109,126358411324;41
3262410;1;2;1;80;1;2; ; ; ;2; ;2; ;2; ;.; ; ;1;07;41;143,77044570736;41
3262410;1;3;1;80;1;2; ; ; ;2; ;2; ;2; ;.; ; ;1;07;41;143,77044570736;41
3262410;1;4;1;80;1;2; ; ; ; ; ;2; ;2; ;.; ; ;1;07;41;143,77044570736;41
3262412;1;2;1;80;1;1;3;3; ;2; ;2; ; ; ; ;9;2;1;07;20;829,040034007254; 
3262414;1;2;1;80;1;2; ; ; ; ; ;2; ;2; ;.; ; ;1;07;20;686,358395094614; 
3262420;1;3;1;80;1;1;4;2; ;2; ;2; ; ; ; ;2;2;1;07;20;562,841080694098; 
3262421;1;2;1;80;1;1;3;5; ;2; ;2; ; ; ; ;9;2;1;07;20;733,879320667238; 
3262421;1;3;1;80;1;2; ; ; ; ; ;2; ;2; ;.; ; ;1;07;20;733,879320667238; 
3262423;1;2;1;80;1;1;4;3; ;2; ;2; ; ; ; ;9;2;1;07;20;684,780550228623; 
3262424;1;6;1;80;1;1;4;3; ;2; ;2; ; ; ; ;8;2;1;07;20;555,993205948869; 
3262425;1;1;1;80;1;1;4;3; ;2; ;2; ; ; ; ;9;2;1;07;20;601,483607392746; 
3262427;1;3;1;80;1;2; ; ; ; ; ;2; ;2; ;.; ; ;1;07;20;698,225786831787; 
3262428;1;2;1;80;1;1;4;6; ;2; ;2; ; ; ; ;11;2;1;07;20;934,08844052921; 
3262428;2;2;2;80;1;1;1;8; ;2; ;2; ; ; ; ;9;2;1;07;20;934,08844052921; 
3262431;1;3;1;80;1;2; ; ; ; ; ;2; ;2; ;.; ; ;1;07;20;776,377108014885; 
3262431;1;4;1;80;1;2; ; ; ; ; ;2; ;2; ;.; ; ;1;07;20;776,377108014885; 
3262432;1;2;1;80;1;1;3;3; ;2; ;2; ; ; ; ;9;2;1;07;20;700,381252237412; 
3262434;1;3;1;80;1;2; ; ; ; ; ;2; ;2; ;.; ; ;1;07;20;778,53257342051; 
3262436;1;2;1;80;1;2; ; ; ;2; ;2; ;2; ;.; ; ;1;07;20;1007,59028701366; 
3262437;1;1;1;80;1;1;1;4; ;2; ;2; ; ; ; ;4;2;1;07;20;641,458250687083; 
3262437;1;2;1;80;1;2; ; ; ; ; ;2; ;2; ;.; ; ;1;07;20;641,458250687083; 
3262443;1;3;1;80;1;2; ; ; ; ; ;2; ;2; ;.; ; ;1;07;20;825,600819730378; 
3262443;1;4;1;80;1;2; ; ; ; ; ;2; ;2; ;.; ; ;1;07;20;825,600819730378; 
3262443;1;5;1;80;1;1;1;8; ;2; ;1;150000; ; ; ;1;2;1;07;20;825,600819730378; 
3262444;1;3;1;80;1;2; ; ; ;2; ;2; ;2; ;.; ; ;1;07;20;613,524308131234; 
3262445;1;3;1;80;1;2; ; ; ;2; ;2; ;2; ;.; ; ;1;07;20;854,528429197983; 
3262446;1;3;1;80;1;2; ; ; ;2; ;2; ;2; ;.; ; ;1;07;20;873,908367018843; 
3262446;1;4;1;80;1;2; ; ; ; ; ;2; ;2; ;.; ; ;1;07;20;873,908367018843; 
3262447;1;1;1;80;1;2; ; ; ;2; ;2; ;2; ;.; ; ;1;07;20;655,72799948414; 
3262448;1;4;1;80;1;1;1;6; ;2; ;2; ; ;1; ;1;1;1;07;20;883,456038665588; 
3262448;1;5;1;80;1;2; ; ; ; ; ;2; ;2; ;.; ; ;1;07;20;883,456038665588; 
3262449;1;1;1;80;1;1;3;4; ;2; ;2; ; ; ; ;4;2;1;07;20;671,328701492929; 
3262450;1;2;1;80;1;1;4;3; ;2; ;2; ; ; ; ;9;2;1;07;20;734,004261944116; 
3262450;1;3;1;80;1;2; ; ; ; ; ;2; ;2; ;.; ; ;1;07;20;734,004261944116; 
3262451;1;2;1;80;1;2; ; ; ;2; ;2; ;2; ;.; ; ;1;07;20;985,342676373451; 
3262451;1;3;1;80;1;2; ; ; ;2; ;2; ;2; ;.; ; ;1;07;20;985,342676373451; 
3262451;1;4;1;80;1;2; ; ; ; ; ;2; ;2; ;.; ; ;1;07;20;985,342676373451; 
3262452;1;2;1;80;1;1;2;3; ;2; ;2; ; ; ; ;1;2;1;07;20;764,509716277712; 
3262452;1;3;1;80;1;2; ; ; ;2; ;2; ;2; ;.; ; ;1;07;20;764,509716277712; 
3262453;1;1;1;80;1;2; ; ; ;2; ;2; ;2; ;.; ; ;1;07;20;563,306929503985; 
3262457;1;1;1;80;1;1;4;4; ;2; ;2; ; ; ; ;4;2;1;07;20;810,367702165812; 
3262460;1;2;1;80;1;2; ; ; ;2; ;2; ;2; ;.; ; ;1;07;20;727,278337576269; 
3262461;1;1;1;80;1;2; ; ; ;2; ;2; ;2; ;.; ; ;1;07;20;563,306929503985; 
3262462;1;2;1;80;1;2; ; ; ;2; ;2; ;2; ;.; ; ;1;07;20;903,752140913476; 
3262462;1;3;1;80;1;2; ; ; ;2; ;2; ;2; ;.; ; ;1;07;20;903,752140913476; 
3262462;1;4;1;80;1;2; ; ; ; ; ;2; ;2; ;.; ; ;1;07;20;903,752140913476; 
3262462;1;5;1;80;1;2; ; ; ;2; ;2; ;2; ;.; ; ;1;07;20;903,752140913476; 
3262462;1;6;1;80;1;2; ; ; ; ; ;2; ;2; ;.; ; ;1;07;20;903,752140913476; 
3262463;1;1;1;80;1;2; ; ; ;2; ;2; ;2; ;.; ; ;1;07;20;563,306929503985; 
3262465;1;1;1;80;1;2; ; ; ;2; ;2; ;2; ;.; ; ;1;07;20;727,32554191675; 
3262465;1;2;1;80;1;2; ; ; ;2; ;2; ;2; ;.; ; ;1;07;20;727,32554191675; 
3262465;2;2;2;80;1;2; ; ; ;2; ;2; ;2; ;.; ; ;1;07;20;727,32554191675; 
3262465;2;3;2;80;1;2; ; ; ; ; ;2; ;2; ;.; ; ;1;07;20;727,32554191675; 
3262466;1;2;1;80;1;2; ; ; ;2; ;2; ;2; ;.; ; ;1;07;20;655,72799948414; 
3262467;1;1;1;80;1;1;3;3; ;2; ;2; ; ; ; ;9;2;1;07;20;810,367702165812; 
3262468;1;3;1;80;1;2; ; ; ; ; ;2; ;2; ;.; ; ;1;07;20;742,183089901076; 
3262469;1;1;1;80;1;2; ; ; ;2; ;2; ;2; ;.; ; ;1;07;20;734,004261944116; 
3262469;1;3;1;80;1;2; ; ; ; ; ;2; ;2; ;.; ; ;1;07;20;734,004261944116; 
3262470;1;2;1;80;1;2; ; ; ;2; ;2; ;2; ;.; ; ;1;07;20;700,381252237412; 
3262471;1;2;1;80;1;2; ; ; ;2; ;2; ;2; ;.; ; ;1;07;20;806,713407630618; 
3262483;1;1;1;80;1;1;1;4; ;2; ;2; ; ; ; ;4;2;1;07;20;692,959378185583; 
3262483;1;2;1;80;1;2; ; ; ;2; ;2; ;2; ;.; ; ;1;07;20;692,959378185583; 
3262492;1;2;1;80;1;2; ; ; ;2; ;2; ;2; ;.; ; ;1;07;20;806,713407630618; 
3262494;1;2;1;80;1;2; ; ; ;2; ;2; ;2; ;.; ; ;1;07;20;650,37895386848; 
3262498;1;1;1;80;1;2; ; ; ;2; ;2; ;2; ;.; ; ;1;07;20;619,827573994429; 
3262499;1;4;1;80;1;2; ; ; ;2; ;2; ;2; ;.; ; ;1;07;20;805,30471748249; 
3262501;1;1;1;80;1;1;4;1; ;2; ;2; ; ; ; ;4;2;1;07;20;650,37895386848; 
3262501;1;2;1;80;1;1;4;3; ;2; ;2; ; ; ; ;9;2;1;07;20;650,37895386848; 
3262502;1;1;1;80;1;2; ; ; ;2; ;2; ;2; ;.; ; ;1;07;20;594,757683024899; 
3262502;1;6;1;80;1;2; ; ; ;2; ;2; ;2; ;.; ; ;1;07;20;594,757683024899; 
3262503;1;3;1;80;1;1;2;2; ;2; ;2; ; ; ; ;2;2;1;07;20;771,110699368681; 
3262507;1;1;1;80;1;2; ; ; ;2; ;2; ;2; ;.; ; ;1;07;20;724,875980516385; 
3262508;1;1;1;80;1;1;4;4; ;2; ;2; ; ; ; ;4;2;1;07;20;650,37895386848; 
3262508;1;2;1;80;1;2; ; ; ;2; ;2; ;2; ;.; ; ;1;07;20;650,37895386848; 
3262509;1;1;1;80;1;2; ; ; ;2; ;2; ;1;4; ;9; ;1;07;20;842,491882742947; 
3262510;1;2;1;80;1;2; ; ; ; ; ;2; ;2; ;.; ; ;1;07;20;686,358395094614; 
3262512;1;3;1;80;1;2; ; ; ; ; ;2; ;2; ;.; ; ;1;07;20;720,552413208422; 
3262514;1;1;1;80;1;2; ; ; ;2; ;2; ;1;2; ;1; ;1;07;20;806,000667166472; 
3262514;1;3;1;80;1;2; ; ; ; ; ;2; ;2; ;.; ; ;1;07;20;806,000667166472; 
3262515;1;3;1;80;1;2; ; ; ;2; ;2; ;2; ;.; ; ;1;07;20;727,278337576269; 
3262534;1;1;1;80;1;1;4;4; ;2; ;2; ; ; ; ;4;2;1;07;20;548,617257437495; 
3262537;1;2;1;80;1;1;1;3; ;2; ;2; ; ; ; ;1;2;1;07;20;850,670710699908; 
3262539;1;2;1;80;1;1;2;1; ;2; ;2; ; ;1; ;8;1;1;07;20;784,562548104375; 
3262539;1;3;1;80;1;2; ; ; ; ; ;2; ;2; ;.; ; ;1;07;20;784,562548104375; 
3262542;1;2;1;80;1;2; ; ; ;2; ;2; ;2; ;.; ; ;1;07;68;513,608654189073;68
3262545;1;4;1;80;1;1;1;3; ;2; ;2; ; ; ; ;9;2;1;07;68;548,104885731563;68
3262546;1;1;1;80;1;1;3;9;POR EDAD;2; ;2; ; ; ; ;8;2;1;07;68;547,712254646533;68
3262546;1;2;1;80;1;1;3;3; ;2; ;2; ; ; ; ;8;2;1;07;68;547,712254646533;68
3262552;1;3;1;80;1;2; ; ; ;2; ;2; ;2; ;.; ; ;1;07;68;347,417698422997;68
3262552;1;4;1;80;1;2; ; ; ; ; ;2; ;2; ;.; ; ;1;07;68;347,417698422997;68
3262552;1;5;1;80;1;2; ; ; ; ; ;2; ;2; ;.; ; ;1;07;68;347,417698422997;68
3262554;1;1;1;80;1;1;2;4; ;2; ;2; ; ; ; ;4;2;1;07;68;355,495654883648;68
3262554;1;2;1;80;1;1;4;3; ;2; ;2; ; ; ; ;4;2;1;07;68;355,495654883648;68
3262555;1;2;1;80;1;1;3;6; ;2; ;2; ; ; ; ;5;2;1;07;68;505,090187190145;68
3262556;1;3;1;80;1;2; ; ; ;2; ;2; ;2; ;.; ; ;1;07;68;284,482049949567;68
3262556;1;5;1;80;1;1;1;6; ;2; ;2; ; ;1;POR ACCIDENTE;12;1;1;07;68;284,482049949567;68
3262556;1;7;1;80;1;2; ; ; ; ; ;2; ;2; ;.; ; ;1;07;68;284,482049949567;68
3262557;1;5;1;80;1;1;4;4; ;2; ;2; ; ; ; ;4;2;1;07;68;624,804097509493;68
3262558;1;3;1;80;1;2; ; ; ; ; ;2; ;2; ;.; ; ;1;07;68;505,270866324472;68
3262562;1;1;1;80;1;1;4;5; ;3; ;2; ; ; ; ;10;2;1;07;68;581,822262730047;68
3262564;1;5;1;80;1;1;1;2; ;2; ;2; ; ; ; ;2;2;1;07;68;672,980515468668;68
3262567;1;4;1;80;1;2; ; ; ; ; ;2; ;2; ;.; ; ;1;07;68;553,566952308071;68
3262568;1;1;1;80;1;1;2;7; ;2; ;2; ; ;2; ;9;1;1;07;73;163,450812577185;73
3262568;1;3;1;80;1;2; ; ; ;2; ;2; ;2; ;.; ; ;1;07;73;163,450812577185;73
3262570;1;1;1;80;1;2; ; ; ;2; ;2; ;2; ;.; ; ;1;07;73;221,951649741032;73
3262572;1;1;1;80;1;2; ; ; ;2; ;2; ;2; ;.; ; ;1;07;73;264,957506864272;73
3262575;1;2;1;80;1;1;1;9;CAMBIO DE CIUDAD;2; ;2; ; ; ; ;9;2;1;07;73;333,790904811899;73
3262576;1;1;1;80;1;1;4;7; ;2; ;2; ; ; ; ;4;2;1;07;73;260,043449587906;73
3262578;1;2;1;80;1;1;4;5; ;3; ;2; ; ; ; ;10;2;1;07;73;225,264520203832;73
3262579;1;1;1;80;1;1;4;6; ;2; ;2; ; ; ; ;8;2;1;07;73;225,293518097892;73
3262579;1;3;1;80;1;1;2;3; ;2; ;2; ; ; ; ;9;2;1;07;73;225,293518097892;73
3262580;1;1;1;80;1;1;4;5; ;3; ;2; ; ; ; ;10;2;1;07;73;225,264520203832;73
3262582;1;3;1;80;1;1;1;8; ;2; ;2; ; ; ;ESTA HACIENDO DILIGENCIAS PARA ENTRAR A LA UNIVERSIDAD;12;2;1;07;73;242,033617054964;73
3262582;1;4;1;80;1;2; ; ; ; ; ;2; ;2; ;.; ; ;1;07;73;242,033617054964;73
3262583;1;3;1;80;1;1;1;8; ;2; ;2; ; ; ; ;2;2;1;07;73;215,22167519797;73
3262588;1;3;1;80;1;2; ; ; ;2; ;2; ;2; ;.; ; ;1;07;76;719,793525330775;76
3262590;1;2;1;80;1;2; ; ; ;2; ;2; ;2; ;.; ; ;1;07;76;876,116000358486;76
3262590;1;3;1;80;1;2; ; ; ;2; ;2; ;2; ;.; ; ;1;07;76;876,116000358486;76
3262591;1;1;1;80;1;1;4;7; ;2; ;2; ; ; ; ;11;2;1;07;76;963,332596363985;76
3262592;1;2;1;80;1;1;4;4; ;2; ;2; ; ; ; ;4;2;1;07;76;1356,12279700508;76
3262592;1;5;1;80;1;1;4;7; ;2; ;2; ; ; ; ;4;2;1;07;76;1356,12279700508;76
3262593;1;4;1;80;1;2; ; ; ;2; ;2; ;2; ;.; ; ;1;07;76;1360,57433908162;76
3262594;1;3;1;80;1;2; ; ; ;2; ;2; ;2; ;.; ; ;1;07;76;1104,23830170866;76
3262594;1;4;1;80;1;2; ; ; ;2; ;2; ;2; ;.; ; ;1;07;76;1104,23830170866;76
3262596;1;1;1;80;1;1;2;8; ;2; ;2; ; ; ; ;4;2;1;07;76;983,421949536192;76
3262598;1;1;1;80;1;2; ; ; ;2; ;2; ;2; ;.; ; ;1;07;76;499,437945492679;76
3262598;1;2;1;80;1;1;2;4; ;2; ;2; ; ; ; ;4;2;1;07;76;499,437945492679;76
3262598;1;6;1;80;1;2; ; ; ;2; ;2; ;2; ;.; ; ;1;07;76;499,437945492679;76
3262598;1;7;1;80;1;2; ; ; ;2; ;2; ;2; ;.; ; ;1;07;76;499,437945492679;76
3262598;1;9;1;80;1;2; ; ; ;2; ;2; ;2; ;.; ; ;1;07;76;499,437945492679;76
3262600;1;2;1;80;1;1;1;8; ;2; ;2; ; ; ; ;8;2;1;07;76;660,56927042074;76
3262601;1;1;1;80;1;1;4;4; ;2; ;2; ; ;2; ;5;1;1;07;76;983,421949536192;76
3262602;1;1;1;80;1;1;2;8; ;2; ;1;50000; ;1; ;4;1;1;07;76;699,704172158569;76
3262602;1;2;1;80;1;1;1;4; ;3; ;1;10000; ; ; ;4;2;1;07;76;699,704172158569;76
3262602;1;3;1;80;1;1;3;7; ;2; ;2; ; ; ; ;8;2;1;07;76;699,704172158569;76
3262604;1;3;1;80;1;1;1;9;PARA DEDICARSE  AL DEPORTE;2; ;2; ; ; ;PARA DEDICARSE AL DEPORTE;12;2;1;07;76;822,352228518324;76
3262612;1;2;1;80;1;1;3;3; ;2; ;2; ; ; ; ;9;2;1;07;52;150,185146550275;52
3262614;1;4;1;80;1;2; ; ; ;2; ;2; ;2; ;.; ; ;1;07;52;172,421167951291;52
3262614;1;5;1;80;1;2; ; ; ; ; ;2; ;2; ;.; ; ;1;07;52;172,421167951291;52
3262615;1;2;1;80;1;1;1;6; ;2; ;2; ; ; ; ;2;2;1;07;52;179,474555289832;52
3262615;1;3;1;80;1;1;1;8; ;2; ;2; ; ; ; ;2;2;1;07;52;179,474555289832;52
3262616;1;1;1;80;1;1;3;4; ;2; ;2; ; ; ; ;4;2;1;07;52;112,657716095318;52
3262616;1;2;1;80;1;1;2;4; ;2; ;2; ; ; ; ;4;2;1;07;52;112,657716095318;52
3262616;1;4;1;80;1;2; ; ; ;2; ;2; ;2; ;.; ; ;1;07;52;112,657716095318;52
3262617;1;1;1;80;1;1;3;3; ;2; ;2; ; ; ; ;9;2;1;07;52;191,540697369792;52
3262618;1;2;1;80;1;1;3;7; ;2; ;2; ; ; ; ;4;2;1;07;52;147,585502940943;52
3262618;1;4;1;80;1;1;1;7; ;2; ;2; ; ; ; ;2;2;1;07;52;147,585502940943;52
3262622;1;2;1;80;1;1;4;3; ;2; ;2; ; ; ; ;9;2;1;07;52;198,736174606441;52
3262623;1;1;1;80;1;1;4;5; ;3; ;2; ; ; ; ;4;2;1;07;52;150,384907229541;52
3262623;1;3;1;80;1;2; ; ; ;2; ;2; ;2; ;.; ; ;1;07;52;150,384907229541;52
3262627;1;4;1;80;1;1;1;3; ;2; ;2; ; ; ; ;9;2;1;07;52;162,709867610127;52
3262629;1;3;1;80;1;2; ; ; ;2; ;2; ;2; ;.; ; ;1;07;52;93,9667459781345;52
3262633;1;1;1;80;1;1;4;4; ;2; ;2; ; ; ; ;4;2;1;07;52;136,890132277557;52
3262633;1;2;1;80;1;1;4;4; ;2; ;2; ; ; ; ;9;2;1;07;52;136,890132277557;52
3262633;1;3;1;80;1;1;1;2; ;2; ;2; ; ;1; ;2;1;1;07;52;136,890132277557;52
3262635;1;2;1;80;1;2; ; ; ;2; ;2; ;2; ;.; ; ;1;07;52;161,20327691115;52
3262636;1;1;1;80;1;1;1;7; ;2; ;1;100000; ; ; ;8;2;1;07;52;146,885013802804;52
3262637;1;2;1;80;1;1;4;3; ;2; ;2; ; ; ; ;9;2;1;07;52;141,412091534057;52
3262637;1;4;1;80;1;2; ; ; ;2; ;2; ;2; ;.; ; ;1;07;52;141,412091534057;52
3262638;1;2;1;80;1;1;4;3; ;2; ;2; ; ; ; ;9;2;1;07;52;174,700631813242;52
3262639;1;4;1;80;1;1;3;3; ;2; ;2; ; ;2; ;9;1;1;07;52;179,723319528615;52
3262639;1;7;1;80;1;1;4;5; ;3; ;2; ; ; ; ;8;2;1;07;52;179,723319528615;52
3262640;1;2;1;80;1;1;3;5; ;3; ;2; ; ; ; ;8;2;1;07;52;131,068197081882;52
3262640;1;3;1;80;1;2; ; ; ;2; ;2; ;2; ;.; ; ;1;07;52;131,068197081882;52
3262642;1;3;1;80;1;2; ; ; ;2; ;2; ;2; ;.; ; ;1;07;52;155,103739875081;52
3262643;1;2;1;80;1;1;4;3; ;2; ;2; ; ; ; ;9;2;1;07;52;165,754069347197;52
3262644;1;3;1;80;1;1;1;2; ;2; ;2; ; ; ; ;2;2;1;07;52;202,361954341627;52
3262644;1;4;1;80;1;2; ; ; ; ; ;2; ;2; ;.; ; ;1;07;52;202,361954341627;52
3262645;1;3;1;80;1;2; ; ; ; ; ;2; ;2; ;.; ; ;1;07;52;202,361954341627;52
3262645;1;4;1;80;1;1;1;2; ;2; ;2; ; ; ; ;2;2;1;07;52;202,361954341627;52
3262646;1;1;1;80;1;1;4;7; ;2; ;2; ; ; ; ;8;2;1;07;52;96,7661502667324;52
3262646;1;2;1;80;1;2; ; ; ;2; ;2; ;2; ;.; ; ;1;07;52;96,7661502667324;52
3262647;1;2;1;80;1;1;1;7; ;2; ;2; ; ; ;POR ENCONTRARSE EN EMBARAZO DE ALTO RIESGO;12;2;1;07;52;205,035472321776;52
3262647;1;4;1;80;1;2; ; ; ;2; ;2; ;2; ;.; ; ;1;07;52;205,035472321776;52
3262648;1;2;1;80;1;2; ; ; ;2; ;2; ;2; ;.; ; ;1;07;52;2018,87002357885; 
3262648;1;3;1;80;1;2; ; ; ; ; ;2; ;2; ;.; ; ;1;07;52;2018,87002357885; 
3262649;1;6;1;80;1;2; ; ; ;2; ;2; ;2; ;.; ; ;1;07;52;2354,28920154383; 
3262649;1;7;1;80;1;1;1;2; ;2; ;2; ; ; ; ;2;2;1;07;52;2354,28920154383; 
3262650;1;6;1;80;1;2; ; ; ; ; ;2; ;2; ;.; ; ;1;07;52;1931,01640268895; 
3262650;1;7;1;80;1;2; ; ; ; ; ;2; ;2; ;.; ; ;1;07;52;1931,01640268895; 
3262650;1;8;1;80;1;1;4;4; ;2; ;2; ; ; ; ;4;2;1;07;52;1931,01640268895; 
3262651;1;2;1;80;1;1;3;4; ;2; ;2; ; ; ; ;4;2;1;07;52;1401,13390093919; 
3262651;1;7;1;80;1;1;2;9;PROBLEMAS  PERSONALES (AMENAZA DE MUERTE);2; ;2; ; ; ;PROBLEMAS  PERSONALES (AMENAZA DE MUERTE );12;2;1;07;52;1401,13390093919; 
3262652;1;2;1;80;1;1;4;3; ;2; ;2; ; ; ; ;9;2;1;07;52;2022,42179083215; 
3262652;1;4;1;80;1;2; ; ; ; ; ;2; ;2; ;.; ; ;1;07;52;2022,42179083215; 
3262653;1;1;1;80;1;1;3;4; ;2; ;2; ; ; ; ;4;2;1;07;52;1698,70384182368; 
3262659;1;1;1;80;1;1;2;4; ;2; ;2; ; ; ; ;4;2;1;07;52;1246,00632368544; 
3262659;1;2;1;80;1;1;1;6; ;2; ;2; ; ; ; ;1;2;1;07;52;1246,00632368544; 
3262659;1;3;1;80;1;1;1;4; ;2; ;2; ; ; ; ;4;2;1;07;52;1246,00632368544; 
3262659;1;5;1;80;1;2; ; ; ;2; ;2; ;2; ;.; ; ;1;07;52;1246,00632368544; 
3262661;1;2;1;80;1;1;2;4; ;2; ;2; ; ; ; ;4;2;1;07;52;1475,31329945245; 
3262664;1;6;1;80;1;1;1;4; ;2; ;2; ; ; ; ;4;2;1;07;52;1428,42899484177; 
3262670;1;2;1;80;1;1;1;4; ;2; ;2; ; ; ; ;4;2;1;07;52;1391,79733812515; 
3262674;1;3;1;80;1;2; ; ; ;2; ;2; ;2; ;.; ; ;1;07;52;1475,31329945245; 
3262675;1;1;1;80;1;2; ; ; ;2; ;2; ;2; ;.; ; ;1;07;52;1330,14037781841; 
3262676;1;2;1;80;1;1;2;3; ;2; ;2; ; ; ; ;9;2;1;07;52;1668,47507347347; 
3262677;1;3;1;80;1;2; ; ; ; ; ;2; ;2; ;.; ; ;1;07;52;1396,11529646207; 
3262681;1;3;1;80;1;2; ; ; ;2; ;2; ;1;1; ;1; ;1;07;52;2218,91502648002; 
3262681;1;5;1;80;1;2; ; ; ; ; ;2; ;2; ;.; ; ;1;07;52;2218,91502648002; 
3262690;1;1;1;80;1;1;4;9;POR  EDAD;2; ;2; ; ; ; ;8;2;1;07;52;1697,23700459986; 
3262691;1;4;1;80;1;2; ; ; ; ; ;2; ;2; ;.; ; ;1;07;52;2143,20575784311; 
3262692;1;4;1;80;1;2; ; ; ; ; ;2; ;2; ;.; ; ;1;07;52;1012,35511868672; 
3262694;1;4;1;80;1;2; ; ; ;2; ;2; ;2; ;.; ; ;1;07;52;1526,10839681026; 
3262694;1;6;1;80;1;2; ; ; ; ; ;2; ;2; ;.; ; ;1;07;52;1526,10839681026; 
3262694;1;7;1;80;1;1;4;9;POR  EDAD;2; ;2; ; ; ; ;8;2;1;07;52;1526,10839681026; 
3262697;1;2;1;80;1;2; ; ; ;2; ;2; ;2; ;.; ; ;1;07;52;1281,67118491768; 
3262699;1;1;1;80;1;1;2;4; ;2; ;2; ; ; ; ;4;2;1;07;52;1228,3839919406; 
3262700;1;3;1;80;1;2; ; ; ; ; ;2; ;2; ;.; ; ;1;07;52;1606,81811316673; 
3262706;1;3;1;80;1;1;1;2; ;2; ;2; ; ; ; ;2;2;1;07;52;1258,74906751842; 
3262707;1;3;1;80;1;2; ; ; ;2; ;2; ;2; ;.; ; ;1;07;52;2319,64959870705; 
3262709;1;1;1;80;1;2; ; ; ;2; ;2; ;2; ;.; ; ;1;07;52;1710,97702317026; 
3262709;1;2;1;80;1;1;4;4; ;2; ;2; ; ; ; ;4;2;1;07;52;1710,97702317026; 
3262709;1;5;1;80;1;2; ; ; ; ; ;2; ;2; ;.; ; ;1;07;52;1710,97702317026; 
3262717;1;5;1;80;1;2; ; ; ; ; ;2; ;2; ;.; ; ;1;07;52;3526,42384648704; 
3262719;1;1;1;80;1;1;4;4; ;2; ;2; ; ; ; ;4;2;1;07;52;1813,14795336807; 
3262719;1;2;1;80;1;1;4;4; ;2; ;2; ; ; ; ;4;2;1;07;52;1813,14795336807; 
3262720;1;2;1;80;1;2; ; ; ;2; ;2; ;2; ;.; ; ;1;07;52;2151,91829418558; 
3262721;1;1;1;80;1;1;4;7; ;2; ;2; ; ;4; ;8;1;1;07;52;2104,47091493563; 
3262721;1;4;1;80;1;2; ; ; ; ; ;2; ;2; ;.; ; ;1;07;52;2104,47091493563; 
3262735;1;2;1;80;1;1;4;7; ;2; ;2; ; ;1; ;4;1;1;07;52;2434,09371025144; 
3262736;1;1;1;80;1;1;4;7; ;2; ;2; ; ; ; ;8;2;1;07;52;2140,69740574283; 
3262736;1;2;1;80;1;1;4;7; ;2; ;2; ; ; ; ;4;2;1;07;52;2140,69740574283; 
3262736;1;3;1;80;1;1;4;4; ;3; ;2; ; ; ; ;4;2;1;07;52;2140,69740574283; 
3262736;1;4;1;80;1;2; ; ; ;2; ;2; ;2; ;.; ; ;1;07;52;2140,69740574283; 
3262737;1;3;1;80;1;2; ; ; ; ; ;2; ;2; ;.; ; ;1;07;52;1449,40248943915; 
3262738;1;3;1;80;1;2; ; ; ;2; ;2; ;2; ;.; ; ;1;07;52;1258,74906751842; 
3262738;1;4;1;80;1;2; ; ; ; ; ;2; ;2; ;.; ; ;1;07;52;1258,74906751842; 
3262739;1;7;1;80;1;1;1;6; ;2; ;2; ; ; ; ;11;2;1;07;52;2609,58827638533; 
3262740;1;2;1;80;1;2; ; ; ;2; ;2; ;2; ;.; ; ;1;07;52;1106,69418127755; 
3262740;1;3;1;80;1;1;4;3; ;2; ;2; ; ; ; ;9;2;1;07;52;1106,69418127755; 
3262740;1;7;1;80;1;1;4;4; ;2; ;2; ; ; ; ;4;2;1;07;52;1106,69418127755; 
3262741;1;1;1;80;1;1;4;4; ;2; ;2; ; ; ; ;4;2;1;07;52;1711,44658565665; 
3262742;1;1;1;80;1;1;4;4; ;2; ;2; ; ; ; ;4;2;1;07;52;1588,29057377302; 
3262743;1;1;1;80;1;1;4;4; ;2; ;2; ; ; ; ;4;2;1;07;52;1697,23700459986; 
3262745;1;3;1;80;1;2; ; ; ; ; ;2; ;2; ;.; ; ;1;07;52;2477,06522243463; 
3262746;1;1;1;80;1;1;4;3; ;2; ;2; ; ; ; ;9;2;1;07;52;2205,3593151446; 
3262746;1;7;1;80;1;2; ; ; ;2; ;2; ;2; ;.; ; ;1;07;52;2205,3593151446; 
3262746;1;8;1;80;1;2; ; ; ;2; ;2; ;2; ;.; ; ;1;07;52;2205,3593151446; 
3262746;1;9;1;80;1;2; ; ; ; ; ;2; ;2; ;.; ; ;1;07;52;2205,3593151446; 
3262752;1;1;1;80;1;1;3;4; ;2; ;2; ; ; ; ;4;2;1;07;52;3526,42384648704; 
3262752;1;5;1;80;1;2; ; ; ;2; ;2; ;2; ;.; ; ;1;07;52;3526,42384648704; 
3262752;1;6;1;80;1;2; ; ; ; ; ;2; ;2; ;.; ; ;1;07;52;3526,42384648704; 
3262753;1;1;1;80;1;1;4;4; ;2; ;2; ; ; ; ;4;2;1;07;52;1493,84083884616; 
3262754;1;3;1;80;1;2; ; ; ; ; ;2; ;2; ;.; ; ;1;07;52;2266,36240572997; 
3262769;1;2;1;80;1;1;4;3; ;2; ;2; ; ; ; ;2;2;1;07;52;1600,97829943959; 
3262781;1;3;1;80;1;2; ; ; ;2; ;2; ;2; ;.; ; ;1;07;52;2159,7880197758; 
3262783;1;2;1;80;1;1;4;3; ;2; ;2; ; ; ; ;9;2;1;07;52;1463,61207049594; 
3262783;1;3;1;80;1;2; ; ; ;2; ;2; ;2; ;.; ; ;1;07;52;1463,61207049594; 
3262784;1;3;1;80;1;2; ; ; ; ; ;2; ;2; ;.; ; ;1;07;52;2333,85917976384; 
3262785;1;3;1;80;1;2; ; ; ; ; ;2; ;2; ;.; ; ;1;07;52;2280,57198678676; 
3262799;1;3;1;80;1;2; ; ; ; ; ;2; ;2; ;.; ; ;1;07;52;1166,3834141516; 
3262828;1;2;1;80;1;2; ; ; ;2; ;2; ;2; ;.; ; ;1;07;52;1694,92730400294; 
3262828;1;5;1;80;1;2; ; ; ; ; ;2; ;2; ;.; ; ;1;07;52;1694,92730400294; 
3262830;1;2;1;80;1;2; ; ; ;2; ;2; ;2; ;.; ; ;1;07;52;1768,778502595; 
3262831;1;1;1;80;1;1;4;4; ;2; ;2; ; ; ; ;4;2;1;07;52;1417,95530574463; 
3262836;1;1;1;80;1;1;1;4; ;2; ;2; ; ; ; ;4;2;1;07;52;1116,51538316244; 
3262836;1;3;1;80;1;2; ; ; ;2; ;2; ;2; ;.; ; ;1;07;52;1116,51538316244; 
3262839;1;2;1;80;1;2; ; ; ;2; ;2; ;2; ;.; ; ;1;07;52;1284,86828974013; 
3262839;1;3;1;80;1;1;4;8; ;2; ;2; ; ; ; ;1;2;1;07;52;1284,86828974013; 
3262839;1;6;1;80;1;1;4;4; ;2; ;2; ; ; ; ;4;2;1;07;52;1284,86828974013; 
3262854;1;3;1;80;1;2; ; ; ; ; ;2; ;2; ;.; ; ;1;07;52;995,230781233816; 
3262854;1;4;1;80;1;2; ; ; ; ; ;2; ;2; ;.; ; ;1;07;52;995,230781233816; 
3262857;1;1;1;80;1;1;1;4; ;3; ;2; ; ; ; ;4;2;1;07;52;1340,03294793698; 
3262857;1;5;1;80;1;1;4;5; ;3; ;2; ; ; ; ;11;2;1;07;52;1340,03294793698; 
3262860;1;2;1;80;1;1;4;3; ;2; ;2; ; ;3; ;1;1;1;07;52;2626,58226060445; 
3262860;1;4;1;80;1;2; ; ; ;2; ;2; ;2; ;.; ; ;1;07;52;2626,58226060445; 
3262860;1;5;1;80;1;2; ; ; ; ; ;2; ;2; ;.; ; ;1;07;52;2626,58226060445; 
3262877;1;1;1;80;1;1;3;4; ;2; ;2; ; ; ; ;8;2;1;07;52;1417,95530574463; 
3262882;1;2;1;80;1;1;1;3; ;2; ;2; ; ; ; ;9;2;1;07;52;1421,27637450412; 
3262889;1;3;1;80;1;1;4;4; ;2; ;2; ; ; ; ;4;2;1;07;52;1326,93609675131; 
3262890;1;2;1;80;1;1;4;3; ;2; ;2; ; ; ; ;9;2;1;07;52;1340,03294793698; 
3262891;1;2;1;80;1;1;4;3; ;2; ;2; ; ; ; ;9;2;1;07;52;1222,77354034057; 
3262891;1;3;1;80;1;2; ; ; ;2; ;2; ;2; ;.; ; ;1;07;52;1222,77354034057; 
3262897;1;3;1;80;1;2; ; ; ;2; ;2; ;2; ;.; ; ;1;07;52;1210,90215714702; 
3262902;1;1;1;80;1;1;3;4; ;3; ;2; ; ; ; ;4;2;1;07;76;927,113236429024;76
3262908;1;1;1;80;1;1;3;3; ;2; ;2; ; ; ; ;4;2;1;07;50;168,73944112843;50
3262908;1;2;1;80;1;1;1;2; ;2; ;2; ; ; ; ;2;2;1;07;50;168,73944112843;50
3262912;1;3;1;80;1;2; ; ; ;2; ;2; ;2; ;.; ; ;1;07;50;186,410293627687;50
3262912;1;4;1;80;1;2; ; ; ;2; ;2; ;2; ;.; ; ;1;07;50;186,410293627687;50
3262913;1;5;1;80;1;1;1;4; ;2; ;2; ; ; ; ;4;2;1;07;50;177,005965699745;50
3262914;1;3;1;80;1;2; ; ; ;2; ;2; ;2; ;.; ; ;1;07;50;196,758245653181;50
3262914;1;5;1;80;1;2; ; ; ; ; ;2; ;2; ;.; ; ;1;07;50;196,758245653181;50
3262915;1;5;1;80;1;2; ; ; ;2; ;2; ;2; ;.; ; ;1;07;50;183,207270737442;50
3262916;1;2;1;80;1;1;2;9;CAMBIO DE RESIDENCIA;2; ;2; ; ; ; ;2;2;1;07;50;215,233641818977;50
3262917;1;1;1;80;1;1;2;3; ;2; ;2; ; ; ; ;9;2;1;07;50;138,115461982644;50
3262917;2;3;2;80;1;2; ; ; ;2; ;2; ;2; ;.; ; ;1;07;50;138,115461982644;50
3262917;2;4;2;80;1;2; ; ; ;2; ;2; ;2; ;.; ; ;1;07;50;138,115461982644;50
3262918;1;3;1;80;1;2; ; ; ; ; ;2; ;2; ;.; ; ;1;07;50;226,695984503014;50
3262922;1;2;1;80;1;2; ; ; ;2; ;2; ;2; ;.; ; ;1;07;50;156,13336831495;50
3262923;1;3;1;80;1;2; ; ; ; ; ;2; ;2; ;.; ; ;1;07;50;209,283071902112;50
3262924;1;2;1;80;1;2; ; ; ;2; ;2; ;2; ;.; ; ;1;07;50;196,692029778058;50
3262924;1;3;1;80;1;2; ; ; ;2; ;2; ;2; ;.; ; ;1;07;50;196,692029778058;50
3262924;1;4;1;80;1;2; ; ; ; ; ;2; ;2; ;.; ; ;1;07;50;196,692029778058;50
3262925;1;3;1;80;1;2; ; ; ; ; ;2; ;2; ;.; ; ;1;07;50;193,591377259209;50
3262926;1;2;1;80;1;1;1;8; ;2; ;2; ; ;1; ;2;1;1;07;50;159,285206019497;50
3262927;1;1;1;80;1;1;1;3; ;2; ;2; ; ; ; ;9;2;1;07;50;139,614172630609;50
3262929;1;5;1;80;1;2; ; ; ;2; ;2; ;2; ;.; ; ;1;07;50;237,286845737438;50
3262934;1;3;1;80;1;1;1;8; ;2; ;1;260000; ; ; ;2;2;1;07;50;212,383724420961;50
3262936;2;2;2;80;1;2; ; ; ;2; ;2; ;2; ;.; ; ;1;07;50;143,859277186851;50
3262937;1;5;1;80;1;2; ; ; ; ; ;2; ;2; ;.; ; ;1;07;50;226,95392440137;50
3262938;1;2;1;80;1;1;3;6; ;2; ;2; ; ; ; ;9;2;1;07;50;156,472554777855;50
3262938;1;4;1;80;1;2; ; ; ;2; ;2; ;2; ;.; ; ;1;07;50;156,472554777855;50
3262938;1;5;1;80;1;2; ; ; ;2; ;2; ;2; ;.; ; ;1;07;50;156,472554777855;50
3262939;1;2;1;80;1;1;4;9;POR CAMBIO DE DOMICILIO;2; ;2; ; ; ; ;9;2;1;07;50;186,410293627687;50
3262939;1;4;1;80;1;1;1;2; ;2; ;2; ; ; ; ;2;2;1;07;50;186,410293627687;50
3262941;1;4;1;80;1;2; ; ; ; ; ;2; ;2; ;.; ; ;1;07;50;180,474754400248;50
3262942;1;2;1;80;1;1;4;3; ;2; ;2; ; ; ; ;9;2;1;07;50;226,695984503014;50
3262942;1;3;1;80;1;2; ; ; ; ; ;2; ;2; ;.; ; ;1;07;50;226,695984503014;50
3262943;1;2;1;80;1;1;3;3; ;2; ;2; ; ; ; ;11;2;1;07;50;222,465910636197;50
3262945;1;2;1;80;1;2; ; ; ; ; ;2; ;2; ;.; ; ;1;07;50;126,210660154542;50
3262945;1;3;1;80;1;2; ; ; ; ; ;2; ;2; ;.; ; ;1;07;50;126,210660154542;50
3262946;1;3;1;80;1;2; ; ; ;2; ;2; ;2; ;.; ; ;1;07;50;150,378581140915;50
3262947;1;2;1;80;1;2; ; ; ;2; ;2; ;2; ;.; ; ;1;07;50;153,479233659764;50
3262947;1;3;1;80;1;2; ; ; ; ; ;2; ;2; ;.; ; ;1;07;50;153,479233659764;50
3262947;1;4;1;80;1;1;4;4; ;2; ;2; ; ; ; ;4;2;1;07;50;153,479233659764;50
3262949;1;1;1;80;1;1;1;8; ;2; ;2; ; ;1; ;9;1;1;07;50;172,718779874414;50
3262950;1;1;1;80;1;1;2;3; ;2; ;2; ; ;1; ;9;1;1;07;50;168,503736697022;50
3262951;1;3;1;80;1;1;1;8; ;2; ;2; ; ;1; ;9;1;1;07;50;186,410293627687;50
3262952;1;3;1;80;1;2; ; ; ;2; ;2; ;2; ;.; ; ;1;07;50;165,486511057195;50
3262952;1;4;1;80;1;2; ; ; ; ; ;2; ;2; ;.; ; ;1;07;50;165,486511057195;50
3262953;1;4;1;80;1;2; ; ; ;2; ;2; ;2; ;.; ; ;1;07;50;145,477297667571;50
3262953;1;5;1;80;1;1;1;3; ;2; ;1;50000; ; ; ;9;2;1;07;50;145,477297667571;50
3262954;1;6;1;80;1;1;2;4; ;2; ;2; ; ; ; ;4;2;1;07;50;157,939966760976;50
3262955;1;3;1;80;1;2; ; ; ; ; ;2; ;2; ;.; ; ;1;07;50;196,676999088632;50
3262960;1;3;1;80;1;1;3;3; ;2; ;2; ; ; ; ;9;2;1;07;50;250,70538890293;50
3262960;1;4;1;80;1;1;4;4; ;2; ;2; ; ; ; ;4;2;1;07;50;250,70538890293;50
3262961;1;1;1;80;1;1;4;4; ;2; ;2; ; ; ; ;4;2;1;07;50;242,049499145181;50
3262962;1;4;1;80;1;2; ; ; ; ; ;2; ;2; ;.; ; ;1;07;50;222,0966213362;50
3262962;1;9;1;80;1;2; ; ; ;2; ;2; ;2; ;.; ; ;1;07;50;222,0966213362;50
3262963;1;3;1;80;1;2; ; ; ;2; ;2; ;2; ;.; ; ;1;07;50;150,378581140915;50
3262964;1;3;1;80;1;2; ; ; ;2; ;2; ;2; ;.; ; ;1;07;50;148,967315372854;50
3262964;1;4;1;80;1;2; ; ; ; ; ;2; ;2; ;.; ; ;1;07;50;148,967315372854;50
3262965;1;4;1;80;1;2; ; ; ;2; ;2; ;2; ;.; ; ;1;07;50;202,929489312028;50
3262971;1;1;1;80;1;1;4;4; ;2; ;2; ; ; ; ;10;2;1;07;50;176,352011934189;50
3262972;1;2;1;80;1;1;4;3; ;2; ;2; ; ; ; ;9;2;1;07;50;207,009920424701;50
3262974;1;3;1;80;1;2; ; ; ;2; ;2; ;2; ;.; ; ;1;07;50;180,157803404291;50
3262975;1;1;1;80;1;1;4;4; ;2; ;2; ; ; ; ;4;2;1;07;50;153,349666792057;50
3262977;1;2;1;80;1;1;1;2; ;2; ;2; ; ; ; ;2;2;1;07;50;159,285206019497;50
3262980;1;2;1;80;1;2; ; ; ;2; ;2; ;2; ;.; ; ;1;07;50;159,234020833799;50
3262980;1;3;1;80;1;2; ; ; ; ; ;2; ;2; ;.; ; ;1;07;50;159,234020833799;50
3262983;1;4;1;80;1;2; ; ; ;2; ;2; ;2; ;.; ; ;1;07;50;202,929489312028;50
3262984;1;1;1;80;1;1;3;4; ;3; ;2; ; ; ; ;4;2;1;07;50;199,828836793179;50
3262984;1;2;1;80;1;1;3;3; ;2; ;2; ; ; ; ;9;2;1;07;50;199,828836793179;50
3262985;1;1;1;80;1;2; ; ; ;2; ;2; ;2; ;.; ; ;1;07;50;165,638788609581;50
3262986;1;1;1;80;1;1;2;4; ;2; ;2; ; ; ; ;4;2;1;07;50;209,283071902112;50
3262986;1;3;1;80;1;1;1;2; ;2; ;2; ; ; ; ;2;2;1;07;50;209,283071902112;50
3262987;1;2;1;80;1;2; ; ; ;2; ;2; ;2; ;.; ; ;1;07;50;246,424129850415;50
3262994;1;3;1;80;1;2; ; ; ;2; ;2; ;2; ;.; ; ;1;07;50;145,866662854005;50
3262995;1;1;1;80;1;1;4;4; ;2; ;2; ; ; ; ;4;2;1;07;50;147,528663742899;50
3262995;1;2;1;80;1;1;4;4; ;2; ;2; ; ; ; ;4;2;1;07;50;147,528663742899;50
3262997;1;3;1;80;1;2; ; ; ; ; ;2; ;2; ;.; ; ;1;07;50;163,745939120709;50
3262998;1;2;1;80;1;2; ; ; ;2; ;2; ;2; ;.; ; ;1;07;50;142,766010335156;50
3263001;1;2;1;80;1;1;4;4; ;2; ;2; ; ; ; ;4;2;1;07;66;769,356021790702; 
3263001;1;3;1;80;1;2; ; ; ;2; ;2; ;2; ;.; ; ;1;07;66;769,356021790702; 
3263001;1;6;1;80;1;1;1;8; ;2; ;2; ; ; ; ;2;2;1;07;66;769,356021790702; 
3263001;1;7;1;80;1;1;1;7; ;2; ;2; ; ; ; ;2;2;1;07;66;769,356021790702; 
3263003;1;5;1;80;1;2; ; ; ;2; ;2; ;2; ;.; ; ;1;07;66;1585,32305190077; 
3263003;1;6;1;80;1;2; ; ; ;2; ;2; ;2; ;.; ; ;1;07;66;1585,32305190077; 
3263003;1;7;1;80;1;2; ; ; ; ; ;2; ;2; ;.; ; ;1;07;66;1585,32305190077; 
3263004;1;4;1;80;1;2; ; ; ;2; ;2; ;2; ;.; ; ;1;07;66;546,24466371763; 
3263004;1;5;1;80;1;2; ; ; ; ; ;2; ;2; ;.; ; ;1;07;66;546,24466371763; 
3263005;1;1;1;80;1;1;1;4; ;2; ;2; ; ; ; ;4;2;1;07;66;1481,72051729698; 
3263005;1;3;1;80;1;2; ; ; ; ; ;2; ;2; ;.; ; ;1;07;66;1481,72051729698; 
3263007;1;2;1;80;1;2; ; ; ; ; ;2; ;2; ;.; ; ;1;07;66;546,24466371763; 
3263007;1;3;1;80;1;2; ; ; ;2; ;2; ;2; ;.; ; ;1;07;66;546,24466371763; 
3263007;2;1;2;80;1;1;3;4; ;2; ;2; ; ; ; ;4;2;1;07;66;546,24466371763; 
3263008;1;2;1;80;1;2; ; ; ;2; ;2; ;2; ;.; ; ;1;07;66;546,24466371763; 
3263009;1;2;1;80;1;1;4;3; ;2; ;2; ; ; ; ;9;2;1;07;66;1272,03586839143; 
3263012;1;2;1;80;1;2; ; ; ; ; ;2; ;2; ;.; ; ;1;07;66;1875,76603395673; 
3263013;1;1;1;80;1;1;4;4; ;2; ;2; ; ; ; ;4;2;1;07;66;1591,25681311507; 
3263013;1;3;1;80;1;1;1;7; ; ; ;2; ; ; ; ;2;2;1;07;66;1591,25681311507; 
3263014;1;2;1;80;1;1;4;3; ;2; ;2; ; ; ; ;9;2;1;07;66;1163,12011974967; 
3263014;1;3;1;80;1;2; ; ; ;2; ;2; ;2; ;.; ; ;1;07;66;1163,12011974967; 
3263015;1;4;1;80;1;2; ; ; ; ; ;2; ;2; ;.; ; ;1;07;66;1054,20437110792; 
3263016;1;2;1;80;1;2; ; ; ;2; ;2; ;2; ;.; ; ;1;07;66;1579,62664569679; 
3263017;1;2;1;80;1;1;4;7; ;2; ;2; ; ; ; ;9;2;1;07;66;1599,69641484725; 
3263019;1;3;1;80;1;2; ; ; ; ; ;2; ;2; ;.; ; ;1;07;66;682,048965953972; 
3263020;1;1;1;80;1;1;2;4; ;2; ;2; ; ; ; ;4;2;1;07;66;989,490727810078; 
3263020;1;5;1;80;1;1;1;2; ;2; ;2; ; ; ; ;2;2;1;07;66;989,490727810078; 
3263021;1;1;1;80;1;1;3;5; ;3; ;2; ; ; ; ;10;2;1;07;66;546,24466371763; 
3263021;1;2;1;80;1;1;4;7; ;2; ;2; ; ; ; ;9;2;1;07;66;546,24466371763; 
3263021;1;4;1;80;1;2; ; ; ;2; ;2; ;2; ;.; ; ;1;07;66;546,24466371763; 
3263022;1;1;1;80;1;1;4;4; ;2; ;2; ; ; ; ;4;2;1;07;66;546,24466371763; 
3263022;1;2;1;80;1;2; ; ; ;2; ;2; ;2; ;.; ; ;1;07;66;546,24466371763; 
3263023;1;1;1;80;1;1;4;5; ;3; ;2; ; ; ; ;4;2;1;07;66;546,24466371763; 
3263023;1;2;1;80;1;1;4;3; ;2; ;2; ; ; ; ;9;2;1;07;66;546,24466371763; 
3263025;1;1;1;80;1;1;3;6; ;2; ;2; ; ; ; ;11;2;1;07;66;669,977029732211; 
3263033;1;1;1;80;1;1;2;4; ;2; ;2; ; ; ; ;4;2;1;07;66;592,422089183635; 
3263033;1;2;1;80;1;1;1;4; ;2; ;2; ; ; ; ;4;2;1;07;66;592,422089183635; 
3263033;1;4;1;80;1;1;1;8; ;2; ;2; ; ; ; ;2;2;1;07;66;592,422089183635; 
3263033;1;5;1;80;1;2; ; ; ;2; ;2; ;2; ;.; ; ;1;07;66;592,422089183635; 
3263049;1;4;1;80;1;2; ; ; ;2; ;2; ;2; ;.; ; ;1;07;66;1668,94415691517; 
3263049;1;5;1;80;1;2; ; ; ;2; ;2; ;2; ;.; ; ;1;07;66;1668,94415691517; 
3263051;1;2;1;80;1;1;1;7; ;2; ;2; ; ; ; ;9;2;1;07;66;841,52573775968; 
3263051;1;5;1;80;1;2; ; ; ;2; ;2; ;2; ;.; ; ;1;07;66;841,52573775968; 
3263051;1;6;1;80;1;2; ; ; ;2; ;2; ;2; ;.; ; ;1;07;66;841,52573775968; 
3263052;1;1;1;80;1;1;4;4; ;2; ;2; ; ; ; ;4;2;1;07;66;546,24466371763; 
3263054;1;1;1;80;1;2; ; ; ;2; ;2; ;2; ;.; ; ;1;07;66;944,995869111947; 
3263058;1;2;1;80;1;1;4;3; ;2; ;2; ; ; ; ;4;2;1;07;66;922,91564457984; 
3263061;1;3;1;80;1;1;1;8; ;2; ;2; ; ; ; ;4;2;1;07;66;1163,12011974967; 
3263062;1;2;1;80;1;1;4;3; ;2; ;2; ; ; ; ;9;2;1;07;66;1168,34499422657; 
3263062;1;4;1;80;1;2; ; ; ;2; ;2; ;2; ;.; ; ;1;07;66;1168,34499422657; 
3263065;1;1;1;80;1;1;3;5; ;3; ;2; ; ; ; ;10;2;1;07;66;546,24466371763; 
3263065;1;4;1;80;1;2; ; ; ; ; ;2; ;2; ;.; ; ;1;07;66;546,24466371763; 
3263065;1;5;1;80;1;2; ; ; ; ; ;2; ;2; ;.; ; ;1;07;66;546,24466371763; 
3263067;1;4;1;80;1;2; ; ; ; ; ;2; ;2; ;.; ; ;1;07;66;790,476570670903; 
3263069;1;2;1;80;1;1;3;8; ;2; ;2; ; ; ; ;9;2;1;07;66;905,398091068593; 
3263070;1;2;1;80;1;1;1;4; ;2; ;2; ; ; ; ;4;2;1;07;66;648,517352376442; 
3263071;1;1;1;80;1;2; ; ; ;2; ;2; ;2; ;.; ; ;1;07;66;546,24466371763; 
3263073;1;2;1;80;1;2; ; ; ;2; ;2; ;1;2; ;9; ;1;07;66;1881,77180571266; 
3263074;1;1;1;80;1;2; ; ; ;2; ;2; ;2; ;.; ; ;1;07;66;763,438872774131; 
3263074;1;2;1;80;1;2; ; ; ;2; ;2; ;2; ;.; ; ;1;07;66;763,438872774131; 
3263076;1;3;1;80;1;2; ; ; ;2; ;2; ;2; ;.; ; ;1;07;66;1098,40647645183; 
3263076;1;4;1;80;1;2; ; ; ; ; ;2; ;2; ;.; ; ;1;07;66;1098,40647645183; 
3263087;1;1;1;80;1;1;4;3; ;2; ;2; ; ; ; ;9;2;1;07;66;1037,83716497753; 
3263098;1;2;1;80;1;1;4;3; ;2; ;2; ; ; ; ;9;2;1;07;66;546,24466371763; 
3263105;1;4;1;80;1;2; ; ; ;2; ;2; ;2; ;.; ; ;1;07;66;1098,40647645183; 
3263108;1;1;1;80;1;1;1;8; ;2; ;2; ; ; ; ;8;2;1;07;66;606,32570241418; 
3263109;1;2;1;80;1;1;1;4; ;2; ;2; ; ; ; ;4;2;1;07;66;1168,34499422657; 
3263109;1;4;1;80;1;2; ; ; ; ; ;2; ;2; ;.; ; ;1;07;66;1168,34499422657; 
3263110;1;2;1;80;1;2; ; ; ;2; ;2; ;2; ;.; ; ;1;07;66;2184,97865487052; 
3263112;1;2;1;80;1;1;3;4; ;2; ;2; ; ; ; ;4;2;1;07;66;1270,64596018612; 
3263113;1;1;1;80;1;1;4;3; ;2; ;2; ; ; ; ;9;2;1;07;66;790,964714595725; 
3263114;1;2;1;80;1;1;4;9;CAMBIO DE DOMICILIO;2; ;2; ; ;3; ;9;1;1;07;66;1599,69641484725; 
3263115;1;3;1;80;1;1;1;3; ;2; ;2; ; ;1; ;9;1;1;07;66;1509,82053117357; 
3263115;1;7;1;80;1;2; ; ; ; ; ;2; ;2; ;.; ; ;1;07;66;1509,82053117357; 
3263115;1;8;1;80;1;2; ; ; ; ; ;2; ;2; ;.; ; ;1;07;66;1509,82053117357; 
3263117;1;1;1;80;1;1;4;3; ;2; ;2; ; ; ; ;9;2;1;07;66;546,24466371763; 
3263117;1;3;1;80;1;2; ; ; ; ; ;2; ;2; ;.; ; ;1;07;66;546,24466371763; 
3263118;1;2;1;80;1;1;4;3; ;2; ;2; ; ; ; ;9;2;1;07;66;546,24466371763; 
3263120;1;1;1;80;1;1;4;7; ;2; ;2; ; ; ; ;8;2;1;07;66;973,416275033907; 
3263120;1;4;1;80;1;2; ; ; ; ; ;2; ;2; ;.; ; ;1;07;66;973,416275033907; 
3263121;1;1;1;80;1;1;2;4; ;2; ;2; ; ; ; ;4;2;1;07;66;916,849480114016; 
3263121;1;2;1;80;1;1;1;4; ;2; ;2; ; ; ; ;4;2;1;07;66;916,849480114016; 
3263122;1;3;1;80;1;2; ; ; ;2; ;2; ;2; ;.; ; ;1;07;66;835,459573293856; 
3263125;1;2;1;80;1;1;1;2; ;2; ;1;200000; ; ; ;2;2;1;07;66;1260,58447934601; 
3263126;1;2;1;80;1;1;4;4; ;2; ;2; ; ; ; ;4;2;1;07;66;546,24466371763; 
3263126;1;3;1;80;1;2; ; ; ;2; ;2; ;2; ;.; ; ;1;07;66;546,24466371763; 
3263126;1;4;1;80;1;1;4;4; ;2; ;2; ; ; ; ;4;2;1;07;66;546,24466371763; 
3263126;1;6;1;80;1;2; ; ; ;2; ;2; ;2; ;.; ; ;1;07;66;546,24466371763; 
3263128;1;1;1;80;1;1;1;3; ;2; ;1;500000; ; ; ;9;2;1;07;66;868,652058395818; 
3263131;1;3;1;80;1;1;2;2; ;2; ;2; ; ; ; ;2;2;1;07;66;546,24466371763; 
3263131;1;4;1;80;1;2; ; ; ;2; ;2; ;2; ;.; ; ;1;07;66;546,24466371763; 
3263131;1;5;1;80;1;2; ; ; ; ; ;2; ;2; ;.; ; ;1;07;66;546,24466371763; 
3263142;1;2;1;80;1;1;1;8; ;2; ;2; ; ; ; ;2;2;1;07;66;664,591805152613; 
3263142;1;4;1;80;1;1;4;4; ;2; ;2; ; ; ; ;4;2;1;07;66;664,591805152613; 
3263153;1;1;1;80;1;2; ; ; ;2; ;2; ;2; ;.; ; ;1;07;66;546,24466371763; 
3263159;1;2;1;80;1;2; ; ; ;2; ;2; ;1;1; ;2; ;1;07;66;1240,51471019555; 
3263161;1;3;1;80;1;1;2;9;CAMBIO DE CIUDAD;2; ;2; ; ;2; ;2;1;1;07;66;546,24466371763; 
3263162;1;1;1;80;1;2; ; ; ;2; ;2; ;1;4; ;9; ;1;07;66;824,008184248433; 
3263162;1;2;1;80;1;2; ; ; ;2; ;2; ;2; ;.; ; ;1;07;66;824,008184248433; 
3263162;1;3;1;80;1;2; ; ; ;2; ;2; ;2; ;.; ; ;1;07;66;824,008184248433; 
3263163;1;2;1;80;1;1;3;8; ;2; ;2; ; ; ; ;1;2;1;07;27;2533,89151611471; 
3263174;1;3;1;80;1;1;1;8; ;2; ;2; ; ; ; ;2;2;1;07;27;1440,54357445033; 
3263174;1;4;1;80;1;2; ; ; ; ; ;2; ;2; ;.; ; ;1;07;27;1440,54357445033; 
3263273;1;2;1;80;1;1;1;3; ;2; ;2; ; ; ; ;9;2;1;07;27;2505,15531499141; 
3263281;1;3;1;80;1;1;4;4; ;2; ;2; ; ; ; ;4;2;1;07;27;2831,95524181424; 
3263292;1;5;1;80;1;2; ; ; ;2; ;2; ;2; ;.; ; ;1;07;27;4334,08193733192; 
3263303;1;3;1;80;1;2; ; ; ;2; ;2; ;2; ;.; ; ;1;07;27;2962,29020622651; 
3263303;1;4;1;80;1;2; ; ; ;2; ;2; ;2; ;.; ; ;1;07;27;2962,29020622651; 
3263303;1;5;1;80;1;2; ; ; ; ; ;2; ;2; ;.; ; ;1;07;27;2962,29020622651; 
3263309;1;3;1;80;1;2; ; ; ;2; ;2; ;2; ;.; ; ;1;07;27;3597,77496555559; 
3263310;1;1;1;80;1;2; ; ; ;2; ;2; ;2; ;.; ; ;1;07;27;2632,41345122449; 
3263313;1;3;1;80;1;2; ; ; ; ; ;2; ;2; ;.; ; ;1;07;27;3559,20466643228; 
3263314;1;1;1;80;1;1;4;4; ;2; ;2; ; ; ; ;4;2;1;07;27;2469,39171392255; 
3263316;1;2;1;80;1;1;3;8; ;2; ;2; ; ; ; ;1;2;1;07;27;2809,91619116381; 
3263317;1;3;1;80;1;2; ; ; ;2; ;2; ;2; ;.; ; ;1;07;27;2248,0222851006; 
3263335;1;1;1;80;1;1;1;4; ;2; ;2; ; ; ; ;4;2;1;07;27;2316,94613510633; 
3263335;1;3;1;80;1;1;1;2; ;2; ;2; ; ; ; ;6;2;1;07;27;2316,94613510633; 
3263346;1;2;1;80;1;1;1;3; ;2; ;2; ; ; ; ;9;2;1;07;27;2505,15531499141; 
3263349;1;1;1;80;1;1;4;8; ;2; ;2; ; ; ; ;8;2;1;07;27;2310,24898463346; 
3263349;1;2;1;80;1;1;4;4; ;2; ;2; ; ; ; ;4;2;1;07;27;2310,24898463346; 
3263350;1;1;1;80;1;2; ; ; ;2; ;2; ;1;1; ;2; ;1;07;27;2016,60734586042; 
3263350;1;2;1;80;1;2; ; ; ; ; ;2; ;2; ;.; ; ;1;07;27;2016,60734586042; 
3263351;1;1;1;80;1;1;4;4; ;2; ;2; ; ; ; ;4;2;1;07;27;1650,45011110758; 
3263351;1;3;1;80;1;2; ; ; ;2; ;2; ;1;1; ;2; ;1;07;27;1650,45011110758; 
3263351;1;4;1;80;1;2; ; ; ;2; ;2; ;1;1; ;2; ;1;07;27;1650,45011110758; 
3263353;1;1;1;80;1;1;4;4; ;2; ;2; ; ; ; ;4;2;1;07;27;3320,22023477348; 
3263353;1;3;1;80;1;1;1;2; ;2; ;2; ; ; ; ;2;2;1;07;27;3320,22023477348; 
3263354;1;9;1;80;1;1;3;8; ;2; ;2; ; ; ; ;9;2;1;07;15;1717,83574474664; 
3263355;1;2;1;80;1;2; ; ; ;2; ;2; ;2; ;.; ; ;1;07;15;1673,34522524067; 
3263356;1;2;1;80;1;2; ; ; ;2; ;2; ;2; ;.; ; ;1;07;15;1073,83839464357; 
3263357;1;3;1;80;1;2; ; ; ;2; ;2; ;2; ;.; ; ;1;07;15;1941,25396070924; 
3263360;1;1;1;80;1;1;4;5; ;3; ;2; ; ; ; ;10;2;1;07;15;1665,56583156581; 
3263362;1;3;1;80;1;2; ; ; ; ; ;2; ;2; ;.; ; ;1;07;15;1820,74323588586; 
3263366;1;2;1;80;1;1;1;1; ;2; ;2; ; ; ; ;9;2;1;07;15;1552,25949150174; 
3263367;1;2;1;80;1;2; ; ; ;2; ;2; ;2; ;.; ; ;1;07;15;1941,25396070924; 
3263367;1;3;1;80;1;2; ; ; ;2; ;2; ;2; ;.; ; ;1;07;15;1941,25396070924; 
3263369;1;2;1;80;1;1;3;1; ;1;2;2; ; ; ;ESTA EN ESPETA DE FALLO DE DEMANDA LABORAL;12;2;1;07;15;1427,24347079942; 
3263370;1;2;1;80;1;1;1;6; ;2; ;2; ; ; ; ;9;2;1;07;15;1462,36732023911; 
3263372;1;2;1;80;1;1;4;3; ;2; ;2; ; ; ; ;9;2;1;07;15;2031,72114088742; 
3263372;1;3;1;80;1;1;1;8; ;2; ;2; ; ; ; ;2;2;1;07;15;2031,72114088742; 
3263373;1;1;1;80;1;1;4;5; ;3; ;2; ; ; ; ;10;2;1;07;15;1475,85430889991; 
3263373;1;5;1;80;1;2; ; ; ;2; ;2; ;2; ;.; ; ;1;07;15;1475,85430889991; 
3263373;1;6;1;80;1;2; ; ; ; ; ;2; ;2; ;.; ; ;1;07;15;1475,85430889991; 
3263374;1;2;1;80;1;1;4;3; ;2; ;2; ; ; ; ;9;2;1;07;15;2282,7939581567; 
3263376;1;3;1;80;1;2; ; ; ;2; ;2; ;1;1; ;8; ;1;07;15;2603,97422567485; 
3263376;1;4;1;80;1;2; ; ; ; ; ;2; ;2; ;.; ; ;1;07;15;2603,97422567485; 
3263381;1;3;1;80;1;2; ; ; ;2; ;2; ;2; ;.; ; ;1;07;15;1802,29153290639; 
3263381;1;4;1;80;1;2; ; ; ;2; ;2; ;2; ;.; ; ;1;07;15;1802,29153290639; 
3263381;1;5;1;80;1;2; ; ; ;2; ;2; ;2; ;.; ; ;1;07;15;1802,29153290639; 
3263382;1;1;1;80;1;1;4;5; ;3; ;2; ; ; ; ;10;2;1;07;15;2103,17113887381; 
3263382;1;2;1;80;1;2; ; ; ;2; ;2; ;2; ;.; ; ;1;07;15;2103,17113887381; 
3263382;1;4;1;80;1;2; ; ; ; ; ;2; ;2; ;.; ; ;1;07;15;2103,17113887381; 
3263382;1;5;1;80;1;2; ; ; ; ; ;2; ;2; ;.; ; ;1;07;15;2103,17113887381; 
3263383;1;2;1;80;1;1;1;8; ;2; ;2; ; ; ; ;9;2;1;07;15;1785,61938644617; 
3263384;1;2;1;80;1;2; ; ; ;2; ;2; ;2; ;.; ; ;1;07;15;2028,33757778793; 
3263384;1;3;1;80;1;2; ; ; ; ; ;2; ;2; ;.; ; ;1;07;15;2028,33757778793; 
3263384;1;4;1;80;1;2; ; ; ; ; ;2; ;2; ;.; ; ;1;07;15;2028,33757778793; 
3263384;1;6;1;80;1;2; ; ; ;2; ;2; ;2; ;.; ; ;1;07;15;2028,33757778793; 
3263388;1;2;1;80;1;1;3;3; ;2; ;2; ; ; ; ;9;2;1;07;15;2244,39601092109; 
3263402;1;3;1;80;1;2; ; ; ;2; ;2; ;1;1; ;2; ;1;07;15;2269,01132279525; 
3263402;1;4;1;80;1;2; ; ; ; ; ;2; ;2; ;.; ; ;1;07;15;2269,01132279525; 
3263402;1;5;1;80;1;2; ; ; ; ; ;2; ;2; ;.; ; ;1;07;15;2269,01132279525; 
3263405;1;2;1;80;1;1;4;3; ;2; ;2; ; ; ; ;9;2;1;07;15;1835,26240340523; 
3263405;1;4;1;80;1;1;4;4; ;2; ;2; ; ; ; ;4;2;1;07;15;1835,26240340523; 
3263406;1;2;1;80;1;1;4;6; ;2; ;2; ; ; ; ;4;2;1;07;15;1462,36732023911; 
3263410;1;3;1;80;1;1;4;4; ;2; ;2; ; ; ; ;4;2;1;07;15;1635,41282161703; 
3263411;1;1;1;80;1;1;4;4; ;2; ;2; ; ; ; ;4;2;1;07;15;1523,13866041152; 
3263412;1;1;1;80;1;1;3;4; ;2; ;2; ; ; ; ;4;2;1;07;15;1442,80225814913; 
3263413;2;1;2;80;1;1;2;4; ;2; ;2; ; ; ; ;4;2;1;07;15;1498,22792517384; 
3263415;1;1;1;80;1;1;4;4; ;2; ;2; ; ; ; ;4;2;1;07;15;1665,56583156581; 
3263417;1;2;1;80;1;1;3;4; ;2; ;2; ; ; ; ;2;2;1;07;15;1816,23794000692; 
3263418;1;1;1;80;1;2; ; ; ;2; ;2; ;2; ;.; ; ;1;07;15;1277,03690597027; 
3263419;1;5;1;80;1;2; ; ; ; ; ;2; ;2; ;.; ; ;1;07;15;1198,8544153459; 
3263421;1;2;1;80;1;1;3;3; ;2; ;2; ; ; ; ;9;2;1;07;15;1498,22792517384; 
3263421;1;3;1;80;1;2; ; ; ; ; ;2; ;2; ;.; ; ;1;07;15;1498,22792517384; 
3263422;1;2;1;80;1;2; ; ; ;2; ;2; ;1;2; ;7; ;1;07;15;2181,92770571656; 
3263423;1;2;1;80;1;1;4;3; ;2; ;2; ; ; ; ;9;2;1;07;15;1976,37781014894; 
3263423;1;3;1;80;1;2; ; ; ; ; ;2; ;2; ;.; ; ;1;07;15;1976,37781014894; 
3263424;1;4;1;80;1;2; ; ; ;2; ;2; ;2; ;.; ; ;1;07;15;1748,25996657849; 
3263424;1;5;1;80;1;2; ; ; ; ; ;2; ;2; ;.; ; ;1;07;15;1748,25996657849; 
3263425;1;1;1;80;1;2; ; ; ;2; ;2; ;2; ;.; ; ;1;07;15;1619,31365891276; 
3263425;1;2;1;80;1;1;4;5; ;3; ;2; ; ; ; ;10;2;1;07;15;1619,31365891276; 
3263427;1;1;1;80;1;1;2;4; ;2; ;2; ; ; ; ;4;2;1;07;15;984,682978875975; 
3263427;1;2;1;80;1;1;4;5; ;3; ;2; ; ; ; ;10;2;1;07;15;984,682978875975; 
3263433;1;4;1;80;1;2; ; ; ; ; ;2; ;2; ;.; ; ;1;07;15;1643,19221529189; 
3263435;1;1;1;80;1;1;4;4; ;2; ;2; ; ; ; ;4;2;1;07;15;1619,31365891276; 
3263435;1;2;1;80;1;1;4;4; ;2; ;2; ; ; ; ;4;2;1;07;15;1619,31365891276; 
3263439;1;2;1;80;1;2; ; ; ;2; ;2; ;2; ;.; ; ;1;07;15;2174,61385565367; 
3263439;1;4;1;80;1;2; ; ; ;2; ;2; ;2; ;.; ; ;1;07;15;2174,61385565367; 
3263442;1;2;1;80;1;2; ; ; ;3; ;2; ;2; ;.; ; ;1;07;15;1476,88648775847; 
3263442;1;3;1;80;1;1;4;4; ;2; ;2; ; ; ; ;4;2;1;07;15;1476,88648775847; 
3263443;1;1;1;80;1;1;4;5; ;3; ;2; ; ; ; ;10;2;1;07;15;1619,31365891276; 
3263443;1;2;1;80;1;1;4;4; ;2; ;2; ; ; ; ;8;2;1;07;15;1619,31365891276; 
3263444;1;2;1;80;1;1;4;8; ;2; ;2; ; ; ; ;9;2;1;07;15;1497,4911696788; 
3263448;1;2;1;80;1;2; ; ; ;2; ;2; ;1;3; ;9; ;1;07;15;1498,22792517384; 
3263448;1;3;1;80;1;2; ; ; ;2; ;2; ;1;1; ;2; ;1;07;15;1498,22792517384; 
3263449;1;1;1;80;1;1;4;9;POR LA MUERTE DE UN HIJO;2; ;2; ; ;4; ;9;1;1;07;15;1744,05846773202; 
3263450;1;2;1;80;1;2; ; ; ; ; ;2; ;2; ;.; ; ;1;07;15;1777,83999277131; 
3263452;1;1;1;80;1;1;4;4; ;2; ;2; ; ; ; ;4;2;1;07;15;1665,56583156581; 
3263453;1;2;1;80;1;1;1;8; ;2; ;2; ; ; ; ;9;2;1;07;15;1793,39878012103; 
3263453;1;4;1;80;1;2; ; ; ;2; ;2; ;2; ;.; ; ;1;07;15;1793,39878012103; 
3263454;1;2;1;80;1;1;4;6; ;2; ;2; ; ; ; ;5;2;1;07;15;1985,46896823437; 
3263454;1;4;1;80;1;2; ; ; ;2; ;2; ;2; ;.; ; ;1;07;15;1985,46896823437; 
3263456;1;1;1;80;1;1;1;5; ;3; ;2; ; ; ; ;8;2;1;07;15;1619,31365891276; 
3263458;1;1;1;80;1;1;4;5; ;3; ;2; ; ; ; ;8;2;1;07;15;1985,46896823437; 
3263458;1;3;1;80;1;2; ; ; ;2; ;2; ;2; ;.; ; ;1;07;15;1985,46896823437; 
3263458;1;4;1;80;1;1;4;4; ;2; ;2; ; ; ; ;4;2;1;07;15;1985,46896823437; 
3263459;1;1;1;80;1;1;2;8; ;2; ;2; ; ; ; ;9;2;1;07;15;1808,45854633206; 
3263460;1;3;1;80;1;2; ; ; ; ; ;2; ;2; ;.; ; ;1;07;15;2171,33975785776; 
3263463;1;3;1;80;1;2; ; ; ; ; ;2; ;2; ;.; ; ;1;07;15;2174,61385565367; 
3263465;1;6;1;80;1;2; ; ; ; ; ;2; ;2; ;.; ; ;1;07;15;1125,25778692802; 
3263468;1;3;1;80;1;1;1;8; ;2; ;2; ; ; ; ;2;2;1;07;15;1409,83232034746; 
3263468;1;4;1;80;1;2; ; ; ;2; ;2; ;2; ;.; ; ;1;07;15;1409,83232034746; 
3263469;1;1;1;80;1;1;1;8; ;2; ;1;15000; ; ; ;5;2;1;07;15;1902,85601347364; 
3263469;1;2;1;80;1;2; ; ; ;2; ;2; ;2; ;.; ; ;1;07;15;1902,85601347364; 
3263469;1;3;1;80;1;2; ; ; ; ; ;2; ;2; ;.; ; ;1;07;15;1902,85601347364; 
3263471;1;1;1;80;1;1;4;5; ;3; ;2; ; ; ; ;8;2;1;07;15;2323,15985897037; 
3263471;1;2;1;80;1;2; ; ; ;2; ;2; ;2; ;.; ; ;1;07;15;2323,15985897037; 
3263471;1;3;1;80;1;2; ; ; ;2; ;2; ;2; ;.; ; ;1;07;15;2323,15985897037; 
3263471;1;4;1;80;1;2; ; ; ;2; ;2; ;2; ;.; ; ;1;07;15;2323,15985897037; 
3263472;1;1;1;80;1;1;4;8; ;2; ;2; ; ;4; ;5;1;1;07;15;1427,24347079942; 
3263474;1;1;1;80;1;1;2;7; ;3; ;2; ; ; ; ;8;2;1;07;15;1619,31365891276; 
3263475;1;1;1;80;1;1;4;5; ;3; ;2; ; ; ; ;8;2;1;07;15;1619,31365891276; 
3263475;1;2;1;80;1;2; ; ; ;2; ;2; ;2; ;.; ; ;1;07;15;1619,31365891276; 
3263476;1;2;1;80;1;1;4;3; ;2; ;2; ; ; ; ;8;2;1;07;15;2128,36168300062; 
3263476;1;4;1;80;1;2; ; ; ; ; ;2; ;2; ;.; ; ;1;07;15;2128,36168300062; 
3263477;1;1;1;80;1;1;4;4; ;2; ;2; ; ; ; ;4;2;1;07;15;1476,88648775847; 
3263478;1;1;1;80;1;1;3;4; ;2; ;2; ; ; ; ;8;2;1;07;15;1665,56583156581; 
3263479;1;3;1;80;1;2; ; ; ;2; ;2; ;1;1; ;8; ;1;07;15;1820,74323588586; 
3263480;1;3;1;80;1;2; ; ; ; ; ;2; ;2; ;.; ; ;1;07;15;1552,25949150174; 
3263487;1;1;1;80;1;1;3;9;EMBARAZO;2; ;2; ; ; ; ;9;2;1;07;15;2555,36338757435; 
3263491;1;1;1;80;1;1;4;5; ;3; ;2; ; ;4; ;8;1;1;07;15;1619,31365891276; 
3263492;1;1;1;80;1;1;3;5; ;3; ;2; ; ; ; ;8;2;1;07;15;1238,56412699208; 
3263492;1;4;1;80;1;1;2;8; ;2; ;2; ; ; ; ;2;2;1;07;15;1238,56412699208; 
3263494;1;2;1;80;1;1;4;3; ;2; ;2; ; ; ; ;9;2;1;07;15;1785,61938644617; 
3263494;1;3;1;80;1;2; ; ; ; ; ;2; ;2; ;.; ; ;1;07;15;1785,61938644617; 
3263495;1;1;1;80;1;1;2;8; ;2; ;2; ; ; ; ;9;2;1;07;15;1427,24347079942; 
3263496;1;1;1;80;1;1;3;4; ;2; ;2; ; ; ; ;4;2;1;07;15;1476,88648775847; 
3263496;1;3;1;80;1;2; ; ; ;2; ;2; ;2; ;.; ; ;1;07;15;1476,88648775847; 
3263497;1;1;1;80;1;1;4;4; ;2; ;2; ; ; ; ;8;2;1;07;15;1673,34522524067; 
3263498;1;1;1;80;1;1;4;5; ;3; ;2; ; ; ; ;4;2;1;07;15;1619,31365891276; 
3263498;1;2;1;80;1;2; ; ; ;2; ;2; ;2; ;.; ; ;1;07;15;1619,31365891276; 
3263499;1;1;1;80;1;2; ; ; ;2; ;2; ;2; ;.; ; ;1;07;15;1665,56583156581; 
3263508;1;1;1;80;1;1;4;8; ;2; ;2; ; ; ; ;8;2;1;07;15;3198,70454850992; 
3263509;1;1;1;80;1;1;3;5; ;3; ;2; ; ; ; ;8;2;1;07;15;1744,32967961508; 
3263509;1;3;1;80;1;2; ; ; ;2; ;2; ;2; ;.; ; ;1;07;15;1744,32967961508; 
3263510;1;2;1;80;1;2; ; ; ; ; ;2; ;2; ;.; ; ;1;07;15;2166,83446197881; 
3263511;1;2;1;80;1;2; ; ; ;2; ;2; ;2; ;.; ; ;1;07;15;1918,88034443532; 
3263511;1;4;1;80;1;2; ; ; ;2; ;2; ;2; ;.; ; ;1;07;15;1918,88034443532; 
3263512;1;1;1;80;1;1;2;5; ;3; ;2; ; ; ; ;8;2;1;07;15;1665,56583156581; 
3263513;1;3;1;80;1;1;2;8; ;2; ;2; ; ; ; ;9;2;1;07;15;1245,19578453633; 
3263515;1;1;1;80;1;1;4;5; ;3; ;2; ; ; ; ;10;2;1;07;15;961,064717601225; 
3263515;1;2;1;80;1;1;3;4; ;3; ;2; ; ; ; ;4;2;1;07;15;961,064717601225; 
3263515;1;5;1;80;1;2; ; ; ;2; ;2; ;2; ;.; ; ;1;07;15;961,064717601225; 
3263520;1;1;1;80;1;1;4;9;POR LA EDAD;2; ;2; ; ; ; ;8;2;1;07;15;900,068188494715; 
3263521;1;1;1;80;1;1;4;7; ;2; ;2; ; ; ; ;9;2;1;07;15;1324,13066445907; 
3263522;1;2;1;80;1;1;4;6; ;2; ;2; ; ; ; ;9;2;1;07;15;1432,30518965364; 
3263522;1;3;1;80;1;2; ; ; ; ; ;2; ;2; ;.; ; ;1;07;15;1432,30518965364; 
3263522;1;5;1;80;1;1;4;4; ;2; ;2; ; ; ; ;4;2;1;07;15;1432,30518965364; 
3263523;1;2;1;80;1;1;1;4; ;2; ;2; ; ; ; ;4;2;1;07;15;1005,93525472728; 
3263524;1;2;1;80;1;1;3;3; ;2; ;2; ; ; ; ;9;2;1;07;15;1055,44652474672; 
3263525;1;1;1;80;1;1;3;5; ;3; ;2; ; ; ; ;10;2;1;07;15;1005,93525472728; 
3263525;1;2;1;80;1;1;4;3; ;2; ;2; ; ; ; ;9;2;1;07;15;1005,93525472728; 
3263528;1;1;1;80;1;1;4;5; ;3; ;2; ; ; ; ;10;2;1;07;15;900,068188494715; 
3263529;1;2;1;80;1;2; ; ; ;2; ;2; ;2; ;.; ; ;1;07;15;2147,55579312465; 
3263529;1;3;1;80;1;2; ; ; ;2; ;2; ;2; ;.; ; ;1;07;15;2147,55579312465; 
3263529;1;4;1;80;1;2; ; ; ;2; ;2; ;2; ;.; ; ;1;07;15;2147,55579312465; 
3263529;1;5;1;80;1;2; ; ; ;2; ;2; ;2; ;.; ; ;1;07;15;2147,55579312465; 
3263531;1;1;1;80;1;1;1;8; ;2; ;2; ; ; ; ;9;2;1;07;15;1025,20789645796; 
3263532;1;2;1;80;1;1;4;3; ;2; ;2; ; ; ; ;9;2;1;07;15;1304,85802272839; 
3263534;1;6;1;80;1;2; ; ; ; ; ;2; ;2; ;.; ; ;1;07;15;1509,53335244914; 
3263537;1;1;1;80;1;1;4;4; ;2; ;2; ; ; ; ;4;2;1;07;15;1198,66283677311; 
3263547;1;1;1;80;1;1;4;5; ;3; ;2; ; ; ; ;10;2;1;07;15;1166,06384996298; 
3263547;1;2;1;80;1;1;4;4; ;2; ;2; ; ; ; ;4;2;1;07;15;1166,06384996298; 
3263551;1;1;1;80;1;1;4;3; ;2; ;2; ; ; ; ;9;2;1;07;15;1073,52312880986; 
3263551;1;2;1;80;1;1;3;5; ;3; ;2; ; ; ; ;10;2;1;07;15;1073,52312880986; 
3263553;1;2;1;80;1;1;4;9;POR LA EDAD;2; ;2; ; ; ; ;8;2;1;07;15;1141,30821495325; 
3263554;2;2;2;80;1;1;4;3; ;2; ;2; ; ; ; ;9;2;1;07;15;1812,33938887759; 
3263555;1;3;1;80;1;2; ; ; ; ; ;2; ;2; ;.; ; ;1;07;15;1283,2777646255; 
3263559;1;4;1;80;1;2; ; ; ;2; ;2; ;2; ;.; ; ;1;07;15;1346,63465225338; 
3263560;1;3;1;80;1;2; ; ; ; ; ;2; ;2; ;.; ; ;1;07;15;1176,67730672345; 
3263561;1;4;1;80;1;2; ; ; ;2; ;2; ;2; ;.; ; ;1;07;15;1593,73853386284; 
3263563;1;1;1;80;1;1;2;4; ;2; ;2; ; ; ; ;4;2;1;07;15;1088,56478408584; 
3263563;1;2;1;80;1;2; ; ; ; ; ;2; ;2; ;.; ; ;1;07;15;1088,56478408584; 
3263564;1;2;1;80;1;1;2;5; ;3; ;2; ; ; ; ;10;2;1;07;15;1179,39019504242; 
3263565;1;2;1;80;1;1;4;3; ;2; ;2; ; ; ; ;9;2;1;07;15;1876,5640370401; 
3263565;1;3;1;80;1;1;2;3; ;2; ;2; ; ; ; ;9;2;1;07;15;1876,5640370401; 
3263565;1;5;1;80;1;2; ; ; ;2; ;2; ;2; ;.; ; ;1;07;15;1876,5640370401; 
3263565;1;6;1;80;1;2; ; ; ;2; ;2; ;2; ;.; ; ;1;07;15;1876,5640370401; 
3263565;1;7;1;80;1;2; ; ; ; ; ;2; ;2; ;.; ; ;1;07;15;1876,5640370401; 
3263568;1;3;1;80;1;2; ; ; ; ; ;2; ;2; ;.; ; ;1;07;15;1642,38204334765; 
3263570;1;2;1;80;1;1;1;3; ;2; ;2; ; ; ; ;9;2;1;07;15;1579,02515571977; 
3263571;1;3;1;80;1;2; ; ; ; ; ;2; ;2; ;.; ; ;1;07;15;1258,52212961578; 
3263573;1;3;1;80;1;1;1;2; ;2; ;2; ; ; ; ;2;2;1;07;15;1429,26418161195; 
3263573;1;4;1;80;1;2; ; ; ;2; ;2; ;2; ;.; ; ;1;07;15;1429,26418161195; 
3263574;1;2;1;80;1;2; ; ; ;2; ;2; ;2; ;.; ; ;1;07;15;1557,11677789417; 
3263575;1;2;1;80;1;1;4;9;POR LA EDAD;2; ;2; ; ; ; ;8;2;1;07;15;967,853274638112; 
3263576;1;2;1;80;1;1;4;9;POR LA EDAD;2; ;2; ; ; ; ;8;2;1;07;15;867,469201684586; 
3263576;1;3;1;80;1;2; ; ; ;2; ;2; ;2; ;.; ; ;1;07;15;867,469201684586; 
3263577;1;1;1;80;1;1;4;5; ;3; ;2; ; ; ; ;10;2;1;07;15;1079,00612208889; 
3263577;1;3;1;80;1;1;4;5; ;3; ;2; ; ; ; ;10;2;1;07;15;1079,00612208889; 
3263578;1;2;1;80;1;1;4;9;POR LA EDAD;2; ;2; ; ; ; ;8;2;1;07;15;724,252889658204; 
3263579;1;2;1;80;1;1;4;3; ;2; ;2; ; ; ; ;9;2;1;07;15;1220,44014952661; 
3263579;1;3;1;80;1;2; ; ; ;2; ;2; ;2; ;.; ; ;1;07;15;1220,44014952661; 
3263591;1;1;1;80;1;1;1;5; ;3; ;2; ; ; ; ;4;2;1;07;15;967,853274638112; 
3263594;1;1;1;80;1;1;4;4; ;2; ;2; ; ; ; ;4;2;1;07;13;360,996067034484;13
3263594;1;2;1;80;1;1;4;3; ;2; ;2; ; ; ; ;9;2;1;07;13;360,996067034484;13
3263598;1;3;1;80;1;2; ; ; ;2; ;2; ;2; ;.; ; ;1;07;13;757,299625355313;13
3263601;1;3;1;80;1;2; ; ; ;2; ;2; ;2; ;.; ; ;1;07;13;388,807742467377;13
3263602;1;4;1;80;1;1;2;3; ;2; ;2; ; ; ; ;9;2;1;07;13;366,781867033689;13
3263604;1;2;1;80;1;1;4;3; ;2; ;2; ; ; ; ;9;2;1;07;13;374,386427731714;13
3263604;1;4;1;80;1;1;1;6; ;2; ;2; ; ; ; ;6;2;1;07;13;374,386427731714;13
3263604;1;5;1;80;1;2; ; ; ; ; ;2; ;2; ;.; ; ;1;07;13;374,386427731714;13
3263604;1;6;1;80;1;2; ; ; ; ; ;2; ;2; ;.; ; ;1;07;13;374,386427731714;13
3263606;1;4;1;80;1;2; ; ; ;2; ;2; ;2; ;.; ; ;1;07;13;386,35243735832;13
3263607;1;2;1;80;1;2; ; ; ;2; ;2; ;2; ;.; ; ;1;07;13;334,993672264655;13
3263610;1;3;1;80;1;1;2;6; ;2; ;2; ; ;1; ;2;1;1;07;13;322,010254644967;13
3263611;1;1;1;80;1;1;4;5; ;3; ;2; ; ; ; ;10;2;1;07;13;417,618888383465;13
3263613;1;3;1;80;1;2; ; ; ; ; ;2; ;2; ;.; ; ;1;07;13;408,493113458356;13
3263614;1;2;1;80;1;2; ; ; ;2; ;2; ;2; ;.; ; ;1;07;13;420,344322418615;13
3263616;1;1;1;80;1;1;4;3; ;2; ;2; ; ; ; ;9;2;1;07;13;341,361667504257;13
3263616;1;3;1;80;1;2; ; ; ;2; ;2; ;2; ;.; ; ;1;07;13;341,361667504257;13
3263619;1;2;1;80;1;1;4;3; ;2; ;2; ; ; ; ;9;2;1;07;13;394,071798722693;13
3263619;1;3;1;80;1;2; ; ; ;2; ;2; ;2; ;.; ; ;1;07;13;394,071798722693;13
3263619;1;4;1;80;1;2; ; ; ;2; ;2; ;2; ;.; ; ;1;07;13;394,071798722693;13
3263619;1;5;1;80;1;2; ; ; ;2; ;2; ;2; ;.; ; ;1;07;13;394,071798722693;13
3263621;1;2;1;80;1;1;4;3; ;2; ;2; ; ; ; ;9;2;1;07;13;382,138047849138;13
3263622;1;2;1;80;1;1;1;4; ;2; ;2; ; ; ; ;4;2;1;07;13;400,773752093984;13
3263624;1;1;1;80;1;1;4;3; ;2; ;2; ; ; ; ;9;2;1;07;13;261,548503309106;13
3263624;1;2;1;80;1;2; ; ; ;2; ;2; ;2; ;.; ; ;1;07;13;261,548503309106;13
3263624;1;3;1;80;1;2; ; ; ; ; ;2; ;2; ;.; ; ;1;07;13;261,548503309106;13
3263624;1;5;1;80;1;2; ; ; ;2; ;2; ;2; ;.; ; ;1;07;13;261,548503309106;13
3263625;1;2;1;80;1;2; ; ; ;2; ;2; ;2; ;.; ; ;1;07;13;327,274310900282;13
3263626;1;2;1;80;1;1;1;3; ;2; ;2; ; ; ; ;9;2;1;07;13;413,757169713672;13
3263626;1;3;1;80;1;2; ; ; ;2; ;2; ;2; ;.; ; ;1;07;13;413,757169713672;13
3263626;1;4;1;80;1;2; ; ; ; ; ;2; ;2; ;.; ; ;1;07;13;413,757169713672;13
3263628;1;3;1;80;1;2; ; ; ;2; ;2; ;2; ;.; ; ;1;07;13;315,779848754627;13
3263628;1;4;1;80;1;2; ; ; ;2; ;2; ;2; ;.; ; ;1;07;13;315,779848754627;13
3263628;1;5;1;80;1;1;4;3; ;2; ;2; ; ; ; ;9;2;1;07;13;315,779848754627;13
3263630;1;3;1;80;1;2; ; ; ;2; ;2; ;2; ;.; ; ;1;07;13;386,35243735832;13
3263630;1;4;1;80;1;2; ; ; ;2; ;2; ;2; ;.; ; ;1;07;13;386,35243735832;13
3263631;1;3;1;80;1;2; ; ; ;2; ;2; ;2; ;.; ; ;1;07;13;260,905666082514;13
3263634;1;1;1;80;1;1;4;3; ;2; ;2; ; ; ; ;9;2;1;07;13;516,710594050052;13
3263636;1;2;1;80;1;2; ; ; ;2; ;2; ;2; ;.; ; ;1;07;13;377,176466170272;13
3263637;1;1;1;80;1;1;4;5; ;3; ;2; ; ; ; ;10;2;1;07;13;477,965839052977;13
3263637;1;2;1;80;1;2; ; ; ;2; ;2; ;2; ;.; ; ;1;07;13;477,965839052977;13
3263637;1;3;1;80;1;2; ; ; ;2; ;2; ;2; ;.; ; ;1;07;13;477,965839052977;13
3263640;1;3;1;80;1;1;3;3; ;2; ;2; ; ; ; ;9;2;1;07;13;458,818948489597;13
3263642;1;2;1;80;1;1;2;3; ;2; ;2; ; ; ; ;9;2;1;07;13;400,773752093984;13
3263643;1;2;1;80;1;1;4;3; ;2; ;2; ; ; ; ;9;2;1;07;13;395,121465468826;13
3263643;1;3;1;80;1;1;2;8; ;2; ;2; ; ; ; ;7;2;1;07;13;395,121465468826;13
3263643;1;4;1;80;1;2; ; ; ; ; ;2; ;2; ;.; ; ;1;07;13;395,121465468826;13
3263644;1;1;1;80;1;1;3;2; ;2; ;2; ; ; ; ;2;2;1;07;13;398,318446984927;13
3263646;1;3;1;80;1;2; ; ; ; ; ;2; ;2; ;.; ; ;1;07;13;408,493113458356;13
3263647;1;3;1;80;1;2; ; ; ;2; ;2; ;2; ;.; ; ;1;07;13;288,018369584673;13
3263647;1;4;1;80;1;2; ; ; ; ; ;2; ;2; ;.; ; ;1;07;13;288,018369584673;13
3263648;1;1;1;80;1;1;4;5; ;3; ;2; ; ; ; ;10;2;1;07;13;426,607073959311;13
3263648;1;2;1;80;1;1;2;4; ;2; ;2; ; ; ; ;4;2;1;07;13;426,607073959311;13
3263648;1;3;1;80;1;2; ; ; ; ; ;2; ;2; ;.; ; ;1;07;13;426,607073959311;13
3263651;1;1;1;80;1;1;1;3; ;2; ;2; ; ; ; ;9;2;1;07;13;683,161649939195;13
3263651;1;2;1;80;1;2; ; ; ;2; ;2; ;2; ;.; ; ;1;07;13;683,161649939195;13
3263652;1;3;1;80;1;2; ; ; ; ; ;2; ;2; ;.; ; ;1;07;13;779,714818427021;13
3263653;1;2;1;80;1;2; ; ; ; ; ;2; ;2; ;.; ; ;1;07;13;601,838490582128;13
3263654;1;2;1;80;1;1;4;3; ;2; ;2; ; ; ; ;9;2;1;07;13;389,857409213511;13
3263654;1;3;1;80;1;2; ; ; ; ; ;2; ;2; ;.; ; ;1;07;13;389,857409213511;13
3263655;1;1;1;80;1;1;3;5; ;3; ;2; ; ; ; ;10;2;1;07;13;372,929817908038;13
3263655;1;5;1;80;1;2; ; ; ;2; ;2; ;2; ;.; ; ;1;07;13;372,929817908038;13
3263655;1;6;1;80;1;2; ; ; ;2; ;2; ;2; ;.; ; ;1;07;13;372,929817908038;13
3263657;1;3;1;80;1;2; ; ; ;2; ;2; ;2; ;.; ; ;1;07;13;375,012414716596;13
3263657;1;4;1;80;1;2; ; ; ; ; ;2; ;2; ;.; ; ;1;07;13;375,012414716596;13
3263658;1;3;1;80;1;2; ; ; ;2; ;2; ;2; ;.; ; ;1;07;13;408,493113458356;13
3263659;1;3;1;80;1;2; ; ; ; ; ;2; ;2; ;.; ; ;1;07;13;359,997371749102;13
3263660;1;4;1;80;1;1;1;8; ;2; ;2; ; ; ; ;2;2;1;07;13;336,921829569281;13
3263662;1;2;1;80;1;2; ; ; ;2; ;2; ;2; ;.; ; ;1;07;13;430,518988892044;13
3263663;1;1;1;80;1;2; ; ; ;2; ;2; ;1;1; ;2; ;1;07;13;361,266195960576;13
3263667;1;2;1;80;1;1;4;4; ;2; ;2; ; ; ; ;4;2;1;07;13;801,547504187967;13
3263668;1;2;1;80;1;1;2;4; ;2; ;2; ; ; ; ;4;2;1;07;13;735,433466226949;13
3263668;1;3;1;80;1;2; ; ; ;2; ;2; ;2; ;.; ; ;1;07;13;735,433466226949;13
3263668;1;4;1;80;1;1;1;4; ;2; ;2; ; ; ; ;4;2;1;07;13;735,433466226949;13
3263669;1;3;1;80;1;2; ; ; ; ; ;2; ;2; ;.; ; ;1;07;13;737,532799719216;13
3263672;1;3;1;80;1;1;1;2; ;2; ;2; ; ; ; ;2;2;1;07;54;1096,70475858331; 
3263672;1;4;1;80;1;2; ; ; ; ; ;2; ;2; ;.; ; ;1;07;54;1096,70475858331; 
3263672;1;5;1;80;1;2; ; ; ; ; ;2; ;2; ;.; ; ;1;07;54;1096,70475858331; 
3263673;1;2;1;80;1;1;4;4; ;2; ;2; ; ; ; ;4;2;1;07;54;582,720282651511; 
3263674;1;1;1;80;1;1;4;4; ;2; ;2; ; ; ; ;4;2;1;07;54;949,135753445228; 
3263675;1;4;1;80;1;2; ; ; ; ; ;2; ;2; ;.; ; ;1;07;54;1029,35252778015; 
3263677;1;1;1;80;1;2; ; ; ;2; ;2; ;2; ;.; ; ;1;07;54;688,002097266106; 
3263677;1;2;1;80;1;2; ; ; ;2; ;2; ;2; ;.; ; ;1;07;54;688,002097266106; 
3263678;1;1;1;80;1;1;4;5; ;3; ;2; ; ; ; ;10;2;1;07;54;1016,48798424839; 
3263678;1;2;1;80;1;2; ; ; ; ; ;2; ;2; ;.; ; ;1;07;54;1016,48798424839; 
3263679;1;2;1;80;1;2; ; ; ; ; ;2; ;2; ;.; ; ;1;07;54;995,655021278576; 
3263681;1;4;1;80;1;2; ; ; ;2; ;2; ;2; ;.; ; ;1;07;54;1092,51361959685; 
3263726;1;2;1;80;1;1;2;8; ;2; ;2; ; ; ;EMBARAZO;12;2;1;07;54;1171,31978837821; 
3263727;1;4;1;80;1;1;1;9;EMBARAZO;2; ;2; ; ; ;EMBARAZO;12;2;1;07;54;1209,8133888642; 
3263728;1;2;1;80;1;2; ; ; ;2; ;2; ;2; ;.; ; ;1;07;54;1127,9322601484; 
3263729;1;3;1;80;1;2; ; ; ; ; ;2; ;2; ;.; ; ;1;07;54;962,000296976994; 
3263730;1;3;1;80;1;2; ; ; ;2; ;2; ;2; ;.; ; ;1;07;54;1257,84576188645; 
3263730;1;4;1;80;1;2; ; ; ; ; ;2; ;2; ;.; ; ;1;07;54;1257,84576188645; 
3263732;1;4;1;80;1;2; ; ; ;2; ;2; ;2; ;.; ; ;1;07;54;1029,35252778015; 
3263734;1;2;1;80;1;1;1;8; ;2; ;2; ; ; ; ;2;2;1;07;54;1025,16138879369; 
3263734;1;3;1;80;1;2; ; ; ; ; ;2; ;2; ;.; ; ;1;07;54;1025,16138879369; 
3263736;1;3;1;80;1;2; ; ; ; ; ;2; ;2; ;.; ; ;1;07;54;962,000296976994; 
3263738;1;1;1;80;1;1;1;5; ;3; ;2; ; ; ; ;10;2;1;07;54;739,816262044016; 
3263739;1;4;1;80;1;1;1;2; ;2; ;2; ; ; ; ;2;2;1;07;54;1048,27545942417; 
3263741;1;1;1;80;1;1;4;5; ;3; ;2; ; ; ; ;10;2;1;07;54;1084,40081147433; 
3263741;1;2;1;80;1;2; ; ; ;2; ;2; ;2; ;.; ; ;1;07;54;1084,40081147433; 
3263741;1;3;1;80;1;2; ; ; ;2; ;2; ;2; ;.; ; ;1;07;54;1084,40081147433; 
3263745;1;2;1;80;1;2; ; ; ;2; ;2; ;2; ;.; ; ;1;07;54;1238,92283024243; 
3263745;1;3;1;80;1;2; ; ; ;2; ;2; ;2; ;.; ; ;1;07;54;1238,92283024243; 
3263745;1;4;1;80;1;2; ; ; ;2; ;2; ;2; ;.; ; ;1;07;54;1238,92283024243; 
3263764;1;1;1;80;1;1;1;4; ;2; ;2; ; ; ; ;4;2;1;07;54;949,135753445228; 
3263775;1;2;1;80;1;1;1;3; ;2; ;2; ; ; ; ;9;2;1;07;54;844,617429998326; 
3263782;1;2;1;80;1;1;4;3; ;2; ;2; ; ; ; ;9;2;1;07;54;997,418937528537; 
3263783;1;1;1;80;1;1;2;8; ;2; ;2; ; ; ; ;8;2;1;07;54;795,670819105878; 
3263783;1;2;1;80;1;1;4;3; ;2; ;2; ; ; ; ;4;2;1;07;54;795,670819105878; 
3263783;1;3;1;80;1;1;4;4; ;2; ;2; ; ; ; ;8;2;1;07;54;795,670819105878; 
3263784;1;1;1;80;1;1;1;5; ;3; ;2; ; ; ; ;10;2;1;07;54;897,321588667318; 
3263786;1;1;1;80;1;1;4;4; ;2; ;2; ; ; ; ;4;2;1;07;54;891,577028980636; 
3263786;1;2;1;80;1;2; ; ; ;2; ;2; ;2; ;.; ; ;1;07;54;891,577028980636; 
3263788;1;2;1;80;1;1;4;1; ;2; ;2; ; ; ; ;4;2;1;07;54;1029,35252778015; 
3263788;1;3;1;80;1;2; ; ; ;2; ;2; ;2; ;.; ; ;1;07;54;1029,35252778015; 
3263788;1;4;1;80;1;2; ; ; ; ; ;2; ;2; ;.; ; ;1;07;54;1029,35252778015; 
3263789;1;4;1;80;1;2; ; ; ; ; ;2; ;2; ;.; ; ;1;07;54;1321,00685370315; 
3263792;1;2;1;80;1;2; ; ; ;2; ;2; ;2; ;.; ; ;1;07;54;663,083794874341; 
3263794;1;1;1;80;1;1;4;5; ;3; ;2; ; ; ; ;10;2;1;07;54;872,403286275553; 
3263794;1;2;1;80;1;2; ; ; ;2; ;2; ;2; ;.; ; ;1;07;54;872,403286275553; 
3263795;1;1;1;80;1;1;4;4; ;2; ;2; ; ; ; ;4;2;1;07;54;897,321588667318; 
3263796;1;4;1;80;1;2; ; ; ;2; ;2; ;2; ;.; ; ;1;07;54;847,73579494485; 
3263797;1;1;1;80;1;1;4;4; ;2; ;2; ; ; ; ;4;2;1;07;54;663,083794874341; 
3263800;1;4;1;80;1;2; ; ; ; ; ;2; ;2; ;.; ; ;1;07;54;826,897697858886; 
3263800;1;5;1;80;1;1;4;4; ;2; ;2; ; ; ; ;4;2;1;07;54;826,897697858886; 
3263837;1;2;1;80;1;1;1;8; ;2; ;2; ; ; ; ;1;2;1;07;54;768,925703422242; 
3263838;1;2;1;80;1;1;4;4; ;2; ;1;15000; ; ; ;4;2;1;07;54;978,496005884516; 
3263839;1;2;1;80;1;1;4;6; ;2; ;2; ; ; ; ;9;2;1;07;54;787,848635066263; 
3263843;1;4;1;80;1;1;4;4; ;2; ;2; ; ; ; ;8;2;1;07;54;2211,5838055256; 
3263844;1;2;1;80;1;1;4;4; ;2; ;2; ; ; ; ;4;2;1;07;54;2090,83218037875; 
3263846;1;2;1;80;1;2; ; ; ;2; ;2; ;2; ;.; ; ;1;07;54;2313,26252856271; 
3263847;1;2;1;80;1;1;3;3; ;2; ;2; ; ; ; ;9;2;1;07;54;3246,51446856539; 
3263848;1;2;1;80;1;1;4;4; ;2; ;2; ; ; ; ;4;2;1;07;54;2023,32014763703; 
3263850;1;2;1;80;1;2; ; ; ;2; ;2; ;2; ;.; ; ;1;07;54;2231,11789412903; 
3263850;1;3;1;80;1;2; ; ; ; ; ;2; ;2; ;.; ; ;1;07;54;2231,11789412903; 
3263851;1;2;1;80;1;1;4;6; ;2; ;2; ; ; ; ;9;2;1;07;54;2917,25709047918; 
3263851;1;4;1;80;1;2; ; ; ; ; ;2; ;2; ;.; ; ;1;07;54;2917,25709047918; 
3263852;1;4;1;80;1;2; ; ; ;2; ;2; ;2; ;.; ; ;1;07;54;2381,4902211081; 
3263852;1;6;1;80;1;2; ; ; ;2; ;2; ;2; ;.; ; ;1;07;54;2381,4902211081; 
3263853;1;1;1;80;1;1;3;6; ;2; ;2; ; ; ; ;6;2;1;07;54;2745,70089331067; 
3263863;1;2;1;80;1;2; ; ; ;2; ;2; ;2; ;.; ; ;1;07;54;2760,46882661399; 
3263874;1;1;1;80;1;1;4;4; ;2; ;2; ; ; ; ;4;2;1;07;54;2090,83218037875; 
3263874;1;2;1;80;1;2; ; ; ;2; ;2; ;2; ;.; ; ;1;07;54;2090,83218037875; 
3263903;2;2;2;80;1;1;1;3; ;2; ;2; ; ; ; ;9;2;1;07;54;2135,30085734399; 
3263906;1;2;1;80;1;2; ; ; ;2; ;2; ;2; ;.; ; ;1;07;54;2880,87083267392; 
3263910;1;1;1;80;1;2; ; ; ;2; ;2; ;2; ;.; ; ;1;07;54;2529,27666080252; 
3263910;1;3;1;80;1;2; ; ; ;2; ;2; ;2; ;.; ; ;1;07;54;2529,27666080252; 
3263910;1;5;1;80;1;2; ; ; ;2; ;2; ;2; ;.; ; ;1;07;54;2529,27666080252; 
3263910;1;6;1;80;1;2; ; ; ; ; ;2; ;2; ;.; ; ;1;07;54;2529,27666080252; 
3263911;1;3;1;80;1;2; ; ; ;2; ;2; ;2; ;.; ; ;1;07;54;2231,11789412903; 
3263912;1;1;1;80;1;1;4;4; ;2; ;2; ; ; ; ;4;2;1;07;54;2124,99887067414; 
3263914;1;4;1;80;1;2; ; ; ;2; ;2; ;2; ;.; ; ;1;07;54;2242,81101457179; 
3263914;1;5;1;80;1;2; ; ; ;2; ;2; ;2; ;.; ; ;1;07;54;2242,81101457179; 
3263914;1;6;1;80;1;2; ; ; ;2; ;2; ;2; ;.; ; ;1;07;54;2242,81101457179; 
3263915;1;1;1;80;1;1;3;4; ;2; ;2; ; ; ; ;4;2;1;07;54;2924,38868716896; 
3263915;1;2;1;80;1;1;2;8; ;2; ;2; ; ;1; ;1;1;1;07;54;2924,38868716896; 
3263915;1;6;1;80;1;2; ; ; ;2; ;2; ;2; ;.; ; ;1;07;54;2924,38868716896; 
3263915;1;7;1;80;1;2; ; ; ;2; ;2; ;2; ;.; ; ;1;07;54;2924,38868716896; 
3263917;1;1;1;80;1;1;4;8; ;2; ;2; ; ; ; ;8;2;1;07;54;2081,11188692473; 
3263929;1;1;1;80;1;1;4;3; ;2; ;2; ; ; ; ;8;2;1;07;54;2081,11188692473; 
3263940;1;2;1;80;1;2; ; ; ;2; ;2; ;2; ;.; ; ;1;07;54;3393,58243897655; 
3263940;1;3;1;80;1;2; ; ; ;2; ;2; ;1;2; ;1; ;1;07;54;3393,58243897655; 
3263942;1;1;1;80;1;1;1;3; ;2; ;2; ; ; ; ;9;2;1;07;54;2259,65525135928; 
3263951;1;3;1;80;1;2; ; ; ; ; ;2; ;2; ;.; ; ;1;07;54;2387,32446477838; 
3263951;1;4;1;80;1;2; ; ; ; ; ;2; ;2; ;.; ; ;1;07;54;2387,32446477838; 
3263962;1;1;1;80;1;2; ; ; ;2; ;2; ;2; ;.; ; ;1;07;54;2794,63551690938; 
3263966;1;2;1;80;1;2; ; ; ;2; ;2; ;2; ;.; ; ;1;07;54;2153,21037302207; 
3263967;1;2;1;80;1;1;2;8; ;2; ;2; ; ; ; ;9;2;1;07;54;2760,46882661399; 
3263968;1;1;1;80;1;1;3;5; ;3; ;2; ; ; ; ;10;2;1;07;54;1872,02444076954; 
3263968;1;2;1;80;1;2; ; ; ;2; ;2; ;2; ;.; ; ;1;07;54;1872,02444076954; 
3263968;1;3;1;80;1;2; ; ; ;2; ;2; ;2; ;.; ; ;1;07;54;1872,02444076954; 
3263969;1;1;1;80;1;1;4;5; ;3; ;2; ; ; ; ;10;2;1;07;54;2059,35678635536; 
3263969;1;2;1;80;1;1;3;5; ;3; ;2; ; ; ; ;10;2;1;07;54;2059,35678635536; 
3263969;1;3;1;80;1;2; ; ; ;2; ;2; ;1;1; ;9; ;1;07;54;2059,35678635536; 
3263971;1;3;1;80;1;2; ; ; ; ; ;2; ;2; ;.; ; ;1;07;54;2275,00487787844; 
3263972;1;2;1;80;1;2; ; ; ; ; ;2; ;2; ;.; ; ;1;07;54;2716,58184286458; 
3263973;1;1;1;80;1;2; ; ; ;2; ;2; ;2; ;.; ; ;1;07;54;2678,81238370076; 
3263973;1;6;1;80;1;2; ; ; ; ; ;2; ;2; ;.; ; ;1;07;54;2678,81238370076; 
3263976;1;4;1;80;1;2; ; ; ;2; ;2; ;2; ;.; ; ;1;07;54;2275,00487787844; 
3263977;1;2;1;80;1;2; ; ; ;2; ;2; ;2; ;.; ; ;1;07;54;2028,2310114189; 
3263978;1;2;1;80;1;2; ; ; ;2; ;2; ;2; ;.; ; ;1;07;54;1715,81787012019; 
3263980;1;1;1;80;1;2; ; ; ;3; ;2; ;2; ;.; ; ;1;07;54;2081,11188692473; 
3263991;1;1;1;80;1;1;4;4; ;2; ;2; ; ; ; ;4;2;1;07;54;2081,11188692473; 
3264002;1;2;1;80;1;1;3;3; ;2; ;2; ; ;2; ;9;1;1;07;54;1871,10387036073; 
3264023;1;1;1;80;1;2; ; ; ;2; ;2; ;2; ;.; ; ;1;07;54;1341,75293787576; 
3264023;1;2;1;80;1;2; ; ; ;2; ;2; ;2; ;.; ; ;1;07;54;1341,75293787576; 
3264024;1;2;1;80;1;1;4;4; ;2; ;2; ; ; ; ;8;2;1;07;54;2023,32014763703; 
3264025;1;2;1;80;1;2; ; ; ; ; ;2; ;2; ;.; ; ;1;07;54;2415,86182200864; 
3264043;1;1;1;80;1;1;1;3; ;2; ;2; ; ; ; ;9;2;1;07;17;545,073657925277;17
3264043;1;5;1;80;1;2; ; ; ;2; ;2; ;2; ;.; ; ;1;07;17;545,073657925277;17
3264044;1;3;1;80;1;2; ; ; ;2; ;2; ;1;1; ;2; ;1;07;17;239,508182695331;17
3264046;1;2;1;80;1;1;4;7; ;2; ;2; ; ; ; ;9;2;1;07;17;93,5533515731853;17
3264047;1;4;1;80;1;2; ; ; ;2; ;2; ;1;2; ;2; ;1;07;17;269,604691265837;17
3264050;1;1;1;80;1;1;3;4; ;1;1;2; ; ; ; ;4;2;1;07;17;133,47983394277;17
3264050;1;2;1;80;1;2; ; ; ;2; ;2; ;2; ;.; ; ;1;07;17;133,47983394277;17
3264051;1;1;1;80;1;1;3;8; ;2; ;2; ; ; ; ;8;2;1;07;17;174,709742858385;17
3264051;1;2;1;80;1;1;4;5; ;3; ;2; ; ; ; ;10;2;1;07;17;174,709742858385;17
3264054;1;2;1;80;1;1;4;3; ;2; ;2; ; ; ; ;9;2;1;07;17;219,215314763525;17
3264054;1;3;1;80;1;2; ; ; ; ; ;2; ;2; ;.; ; ;1;07;17;219,215314763525;17
3264055;1;4;1;80;1;2; ; ; ; ; ;2; ;2; ;.; ; ;1;07;17;162,191172060819;17
3264057;1;3;1;80;1;2; ; ; ; ; ;2; ;2; ;.; ; ;1;07;17;206,036524508445;17
3264057;1;4;1;80;1;1;4;4; ;3; ;2; ; ; ; ;4;2;1;07;17;206,036524508445;17
3264057;1;5;1;80;1;1;2;4; ;3; ;2; ; ; ; ;4;2;1;07;17;206,036524508445;17
3264057;1;7;1;80;1;2; ; ; ; ; ;2; ;2; ;.; ; ;1;07;17;206,036524508445;17
3264058;1;1;1;80;1;1;4;4; ;2; ;2; ; ; ; ;4;2;1;07;17;155,252838889252;17
3264058;1;4;1;80;1;1;1;7; ;2; ;1;120000; ; ; ;4;2;1;07;17;155,252838889252;17
3264058;1;5;1;80;1;1;1;1; ;2; ;2; ; ; ; ;9;2;1;07;17;155,252838889252;17
3264059;1;1;1;80;1;1;4;3; ;2; ;2; ; ; ; ;11;2;1;07;17;112,282895068152;17
3264066;1;1;1;80;1;2; ; ; ;2; ;2; ;2; ;.; ; ;1;07;17;182,750712437621;17
3264067;1;1;1;80;1;2; ; ; ;2; ;2; ;2; ;.; ; ;1;07;17;93,5533515731853;17
3264067;1;2;1;80;1;1;4;8; ;2; ;2; ; ; ; ;9;2;1;07;17;93,5533515731853;17
3264067;1;3;1;80;1;1;4;3; ;1;2;2; ; ; ; ;9;2;1;07;17;93,5533515731853;17
3264068;1;3;1;80;1;2; ; ; ; ; ;2; ;2; ;.; ; ;1;07;17;211,024072358423;17
3264069;1;1;1;80;1;1;3;4; ;2; ;2; ; ; ; ;4;2;1;07;17;102,374698583553;17
3264069;1;2;1;80;1;1;4;4; ;2; ;2; ; ; ; ;4;2;1;07;17;102,374698583553;17
3264070;1;1;1;80;1;1;4;6; ;1;4;2; ; ;3; ;8;1;1;07;17;200,583478882326;17
3264072;1;2;1;80;1;1;1;8; ;2; ;1;240000; ; ; ;9;2;1;07;17;287,840854837733;17
3264072;1;4;1;80;1;1;4;7; ;2; ;2; ; ; ; ;4;2;1;07;17;287,840854837733;17
3264073;1;3;1;80;1;2; ; ; ;2; ;2; ;2; ;.; ; ;1;07;17;219,215314763525;17
3264076;1;1;1;80;1;1;4;4; ;2; ;2; ; ; ; ;4;2;1;07;17;237,207964113595;17
3264076;1;6;1;80;1;1;4;7; ;2; ;2; ; ; ; ;8;2;1;07;17;237,207964113595;17
3264076;1;9;1;80;1;2; ; ; ;2; ;2; ;2; ;.; ; ;1;07;17;237,207964113595;17
3264077;1;3;1;80;1;2; ; ; ; ; ;2; ;2; ;.; ; ;1;07;17;262,284418734355;17
3264079;1;1;1;80;1;1;4;5; ;3; ;2; ; ; ; ;10;2;1;07;17;140,634744186137;17
3264079;1;2;1;80;1;2; ; ; ;2; ;2; ;2; ;.; ; ;1;07;17;140,634744186137;17
3264079;1;3;1;80;1;2; ; ; ;2; ;2; ;2; ;.; ; ;1;07;17;140,634744186137;17
3264080;1;1;1;80;1;1;4;5; ;3; ;2; ; ; ; ;10;2;1;07;17;349,419485716771;17
3264080;1;2;1;80;1;2; ; ; ;2; ;2; ;2; ;.; ; ;1;07;17;349,419485716771;17
3264082;1;2;1;80;1;1;4;3; ;2; ;2; ; ; ; ;7;2;1;07;17;211,024072358423;17
3264082;1;3;1;80;1;2; ; ; ; ; ;2; ;2; ;.; ; ;1;07;17;211,024072358423;17
3264085;1;2;1;80;1;2; ; ; ;2; ;2; ;2; ;.; ; ;1;07;15;87,03696199704;15
3264086;1;2;1;80;1;1;2;2; ;2; ;2; ; ; ; ;2;2;1;07;15;75,8432374735427;15
3264090;1;3;1;80;1;2; ; ; ;2; ;2; ;2; ;.; ; ;1;07;15;176,493180898712;15
3264090;1;4;1;80;1;2; ; ; ;2; ;2; ;2; ;.; ; ;1;07;15;176,493180898712;15
3264091;1;1;1;80;1;1;4;6; ;2; ;2; ; ; ; ;8;2;1;07;15;204,225312828597;15
3264091;2;1;2;80;1;1;2;8; ;2; ;2; ; ; ; ;2;2;1;07;15;204,225312828597;15
3264092;1;3;1;80;1;2; ; ; ; ; ;2; ;2; ;.; ; ;1;07;15;204,536246373923;15
3264094;1;2;1;80;1;2; ; ; ; ; ;2; ;2; ;.; ; ;1;07;15;156,848452421979;15
3264096;1;1;1;80;1;1;4;5; ;3; ;2; ; ; ; ;10;2;1;07;15;88,9698268552625;15
3264096;1;2;1;80;1;1;4;3; ;2; ;2; ; ; ; ;11;2;1;07;15;88,9698268552625;15
3264096;1;3;1;80;1;2; ; ; ;2; ;2; ;2; ;.; ; ;1;07;15;88,9698268552625;15
3264097;1;2;1;80;1;2; ; ; ;2; ;2; ;2; ;.; ; ;1;07;15;191,889176773389;15
3264099;1;4;1;80;1;2; ; ; ;2; ;2; ;2; ;.; ; ;1;07;15;218,142355536828;15
3264101;1;2;1;80;1;1;2;3; ;2; ;2; ; ; ; ;9;2;1;07;15;103,098518166949;15
3264102;1;2;1;80;1;1;1;2; ;2; ;2; ; ; ; ;2;2;1;07;15;98,1492306259656;15
3264102;1;3;1;80;1;1;4;4; ;2; ;2; ; ; ; ;4;2;1;07;15;98,1492306259656;15
3264102;1;4;1;80;1;2; ; ; ;2; ;2; ;2; ;.; ; ;1;07;15;98,1492306259656;15
3264103;1;3;1;80;1;2; ; ; ;2; ;2; ;1;3; ;2; ;1;07;15;46,8504043126698;15
3264103;1;4;1;80;1;2; ; ; ;2; ;2; ;1;1; ;2; ;1;07;15;46,8504043126698;15
3264103;1;5;1;80;1;2; ; ; ;2; ;2; ;2; ;.; ; ;1;07;15;46,8504043126698;15
3264106;1;3;1;80;1;2; ; ; ;2; ;2; ;2; ;.; ; ;1;07;15;46,8504043126698;15
3264106;1;4;1;80;1;2; ; ; ;2; ;2; ;2; ;.; ; ;1;07;15;46,8504043126698;15
3264106;1;5;1;80;1;2; ; ; ; ; ;2; ;2; ;.; ; ;1;07;15;46,8504043126698;15
3264106;1;6;1;80;1;1;1;2; ;2; ;2; ; ; ; ;2;2;1;07;15;46,8504043126698;15
3264106;1;7;1;80;1;1;1;2; ;2; ;2; ; ; ; ;2;2;1;07;15;46,8504043126698;15
3264108;1;1;1;80;1;1;3;5; ;3; ;2; ; ; ; ;10;2;1;07;15;163,671758830498;15
3264109;1;3;1;80;1;2; ; ; ;2; ;2; ;2; ;.; ; ;1;07;15;100,741296129168;15
3264109;1;5;1;80;1;2; ; ; ;2; ;2; ;2; ;.; ; ;1;07;15;100,741296129168;15
3264110;1;2;1;80;1;1;4;3; ;3; ;2; ; ; ; ;9;2;1;07;25;2335,50695034402; 
3264110;1;4;1;80;1;1;2;2; ;2; ;2; ; ;1; ;2;1;1;07;25;2335,50695034402; 
3264110;1;8;1;80;1;1;4;5; ;3; ;2; ; ; ; ;4;2;1;07;25;2335,50695034402; 
3264111;1;5;1;80;1;2; ; ; ; ; ;2; ;2; ;.; ; ;1;07;25;2387,92708123394; 
3264114;1;2;1;80;1;1;4;8; ;2; ;2; ; ; ; ;4;2;1;07;25;2369,93166166545; 
3264116;1;3;1;80;1;1;1;8; ;2; ;2; ; ;1; ;2;1;1;07;25;2529,66952040854; 
3264116;1;4;1;80;1;2; ; ; ; ; ;2; ;2; ;.; ; ;1;07;25;2529,66952040854; 
3264117;1;4;1;80;1;2; ; ; ; ; ;2; ;2; ;.; ; ;1;07;25;2285,33015351026; 
3264120;1;3;1;80;1;1;3;9;EMBARAZO;2; ;2; ; ; ; ;9;2;1;07;25;1929,49257535414; 
3264130;1;2;1;80;1;1;1;8; ;2; ;1;75000; ;1; ;9;1;1;07;25;2634,40782205331; 
3264134;1;3;1;80;1;2; ; ; ;2; ;2; ;2; ;.; ; ;1;07;25;1683,74810957306; 
3264134;1;4;1;80;1;2; ; ; ;2; ;2; ;2; ;.; ; ;1;07;25;1683,74810957306; 
3264135;1;1;1;80;1;1;4;5; ;3; ;2; ; ; ; ;10;2;1;07;25;2206,35566773487; 
3264135;1;2;1;80;1;1;4;3; ;2; ;2; ; ; ; ;9;2;1;07;25;2206,35566773487; 
3264137;1;1;1;80;1;1;4;5; ;3; ;2; ; ;4; ;8;1;1;07;25;2947,16924390024; 
3264138;1;2;1;80;1;1;4;9;EMBARAZO;2; ;2; ; ; ; ;9;2;1;07;25;2522,52709330933; 
3264142;1;2;1;80;1;2; ; ; ;2; ;2; ;1;1; ;2; ;1;07;25;2928,00911353107; 
3264142;1;3;1;80;1;2; ; ; ; ; ;2; ;2; ;.; ; ;1;07;25;2928,00911353107; 
3264143;1;1;1;80;1;1;3;5; ;3; ;2; ; ; ; ;10;2;1;07;25;2279,97503847754; 
3264153;1;2;1;80;1;2; ; ; ;2; ;2; ;2; ;.; ; ;1;07;25;2439,71289722064; 
3264156;1;1;1;80;1;1;4;5; ;3; ;2; ; ; ; ;10;2;1;07;25;2359,33204173907; 
3264157;1;2;1;80;1;1;1;3; ;2; ;2; ; ;1; ;1;1;1;07;25;3063,14148037461; 
3264160;1;3;1;80;1;2; ; ; ;2; ;2; ;2; ;.; ; ;1;07;25;2603,28889115121; 
3264160;1;4;1;80;1;2; ; ; ; ; ;2; ;2; ;.; ; ;1;07;25;2603,28889115121; 
3264164;1;4;1;80;1;2; ; ; ; ; ;2; ;2; ;.; ; ;1;07;25;2285,33015351026; 
3264166;1;3;1;80;1;2; ; ; ; ; ;2; ;2; ;.; ; ;1;07;25;2114,99267484079; 
3264172;1;2;1;80;1;1;4;3; ;2; ;2; ; ; ; ;9;2;1;07;25;3405,60374978005; 
3264178;1;3;1;80;1;1;2;9;DESPIDO DEL EMPLEO;1;1;2; ; ; ; ;4;2;1;07;25;2216,95528766125; 
3264179;1;1;1;80;1;1;2;5; ;3; ;2; ; ; ; ;10;2;1;07;25;2206,35566773487; 
3264181;1;1;1;80;1;1;4;5; ;3; ;2; ; ; ; ;10;2;1;07;25;2206,35566773487; 
3264181;1;2;1;80;1;1;4;7; ;2; ;2; ; ; ; ;9;2;1;07;25;2206,35566773487; 
3264183;1;3;1;80;1;1;1;8; ;2; ;1;15000; ; ; ;2;2;1;07;25;2969,10475879129; 
3264184;1;2;1;80;1;1;4;3; ;2; ;2; ; ; ; ;9;2;1;07;25;1857,91231409504; 
3264184;1;5;1;80;1;2; ; ; ; ; ;2; ;2; ;.; ; ;1;07;25;1857,91231409504; 
3264194;1;3;1;80;1;2; ; ; ; ; ;2; ;2; ;.; ; ;1;07;25;1920,93206491134; 
3264194;1;4;1;80;1;1;4;9;CAMBIO DE RESIDENCIA;2; ;2; ; ; ; ;8;2;1;07;25;1920,93206491134; 
3264202;1;3;1;80;1;1;2;2; ;2; ;2; ; ; ; ;2;2;1;07;25;2114,99267484079; 
3264207;1;2;1;80;1;1;1;8; ;2; ;2; ; ; ; ;2;2;1;07;25;3350,86395205548; 
3264207;1;4;1;80;1;2; ; ; ;2; ;2; ;1;1; ;2; ;1;07;25;3350,86395205548; 
3264207;1;5;1;80;1;2; ; ; ; ; ;2; ;2; ;.; ; ;1;07;25;3350,86395205548; 
3264208;1;2;1;80;1;1;3;3; ;2; ;2; ; ; ; ;9;2;1;07;25;2051,60339099915; 
3264209;1;4;1;80;1;2; ; ; ;2; ;2; ;2; ;.; ; ;1;07;25;2603,28889115121; 
3264210;1;3;1;80;1;2; ; ; ; ; ;2; ;2; ;.; ; ;1;07;25;2274,73053358388; 
3264211;1;3;1;80;1;1;2;2; ;2; ;2; ; ; ;POR  FALTA DE  LIBRETA  MILITAR;12;2;1;07;25;2773,62636982069; 
3264211;1;5;1;80;1;2; ; ; ;2; ;2; ;1;1; ;2; ;1;07;25;2773,62636982069; 
3264217;1;3;1;80;1;2; ; ; ;2; ;2; ;2; ;.; ; ;1;07;25;2921,24762879217; 
3264217;1;4;1;80;1;2; ; ; ; ; ;2; ;2; ;.; ; ;1;07;25;2921,24762879217; 
3264222;1;2;1;80;1;1;1;3; ;2; ;2; ; ; ; ;9;2;1;07;25;1687,99741654214; 
3264222;2;2;2;80;1;1;1;9;POR TERMINO DE  PASANTIAS DEL SENA;2; ;2; ; ; ; ;2;2;1;07;25;1687,99741654214; 
3264222;3;2;3;80;1;1;4;3; ;2; ;2; ; ; ; ;9;2;1;07;25;1687,99741654214; 
3264222;3;4;3;80;1;2; ; ; ;2; ;2; ;2; ;.; ; ;1;07;25;1687,99741654214; 
3264224;1;2;1;80;1;2; ; ; ;2; ;2; ;2; ;.; ; ;1;07;25;2152,25018491353; 
3264227;1;3;1;80;1;1;1;2; ;2; ;2; ; ; ; ;2;2;1;07;25;2480,80854248086; 
3264229;1;3;1;80;1;2; ; ; ;2; ;2; ;2; ;.; ; ;1;07;25;2432,95141248174; 
3264230;1;6;1;80;1;1;4;4; ;2; ;2; ; ; ; ;4;2;1;07;25;3200,94351992422; 
3264231;1;1;1;80;1;1;4;5; ;3; ;2; ; ; ; ;10;2;1;07;25;2216,95528766125; 
3264232;1;4;1;80;1;2; ; ; ;2; ;2; ;2; ;.; ; ;1;07;25;2603,28889115121; 
3264233;1;1;1;80;1;1;4;4; ;3; ;2; ; ; ; ;4;2;1;07;25;2216,95528766125; 
3264233;1;2;1;80;1;1;4;5; ;3; ;2; ; ; ; ;10;2;1;07;25;2216,95528766125; 
3264238;1;2;1;80;1;1;4;4; ;2; ;2; ; ; ; ;4;2;1;07;25;2114,99267484079; 
3264238;1;3;1;80;1;2; ; ; ; ; ;2; ;2; ;.; ; ;1;07;25;2114,99267484079; 
3264245;1;3;1;80;1;1;1;8; ;2; ;2; ; ; ; ;2;2;1;07;25;3133,30365829012; 
3264245;1;4;1;80;1;1;1;8; ;2; ;1;60000; ; ; ;2;2;1;07;25;3133,30365829012; 
3264250;1;2;1;80;1;1;1;8; ;2; ;1;300000; ; ; ;9;2;1;07;25;2645,00744197969; 
3264250;1;3;1;80;1;2; ; ; ; ; ;2; ;2; ;.; ; ;1;07;25;2645,00744197969; 
3264255;1;3;1;80;1;1;1;8; ;2; ;1;296000; ; ; ;2;2;1;07;25;3492,98094675955; 
3264257;1;4;1;80;1;2; ; ; ;2; ;2; ;2; ;.; ; ;1;07;25;3016,9618887904; 
3264258;1;2;1;80;1;1;2;3; ;2; ;2; ; ; ; ;9;2;1;07;25;2603,28889115121; 
3264258;1;3;1;80;1;2; ; ; ; ; ;2; ;2; ;.; ; ;1;07;25;2603,28889115121; 
3264258;1;4;1;80;1;2; ; ; ; ; ;2; ;2; ;.; ; ;1;07;25;2603,28889115121; 
3264259;1;2;1;80;1;1;2;3; ;2; ;2; ; ;1; ;5;1;1;07;25;3972,13193843688; 
3264260;1;2;1;80;1;1;1;6; ;2; ;2; ; ; ; ;2;2;1;07;25;4586,9583723918; 
3264261;1;1;1;80;1;1;4;9;POR LA EDAD;2; ;2; ; ; ; ;8;2;1;07;47;134,572789646481;47
3264261;1;2;1;80;1;2; ; ; ;2; ;2; ;2; ;.; ; ;1;07;47;134,572789646481;47
3264261;1;3;1;80;1;2; ; ; ;2; ;2; ;2; ;.; ; ;1;07;47;134,572789646481;47
3264265;1;3;1;80;1;2; ; ; ;2; ;2; ;2; ;.; ; ;1;07;47;191,764674460531;47
3264265;1;4;1;80;1;2; ; ; ; ; ;2; ;2; ;.; ; ;1;07;47;191,764674460531;47
3264266;1;1;1;80;1;1;4;5; ;3; ;2; ; ; ; ;10;2;1;07;47;124,234872062069;47
3264266;1;3;1;80;1;2; ; ; ; ; ;2; ;2; ;.; ; ;1;07;47;124,234872062069;47
3264266;1;4;1;80;1;2; ; ; ;2; ;2; ;2; ;.; ; ;1;07;47;124,234872062069;47
3264269;1;2;1;80;1;1;4;5; ;3; ;2; ; ; ; ;10;2;1;07;47;94,5300438435118;47
3264269;1;7;1;80;1;1;4;3; ;2; ;2; ; ; ; ;9;2;1;07;47;94,5300438435118;47
3264270;1;6;1;80;1;2; ; ; ;2; ;2; ;2; ;.; ; ;1;07;47;197,645824506932;47
3264272;1;3;1;80;1;2; ; ; ;2; ;2; ;2; ;.; ; ;1;07;47;148,268141110588;47
3264274;1;3;1;80;1;2; ; ; ;2; ;2; ;2; ;.; ; ;1;07;47;240,81280255724;47
3264278;1;2;1;80;1;1;4;8; ;2; ;2; ; ; ; ;9;2;1;07;47;213,983354170184;47
3264278;1;3;1;80;1;2; ; ; ;2; ;2; ;2; ;.; ; ;1;07;47;213,983354170184;47
3264278;1;4;1;80;1;2; ; ; ;2; ;2; ;2; ;.; ; ;1;07;47;213,983354170184;47
3264278;1;6;1;80;1;2; ; ; ; ; ;2; ;2; ;.; ; ;1;07;47;213,983354170184;47
3264279;1;1;1;80;1;1;4;4; ;2; ;2; ; ; ; ;4;2;1;07;47;187,118220078502;47
3264279;1;3;1;80;1;2; ; ; ; ; ;2; ;2; ;.; ; ;1;07;47;187,118220078502;47
3264280;1;7;1;80;1;1;4;3; ;2; ;2; ; ; ; ;9;2;1;07;47;268,954520890117;47
3264281;1;2;1;80;1;1;4;3; ;2; ;2; ; ; ; ;9;2;1;07;47;278,757741160418;47
3264281;1;4;1;80;1;2; ; ; ; ; ;2; ;2; ;.; ; ;1;07;47;278,757741160418;47
3264281;1;5;1;80;1;2; ; ; ;2; ;2; ;2; ;.; ; ;1;07;47;278,757741160418;47
3264282;1;2;1;80;1;1;3;3; ;2; ;2; ; ; ; ;9;2;1;07;47;267,20978505493;47
3264282;1;4;1;80;1;2; ; ; ; ; ;2; ;2; ;.; ; ;1;07;47;267,20978505493;47
3264282;2;3;2;80;1;2; ; ; ; ; ;2; ;2; ;.; ; ;1;07;47;267,20978505493;47
3264283;1;1;1;80;1;1;4;5; ;3; ;2; ; ; ; ;10;2;1;07;47;155,570676145963;47
3264284;1;2;1;80;1;1;3;6; ;2; ;2; ; ; ; ;9;2;1;07;47;198,331722922006;47
3264284;1;3;1;80;1;2; ; ; ; ; ;2; ;2; ;.; ; ;1;07;47;198,331722922006;47
3264286;1;3;1;80;1;2; ; ; ;2; ;2; ;2; ;.; ; ;1;07;47;157,631492731279;47
3264288;1;3;1;80;1;2; ; ; ; ; ;2; ;2; ;.; ; ;1;07;47;118,60420064302;47
3264288;1;4;1;80;1;1;1;8; ;2; ;2; ; ; ; ;6;2;1;07;47;118,60420064302;47
3264291;1;1;1;80;1;1;1;4; ;2; ;2; ; ; ; ;4;2;1;07;47;178,14011990331;47
3264291;1;2;1;80;1;1;1;8; ;2; ;2; ; ; ; ;8;2;1;07;47;178,14011990331;47
3264291;1;3;1;80;1;1;1;6; ;2; ;2; ; ; ;NO  TIENE DOCUMENTO DE IDENTIDAD;12;2;1;07;47;178,14011990331;47
3264291;1;4;1;80;1;2; ; ; ; ; ;2; ;2; ;.; ; ;1;07;47;178,14011990331;47
3264292;1;1;1;80;1;2; ; ; ;2; ;2; ;2; ;.; ; ;1;07;47;215,646517378672;47
3264292;1;2;1;80;1;2; ; ; ;2; ;2; ;2; ;.; ; ;1;07;47;215,646517378672;47
3264292;1;3;1;80;1;2; ; ; ; ; ;2; ;2; ;.; ; ;1;07;47;215,646517378672;47
3264295;1;5;1;80;1;2; ; ; ; ; ;2; ;2; ;.; ; ;1;07;47;237,649953483912;47
3264296;1;2;1;80;1;1;1;2; ;2; ;2; ; ; ; ;2;2;1;07;47;213,973579276205;47
3264299;1;1;1;80;1;1;4;4; ;2; ;2; ; ; ; ;4;2;1;07;47;155,570676145963;47
3264300;1;3;1;80;1;2; ; ; ; ; ;2; ;2; ;.; ; ;1;07;47;102,22685771492;47
3264300;1;6;1;80;1;2; ; ; ; ; ;2; ;2; ;.; ; ;1;07;47;102,22685771492;47
3264301;1;1;1;80;1;1;4;5; ;3; ;2; ; ; ; ;10;2;1;07;47;137,369092805698;47
3264301;1;2;1;80;1;1;4;5; ;3; ;2; ; ; ; ;10;2;1;07;47;137,369092805698;47
3264301;1;4;1;80;1;2; ; ; ;2; ;2; ;2; ;.; ; ;1;07;47;137,369092805698;47
3264301;1;6;1;80;1;2; ; ; ; ; ;2; ;2; ;.; ; ;1;07;47;137,369092805698;47
3264302;1;1;1;80;1;1;4;5; ;3; ;2; ; ; ; ;10;2;1;07;47;163,997650724229;47
3264303;1;1;1;80;1;1;4;5; ;3; ;2; ; ; ; ;10;2;1;07;47;180,576958606995;47
3264303;1;2;1;80;1;1;4;4; ;2; ;2; ; ; ; ;4;2;1;07;47;180,576958606995;47
3264303;1;3;1;80;1;1;1;2; ;2; ;2; ; ; ; ;2;2;1;07;47;180,576958606995;47
3264306;2;2;2;80;1;2; ; ; ;2; ;2; ;2; ;.; ; ;1;07;47;234,254330682923;47
3264306;3;2;3;80;1;2; ; ; ;2; ;2; ;2; ;.; ; ;1;07;47;234,254330682923;47
3264310;1;2;1;80;1;2; ; ; ;2; ;2; ;2; ;.; ; ;1;07;47;223,985838697496;47
3264310;1;3;1;80;1;2; ; ; ;2; ;2; ;2; ;.; ; ;1;07;47;223,985838697496;47
3264315;1;2;1;80;1;1;1;4; ;2; ;1;80000; ; ; ;4;2;1;07;47;232,663291903113;47
3264315;1;4;1;80;1;2; ; ; ; ; ;2; ;2; ;.; ; ;1;07;47;232,663291903113;47
3264317;1;1;1;80;1;1;4;6; ;2; ;2; ; ; ; ;8;2;1;07;47;138,913366077054;47
3264318;1;2;1;80;1;1;4;7; ;2; ;2; ; ;3; ;8;1;1;07;47;183,612341156032;47
3264318;1;5;1;80;1;1;3;3; ;2; ;2; ; ; ; ;2;2;1;07;47;183,612341156032;47
3264320;1;2;1;80;1;2; ; ; ;2; ;2; ;2; ;.; ; ;1;07;47;87,4483495145594;47
3264321;1;2;1;80;1;2; ; ; ;2; ;2; ;2; ;.; ; ;1;07;47;228,373180636522;47
3264322;1;1;1;80;1;1;4;5; ;3; ;2; ; ; ; ;10;2;1;07;47;137,080425257051;47
3264322;1;2;1;80;1;2; ; ; ;2; ;2; ;2; ;.; ; ;1;07;47;137,080425257051;47
3264323;1;3;1;80;1;2; ; ; ; ; ;2; ;2; ;.; ; ;1;07;47;191,764674460531;47
3264323;1;4;1;80;1;2; ; ; ; ; ;2; ;2; ;.; ; ;1;07;47;191,764674460531;47
3264324;1;2;1;80;1;2; ; ; ; ; ;2; ;2; ;.; ; ;1;07;47;245,31045784624;47
3264328;1;9;1;80;1;1;1;9;ESTADO DE EMBARAZO;2; ;2; ; ; ; ;9;2;1;07;47;136,642182818955;47
3264330;1;2;1;80;1;1;4;3; ;2; ;2; ; ; ; ;9;2;1;07;47;151,152097529247;47
3264330;1;4;1;80;1;2; ; ; ;2; ;2; ;2; ;.; ; ;1;07;47;151,152097529247;47
3264332;1;1;1;80;1;1;2;5; ;3; ;2; ; ; ; ;10;2;1;07;73;229,535604759815;73
3264332;1;2;1;80;1;1;3;7; ;2; ;2; ; ; ; ;9;2;1;07;73;229,535604759815;73
3264334;1;1;1;80;1;1;1;8; ;2; ;1;80000; ; ; ;8;2;1;07;73;229,152572251519;73
3264334;1;2;1;80;1;2; ; ; ;2; ;2; ;1;4; ;9; ;1;07;73;229,152572251519;73
3264334;1;3;1;80;1;1;3;3; ;2; ;2; ; ; ; ;9;2;1;07;73;229,152572251519;73
3264339;1;1;1;80;1;1;4;6; ;2; ;2; ; ; ; ;9;2;1;07;73;260,043449587906;73
3264342;1;3;1;80;1;2; ; ; ; ; ;2; ;2; ;.; ; ;1;07;73;274,933280242795;73
3264343;1;3;1;80;1;1;3;2; ;2; ;2; ; ; ; ;2;2;1;07;73;211,998207340437;73
3264343;1;4;1;80;1;1;4;3; ;2; ;2; ; ; ; ;9;2;1;07;73;211,998207340437;73
3264343;1;5;1;80;1;1;4;4; ;2; ;2; ; ; ; ;9;2;1;07;73;211,998207340437;73
3264343;1;7;1;80;1;2; ; ; ;2; ;2; ;2; ;.; ; ;1;07;73;211,998207340437;73
3264344;1;2;1;80;1;1;1;4; ;2; ;2; ; ; ; ;4;2;1;07;73;389,865522303932;73
3264344;1;4;1;80;1;2; ; ; ;2; ;2; ;2; ;.; ; ;1;07;73;389,865522303932;73
3264350;1;2;1;80;1;1;4;5; ;3; ;2; ; ; ; ;8;2;1;07;73;181,077612601831;73
3264350;1;3;1;80;1;1;4;3; ;2; ;2; ; ; ; ;9;2;1;07;73;181,077612601831;73
3264351;1;2;1;80;1;1;4;6; ;2; ;2; ; ; ; ;8;2;1;07;73;279,267718075678;73
3264352;1;4;1;80;1;2; ; ; ; ; ;2; ;2; ;.; ; ;1;07;73;294,161267081006;73
3264354;1;3;1;80;1;2; ; ; ; ; ;2; ;2; ;.; ; ;1;07;73;274,714116278422;73
3264354;1;4;1;80;1;2; ; ; ;2; ;2; ;2; ;.; ; ;1;07;73;274,714116278422;73
3264355;1;2;1;80;1;1;2;7; ;2; ;2; ; ; ; ;9;2;1;07;73;316,412220716454;73
3264355;1;4;1;80;1;2; ; ; ;2; ;2; ;2; ;.; ; ;1;07;73;316,412220716454;73
3264355;1;5;1;80;1;2; ; ; ; ; ;2; ;2; ;.; ; ;1;07;73;316,412220716454;73
3264358;1;3;1;80;1;2; ; ; ;2; ;2; ;2; ;.; ; ;1;07;70;107,866979216778;70
3264359;1;3;1;80;1;2; ; ; ;2; ;2; ;2; ;.; ; ;1;07;70;110,325520308906;70
3264361;1;3;1;80;1;2; ; ; ;2; ;2; ;2; ;.; ; ;1;07;70;164,741720182929;70
3264364;1;2;1;80;1;1;4;5; ;3; ;2; ; ; ; ;10;2;1;07;70;127,111383156755;70
3264367;1;1;1;80;1;1;4;3; ;2; ;2; ; ; ; ;9;2;1;07;70;83,2041367680068;70
3264367;1;3;1;80;1;2; ; ; ; ; ;2; ;2; ;.; ; ;1;07;70;83,2041367680068;70
3264367;1;4;1;80;1;2; ; ; ;2; ;2; ;2; ;.; ; ;1;07;70;83,2041367680068;70
3264368;1;1;1;80;1;1;4;4; ;2; ;2; ; ; ; ;4;2;1;07;70;129,203084567327;70
3264369;1;1;1;80;1;1;4;4; ;2; ;2; ; ; ; ;4;2;1;07;70;134,299992921877;70
3264369;1;3;1;80;1;2; ; ; ;2; ;2; ;2; ;.; ; ;1;07;70;134,299992921877;70
3264369;1;4;1;80;1;2; ; ; ;2; ;2; ;2; ;.; ; ;1;07;70;134,299992921877;70
3264370;1;1;1;80;1;1;3;6; ;2; ;2; ; ; ; ;11;2;1;07;70;116,455025004671;70
3264372;1;5;1;80;1;2; ; ; ;2; ;2; ;2; ;.; ; ;1;07;70;93,0400762660071;70
3264373;1;1;1;80;1;1;4;4; ;2; ;2; ; ; ; ;8;2;1;07;70;104,171564438731;70
3264373;1;2;1;80;1;1;4;4; ;3; ;2; ; ; ; ;4;2;1;07;70;104,171564438731;70
3264373;1;3;1;80;1;2; ; ; ;2; ;2; ;2; ;.; ; ;1;07;70;104,171564438731;70
3264374;1;1;1;80;1;1;3;4; ;2; ;2; ; ; ; ;4;2;1;07;70;302,628605427148;70
3264374;1;2;1;80;1;1;4;4; ;2; ;2; ; ; ; ;4;2;1;07;70;302,628605427148;70
3264374;1;4;1;80;1;2; ; ; ;2; ;2; ;2; ;.; ; ;1;07;70;302,628605427148;70
3264375;1;3;1;80;1;2; ; ; ;2; ;2; ;2; ;.; ; ;1;07;70;239,68376398558;70
3264375;1;5;1;80;1;2; ; ; ;2; ;2; ;2; ;.; ; ;1;07;70;239,68376398558;70
3264376;1;2;1;80;1;1;4;8; ;2; ;2; ; ; ; ;1;2;1;07;70;94,2691023119377;70
3264377;1;2;1;80;1;2; ; ; ;2; ;2; ;2; ;.; ; ;1;07;70;94,2691023119377;70
3264378;1;2;1;80;1;1;4;3; ;2; ;2; ; ; ; ;9;2;1;07;70;99,2313131439425;70
3264378;1;3;1;80;1;2; ; ; ; ; ;2; ;2; ;.; ; ;1;07;70;99,2313131439425;70
3264379;1;1;1;80;1;2; ; ; ;2; ;2; ;1;4; ;8; ;1;07;70;274,110997303963;70
3264379;1;2;1;80;1;1;4;3; ;2; ;2; ; ; ; ;8;2;1;07;70;274,110997303963;70
3264380;1;3;1;80;1;2; ; ; ;2; ;2; ;2; ;.; ; ;1;07;70;93,027218243549;70
3264380;1;4;1;80;1;2; ; ; ;2; ;2; ;2; ;.; ; ;1;07;70;93,027218243549;70
3264383;1;2;1;80;1;1;4;8; ;2; ;2; ; ; ; ;1;2;1;07;70;105,775277806206;70
3264383;1;3;1;80;1;2; ; ; ;2; ;2; ;2; ;.; ; ;1;07;70;105,775277806206;70
3264383;1;4;1;80;1;2; ; ; ;2; ;2; ;2; ;.; ; ;1;07;70;105,775277806206;70
3264383;1;5;1;80;1;2; ; ; ; ; ;2; ;2; ;.; ; ;1;07;70;105,775277806206;70
3264387;1;2;1;80;1;2; ; ; ;2; ;2; ;2; ;.; ; ;1;07;70;97,394040905471;70
3264388;1;2;1;80;1;1;2;3; ;2; ;2; ; ; ; ;1;2;1;07;70;93,975014836741;70
3264390;1;2;1;80;1;2; ; ; ; ; ;2; ;2; ;.; ; ;1;07;70;79,2459214979311;70
3264391;1;2;1;80;1;1;4;4; ;2; ;2; ; ; ; ;8;2;1;07;70;199,338324313642;70
3264392;1;2;1;80;1;2; ; ; ;2; ;2; ;2; ;.; ; ;1;07;70;147,691723306096;70
3264393;1;2;1;80;1;1;3;3; ;2; ;2; ; ; ; ;9;2;1;07;70;165,173440393163;70
3264394;1;2;1;80;1;2; ; ; ;2; ;2; ;2; ;.; ; ;1;07;70;142,749645972061;70
3264395;1;2;1;80;1;1;1;4; ;2; ;2; ; ; ; ;4;2;1;07;70;110,325520308906;70
3264395;1;3;1;80;1;2; ; ; ;2; ;2; ;2; ;.; ; ;1;07;70;110,325520308906;70
3264398;1;2;1;80;1;1;4;4; ;2; ;2; ; ; ; ;8;2;1;07;70;143,161614301366;70
3264398;1;5;1;80;1;2; ; ; ;2; ;2; ;2; ;.; ; ;1;07;70;143,161614301366;70
3264399;1;1;1;80;1;1;3;4; ;3; ;2; ; ; ; ;4;2;1;07;70;130,001586409404;70
3264399;1;2;1;80;1;1;4;6; ;2; ;2; ; ; ; ;8;2;1;07;70;130,001586409404;70
3264400;1;1;1;80;1;1;4;9;POR EDAD;2; ;2; ; ; ; ;8;2;1;07;70;127,726465158055;70
3264400;1;2;1;80;1;1;4;3; ;2; ;2; ; ; ; ;9;2;1;07;70;127,726465158055;70
3264401;1;2;1;80;1;1;4;5; ;3; ;2; ; ; ; ;10;2;1;07;70;97,7997208377386;70
3264401;1;3;1;80;1;2; ; ; ;2; ;2; ;2; ;.; ; ;1;07;70;97,7997208377386;70
3264405;1;1;1;80;1;1;2;3; ;2; ;2; ; ; ; ;9;2;1;07;70;165,173440393163;70
3264406;1;2;1;80;1;2; ; ; ; ; ;2; ;2; ;.; ; ;1;07;70;71,0672508574696;70
3264407;1;5;1;80;1;2; ; ; ;2; ;2; ;2; ;.; ; ;1;07;70;120,798458620212;70
3264408;1;2;1;80;1;1;4;3; ;2; ;2; ; ; ; ;9;2;1;07;70;95,1189196541211;70
3264408;1;3;1;80;1;2; ; ; ;2; ;2; ;2; ;.; ; ;1;07;70;95,1189196541211;70
3264408;1;4;1;80;1;2; ; ; ;2; ;2; ;2; ;.; ; ;1;07;70;95,1189196541211;70
3264409;1;3;1;80;1;2; ; ; ;2; ;2; ;2; ;.; ; ;1;07;70;119,32183921094;70
3264409;1;4;1;80;1;2; ; ; ;2; ;2; ;2; ;.; ; ;1;07;70;119,32183921094;70
3264409;1;5;1;80;1;2; ; ; ;2; ;2; ;2; ;.; ; ;1;07;70;119,32183921094;70
3264410;1;1;1;80;1;1;1;6; ;2; ;2; ; ; ; ;1;2;1;07;70;123,073579871562;70
3264410;1;4;1;80;1;2; ; ; ;2; ;2; ;2; ;.; ; ;1;07;70;123,073579871562;70
3264411;1;3;1;80;1;2; ; ; ;2; ;2; ;2; ;.; ; ;1;07;70;107,612550044677;70
3264411;1;4;1;80;1;2; ; ; ; ; ;2; ;2; ;.; ; ;1;07;70;107,612550044677;70
3264412;1;6;1;80;1;1;4;6; ;2; ;2; ; ; ; ;8;2;1;07;70;84,5447552710083;70
3264413;1;1;1;80;1;1;1;4; ;2; ;2; ; ;1; ;4;1;1;07;70;99,6691621568209;70
3264413;1;2;1;80;1;1;1;4; ;2; ;2; ; ; ; ;4;2;1;07;70;99,6691621568209;70
3264416;1;4;1;80;1;1;4;4; ;2; ;2; ; ; ; ;4;2;1;07;70;103,05601914494;70
3264416;1;5;1;80;1;2; ; ; ;2; ;2; ;2; ;.; ; ;1;07;70;103,05601914494;70
3264418;1;2;1;80;1;1;3;3; ;2; ;2; ; ; ; ;9;2;1;07;70;93,975014836741;70
3264420;1;5;1;80;1;2; ; ; ;2; ;2; ;2; ;.; ; ;1;07;70;70,0996542058586;70
3264421;1;3;1;80;1;2; ; ; ; ; ;2; ;2; ;.; ; ;1;07;70;110,325520308906;70
3264422;1;4;1;80;1;1;2;3; ;2; ;2; ; ; ; ;9;2;1;07;70;115,104311300133;70
3264422;1;6;1;80;1;2; ; ; ;2; ;2; ;2; ;.; ; ;1;07;70;115,104311300133;70
3264423;1;2;1;80;1;1;2;3; ;2; ;2; ; ; ; ;9;2;1;07;70;131,638236613075;70
3264423;1;5;1;80;1;2; ; ; ; ; ;2; ;2; ;.; ; ;1;07;70;131,638236613075;70
3264424;1;3;1;80;1;2; ; ; ;2; ;2; ;2; ;.; ; ;1;07;70;91,6998935853911;70
3264428;1;3;1;80;1;2; ; ; ;2; ;2; ;2; ;.; ; ;1;07;70;105,775277806206;70
3264428;1;4;1;80;1;2; ; ; ;2; ;2; ;2; ;.; ; ;1;07;70;105,775277806206;70
3264428;1;5;1;80;1;2; ; ; ; ; ;2; ;2; ;.; ; ;1;07;70;105,775277806206;70
3264429;1;1;1;80;1;2; ; ; ;2; ;2; ;2; ;.; ; ;1;07;70;68,3247174916818;70
3264429;1;4;1;80;1;2; ; ; ;2; ;2; ;2; ;.; ; ;1;07;70;68,3247174916818;70
3264430;1;6;1;80;1;2; ; ; ;2; ;2; ;2; ;.; ; ;1;07;70;109,204670260201;70
3264432;1;2;1;80;1;1;4;4; ;2; ;2; ; ; ; ;4;2;1;07;70;110,84815627263;70
3264432;1;3;1;80;1;2; ; ; ;2; ;2; ;2; ;.; ; ;1;07;70;110,84815627263;70
3264432;1;4;1;80;1;2; ; ; ;2; ;2; ;2; ;.; ; ;1;07;70;110,84815627263;70
3264432;1;5;1;80;1;2; ; ; ; ; ;2; ;2; ;.; ; ;1;07;70;110,84815627263;70
3264434;1;1;1;80;1;1;4;5; ;3; ;2; ; ; ; ;10;2;1;07;70;130,001586409404;70
3264434;1;2;1;80;1;2; ; ; ;2; ;2; ;2; ;.; ; ;1;07;70;130,001586409404;70
3264435;1;3;1;80;1;2; ; ; ;2; ;2; ;2; ;.; ; ;1;07;70;108,050399057556;70
3264435;1;4;1;80;1;2; ; ; ; ; ;2; ;2; ;.; ; ;1;07;70;108,050399057556;70
3264437;1;2;1;80;1;2; ; ; ;2; ;2; ;2; ;.; ; ;1;07;70;74,0087696102251;70
3264437;1;3;1;80;1;2; ; ; ;2; ;2; ;2; ;.; ; ;1;07;70;74,0087696102251;70
3264437;1;4;1;80;1;2; ; ; ; ; ;2; ;2; ;.; ; ;1;07;70;74,0087696102251;70
3264438;1;1;1;80;1;1;4;3; ;2; ;2; ; ; ; ;9;2;1;07;70;89,9448151158914;70
3264438;1;2;1;80;1;1;2;3; ;2; ;2; ; ; ; ;9;2;1;07;70;89,9448151158914;70
3264439;1;4;1;80;1;2; ; ; ; ; ;2; ;2; ;.; ; ;1;07;70;98,753805827968;70
3264440;1;5;1;80;1;1;4;4; ;2; ;2; ; ; ; ;8;2;1;07;70;89,6507276406947;70
3264442;1;1;1;80;1;1;1;4; ;2; ;1;400000; ; ; ;4;2;1;07;70;105,958697646984;70
3264444;1;3;1;80;1;2; ; ; ;2; ;2; ;2; ;.; ; ;1;07;70;120,249941972915;70
3264444;1;4;1;80;1;2; ; ; ;2; ;2; ;2; ;.; ; ;1;07;70;120,249941972915;70
3264444;1;5;1;80;1;2; ; ; ; ; ;2; ;2; ;.; ; ;1;07;70;120,249941972915;70
3264445;1;2;1;80;1;1;4;6; ;2; ;2; ; ; ; ;9;2;1;07;70;124,307439089325;70
3264446;1;2;1;80;1;1;4;3; ;2; ;2; ; ; ; ;9;2;1;07;70;114,43172694637;70
3264446;1;3;1;80;1;2; ; ; ; ; ;2; ;2; ;.; ; ;1;07;70;114,43172694637;70
3264449;1;3;1;80;1;2; ; ; ; ; ;2; ;2; ;.; ; ;1;07;70;104,925460464022;70
3264450;1;3;1;80;1;2; ; ; ; ; ;2; ;2; ;.; ; ;1;07;70;104,925460464022;70
3264451;1;2;1;80;1;1;1;4; ;2; ;2; ; ; ; ;4;2;1;07;70;94,2691023119377;70
3264452;1;2;1;80;1;1;4;3; ;2; ;2; ; ; ; ;9;2;1;07;70;108,456078989823;70
3264452;1;4;1;80;1;2; ; ; ;2; ;2; ;2; ;.; ; ;1;07;70;108,456078989823;70
3264453;1;1;1;80;1;1;4;6; ;2; ;2; ; ; ; ;8;2;1;07;70;110,040874396322;70
3264453;1;4;1;80;1;1;3;8; ;2; ;2; ; ;3; ;1;1;1;07;70;110,040874396322;70
3264455;1;2;1;80;1;1;1;3; ;2; ;2; ; ; ; ;9;2;1;07;70;95,6389624359713;70
3264456;1;2;1;80;1;2; ; ; ;2; ;2; ;2; ;.; ; ;1;07;70;117,673520026679;70
3264457;1;2;1;80;1;1;1;4; ;2; ;2; ; ; ; ;4;2;1;07;70;123,466401781372;70
3264457;1;3;1;80;1;2; ; ; ;2; ;2; ;2; ;.; ; ;1;07;70;123,466401781372;70
3264458;1;2;1;80;1;1;4;9;CAMBIO DE CIUDAD;2; ;2; ; ; ; ;1;2;1;07;70;90,7845372565383;70
3264458;1;3;1;80;1;1;1;9;EMBARAZO;2; ;2; ; ; ; ;2;2;1;07;70;90,7845372565383;70
3264459;1;2;1;80;1;1;1;3; ;2; ;2; ; ; ; ;9;2;1;07;70;86,7055136727756;70
3264460;1;1;1;80;1;1;4;7; ;2; ;2; ; ; ; ;11;2;1;07;18;55,3534898858787;18
3264461;1;2;1;80;1;1;4;8; ;2; ;2; ; ; ; ;11;2;1;07;18;57,0839974496806;18
3264461;1;6;1;80;1;2; ; ; ; ; ;2; ;2; ;.; ; ;1;07;18;57,0839974496806;18
3264463;1;1;1;80;1;1;3;7; ;2; ;2; ; ; ; ;11;2;1;07;18;65,8504121992932;18
3264466;1;3;1;80;1;2; ; ; ; ; ;2; ;2; ;.; ; ;1;07;18;55,3534898858787;18
3264468;1;1;1;80;1;2; ; ; ;2; ;2; ;2; ;.; ; ;1;07;18;62,8712247608561;18
3264468;1;3;1;80;1;2; ; ; ;2; ;2; ;2; ;.; ; ;1;07;18;62,8712247608561;18
3264468;1;4;1;80;1;1;2;2; ;2; ;2; ; ; ; ;2;2;1;07;18;62,8712247608561;18
3264475;1;2;1;80;1;2; ; ; ; ; ;2; ;2; ;.; ; ;1;07;18;53,1603935436961;18
3264479;1;1;1;80;1;2; ; ; ;3; ;2; ;1;1; ;2; ;1;07;18;58,69011615136;18
3264481;1;2;1;80;1;2; ; ; ;2; ;2; ;2; ;.; ; ;1;07;18;49,7301063776672;18
3264482;1;1;1;80;1;1;4;5; ;3; ;2; ; ; ; ;10;2;1;07;18;42,7467242792062;18
3264483;1;1;1;80;1;1;4;4; ;2; ;2; ; ; ; ;8;2;1;07;18;57,5560154382672;18
3264484;1;3;1;80;1;2; ; ; ;2; ;2; ;1;2; ;6; ;1;07;18;58,3393473186862;18
3264485;1;2;1;80;1;2; ; ; ;2; ;2; ;2; ;.; ; ;1;07;18;51,706734052899;18
3264486;1;1;1;80;1;1;1;2; ;2; ;2; ; ; ; ;2;2;1;07;18;42,9050824121339;18
3264490;1;1;1;80;1;1;2;5; ;3; ;2; ; ; ; ;10;2;1;07;20;191,25424477666;20
3264490;1;2;1;80;1;2; ; ; ;2; ;2; ;2; ;.; ; ;1;07;20;191,25424477666;20
3264490;1;4;1;80;1;2; ; ; ;2; ;2; ;2; ;.; ; ;1;07;20;191,25424477666;20
3264490;1;5;1;80;1;2; ; ; ; ; ;2; ;2; ;.; ; ;1;07;20;191,25424477666;20
3264490;1;6;1;80;1;1;9;4; ;2; ;2; ; ; ; ;4;2;1;07;20;191,25424477666;20
3264492;1;2;1;80;1;2; ; ; ;2; ;2; ;2; ;.; ; ;1;07;20;110,552274152989;20
3264492;1;3;1;80;1;2; ; ; ;2; ;2; ;2; ;.; ; ;1;07;20;110,552274152989;20
3264492;1;4;1;80;1;2; ; ; ;2; ;2; ;2; ;.; ; ;1;07;20;110,552274152989;20
3264496;1;3;1;80;1;2; ; ; ;2; ;2; ;2; ;.; ; ;1;07;20;146,398672446099;20
3264496;1;4;1;80;1;2; ; ; ; ; ;2; ;2; ;.; ; ;1;07;20;146,398672446099;20
3264497;1;1;1;80;1;2; ; ; ;2; ;2; ;1;4; ;9; ;1;07;20;121,533894273853;20
3264502;1;2;1;80;1;2; ; ; ;2; ;2; ;2; ;.; ; ;1;07;20;151,895176069103;20
3264503;1;3;1;80;1;2; ; ; ;2; ;2; ;2; ;.; ; ;1;07;20;114,947500993345;20
3264503;1;5;1;80;1;2; ; ; ; ; ;2; ;2; ;.; ; ;1;07;20;114,947500993345;20
3264504;1;1;1;80;1;2; ; ; ;2; ;2; ;1;1; ;8; ;1;07;20;121,533894273853;20
3264505;1;1;1;80;1;1;4;8; ;2; ;2; ; ; ; ;8;2;1;07;18;37,4263100003181;18
3264505;1;3;1;80;1;2; ; ; ;2; ;2; ;2; ;.; ; ;1;07;18;37,4263100003181;18
3264505;1;4;1;80;1;2; ; ; ; ; ;2; ;2; ;.; ; ;1;07;18;37,4263100003181;18
3264505;1;6;1;80;1;2; ; ; ;2; ;2; ;2; ;.; ; ;1;07;18;37,4263100003181;18
3264505;1;7;1;80;1;1;4;4; ;2; ;2; ; ; ; ;8;2;1;07;18;37,4263100003181;18
3264506;1;1;1;80;1;1;2;5; ;3; ;2; ; ; ; ;10;2;1;07;18;57,8755742159715;18
3264510;1;2;1;80;1;2; ; ; ; ; ;2; ;2; ;.; ; ;1;07;18;80,6439900536586;18
3264511;1;1;1;80;1;1;2;8; ;2; ;2; ; ; ; ;11;2;1;07;18;49,7301063776672;18
3264515;1;3;1;80;1;2; ; ; ; ; ;2; ;2; ;.; ; ;1;07;18;59,0096749290643;18
3264520;1;1;1;80;1;1;4;5; ;3; ;2; ; ; ; ;8;2;1;07;20;98,032427716834;20
3264520;1;3;1;80;1;2; ; ; ; ; ;2; ;2; ;.; ; ;1;07;20;98,032427716834;20
3264520;1;6;1;80;1;1;1;3; ;2; ;2; ; ; ; ;9;2;1;07;20;98,032427716834;20
3264521;1;2;1;80;1;1;1;3; ;2; ;2; ; ; ; ;4;2;1;07;20;131,369598102284;20
3264524;1;4;1;80;1;2; ; ; ; ; ;2; ;2; ;.; ; ;1;07;20;164,204849168687;20
3264525;1;5;1;80;1;2; ; ; ;2; ;2; ;2; ;.; ; ;1;07;20;149,7985464219;20
3264527;1;2;1;80;1;2; ; ; ; ; ;2; ;2; ;.; ; ;1;07;20;69,3958254983106;20
3264532;1;2;1;80;1;1;4;3; ;2; ;2; ; ; ; ;1;2;1;07;20;136,640249561444;20
3264533;1;3;1;80;1;2; ; ; ;2; ;2; ;2; ;.; ; ;1;07;18;59,6658587315251;18
3264539;1;1;1;80;1;1;4;5; ;3; ;2; ; ; ; ;10;2;1;07;18;115,112030876534;18
3264540;1;2;1;80;1;2; ; ; ;2; ;2; ;2; ;.; ; ;1;07;18;101,927536345579;18
3264544;1;2;1;80;1;1;4;3; ;2; ;2; ; ; ; ;9;2;1;07;18;81,9550047162236;18
3264544;1;6;1;80;1;2; ; ; ;2; ;2; ;2; ;.; ; ;1;07;18;81,9550047162236;18
3264545;1;2;1;80;1;2; ; ; ;2; ;2; ;2; ;.; ; ;1;07;18;51,0411210402322;18
3264546;1;3;1;80;1;2; ; ; ;2; ;2; ;2; ;.; ; ;1;07;18;45,20126886507;18
3264546;1;4;1;80;1;2; ; ; ;2; ;2; ;2; ;.; ; ;1;07;18;45,20126886507;18
3264548;1;4;1;80;1;2; ; ; ;2; ;2; ;2; ;.; ; ;1;07;18;164,713447489491;18
3264548;1;5;1;80;1;1;3;2; ;2; ;2; ; ; ; ;2;2;1;07;18;164,713447489491;18
3264550;1;1;1;80;1;1;3;6; ;2; ;2; ; ; ; ;8;2;1;07;18;75,3260215152341;18
3264550;1;2;1;80;1;1;2;7; ;2; ;2; ; ; ; ;11;2;1;07;18;75,3260215152341;18
3264551;1;2;1;80;1;2; ; ; ;2; ;2; ;2; ;.; ; ;1;07;18;76,987805010473;18
3264552;1;2;1;80;1;1;1;9;PRESTO SU SERVICIO MILITAR;2; ;2; ; ; ; ;2;2;1;07;18;65,2606753429544;18
3264553;1;2;1;80;1;1;1;9;CAMBIO DE DOMICILIO;2; ;2; ; ; ; ;11;2;1;07;18;153,975610020946;18
3264556;1;1;1;80;1;1;4;3; ;2; ;2; ; ; ; ;9;2;1;07;18;131,700824398586;18
3264558;1;3;1;80;1;2; ; ; ; ; ;2; ;2; ;.; ; ;1;07;18;55,3534898858787;18
3264562;1;2;1;80;1;1;1;2; ;2; ;2; ; ; ; ;2;2;1;07;41;141,744645191375;41
3264563;1;4;1;80;1;2; ; ; ;2; ;2; ;2; ;.; ; ;1;07;41;127,578221319986;41
3264564;1;1;1;80;1;1;4;4; ;2; ;2; ; ; ; ;4;2;1;07;41;119,283684135422;41
3264564;1;2;1;80;1;2; ; ; ;2; ;2; ;2; ;.; ; ;1;07;41;119,283684135422;41
3264567;1;2;1;80;1;1;1;4; ;1;2;2; ; ; ;POR DISCAPACIDAD ES MINUSVALIDO;12;2;1;07;41;166,692568879472;41
3264568;1;2;1;80;1;1;2;3; ;2; ;2; ; ; ; ;9;2;1;07;41;166,748875619753;41
3264571;1;2;1;80;1;1;2;3; ;2; ;2; ; ; ; ;9;2;1;07;41;128,70422228635;41
3264573;2;2;2;80;1;1;2;3; ;2; ;2; ; ; ; ;9;2;1;07;41;215,705528044822;41
3264574;1;5;1;80;1;2; ; ; ; ; ;2; ;2; ;.; ; ;1;07;41;97,8848191725712;41
3264574;1;7;1;80;1;2; ; ; ; ; ;2; ;2; ;.; ; ;1;07;41;97,8848191725712;41
3264574;1;8;1;80;1;2; ; ; ; ; ;2; ;2; ;.; ; ;1;07;41;97,8848191725712;41
3264575;1;1;1;80;1;1;4;5; ;3; ;2; ; ;4; ;8;1;1;07;41;119,283684135422;41
3264575;1;2;1;80;1;1;4;5; ;3; ;2; ; ; ; ;11;2;1;07;41;119,283684135422;41
3264576;1;4;1;80;1;2; ; ; ; ; ;2; ;2; ;.; ; ;1;07;41;150,542131943807;41
3264577;1;4;1;80;1;2; ; ; ; ; ;2; ;2; ;.; ; ;1;07;41;155,139248139107;41
3264578;1;3;1;80;1;2; ; ; ;2; ;2; ;2; ;.; ; ;1;07;41;198,231000920947;41
3264578;1;4;1;80;1;2; ; ; ; ; ;2; ;2; ;.; ; ;1;07;41;198,231000920947;41
3264583;1;5;1;80;1;1;1;2; ;2; ;2; ; ; ; ;2;2;1;07;41;161,914274801104;41
3264583;1;6;1;80;1;2; ; ; ;2; ;2; ;2; ;.; ; ;1;07;41;161,914274801104;41
3264583;1;7;1;80;1;2; ; ; ;2; ;2; ;2; ;.; ; ;1;07;41;161,914274801104;41
3264584;1;1;1;80;1;1;3;4; ;2; ;2; ; ; ; ;8;2;1;07;41;71,3573305349329;41
3264584;1;2;1;80;1;1;1;5; ;3; ;2; ; ; ; ;4;2;1;07;41;71,3573305349329;41
3264584;1;4;1;80;1;2; ; ; ;2; ;2; ;2; ;.; ; ;1;07;41;71,3573305349329;41
3264584;1;5;1;80;1;2; ; ; ; ; ;2; ;2; ;.; ; ;1;07;41;71,3573305349329;41
3264584;1;6;1;80;1;2; ; ; ;2; ;2; ;2; ;.; ; ;1;07;41;71,3573305349329;41
3264586;1;2;1;80;1;1;1;3; ;2; ;2; ; ; ; ;9;2;1;07;41;158,729963892201;41
3264586;1;3;1;80;1;2; ; ; ; ; ;2; ;2; ;.; ; ;1;07;41;158,729963892201;41
3264587;1;3;1;80;1;2; ; ; ; ; ;2; ;2; ;.; ; ;1;07;41;158,617350411639;41
3264588;1;3;1;80;1;2; ; ; ;2; ;2; ;2; ;.; ; ;1;07;41;110,379215309538;41
3264590;1;2;1;80;1;1;1;8; ;2; ;2; ; ; ; ;2;2;1;07;41;115,525597629799;41
3264593;1;2;1;80;1;2; ; ; ;2; ;2; ;2; ;.; ; ;1;07;41;92,7160879382496;41
3264595;1;1;1;80;1;1;4;3; ;2; ;2; ; ; ; ;9;2;1;07;41;157,272030728544;41
3264596;1;3;1;80;1;1;1;9;PRACTICAS ESTUDIANTILES REMUNERADAS FINALIZADAS;2; ;2; ; ;1;NO ES QUE NO HA BUSCADO TRABAJO SI NO QUE NO ESTABA DISPONIBLE LA SEMANA PASADA;12;1;1;07;41;84,8589155561168;41
3264597;1;4;1;80;1;2; ; ; ;2; ;2; ;2; ;.; ; ;1;07;41;136,998759470913;41
3264598;1;5;1;80;1;2; ; ; ; ; ;2; ;2; ;.; ; ;1;07;41;142,102165659632;41
3264600;1;3;1;80;1;2; ; ; ;2; ;2; ;2; ;.; ; ;1;07;41;151,845664175192;41
3264601;1;2;1;80;1;2; ; ; ;2; ;2; ;2; ;.; ; ;1;07;41;173,371792331038;41
3264603;1;1;1;80;1;1;2;4; ;2; ;2; ; ; ; ;4;2;1;07;41;148,873851896079;41
3264603;1;2;1;80;1;1;2;5; ;2; ;2; ; ; ; ;9;2;1;07;41;148,873851896079;41
3264605;1;3;1;80;1;1;1;3; ;2; ;2; ; ;1; ;9;1;1;07;41;180,146818993035;41
3264606;1;3;1;80;1;1;2;2; ;2; ;2; ; ; ; ;2;2;1;07;41;193,592097273938;41
3264608;1;4;1;80;1;1;2;8; ;2; ;2; ; ; ; ;8;2;1;07;41;155,139248139107;41
3264611;1;1;1;80;1;1;4;4; ;2; ;2; ; ; ; ;4;2;1;07;41;112,876745715319;41
3264611;1;2;1;80;1;1;1;8; ;2; ;2; ; ; ; ;2;2;1;07;41;112,876745715319;41
3264613;1;4;1;80;1;2; ; ; ; ; ;2; ;2; ;.; ; ;1;07;41;143,77044570736;41
3264617;1;1;1;80;1;1;4;4; ;2; ;2; ; ; ; ;8;2;1;07;41;104,436779431143;41
3264617;1;2;1;80;1;1;4;4; ;2; ;2; ; ; ; ;8;2;1;07;41;104,436779431143;41
3264620;1;3;1;80;1;2; ; ; ;2; ;2; ;2; ;.; ; ;1;07;41;169,986152843386;41
3264621;1;1;1;80;1;1;2;7; ;2; ;2; ; ; ; ;9;2;1;07;41;107,450379161967;41
3264621;1;3;1;80;1;2; ; ; ;2; ;2; ;2; ;.; ; ;1;07;41;107,450379161967;41
3264622;1;2;1;80;1;1;1;3; ;2; ;2; ; ; ; ;9;2;1;07;41;122,353590606527;41
3264623;1;2;1;80;1;2; ; ; ;2; ;2; ;2; ;.; ; ;1;07;41;157,272030728544;41
3264624;1;1;1;80;1;1;4;4; ;2; ;2; ; ; ; ;8;2;1;07;41;120,951964183151;41
3264625;1;2;1;80;1;2; ; ; ;2; ;2; ;2; ;.; ; ;1;07;41;135,751533979809;41
3264625;1;4;1;80;1;2; ; ; ;2; ;2; ;2; ;.; ; ;1;07;41;135,751533979809;41
3264629;1;2;1;80;1;2; ; ; ;2; ;2; ;2; ;.; ; ;1;07;41;122,864783888283;41
3264629;1;3;1;80;1;1;1;8; ;2; ;1;300000; ; ; ;2;2;1;07;41;122,864783888283;41
3264630;1;2;1;80;1;2; ; ; ;2; ;2; ;2; ;.; ; ;1;07;41;117,393622847109;41
3264630;1;3;1;80;1;1;4;3; ;2; ;2; ; ; ; ;11;2;1;07;41;117,393622847109;41
3264633;1;4;1;80;1;2; ; ; ;2; ;2; ;2; ;.; ; ;1;07;41;107,864206370504;41
3264636;1;3;1;80;1;2; ; ; ;2; ;2; ;2; ;.; ; ;1;07;41;205,882078849182;41
3264638;1;3;1;80;1;2; ; ; ;2; ;2; ;2; ;.; ; ;1;07;41;101,051139943491;41
3264638;1;4;1;80;1;2; ; ; ;2; ;2; ;2; ;.; ; ;1;07;41;101,051139943491;41
3264639;1;3;1;80;1;2; ; ; ;2; ;2; ;2; ;.; ; ;1;07;41;113,85731758207;41
3264646;1;1;1;80;1;2; ; ; ;2; ;2; ;2; ;.; ; ;1;07;41;193,592097273938;41
3264646;1;2;1;80;1;1;1;8; ;2; ;2; ; ; ; ;1;2;1;07;41;193,592097273938;41
3264647;1;1;1;80;1;1;2;9;FALTA DE  SERVICIOS  PUBLICOS  EN SU CASA;2; ;2; ; ; ; ;8;2;1;07;41;137,193267962719;41
3264647;1;2;1;80;1;1;4;4; ;2; ;2; ; ; ; ;4;2;1;07;41;137,193267962719;41
3264648;1;2;1;80;1;1;4;3; ;2; ;2; ; ; ; ;9;2;1;07;41;125,445438730549;41
3264649;1;1;1;80;1;1;2;4; ;2; ;2; ; ; ; ;4;2;1;07;41;113,85731758207;41
3264649;1;3;1;80;1;2; ; ; ;2; ;2; ;2; ;.; ; ;1;07;41;113,85731758207;41
3264651;1;4;1;80;1;1;4;5; ;3; ;2; ; ; ; ;10;2;1;07;41;120,685310558798;41
3264653;1;3;1;80;1;2; ; ; ;2; ;2; ;2; ;.; ; ;1;07;41;165,243607548474;41
3264653;1;4;1;80;1;2; ; ; ; ; ;2; ;2; ;.; ; ;1;07;41;165,243607548474;41
3264654;1;2;1;80;1;1;2;7; ;2; ;2; ; ; ; ;4;2;1;07;41;112,742902739871;41
3264656;1;3;1;80;1;2; ; ; ; ; ;2; ;2; ;.; ; ;1;07;41;105,368271905701;41
3264659;1;1;1;80;1;1;4;5; ;1;2;2; ; ; ; ;11;2;1;07;41;136,324210440482;41
3264660;1;2;1;80;1;2; ; ; ;2; ;2; ;2; ;.; ; ;1;07;41;94,6442015233878;41
3264660;1;3;1;80;1;2; ; ; ;2; ;2; ;2; ;.; ; ;1;07;41;94,6442015233878;41
3264663;1;1;1;80;1;1;4;3; ;2; ;2; ; ; ; ;8;2;1;07;41;157,272030728544;41
3264664;1;2;1;80;1;1;1;2; ;2; ;2; ; ; ; ;2;2;1;07;41;181,276971899017;41
3264664;1;3;1;80;1;2; ; ; ;2; ;2; ;2; ;.; ; ;1;07;41;181,276971899017;41
3264665;1;3;1;80;1;2; ; ; ; ; ;2; ;2; ;.; ; ;1;07;41;151,845664175192;41
3264668;1;1;1;80;1;1;2;2; ;2; ;2; ; ; ; ;2;2;1;07;41;124,379391122512;41
3264668;1;2;1;80;1;2; ; ; ; ; ;2; ;2; ;.; ; ;1;07;41;124,379391122512;41
3264669;1;3;1;80;1;2; ; ; ;2; ;2; ;2; ;.; ; ;1;07;41;158,617350411639;41
3264673;1;1;1;80;1;1;3;8; ;3; ;2; ; ; ; ;1;2;1;07;41;119,283684135422;41
3264673;1;2;1;80;1;1;4;7; ;2; ;2; ; ; ; ;8;2;1;07;41;119,283684135422;41
3264675;1;3;1;80;1;2; ; ; ;2; ;2; ;2; ;.; ; ;1;07;41;130,964268068781;41
3264675;1;4;1;80;1;2; ; ; ; ; ;2; ;2; ;.; ; ;1;07;41;130,964268068781;41
3264677;1;2;1;80;1;1;4;3; ;2; ;2; ; ; ; ;9;2;1;07;41;151,958277655754;41
3264677;1;3;1;80;1;2; ; ; ; ; ;2; ;2; ;.; ; ;1;07;41;151,958277655754;41
3264678;1;1;1;80;1;1;4;4; ;2; ;2; ; ; ; ;4;2;1;07;41;168,240336560491;41
3264678;1;2;1;80;1;2; ; ; ;2; ;2; ;2; ;.; ; ;1;07;41;168,240336560491;41
3264679;1;2;1;80;1;1;4;3; ;2; ;2; ; ; ; ;9;2;1;07;41;140,813152716817;41
3264679;1;4;1;80;1;1;3;3; ;2; ;2; ; ; ; ;9;2;1;07;41;140,813152716817;41
3264681;1;2;1;80;1;1;1;1; ;2; ;2; ; ; ; ;6;2;1;07;41;162,002989899291;41
3264682;1;2;1;80;1;2; ; ; ; ; ;2; ;2; ;.; ; ;1;07;41;95,947733754773;41
3264682;1;3;1;80;1;2; ; ; ;2; ;2; ;2; ;.; ; ;1;07;41;95,947733754773;41
3264683;1;1;1;80;1;1;4;5; ;3; ;2; ; ; ; ;10;2;1;07;41;200,20755949239;41
3264684;1;3;1;80;1;1;3;2; ;2; ;2; ; ; ; ;2;2;1;07;41;150,40828896836;41
3264685;1;2;1;80;1;1;2;9;CAMBIO  DOMICILIO;2; ;2; ; ;1; ;9;1;1;07;41;166,692568879472;41
3264687;1;2;1;80;1;2; ; ; ;2; ;2; ;2; ;.; ; ;1;07;41;166,805182360034;41
3264689;1;3;1;80;1;2; ; ; ; ; ;2; ;2; ;.; ; ;1;07;41;147,289256632399;41
3264689;1;4;1;80;1;2; ; ; ; ; ;2; ;2; ;.; ; ;1;07;41;147,289256632399;41
3264689;1;5;1;80;1;2; ; ; ; ; ;2; ;2; ;.; ; ;1;07;41;147,289256632399;41
3264691;1;2;1;80;1;1;3;6; ;2; ;2; ; ; ; ;2;2;1;07;41;115,58190437008;41
3264705;1;1;1;80;1;1;4;3; ;2; ;2; ; ; ; ;9;2;1;07;13;312,967796830967;13
3264705;1;4;1;80;1;2; ; ; ;2; ;2; ;2; ;.; ; ;1;07;13;312,967796830967;13
3264706;1;3;1;80;1;2; ; ; ;2; ;2; ;2; ;.; ; ;1;07;13;406,410516649799;13
3264706;1;4;1;80;1;2; ; ; ;2; ;2; ;2; ;.; ; ;1;07;13;406,410516649799;13
3264706;1;6;1;80;1;1;4;4; ;2; ;2; ; ; ; ;4;2;1;07;13;406,410516649799;13
3264707;1;5;1;80;1;1;1;6; ;2; ;2; ; ; ; ;9;2;1;07;13;506,963995383454;13
3264709;1;4;1;80;1;2; ; ; ;2; ;2; ;2; ;.; ; ;1;07;13;366,667066367342;13
3264709;1;5;1;80;1;2; ; ; ;2; ;2; ;2; ;.; ; ;1;07;13;366,667066367342;13
3264711;1;1;1;80;1;1;4;7; ;2; ;2; ; ; ; ;9;2;1;07;13;397,285516922502;13
3264714;1;1;1;80;1;2; ; ; ;2; ;2; ;2; ;.; ; ;1;07;13;375,012414716596;13
3264714;1;3;1;80;1;2; ; ; ;2; ;2; ;2; ;.; ; ;1;07;13;375,012414716596;13
3264714;1;4;1;80;1;2; ; ; ; ; ;2; ;2; ;.; ; ;1;07;13;375,012414716596;13
3264717;1;3;1;80;1;2; ; ; ;2; ;2; ;2; ;.; ; ;1;07;13;378,633075993948;13
3264718;1;5;1;80;1;2; ; ; ;2; ;2; ;2; ;.; ; ;1;07;13;265,877693484637;13
3264719;1;3;1;80;1;2; ; ; ;2; ;2; ;2; ;.; ; ;1;07;13;408,493113458356;13
3264720;1;4;1;80;1;2; ; ; ;2; ;2; ;2; ;.; ; ;1;07;13;438,760869198119;13
3264721;1;3;1;80;1;2; ; ; ;2; ;2; ;2; ;.; ; ;1;07;13;413,757169713672;13
3264721;1;4;1;80;1;2; ; ; ;2; ;2; ;2; ;.; ; ;1;07;13;413,757169713672;13
3264723;1;4;1;80;1;1;4;3; ;2; ;2; ; ; ; ;9;2;1;07;13;282,771050013066;13
3264724;1;2;1;80;1;2; ; ; ; ; ;2; ;2; ;.; ; ;1;07;13;347,607682361245;13
3264724;1;3;1;80;1;1;4;5; ;3; ;2; ; ; ; ;10;2;1;07;13;347,607682361245;13
3264724;1;4;1;80;1;2; ; ; ;2; ;2; ;2; ;.; ; ;1;07;13;347,607682361245;13
3264726;1;2;1;80;1;1;2;3; ;2; ;2; ; ; ; ;9;2;1;07;13;436,25459262831;13
3264726;1;3;1;80;1;2; ; ; ;2; ;2; ;2; ;.; ; ;1;07;13;436,25459262831;13
3264729;1;3;1;80;1;2; ; ; ;2; ;2; ;2; ;.; ; ;1;07;13;356,60720056026;13
3264730;1;2;1;80;1;2; ; ; ;2; ;2; ;2; ;.; ; ;1;07;13;303,374550400121;13
3264733;1;4;1;80;1;2; ; ; ;2; ;2; ;2; ;.; ; ;1;07;13;386,35243735832;13
3264734;1;2;1;80;1;1;4;3; ;2; ;2; ; ; ; ;9;2;1;07;13;460,499879022006;13
3264734;1;5;1;80;1;2; ; ; ;2; ;2; ;2; ;.; ; ;1;07;13;460,499879022006;13
3264734;1;6;1;80;1;1;4;4; ;2; ;2; ; ; ; ;8;2;1;07;13;460,499879022006;13
3264735;1;1;1;80;1;1;2;4; ;2; ;2; ; ; ; ;4;2;1;07;13;418,887712594939;13
3264736;1;1;1;80;1;2; ; ; ;2; ;2; ;2; ;.; ; ;1;07;13;360,760172885434;13
3264737;1;2;1;80;1;1;4;5; ;3; ;2; ; ; ; ;10;2;1;07;13;439,221084055902;13
3264737;1;3;1;80;1;2; ; ; ;2; ;2; ;2; ;.; ; ;1;07;13;439,221084055902;13
3264740;1;3;1;80;1;2; ; ; ; ; ;2; ;2; ;.; ; ;1;07;13;367,293053352224;13
3264744;1;3;1;80;1;2; ; ; ;2; ;2; ;2; ;.; ; ;1;07;13;383,543686212062;13
3264745;1;3;1;80;1;2; ; ; ; ; ;2; ;2; ;.; ; ;1;07;13;324,131601622335;13
3264745;1;4;1;80;1;2; ; ; ; ; ;2; ;2; ;.; ; ;1;07;13;324,131601622335;13
3264747;1;4;1;80;1;2; ; ; ; ; ;2; ;2; ;.; ; ;1;07;13;398,982408940807;13
3264747;1;5;1;80;1;2; ; ; ; ; ;2; ;2; ;.; ; ;1;07;13;398,982408940807;13
3264748;1;3;1;80;1;2; ; ; ;2; ;2; ;2; ;.; ; ;1;07;13;323,707921861084;13
3264749;1;1;1;80;1;2; ; ; ;2; ;2; ;2; ;.; ; ;1;07;13;398,318446984927;13
3264750;1;3;1;80;1;1;1;2; ;2; ;2; ; ; ; ;2;2;1;07;13;358,947705002969;13
3264750;1;4;1;80;1;2; ; ; ; ; ;2; ;2; ;.; ; ;1;07;13;358,947705002969;13
3264751;1;1;1;80;1;1;4;5; ;3; ;2; ; ; ; ;10;2;1;07;13;360,014108432811;13
3264752;1;3;1;80;1;2; ; ; ; ; ;2; ;2; ;.; ; ;1;07;13;388,807742467377;13
3264753;1;2;1;80;1;1;3;5; ;3; ;2; ; ; ; ;10;2;1;07;13;366,260123289799;13
3264753;1;3;1;80;1;2; ; ; ;2; ;2; ;2; ;.; ; ;1;07;13;366,260123289799;13
3264756;1;2;1;80;1;2; ; ; ; ; ;2; ;2; ;.; ; ;1;07;13;242,912799064261;13
3264756;1;6;1;80;1;2; ; ; ;2; ;2; ;2; ;.; ; ;1;07;13;242,912799064261;13
3264757;1;3;1;80;1;2; ; ; ;2; ;2; ;2; ;.; ; ;1;07;13;413,757169713672;13
3264759;1;3;1;80;1;2; ; ; ;2; ;2; ;2; ;.; ; ;1;07;13;451,693315357055;13
3264759;1;4;1;80;1;2; ; ; ;2; ;2; ;2; ;.; ; ;1;07;13;451,693315357055;13
3264759;2;2;2;80;1;1;3;5; ;3; ;2; ; ; ; ;10;2;1;07;13;451,693315357055;13
3264760;1;1;1;80;1;2; ; ; ;2; ;2; ;2; ;.; ; ;1;07;13;363,721501069634;13
3264762;1;4;1;80;1;2; ; ; ;2; ;2; ;2; ;.; ; ;1;07;13;358,947705002969;13
3264763;1;1;1;80;1;1;3;3; ;2; ;2; ; ; ; ;8;2;1;07;13;401,284938412518;13
3264764;1;2;1;80;1;2; ; ; ;2; ;2; ;2; ;.; ; ;1;07;13;378,633075993948;13
3264764;1;3;1;80;1;1;2;2; ;2; ;2; ; ; ; ;2;2;1;07;13;378,633075993948;13
3264766;1;1;1;80;1;2; ; ; ;2; ;2; ;2; ;.; ; ;1;07;13;477,965839052977;13
3264767;1;4;1;80;1;2; ; ; ;2; ;2; ;2; ;.; ; ;1;07;13;386,35243735832;13
3264768;1;2;1;80;1;2; ; ; ;2; ;2; ;2; ;.; ; ;1;07;13;485,68520041735;13
3264768;1;3;1;80;1;1;4;8; ;2; ;2; ; ; ; ;8;2;1;07;13;485,68520041735;13
3264769;1;1;1;80;1;1;4;5; ;3; ;2; ; ; ; ;10;2;1;07;13;426,952599852846;13
3264770;1;1;1;80;1;1;1;8; ;2; ;2; ; ; ; ;1;2;1;07;13;423,64058253172;13
3264770;1;2;1;80;1;1;1;7; ;2; ;2; ; ; ; ;1;2;1;07;13;423,64058253172;13
3264770;1;4;1;80;1;2; ; ; ;2; ;2; ;2; ;.; ; ;1;07;13;423,64058253172;13
3264771;1;2;1;80;1;2; ; ; ;2; ;2; ;2; ;.; ; ;1;07;13;362,452676858159;13
3264771;1;3;1;80;1;2; ; ; ; ; ;2; ;2; ;.; ; ;1;07;13;362,452676858159;13
3264773;1;3;1;80;1;2; ; ; ; ; ;2; ;2; ;.; ; ;1;07;13;408,159155326667;13
3264773;1;6;1;80;1;2; ; ; ;2; ;2; ;2; ;.; ; ;1;07;13;408,159155326667;13
3264774;1;2;1;80;1;2; ; ; ;2; ;2; ;2; ;.; ; ;1;07;13;300,919245291064;13
3264775;1;1;1;80;1;1;4;5; ;3; ;2; ; ; ; ;10;2;1;07;13;359,573691987851;13
3264775;1;2;1;80;1;1;4;4; ;2; ;2; ; ; ; ;4;2;1;07;13;359,573691987851;13
3264776;1;4;1;80;1;2; ; ; ;2; ;2; ;2; ;.; ; ;1;07;13;278,491703581227;13
3264776;1;5;1;80;1;2; ; ; ;2; ;2; ;2; ;.; ; ;1;07;13;278,491703581227;13
3264777;1;3;1;80;1;2; ; ; ;2; ;2; ;2; ;.; ; ;1;07;13;348,810899942536;13
3264777;1;8;1;80;1;1;4;8; ;2; ;2; ; ; ; ;3;2;1;07;13;348,810899942536;13
3264779;1;2;1;80;1;1;1;8; ;2; ;2; ; ; ;ESPERANDO QUE LA LLAMEN;12;2;1;07;13;382,138047849138;13
3264780;1;3;1;80;1;1;2;2; ;2; ;2; ; ; ; ;2;2;1;07;20;146,398672446099;20
3264780;1;4;1;80;1;2; ; ; ; ; ;2; ;2; ;.; ; ;1;07;20;146,398672446099;20
3264782;1;4;1;80;1;1;2;8; ;2; ;2; ; ;1; ;2;1;1;07;20;170,615870371195;20
3264782;1;5;1;80;1;2; ; ; ;2; ;2; ;2; ;.; ; ;1;07;20;170,615870371195;20
3264783;1;7;1;80;1;2; ; ; ;2; ;2; ;2; ;.; ; ;1;07;20;164,64179870133;20
3264784;2;2;2;80;1;1;1;3; ;2; ;2; ; ; ; ;9;2;1;07;20;129,643292420314;20
3264785;1;3;1;80;1;2; ; ; ; ; ;2; ;2; ;.; ; ;1;07;20;189,229320591659;20
3264786;1;5;1;80;1;2; ; ; ;2; ;2; ;2; ;.; ; ;1;07;20;80,2262509942464;20
3264788;1;3;1;80;1;2; ; ; ; ; ;2; ;2; ;.; ; ;1;07;20;123,353014645992;20
3264788;1;8;1;80;1;2; ; ; ;2; ;2; ;2; ;.; ; ;1;07;20;123,353014645992;20
3264788;2;3;2;80;1;2; ; ; ; ; ;2; ;2; ;.; ; ;1;07;20;123,353014645992;20
3264788;3;1;3;80;1;1;1;4; ;2; ;2; ; ; ; ;4;2;1;07;20;123,353014645992;20
3264789;1;1;1;80;1;1;4;3; ;2; ;2; ; ; ; ;9;2;1;07;20;114,299920746195;20
3264791;1;2;1;80;1;2; ; ; ;2; ;2; ;2; ;.; ; ;1;07;20;100,556877073831;20
3264791;1;3;1;80;1;2; ; ; ; ; ;2; ;2; ;.; ; ;1;07;20;100,556877073831;20
3264796;1;2;1;80;1;1;4;3; ;2; ;2; ; ; ; ;9;2;1;07;20;210,477893167279;20
3264796;1;4;1;80;1;2; ; ; ;2; ;2; ;2; ;.; ; ;1;07;20;210,477893167279;20
3264796;1;5;1;80;1;2; ; ; ; ; ;2; ;2; ;.; ; ;1;07;20;210,477893167279;20
3264797;1;1;1;80;1;1;2;4; ;1;1;2; ; ; ; ;4;2;1;07;20;126,868447343836;20
3264797;1;2;1;80;1;2; ; ; ;2; ;2; ;2; ;.; ; ;1;07;20;126,868447343836;20
3264797;1;3;1;80;1;2; ; ; ;2; ;2; ;2; ;.; ; ;1;07;20;126,868447343836;20
3264798;1;2;1;80;1;1;2;8; ;2; ;2; ; ; ; ;2;2;1;07;20;134,957551444764;20
3264799;1;4;1;80;1;1;1;8; ;2; ;2; ; ;1; ;2;1;1;07;20;104,116444300358;20
3264799;1;5;1;80;1;1;4;9;POR LA EDAD;2; ;2; ; ; ; ;8;2;1;07;20;104,116444300358;20
3264800;1;1;1;80;1;1;4;4; ;2; ;2; ; ; ; ;8;2;1;07;20;105,40354314739;20
3264801;1;3;1;80;1;2; ; ; ;2; ;2; ;2; ;.; ; ;1;07;20;155,295050044904;20
3264801;1;4;1;80;1;2; ; ; ; ; ;2; ;2; ;.; ; ;1;07;20;155,295050044904;20
3264802;1;3;1;80;1;2; ; ; ; ; ;2; ;2; ;.; ; ;1;07;20;116,62332658947;20
3264803;1;3;1;80;1;2; ; ; ; ; ;2; ;2; ;.; ; ;1;07;20;176,125795519178;20
3264804;1;2;1;80;1;2; ; ; ; ; ;2; ;2; ;.; ; ;1;07;20;302,20264819241;20
3264805;1;2;1;80;1;1;4;3; ;2; ;2; ; ; ; ;9;2;1;07;20;139,987651243591;20
3264806;1;2;1;80;1;2; ; ; ;2; ;2; ;2; ;.; ; ;1;07;20;110,753775044647;20
3264810;1;2;1;80;1;1;2;3; ;2; ;2; ; ; ; ;9;2;1;07;20;156,595570416914;20
3264812;1;3;1;80;1;2; ; ; ; ; ;2; ;2; ;.; ; ;1;07;20;153,584423190207;20
3264813;1;1;1;80;1;1;1;4; ;2; ;2; ; ; ; ;4;2;1;07;20;130,569197124962;20
3264813;1;3;1;80;1;2; ; ; ;2; ;2; ;2; ;.; ; ;1;07;20;130,569197124962;20
3264813;1;4;1;80;1;2; ; ; ; ; ;2; ;2; ;.; ; ;1;07;20;130,569197124962;20
3264813;1;5;1;80;1;1;4;4; ;2; ;2; ; ; ; ;4;2;1;07;20;130,569197124962;20
3264814;1;3;1;80;1;1;1;6; ;2; ;2; ; ; ; ;3;2;1;07;20;134,491147620587;20
3264814;1;4;1;80;1;2; ; ; ;2; ;2; ;2; ;.; ; ;1;07;20;134,491147620587;20
3264814;1;5;1;80;1;2; ; ; ;2; ;2; ;2; ;.; ; ;1;07;20;134,491147620587;20
3264815;1;2;1;80;1;1;3;4; ;2; ;2; ; ; ; ;4;2;1;07;20;155,308471569882;20
3264815;1;4;1;80;1;1;2;6; ;2; ;2; ; ; ; ;11;2;1;07;20;155,308471569882;20
3264819;1;1;1;80;1;2; ; ; ;2; ;2; ;1;4; ;4; ;1;07;20;174,825275147167;20
3264819;1;2;1;80;1;1;2;2; ;2; ;2; ; ; ; ;2;2;1;07;20;174,825275147167;20
3264820;1;2;1;80;1;1;4;3; ;2; ;2; ; ; ; ;4;2;1;07;20;119,634473816178;20
3264820;1;4;1;80;1;2; ; ; ; ; ;2; ;2; ;.; ; ;1;07;20;119,634473816178;20
3264822;1;1;1;80;1;1;4;8; ;2; ;2; ; ; ; ;9;2;1;07;20;140,90442612539;20
3264822;1;2;1;80;1;2; ; ; ;2; ;2; ;2; ;.; ; ;1;07;20;140,90442612539;20
3264822;1;3;1;80;1;2; ; ; ;2; ;2; ;2; ;.; ; ;1;07;20;140,90442612539;20
3264822;1;4;1;80;1;2; ; ; ; ; ;2; ;2; ;.; ; ;1;07;20;140,90442612539;20
3264826;1;3;1;80;1;2; ; ; ;2; ;2; ;2; ;.; ; ;1;07;20;292,797344892198;20
3264826;1;4;1;80;1;2; ; ; ; ; ;2; ;2; ;.; ; ;1;07;20;292,797344892198;20
3264827;1;2;1;80;1;2; ; ; ; ; ;2; ;2; ;.; ; ;1;07;20;151,087902571226;20
3264831;1;3;1;80;1;2; ; ; ; ; ;2; ;2; ;.; ; ;1;07;20;72,6652728476041;20
3264831;1;5;1;80;1;2; ; ; ; ; ;2; ;2; ;.; ; ;1;07;20;72,6652728476041;20
3264832;1;2;1;80;1;1;3;3; ;2; ;2; ; ; ; ;9;2;1;07;20;219,395650499676;20
3264833;1;3;1;80;1;2; ; ; ;2; ;2; ;2; ;.; ; ;1;07;20;122,743316045801;20
3264833;1;5;1;80;1;2; ; ; ;2; ;2; ;2; ;.; ; ;1;07;20;122,743316045801;20
3264835;1;1;1;80;1;1;4;8; ;2; ;2; ; ; ; ;9;2;1;07;20;144,688045591402;20
3264835;1;3;1;80;1;1;2;3; ;2; ;2; ; ; ; ;9;2;1;07;20;144,688045591402;20
3264836;1;2;1;80;1;1;4;3; ;2; ;2; ; ; ; ;9;2;1;07;20;69,3958254983106;20
3264836;1;3;1;80;1;1;1;8; ;2; ;1;100000; ; ; ;1;2;1;07;20;69,3958254983106;20
3264836;1;4;1;80;1;2; ; ; ; ; ;2; ;2; ;.; ; ;1;07;20;69,3958254983106;20
3264836;1;6;1;80;1;2; ; ; ; ; ;2; ;2; ;.; ; ;1;07;20;69,3958254983106;20
3264837;1;1;1;80;1;1;4;4; ;2; ;2; ; ; ; ;4;2;1;07;20;120,733493296531;20
3264837;1;2;1;80;1;2; ; ; ;2; ;2; ;2; ;.; ; ;1;07;20;120,733493296531;20
3264838;1;4;1;80;1;1;4;4; ;2; ;2; ; ; ; ;4;2;1;07;20;131,758324851377;20
3264838;1;5;1;80;1;2; ; ; ;2; ;2; ;2; ;.; ; ;1;07;20;131,758324851377;20
3264838;1;7;1;80;1;2; ; ; ; ; ;2; ;2; ;.; ; ;1;07;20;131,758324851377;20
3264839;1;3;1;80;1;2; ; ; ;2; ;2; ;2; ;.; ; ;1;07;20;157,521475121563;20
3264840;1;1;1;80;1;1;1;8; ;2; ;2; ; ; ; ;1;2;1;07;20;146,887627618104;20
3264841;1;3;1;80;1;2; ; ; ; ; ;2; ;2; ;.; ; ;1;07;20;144,674624066424;20
3264846;1;3;1;80;1;2; ; ; ;2; ;2; ;2; ;.; ; ;1;07;20;146,398672446099;20
3264846;1;4;1;80;1;2; ; ; ; ; ;2; ;2; ;.; ; ;1;07;20;146,398672446099;20
3264847;1;1;1;80;1;2; ; ; ;2; ;2; ;2; ;.; ; ;1;07;20;69,3958254983106;20
3264847;1;2;1;80;1;1;3;2; ;2; ;2; ; ; ; ;2;2;1;07;20;69,3958254983106;20
3264848;1;3;1;80;1;2; ; ; ;2; ;2; ;2; ;.; ; ;1;07;20;180,819640862565;20
3264848;1;4;1;80;1;1;1;2; ;2; ;2; ; ; ; ;1;2;1;07;20;180,819640862565;20
3264848;1;6;1;80;1;1;4;4; ;2; ;2; ; ; ; ;8;2;1;07;20;180,819640862565;20
3264849;1;2;1;80;1;1;3;8; ;2; ;2; ; ; ; ;1;2;1;07;20;162,529023572562;20
3264850;1;1;1;80;1;1;3;3; ;2; ;2; ; ; ; ;1;2;1;07;20;168,016001241408;20
3264850;1;3;1;80;1;2; ; ; ; ; ;2; ;2; ;.; ; ;1;07;20;168,016001241408;20
3264850;1;4;1;80;1;2; ; ; ; ; ;2; ;2; ;.; ; ;1;07;20;168,016001241408;20
3264850;1;10;1;80;1;1;3;3; ;2; ;2; ; ; ; ;9;2;1;07;20;168,016001241408;20
3264851;1;1;1;80;1;1;4;4; ;2; ;2; ; ; ; ;4;2;1;07;54;310,076529843435;54
3264851;1;2;1;80;1;1;4;6; ;2; ;2; ; ; ; ;9;2;1;07;54;310,076529843435;54
3264851;1;5;1;80;1;2; ; ; ; ; ;2; ;2; ;.; ; ;1;07;54;310,076529843435;54
3264852;1;1;1;80;1;1;4;5; ;3; ;2; ; ; ; ;11;2;1;07;54;346,105301884561;54
3264852;1;2;1;80;1;1;4;6; ;2; ;2; ; ; ; ;9;2;1;07;54;346,105301884561;54
3264852;1;6;1;80;1;2; ; ; ;2; ;2; ;2; ;.; ; ;1;07;54;346,105301884561;54
3264852;1;7;1;80;1;2; ; ; ;2; ;2; ;2; ;.; ; ;1;07;54;346,105301884561;54
3264856;1;3;1;80;1;2; ; ; ; ; ;2; ;2; ;.; ; ;1;07;54;366,615874681447;54
3264858;1;3;1;80;1;2; ; ; ; ; ;2; ;2; ;.; ; ;1;07;54;367,180648003437;54
3264858;1;4;1;80;1;2; ; ; ; ; ;2; ;2; ;.; ; ;1;07;54;367,180648003437;54
3264861;1;3;1;80;1;1;2;2; ;2; ;2; ; ; ; ;2;2;1;07;54;257,022212316449;54
3264861;1;4;1;80;1;1;4;5; ;3; ;2; ; ; ; ;8;2;1;07;54;257,022212316449;54
3264862;3;3;3;80;1;1;1;8; ;2; ;1;100000; ; ; ;1;2;1;07;54;609,293853759025;54
3264863;1;1;1;80;1;1;4;3; ;2; ;2; ; ; ; ;7;2;1;07;54;202,596212896619;54
3264863;1;4;1;80;1;1;4;4; ;2; ;2; ; ; ; ;4;2;1;07;54;202,596212896619;54
3264864;1;2;1;80;1;2; ; ; ;2; ;2; ;2; ;.; ; ;1;07;54;408,78919930158;54
3264865;1;3;1;80;1;2; ; ; ; ; ;2; ;2; ;.; ; ;1;07;54;348,437502221033;54
3264870;1;3;1;80;1;2; ; ; ;2; ;2; ;2; ;.; ; ;1;07;54;367,180648003437;54
3264870;1;4;1;80;1;2; ; ; ; ; ;2; ;2; ;.; ; ;1;07;54;367,180648003437;54
3264871;1;1;1;80;1;1;3;4; ;2; ;2; ; ; ; ;4;2;1;07;54;271,30823034228;54
3264872;1;2;1;80;1;1;4;4; ;2; ;2; ; ; ; ;4;2;1;07;54;372,425139791801;54
3264873;1;1;1;80;1;1;4;3; ;2; ;2; ; ; ; ;9;2;1;07;54;394,796204016324;54
3264873;1;2;1;80;1;1;4;4; ;2; ;2; ; ; ; ;4;2;1;07;54;394,796204016324;54
3264874;1;2;1;80;1;1;4;3; ;2; ;2; ; ; ; ;9;2;1;07;54;411,336978372244;54
3264874;1;3;1;80;1;2; ; ; ; ; ;2; ;2; ;.; ; ;1;07;54;411,336978372244;54
3264878;1;3;1;80;1;1;4;3; ;2; ;2; ; ; ; ;9;2;1;07;54;358,202658653208;54
3264879;1;2;1;80;1;2; ; ; ;2; ;2; ;1;1; ;2; ;1;07;54;354,312862404292;54
3264881;1;3;1;80;1;2; ; ; ; ; ;2; ;2; ;.; ; ;1;07;54;396,486187024424;54
3264884;1;5;1;80;1;1;4;9;LOS HIJOS NO LA DEJAN TABAJAR;2; ;2; ; ; ; ;8;2;1;07;54;310,933775891747;54
3264885;1;2;1;80;1;1;1;7; ;2; ;2; ; ; ; ;9;2;1;07;54;202,596212896619;54
3264885;1;3;1;80;1;2; ; ; ;2; ;2; ;2; ;.; ; ;1;07;54;202,596212896619;54
3264886;1;1;1;80;1;1;4;6; ;2; ;2; ; ; ; ;8;2;1;07;54;461,824835044406;54
3264887;1;1;1;80;1;1;3;4; ;2; ;2; ; ; ; ;4;2;1;07;54;526,348199130812;54
3264887;1;2;1;80;1;2; ; ; ;2; ;2; ;2; ;.; ; ;1;07;54;526,348199130812;54
3264887;1;4;1;80;1;1;1;8; ;2; ;2; ; ; ; ;2;2;1;07;54;526,348199130812;54
3264891;1;3;1;80;1;1;1;8; ;2; ;2; ; ; ; ;9;2;1;07;54;357,021226668809;54
3264891;1;4;1;80;1;1;1;6; ;2; ;2; ; ; ; ;2;2;1;07;54;357,021226668809;54
3264891;1;5;1;80;1;1;1;8; ;2; ;2; ; ; ; ;2;2;1;07;54;357,021226668809;54
3264892;1;2;1;80;1;1;2;2; ;2; ;2; ; ; ; ;2;2;1;07;54;306,264177600901;54
3264893;1;1;1;80;1;1;1;4; ;2; ;1;30000; ; ; ;4;2;1;07;54;396,984865273508;54
3264893;1;2;1;80;1;1;1;4; ;2; ;2; ; ; ; ;4;2;1;07;54;396,984865273508;54
3264895;1;1;1;80;1;1;4;4; ;2; ;2; ; ; ; ;4;2;1;07;54;529,460751523466;54
3264896;1;4;1;80;1;1;1;2; ; ; ;2; ; ; ; ;2;2;1;07;54;378,872587885999;54
3264928;1;2;1;80;1;2; ; ; ; ; ;2; ;2; ;.; ; ;1;07;47;7222,64432373335; 
3264928;1;4;1;80;1;2; ; ; ;3; ;2; ;2; ;.; ; ;1;07;47;7222,64432373335; 
3264934;1;2;1;80;1;2; ; ; ;2; ;2; ;2; ;.; ; ;1;07;47;8079,93053378918; 
3264934;1;5;1;80;1;2; ; ; ; ; ;2; ;2; ;.; ; ;1;07;47;8079,93053378918; 
3264936;1;2;1;80;1;2; ; ; ;2; ;2; ;2; ;.; ; ;1;07;47;6238,25445298689; 
3264937;1;1;1;80;1;1;4;4; ;2; ;2; ; ; ; ;8;2;1;07;47;7943,92544428909; 
3264937;2;2;2;80;1;1;4;3; ;2; ;2; ; ; ; ;9;2;1;07;47;7943,92544428909; 
3264937;2;3;2;80;1;2; ; ; ;2; ;2; ;2; ;.; ; ;1;07;47;7943,92544428909; 
3264937;2;4;2;80;1;2; ; ; ;2; ;2; ;2; ;.; ; ;1;07;47;7943,92544428909; 
3264938;1;1;1;80;1;1;4;3; ;2; ;2; ; ; ; ;4;2;1;07;47;5182,5499411874; 
3264965;1;2;1;80;1;2; ; ; ;2; ;2; ;2; ;.; ; ;1;07;47;7299,80113949262; 
3264965;1;4;1;80;1;2; ; ; ;2; ;2; ;2; ;.; ; ;1;07;47;7299,80113949262; 
3264975;1;2;1;80;1;2; ; ; ;2; ;2; ;2; ;.; ; ;1;07;47;6423,83365258247; 
3264975;1;3;1;80;1;2; ; ; ; ; ;2; ;2; ;.; ; ;1;07;47;6423,83365258247; 
3264979;1;2;1;80;1;2; ; ; ;2; ;2; ;1;4; ;9; ;1;07;47;7142,84331461134; 
3264979;1;3;1;80;1;2; ; ; ;2; ;2; ;2; ;.; ; ;1;07;47;7142,84331461134; 
3264979;1;4;1;80;1;2; ; ; ; ; ;2; ;2; ;.; ; ;1;07;47;7142,84331461134; 
3264986;1;1;1;80;1;1;2;7; ;2; ;2; ; ; ; ;9;2;1;07;54;481,456390070635;54
3264987;1;2;1;80;1;1;4;4; ;2; ;2; ; ; ; ;4;2;1;07;54;361,279729154216;54
3264987;2;2;2;80;1;1;2;3; ;2; ;2; ; ; ; ;9;2;1;07;54;361,279729154216;54
3264988;1;1;1;80;1;1;3;7; ;3; ;2; ; ;2; ;8;1;1;07;54;511,889114499776;54
3264989;1;2;1;80;1;2; ; ; ;2; ;2; ;2; ;.; ; ;1;07;54;401,222627352272;54
3265025;1;1;1;80;1;1;4;3; ;2; ;2; ; ; ; ;9;2;1;07;47;5811,73519449405; 
3265026;1;3;1;80;1;2; ; ; ; ; ;2; ;2; ;.; ; ;1;07;47;6691,12362766717; 
3265030;1;2;1;80;1;1;2;3; ;2; ;2; ; ; ; ;9;2;1;07;47;6300,13446388558; 
3265042;1;2;1;80;1;1;2;3; ;2; ;2; ; ; ; ;9;2;1;07;27;20,9929105947231;27
3265043;1;1;1;80;1;1;3;3; ;2; ;2; ; ;2; ;9;1;1;07;27;20,9929105947231;27
3265043;1;2;1;80;1;1;1;5; ;3; ;2; ; ; ; ;10;2;1;07;27;20,9929105947231;27
3265044;1;2;1;80;1;2; ; ; ; ; ;2; ;2; ;.; ; ;1;07;27;20,9929105947231;27
3265045;1;1;1;80;1;1;4;3; ;2; ;2; ; ; ; ;9;2;1;07;27;104,964552973615;27
3265045;1;2;1;80;1;2; ; ; ; ; ;2; ;2; ;.; ; ;1;07;27;104,964552973615;27
3265045;1;3;1;80;1;2; ; ; ; ; ;2; ;2; ;.; ; ;1;07;27;104,964552973615;27
3265047;1;2;1;80;1;2; ; ; ; ; ;2; ;2; ;.; ; ;1;07;27;20,9929105947231;27
3265048;1;3;1;80;1;2; ; ; ;2; ;2; ;2; ;.; ; ;1;07;27;20,9929105947231;27
3265048;1;4;1;80;1;2; ; ; ; ; ;2; ;2; ;.; ; ;1;07;27;20,9929105947231;27
3265048;1;5;1;80;1;1;2;8; ;2; ;2; ; ; ; ;2;2;1;07;27;20,9929105947231;27
3265050;1;1;1;80;1;1;4;4; ;2; ;2; ; ; ; ;4;2;1;07;27;62,9787317841692;27
3265050;1;2;1;80;1;1;4;4; ;2; ;2; ; ; ; ;4;2;1;07;27;62,9787317841692;27
3265050;2;2;2;80;1;2; ; ; ;2; ;2; ;1;1; ;5; ;1;07;27;62,9787317841692;27
3265050;2;3;2;80;1;2; ; ; ; ; ;2; ;2; ;.; ; ;1;07;27;62,9787317841692;27
3265051;1;2;1;80;1;2; ; ; ; ; ;2; ;2; ;.; ; ;1;07;27;62,9787317841692;27
3265052;1;1;1;80;1;1;2;8; ;2; ;2; ; ;2; ;2;1;1;07;27;62,9787317841692;27
3265052;1;3;1;80;1;2; ; ; ;2; ;2; ;2; ;.; ; ;1;07;27;62,9787317841692;27
3265053;1;2;1;80;1;2; ; ; ; ; ;2; ;2; ;.; ; ;1;07;27;246,695283202425;27
3265054;1;1;1;80;1;1;1;4; ;2; ;2; ; ; ; ;4;2;1;07;27;62,9787317841692;27
3265054;1;4;1;80;1;2; ; ; ;2; ;2; ;2; ;.; ; ;1;07;27;62,9787317841692;27
3265054;1;5;1;80;1;2; ; ; ;2; ;2; ;2; ;.; ; ;1;07;27;62,9787317841692;27
3265054;1;6;1;80;1;2; ; ; ; ; ;2; ;2; ;.; ; ;1;07;27;62,9787317841692;27
3265055;1;1;1;80;1;1;4;4; ;2; ;2; ; ; ; ;4;2;1;07;27;20,9929105947231;27
3265055;1;2;1;80;1;2; ; ; ;2; ;2; ;2; ;.; ; ;1;07;27;20,9929105947231;27
3265055;1;4;1;80;1;2; ; ; ;2; ;2; ;2; ;.; ; ;1;07;27;20,9929105947231;27
3265055;1;8;1;80;1;1;2;8; ;2; ;2; ; ; ; ;9;2;1;07;27;20,9929105947231;27
3265055;1;10;1;80;1;2; ; ; ;2; ;2; ;2; ;.; ; ;1;07;27;20,9929105947231;27
3265056;1;2;1;80;1;2; ; ; ;2; ;2; ;1;2; ;9; ;1;07;27;20,9929105947231;27
3265057;1;2;1;80;1;1;1;8; ;2; ;2; ; ;1; ;5;1;1;07;27;64,6333735113335;27
3265057;1;3;1;80;1;2; ; ; ;2; ;2; ;2; ;.; ; ;1;07;27;64,6333735113335;27
3265057;1;5;1;80;1;1;1;2; ;2; ;2; ; ; ; ;2;2;1;07;27;64,6333735113335;27
3265060;1;1;1;80;1;1;1;2; ;2; ;2; ; ;1; ;2;1;1;07;27;41,9858211894461;27
3265067;1;2;1;80;1;2; ; ; ;2; ;2; ;2; ;.; ; ;1;07;27;20,9929105947231;27
3265069;1;1;1;80;1;2; ; ; ;2; ;2; ;2; ;.; ; ;1;07;27;96,035641626111;27
3265069;1;2;1;80;1;2; ; ; ;2; ;2; ;2; ;.; ; ;1;07;27;96,035641626111;27
3265069;1;4;1;80;1;1;4;4; ;2; ;2; ; ; ; ;4;2;1;07;27;96,035641626111;27
3265072;1;4;1;80;1;1;1;1; ;2; ;2; ; ; ; ;11;2;1;07;27;62,9787317841692;27
3265073;1;1;1;80;1;2; ; ; ;2; ;2; ;2; ;.; ; ;1;07;27;314,893658920846;27
3265073;1;2;1;80;1;2; ; ; ;2; ;2; ;2; ;.; ; ;1;07;27;314,893658920846;27
3265073;1;4;1;80;1;1;1;2; ;2; ;2; ; ; ; ;2;2;1;07;27;314,893658920846;27
3265074;1;2;1;80;1;2; ; ; ;2; ;2; ;2; ;.; ; ;1;07;27;62,9787317841692;27
3265074;1;3;1;80;1;2; ; ; ; ; ;2; ;2; ;.; ; ;1;07;27;62,9787317841692;27
3265075;1;1;1;80;1;2; ; ; ;2; ;2; ;1;2; ;2; ;1;07;27;62,9787317841692;27
3265076;1;1;1;80;1;1;3;6; ;2; ;2; ; ; ; ;1;2;1;07;27;314,893658920846;27
3265076;1;2;1;80;1;1;1;8; ;2; ;2; ; ; ; ;2;2;1;07;27;314,893658920846;27
3265077;1;1;1;80;1;1;4;9;POR LA EDAD;2; ;2; ; ; ; ;8;2;1;07;27;20,9929105947231;27
3265077;1;4;1;80;1;1;1;2; ;2; ;2; ; ; ; ;2;2;1;07;27;20,9929105947231;27
3265078;1;3;1;80;1;2; ; ; ;2; ;2; ;2; ;.; ; ;1;07;27;20,9929105947231;27
3265078;1;4;1;80;1;2; ; ; ; ; ;2; ;2; ;.; ; ;1;07;27;20,9929105947231;27
3265081;1;2;1;80;1;2; ; ; ;2; ;2; ;2; ;.; ; ;1;07;27;20,9929105947231;27
3265082;1;2;1;80;1;2; ; ; ;2; ;2; ;2; ;.; ; ;1;07;27;20,9929105947231;27
3265083;1;1;1;80;1;1;2;9;CAMBIO DE DOMICILIO;2; ;2; ; ; ; ;9;2;1;07;27;43,2052452073643;27
3265086;1;2;1;80;1;2; ; ; ;2; ;2; ;2; ;.; ; ;1;07;27;41,9858211894461;27
3265087;1;2;1;80;1;2; ; ; ;2; ;2; ;2; ;.; ; ;1;07;27;20,9929105947231;27
3265087;1;3;1;80;1;2; ; ; ;2; ;2; ;2; ;.; ; ;1;07;27;20,9929105947231;27
3265090;1;1;1;80;1;1;4;5; ;3; ;2; ; ; ; ;10;2;1;07;27;73,8241046745462;27
3265090;1;2;1;80;1;1;4;5; ;3; ;2; ; ; ; ;10;2;1;07;27;73,8241046745462;27
3265096;1;2;1;80;1;1;1;2; ;2; ;2; ; ; ; ;2;2;1;07;27;20,9929105947231;27
3265097;1;2;1;80;1;2; ; ; ;2; ;2; ;2; ;.; ; ;1;07;27;20,9929105947231;27
3265097;1;3;1;80;1;2; ; ; ; ; ;2; ;2; ;.; ; ;1;07;27;20,9929105947231;27
3265097;1;5;1;80;1;1;1;8; ;2; ;2; ; ;1; ;1;1;1;07;27;20,9929105947231;27
3265097;1;6;1;80;1;1;1;3; ;2; ;2; ; ; ; ;9;2;1;07;27;20,9929105947231;27
3265100;1;1;1;80;1;1;4;3; ;2; ;2; ; ; ; ;9;2;1;07;27;62,9787317841692;27
3265100;1;3;1;80;1;2; ; ; ;2; ;2; ;2; ;.; ; ;1;07;27;62,9787317841692;27
3265102;1;3;1;80;1;2; ; ; ;2; ;2; ;1;1; ;5; ;1;07;27;62,9787317841692;27
3265102;1;4;1;80;1;2; ; ; ;2; ;2; ;2; ;.; ; ;1;07;27;62,9787317841692;27
3265102;1;5;1;80;1;2; ; ; ;2; ;2; ;2; ;.; ; ;1;07;27;62,9787317841692;27
3265102;1;6;1;80;1;2; ; ; ; ; ;2; ;2; ;.; ; ;1;07;27;62,9787317841692;27
3265102;1;7;1;80;1;2; ; ; ; ; ;2; ;2; ;.; ; ;1;07;27;62,9787317841692;27
3265103;1;5;1;80;1;2; ; ; ; ; ;2; ;2; ;.; ; ;1;07;27;104,964552973615;27
3265105;1;1;1;80;1;1;2;6; ;2; ;2; ; ; ; ;4;2;1;07;27;20,9929105947231;27
3265105;1;3;1;80;1;1;1;8; ;2; ;2; ; ; ; ;3;2;1;07;27;20,9929105947231;27
3265106;1;1;1;80;1;1;4;5; ;3; ;2; ; ; ; ;8;2;1;07;27;20,9929105947231;27
3265109;1;1;1;80;1;1;1;3; ;2; ;2; ; ; ; ;9;2;1;07;27;41,9858211894461;27
3265109;1;3;1;80;1;2; ; ; ; ; ;2; ;2; ;.; ; ;1;07;27;41,9858211894461;27
3265112;1;2;1;80;1;2; ; ; ;2; ;2; ;2; ;.; ; ;1;07;27;20,9929105947231;27
3265112;1;3;1;80;1;2; ; ; ; ; ;2; ;2; ;.; ; ;1;07;27;20,9929105947231;27
3265120;1;2;1;80;1;2; ; ; ; ; ;2; ;2; ;.; ; ;1;07;27;20,9929105947231;27
3265122;1;3;1;80;1;2; ; ; ;2; ;2; ;2; ;.; ; ;1;07;27;104,964552973615;27
3265124;1;5;1;80;1;2; ; ; ;2; ;2; ;2; ;.; ; ;1;07;27;104,964552973615;27
3265126;1;4;1;80;1;1;1;3; ;2; ;2; ; ; ; ;9;2;1;07;27;88,3420066220151;27
3265127;1;2;1;80;1;2; ; ; ;2; ;2; ;2; ;.; ; ;1;07;27;20,9929105947231;27
3265129;1;2;1;80;1;1;3;3; ;2; ;2; ; ; ; ;2;2;1;07;27;20,9929105947231;27
3265130;1;1;1;80;1;1;4;5; ;3; ;2; ; ; ; ;10;2;1;07;27;20,9929105947231;27
3265130;1;4;1;80;1;2; ; ; ; ; ;2; ;2; ;.; ; ;1;07;27;20,9929105947231;27
3265131;1;4;1;80;1;2; ; ; ;2; ;2; ;2; ;.; ; ;1;07;27;104,964552973615;27
3265132;1;1;1;80;1;1;4;3; ;2; ;2; ; ; ; ;9;2;1;07;27;104,964552973615;27
3265132;1;3;1;80;1;1;2;2; ;2; ;2; ; ; ; ;2;2;1;07;27;104,964552973615;27
3265133;1;3;1;80;1;2; ; ; ; ; ;2; ;2; ;.; ; ;1;07;27;20,9929105947231;27
3265134;1;2;1;80;1;2; ; ; ;2; ;2; ;2; ;.; ; ;1;07;27;20,9929105947231;27
3265135;1;1;1;80;1;1;4;3; ;2; ;2; ; ; ; ;9;2;1;07;27;20,9929105947231;27
3265135;1;4;1;80;1;1;4;2; ;2; ;2; ; ; ; ;2;2;1;07;27;20,9929105947231;27
3265137;1;1;1;80;1;1;4;8; ;2; ;2; ; ; ; ;11;2;1;07;27;20,9929105947231;27
3265140;1;1;1;80;1;1;4;4; ;2; ;2; ; ; ; ;9;2;1;07;27;66,4129858391636;27
3265140;1;2;1;80;1;1;1;2; ;2; ;2; ; ; ; ;2;2;1;07;27;66,4129858391636;27
3265140;1;3;1;80;1;1;3;2; ;2; ;2; ; ; ; ;2;2;1;07;27;66,4129858391636;27
3265140;1;4;1;80;1;2; ; ; ;2; ;2; ;2; ;.; ; ;1;07;27;66,4129858391636;27
3265140;1;5;1;80;1;2; ; ; ; ; ;2; ;2; ;.; ; ;1;07;27;66,4129858391636;27
3265140;1;6;1;80;1;2; ; ; ; ; ;2; ;2; ;.; ; ;1;07;27;66,4129858391636;27
3265141;1;2;1;80;1;1;1;2; ;2; ;2; ; ; ; ;2;2;1;07;27;20,9929105947231;27
3265141;1;4;1;80;1;2; ; ; ;2; ;2; ;2; ;.; ; ;1;07;27;20,9929105947231;27
3265142;1;1;1;80;1;1;1;2; ;2; ;2; ; ; ; ;2;2;1;07;27;20,9929105947231;27
3265143;1;2;1;80;1;1;2;8; ;2; ;2; ; ; ; ;2;2;1;07;27;20,9929105947231;27
3265143;1;3;1;80;1;2; ; ; ;2; ;2; ;2; ;.; ; ;1;07;27;20,9929105947231;27
3265144;1;1;1;80;1;1;4;5; ;3; ;2; ; ; ; ;10;2;1;07;27;104,964552973615;27
3265144;1;2;1;80;1;1;3;5; ;3; ;2; ; ; ; ;10;2;1;07;27;104,964552973615;27
3265144;1;3;1;80;1;2; ; ; ;2; ;2; ;2; ;.; ; ;1;07;27;104,964552973615;27
3265150;3;3;3;80;1;2; ; ; ; ; ;2; ;2; ;.; ; ;1;07;27;104,964552973615;27
3265162;2;2;2;80;1;2; ; ; ;2; ;2; ;2; ;.; ; ;1;07;27;20,9929105947231;27
3265163;1;1;1;80;1;1;2;3; ;2; ;2; ; ; ; ;9;2;1;07;27;104,964552973615;27
3265164;1;1;1;80;1;2; ; ; ;2; ;2; ;2; ;.; ; ;1;07;27;104,964552973615;27
3265164;1;2;1;80;1;2; ; ; ;2; ;2; ;2; ;.; ; ;1;07;27;104,964552973615;27
3265164;1;3;1;80;1;1;1;8; ;2; ;2; ; ; ; ;2;2;1;07;27;104,964552973615;27
3265166;1;2;1;80;1;2; ; ; ;2; ;2; ;2; ;.; ; ;1;07;27;20,9929105947231;27
3265166;1;3;1;80;1;2; ; ; ; ; ;2; ;2; ;.; ; ;1;07;27;20,9929105947231;27
3265167;1;1;1;80;1;1;4;8; ;2; ;2; ; ; ; ;9;2;1;07;27;20,9929105947231;27
3265169;1;1;1;80;1;1;4;5; ;3; ;2; ; ; ; ;10;2;1;07;27;20,9929105947231;27
3265170;1;3;1;80;1;2; ; ; ;2; ;2; ;2; ;.; ; ;1;07;27;20,9929105947231;27
3265170;1;4;1;80;1;1;4;8; ;2; ;2; ; ; ; ;4;2;1;07;27;20,9929105947231;27
3265171;1;3;1;80;1;1;4;8; ;2; ;2; ; ; ; ;4;2;1;07;27;20,9929105947231;27
3265172;1;3;1;80;1;2; ; ; ;2; ;2; ;2; ;.; ; ;1;07;27;20,9929105947231;27
3265173;1;3;1;80;1;2; ; ; ;2; ;2; ;2; ;.; ; ;1;07;27;20,9929105947231;27
3265173;1;6;1;80;1;2; ; ; ;2; ;2; ;2; ;.; ; ;1;07;27;20,9929105947231;27
3265174;1;5;1;80;1;2; ; ; ;2; ;2; ;2; ;.; ; ;1;07;27;20,9929105947231;27
3265176;1;3;1;80;1;2; ; ; ;2; ;2; ;2; ;.; ; ;1;07;27;20,9929105947231;27
3265177;1;1;1;80;1;1;2;8; ;2; ;2; ; ;1; ;9;1;1;07;27;20,9929105947231;27
3265177;1;3;1;80;1;2; ; ; ;2; ;2; ;2; ;.; ; ;1;07;27;20,9929105947231;27
3265178;1;1;1;80;1;1;4;8; ;2; ;2; ; ; ; ;9;2;1;07;27;20,9929105947231;27
3265179;1;1;1;80;1;1;4;8; ;2; ;2; ; ; ; ;9;2;1;07;27;20,9929105947231;27
3265180;1;1;1;80;1;2; ; ; ;2; ;2; ;2; ;.; ; ;1;07;27;20,9929105947231;27
3265180;1;2;1;80;1;2; ; ; ;2; ;2; ;2; ;.; ; ;1;07;27;20,9929105947231;27
3265180;1;3;1;80;1;2; ; ; ;2; ;2; ;2; ;.; ; ;1;07;27;20,9929105947231;27
3265181;1;2;1;80;1;2; ; ; ;2; ;2; ;2; ;.; ; ;1;07;27;20,9929105947231;27
3265183;1;1;1;80;1;1;4;8; ;2; ;2; ; ; ; ;9;2;1;07;27;104,964552973615;27
3265183;2;2;2;80;1;1;2;8; ;2; ;2; ; ; ; ;9;2;1;07;27;104,964552973615;27
3265184;1;3;1;80;1;2; ; ; ;2; ;2; ;2; ;.; ; ;1;07;27;20,9929105947231;27
3265184;1;4;1;80;1;2; ; ; ;2; ;2; ;2; ;.; ; ;1;07;27;20,9929105947231;27
3265185;1;2;1;80;1;1;2;8; ;2; ;2; ; ; ; ;9;2;1;07;27;104,964552973615;27
3265188;1;1;1;80;1;1;2;6; ;2; ;2; ; ; ; ;8;2;1;07;27;20,9929105947231;27
3265188;1;2;1;80;1;2; ; ; ;2; ;2; ;1;1; ;1; ;1;07;27;20,9929105947231;27
3265189;1;2;1;80;1;1;3;8; ;2; ;2; ; ; ; ;9;2;1;07;27;104,964552973615;27
3265190;1;2;1;80;1;2; ; ; ;2; ;2; ;2; ;.; ; ;1;07;27;20,9929105947231;27
3265190;1;3;1;80;1;2; ; ; ;2; ;2; ;2; ;.; ; ;1;07;27;20,9929105947231;27
3265192;1;1;1;80;1;1;4;5; ;3; ;2; ; ; ; ;10;2;1;07;27;20,9929105947231;27
3265192;1;2;1;80;1;1;4;5; ;3; ;2; ; ; ; ;10;2;1;07;27;20,9929105947231;27
3265194;1;2;1;80;1;2; ; ; ;2; ;2; ;2; ;.; ; ;1;07;27;20,9929105947231;27
3265194;1;3;1;80;1;2; ; ; ;2; ;2; ;2; ;.; ; ;1;07;27;20,9929105947231;27
3265194;1;4;1;80;1;2; ; ; ;2; ;2; ;2; ;.; ; ;1;07;27;20,9929105947231;27
3265194;1;5;1;80;1;2; ; ; ; ; ;2; ;2; ;.; ; ;1;07;27;20,9929105947231;27
3265195;1;3;1;80;1;2; ; ; ;2; ;2; ;2; ;.; ; ;1;07;11;2316,96713794318;11
3265196;1;2;1;80;1;1;4;3; ;2; ;2; ; ; ; ;11;2;1;07;11;2368,11954506831;11
3265198;1;1;1;80;1;1;2;5; ;3; ;2; ; ; ; ;10;2;1;07;11;2604,47326306584;11
3265202;1;3;1;80;1;2; ; ; ; ; ;2; ;2; ;.; ; ;1;07;11;2482,63310238846;11
3265204;1;3;1;80;1;2; ; ; ;2; ;2; ;2; ;.; ; ;1;07;11;2316,96713794318;11
3265205;1;2;1;80;1;2; ; ; ;2; ;2; ;2; ;.; ; ;1;07;11;2073,70810402106;11
3265206;1;3;1;80;1;1;4;4; ;3; ;2; ; ; ; ;10;2;1;07;11;2572,39249006301;11
3265211;1;1;1;80;1;1;2;5; ;3; ;2; ; ; ; ;10;2;1;07;11;2368,11954506831;11
3265211;1;2;1;80;1;1;4;5; ;3; ;2; ; ; ; ;10;2;1;07;11;2368,11954506831;11
3265212;1;3;1;80;1;2; ; ; ; ; ;2; ;2; ;.; ; ;1;07;11;2013,35244428749;11
3265213;1;1;1;80;1;1;1;8; ;2; ;2; ; ;1; ;4;1;1;07;11;2572,39249006301;11
3265214;1;1;1;80;1;1;4;8; ;3; ;2; ; ; ; ;8;2;1;07;11;2555,01019891117;11
3265214;1;2;1;80;1;2; ; ; ;2; ;2; ;1;4; ;8; ;1;07;11;2555,01019891117;11
3265215;1;3;1;80;1;2; ; ; ;2; ;2; ;2; ;.; ; ;1;07;11;2221,99177731451;11
3265216;1;1;1;80;1;1;4;5; ;3; ;2; ; ; ; ;10;2;1;07;11;2368,11954506831;11
3265216;1;2;1;80;1;2; ; ; ;2; ;2; ;2; ;.; ; ;1;07;11;2368,11954506831;11
3265217;1;1;1;80;1;1;4;7; ;2; ;2; ; ; ; ;11;2;1;07;11;2156,41729436244;11
3265217;1;2;1;80;1;1;4;8; ;2; ;2; ; ; ; ;8;2;1;07;11;2156,41729436244;11
3265217;1;3;1;80;1;2; ; ; ;2; ;2; ;2; ;.; ; ;1;07;11;2156,41729436244;11
3265218;1;1;1;80;1;1;4;7; ;2; ;2; ; ; ; ;8;2;1;07;11;2368,11954506831;11
3265218;1;2;1;80;1;1;4;8; ;2; ;2; ; ; ; ;9;2;1;07;11;2368,11954506831;11
3265219;1;2;1;80;1;1;4;3; ;2; ;2; ; ; ; ;9;2;1;07;11;2326,27216743244;11
3265219;1;5;1;80;1;2; ; ; ;2; ;2; ;2; ;.; ; ;1;07;11;2326,27216743244;11
3265220;1;6;1;80;1;2; ; ; ; ; ;2; ;2; ;.; ; ;1;07;11;1882,83078779968;11
3265221;1;2;1;80;1;1;3;3; ;2; ;2; ; ; ; ;9;2;1;07;11;1838,48037696939;11
3265221;1;4;1;80;1;2; ; ; ;2; ;2; ;2; ;.; ; ;1;07;11;1838,48037696939;11
3265222;1;2;1;80;1;1;4;3; ;2; ;2; ; ; ; ;9;2;1;07;11;2544,77703170894;11
3265222;1;3;1;80;1;2; ; ; ;2; ;2; ;2; ;.; ; ;1;07;11;2544,77703170894;11
3265223;1;2;1;80;1;1;4;9;POR VIAJE;2; ;2; ; ; ; ;9;2;1;07;11;2468,21102656153;11
3265229;3;4;3;80;1;1;4;4; ;2; ;2; ; ; ; ;4;2;1;07;11;1545,71232410047;11
3265232;1;2;1;80;1;2; ; ; ;2; ;2; ;2; ;.; ; ;1;07;11;2013,35244428749;11
3265232;1;3;1;80;1;2; ; ; ; ; ;2; ;2; ;.; ; ;1;07;11;2013,35244428749;11
3265236;1;1;1;80;1;1;4;3; ;3; ;2; ; ; ; ;11;2;1;07;11;2742,14466077906;11
3265244;1;2;1;80;1;1;2;6; ;2; ;2; ; ; ; ;2;2;1;07;11;2073,70810402106;11
3265247;1;1;1;80;1;1;1;8; ;2; ;1;490000; ; ; ;3;2;1;07;11;1973,61662252784;11
3265249;1;4;1;80;1;2; ; ; ;2; ;2; ;2; ;.; ; ;1;07;11;2481,19965714411;11
3265249;1;6;1;80;1;2; ; ; ; ; ;2; ;2; ;.; ; ;1;07;11;2481,19965714411;11
3265249;2;3;2;80;1;2; ; ; ; ; ;2; ;2; ;.; ; ;1;07;11;2481,19965714411;11
3265251;1;1;1;80;1;1;4;5; ;3; ;2; ; ; ; ;10;2;1;07;11;2159,48021204129;11
3265251;1;2;1;80;1;1;2;2; ;2; ;2; ; ;2; ;2;1;1;07;11;2159,48021204129;11
3265252;1;1;1;80;1;1;4;4; ;2; ;2; ; ; ; ;4;2;1;07;11;2468,21102656153;11
3265252;1;2;1;80;1;1;4;5; ;3; ;2; ; ; ; ;10;2;1;07;11;2468,21102656153;11
3265252;1;3;1;80;1;2; ; ; ;2; ;2; ;2; ;.; ; ;1;07;11;2468,21102656153;11
3265257;1;1;1;80;1;1;4;4; ;2; ;2; ; ; ; ;4;2;1;07;11;2385,50183622015;11
3265258;1;1;1;80;1;1;4;3; ;1;4;2; ; ; ; ;9;2;1;07;11;2259,57169353451;11
3265263;1;2;1;80;1;1;4;5; ;3; ;2; ; ; ; ;11;2;1;07;11;2315,94007361376;11
3265267;1;1;1;80;1;1;3;8; ;3; ;2; ; ; ; ;10;2;1;07;11;2524,57940664078;11
3265273;1;3;1;80;1;2; ; ; ; ; ;2; ;2; ;.; ; ;1;07;11;2609,33166016152;11
3265278;1;2;1;80;1;1;3;7; ;2; ;2; ; ;3; ;8;1;1;07;11;2524,57940664078;11
3265279;1;5;1;80;1;2; ; ; ;2; ;2; ;2; ;.; ; ;1;07;11;2503,85779178604;11
3265279;1;6;1;80;1;2; ; ; ;2; ;2; ;2; ;.; ; ;1;07;11;2503,85779178604;11
3265280;1;2;1;80;1;1;2;7; ;3; ;2; ; ; ; ;9;2;1;07;11;2219,69099036628;11
3265281;1;1;1;80;1;1;3;9;POR  VIAJE AL EXTERIOR;2; ;2; ; ;1; ;2;1;1;07;11;2465,39569264521;11
3265283;1;5;1;80;1;2; ; ; ;2; ;2; ;2; ;.; ; ;1;07;11;2492,5975602544;11
3265286;1;3;1;80;1;1;1;8; ;2; ;2; ; ; ; ;2;2;1;07;11;1398,4585654008;11
3265286;1;4;1;80;1;2; ; ; ; ; ;2; ;2; ;.; ; ;1;07;11;1398,4585654008;11
3265292;1;2;1;80;1;1;4;3; ;2; ;2; ; ;3; ;8;1;1;07;11;2142,09792088945;11
3265293;1;2;1;80;1;1;1;2; ; ; ;2; ; ; ; ;8;2;1;07;11;2230,16796559354;11
3265299;1;2;1;80;1;1;4;3; ;2; ;2; ; ; ; ;9;2;1;07;11;2303,6748287996;11
3265301;1;2;1;80;1;1;4;5; ;3; ;2; ; ; ; ;10;2;1;07;11;2555,01019891117;11
3265303;1;1;1;80;1;1;4;4; ;2; ;2; ; ; ; ;11;2;1;07;11;2660,8416431451;11
3265303;1;2;1;80;1;1;1;8; ;1;1;2; ; ; ;DEDICADO A VENDER SU CASA;12;2;1;07;11;2660,8416431451;11
3265309;1;2;1;80;1;1;4;3; ;2; ;2; ; ; ; ;9;2;1;07;11;2698,4215593651;11
3265310;1;2;1;80;1;2; ; ; ;2; ;2; ;2; ;.; ; ;1;07;11;1747,59499834898;11
3265311;1;1;1;80;1;1;4;5; ;3; ;2; ; ; ; ;10;2;1;07;11;2347,92192000015;11
3265312;1;3;1;80;1;2; ; ; ;2; ;2; ;2; ;.; ; ;1;07;11;2230,16796559354;11
3265313;1;1;1;80;1;1;4;3; ;3; ;2; ; ; ; ;9;2;1;07;11;2541,96169779262;11
3265315;1;2;1;80;1;1;4;6; ;2; ;2; ; ; ; ;8;2;1;07;11;2541,96169779262;11
3265320;1;3;1;80;1;2; ; ; ; ; ;2; ;2; ;.; ; ;1;07;11;2609,33166016152;11
3265322;1;4;1;80;1;1;1;8; ;2; ;2; ; ; ; ;2;2;1;07;11;1342,87820813727;11
3265322;1;5;1;80;1;2; ; ; ;2; ;2; ;2; ;.; ; ;1;07;11;1342,87820813727;11
3265322;1;6;1;80;1;2; ; ; ; ; ;2; ;2; ;.; ; ;1;07;11;1342,87820813727;11
3265323;1;2;1;80;1;2; ; ; ;2; ;2; ;2; ;.; ; ;1;07;11;1961,09272847168;11
3265328;1;2;1;80;1;2; ; ; ;2; ;2; ;2; ;.; ; ;1;07;11;2023,05828866655;11
3265328;1;3;1;80;1;2; ; ; ; ; ;2; ;2; ;.; ; ;1;07;11;2023,05828866655;11
3265334;1;2;1;80;1;1;3;3; ;2; ;2; ; ; ; ;9;2;1;07;11;2517,94097400971;11
3265334;1;3;1;80;1;2; ; ; ; ; ;2; ;2; ;.; ; ;1;07;11;2517,94097400971;11
3265334;1;4;1;80;1;2; ; ; ; ; ;2; ;2; ;.; ; ;1;07;11;2517,94097400971;11
3265335;1;1;1;80;1;1;4;5; ;3; ;2; ; ; ; ;10;2;1;07;11;2368,11954506831;11
3265335;1;2;1;80;1;1;4;4; ;2; ;2; ; ; ; ;4;2;1;07;11;2368,11954506831;11
3265336;1;2;1;80;1;1;4;3; ;2; ;2; ; ; ; ;9;2;1;07;11;2524,57940664078;11
3265337;1;1;1;80;1;1;4;3; ;2; ;2; ; ; ; ;9;2;1;07;11;2541,96169779262;11
3265339;1;2;1;80;1;1;2;4; ;2; ;2; ; ; ; ;9;2;1;07;11;2922,15245669002;11
3265340;1;2;1;80;1;1;1;6; ;2; ;2; ; ; ; ;9;2;1;07;11;2922,15245669002;11
3265341;1;1;1;80;1;1;1;3; ;2; ;2; ; ; ; ;9;2;1;07;11;3252,88015143274;11
3265342;1;2;1;80;1;1;4;3; ;2; ;2; ; ; ; ;1;2;1;07;11;2298,55778246192;11
3265343;1;2;1;80;1;1;4;3; ;2; ;2; ; ; ; ;9;2;1;07;11;2530,46486806587;11
3265343;1;3;1;80;1;2; ; ; ; ; ;2; ;2; ;.; ; ;1;07;11;2530,46486806587;11
3265344;1;1;1;80;1;1;3;4; ;2; ;2; ; ; ; ;4;2;1;07;11;2541,96169779262;11
3265345;1;1;1;80;1;1;3;4; ;2; ;2; ; ; ; ;4;2;1;07;11;1572,22047376385;11
3265347;1;1;1;80;1;1;4;5; ;3; ;2; ; ; ; ;10;2;1;07;11;2711,47006048364;11
3265347;1;2;1;80;1;1;4;3; ;2; ;2; ; ; ; ;9;2;1;07;11;2711,47006048364;11
3265348;1;1;1;80;1;1;2;3; ;2; ;2; ; ; ; ;9;2;1;07;11;2557,07194434571;11
3265349;1;4;1;80;1;1;1;6; ;2; ;2; ; ;1; ;1;1;1;07;11;2809,51462314796;11
3265349;1;6;1;80;1;1;1;2; ;2; ;2; ; ; ; ;2;2;1;07;11;2809,51462314796;11
3265350;1;1;1;80;1;1;4;4; ;2; ;2; ; ; ; ;4;2;1;07;11;2534,59570098391;11
3265351;1;1;1;80;1;1;1;8; ;2; ;2; ; ; ; ;4;2;1;07;11;1730,21270719714;11
3265351;1;3;1;80;1;1;1;4; ;2; ;2; ; ; ; ;4;2;1;07;11;1730,21270719714;11
3265352;1;2;1;80;1;2; ; ; ; ; ;2; ;2; ;.; ; ;1;07;11;2430,15619877774;11
3265355;1;2;1;80;1;2; ; ; ; ; ;2; ;2; ;.; ; ;1;07;11;2055,39100545383;11
3265355;1;3;1;80;1;2; ; ; ; ; ;2; ;2; ;.; ; ;1;07;11;2055,39100545383;11
3265356;1;2;1;80;1;2; ; ; ;2; ;2; ;2; ;.; ; ;1;07;11;2120,34924170529;11
3265356;1;3;1;80;1;2; ; ; ; ; ;2; ;2; ;.; ; ;1;07;11;2120,34924170529;11
3265356;1;5;1;80;1;2; ; ; ;2; ;2; ;2; ;.; ; ;1;07;11;2120,34924170529;11
3265357;1;4;1;80;1;2; ; ; ; ; ;2; ;2; ;.; ; ;1;07;11;2719,74517537913;11
3265358;1;3;1;80;1;2; ; ; ; ; ;2; ;2; ;.; ; ;1;07;11;2822,82939028421;11
3265359;1;1;1;80;1;1;4;5; ;3; ;2; ; ; ; ;10;2;1;07;11;2504,38178157262;11
3265361;1;3;1;80;1;2; ; ; ; ; ;2; ;2; ;.; ; ;1;07;11;3354,99599700381;11
3265361;1;6;1;80;1;1;2;3; ;2; ;2; ; ; ; ;9;2;1;07;11;3354,99599700381;11
3265362;1;3;1;80;1;2; ; ; ;2; ;2; ;2; ;.; ; ;1;07;11;1934,5845788083;11
3265362;1;4;1;80;1;2; ; ; ; ; ;2; ;2; ;.; ; ;1;07;11;1934,5845788083;11
3265362;1;5;1;80;1;2; ; ; ; ; ;2; ;2; ;.; ; ;1;07;11;1934,5845788083;11
3265363;1;2;1;80;1;1;4;7; ;2; ;2; ; ;4; ;8;1;1;07;11;2670,31085357393;11
3265363;1;4;1;80;1;2; ; ; ;2; ;2; ;1;1;POR EL EMBARAZO;12; ;1;07;11;2670,31085357393;11
3265367;1;2;1;80;1;1;4;3; ;2; ;2; ; ; ; ;8;2;1;07;11;2639,09296396094;11
3265367;1;4;1;80;1;1;1;2; ;2; ;2; ; ; ; ;8;2;1;07;11;2639,09296396094;11
3265368;1;1;1;80;1;1;2;5; ;3; ;2; ; ;3; ;8;1;1;07;11;2524,57940664078;11
3265368;1;2;1;80;1;1;2;4; ;2; ;2; ; ; ; ;4;2;1;07;11;2524,57940664078;11
3265370;1;2;1;80;1;1;3;8; ;2; ;2; ; ; ; ;9;2;1;07;11;2090,94551376432;11
3265373;1;2;1;80;1;2; ; ; ; ; ;2; ;2; ;.; ; ;1;07;11;2216,87565644996;11
3265380;1;4;1;80;1;1;1;2; ;2; ;1;400000; ; ; ;2;2;1;07;11;1864,92388958546;11
3265380;1;5;1;80;1;2; ; ; ;2; ;2; ;2; ;.; ; ;1;07;11;1864,92388958546;11
3265381;1;2;1;80;1;1;1;8; ;2; ;2; ; ; ; ;9;2;1;07;11;2817,97099318854;11
3265382;1;2;1;80;1;1;1;3; ;2; ;2; ; ; ; ;9;2;1;07;11;2708,65472656732;11
3265385;1;3;1;80;1;2; ; ; ;2; ;2; ;2; ;.; ; ;1;07;11;2624,49103385307;11
3265385;1;4;1;80;1;2; ; ; ; ; ;2; ;2; ;.; ; ;1;07;11;2624,49103385307;11
3265386;1;1;1;80;1;1;4;8; ;2; ;2; ; ; ; ;9;2;1;07;11;2122,13466102783;11
3265388;1;2;1;80;1;2; ; ; ; ; ;2; ;2; ;.; ; ;1;07;11;2452,87179858904;11
3265390;1;2;1;80;1;2; ; ; ;2; ;2; ;2; ;.; ; ;1;07;11;2239,37406846635;11
3265393;1;1;1;80;1;1;4;4; ;3; ;2; ; ; ; ;4;2;1;07;11;2368,11954506831;11
3265394;1;3;1;80;1;2; ; ; ;2; ;2; ;1;1; ;8; ;1;07;11;2530,46486806587;11
3265395;1;2;1;80;1;1;4;3; ;2; ;2; ; ;3; ;5;1;1;07;11;2090,94551376432;11
3265395;1;4;1;80;1;2; ; ; ;2; ;2; ;2; ;.; ; ;1;07;11;2090,94551376432;11
3265396;1;2;1;80;1;1;1;3; ;2; ;2; ; ; ; ;9;2;1;07;11;2368,11954506831;11
3265400;1;4;1;80;1;1;2;2; ;2; ;2; ; ;1; ;2;1;1;07;11;2298,55778246192;11
3265404;1;2;1;80;1;1;4;5; ;3; ;2; ; ; ; ;8;2;1;07;11;2368,11954506831;11
3265406;1;1;1;80;1;1;3;3; ;2; ;2; ; ; ; ;9;2;1;07;11;2798,51304085832;11
3265407;1;1;1;80;1;1;4;3; ;2; ;2; ; ; ; ;9;2;1;07;11;1912,75565526287;11
3265407;1;3;1;80;1;1;2;9;POR PROBLEMAS DE ADICCION;2; ;2; ; ;1;POR PROBLEMAS DE ADICCION;12;1;1;07;11;1912,75565526287;11
3265407;1;4;1;80;1;2; ; ; ; ; ;2; ;2; ;.; ; ;1;07;11;1912,75565526287;11
3265409;1;1;1;80;1;1;4;7; ;3; ;2; ; ; ; ;6;2;1;07;11;2468,21102656153;11
3265409;1;2;1;80;1;1;4;3; ;3; ;2; ; ; ; ;4;2;1;07;11;2468,21102656153;11
3265410;2;3;2;80;1;1;1;2; ; ; ;2; ; ; ; ;2;2;1;07;11;2172,62763977628;11
3265410;2;4;2;80;1;1;1;8; ; ; ;2; ; ; ; ;2;2;1;07;11;2172,62763977628;11
3265411;1;1;1;80;1;2; ; ; ;2; ;2; ;2; ;.; ; ;1;07;11;2472,30100856979;11
3265412;1;2;1;80;1;1;3;3; ;2; ;2; ; ; ; ;9;2;1;07;11;2430,37338657265;11
3265414;1;3;1;80;1;2; ; ; ; ; ;2; ;2; ;.; ; ;1;07;11;2313,64934675982;11
3265415;1;2;1;80;1;1;4;3; ;2; ;2; ; ; ; ;9;2;1;07;11;2356,72164195801;11
3265417;1;3;1;80;1;1;1;2; ; ; ;2; ; ; ; ;2;2;1;07;11;1895,51824551961;11
3265420;1;1;1;80;1;1;1;8; ;2; ;2; ; ; ; ;8;2;1;07;11;2704,56474455906;11
3265421;1;2;1;80;1;1;4;7; ;2; ;2; ; ; ; ;4;2;1;07;11;2142,09792088945;11
3265422;1;3;1;80;1;2; ; ; ;2; ;2; ;1;2; ;2; ;1;07;11;2316,96713794318;11
3265423;1;1;1;80;1;1;4;3; ;2; ;2; ; ; ; ;9;2;1;07;11;2315,94007361376;11
3265423;1;3;1;80;1;1;1;2; ;2; ;2; ; ; ; ;2;2;1;07;11;2315,94007361376;11
3265425;1;3;1;80;1;1;1;2; ;2; ;1;300000; ; ; ;2;2;1;07;11;1778,12471723582;11
3265425;1;4;1;80;1;2; ; ; ; ; ;2; ;2; ;.; ; ;1;07;11;1778,12471723582;11
3265425;1;5;1;80;1;2; ; ; ; ; ;2; ;2; ;.; ; ;1;07;11;1778,12471723582;11
3265429;1;4;1;80;1;1;1;8; ;2; ;1;25000; ; ; ;4;2;1;07;11;2728,85235163548;11
3265431;1;2;1;80;1;1;1;3; ;2; ;2; ; ; ; ;9;2;1;07;11;2142,09792088945;11
3265431;1;3;1;80;1;2; ; ; ;2; ;2; ;1;1; ;2; ;1;07;11;2142,09792088945;11
3265434;1;1;1;80;1;1;4;4; ;2; ;2; ; ; ; ;4;2;1;07;11;2405,69946128831;11
3265434;1;2;1;80;1;1;4;4; ;2; ;2; ; ; ; ;4;2;1;07;11;2405,69946128831;11
3265435;1;1;1;80;1;1;4;5; ;3; ;2; ; ; ; ;10;2;1;07;11;2059,14114678554;11
3265435;1;2;1;80;1;1;4;3; ;2; ;2; ; ; ; ;9;2;1;07;11;2059,14114678554;11
3265435;1;5;1;80;1;2; ; ; ;2; ;2; ;2; ;.; ; ;1;07;11;2059,14114678554;11
3265440;1;1;1;80;1;1;4;5; ;3; ;2; ; ; ; ;8;2;1;07;11;2315,94007361376;11
3265441;1;2;1;80;1;1;4;3; ;2; ;2; ; ; ; ;9;2;1;07;11;2708,65472656732;11
3265442;1;2;1;80;1;1;1;3; ;2; ;2; ; ; ; ;9;2;1;07;11;2412,97241316563;11
3265447;1;1;1;80;1;1;3;6; ;3; ;2; ; ; ; ;10;2;1;07;68;526,394618736481;68
3265447;1;2;1;80;1;1;3;4; ;2; ;2; ; ; ; ;9;2;1;07;68;526,394618736481;68
3265449;1;1;1;80;1;2; ; ; ;2; ;2; ;2; ;.; ; ;1;07;68;380,229464738829;68
3265449;1;3;1;80;1;2; ; ; ;2; ;2; ;2; ;.; ; ;1;07;68;380,229464738829;68
3265449;1;5;1;80;1;2; ; ; ; ; ;2; ;2; ;.; ; ;1;07;68;380,229464738829;68
3265451;1;2;1;80;1;1;2;3; ;2; ;2; ; ; ; ;9;2;1;07;68;483,118428709451;68
3265452;1;2;1;80;1;1;1;3; ;2; ;2; ; ; ; ;9;2;1;07;68;552,378790906097;68
3265453;1;3;1;80;1;1;1;2; ;2; ;2; ; ; ; ;2;2;1;07;68;590,501749465045;68
3265454;1;3;1;80;1;2; ; ; ; ; ;2; ;2; ;.; ; ;1;07;68;590,501749465045;68
3265455;1;3;1;80;1;2; ; ; ;2; ;2; ;2; ;.; ; ;1;07;68;534,926290099125;68
3265457;1;5;1;80;1;1;1;2; ;2; ;2; ; ; ; ;2;2;1;07;68;555,576599074819;68
3265458;1;4;1;80;1;2; ; ; ; ; ;2; ;2; ;.; ; ;1;07;68;591,528891130949;68
3265459;1;3;1;80;1;2; ; ; ;2; ;2; ;2; ;.; ; ;1;07;68;555,395919940492;68
3265461;1;3;1;80;1;2; ; ; ; ; ;2; ;2; ;.; ; ;1;07;68;485,828378149008;68
3265463;1;4;1;80;1;1;4;4; ;2; ;2; ; ; ; ;4;2;1;07;68;490,455643020546;68
3265468;1;3;1;80;1;2; ; ; ; ; ;2; ;2; ;.; ; ;1;07;68;519,103584527553;68
3265469;1;4;1;80;1;2; ; ; ; ; ;2; ;2; ;.; ; ;1;07;68;571,059261289581;68
3265471;1;1;1;80;1;1;4;3; ;2; ;2; ; ; ; ;9;2;1;07;68;418,403355512411;68
3265471;2;3;2;80;1;2; ; ; ;2; ;2; ;1;1; ;2; ;1;07;68;418,403355512411;68
3265472;1;2;1;80;1;1;4;3; ;2; ;2; ; ; ; ;9;2;1;07;68;555,395919940492;68
3265473;1;3;1;80;1;2; ; ; ;2; ;2; ;2; ;.; ; ;1;07;68;413,994649963111;68
3265475;1;2;1;80;1;1;4;3; ;2; ;2; ; ; ; ;9;2;1;07;68;407,750334584703;68
3265476;1;4;1;80;1;2; ; ; ; ; ;2; ;2; ;.; ; ;1;07;68;485,828378149008;68
3265479;1;1;1;80;1;1;4;4; ;2; ;2; ; ; ; ;4;2;1;07;68;298,804396439613;68
3265480;1;2;1;80;1;1;4;3; ;2; ;2; ; ; ; ;9;2;1;07;68;302,316443840937;68
3265482;1;1;1;80;1;1;4;3; ;2; ;2; ; ; ; ;9;2;1;07;68;484,993576444039;68
3265482;1;4;1;80;1;2; ; ; ;2; ;2; ;2; ;.; ; ;1;07;68;484,993576444039;68
3265483;1;1;1;80;1;1;4;5; ;3; ;2; ; ; ; ;8;2;1;07;68;517,807000212875;68
3265483;1;2;1;80;1;1;1;9;POR SALUD;2; ;2; ; ; ; ;8;2;1;07;68;517,807000212875;68
3265483;1;4;1;80;1;2; ; ; ;2; ;2; ;2; ;.; ; ;1;07;68;517,807000212875;68
3265484;1;3;1;80;1;1;4;4; ;2; ;2; ; ; ; ;8;2;1;07;68;534,926290099125;68
3265485;1;2;1;80;1;1;4;3; ;2; ;2; ; ; ; ;9;2;1;07;68;656,651467000382;68
3265485;3;1;3;80;1;1;3;3; ;2; ;2; ; ; ; ;4;2;1;07;68;656,651467000382;68
3265485;4;3;4;80;1;2; ; ; ; ; ;2; ;2; ;.; ; ;1;07;68;656,651467000382;68
3265488;1;3;1;80;1;2; ; ; ; ; ;2; ;2; ;.; ; ;1;07;68;611,625501877055;68
3265489;1;3;1;80;1;2; ; ; ;2; ;2; ;2; ;.; ; ;1;07;68;541,223158380601;68
3265490;1;2;1;80;1;1;4;3; ;2; ;2; ; ; ; ;9;2;1;07;68;665,296850174708;68
3265491;1;1;1;80;1;1;4;5; ;3; ;2; ; ; ; ;10;2;1;07;68;570,224459584612;68
3265491;1;3;1;80;1;1;1;4; ;2; ;2; ; ; ; ;4;2;1;07;68;570,224459584612;68
3265494;1;2;1;80;1;1;3;3; ;2; ;2; ; ; ; ;9;2;1;07;68;412,25430260329;68
3265494;1;3;1;80;1;1;2;8; ;2; ;2; ; ;2; ;9;1;1;07;68;412,25430260329;68
3265495;1;4;1;80;1;2; ; ; ; ; ;2; ;2; ;.; ; ;1;07;68;577,72903668984;68
3265496;1;3;1;80;1;2; ; ; ; ; ;2; ;2; ;.; ; ;1;07;68;548,906823674561;68
3265497;1;4;1;80;1;2; ; ; ;2; ;2; ;2; ;.; ; ;1;07;68;544,200479240458;68
3265502;1;1;1;80;1;1;4;9;TRASLADO CIUDAD;3; ;2; ; ; ; ;10;2;1;07;68;576,327332391567;68
3265503;1;3;1;80;1;1;4;4; ;2; ;2; ; ; ; ;4;2;1;07;68;532,05056881103;68
3265506;1;3;1;80;1;2; ; ; ; ; ;2; ;2; ;.; ; ;1;07;68;678,442582045175;68
3265510;1;2;1;80;1;1;2;3; ;2; ;2; ; ; ; ;9;2;1;07;68;471,12105006642;68
3265512;1;2;1;80;1;1;4;7; ;2; ;2; ; ; ; ;8;2;1;07;68;533,243482325471;68
3265513;1;1;1;80;1;1;1;4; ;2; ;2; ; ; ; ;4;2;1;07;66;332,546503430606;66
3265514;1;1;1;80;1;1;4;4; ;2; ;2; ; ; ; ;8;2;1;07;66;148,911002444992;66
3265514;1;2;1;80;1;1;4;3; ;2; ;2; ; ; ; ;9;2;1;07;66;148,911002444992;66
3265514;1;3;1;80;1;1;4;7; ;2; ;2; ; ; ; ;9;2;1;07;66;148,911002444992;66
3265515;1;2;1;80;1;1;1;8; ;2; ;2; ; ;1; ;5;1;1;07;66;224,181909777931;66
3265515;1;5;1;80;1;1;4;3; ;2; ;2; ; ; ; ;9;2;1;07;66;224,181909777931;66
3265515;1;7;1;80;1;2; ; ; ;2; ;2; ;2; ;.; ; ;1;07;66;224,181909777931;66
3265517;1;1;1;80;1;1;4;9;POR DESPLAZAMIENTO FORZADO;2; ;2; ; ; ; ;9;2;1;07;66;269,488146504056;66
3265518;1;2;1;80;1;1;1;9;CAMBIO DE DOMICILIO;2; ;2; ; ; ; ;9;2;1;07;66;305,439001717945;66
3265520;1;1;1;80;1;1;4;5; ;3; ;2; ; ; ; ;10;2;1;07;66;148,911002444992;66
3265520;1;2;1;80;1;1;2;4; ;2; ;2; ; ; ; ;4;2;1;07;66;148,911002444992;66
3265521;1;2;1;80;1;1;4;8; ;2; ;2; ; ; ; ;9;2;1;07;66;215,89688525361;66
3265522;1;1;1;80;1;1;4;5; ;3; ;2; ; ; ; ;10;2;1;07;66;188,179068694221;66
3265522;1;2;1;80;1;1;4;7; ;2; ;2; ; ; ; ;9;2;1;07;66;188,179068694221;66
3265523;1;3;1;80;1;2; ; ; ;2; ;2; ;2; ;.; ; ;1;07;66;267,132175808647;66
3265523;1;4;1;80;1;2; ; ; ;2; ;2; ;1;1; ;2; ;1;07;66;267,132175808647;66
3265524;1;1;1;80;1;1;4;9;POR LA EDAD;2; ;2; ; ; ; ;8;2;1;07;66;287,730076141028;66
3265531;2;2;2;80;1;2; ; ; ;2; ;2; ;1;1; ;1; ;1;07;66;228,711526183085;66
3265534;1;1;1;80;1;2; ; ; ;2; ;2; ;2; ;.; ; ;1;07;66;269,488146504056;66
3265539;1;3;1;80;1;2; ; ; ;2; ;2; ;2; ;.; ; ;1;07;66;332,546503430606;66
3265540;1;1;1;80;1;1;3;4; ;3; ;2; ; ; ; ;4;2;1;07;66;220,540325375028;66
3265541;1;1;1;80;1;1;4;5; ;3; ;2; ; ; ; ;10;2;1;07;66;256,098095532536;66
3265541;1;3;1;80;1;2; ; ; ;2; ;2; ;2; ;.; ; ;1;07;66;256,098095532536;66
3265542;1;1;1;80;1;1;4;3; ;2; ;2; ; ; ; ;9;2;1;07;66;293,549389174596;66
3265542;1;2;1;80;1;2; ; ; ;2; ;2; ;2; ;.; ; ;1;07;66;293,549389174596;66
3265542;1;3;1;80;1;2; ; ; ;2; ;2; ;2; ;.; ; ;1;07;66;293,549389174596;66
3265542;1;4;1;80;1;1;4;3; ;2; ;2; ; ; ; ;9;2;1;07;66;293,549389174596;66
3265542;1;6;1;80;1;2; ; ; ;2; ;2; ;2; ;.; ; ;1;07;66;293,549389174596;66
3265543;1;4;1;80;1;1;1;2; ;2; ;2; ; ; ; ;2;2;1;07;66;352,647323162034;66
3265545;1;3;1;80;1;2; ; ; ;2; ;2; ;2; ;.; ; ;1;07;66;352,647323162034;66
3265552;1;2;1;80;1;2; ; ; ;2; ;2; ;2; ;.; ; ;1;07;66;276,238256979453;66
3265553;1;1;1;80;1;1;4;3; ;2; ;2; ; ; ; ;9;2;1;07;66;243,32279631855;66
3265554;1;2;1;80;1;2; ; ; ; ; ;2; ;2; ;.; ; ;1;07;66;328,301092171564;66
3265554;1;3;1;80;1;2; ; ; ; ; ;2; ;2; ;.; ; ;1;07;66;328,301092171564;66
3265555;1;1;1;80;1;1;4;5; ;3; ;2; ; ; ; ;10;2;1;07;66;266,146328230497;66
3265555;1;2;1;80;1;1;4;3; ;2; ;2; ; ; ; ;9;2;1;07;66;266,146328230497;66
3265555;1;3;1;80;1;1;2;8; ;2; ;2; ; ; ; ;4;2;1;07;66;266,146328230497;66
3265556;1;2;1;80;1;1;1;8; ;2; ;2; ; ; ; ;1;2;1;07;66;298,764156417139;66
3265556;1;3;1;80;1;2; ; ; ; ; ;2; ;2; ;.; ; ;1;07;66;298,764156417139;66
3265557;1;2;1;80;1;1;1;3; ;2; ;2; ; ; ; ;9;2;1;07;66;400,460392759598;66
3265557;1;3;1;80;1;2; ; ; ;2; ;2; ;2; ;.; ; ;1;07;66;400,460392759598;66
3265557;1;4;1;80;1;2; ; ; ; ; ;2; ;2; ;.; ; ;1;07;66;400,460392759598;66
3265557;1;6;1;80;1;2; ; ; ;2; ;2; ;2; ;.; ; ;1;07;66;400,460392759598;66
3265558;1;2;1;80;1;1;4;3; ;2; ;2; ; ; ; ;9;2;1;07;66;333,71204091185;66
3265559;1;1;1;80;1;1;4;3; ;2; ;2; ; ; ; ;8;2;1;07;66;296,595648216717;66
3265566;1;2;1;80;1;2; ; ; ;2; ;2; ;2; ;.; ; ;1;07;66;202,463138231095;66
3265566;3;1;3;80;1;1;1;4; ;2; ;2; ; ; ; ;4;2;1;07;66;202,463138231095;66
3265566;6;1;6;80;1;1;4;4; ;2; ;2; ; ; ; ;4;2;1;07;66;202,463138231095;66
3265567;1;3;1;80;1;1;4;4; ;2; ;2; ; ; ; ;4;2;1;07;66;228,94689776888;66
3265567;1;5;1;80;1;1;4;3; ;2; ;2; ; ; ; ;9;2;1;07;66;228,94689776888;66
3265568;1;1;1;80;1;1;4;3; ;2; ;2; ; ; ; ;11;2;1;07;66;259,3962177551;66
3265568;1;3;1;80;1;2; ; ; ;2; ;2; ;2; ;.; ; ;1;07;66;259,3962177551;66
3265574;1;5;1;80;1;2; ; ; ;2; ;2; ;2; ;.; ; ;1;07;08;604,310457937785;08
3265575;1;1;1;80;1;1;4;3; ;2; ;2; ; ; ; ;9;2;1;07;08;327,082789588946;08
3265575;1;2;1;80;1;2; ; ; ;2; ;2; ;2; ;.; ; ;1;07;08;327,082789588946;08
3265575;1;3;1;80;1;2; ; ; ; ; ;2; ;2; ;.; ; ;1;07;08;327,082789588946;08
3265576;1;3;1;80;1;1;3;8; ;2; ;2; ; ; ;DESEA ESTUDIAR;12;2;1;07;08;338,341883829891;08
3265576;1;9;1;80;1;2; ; ; ; ; ;2; ;2; ;.; ; ;1;07;08;338,341883829891;08
3265577;1;2;1;80;1;2; ; ; ;2; ;2; ;2; ;.; ; ;1;07;08;449,662706907222;08
3265577;1;3;1;80;1;2; ; ; ; ; ;2; ;2; ;.; ; ;1;07;08;449,662706907222;08
3265577;1;4;1;80;1;2; ; ; ;2; ;2; ;2; ;.; ; ;1;07;08;449,662706907222;08
3265578;1;3;1;80;1;2; ; ; ; ; ;2; ;2; ;.; ; ;1;07;08;610,473878617579;08
3265579;1;4;1;80;1;2; ; ; ;2; ;2; ;2; ;.; ; ;1;07;08;594,449562675635;08
3265582;1;2;1;80;1;1;3;3; ;2; ;2; ; ; ; ;9;2;1;07;08;692,584547186586;08
3265584;1;2;1;80;1;2; ; ; ;2; ;2; ;2; ;.; ; ;1;07;08;692,584547186586;08
3265585;1;3;1;80;1;2; ; ; ;2; ;2; ;2; ;.; ; ;1;07;08;496,939225405399;08
3265586;1;1;1;80;1;1;4;5; ;3; ;2; ; ; ; ;10;2;1;07;08;726,104934117542;08
3265587;1;1;1;80;1;1;4;5; ;3; ;2; ; ; ; ;10;2;1;07;08;669,108333958498;08
3265587;1;2;1;80;1;1;4;3; ;2; ;2; ; ; ; ;9;2;1;07;08;669,108333958498;08
3265588;1;2;1;80;1;1;4;4; ;2; ;2; ; ; ; ;4;2;1;07;08;480,132779833294;08
3265588;1;4;1;80;1;2; ; ; ;2; ;2; ;2; ;.; ; ;1;07;08;480,132779833294;08
3265589;1;2;1;80;1;1;4;3; ;2; ;2; ; ; ; ;9;2;1;07;08;730,45390028724;08
3265589;1;3;1;80;1;2; ; ; ;2; ;2; ;2; ;.; ; ;1;07;08;730,45390028724;08
3265590;1;1;1;80;1;1;4;5; ;3; ;2; ; ; ; ;10;2;1;07;08;603,383984287295;08
3265592;1;4;1;80;1;2; ; ; ;2; ;2; ;2; ;.; ; ;1;07;08;570,687380548371;08
3265593;1;2;1;80;1;1;4;7; ;2; ;2; ; ; ; ;9;2;1;07;08;619,344102561665;08
3265594;1;4;1;80;1;2; ; ; ; ; ;2; ;2; ;.; ; ;1;07;08;594,449562675635;08
3265595;1;3;1;80;1;2; ; ; ;2; ;2; ;2; ;.; ; ;1;07;08;633,309587094353;08
3265597;1;2;1;80;1;2; ; ; ; ; ;2; ;2; ;.; ; ;1;07;08;539,356779284258;08
3265601;1;1;1;80;1;1;4;3; ;2; ;2; ; ; ; ;9;2;1;07;08;549,128373850693;08
3265601;2;2;2;80;1;1;2;3; ;2; ;2; ; ; ; ;9;2;1;07;08;549,128373850693;08
3265601;2;3;2;80;1;2; ; ; ; ; ;2; ;2; ;.; ; ;1;07;08;549,128373850693;08
3265602;1;1;1;80;1;1;4;4; ;2; ;2; ; ; ; ;4;2;1;07;08;712,879925653143;08
3265602;1;4;1;80;1;2; ; ; ;2; ;2; ;2; ;.; ; ;1;07;08;712,879925653143;08
3265604;1;3;1;80;1;1;4;9;EDAD;2; ;2; ; ; ; ;8;2;1;07;08;441,33695308215;08
3265605;1;2;1;80;1;2; ; ; ;2; ;2; ;2; ;.; ; ;1;07;08;551,549462868721;08
3265607;1;4;1;80;1;2; ; ; ;2; ;2; ;2; ;.; ; ;1;07;08;364,879086114577;08
3265609;1;1;1;80;1;1;4;5; ;3; ;2; ; ; ; ;10;2;1;07;08;587,3385864387;08
3265609;1;2;1;80;1;2; ; ; ;2; ;2; ;2; ;.; ; ;1;07;08;587,3385864387;08
3265609;1;4;1;80;1;1;2;4; ;2; ;2; ; ; ; ;4;2;1;07;08;587,3385864387;08
3265609;1;5;1;80;1;1;4;3; ;2; ;2; ; ; ; ;9;2;1;07;08;587,3385864387;08
3265611;1;2;1;80;1;1;4;8; ;2; ;2; ; ; ; ;9;2;1;07;08;435,173532402355;08
3265611;1;4;1;80;1;1;4;3; ;2; ;2; ; ; ; ;9;2;1;07;08;435,173532402355;08
3265612;1;2;1;80;1;2; ; ; ;2; ;2; ;2; ;.; ; ;1;07;08;467,730191019064;08
3265613;1;2;1;80;1;2; ; ; ;2; ;2; ;2; ;.; ; ;1;07;08;562,192487761032;08
3265614;1;3;1;80;1;2; ; ; ;2; ;2; ;2; ;.; ; ;1;07;08;484,472438923594;08
3265616;1;1;1;80;1;1;4;3; ;2; ;2; ; ; ; ;9;2;1;07;08;538,847290352385;08
3265616;1;3;1;80;1;2; ; ; ;2; ;2; ;2; ;.; ; ;1;07;08;538,847290352385;08
3265617;1;3;1;80;1;2; ; ; ; ; ;2; ;2; ;.; ; ;1;07;08;653,724522767868;08
3265619;1;1;1;80;1;2; ; ; ;2; ;2; ;2; ;.; ; ;1;07;08;727,173094208734;08
3265619;1;4;1;80;1;2; ; ; ;2; ;2; ;2; ;.; ; ;1;07;08;727,173094208734;08
3265619;1;5;1;80;1;2; ; ; ; ; ;2; ;2; ;.; ; ;1;07;08;727,173094208734;08
3265619;1;8;1;80;1;1;1;3; ;2; ;2; ; ; ; ;9;2;1;07;08;727,173094208734;08
3265622;1;2;1;80;1;1;4;3; ;2; ;2; ; ; ; ;9;2;1;07;08;566,232563149227;08
3265622;1;4;1;80;1;2; ; ; ;2; ;2; ;2; ;.; ; ;1;07;08;566,232563149227;08
3265622;1;5;1;80;1;2; ; ; ; ; ;2; ;2; ;.; ; ;1;07;08;566,232563149227;08
3265623;1;2;1;80;1;2; ; ; ;2; ;2; ;2; ;.; ; ;1;07;08;639,473007774148;08
3265625;1;3;1;80;1;2; ; ; ;2; ;2; ;2; ;.; ; ;1;07;08;514,670366214172;08
3265625;1;4;1;80;1;2; ; ; ;2; ;2; ;2; ;.; ; ;1;07;08;514,670366214172;08
3265625;1;6;1;80;1;2; ; ; ;2; ;2; ;2; ;.; ; ;1;07;08;514,670366214172;08
3265625;1;7;1;80;1;2; ; ; ;2; ;2; ;2; ;.; ; ;1;07;08;514,670366214172;08
3265625;1;8;1;80;1;2; ; ; ;2; ;2; ;2; ;.; ; ;1;07;08;514,670366214172;08
3265626;1;3;1;80;1;2; ; ; ;2; ;2; ;2; ;.; ; ;1;07;08;484,472438923594;08
3265626;1;4;1;80;1;2; ; ; ;2; ;2; ;2; ;.; ; ;1;07;08;484,472438923594;08
3265627;1;3;1;80;1;1;4;5; ;3; ;2; ; ; ; ;10;2;1;07;08;506,290631735677;08
3265627;1;4;1;80;1;2; ; ; ;2; ;2; ;2; ;.; ; ;1;07;08;506,290631735677;08
3265627;1;5;1;80;1;1;4;7; ;2; ;2; ; ; ; ;9;2;1;07;08;506,290631735677;08
3265628;1;3;1;80;1;2; ; ; ; ; ;2; ;2; ;.; ; ;1;07;08;676,560231244641;08
3265630;1;1;1;80;1;1;4;4; ;2; ;2; ; ; ; ;4;2;1;07;08;422,331414763804;08
3265630;1;5;1;80;1;2; ; ; ;2; ;2; ;2; ;.; ; ;1;07;08;422,331414763804;08
3265631;1;4;1;80;1;1;3;3; ;2; ;2; ; ; ; ;9;2;1;07;08;554,87160629433;08
3265632;1;2;1;80;1;1;4;3; ;2; ;2; ; ; ; ;9;2;1;07;08;630,888814291094;08
3265632;1;3;1;80;1;2; ; ; ;2; ;2; ;2; ;.; ; ;1;07;08;630,888814291094;08
3265633;1;4;1;80;1;2; ; ; ;2; ;2; ;2; ;.; ; ;1;07;08;527,372538730508;08
3265633;1;6;1;80;1;2; ; ; ; ; ;2; ;2; ;.; ; ;1;07;08;527,372538730508;08
3265634;1;3;1;80;1;2; ; ; ;2; ;2; ;2; ;.; ; ;1;07;08;594,449562675635;08
3265635;1;2;1;80;1;1;1;3; ;2; ;2; ; ; ; ;9;2;1;07;08;418,854491856433;08
3265635;1;3;1;80;1;2; ; ; ;2; ;2; ;2; ;.; ; ;1;07;08;418,854491856433;08
3265635;1;4;1;80;1;2; ; ; ; ; ;2; ;2; ;.; ; ;1;07;08;418,854491856433;08
3265635;1;8;1;80;1;2; ; ; ;2; ;2; ;2; ;.; ; ;1;07;08;418,854491856433;08
3265638;1;2;1;80;1;1;1;3; ;2; ;2; ; ; ; ;9;2;1;07;08;323,230651664074;08
3265639;1;4;1;80;1;2; ; ; ; ; ;2; ;2; ;.; ; ;1;07;08;360,547242525961;08
3265640;1;1;1;80;1;1;4;3; ;2; ;2; ; ; ; ;9;2;1;07;08;444,742691931944;08
3265642;1;1;1;80;1;1;4;3; ;2; ;2; ; ; ; ;8;2;1;07;08;357,517681232493;08
3265642;1;2;1;80;1;1;3;5; ;3; ;2; ; ; ; ;10;2;1;07;08;357,517681232493;08
3265642;1;3;1;80;1;1;4;5; ;3; ;2; ; ; ; ;10;2;1;07;08;357,517681232493;08
3265643;1;2;1;80;1;2; ; ; ;2; ;2; ;2; ;.; ; ;1;07;08;587,505375907542;08
3265643;1;4;1;80;1;2; ; ; ;2; ;2; ;2; ;.; ; ;1;07;08;587,505375907542;08
3265643;2;3;2;80;1;2; ; ; ; ; ;2; ;2; ;.; ; ;1;07;08;587,505375907542;08
3265643;2;4;2;80;1;2; ; ; ; ; ;2; ;2; ;.; ; ;1;07;08;587,505375907542;08
3265644;1;2;1;80;1;2; ; ; ;2; ;2; ;2; ;.; ; ;1;07;08;523,332463342313;08
3265644;1;3;1;80;1;2; ; ; ;2; ;2; ;2; ;.; ; ;1;07;08;523,332463342313;08
3265645;1;2;1;80;1;2; ; ; ; ; ;2; ;2; ;.; ; ;1;07;08;551,549462868721;08
3265646;1;1;1;80;1;1;2;5; ;3; ;2; ; ; ; ;10;2;1;07;08;428,089400512047;08
3265646;1;5;1;80;1;2; ; ; ;2; ;2; ;2; ;.; ; ;1;07;08;428,089400512047;08
3265646;1;6;1;80;1;2; ; ; ;2; ;2; ;2; ;.; ; ;1;07;08;428,089400512047;08
3265646;1;8;1;80;1;2; ; ; ;2; ;2; ;2; ;.; ; ;1;07;08;428,089400512047;08
3265647;1;1;1;80;1;1;4;3; ;2; ;2; ; ; ; ;9;2;1;07;08;512,753636117577;08
3265648;1;2;1;80;1;2; ; ; ;2; ;2; ;2; ;.; ; ;1;07;08;654,98783478422;08
3265649;1;3;1;80;1;2; ; ; ;2; ;2; ;2; ;.; ; ;1;07;08;555,589538256916;08
3265649;1;4;1;80;1;2; ; ; ; ; ;2; ;2; ;.; ; ;1;07;08;555,589538256916;08
3265649;1;5;1;80;1;2; ; ; ; ; ;2; ;2; ;.; ; ;1;07;08;555,589538256916;08
3265650;1;2;1;80;1;2; ; ; ;2; ;2; ;2; ;.; ; ;1;07;08;458,079200986681;08
3265651;1;2;1;80;1;2; ; ; ;2; ;2; ;2; ;.; ; ;1;07;08;531,045226499492;08
3265651;1;7;1;80;1;2; ; ; ;2; ;2; ;2; ;.; ; ;1;07;08;531,045226499492;08
3265652;1;2;1;80;1;2; ; ; ; ; ;2; ;2; ;.; ; ;1;07;08;594,449562675635;08
3265652;1;3;1;80;1;2; ; ; ; ; ;2; ;2; ;.; ; ;1;07;08;594,449562675635;08
3265653;1;2;1;80;1;1;4;4; ;2; ;2; ; ; ; ;4;2;1;07;08;635,069151016272;08
3265653;1;3;1;80;1;2; ; ; ; ; ;2; ;2; ;.; ; ;1;07;08;635,069151016272;08
3265654;1;2;1;80;1;2; ; ; ;2; ;2; ;2; ;.; ; ;1;07;08;635,069151016272;08
3265654;1;3;1;80;1;2; ; ; ;2; ;2; ;2; ;.; ; ;1;07;08;635,069151016272;08
3265657;1;2;1;80;1;1;4;3; ;2; ;2; ; ; ; ;9;2;1;07;08;555,589538256916;08
3265657;1;4;1;80;1;2; ; ; ;2; ;2; ;2; ;.; ; ;1;07;08;555,589538256916;08
3265657;1;5;1;80;1;2; ; ; ; ; ;2; ;2; ;.; ; ;1;07;08;555,589538256916;08
3265658;1;1;1;80;1;1;4;5; ;3; ;2; ; ; ; ;10;2;1;07;08;525,156224931807;08
3265658;1;2;1;80;1;1;4;3; ;2; ;2; ; ; ; ;9;2;1;07;08;525,156224931807;08
3265661;1;2;1;80;1;2; ; ; ;2; ;2; ;2; ;.; ; ;1;07;08;844,952281813668;08
3265662;1;2;1;80;1;1;4;3; ;2; ;2; ; ; ; ;9;2;1;07;08;589,397734062725;08
3265663;1;2;1;80;1;1;4;3; ;2; ;2; ; ; ; ;9;2;1;07;08;687,203256136952;08
3265663;1;3;1;80;1;2; ; ; ;2; ;2; ;2; ;.; ; ;1;07;08;687,203256136952;08
3265665;1;2;1;80;1;2; ; ; ;2; ;2; ;2; ;.; ; ;1;07;08;484,472438923594;08
3265665;1;3;1;80;1;2; ; ; ;2; ;2; ;2; ;.; ; ;1;07;08;484,472438923594;08
3265665;1;4;1;80;1;2; ; ; ; ; ;2; ;2; ;.; ; ;1;07;08;484,472438923594;08
3265666;1;1;1;80;1;1;4;9;EDAD;2; ;2; ; ; ; ;8;2;1;07;08;669,680242144123;08
3265666;1;2;1;80;1;1;4;3; ;2; ;2; ; ; ; ;9;2;1;07;08;669,680242144123;08
3265666;1;5;1;80;1;1;4;4; ;2; ;2; ; ; ; ;4;2;1;07;08;669,680242144123;08
3265666;1;6;1;80;1;2; ; ; ; ; ;2; ;2; ;.; ; ;1;07;08;669,680242144123;08
3265667;1;5;1;80;1;2; ; ; ;2; ;2; ;2; ;.; ; ;1;07;08;550,975460054505;08
3265667;1;6;1;80;1;2; ; ; ;2; ;2; ;2; ;.; ; ;1;07;08;550,975460054505;08
3265667;2;1;2;80;1;2; ; ; ;2; ;2; ;2; ;.; ; ;1;07;08;550,975460054505;08
3265667;2;3;2;80;1;2; ; ; ;2; ;2; ;2; ;.; ; ;1;07;08;550,975460054505;08
3265668;1;2;1;80;1;1;4;4; ;2; ;2; ; ; ; ;9;2;1;07;08;644,490201239334;08
3265668;1;5;1;80;1;2; ; ; ;2; ;2; ;2; ;.; ; ;1;07;08;644,490201239334;08
3265668;1;7;1;80;1;2; ; ; ;2; ;2; ;2; ;.; ; ;1;07;08;644,490201239334;08
3265669;1;2;1;80;1;2; ; ; ;2; ;2; ;2; ;.; ; ;1;07;08;686,421126506791;08
3265670;1;2;1;80;1;2; ; ; ;2; ;2; ;2; ;.; ; ;1;07;08;574,595076575261;08
3265670;1;3;1;80;1;2; ; ; ; ; ;2; ;2; ;.; ; ;1;07;08;574,595076575261;08
3265671;1;2;1;80;1;1;4;3; ;2; ;2; ; ; ; ;9;2;1;07;08;625,50752324146;08
3265671;1;3;1;80;1;2; ; ; ;2; ;2; ;2; ;.; ; ;1;07;08;625,50752324146;08
3265672;1;2;1;80;1;2; ; ; ;2; ;2; ;2; ;.; ; ;1;07;08;664,367547660178;08
3265672;1;3;1;80;1;2; ; ; ;2; ;2; ;2; ;.; ; ;1;07;08;664,367547660178;08
3265673;1;1;1;80;1;2; ; ; ;2; ;2; ;2; ;.; ; ;1;07;08;546,378077048854;08
3265673;1;2;1;80;1;2; ; ; ;2; ;2; ;2; ;.; ; ;1;07;08;546,378077048854;08
3265673;1;3;1;80;1;2; ; ; ; ; ;2; ;2; ;.; ; ;1;07;08;546,378077048854;08
3265673;1;4;1;80;1;1;4;5; ;2; ;2; ; ; ; ;8;2;1;07;08;546,378077048854;08
3265674;1;2;1;80;1;1;4;4; ;2; ;2; ; ; ; ;8;2;1;07;08;697,897241670531;08
3265675;1;2;1;80;1;1;4;3; ;2; ;2; ; ; ; ;10;2;1;07;08;609,62315242173;08
3265675;1;4;1;80;1;2; ; ; ; ; ;2; ;2; ;.; ; ;1;07;08;609,62315242173;08
3265676;1;3;1;80;1;2; ; ; ; ; ;2; ;2; ;.; ; ;1;07;08;563,811790345967;08
3265677;1;2;1;80;1;1;2;4; ;2; ;2; ; ; ; ;4;2;1;07;08;447,576121216585;08
3265679;1;3;1;80;1;2; ; ; ;2; ;2; ;2; ;.; ; ;1;07;08;574,595076575261;08
3265681;1;1;1;80;1;1;4;5; ;3; ;2; ; ; ; ;10;2;1;07;08;596,273324265129;08
3265681;1;2;1;80;1;1;4;3; ;2; ;2; ; ; ; ;9;2;1;07;08;596,273324265129;08
3265682;1;1;1;80;1;1;4;4; ;2; ;2; ; ; ; ;4;2;1;07;08;638,391294441882;08
3265682;1;2;1;80;1;1;4;3; ;2; ;2; ; ; ; ;9;2;1;07;08;638,391294441882;08
3265683;1;3;1;80;1;2; ; ; ;2; ;2; ;2; ;.; ; ;1;07;08;660,745820532463;08
3265683;1;5;1;80;1;2; ; ; ;3; ;2; ;2; ;.; ; ;1;07;08;660,745820532463;08
3265685;1;1;1;80;1;1;4;5; ;3; ;2; ; ; ; ;10;2;1;07;08;480,132779833294;08
3265685;1;4;1;80;1;2; ; ; ;2; ;2; ;2; ;.; ; ;1;07;08;480,132779833294;08
3265687;1;1;1;80;1;1;4;5; ;3; ;2; ; ;4; ;4;1;1;07;08;583,946482905539;08
3265687;1;2;1;80;1;2; ; ; ;2; ;2; ;2; ;.; ; ;1;07;08;583,946482905539;08
3265687;1;3;1;80;1;1;2;6; ;2; ;2; ; ;1; ;9;1;1;07;08;583,946482905539;08
3265687;1;4;1;80;1;2; ; ; ;2; ;2; ;2; ;.; ; ;1;07;08;583,946482905539;08
3265688;1;4;1;80;1;2; ; ; ;2; ;2; ;2; ;.; ; ;1;07;08;561,828706391351;08
3265688;1;5;1;80;1;2; ; ; ;2; ;2; ;2; ;.; ; ;1;07;08;561,828706391351;08
3265688;1;6;1;80;1;2; ; ; ;2; ;2; ;2; ;.; ; ;1;07;08;561,828706391351;08
3265688;1;7;1;80;1;1;4;4; ;2; ;2; ; ; ; ;4;2;1;07;08;561,828706391351;08
3265689;1;1;1;80;1;1;4;3; ;2; ;2; ; ; ; ;9;2;1;07;08;590,681811770959;08
3265689;1;5;1;80;1;1;4;3; ;2; ;2; ; ; ; ;9;2;1;07;08;590,681811770959;08
3265690;1;2;1;80;1;1;1;7; ;2; ;2; ; ; ;CUADRE DE HORARIOS;12;2;1;07;08;487,794582349204;08
3265690;1;6;1;80;1;1;1;4; ;2; ;2; ; ; ; ;4;2;1;07;08;487,794582349204;08
3265695;1;2;1;80;1;2; ; ; ; ; ;2; ;2; ;.; ; ;1;07;08;616,08615680363;08
3265696;1;1;1;80;1;1;3;5; ;3; ;2; ; ; ; ;10;2;1;07;08;525,156224931807;08
3265696;1;2;1;80;1;1;3;5; ;3; ;2; ; ; ; ;10;2;1;07;08;525,156224931807;08
3265697;1;5;1;80;1;1;4;3; ;2; ;2; ; ; ; ;8;2;1;07;08;489,067201444954;08
3265699;1;2;1;80;1;1;3;3; ;2; ;2; ; ; ; ;9;2;1;07;08;504,601027921309;08
3265699;1;3;1;80;1;2; ; ; ;2; ;2; ;2; ;.; ; ;1;07;08;504,601027921309;08
3265699;1;5;1;80;1;2; ; ; ;2; ;2; ;2; ;.; ; ;1;07;08;504,601027921309;08
3265700;1;3;1;80;1;2; ; ; ;2; ;2; ;2; ;.; ; ;1;07;08;605,092587567945;08
3265700;1;4;1;80;1;2; ; ; ;2; ;2; ;2; ;.; ; ;1;07;08;605,092587567945;08
3265701;1;1;1;80;1;1;3;5; ;3; ;2; ; ; ; ;10;2;1;07;08;441,33695308215;08
3265701;1;3;1;80;1;2; ; ; ;2; ;2; ;2; ;.; ; ;1;07;08;441,33695308215;08
3265703;1;3;1;80;1;2; ; ; ;2; ;2; ;2; ;.; ; ;1;07;08;600,612983355429;08
3265706;1;1;1;80;1;2; ; ; ;2; ;2; ;2; ;.; ; ;1;07;08;583,870735450899;08
3265707;1;2;1;80;1;2; ; ; ;2; ;2; ;2; ;.; ; ;1;07;08;523,332463342313;08
3265707;1;3;1;80;1;2; ; ; ;2; ;2; ;2; ;.; ; ;1;07;08;523,332463342313;08
3265709;1;2;1;80;1;1;4;4; ;2; ;2; ; ; ; ;9;2;1;07;08;590,109903585334;08
3265710;1;7;1;80;1;2; ; ; ; ; ;2; ;2; ;.; ; ;1;07;08;553,308710575872;08
3265711;1;2;1;80;1;1;3;3; ;2; ;2; ; ; ; ;9;2;1;07;08;532,035897817557;08
3265711;1;5;1;80;1;1;4;4; ;2; ;2; ; ; ; ;8;2;1;07;08;532,035897817557;08
3265712;1;3;1;80;1;2; ; ; ;2; ;2; ;2; ;.; ; ;1;07;08;687,203256136952;08
3265713;1;4;1;80;1;1;1;8; ;2; ;2; ; ; ; ;9;2;1;07;08;663,928018835857;08
3265714;1;1;1;80;1;1;1;6; ;2; ;2; ; ; ; ;9;2;1;07;08;582,607423434546;08
3265715;1;2;1;80;1;1;4;3; ;2; ;2; ; ; ; ;9;2;1;07;08;598,840182407204;08
3265715;1;3;1;80;1;2; ; ; ;2; ;2; ;2; ;.; ; ;1;07;08;598,840182407204;08
3265715;1;4;1;80;1;2; ; ; ;2; ;2; ;2; ;.; ; ;1;07;08;598,840182407204;08
3265715;1;5;1;80;1;2; ; ; ; ; ;2; ;2; ;.; ; ;1;07;08;598,840182407204;08
3265716;1;2;1;80;1;2; ; ; ;2; ;2; ;2; ;.; ; ;1;07;08;622,666562202042;08
3265717;1;2;1;80;1;2; ; ; ; ; ;2; ;2; ;.; ; ;1;07;08;511,13977975785;08
3265717;1;3;1;80;1;2; ; ; ; ; ;2; ;2; ;.; ; ;1;07;08;511,13977975785;08
3265718;1;1;1;80;1;2; ; ; ;2; ;2; ;2; ;.; ; ;1;07;08;645,272330869494;08
3265718;1;3;1;80;1;1;3;3; ;2; ;2; ; ; ; ;9;2;1;07;08;645,272330869494;08
3265718;1;5;1;80;1;1;1;8; ;2; ;2; ; ; ; ;8;2;1;07;08;645,272330869494;08
3265718;1;6;1;80;1;2; ; ; ; ; ;2; ;2; ;.; ; ;1;07;08;645,272330869494;08
3265719;1;4;1;80;1;2; ; ; ;2; ;2; ;2; ;.; ; ;1;07;08;693,783661535364;08
3265720;1;1;1;80;1;1;4;4; ;2; ;2; ; ; ; ;8;2;1;07;08;525,156224931807;08
3265720;1;2;1;80;1;1;4;4; ;2; ;2; ; ; ; ;8;2;1;07;08;525,156224931807;08
3265721;1;2;1;80;1;2; ; ; ;2; ;2; ;2; ;.; ; ;1;07;08;467,018021496455;08
3265721;1;3;1;80;1;2; ; ; ; ; ;2; ;2; ;.; ; ;1;07;08;467,018021496455;08
3265722;1;3;1;80;1;2; ; ; ; ; ;2; ;2; ;.; ; ;1;07;08;676,560231244641;08
3265723;1;3;1;80;1;2; ; ; ;2; ;2; ;2; ;.; ; ;1;07;08;594,449562675635;08
3265723;1;4;1;80;1;1;1;9;TEMPORADA VACACIONES;2; ;2; ; ; ; ;2;2;1;07;08;594,449562675635;08
3265725;1;2;1;80;1;1;1;7; ;2; ;2; ; ; ; ;9;2;1;07;08;462,558805199196;08
3265725;1;5;1;80;1;2; ; ; ; ; ;2; ;2; ;.; ; ;1;07;08;462,558805199196;08
3265726;1;3;1;80;1;2; ; ; ;2; ;2; ;2; ;.; ; ;1;07;08;546,378077048854;08
3265726;1;4;1;80;1;2; ; ; ;2; ;2; ;2; ;.; ; ;1;07;08;546,378077048854;08
3265727;1;1;1;80;1;1;4;3; ;2; ;2; ; ; ; ;8;2;1;07;08;467,730191019064;08
3265727;1;3;1;80;1;2; ; ; ; ; ;2; ;2; ;.; ; ;1;07;08;467,730191019064;08
3265728;1;3;1;80;1;1;3;3; ;2; ;2; ; ; ; ;9;2;1;07;70;924,027310454607; 
3265730;1;1;1;80;1;2; ; ; ;2; ;2; ;2; ;.; ; ;1;07;70;738,150835871483; 
3265730;1;4;1;80;1;2; ; ; ;2; ;2; ;2; ;.; ; ;1;07;70;738,150835871483; 
3265731;1;3;1;80;1;2; ; ; ; ; ;2; ;2; ;.; ; ;1;07;70;842,214913341159; 
3265732;1;1;1;80;1;1;1;2; ;2; ;2; ; ; ; ;2;2;1;07;70;1144,23586520553; 
3265732;1;2;1;80;1;1;1;6; ;2; ;1;20000; ; ; ;2;2;1;07;70;1144,23586520553; 
3265734;1;2;1;80;1;1;1;6; ;2; ;2; ; ; ;POR EMBARAZO;12;2;1;07;70;802,045069426302; 
3265735;1;1;1;80;1;1;4;3; ;2; ;2; ; ;4; ;8;1;1;07;70;432,065343570009; 
3265737;1;3;1;80;1;2; ; ; ;2; ;2; ;2; ;.; ; ;1;07;70;935,583306029663; 
3265737;1;5;1;80;1;2; ; ; ; ; ;2; ;2; ;.; ; ;1;07;70;935,583306029663; 
3265739;1;1;1;80;1;1;4;4; ;2; ;2; ; ; ; ;4;2;1;07;70;763,081042455517; 
3265740;1;2;1;80;1;1;1;3; ;2; ;2; ; ; ; ;9;2;1;07;70;884,810650655466; 
3265740;1;3;1;80;1;2; ; ; ; ; ;2; ;2; ;.; ; ;1;07;70;884,810650655466; 
3265743;1;3;1;80;1;2; ; ; ;2; ;2; ;2; ;.; ; ;1;07;70;927,697026283683; 
3265743;1;6;1;80;1;2; ; ; ;2; ;2; ;2; ;.; ; ;1;07;70;927,697026283683; 
3265744;1;3;1;80;1;1;1;8; ;2; ;2; ; ; ; ;2;2;1;07;70;909,058666121348; 
3265744;1;4;1;80;1;1;3;8; ;2; ;2; ; ; ; ;2;2;1;07;70;909,058666121348; 
3265761;1;5;1;80;1;2; ; ; ; ; ;2; ;2; ;.; ; ;1;07;70;832,49638432592; 
3265777;1;3;1;80;1;2; ; ; ; ; ;2; ;2; ;.; ; ;1;07;70;958,587499065918; 
3265779;1;2;1;80;1;1;4;6; ;2; ;2; ; ;2; ;9;1;1;07;70;1004,8529522093; 
3265779;1;7;1;80;1;1;1;8; ;2; ;2; ; ; ; ;1;2;1;07;70;1004,8529522093; 
3265780;1;1;1;80;1;1;3;9;LA CONSIDERABAN VIEJA;2; ;2; ; ; ; ;4;2;1;07;70;573,979085648114; 
3265780;1;2;1;80;1;1;4;6; ;2; ;2; ; ; ; ;11;2;1;07;70;573,979085648114; 
3265780;1;4;1;80;1;2; ; ; ;2; ;2; ;2; ;.; ; ;1;07;70;573,979085648114; 
3265780;1;6;1;80;1;2; ; ; ; ; ;2; ;2; ;.; ; ;1;07;70;573,979085648114; 
3265781;1;3;1;80;1;2; ; ; ;2; ;2; ;2; ;.; ; ;1;07;70;990,721794277779; 
3265781;1;4;1;80;1;1;1;8; ;2; ;2; ; ; ; ;1;2;1;07;70;990,721794277779; 
3265782;1;2;1;80;1;1;1;4; ;2; ;1;150000; ; ; ;4;2;1;07;70;859,726848780545; 
3265784;1;2;1;80;1;2; ; ; ;2; ;2; ;2; ;.; ; ;1;07;70;777,016135387658; 
3265785;1;2;1;80;1;1;4;9;POR LA EDAD;2; ;2; ; ; ; ;8;2;1;07;70;1072,18283110826; 
3265788;1;3;1;80;1;2; ; ; ;2; ;2; ;2; ;.; ; ;1;07;70;954,221666191998; 
3265788;1;4;1;80;1;2; ; ; ;2; ;2; ;2; ;.; ; ;1;07;70;954,221666191998; 
3265789;1;3;1;80;1;2; ; ; ;2; ;2; ;2; ;.; ; ;1;07;70;1115,96752301592; 
3265792;1;3;1;80;1;2; ; ; ;2; ;2; ;2; ;.; ; ;1;07;70;868,739553249474; 
3265794;1;2;1;80;1;1;1;8; ;2; ;2; ; ; ; ;6;2;1;07;70;680,469056517241; 
3265795;1;5;1;80;1;2; ; ; ;2; ;2; ;2; ;.; ; ;1;07;70;1061,23526288704; 
3265802;1;6;1;80;1;2; ; ; ;2; ;2; ;2; ;.; ; ;1;07;70;849,150945395455; 
3265813;1;2;1;80;1;1;4;3; ;2; ;2; ; ; ; ;8;2;1;07;70;777,016135387658; 
3265824;1;1;1;80;1;1;4;4; ;2; ;2; ; ; ; ;4;2;1;07;70;481,849439667055; 
3265824;1;2;1;80;1;2; ; ; ;2; ;2; ;2; ;.; ; ;1;07;70;481,849439667055; 
3265829;1;1;1;80;1;2; ; ; ;2; ;2; ;2; ;.; ; ;1;07;70;886,695722293657; 
3265829;1;2;1;80;1;2; ; ; ;2; ;2; ;2; ;.; ; ;1;07;70;886,695722293657; 
3265829;1;3;1;80;1;1;1;4; ;2; ;2; ; ; ; ;9;2;1;07;70;886,695722293657; 
3265832;1;2;1;80;1;1;4;8; ;2; ;2; ; ; ;EL ESPOSO NO QUIERE QUE TRABAJE;12;2;1;07;70;1298,33234128379; 
3265832;1;4;1;80;1;1;1;9;PROBLEMAS EN EL TRABAJO;2; ;2; ; ; ; ;11;2;1;07;70;1298,33234128379; 
3265832;1;5;1;80;1;2; ; ; ; ; ;2; ;2; ;.; ; ;1;07;70;1298,33234128379; 
3265832;1;8;1;80;1;1;2;6; ;2; ;2; ; ; ; ;9;2;1;07;70;1298,33234128379; 
3265835;1;3;1;80;1;2; ; ; ; ; ;2; ;2; ;.; ; ;1;07;70;720,638900432098; 
3265839;1;3;1;80;1;2; ; ; ; ; ;2; ;2; ;.; ; ;1;07;70;704,567803026105; 
3265840;1;2;1;80;1;2; ; ; ; ; ;2; ;2; ;.; ; ;1;07;70;894,731270996653; 
3265842;1;2;1;80;1;1;1;6; ;2; ;1;100000; ; ; ;1;2;1;07;70;895,413462114806; 
3265842;1;3;1;80;1;2; ; ; ; ; ;2; ;2; ;.; ; ;1;07;70;895,413462114806; 
3265844;1;1;1;80;1;2; ; ; ;2; ;2; ;2; ;.; ; ;1;07;70;637,578354555153; 
3265846;1;1;1;80;1;1;4;4; ;2; ;2; ; ; ; ;4;2;1;07;70;896,501881352202; 
3265846;1;3;1;80;1;1;1;2; ;2; ;2; ; ; ; ;2;2;1;07;70;896,501881352202; 
3265846;2;2;2;80;1;1;4;3; ;2; ;2; ; ; ; ;9;2;1;07;70;896,501881352202; 
3265847;1;2;1;80;1;1;4;3; ;2; ;2; ; ; ; ;9;2;1;07;70;775,37116056097; 
3265855;1;2;1;80;1;1;4;3; ;2; ;2; ; ; ; ;9;2;1;07;70;799,477806669959; 
3265866;1;2;1;80;1;1;4;8; ;2; ;2; ; ; ; ;9;2;1;07;70;948,76127984547; 
3265866;1;3;1;80;1;2; ; ; ; ; ;2; ;2; ;.; ; ;1;07;70;948,76127984547; 
3265872;1;1;1;80;1;1;4;4; ;2; ;2; ; ; ; ;4;2;1;07;70;731,798267480729; 
3265872;1;2;1;80;1;2; ; ; ;2; ;2; ;2; ;.; ; ;1;07;70;731,798267480729; 
3265873;1;3;1;80;1;2; ; ; ; ; ;2; ;2; ;.; ; ;1;07;70;1013,02987026919; 
3265873;1;5;1;80;1;2; ; ; ;2; ;2; ;2; ;.; ; ;1;07;70;1013,02987026919; 
3265877;1;3;1;80;1;2; ; ; ;2; ;2; ;2; ;.; ; ;1;07;70;636,746894479983; 
3265880;1;2;1;80;1;1;4;4; ;2; ;2; ; ; ; ;4;2;1;07;70;1153,26110569131; 
3265880;1;5;1;80;1;1;1;8; ;2; ;1;180000; ; ; ;1;2;1;07;70;1153,26110569131; 
3265884;1;2;1;80;1;1;4;3; ;2; ;2; ; ; ; ;4;2;1;07;70;868,739553249474; 
3265884;1;3;1;80;1;2; ; ; ;2; ;2; ;2; ;.; ; ;1;07;70;868,739553249474; 
3265885;1;1;1;80;1;1;4;3; ;2; ;2; ; ; ; ;8;2;1;07;70;713,842098436546; 
3265886;1;1;1;80;1;1;4;3; ;2; ;2; ; ; ; ;9;2;1;07;70;628,860614734004; 
3265886;1;3;1;80;1;2; ; ; ; ; ;2; ;2; ;.; ; ;1;07;70;628,860614734004; 
3265887;1;2;1;80;1;2; ; ; ; ; ;2; ;2; ;.; ; ;1;07;70;835,923066919461; 
3265888;1;2;1;80;1;2; ; ; ;2; ;2; ;2; ;.; ; ;1;07;70;1024,34283260871; 
3265890;1;1;1;80;1;1;1;8; ;2; ;2; ; ; ; ;9;2;1;07;70;998,500383818548; 
3265891;1;1;1;80;1;1;1;8; ;2; ;2; ; ;1; ;1;1;1;07;70;783,406709263966; 
3265892;1;1;1;80;1;1;4;3; ;2; ;2; ; ; ; ;8;2;1;07;70;759,560595583457; 
3265892;1;2;1;80;1;1;2;8; ;2; ;2; ; ; ; ;1;2;1;07;70;759,560595583457; 
3265892;1;3;1;80;1;1;2;8; ;2; ;2; ; ; ; ;9;2;1;07;70;759,560595583457; 
3265892;1;6;1;80;1;1;4;4; ;2; ;2; ; ; ; ;8;2;1;07;70;759,560595583457; 
3265893;1;2;1;80;1;2; ; ; ;2; ;2; ;2; ;.; ; ;1;07;70;793,327329605153; 
3265894;1;2;1;80;1;2; ; ; ;2; ;2; ;2; ;.; ; ;1;07;70;846,675147335817; 
3265895;1;2;1;80;1;1;4;3; ;2; ;2; ; ; ; ;9;2;1;07;70;755,782552706951; 
3265896;1;2;1;80;1;1;3;3; ;2; ;2; ; ; ; ;9;2;1;07;70;834,179364638163; 
3265896;1;3;1;80;1;2; ; ; ; ; ;2; ;2; ;.; ; ;1;07;70;834,179364638163; 
3265897;1;3;1;80;1;1;1;2; ;2; ;2; ; ; ; ;2;2;1;07;70;922,087370980138; 
3265898;1;2;1;80;1;2; ; ; ;2; ;2; ;2; ;.; ; ;1;07;70;834,179364638163; 
3265898;1;3;1;80;1;2; ; ; ; ; ;2; ;2; ;.; ; ;1;07;70;834,179364638163; 
3265899;1;2;1;80;1;2; ; ; ;2; ;2; ;2; ;.; ; ;1;07;70;971,826474953216; 
3265900;1;4;1;80;1;2; ; ; ;2; ;2; ;2; ;.; ; ;1;07;70;895,413462114806; 
3265903;1;2;1;80;1;1;4;3; ;2; ;2; ; ; ; ;8;2;1;07;70;767,446875329437; 
3265903;1;4;1;80;1;2; ; ; ;2; ;2; ;2; ;.; ; ;1;07;70;767,446875329437; 
3265905;1;1;1;80;1;1;4;3; ;2; ;2; ; ; ; ;9;2;1;07;70;570,052410656811; 
3265906;1;5;1;80;1;2; ; ; ;2; ;2; ;2; ;.; ; ;1;07;70;784,846488784327; 
3265906;1;6;1;80;1;1;1;3; ;2; ;2; ; ; ; ;1;2;1;07;70;784,846488784327; 
3265907;1;2;1;80;1;1;4;8; ;2; ;2; ; ;4; ;9;1;1;07;70;895,468329951084; 
3265908;1;2;1;80;1;2; ; ; ;2; ;2; ;2; ;.; ; ;1;07;70;850,250462044155; 
3265908;1;3;1;80;1;2; ; ; ;2; ;2; ;2; ;.; ; ;1;07;70;850,250462044155; 
3265918;1;2;1;80;1;2; ; ; ;2; ;2; ;2; ;.; ; ;1;07;70;777,016135387658; 
3265940;1;1;1;80;1;2; ; ; ;2; ;2; ;2; ;.; ; ;1;07;70;759,452268536028; 
3265940;1;3;1;80;1;2; ; ; ;2; ;2; ;1;3; ;2; ;1;07;70;759,452268536028; 
3265940;1;4;1;80;1;1;1;8; ;2; ;2; ; ;1; ;1;1;1;07;70;759,452268536028; 
3265940;1;5;1;80;1;1;1;8; ;2; ;2; ; ; ; ;9;2;1;07;70;759,452268536028; 
3265941;1;2;1;80;1;2; ; ; ;2; ;2; ;2; ;.; ; ;1;07;70;1020,91615001517; 
3265941;1;3;1;80;1;2; ; ; ;2; ;2; ;2; ;.; ; ;1;07;70;1020,91615001517; 
3265941;1;4;1;80;1;2; ; ; ;2; ;2; ;2; ;.; ; ;1;07;70;1020,91615001517; 
3265941;1;5;1;80;1;2; ; ; ;2; ;2; ;2; ;.; ; ;1;07;70;1020,91615001517; 
3265942;1;2;1;80;1;1;4;3; ;2; ;2; ; ; ; ;9;2;1;07;70;870,384528076162; 
3265942;1;3;1;80;1;2; ; ; ; ; ;2; ;2; ;.; ; ;1;07;70;870,384528076162; 
3265943;1;6;1;80;1;2; ; ; ; ; ;2; ;2; ;.; ; ;1;07;70;895,562731071823; 
3265944;1;1;1;80;1;1;4;3; ;2; ;2; ; ; ; ;9;2;1;07;70;862,389921282754; 
3265944;1;4;1;80;1;2; ; ; ;2; ;2; ;2; ;.; ; ;1;07;70;862,389921282754; 
3265945;1;1;1;80;1;1;1;4; ;2; ;2; ; ; ; ;4;2;1;07;70;647,404573775601; 
3265945;1;2;1;80;1;1;4;4; ;2; ;2; ; ; ; ;4;2;1;07;70;647,404573775601; 
3265945;1;3;1;80;1;1;2;3; ;2; ;2; ; ; ; ;9;2;1;07;70;647,404573775601; 
3265946;1;2;1;80;1;2; ; ; ;2; ;2; ;2; ;.; ; ;1;07;70;937,61764662487; 
3265946;1;3;1;80;1;2; ; ; ; ; ;2; ;2; ;.; ; ;1;07;70;937,61764662487; 
3265946;1;4;1;80;1;2; ; ; ; ; ;2; ;2; ;.; ; ;1;07;70;937,61764662487; 
3265948;1;2;1;80;1;2; ; ; ;2; ;2; ;2; ;.; ; ;1;07;70;713,842098436546; 
3265949;1;2;1;80;1;2; ; ; ; ; ;2; ;2; ;.; ; ;1;07;70;889,270884650125; 
3265950;1;2;1;80;1;1;1;3; ;2; ;2; ; ; ; ;9;2;1;07;70;573,979085648114; 
3265950;2;2;2;80;1;1;1;3; ;2; ;2; ; ; ; ;9;2;1;07;70;573,979085648114; 
3265951;1;1;1;80;1;1;2;4; ;2; ;2; ; ; ; ;4;2;1;07;70;811,725592955986; 
3265952;1;2;1;80;1;2; ; ; ; ; ;2; ;2; ;.; ; ;1;07;70;846,675147335817; 
3265953;1;2;1;80;1;1;1;3; ;2; ;2; ; ; ; ;9;2;1;07;70;1025,17429268388; 
3265954;1;2;1;80;1;2; ; ; ;2; ;2; ;2; ;.; ; ;1;07;70;838,545197512082; 
3265956;1;2;1;80;1;2; ; ; ;2; ;2; ;2; ;.; ; ;1;07;70;940,204708155971; 
3265956;1;4;1;80;1;2; ; ; ;2; ;2; ;2; ;.; ; ;1;07;70;940,204708155971; 
3265956;1;5;1;80;1;2; ; ; ; ; ;2; ;2; ;.; ; ;1;07;70;940,204708155971; 
3265956;1;10;1;80;1;1;3;3; ;2; ;2; ; ; ; ;9;2;1;07;70;940,204708155971; 
3265957;1;4;1;80;1;2; ; ; ;2; ;2; ;2; ;.; ; ;1;07;70;1068,06003146988; 
3265957;1;5;1;80;1;2; ; ; ;2; ;2; ;2; ;.; ; ;1;07;70;1068,06003146988; 
3265957;1;6;1;80;1;2; ; ; ;2; ;2; ;2; ;.; ; ;1;07;70;1068,06003146988; 
3265958;1;2;1;80;1;1;4;3; ;2; ;2; ; ; ; ;8;2;1;07;70;777,016135387658; 
3265959;1;2;1;80;1;2; ; ; ; ; ;2; ;2; ;.; ; ;1;07;70;972,177835236182; 
3265959;1;5;1;80;1;2; ; ; ;2; ;2; ;2; ;.; ; ;1;07;70;972,177835236182; 
3265961;1;1;1;80;1;1;1;8; ;2; ;2; ; ; ; ;9;2;1;07;70;962,107945937978; 
3265961;1;3;1;80;1;1;1;2; ;2; ;2; ; ; ; ;2;2;1;07;70;962,107945937978; 
3265961;1;4;1;80;1;2; ; ; ; ; ;2; ;2; ;.; ; ;1;07;70;962,107945937978; 
3265962;1;1;1;80;1;1;4;3; ;2; ;2; ; ; ; ;9;2;1;07;70;774,394004795037; 
3265962;1;3;1;80;1;2; ; ; ;2; ;2; ;2; ;.; ; ;1;07;70;774,394004795037; 
3265963;1;3;1;80;1;1;1;8; ;2; ;2; ; ; ; ;1;2;1;07;70;901,705308536504; 
3265964;1;3;1;80;1;1;1;2; ;2; ;2; ; ; ; ;2;2;1;07;70;954,221666191998; 
3265964;1;4;1;80;1;2; ; ; ;2; ;2; ;2; ;.; ; ;1;07;70;954,221666191998; 
3265967;1;2;1;80;1;1;1;3; ;2; ;1;700000; ; ; ;9;2;1;07;70;1075,11548798291; 
3265968;1;2;1;80;1;2; ; ; ;2; ;2; ;2; ;.; ; ;1;07;70;791,442257966963; 
3265969;1;1;1;80;1;1;1;3; ;2; ;2; ; ; ; ;9;2;1;07;70;884,810650655466; 
3265969;1;3;1;80;1;2; ; ; ; ; ;2; ;2; ;.; ; ;1;07;70;884,810650655466; 
3265978;1;1;1;80;1;2; ; ; ;2; ;2; ;2; ;.; ; ;1;07;70;945,50392637085; 
3265978;1;2;1;80;1;2; ; ; ;2; ;2; ;2; ;.; ; ;1;07;70;945,50392637085; 
3265978;1;3;1;80;1;2; ; ; ; ; ;2; ;2; ;.; ; ;1;07;70;945,50392637085; 
3266001;1;2;1;80;1;2; ; ; ;2; ;2; ;2; ;.; ; ;1;07;70;793,327329605153; 
3266002;1;1;1;80;1;1;4;4; ;2; ;2; ; ; ; ;4;2;1;07;70;672,990063403537; 
3266003;1;3;1;80;1;1;1;2; ;2; ;2; ; ; ; ;2;2;1;07;70;909,7408572395; 
3266003;1;5;1;80;1;1;2;9;EMBARAZO;2; ;2; ; ; ; ;9;2;1;07;70;909,7408572395; 
3266006;1;2;1;80;1;2; ; ; ; ; ;2; ;2; ;.; ; ;1;07;52;153,184311518139;52
3266008;1;1;1;80;1;2; ; ; ;2; ;2; ;2; ;.; ; ;1;07;52;171,594792504703;52
3266009;1;3;1;80;1;1;1;2; ;2; ;2; ; ; ; ;2;2;1;07;52;167,502574626484;52
3266009;1;5;1;80;1;1;1;2; ;2; ;2; ; ; ; ;2;2;1;07;52;167,502574626484;52
3266011;1;2;1;80;1;1;4;5; ;3; ;2; ; ; ; ;10;2;1;07;52;117,376548740859;52
3266011;1;4;1;80;1;2; ; ; ;2; ;2; ;2; ;.; ; ;1;07;52;117,376548740859;52
3266012;1;2;1;80;1;1;4;3; ;2; ;2; ; ; ; ;9;2;1;07;52;145,344306289185;52
3266012;1;8;1;80;1;2; ; ; ;2; ;2; ;2; ;.; ; ;1;07;52;145,344306289185;52
3266012;1;9;1;80;1;2; ; ; ; ; ;2; ;2; ;.; ; ;1;07;52;145,344306289185;52
3266013;1;3;1;80;1;2; ; ; ;2; ;2; ;2; ;.; ; ;1;07;52;156,684204944875;52
3266013;1;4;1;80;1;2; ; ; ; ; ;2; ;1;1;LOS ESTUDIOS;12; ;1;07;52;156,684204944875;52
3266014;1;4;1;80;1;1;2;8; ;2; ;2; ; ; ; ;2;2;1;07;52;227,071733043526;52
3266015;1;3;1;80;1;1;3;2; ;2; ;2; ; ; ; ;2;2;1;07;52;142,096377082537;52
3266015;1;4;1;80;1;1;1;2; ;2; ;2; ; ; ; ;2;2;1;07;52;142,096377082537;52
3266015;1;5;1;80;1;2; ; ; ; ; ;2; ;2; ;.; ; ;1;07;52;142,096377082537;52
3266015;1;7;1;80;1;2; ; ; ;2; ;2; ;2; ;.; ; ;1;07;52;142,096377082537;52
3266016;1;1;1;80;1;1;3;4; ;2; ;2; ; ; ; ;8;2;1;07;52;109,658551127454;52
3266016;1;2;1;80;1;2; ; ; ;2; ;2; ;2; ;.; ; ;1;07;52;109,658551127454;52
3266017;1;3;1;80;1;2; ; ; ;2; ;2; ;2; ;.; ; ;1;07;52;283,029128155472;52
3266017;1;4;1;80;1;1;3;2; ;2; ;2; ; ; ; ;2;2;1;07;52;283,029128155472;52
3266018;1;4;1;80;1;2; ; ; ;2; ;2; ;2; ;.; ; ;1;07;52;125,469388504687;52
3266023;1;1;1;80;1;1;1;7; ;3; ;1;1500000; ; ; ;10;2;1;07;52;117,376548740859;52
3266023;1;3;1;80;1;2; ; ; ;2; ;2; ;2; ;.; ; ;1;07;52;117,376548740859;52
3266023;1;4;1;80;1;2; ; ; ;2; ;2; ;2; ;.; ; ;1;07;52;117,376548740859;52
3266024;1;2;1;80;1;1;4;3; ;2; ;2; ; ; ; ;9;2;1;07;52;120,876442167595;52
3266024;1;5;1;80;1;2; ; ; ;2; ;2; ;2; ;.; ; ;1;07;52;120,876442167595;52
3266024;1;6;1;80;1;2; ; ; ;2; ;2; ;2; ;.; ; ;1;07;52;120,876442167595;52
3266026;1;2;1;80;1;1;4;8; ;2; ;2; ; ; ; ;4;2;1;07;52;161,403037590416;52
3266026;1;3;1;80;1;1;2;8; ;2; ;2; ; ;2; ;2;1;1;07;52;161,403037590416;52
3266026;1;4;1;80;1;1;3;8; ;2; ;2; ; ; ; ;2;2;1;07;52;161,403037590416;52
3266032;1;1;1;80;1;1;4;3; ;2; ;2; ; ; ; ;9;2;1;07;52;136,693258888517;52
3266033;1;2;1;80;1;1;2;3; ;2; ;2; ; ; ; ;9;2;1;07;52;259,145724900161;52
3266033;1;5;1;80;1;2; ; ; ;2; ;2; ;2; ;.; ; ;1;07;52;259,145724900161;52
3266033;1;6;1;80;1;2; ; ; ; ; ;2; ;2; ;.; ; ;1;07;52;259,145724900161;52
3266033;1;9;1;80;1;1;4;8; ;2; ;2; ; ; ; ;1;2;1;07;52;259,145724900161;52
3266033;1;11;1;80;1;2; ; ; ;2; ;2; ;2; ;.; ; ;1;07;52;259,145724900161;52
3266034;1;2;1;80;1;1;4;4; ;2; ;2; ; ; ; ;8;2;1;07;52;123,072597628084;52
3266035;1;2;1;80;1;1;3;8; ;2; ;2; ; ;3; ;2;1;1;07;52;128,005207382982;52
3266035;1;8;1;80;1;2; ; ; ;2; ;2; ;2; ;.; ; ;1;07;52;128,005207382982;52
3266036;1;2;1;80;1;2; ; ; ;2; ;2; ;2; ;.; ; ;1;07;52;157,903144163679;52
3266037;1;1;1;80;1;1;3;4; ;2; ;2; ; ; ; ;4;2;1;07;52;273,705902588817;52
3266037;1;9;1;80;1;2; ; ; ; ; ;2; ;2; ;.; ; ;1;07;52;273,705902588817;52
3266037;1;10;1;80;1;2; ; ; ; ; ;2; ;2; ;.; ; ;1;07;52;273,705902588817;52
3266038;1;4;1;80;1;2; ; ; ; ; ;2; ;2; ;.; ; ;1;07;52;228,65219811332;52
3266038;1;6;1;80;1;2; ; ; ;2; ;2; ;2; ;.; ; ;1;07;52;228,65219811332;52
3266040;1;1;1;80;1;1;3;4; ;2; ;2; ; ; ; ;4;2;1;07;52;125,872001916682;52
3266042;1;2;1;80;1;1;2;4; ;2; ;2; ; ; ; ;4;2;1;07;76;1094,14220734045;76
3266042;2;2;2;80;1;2; ; ; ;2; ;2; ;2; ;.; ; ;1;07;76;1094,14220734045;76
3266043;1;4;1;80;1;1;1;2; ;2; ;2; ; ; ; ;2;2;1;07;76;877,68917239829;76
3266043;2;3;2;80;1;1;4;4; ;2; ;2; ; ; ; ;4;2;1;07;76;877,68917239829;76
3266044;1;1;1;80;1;1;2;3; ;2; ;2; ; ;1; ;9;1;1;07;76;1321,40437415525;76
3266044;1;3;1;80;1;2; ; ; ;2; ;2; ;2; ;.; ; ;1;07;76;1321,40437415525;76
3266044;1;4;1;80;1;1;2;2; ; ; ;2; ; ; ; ;2;2;1;07;76;1321,40437415525;76
3266044;1;5;1;80;1;2; ; ; ; ; ;2; ;2; ;.; ; ;1;07;76;1321,40437415525;76
3266049;1;2;1;80;1;1;1;9;CAMBIO DE DOMICILIO;2; ;2; ; ; ;NO LE PERMITEN TRABAJAR;12;2;1;07;76;974,303715262603;76
3266051;1;1;1;80;1;2; ; ; ;2; ;2; ;2; ;.; ; ;1;07;76;857,070451792864;76
3266052;1;1;1;80;1;1;4;5; ;3; ;2; ; ; ; ;10;2;1;07;76;715,046279340619;76
3266052;1;6;1;80;1;1;1;2; ;2; ;2; ; ; ; ;2;2;1;07;76;715,046279340619;76
3266053;1;1;1;80;1;1;3;5; ;3; ;2; ; ; ; ;10;2;1;07;76;958,849773813437;76
3266054;1;5;1;80;1;1;2;7; ;2; ;2; ; ; ; ;9;2;1;07;76;1101,44048546503;76
3266056;1;1;1;80;1;1;4;5; ;3; ;2; ; ; ; ;10;2;1;07;76;902,541060706269;76
3266059;1;2;1;80;1;2; ; ; ; ; ;2; ;2; ;.; ; ;1;07;76;685,935237016323;76
3266061;1;1;1;80;1;1;4;5; ;3; ;1;75000; ;1; ;11;1;1;07;76;983,421949536192;76
3266063;1;1;1;80;1;1;4;5; ;3; ;2; ; ; ; ;11;2;1;07;76;997,904121758155;76
3266063;1;2;1;80;1;1;3;8; ;2; ;2; ; ; ; ;8;2;1;07;76;997,904121758155;76
3266067;1;3;1;80;1;2; ; ; ;2; ;2; ;1;2; ;8; ;1;07;76;599,690410238026;76
3266068;1;4;1;80;1;1;1;3; ;2; ;2; ; ; ; ;9;2;1;07;76;1392,34215694004;76
3266070;1;2;1;80;1;1;1;3; ;2; ;2; ; ;1; ;9;1;1;07;76;1454,39106570231;76
3266072;1;3;1;80;1;2; ; ; ; ; ;2; ;2; ;.; ; ;1;07;76;782,43794561352;76
3266073;1;1;1;80;1;1;4;4; ;3; ;2; ; ; ; ;10;2;1;07;76;663,484812223607;76
3266074;1;1;1;80;1;1;4;4; ;2; ;2; ; ; ; ;8;2;1;07;76;876,116000358486;76
3266074;1;3;1;80;1;1;4;5; ;3; ;2; ; ; ; ;10;2;1;07;76;876,116000358486;76
3266078;1;1;1;80;1;1;4;7; ;3; ;2; ; ; ; ;8;2;1;07;76;973,3319460354;76
3266078;1;5;1;80;1;2; ; ; ; ; ;2; ;2; ;.; ; ;1;07;76;973,3319460354;76
3266083;1;1;1;80;1;1;4;7; ;3; ;2; ; ; ;FALTA DE DINERO PARA HACER LAS VUELTAS;12;2;1;07;76;836,121163660571;76
3266086;1;2;1;80;1;2; ; ; ;2; ;2; ;2; ;.; ; ;1;07;76;1086,09837828298;76
3266087;1;2;1;80;1;1;3;9;CANSANCIO;2; ;2; ; ; ; ;4;2;1;07;08;1010,96531844901; 
3266089;1;2;1;80;1;2; ; ; ;2; ;2; ;2; ;.; ; ;1;07;08;895,264230932392; 
3266091;1;2;1;80;1;1;4;4; ;3; ;2; ; ; ; ;4;2;1;07;08;752,959126913537; 
3266093;1;2;1;80;1;2; ; ; ;2; ;2; ;2; ;.; ; ;1;07;08;1152,04599434609; 
3266093;1;6;1;80;1;2; ; ; ; ; ;2; ;2; ;.; ; ;1;07;08;1152,04599434609; 
3266094;1;3;1;80;1;1;1;9;NO LE GUSTO EL TRABAJO ( ALBAÑILERIA);2; ;2; ; ; ; ;3;2;1;07;08;973,871503158095; 
3266094;1;4;1;80;1;2; ; ; ;2; ;2; ;2; ;.; ; ;1;07;08;973,871503158095; 
3266095;1;3;1;80;1;2; ; ; ;2; ;2; ;2; ;.; ; ;1;07;08;760,85159620187; 
3266095;1;4;1;80;1;2; ; ; ; ; ;2; ;2; ;.; ; ;1;07;08;760,85159620187; 
3266097;1;2;1;80;1;1;2;3; ;2; ;2; ; ; ; ;9;2;1;07;08;1071,07272348495; 
3266098;1;1;1;80;1;1;1;5; ;3; ;2; ; ; ; ;10;2;1;07;08;996,921588702736; 
3266098;1;2;1;80;1;1;4;4; ;2; ;2; ; ; ; ;4;2;1;07;08;996,921588702736; 
3266098;1;4;1;80;1;1;3;9;EDAD;2; ;2; ; ; ; ;8;2;1;07;08;996,921588702736; 
3266099;1;1;1;80;1;2; ; ; ;2; ;2; ;2; ;.; ; ;1;07;08;498,648621388792; 
3266102;1;1;1;80;1;1;2;4; ;2; ;2; ; ; ; ;4;2;1;07;08;1014,56025147443; 
3266105;1;3;1;80;1;2; ; ; ; ; ;2; ;2; ;.; ; ;1;07;08;910,757645309754; 
3266107;1;3;1;80;1;2; ; ; ; ; ;2; ;2; ;.; ; ;1;07;08;939,602380833401; 
3266108;1;2;1;80;1;1;4;5; ;3; ;2; ; ; ; ;10;2;1;07;08;985,396545930416; 
3266109;1;4;1;80;1;1;4;3; ;2; ;2; ; ; ; ;9;2;1;07;08;1131,34453977629; 
3266109;1;5;1;80;1;2; ; ; ; ; ;2; ;2; ;.; ; ;1;07;08;1131,34453977629; 
3266109;1;8;1;80;1;2; ; ; ;2; ;2; ;2; ;.; ; ;1;07;08;1131,34453977629; 
3266109;1;9;1;80;1;2; ; ; ; ; ;2; ;2; ;.; ; ;1;07;08;1131,34453977629; 
3266109;2;2;2;80;1;1;4;3; ;2; ;2; ; ; ; ;9;2;1;07;08;1131,34453977629; 
3266109;2;3;2;80;1;2; ; ; ;2; ;2; ;2; ;.; ; ;1;07;08;1131,34453977629; 
3266109;2;4;2;80;1;2; ; ; ;2; ;2; ;2; ;.; ; ;1;07;08;1131,34453977629; 
3266109;2;5;2;80;1;2; ; ; ; ; ;2; ;2; ;.; ; ;1;07;08;1131,34453977629; 
3266110;1;3;1;80;1;2; ; ; ; ; ;2; ;2; ;.; ; ;1;07;08;932,798479429015; 
3266111;1;1;1;80;1;1;1;4; ;2; ;2; ; ;1; ;4;1;1;07;08;902,068132336777; 
3266111;1;2;1;80;1;1;4;3; ;2; ;2; ; ; ; ;9;2;1;07;08;902,068132336777; 
3266113;1;2;1;80;1;2; ; ; ;2; ;2; ;2; ;.; ; ;1;07;08;632,954493839683; 
3266114;1;1;1;80;1;1;4;3; ;2; ;2; ; ; ; ;9;2;1;07;08;810,64859796083; 
3266114;1;2;1;80;1;1;2;3; ;2; ;2; ; ; ; ;9;2;1;07;08;810,64859796083; 
3266114;1;7;1;80;1;1;4;4; ;2; ;2; ; ; ; ;4;2;1;07;08;810,64859796083; 
3266115;1;1;1;80;1;1;4;5; ;3; ;2; ; ; ; ;8;2;1;07;08;840,252736710552; 
3266115;1;2;1;80;1;2; ; ; ;2; ;2; ;2; ;.; ; ;1;07;08;840,252736710552; 
3266116;1;3;1;80;1;2; ; ; ;2; ;2; ;2; ;.; ; ;1;07;08;965,662377251963; 
3266116;1;4;1;80;1;2; ; ; ;2; ;2; ;2; ;.; ; ;1;07;08;965,662377251963; 
3266117;1;2;1;80;1;2; ; ; ; ; ;2; ;2; ;.; ; ;1;07;08;857,891399482245; 
3266120;1;1;1;80;1;1;4;5; ;3; ;2; ; ; ; ;10;2;1;07;08;840,252736710552; 
3266120;1;2;1;80;1;1;4;3; ;2; ;2; ; ; ; ;9;2;1;07;08;840,252736710552; 
3266121;1;4;1;80;1;1;2;2; ;2; ;2; ; ; ; ;2;2;1;07;08;935,159110965748; 
3266121;1;5;1;80;1;1;3;3; ;2; ;2; ; ; ; ;9;2;1;07;08;935,159110965748; 
3266121;1;7;1;80;1;2; ; ; ;2; ;2; ;2; ;.; ; ;1;07;08;935,159110965748; 
3266122;1;3;1;80;1;1;1;2; ;2; ;2; ; ; ; ;2;2;1;07;08;917,081159647295; 
3266122;1;4;1;80;1;1;4;9;CANSADA DE TRABAJAR;2; ;2; ; ; ; ;11;2;1;07;08;917,081159647295; 
3266123;1;3;1;80;1;2; ; ; ;2; ;2; ;2; ;.; ; ;1;07;08;695,371739718093; 
3266123;1;4;1;80;1;2; ; ; ;2; ;2; ;2; ;.; ; ;1;07;08;695,371739718093; 
3266131;1;1;1;80;1;1;4;5; ;3; ;2; ; ; ; ;4;2;1;07;08;969,462698347346; 
3266133;1;1;1;80;1;2; ; ; ;2; ;2; ;1;3; ;1; ;1;07;08;867,318622945238; 
3266134;1;2;1;80;1;1;4;9;EMBARAZO;2; ;2; ; ; ; ;9;2;1;07;08;724,216475241739; 
3266134;1;3;1;80;1;1;1;2; ;2; ;2; ; ; ; ;2;2;1;07;08;724,216475241739; 
3266134;1;5;1;80;1;1;4;4; ;2; ;2; ; ; ; ;4;2;1;07;08;724,216475241739; 
3266135;1;3;1;80;1;1;1;6; ;2; ;2; ; ; ; ;8;2;1;07;08;596,290274921352; 
3266136;1;1;1;80;1;1;2;9;SE ACABO EL CAPITAL;2; ;2; ; ; ;FALTA DE RECURSOS PARA EL NEGOCIO;12;2;1;07;08;1132,10931010107; 
3266136;1;3;1;80;1;2; ; ; ;2; ;2; ;2; ;.; ; ;1;07;08;1132,10931010107; 
3266136;1;4;1;80;1;2; ; ; ;2; ;2; ;2; ;.; ; ;1;07;08;1132,10931010107; 
3266136;1;5;1;80;1;2; ; ; ; ; ;2; ;2; ;.; ; ;1;07;08;1132,10931010107; 
3266142;1;2;1;80;1;1;4;3; ;2; ;2; ; ; ; ;9;2;1;07;76;891,569941807652;76
3266145;1;1;1;80;1;1;3;5; ;2; ;2; ; ; ; ;10;2;1;07;08;1134,94483990042; 
3266145;1;2;1;80;1;1;1;8; ;2; ;2; ; ; ; ;9;2;1;07;08;1134,94483990042; 
3266145;1;5;1;80;1;2; ; ; ;2; ;2; ;2; ;.; ; ;1;07;08;1134,94483990042; 
3266146;1;2;1;80;1;1;1;8; ;2; ;2; ; ; ; ;6;2;1;07;08;1049,09755312523; 
3266146;1;4;1;80;1;2; ; ; ;2; ;2; ;2; ;.; ; ;1;07;08;1049,09755312523; 
3266146;1;5;1;80;1;2; ; ; ; ; ;2; ;2; ;.; ; ;1;07;08;1049,09755312523; 
3266147;1;3;1;80;1;1;2;4; ;2; ;2; ; ; ; ;4;2;1;07;08;631,777494802907; 
3266148;1;1;1;80;1;1;4;3; ;2; ;2; ; ; ; ;9;2;1;07;08;1098,09751119955; 
3266148;1;3;1;80;1;2; ; ; ;2; ;2; ;2; ;.; ; ;1;07;08;1098,09751119955; 
3266148;1;4;1;80;1;2; ; ; ; ; ;2; ;2; ;.; ; ;1;07;08;1098,09751119955; 
3266149;1;4;1;80;1;2; ; ; ;2; ;2; ;2; ;.; ; ;1;07;08;967,547988820554; 
3266150;1;1;1;80;1;1;4;3; ;2; ;2; ; ; ; ;9;2;1;07;08;770,597789685231; 
3266150;1;4;1;80;1;1;2;2; ;2; ;2; ; ; ; ;2;2;1;07;08;770,597789685231; 
3266151;1;4;1;80;1;2; ; ; ; ; ;2; ;2; ;.; ; ;1;07;08;1040,40804015226; 
3266152;1;2;1;80;1;1;4;3; ;2; ;2; ; ; ; ;9;2;1;07;08;1190,59582483301; 
3266152;1;6;1;80;1;1;4;4; ;2; ;2; ; ; ; ;4;2;1;07;08;1190,59582483301; 
3266153;1;6;1;80;1;2; ; ; ;2; ;2; ;2; ;.; ; ;1;07;08;1033,05694326253; 
3266153;1;8;1;80;1;1;4;4; ;2; ;2; ; ; ; ;4;2;1;07;08;1033,05694326253; 
3266154;1;3;1;80;1;2; ; ; ;2; ;2; ;2; ;.; ; ;1;07;08;902,188450863169; 
3266154;1;5;1;80;1;2; ; ; ;2; ;2; ;2; ;.; ; ;1;07;08;902,188450863169; 
3266155;1;2;1;80;1;1;4;3; ;2; ;2; ; ; ; ;4;2;1;07;08;708,782394059005; 
3266156;1;2;1;80;1;1;2;3; ;2; ;2; ; ; ; ;9;2;1;07;08;1003,03520870211; 
3266156;1;4;1;80;1;2; ; ; ;2; ;2; ;2; ;.; ; ;1;07;08;1003,03520870211; 
3266157;1;1;1;80;1;1;4;5; ;3; ;2; ; ; ; ;10;2;1;07;08;835,531595342616; 
3266157;1;3;1;80;1;2; ; ; ;2; ;2; ;2; ;.; ; ;1;07;08;835,531595342616; 
3266158;1;2;1;80;1;1;4;3; ;2; ;2; ; ; ; ;9;2;1;07;08;1042,18688944122; 
3266158;1;4;1;80;1;2; ; ; ; ; ;2; ;2; ;.; ; ;1;07;08;1042,18688944122; 
3266160;1;2;1;80;1;1;4;3; ;2; ;2; ; ; ; ;9;2;1;07;08;954,292118062938; 
3266160;1;3;1;80;1;1;3;3; ;2; ;2; ; ; ; ;9;2;1;07;08;954,292118062938; 
3266161;1;2;1;80;1;1;1;8; ;2; ;2; ; ; ; ;9;2;1;07;08;867,318622945238; 
3266162;1;1;1;80;1;1;4;5; ;3; ;2; ; ; ; ;10;2;1;07;08;700,092881086028; 
3266162;1;2;1;80;1;1;4;3; ;2; ;2; ; ; ; ;9;2;1;07;08;700,092881086028; 
3266162;1;3;1;80;1;1;4;4; ;2; ;2; ; ; ; ;4;2;1;07;08;700,092881086028; 
3266164;1;1;1;80;1;1;4;7; ;2; ;2; ; ;3; ;9;1;1;07;08;802,986667540037; 
3266166;1;8;1;80;1;2; ; ; ;2; ;2; ;2; ;.; ; ;1;07;08;760,142983670054; 
3266167;1;1;1;80;1;1;4;5; ;3; ;2; ; ; ; ;10;2;1;07;08;744,26961394056; 
3266167;1;2;1;80;1;1;4;3; ;2; ;2; ; ; ; ;9;2;1;07;08;744,26961394056; 
3266167;1;4;1;80;1;1;1;2; ;2; ;2; ; ; ; ;2;2;1;07;08;744,26961394056; 
3266168;1;3;1;80;1;1;4;2; ;2; ;2; ; ; ; ;2;2;1;07;08;746,257309361; 
3266168;1;5;1;80;1;2; ; ; ;2; ;2; ;2; ;.; ; ;1;07;08;746,257309361; 
3266169;1;3;1;80;1;1;4;3; ;2; ;2; ; ; ; ;4;2;1;07;08;573,930470781723; 
3266170;1;4;1;80;1;1;3;4; ;2; ;2; ; ; ; ;4;2;1;07;08;697,150589007053; 
3266172;1;1;1;80;1;1;4;5; ;3; ;2; ; ; ; ;10;2;1;07;08;987,121550828981; 
3266172;1;4;1;80;1;2; ; ; ;2; ;2; ;2; ;.; ; ;1;07;08;987,121550828981; 
3266172;1;5;1;80;1;2; ; ; ;2; ;2; ;2; ;.; ; ;1;07;08;987,121550828981; 
3266172;1;6;1;80;1;2; ; ; ; ; ;2; ;2; ;.; ; ;1;07;08;987,121550828981; 
3266172;1;7;1;80;1;2; ; ; ; ; ;2; ;2; ;.; ; ;1;07;08;987,121550828981; 
3266172;1;8;1;80;1;2; ; ; ;2; ;2; ;2; ;.; ; ;1;07;08;987,121550828981; 
3266174;1;2;1;80;1;2; ; ; ;2; ;2; ;2; ;.; ; ;1;07;08;876,008135918215; 
3266176;1;1;1;80;1;1;4;3; ;2; ;2; ; ; ; ;8;2;1;07;08;728,937616609674; 
3266176;1;4;1;80;1;2; ; ; ;2; ;2; ;2; ;.; ; ;1;07;08;728,937616609674; 
3266178;1;3;1;80;1;2; ; ; ;2; ;2; ;2; ;.; ; ;1;07;08;1040,56945719873; 
3266178;1;4;1;80;1;2; ; ; ; ; ;2; ;2; ;.; ; ;1;07;08;1040,56945719873; 
3266179;1;2;1;80;1;1;3;3; ;2; ;2; ; ; ; ;9;2;1;07;08;1032,04136127223; 
3266179;1;3;1;80;1;2; ; ; ;2; ;2; ;2; ;.; ; ;1;07;08;1032,04136127223; 
3266179;1;4;1;80;1;2; ; ; ; ; ;2; ;2; ;.; ; ;1;07;08;1032,04136127223; 
3266180;1;3;1;80;1;2; ; ; ; ; ;2; ;2; ;.; ; ;1;07;08;816,553371828722; 
3266180;1;5;1;80;1;1;4;4; ;2; ;2; ; ; ; ;4;2;1;07;08;816,553371828722; 
3266180;1;6;1;80;1;1;4;3; ;2; ;2; ; ; ; ;4;2;1;07;08;816,553371828722; 
3266181;1;1;1;80;1;1;3;4; ;2; ;2; ; ; ; ;4;2;1;07;08;978,633743046115; 
3266189;1;2;1;80;1;2; ; ; ;2; ;2; ;2; ;.; ; ;1;07;08;1314,94878486404; 
3266189;1;4;1;80;1;2; ; ; ;2; ;2; ;2; ;.; ; ;1;07;08;1314,94878486404; 
3266190;1;1;1;80;1;1;4;9;CAMBIO DE RESIDENCIA;2; ;2; ; ; ; ;6;2;1;07;08;673,011935578464; 
3266190;1;2;1;80;1;1;2;1; ;2; ;2; ; ; ; ;6;2;1;07;08;673,011935578464; 
3266190;1;4;1;80;1;1;3;9;ES DROGADICTO;2; ;2; ; ; ; ;3;2;1;07;08;673,011935578464; 
3266190;1;5;1;80;1;2; ; ; ; ; ;2; ;2; ;.; ; ;1;07;08;673,011935578464; 
3266191;1;2;1;80;1;1;4;3; ;2; ;2; ; ; ; ;9;2;1;07;08;867,318622945238; 
3266192;1;2;1;80;1;2; ; ; ;2; ;2; ;2; ;.; ; ;1;07;08;1050,91750093428; 
3266193;1;3;1;80;1;2; ; ; ;2; ;2; ;2; ;.; ; ;1;07;08;1124,48034171106; 
3266193;1;6;1;80;1;2; ; ; ;2; ;2; ;2; ;.; ; ;1;07;08;1124,48034171106; 
3266195;1;2;1;80;1;1;4;5; ;3; ;2; ; ; ; ;11;2;1;07;76;856,210516832777;76
3266196;1;1;1;80;1;1;4;5; ;3; ;2; ; ; ; ;8;2;1;07;76;720,469590644365;76
3266196;1;2;1;80;1;2; ; ; ;2; ;2; ;2; ;.; ; ;1;07;76;720,469590644365;76
3266199;1;1;1;80;1;1;1;4; ;2; ;2; ; ; ; ;4;2;1;07;76;983,421949536192;76
3266200;1;2;1;80;1;1;1;3; ;2; ;2; ; ; ; ;9;2;1;07;76;1040,7236123083;76
3266203;1;2;1;80;1;1;4;3; ;2; ;2; ; ; ; ;9;2;1;07;76;1735,21872500491;76
3266205;1;3;1;80;1;1;2;4; ;1;1;1;25000; ;1; ;8;1;1;07;76;716,018048567821;76
3266207;1;2;1;80;1;1;4;9;CAMBIO DE DOMICILIO;2; ;2; ; ; ; ;4;2;1;07;08;1029,25662216715; 
3266207;1;4;1;80;1;1;2;2; ;2; ;2; ; ; ; ;2;2;1;07;08;1029,25662216715; 
3266207;1;5;1;80;1;2; ; ; ;2; ;2; ;2; ;.; ; ;1;07;08;1029,25662216715; 
3266208;1;2;1;80;1;2; ; ; ; ; ;2; ;2; ;.; ; ;1;07;08;930,593897840056; 
3266211;1;2;1;80;1;1;4;9;CAMBIO DE DOMICILIO;2; ;2; ; ; ; ;9;2;1;07;08;1079,76223645792; 
3266212;1;2;1;80;1;1;4;4; ;2; ;2; ; ; ; ;4;2;1;07;08;840,252736710552; 
3266213;1;1;1;80;1;2; ; ; ;2; ;2; ;2; ;.; ; ;1;07;08;1031,14223373574; 
3266213;1;2;1;80;1;2; ; ; ;2; ;2; ;2; ;.; ; ;1;07;08;1031,14223373574; 
3266213;1;3;1;80;1;2; ; ; ;2; ;2; ;2; ;.; ; ;1;07;08;1031,14223373574; 
3266213;1;4;1;80;1;2; ; ; ; ; ;2; ;2; ;.; ; ;1;07;08;1031,14223373574; 
3266214;1;2;1;80;1;1;4;8; ;2; ;2; ; ;2; ;1;1;1;07;08;876,008135918215; 
3266215;1;1;1;80;1;2; ; ; ;2; ;2; ;2; ;.; ; ;1;07;08;688,567838313707; 
3266215;1;2;1;80;1;2; ; ; ;2; ;2; ;1;3; ;2; ;1;07;08;688,567838313707; 
3266216;1;1;1;80;1;1;3;4; ;2; ;2; ; ; ; ;4;2;1;07;08;840,252736710552; 
3266218;1;2;1;80;1;1;4;7; ;2; ;2; ; ;4; ;9;1;1;07;08;833,711647533571; 
3266218;1;3;1;80;1;2; ; ; ;2; ;2; ;2; ;.; ; ;1;07;08;833,711647533571; 
3266218;1;4;1;80;1;1;2;8; ;2; ;2; ; ; ; ;2;2;1;07;08;833,711647533571; 
3266218;1;5;1;80;1;1;4;1; ;2; ;2; ; ; ; ;9;2;1;07;08;833,711647533571; 
3266219;1;4;1;80;1;2; ; ; ;2; ;2; ;2; ;.; ; ;1;07;08;974,35189022494; 
3266221;1;5;1;80;1;2; ; ; ;2; ;2; ;2; ;.; ; ;1;07;08;877,888380388103; 
3266221;1;6;1;80;1;2; ; ; ; ; ;2; ;2; ;.; ; ;1;07;08;877,888380388103; 
3266223;1;2;1;80;1;2; ; ; ;2; ;2; ;1;1;PIDEN MUCHAS EXIGENCIAS PARA PRESTAMOS PARA INSTALAR UN NEGOCIO;12; ;1;07;08;1181,00718432354; 
3266223;1;5;1;80;1;2; ; ; ; ; ;2; ;2; ;.; ; ;1;07;08;1181,00718432354; 
3266224;1;2;1;80;1;1;4;3; ;2; ;2; ; ; ; ;9;2;1;07;08;994,507112775609; 
3266225;1;1;1;80;1;1;2;9;QUEBRO EL NEGOCIO QUE TENIA COMO INDEPENDIENTE;2; ;2; ; ; ; ;8;2;1;07;08;906,789273704713; 
3266226;1;1;1;80;1;1;4;3; ;3; ;2; ; ; ; ;9;2;1;07;08;864,376330866263; 
3266227;1;1;1;80;1;1;4;5; ;3; ;2; ; ; ; ;10;2;1;07;08;481,871445695023; 
3266227;1;4;1;80;1;2; ; ; ;2; ;2; ;2; ;.; ; ;1;07;08;481,871445695023; 
3266228;1;4;1;80;1;2; ; ; ;2; ;2; ;2; ;.; ; ;1;07;08;1004,81405799107; 
3266229;1;1;1;80;1;1;4;5; ;3; ;2; ; ; ; ;8;2;1;07;08;680,039742387207; 
3266229;1;3;1;80;1;2; ; ; ; ; ;2; ;2; ;.; ; ;1;07;08;680,039742387207; 
3266230;1;2;1;80;1;1;1;9;LOS CLIENTES NO PAGABAN LO QUE COGIAN FIAO;2; ;2; ; ; ; ;9;2;1;07;08;847,163400394569; 
3266231;1;3;1;80;1;2; ; ; ;2; ;2; ;2; ;.; ; ;1;07;08;1066,62945361729; 
3266231;1;4;1;80;1;2; ; ; ;2; ;2; ;2; ;.; ; ;1;07;08;1066,62945361729; 
3266231;1;5;1;80;1;2; ; ; ; ; ;2; ;2; ;.; ; ;1;07;08;1066,62945361729; 
3266232;1;1;1;80;1;1;4;3; ;2; ;2; ; ; ; ;9;2;1;07;08;859,998724758156; 
3266232;1;2;1;80;1;2; ; ; ;2; ;2; ;2; ;.; ; ;1;07;08;859,998724758156; 
3266232;1;4;1;80;1;2; ; ; ;2; ;2; ;2; ;.; ; ;1;07;08;859,998724758156; 
3266232;1;5;1;80;1;2; ; ; ; ; ;2; ;2; ;.; ; ;1;07;08;859,998724758156; 
3266232;1;6;1;80;1;2; ; ; ; ; ;2; ;2; ;.; ; ;1;07;08;859,998724758156; 
3266233;1;3;1;80;1;1;1;2; ;2; ;2; ; ; ; ;2;2;1;07;08;1066,62945361729; 
3266233;1;5;1;80;1;2; ; ; ; ; ;2; ;2; ;.; ; ;1;07;08;1066,62945361729; 
3266234;1;5;1;80;1;2; ; ; ;2; ;2; ;2; ;.; ; ;1;07;08;1058,10135769079; 
3266235;1;1;1;80;1;1;2;9;EDAD;2; ;2; ; ; ; ;8;2;1;07;08;700,092881086028; 
3266235;1;2;1;80;1;1;4;4; ;2; ;2; ; ; ; ;4;2;1;07;08;700,092881086028; 
3266235;1;3;1;80;1;2; ; ; ;2; ;2; ;1;1; ;4; ;1;07;08;700,092881086028; 
3266237;1;2;1;80;1;2; ; ; ;2; ;2; ;2; ;.; ; ;1;07;08;654,137298942536; 
3266238;1;2;1;80;1;2; ; ; ;2; ;2; ;2; ;.; ; ;1;07;08;763,687126001213; 
3266238;1;3;1;80;1;1;4;4; ;2; ;2; ; ; ; ;4;2;1;07;08;763,687126001213; 
3266238;1;4;1;80;1;1;4;9;CANSANCIO POR LA VEJEZ;2; ;2; ; ; ; ;8;2;1;07;08;763,687126001213; 
3266253;1;2;1;80;1;1;1;6; ;2; ;2; ; ; ; ;9;2;1;07;08;904,852871441862; 
3266254;1;1;1;80;1;1;4;5; ;3; ;2; ; ; ; ;10;2;1;07;76;1356,98273196516;76
3266254;1;5;1;80;1;2; ; ; ; ; ;2; ;2; ;.; ; ;1;07;76;1356,98273196516;76
3266256;1;4;1;80;1;1;3;2; ;2; ;2; ; ;2; ;2;1;1;07;76;928,686408468827;76
3266256;1;5;1;80;1;2; ; ; ; ; ;2; ;2; ;.; ; ;1;07;76;928,686408468827;76
3266258;1;1;1;80;1;1;4;9;CAMBIO DE CIUDAD;2; ;2; ; ; ; ;9;2;1;07;76;1276,01451861024;76
3266258;1;3;1;80;1;1;1;8; ;2; ;2; ; ; ; ;2;2;1;07;76;1276,01451861024;76
3266258;1;4;1;80;1;2; ; ; ;2; ;2; ;2; ;.; ; ;1;07;76;1276,01451861024;76
3266259;1;1;1;80;1;1;4;4; ;3; ;2; ; ; ; ;4;2;1;07;76;1249,67678278746;76
3266259;1;2;1;80;1;1;4;3; ;2; ;2; ; ; ; ;9;2;1;07;76;1249,67678278746;76
3266259;1;3;1;80;1;1;2;9;CAMBIO DE CASA;2; ;2; ; ; ; ;9;2;1;07;76;1249,67678278746;76
3266259;1;5;1;80;1;2; ; ; ;2; ;2; ;2; ;.; ; ;1;07;76;1249,67678278746;76
3266261;1;2;1;80;1;1;2;3; ;2; ;2; ; ; ; ;2;2;1;07;76;817,981240234892;76
3266262;1;2;1;80;1;2; ; ; ;2; ;2; ;2; ;.; ; ;1;07;76;877,801006665405;76
3266262;1;3;1;80;1;2; ; ; ; ; ;2; ;2; ;.; ; ;1;07;76;877,801006665405;76
3266263;1;2;1;80;1;1;4;3; ;2; ;2; ; ;4; ;5;1;1;07;76;822,352228518324;76
3266263;1;3;1;80;1;1;1;8; ;2; ;2; ; ; ; ;9;2;1;07;76;822,352228518324;76
3266263;1;4;1;80;1;2; ; ; ; ; ;2; ;2; ;.; ; ;1;07;76;822,352228518324;76
3266266;1;3;1;80;1;1;2;8; ;2; ;2; ; ; ; ;9;2;1;07;76;1114,23156051266;76
3266266;1;5;1;80;1;1;3;4; ;2; ;2; ; ; ; ;4;2;1;07;76;1114,23156051266;76
3266268;1;3;1;80;1;2; ; ; ;2; ;2; ;2; ;.; ; ;1;07;76;782,43794561352;76
3266269;1;1;1;80;1;1;4;7; ;3; ;2; ; ; ; ;8;2;1;07;76;860,662058909321;76
3266269;1;2;1;80;1;1;4;3; ;2; ;2; ; ; ; ;9;2;1;07;76;860,662058909321;76
3266269;1;4;1;80;1;1;4;7; ;2; ;2; ; ; ; ;9;2;1;07;76;860,662058909321;76
3266270;1;2;1;80;1;1;1;7; ;2; ;2; ; ; ; ;4;2;1;07;76;1266,10249346383;76
3266271;1;3;1;80;1;2; ; ; ;2; ;2; ;2; ;.; ; ;1;07;76;1413,34370640879;76
3266271;1;4;1;80;1;2; ; ; ; ; ;2; ;2; ;.; ; ;1;07;76;1413,34370640879;76
3266271;1;6;1;80;1;1;3;6; ;2; ;2; ; ; ; ;9;2;1;07;76;1413,34370640879;76
3266278;1;3;1;80;1;2; ; ; ;2; ;2; ;2; ;.; ; ;1;07;44;64,1691488854499;44
3266279;1;2;1;80;1;1;1;3; ;2; ;2; ; ;1; ;9;1;1;07;44;103,786118314461;44
3266279;1;3;1;80;1;1;1;8; ; ; ;2; ; ; ; ;11;2;1;07;44;103,786118314461;44
3266281;1;2;1;80;1;1;1;4; ;2; ;2; ; ; ; ;4;2;1;07;44;39,2206541621051;44
3266281;1;4;1;80;1;2; ; ; ;2; ;2; ;2; ;.; ; ;1;07;44;39,2206541621051;44
3266282;1;3;1;80;1;2; ; ; ;2; ;2; ;2; ;.; ; ;1;07;44;60,6701507008164;44
3266282;1;4;1;80;1;1;1;9;EMBARAZO;2; ;2; ; ; ; ;9;2;1;07;44;60,6701507008164;44
3266284;1;3;1;80;1;2; ; ; ; ; ;2; ;2; ;.; ; ;1;07;44;55,8600546116102;44
3266285;2;2;2;80;1;1;1;9;CAMBIO DE DOMICILIO;2; ;2; ; ; ; ;9;2;1;07;44;90,8786298886507;44
3266285;3;3;3;80;1;2; ; ; ; ; ;2; ;2; ;.; ; ;1;07;44;90,8786298886507;44
3266286;1;1;1;80;1;1;4;4; ;2; ;2; ; ; ; ;4;2;1;07;44;81,5998244070678;44
3266286;1;5;1;80;1;1;1;8; ;2; ;2; ; ; ; ;2;2;1;07;44;81,5998244070678;44
3266289;1;1;1;80;1;1;1;8; ;2; ;1;500000; ; ; ;1;2;1;07;44;60,9057839878135;44
3266289;1;2;1;80;1;1;1;2; ;2; ;2; ; ; ; ;2;2;1;07;44;60,9057839878135;44
3266291;1;4;1;80;1;2; ; ; ;2; ;2; ;1;1; ;1; ;1;07;44;60,8154889414644;44
3266294;1;4;1;80;1;2; ; ; ; ; ;2; ;2; ;.; ; ;1;07;44;102,090504825293;44
3266302;1;5;1;80;1;2; ; ; ;2; ;2; ;2; ;.; ; ;1;07;44;101,866837213176;44
3266303;1;1;1;80;1;1;3;5; ;2; ;2; ; ;1; ;8;1;1;07;44;73,0855295869601;44
3266303;1;2;1;80;1;2; ; ; ;2; ;2; ;2; ;.; ; ;1;07;44;73,0855295869601;44
3266303;2;3;2;80;1;2; ; ; ;2; ;2; ;2; ;.; ; ;1;07;44;73,0855295869601;44
3266303;2;4;2;80;1;2; ; ; ; ; ;2; ;2; ;.; ; ;1;07;44;73,0855295869601;44
3266304;1;3;1;80;1;2; ; ; ; ; ;2; ;2; ;.; ; ;1;07;44;77,8633641004916;44
3266306;1;1;1;80;1;1;1;6; ;2; ;2; ; ;1; ;6;1;1;07;44;37,1689730517126;44
3266306;1;5;1;80;1;2; ; ; ; ; ;2; ;2; ;.; ; ;1;07;44;37,1689730517126;44
3266308;1;3;1;80;1;2; ; ; ;2; ;2; ;2; ;.; ; ;1;07;44;68,830665251519;44
3266308;1;5;1;80;1;1;1;2; ;2; ;2; ; ; ; ;2;2;1;07;44;68,830665251519;44
3266309;1;1;1;80;1;1;1;3; ;2; ;2; ; ; ; ;9;2;1;07;44;89,9420298959209;44
3266309;1;3;1;80;1;2; ; ; ;2; ;2; ;2; ;.; ; ;1;07;44;89,9420298959209;44
3266309;1;4;1;80;1;2; ; ; ;2; ;2; ;2; ;.; ; ;1;07;44;89,9420298959209;44
3266309;1;7;1;80;1;2; ; ; ; ; ;2; ;2; ;.; ; ;1;07;44;89,9420298959209;44
3266313;1;2;1;80;1;1;3;3; ;2; ;2; ; ; ; ;9;2;1;07;44;62,8988594977166;44
3266314;1;2;1;80;1;2; ; ; ;2; ;2; ;1;2; ;4; ;1;07;44;73,4290594034891;44
3266315;1;1;1;80;1;1;4;5; ;3; ;2; ; ; ; ;8;2;1;07;44;77,4063609076697;44
3266315;1;3;1;80;1;1;2;8; ;2; ;2; ; ; ; ;9;2;1;07;44;77,4063609076697;44
3266324;1;1;1;80;1;1;3;4; ;2; ;2; ; ; ; ;8;2;1;07;44;73,4290594034891;44
3266327;1;2;1;80;1;1;1;3; ;2; ;1;170000; ; ; ;9;2;1;07;44;51,4222058576577;44
3266329;1;6;1;80;1;1;1;2; ;2; ;1;350000; ; ; ;2;2;1;07;44;107,037517537217;44
3266329;1;7;1;80;1;2; ; ; ;2; ;2; ;2; ;.; ; ;1;07;44;107,037517537217;44
3266329;2;2;2;80;1;2; ; ; ;2; ;2; ;2; ;.; ; ;1;07;44;107,037517537217;44
3266330;1;2;1;80;1;1;2;8; ;2; ;2; ; ; ; ;2;2;1;07;44;50,9090761010928;44
3266330;1;5;1;80;1;1;1;3; ;2; ;2; ; ; ; ;9;2;1;07;44;50,9090761010928;44
3266332;1;2;1;80;1;1;3;3; ;2; ;2; ; ; ; ;9;2;1;07;44;77,3414160146767;44
3266333;1;2;1;80;1;1;1;2; ;2; ;1;100000; ; ; ;2;2;1;07;44;61,2032460085487;44
3266335;1;3;1;80;1;2; ; ; ; ; ;2; ;2; ;.; ; ;1;07;44;89,5672294096171;44
3266337;1;2;1;80;1;1;2;3; ;2; ;2; ; ; ; ;9;2;1;07;44;75,124672892657;44
3266337;1;3;1;80;1;2; ; ; ; ; ;2; ;2; ;.; ; ;1;07;44;75,124672892657;44
3266338;1;2;1;80;1;1;2;3; ;2; ;2; ; ; ; ;9;2;1;07;44;79,0732568781129;44
3266339;1;3;1;80;1;2; ; ; ;2; ;2; ;2; ;.; ; ;1;07;44;104,083580335196;44
3266339;1;4;1;80;1;2; ; ; ;2; ;2; ;2; ;.; ; ;1;07;44;104,083580335196;44
3266340;1;4;1;80;1;2; ; ; ;2; ;2; ;2; ;.; ; ;1;07;44;101,866837213176;44
3266340;1;5;1;80;1;2; ; ; ; ; ;2; ;2; ;.; ; ;1;07;44;101,866837213176;44
3266345;1;2;1;80;1;1;2;8; ;2; ;2; ; ; ; ;11;2;1;07;44;62,4408520789637;44
3266345;1;3;1;80;1;2; ; ; ;2; ;2; ;2; ;.; ; ;1;07;44;62,4408520789637;44
3266345;1;7;1;80;1;2; ; ; ;2; ;2; ;1;1; ;1; ;1;07;44;62,4408520789637;44
3266345;1;8;1;80;1;1;1;9;DAÑO EN EL VEHICULO;2; ;2; ; ; ;ESPERANDO ARREGLAR EL CARRO;12;2;1;07;44;62,4408520789637;44
3266346;1;2;1;80;1;1;4;9;NO TIENE RECURSOS PARA UN NEGOCIO;2; ;2; ; ; ; ;9;2;1;07;44;53,1178193468256;44
3266346;1;3;1;80;1;2; ; ; ;2; ;2; ;2; ;.; ; ;1;07;44;53,1178193468256;44
3266347;1;1;1;80;1;2; ; ; ;2; ;2; ;2; ;.; ; ;1;07;44;78,8164780509829;44
3266349;1;2;1;80;1;2; ; ; ;2; ;2; ;2; ;.; ; ;1;07;44;43,4017240889276;44
3266349;1;3;1;80;1;1;1;8; ;2; ;2; ; ; ;ESPERANDO LLAMADAS;12;2;1;07;44;43,4017240889276;44
3266349;1;5;1;80;1;2; ; ; ;2; ;2; ;1;1; ;2; ;1;07;44;43,4017240889276;44
3266350;1;1;1;80;1;1;4;5; ;3; ;2; ; ; ; ;10;2;1;07;44;83,2543268049354;44
3266350;1;3;1;80;1;2; ; ; ;2; ;2; ;2; ;.; ; ;1;07;44;83,2543268049354;44
3266351;1;4;1;80;1;1;2;8; ;2; ;2; ; ; ; ;1;2;1;07;44;60,892827407033;44
3266351;1;5;1;80;1;2; ; ; ; ; ;2; ;2; ;.; ; ;1;07;44;60,892827407033;44
3266351;1;6;1;80;1;2; ; ; ; ; ;2; ;2; ;.; ; ;1;07;44;60,892827407033;44
3266354;1;3;1;80;1;2; ; ; ;2; ;2; ;2; ;.; ; ;1;07;44;63,9454812733333;44
3266355;1;2;1;80;1;1;2;3; ;2; ;2; ; ; ; ;9;2;1;07;44;70,7310513892598;44
3266356;1;1;1;80;1;1;1;8; ;2; ;2; ; ; ; ;9;2;1;07;44;90,2935595887369;44
3266356;1;3;1;80;1;2; ; ; ; ; ;2; ;2; ;.; ; ;1;07;44;90,2935595887369;44
3266356;1;4;1;80;1;2; ; ; ; ; ;2; ;2; ;.; ; ;1;07;44;90,2935595887369;44
3266357;1;3;1;80;1;1;2;2; ;2; ;2; ; ; ; ;2;2;1;07;44;40,243014238334;44
3266357;1;4;1;80;1;2; ; ; ;2; ;2; ;2; ;.; ; ;1;07;44;40,243014238334;44
3266358;1;4;1;80;1;2; ; ; ;2; ;2; ;2; ;.; ; ;1;07;44;74,5539314070614;44
3266358;1;5;1;80;1;2; ; ; ; ; ;2; ;2; ;.; ; ;1;07;44;74,5539314070614;44
3266359;1;1;1;80;1;1;4;4; ;2; ;2; ; ; ; ;4;2;1;07;44;72,4473825208654;44
3266359;1;2;1;80;1;2; ; ; ;2; ;2; ;2; ;.; ; ;1;07;44;72,4473825208654;44
3266360;1;2;1;80;1;1;4;4; ;2; ;2; ; ; ; ;4;2;1;07;44;69,5829873453766;44
3266360;1;6;1;80;1;2; ; ; ;2; ;2; ;2; ;.; ; ;1;07;44;69,5829873453766;44
3266361;1;1;1;80;1;1;2;6; ;2; ;2; ; ; ; ;9;2;1;07;44;63,6887024462033;44
3266362;1;5;1;80;1;2; ; ; ; ; ;2; ;2; ;.; ; ;1;07;44;87,6766658270574;44
3266364;1;2;1;80;1;1;4;3; ;3; ;2; ; ; ; ;9;2;1;07;44;73,4697425970944;44
3266368;1;3;1;80;1;2; ; ; ;2; ;2; ;2; ;.; ; ;1;07;44;49,7265923684898;44
3266369;1;3;1;80;1;2; ; ; ; ; ;2; ;2; ;.; ; ;1;07;44;63,9454812733333;44
3266369;1;4;1;80;1;2; ; ; ; ; ;2; ;2; ;.; ; ;1;07;44;63,9454812733333;44
3266370;1;2;1;80;1;1;1;9;CAMBIO DE CIUDAD;2; ;2; ; ; ; ;9;2;1;07;44;59,2101704986456;44
3266376;1;5;1;80;1;2; ; ; ;2; ;2; ;2; ;.; ; ;1;07;44;99,3924968110634;44
3266377;1;2;1;80;1;2; ; ; ;2; ;2; ;2; ;.; ; ;1;07;44;65,6410947625012;44
3266377;1;3;1;80;1;2; ; ; ;2; ;2; ;2; ;.; ; ;1;07;44;65,6410947625012;44
3266377;1;4;1;80;1;2; ; ; ; ; ;2; ;2; ;.; ; ;1;07;44;65,6410947625012;44
3266378;1;4;1;80;1;2; ; ; ;2; ;2; ;2; ;.; ; ;1;07;44;78,1312589631634;44
3266379;1;3;1;80;1;2; ; ; ;2; ;2; ;2; ;.; ; ;1;07;44;75,124672892657;44
3266381;1;3;1;80;1;2; ; ; ; ; ;2; ;2; ;.; ; ;1;07;44;49,7265923684898;44
3266382;1;2;1;80;1;2; ; ; ;2; ;2; ;2; ;.; ; ;1;07;44;70,6903681956546;44
3266384;1;2;1;80;1;1;3;3; ;2; ;2; ; ; ; ;9;2;1;07;44;75,3483405047736;44
3266386;1;2;1;80;1;2; ; ; ;2; ;2; ;2; ;.; ; ;1;07;44;121,044704504824;44
3266386;1;3;1;80;1;2; ; ; ;2; ;2; ;2; ;.; ; ;1;07;44;121,044704504824;44
3266386;1;4;1;80;1;2; ; ; ; ; ;2; ;2; ;.; ; ;1;07;44;121,044704504824;44
3266386;1;5;1;80;1;2; ; ; ; ; ;2; ;2; ;.; ; ;1;07;44;121,044704504824;44
3266387;1;2;1;80;1;1;3;4; ;2; ;2; ; ; ; ;4;2;1;07;44;68,680792048021;44
3266387;1;5;1;80;1;1;1;8; ;2; ;2; ; ; ; ;6;2;1;07;44;68,680792048021;44
3266388;1;2;1;80;1;2; ; ; ;2; ;2; ;2; ;.; ; ;1;07;44;62,6013974769814;44
3266393;1;2;1;80;1;2; ; ; ;2; ;2; ;1;1; ;2; ;1;07;44;80,4714083465456;44
3266394;1;3;1;80;1;2; ; ; ; ; ;2; ;2; ;.; ; ;1;07;44;69,2922167272219;44
3266395;1;2;1;80;1;1;2;8; ;2; ;2; ; ; ; ;9;2;1;07;44;60,9057839878135;44
3266396;1;3;1;80;1;2; ; ; ;2; ;2; ;2; ;.; ; ;1;07;44;40,243014238334;44
3266396;1;4;1;80;1;2; ; ; ; ; ;2; ;2; ;.; ; ;1;07;44;40,243014238334;44
3266400;1;1;1;80;1;1;1;3; ;2; ;2; ; ; ; ;9;2;1;07;23;129,413541852849;23
3266401;1;1;1;80;1;2; ; ; ;2; ;2; ;1;5; ;4; ;1;07;23;124,465705892534;23
3266402;1;2;1;80;1;1;4;8; ;2; ;2; ; ;4; ;8;1;1;07;23;192,771182146017;23
3266402;1;3;1;80;1;2; ; ; ;2; ;2; ;2; ;.; ; ;1;07;23;192,771182146017;23
3266402;1;4;1;80;1;2; ; ; ; ; ;2; ;2; ;.; ; ;1;07;23;192,771182146017;23
3266403;1;2;1;80;1;2; ; ; ;2; ;2; ;2; ;.; ; ;1;07;23;182,895406191349;23
3266403;1;3;1;80;1;2; ; ; ; ; ;2; ;2; ;.; ; ;1;07;23;182,895406191349;23
3266404;1;1;1;80;1;1;4;3; ;2; ;2; ; ; ; ;9;2;1;07;23;68,7429284525774;23
3266404;1;4;1;80;1;2; ; ; ; ; ;2; ;2; ;.; ; ;1;07;23;68,7429284525774;23
3266404;1;5;1;80;1;2; ; ; ; ; ;2; ;2; ;.; ; ;1;07;23;68,7429284525774;23
3266404;1;7;1;80;1;2; ; ; ;2; ;2; ;2; ;.; ; ;1;07;23;68,7429284525774;23
3266405;1;3;1;80;1;2; ; ; ;2; ;2; ;2; ;.; ; ;1;07;23;130,347305308321;23
3266405;1;4;1;80;1;2; ; ; ; ; ;2; ;2; ;.; ; ;1;07;23;130,347305308321;23
3266405;1;5;1;80;1;1;1;3; ;2; ;2; ; ;1; ;4;1;1;07;23;130,347305308321;23
3266407;1;1;1;80;1;1;3;4; ;2; ;2; ; ; ; ;8;2;1;07;23;127,511885962653;23
3266407;1;2;1;80;1;2; ; ; ;2; ;2; ;2; ;.; ; ;1;07;23;127,511885962653;23
3266408;1;3;1;80;1;2; ; ; ; ; ;2; ;2; ;.; ; ;1;07;23;123,634708351131;23
3266409;1;1;1;80;1;1;4;4; ;2; ;2; ; ; ; ;4;2;1;07;23;112,119483734028;23
3266409;2;1;2;80;1;1;4;5; ;2; ;2; ; ; ; ;10;2;1;07;23;112,119483734028;23
3266410;1;3;1;80;1;2; ; ; ; ; ;2; ;2; ;.; ; ;1;07;23;153,320562535576;23
3266411;1;2;1;80;1;2; ; ; ;2; ;2; ;2; ;.; ; ;1;07;23;200,408650576161;23
3266412;1;3;1;80;1;1;1;8; ;2; ;2; ; ;1; ;2;1;1;07;23;125,175962025733;23
3266415;1;4;1;80;1;1;4;5; ;3; ;2; ; ; ; ;8;2;1;07;23;191,217763893063;23
3266416;1;1;1;80;1;1;4;4; ;2; ;2; ; ; ; ;8;2;1;07;23;104,267721358121;23
3266419;1;1;1;80;1;1;4;3; ;2; ;2; ; ; ; ;9;2;1;07;23;159,30906129128;23
3266419;1;4;1;80;1;2; ; ; ;2; ;2; ;2; ;.; ; ;1;07;23;159,30906129128;23
3266421;1;1;1;80;1;2; ; ; ;2; ;2; ;2; ;.; ; ;1;07;23;147,361632859823;23
3266423;1;4;1;80;1;2; ; ; ;2; ;2; ;2; ;.; ; ;1;07;23;152,375213077191;23
3266425;1;3;1;80;1;2; ; ; ; ; ;2; ;2; ;.; ; ;1;07;23;134,598087418713;23
3266426;1;1;1;80;1;1;3;5; ;3; ;2; ; ; ; ;10;2;1;07;23;122,478019592856;23
3266426;1;2;1;80;1;2; ; ; ;2; ;2; ;2; ;.; ; ;1;07;23;122,478019592856;23
3266427;1;3;1;80;1;2; ; ; ;2; ;2; ;2; ;.; ; ;1;07;23;170,671541721408;23
3266427;1;4;1;80;1;2; ; ; ; ; ;2; ;2; ;.; ; ;1;07;23;170,671541721408;23
3266427;1;5;1;80;1;1;4;4; ;2; ;2; ; ; ; ;8;2;1;07;23;170,671541721408;23
3266428;1;1;1;80;1;1;4;5; ;3; ;2; ; ; ; ;10;2;1;07;23;124,242198570262;23
3266429;1;3;1;80;1;2; ; ; ; ; ;2; ;2; ;.; ; ;1;07;23;95,9311340871443;23
3266430;1;2;1;80;1;1;3;3; ;2; ;2; ; ; ; ;9;2;1;07;23;158,086237330948;23
3266430;1;5;1;80;1;2; ; ; ;2; ;2; ;2; ;.; ; ;1;07;23;158,086237330948;23
3266430;1;6;1;80;1;2; ; ; ; ; ;2; ;2; ;.; ; ;1;07;23;158,086237330948;23
3266432;1;2;1;80;1;2; ; ; ;2; ;2; ;1;3; ;9; ;1;07;23;140,714780159686;23
3266433;1;3;1;80;1;2; ; ; ;2; ;2; ;2; ;.; ; ;1;07;23;117,019680796317;23
3266433;1;4;1;80;1;2; ; ; ;2; ;2; ;2; ;.; ; ;1;07;23;117,019680796317;23
3266433;1;5;1;80;1;2; ; ; ; ; ;2; ;2; ;.; ; ;1;07;23;117,019680796317;23
3266434;1;1;1;80;1;2; ; ; ;2; ;2; ;2; ;.; ; ;1;07;23;143,865404392347;23
3266434;1;2;1;80;1;1;4;4; ;2; ;2; ; ; ; ;8;2;1;07;23;143,865404392347;23
3266434;1;6;1;80;1;1;1;6; ;2; ;2; ; ; ; ;7;2;1;07;23;143,865404392347;23
3266434;2;2;2;80;1;2; ; ; ; ; ;2; ;2; ;.; ; ;1;07;23;143,865404392347;23
3266435;1;3;1;80;1;2; ; ; ; ; ;2; ;2; ;.; ; ;1;07;23;171,682635436845;23
3266436;1;5;1;80;1;2; ; ; ; ; ;2; ;2; ;.; ; ;1;07;23;167,401854329017;23
3266438;1;1;1;80;1;2; ; ; ;2; ;2; ;2; ;.; ; ;1;07;23;106,551295154267;23
3266438;1;4;1;80;1;2; ; ; ;2; ;2; ;2; ;.; ; ;1;07;23;106,551295154267;23
3266439;1;3;1;80;1;1;1;6; ;2; ;2; ; ; ; ;11;2;1;07;23;82,6422094806306;23
3266439;1;5;1;80;1;2; ; ; ;2; ;2; ;2; ;.; ; ;1;07;23;82,6422094806306;23
3266439;1;6;1;80;1;2; ; ; ;2; ;2; ;2; ;.; ; ;1;07;23;82,6422094806306;23
3266439;1;8;1;80;1;2; ; ; ;2; ;2; ;2; ;.; ; ;1;07;23;82,6422094806306;23
3266440;1;2;1;80;1;1;3;3; ;2; ;2; ; ; ; ;9;2;1;07;23;160,033159492766;23
3266440;1;3;1;80;1;2; ; ; ;2; ;2; ;2; ;.; ; ;1;07;23;160,033159492766;23
3266440;1;6;1;80;1;2; ; ; ;2; ;2; ;2; ;.; ; ;1;07;23;160,033159492766;23
3266441;1;3;1;80;1;2; ; ; ; ; ;2; ;2; ;.; ; ;1;07;23;205,579993858749;23
3266442;1;3;1;80;1;2; ; ; ; ; ;2; ;2; ;.; ; ;1;07;23;135,563914862529;23
3266443;1;2;1;80;1;2; ; ; ;2; ;2; ;2; ;.; ; ;1;07;23;114,623610206572;23
3266445;1;2;1;80;1;1;2;3; ;2; ;2; ; ; ; ;9;2;1;07;23;165,860600654415;23
3266445;1;3;1;80;1;2; ; ; ;2; ;2; ;2; ;.; ; ;1;07;23;165,860600654415;23
3266447;1;2;1;80;1;1;2;3; ;2; ;2; ; ; ; ;9;2;1;07;23;139,769430701301;23
3266448;1;1;1;80;1;2; ; ; ;2; ;2; ;2; ;.; ; ;1;07;23;120,740302947545;23
3266452;1;1;1;80;1;1;4;7; ;2; ;2; ; ;3; ;4;1;1;07;23;157,203728545785;23
3266453;1;2;1;80;1;1;4;8; ;2; ;2; ; ; ; ;8;2;1;07;23;149,13141349348;23
3266453;1;4;1;80;1;2; ; ; ; ; ;2; ;2; ;.; ; ;1;07;23;149,13141349348;23
3266454;1;2;1;80;1;2; ; ; ;2; ;2; ;2; ;.; ; ;1;07;23;165,118280532871;23
3266455;1;3;1;80;1;1;2;8; ;2; ;2; ; ; ; ;2;2;1;07;23;172,573197611604;23
3266455;1;4;1;80;1;1;2;8; ;2; ;2; ; ; ; ;2;2;1;07;23;172,573197611604;23
3266455;1;5;1;80;1;2; ; ; ;2; ;2; ;2; ;.; ; ;1;07;23;172,573197611604;23
3266457;1;1;1;80;1;2; ; ; ;2; ;2; ;2; ;.; ; ;1;07;23;137,071488268424;23
3266457;1;2;1;80;1;1;2;4; ;2; ;2; ; ; ; ;4;2;1;07;23;137,071488268424;23
3266458;1;1;1;80;1;1;3;4; ;2; ;2; ; ; ; ;4;2;1;07;23;147,709870497066;23
3266458;1;2;1;80;1;1;3;3; ;2; ;2; ; ; ; ;9;2;1;07;23;147,709870497066;23
3266458;1;3;1;80;1;2; ; ; ;2; ;2; ;2; ;.; ; ;1;07;23;147,709870497066;23
3266459;1;2;1;80;1;1;4;4; ;2; ;2; ; ; ; ;8;2;1;07;23;147,967058088045;23
3266459;1;3;1;80;1;2; ; ; ;2; ;2; ;2; ;.; ; ;1;07;23;147,967058088045;23
3266459;1;6;1;80;1;2; ; ; ;2; ;2; ;2; ;.; ; ;1;07;23;147,967058088045;23
3266460;1;2;1;80;1;2; ; ; ;2; ;2; ;2; ;.; ; ;1;07;23;151,874622197977;23
3266464;1;1;1;80;1;2; ; ; ;2; ;2; ;2; ;.; ; ;1;07;23;146,202297091171;23
3266465;1;3;1;80;1;2; ; ; ; ; ;2; ;2; ;.; ; ;1;07;23;122,958132486639;23
3266466;1;3;1;80;1;2; ; ; ;2; ;2; ;2; ;.; ; ;1;07;23;86,7229950044316;23
3266466;1;4;1;80;1;1;2;6; ;2; ;2; ; ; ; ;9;2;1;07;23;86,7229950044316;23
3266467;1;1;1;80;1;1;4;7; ;2; ;2; ; ; ; ;8;2;1;07;23;101,492448665278;23
3266467;1;2;1;80;1;2; ; ; ;2; ;2; ;2; ;.; ; ;1;07;23;101,492448665278;23
3266467;1;3;1;80;1;2; ; ; ;2; ;2; ;2; ;.; ; ;1;07;23;101,492448665278;23
3266467;1;4;1;80;1;2; ; ; ;2; ;2; ;2; ;.; ; ;1;07;23;101,492448665278;23
3266469;1;2;1;80;1;1;4;3; ;2; ;2; ; ; ; ;9;2;1;07;23;266,865012913224;23
3266469;1;5;1;80;1;2; ; ; ;2; ;2; ;2; ;.; ; ;1;07;23;266,865012913224;23
3266469;1;7;1;80;1;2; ; ; ; ; ;2; ;2; ;.; ; ;1;07;23;266,865012913224;23
3266469;1;8;1;80;1;1;4;6; ;2; ;2; ; ; ; ;9;2;1;07;23;266,865012913224;23
3266469;1;9;1;80;1;2; ; ; ; ; ;2; ;2; ;.; ; ;1;07;23;266,865012913224;23
3266470;1;1;1;80;1;1;4;3; ;2; ;2; ; ; ; ;9;2;1;07;23;102,983655274498;23
3266470;1;5;1;80;1;1;1;6; ;2; ;2; ; ; ; ;2;2;1;07;23;102,983655274498;23
3266471;1;2;1;80;1;2; ; ; ;2; ;2; ;2; ;.; ; ;1;07;23;122,912866215018;23
3266471;1;3;1;80;1;2; ; ; ; ; ;2; ;2; ;.; ; ;1;07;23;122,912866215018;23
3266471;1;4;1;80;1;1;1;3; ;2; ;2; ; ; ; ;9;2;1;07;23;122,912866215018;23
3266472;1;2;1;80;1;1;4;3; ;2; ;2; ; ; ; ;9;2;1;07;23;130,392571579942;23
3266473;1;2;1;80;1;1;2;3; ;2; ;2; ; ; ; ;9;2;1;07;23;114,623610206572;23
3266474;1;3;1;80;1;2; ; ; ;2; ;2; ;2; ;.; ; ;1;07;23;170,716807993028;23
3266476;1;3;1;80;1;2; ; ; ;2; ;2; ;2; ;.; ; ;1;07;23;95,5221718296331;23
3266477;1;4;1;80;1;2; ; ; ;2; ;2; ;2; ;.; ; ;1;07;23;81,9656336161381;23
3266477;2;2;2;80;1;1;1;8; ;2; ;2; ; ; ; ;11;2;1;07;23;81,9656336161381;23
3266477;2;3;2;80;1;2; ; ; ; ; ;2; ;2; ;.; ; ;1;07;23;81,9656336161381;23
3266482;1;2;1;80;1;1;3;3; ;2; ;2; ; ; ; ;9;2;1;07;23;152,578242414032;23
3266483;1;2;1;80;1;1;4;3; ;2; ;2; ; ; ; ;9;2;1;07;23;153,254818278524;23
3266484;1;2;1;80;1;1;1;3; ;2; ;2; ; ; ; ;9;2;1;07;23;110,871162910021;23
3266488;1;1;1;80;1;1;4;4; ;2; ;2; ; ; ; ;4;2;1;07;19;79,8964410367616;19
3266488;1;2;1;80;1;1;1;3; ;2; ;2; ; ; ; ;9;2;1;07;19;79,8964410367616;19
3266490;1;3;1;80;1;2; ; ; ;2; ;2; ;2; ;.; ; ;1;07;19;121,227734025072;19
3266491;1;2;1;80;1;1;4;4; ;2; ;2; ; ; ; ;4;2;1;07;19;58,0398847485754;19
3266491;2;2;2;80;1;2; ; ; ; ; ;2; ;2; ;.; ; ;1;07;19;58,0398847485754;19
3266492;1;2;1;80;1;1;4;3; ;2; ;2; ; ; ; ;8;2;1;07;19;75,9020793001447;19
3266493;1;2;1;80;1;1;3;3; ;2; ;2; ; ; ; ;8;2;1;07;19;116,151441588103;19
3266493;1;3;1;80;1;2; ; ; ;2; ;2; ;2; ;.; ; ;1;07;19;116,151441588103;19
3266493;1;4;1;80;1;2; ; ; ;2; ;2; ;2; ;.; ; ;1;07;19;116,151441588103;19
3266494;1;2;1;80;1;2; ; ; ;2; ;2; ;2; ;.; ; ;1;07;19;206,395329467772;19
3266495;1;3;1;80;1;2; ; ; ;2; ;2; ;2; ;.; ; ;1;07;19;116,151441588103;19
3266495;1;4;1;80;1;2; ; ; ;2; ;2; ;2; ;.; ; ;1;07;19;116,151441588103;19
3266496;1;3;1;80;1;2; ; ; ; ; ;2; ;2; ;.; ; ;1;07;19;85,4843489717702;19
3266497;1;2;1;80;1;1;4;3; ;2; ;2; ; ; ; ;9;2;1;07;19;116,784547798974;19
3266500;1;1;1;80;1;1;4;5; ;3; ;2; ; ; ; ;10;2;1;07;19;91,9298815615477;19
3266500;1;2;1;80;1;2; ; ; ;2; ;2; ;2; ;.; ; ;1;07;19;91,9298815615477;19
3266500;1;4;1;80;1;1;2;3; ;2; ;2; ; ; ; ;9;2;1;07;19;91,9298815615477;19
3266501;1;2;1;80;1;2; ; ; ; ; ;2; ;2; ;.; ; ;1;07;19;107,927264285993;19
3266501;1;3;1;80;1;1;1;2; ;2; ;2; ; ; ; ;2;2;1;07;19;107,927264285993;19
3266502;1;1;1;80;1;1;2;9;EDAD;2; ;2; ; ; ; ;8;2;1;07;19;116,375063905553;19
3266503;1;3;1;80;1;2; ; ; ;2; ;2; ;2; ;.; ; ;1;07;19;214,740147066135;19
3266503;1;4;1;80;1;2; ; ; ; ; ;2; ;2; ;.; ; ;1;07;19;214,740147066135;19
3266504;1;2;1;80;1;2; ; ; ;2; ;2; ;2; ;.; ; ;1;07;19;243,569849555994;19
3266505;1;3;1;80;1;1;2;3; ;2; ;2; ; ; ; ;9;2;1;07;19;93,6781860708193;19
3266506;1;1;1;80;1;1;2;4; ;2; ;2; ; ; ; ;4;2;1;07;19;96,9302585405705;19
3266506;1;4;1;80;1;1;4;4; ;2; ;2; ; ; ; ;8;2;1;07;19;96,9302585405705;19
3266507;1;4;1;80;1;2; ; ; ;2; ;2; ;2; ;.; ; ;1;07;19;100,228723057757;19
3266507;1;5;1;80;1;2; ; ; ; ; ;2; ;2; ;.; ; ;1;07;19;100,228723057757;19
3266508;1;2;1;80;1;2; ; ; ;2; ;2; ;2; ;.; ; ;1;07;19;84,4873341223636;19
3266508;1;3;1;80;1;1;4;4; ;2; ;2; ; ; ; ;4;2;1;07;19;84,4873341223636;19
3266509;1;6;1;80;1;1;1;3; ;2; ;2; ; ; ; ;9;2;1;07;19;94,2952941678357;19
3266510;1;2;1;80;1;1;2;3; ;2; ;2; ; ; ; ;9;2;1;07;19;113,710522391788;19
3266511;1;4;1;80;1;2; ; ; ;2; ;2; ;2; ;.; ; ;1;07;19;120,670543272146;19
3266512;1;4;1;80;1;2; ; ; ; ; ;2; ;2; ;.; ; ;1;07;19;107,370073533068;19
3266513;1;1;1;80;1;1;1;3; ;2; ;2; ; ; ; ;8;2;1;07;19;98,3449946143675;19
3266515;1;1;1;80;1;1;4;3; ;2; ;2; ; ; ; ;9;2;1;07;19;101,343104563608;19
3266516;1;3;1;80;1;2; ; ; ; ; ;2; ;2; ;.; ; ;1;07;19;89,3400042418819;19
3266517;1;2;1;80;1;1;3;6; ;2; ;2; ; ; ; ;9;2;1;07;19;106,783793840928;19
3266519;1;3;1;80;1;2; ; ; ;2; ;2; ;2; ;.; ; ;1;07;19;60,8845413813017;19
3266519;1;6;1;80;1;1;2;3; ;2; ;2; ; ; ; ;9;2;1;07;19;60,8845413813017;19
3266520;1;1;1;80;1;1;4;5; ;3; ;2; ; ; ; ;4;2;1;07;19;146,980656753882;19
3266520;1;2;1;80;1;2; ; ; ;2; ;2; ;2; ;.; ; ;1;07;19;146,980656753882;19
3266520;1;3;1;80;1;2; ; ; ;2; ;2; ;2; ;.; ; ;1;07;19;146,980656753882;19
3266520;1;4;1;80;1;2; ; ; ;2; ;2; ;2; ;.; ; ;1;07;19;146,980656753882;19
3266521;1;2;1;80;1;2; ; ; ; ; ;2; ;2; ;.; ; ;1;07;19;169,793636031569;19
3266522;1;1;1;80;1;2; ; ; ;2; ;2; ;2; ;.; ; ;1;07;19;187,864297182661;19
3266522;1;2;1;80;1;1;1;4; ;2; ;2; ; ; ; ;4;2;1;07;19;187,864297182661;19
3266522;1;3;1;80;1;1;1;4; ;2; ;2; ; ; ; ;4;2;1;07;19;187,864297182661;19
3266523;1;1;1;80;1;1;4;5; ;3; ;2; ; ; ; ;11;2;1;07;19;99,3420094637741;19
3266523;1;2;1;80;1;1;4;8; ;2; ;2; ; ;4; ;1;1;1;07;19;99,3420094637741;19
3266524;1;3;1;80;1;2; ; ; ;2; ;2; ;2; ;.; ; ;1;07;19;107,370073533068;19
3266524;1;4;1;80;1;2; ; ; ; ; ;2; ;2; ;.; ; ;1;07;19;107,370073533068;19
3266525;1;2;1;80;1;1;4;3; ;2; ;2; ; ; ; ;9;2;1;07;19;85,015843860705;19
3266525;1;7;1;80;1;2; ; ; ; ; ;2; ;2; ;.; ; ;1;07;19;85,015843860705;19
3266526;1;3;1;80;1;2; ; ; ; ; ;2; ;2; ;.; ; ;1;07;19;121,227734025072;19
3266527;1;2;1;80;1;1;1;8; ;2; ;2; ; ; ; ;9;2;1;07;19;139,814994069183;19
3266528;1;2;1;80;1;1;2;6; ;2; ;2; ; ; ; ;9;2;1;07;19;101,782928660089;19
3266528;1;4;1;80;1;2; ; ; ;2; ;2; ;2; ;.; ; ;1;07;19;101,782928660089;19
3266529;1;1;1;80;1;1;4;4; ;2; ;2; ; ; ; ;8;2;1;07;19;96,343899514534;19
3266530;1;1;1;80;1;1;2;6; ;2; ;2; ; ; ; ;11;2;1;07;19;104,929154336753;19
3266532;1;1;1;80;1;1;4;4; ;2; ;2; ; ; ; ;8;2;1;07;19;157,80037849877;19
3266532;1;2;1;80;1;2; ; ; ;2; ;2; ;2; ;.; ; ;1;07;19;157,80037849877;19
3266533;1;2;1;80;1;2; ; ; ;2; ;2; ;2; ;.; ; ;1;07;19;135,402148046146;19
3266533;1;3;1;80;1;1;2;8; ;2; ;2; ; ;2; ;2;1;1;07;19;135,402148046146;19
3266534;1;1;1;80;1;1;3;5; ;2; ;2; ; ; ; ;8;2;1;07;19;80,3149253231817;19
3266535;1;1;1;80;1;1;4;3; ;2; ;2; ; ; ; ;9;2;1;07;19;233,417264682056;19
3266535;1;3;1;80;1;2; ; ; ;2; ;2; ;2; ;.; ; ;1;07;19;233,417264682056;19
3266536;1;3;1;80;1;2; ; ; ;2; ;2; ;2; ;.; ; ;1;07;19;116,227357046049;19
3266537;1;1;1;80;1;1;3;4; ;2; ;2; ; ; ; ;8;2;1;07;19;111,962217882516;19
3266537;1;2;1;80;1;2; ; ; ;2; ;2; ;2; ;.; ; ;1;07;19;111,962217882516;19
3266538;1;1;1;80;1;1;1;8; ;2; ;2; ; ; ; ;10;2;1;07;19;80,3149253231817;19
3266542;1;1;1;80;1;1;2;4; ;2; ;2; ; ;1; ;1;1;1;07;19;103,754855486811;19
3266553;1;2;1;80;1;2; ; ; ;2; ;2; ;2; ;.; ; ;1;07;19;119,812997951275;19
3266553;1;5;1;80;1;2; ; ; ;2; ;2; ;2; ;.; ; ;1;07;19;119,812997951275;19
3266554;1;2;1;80;1;2; ; ; ;2; ;2; ;2; ;.; ; ;1;07;19;56,7720131383558;19
3266554;1;3;1;80;1;2; ; ; ;2; ;2; ;2; ;.; ; ;1;07;19;56,7720131383558;19
3266554;1;4;1;80;1;2; ; ; ;2; ;2; ;2; ;.; ; ;1;07;19;56,7720131383558;19
3266554;1;5;1;80;1;2; ; ; ; ; ;2; ;2; ;.; ; ;1;07;19;56,7720131383558;19
3266555;1;2;1;80;1;2; ; ; ;2; ;2; ;2; ;.; ; ;1;07;19;81,5233341670985;19
3266555;1;4;1;80;1;2; ; ; ;2; ;2; ;2; ;.; ; ;1;07;19;81,5233341670985;19
3266555;2;2;2;80;1;2; ; ; ; ; ;2; ;2; ;.; ; ;1;07;19;81,5233341670985;19
3266556;1;2;1;80;1;2; ; ; ;2; ;2; ;2; ;.; ; ;1;07;19;93,3749578384051;19
3266556;1;3;1;80;1;1;3;9;DROGADICCION;2; ;2; ; ; ; ;11;2;1;07;19;93,3749578384051;19
3266556;1;4;1;80;1;2; ; ; ;2; ;2; ;2; ;.; ; ;1;07;19;93,3749578384051;19
3266558;1;2;1;80;1;1;1;7; ;2; ;2; ; ; ; ;1;2;1;07;19;84,0688498359435;19
3266558;1;3;1;80;1;2; ; ; ;2; ;2; ;2; ;.; ; ;1;07;19;84,0688498359435;19
3266558;1;4;1;80;1;2; ; ; ;2; ;2; ;2; ;.; ; ;1;07;19;84,0688498359435;19
3266559;1;1;1;80;1;1;4;5; ;2; ;2; ; ; ; ;10;2;1;07;19;215,915367645902;19
3266559;1;2;1;80;1;2; ; ; ;2; ;2; ;2; ;.; ; ;1;07;19;215,915367645902;19
3266559;2;2;2;80;1;1;2;3; ;2; ;2; ; ; ; ;9;2;1;07;19;215,915367645902;19
3266559;3;2;3;80;1;2; ; ; ;2; ;2; ;2; ;.; ; ;1;07;19;215,915367645902;19
3266561;1;3;1;80;1;1;2;6; ;2; ;2; ; ; ; ;2;2;1;07;19;82,1986537665712;19
3266562;1;1;1;80;1;1;4;5; ;3; ;2; ; ; ; ;11;2;1;07;19;90,4835540208438;19
3266562;1;4;1;80;1;2; ; ; ;2; ;2; ;1;1; ;2; ;1;07;19;90,4835540208438;19
3266562;1;5;1;80;1;2; ; ; ;2; ;2; ;2; ;.; ; ;1;07;19;90,4835540208438;19
3266563;1;4;1;80;1;2; ; ; ;2; ;2; ;2; ;.; ; ;1;07;19;83,9301433694383;19
3266564;1;2;1;80;1;2; ; ; ;2; ;2; ;1;3; ;9; ;1;07;19;116,784547798974;19
3266566;1;3;1;80;1;1;4;7; ;2; ;2; ; ; ; ;11;2;1;07;19;92,5174125175335;19
3266566;1;4;1;80;1;1;4;1; ;2; ;2; ; ; ; ;11;2;1;07;19;92,5174125175335;19
3266568;1;2;1;80;1;1;4;8; ;2; ;2; ; ; ; ;1;2;1;07;19;125,565915854009;19
3266569;1;1;1;80;1;1;3;5; ;3; ;2; ; ;2; ;8;1;1;07;19;70,8257868631757;19
3266569;1;2;1;80;1;1;4;7; ;3; ;2; ; ; ; ;9;2;1;07;19;70,8257868631757;19
3266569;1;3;1;80;1;1;2;8; ;2; ;2; ; ; ; ;9;2;1;07;19;70,8257868631757;19
3266570;1;1;1;80;1;1;4;5; ;3; ;2; ; ; ; ;8;2;1;07;19;105,15443584268;19
3266570;1;5;1;80;1;2; ; ; ;2; ;2; ;2; ;.; ; ;1;07;19;105,15443584268;19
3266574;1;1;1;80;1;1;4;4; ;2; ;2; ; ; ; ;8;2;1;07;19;78,9001892493848;19
3266574;1;2;1;80;1;2; ; ; ;2; ;2; ;2; ;.; ; ;1;07;19;78,9001892493848;19
3266575;1;2;1;80;1;1;4;4; ;2; ;2; ; ; ; ;4;2;1;07;19;102,926478439051;19
3266575;1;3;1;80;1;2; ; ; ;2; ;2; ;2; ;.; ; ;1;07;19;102,926478439051;19
3266575;1;6;1;80;1;1;2;8; ;2; ;2; ; ; ; ;9;2;1;07;19;102,926478439051;19
3266576;1;2;1;80;1;1;4;7; ;2; ;2; ; ; ; ;9;2;1;07;19;125,957333577179;19
3266576;1;4;1;80;1;2; ; ; ;2; ;2; ;2; ;.; ; ;1;07;19;125,957333577179;19
3266581;1;3;1;80;1;2; ; ; ;2; ;2; ;2; ;.; ; ;1;07;19;107,927264285993;19
3266584;1;3;1;80;1;2; ; ; ;2; ;2; ;2; ;.; ; ;1;07;19;69,455374780418;19
3266585;1;1;1;80;1;1;4;4; ;3; ;2; ; ; ; ;4;2;1;07;19;73,899812270362;19
3266585;1;2;1;80;1;2; ; ; ;2; ;2; ;2; ;.; ; ;1;07;19;73,899812270362;19
3266586;1;2;1;80;1;2; ; ; ;2; ;2; ;2; ;.; ; ;1;07;19;58,2015328500164;19
3266586;1;3;1;80;1;2; ; ; ;2; ;2; ;2; ;.; ; ;1;07;19;58,2015328500164;19
3266586;1;5;1;80;1;2; ; ; ;2; ;2; ;2; ;.; ; ;1;07;19;58,2015328500164;19
3266593;1;1;1;80;1;2; ; ; ;3; ;2; ;2; ;.; ; ;1;07;19;59,8731051087924;19
3266594;1;1;1;80;1;2; ; ; ;2; ;2; ;2; ;.; ; ;1;07;19;105,322310582297;19
3266594;1;2;1;80;1;1;4;5; ;3; ;2; ; ; ; ;10;2;1;07;19;105,322310582297;19
3266594;1;3;1;80;1;2; ; ; ;2; ;2; ;2; ;.; ; ;1;07;19;105,322310582297;19
3266594;1;7;1;80;1;2; ; ; ;2; ;2; ;2; ;.; ; ;1;07;19;105,322310582297;19
3266594;1;9;1;80;1;2; ; ; ;2; ;2; ;2; ;.; ; ;1;07;19;105,322310582297;19
3266596;1;2;1;80;1;1;1;2; ;2; ;2; ; ; ; ;2;2;1;07;50;212,132989300128;50
3266596;1;3;1;80;1;2; ; ; ;2; ;2; ;2; ;.; ; ;1;07;50;212,132989300128;50
3266597;1;2;1;80;1;1;1;2; ;1;1;2; ; ; ; ;2;2;1;07;50;167,04118054533;50
3266598;1;2;1;80;1;2; ; ; ;2; ;2; ;2; ;.; ; ;1;07;19;134,405133196739;19
3266599;1;1;1;80;1;1;4;4; ;2; ;2; ; ; ; ;4;2;1;07;19;96,3427275845848;19
3266600;1;2;1;80;1;1;4;3; ;2; ;2; ; ; ; ;9;2;1;07;19;102,340119413014;19
3266601;1;1;1;80;1;1;4;5; ;3; ;2; ; ; ; ;8;2;1;07;19;98,3449946143675;19
3266602;1;1;1;80;1;1;3;4; ;3; ;2; ; ; ; ;8;2;1;07;19;101,102667339752;19
3266602;1;2;1;80;1;2; ; ; ;2; ;2; ;2; ;.; ; ;1;07;19;101,102667339752;19
3266602;1;6;1;80;1;2; ; ; ;2; ;2; ;2; ;.; ; ;1;07;19;101,102667339752;19
3266603;1;3;1;80;1;2; ; ; ;2; ;2; ;2; ;.; ; ;1;07;19;88,9933113570201;19
3266603;1;4;1;80;1;2; ; ; ;2; ;2; ;2; ;.; ; ;1;07;19;88,9933113570201;19
3266603;1;5;1;80;1;2; ; ; ;2; ;2; ;2; ;.; ; ;1;07;19;88,9933113570201;19
3266605;1;6;1;80;1;2; ; ; ;2; ;2; ;2; ;.; ; ;1;07;19;133,790093156119;19
3266609;1;3;1;80;1;2; ; ; ;2; ;2; ;2; ;.; ; ;1;07;19;84,9271582188449;19
3266609;1;4;1;80;1;1;2;8; ;2; ;2; ; ; ; ;2;2;1;07;19;84,9271582188449;19
3266610;1;3;1;80;1;2; ; ; ;2; ;2; ;2; ;.; ; ;1;07;19;68,0713877776009;19
3266610;1;4;1;80;1;2; ; ; ;2; ;2; ;2; ;.; ; ;1;07;19;68,0713877776009;19
3266612;1;1;1;80;1;1;2;3; ;2; ;2; ; ; ; ;9;2;1;07;19;110,925374235233;19
3266612;1;3;1;80;1;1;1;8; ;2; ;2; ; ;1; ;1;1;1;07;19;110,925374235233;19
3266615;1;3;1;80;1;2; ; ; ; ; ;2; ;2; ;.; ; ;1;07;19;121,227734025072;19
3266616;1;3;1;80;1;2; ; ; ;2; ;2; ;2; ;.; ; ;1;07;19;76,0395345028034;19
3266618;1;1;1;80;1;2; ; ; ;2; ;2; ;2; ;.; ; ;1;07;19;80,3149253231817;19
3266620;1;2;1;80;1;2; ; ; ;2; ;2; ;2; ;.; ; ;1;07;19;87,097299988244;19
3266620;1;5;1;80;1;2; ; ; ; ; ;2; ;2; ;.; ; ;1;07;19;87,097299988244;19
3266621;1;1;1;80;1;1;4;7; ;2; ;2; ; ; ; ;5;2;1;07;19;121,227734025072;19
3266622;1;2;1;80;1;2; ; ; ;2; ;2; ;2; ;.; ; ;1;07;19;91,3726908086224;19
3266622;1;3;1;80;1;1;2;7; ;2; ;2; ; ; ; ;3;2;1;07;19;91,3726908086224;19
3266622;1;5;1;80;1;2; ; ; ; ; ;2; ;2; ;.; ; ;1;07;19;91,3726908086224;19
3266623;1;1;1;80;1;1;2;4; ;2; ;2; ; ; ; ;8;2;1;07;19;106,512528212196;19
3266623;1;2;1;80;1;2; ; ; ;2; ;2; ;2; ;.; ; ;1;07;19;106,512528212196;19
3266623;1;5;1;80;1;2; ; ; ; ; ;2; ;2; ;.; ; ;1;07;19;106,512528212196;19
3266626;1;1;1;80;1;1;1;7; ;2; ;2; ; ; ; ;5;2;1;07;50;183,000516024784;50
3266626;1;2;1;80;1;1;1;4; ;2; ;2; ; ; ; ;4;2;1;07;50;183,000516024784;50
3266629;1;3;1;80;1;1;2;3; ;2; ;2; ; ; ; ;9;2;1;07;50;468,270016065783;50
3266630;1;1;1;80;1;2; ; ; ;2; ;2; ;2; ;.; ; ;1;07;50;274,421546192511;50
3266630;1;2;1;80;1;1;4;4; ;2; ;2; ; ; ; ;4;2;1;07;50;274,421546192511;50
3266630;1;5;1;80;1;2; ; ; ; ; ;2; ;2; ;.; ; ;1;07;50;274,421546192511;50
3266631;1;2;1;80;1;2; ; ; ;2; ;2; ;2; ;.; ; ;1;07;50;196,743214963756;50
3266631;1;3;1;80;1;2; ; ; ; ; ;2; ;2; ;.; ; ;1;07;50;196,743214963756;50
3266635;1;2;1;80;1;2; ; ; ;2; ;2; ;2; ;.; ; ;1;07;50;381,482919722385;50
3266635;1;3;1;80;1;1;3;9;POR EVANGELIZAR;2; ;2; ; ; ;DEDICARSE A  EVANGELIZAR;12;2;1;07;50;381,482919722385;50
3266636;1;2;1;80;1;1;1;2; ;2; ;2; ; ; ; ;2;2;1;07;50;142,766010335156;50
3266638;1;3;1;80;1;2; ; ; ; ; ;2; ;2; ;.; ; ;1;07;50;360,315606808583;50
3266641;1;2;1;80;1;1;1;7; ;2; ;2; ; ; ; ;4;2;1;07;50;183,309641108838;50
3266641;1;3;1;80;1;2; ; ; ;2; ;2; ;2; ;.; ; ;1;07;50;183,309641108838;50
3266643;1;2;1;80;1;2; ; ; ;2; ;2; ;2; ;.; ; ;1;07;50;357,236118815297;50
3266644;1;1;1;80;1;1;4;3; ;2; ;2; ; ; ; ;9;2;1;07;50;412,364838766526;50
3266644;1;2;1;80;1;2; ; ; ;2; ;2; ;2; ;.; ; ;1;07;50;412,364838766526;50
3266648;1;1;1;80;1;1;4;5; ;3; ;2; ; ; ; ;10;2;1;07;50;127,626971119616;50
3266648;1;2;1;80;1;1;4;3; ;2; ;2; ; ; ; ;9;2;1;07;50;127,626971119616;50
3266649;1;1;1;80;1;1;4;4; ;2; ;2; ; ; ; ;4;2;1;07;50;160,737505136236;50
3266650;1;1;1;80;1;1;3;3; ;2; ;2; ; ; ; ;9;2;1;07;50;209,283071902112;50
3266651;1;1;1;80;1;1;3;4; ;2; ;2; ; ; ; ;4;2;1;07;50;206,182419383263;50
3266653;1;3;1;80;1;2; ; ; ;2; ;2; ;2; ;.; ; ;1;07;50;172,991750462195;50
3266653;1;4;1;80;1;2; ; ; ;2; ;2; ;2; ;.; ; ;1;07;50;172,991750462195;50
3266653;1;5;1;80;1;2; ; ; ; ; ;2; ;2; ;.; ; ;1;07;50;172,991750462195;50
3266654;1;2;1;80;1;1;4;3; ;2; ;2; ; ; ; ;9;2;1;07;50;216,895642707871;50
3266654;1;4;1;80;1;2; ; ; ;2; ;2; ;2; ;.; ; ;1;07;50;216,895642707871;50
3266657;1;2;1;80;1;1;1;3; ;2; ;1;98; ; ;CAMBIO DE CIUDAD;12;2;1;07;50;193,591377259209;50
3266657;1;3;1;80;1;1;1;8; ;2; ;2; ; ; ; ;3;2;1;07;50;193,591377259209;50
3266661;1;1;1;80;1;1;4;3; ;2; ;2; ; ; ; ;9;2;1;07;05;1011,37057644769;05
3266665;1;1;1;80;1;1;1;1; ;2; ;2; ; ; ; ;4;2;1;07;05;914,201112634217;05
3266665;1;3;1;80;1;2; ; ; ;2; ;2; ;2; ;.; ; ;1;07;05;914,201112634217;05
3266665;1;4;1;80;1;2; ; ; ;2; ;2; ;2; ;.; ; ;1;07;05;914,201112634217;05
3266666;1;1;1;80;1;1;3;9;POR ARREGLO PREJURIDICO;3; ;2; ; ; ; ;11;2;1;07;05;930,528327008579;05
3266666;1;3;1;80;1;2; ; ; ;2; ;2; ;1;1; ;8; ;1;07;05;930,528327008579;05
3266672;1;2;1;80;1;2; ; ; ;2; ;2; ;2; ;.; ; ;1;07;05;1157,06053325959;05
3266674;1;2;1;80;1;1;4;7; ;2; ;2; ; ; ; ;9;2;1;07;05;1255,50389848622;05
3266675;1;5;1;80;1;2; ; ; ;2; ;2; ;2; ;.; ; ;1;07;05;804,264634192801;05
3266678;1;2;1;80;1;2; ; ; ;2; ;2; ;1;1; ;9; ;1;07;05;851,826780888595;05
3266679;1;2;1;80;1;2; ; ; ;2; ;2; ;2; ;.; ; ;1;07;05;890,450529285489;05
3266680;1;3;1;80;1;2; ; ; ;2; ;1;60000;2; ;.; ; ;1;07;05;915,183770285101;05
3266681;1;2;1;80;1;1;4;3; ;2; ;2; ; ; ; ;9;2;1;07;05;1068,06683230742;05
3266686;1;2;1;80;1;1;4;3; ;2; ;2; ; ; ; ;9;2;1;07;05;853,166550444256;05
3266686;1;4;1;80;1;2; ; ; ;2; ;2; ;1;3; ;2; ;1;07;05;853,166550444256;05
3266689;1;3;1;80;1;2; ; ; ; ; ;2; ;2; ;.; ; ;1;07;05;990,705055743098;05
3266691;1;1;1;80;1;1;4;3; ;2; ;2; ; ; ; ;9;2;1;07;05;1024,77047559647;05
3266691;1;4;1;80;1;2; ; ; ;2; ;2; ;1;1; ;2; ;1;07;05;1024,77047559647;05
3266693;1;2;1;80;1;1;3;3; ;2; ;2; ; ; ; ;9;2;1;07;05;1364,67774149005;05
3266695;1;1;1;80;1;1;3;5; ;3; ;2; ; ; ; ;10;2;1;07;05;853,166550444256;05
3266695;1;2;1;80;1;2; ; ; ;2; ;2; ;2; ;.; ; ;1;07;05;853,166550444256;05
3266696;1;2;1;80;1;2; ; ; ;2; ;2; ;2; ;.; ; ;1;07;05;1068,06683230742;05
3266698;1;2;1;80;1;1;1;7; ;2; ;2; ; ; ; ;9;2;1;07;05;995,676246594166;05
3266698;1;3;1;80;1;1;3;9;CAMBIO DE DOMICILIO;2; ;2; ; ; ; ;2;2;1;07;05;995,676246594166;05
3266699;1;2;1;80;1;1;4;3; ;2; ;2; ; ; ; ;9;2;1;07;05;941,803139491643;05
3266699;1;3;1;80;1;2; ; ; ; ; ;2; ;2; ;.; ; ;1;07;05;941,803139491643;05
3266700;1;1;1;80;1;2; ; ; ;2; ;2; ;2; ;.; ; ;1;07;05;1023,01784373326;05
3266700;1;2;1;80;1;1;3;3; ;2; ;2; ; ; ; ;9;2;1;07;05;1023,01784373326;05
3266701;1;2;1;80;1;1;1;7; ;2; ;2; ; ; ; ;9;2;1;07;05;956,258212636695;05
3266701;1;5;1;80;1;2; ; ; ; ; ;2; ;2; ;.; ; ;1;07;05;956,258212636695;05
3266703;1;3;1;80;1;1;2;2; ;2; ;2; ; ; ; ;2;2;1;07;05;874,814728799729;05
3266704;1;1;1;80;1;1;1;5; ;3; ;2; ; ; ; ;10;2;1;07;05;1135,41235490411;05
3266704;1;2;1;80;1;2; ; ; ;2; ;2; ;2; ;.; ; ;1;07;05;1135,41235490411;05
3266704;1;4;1;80;1;1;2;2; ;2; ;2; ; ; ; ;2;2;1;07;05;1135,41235490411;05
3266705;1;2;1;80;1;1;4;7; ;2; ;2; ; ; ; ;9;2;1;07;05;990,705055743098;05
3266705;1;3;1;80;1;2; ; ; ; ; ;2; ;2; ;.; ; ;1;07;05;990,705055743098;05
3266707;1;2;1;80;1;1;4;3; ;2; ;2; ; ; ; ;9;2;1;07;05;922,352564147273;05
3266707;1;5;1;80;1;2; ; ; ; ; ;2; ;2; ;.; ; ;1;07;05;922,352564147273;05
3266707;1;6;1;80;1;1;2;6; ;2; ;2; ; ; ; ;11;2;1;07;05;922,352564147273;05
3266710;1;2;1;80;1;1;4;3; ;2; ;2; ; ; ; ;8;2;1;07;05;1157,06053325959;05
3266713;1;1;1;80;1;1;4;3; ;2; ;2; ; ; ; ;8;2;1;07;05;1002,8377016816;05
3266716;1;2;1;80;1;2; ; ; ;2; ;2; ;2; ;.; ; ;1;07;05;1364,67774149005;05
3266717;1;3;1;80;1;1;1;2; ;2; ;2; ; ; ; ;2;2;1;07;05;853,166550444256;05
3266717;1;4;1;80;1;2; ; ; ;2; ;2; ;2; ;.; ; ;1;07;05;853,166550444256;05
3266718;1;4;1;80;1;2; ; ; ; ; ;2; ;2; ;.; ; ;1;07;05;741,542013485733;05
3266720;1;2;1;80;1;2; ; ; ;2; ;2; ;2; ;.; ; ;1;07;05;1011,37057644769;05
3266722;1;2;1;80;1;2; ; ; ;2; ;2; ;2; ;.; ; ;1;07;05;950,336014257726;05
3266723;1;1;1;80;1;1;4;5; ;3; ;2; ; ; ; ;10;2;1;07;05;881,983522661901;05
3266723;1;2;1;80;1;1;4;5; ;3; ;2; ; ; ; ;10;2;1;07;05;881,983522661901;05
3266724;1;5;1;80;1;2; ; ; ;2; ;2; ;1;1;MENOR DE EDAD;12; ;1;07;05;2464,93718330111;05
3266731;1;3;1;80;1;1;4;5; ;3; ;2; ; ; ; ;10;2;1;07;05;824,224754031168;05
3266732;1;3;1;80;1;2; ; ; ; ; ;2; ;2; ;.; ; ;1;07;05;891,79029884115;05
3266733;1;2;1;80;1;2; ; ; ;2; ;2; ;2; ;.; ; ;1;07;05;784,838370196681;05
3266735;1;2;1;80;1;1;4;8; ;2; ;2; ; ;4; ;9;1;1;07;05;1146,3300554824;05
3266736;1;4;1;80;1;2; ; ; ;2; ;2; ;2; ;.; ; ;1;07;05;915,183770285101;05
3266737;1;2;1;80;1;1;1;8; ;2; ;2; ; ; ; ;9;2;1;07;05;1098,76790878661;05
3266738;1;1;1;80;1;1;4;5; ;2; ;2; ; ; ; ;9;2;1;07;05;750,748638995054;05
3266738;1;5;1;80;1;1;1;8; ;2; ;2; ; ;1; ;2;1;1;07;05;750,748638995054;05
3266738;1;6;1;80;1;2; ; ; ; ; ;2; ;2; ;.; ; ;1;07;05;750,748638995054;05
3266739;1;1;1;80;1;1;4;6; ;2; ;2; ; ; ; ;8;2;1;07;05;1067,08417465654;05
3266739;1;2;1;80;1;1;3;5; ;3; ;2; ; ;2; ;8;1;1;07;05;1067,08417465654;05
3266740;1;1;1;80;1;1;3;8; ;2; ;2; ; ; ; ;8;2;1;07;05;845,872932386642;05
3266741;1;2;1;80;1;2; ; ; ;2; ;2; ;2; ;.; ; ;1;07;05;784,838370196681;05
3266744;1;7;1;80;1;2; ; ; ; ; ;2; ;2; ;.; ; ;1;07;05;1178,85124651884;05
3266747;1;2;1;80;1;1;1;8; ;2; ;2; ; ;1; ;1;1;1;07;05;1045,43599630106;05
3266747;1;3;1;80;1;2; ; ; ; ; ;2; ;2; ;.; ; ;1;07;05;1045,43599630106;05
3266748;1;3;1;80;1;2; ; ; ;2; ;2; ;2; ;.; ; ;1;07;05;3304,04080515221;05
3266750;1;2;1;80;1;2; ; ; ;2; ;2; ;2; ;.; ; ;1;07;05;995,676246594166;05
3266750;1;3;1;80;1;2; ; ; ; ; ;2; ;2; ;.; ; ;1;07;05;995,676246594166;05
3266751;1;2;1;80;1;1;2;6; ;2; ;2; ; ; ; ;9;2;1;07;05;737,276223500887;05
3266751;1;4;1;80;1;2; ; ; ;2; ;2; ;2; ;.; ; ;1;07;05;737,276223500887;05
3266754;1;3;1;80;1;2; ; ; ;2; ;2; ;2; ;.; ; ;1;07;05;990,705055743098;05
3266756;1;1;1;80;1;1;4;9;CUIDAR MAMA ENFERMA DE ALZHEIMER;1;4;2; ; ; ;CUIDAR MAMA ENFERMA DE ALZHEIMER;12;2;1;07;05;922,376875495523;05
3266759;1;2;1;80;1;1;4;5; ;3; ;2; ; ; ; ;10;2;1;07;05;991,562889198541;05
3266761;1;3;1;80;1;2; ; ; ;2; ;2; ;2; ;.; ; ;1;07;05;2490,53580759936;05
3266764;1;2;1;80;1;1;2;3; ;2; ;1;600000; ;1; ;9;1;1;07;05;1255,50389848622;05
3266765;1;3;1;80;1;2; ; ; ;2; ;2; ;2; ;.; ; ;1;07;05;2146,88413543624;05
3266765;1;4;1;80;1;2; ; ; ; ; ;2; ;2; ;.; ; ;1;07;05;2146,88413543624;05
3266768;1;1;1;80;1;1;4;6; ;2; ;2; ; ; ; ;4;2;1;07;05;2764,18265353392;05
3266769;1;1;1;80;1;1;2;4; ;2; ;2; ; ; ; ;4;2;1;07;05;3340,22119393159;05
3266769;1;3;1;80;1;2; ; ; ; ; ;2; ;2; ;.; ; ;1;07;05;3340,22119393159;05
3266770;1;1;1;80;1;1;2;8; ;2; ;2; ; ; ; ;7;2;1;07;05;1087,87451955657;05
3266771;1;2;1;80;1;2; ; ; ; ; ;2; ;2; ;.; ; ;1;07;05;1127,64734517119;05
3266772;1;2;1;80;1;2; ; ; ;2; ;2; ;2; ;.; ; ;1;07;05;1067,08417465654;05
3266773;1;3;1;80;1;1;1;9;PROBLEMAS EN EL TRABAJO;2; ;2; ; ; ;LE DA PEREZA BUSCAR EMPLEO;12;2;1;07;05;853,166550444256;05
3266773;1;4;1;80;1;2; ; ; ; ; ;2; ;2; ;.; ; ;1;07;05;853,166550444256;05
3266774;1;4;1;80;1;1;3;8; ;2; ;2; ; ; ; ;2;2;1;07;05;873,296920510208;05
3266774;1;6;1;80;1;2; ; ; ; ; ;2; ;2; ;.; ; ;1;07;05;873,296920510208;05
3266779;1;2;1;80;1;1;1;1; ;2; ;2; ; ; ; ;9;2;1;07;05;1420,3913396989;05
3266781;1;2;1;80;1;2; ; ; ; ; ;2; ;2; ;.; ; ;1;07;05;469,238764906773;05
3266783;1;2;1;80;1;1;2;9;PORQUE LOS PATRONES CAMBIARON DE CIUDAD;2; ;2; ; ; ; ;9;2;1;07;05;1007,27217235093;05
3266783;1;3;1;80;1;1;1;9;POR RECORTE DE PERSONAL; ; ;2; ; ; ; ;8;2;1;07;05;1007,27217235093;05
3266784;1;1;1;80;1;2; ; ; ;2; ;2; ;2; ;.; ; ;1;07;05;572,392643880905;05
3266784;1;2;1;80;1;2; ; ; ;2; ;2; ;2; ;.; ; ;1;07;05;572,392643880905;05
3266784;1;3;1;80;1;2; ; ; ; ; ;2; ;2; ;.; ; ;1;07;05;572,392643880905;05
3266788;1;1;1;80;1;1;4;4; ;2; ;2; ; ; ; ;4;2;1;07;05;1114,8193505449;05
3266788;1;4;1;80;1;1;4;4; ;2; ;2; ; ; ; ;4;2;1;07;05;1114,8193505449;05
3266791;1;1;1;80;1;1;4;5; ;3; ;2; ; ; ; ;11;2;1;07;05;1011,37057644769;05
3266792;1;1;1;80;1;1;4;5; ;3; ;2; ; ; ; ;11;2;1;07;05;1067,08417465654;05
3266792;1;2;1;80;1;1;4;5; ;3; ;2; ; ; ; ;11;2;1;07;05;1067,08417465654;05
3266793;1;4;1;80;1;2; ; ; ;2; ;2; ;2; ;.; ; ;1;07;05;798,310785690848;05
3266798;1;1;1;80;1;1;3;1; ;2; ;2; ; ; ; ;1;2;1;07;05;796,808674756863;05
3266798;1;3;1;80;1;1;3;1; ;2; ;2; ; ;3; ;1;1;1;07;05;796,808674756863;05
3266799;1;3;1;80;1;2; ; ; ;2; ;2; ;2; ;.; ; ;1;07;05;788,2327368716;05
3266803;1;3;1;80;1;2; ; ; ;2; ;2; ;2; ;.; ; ;1;07;05;660,470037162065;05
3266805;1;2;1;80;1;1;4;9;POR LA EDAD;2; ;2; ; ; ; ;8;2;1;07;05;844,890274735758;05
3266807;1;1;1;80;1;1;4;4; ;2; ;2; ; ; ; ;4;2;1;07;05;915,05894608966;05
3266807;1;2;1;80;1;2; ; ; ;2; ;2; ;2; ;.; ; ;1;07;05;915,05894608966;05
3266807;1;4;1;80;1;2; ; ; ;2; ;2; ;2; ;.; ; ;1;07;05;915,05894608966;05
3266808;1;1;1;80;1;2; ; ; ;2; ;2; ;2; ;.; ; ;1;07;05;802,576575675695;05
3266808;1;2;1;80;1;1;2;1; ;2; ;2; ; ;2;TIENE UNA DISCAPACIDAD;12;1;1;07;05;802,576575675695;05
3266809;1;2;1;80;1;2; ; ; ;2; ;2; ;2; ;.; ; ;1;07;05;1040,31237286078;05
3266811;1;1;1;80;1;1;4;3; ;2; ;2; ; ; ; ;9;2;1;07;05;769,368989277761;05
3266811;1;2;1;80;1;1;4;5; ;3; ;2; ; ; ; ;10;2;1;07;05;769,368989277761;05
3266813;1;1;1;80;1;1;4;5; ;3; ;2; ; ; ; ;8;2;1;07;05;1002,8377016816;05
3266814;1;1;1;80;1;1;4;5; ;3; ;2; ; ; ; ;8;2;1;07;05;1081,53924780159;05
3266814;1;2;1;80;1;1;4;3; ;2; ;2; ; ; ; ;9;2;1;07;05;1081,53924780159;05
3266815;1;3;1;80;1;2; ; ; ;2; ;2; ;2; ;.; ; ;1;07;05;712,465943253524;05
3266817;1;4;1;80;1;2; ; ; ;2; ;2; ;2; ;.; ; ;1;07;05;872,479219142865;05
3266822;1;2;1;80;1;1;1;3; ;2; ;2; ; ; ; ;9;2;1;07;05;990,705055743098;05
3266822;1;3;1;80;1;2; ; ; ;2; ;2; ;2; ;.; ; ;1;07;05;990,705055743098;05
3266825;1;1;1;80;1;1;4;5; ;3; ;2; ; ; ; ;8;2;1;07;05;916,041603740544;05
3266825;1;2;1;80;1;2; ; ; ;2; ;2; ;2; ;.; ; ;1;07;05;916,041603740544;05
3266826;1;1;1;80;1;1;4;3; ;2; ;2; ; ;4; ;9;1;1;07;05;1146,3300554824;05
3266827;1;2;1;80;1;1;4;9;POR QUE QUERIA DESCANSAR;2; ;2; ; ; ; ;11;2;1;07;05;1323,54083497152;05
3266830;1;3;1;80;1;1;1;9;LO PERDIO POR IRESPONSABLE;2; ;2; ; ; ;POR PEREZA;12;2;1;07;05;701,149975004105;05
3266835;1;1;1;80;1;1;3;9;POR QUE TRABAJABA DE CUENTA DE EL  Y VENDIO EL CARRO;2; ;2; ; ; ; ;8;2;1;07;05;619,69711290513;05
3266838;1;1;1;80;1;1;4;5; ;3; ;2; ; ; ; ;11;2;1;07;05;1257,70150149733;05
3266838;1;2;1;80;1;2; ; ; ;2; ;2; ;2; ;.; ; ;1;07;05;1257,70150149733;05
3266839;1;1;1;80;1;1;4;7; ;2; ;2; ; ; ; ;4;2;1;07;05;1059,19965555751;05
3266839;1;2;1;80;1;1;2;7; ;3; ;2; ; ;2; ;5;1;1;07;05;1059,19965555751;05
3266839;1;4;1;80;1;2; ; ; ;2; ;2; ;2; ;.; ; ;1;07;05;1059,19965555751;05
3266839;1;5;1;80;1;2; ; ; ;2; ;2; ;2; ;.; ; ;1;07;05;1059,19965555751;05
3266843;1;3;1;80;1;2; ; ; ; ; ;2; ;2; ;.; ; ;1;07;05;1166,86730943884;05
3266844;1;4;1;80;1;2; ; ; ; ; ;2; ;2; ;.; ; ;1;07;05;950,099880660354;05
3266848;1;3;1;80;1;2; ; ; ;2; ;2; ;2; ;.; ; ;1;07;05;1050,97698249547;05
3266849;1;3;1;80;1;1;1;8; ;2; ;2; ; ; ; ;2;2;1;07;05;990,705055743098;05
3266850;1;1;1;80;1;1;3;9;ESTABA PREJUBILADO;2; ;2; ; ; ;LA ESPOSA ESTA ENFERMA Y LA DEBE CUIDAR (TIENE DEMENCIA);12;2;1;07;05;1157,06053325959;05
3266850;1;2;1;80;1;1;4;3; ;2; ;2; ; ; ; ;9;2;1;07;05;1157,06053325959;05
3266852;1;4;1;80;1;2; ; ; ; ; ;2; ;2; ;.; ; ;1;07;05;1114,74683419952;05
3266852;1;5;1;80;1;1;4;9;LOS HIJOS LO SOSTENIAN ECONOMICAMENTE;2; ;2; ; ; ; ;8;2;1;07;05;1114,74683419952;05
3266854;1;3;1;80;1;2; ; ; ;2; ;2; ;1;1; ;2; ;1;07;05;731,285614666505;05
3266855;1;1;1;80;1;1;4;3; ;2; ;2; ; ; ; ;9;2;1;07;05;991,76617136536;05
3266855;1;2;1;80;1;1;4;4; ;2; ;2; ; ; ; ;4;2;1;07;05;991,76617136536;05
3266855;1;3;1;80;1;1;4;4; ;2; ;2; ; ; ; ;4;2;1;07;05;991,76617136536;05
3266856;1;2;1;80;1;2; ; ; ;2; ;2; ;2; ;.; ; ;1;07;05;593,402446447065;05
3266856;1;3;1;80;1;1;4;8; ;2; ;2; ; ; ; ;8;2;1;07;05;593,402446447065;05
3266856;1;4;1;80;1;1;2;8; ;2; ;2; ; ; ; ;5;2;1;07;05;593,402446447065;05
3266856;1;6;1;80;1;1;1;8; ;2; ;2; ; ; ; ;2;2;1;07;05;593,402446447065;05
3266856;1;7;1;80;1;2; ; ; ;2; ;2; ;2; ;.; ; ;1;07;05;593,402446447065;05
3266858;1;4;1;80;1;2; ; ; ;2; ;2; ;2; ;.; ; ;1;07;05;831,518372088782;05
3266859;1;1;1;80;1;1;2;8; ;2; ;2; ; ; ; ;8;2;1;07;05;991,562889198541;05
3266859;1;2;1;80;1;1;4;4; ;2; ;2; ; ; ; ;4;2;1;07;05;991,562889198541;05
3266860;1;1;1;80;1;1;4;7; ;2; ;2; ; ;4; ;8;1;1;07;05;1337,01325046568;05
3266860;1;5;1;80;1;1;2;8; ;2; ;1;300000; ; ; ;2;2;1;07;05;1337,01325046568;05
3266862;1;2;1;80;1;1;4;3; ;2; ;2; ; ; ; ;9;2;1;07;05;1233,85572013075;05
3266862;1;3;1;80;1;2; ; ; ;2; ;2; ;2; ;.; ; ;1;07;05;1233,85572013075;05
3266863;1;2;1;80;1;2; ; ; ;2; ;1;7000;2; ;.; ; ;1;07;05;972,688298683032;05
3266864;1;3;1;80;1;1;1;8; ;2; ;2; ; ; ; ;2;2;1;07;05;727,76069108392;05
3266865;1;2;1;80;1;1;4;3; ;2; ;2; ; ; ; ;9;2;1;07;05;887,231970297632;05
3266865;1;3;1;80;1;2; ; ; ;2; ;1;20000;1;1; ;2; ;1;07;05;887,231970297632;05
3266865;1;4;1;80;1;2; ; ; ;2; ;1;100000;1;3; ;2; ;1;07;05;887,231970297632;05
3266865;1;5;1;80;1;2; ; ; ;2; ;2; ;2; ;.; ; ;1;07;05;887,231970297632;05
3266867;1;3;1;80;1;2; ; ; ; ; ;2; ;2; ;.; ; ;1;07;05;900,837413567542;05
3266871;1;2;1;80;1;1;1;5; ;3; ;2; ; ; ; ;10;2;1;07;05;1067,08417465654;05
3266874;1;2;1;80;1;1;1;8; ;2; ;2; ; ; ; ;8;2;1;07;05;1233,85572013075;05
3266874;1;3;1;80;1;2; ; ; ; ; ;2; ;1;1; ;8; ;1;07;05;1233,85572013075;05
3266875;1;1;1;80;1;1;4;6; ;2; ;2; ; ; ; ;11;2;1;07;05;1087,87451955657;05
3266876;1;1;1;80;1;2; ; ; ;2; ;2; ;2; ;.; ; ;1;07;05;1157,06053325959;05
3266877;1;1;1;80;1;1;4;3; ;2; ;2; ; ;4; ;9;1;1;07;05;899,746039489165;05
3266885;1;3;1;80;1;2; ; ; ; ; ;2; ;2; ;.; ; ;1;07;05;958,256051303469;05
3266896;1;1;1;80;1;2; ; ; ;2; ;2; ;2; ;.; ; ;1;07;17;887,582948100123; 
3266896;1;7;1;80;1;2; ; ; ;2; ;2; ;2; ;.; ; ;1;07;17;887,582948100123; 
3266898;1;1;1;80;1;1;4;3; ;2; ;2; ; ; ; ;9;2;1;07;17;1345,91552099744; 
3266898;1;2;1;80;1;2; ; ; ;2; ;2; ;2; ;.; ; ;1;07;17;1345,91552099744; 
3266898;1;3;1;80;1;2; ; ; ; ; ;2; ;2; ;.; ; ;1;07;17;1345,91552099744; 
3266899;1;1;1;80;1;1;4;8; ;2; ;2; ; ; ; ;9;2;1;07;17;890,206244558691; 
3266899;1;2;1;80;1;1;4;8; ;2; ;2; ; ; ; ;4;2;1;07;17;890,206244558691; 
3266900;1;1;1;80;1;1;1;8; ;2; ;2; ; ; ; ;1;2;1;07;17;614,781420365683; 
3266901;1;1;1;80;1;1;4;3; ;2; ;2; ; ; ; ;8;2;1;07;17;614,781420365683; 
3266902;1;1;1;80;1;2; ; ; ;2; ;2; ;2; ;.; ; ;1;07;17;614,781420365683; 
3266905;1;1;1;80;1;1;4;3; ;2; ;2; ; ; ; ;9;2;1;07;17;614,781420365683; 
3266906;1;1;1;80;1;1;4;3; ;2; ;2; ; ; ; ;9;2;1;07;17;767,624948854204; 
3266906;1;3;1;80;1;2; ; ; ; ; ;2; ;2; ;.; ; ;1;07;17;767,624948854204; 
3266907;1;2;1;80;1;2; ; ; ;2; ;2; ;2; ;.; ; ;1;07;17;614,781420365683; 
3266910;1;2;1;80;1;1;4;1; ;2; ;2; ; ; ; ;9;2;1;07;17;896,416163483987; 
3266911;1;1;1;80;1;1;4;4; ;2; ;2; ; ; ; ;4;2;1;07;17;614,781420365683; 
3266911;1;3;1;80;1;2; ; ; ;2; ;2; ;2; ;.; ; ;1;07;17;614,781420365683; 
3266911;1;6;1;80;1;2; ; ; ;2; ;2; ;2; ;.; ; ;1;07;17;614,781420365683; 
3266912;1;4;1;80;1;1;4;3; ;2; ;2; ; ; ; ;9;2;1;07;17;956,112420151541; 
3266913;1;1;1;80;1;1;4;3; ;2; ;2; ; ; ; ;9;2;1;07;17;754,038359199547; 
3266915;1;2;1;80;1;2; ; ; ; ; ;2; ;2; ;.; ; ;1;07;17;1049,97694009849; 
3266916;1;2;1;80;1;2; ; ; ;2; ;2; ;2; ;.; ; ;1;07;17;859,226763648671; 
3266918;1;3;1;80;1;2; ; ; ;2; ;2; ;2; ;.; ; ;1;07;17;1654,74228495815; 
3266918;1;4;1;80;1;2; ; ; ; ; ;2; ;2; ;.; ; ;1;07;17;1654,74228495815; 
3266940;1;3;1;80;1;2; ; ; ;2; ;2; ;2; ;.; ; ;1;07;17;695,121236046798; 
3266940;1;4;1;80;1;2; ; ; ; ; ;2; ;2; ;.; ; ;1;07;17;695,121236046798; 
3266940;1;5;1;80;1;2; ; ; ; ; ;2; ;2; ;.; ; ;1;07;17;695,121236046798; 
3266951;1;5;1;80;1;1;2;3; ;2; ;2; ; ; ; ;9;2;1;07;17;1129,63741761055; 
3266954;1;1;1;80;1;1;4;5; ;3; ;2; ; ; ; ;10;2;1;07;17;859,226763648671; 
3266954;1;2;1;80;1;1;4;3; ;2; ;2; ; ; ; ;8;2;1;07;17;859,226763648671; 
3266957;1;1;1;80;1;1;4;5; ;3; ;2; ; ; ; ;10;2;1;07;17;614,781420365683; 
3266958;1;2;1;80;1;1;2;4; ;2; ;2; ; ; ; ;4;2;1;07;17;1135,84733653584; 
3266958;1;6;1;80;1;2; ; ; ; ; ;2; ;1;1; ;2; ;1;07;17;1135,84733653584; 
3266961;1;2;1;80;1;1;4;3; ;2; ;2; ; ; ; ;9;2;1;07;17;1286,46770351634; 
3266961;1;3;1;80;1;2; ; ; ; ; ;2; ;2; ;.; ; ;1;07;17;1286,46770351634; 
3266963;1;5;1;80;1;2; ; ; ; ; ;2; ;2; ;.; ; ;1;07;17;1636,6509871099; 
3266964;1;1;1;80;1;1;4;4; ;2; ;2; ; ; ; ;4;2;1;07;17;614,781420365683; 
3266964;1;2;1;80;1;2; ; ; ;2; ;2; ;2; ;.; ; ;1;07;17;614,781420365683; 
3266965;1;1;1;80;1;2; ; ; ;2; ;2; ;2; ;.; ; ;1;07;17;1390,42939780195; 
3266965;1;2;1;80;1;2; ; ; ;2; ;2; ;1;3; ;2; ;1;07;17;1390,42939780195; 
3266965;1;7;1;80;1;1;2;3; ;2; ;2; ; ; ; ;9;2;1;07;17;1390,42939780195; 
3266966;1;1;1;80;1;1;4;5; ;3; ;2; ; ; ; ;10;2;1;07;17;614,781420365683; 
3266966;1;2;1;80;1;2; ; ; ;2; ;2; ;2; ;.; ; ;1;07;17;614,781420365683; 
3266968;1;2;1;80;1;2; ; ; ;2; ;2; ;2; ;.; ; ;1;07;17;614,781420365683; 
3266968;1;3;1;80;1;2; ; ; ; ; ;2; ;2; ;.; ; ;1;07;17;614,781420365683; 
3266970;1;1;1;80;1;1;3;5; ;3; ;2; ; ; ; ;10;2;1;07;17;723,058878289527; 
3266970;1;2;1;80;1;2; ; ; ;2; ;2; ;2; ;.; ; ;1;07;17;723,058878289527; 
3266971;1;2;1;80;1;2; ; ; ;2; ;2; ;2; ;.; ; ;1;07;17;1415,80830898759; 
3266973;1;1;1;80;1;1;4;3; ;2; ;2; ; ; ; ;9;2;1;07;17;890,206244558691; 
3266973;1;2;1;80;1;2; ; ; ;2; ;2; ;2; ;.; ; ;1;07;17;890,206244558691; 
3266974;1;3;1;80;1;2; ; ; ;2; ;2; ;2; ;.; ; ;1;07;17;1236,22240835472; 
3266974;1;4;1;80;1;2; ; ; ;2; ;2; ;2; ;.; ; ;1;07;17;1236,22240835472; 
3267012;1;1;1;80;1;1;4;5; ;3; ;2; ; ; ; ;10;2;1;07;17;1198,58335982135; 
3267015;1;3;1;80;1;2; ; ; ; ; ;2; ;2; ;.; ; ;1;07;17;940,283827455771; 
3267019;1;2;1;80;1;2; ; ; ;2; ;2; ;2; ;.; ; ;1;07;17;1062,86512316026; 
3267020;1;2;1;80;1;2; ; ; ;2; ;2; ;2; ;.; ; ;1;07;17;1279,70839374959; 
3267021;1;3;1;80;1;2; ; ; ;2; ;2; ;2; ;.; ; ;1;07;17;614,781420365683; 
3267021;1;4;1;80;1;2; ; ; ;2; ;2; ;2; ;.; ; ;1;07;17;614,781420365683; 
3267022;1;2;1;80;1;1;1;4; ;2; ;2; ; ; ; ;4;2;1;07;17;614,781420365683; 
3267027;1;3;1;80;1;2; ; ; ;2; ;2; ;2; ;.; ; ;1;07;17;1128,34059294693; 
3267038;1;2;1;80;1;2; ; ; ;2; ;2; ;2; ;.; ; ;1;07;17;1711,89590563797; 
3267038;1;5;1;80;1;2; ; ; ;2; ;2; ;2; ;.; ; ;1;07;17;1711,89590563797; 
3267038;1;6;1;80;1;2; ; ; ; ; ;2; ;2; ;.; ; ;1;07;17;1711,89590563797; 
3267038;1;7;1;80;1;1;1;9;ESTA EN EMBARAZO;2; ;2; ; ; ; ;9;2;1;07;17;1711,89590563797; 
3267049;1;1;1;80;1;1;1;1; ;2; ;2; ; ; ; ;9;2;1;07;17;1049,97694009849; 
3267049;1;2;1;80;1;2; ; ; ; ; ;2; ;2; ;.; ; ;1;07;17;1049,97694009849; 
3267060;1;1;1;80;1;1;4;3; ;2; ;2; ; ; ; ;9;2;1;07;17;1468,99401378322; 
3267061;1;2;1;80;1;2; ; ; ;2; ;2; ;2; ;.; ; ;1;07;17;786,723050841264; 
3267061;1;4;1;80;1;2; ; ; ;2; ;2; ;2; ;.; ; ;1;07;17;786,723050841264; 
3267061;1;5;1;80;1;1;4;1; ;2; ;2; ; ; ; ;8;2;1;07;17;786,723050841264; 
3267064;1;2;1;80;1;2; ; ; ; ; ;2; ;2; ;.; ; ;1;07;17;1000,22884201816; 
3267065;1;2;1;80;1;1;1;7; ;2; ;2; ; ; ; ;3;2;1;07;17;2045,98509614373; 
3267067;1;2;1;80;1;2; ; ; ;2; ;2; ;2; ;.; ; ;1;07;17;1749,1040019864; 
3267068;1;2;1;80;1;2; ; ; ;2; ;2; ;1;1; ;1; ;1;07;17;1755,2328752814; 
3267072;1;2;1;80;1;2; ; ; ;2; ;2; ;2; ;.; ; ;1;07;17;1309,05560597887; 
3267072;1;3;1;80;1;2; ; ; ;2; ;2; ;2; ;.; ; ;1;07;17;1309,05560597887; 
3267076;1;1;1;80;1;2; ; ; ;2; ;2; ;2; ;.; ; ;1;07;17;614,781420365683; 
3267081;1;2;1;80;1;2; ; ; ;2; ;2; ;2; ;.; ; ;1;07;17;977,640939555633; 
3267082;1;1;1;80;1;1;1;4; ;2; ;2; ; ; ; ;4;2;1;07;17;1018,99745918847; 
3267082;1;3;1;80;1;2; ; ; ;2; ;2; ;2; ;.; ; ;1;07;17;1018,99745918847; 
3267087;1;1;1;80;1;1;1;8; ;2; ;2; ; ; ; ;2;2;1;07;17;1100,22223526012; 
3267098;1;1;1;80;1;2; ; ; ;2; ;2; ;2; ;.; ; ;1;07;17;1259,97232811819; 
3267098;1;2;1;80;1;2; ; ; ; ; ;2; ;2; ;.; ; ;1;07;17;1259,97232811819; 
3267105;1;2;1;80;1;2; ; ; ;2; ;2; ;2; ;.; ; ;1;07;17;1179,71500050763; 
3267105;1;3;1;80;1;2; ; ; ;2; ;2; ;2; ;.; ; ;1;07;17;1179,71500050763; 
3267105;1;5;1;80;1;2; ; ; ;2; ;2; ;2; ;.; ; ;1;07;17;1179,71500050763; 
3267106;1;2;1;80;1;2; ; ; ;2; ;2; ;2; ;.; ; ;1;07;17;1186,47431027439; 
3267106;1;3;1;80;1;2; ; ; ;2; ;2; ;2; ;.; ; ;1;07;17;1186,47431027439; 
3267106;1;4;1;80;1;2; ; ; ; ; ;2; ;2; ;.; ; ;1;07;17;1186,47431027439; 
3267108;1;2;1;80;1;1;4;3; ;1;4;2; ; ; ; ;9;2;1;07;17;1371,69188712097; 
3267109;1;3;1;80;1;2; ; ; ;2; ;2; ;2; ;.; ; ;1;07;17;1025,82473907637; 
3267109;1;5;1;80;1;1;4;5; ;3; ;2; ; ; ; ;10;2;1;07;17;1025,82473907637; 
3267109;1;6;1;80;1;2; ; ; ;2; ;2; ;2; ;.; ; ;1;07;17;1025,82473907637; 
3267112;1;2;1;80;1;2; ; ; ;2; ;2; ;2; ;.; ; ;1;07;17;614,781420365683; 
3267113;1;2;1;80;1;2; ; ; ;2; ;2; ;2; ;.; ; ;1;07;17;2108,17606110874; 
3267114;1;2;1;80;1;2; ; ; ;2; ;2; ;2; ;.; ; ;1;07;17;1236,22240835472; 
3267114;1;4;1;80;1;2; ; ; ;2; ;2; ;2; ;.; ; ;1;07;17;1236,22240835472; 
3267115;1;2;1;80;1;1;4;8; ;2; ;2; ; ; ; ;9;2;1;07;17;896,416163483987; 
3267115;1;3;1;80;1;2; ; ; ;2; ;2; ;2; ;.; ; ;1;07;17;896,416163483987; 
3267115;1;4;1;80;1;2; ; ; ;2; ;2; ;2; ;.; ; ;1;07;17;896,416163483987; 
3267116;1;2;1;80;1;1;4;3; ;2; ;2; ; ; ; ;9;2;1;07;17;817,702531751284; 
3267116;1;3;1;80;1;2; ; ; ;2; ;2; ;2; ;.; ; ;1;07;17;817,702531751284; 
3267116;1;4;1;80;1;2; ; ; ; ; ;2; ;2; ;.; ; ;1;07;17;817,702531751284; 
3267117;1;2;1;80;1;2; ; ; ;2; ;2; ;2; ;.; ; ;1;07;17;846,338580586907; 
3267132;1;1;1;80;1;2; ; ; ;2; ;2; ;2; ;.; ; ;1;07;17;912,244756179756; 
3267132;1;2;1;80;1;1;4;5; ;3; ;2; ; ; ; ;10;2;1;07;17;912,244756179756; 
3267132;1;3;1;80;1;1;1;3; ;2; ;2; ; ; ; ;9;2;1;07;17;912,244756179756; 
3267132;1;4;1;80;1;2; ; ; ; ; ;2; ;2; ;.; ; ;1;07;17;912,244756179756; 
3267143;1;2;1;80;1;1;3;3; ;2; ;2; ; ; ; ;9;2;1;07;17;1632,65157957692; 
3267143;1;4;1;80;1;1;2;8; ;2; ;2; ; ; ; ;1;2;1;07;17;1632,65157957692; 
3267150;1;1;1;80;1;1;4;4; ;2; ;2; ; ; ; ;4;2;1;07;17;614,781420365683; 
3267151;1;1;1;80;1;2; ; ; ;2; ;2; ;2; ;.; ; ;1;07;17;737,73770443882; 
3267152;1;1;1;80;1;1;4;4; ;2; ;2; ; ; ; ;4;2;1;07;17;890,206244558691; 
3267153;1;2;1;80;1;1;4;3; ;2; ;2; ; ; ; ;9;2;1;07;17;1727,57548258231; 
3267153;1;3;1;80;1;2; ; ; ;2; ;2; ;2; ;.; ; ;1;07;17;1727,57548258231; 
3267156;1;2;1;80;1;1;2;3; ;2; ;2; ; ; ; ;9;2;1;07;23;112,101979584246;23
3267162;1;3;1;80;1;1;2;2; ;2; ;2; ; ; ; ;2;2;1;07;23;154,447447573447;23
3267162;1;7;1;80;1;2; ; ; ; ; ;2; ;2; ;.; ; ;1;07;23;154,447447573447;23
3267162;1;10;1;80;1;2; ; ; ;2; ;2; ;2; ;.; ; ;1;07;23;154,447447573447;23
3267166;1;1;1;80;1;1;4;4; ;2; ;2; ; ; ; ;4;2;1;07;23;68,7429284525774;23
3267166;1;2;1;80;1;1;4;3; ;2; ;2; ; ; ; ;9;2;1;07;23;68,7429284525774;23
3267166;1;4;1;80;1;2; ; ; ; ; ;2; ;2; ;.; ; ;1;07;23;68,7429284525774;23
3267167;1;1;1;80;1;2; ; ; ;2; ;2; ;2; ;.; ; ;1;07;23;160,125178300934;23
3267168;1;2;1;80;1;1;4;7; ;2; ;2; ; ; ; ;9;2;1;07;23;114,820073177282;23
3267168;1;3;1;80;1;2; ; ; ;2; ;2; ;2; ;.; ; ;1;07;23;114,820073177282;23
3267168;1;5;1;80;1;1;4;4; ;2; ;2; ; ; ; ;4;2;1;07;23;114,820073177282;23
3267169;1;2;1;80;1;1;4;3; ;2; ;2; ; ; ; ;9;2;1;07;23;205,55802479395;23
3267170;1;2;1;80;1;1;2;2; ;2; ;2; ; ; ; ;2;2;1;07;23;99,0511118039121;23
3267178;1;3;1;80;1;2; ; ; ; ; ;2; ;2; ;.; ; ;1;07;23;115,518287014117;23
3267178;2;2;2;80;1;2; ; ; ; ; ;2; ;2; ;.; ; ;1;07;23;115,518287014117;23
3267181;1;1;1;80;1;1;3;7; ;2; ;2; ; ; ; ;4;2;1;07;23;129,413541852849;23
3267184;1;1;1;80;1;1;4;5; ;3; ;2; ; ; ; ;10;2;1;07;23;214,478125755602;23
3267184;1;3;1;80;1;2; ; ; ;2; ;2; ;2; ;.; ; ;1;07;23;214,478125755602;23
3267184;1;5;1;80;1;2; ; ; ;2; ;2; ;2; ;.; ; ;1;07;23;214,478125755602;23
3267184;1;6;1;80;1;2; ; ; ; ; ;2; ;2; ;.; ; ;1;07;23;214,478125755602;23
3267186;1;1;1;80;1;1;4;5; ;3; ;2; ; ; ; ;10;2;1;07;23;124,242198570262;23
3267187;1;1;1;80;1;1;4;5; ;3; ;2; ; ; ; ;10;2;1;07;23;147,775614754118;23
3267187;1;2;1;80;1;2; ; ; ;2; ;2; ;2; ;.; ; ;1;07;23;147,775614754118;23
3267187;1;3;1;80;1;1;3;5; ;3; ;2; ; ; ; ;10;2;1;07;23;147,775614754118;23
3267187;1;4;1;80;1;2; ; ; ;2; ;2; ;2; ;.; ; ;1;07;23;147,775614754118;23
3267188;1;3;1;80;1;2; ; ; ;2; ;2; ;2; ;.; ; ;1;07;23;153,997138400069;23
3267189;1;1;1;80;1;1;4;5; ;3; ;2; ; ; ; ;10;2;1;07;23;168,387967925262;23
3267189;1;2;1;80;1;1;4;3; ;2; ;2; ; ; ; ;9;2;1;07;23;168,387967925262;23
3267190;1;1;1;80;1;1;4;4; ;2; ;2; ; ; ; ;4;2;1;07;23;158,894109876542;23
3267191;1;2;1;80;1;1;4;7; ;3; ;2; ; ; ; ;8;2;1;07;23;127,511885962653;23
3267192;1;1;1;80;1;1;3;3; ;2; ;2; ; ; ; ;8;2;1;07;23;147,709870497066;23
3267192;1;2;1;80;1;1;4;4; ;2; ;2; ; ; ; ;4;2;1;07;23;147,709870497066;23
3267193;1;3;1;80;1;2; ; ; ;2; ;2; ;2; ;.; ; ;1;07;23;159,967415235714;23
3267193;1;4;1;80;1;2; ; ; ;2; ;2; ;2; ;.; ; ;1;07;23;159,967415235714;23
3267194;1;2;1;80;1;1;1;2; ;2; ;2; ; ; ; ;2;2;1;07;23;166,399610337176;23
3267196;1;4;1;80;1;2; ; ; ;2; ;2; ;2; ;.; ; ;1;07;23;160,697570778906;23
3267196;2;1;2;80;1;1;4;5; ;3; ;2; ; ; ; ;10;2;1;07;23;160,697570778906;23
3267198;1;2;1;80;1;2; ; ; ;2; ;2; ;2; ;.; ; ;1;07;23;97,5971180767165;23
3267198;1;4;1;80;1;2; ; ; ;2; ;2; ;2; ;.; ; ;1;07;23;97,5971180767165;23
3267198;1;5;1;80;1;1;1;6; ;2; ;2; ; ;1; ;9;1;1;07;23;97,5971180767165;23
3267198;1;7;1;80;1;1;4;4; ;2; ;2; ; ; ; ;4;2;1;07;23;97,5971180767165;23
3267199;1;3;1;80;1;1;1;8; ;2; ;2; ; ; ; ;8;2;1;07;23;165,184024789922;23
3267205;1;3;1;80;1;2; ; ; ;2; ;2; ;1;1; ;2; ;1;07;23;88,2324235337099;23
3267206;1;2;1;80;1;1;2;4; ;2; ;2; ; ; ; ;4;2;1;07;23;99,9848752593834;23
3267206;1;4;1;80;1;2; ; ; ; ; ;2; ;2; ;.; ; ;1;07;23;99,9848752593834;23
3267207;1;2;1;80;1;2; ; ; ; ; ;2; ;2; ;.; ; ;1;07;23;157,74958569662;23
3267248;1;1;1;80;1;1;4;5; ;3; ;2; ; ; ; ;10;2;1;07;76;1111,71378054734; 
3267250;1;1;1;80;1;1;1;4; ;2; ;1;320000; ; ; ;4;2;1;07;76;1070,150846902; 
3267250;1;2;1;80;1;1;4;7; ;2; ;2; ; ; ; ;9;2;1;07;76;1070,150846902; 
3267252;1;4;1;80;1;2; ; ; ;2; ;2; ;2; ;.; ; ;1;07;76;867,853470388606; 
3267254;1;2;1;80;1;2; ; ; ; ; ;2; ;2; ;.; ; ;1;07;76;1398,18893464811; 
3267256;1;4;1;80;1;2; ; ; ;2; ;2; ;2; ;.; ; ;1;07;76;1526,93368147199; 
3267266;1;1;1;80;1;1;4;1; ;2; ;2; ; ; ; ;4;2;1;07;76;979,618769355471; 
3267266;1;2;1;80;1;1;4;4; ;2; ;2; ; ; ; ;4;2;1;07;76;979,618769355471; 
3267266;1;4;1;80;1;1;3;3; ;2; ;2; ; ; ; ;9;2;1;07;76;979,618769355471; 
3267267;1;1;1;80;1;1;4;5; ;3; ;2; ; ; ; ;4;2;1;07;76;1142,24844265518; 
3267267;1;2;1;80;1;1;4;7; ;2; ;2; ; ; ; ;9;2;1;07;76;1142,24844265518; 
3267268;1;2;1;80;1;1;1;1; ;2; ;2; ; ; ; ;1;2;1;07;76;1193,03758798953; 
3267270;1;1;1;80;1;1;4;7; ;2; ;2; ; ; ; ;4;2;1;07;76;970,057943148708; 
3267271;1;2;1;80;1;1;4;6; ;2; ;2; ; ; ; ;9;2;1;07;76;1008,58562913337; 
3267272;1;2;1;80;1;2; ; ; ;2; ;2; ;2; ;.; ; ;1;07;76;1097,54773422686; 
3267272;1;3;1;80;1;2; ; ; ; ; ;2; ;1;1; ;2; ;1;07;76;1097,54773422686; 
3267274;1;6;1;80;1;2; ; ; ;2; ;2; ;2; ;.; ; ;1;07;76;1536,12284812435; 
3267278;1;1;1;80;1;1;3;7; ;3; ;2; ; ; ; ;8;2;1;07;76;1111,71378054734; 
3267285;1;3;1;80;1;2; ; ; ;2; ;2; ;2; ;.; ; ;1;07;76;1521,96034840375; 
3267287;1;1;1;80;1;1;1;4; ;2; ;2; ; ; ; ;4;2;1;07;76;1567,18746281179; 
3267287;1;2;1;80;1;1;3;9;LE EXIGIAN TERMINAR SUS ESTUDIOS Y ELLA NO LO HIZO (RENUNCIO);2; ;1;20000; ;3; ;8;1;1;07;76;1567,18746281179; 
3267287;1;4;1;80;1;1;1;6; ;2; ;2; ; ; ; ;11;2;1;07;76;1567,18746281179; 
3267288;1;4;1;80;1;2; ; ; ; ; ;2; ;2; ;.; ; ;1;07;76;1565,964396713; 
3267293;1;1;1;80;1;1;4;3; ;2; ;2; ; ;1; ;9;1;1;07;76;1072,86299722925; 
3267293;1;2;1;80;1;2; ; ; ; ; ;2; ;2; ;.; ; ;1;07;76;1072,86299722925; 
3267296;1;6;1;80;1;1;1;9;TENIA CATEGORIA OCUPACIONAL OTRO EL JORNALERO QUE LE PAGABA RENUNCIO;2; ;1;120000; ; ; ;4;2;1;07;76;1567,14324648574; 
3267298;1;1;1;80;1;2; ; ; ;2; ;2; ;2; ;.; ; ;1;07;76;1364,01464638544; 
3267300;1;2;1;80;1;1;4;3; ;2; ;2; ; ;4; ;9;1;1;07;76;1461,33476681093; 
3267300;1;3;1;80;1;2; ; ; ;2; ;2; ;2; ;.; ; ;1;07;76;1461,33476681093; 
3267302;1;2;1;80;1;1;1;7; ;2; ;2; ; ; ; ;1;2;1;07;76;1365,19349615817; 
3267318;1;1;1;80;1;1;1;7; ;2; ;2; ; ; ; ;8;2;1;07;76;1112,63785987105; 
3267318;1;2;1;80;1;1;1;8; ;3; ;1;500000; ; ; ;8;2;1;07;76;1112,63785987105; 
3267319;1;2;1;80;1;2; ; ; ;2; ;2; ;1;4; ;11; ;1;07;76;1010,46844817062; 
3267320;1;1;1;80;1;1;3;5; ;3; ;2; ; ; ; ;11;2;1;07;76;1003,01102736496; 
3267320;1;2;1;80;1;1;4;4; ;2; ;2; ; ; ; ;11;2;1;07;76;1003,01102736496; 
3267322;1;9;1;80;1;1;4;4; ;2; ;2; ; ; ;FALTA DE DINERO PARA MONTAR NEGOCIO;12;2;1;07;76;1632,00356278639; 
3267323;1;1;1;80;1;1;4;3; ;2; ;2; ; ; ; ;9;2;1;07;76;1073,61428033343; 
3267323;1;2;1;80;1;1;4;4; ;2; ;2; ; ;4; ;4;1;1;07;76;1073,61428033343; 
3267324;1;3;1;80;1;1;1;2; ;2; ;2; ; ; ; ;2;2;1;07;76;1332,27500327974; 
3267326;1;1;1;80;1;1;4;4; ;2; ;2; ; ; ; ;4;2;1;07;76;1269,12917111693; 
3267326;1;3;1;80;1;2; ; ; ;2; ;2; ;2; ;.; ; ;1;07;76;1269,12917111693; 
3267327;1;3;1;80;1;1;1;8; ;2; ;1;75000; ; ; ;2;2;1;07;76;1461,33476681093; 
3267329;1;3;1;80;1;1;2;2; ;2; ;2; ; ; ;LOS PADRES NO LO DEJAN  TRABAJAR;12;2;1;07;76;1470,28653040129; 
3267343;1;3;1;80;1;1;1;6; ;2; ;2; ; ; ;LA MAMA NO LA DEJO BUSCAR MAS EMPLEO;12;2;1;07;76;853,594253484962; 
3267348;1;2;1;80;1;1;4;3; ;2; ;2; ; ; ; ;9;2;1;07;76;1017,53739272373; 
3267350;1;2;1;80;1;2; ; ; ;2; ;1;30000;1;1; ;9; ;1;07;76;1286,65462929598; 
3267351;1;1;1;80;1;1;4;4; ;2; ;2; ; ; ; ;9;2;1;07;76;1021,96803734626; 
3267351;1;2;1;80;1;1;4;4; ;2; ;2; ; ; ; ;4;2;1;07;76;1021,96803734626; 
3267351;1;7;1;80;1;1;3;4; ;2; ;2; ; ;1;LO RECHAZAN POR UNA DISCAPACIDAD DE UN BRAZO;12;1;1;07;76;1021,96803734626; 
3267354;1;1;1;80;1;1;4;4; ;2; ;2; ; ; ; ;8;2;1;07;76;1069,22676757829; 
3267359;1;1;1;80;1;1;3;5; ;3; ;2; ; ; ; ;4;2;1;07;76;1509,01160261264; 
3267360;1;6;1;80;1;1;1;8; ;2; ;1;300000; ; ;ESPERA QUE LA GENTE CON LA QUE HA TRABAJADO LO BUSQUE PARA TRABAJAR;12;2;1;07;76;1225,40766422125; 
3267362;1;3;1;80;1;2; ; ; ;2; ;2; ;2; ;.; ; ;1;07;76;1164,83803896829; 
3267363;1;1;1;80;1;1;1;6; ;2; ;2; ; ; ; ;1;2;1;07;76;1004,95109682516; 
3267365;1;3;1;80;1;2; ; ; ;2; ;2; ;1;1; ;2; ;1;07;76;922,047538961059; 
3267368;1;1;1;80;1;1;1;6; ;3; ;2; ; ; ; ;4;2;1;07;76;1418,21541064633; 
3267375;1;1;1;80;1;1;2;4; ;2; ;2; ; ; ; ;4;2;1;07;76;1142,83652284152; 
3267375;1;2;1;80;1;1;4;7; ;2; ;2; ; ; ; ;9;2;1;07;76;1142,83652284152; 
3267376;1;1;1;80;1;1;4;1; ;3; ;2; ; ;4; ;8;1;1;07;76;967,946774811737; 
3267376;1;2;1;80;1;1;4;4; ;2; ;2; ; ; ; ;4;2;1;07;76;967,946774811737; 
3267377;1;2;1;80;1;1;4;4; ;2; ;2; ; ; ; ;4;2;1;07;76;1367,55119570364; 
3267377;1;3;1;80;1;1;4;3; ;2; ;2; ; ; ; ;4;2;1;07;76;1367,55119570364; 
3267378;1;4;1;80;1;2; ; ; ;2; ;2; ;2; ;.; ; ;1;07;76;1259,56459941151; 
3267378;1;5;1;80;1;1;1;7; ;2; ;2; ; ; ; ;2;2;1;07;76;1259,56459941151; 
3267378;1;6;1;80;1;2; ; ; ; ; ;2; ;2; ;.; ; ;1;07;76;1259,56459941151; 
3267395;1;1;1;80;1;1;4;5; ;3; ;2; ; ; ; ;8;2;1;07;76;758,796391650553; 
3267395;1;2;1;80;1;2; ; ; ;2; ;2; ;2; ;.; ; ;1;07;76;758,796391650553; 
3267395;1;4;1;80;1;1;1;6; ;2; ;1;40000; ;1; ;2;1;1;07;76;758,796391650553; 
3267397;1;1;1;80;1;1;4;4; ;2; ;2; ; ; ; ;8;2;1;07;76;1047,77623946922; 
3267397;1;2;1;80;1;1;3;3; ;2; ;1;40000; ; ; ;9;2;1;07;76;1047,77623946922; 
3267397;1;8;1;80;1;2; ; ; ; ; ;2; ;2; ;.; ; ;1;07;76;1047,77623946922; 
3267397;1;9;1;80;1;2; ; ; ;2; ;2; ;2; ;.; ; ;1;07;76;1047,77623946922; 
3267398;1;3;1;80;1;2; ; ; ;2; ;2; ;2; ;.; ; ;1;07;76;922,047538961059; 
3267399;1;3;1;80;1;1;1;8; ;2; ;1;130000; ; ; ;2;2;1;07;76;922,047538961059; 
3267401;1;1;1;80;1;1;4;4; ;2; ;2; ; ; ; ;4;2;1;07;76;895,84917905856; 
3267401;1;2;1;80;1;1;3;7; ;2; ;2; ; ; ; ;8;2;1;07;76;895,84917905856; 
3267404;1;2;1;80;1;2; ; ; ; ; ;2; ;2; ;.; ; ;1;07;76;1602,06652488585; 
3267405;1;4;1;80;1;1;1;2; ;2; ;2; ; ; ; ;2;2;1;07;76;750,466102070991; 
3267406;1;2;1;80;1;2; ; ; ;2; ;2; ;1;4; ;8; ;1;07;76;1070,150846902; 
3267408;1;2;1;80;1;1;3;9;CAMBIO DE CIUDAD;2; ;2; ; ; ; ;9;2;1;07;76;1341,2267668701; 
3267408;1;3;1;80;1;2; ; ; ; ; ;2; ;2; ;.; ; ;1;07;76;1341,2267668701; 
3267408;1;4;1;80;1;2; ; ; ; ; ;2; ;2; ;.; ; ;1;07;76;1341,2267668701; 
3267414;1;3;1;80;1;2; ; ; ; ; ;2; ;2; ;.; ; ;1;07;76;913,095775370697; 
3267420;1;1;1;80;1;2; ; ; ;2; ;1;48000;2; ;.; ; ;1;07;76;1795,47024733237; 
3267421;1;2;1;80;1;1;4;4; ;2; ;2; ; ; ; ;4;2;1;07;76;1054,75161276933; 
3267421;1;3;1;80;1;2; ; ; ;2; ;2; ;2; ;.; ; ;1;07;76;1054,75161276933; 
3267424;1;1;1;80;1;2; ; ; ;2; ;2; ;2; ;.; ; ;1;07;76;1719,23061985283; 
3267424;1;2;1;80;1;1;4;3; ;2; ;2; ; ; ; ;8;2;1;07;76;1719,23061985283; 
3267425;1;3;1;80;1;2; ; ; ; ; ;2; ;2; ;.; ; ;1;07;76;1176,25782101872; 
3267434;1;1;1;80;1;1;3;4; ;2; ;2; ; ; ; ;4;2;1;07;76;914,545853031055; 
3267435;1;5;1;80;1;1;1;8; ;2; ;2; ; ; ; ;9;2;1;07;76;1587,62511104113; 
3267439;1;1;1;80;1;1;4;5; ;3; ;2; ; ; ; ;11;2;1;07;76;1090,47878967375; 
3267439;1;2;1;80;1;2; ; ; ;2; ;2; ;2; ;.; ; ;1;07;76;1090,47878967375; 
3267439;1;6;1;80;1;1;1;8; ;2; ;2; ; ; ; ;2;2;1;07;76;1090,47878967375; 
3267440;1;3;1;80;1;2; ; ; ; ; ;2; ;2; ;.; ; ;1;07;76;1176,25782101872; 
3267445;1;3;1;80;1;2; ; ; ; ; ;2; ;2; ;.; ; ;1;07;76;1521,96034840375; 
3267446;1;2;1;80;1;1;1;8; ;2; ;1;300000; ;1; ;4;1;1;07;76;1510,19045238537; 
3267447;1;1;1;80;1;1;4;9;CAMBIO DE DOMICILIO;2; ;2; ; ; ; ;11;2;1;07;76;1772,25253434099; 
3267447;1;2;1;80;1;2; ; ; ; ; ;2; ;2; ;.; ; ;1;07;76;1772,25253434099; 
3267448;1;2;1;80;1;1;3;8; ;2; ;2; ; ; ; ;2;2;1;07;76;1607,61074547678; 
3267448;1;3;1;80;1;2; ; ; ; ; ;2; ;2; ;.; ; ;1;07;76;1607,61074547678; 
3267449;1;1;1;80;1;1;4;7; ;2; ;2; ; ; ; ;4;2;1;07;76;1560,50359124051; 
3267451;1;1;1;80;1;1;3;3; ;2; ;2; ; ; ; ;8;2;1;07;76;2044,9382006329; 
3267451;1;3;1;80;1;1;3;8; ;2; ;2; ; ; ; ;2;2;1;07;76;2044,9382006329; 
3267468;1;1;1;80;1;1;4;5; ;3; ;2; ; ; ; ;11;2;1;07;76;800,359325295891; 
3267468;1;4;1;80;1;2; ; ; ; ; ;2; ;2; ;.; ; ;1;07;76;800,359325295891; 
3267469;1;2;1;80;1;2; ; ; ;2; ;2; ;2; ;.; ; ;1;07;76;1227,56623747159; 
3267469;1;3;1;80;1;2; ; ; ; ; ;2; ;2; ;.; ; ;1;07;76;1227,56623747159; 
3267469;1;5;1;80;1;1;4;4; ;2; ;2; ; ; ; ;4;2;1;07;76;1227,56623747159; 
3267470;1;1;1;80;1;1;4;4; ;3; ;2; ; ; ; ;4;2;1;07;76;2317,0869309447; 
3267470;1;2;1;80;1;1;4;5; ;3; ;2; ; ; ; ;11;2;1;07;76;2317,0869309447; 
3267471;1;2;1;80;1;1;3;6; ;2; ;1;30000; ;2; ;2;1;1;07;76;3152,77274313651; 
3267471;1;3;1;80;1;2; ; ; ;2; ;2; ;2; ;.; ; ;1;07;76;3152,77274313651; 
3267472;1;2;1;80;1;1;1;8; ;2; ;2; ; ; ; ;9;2;1;07;76;2230,59368317964; 
3267473;1;2;1;80;1;2; ; ; ; ; ;2; ;2; ;.; ; ;1;07;76;1800,04342633641; 
3267480;1;2;1;80;1;1;1;6; ;2; ;2; ; ; ; ;9;2;1;07;76;2870,7153992045; 
3267480;1;3;1;80;1;2; ; ; ; ; ;2; ;2; ;.; ; ;1;07;76;2870,7153992045; 
3267480;1;4;1;80;1;2; ; ; ; ; ;2; ;2; ;.; ; ;1;07;76;2870,7153992045; 
3267483;1;5;1;80;1;1;4;4; ;2; ;2; ; ; ; ;4;2;1;07;76;1525,28948628342; 
3267485;1;2;1;80;1;1;4;3; ;2; ;2; ; ; ; ;9;2;1;07;76;2886,4932096681; 
3267488;1;4;1;80;1;2; ; ; ;2; ;2; ;2; ;.; ; ;1;07;76;3594,43687912035; 
3267489;1;3;1;80;1;2; ; ; ; ; ;2; ;2; ;.; ; ;1;07;76;1523,80837068563; 
3267490;1;3;1;80;1;2; ; ; ;2; ;2; ;2; ;.; ; ;1;07;76;1865,39876138317; 
3267491;1;3;1;80;1;2; ; ; ; ; ;2; ;2; ;.; ; ;1;07;76;1882,50675333217; 
3267492;1;1;1;80;1;1;4;5; ;3; ;2; ; ; ; ;11;2;1;07;76;1989,29648327613; 
3267492;1;2;1;80;1;1;4;3; ;2; ;2; ; ; ; ;9;2;1;07;76;1989,29648327613; 
3267492;1;3;1;80;1;1;3;8; ;2; ;2; ; ;1; ;5;1;1;07;76;1989,29648327613; 
3267493;1;3;1;80;1;2; ; ; ; ; ;2; ;2; ;.; ; ;1;07;76;1810,65487913547; 
3267494;1;2;1;80;1;2; ; ; ;2; ;2; ;2; ;.; ; ;1;07;76;2994,61312109745; 
3267495;1;2;1;80;1;1;4;3; ;2; ;2; ; ; ; ;9;2;1;07;76;1997,93006864055; 
3267495;1;5;1;80;1;1;4;4; ;2; ;2; ; ; ; ;4;2;1;07;76;1997,93006864055; 
3267496;1;1;1;80;1;1;1;6; ;2; ;2; ; ; ; ;1;2;1;07;76;2042,74669835781; 
3267497;1;2;1;80;1;2; ; ; ;2; ;2; ;2; ;.; ; ;1;07;76;3146,95045485527; 
3267497;1;3;1;80;1;2; ; ; ; ; ;2; ;2; ;.; ; ;1;07;76;3146,95045485527; 
3267498;1;2;1;80;1;2; ; ; ; ; ;2; ;2; ;.; ; ;1;07;76;1656,33967794302; 
3267499;1;3;1;80;1;2; ; ; ;2; ;2; ;2; ;.; ; ;1;07;76;3146,95045485527; 
3267500;1;3;1;80;1;2; ; ; ; ; ;2; ;2; ;.; ; ;1;07;76;1973,51867281253; 
3267506;1;2;1;80;1;1;4;7; ;3; ;2; ; ; ; ;11;2;1;07;76;2290,51387249181; 
3267507;1;1;1;80;1;1;1;6; ;2; ;2; ; ; ;SE QUEDO SIN PLANTE (DINERO) PARA HACERLO;12;2;1;07;76;1954,35862752886; 
3267510;1;1;1;80;1;1;1;6; ;3; ;2; ; ; ; ;7;2;1;07;76;1678,12357187809; 
3267510;1;2;1;80;1;1;4;6; ;2; ;2; ; ; ; ;11;2;1;07;76;1678,12357187809; 
3267510;1;3;1;80;1;2; ; ; ; ; ;2; ;2; ;.; ; ;1;07;76;1678,12357187809; 
3267510;1;4;1;80;1;2; ; ; ;2; ;2; ;1;1; ;2; ;1;07;76;1678,12357187809; 
3267513;1;2;1;80;1;2; ; ; ;2; ;2; ;2; ;.; ; ;1;07;76;1728,19155213971; 
3267516;1;1;1;80;1;1;1;4; ;2; ;2; ; ; ; ;4;2;1;07;76;3645,99227113815; 
3267516;1;5;1;80;1;2; ; ; ; ; ;2; ;2; ;.; ; ;1;07;76;3645,99227113815; 
3267516;1;6;1;80;1;2; ; ; ; ; ;2; ;2; ;.; ; ;1;07;76;3645,99227113815; 
3267518;1;1;1;80;1;1;1;4; ;2; ;2; ; ; ; ;9;2;1;07;76;2716,40019801204; 
3267518;1;2;1;80;1;2; ; ; ;2; ;2; ;2; ;.; ; ;1;07;76;2716,40019801204; 
3267520;1;5;1;80;1;1;4;4; ;2; ;2; ; ; ; ;4;2;1;07;76;4092,32033844498; 
3267525;1;2;1;80;1;1;3;3; ;2; ;2; ; ; ; ;9;2;1;07;76;2862,1668067199; 
3267525;2;2;2;80;1;1;3;7; ;2; ;2; ; ; ; ;9;2;1;07;76;2862,1668067199; 
3267537;1;1;1;80;1;1;3;7; ;2; ;2; ; ; ; ;11;2;1;07;76;1724,42131719313; 
3267537;1;5;1;80;1;2; ; ; ;2; ;2; ;2; ;.; ; ;1;07;76;1724,42131719313; 
3267539;1;2;1;80;1;2; ; ; ;2; ;2; ;2; ;.; ; ;1;07;76;1967,69638453128; 
3267539;1;5;1;80;1;1;1;7; ;2; ;2; ; ; ; ;9;2;1;07;76;1967,69638453128; 
3267540;1;2;1;80;1;1;4;3; ;2; ;2; ; ;3; ;9;1;1;07;76;2183,72414254785; 
3267541;1;1;1;80;1;1;1;7; ;2; ;2; ; ; ; ;9;2;1;07;76;4093,54091064018; 
3267541;1;4;1;80;1;2; ; ; ;2; ;2; ;2; ;.; ; ;1;07;76;4093,54091064018; 
3267541;1;5;1;80;1;2; ; ; ; ; ;2; ;2; ;.; ; ;1;07;76;4093,54091064018; 
3267542;1;1;1;80;1;1;4;5; ;2; ;2; ; ; ; ;8;2;1;07;76;2288,53600505717; 
3267548;1;2;1;80;1;2; ; ; ; ; ;2; ;2; ;.; ; ;1;07;76;1800,04342633641; 
3267551;1;1;1;80;1;1;4;5; ;3; ;2; ; ; ; ;11;2;1;07;76;2379,4737386375; 
3267553;1;3;1;80;1;2; ; ; ;2; ;2; ;2; ;.; ; ;1;07;76;2911,475543233; 
3267553;1;4;1;80;1;1;2;2; ;2; ;2; ; ; ; ;2;2;1;07;76;2911,475543233; 
3267554;1;1;1;80;1;1;1;4; ;2; ;2; ; ; ; ;4;2;1;07;76;2012,30094940639; 
3267557;1;3;1;80;1;2; ; ; ; ; ;2; ;2; ;.; ; ;1;07;76;1882,50675333217; 
3267559;1;1;1;80;1;2; ; ; ;2; ;2; ;2; ;.; ; ;1;07;76;2095,43852727085; 
3267565;1;2;1;80;1;1;2;6; ;2; ;2; ; ; ; ;9;2;1;07;76;1581,28936411649; 
3267565;2;2;2;80;1;2; ; ; ; ; ;2; ;2; ;.; ; ;1;07;76;1581,28936411649; 
3267566;1;2;1;80;1;1;4;7; ;2; ;2; ; ; ; ;9;2;1;07;76;1973,51867281253; 
3267566;1;3;1;80;1;2; ; ; ; ; ;2; ;2; ;.; ; ;1;07;76;1973,51867281253; 
3267567;1;2;1;80;1;2; ; ; ;2; ;2; ;2; ;.; ; ;1;07;76;2274,7360620282; 
3267573;1;2;1;80;1;2; ; ; ;2; ;2; ;2; ;.; ; ;1;07;76;2290,51387249181; 
3267574;1;2;1;80;1;1;1;3; ;2; ;2; ; ; ; ;9;2;1;07;76;1857,52441976727; 
3267574;1;4;1;80;1;1;4;4; ;2; ;2; ; ; ; ;4;2;1;07;76;1857,52441976727; 
3267576;1;5;1;80;1;1;1;8; ;2; ;1;280000; ; ;FALTA DE DINERO PARA LOS PASAJES;12;2;1;07;76;2870,7153992045; 
3267577;1;3;1;80;1;2; ; ; ; ; ;2; ;2; ;.; ; ;1;07;76;1954,35862752886; 
3267578;1;3;1;80;1;1;4;4; ;2; ;2; ; ; ; ;4;2;1;07;76;1188,74793560143; 
3267581;1;5;1;80;1;1;4;7; ;2; ;2; ; ; ; ;8;2;1;07;76;2088,94198812091; 
3267583;1;3;1;80;1;2; ; ; ;2; ;2; ;2; ;.; ; ;1;07;76;2555,58845766965; 
3267587;1;4;1;80;1;2; ; ; ;2; ;2; ;1;1; ;2; ;1;07;76;1401,88851622732; 
3267587;1;5;1;80;1;2; ; ; ; ; ;2; ;2; ;.; ; ;1;07;76;1401,88851622732; 
3267589;1;2;1;80;1;1;2;8; ;2; ;2; ; ;1; ;9;1;1;07;76;3870,67193477113; 
3267589;1;3;1;80;1;2; ; ; ; ; ;2; ;2; ;.; ; ;1;07;76;3870,67193477113; 
3267603;1;2;1;80;1;1;3;4; ;2; ;2; ; ; ; ;9;2;1;07;76;2249,7537284633; 
3267618;1;2;1;80;1;1;1;1; ;2; ;2; ; ; ; ;11;2;1;07;23;2397,03314807245; 
3267626;1;2;1;80;1;2; ; ; ;2; ;2; ;2; ;.; ; ;1;07;23;2464,87889477999; 
3267626;1;3;1;80;1;2; ; ; ;2; ;2; ;2; ;.; ; ;1;07;23;2464,87889477999; 
3267626;2;1;2;80;1;1;4;4; ;2; ;2; ; ; ; ;4;2;1;07;23;2464,87889477999; 
3267626;2;3;2;80;1;2; ; ; ;2; ;2; ;2; ;.; ; ;1;07;23;2464,87889477999; 
3267627;1;1;1;80;1;1;4;3; ;2; ;2; ; ; ; ;4;2;1;07;23;1531,03324572743; 
3267627;1;2;1;80;1;2; ; ; ;2; ;2; ;2; ;.; ; ;1;07;23;1531,03324572743; 
3267627;1;3;1;80;1;2; ; ; ;2; ;2; ;2; ;.; ; ;1;07;23;1531,03324572743; 
3267628;1;2;1;80;1;2; ; ; ;2; ;2; ;2; ;.; ; ;1;07;23;2577,54922372041; 
3267628;1;3;1;80;1;1;1;2; ;2; ;2; ; ; ; ;2;2;1;07;23;2577,54922372041; 
3267628;1;4;1;80;1;2; ; ; ;2; ;2; ;2; ;.; ; ;1;07;23;2577,54922372041; 
3267628;1;5;1;80;1;2; ; ; ;2; ;2; ;2; ;.; ; ;1;07;23;2577,54922372041; 
3267629;1;1;1;80;1;1;4;4; ;2; ;2; ; ; ; ;8;2;1;07;23;2825,41709798109; 
3267630;1;1;1;80;1;1;4;3; ;2; ;2; ; ; ; ;9;2;1;07;23;1294,78572622503; 
3267630;1;5;1;80;1;2; ; ; ;2; ;2; ;2; ;.; ; ;1;07;23;1294,78572622503; 
3267631;1;2;1;80;1;2; ; ; ;2; ;2; ;2; ;.; ; ;1;07;23;2291,29715264538; 
3267631;1;4;1;80;1;1;4;1; ;2; ;2; ; ;3; ;4;1;1;07;23;2291,29715264538; 
3267632;1;2;1;80;1;2; ; ; ;2; ;2; ;2; ;.; ; ;1;07;23;1934,74000719925; 
3267632;1;5;1;80;1;2; ; ; ;2; ;2; ;2; ;.; ; ;1;07;23;1934,74000719925; 
3267632;1;8;1;80;1;1;1;3; ;2; ;2; ; ; ; ;9;2;1;07;23;1934,74000719925; 
3267635;1;2;1;80;1;1;4;4; ;2; ;2; ; ; ; ;4;2;1;07;23;2172,50714093963; 
3267643;1;1;1;80;1;1;4;9;POR ORDEN PUBLICO;2; ;2; ; ; ;POR ORDEN PUBLICO;12;2;1;07;23;1794,16650371652; 
3267643;1;4;1;80;1;1;3;2; ;2; ;2; ; ; ; ;9;2;1;07;23;1794,16650371652; 
3267645;1;2;1;80;1;1;4;3; ;2; ;2; ; ; ; ;9;2;1;07;23;2085,16087183413; 
3267646;1;2;1;80;1;2; ; ; ; ; ;2; ;2; ;.; ; ;1;07;23;2132,95405595704; 
3267650;1;2;1;80;1;2; ; ; ;2; ;2; ;2; ;.; ; ;1;07;23;2264,89185241608; 
3267652;1;3;1;80;1;2; ; ; ;2; ;2; ;2; ;.; ; ;1;07;23;2468,81507072131; 
3267652;1;4;1;80;1;2; ; ; ; ; ;2; ;2; ;.; ; ;1;07;23;2468,81507072131; 
3267660;1;3;1;80;1;2; ; ; ; ; ;2; ;2; ;.; ; ;1;07;23;2404,67244507576; 
3267663;1;1;1;80;1;1;4;5; ;3; ;2; ; ; ; ;10;2;1;07;23;2176,88550163428; 
3267663;1;2;1;80;1;1;4;3; ;2; ;2; ; ; ; ;9;2;1;07;23;2176,88550163428; 
3267663;1;3;1;80;1;2; ; ; ;2; ;2; ;2; ;.; ; ;1;07;23;2176,88550163428; 
3267664;1;1;1;80;1;2; ; ; ;2; ;2; ;2; ;.; ; ;1;07;23;2705,45989316339; 
3267666;1;2;1;80;1;2; ; ; ;2; ;2; ;2; ;.; ; ;1;07;23;2646,73029173691; 
3267666;1;4;1;80;1;2; ; ; ;2; ;2; ;2; ;.; ; ;1;07;23;2646,73029173691; 
3267666;1;5;1;80;1;2; ; ; ;2; ;2; ;2; ;.; ; ;1;07;23;2646,73029173691; 
3267669;1;4;1;80;1;2; ; ; ;2; ;2; ;2; ;.; ; ;1;07;23;2453,38625442649; 
3267672;1;2;1;80;1;2; ; ; ; ; ;2; ;2; ;.; ; ;1;07;23;2742,86114174719; 
3267676;1;3;1;80;1;2; ; ; ; ; ;2; ;2; ;.; ; ;1;07;23;2360,62771014259; 
3267676;1;6;1;80;1;2; ; ; ;2; ;2; ;2; ;.; ; ;1;07;23;2360,62771014259; 
3267677;1;3;1;80;1;2; ; ; ;2; ;2; ;2; ;.; ; ;1;07;23;2182,57089660729; 
3267677;1;4;1;80;1;2; ; ; ;2; ;2; ;1;3; ;1; ;1;07;23;2182,57089660729; 
3267678;1;2;1;80;1;1;4;3; ;2; ;2; ; ; ; ;9;2;1;07;23;2027,43394171078; 
3267680;1;1;1;80;1;1;4;3; ;2; ;2; ; ; ; ;9;2;1;07;23;1502,85108382143; 
3267680;1;2;1;80;1;1;4;3; ;2; ;2; ; ; ; ;8;2;1;07;23;1502,85108382143; 
3267680;1;4;1;80;1;2; ; ; ;2; ;2; ;2; ;.; ; ;1;07;23;1502,85108382143; 
3267680;1;5;1;80;1;2; ; ; ; ; ;2; ;2; ;.; ; ;1;07;23;1502,85108382143; 
3267681;1;2;1;80;1;1;1;3; ;2; ;2; ; ; ; ;9;2;1;07;23;2460,46123301479; 
3267681;1;6;1;80;1;2; ; ; ;2; ;2; ;2; ;.; ; ;1;07;23;2460,46123301479; 
3267682;1;2;1;80;1;2; ; ; ;2; ;2; ;2; ;.; ; ;1;07;23;2134,76735042358; 
3267684;1;3;1;80;1;2; ; ; ; ; ;2; ;2; ;.; ; ;1;07;23;2453,38625442649; 
3267684;1;4;1;80;1;2; ; ; ; ; ;2; ;2; ;.; ; ;1;07;23;2453,38625442649; 
3267687;1;1;1;80;1;1;3;7; ;2; ;2; ; ; ; ;9;2;1;07;23;2135,44869360096; 
3267689;1;2;1;80;1;2; ; ; ;2; ;2; ;2; ;.; ; ;1;07;23;1984,24567310329; 
3267689;1;4;1;80;1;1;4;3; ;2; ;2; ; ; ; ;9;2;1;07;23;1984,24567310329; 
3267690;1;5;1;80;1;2; ; ; ; ; ;2; ;2; ;.; ; ;1;07;23;2526,66991889695; 
3267691;1;3;1;80;1;2; ; ; ;2; ;2; ;2; ;.; ; ;1;07;23;2408,84426470582; 
3267692;1;3;1;80;1;1;1;9;POR ACCIDENTE;2; ;2; ; ; ; ;2;2;1;07;23;2921,88327945808; 
3267692;1;4;1;80;1;2; ; ; ; ; ;2; ;2; ;.; ; ;1;07;23;2921,88327945808; 
3267692;1;5;1;80;1;2; ; ; ; ; ;2; ;2; ;.; ; ;1;07;23;2921,88327945808; 
3267693;1;4;1;80;1;2; ; ; ;2; ;2; ;2; ;.; ; ;1;07;23;1627,18667549479; 
3267694;1;2;1;80;1;2; ; ; ;2; ;2; ;2; ;.; ; ;1;07;23;2291,81710768232; 
3267694;1;3;1;80;1;2; ; ; ;2; ;2; ;2; ;.; ; ;1;07;23;2291,81710768232; 
3267695;1;3;1;80;1;2; ; ; ;2; ;2; ;2; ;.; ; ;1;07;23;2436,10009046772; 
3267705;1;2;1;80;1;2; ; ; ;2; ;2; ;2; ;.; ; ;1;07;23;2035,1931843668; 
3267705;1;4;1;80;1;1;2;2; ;2; ;2; ; ; ; ;2;2;1;07;23;2035,1931843668; 
3267706;1;3;1;80;1;2; ; ; ; ; ;2; ;2; ;.; ; ;1;07;23;2619,74603360343; 
3267706;1;5;1;80;1;1;1;4; ;2; ;2; ; ; ; ;2;2;1;07;23;2619,74603360343; 
3267707;1;2;1;80;1;2; ; ; ; ; ;2; ;2; ;.; ; ;1;07;23;2570,82351168003; 
3267707;1;7;1;80;1;2; ; ; ;2; ;2; ;2; ;.; ; ;1;07;23;2570,82351168003; 
3267708;1;2;1;80;1;2; ; ; ;2; ;2; ;2; ;.; ; ;1;07;23;2927,47240905849; 
3267708;1;3;1;80;1;2; ; ; ; ; ;2; ;2; ;.; ; ;1;07;23;2927,47240905849; 
3267708;1;4;1;80;1;2; ; ; ; ; ;2; ;2; ;.; ; ;1;07;23;2927,47240905849; 
3267708;1;6;1;80;1;1;1;2; ; ; ;2; ; ; ; ;2;2;1;07;23;2927,47240905849; 
3267712;1;3;1;80;1;2; ; ; ;2; ;2; ;2; ;.; ; ;1;07;23;2453,38625442649; 
3267712;1;4;1;80;1;2; ; ; ;2; ;2; ;2; ;.; ; ;1;07;23;2453,38625442649; 
3267714;1;2;1;80;1;2; ; ; ; ; ;2; ;2; ;.; ; ;1;07;23;2989,70860410507; 
3267715;1;3;1;80;1;1;1;2; ;2; ;2; ; ; ; ;2;2;1;07;23;2242,48448552888; 
3267716;1;2;1;80;1;1;4;3; ;2; ;2; ; ; ; ;9;2;1;07;23;2878,54988713509; 
3267716;1;4;1;80;1;1;1;2; ;2; ;2; ; ; ; ;2;2;1;07;23;2878,54988713509; 
3267716;1;5;1;80;1;2; ; ; ; ; ;2; ;2; ;.; ; ;1;07;23;2878,54988713509; 
3267718;1;2;1;80;1;2; ; ; ;2; ;2; ;2; ;.; ; ;1;07;23;3673,58561940076; 
3267718;1;5;1;80;1;2; ; ; ; ; ;2; ;2; ;.; ; ;1;07;23;3673,58561940076; 
3267721;1;2;1;80;1;2; ; ; ;2; ;2; ;1;1; ;2; ;1;07;23;2179,58058309159; 
3267722;1;2;1;80;1;1;4;1; ;2; ;2; ; ;4; ;9;1;1;07;23;2130,24796093815; 
3267724;1;2;1;80;1;2; ; ; ;2; ;2; ;2; ;.; ; ;1;07;23;2105,48653532156; 
3267726;1;2;1;80;1;2; ; ; ;2; ;2; ;2; ;.; ; ;1;07;23;2156,84414681512; 
3267727;1;1;1;80;1;1;3;4; ;2; ;2; ; ; ; ;4;2;1;07;23;2210,50249726566; 
3267727;1;6;1;80;1;2; ; ; ; ; ;2; ;2; ;.; ; ;1;07;23;2210,50249726566; 
3267727;1;9;1;80;1;2; ; ; ; ; ;2; ;2; ;.; ; ;1;07;23;2210,50249726566; 
3267727;1;10;1;80;1;1;2;4; ;2; ;2; ; ;1; ;9;1;1;07;23;2210,50249726566; 
3267727;1;12;1;80;1;2; ; ; ;2; ;2; ;2; ;.; ; ;1;07;23;2210,50249726566; 
3267728;1;2;1;80;1;2; ; ; ;2; ;2; ;2; ;.; ; ;1;07;23;2303,81175882557; 
3267729;1;3;1;80;1;2; ; ; ; ; ;2; ;2; ;.; ; ;1;07;23;2533,3347972552; 
3267732;1;1;1;80;1;1;4;4; ;2; ;2; ; ; ; ;4;2;1;07;23;2247,00387501431; 
3267732;1;2;1;80;1;1;4;3; ;2; ;2; ; ; ; ;9;2;1;07;23;2247,00387501431; 
3267735;1;3;1;80;1;2; ; ; ;2; ;2; ;2; ;.; ; ;1;07;23;2621,62027952891; 
3267735;1;4;1;80;1;2; ; ; ; ; ;2; ;2; ;.; ; ;1;07;23;2621,62027952891; 
3267745;1;3;1;80;1;2; ; ; ;2; ;2; ;2; ;.; ; ;1;07;23;2621,62027952891; 
3267745;1;4;1;80;1;2; ; ; ; ; ;2; ;2; ;.; ; ;1;07;23;2621,62027952891; 
3267746;1;3;1;80;1;1;1;2; ;2; ;2; ; ; ; ;2;2;1;07;23;2118,14889385551; 
3267746;1;4;1;80;1;2; ; ; ; ; ;2; ;2; ;.; ; ;1;07;23;2118,14889385551; 
3267746;1;5;1;80;1;1;4;4; ;2; ;2; ; ; ;QUEDO CIEGA;12;2;1;07;23;2118,14889385551; 
3267747;1;3;1;80;1;1;4;4; ;2; ;2; ; ; ; ;4;2;1;07;23;2416,04828341629; 
3267749;1;1;1;80;1;1;3;3; ;2; ;2; ; ; ; ;9;2;1;07;23;2311,14609422927; 
3267751;1;1;1;80;1;1;4;5; ;2; ;2; ; ; ; ;8;2;1;07;08;608,975496781464;08
3267754;1;1;1;80;1;1;4;5; ;3; ;2; ; ;4; ;11;1;1;07;08;525,156224931807;08
3267754;1;2;1;80;1;1;4;7; ;2; ;2; ; ; ; ;9;2;1;07;08;525,156224931807;08
3267755;1;1;1;80;1;2; ; ; ;2; ;2; ;2; ;.; ; ;1;07;08;351,354260552698;08
3267758;1;3;1;80;1;2; ; ; ;2; ;2; ;2; ;.; ; ;1;07;08;478,373215911374;08
3267760;1;1;1;80;1;1;4;5; ;3; ;2; ; ; ; ;10;2;1;07;08;429,010111722561;08
3267760;1;2;1;80;1;1;4;7; ;2; ;2; ; ; ; ;8;2;1;07;08;429,010111722561;08
3267760;1;5;1;80;1;1;4;5; ;3; ;2; ; ; ; ;10;2;1;07;08;429,010111722561;08
3267761;1;1;1;80;1;1;4;4; ;2; ;2; ; ; ; ;8;2;1;07;08;525,156224931807;08
3267761;1;2;1;80;1;1;3;4; ;2; ;2; ; ; ; ;8;2;1;07;08;525,156224931807;08
3267763;1;1;1;80;1;1;4;5; ;3; ;2; ; ; ; ;8;2;1;07;08;608,975496781464;08
3267765;1;1;1;80;1;2; ; ; ;2; ;2; ;2; ;.; ; ;1;07;08;506,590215437782;08
3267765;1;2;1;80;1;2; ; ; ;2; ;2; ;2; ;.; ; ;1;07;08;506,590215437782;08
3267766;1;1;1;80;1;1;4;5; ;3; ;2; ; ; ; ;8;2;1;07;08;486,296200513089;08
3267768;1;3;1;80;1;2; ; ; ;2; ;2; ;2; ;.; ; ;1;07;08;489,554146271123;08
3267768;1;7;1;80;1;2; ; ; ;2; ;2; ;2; ;.; ; ;1;07;08;489,554146271123;08
3267772;1;2;1;80;1;1;1;4; ;2; ;2; ; ; ; ;4;2;1;07;76;1365,19349615817; 
3267773;1;1;1;80;1;1;4;3; ;2; ;2; ; ; ; ;8;2;1;07;73;316,667773346531;73
