DIRECTORIO,SECUENCIA_P,ORDEN,AREA,REGIS,P7495,P7500,P7500S1,P7500S2,P7500S3A1,P7500S2A1,P7500S1A1,P7500S3,P7505,P7510S3,P7510S4,P7510S6,P7510S2A1,P7510S4A1,P7510S6A1,P7510S5A1,P7510S3A1,P7510S1A1,P7510S5,P7510S1,P7510S2,P7510S7A1,P7510S7,DPTO,fex_c_2011
570752,1,1,5,95,2,,,,,,,,2,,,,,,,,,,,,,,,5,806.125.192.271.945
570752,1,2,5,95,1,,2,1,,433700,,2,2,,,,,,,,,,,,,,,5,806.125.192.271.945
570752,1,3,5,95,2,,,,,,,,2,,,,,,,,,,,,,,,5,806.125.192.271.945
570752,1,4,5,95,2,,,,,,,,2,,,,,,,,,,,,,,,5,806.125.192.271.945
570753,1,1,5,95,1,,1,2,,,300000,2,2,,,,,,,,,,,,,,,5,901.516.038.599.554
570753,1,2,5,95,2,,,,,,,,2,,,,,,,,,,,,,,,5,901.516.038.599.554
570753,1,3,5,95,2,,,,,,,,2,,,,,,,,,,,,,,,5,901.516.038.599.554
570753,1,4,5,95,2,,,,,,,,2,,,,,,,,,,,,,,,5,901.516.038.599.554
570754,1,1,5,95,2,,,,,,,,2,,,,,,,,,,,,,,,5,107.845.157.267.357
570754,1,2,5,95,2,,,,,,,,1,2,,1,,,52000,,,,2,2,2,,2,5,107.845.157.267.357
570754,1,3,5,95,2,,,,,,,,2,,,,,,,,,,,,,,,5,107.845.157.267.357
570754,1,4,5,95,2,,,,,,,,2,,,,,,,,,,,,,,,5,107.845.157.267.357
570754,1,6,5,95,2,,,,,,,,1,2,,1,,,60000,,,,2,2,2,,2,5,107.845.157.267.357
570754,1,7,5,95,2,,,,,,,,2,,,,,,,,,,,,,,,5,107.845.157.267.357
570755,1,1,5,95,2,,,,,,,,2,,,,,,,,,,,,,,,5,115.983.303.958.299
570755,1,2,5,95,2,,,,,,,,2,,,,,,,,,,,,,,,5,115.983.303.958.299
570755,1,3,5,95,2,,,,,,,,2,,,,,,,,,,,,,,,5,115.983.303.958.299
570755,1,4,5,95,2,,,,,,,,1,2,,1,,,49000,,,,2,2,2,,2,5,115.983.303.958.299
570757,1,1,5,95,2,,,,,,,,2,,,,,,,,,,,,,,,5,103.654.030.213.307
570757,1,2,5,95,2,,,,,,,,2,,,,,,,,,,,,,,,5,103.654.030.213.307
570758,1,1,5,95,2,,,,,,,,1,2,,1,,,60000,,,,2,2,2,,2,5,116.200.262.260.862
570758,1,2,5,95,2,,,,,,,,1,2,,1,,,49000,,,,2,2,2,,2,5,116.200.262.260.862
570759,1,1,5,95,2,,,,,,,,2,,,,,,,,,,,,,,,5,131.624.661.645.156
570759,1,2,5,95,2,,,,,,,,2,,,,,,,,,,,,,,,5,131.624.661.645.156
570759,1,3,5,95,2,,,,,,,,2,,,,,,,,,,,,,,,5,131.624.661.645.156
570759,1,4,5,95,2,,,,,,,,2,,,,,,,,,,,,,,,5,131.624.661.645.156
570760,1,1,5,95,2,,,,,,,,1,2,,2,,,,,,3000000,2,1,2,,2,5,973.865.757.834.864
570761,1,1,5,95,2,,,,,,,,2,,,,,,,,,,,,,,,5,134.264.545.644.506
570762,1,1,5,95,1,,2,1,,433700,,2,2,,,,,,,,,,,,,,,5,119.888.821.607.824
570762,1,2,5,95,2,,,,,,,,2,,,,,,,,,,,,,,,5,119.888.821.607.824
570763,1,1,5,95,2,,,,,,,,2,,,,,,,,,,,,,,,5,125.964.733.599.213
570763,1,2,5,95,2,,,,,,,,2,,,,,,,,,,,,,,,5,125.964.733.599.213
570763,1,3,5,95,2,,,,,,,,2,,,,,,,,,,,,,,,5,125.964.733.599.213
570763,1,4,5,95,2,,,,,,,,2,,,,,,,,,,,,,,,5,125.964.733.599.213
570763,1,5,5,95,2,,,,,,,,2,,,,,,,,,,,,,,,5,125.964.733.599.213
570764,1,1,5,95,2,,,,,,,,1,2,,1,,,60000,,,,2,2,2,,2,5,131.656.397.935.622
570764,1,2,5,95,2,,,,,,,,2,,,,,,,,,,,,,,,5,131.656.397.935.622
570765,1,1,5,95,2,,,,,,,,2,,,,,,,,,,,,,,,5,107.887.903.197.806
570765,1,2,5,95,2,,,,,,,,2,,,,,,,,,,,,,,,5,107.887.903.197.806
570767,1,1,5,95,2,,,,,,,,2,,,,,,,,,,,,,,,5,111.381.167.235.455
570767,1,2,5,95,2,,,,,,,,2,,,,,,,,,,,,,,,5,111.381.167.235.455
570768,1,1,5,95,2,,,,,,,,1,2,,2,,,,,,1000000,2,1,2,,2,5,102.256.298.988.687
570769,1,1,5,95,2,,,,,,,,2,,,,,,,,,,,,,,,5,109.183.680.310.574
570769,1,2,5,95,2,,,,,,,,1,2,,1,,,120000,,,,2,2,2,,2,5,109.183.680.310.574
570769,1,3,5,95,2,,,,,,,,2,,,,,,,,,,,,,,,5,109.183.680.310.574
570772,1,1,5,95,2,,,,,,,,2,,,,,,,,,,,,,,,5,92.334.863.532.115
570772,1,2,5,95,2,,,,,,,,2,,,,,,,,,,,,,,,5,92.334.863.532.115
570772,1,3,5,95,2,,,,,,,,2,,,,,,,,,,,,,,,5,92.334.863.532.115
570772,1,4,5,95,2,,,,,,,,2,,,,,,,,,,,,,,,5,92.334.863.532.115
570777,1,1,5,95,2,,,,,,,,2,,,,,,,,,,,,,,,5,879.865.780.856.436
570777,1,2,5,95,2,,,,,,,,2,,,,,,,,,,,,,,,5,879.865.780.856.436
570778,1,1,5,95,2,,,,,,,,2,,,,,,,,,,,,,,,5,100.967.981.364.278
570778,1,2,5,95,2,,,,,,,,2,,,,,,,,,,,,,,,5,100.967.981.364.278
570778,1,3,5,95,2,,,,,,,,2,,,,,,,,,,,,,,,5,100.967.981.364.278
570778,1,4,5,95,2,,,,,,,,2,,,,,,,,,,,,,,,5,100.967.981.364.278
570778,1,6,5,95,2,,,,,,,,2,,,,,,,,,,,,,,,5,100.967.981.364.278
570779,1,1,5,95,2,,,,,,,,2,,,,,,,,,,,,,,,5,749.803.842.122.833
570779,1,4,5,95,2,,,,,,,,2,,,,,,,,,,,,,,,5,749.803.842.122.833
570782,1,1,5,95,2,,,,,,,,2,,,,,,,,,,,,,,,5,142.684.125.367.759
570782,1,2,5,95,2,,,,,,,,2,,,,,,,,,,,,,,,5,142.684.125.367.759
570782,1,3,5,95,2,,,,,,,,2,,,,,,,,,,,,,,,5,142.684.125.367.759
570782,1,4,5,95,2,,,,,,,,2,,,,,,,,,,,,,,,5,142.684.125.367.759
570783,1,1,5,95,2,,,,,,,,2,,,,,,,,,,,,,,,5,895.233.718.187.452
570783,1,3,5,95,2,,,,,,,,2,,,,,,,,,,,,,,,5,895.233.718.187.452
570785,1,1,5,95,2,,,,,,,,2,,,,,,,,,,,,,,,5,155.362.897.445.435
570787,1,1,5,95,1,,2,1,,600000,,2,2,,,,,,,,,,,,,,,5,117.067.632.584.971
570787,1,2,5,95,1,,2,1,,1175000,,2,2,,,,,,,,,,,,,,,5,117.067.632.584.971
570788,1,1,5,95,2,,,,,,,,1,2,,1,,,234000,,,,2,2,2,,2,5,128.196.596.453.475
570788,1,2,5,95,2,,,,,,,,2,,,,,,,,,,,,,,,5,128.196.596.453.475
570789,1,1,5,95,1,,1,2,,,50000,2,1,2,,1,,,1000000,,,,2,2,2,600000,1,5,130.740.612.165.715
570789,1,2,5,95,2,,,,,,,,1,2,,1,,,240000,,,,2,2,2,98,1,5,130.740.612.165.715
570790,1,1,5,95,2,,,,,,,,2,,,,,,,,,,,,,,,5,103.973.666.065.808
570790,1,2,5,95,2,,,,,,,,2,,,,,,,,,,,,,,,5,103.973.666.065.808
570792,1,1,5,95,2,,,,,,,,2,,,,,,,,,,,,,,,5,953.370.062.948.508
570792,1,2,5,95,2,,,,,,,,2,,,,,,,,,,,,,,,5,953.370.062.948.508
570794,1,1,5,95,2,,,,,,,,2,,,,,,,,,,,,,,,5,101.107.332.768.053
570794,1,2,5,95,2,,,,,,,,2,,,,,,,,,,,,,,,5,101.107.332.768.053
570794,1,3,5,95,2,,,,,,,,2,,,,,,,,,,,,,,,5,101.107.332.768.053
570795,1,1,5,95,2,,,,,,,,1,2,,1,,,65000,,,,2,2,2,,2,5,113.358.022.549.146
570797,1,1,5,95,2,,,,,,,,1,2,,2,,,,,,600000,2,1,2,,2,5,899.724.226.492.148
570797,1,2,5,95,2,,,,,,,,2,,,,,,,,,,,,,,,5,899.724.226.492.148
570798,1,1,5,95,2,,,,,,,,2,,,,,,,,,,,,,,,5,177.421.552.748.905
570798,1,2,5,95,2,,,,,,,,2,,,,,,,,,,,,,,,5,177.421.552.748.905
570798,1,3,5,95,2,,,,,,,,2,,,,,,,,,,,,,,,5,177.421.552.748.905
570799,1,1,5,95,2,,,,,,,,1,2,,2,,,,,,500000,2,1,2,,2,5,113.942.407.609.087
570800,1,1,5,95,2,,,,,,,,2,,,,,,,,,,,,,,,5,131.439.532.598.469
570800,1,2,5,95,2,,,,,,,,2,,,,,,,,,,,,,,,5,131.439.532.598.469
570800,1,3,5,95,2,,,,,,,,2,,,,,,,,,,,,,,,5,131.439.532.598.469
570801,1,1,5,95,2,,,,,,,,2,,,,,,,,,,,,,,,5,121.362.404.309.535
570801,1,2,5,95,2,,,,,,,,2,,,,,,,,,,,,,,,5,121.362.404.309.535
570801,1,3,5,95,2,,,,,,,,2,,,,,,,,,,,,,,,5,121.362.404.309.535
570801,1,5,5,95,2,,,,,,,,2,,,,,,,,,,,,,,,5,121.362.404.309.535
570802,1,1,5,95,2,,,,,,,,2,,,,,,,,,,,,,,,5,200.015.522.826.892
570802,1,2,5,95,2,,,,,,,,2,,,,,,,,,,,,,,,5,200.015.522.826.892
570802,1,3,5,95,2,,,,,,,,2,,,,,,,,,,,,,,,5,200.015.522.826.892
570802,1,4,5,95,2,,,,,,,,2,,,,,,,,,,,,,,,5,200.015.522.826.892
570802,1,5,5,95,2,,,,,,,,2,,,,,,,,,,,,,,,5,200.015.522.826.892
570803,1,1,5,95,1,,1,1,,380000,500000,2,2,,,,,,,,,,,,,,,5,150.402.953.682.367
570803,1,2,5,95,2,,,,,,,,2,,,,,,,,,,,,,,,5,150.402.953.682.367
570803,1,3,5,95,2,,,,,,,,2,,,,,,,,,,,,,,,5,150.402.953.682.367
570803,1,5,5,95,2,,,,,,,,2,,,,,,,,,,,,,,,5,150.402.953.682.367
570803,1,6,5,95,2,,,,,,,,2,,,,,,,,,,,,,,,5,150.402.953.682.367
570803,1,7,5,95,1,,2,1,,380000,,2,2,,,,,,,,,,,,,,,5,150.402.953.682.367
570804,1,1,5,95,1,,2,1,,414000,,2,2,,,,,,,,,,,,,,,5,106.829.928.052.001
570804,1,2,5,95,2,,,,,,,,2,,,,,,,,,,,,,,,5,106.829.928.052.001
570804,1,3,5,95,2,,,,,,,,2,,,,,,,,,,,,,,,5,106.829.928.052.001
570806,1,1,5,95,2,,,,,,,,2,,,,,,,,,,,,,,,5,139.865.480.412.483
570806,1,2,5,95,2,,,,,,,,2,,,,,,,,,,,,,,,5,139.865.480.412.483
570806,1,3,5,95,2,,,,,,,,2,,,,,,,,,,,,,,,5,139.865.480.412.483
570807,1,1,5,95,1,,1,2,,,600000,2,2,,,,,,,,,,,,,,,5,293.050.112.662.097
570807,1,2,5,95,2,,,,,,,,2,,,,,,,,,,,,,,,5,293.050.112.662.097
570807,1,3,5,95,2,,,,,,,,2,,,,,,,,,,,,,,,5,293.050.112.662.097
570808,1,1,5,95,2,,,,,,,,2,,,,,,,,,,,,,,,5,122.575.742.363.353
570808,1,2,5,95,2,,,,,,,,2,,,,,,,,,,,,,,,5,122.575.742.363.353
570809,1,1,5,95,2,,,,,,,,2,,,,,,,,,,,,,,,5,122.575.742.363.353
570809,1,2,5,95,2,,,,,,,,2,,,,,,,,,,,,,,,5,122.575.742.363.353
570810,1,1,5,95,2,,,,,,,,2,,,,,,,,,,,,,,,5,1.062.882.093.034
570810,1,2,5,95,2,,,,,,,,2,,,,,,,,,,,,,,,5,1.062.882.093.034
570810,1,3,5,95,2,,,,,,,,2,,,,,,,,,,,,,,,5,1.062.882.093.034
570810,1,4,5,95,2,,,,,,,,2,,,,,,,,,,,,,,,5,1.062.882.093.034
570811,1,1,5,95,2,,,,,,,,2,,,,,,,,,,,,,,,5,156.870.510.922.674
570811,1,2,5,95,2,,,,,,,,2,,,,,,,,,,,,,,,5,156.870.510.922.674
570812,1,1,5,95,2,,,,,,,,2,,,,,,,,,,,,,,,5,137.795.997.671.682
570812,1,2,5,95,2,,,,,,,,2,,,,,,,,,,,,,,,5,137.795.997.671.682
570812,1,3,5,95,2,,,,,,,,2,,,,,,,,,,,,,,,5,137.795.997.671.682
570813,1,1,5,95,2,,,,,,,,2,,,,,,,,,,,,,,,5,168.094.592.514.226
570813,1,2,5,95,2,,,,,,,,2,,,,,,,,,,,,,,,5,168.094.592.514.226
570815,1,1,5,95,2,,,,,,,,2,,,,,,,,,,,,,,,5,115.473.945.759.221
570815,1,2,5,95,2,,,,,,,,2,,,,,,,,,,,,,,,5,115.473.945.759.221
570816,1,1,5,95,1,,2,1,,1300000,,2,2,,,,,,,,,,,,,,,5,145.681.980.178.996
570816,1,2,5,95,2,,,,,,,,2,,,,,,,,,,,,,,,5,145.681.980.178.996
570817,1,1,5,95,2,,,,,,,,2,,,,,,,,,,,,,,,5,179.826.532.454.528
570817,1,2,5,95,2,,,,,,,,2,,,,,,,,,,,,,,,5,179.826.532.454.528
570817,1,3,5,95,2,,,,,,,,2,,,,,,,,,,,,,,,5,179.826.532.454.528
570818,1,1,5,95,2,,,,,,,,2,,,,,,,,,,,,,,,5,148.936.657.587.851
570818,1,2,5,95,2,,,,,,,,2,,,,,,,,,,,,,,,5,148.936.657.587.851
570818,1,3,5,95,2,,,,,,,,2,,,,,,,,,,,,,,,5,148.936.657.587.851
570818,1,4,5,95,2,,,,,,,,2,,,,,,,,,,,,,,,5,148.936.657.587.851
570818,1,5,5,95,2,,,,,,,,2,,,,,,,,,,,,,,,5,148.936.657.587.851
570820,1,1,5,95,1,,2,1,,1900000,,2,2,,,,,,,,,,,,,,,5,11.979.755.729.311
570820,1,2,5,95,2,,,,,,,,2,,,,,,,,,,,,,,,5,11.979.755.729.311
570820,1,3,5,95,2,,,,,,,,1,2,,1,,,200000,,,,2,2,2,,2,5,11.979.755.729.311
570820,1,6,5,95,2,,,,,,,,2,,,,,,,,,,,,,,,5,11.979.755.729.311
570820,1,7,5,95,2,,,,,,,,2,,,,,,,,,,,,,,,5,11.979.755.729.311
570821,1,1,5,95,2,,,,,,,,2,,,,,,,,,,,,,,,5,145.681.980.178.996
570821,1,2,5,95,2,,,,,,,,2,,,,,,,,,,,,,,,5,145.681.980.178.996
570822,1,1,5,95,1,,1,2,,,450000,2,1,2,,1,,,1300000,,,,2,2,2,,2,5,131.879.676.500.719
570822,1,2,5,95,2,,,,,,,,2,,,,,,,,,,,,,,,5,131.879.676.500.719
570822,1,3,5,95,2,,,,,,,,2,,,,,,,,,,,,,,,5,131.879.676.500.719
570822,1,4,5,95,2,,,,,,,,2,,,,,,,,,,,,,,,5,131.879.676.500.719
570825,1,1,5,95,2,,,,,,,,1,2,,2,800000,,,,,20400000,2,1,1,,2,5,102.371.839.038.668
570825,1,2,5,95,2,,,,,,,,2,,,,,,,,,,,,,,,5,102.371.839.038.668
570826,1,1,5,95,2,,,,,,,,1,2,,1,1800000,,48960,,,,2,2,1,1000000,1,5,100.561.128.152.975
570826,1,2,5,95,1,,2,1,,381000,,2,2,,,,,,,,,,,,,,,5,100.561.128.152.975
570826,1,3,5,95,2,,,,,,,,2,,,,,,,,,,,,,,,5,100.561.128.152.975
570827,1,1,5,95,1,,2,1,,300000,,2,1,2,,2,400000,,,,,,2,2,1,,2,5,153.103.075.583.732
570827,1,2,5,95,2,,,,,,,,2,,,,,,,,,,,,,,,5,153.103.075.583.732
570827,1,3,5,95,2,,,,,,,,1,2,,1,,,84000,,,,2,2,2,,2,5,153.103.075.583.732
570828,1,1,5,95,2,,,,,,,,1,2,,1,,,48960,,,,2,2,2,,2,5,887.319.625.624.053
570828,1,2,5,95,2,,,,,,,,2,,,,,,,,,,,,,,,5,887.319.625.624.053
570829,1,1,5,95,2,,,,,,,,1,2,,2,,,,,,8400000,2,1,2,,2,5,140.353.260.975.468
570829,1,2,5,95,2,,,,,,,,2,,,,,,,,,,,,,,,5,140.353.260.975.468
570829,1,3,5,95,2,,,,,,,,2,,,,,,,,,,,,,,,5,140.353.260.975.468
570830,1,1,5,95,1,,1,2,,,500000,2,1,2,,2,,,,720000,,,1,2,2,,2,5,16.634.418.973.904
570830,1,2,5,95,2,,,,,,,,2,,,,,,,,,,,,,,,5,16.634.418.973.904
570830,1,3,5,95,2,,,,,,,,2,,,,,,,,,,,,,,,5,16.634.418.973.904
570831,1,1,5,95,2,,,,,,,,2,,,,,,,,,,,,,,,5,124.768.212.126.183
570831,1,2,5,95,2,,,,,,,,2,,,,,,,,,,,,,,,5,124.768.212.126.183
570832,1,1,5,95,1,,1,2,,,450000,2,2,,,,,,,,,,,,,,,5,13.379.086.335.855
570832,1,2,5,95,2,,,,,,,,2,,,,,,,,,,,,,,,5,13.379.086.335.855
570833,1,1,5,95,2,,,,,,,,2,,,,,,,,,,,,,,,5,107.877.423.025.355
570833,1,2,5,95,2,,,,,,,,2,,,,,,,,,,,,,,,5,107.877.423.025.355
570833,1,3,5,95,2,,,,,,,,2,,,,,,,,,,,,,,,5,107.877.423.025.355
570833,1,4,5,95,2,,,,,,,,2,,,,,,,,,,,,,,,5,107.877.423.025.355
570834,1,1,5,95,1,,1,2,,,800000,2,1,2,,2,,,,24000000,,,1,2,2,,2,5,945.659.901.053.987
570834,1,2,5,95,2,,,,,,,,2,,,,,,,,,,,,,,,5,945.659.901.053.987
570835,1,1,5,95,2,,,,,,,,1,2,,2,900000,,,24000000,,,1,2,1,,2,5,127.581.634.354.129
570835,1,2,5,95,2,,,,,,,,2,,,,,,,,,,,,,,,5,127.581.634.354.129
570835,1,3,5,95,1,,1,2,,,400000,2,2,,,,,,,,,,,,,,,5,127.581.634.354.129
570835,1,4,5,95,2,,,,,,,,2,,,,,,,,,,,,,,,5,127.581.634.354.129
570836,1,1,5,95,2,,,,,,,,1,2,,2,,,,900000,,,1,2,2,,2,5,104.218.655.371.727
570837,1,1,5,95,2,,,,,,,,2,,,,,,,,,,,,,,,5,915.682.481.352.921
570837,1,2,5,95,2,,,,,,,,2,,,,,,,,,,,,,,,5,915.682.481.352.921
570837,1,3,5,95,2,,,,,,,,1,2,,1,,,48960,,,,2,2,2,,2,5,915.682.481.352.921
570838,1,1,5,95,1,,2,1,,99,,2,2,,,,,,,,,,,,,,,5,100.343.398.377.409
570838,1,2,5,95,2,,,,,,,,2,,,,,,,,,,,,,,,5,100.343.398.377.409
570839,1,1,5,95,1,,2,1,,517000,,2,1,2,,2,276000,,,,,,2,2,1,,2,5,947.442.321.561.154
570840,1,1,5,95,2,,,,,,,,1,2,,1,,,60600,,,,2,2,2,,2,5,970.976.195.540.816
570840,1,2,5,95,2,,,,,,,,1,2,,1,,,38400,,,,2,2,2,,2,5,970.976.195.540.816
570841,1,1,5,95,1,,2,1,,99,,2,2,,,,,,,,,,,,,,,5,217.774.155.310.655
570841,1,2,5,95,2,,,,,,,,2,,,,,,,,,,,,,,,5,217.774.155.310.655
570841,1,3,5,95,2,,,,,,,,1,2,,2,,,,1200000,,,1,2,2,4500000,1,5,217.774.155.310.655
570841,1,4,5,95,2,,,,,,,,2,,,,,,,,,,,,,,,5,217.774.155.310.655
570842,1,1,5,95,1,,1,2,,,120000,2,2,,,,,,,,,,,,,,,5,171.938.163.827.998
570842,1,2,5,95,2,,,,,,,,1,2,,2,,,,,,2400000,2,1,2,,2,5,171.938.163.827.998
570845,1,1,5,95,2,,,,,,,,1,2,,2,,,,24000000,,,1,2,2,,2,5,226.710.981.714.465
570846,1,1,5,95,1,,1,2,,,4000000,2,2,,,,,,,,,,,,,,,5,171.938.163.827.998
570846,1,2,5,95,2,,,,,,,,1,2,,2,,,,,,,2,2,2,450000,1,5,171.938.163.827.998
570847,1,1,5,95,1,,1,2,,,1420000,2,1,2,,2,,,,16800000,,,1,2,2,,2,5,224.126.123.352.301
570847,1,2,5,95,2,,,,,,,,2,,,,,,,,,,,,,,,5,224.126.123.352.301
570848,1,1,5,95,2,,,,,,,,2,,,,,,,,,,,,,,,5,205.639.454.711.771
570848,1,2,5,95,2,,,,,,,,2,,,,,,,,,,,,,,,5,205.639.454.711.771
570849,1,1,5,95,1,,1,2,,,2500000,2,1,2,,2,,,,1000000,,,1,2,2,,2,5,205.639.454.711.771
570849,1,2,5,95,1,,1,2,,,500000,2,1,2,,2,,,,500000,,,1,2,2,,2,5,205.639.454.711.771
570850,1,1,5,95,2,,,,,,,,1,2,,1,,,95000,,,,2,2,2,,2,5,915.682.481.352.921
570850,1,2,5,95,1,,2,1,,448000,,2,2,,,,,,,,,,,,,,,5,915.682.481.352.921
570850,1,3,5,95,2,,,,,,,,2,,,,,,,,,,,,,,,5,915.682.481.352.921
570851,1,1,5,95,2,,,,,,,,2,,,,,,,,,,,,,,,5,979.728.971.534.899
570851,1,2,5,95,2,,,,,,,,2,,,,,,,,,,,,,,,5,979.728.971.534.899
570851,1,3,5,95,2,,,,,,,,2,,,,,,,,,,,,,,,5,979.728.971.534.899
570851,1,4,5,95,2,,,,,,,,2,,,,,,,,,,,,,,,5,979.728.971.534.899
570851,1,5,5,95,2,,,,,,,,2,,,,,,,,,,,,,,,5,979.728.971.534.899
570852,1,1,5,95,2,,,,,,,,2,,,,,,,,,,,,,,,5,791.958.749.518.578
570852,1,2,5,95,2,,,,,,,,2,,,,,,,,,,,,,,,5,791.958.749.518.578
570852,1,3,5,95,2,,,,,,,,2,,,,,,,,,,,,,,,5,791.958.749.518.578
570852,1,4,5,95,2,,,,,,,,2,,,,,,,,,,,,,,,5,791.958.749.518.578
570852,1,5,5,95,2,,,,,,,,2,,,,,,,,,,,,,,,5,791.958.749.518.578
570853,1,1,5,95,2,,,,,,,,2,,,,,,,,,,,,,,,5,12.770.564.826.322
570853,1,2,5,95,2,,,,,,,,2,,,,,,,,,,,,,,,5,12.770.564.826.322
570853,1,3,5,95,2,,,,,,,,2,,,,,,,,,,,,,,,5,12.770.564.826.322
570853,1,4,5,95,2,,,,,,,,2,,,,,,,,,,,,,,,5,12.770.564.826.322
570854,1,1,5,95,2,,,,,,,,2,,,,,,,,,,,,,,,5,930.653.082.169.706
570854,1,2,5,95,2,,,,,,,,1,2,,2,,,,,,500000,2,1,2,,2,5,930.653.082.169.706
570855,1,1,5,95,2,,,,,,,,2,,,,,,,,,,,,,,,5,12.770.564.826.322
570855,1,2,5,95,2,,,,,,,,2,,,,,,,,,,,,,,,5,12.770.564.826.322
570855,1,3,5,95,2,,,,,,,,1,2,,1,,,60925,,,,2,2,2,1152000,1,5,12.770.564.826.322
570855,1,4,5,95,2,,,,,,,,1,2,,2,,,,,,,2,2,2,300000,1,5,12.770.564.826.322
570856,1,1,5,95,2,,,,,,,,2,,,,,,,,,,,,,,,5,116.279.054.270.795
570856,1,2,5,95,2,,,,,,,,1,2,,2,,,,,,,2,2,2,220000,1,5,116.279.054.270.795
570856,1,3,5,95,2,,,,,,,,2,,,,,,,,,,,,,,,5,116.279.054.270.795
570856,1,4,5,95,2,,,,,,,,1,2,,1,,,70000,,,,2,2,2,,2,5,116.279.054.270.795
570857,1,1,5,95,2,,,,,,,,1,2,,2,,,,,,1800000,2,1,2,,2,5,115.983.303.958.299
570857,1,2,5,95,2,,,,,,,,2,,,,,,,,,,,,,,,5,115.983.303.958.299
570857,1,3,5,95,2,,,,,,,,1,2,,1,,,54000,,,,2,2,2,4000000,1,5,115.983.303.958.299
570857,1,4,5,95,2,,,,,,,,2,,,,,,,,,,,,,,,5,115.983.303.958.299
570858,1,1,5,95,2,,,,,,,,1,2,,1,,,1055000,,,,2,2,2,,2,5,144.299.410.792.692
570858,1,2,5,95,2,,,,,,,,2,,,,,,,,,,,,,,,5,144.299.410.792.692
570858,1,3,5,95,2,,,,,,,,1,2,,2,,,,,,200000,2,1,2,480000,1,5,144.299.410.792.692
570858,1,4,5,95,2,,,,,,,,1,2,,2,,,,,,,2,2,2,800000,1,5,144.299.410.792.692
570859,1,1,5,95,2,,,,,,,,1,2,,2,1680000,,,,,,2,2,1,180000,1,5,821.349.912.570.891
570859,1,2,5,95,2,,,,,,,,2,,,,,,,,,,,,,,,5,821.349.912.570.891
570859,1,3,5,95,2,,,,,,,,2,,,,,,,,,,,,,,,5,821.349.912.570.891
570859,1,4,5,95,2,,,,,,,,2,,,,,,,,,,,,,,,5,821.349.912.570.891
570859,1,5,5,95,2,,,,,,,,2,,,,,,,,,,,,,,,5,821.349.912.570.891
570859,1,6,5,95,2,,,,,,,,1,2,,2,,,,,,,2,2,2,800000,1,5,821.349.912.570.891
570860,1,1,5,95,2,,,,,,,,2,,,,,,,,,,,,,,,5,604.678.762.905.824
570860,1,2,5,95,2,,,,,,,,1,2,,2,,,,,,,2,2,2,2500000,1,5,604.678.762.905.824
570860,1,4,5,95,2,,,,,,,,2,,,,,,,,,,,,,,,5,604.678.762.905.824
570862,1,1,5,95,2,,,,,,,,2,,,,,,,,,,,,,,,5,112.063.061.676.151
570862,1,2,5,95,2,,,,,,,,2,,,,,,,,,,,,,,,5,112.063.061.676.151
570863,1,1,5,95,2,,,,,,,,1,1,,2,,,,,1000000,,2,2,2,500000,1,5,135.288.247.369.381
570863,1,2,5,95,2,,,,,,,,2,,,,,,,,,,,,,,,5,135.288.247.369.381
570863,1,3,5,95,2,,,,,,,,1,2,,2,,,,,,,2,2,2,350000,1,5,135.288.247.369.381
570863,1,4,5,95,2,,,,,,,,2,,,,,,,,,,,,,,,5,135.288.247.369.381
570864,1,1,5,95,2,,,,,,,,2,,,,,,,,,,,,,,,5,149.058.609.039.723
570864,1,2,5,95,2,,,,,,,,2,,,,,,,,,,,,,,,5,149.058.609.039.723
570864,1,3,5,95,2,,,,,,,,1,2,,2,,,,,,,2,2,2,1000000,1,5,149.058.609.039.723
570864,1,6,5,95,2,,,,,,,,2,,,,,,,,,,,,,,,5,149.058.609.039.723
570864,1,7,5,95,2,,,,,,,,2,,,,,,,,,,,,,,,5,149.058.609.039.723
570864,1,8,5,95,2,,,,,,,,2,,,,,,,,,,,,,,,5,149.058.609.039.723
570865,1,1,5,95,1,,2,1,,560000,,2,2,,,,,,,,,,,,,,,5,106.831.903.991.357
570865,1,2,5,95,2,,,,,,,,2,,,,,,,,,,,,,,,5,106.831.903.991.357
570865,1,3,5,95,2,,,,,,,,2,,,,,,,,,,,,,,,5,106.831.903.991.357
570865,1,4,5,95,2,,,,,,,,2,,,,,,,,,,,,,,,5,106.831.903.991.357
570865,1,7,5,95,2,,,,,,,,1,2,,1,,,48960,,,,2,2,2,,2,5,106.831.903.991.357
570865,1,8,5,95,2,,,,,,,,2,,,,,,,,,,,,,,,5,106.831.903.991.357
570866,1,1,5,95,2,,,,,,,,2,,,,,,,,,,,,,,,5,107.265.203.363.173
570866,1,2,5,95,2,,,,,,,,2,,,,,,,,,,,,,,,5,107.265.203.363.173
570866,1,3,5,95,2,,,,,,,,2,,,,,,,,,,,,,,,5,107.265.203.363.173
570867,1,1,5,95,1,,2,1,,368657,,2,1,2,,2,400000,,,,,,2,2,1,,2,5,110.523.842.435.192
570869,1,1,5,95,2,,,,,,,,1,2,,1,,,96000,,,,2,2,2,3000000,1,5,111.387.695.236.451
570869,1,2,5,95,2,,,,,,,,2,,,,,,,,,,,,,,,5,111.387.695.236.451
570870,1,1,5,95,2,,,,,,,,2,,,,,,,,,,,,,,,5,976.639.370.096.055
570870,1,2,5,95,2,,,,,,,,1,2,,1,,,48960,,,,2,2,2,700000,1,5,976.639.370.096.055
570870,1,3,5,95,2,,,,,,,,2,,,,,,,,,,,,,,,5,976.639.370.096.055
570870,1,4,5,95,2,,,,,,,,2,,,,,,,,,,,,,,,5,976.639.370.096.055
570871,1,1,5,95,2,,,,,,,,1,2,,2,,,,,,300000,2,1,2,900000,1,5,94.951.714.180.886
570872,1,1,5,95,1,,2,1,,650000,,2,2,,,,,,,,,,,,,,,5,113.779.522.879.135
570872,1,2,5,95,2,,,,,,,,2,,,,,,,,,,,,,,,5,113.779.522.879.135
570872,1,3,5,95,2,,,,,,,,1,2,,1,,,60000,,,,2,2,2,,2,5,113.779.522.879.135
570872,1,4,5,95,2,,,,,,,,2,,,,,,,,,,,,,,,5,113.779.522.879.135
570872,1,5,5,95,2,,,,,,,,2,,,,,,,,,,,,,,,5,113.779.522.879.135
570874,1,1,5,95,1,,1,1,,1400000,650000,2,2,,,,,,,,,,,,,,,5,104.218.655.371.727
570875,1,1,5,95,2,,,,,,,,2,,,,,,,,,,,,,,,5,126.070.944.385.669
570875,1,2,5,95,2,,,,,,,,1,2,,1,,,108000,,,,2,2,2,,2,5,126.070.944.385.669
570876,1,1,5,95,2,,,,,,,,2,,,,,,,,,,,,,,,5,11.374.574.936.406
570876,1,2,5,95,2,,,,,,,,2,,,,,,,,,,,,,,,5,11.374.574.936.406
570876,1,3,5,95,2,,,,,,,,2,,,,,,,,,,,,,,,5,11.374.574.936.406
570879,1,1,5,95,2,,,,,,,,1,2,,2,,,,,,14400000,2,1,2,,2,5,104.218.655.371.727
570880,1,1,5,95,2,,,,,,,,1,2,,2,,,,,,6000000,2,1,2,,2,5,104.218.655.371.727
570881,1,1,5,95,2,,,,,,,,2,,,,,,,,,,,,,,,5,117.974.672.334.687
570881,1,2,5,95,1,,1,2,,,650000,2,2,,,,,,,,,,,,,,,5,117.974.672.334.687
570881,1,3,5,95,2,,,,,,,,2,,,,,,,,,,,,,,,5,117.974.672.334.687
570881,1,4,5,95,2,,,,,,,,1,2,,2,50000,,,,,,2,2,1,,2,5,117.974.672.334.687
570881,1,5,5,95,2,,,,,,,,2,,,,,,,,,,,,,,,5,117.974.672.334.687
570882,1,1,5,95,2,,,,,,,,1,2,,1,,,15000000,,,,2,2,2,,2,5,973.199.479.128.916
570882,1,2,5,95,2,,,,,,,,1,2,,1,,,516000,,,,2,2,2,,2,5,973.199.479.128.916
570882,1,3,5,95,2,,,,,,,,1,2,,2,,,,,,400000,2,1,2,,2,5,973.199.479.128.916
570882,1,4,5,95,2,,,,,,,,1,2,,2,,,,,,300000,2,1,2,,2,5,973.199.479.128.916
570882,1,5,5,95,2,,,,,,,,2,,,,,,,,,,,,,,,5,973.199.479.128.916
570883,1,1,5,95,1,,2,1,,2000000,,2,1,2,,1,,,240000,,,,2,2,2,,2,5,809.899.588.597.761
570883,1,2,5,95,2,,,,,,,,2,,,,,,,,,,,,,,,5,809.899.588.597.761
570883,1,3,5,95,2,,,,,,,,1,2,,2,,,,,,3600000,2,1,2,,2,5,809.899.588.597.761
570883,1,4,5,95,2,,,,,,,,1,2,,2,,,,,,3600000,2,1,2,,2,5,809.899.588.597.761
570883,1,6,5,95,2,,,,,,,,2,,,,,,,,,,,,,,,5,809.899.588.597.761
570884,1,1,5,95,1,,2,1,,813000,,2,2,,,,,,,,,,,,,,,5,113.802.725.292.318
570884,1,2,5,95,1,,2,1,,813000,,2,2,,,,,,,,,,,,,,,5,113.802.725.292.318
570884,1,3,5,95,2,,,,,,,,2,,,,,,,,,,,,,,,5,113.802.725.292.318
570884,1,4,5,95,2,,,,,,,,2,,,,,,,,,,,,,,,5,113.802.725.292.318
570885,1,1,5,95,1,,2,1,,180000,,2,2,,,,,,,,,,,,,,,5,100.343.398.377.409
570885,1,2,5,95,1,,2,1,,2000000,,2,2,,,,,,,,,,,,,,,5,100.343.398.377.409
570886,1,1,5,95,1,,1,2,,,7000000,2,1,2,,1,,,540000,,,,2,2,2,,2,5,756.968.715.902.037
570886,1,2,5,95,2,,,,,,,,2,,,,,,,,,,,,,,,5,756.968.715.902.037
570886,1,3,5,95,2,,,,,,,,2,,,,,,,,,,,,,,,5,756.968.715.902.037
570886,1,4,5,95,2,,,,,,,,2,,,,,,,,,,,,,,,5,756.968.715.902.037
570887,1,1,5,95,1,,1,2,,,500000,2,1,2,,1,,,102000,12000000,,,1,2,2,,2,5,953.370.062.948.508
570887,1,2,5,95,2,,,,,,,,1,2,,2,,,,,,1500000,2,1,2,,2,5,953.370.062.948.508
570889,1,1,5,95,1,,2,1,,2400000,,2,2,,,,,,,,,,,,,,,5,13.257.974.749.395
570889,1,2,5,95,2,,,,,,,,2,,,,,,,,,,,,,,,5,13.257.974.749.395
570889,1,3,5,95,2,,,,,,,,1,2,,2,,,,,,690000,2,1,2,,2,5,13.257.974.749.395
570889,1,4,5,95,2,,,,,,,,2,,,,,,,,,,,,,,,5,13.257.974.749.395
570890,1,1,5,95,2,,,,,,,,2,,,,,,,,,,,,,,,5,76.692.276.945.046
570890,1,2,5,95,2,,,,,,,,2,,,,,,,,,,,,,,,5,76.692.276.945.046
570891,1,1,5,95,2,,,,,,,,1,2,,2,24000000,,,,,24000000,2,1,1,200000,1,5,915.682.481.352.921
570891,1,2,5,95,2,,,,,,,,2,,,,,,,,,,,,,,,5,915.682.481.352.921
570891,1,3,5,95,2,,,,,,,,2,,,,,,,,,,,,,,,5,915.682.481.352.921
570892,1,1,5,95,1,,2,1,,1800000,,2,2,,,,,,,,,,,,,,,5,88.433.812.520.729
570892,1,2,5,95,1,,2,1,,1300000,,2,2,,,,,,,,,,,,,,,5,88.433.812.520.729
570892,1,3,5,95,2,,,,,,,,2,,,,,,,,,,,,,,,5,88.433.812.520.729
570892,1,4,5,95,2,,,,,,,,2,,,,,,,,,,,,,,,5,88.433.812.520.729
570892,1,5,5,95,2,,,,,,,,2,,,,,,,,,,,,,,,5,88.433.812.520.729
570893,1,1,5,95,2,,,,,,,,2,,,,,,,,,,,,,,,5,100.343.398.377.409
570893,1,2,5,95,1,,1,2,,,600000,2,1,2,,2,6000000,,,,,,2,2,1,,2,5,100.343.398.377.409
570894,1,1,5,95,2,,,,,,,,2,,,,,,,,,,,,,,,5,118.462.313.942.954
570894,1,2,5,95,2,,,,,,,,1,2,,2,600000,,,,,,2,2,1,,2,5,118.462.313.942.954
570894,1,4,5,95,2,,,,,,,,1,2,,2,,,,,,4200000,2,1,2,,2,5,118.462.313.942.954
570894,1,5,5,95,2,,,,,,,,1,2,,2,,,,,,4200000,2,1,2,,2,5,118.462.313.942.954
570895,1,1,5,95,1,,1,2,,,150000,2,1,2,,1,,,57240,,,,2,2,2,,2,5,11.064.102.064.942
570895,1,2,5,95,2,,,,,,,,2,,,,,,,,,,,,,,,5,11.064.102.064.942
570895,1,3,5,95,2,,,,,,,,2,,,,,,,,,,,,,,,5,11.064.102.064.942
570896,1,1,5,95,2,,,,,,,,2,,,,,,,,,,,,,,,5,657.365.480.369.483
570896,1,2,5,95,2,,,,,,,,2,,,,,,,,,,,,,,,5,657.365.480.369.483
570896,1,3,5,95,2,,,,,,,,2,,,,,,,,,,,,,,,5,657.365.480.369.483
570897,1,1,5,95,2,,,,,,,,1,2,,1,,,52044,,,,2,2,2,,2,5,781.909.855.068.008
570897,1,2,5,95,2,,,,,,,,1,2,,2,,,,,,200000,2,1,2,,2,5,781.909.855.068.008
570898,1,1,5,95,2,,,,,,,,2,,,,,,,,,,,,,,,5,100.492.048.051.971
570898,1,2,5,95,2,,,,,,,,2,,,,,,,,,,,,,,,5,100.492.048.051.971
570898,1,3,5,95,2,,,,,,,,2,,,,,,,,,,,,,,,5,100.492.048.051.971
570898,1,4,5,95,2,,,,,,,,1,2,,2,,,,,,300000,2,1,2,,2,5,100.492.048.051.971
570898,1,5,5,95,2,,,,,,,,2,,,,,,,,,,,,,,,5,100.492.048.051.971
570898,1,6,5,95,2,,,,,,,,1,2,,1,,,72000,,,2400000,2,1,2,,2,5,100.492.048.051.971
570899,1,1,5,95,2,,,,,,,,1,2,,1,,,174000,,,,2,2,2,,2,5,102.819.727.355.885
570899,1,2,5,95,2,,,,,,,,2,,,,,,,,,,,,,,,5,102.819.727.355.885
570901,1,1,5,95,1,,2,1,,1000000,,2,2,,,,,,,,,,,,,,,5,713.357.142.582.417
570901,1,2,5,95,2,,,,,,,,2,,,,,,,,,,,,,,,5,713.357.142.582.417
570901,1,3,5,95,2,,,,,,,,1,2,,1,,,132000,,,,2,2,2,,2,5,713.357.142.582.417
570901,1,4,5,95,2,,,,,,,,2,,,,,,,,,,,,,,,5,713.357.142.582.417
570902,1,1,5,95,1,,1,1,,850000,315000,2,2,,,,,,,,,,,,,,,5,79.435.250.014.886
570902,1,2,5,95,1,,2,1,,1500000,,2,2,,,,,,,,,,,,,,,5,79.435.250.014.886
570902,1,3,5,95,2,,,,,,,,2,,,,,,,,,,,,,,,5,79.435.250.014.886
570902,1,4,5,95,2,,,,,,,,1,2,,2,,,,,,,2,2,2,500000,1,5,79.435.250.014.886
570902,1,5,5,95,2,,,,,,,,1,2,,1,,,106800,,,,2,2,2,,2,5,79.435.250.014.886
570902,1,6,5,95,2,,,,,,,,1,2,,1,,,216000,,,,2,2,2,,2,5,79.435.250.014.886
570903,1,1,5,95,1,,1,1,,3000000,420000,2,2,,,,,,,,,,,,,,,5,175.267.489.785.575
570903,1,2,5,95,1,,1,2,,,122000,2,1,2,,2,,,,,,,2,2,2,27500000,1,5,175.267.489.785.575
570903,1,3,5,95,2,,,,,,,,1,2,,1,,,120000,,,,2,2,2,,2,5,175.267.489.785.575
570903,1,4,5,95,2,,,,,,,,1,2,,1,,,420000,,,,2,2,2,,2,5,175.267.489.785.575
570904,1,1,5,95,2,,,,,,,,1,2,,1,,,246000,,,6120000,2,1,2,,2,5,713.901.345.499.924
570904,1,3,5,95,2,,,,,,,,1,2,,2,,,,,,350000,2,1,2,,2,5,713.901.345.499.924
570905,1,1,5,95,2,,,,,,,,1,2,,2,,,,,,14400000,2,1,2,,2,5,823.329.915.725.994
570905,1,2,5,95,2,,,,,,,,1,2,,2,,,,,,8400000,2,1,2,,2,5,823.329.915.725.994
570905,1,3,5,95,2,,,,,,,,1,2,,2,,,,,,8400000,2,1,2,,2,5,823.329.915.725.994
570906,1,1,5,95,2,,,,,,,,1,2,,2,,,,,,,2,2,2,1000000,1,5,142.991.145.574.947
570906,1,2,5,95,1,,2,1,,800000,,2,1,2,,2,,,,,,200000,2,1,2,,2,5,142.991.145.574.947
570907,1,1,5,95,2,,,,,,,,2,,,,,,,,,,,,,,,5,140.099.903.226.146
570907,1,2,5,95,2,,,,,,,,2,,,,,,,,,,,,,,,5,140.099.903.226.146
570907,1,3,5,95,2,,,,,,,,2,,,,,,,,,,,,,,,5,140.099.903.226.146
570907,1,4,5,95,2,,,,,,,,2,,,,,,,,,,,,,,,5,140.099.903.226.146
570907,1,5,5,95,2,,,,,,,,1,2,,2,,,,,,800000,2,1,2,,2,5,140.099.903.226.146
570908,1,1,5,95,2,,,,,,,,2,,,,,,,,,,,,,,,5,143.861.225.963.622
570908,1,2,5,95,2,,,,,,,,2,,,,,,,,,,,,,,,5,143.861.225.963.622
570908,1,3,5,95,2,,,,,,,,2,,,,,,,,,,,,,,,5,143.861.225.963.622
570909,1,1,5,95,1,,2,1,,430000,,2,2,,,,,,,,,,,,,,,5,129.797.630.005.132
570909,1,2,5,95,2,,,,,,,,2,,,,,,,,,,,,,,,5,129.797.630.005.132
570909,1,3,5,95,2,,,,,,,,2,,,,,,,,,,,,,,,5,129.797.630.005.132
570910,1,1,5,95,2,,,,,,,,1,2,,2,,,,,,200000,2,1,2,,2,5,664.444.821.444.573
570910,1,2,5,95,2,,,,,,,,2,,,,,,,,,,,,,,,5,664.444.821.444.573
570910,1,4,5,95,2,,,,,,,,2,,,,,,,,,,,,,,,5,664.444.821.444.573
570910,1,5,5,95,2,,,,,,,,2,,,,,,,,,,,,,,,5,664.444.821.444.573
570910,1,6,5,95,2,,,,,,,,2,,,,,,,,,,,,,,,5,664.444.821.444.573
570911,1,1,5,95,2,,,,,,,,2,,,,,,,,,,,,,,,5,845.135.702.385.805
570911,1,2,5,95,2,,,,,,,,2,,,,,,,,,,,,,,,5,845.135.702.385.805
570911,1,3,5,95,2,,,,,,,,2,,,,,,,,,,,,,,,5,845.135.702.385.805
570912,1,1,5,95,2,,,,,,,,2,,,,,,,,,,,,,,,5,965.508.561.267.592
570912,1,2,5,95,2,,,,,,,,2,,,,,,,,,,,,,,,5,965.508.561.267.592
570912,1,3,5,95,2,,,,,,,,2,,,,,,,,,,,,,,,5,965.508.561.267.592
570912,1,4,5,95,2,,,,,,,,2,,,,,,,,,,,,,,,5,965.508.561.267.592
570912,1,5,5,95,2,,,,,,,,2,,,,,,,,,,,,,,,5,965.508.561.267.592
570912,1,6,5,95,2,,,,,,,,2,,,,,,,,,,,,,,,5,965.508.561.267.592
570913,1,1,5,95,2,,,,,,,,2,,,,,,,,,,,,,,,5,108.500.582.897.265
570913,1,2,5,95,2,,,,,,,,2,,,,,,,,,,,,,,,5,108.500.582.897.265
570913,1,3,5,95,2,,,,,,,,2,,,,,,,,,,,,,,,5,108.500.582.897.265
570913,1,4,5,95,2,,,,,,,,2,,,,,,,,,,,,,,,5,108.500.582.897.265
570914,1,1,5,95,1,,1,2,,,335000,2,2,,,,,,,,,,,,,,,5,859.690.819.139.988
570914,1,2,5,95,2,,,,,,,,2,,,,,,,,,,,,,,,5,859.690.819.139.988
570915,1,1,5,95,1,,2,1,,842000,,2,2,,,,,,,,,,,,,,,5,204.178.720.577.969
570915,1,2,5,95,1,,1,1,,1200000,250000,2,1,2,,2,,,,,,40000,2,1,2,,2,5,204.178.720.577.969
570915,1,3,5,95,1,,2,1,,733000,,2,2,,,,,,,,,,,,,,,5,204.178.720.577.969
570915,1,4,5,95,2,,,,,,,,2,,,,,,,,,,,,,,,5,204.178.720.577.969
570915,1,5,5,95,2,,,,,,,,2,,,,,,,,,,,,,,,5,204.178.720.577.969
570915,1,6,5,95,2,,,,,,,,1,2,,1,,,52044,,,480000,2,1,2,,2,5,204.178.720.577.969
570915,1,8,5,95,2,,,,,,,,2,,,,,,,,,,,,,,,5,204.178.720.577.969
570915,1,9,5,95,2,,,,,,,,2,,,,,,,,,,,,,,,5,204.178.720.577.969
570915,1,10,5,95,2,,,,,,,,2,,,,,,,,,,,,,,,5,204.178.720.577.969
570915,1,11,5,95,2,,,,,,,,1,2,,2,1200000,,,,,400000,2,1,1,13500000,1,5,204.178.720.577.969
570915,1,12,5,95,2,,,,,,,,2,,,,,,,,,,,,,,,5,204.178.720.577.969
570915,1,13,5,95,2,,,,,,,,2,,,,,,,,,,,,,,,5,204.178.720.577.969
570915,1,14,5,95,2,,,,,,,,1,2,,1,,,70000,,,,2,2,2,,2,5,204.178.720.577.969
570915,1,16,5,95,1,,2,1,,786000,,2,1,2,,2,,,,,,80000,2,1,2,100000,1,5,204.178.720.577.969
570915,2,1,5,95,2,,,,,,,,2,,,,,,,,,,,,,,,5,204.178.720.577.969
570915,2,2,5,95,2,,,,,,,,1,2,,2,,,,,,240000,2,1,2,,2,5,204.178.720.577.969
570916,1,1,5,95,1,,2,1,,700000,,2,2,,,,,,,,,,,,,,,5,102.639.269.021.684
570917,1,1,5,95,2,,,,,,,,1,2,,2,,,,,,60000,2,1,2,,2,5,130.907.660.117.416
570920,1,1,5,95,2,,,,,,,,2,,,,,,,,,,,,,,,5,860.275.001.185.658
570920,1,2,5,95,2,,,,,,,,2,,,,,,,,,,,,,,,5,860.275.001.185.658
570920,1,3,5,95,2,,,,,,,,2,,,,,,,,,,,,,,,5,860.275.001.185.658
570920,1,4,5,95,2,,,,,,,,2,,,,,,,,,,,,,,,5,860.275.001.185.658
570920,1,5,5,95,2,,,,,,,,2,,,,,,,,,,,,,,,5,860.275.001.185.658
570921,1,1,5,95,1,,1,2,,,250000,2,1,2,,2,,,,,,1200000,2,1,2,,2,5,16.858.274.939.482
570921,1,2,5,95,2,,,,,,,,2,,,,,,,,,,,,,,,5,16.858.274.939.482
570922,1,1,5,95,2,,,,,,,,2,,,,,,,,,,,,,,,5,11.485.556.705.501
570922,1,2,5,95,2,,,,,,,,1,2,,1,,,120000,,,,2,2,2,,2,5,11.485.556.705.501
570922,1,3,5,95,2,,,,,,,,2,,,,,,,,,,,,,,,5,11.485.556.705.501
570923,1,1,5,95,2,,,,,,,,2,,,,,,,,,,,,,,,5,102.256.113.619.138
570923,1,2,5,95,2,,,,,,,,2,,,,,,,,,,,,,,,5,102.256.113.619.138
570924,1,1,5,95,1,,2,1,,2500000,,2,2,,,,,,,,,,,,,,,5,108.887.077.655.327
570924,1,2,5,95,2,,,,,,,,2,,,,,,,,,,,,,,,5,108.887.077.655.327
570924,1,3,5,95,2,,,,,,,,2,,,,,,,,,,,,,,,5,108.887.077.655.327
570924,1,4,5,95,2,,,,,,,,2,,,,,,,,,,,,,,,5,108.887.077.655.327
570925,1,1,5,95,1,,2,1,,550000,,2,2,,,,,,,,,,,,,,,5,849.133.248.390.704
570925,1,2,5,95,2,,,,,,,,2,,,,,,,,,,,,,,,5,849.133.248.390.704
570925,1,3,5,95,2,,,,,,,,2,,,,,,,,,,,,,,,5,849.133.248.390.704
570926,1,1,5,95,2,,,,,,,,2,,,,,,,,,,,,,,,5,141.164.975.178.129
570926,1,2,5,95,2,,,,,,,,2,,,,,,,,,,,,,,,5,141.164.975.178.129
570926,1,3,5,95,2,,,,,,,,1,2,,1,,,180000,,,,2,2,2,,2,5,141.164.975.178.129
570926,1,4,5,95,2,,,,,,,,2,,,,,,,,,,,,,,,5,141.164.975.178.129
570926,1,5,5,95,2,,,,,,,,2,,,,,,,,,,,,,,,5,141.164.975.178.129
570926,1,6,5,95,2,,,,,,,,2,,,,,,,,,,,,,,,5,141.164.975.178.129
570927,1,1,5,95,2,,,,,,,,2,,,,,,,,,,,,,,,5,160.296.835.526.489
570927,1,2,5,95,2,,,,,,,,2,,,,,,,,,,,,,,,5,160.296.835.526.489
570927,1,3,5,95,2,,,,,,,,2,,,,,,,,,,,,,,,5,160.296.835.526.489
570927,1,4,5,95,2,,,,,,,,2,,,,,,,,,,,,,,,5,160.296.835.526.489
570928,1,1,5,95,1,,2,1,,6000000,,2,2,,,,,,,,,,,,,,,5,193.971.100.998.238
570928,1,2,5,95,1,,2,1,,433700,,2,2,,,,,,,,,,,,,,,5,193.971.100.998.238
570928,1,3,5,95,2,,,,,,,,2,,,,,,,,,,,,,,,5,193.971.100.998.238
570928,1,4,5,95,2,,,,,,,,2,,,,,,,,,,,,,,,5,193.971.100.998.238
570929,1,1,5,95,1,,2,1,,3800000,,2,2,,,,,,,,,,,,,,,5,189.488.464.312.231
570930,1,1,5,95,1,,1,2,,,850000,2,1,2,,1,,,1800000,,,,2,2,2,,2,5,131.473.096.073.897
570930,1,2,5,95,2,,,,,,,,1,2,,2,4800000,,,,,,2,2,1,,2,5,131.473.096.073.897
570930,1,3,5,95,2,,,,,,,,1,2,,2,4800000,,,,,,2,2,1,,2,5,131.473.096.073.897
570931,1,1,5,95,1,,2,1,,3800000,,2,2,,,,,,,,,,,,,,,5,143.311.010.255.223
570931,1,2,5,95,1,,1,2,,,1800000,2,2,,,,,,,,,,,,,,,5,143.311.010.255.223
570931,1,3,5,95,1,,2,1,,433700,,2,2,,,,,,,,,,,,,,,5,143.311.010.255.223
570931,1,4,5,95,2,,,,,,,,2,,,,,,,,,,,,,,,5,143.311.010.255.223
570931,1,5,5,95,2,,,,,,,,2,,,,,,,,,,,,,,,5,143.311.010.255.223
570933,1,1,5,95,2,,,,,,,,2,,,,,,,,,,,,,,,5,183.136.496.270.584
570933,1,2,5,95,1,,1,2,,,600000,2,2,,,,,,,,,,,,,,,5,183.136.496.270.584
570933,1,3,5,95,2,,,,,,,,2,,,,,,,,,,,,,,,5,183.136.496.270.584
570934,1,1,5,95,1,,2,1,,1500000,,2,2,,,,,,,,,,,,,,,5,183.136.496.270.584
570934,1,2,5,95,2,,,,,,,,2,,,,,,,,,,,,,,,5,183.136.496.270.584
570934,1,3,5,95,2,,,,,,,,1,2,,1,,,230000,,,,2,2,2,,2,5,183.136.496.270.584
570935,1,1,5,95,2,,,,,,,,2,,,,,,,,,,,,,,,5,194.195.239.108.163
570935,1,2,5,95,2,,,,,,,,2,,,,,,,,,,,,,,,5,194.195.239.108.163
570936,1,1,5,95,2,,,,,,,,1,2,,1,,,240000,,,,2,2,2,,2,5,18.458.663.025.171
570936,1,2,5,95,2,,,,,,,,2,,,,,,,,,,,,,,,5,18.458.663.025.171
570936,1,3,5,95,2,,,,,,,,2,,,,,,,,,,,,,,,5,18.458.663.025.171
570936,1,4,5,95,2,,,,,,,,1,2,,1,,,40000,,,,2,2,2,,2,5,18.458.663.025.171
570937,1,1,5,95,1,,2,1,,433700,,2,2,,,,,,,,,,,,,,,5,93.658.082.355.706
570937,1,2,5,95,1,,2,1,,433700,,2,2,,,,,,,,,,,,,,,5,93.658.082.355.706
570937,1,3,5,95,2,,,,,,,,2,,,,,,,,,,,,,,,5,93.658.082.355.706
570938,1,1,5,95,2,,,,,,,,2,,,,,,,,,,,,,,,5,124.909.784.881.157
570938,1,2,5,95,2,,,,,,,,2,,,,,,,,,,,,,,,5,124.909.784.881.157
570938,1,3,5,95,2,,,,,,,,2,,,,,,,,,,,,,,,5,124.909.784.881.157
570938,1,4,5,95,2,,,,,,,,2,,,,,,,,,,,,,,,5,124.909.784.881.157
570938,1,5,5,95,2,,,,,,,,2,,,,,,,,,,,,,,,5,124.909.784.881.157
570938,1,6,5,95,2,,,,,,,,2,,,,,,,,,,,,,,,5,124.909.784.881.157
570938,1,7,5,95,2,,,,,,,,2,,,,,,,,,,,,,,,5,124.909.784.881.157
570939,1,1,5,95,1,,1,2,,,150000,2,2,,,,,,,,,,,,,,,5,117.480.364.039.978
570939,1,2,5,95,1,,1,2,,,180000,2,2,,,,,,,,,,,,,,,5,117.480.364.039.978
570939,2,1,5,95,2,,,,,,,,1,2,,1,,,520000,,,,2,2,2,,2,5,117.480.364.039.978
570940,1,1,5,95,2,,,,,,,,1,2,,1,,,90000,,,,2,2,2,,2,5,953.370.062.948.508
570940,1,2,5,95,2,,,,,,,,2,,,,,,,,,,,,,,,5,953.370.062.948.508
570941,1,1,5,95,2,,,,,,,,2,,,,,,,,,,,,,,,5,657.365.480.369.483
570941,1,2,5,95,2,,,,,,,,2,,,,,,,,,,,,,,,5,657.365.480.369.483
570941,1,3,5,95,2,,,,,,,,2,,,,,,,,,,,,,,,5,657.365.480.369.483
570942,1,1,5,95,2,,,,,,,,2,,,,,,,,,,,,,,,5,822.914.431.663.393
570942,1,2,5,95,2,,,,,,,,2,,,,,,,,,,,,,,,5,822.914.431.663.393
570942,1,3,5,95,2,,,,,,,,2,,,,,,,,,,,,,,,5,822.914.431.663.393
570943,1,1,5,95,1,,2,1,,800000,,2,2,,,,,,,,,,,,,,,5,831.705.375.257.571
570943,1,2,5,95,2,,,,,,,,1,2,,1,,,100000,,,,2,2,2,,2,5,831.705.375.257.571
570943,1,3,5,95,2,,,,,,,,2,,,,,,,,,,,,,,,5,831.705.375.257.571
570943,1,4,5,95,2,,,,,,,,2,,,,,,,,,,,,,,,5,831.705.375.257.571
570943,1,5,5,95,2,,,,,,,,2,,,,,,,,,,,,,,,5,831.705.375.257.571
570944,1,1,5,95,2,,,,,,,,1,2,,1,,,181000,,,,2,2,2,,2,5,112.853.492.536.522
570944,1,2,5,95,2,,,,,,,,2,,,,,,,,,,,,,,,5,112.853.492.536.522
570944,1,3,5,95,2,,,,,,,,2,,,,,,,,,,,,,,,5,112.853.492.536.522
570945,1,1,5,95,2,,,,,,,,1,2,,1,,,400000,,,,2,2,2,,2,5,130.714.351.273.905
570945,1,2,5,95,2,,,,,,,,2,,,,,,,,,,,,,,,5,130.714.351.273.905
570945,1,3,5,95,2,,,,,,,,2,,,,,,,,,,,,,,,5,130.714.351.273.905
570945,1,4,5,95,2,,,,,,,,2,,,,,,,,,,,,,,,5,130.714.351.273.905
570946,1,1,5,95,1,,2,1,,433700,,2,2,,,,,,,,,,,,,,,5,608.543.710.486.451
570946,1,2,5,95,2,,,,,,,,1,2,,1,,,105000,,,,2,2,2,,2,5,608.543.710.486.451
570946,1,3,5,95,2,,,,,,,,2,,,,,,,,,,,,,,,5,608.543.710.486.451
570947,1,1,5,95,2,,,,,,,,1,2,,2,,,,,,9600000,2,1,2,,2,5,862.259.648.264.128
570947,1,2,5,95,2,,,,,,,,2,,,,,,,,,,,,,,,5,862.259.648.264.128
570948,1,1,5,95,2,,,,,,,,1,2,,1,,,600000,,,,2,2,2,,2,5,104.580.340.615.116
570948,1,2,5,95,2,,,,,,,,2,,,,,,,,,,,,,,,5,104.580.340.615.116
570949,1,1,5,95,2,,,,,,,,2,,,,,,,,,,,,,,,5,994.284.088.289.082
570949,1,2,5,95,2,,,,,,,,2,,,,,,,,,,,,,,,5,994.284.088.289.082
570949,1,3,5,95,2,,,,,,,,2,,,,,,,,,,,,,,,5,994.284.088.289.082
570949,1,4,5,95,2,,,,,,,,2,,,,,,,,,,,,,,,5,994.284.088.289.082
570950,1,1,5,95,2,,,,,,,,2,,,,,,,,,,,,,,,5,99.198.630.252.406
570950,1,2,5,95,2,,,,,,,,2,,,,,,,,,,,,,,,5,99.198.630.252.406
570950,1,3,5,95,2,,,,,,,,2,,,,,,,,,,,,,,,5,99.198.630.252.406
570951,1,1,5,95,2,,,,,,,,2,,,,,,,,,,,,,,,5,160.570.796.765.567
570951,1,2,5,95,2,,,,,,,,2,,,,,,,,,,,,,,,5,160.570.796.765.567
570951,1,3,5,95,2,,,,,,,,2,,,,,,,,,,,,,,,5,160.570.796.765.567
570951,1,4,5,95,2,,,,,,,,2,,,,,,,,,,,,,,,5,160.570.796.765.567
570951,1,5,5,95,2,,,,,,,,1,2,,1,,,80000,,,,2,2,2,,2,5,160.570.796.765.567
570951,1,6,5,95,2,,,,,,,,2,,,,,,,,,,,,,,,5,160.570.796.765.567
570952,1,1,5,95,2,,,,,,,,2,,,,,,,,,,,,,,,5,540.566.959.901.193
570952,1,2,5,95,2,,,,,,,,2,,,,,,,,,,,,,,,5,540.566.959.901.193
570952,1,3,5,95,2,,,,,,,,2,,,,,,,,,,,,,,,5,540.566.959.901.193
570952,1,4,5,95,2,,,,,,,,2,,,,,,,,,,,,,,,5,540.566.959.901.193
570953,1,1,5,95,2,,,,,,,,2,,,,,,,,,,,,,,,5,100.114.608.419.389
570953,1,2,5,95,2,,,,,,,,2,,,,,,,,,,,,,,,5,100.114.608.419.389
570953,1,3,5,95,2,,,,,,,,2,,,,,,,,,,,,,,,5,100.114.608.419.389
570953,1,4,5,95,2,,,,,,,,2,,,,,,,,,,,,,,,5,100.114.608.419.389
570953,1,5,5,95,2,,,,,,,,1,2,,1,,,300000,,,,2,2,2,,2,5,100.114.608.419.389
570954,1,1,5,95,2,,,,,,,,2,,,,,,,,,,,,,,,5,105.327.688.170.396
570954,1,2,5,95,2,,,,,,,,2,,,,,,,,,,,,,,,5,105.327.688.170.396
570954,1,3,5,95,2,,,,,,,,2,,,,,,,,,,,,,,,5,105.327.688.170.396
570955,1,1,5,95,2,,,,,,,,2,,,,,,,,,,,,,,,5,862.788.115.631.767
570955,1,2,5,95,2,,,,,,,,1,2,,2,800000,,,,,,2,2,1,,2,5,862.788.115.631.767
570956,1,1,8,95,2,,,,,,,,2,,,,,,,,,,,,,,,8,519.369.366.289.482
570956,1,2,8,95,2,,,,,,,,2,,,,,,,,,,,,,,,8,519.369.366.289.482
570957,1,1,8,95,2,,,,,,,,2,,,,,,,,,,,,,,,8,483.821.915.515.492
570957,1,2,8,95,2,,,,,,,,2,,,,,,,,,,,,,,,8,483.821.915.515.492
570958,1,1,8,95,2,,,,,,,,2,,,,,,,,,,,,,,,8,421.241.724.931.243
570958,1,2,8,95,2,,,,,,,,2,,,,,,,,,,,,,,,8,421.241.724.931.243
570958,1,3,8,95,2,,,,,,,,2,,,,,,,,,,,,,,,8,421.241.724.931.243
570959,1,1,8,95,2,,,,,,,,2,,,,,,,,,,,,,,,8,504.258.384.761.388
570959,1,2,8,95,2,,,,,,,,2,,,,,,,,,,,,,,,8,504.258.384.761.388
570959,2,1,8,95,2,,,,,,,,2,,,,,,,,,,,,,,,8,504.258.384.761.388
570959,2,2,8,95,2,,,,,,,,2,,,,,,,,,,,,,,,8,504.258.384.761.388
570959,2,3,8,95,2,,,,,,,,2,,,,,,,,,,,,,,,8,504.258.384.761.388
570961,1,1,8,95,2,,,,,,,,2,,,,,,,,,,,,,,,8,468.147.972.092.755
570961,1,2,8,95,2,,,,,,,,2,,,,,,,,,,,,,,,8,468.147.972.092.755
570961,1,3,8,95,2,,,,,,,,2,,,,,,,,,,,,,,,8,468.147.972.092.755
570961,1,4,8,95,2,,,,,,,,2,,,,,,,,,,,,,,,8,468.147.972.092.755
570961,1,7,8,95,2,,,,,,,,2,,,,,,,,,,,,,,,8,468.147.972.092.755
570961,1,8,8,95,2,,,,,,,,2,,,,,,,,,,,,,,,8,468.147.972.092.755
570961,1,9,8,95,2,,,,,,,,2,,,,,,,,,,,,,,,8,468.147.972.092.755
570961,1,10,8,95,2,,,,,,,,2,,,,,,,,,,,,,,,8,468.147.972.092.755
570962,1,1,8,95,1,,1,1,,433700,360000,2,2,,,,,,,,,,,,,,,8,45.953.754.955.498
570963,1,1,8,95,2,,,,,,,,2,,,,,,,,,,,,,,,8,480.641.235.526.402
570963,1,2,8,95,2,,,,,,,,2,,,,,,,,,,,,,,,8,480.641.235.526.402
570963,1,3,8,95,2,,,,,,,,2,,,,,,,,,,,,,,,8,480.641.235.526.402
570963,1,4,8,95,2,,,,,,,,2,,,,,,,,,,,,,,,8,480.641.235.526.402
570964,1,1,8,95,1,,2,1,,433700,,2,2,,,,,,,,,,,,,,,8,372.646.649.906.281
570964,1,2,8,95,2,,,,,,,,2,,,,,,,,,,,,,,,8,372.646.649.906.281
570964,1,3,8,95,2,,,,,,,,2,,,,,,,,,,,,,,,8,372.646.649.906.281
570964,1,5,8,95,2,,,,,,,,2,,,,,,,,,,,,,,,8,372.646.649.906.281
570964,1,6,8,95,2,,,,,,,,2,,,,,,,,,,,,,,,8,372.646.649.906.281
570964,1,9,8,95,2,,,,,,,,2,,,,,,,,,,,,,,,8,372.646.649.906.281
570964,1,10,8,95,2,,,,,,,,2,,,,,,,,,,,,,,,8,372.646.649.906.281
570965,1,1,8,95,2,,,,,,,,2,,,,,,,,,,,,,,,8,52.205.621.107.194
570965,1,2,8,95,2,,,,,,,,2,,,,,,,,,,,,,,,8,52.205.621.107.194
570966,1,1,8,95,2,,,,,,,,2,,,,,,,,,,,,,,,8,515.009.254.786.235
570966,1,5,8,95,2,,,,,,,,2,,,,,,,,,,,,,,,8,515.009.254.786.235
570967,1,1,8,95,1,,1,2,,,150000,2,2,,,,,,,,,,,,,,,8,385.129.421.669.619
570967,1,2,8,95,2,,,,,,,,2,,,,,,,,,,,,,,,8,385.129.421.669.619
570967,1,3,8,95,2,,,,,,,,2,,,,,,,,,,,,,,,8,385.129.421.669.619
570967,1,4,8,95,2,,,,,,,,2,,,,,,,,,,,,,,,8,385.129.421.669.619
570967,1,5,8,95,2,,,,,,,,2,,,,,,,,,,,,,,,8,385.129.421.669.619
570968,1,1,8,95,2,,,,,,,,1,2,,2,,,,,,750000,2,1,2,,2,8,643.032.419.248.822
570968,1,2,8,95,2,,,,,,,,2,,,,,,,,,,,,,,,8,643.032.419.248.822
570968,1,3,8,95,2,,,,,,,,2,,,,,,,,,,,,,,,8,643.032.419.248.822
570968,1,4,8,95,2,,,,,,,,2,,,,,,,,,,,,,,,8,643.032.419.248.822
570969,1,1,8,95,2,,,,,,,,2,,,,,,,,,,,,,,,8,525.668.597.900.185
570969,1,2,8,95,2,,,,,,,,2,,,,,,,,,,,,,,,8,525.668.597.900.185
570969,1,3,8,95,2,,,,,,,,2,,,,,,,,,,,,,,,8,525.668.597.900.185
570969,1,4,8,95,2,,,,,,,,2,,,,,,,,,,,,,,,8,525.668.597.900.185
570970,1,1,8,95,2,,,,,,,,2,,,,,,,,,,,,,,,8,420.925.709.550.155
570970,1,2,8,95,2,,,,,,,,2,,,,,,,,,,,,,,,8,420.925.709.550.155
570970,1,5,8,95,2,,,,,,,,2,,,,,,,,,,,,,,,8,420.925.709.550.155
570970,1,6,8,95,2,,,,,,,,2,,,,,,,,,,,,,,,8,420.925.709.550.155
570970,1,7,8,95,1,,2,1,,650000,,2,2,,,,,,,,,,,,,,,8,420.925.709.550.155
570971,1,1,8,95,2,,,,,,,,1,2,,2,,,,,,1800000,2,1,2,,2,8,620.533.174.915.465
570971,1,2,8,95,2,,,,,,,,2,,,,,,,,,,,,,,,8,620.533.174.915.465
570971,1,5,8,95,2,,,,,,,,2,,,,,,,,,,,,,,,8,620.533.174.915.465
570972,1,1,8,95,1,,2,1,,790000,,2,2,,,,,,,,,,,,,,,8,282.059.800.040.378
570972,1,2,8,95,2,,,,,,,,2,,,,,,,,,,,,,,,8,282.059.800.040.378
570972,1,3,8,95,2,,,,,,,,2,,,,,,,,,,,,,,,8,282.059.800.040.378
570972,1,4,8,95,2,,,,,,,,2,,,,,,,,,,,,,,,8,282.059.800.040.378
570972,1,5,8,95,2,,,,,,,,2,,,,,,,,,,,,,,,8,282.059.800.040.378
570972,1,7,8,95,2,,,,,,,,2,,,,,,,,,,,,,,,8,282.059.800.040.378
570974,1,1,8,95,2,,,,,,,,2,,,,,,,,,,,,,,,8,638.790.570.988.501
570974,1,2,8,95,2,,,,,,,,2,,,,,,,,,,,,,,,8,638.790.570.988.501
570974,1,3,8,95,2,,,,,,,,2,,,,,,,,,,,,,,,8,638.790.570.988.501
570977,1,1,8,95,2,,,,,,,,2,,,,,,,,,,,,,,,8,483.821.915.515.492
570977,1,2,8,95,2,,,,,,,,2,,,,,,,,,,,,,,,8,483.821.915.515.492
570978,1,1,8,95,2,,,,,,,,2,,,,,,,,,,,,,,,8,563.637.040.069.967
570978,1,2,8,95,2,,,,,,,,2,,,,,,,,,,,,,,,8,563.637.040.069.967
570979,1,1,8,95,2,,,,,,,,2,,,,,,,,,,,,,,,8,475.101.692.508.998
570979,1,2,8,95,2,,,,,,,,2,,,,,,,,,,,,,,,8,475.101.692.508.998
570980,1,1,8,95,2,,,,,,,,2,,,,,,,,,,,,,,,8,498.041.537.504.555
570980,1,2,8,95,2,,,,,,,,2,,,,,,,,,,,,,,,8,498.041.537.504.555
570980,2,1,8,95,2,,,,,,,,2,,,,,,,,,,,,,,,8,498.041.537.504.555
570980,2,2,8,95,2,,,,,,,,2,,,,,,,,,,,,,,,8,498.041.537.504.555
570980,2,3,8,95,2,,,,,,,,2,,,,,,,,,,,,,,,8,498.041.537.504.555
570981,1,1,8,95,2,,,,,,,,2,,,,,,,,,,,,,,,8,409.916.514.205.048
570981,1,2,8,95,2,,,,,,,,2,,,,,,,,,,,,,,,8,409.916.514.205.048
570981,1,4,8,95,2,,,,,,,,1,2,,2,,,,,,2400000,2,1,2,,2,8,409.916.514.205.048
570981,1,5,8,95,2,,,,,,,,2,,,,,,,,,,,,,,,8,409.916.514.205.048
570981,1,6,8,95,2,,,,,,,,2,,,,,,,,,,,,,,,8,409.916.514.205.048
570981,1,7,8,95,2,,,,,,,,2,,,,,,,,,,,,,,,8,409.916.514.205.048
570982,1,1,8,95,2,,,,,,,,2,,,,,,,,,,,,,,,8,443.104.502.650.536
570982,1,2,8,95,2,,,,,,,,2,,,,,,,,,,,,,,,8,443.104.502.650.536
570982,1,3,8,95,2,,,,,,,,2,,,,,,,,,,,,,,,8,443.104.502.650.536
570982,1,4,8,95,2,,,,,,,,2,,,,,,,,,,,,,,,8,443.104.502.650.536
570982,1,6,8,95,2,,,,,,,,2,,,,,,,,,,,,,,,8,443.104.502.650.536
570982,1,7,8,95,2,,,,,,,,2,,,,,,,,,,,,,,,8,443.104.502.650.536
570984,1,1,8,95,2,,,,,,,,2,,,,,,,,,,,,,,,8,416.565.598.046.908
570984,1,2,8,95,2,,,,,,,,2,,,,,,,,,,,,,,,8,416.565.598.046.908
570984,1,3,8,95,2,,,,,,,,2,,,,,,,,,,,,,,,8,416.565.598.046.908
570984,1,4,8,95,2,,,,,,,,2,,,,,,,,,,,,,,,8,416.565.598.046.908
570984,1,5,8,95,2,,,,,,,,2,,,,,,,,,,,,,,,8,416.565.598.046.908
570985,1,1,8,95,2,,,,,,,,2,,,,,,,,,,,,,,,8,554.916.817.063.473
570985,1,2,8,95,2,,,,,,,,2,,,,,,,,,,,,,,,8,554.916.817.063.473
570986,1,1,8,95,2,,,,,,,,1,2,,2,36000000,,,,,800000,2,1,1,,2,8,451.673.613.644.673
570986,1,2,8,95,2,,,,,,,,1,2,,2,,,,,,800000,2,1,2,,2,8,451.673.613.644.673
570987,1,1,8,95,1,,2,1,,2100000,,2,2,,,,,,,,,,,,,,,8,397.472.780.007.312
570987,1,2,8,95,2,,,,,,,,2,,,,,,,,,,,,,,,8,397.472.780.007.312
570988,1,1,8,95,2,,,,,,,,2,,,,,,,,,,,,,,,8,266.236.802.488.568
570988,1,2,8,95,2,,,,,,,,2,,,,,,,,,,,,,,,8,266.236.802.488.568
570988,1,3,8,95,2,,,,,,,,2,,,,,,,,,,,,,,,8,266.236.802.488.568
570988,1,4,8,95,2,,,,,,,,2,,,,,,,,,,,,,,,8,266.236.802.488.568
570988,1,7,8,95,2,,,,,,,,2,,,,,,,,,,,,,,,8,266.236.802.488.568
570988,1,8,8,95,2,,,,,,,,2,,,,,,,,,,,,,,,8,266.236.802.488.568
570990,1,1,8,95,2,,,,,,,,2,,,,,,,,,,,,,,,8,424.185.582.563.876
570990,1,2,8,95,2,,,,,,,,2,,,,,,,,,,,,,,,8,424.185.582.563.876
570990,1,3,8,95,2,,,,,,,,2,,,,,,,,,,,,,,,8,424.185.582.563.876
570991,1,1,8,95,2,,,,,,,,2,,,,,,,,,,,,,,,8,461.405.652.381.433
570991,1,2,8,95,2,,,,,,,,2,,,,,,,,,,,,,,,8,461.405.652.381.433
570991,1,3,8,95,2,,,,,,,,2,,,,,,,,,,,,,,,8,461.405.652.381.433
570992,1,1,8,95,2,,,,,,,,2,,,,,,,,,,,,,,,8,242.033.456.807.789
570992,1,2,8,95,2,,,,,,,,2,,,,,,,,,,,,,,,8,242.033.456.807.789
570992,1,3,8,95,2,,,,,,,,2,,,,,,,,,,,,,,,8,242.033.456.807.789
570992,1,4,8,95,2,,,,,,,,2,,,,,,,,,,,,,,,8,242.033.456.807.789
570993,1,1,8,95,2,,,,,,,,2,,,,,,,,,,,,,,,8,480.815.216.345.485
570993,1,2,8,95,2,,,,,,,,2,,,,,,,,,,,,,,,8,480.815.216.345.485
570994,1,1,8,95,1,,2,1,,466000,,2,2,,,,,,,,,,,,,,,8,466.010.761.984.765
570996,1,1,8,95,1,,2,1,,433700,,2,2,,,,,,,,,,,,,,,8,60.465.301.658.036
570996,1,2,8,95,2,,,,,,,,2,,,,,,,,,,,,,,,8,60.465.301.658.036
570996,1,3,8,95,2,,,,,,,,1,2,,2,,,,,,2500000,2,1,2,,2,8,60.465.301.658.036
570996,1,7,8,95,2,,,,,,,,1,2,,2,,,,,,3600000,2,1,2,,2,8,60.465.301.658.036
570997,1,1,8,95,2,,,,,,,,1,2,,2,,,,,,3800000,2,1,2,,2,8,427.211.613.940.683
570997,1,2,8,95,2,,,,,,,,2,,,,,,,,,,,,,,,8,427.211.613.940.683
570997,1,3,8,95,2,,,,,,,,1,2,,2,,,,,,900000,2,1,2,,2,8,427.211.613.940.683
570999,1,1,8,95,2,,,,,,,,1,2,,2,,,,,,7200000,2,1,2,,2,8,498.871.367.976.297
571000,1,1,8,95,2,,,,,,,,1,2,,2,,,,,,1500000,2,1,2,,2,8,443.947.660.342.452
571000,1,2,8,95,2,,,,,,,,2,,,,,,,,,,,,,,,8,443.947.660.342.452
571000,1,3,8,95,2,,,,,,,,2,,,,,,,,,,,,,,,8,443.947.660.342.452
571000,1,4,8,95,2,,,,,,,,2,,,,,,,,,,,,,,,8,443.947.660.342.452
571000,1,5,8,95,2,,,,,,,,2,,,,,,,,,,,,,,,8,443.947.660.342.452
571000,1,7,8,95,2,,,,,,,,2,,,,,,,,,,,,,,,8,443.947.660.342.452
571001,1,1,8,95,2,,,,,,,,2,,,,,,,,,,,,,,,8,475.101.692.508.998
571001,1,2,8,95,2,,,,,,,,2,,,,,,,,,,,,,,,8,475.101.692.508.998
571002,1,1,8,95,1,,2,1,,620000,,2,2,,,,,,,,,,,,,,,8,308.167.594.650.279
571002,1,2,8,95,2,,,,,,,,2,,,,,,,,,,,,,,,8,308.167.594.650.279
571002,1,3,8,95,2,,,,,,,,2,,,,,,,,,,,,,,,8,308.167.594.650.279
571005,1,1,8,95,2,,,,,,,,2,,,,,,,,,,,,,,,8,504.564.911.928.762
571006,1,1,8,95,2,,,,,,,,2,,,,,,,,,,,,,,,8,347.069.106.932.253
571006,1,2,8,95,2,,,,,,,,2,,,,,,,,,,,,,,,8,347.069.106.932.253
571006,1,3,8,95,2,,,,,,,,2,,,,,,,,,,,,,,,8,347.069.106.932.253
571007,1,1,8,95,2,,,,,,,,2,,,,,,,,,,,,,,,8,498.626.369.876.212
571007,1,2,8,95,2,,,,,,,,2,,,,,,,,,,,,,,,8,498.626.369.876.212
571007,1,5,8,95,2,,,,,,,,2,,,,,,,,,,,,,,,8,498.626.369.876.212
571008,1,1,8,95,2,,,,,,,,2,,,,,,,,,,,,,,,8,44.184.208.748.232
571008,1,2,8,95,2,,,,,,,,2,,,,,,,,,,,,,,,8,44.184.208.748.232
571008,1,3,8,95,2,,,,,,,,2,,,,,,,,,,,,,,,8,44.184.208.748.232
571008,1,4,8,95,2,,,,,,,,2,,,,,,,,,,,,,,,8,44.184.208.748.232
571008,1,5,8,95,2,,,,,,,,2,,,,,,,,,,,,,,,8,44.184.208.748.232
571008,1,6,8,95,2,,,,,,,,1,2,,2,,,,,,6000000,2,1,2,,2,8,44.184.208.748.232
571009,1,1,8,95,2,,,,,,,,1,2,,2,,,,,,9500000,2,1,2,,2,8,494.337.275.653.967
571009,1,2,8,95,2,,,,,,,,2,,,,,,,,,,,,,,,8,494.337.275.653.967
571009,1,4,8,95,2,,,,,,,,2,,,,,,,,,,,,,,,8,494.337.275.653.967
571010,1,1,8,95,2,,,,,,,,2,,,,,,,,,,,,,,,8,588.064.131.728.252
571010,1,2,8,95,2,,,,,,,,2,,,,,,,,,,,,,,,8,588.064.131.728.252
571010,1,3,8,95,2,,,,,,,,2,,,,,,,,,,,,,,,8,588.064.131.728.252
571010,1,4,8,95,2,,,,,,,,2,,,,,,,,,,,,,,,8,588.064.131.728.252
571010,1,7,8,95,2,,,,,,,,2,,,,,,,,,,,,,,,8,588.064.131.728.252
571010,1,8,8,95,2,,,,,,,,2,,,,,,,,,,,,,,,8,588.064.131.728.252
571010,1,10,8,95,2,,,,,,,,2,,,,,,,,,,,,,,,8,588.064.131.728.252
571010,1,11,8,95,2,,,,,,,,2,,,,,,,,,,,,,,,8,588.064.131.728.252
571011,1,1,8,95,2,,,,,,,,2,,,,,,,,,,,,,,,8,60.037.588.627.641
571011,1,2,8,95,2,,,,,,,,2,,,,,,,,,,,,,,,8,60.037.588.627.641
571011,1,3,8,95,2,,,,,,,,2,,,,,,,,,,,,,,,8,60.037.588.627.641
571011,1,4,8,95,2,,,,,,,,2,,,,,,,,,,,,,,,8,60.037.588.627.641
571011,1,5,8,95,2,,,,,,,,1,2,,2,,,,,,1500000,2,1,2,,2,8,60.037.588.627.641
571011,1,7,8,95,2,,,,,,,,2,,,,,,,,,,,,,,,8,60.037.588.627.641
571013,1,1,8,95,2,,,,,,,,2,,,,,,,,,,,,,,,8,486.170.172.229.634
571013,1,2,8,95,2,,,,,,,,2,,,,,,,,,,,,,,,8,486.170.172.229.634
571014,1,1,8,95,1,,1,2,,,100000,2,2,,,,,,,,,,,,,,,8,514.803.837.642.656
571015,1,1,8,95,2,,,,,,,,1,2,,2,,,,,,5000000,2,1,2,,2,8,447.954.610.353.953
571015,1,2,8,95,2,,,,,,,,2,,,,,,,,,,,,,,,8,447.954.610.353.953
571016,1,1,8,95,2,,,,,,,,1,2,,2,,,,,,1600000,2,1,2,,2,8,406.971.940.947.758
571016,1,2,8,95,2,,,,,,,,2,,,,,,,,,,,,,,,8,406.971.940.947.758
571016,1,3,8,95,2,,,,,,,,2,,,,,,,,,,,,,,,8,406.971.940.947.758
571016,1,4,8,95,2,,,,,,,,2,,,,,,,,,,,,,,,8,406.971.940.947.758
571017,1,1,8,95,2,,,,,,,,2,,,,,,,,,,,,,,,8,484.591.858.778.955
571017,1,2,8,95,2,,,,,,,,2,,,,,,,,,,,,,,,8,484.591.858.778.955
571017,1,3,8,95,2,,,,,,,,2,,,,,,,,,,,,,,,8,484.591.858.778.955
571017,1,4,8,95,2,,,,,,,,2,,,,,,,,,,,,,,,8,484.591.858.778.955
571017,1,5,8,95,2,,,,,,,,2,,,,,,,,,,,,,,,8,484.591.858.778.955
571017,1,6,8,95,2,,,,,,,,2,,,,,,,,,,,,,,,8,484.591.858.778.955
571018,1,1,8,95,2,,,,,,,,2,,,,,,,,,,,,,,,8,482.148.648.794.703
571018,1,2,8,95,2,,,,,,,,2,,,,,,,,,,,,,,,8,482.148.648.794.703
571020,1,1,8,95,2,,,,,,,,2,,,,,,,,,,,,,,,8,53.936.463.802.775
571020,1,2,8,95,2,,,,,,,,2,,,,,,,,,,,,,,,8,53.936.463.802.775
571020,1,3,8,95,2,,,,,,,,2,,,,,,,,,,,,,,,8,53.936.463.802.775
571022,1,1,8,95,2,,,,,,,,1,2,,2,,,,,,6000000,2,1,2,,2,8,40.636.625.328.952
571022,1,2,8,95,2,,,,,,,,2,,,,,,,,,,,,,,,8,40.636.625.328.952
571023,1,1,8,95,2,,,,,,,,2,,,,,,,,,,,,,,,8,525.668.597.900.185
571023,1,2,8,95,2,,,,,,,,2,,,,,,,,,,,,,,,8,525.668.597.900.185
571023,1,3,8,95,2,,,,,,,,2,,,,,,,,,,,,,,,8,525.668.597.900.185
571023,1,4,8,95,2,,,,,,,,2,,,,,,,,,,,,,,,8,525.668.597.900.185
571024,1,1,8,95,2,,,,,,,,2,,,,,,,,,,,,,,,8,5.191.953.854.704
571024,1,2,8,95,2,,,,,,,,2,,,,,,,,,,,,,,,8,5.191.953.854.704
571024,1,3,8,95,2,,,,,,,,2,,,,,,,,,,,,,,,8,5.191.953.854.704
571024,1,4,8,95,2,,,,,,,,2,,,,,,,,,,,,,,,8,5.191.953.854.704
571025,1,1,8,95,2,,,,,,,,2,,,,,,,,,,,,,,,8,573.907.402.108.357
571025,1,2,8,95,2,,,,,,,,2,,,,,,,,,,,,,,,8,573.907.402.108.357
571025,1,3,8,95,2,,,,,,,,1,2,,2,,,,,,3000000,2,1,2,,2,8,573.907.402.108.357
571025,1,6,8,95,2,,,,,,,,2,,,,,,,,,,,,,,,8,573.907.402.108.357
571025,1,7,8,95,2,,,,,,,,2,,,,,,,,,,,,,,,8,573.907.402.108.357
571026,1,1,8,95,2,,,,,,,,2,,,,,,,,,,,,,,,8,52.372.947.779.273
571026,1,2,8,95,2,,,,,,,,2,,,,,,,,,,,,,,,8,52.372.947.779.273
571027,1,1,8,95,2,,,,,,,,1,2,,2,,,,,,84000000,2,1,2,,2,8,605.534.503.967.162
571027,1,2,8,95,2,,,,,,,,2,,,,,,,,,,,,,,,8,605.534.503.967.162
571027,1,3,8,95,2,,,,,,,,2,,,,,,,,,,,,,,,8,605.534.503.967.162
571027,1,4,8,95,2,,,,,,,,2,,,,,,,,,,,,,,,8,605.534.503.967.162
571028,1,1,8,95,2,,,,,,,,2,,,,,,,,,,,,,,,8,293.619.259.916.206
571028,1,2,8,95,2,,,,,,,,1,2,,2,,,,,,20000000,2,1,2,,2,8,293.619.259.916.206
571028,1,3,8,95,2,,,,,,,,2,,,,,,,,,,,,,,,8,293.619.259.916.206
571029,1,1,8,95,2,,,,,,,,2,,,,,,,,,,,,,,,8,532.204.107.067.042
571029,1,2,8,95,2,,,,,,,,2,,,,,,,,,,,,,,,8,532.204.107.067.042
571030,1,1,8,95,1,,2,1,,98,,2,2,,,,,,,,,,,,,,,8,462.812.241.661.988
571030,1,2,8,95,2,,,,,,,,2,,,,,,,,,,,,,,,8,462.812.241.661.988
571030,1,3,8,95,2,,,,,,,,2,,,,,,,,,,,,,,,8,462.812.241.661.988
571032,1,1,8,95,2,,,,,,,,2,,,,,,,,,,,,,,,8,505.673.326.161.918
571032,1,2,8,95,2,,,,,,,,2,,,,,,,,,,,,,,,8,505.673.326.161.918
571032,1,4,8,95,2,,,,,,,,2,,,,,,,,,,,,,,,8,505.673.326.161.918
571033,1,1,8,95,2,,,,,,,,2,,,,,,,,,,,,,,,8,461.405.652.381.433
571033,1,2,8,95,2,,,,,,,,2,,,,,,,,,,,,,,,8,461.405.652.381.433
571033,1,3,8,95,2,,,,,,,,2,,,,,,,,,,,,,,,8,461.405.652.381.433
571035,1,1,8,95,2,,,,,,,,2,,,,,,,,,,,,,,,8,46.576.576.388.468
571035,1,2,8,95,2,,,,,,,,2,,,,,,,,,,,,,,,8,46.576.576.388.468
571035,1,3,8,95,2,,,,,,,,2,,,,,,,,,,,,,,,8,46.576.576.388.468
571036,1,1,8,95,2,,,,,,,,2,,,,,,,,,,,,,,,8,367.567.105.245.438
571036,1,2,8,95,2,,,,,,,,2,,,,,,,,,,,,,,,8,367.567.105.245.438
571036,1,3,8,95,2,,,,,,,,2,,,,,,,,,,,,,,,8,367.567.105.245.438
571036,1,4,8,95,2,,,,,,,,2,,,,,,,,,,,,,,,8,367.567.105.245.438
571037,1,1,8,95,2,,,,,,,,2,,,,,,,,,,,,,,,8,469.316.024.800.208
571037,1,2,8,95,2,,,,,,,,2,,,,,,,,,,,,,,,8,469.316.024.800.208
571037,1,3,8,95,2,,,,,,,,2,,,,,,,,,,,,,,,8,469.316.024.800.208
571037,1,4,8,95,2,,,,,,,,2,,,,,,,,,,,,,,,8,469.316.024.800.208
571037,1,5,8,95,2,,,,,,,,2,,,,,,,,,,,,,,,8,469.316.024.800.208
571037,1,7,8,95,2,,,,,,,,2,,,,,,,,,,,,,,,8,469.316.024.800.208
571037,1,8,8,95,2,,,,,,,,2,,,,,,,,,,,,,,,8,469.316.024.800.208
571038,1,1,8,95,2,,,,,,,,2,,,,,,,,,,,,,,,8,53.936.463.802.775
571038,1,2,8,95,2,,,,,,,,2,,,,,,,,,,,,,,,8,53.936.463.802.775
571038,1,3,8,95,2,,,,,,,,2,,,,,,,,,,,,,,,8,53.936.463.802.775
571039,1,1,8,95,2,,,,,,,,2,,,,,,,,,,,,,,,8,504.925.601.486.915
571039,1,2,8,95,2,,,,,,,,2,,,,,,,,,,,,,,,8,504.925.601.486.915
571039,1,3,8,95,2,,,,,,,,2,,,,,,,,,,,,,,,8,504.925.601.486.915
571039,1,4,8,95,2,,,,,,,,2,,,,,,,,,,,,,,,8,504.925.601.486.915
571039,1,5,8,95,2,,,,,,,,2,,,,,,,,,,,,,,,8,504.925.601.486.915
571040,1,1,8,95,2,,,,,,,,2,,,,,,,,,,,,,,,8,679.668.304.371.944
571040,1,2,8,95,2,,,,,,,,2,,,,,,,,,,,,,,,8,679.668.304.371.944
571040,1,3,8,95,2,,,,,,,,2,,,,,,,,,,,,,,,8,679.668.304.371.944
571040,1,4,8,95,2,,,,,,,,2,,,,,,,,,,,,,,,8,679.668.304.371.944
571040,1,5,8,95,2,,,,,,,,2,,,,,,,,,,,,,,,8,679.668.304.371.944
571040,1,7,8,95,2,,,,,,,,2,,,,,,,,,,,,,,,8,679.668.304.371.944
571041,1,1,8,95,1,,1,1,,437000,420000,2,2,,,,,,,,,,,,,,,8,40.636.625.328.952
571041,1,2,8,95,2,,,,,,,,2,,,,,,,,,,,,,,,8,40.636.625.328.952
571042,1,1,8,95,2,,,,,,,,2,,,,,,,,,,,,,,,8,412.031.505.724.578
571042,1,2,8,95,2,,,,,,,,2,,,,,,,,,,,,,,,8,412.031.505.724.578
571042,1,3,8,95,2,,,,,,,,2,,,,,,,,,,,,,,,8,412.031.505.724.578
571042,1,4,8,95,2,,,,,,,,2,,,,,,,,,,,,,,,8,412.031.505.724.578
571042,1,5,8,95,2,,,,,,,,2,,,,,,,,,,,,,,,8,412.031.505.724.578
571042,1,6,8,95,2,,,,,,,,2,,,,,,,,,,,,,,,8,412.031.505.724.578
571042,1,7,8,95,2,,,,,,,,2,,,,,,,,,,,,,,,8,412.031.505.724.578
571043,1,1,8,95,2,,,,,,,,2,,,,,,,,,,,,,,,8,442.335.922.688.952
571043,1,2,8,95,2,,,,,,,,2,,,,,,,,,,,,,,,8,442.335.922.688.952
571043,1,3,8,95,2,,,,,,,,2,,,,,,,,,,,,,,,8,442.335.922.688.952
571043,1,4,8,95,2,,,,,,,,2,,,,,,,,,,,,,,,8,442.335.922.688.952
571044,1,1,8,95,2,,,,,,,,2,,,,,,,,,,,,,,,8,40.636.625.328.952
571044,1,2,8,95,2,,,,,,,,2,,,,,,,,,,,,,,,8,40.636.625.328.952
571045,1,1,8,95,2,,,,,,,,1,2,,2,,,,,,100000,2,1,2,,2,8,601.556.008.926.335
571045,1,2,8,95,2,,,,,,,,2,,,,,,,,,,,,,,,8,601.556.008.926.335
571045,1,3,8,95,2,,,,,,,,2,,,,,,,,,,,,,,,8,601.556.008.926.335
571045,1,5,8,95,2,,,,,,,,2,,,,,,,,,,,,,,,8,601.556.008.926.335
571045,1,8,8,95,2,,,,,,,,1,2,,2,,,,,,50000,2,1,2,,2,8,601.556.008.926.335
571045,1,10,8,95,2,,,,,,,,2,,,,,,,,,,,,,,,8,601.556.008.926.335
571045,1,11,8,95,2,,,,,,,,2,,,,,,,,,,,,,,,8,601.556.008.926.335
571045,2,1,8,95,2,,,,,,,,2,,,,,,,,,,,,,,,8,601.556.008.926.335
571045,2,2,8,95,2,,,,,,,,2,,,,,,,,,,,,,,,8,601.556.008.926.335
571045,3,1,8,95,2,,,,,,,,2,,,,,,,,,,,,,,,8,601.556.008.926.335
571045,3,2,8,95,2,,,,,,,,2,,,,,,,,,,,,,,,8,601.556.008.926.335
571045,3,3,8,95,2,,,,,,,,2,,,,,,,,,,,,,,,8,601.556.008.926.335
571045,3,4,8,95,2,,,,,,,,2,,,,,,,,,,,,,,,8,601.556.008.926.335
571046,1,1,8,95,2,,,,,,,,2,,,,,,,,,,,,,,,8,340.350.896.402.383
571046,1,2,8,95,2,,,,,,,,2,,,,,,,,,,,,,,,8,340.350.896.402.383
571046,1,3,8,95,2,,,,,,,,2,,,,,,,,,,,,,,,8,340.350.896.402.383
571046,1,4,8,95,2,,,,,,,,2,,,,,,,,,,,,,,,8,340.350.896.402.383
571046,1,5,8,95,2,,,,,,,,2,,,,,,,,,,,,,,,8,340.350.896.402.383
571047,1,1,8,95,2,,,,,,,,2,,,,,,,,,,,,,,,8,462.237.721.557.613
571047,1,2,8,95,2,,,,,,,,2,,,,,,,,,,,,,,,8,462.237.721.557.613
571047,1,3,8,95,2,,,,,,,,2,,,,,,,,,,,,,,,8,462.237.721.557.613
571047,1,4,8,95,2,,,,,,,,2,,,,,,,,,,,,,,,8,462.237.721.557.613
571047,1,5,8,95,2,,,,,,,,2,,,,,,,,,,,,,,,8,462.237.721.557.613
571048,1,1,8,95,2,,,,,,,,2,,,,,,,,,,,,,,,8,419.078.462.010.283
571048,1,2,8,95,2,,,,,,,,2,,,,,,,,,,,,,,,8,419.078.462.010.283
571048,1,3,8,95,2,,,,,,,,2,,,,,,,,,,,,,,,8,419.078.462.010.283
571048,1,4,8,95,2,,,,,,,,2,,,,,,,,,,,,,,,8,419.078.462.010.283
571048,1,5,8,95,2,,,,,,,,2,,,,,,,,,,,,,,,8,419.078.462.010.283
571048,1,6,8,95,2,,,,,,,,2,,,,,,,,,,,,,,,8,419.078.462.010.283
571048,1,7,8,95,2,,,,,,,,2,,,,,,,,,,,,,,,8,419.078.462.010.283
571049,1,1,8,95,2,,,,,,,,2,,,,,,,,,,,,,,,8,45.953.754.955.498
571050,1,1,8,95,2,,,,,,,,2,,,,,,,,,,,,,,,8,577.076.496.577.907
571050,1,2,8,95,2,,,,,,,,2,,,,,,,,,,,,,,,8,577.076.496.577.907
571051,1,1,8,95,2,,,,,,,,2,,,,,,,,,,,,,,,8,626.262.751.592.141
571051,1,2,8,95,2,,,,,,,,2,,,,,,,,,,,,,,,8,626.262.751.592.141
571052,1,1,8,95,2,,,,,,,,2,,,,,,,,,,,,,,,8,604.138.006.451.386
571052,1,2,8,95,2,,,,,,,,2,,,,,,,,,,,,,,,8,604.138.006.451.386
571052,1,3,8,95,2,,,,,,,,2,,,,,,,,,,,,,,,8,604.138.006.451.386
571053,1,1,8,95,2,,,,,,,,2,,,,,,,,,,,,,,,8,266.926.599.923.824
571053,1,2,8,95,2,,,,,,,,2,,,,,,,,,,,,,,,8,266.926.599.923.824
571053,1,3,8,95,2,,,,,,,,2,,,,,,,,,,,,,,,8,266.926.599.923.824
571054,1,1,8,95,2,,,,,,,,2,,,,,,,,,,,,,,,8,43.879.455.314.171
571054,1,2,8,95,2,,,,,,,,2,,,,,,,,,,,,,,,8,43.879.455.314.171
571055,1,1,8,95,2,,,,,,,,2,,,,,,,,,,,,,,,8,53.191.352.394.186
571055,1,2,8,95,2,,,,,,,,2,,,,,,,,,,,,,,,8,53.191.352.394.186
571055,1,4,8,95,2,,,,,,,,2,,,,,,,,,,,,,,,8,53.191.352.394.186
571056,1,1,8,95,2,,,,,,,,2,,,,,,,,,,,,,,,8,365.125.258.563.065
571056,1,2,8,95,2,,,,,,,,2,,,,,,,,,,,,,,,8,365.125.258.563.065
571057,1,1,8,95,2,,,,,,,,2,,,,,,,,,,,,,,,8,565.834.485.497.682
571057,1,2,8,95,2,,,,,,,,2,,,,,,,,,,,,,,,8,565.834.485.497.682
571057,1,3,8,95,2,,,,,,,,2,,,,,,,,,,,,,,,8,565.834.485.497.682
571057,1,4,8,95,2,,,,,,,,2,,,,,,,,,,,,,,,8,565.834.485.497.682
571057,1,5,8,95,2,,,,,,,,2,,,,,,,,,,,,,,,8,565.834.485.497.682
571057,1,6,8,95,2,,,,,,,,2,,,,,,,,,,,,,,,8,565.834.485.497.682
571060,1,1,8,95,2,,,,,,,,2,,,,,,,,,,,,,,,8,598.097.224.484.097
571060,1,2,8,95,2,,,,,,,,2,,,,,,,,,,,,,,,8,598.097.224.484.097
571060,1,3,8,95,2,,,,,,,,2,,,,,,,,,,,,,,,8,598.097.224.484.097
571061,1,1,8,95,2,,,,,,,,2,,,,,,,,,,,,,,,8,442.345.410.902.666
571061,1,2,8,95,2,,,,,,,,2,,,,,,,,,,,,,,,8,442.345.410.902.666
571061,1,3,8,95,2,,,,,,,,2,,,,,,,,,,,,,,,8,442.345.410.902.666
571061,1,4,8,95,2,,,,,,,,2,,,,,,,,,,,,,,,8,442.345.410.902.666
571061,1,5,8,95,2,,,,,,,,2,,,,,,,,,,,,,,,8,442.345.410.902.666
571061,1,6,8,95,2,,,,,,,,2,,,,,,,,,,,,,,,8,442.345.410.902.666
571062,1,1,8,95,2,,,,,,,,2,,,,,,,,,,,,,,,8,334.300.832.123.416
571062,1,2,8,95,2,,,,,,,,2,,,,,,,,,,,,,,,8,334.300.832.123.416
571062,1,3,8,95,2,,,,,,,,2,,,,,,,,,,,,,,,8,334.300.832.123.416
571062,1,4,8,95,2,,,,,,,,2,,,,,,,,,,,,,,,8,334.300.832.123.416
571062,1,6,8,95,2,,,,,,,,2,,,,,,,,,,,,,,,8,334.300.832.123.416
571063,1,1,8,95,2,,,,,,,,2,,,,,,,,,,,,,,,8,560.149.832.913.503
571063,1,2,8,95,2,,,,,,,,1,1,,2,,,,,1050000,,2,2,2,,2,8,560.149.832.913.503
571063,2,1,8,95,2,,,,,,,,2,,,,,,,,,,,,,,,8,560.149.832.913.503
571063,2,2,8,95,2,,,,,,,,2,,,,,,,,,,,,,,,8,560.149.832.913.503
571063,3,1,8,95,2,,,,,,,,2,,,,,,,,,,,,,,,8,560.149.832.913.503
571063,3,2,8,95,2,,,,,,,,2,,,,,,,,,,,,,,,8,560.149.832.913.503
571063,4,1,8,95,2,,,,,,,,2,,,,,,,,,,,,,,,8,560.149.832.913.503
571063,4,2,8,95,2,,,,,,,,2,,,,,,,,,,,,,,,8,560.149.832.913.503
571064,1,1,8,95,2,,,,,,,,2,,,,,,,,,,,,,,,8,504.564.911.928.762
571065,1,1,8,95,1,,2,1,,1200000,,2,2,,,,,,,,,,,,,,,8,50.542.892.490.726
571065,1,2,8,95,2,,,,,,,,2,,,,,,,,,,,,,,,8,50.542.892.490.726
571065,1,3,8,95,2,,,,,,,,2,,,,,,,,,,,,,,,8,50.542.892.490.726
571065,1,4,8,95,2,,,,,,,,2,,,,,,,,,,,,,,,8,50.542.892.490.726
571065,1,5,8,95,2,,,,,,,,2,,,,,,,,,,,,,,,8,50.542.892.490.726
571066,1,1,8,95,1,,2,1,,500000,,2,2,,,,,,,,,,,,,,,8,361.338.890.915.738
571066,1,2,8,95,2,,,,,,,,2,,,,,,,,,,,,,,,8,361.338.890.915.738
571067,1,1,8,95,2,,,,,,,,2,,,,,,,,,,,,,,,8,523.226.751.217.812
571067,1,2,8,95,2,,,,,,,,2,,,,,,,,,,,,,,,8,523.226.751.217.812
571069,1,1,8,95,1,,1,2,,,80000,2,2,,,,,,,,,,,,,,,8,603.627.583.546.502
571069,1,2,8,95,2,,,,,,,,2,,,,,,,,,,,,,,,8,603.627.583.546.502
571069,1,3,8,95,2,,,,,,,,2,,,,,,,,,,,,,,,8,603.627.583.546.502
571069,2,1,8,95,2,,,,,,,,2,,,,,,,,,,,,,,,8,603.627.583.546.502
571070,1,1,8,95,2,,,,,,,,1,2,,1,,,500000,,,,2,2,2,,2,8,479.461.804.012.245
571070,1,2,8,95,2,,,,,,,,2,,,,,,,,,,,,,,,8,479.461.804.012.245
571071,1,1,8,95,2,,,,,,,,2,,,,,,,,,,,,,,,8,525.668.597.900.185
571071,1,2,8,95,2,,,,,,,,2,,,,,,,,,,,,,,,8,525.668.597.900.185
571071,1,3,8,95,2,,,,,,,,2,,,,,,,,,,,,,,,8,525.668.597.900.185
571071,1,4,8,95,2,,,,,,,,2,,,,,,,,,,,,,,,8,525.668.597.900.185
571072,1,1,8,95,2,,,,,,,,1,2,,2,,,,,,200000,2,1,2,,2,8,562.827.786.327.675
571072,1,2,8,95,2,,,,,,,,2,,,,,,,,,,,,,,,8,562.827.786.327.675
571072,1,3,8,95,2,,,,,,,,2,,,,,,,,,,,,,,,8,562.827.786.327.675
571072,1,4,8,95,2,,,,,,,,2,,,,,,,,,,,,,,,8,562.827.786.327.675
571072,2,1,8,95,2,,,,,,,,2,,,,,,,,,,,,,,,8,562.827.786.327.675
571072,2,2,8,95,2,,,,,,,,2,,,,,,,,,,,,,,,8,562.827.786.327.675
571073,1,1,8,95,2,,,,,,,,2,,,,,,,,,,,,,,,8,425.530.819.153.488
571073,1,2,8,95,2,,,,,,,,2,,,,,,,,,,,,,,,8,425.530.819.153.488
571073,1,3,8,95,2,,,,,,,,2,,,,,,,,,,,,,,,8,425.530.819.153.488
571074,1,1,8,95,2,,,,,,,,1,2,,2,200000,,,,,,2,2,1,,2,8,338.103.885.825.673
571074,1,2,8,95,2,,,,,,,,2,,,,,,,,,,,,,,,8,338.103.885.825.673
571074,1,3,8,95,2,,,,,,,,2,,,,,,,,,,,,,,,8,338.103.885.825.673
571074,1,4,8,95,2,,,,,,,,2,,,,,,,,,,,,,,,8,338.103.885.825.673
571074,1,7,8,95,2,,,,,,,,2,,,,,,,,,,,,,,,8,338.103.885.825.673
571075,1,1,8,95,2,,,,,,,,2,,,,,,,,,,,,,,,8,55.927.692.856.672
571075,1,2,8,95,2,,,,,,,,2,,,,,,,,,,,,,,,8,55.927.692.856.672
571076,1,1,8,95,2,,,,,,,,2,,,,,,,,,,,,,,,8,525.668.597.900.185
571076,1,2,8,95,2,,,,,,,,2,,,,,,,,,,,,,,,8,525.668.597.900.185
571076,1,3,8,95,2,,,,,,,,2,,,,,,,,,,,,,,,8,525.668.597.900.185
571076,1,4,8,95,2,,,,,,,,2,,,,,,,,,,,,,,,8,525.668.597.900.185
571077,1,1,8,95,2,,,,,,,,2,,,,,,,,,,,,,,,8,515.009.254.786.235
571077,1,2,8,95,2,,,,,,,,2,,,,,,,,,,,,,,,8,515.009.254.786.235
571078,1,1,8,95,2,,,,,,,,2,,,,,,,,,,,,,,,8,558.600.221.172.719
571078,1,2,8,95,2,,,,,,,,2,,,,,,,,,,,,,,,8,558.600.221.172.719
571078,1,3,8,95,2,,,,,,,,2,,,,,,,,,,,,,,,8,558.600.221.172.719
571078,1,4,8,95,2,,,,,,,,2,,,,,,,,,,,,,,,8,558.600.221.172.719
571079,1,1,8,95,2,,,,,,,,1,1,,2,,,,,75000,100000,2,1,2,,2,8,466.269.087.305.025
571079,1,2,8,95,2,,,,,,,,2,,,,,,,,,,,,,,,8,466.269.087.305.025
571079,1,3,8,95,2,,,,,,,,2,,,,,,,,,,,,,,,8,466.269.087.305.025
571080,1,1,8,95,1,,2,1,,433700,,2,2,,,,,,,,,,,,,,,8,31.549.278.658.595
571080,1,2,8,95,2,,,,,,,,2,,,,,,,,,,,,,,,8,31.549.278.658.595
571080,1,3,8,95,2,,,,,,,,2,,,,,,,,,,,,,,,8,31.549.278.658.595
571080,1,4,8,95,2,,,,,,,,2,,,,,,,,,,,,,,,8,31.549.278.658.595
571081,1,1,8,95,2,,,,,,,,2,,,,,,,,,,,,,,,8,521.553.484.497.023
571081,1,2,8,95,2,,,,,,,,2,,,,,,,,,,,,,,,8,521.553.484.497.023
571082,1,1,8,95,2,,,,,,,,2,,,,,,,,,,,,,,,8,46.576.576.388.468
571082,1,2,8,95,2,,,,,,,,2,,,,,,,,,,,,,,,8,46.576.576.388.468
571082,1,3,8,95,2,,,,,,,,2,,,,,,,,,,,,,,,8,46.576.576.388.468
571084,1,1,8,95,2,,,,,,,,2,,,,,,,,,,,,,,,8,420.922.012.476.362
571084,1,2,8,95,2,,,,,,,,2,,,,,,,,,,,,,,,8,420.922.012.476.362
571084,1,3,8,95,2,,,,,,,,2,,,,,,,,,,,,,,,8,420.922.012.476.362
571085,1,1,8,95,2,,,,,,,,1,1,,2,,,,,100000,,2,2,2,,2,8,385.291.370.002.555
571085,1,2,8,95,2,,,,,,,,2,,,,,,,,,,,,,,,8,385.291.370.002.555
571085,2,1,8,95,2,,,,,,,,2,,,,,,,,,,,,,,,8,385.291.370.002.555
571085,2,2,8,95,2,,,,,,,,2,,,,,,,,,,,,,,,8,385.291.370.002.555
571085,2,3,8,95,2,,,,,,,,2,,,,,,,,,,,,,,,8,385.291.370.002.555
571085,2,4,8,95,2,,,,,,,,2,,,,,,,,,,,,,,,8,385.291.370.002.555
571085,2,5,8,95,2,,,,,,,,2,,,,,,,,,,,,,,,8,385.291.370.002.555
571086,1,1,8,95,2,,,,,,,,2,,,,,,,,,,,,,,,8,52.205.621.107.194
571086,1,2,8,95,2,,,,,,,,2,,,,,,,,,,,,,,,8,52.205.621.107.194
571087,1,1,8,95,2,,,,,,,,1,2,,2,,,,,,300000,2,1,2,,2,8,447.954.610.353.953
571087,1,2,8,95,2,,,,,,,,2,,,,,,,,,,,,,,,8,447.954.610.353.953
571088,1,1,8,95,2,,,,,,,,2,,,,,,,,,,,,,,,8,618.432.037.907.222
571088,1,2,8,95,2,,,,,,,,2,,,,,,,,,,,,,,,8,618.432.037.907.222
571088,1,3,8,95,2,,,,,,,,2,,,,,,,,,,,,,,,8,618.432.037.907.222
571088,1,6,8,95,2,,,,,,,,2,,,,,,,,,,,,,,,8,618.432.037.907.222
571088,1,7,8,95,2,,,,,,,,2,,,,,,,,,,,,,,,8,618.432.037.907.222
571089,1,1,8,95,2,,,,,,,,2,,,,,,,,,,,,,,,8,53.936.463.802.775
571089,1,2,8,95,2,,,,,,,,2,,,,,,,,,,,,,,,8,53.936.463.802.775
571089,1,3,8,95,2,,,,,,,,2,,,,,,,,,,,,,,,8,53.936.463.802.775
571092,1,1,8,95,1,,1,2,,,200000,2,2,,,,,,,,,,,,,,,8,578.524.475.629.984
571092,1,2,8,95,2,,,,,,,,2,,,,,,,,,,,,,,,8,578.524.475.629.984
571092,1,3,8,95,2,,,,,,,,2,,,,,,,,,,,,,,,8,578.524.475.629.984
571092,1,4,8,95,2,,,,,,,,2,,,,,,,,,,,,,,,8,578.524.475.629.984
571092,1,5,8,95,2,,,,,,,,2,,,,,,,,,,,,,,,8,578.524.475.629.984
571093,1,1,8,95,2,,,,,,,,2,,,,,,,,,,,,,,,8,363.780.737.598.111
571093,1,2,8,95,2,,,,,,,,2,,,,,,,,,,,,,,,8,363.780.737.598.111
571093,1,3,8,95,2,,,,,,,,2,,,,,,,,,,,,,,,8,363.780.737.598.111
571093,1,4,8,95,2,,,,,,,,2,,,,,,,,,,,,,,,8,363.780.737.598.111
571094,1,1,8,95,2,,,,,,,,2,,,,,,,,,,,,,,,8,623.539.874.085.472
571094,1,2,8,95,2,,,,,,,,2,,,,,,,,,,,,,,,8,623.539.874.085.472
571094,1,3,8,95,2,,,,,,,,2,,,,,,,,,,,,,,,8,623.539.874.085.472
571095,1,1,8,95,2,,,,,,,,2,,,,,,,,,,,,,,,8,406.533.234.567.642
571095,1,2,8,95,2,,,,,,,,2,,,,,,,,,,,,,,,8,406.533.234.567.642
571095,1,3,8,95,2,,,,,,,,2,,,,,,,,,,,,,,,8,406.533.234.567.642
571095,1,4,8,95,2,,,,,,,,2,,,,,,,,,,,,,,,8,406.533.234.567.642
571097,1,1,8,95,2,,,,,,,,2,,,,,,,,,,,,,,,8,400.087.876.965.399
571097,1,2,8,95,2,,,,,,,,2,,,,,,,,,,,,,,,8,400.087.876.965.399
571097,1,5,8,95,2,,,,,,,,2,,,,,,,,,,,,,,,8,400.087.876.965.399
571097,1,6,8,95,2,,,,,,,,2,,,,,,,,,,,,,,,8,400.087.876.965.399
571098,1,1,8,95,2,,,,,,,,2,,,,,,,,,,,,,,,8,450.327.399.902.631
571098,1,2,8,95,2,,,,,,,,2,,,,,,,,,,,,,,,8,450.327.399.902.631
571098,1,3,8,95,2,,,,,,,,2,,,,,,,,,,,,,,,8,450.327.399.902.631
571098,1,4,8,95,2,,,,,,,,2,,,,,,,,,,,,,,,8,450.327.399.902.631
571098,2,1,8,95,2,,,,,,,,2,,,,,,,,,,,,,,,8,450.327.399.902.631
571098,2,2,8,95,2,,,,,,,,2,,,,,,,,,,,,,,,8,450.327.399.902.631
571100,1,1,8,95,2,,,,,,,,2,,,,,,,,,,,,,,,8,332.530.076.866.604
571100,1,2,8,95,2,,,,,,,,2,,,,,,,,,,,,,,,8,332.530.076.866.604
571100,1,3,8,95,2,,,,,,,,2,,,,,,,,,,,,,,,8,332.530.076.866.604
571100,1,4,8,95,2,,,,,,,,2,,,,,,,,,,,,,,,8,332.530.076.866.604
571100,1,5,8,95,2,,,,,,,,2,,,,,,,,,,,,,,,8,332.530.076.866.604
571101,1,1,8,95,1,,2,1,,2500000,,2,2,,,,,,,,,,,,,,,8,420.020.578.151.815
571101,1,2,8,95,2,,,,,,,,2,,,,,,,,,,,,,,,8,420.020.578.151.815
571101,1,3,8,95,2,,,,,,,,2,,,,,,,,,,,,,,,8,420.020.578.151.815
571105,1,1,8,95,1,,2,1,,98,,2,2,,,,,,,,,,,,,,,8,400.498.728.517.973
571105,1,2,8,95,2,,,,,,,,2,,,,,,,,,,,,,,,8,400.498.728.517.973
571105,1,3,8,95,2,,,,,,,,2,,,,,,,,,,,,,,,8,400.498.728.517.973
571105,1,4,8,95,2,,,,,,,,2,,,,,,,,,,,,,,,8,400.498.728.517.973
571107,1,1,8,95,2,,,,,,,,2,,,,,,,,,,,,,,,8,562.292.519.105.012
571107,1,2,8,95,2,,,,,,,,2,,,,,,,,,,,,,,,8,562.292.519.105.012
571107,1,3,8,95,2,,,,,,,,2,,,,,,,,,,,,,,,8,562.292.519.105.012
571107,1,6,8,95,2,,,,,,,,2,,,,,,,,,,,,,,,8,562.292.519.105.012
571108,1,1,8,95,2,,,,,,,,2,,,,,,,,,,,,,,,8,528.110.444.582.558
571108,1,2,8,95,2,,,,,,,,2,,,,,,,,,,,,,,,8,528.110.444.582.558
571108,1,3,8,95,2,,,,,,,,2,,,,,,,,,,,,,,,8,528.110.444.582.558
571108,1,4,8,95,2,,,,,,,,2,,,,,,,,,,,,,,,8,528.110.444.582.558
571108,1,5,8,95,2,,,,,,,,2,,,,,,,,,,,,,,,8,528.110.444.582.558
571108,1,6,8,95,2,,,,,,,,2,,,,,,,,,,,,,,,8,528.110.444.582.558
571109,1,1,8,95,2,,,,,,,,2,,,,,,,,,,,,,,,8,450.360.637.452.512
571109,1,2,8,95,2,,,,,,,,2,,,,,,,,,,,,,,,8,450.360.637.452.512
571109,1,3,8,95,2,,,,,,,,2,,,,,,,,,,,,,,,8,450.360.637.452.512
571109,1,4,8,95,2,,,,,,,,2,,,,,,,,,,,,,,,8,450.360.637.452.512
571109,1,7,8,95,2,,,,,,,,2,,,,,,,,,,,,,,,8,450.360.637.452.512
571109,1,8,8,95,2,,,,,,,,2,,,,,,,,,,,,,,,8,450.360.637.452.512
571109,1,10,8,95,2,,,,,,,,2,,,,,,,,,,,,,,,8,450.360.637.452.512
571109,2,1,8,95,2,,,,,,,,2,,,,,,,,,,,,,,,8,450.360.637.452.512
571109,2,2,8,95,2,,,,,,,,2,,,,,,,,,,,,,,,8,450.360.637.452.512
571110,1,1,8,95,2,,,,,,,,2,,,,,,,,,,,,,,,8,441.174.870.756.794
571110,1,2,8,95,2,,,,,,,,2,,,,,,,,,,,,,,,8,441.174.870.756.794
571110,1,3,8,95,2,,,,,,,,1,2,,2,1100000,,,,,,2,2,1,,2,8,441.174.870.756.794
571110,1,4,8,95,2,,,,,,,,2,,,,,,,,,,,,,,,8,441.174.870.756.794
571110,1,5,8,95,2,,,,,,,,2,,,,,,,,,,,,,,,8,441.174.870.756.794
571110,1,6,8,95,2,,,,,,,,2,,,,,,,,,,,,,,,8,441.174.870.756.794
571111,1,1,8,95,1,,2,1,,950000,,2,2,,,,,,,,,,,,,,,8,43.879.455.314.171
571111,1,2,8,95,2,,,,,,,,2,,,,,,,,,,,,,,,8,43.879.455.314.171
571112,1,1,8,95,2,,,,,,,,2,,,,,,,,,,,,,,,8,365.648.840.424.564
571112,1,2,8,95,2,,,,,,,,2,,,,,,,,,,,,,,,8,365.648.840.424.564
571112,1,3,8,95,2,,,,,,,,2,,,,,,,,,,,,,,,8,365.648.840.424.564
571112,1,4,8,95,2,,,,,,,,1,2,,1,,,8000000,,,,2,2,2,,2,8,365.648.840.424.564
571112,1,5,8,95,2,,,,,,,,2,,,,,,,,,,,,,,,8,365.648.840.424.564
571112,1,7,8,95,2,,,,,,,,2,,,,,,,,,,,,,,,8,365.648.840.424.564
571113,1,1,8,95,2,,,,,,,,2,,,,,,,,,,,,,,,8,445.526.090.891.755
571113,1,2,8,95,2,,,,,,,,2,,,,,,,,,,,,,,,8,445.526.090.891.755
571113,1,3,8,95,2,,,,,,,,2,,,,,,,,,,,,,,,8,445.526.090.891.755
571113,1,4,8,95,2,,,,,,,,2,,,,,,,,,,,,,,,8,445.526.090.891.755
571114,1,1,8,95,2,,,,,,,,2,,,,,,,,,,,,,,,8,476.211.470.044.032
571114,1,2,8,95,2,,,,,,,,2,,,,,,,,,,,,,,,8,476.211.470.044.032
571114,1,5,8,95,2,,,,,,,,2,,,,,,,,,,,,,,,8,476.211.470.044.032
571114,1,6,8,95,2,,,,,,,,2,,,,,,,,,,,,,,,8,476.211.470.044.032
571114,1,7,8,95,2,,,,,,,,2,,,,,,,,,,,,,,,8,476.211.470.044.032
571114,1,8,8,95,2,,,,,,,,2,,,,,,,,,,,,,,,8,476.211.470.044.032
571115,1,1,8,95,2,,,,,,,,2,,,,,,,,,,,,,,,8,496.953.103.155.423
571115,1,2,8,95,2,,,,,,,,2,,,,,,,,,,,,,,,8,496.953.103.155.423
571115,1,3,8,95,2,,,,,,,,2,,,,,,,,,,,,,,,8,496.953.103.155.423
571116,1,1,8,95,2,,,,,,,,2,,,,,,,,,,,,,,,8,720.929.278.982.422
571116,1,2,8,95,2,,,,,,,,2,,,,,,,,,,,,,,,8,720.929.278.982.422
571116,1,3,8,95,2,,,,,,,,2,,,,,,,,,,,,,,,8,720.929.278.982.422
571116,1,4,8,95,2,,,,,,,,2,,,,,,,,,,,,,,,8,720.929.278.982.422
571116,1,5,8,95,2,,,,,,,,2,,,,,,,,,,,,,,,8,720.929.278.982.422
571116,1,9,8,95,2,,,,,,,,2,,,,,,,,,,,,,,,8,720.929.278.982.422
571117,1,1,8,95,2,,,,,,,,1,2,,2,,,,,,800000,2,1,2,,2,8,89.053.553.114.299
571117,1,2,8,95,2,,,,,,,,2,,,,,,,,,,,,,,,8,89.053.553.114.299
571118,1,1,8,95,2,,,,,,,,2,,,,,,,,,,,,,,,8,116.225.667.842.629
571118,1,2,8,95,2,,,,,,,,2,,,,,,,,,,,,,,,8,116.225.667.842.629
571118,1,7,8,95,2,,,,,,,,2,,,,,,,,,,,,,,,8,116.225.667.842.629
571119,1,1,8,95,2,,,,,,,,2,,,,,,,,,,,,,,,8,562.889.315.394.964
571119,1,2,8,95,2,,,,,,,,1,2,,1,,,470000,,,,2,2,2,,2,8,562.889.315.394.964
571119,1,3,8,95,2,,,,,,,,2,,,,,,,,,,,,,,,8,562.889.315.394.964
571119,1,4,8,95,2,,,,,,,,2,,,,,,,,,,,,,,,8,562.889.315.394.964
571120,1,1,8,95,2,,,,,,,,2,,,,,,,,,,,,,,,8,46.576.576.388.468
571120,1,2,8,95,2,,,,,,,,2,,,,,,,,,,,,,,,8,46.576.576.388.468
571120,1,3,8,95,2,,,,,,,,2,,,,,,,,,,,,,,,8,46.576.576.388.468
571123,1,1,8,95,2,,,,,,,,2,,,,,,,,,,,,,,,8,527.022.010.233.425
571123,1,2,8,95,2,,,,,,,,2,,,,,,,,,,,,,,,8,527.022.010.233.425
571123,1,3,8,95,2,,,,,,,,2,,,,,,,,,,,,,,,8,527.022.010.233.425
571123,1,5,8,95,2,,,,,,,,1,2,,2,,,,,,2400000,2,1,2,,2,8,527.022.010.233.425
571124,1,1,8,95,2,,,,,,,,2,,,,,,,,,,,,,,,8,423.715.515.415.933
571124,1,2,8,95,2,,,,,,,,1,2,,2,,,,,,9600000,2,1,2,,2,8,423.715.515.415.933
571124,1,3,8,95,2,,,,,,,,2,,,,,,,,,,,,,,,8,423.715.515.415.933
571124,1,4,8,95,2,,,,,,,,2,,,,,,,,,,,,,,,8,423.715.515.415.933
571124,1,5,8,95,2,,,,,,,,2,,,,,,,,,,,,,,,8,423.715.515.415.933
571124,1,6,8,95,2,,,,,,,,2,,,,,,,,,,,,,,,8,423.715.515.415.933
571124,1,7,8,95,2,,,,,,,,2,,,,,,,,,,,,,,,8,423.715.515.415.933
571125,1,1,8,95,1,,2,1,,1200000,,2,2,,,,,,,,,,,,,,,8,399.995.405.097.628
571125,1,2,8,95,2,,,,,,,,2,,,,,,,,,,,,,,,8,399.995.405.097.628
571125,1,3,8,95,2,,,,,,,,2,,,,,,,,,,,,,,,8,399.995.405.097.628
571125,1,4,8,95,2,,,,,,,,2,,,,,,,,,,,,,,,8,399.995.405.097.628
571127,1,1,8,95,2,,,,,,,,2,,,,,,,,,,,,,,,8,304.483.591.240.844
571127,1,2,8,95,2,,,,,,,,1,2,,2,,,,,,2400000,2,1,2,,2,8,304.483.591.240.844
571127,1,3,8,95,2,,,,,,,,2,,,,,,,,,,,,,,,8,304.483.591.240.844
571127,1,4,8,95,2,,,,,,,,2,,,,,,,,,,,,,,,8,304.483.591.240.844
571127,1,5,8,95,2,,,,,,,,2,,,,,,,,,,,,,,,8,304.483.591.240.844
571128,1,1,8,95,2,,,,,,,,2,,,,,,,,,,,,,,,8,543.724.749.530.997
571128,1,2,8,95,2,,,,,,,,2,,,,,,,,,,,,,,,8,543.724.749.530.997
571128,1,3,8,95,2,,,,,,,,2,,,,,,,,,,,,,,,8,543.724.749.530.997
571129,1,1,8,95,1,,1,2,,,300000,2,2,,,,,,,,,,,,,,,8,85.323.850.700.524
571129,1,2,8,95,2,,,,,,,,2,,,,,,,,,,,,,,,8,85.323.850.700.524
571129,1,3,8,95,2,,,,,,,,2,,,,,,,,,,,,,,,8,85.323.850.700.524
571129,1,4,8,95,1,,2,1,,1000000,,2,2,,,,,,,,,,,,,,,8,85.323.850.700.524
571129,1,5,8,95,2,,,,,,,,2,,,,,,,,,,,,,,,8,85.323.850.700.524
571130,1,1,8,95,2,,,,,,,,2,,,,,,,,,,,,,,,8,568.200.879.047.164
571130,1,2,8,95,2,,,,,,,,2,,,,,,,,,,,,,,,8,568.200.879.047.164
571130,2,1,8,95,2,,,,,,,,2,,,,,,,,,,,,,,,8,568.200.879.047.164
571130,2,2,8,95,2,,,,,,,,2,,,,,,,,,,,,,,,8,568.200.879.047.164
571130,3,1,8,95,2,,,,,,,,2,,,,,,,,,,,,,,,8,568.200.879.047.164
571130,3,2,8,95,2,,,,,,,,2,,,,,,,,,,,,,,,8,568.200.879.047.164
571131,1,1,8,95,2,,,,,,,,2,,,,,,,,,,,,,,,8,558.529.203.891.717
571131,1,2,8,95,2,,,,,,,,2,,,,,,,,,,,,,,,8,558.529.203.891.717
571131,1,3,8,95,2,,,,,,,,2,,,,,,,,,,,,,,,8,558.529.203.891.717
571131,1,4,8,95,2,,,,,,,,2,,,,,,,,,,,,,,,8,558.529.203.891.717
571132,1,1,8,95,2,,,,,,,,2,,,,,,,,,,,,,,,8,519.369.366.289.482
571132,1,2,8,95,2,,,,,,,,2,,,,,,,,,,,,,,,8,519.369.366.289.482
571133,1,1,8,95,2,,,,,,,,2,,,,,,,,,,,,,,,8,541.806.484.710.123
571133,1,2,8,95,2,,,,,,,,2,,,,,,,,,,,,,,,8,541.806.484.710.123
571133,1,3,8,95,2,,,,,,,,2,,,,,,,,,,,,,,,8,541.806.484.710.123
571133,1,5,8,95,2,,,,,,,,2,,,,,,,,,,,,,,,8,541.806.484.710.123
571133,1,6,8,95,2,,,,,,,,2,,,,,,,,,,,,,,,8,541.806.484.710.123
571134,1,1,8,95,2,,,,,,,,2,,,,,,,,,,,,,,,8,318.179.631.368.408
571134,1,2,8,95,2,,,,,,,,2,,,,,,,,,,,,,,,8,318.179.631.368.408
571134,1,3,8,95,2,,,,,,,,2,,,,,,,,,,,,,,,8,318.179.631.368.408
571134,1,4,8,95,2,,,,,,,,2,,,,,,,,,,,,,,,8,318.179.631.368.408
571135,1,1,8,95,2,,,,,,,,2,,,,,,,,,,,,,,,8,502.421.628.891.825
571135,1,2,8,95,2,,,,,,,,2,,,,,,,,,,,,,,,8,502.421.628.891.825
571135,1,3,8,95,2,,,,,,,,2,,,,,,,,,,,,,,,8,502.421.628.891.825
571135,1,6,8,95,2,,,,,,,,2,,,,,,,,,,,,,,,8,502.421.628.891.825
571135,1,7,8,95,2,,,,,,,,2,,,,,,,,,,,,,,,8,502.421.628.891.825
571136,1,1,8,95,2,,,,,,,,2,,,,,,,,,,,,,,,8,461.992.723.457.528
571136,1,2,8,95,2,,,,,,,,2,,,,,,,,,,,,,,,8,461.992.723.457.528
571136,1,3,8,95,2,,,,,,,,2,,,,,,,,,,,,,,,8,461.992.723.457.528
571136,1,4,8,95,2,,,,,,,,2,,,,,,,,,,,,,,,8,461.992.723.457.528
571136,1,5,8,95,2,,,,,,,,2,,,,,,,,,,,,,,,8,461.992.723.457.528
571136,1,6,8,95,2,,,,,,,,2,,,,,,,,,,,,,,,8,461.992.723.457.528
571136,1,7,8,95,2,,,,,,,,2,,,,,,,,,,,,,,,8,461.992.723.457.528
571140,1,1,8,95,2,,,,,,,,2,,,,,,,,,,,,,,,8,488.950.606.980.323
571140,1,2,8,95,2,,,,,,,,2,,,,,,,,,,,,,,,8,488.950.606.980.323
571140,1,3,8,95,2,,,,,,,,2,,,,,,,,,,,,,,,8,488.950.606.980.323
571140,1,4,8,95,2,,,,,,,,2,,,,,,,,,,,,,,,8,488.950.606.980.323
571141,1,1,8,95,2,,,,,,,,2,,,,,,,,,,,,,,,8,564.990.452.403.207
571141,1,2,8,95,2,,,,,,,,2,,,,,,,,,,,,,,,8,564.990.452.403.207
571142,1,1,8,95,2,,,,,,,,2,,,,,,,,,,,,,,,8,287.669.596.337.094
571142,1,2,8,95,2,,,,,,,,2,,,,,,,,,,,,,,,8,287.669.596.337.094
571143,1,1,8,95,2,,,,,,,,1,2,,2,,,,,,4500000,2,1,2,,2,8,543.139.041.756.782
571144,1,1,8,95,2,,,,,,,,1,2,,2,8000000,,,,,1200000,2,1,1,,2,8,445.267.765.571.495
571144,1,2,8,95,2,,,,,,,,2,,,,,,,,,,,,,,,8,445.267.765.571.495
571145,1,1,8,95,2,,,,,,,,2,,,,,,,,,,,,,,,8,441.739.723.244.428
571145,1,2,8,95,2,,,,,,,,2,,,,,,,,,,,,,,,8,441.739.723.244.428
571145,1,3,8,95,2,,,,,,,,2,,,,,,,,,,,,,,,8,441.739.723.244.428
571145,1,4,8,95,2,,,,,,,,2,,,,,,,,,,,,,,,8,441.739.723.244.428
571146,1,1,8,95,1,,1,2,,,800000,2,2,,,,,,,,,,,,,,,8,54.616.659.621.337
571146,1,2,8,95,2,,,,,,,,2,,,,,,,,,,,,,,,8,54.616.659.621.337
571146,1,3,8,95,2,,,,,,,,2,,,,,,,,,,,,,,,8,54.616.659.621.337
571146,1,4,8,95,2,,,,,,,,2,,,,,,,,,,,,,,,8,54.616.659.621.337
571146,1,5,8,95,2,,,,,,,,2,,,,,,,,,,,,,,,8,54.616.659.621.337
571147,1,1,8,95,2,,,,,,,,2,,,,,,,,,,,,,,,8,515.009.254.786.235
571147,1,2,8,95,2,,,,,,,,2,,,,,,,,,,,,,,,8,515.009.254.786.235
571148,1,1,8,95,1,,2,1,,2000000,,2,2,,,,,,,,,,,,,,,8,456.285.852.284.888
571148,1,2,8,95,2,,,,,,,,2,,,,,,,,,,,,,,,8,456.285.852.284.888
571148,1,3,8,95,2,,,,,,,,2,,,,,,,,,,,,,,,8,456.285.852.284.888
571149,1,1,8,95,2,,,,,,,,2,,,,,,,,,,,,,,,8,47.979.054.976.808
571149,1,2,8,95,2,,,,,,,,2,,,,,,,,,,,,,,,8,47.979.054.976.808
571149,1,3,8,95,2,,,,,,,,1,2,,2,,,,,,6000000,2,1,2,,2,8,47.979.054.976.808
571149,1,4,8,95,2,,,,,,,,2,,,,,,,,,,,,,,,8,47.979.054.976.808
571150,1,1,8,95,2,,,,,,,,2,,,,,,,,,,,,,,,8,40.636.625.328.952
571150,1,2,8,95,2,,,,,,,,2,,,,,,,,,,,,,,,8,40.636.625.328.952
571151,1,1,8,95,2,,,,,,,,2,,,,,,,,,,,,,,,8,419.323.460.110.368
571151,1,2,8,95,2,,,,,,,,2,,,,,,,,,,,,,,,8,419.323.460.110.368
571151,1,3,8,95,2,,,,,,,,2,,,,,,,,,,,,,,,8,419.323.460.110.368
571151,1,4,8,95,2,,,,,,,,2,,,,,,,,,,,,,,,8,419.323.460.110.368
571151,1,5,8,95,2,,,,,,,,2,,,,,,,,,,,,,,,8,419.323.460.110.368
571152,1,1,8,95,2,,,,,,,,2,,,,,,,,,,,,,,,8,498.697.387.157.215
571152,1,2,8,95,2,,,,,,,,2,,,,,,,,,,,,,,,8,498.697.387.157.215
571152,1,3,8,95,2,,,,,,,,2,,,,,,,,,,,,,,,8,498.697.387.157.215
571153,1,1,8,95,2,,,,,,,,2,,,,,,,,,,,,,,,8,422.350.139.164.398
571153,1,2,8,95,2,,,,,,,,2,,,,,,,,,,,,,,,8,422.350.139.164.398
571153,1,3,8,95,1,,2,2,85000,,,1,2,,,,,,,,,,,,,,,8,422.350.139.164.398
571153,1,4,8,95,2,,,,,,,,2,,,,,,,,,,,,,,,8,422.350.139.164.398
571153,1,5,8,95,2,,,,,,,,2,,,,,,,,,,,,,,,8,422.350.139.164.398
571154,1,1,8,95,2,,,,,,,,2,,,,,,,,,,,,,,,8,365.125.258.563.065
571154,1,2,8,95,2,,,,,,,,2,,,,,,,,,,,,,,,8,365.125.258.563.065
571155,1,1,8,95,2,,,,,,,,2,,,,,,,,,,,,,,,8,440.907.654.068.248
571155,1,2,8,95,2,,,,,,,,2,,,,,,,,,,,,,,,8,440.907.654.068.248
571156,1,1,8,95,2,,,,,,,,2,,,,,,,,,,,,,,,8,525.668.597.900.185
571156,1,2,8,95,2,,,,,,,,2,,,,,,,,,,,,,,,8,525.668.597.900.185
571156,1,3,8,95,2,,,,,,,,2,,,,,,,,,,,,,,,8,525.668.597.900.185
571156,1,4,8,95,2,,,,,,,,2,,,,,,,,,,,,,,,8,525.668.597.900.185
571157,1,1,8,95,1,,2,1,,433700,,2,2,,,,,,,,,,,,,,,8,46.711.917.621.792
571157,1,2,8,95,2,,,,,,,,2,,,,,,,,,,,,,,,8,46.711.917.621.792
571157,1,3,8,95,2,,,,,,,,2,,,,,,,,,,,,,,,8,46.711.917.621.792
571159,1,1,8,95,1,,1,1,,433000,1500000,2,2,,,,,,,,,,,,,,,8,853.728.503.205.411
571159,1,2,8,95,2,,,,,,,,2,,,,,,,,,,,,,,,8,853.728.503.205.411
571159,1,3,8,95,2,,,,,,,,2,,,,,,,,,,,,,,,8,853.728.503.205.411
571160,1,1,8,95,2,,,,,,,,2,,,,,,,,,,,,,,,8,109.504.001.709.322
571160,1,2,8,95,2,,,,,,,,2,,,,,,,,,,,,,,,8,109.504.001.709.322
571160,1,3,8,95,2,,,,,,,,2,,,,,,,,,,,,,,,8,109.504.001.709.322
571160,1,4,8,95,2,,,,,,,,1,2,,2,,,,,,1500000,2,1,2,,2,8,109.504.001.709.322
571160,1,6,8,95,2,,,,,,,,2,,,,,,,,,,,,,,,8,109.504.001.709.322
571162,1,1,8,95,2,,,,,,,,2,,,,,,,,,,,,,,,8,429.653.460.623.056
571162,1,2,8,95,2,,,,,,,,2,,,,,,,,,,,,,,,8,429.653.460.623.056
571162,1,3,8,95,2,,,,,,,,2,,,,,,,,,,,,,,,8,429.653.460.623.056
571162,1,4,8,95,2,,,,,,,,2,,,,,,,,,,,,,,,8,429.653.460.623.056
571162,1,5,8,95,2,,,,,,,,2,,,,,,,,,,,,,,,8,429.653.460.623.056
571163,1,1,8,95,2,,,,,,,,2,,,,,,,,,,,,,,,8,483.821.915.515.492
571163,1,2,8,95,2,,,,,,,,1,2,,2,,,,,,200000,2,1,2,,2,8,483.821.915.515.492
571164,1,1,8,95,2,,,,,,,,1,2,,2,,,,,,350000,2,1,2,,2,8,52.205.621.107.194
571164,1,2,8,95,2,,,,,,,,2,,,,,,,,,,,,,,,8,52.205.621.107.194
571165,1,1,8,95,2,,,,,,,,2,,,,,,,,,,,,,,,8,48.650.876.029.795
571165,1,2,8,95,2,,,,,,,,2,,,,,,,,,,,,,,,8,48.650.876.029.795
571166,1,1,8,95,2,,,,,,,,2,,,,,,,,,,,,,,,8,494.840.002.228.885
571166,1,2,8,95,2,,,,,,,,2,,,,,,,,,,,,,,,8,494.840.002.228.885
571166,1,3,8,95,2,,,,,,,,2,,,,,,,,,,,,,,,8,494.840.002.228.885
571167,1,1,8,95,2,,,,,,,,2,,,,,,,,,,,,,,,8,447.709.612.253.868
571167,1,2,8,95,2,,,,,,,,2,,,,,,,,,,,,,,,8,447.709.612.253.868
571167,1,3,8,95,2,,,,,,,,2,,,,,,,,,,,,,,,8,447.709.612.253.868
571167,1,4,8,95,2,,,,,,,,2,,,,,,,,,,,,,,,8,447.709.612.253.868
571168,1,1,8,95,2,,,,,,,,2,,,,,,,,,,,,,,,8,483.821.915.515.492
571168,1,2,8,95,2,,,,,,,,2,,,,,,,,,,,,,,,8,483.821.915.515.492
571169,1,1,8,95,2,,,,,,,,2,,,,,,,,,,,,,,,8,502.646.647.107.888
571169,1,2,8,95,2,,,,,,,,2,,,,,,,,,,,,,,,8,502.646.647.107.888
571169,1,4,8,95,2,,,,,,,,2,,,,,,,,,,,,,,,8,502.646.647.107.888
571170,1,1,8,95,2,,,,,,,,2,,,,,,,,,,,,,,,8,526.171.324.475.102
571170,1,2,8,95,2,,,,,,,,2,,,,,,,,,,,,,,,8,526.171.324.475.102
571170,2,1,8,95,2,,,,,,,,2,,,,,,,,,,,,,,,8,526.171.324.475.102
571170,2,2,8,95,2,,,,,,,,2,,,,,,,,,,,,,,,8,526.171.324.475.102
571171,1,1,8,95,2,,,,,,,,1,2,,2,,,,,,40000,2,1,2,,2,8,503.231.479.479.545
571172,1,1,8,95,2,,,,,,,,2,,,,,,,,,,,,,,,8,44.577.108.899.184
571172,1,2,8,95,2,,,,,,,,2,,,,,,,,,,,,,,,8,44.577.108.899.184
571173,1,1,8,95,2,,,,,,,,2,,,,,,,,,,,,,,,8,563.637.040.069.967
571173,1,2,8,95,2,,,,,,,,2,,,,,,,,,,,,,,,8,563.637.040.069.967
571174,1,1,8,95,2,,,,,,,,2,,,,,,,,,,,,,,,8,89.004.553.494.282
571174,1,2,8,95,2,,,,,,,,1,2,,2,2400000,,,,,,2,2,1,,2,8,89.004.553.494.282
571174,1,3,8,95,2,,,,,,,,2,,,,,,,,,,,,,,,8,89.004.553.494.282
571174,1,4,8,95,2,,,,,,,,2,,,,,,,,,,,,,,,8,89.004.553.494.282
571175,1,1,8,95,2,,,,,,,,2,,,,,,,,,,,,,,,8,479.461.804.012.245
571175,1,2,8,95,2,,,,,,,,2,,,,,,,,,,,,,,,8,479.461.804.012.245
571176,1,1,8,95,1,,1,1,,433700,300000,2,2,,,,,,,,,,,,,,,8,402.334.887.542.108
571176,1,2,8,95,2,,,,,,,,2,,,,,,,,,,,,,,,8,402.334.887.542.108
571176,1,3,8,95,2,,,,,,,,2,,,,,,,,,,,,,,,8,402.334.887.542.108
571176,1,4,8,95,2,,,,,,,,2,,,,,,,,,,,,,,,8,402.334.887.542.108
571177,1,1,8,95,1,,1,2,,,700000,2,2,,,,,,,,,,,,,,,8,525.668.597.900.185
571177,1,2,8,95,2,,,,,,,,2,,,,,,,,,,,,,,,8,525.668.597.900.185
571177,1,3,8,95,2,,,,,,,,2,,,,,,,,,,,,,,,8,525.668.597.900.185
571177,1,4,8,95,2,,,,,,,,2,,,,,,,,,,,,,,,8,525.668.597.900.185
571178,1,1,8,95,2,,,,,,,,2,,,,,,,,,,,,,,,8,40.636.625.328.952
571178,1,2,8,95,2,,,,,,,,2,,,,,,,,,,,,,,,8,40.636.625.328.952
571179,1,1,8,95,1,,2,1,,850000,,2,2,,,,,,,,,,,,,,,8,481.388.960.201.405
571179,1,2,8,95,2,,,,,,,,2,,,,,,,,,,,,,,,8,481.388.960.201.405
571180,1,1,8,95,1,,2,1,,433700,,2,2,,,,,,,,,,,,,,,8,416.133.291.907.565
571180,1,2,8,95,2,,,,,,,,1,2,,2,,,,,,1200000,2,1,2,,2,8,416.133.291.907.565
571180,1,3,8,95,2,,,,,,,,2,,,,,,,,,,,,,,,8,416.133.291.907.565
571180,1,5,8,95,2,,,,,,,,2,,,,,,,,,,,,,,,8,416.133.291.907.565
571180,1,6,8,95,2,,,,,,,,2,,,,,,,,,,,,,,,8,416.133.291.907.565
571181,1,1,8,95,2,,,,,,,,2,,,,,,,,,,,,,,,8,310.887.676.982.618
571181,1,2,8,95,2,,,,,,,,1,2,,2,2400000,,,,,,2,2,1,,2,8,310.887.676.982.618
571181,1,3,8,95,2,,,,,,,,2,,,,,,,,,,,,,,,8,310.887.676.982.618
571181,1,4,8,95,2,,,,,,,,2,,,,,,,,,,,,,,,8,310.887.676.982.618
571181,1,5,8,95,2,,,,,,,,2,,,,,,,,,,,,,,,8,310.887.676.982.618
571181,1,8,8,95,2,,,,,,,,2,,,,,,,,,,,,,,,8,310.887.676.982.618
571182,1,1,8,95,2,,,,,,,,2,,,,,,,,,,,,,,,8,405.032.820.840.303
571182,1,2,8,95,2,,,,,,,,2,,,,,,,,,,,,,,,8,405.032.820.840.303
571183,1,1,8,95,2,,,,,,,,2,,,,,,,,,,,,,,,8,46.602.408.920.494
571183,1,2,8,95,2,,,,,,,,2,,,,,,,,,,,,,,,8,46.602.408.920.494
571183,1,3,8,95,2,,,,,,,,2,,,,,,,,,,,,,,,8,46.602.408.920.494
571183,1,4,8,95,2,,,,,,,,2,,,,,,,,,,,,,,,8,46.602.408.920.494
571183,1,5,8,95,2,,,,,,,,2,,,,,,,,,,,,,,,8,46.602.408.920.494
571186,1,1,8,95,2,,,,,,,,2,,,,,,,,,,,,,,,8,50.542.892.490.726
571186,1,2,8,95,2,,,,,,,,2,,,,,,,,,,,,,,,8,50.542.892.490.726
571186,1,3,8,95,2,,,,,,,,2,,,,,,,,,,,,,,,8,50.542.892.490.726
571186,1,4,8,95,2,,,,,,,,2,,,,,,,,,,,,,,,8,50.542.892.490.726
571186,1,5,8,95,1,,2,1,,433700,,2,2,,,,,,,,,,,,,,,8,50.542.892.490.726
571187,1,1,8,95,2,,,,,,,,2,,,,,,,,,,,,,,,8,422.978.575.156.968
571187,1,2,8,95,2,,,,,,,,2,,,,,,,,,,,,,,,8,422.978.575.156.968
571187,1,3,8,95,2,,,,,,,,2,,,,,,,,,,,,,,,8,422.978.575.156.968
571187,1,4,8,95,2,,,,,,,,2,,,,,,,,,,,,,,,8,422.978.575.156.968
571187,2,1,8,95,2,,,,,,,,2,,,,,,,,,,,,,,,8,422.978.575.156.968
571187,2,2,8,95,2,,,,,,,,2,,,,,,,,,,,,,,,8,422.978.575.156.968
571187,3,1,8,95,2,,,,,,,,2,,,,,,,,,,,,,,,8,422.978.575.156.968
571187,3,2,8,95,2,,,,,,,,2,,,,,,,,,,,,,,,8,422.978.575.156.968
571188,1,1,8,95,2,,,,,,,,2,,,,,,,,,,,,,,,8,447.709.612.253.868
571188,1,2,8,95,2,,,,,,,,2,,,,,,,,,,,,,,,8,447.709.612.253.868
571188,1,3,8,95,2,,,,,,,,2,,,,,,,,,,,,,,,8,447.709.612.253.868
571188,1,4,8,95,2,,,,,,,,2,,,,,,,,,,,,,,,8,447.709.612.253.868
571189,1,1,8,95,2,,,,,,,,1,2,,2,,,,,,200000,2,1,2,,2,8,306.086.437.526.058
571189,1,2,8,95,2,,,,,,,,2,,,,,,,,,,,,,,,8,306.086.437.526.058
571189,1,3,8,95,2,,,,,,,,2,,,,,,,,,,,,,,,8,306.086.437.526.058
571189,1,4,8,95,2,,,,,,,,2,,,,,,,,,,,,,,,8,306.086.437.526.058
571189,1,5,8,95,2,,,,,,,,2,,,,,,,,,,,,,,,8,306.086.437.526.058
571191,1,1,8,95,2,,,,,,,,2,,,,,,,,,,,,,,,8,242.033.456.807.789
571191,1,2,8,95,2,,,,,,,,2,,,,,,,,,,,,,,,8,242.033.456.807.789
571191,1,3,8,95,2,,,,,,,,2,,,,,,,,,,,,,,,8,242.033.456.807.789
571191,1,4,8,95,1,,2,1,,800000,,2,2,,,,,,,,,,,,,,,8,242.033.456.807.789
571191,2,1,8,95,1,,2,1,,1000000,,2,2,,,,,,,,,,,,,,,8,242.033.456.807.789
571191,2,2,8,95,2,,,,,,,,2,,,,,,,,,,,,,,,8,242.033.456.807.789
571191,2,3,8,95,2,,,,,,,,2,,,,,,,,,,,,,,,8,242.033.456.807.789
571191,2,4,8,95,2,,,,,,,,2,,,,,,,,,,,,,,,8,242.033.456.807.789
571193,1,1,8,95,2,,,,,,,,2,,,,,,,,,,,,,,,8,49.995.980.232.543
571193,1,2,8,95,2,,,,,,,,2,,,,,,,,,,,,,,,8,49.995.980.232.543
571193,1,4,8,95,2,,,,,,,,2,,,,,,,,,,,,,,,8,49.995.980.232.543
571194,1,1,8,95,2,,,,,,,,2,,,,,,,,,,,,,,,8,525.062.910.241.947
571194,1,2,8,95,2,,,,,,,,2,,,,,,,,,,,,,,,8,525.062.910.241.947
571195,1,1,8,95,2,,,,,,,,2,,,,,,,,,,,,,,,8,475.101.692.508.998
571195,1,2,8,95,2,,,,,,,,2,,,,,,,,,,,,,,,8,475.101.692.508.998
571196,1,1,8,95,2,,,,,,,,2,,,,,,,,,,,,,,,8,52.205.621.107.194
571196,1,2,8,95,2,,,,,,,,2,,,,,,,,,,,,,,,8,52.205.621.107.194
571197,1,1,8,95,2,,,,,,,,2,,,,,,,,,,,,,,,8,561.216.048.674.175
571197,1,2,8,95,2,,,,,,,,2,,,,,,,,,,,,,,,8,561.216.048.674.175
571197,1,3,8,95,2,,,,,,,,2,,,,,,,,,,,,,,,8,561.216.048.674.175
571197,1,4,8,95,2,,,,,,,,2,,,,,,,,,,,,,,,8,561.216.048.674.175
571198,1,1,8,95,2,,,,,,,,2,,,,,,,,,,,,,,,8,459.405.003.206.689
571198,1,2,8,95,2,,,,,,,,2,,,,,,,,,,,,,,,8,459.405.003.206.689
571198,1,7,8,95,2,,,,,,,,2,,,,,,,,,,,,,,,8,459.405.003.206.689
571199,1,1,8,95,2,,,,,,,,2,,,,,,,,,,,,,,,8,565.073.433.602.505
571199,1,2,8,95,2,,,,,,,,2,,,,,,,,,,,,,,,8,565.073.433.602.505
571199,1,3,8,95,2,,,,,,,,2,,,,,,,,,,,,,,,8,565.073.433.602.505
571199,1,4,8,95,2,,,,,,,,2,,,,,,,,,,,,,,,8,565.073.433.602.505
571200,1,1,8,95,2,,,,,,,,2,,,,,,,,,,,,,,,8,434.189.443.538.377
571200,1,2,8,95,1,,1,2,,,45000,2,2,,,,,,,,,,,,,,,8,434.189.443.538.377
571200,2,1,8,95,2,,,,,,,,2,,,,,,,,,,,,,,,8,434.189.443.538.377
571200,2,2,8,95,2,,,,,,,,2,,,,,,,,,,,,,,,8,434.189.443.538.377
571201,1,1,8,95,1,,2,1,,1162000,,2,2,,,,,,,,,,,,,,,8,962.289.117.893.496
571201,1,2,8,95,2,,,,,,,,1,2,,2,,,,,,1000000,2,1,2,,2,8,962.289.117.893.496
571201,1,3,8,95,2,,,,,,,,2,,,,,,,,,,,,,,,8,962.289.117.893.496
571201,1,4,8,95,2,,,,,,,,2,,,,,,,,,,,,,,,8,962.289.117.893.496
571202,1,1,8,95,2,,,,,,,,2,,,,,,,,,,,,,,,8,521.308.486.396.938
571202,1,2,8,95,2,,,,,,,,2,,,,,,,,,,,,,,,8,521.308.486.396.938
571202,1,3,8,95,2,,,,,,,,2,,,,,,,,,,,,,,,8,521.308.486.396.938
571202,1,4,8,95,2,,,,,,,,2,,,,,,,,,,,,,,,8,521.308.486.396.938
571203,1,1,8,95,2,,,,,,,,2,,,,,,,,,,,,,,,8,498.452.389.057.129
571203,1,2,8,95,2,,,,,,,,2,,,,,,,,,,,,,,,8,498.452.389.057.129
571203,1,3,8,95,2,,,,,,,,2,,,,,,,,,,,,,,,8,498.452.389.057.129
571203,1,4,8,95,2,,,,,,,,2,,,,,,,,,,,,,,,8,498.452.389.057.129
571203,1,5,8,95,1,,2,1,,400000,,2,2,,,,,,,,,,,,,,,8,498.452.389.057.129
571204,1,1,8,95,2,,,,,,,,2,,,,,,,,,,,,,,,8,457.045.540.878.186
571204,1,2,8,95,2,,,,,,,,2,,,,,,,,,,,,,,,8,457.045.540.878.186
571204,1,5,8,95,2,,,,,,,,2,,,,,,,,,,,,,,,8,457.045.540.878.186
571205,1,1,8,95,2,,,,,,,,2,,,,,,,,,,,,,,,8,366.757.254.657.719
571205,1,2,8,95,2,,,,,,,,2,,,,,,,,,,,,,,,8,366.757.254.657.719
571205,1,3,8,95,2,,,,,,,,2,,,,,,,,,,,,,,,8,366.757.254.657.719
571205,1,4,8,95,2,,,,,,,,2,,,,,,,,,,,,,,,8,366.757.254.657.719
571205,1,5,8,95,2,,,,,,,,2,,,,,,,,,,,,,,,8,366.757.254.657.719
571205,1,6,8,95,2,,,,,,,,2,,,,,,,,,,,,,,,8,366.757.254.657.719
571205,2,1,8,95,2,,,,,,,,2,,,,,,,,,,,,,,,8,366.757.254.657.719
571205,2,2,8,95,2,,,,,,,,1,2,,2,,,,,,300000,2,1,2,,2,8,366.757.254.657.719
571207,1,1,8,95,2,,,,,,,,2,,,,,,,,,,,,,,,8,483.821.915.515.492
571207,1,2,8,95,2,,,,,,,,1,2,,2,,,,,,200000,2,1,2,,2,8,483.821.915.515.492
571208,1,1,8,95,2,,,,,,,,2,,,,,,,,,,,,,,,8,525.062.910.241.947
571208,1,2,8,95,2,,,,,,,,2,,,,,,,,,,,,,,,8,525.062.910.241.947
571209,1,1,8,95,1,,1,2,,,900000,2,2,,,,,,,,,,,,,,,8,443.349.500.750.621
571209,1,2,8,95,2,,,,,,,,2,,,,,,,,,,,,,,,8,443.349.500.750.621
571209,1,3,8,95,2,,,,,,,,2,,,,,,,,,,,,,,,8,443.349.500.750.621
571209,1,4,8,95,2,,,,,,,,2,,,,,,,,,,,,,,,8,443.349.500.750.621
571210,1,1,8,95,2,,,,,,,,2,,,,,,,,,,,,,,,8,504.564.911.928.762
571212,1,1,8,95,1,,1,2,,,2500000,2,2,,,,,,,,,,,,,,,8,101.522.489.253.875
571212,1,2,8,95,2,,,,,,,,2,,,,,,,,,,,,,,,8,101.522.489.253.875
571212,1,3,8,95,2,,,,,,,,2,,,,,,,,,,,,,,,8,101.522.489.253.875
571212,1,4,8,95,2,,,,,,,,2,,,,,,,,,,,,,,,8,101.522.489.253.875
571212,1,5,8,95,2,,,,,,,,2,,,,,,,,,,,,,,,8,101.522.489.253.875
571213,1,1,8,95,2,,,,,,,,2,,,,,,,,,,,,,,,8,805.364.499.760.171
571213,1,2,8,95,2,,,,,,,,2,,,,,,,,,,,,,,,8,805.364.499.760.171
571213,1,3,8,95,2,,,,,,,,2,,,,,,,,,,,,,,,8,805.364.499.760.171
571213,1,4,8,95,2,,,,,,,,2,,,,,,,,,,,,,,,8,805.364.499.760.171
571214,1,1,8,95,2,,,,,,,,1,2,,2,300000,,,,,,2,2,1,,2,8,52.591.359.600.027
571214,1,2,8,95,2,,,,,,,,2,,,,,,,,,,,,,,,8,52.591.359.600.027
571216,1,1,8,95,2,,,,,,,,2,,,,,,,,,,,,,,,8,55.927.692.856.672
571216,1,2,8,95,2,,,,,,,,2,,,,,,,,,,,,,,,8,55.927.692.856.672
571217,1,1,8,95,2,,,,,,,,2,,,,,,,,,,,,,,,8,539.385.981.213.652
571217,1,2,8,95,2,,,,,,,,2,,,,,,,,,,,,,,,8,539.385.981.213.652
571217,1,3,8,95,2,,,,,,,,2,,,,,,,,,,,,,,,8,539.385.981.213.652
571217,1,8,8,95,2,,,,,,,,1,2,,2,,,,,,400000,2,1,2,,2,8,539.385.981.213.652
571217,1,9,8,95,2,,,,,,,,1,2,,2,,,,,,400000,2,1,2,,2,8,539.385.981.213.652
571218,1,1,8,95,2,,,,,,,,2,,,,,,,,,,,,,,,8,519.369.366.289.482
571218,1,2,8,95,2,,,,,,,,2,,,,,,,,,,,,,,,8,519.369.366.289.482
571219,1,1,8,95,2,,,,,,,,2,,,,,,,,,,,,,,,8,563.637.040.069.967
571219,1,2,8,95,2,,,,,,,,2,,,,,,,,,,,,,,,8,563.637.040.069.967
571220,1,1,8,95,2,,,,,,,,2,,,,,,,,,,,,,,,8,498.626.369.876.212
571220,1,2,8,95,2,,,,,,,,2,,,,,,,,,,,,,,,8,498.626.369.876.212
571220,1,3,8,95,2,,,,,,,,2,,,,,,,,,,,,,,,8,498.626.369.876.212
571221,1,1,8,95,2,,,,,,,,2,,,,,,,,,,,,,,,8,563.637.040.069.967
571221,1,2,8,95,2,,,,,,,,2,,,,,,,,,,,,,,,8,563.637.040.069.967
571222,1,1,8,95,2,,,,,,,,2,,,,,,,,,,,,,,,8,45.953.754.955.498
571223,1,1,8,95,2,,,,,,,,1,2,,2,,,,,,200000,2,1,2,,2,8,361.338.890.915.738
571223,1,2,8,95,1,,2,1,,433700,,2,2,,,,,,,,,,,,,,,8,361.338.890.915.738
571224,1,1,8,95,2,,,,,,,,2,,,,,,,,,,,,,,,8,402.334.887.542.108
571224,1,2,8,95,2,,,,,,,,2,,,,,,,,,,,,,,,8,402.334.887.542.108
571224,1,3,8,95,2,,,,,,,,2,,,,,,,,,,,,,,,8,402.334.887.542.108
571224,1,4,8,95,2,,,,,,,,2,,,,,,,,,,,,,,,8,402.334.887.542.108
571225,1,1,8,95,2,,,,,,,,2,,,,,,,,,,,,,,,8,603.544.602.347.204
571225,1,2,8,95,2,,,,,,,,2,,,,,,,,,,,,,,,8,603.544.602.347.204
571226,1,1,8,95,1,,2,1,,434000,,2,2,,,,,,,,,,,,,,,8,467.622.499.638.266
571226,1,2,8,95,2,,,,,,,,1,2,,2,,,,,,50000,2,1,2,,2,8,467.622.499.638.266
571226,1,3,8,95,2,,,,,,,,2,,,,,,,,,,,,,,,8,467.622.499.638.266
571227,1,1,8,95,2,,,,,,,,2,,,,,,,,,,,,,,,8,463.078.919.102.222
571227,1,2,8,95,2,,,,,,,,2,,,,,,,,,,,,,,,8,463.078.919.102.222
571227,1,3,8,95,2,,,,,,,,2,,,,,,,,,,,,,,,8,463.078.919.102.222
571228,1,1,8,95,2,,,,,,,,1,2,,2,,,,,,200000,2,1,2,,2,8,479.461.804.012.245
571228,1,2,8,95,2,,,,,,,,2,,,,,,,,,,,,,,,8,479.461.804.012.245
571229,1,1,8,95,2,,,,,,,,1,2,,2,,,,,,300000,2,1,2,,2,8,441.410.977.488.593
571229,1,2,8,95,2,,,,,,,,2,,,,,,,,,,,,,,,8,441.410.977.488.593
571230,1,1,8,95,2,,,,,,,,2,,,,,,,,,,,,,,,8,483.821.915.515.492
571230,1,2,8,95,2,,,,,,,,2,,,,,,,,,,,,,,,8,483.821.915.515.492
571231,1,1,8,95,2,,,,,,,,2,,,,,,,,,,,,,,,8,40.636.625.328.952
571231,1,2,8,95,2,,,,,,,,2,,,,,,,,,,,,,,,8,40.636.625.328.952
571232,1,1,8,95,2,,,,,,,,2,,,,,,,,,,,,,,,8,447.709.612.253.868
571232,1,2,8,95,2,,,,,,,,2,,,,,,,,,,,,,,,8,447.709.612.253.868
571232,1,3,8,95,2,,,,,,,,2,,,,,,,,,,,,,,,8,447.709.612.253.868
571232,1,4,8,95,2,,,,,,,,2,,,,,,,,,,,,,,,8,447.709.612.253.868
571233,1,1,8,95,2,,,,,,,,2,,,,,,,,,,,,,,,8,519.369.366.289.482
571233,1,2,8,95,2,,,,,,,,2,,,,,,,,,,,,,,,8,519.369.366.289.482
571234,1,1,8,95,2,,,,,,,,2,,,,,,,,,,,,,,,8,504.319.913.828.677
571234,1,2,8,95,2,,,,,,,,2,,,,,,,,,,,,,,,8,504.319.913.828.677
571234,1,3,8,95,2,,,,,,,,2,,,,,,,,,,,,,,,8,504.319.913.828.677
571235,1,1,8,95,2,,,,,,,,1,2,,2,,,,,,100000,2,1,2,,2,8,405.032.820.840.303
571235,1,2,8,95,2,,,,,,,,2,,,,,,,,,,,,,,,8,405.032.820.840.303
571236,1,1,8,95,2,,,,,,,,2,,,,,,,,,,,,,,,8,504.564.911.928.762
571237,1,1,8,95,2,,,,,,,,2,,,,,,,,,,,,,,,8,52.372.947.779.273
571237,1,2,8,95,2,,,,,,,,2,,,,,,,,,,,,,,,8,52.372.947.779.273
571238,1,1,8,95,2,,,,,,,,2,,,,,,,,,,,,,,,8,582.884.587.133.232
571238,1,2,8,95,2,,,,,,,,1,2,,2,,,,,,200000,2,1,2,,2,8,582.884.587.133.232
571238,1,3,8,95,2,,,,,,,,2,,,,,,,,,,,,,,,8,582.884.587.133.232
571238,1,4,8,95,2,,,,,,,,2,,,,,,,,,,,,,,,8,582.884.587.133.232
571238,1,5,8,95,2,,,,,,,,2,,,,,,,,,,,,,,,8,582.884.587.133.232
571239,1,1,8,95,2,,,,,,,,2,,,,,,,,,,,,,,,8,922.811.304.762.866
571239,1,2,8,95,2,,,,,,,,2,,,,,,,,,,,,,,,8,922.811.304.762.866
571239,1,3,8,95,2,,,,,,,,2,,,,,,,,,,,,,,,8,922.811.304.762.866
571240,1,1,8,95,2,,,,,,,,2,,,,,,,,,,,,,,,8,581.211.320.412.442
571240,1,2,8,95,2,,,,,,,,2,,,,,,,,,,,,,,,8,581.211.320.412.442
571240,1,3,8,95,2,,,,,,,,2,,,,,,,,,,,,,,,8,581.211.320.412.442
571240,1,4,8,95,2,,,,,,,,2,,,,,,,,,,,,,,,8,581.211.320.412.442
571240,1,5,8,95,2,,,,,,,,2,,,,,,,,,,,,,,,8,581.211.320.412.442
571241,1,1,8,95,2,,,,,,,,2,,,,,,,,,,,,,,,8,522.990.644.486.013
571241,1,2,8,95,2,,,,,,,,2,,,,,,,,,,,,,,,8,522.990.644.486.013
571241,1,3,8,95,2,,,,,,,,2,,,,,,,,,,,,,,,8,522.990.644.486.013
571241,1,4,8,95,2,,,,,,,,2,,,,,,,,,,,,,,,8,522.990.644.486.013
571241,1,5,8,95,2,,,,,,,,2,,,,,,,,,,,,,,,8,522.990.644.486.013
571241,1,7,8,95,2,,,,,,,,2,,,,,,,,,,,,,,,8,522.990.644.486.013
571242,1,1,8,95,2,,,,,,,,2,,,,,,,,,,,,,,,8,419.252.442.829.366
571242,1,2,8,95,2,,,,,,,,2,,,,,,,,,,,,,,,8,419.252.442.829.366
571242,1,5,8,95,2,,,,,,,,2,,,,,,,,,,,,,,,8,419.252.442.829.366
571242,2,1,8,95,2,,,,,,,,2,,,,,,,,,,,,,,,8,419.252.442.829.366
571242,2,2,8,95,2,,,,,,,,2,,,,,,,,,,,,,,,8,419.252.442.829.366
571243,1,1,8,95,2,,,,,,,,2,,,,,,,,,,,,,,,8,519.369.366.289.482
571243,1,2,8,95,2,,,,,,,,2,,,,,,,,,,,,,,,8,519.369.366.289.482
571244,1,1,8,95,2,,,,,,,,1,2,,2,,,,,,200000,2,1,2,,2,8,663.530.417.562.007
571244,1,2,8,95,2,,,,,,,,2,,,,,,,,,,,,,,,8,663.530.417.562.007
571244,1,3,8,95,2,,,,,,,,2,,,,,,,,,,,,,,,8,663.530.417.562.007
571244,1,4,8,95,2,,,,,,,,2,,,,,,,,,,,,,,,8,663.530.417.562.007
571244,1,5,8,95,2,,,,,,,,2,,,,,,,,,,,,,,,8,663.530.417.562.007
571246,1,1,8,95,2,,,,,,,,1,2,,2,,,,,,98,2,1,2,,2,8,639.175.034.320.492
571246,1,2,8,95,2,,,,,,,,1,2,,2,,,,,,98,2,1,2,,2,8,639.175.034.320.492
571246,1,3,8,95,2,,,,,,,,2,,,,,,,,,,,,,,,8,639.175.034.320.492
571246,1,4,8,95,2,,,,,,,,2,,,,,,,,,,,,,,,8,639.175.034.320.492
571247,1,1,8,95,2,,,,,,,,2,,,,,,,,,,,,,,,8,626.456.752.670.782
571247,1,2,8,95,1,,1,2,,,70000,2,2,,,,,,,,,,,,,,,8,626.456.752.670.782
571247,1,3,8,95,2,,,,,,,,2,,,,,,,,,,,,,,,8,626.456.752.670.782
571247,1,4,8,95,2,,,,,,,,2,,,,,,,,,,,,,,,8,626.456.752.670.782
571247,1,5,8,95,2,,,,,,,,2,,,,,,,,,,,,,,,8,626.456.752.670.782
571247,1,9,8,95,2,,,,,,,,2,,,,,,,,,,,,,,,8,626.456.752.670.782
571247,2,1,8,95,1,,2,2,300000,,,1,2,,,,,,,,,,,,,,,8,626.456.752.670.782
571247,2,2,8,95,2,,,,,,,,2,,,,,,,,,,,,,,,8,626.456.752.670.782
571247,2,3,8,95,2,,,,,,,,2,,,,,,,,,,,,,,,8,626.456.752.670.782
571247,2,4,8,95,2,,,,,,,,2,,,,,,,,,,,,,,,8,626.456.752.670.782
571248,1,1,8,95,2,,,,,,,,2,,,,,,,,,,,,,,,8,48.650.876.029.795
571248,1,2,8,95,2,,,,,,,,2,,,,,,,,,,,,,,,8,48.650.876.029.795
571249,1,1,8,95,2,,,,,,,,2,,,,,,,,,,,,,,,8,505.673.326.161.918
571249,1,2,8,95,2,,,,,,,,2,,,,,,,,,,,,,,,8,505.673.326.161.918
571249,1,4,8,95,2,,,,,,,,2,,,,,,,,,,,,,,,8,505.673.326.161.918
571250,1,1,8,95,2,,,,,,,,2,,,,,,,,,,,,,,,8,426.966.615.840.598
571250,1,2,8,95,1,,1,2,,,300000,2,2,,,,,,,,,,,,,,,8,426.966.615.840.598
571250,1,3,8,95,2,,,,,,,,2,,,,,,,,,,,,,,,8,426.966.615.840.598
571250,1,4,8,95,2,,,,,,,,2,,,,,,,,,,,,,,,8,426.966.615.840.598
571250,1,5,8,95,2,,,,,,,,2,,,,,,,,,,,,,,,8,426.966.615.840.598
571251,1,1,8,95,2,,,,,,,,2,,,,,,,,,,,,,,,8,425.293.349.119.809
571251,1,2,8,95,2,,,,,,,,2,,,,,,,,,,,,,,,8,425.293.349.119.809
571251,1,3,8,95,2,,,,,,,,2,,,,,,,,,,,,,,,8,425.293.349.119.809
571251,1,4,8,95,2,,,,,,,,2,,,,,,,,,,,,,,,8,425.293.349.119.809
571251,1,5,8,95,2,,,,,,,,2,,,,,,,,,,,,,,,8,425.293.349.119.809
571252,1,1,8,95,2,,,,,,,,2,,,,,,,,,,,,,,,8,95.892.360.802.449
571252,1,2,8,95,2,,,,,,,,2,,,,,,,,,,,,,,,8,95.892.360.802.449
571253,1,1,8,95,1,,2,1,,1000000,,2,2,,,,,,,,,,,,,,,8,43.879.455.314.171
571253,1,2,8,95,2,,,,,,,,2,,,,,,,,,,,,,,,8,43.879.455.314.171
571254,1,1,8,95,2,,,,,,,,2,,,,,,,,,,,,,,,8,290.111.443.019.466
571254,1,2,8,95,1,,2,1,,433700,,2,2,,,,,,,,,,,,,,,8,290.111.443.019.466
571254,1,3,8,95,2,,,,,,,,2,,,,,,,,,,,,,,,8,290.111.443.019.466
571254,1,4,8,95,2,,,,,,,,2,,,,,,,,,,,,,,,8,290.111.443.019.466
571255,1,1,8,95,2,,,,,,,,2,,,,,,,,,,,,,,,8,463.798.352.259.817
571255,1,2,8,95,2,,,,,,,,2,,,,,,,,,,,,,,,8,463.798.352.259.817
571255,1,3,8,95,2,,,,,,,,2,,,,,,,,,,,,,,,8,463.798.352.259.817
571255,1,4,8,95,2,,,,,,,,2,,,,,,,,,,,,,,,8,463.798.352.259.817
571255,1,9,8,95,2,,,,,,,,2,,,,,,,,,,,,,,,8,463.798.352.259.817
571255,1,10,8,95,2,,,,,,,,2,,,,,,,,,,,,,,,8,463.798.352.259.817
571256,1,1,11,95,2,,,,,,,,2,,,,,,,,,,,,,,,11,204.805.436.243.124
571256,1,2,11,95,2,,,,,,,,2,,,,,,,,,,,,,,,11,204.805.436.243.124
571257,1,1,11,95,2,,,,,,,,2,,,,,,,,,,,,,,,11,252.811.554.733.396
571257,1,2,11,95,2,,,,,,,,2,,,,,,,,,,,,,,,11,252.811.554.733.396
571257,1,3,11,95,2,,,,,,,,2,,,,,,,,,,,,,,,11,252.811.554.733.396
571258,1,1,11,95,2,,,,,,,,2,,,,,,,,,,,,,,,11,354.011.090.870.182
571258,1,2,11,95,2,,,,,,,,2,,,,,,,,,,,,,,,11,354.011.090.870.182
571259,1,1,11,95,2,,,,,,,,2,,,,,,,,,,,,,,,11,21.488.230.429.183
571259,1,2,11,95,2,,,,,,,,2,,,,,,,,,,,,,,,11,21.488.230.429.183
571259,1,3,11,95,2,,,,,,,,2,,,,,,,,,,,,,,,11,21.488.230.429.183
571259,1,4,11,95,2,,,,,,,,2,,,,,,,,,,,,,,,11,21.488.230.429.183
571259,1,5,11,95,2,,,,,,,,2,,,,,,,,,,,,,,,11,21.488.230.429.183
571259,1,6,11,95,2,,,,,,,,2,,,,,,,,,,,,,,,11,21.488.230.429.183
571260,1,1,11,95,1,,2,1,,1100000,,2,2,,,,,,,,,,,,,,,11,219.651.806.605.727
571260,1,2,11,95,2,,,,,,,,2,,,,,,,,,,,,,,,11,219.651.806.605.727
571261,1,1,11,95,2,,,,,,,,2,,,,,,,,,,,,,,,11,232.801.976.938.325
571261,1,2,11,95,2,,,,,,,,2,,,,,,,,,,,,,,,11,232.801.976.938.325
571261,1,3,11,95,2,,,,,,,,2,,,,,,,,,,,,,,,11,232.801.976.938.325
571261,1,4,11,95,2,,,,,,,,2,,,,,,,,,,,,,,,11,232.801.976.938.325
571262,1,1,11,95,2,,,,,,,,2,,,,,,,,,,,,,,,11,293.537.113.415.886
571262,1,2,11,95,2,,,,,,,,2,,,,,,,,,,,,,,,11,293.537.113.415.886
571263,1,1,11,95,1,,2,1,,2000000,,2,2,,,,,,,,,,,,,,,11,199.683.460.550.661
571263,1,2,11,95,2,,,,,,,,2,,,,,,,,,,,,,,,11,199.683.460.550.661
571264,1,1,11,95,1,,2,1,,433700,,2,2,,,,,,,,,,,,,,,11,26.394.723.743.629
571264,1,2,11,95,2,,,,,,,,2,,,,,,,,,,,,,,,11,26.394.723.743.629
571265,1,1,11,95,2,,,,,,,,2,,,,,,,,,,,,,,,11,154.826.406.491.673
571265,1,2,11,95,2,,,,,,,,2,,,,,,,,,,,,,,,11,154.826.406.491.673
571265,1,3,11,95,2,,,,,,,,2,,,,,,,,,,,,,,,11,154.826.406.491.673
571266,1,1,11,95,1,,2,1,,433700,,2,2,,,,,,,,,,,,,,,11,127.639.572.884.122
571266,1,2,11,95,2,,,,,,,,2,,,,,,,,,,,,,,,11,127.639.572.884.122
571266,1,3,11,95,2,,,,,,,,2,,,,,,,,,,,,,,,11,127.639.572.884.122
571266,1,4,11,95,1,,2,1,,433700,,2,2,,,,,,,,,,,,,,,11,127.639.572.884.122
571267,1,1,11,95,1,,1,2,,,350000,2,2,,,,,,,,,,,,,,,11,199.683.460.550.661
571267,1,2,11,95,2,,,,,,,,2,,,,,,,,,,,,,,,11,199.683.460.550.661
571268,1,1,11,95,2,,,,,,,,2,,,,,,,,,,,,,,,11,24.399.759.329.708
571268,1,3,11,95,2,,,,,,,,2,,,,,,,,,,,,,,,11,24.399.759.329.708
571269,1,1,11,95,2,,,,,,,,2,,,,,,,,,,,,,,,11,219.150.117.033.163
571269,1,3,11,95,2,,,,,,,,2,,,,,,,,,,,,,,,11,219.150.117.033.163
571270,1,1,11,95,2,,,,,,,,2,,,,,,,,,,,,,,,11,309.977.360.409.186
571270,1,2,11,95,2,,,,,,,,2,,,,,,,,,,,,,,,11,309.977.360.409.186
571270,1,3,11,95,2,,,,,,,,2,,,,,,,,,,,,,,,11,309.977.360.409.186
571270,1,5,11,95,2,,,,,,,,2,,,,,,,,,,,,,,,11,309.977.360.409.186
571270,1,6,11,95,2,,,,,,,,2,,,,,,,,,,,,,,,11,309.977.360.409.186
571271,1,1,11,95,2,,,,,,,,1,2,,2,,,,,,6000000,2,1,2,,2,11,239.952.034.032.991
571271,1,2,11,95,2,,,,,,,,2,,,,,,,,,,,,,,,11,239.952.034.032.991
571272,1,1,11,95,1,,1,2,,,800000,2,2,,,,,,,,,,,,,,,11,291.279.461.326.599
571272,1,2,11,95,2,,,,,,,,2,,,,,,,,,,,,,,,11,291.279.461.326.599
571273,1,1,11,95,2,,,,,,,,2,,,,,,,,,,,,,,,11,297.329.956.670.098
571273,1,2,11,95,2,,,,,,,,2,,,,,,,,,,,,,,,11,297.329.956.670.098
571273,1,3,11,95,2,,,,,,,,2,,,,,,,,,,,,,,,11,297.329.956.670.098
571273,1,4,11,95,2,,,,,,,,2,,,,,,,,,,,,,,,11,297.329.956.670.098
571273,1,6,11,95,2,,,,,,,,2,,,,,,,,,,,,,,,11,297.329.956.670.098
571273,2,1,11,95,2,,,,,,,,2,,,,,,,,,,,,,,,11,297.329.956.670.098
571273,2,2,11,95,2,,,,,,,,2,,,,,,,,,,,,,,,11,297.329.956.670.098
571273,2,3,11,95,2,,,,,,,,2,,,,,,,,,,,,,,,11,297.329.956.670.098
571273,2,4,11,95,2,,,,,,,,2,,,,,,,,,,,,,,,11,297.329.956.670.098
571274,1,1,11,95,2,,,,,,,,2,,,,,,,,,,,,,,,11,293.537.113.415.886
571274,1,2,11,95,2,,,,,,,,2,,,,,,,,,,,,,,,11,293.537.113.415.886
571275,1,1,11,95,1,,1,1,,1500000,1000000,2,2,,,,,,,,,,,,,,,11,267.897.297.947.211
571276,1,1,11,95,2,,,,,,,,2,,,,,,,,,,,,,,,11,232.801.976.938.325
571276,1,2,11,95,1,,1,2,,,2100000,2,2,,,,,,,,,,,,,,,11,232.801.976.938.325
571276,1,3,11,95,2,,,,,,,,2,,,,,,,,,,,,,,,11,232.801.976.938.325
571276,1,4,11,95,2,,,,,,,,2,,,,,,,,,,,,,,,11,232.801.976.938.325
571277,1,1,11,95,2,,,,,,,,2,,,,,,,,,,,,,,,11,259.182.854.830.777
571277,1,2,11,95,2,,,,,,,,2,,,,,,,,,,,,,,,11,259.182.854.830.777
571277,1,3,11,95,2,,,,,,,,2,,,,,,,,,,,,,,,11,259.182.854.830.777
571278,1,1,11,95,2,,,,,,,,2,,,,,,,,,,,,,,,11,284.809.088.091.978
571282,1,1,11,95,2,,,,,,,,2,,,,,,,,,,,,,,,11,285.101.140.313.854
571282,1,2,11,95,2,,,,,,,,2,,,,,,,,,,,,,,,11,285.101.140.313.854
571282,1,3,11,95,2,,,,,,,,2,,,,,,,,,,,,,,,11,285.101.140.313.854
571283,1,1,11,95,2,,,,,,,,2,,,,,,,,,,,,,,,11,289.395.220.282.641
571283,1,2,11,95,2,,,,,,,,2,,,,,,,,,,,,,,,11,289.395.220.282.641
571283,1,3,11,95,2,,,,,,,,2,,,,,,,,,,,,,,,11,289.395.220.282.641
571283,2,1,11,95,2,,,,,,,,2,,,,,,,,,,,,,,,11,289.395.220.282.641
571283,2,2,11,95,2,,,,,,,,2,,,,,,,,,,,,,,,11,289.395.220.282.641
571283,2,3,11,95,2,,,,,,,,2,,,,,,,,,,,,,,,11,289.395.220.282.641
571284,1,1,11,95,2,,,,,,,,2,,,,,,,,,,,,,,,11,179.578.166.926.894
571284,1,2,11,95,2,,,,,,,,2,,,,,,,,,,,,,,,11,179.578.166.926.894
571284,1,3,11,95,2,,,,,,,,2,,,,,,,,,,,,,,,11,179.578.166.926.894
571284,1,4,11,95,2,,,,,,,,2,,,,,,,,,,,,,,,11,179.578.166.926.894
571284,1,5,11,95,2,,,,,,,,2,,,,,,,,,,,,,,,11,179.578.166.926.894
571286,1,1,11,95,1,,2,1,,2381000,,2,2,,,,,,,,,,,,,,,11,258.743.345.198.131
571286,1,2,11,95,2,,,,,,,,2,,,,,,,,,,,,,,,11,258.743.345.198.131
571286,1,3,11,95,2,,,,,,,,2,,,,,,,,,,,,,,,11,258.743.345.198.131
571286,1,4,11,95,2,,,,,,,,2,,,,,,,,,,,,,,,11,258.743.345.198.131
571287,1,1,11,95,1,,1,1,,2000000,530000,2,2,,,,,,,,,,,,,,,11,222.148.888.249.504
571287,1,2,11,95,2,,,,,,,,2,,,,,,,,,,,,,,,11,222.148.888.249.504
571288,1,1,11,95,1,,2,1,,1700000,,2,2,,,,,,,,,,,,,,,11,171.243.516.862.773
571288,1,2,11,95,2,,,,,,,,2,,,,,,,,,,,,,,,11,171.243.516.862.773
571288,1,3,11,95,1,,2,1,,360000,,2,2,,,,,,,,,,,,,,,11,171.243.516.862.773
571288,1,4,11,95,1,,2,1,,360000,,2,2,,,,,,,,,,,,,,,11,171.243.516.862.773
571289,1,1,11,95,2,,,,,,,,2,,,,,,,,,,,,,,,11,312.444.951.444.034
571289,1,4,11,95,2,,,,,,,,1,2,,1,,,98,,,400000,2,1,2,,2,11,312.444.951.444.034
571290,1,1,11,95,2,,,,,,,,2,,,,,,,,,,,,,,,11,296.535.884.632.226
571290,1,2,11,95,2,,,,,,,,2,,,,,,,,,,,,,,,11,296.535.884.632.226
571291,1,1,11,95,2,,,,,,,,2,,,,,,,,,,,,,,,11,204.521.359.019.508
571291,1,2,11,95,2,,,,,,,,2,,,,,,,,,,,,,,,11,204.521.359.019.508
571291,1,3,11,95,2,,,,,,,,2,,,,,,,,,,,,,,,11,204.521.359.019.508
571292,1,1,11,95,2,,,,,,,,1,2,,1,700000,,650000,,,,2,2,1,,2,11,357.094.585.937.528
571292,1,2,11,95,2,,,,,,,,2,,,,,,,,,,,,,,,11,357.094.585.937.528
571292,1,3,11,95,2,,,,,,,,2,,,,,,,,,,,,,,,11,357.094.585.937.528
571293,1,1,11,95,2,,,,,,,,2,,,,,,,,,,,,,,,11,268.994.566.070.613
571294,1,1,11,95,1,,2,2,200000,,,1,1,2,,2,,,,,,12000000,2,1,2,,2,11,358.526.006.569.391
571294,1,2,11,95,2,,,,,,,,2,,,,,,,,,,,,,,,11,358.526.006.569.391
571295,1,1,11,95,2,,,,,,,,2,,,,,,,,,,,,,,,11,220.924.887.183.134
571296,1,1,11,95,2,,,,,,,,2,,,,,,,,,,,,,,,11,290.078.648.422.437
571296,1,3,11,95,2,,,,,,,,1,2,,1,500000,,350000,,,,2,2,1,,2,11,290.078.648.422.437
571297,1,1,11,95,2,,,,,,,,2,,,,,,,,,,,,,,,11,22.924.438.726.763
571297,1,2,11,95,2,,,,,,,,2,,,,,,,,,,,,,,,11,22.924.438.726.763
571297,1,3,11,95,2,,,,,,,,2,,,,,,,,,,,,,,,11,22.924.438.726.763
571297,1,4,11,95,2,,,,,,,,2,,,,,,,,,,,,,,,11,22.924.438.726.763
571298,1,1,11,95,1,,1,2,,,200000,2,2,,,,,,,,,,,,,,,11,237.901.400.834.795
571298,1,2,11,95,2,,,,,,,,2,,,,,,,,,,,,,,,11,237.901.400.834.795
571298,1,3,11,95,2,,,,,,,,2,,,,,,,,,,,,,,,11,237.901.400.834.795
571298,1,4,11,95,2,,,,,,,,2,,,,,,,,,,,,,,,11,237.901.400.834.795
571298,1,5,11,95,2,,,,,,,,2,,,,,,,,,,,,,,,11,237.901.400.834.795
571298,1,6,11,95,2,,,,,,,,2,,,,,,,,,,,,,,,11,237.901.400.834.795
571298,1,7,11,95,2,,,,,,,,2,,,,,,,,,,,,,,,11,237.901.400.834.795
571299,1,1,11,95,1,,2,1,,5000000,,2,2,,,,,,,,,,,,,,,11,15.582.241.964.436
571299,1,2,11,95,2,,,,,,,,2,,,,,,,,,,,,,,,11,15.582.241.964.436
571299,1,3,11,95,2,,,,,,,,2,,,,,,,,,,,,,,,11,15.582.241.964.436
571299,1,4,11,95,2,,,,,,,,2,,,,,,,,,,,,,,,11,15.582.241.964.436
571300,1,1,11,95,2,,,,,,,,2,,,,,,,,,,,,,,,11,278.883.032.063.682
571300,1,2,11,95,2,,,,,,,,2,,,,,,,,,,,,,,,11,278.883.032.063.682
571300,1,3,11,95,2,,,,,,,,2,,,,,,,,,,,,,,,11,278.883.032.063.682
571300,1,4,11,95,2,,,,,,,,2,,,,,,,,,,,,,,,11,278.883.032.063.682
571301,1,1,11,95,2,,,,,,,,2,,,,,,,,,,,,,,,11,178.438.140.558.146
571301,1,2,11,95,2,,,,,,,,2,,,,,,,,,,,,,,,11,178.438.140.558.146
571301,1,3,11,95,2,,,,,,,,2,,,,,,,,,,,,,,,11,178.438.140.558.146
571301,1,4,11,95,2,,,,,,,,2,,,,,,,,,,,,,,,11,178.438.140.558.146
571301,1,5,11,95,2,,,,,,,,2,,,,,,,,,,,,,,,11,178.438.140.558.146
571301,1,6,11,95,2,,,,,,,,2,,,,,,,,,,,,,,,11,178.438.140.558.146
571302,1,1,11,95,2,,,,,,,,1,2,,2,,,,,,500000,2,1,2,,2,11,244.696.468.879.278
571302,1,2,11,95,2,,,,,,,,2,,,,,,,,,,,,,,,11,244.696.468.879.278
571302,1,3,11,95,2,,,,,,,,2,,,,,,,,,,,,,,,11,244.696.468.879.278
571302,1,4,11,95,2,,,,,,,,2,,,,,,,,,,,,,,,11,244.696.468.879.278
571302,1,5,11,95,2,,,,,,,,2,,,,,,,,,,,,,,,11,244.696.468.879.278
571303,1,1,11,95,2,,,,,,,,2,,,,,,,,,,,,,,,11,279.192.432.625.847
571303,1,2,11,95,2,,,,,,,,2,,,,,,,,,,,,,,,11,279.192.432.625.847
571305,1,1,11,95,1,,1,2,,,500000,2,2,,,,,,,,,,,,,,,11,210.422.091.709.256
571306,1,1,11,95,2,,,,,,,,2,,,,,,,,,,,,,,,11,228.638.841.685.641
571306,1,2,11,95,2,,,,,,,,2,,,,,,,,,,,,,,,11,228.638.841.685.641
571306,1,3,11,95,2,,,,,,,,2,,,,,,,,,,,,,,,11,228.638.841.685.641
571306,1,4,11,95,2,,,,,,,,2,,,,,,,,,,,,,,,11,228.638.841.685.641
571306,1,5,11,95,2,,,,,,,,2,,,,,,,,,,,,,,,11,228.638.841.685.641
571306,1,6,11,95,2,,,,,,,,2,,,,,,,,,,,,,,,11,228.638.841.685.641
571306,1,7,11,95,2,,,,,,,,2,,,,,,,,,,,,,,,11,228.638.841.685.641
571306,1,8,11,95,2,,,,,,,,2,,,,,,,,,,,,,,,11,228.638.841.685.641
571306,1,9,11,95,2,,,,,,,,2,,,,,,,,,,,,,,,11,228.638.841.685.641
571307,1,1,11,95,2,,,,,,,,2,,,,,,,,,,,,,,,11,267.156.235.523.434
571307,1,2,11,95,2,,,,,,,,2,,,,,,,,,,,,,,,11,267.156.235.523.434
571307,1,3,11,95,2,,,,,,,,2,,,,,,,,,,,,,,,11,267.156.235.523.434
571308,1,1,11,95,2,,,,,,,,2,,,,,,,,,,,,,,,11,250.454.829.506.869
571308,1,2,11,95,2,,,,,,,,2,,,,,,,,,,,,,,,11,250.454.829.506.869
571309,1,1,11,95,2,,,,,,,,2,,,,,,,,,,,,,,,11,315.594.015.875.318
571309,1,2,11,95,2,,,,,,,,2,,,,,,,,,,,,,,,11,315.594.015.875.318
571309,1,4,11,95,2,,,,,,,,2,,,,,,,,,,,,,,,11,315.594.015.875.318
571309,1,5,11,95,2,,,,,,,,2,,,,,,,,,,,,,,,11,315.594.015.875.318
571310,1,1,11,95,1,,1,2,,,100000,2,2,,,,,,,,,,,,,,,11,232.801.976.938.325
571310,1,2,11,95,2,,,,,,,,2,,,,,,,,,,,,,,,11,232.801.976.938.325
571310,1,3,11,95,2,,,,,,,,2,,,,,,,,,,,,,,,11,232.801.976.938.325
571310,1,4,11,95,2,,,,,,,,2,,,,,,,,,,,,,,,11,232.801.976.938.325
571311,1,1,11,95,2,,,,,,,,1,2,,2,,,,,,200000,2,1,2,,2,11,257.635.870.994.769
571312,1,1,11,95,2,,,,,,,,2,,,,,,,,,,,,,,,11,325.273.487.751.204
571312,1,2,11,95,2,,,,,,,,2,,,,,,,,,,,,,,,11,325.273.487.751.204
571313,1,1,11,95,2,,,,,,,,2,,,,,,,,,,,,,,,11,284.809.088.091.978
571314,1,1,11,95,2,,,,,,,,2,,,,,,,,,,,,,,,11,29.027.718.317.628
571314,1,2,11,95,2,,,,,,,,2,,,,,,,,,,,,,,,11,29.027.718.317.628
571314,1,3,11,95,2,,,,,,,,2,,,,,,,,,,,,,,,11,29.027.718.317.628
571314,1,4,11,95,2,,,,,,,,2,,,,,,,,,,,,,,,11,29.027.718.317.628
571316,1,1,11,95,2,,,,,,,,2,,,,,,,,,,,,,,,11,264.799.510.296.908
571316,1,2,11,95,2,,,,,,,,2,,,,,,,,,,,,,,,11,264.799.510.296.908
571317,1,1,11,95,2,,,,,,,,2,,,,,,,,,,,,,,,11,310.880.565.422.265
571317,1,2,11,95,2,,,,,,,,2,,,,,,,,,,,,,,,11,310.880.565.422.265
571318,1,1,11,95,2,,,,,,,,2,,,,,,,,,,,,,,,11,296.535.884.632.226
571318,1,2,11,95,2,,,,,,,,2,,,,,,,,,,,,,,,11,296.535.884.632.226
571319,1,1,11,95,2,,,,,,,,2,,,,,,,,,,,,,,,11,309.869.725.756.278
571319,1,2,11,95,2,,,,,,,,2,,,,,,,,,,,,,,,11,309.869.725.756.278
571319,1,3,11,95,2,,,,,,,,2,,,,,,,,,,,,,,,11,309.869.725.756.278
571319,1,4,11,95,2,,,,,,,,2,,,,,,,,,,,,,,,11,309.869.725.756.278
571320,1,1,11,95,2,,,,,,,,2,,,,,,,,,,,,,,,11,37.735.314.324.786
571320,1,2,11,95,2,,,,,,,,2,,,,,,,,,,,,,,,11,37.735.314.324.786
571321,1,1,11,95,2,,,,,,,,1,2,,2,,,,,,300000,2,1,2,,2,11,295.959.588.838.645
571321,1,2,11,95,2,,,,,,,,2,,,,,,,,,,,,,,,11,295.959.588.838.645
571322,1,1,11,95,2,,,,,,,,2,,,,,,,,,,,,,,,11,332.587.420.268.286
571322,1,2,11,95,2,,,,,,,,2,,,,,,,,,,,,,,,11,332.587.420.268.286
571322,1,3,11,95,2,,,,,,,,2,,,,,,,,,,,,,,,11,332.587.420.268.286
571322,2,1,11,95,2,,,,,,,,2,,,,,,,,,,,,,,,11,332.587.420.268.286
571322,2,2,11,95,2,,,,,,,,2,,,,,,,,,,,,,,,11,332.587.420.268.286
571323,1,1,11,95,2,,,,,,,,2,,,,,,,,,,,,,,,11,204.260.199.996.243
571323,1,2,11,95,2,,,,,,,,2,,,,,,,,,,,,,,,11,204.260.199.996.243
571323,1,3,11,95,2,,,,,,,,1,2,,1,,,250000,,,,2,2,2,,2,11,204.260.199.996.243
571323,1,4,11,95,2,,,,,,,,2,,,,,,,,,,,,,,,11,204.260.199.996.243
571323,1,5,11,95,2,,,,,,,,2,,,,,,,,,,,,,,,11,204.260.199.996.243
571324,1,1,11,95,1,,1,2,,,500000,2,2,,,,,,,,,,,,,,,11,226.887.662.041.104
571324,1,2,11,95,2,,,,,,,,2,,,,,,,,,,,,,,,11,226.887.662.041.104
571324,1,3,11,95,2,,,,,,,,2,,,,,,,,,,,,,,,11,226.887.662.041.104
571325,1,1,11,95,2,,,,,,,,2,,,,,,,,,,,,,,,11,344.331.618.994.295
571325,1,2,11,95,2,,,,,,,,2,,,,,,,,,,,,,,,11,344.331.618.994.295
571325,1,3,11,95,2,,,,,,,,2,,,,,,,,,,,,,,,11,344.331.618.994.295
571325,1,4,11,95,2,,,,,,,,2,,,,,,,,,,,,,,,11,344.331.618.994.295
571326,1,1,11,95,2,,,,,,,,2,,,,,,,,,,,,,,,11,287.920.457.949.754
571326,1,2,11,95,2,,,,,,,,1,2,,1,,,300000,,,,2,2,2,,2,11,287.920.457.949.754
571326,1,5,11,95,1,,2,2,150000,,,1,2,,,,,,,,,,,,,,,11,287.920.457.949.754
571327,1,1,11,95,2,,,,,,,,2,,,,,,,,,,,,,,,11,293.537.113.415.886
571327,1,2,11,95,2,,,,,,,,2,,,,,,,,,,,,,,,11,293.537.113.415.886
571328,1,1,11,95,2,,,,,,,,2,,,,,,,,,,,,,,,11,310.880.565.422.265
571328,1,2,11,95,2,,,,,,,,2,,,,,,,,,,,,,,,11,310.880.565.422.265
571329,1,1,11,95,2,,,,,,,,2,,,,,,,,,,,,,,,11,221.370.131.252.219
571329,1,2,11,95,2,,,,,,,,2,,,,,,,,,,,,,,,11,221.370.131.252.219
571329,1,4,11,95,2,,,,,,,,1,2,,2,,,,,,2400000,2,1,2,,2,11,221.370.131.252.219
571329,1,6,11,95,2,,,,,,,,2,,,,,,,,,,,,,,,11,221.370.131.252.219
571330,1,1,11,95,2,,,,,,,,2,,,,,,,,,,,,,,,11,26.233.191.926.206
571330,1,2,11,95,2,,,,,,,,2,,,,,,,,,,,,,,,11,26.233.191.926.206
571330,1,3,11,95,2,,,,,,,,2,,,,,,,,,,,,,,,11,26.233.191.926.206
571330,1,4,11,95,2,,,,,,,,2,,,,,,,,,,,,,,,11,26.233.191.926.206
571330,1,5,11,95,2,,,,,,,,2,,,,,,,,,,,,,,,11,26.233.191.926.206
571331,1,1,11,95,2,,,,,,,,2,,,,,,,,,,,,,,,11,403.042.675.672.979
571331,1,2,11,95,2,,,,,,,,2,,,,,,,,,,,,,,,11,403.042.675.672.979
571334,1,1,11,95,2,,,,,,,,2,,,,,,,,,,,,,,,11,230.445.251.711.799
571334,1,2,11,95,2,,,,,,,,2,,,,,,,,,,,,,,,11,230.445.251.711.799
571334,1,3,11,95,2,,,,,,,,2,,,,,,,,,,,,,,,11,230.445.251.711.799
571339,1,1,11,95,2,,,,,,,,1,2,,1,,,900000,,,,2,2,2,,2,11,348.041.086.012.778
571339,1,2,11,95,2,,,,,,,,1,2,,1,,,375000,,,,2,2,2,,2,11,348.041.086.012.778
571339,1,3,11,95,2,,,,,,,,2,,,,,,,,,,,,,,,11,348.041.086.012.778
571340,1,1,11,95,2,,,,,,,,2,,,,,,,,,,,,,,,11,210.422.091.709.256
571341,1,1,11,95,2,,,,,,,,2,,,,,,,,,,,,,,,11,20.449.603.568.096
571341,1,2,11,95,2,,,,,,,,2,,,,,,,,,,,,,,,11,20.449.603.568.096
571341,1,3,11,95,2,,,,,,,,2,,,,,,,,,,,,,,,11,20.449.603.568.096
571341,1,5,11,95,2,,,,,,,,2,,,,,,,,,,,,,,,11,20.449.603.568.096
571342,1,1,11,95,2,,,,,,,,2,,,,,,,,,,,,,,,11,384.906.884.461.842
571343,1,1,11,95,2,,,,,,,,1,2,,2,,,,,,360000,2,1,2,,2,11,239.159.694.828.233
571344,1,1,11,95,1,,1,2,,,300000,2,2,,,,,,,,,,,,,,,11,267.156.235.523.434
571344,1,2,11,95,2,,,,,,,,2,,,,,,,,,,,,,,,11,267.156.235.523.434
571344,1,3,11,95,2,,,,,,,,2,,,,,,,,,,,,,,,11,267.156.235.523.434
571345,1,1,11,95,2,,,,,,,,2,,,,,,,,,,,,,,,11,225.990.191.464.465
571345,1,2,11,95,2,,,,,,,,1,2,,2,,,,,,,2,2,2,280000,1,11,225.990.191.464.465
571345,1,3,11,95,2,,,,,,,,2,,,,,,,,,,,,,,,11,225.990.191.464.465
571345,1,4,11,95,2,,,,,,,,2,,,,,,,,,,,,,,,11,225.990.191.464.465
571345,1,5,11,95,2,,,,,,,,2,,,,,,,,,,,,,,,11,225.990.191.464.465
571345,1,6,11,95,2,,,,,,,,2,,,,,,,,,,,,,,,11,225.990.191.464.465
571345,1,7,11,95,2,,,,,,,,2,,,,,,,,,,,,,,,11,225.990.191.464.465
571345,1,8,11,95,2,,,,,,,,2,,,,,,,,,,,,,,,11,225.990.191.464.465
571345,1,11,11,95,2,,,,,,,,2,,,,,,,,,,,,,,,11,225.990.191.464.465
571345,1,12,11,95,2,,,,,,,,2,,,,,,,,,,,,,,,11,225.990.191.464.465
571346,1,1,11,95,2,,,,,,,,1,2,,2,,,,,,1200000,2,1,2,,2,11,224.530.936.814.578
571346,1,2,11,95,2,,,,,,,,2,,,,,,,,,,,,,,,11,224.530.936.814.578
571347,1,1,11,95,2,,,,,,,,2,,,,,,,,,,,,,,,11,264.799.510.296.908
571347,1,2,11,95,2,,,,,,,,2,,,,,,,,,,,,,,,11,264.799.510.296.908
571348,1,1,11,95,2,,,,,,,,2,,,,,,,,,,,,,,,11,239.983.018.426.225
571348,1,2,11,95,2,,,,,,,,2,,,,,,,,,,,,,,,11,239.983.018.426.225
571348,1,3,11,95,2,,,,,,,,2,,,,,,,,,,,,,,,11,239.983.018.426.225
571349,1,1,11,95,2,,,,,,,,2,,,,,,,,,,,,,,,11,287.052.238.933.236
571349,1,2,11,95,2,,,,,,,,2,,,,,,,,,,,,,,,11,287.052.238.933.236
571349,1,3,11,95,2,,,,,,,,2,,,,,,,,,,,,,,,11,287.052.238.933.236
571349,1,4,11,95,2,,,,,,,,2,,,,,,,,,,,,,,,11,287.052.238.933.236
571349,1,7,11,95,2,,,,,,,,2,,,,,,,,,,,,,,,11,287.052.238.933.236
571350,1,1,11,95,2,,,,,,,,2,,,,,,,,,,,,,,,11,3.856.992.236.666
571350,1,2,11,95,2,,,,,,,,2,,,,,,,,,,,,,,,11,3.856.992.236.666
571351,1,1,11,95,2,,,,,,,,2,,,,,,,,,,,,,,,11,250.230.389.313.279
571351,1,2,11,95,2,,,,,,,,2,,,,,,,,,,,,,,,11,250.230.389.313.279
571351,1,3,11,95,2,,,,,,,,2,,,,,,,,,,,,,,,11,250.230.389.313.279
571351,1,4,11,95,2,,,,,,,,2,,,,,,,,,,,,,,,11,250.230.389.313.279
571351,1,5,11,95,2,,,,,,,,2,,,,,,,,,,,,,,,11,250.230.389.313.279
571351,1,8,11,95,2,,,,,,,,2,,,,,,,,,,,,,,,11,250.230.389.313.279
571351,1,9,11,95,2,,,,,,,,2,,,,,,,,,,,,,,,11,250.230.389.313.279
571351,1,10,11,95,2,,,,,,,,2,,,,,,,,,,,,,,,11,250.230.389.313.279
571351,1,11,11,95,2,,,,,,,,2,,,,,,,,,,,,,,,11,250.230.389.313.279
571352,1,1,11,95,2,,,,,,,,1,1,,2,,,,,480000,,2,2,2,,2,11,292.094.988.693.564
571352,1,2,11,95,2,,,,,,,,2,,,,,,,,,,,,,,,11,292.094.988.693.564
571352,1,3,11,95,2,,,,,,,,2,,,,,,,,,,,,,,,11,292.094.988.693.564
571352,1,4,11,95,2,,,,,,,,2,,,,,,,,,,,,,,,11,292.094.988.693.564
571353,1,1,11,95,2,,,,,,,,2,,,,,,,,,,,,,,,11,299.349.595.058.913
571353,1,2,11,95,2,,,,,,,,2,,,,,,,,,,,,,,,11,299.349.595.058.913
571354,1,1,11,95,2,,,,,,,,2,,,,,,,,,,,,,,,11,313.237.290.648.791
571354,1,2,11,95,2,,,,,,,,2,,,,,,,,,,,,,,,11,313.237.290.648.791
571354,1,3,11,95,2,,,,,,,,2,,,,,,,,,,,,,,,11,313.237.290.648.791
571355,1,1,11,95,2,,,,,,,,2,,,,,,,,,,,,,,,11,246.996.364.513.421
571355,1,2,11,95,2,,,,,,,,2,,,,,,,,,,,,,,,11,246.996.364.513.421
571356,1,1,11,95,1,,1,2,,,180000,2,2,,,,,,,,,,,,,,,11,199.697.042.758.134
571356,1,2,11,95,1,,1,2,,,180000,2,2,,,,,,,,,,,,,,,11,199.697.042.758.134
571356,1,3,11,95,2,,,,,,,,2,,,,,,,,,,,,,,,11,199.697.042.758.134
571356,1,4,11,95,2,,,,,,,,2,,,,,,,,,,,,,,,11,199.697.042.758.134
571356,1,5,11,95,2,,,,,,,,2,,,,,,,,,,,,,,,11,199.697.042.758.134
571357,1,1,11,95,2,,,,,,,,2,,,,,,,,,,,,,,,11,19.609.099.312.669
571357,1,2,11,95,1,,1,2,,,100000,2,2,,,,,,,,,,,,,,,11,19.609.099.312.669
571357,1,3,11,95,2,,,,,,,,2,,,,,,,,,,,,,,,11,19.609.099.312.669
571357,1,4,11,95,2,,,,,,,,2,,,,,,,,,,,,,,,11,19.609.099.312.669
571358,1,1,11,95,2,,,,,,,,2,,,,,,,,,,,,,,,11,339.618.168.541.243
571358,1,2,11,95,2,,,,,,,,2,,,,,,,,,,,,,,,11,339.618.168.541.243
571359,1,1,11,95,2,,,,,,,,2,,,,,,,,,,,,,,,11,312.444.951.444.034
571359,1,2,11,95,2,,,,,,,,2,,,,,,,,,,,,,,,11,312.444.951.444.034
571362,1,1,11,95,2,,,,,,,,2,,,,,,,,,,,,,,,11,229.652.912.507.041
571362,1,2,11,95,2,,,,,,,,2,,,,,,,,,,,,,,,11,229.652.912.507.041
571363,1,1,11,95,1,,1,2,,,250000,2,2,,,,,,,,,,,,,,,11,199.637.447.868.564
571363,1,2,11,95,2,,,,,,,,2,,,,,,,,,,,,,,,11,199.637.447.868.564
571363,1,3,11,95,2,,,,,,,,2,,,,,,,,,,,,,,,11,199.637.447.868.564
571364,1,1,11,95,2,,,,,,,,2,,,,,,,,,,,,,,,11,32.877.060.305.397
571364,1,2,11,95,2,,,,,,,,2,,,,,,,,,,,,,,,11,32.877.060.305.397
571364,1,3,11,95,2,,,,,,,,2,,,,,,,,,,,,,,,11,32.877.060.305.397
571365,1,1,11,95,2,,,,,,,,2,,,,,,,,,,,,,,,11,228.476.171.347.063
571365,1,2,11,95,2,,,,,,,,2,,,,,,,,,,,,,,,11,228.476.171.347.063
571365,1,3,11,95,2,,,,,,,,2,,,,,,,,,,,,,,,11,228.476.171.347.063
571365,1,4,11,95,2,,,,,,,,2,,,,,,,,,,,,,,,11,228.476.171.347.063
571366,1,1,11,95,2,,,,,,,,2,,,,,,,,,,,,,,,11,258.668.604.595.943
571366,1,2,11,95,2,,,,,,,,2,,,,,,,,,,,,,,,11,258.668.604.595.943
571366,1,3,11,95,2,,,,,,,,2,,,,,,,,,,,,,,,11,258.668.604.595.943
571366,1,4,11,95,2,,,,,,,,2,,,,,,,,,,,,,,,11,258.668.604.595.943
571367,1,1,11,95,2,,,,,,,,2,,,,,,,,,,,,,,,11,229.213.402.874.396
571367,1,2,11,95,2,,,,,,,,2,,,,,,,,,,,,,,,11,229.213.402.874.396
571367,1,3,11,95,2,,,,,,,,2,,,,,,,,,,,,,,,11,229.213.402.874.396
571368,1,1,11,95,2,,,,,,,,2,,,,,,,,,,,,,,,11,276.676.600.052.099
571368,1,2,11,95,2,,,,,,,,2,,,,,,,,,,,,,,,11,276.676.600.052.099
571368,1,3,11,95,2,,,,,,,,2,,,,,,,,,,,,,,,11,276.676.600.052.099
571368,1,4,11,95,2,,,,,,,,2,,,,,,,,,,,,,,,11,276.676.600.052.099
571368,1,5,11,95,2,,,,,,,,2,,,,,,,,,,,,,,,11,276.676.600.052.099
571369,1,1,11,95,2,,,,,,,,2,,,,,,,,,,,,,,,11,345.123.958.199.053
571369,1,2,11,95,2,,,,,,,,2,,,,,,,,,,,,,,,11,345.123.958.199.053
571369,1,3,11,95,2,,,,,,,,2,,,,,,,,,,,,,,,11,345.123.958.199.053
571369,1,4,11,95,2,,,,,,,,2,,,,,,,,,,,,,,,11,345.123.958.199.053
571369,1,6,11,95,2,,,,,,,,2,,,,,,,,,,,,,,,11,345.123.958.199.053
571370,1,1,11,95,2,,,,,,,,2,,,,,,,,,,,,,,,11,233.926.853.327.449
571370,1,2,11,95,2,,,,,,,,2,,,,,,,,,,,,,,,11,233.926.853.327.449
571370,1,3,11,95,2,,,,,,,,2,,,,,,,,,,,,,,,11,233.926.853.327.449
571370,1,4,11,95,2,,,,,,,,2,,,,,,,,,,,,,,,11,233.926.853.327.449
571370,1,5,11,95,2,,,,,,,,2,,,,,,,,,,,,,,,11,233.926.853.327.449
571371,1,1,11,95,2,,,,,,,,2,,,,,,,,,,,,,,,11,235.269.567.973.173
571372,1,1,11,95,2,,,,,,,,2,,,,,,,,,,,,,,,11,351.012.319.653.841
571372,1,2,11,95,2,,,,,,,,2,,,,,,,,,,,,,,,11,351.012.319.653.841
571373,1,1,11,95,2,,,,,,,,1,2,,2,4800000,,,,,,2,2,1,,2,11,200.915.309.388.064
571373,1,2,11,95,2,,,,,,,,1,2,,2,,,,,,3600000,2,1,2,,2,11,200.915.309.388.064
571374,1,1,11,95,2,,,,,,,,2,,,,,,,,,,,,,,,11,235.269.567.973.173
571375,1,1,11,95,2,,,,,,,,2,,,,,,,,,,,,,,,11,278.883.032.063.682
571375,1,2,11,95,2,,,,,,,,2,,,,,,,,,,,,,,,11,278.883.032.063.682
571375,1,3,11,95,2,,,,,,,,2,,,,,,,,,,,,,,,11,278.883.032.063.682
571375,1,4,11,95,2,,,,,,,,2,,,,,,,,,,,,,,,11,278.883.032.063.682
571376,1,1,11,95,2,,,,,,,,2,,,,,,,,,,,,,,,11,194.890.128.682.522
571376,1,2,11,95,2,,,,,,,,2,,,,,,,,,,,,,,,11,194.890.128.682.522
571376,1,3,11,95,2,,,,,,,,2,,,,,,,,,,,,,,,11,194.890.128.682.522
571376,1,4,11,95,2,,,,,,,,2,,,,,,,,,,,,,,,11,194.890.128.682.522
571376,1,5,11,95,2,,,,,,,,2,,,,,,,,,,,,,,,11,194.890.128.682.522
571377,1,1,11,95,2,,,,,,,,2,,,,,,,,,,,,,,,11,324.631.441.761.389
571377,1,2,11,95,2,,,,,,,,2,,,,,,,,,,,,,,,11,324.631.441.761.389
571377,1,3,11,95,2,,,,,,,,2,,,,,,,,,,,,,,,11,324.631.441.761.389
571378,1,1,11,95,2,,,,,,,,2,,,,,,,,,,,,,,,11,190.412.513.914.185
571378,1,2,11,95,2,,,,,,,,2,,,,,,,,,,,,,,,11,190.412.513.914.185
571379,1,1,11,95,2,,,,,,,,2,,,,,,,,,,,,,,,11,230.445.251.711.799
571379,1,2,11,95,2,,,,,,,,2,,,,,,,,,,,,,,,11,230.445.251.711.799
571379,1,3,11,95,2,,,,,,,,2,,,,,,,,,,,,,,,11,230.445.251.711.799
571380,1,1,11,95,1,,1,1,,3450000,400000,2,2,,,,,,,,,,,,,,,11,15.582.241.964.436
571380,1,2,11,95,2,,,,,,,,2,,,,,,,,,,,,,,,11,15.582.241.964.436
571380,1,3,11,95,2,,,,,,,,2,,,,,,,,,,,,,,,11,15.582.241.964.436
571380,1,4,11,95,2,,,,,,,,2,,,,,,,,,,,,,,,11,15.582.241.964.436
571381,1,1,11,95,1,,1,2,,,3000000,2,1,2,,2,,,,98,,,1,2,2,,2,11,212.792.399.143.255
571381,1,2,11,95,2,,,,,,,,2,,,,,,,,,,,,,,,11,212.792.399.143.255
571381,1,3,11,95,2,,,,,,,,2,,,,,,,,,,,,,,,11,212.792.399.143.255
571381,1,4,11,95,2,,,,,,,,2,,,,,,,,,,,,,,,11,212.792.399.143.255
571381,1,5,11,95,2,,,,,,,,2,,,,,,,,,,,,,,,11,212.792.399.143.255
571382,1,1,11,95,1,,2,1,,1100000,,2,2,,,,,,,,,,,,,,,11,199.683.460.550.661
571382,1,2,11,95,1,,2,1,,1200000,,2,2,,,,,,,,,,,,,,,11,199.683.460.550.661
571383,1,1,11,95,2,,,,,,,,2,,,,,,,,,,,,,,,11,316.693.047.065.292
571383,1,2,11,95,2,,,,,,,,2,,,,,,,,,,,,,,,11,316.693.047.065.292
571387,1,1,11,95,2,,,,,,,,1,2,,2,,,,1300000,,,1,2,2,,2,11,215.259.990.178.102
571387,1,2,11,95,2,,,,,,,,2,,,,,,,,,,,,,,,11,215.259.990.178.102
571388,1,1,11,95,2,,,,,,,,1,2,,2,,,,20000000,,,1,2,2,,2,11,242.172.048.252.047
571388,1,2,11,95,2,,,,,,,,2,,,,,,,,,,,,,,,11,242.172.048.252.047
571388,1,3,11,95,2,,,,,,,,2,,,,,,,,,,,,,,,11,242.172.048.252.047
571388,1,5,11,95,2,,,,,,,,2,,,,,,,,,,,,,,,11,242.172.048.252.047
571389,1,1,11,95,2,,,,,,,,2,,,,,,,,,,,,,,,11,154.826.406.491.673
571389,1,2,11,95,2,,,,,,,,2,,,,,,,,,,,,,,,11,154.826.406.491.673
571389,1,3,11,95,2,,,,,,,,2,,,,,,,,,,,,,,,11,154.826.406.491.673
571390,1,1,11,95,1,,1,2,,,400000,2,2,,,,,,,,,,,,,,,11,197.215.869.515.813
571390,1,2,11,95,2,,,,,,,,2,,,,,,,,,,,,,,,11,197.215.869.515.813
571390,1,3,11,95,2,,,,,,,,2,,,,,,,,,,,,,,,11,197.215.869.515.813
571390,1,4,11,95,2,,,,,,,,2,,,,,,,,,,,,,,,11,197.215.869.515.813
571390,1,5,11,95,2,,,,,,,,2,,,,,,,,,,,,,,,11,197.215.869.515.813
571391,1,1,11,95,2,,,,,,,,2,,,,,,,,,,,,,,,11,296.535.884.632.226
571391,1,2,11,95,2,,,,,,,,2,,,,,,,,,,,,,,,11,296.535.884.632.226
571392,1,1,11,95,1,,1,2,,,250000,2,2,,,,,,,,,,,,,,,11,339.618.168.541.243
571392,1,2,11,95,2,,,,,,,,2,,,,,,,,,,,,,,,11,339.618.168.541.243
571393,1,1,11,95,2,,,,,,,,2,,,,,,,,,,,,,,,11,224.530.936.814.578
571393,1,2,11,95,2,,,,,,,,2,,,,,,,,,,,,,,,11,224.530.936.814.578
571394,1,1,11,95,2,,,,,,,,2,,,,,,,,,,,,,,,11,166.561.050.802.955
571394,1,2,11,95,2,,,,,,,,2,,,,,,,,,,,,,,,11,166.561.050.802.955
571394,1,3,11,95,2,,,,,,,,2,,,,,,,,,,,,,,,11,166.561.050.802.955
571395,1,1,11,95,2,,,,,,,,2,,,,,,,,,,,,,,,11,199.697.042.758.134
571395,1,2,11,95,1,,1,2,,,1000000,2,2,,,,,,,,,,,,,,,11,199.697.042.758.134
571395,1,3,11,95,2,,,,,,,,2,,,,,,,,,,,,,,,11,199.697.042.758.134
571395,1,4,11,95,2,,,,,,,,2,,,,,,,,,,,,,,,11,199.697.042.758.134
571395,1,5,11,95,2,,,,,,,,2,,,,,,,,,,,,,,,11,199.697.042.758.134
571396,1,1,11,95,1,,1,2,,,30000000,2,2,,,,,,,,,,,,,,,11,132.206.792.217.846
571396,1,2,11,95,2,,,,,,,,2,,,,,,,,,,,,,,,11,132.206.792.217.846
571396,1,3,11,95,2,,,,,,,,2,,,,,,,,,,,,,,,11,132.206.792.217.846
571396,1,4,11,95,2,,,,,,,,2,,,,,,,,,,,,,,,11,132.206.792.217.846
571397,1,1,11,95,2,,,,,,,,2,,,,,,,,,,,,,,,11,199.683.460.550.661
571397,1,2,11,95,2,,,,,,,,2,,,,,,,,,,,,,,,11,199.683.460.550.661
571398,1,1,11,95,1,,2,1,,4000000,,2,2,,,,,,,,,,,,,,,11,232.801.976.938.325
571398,1,2,11,95,2,,,,,,,,2,,,,,,,,,,,,,,,11,232.801.976.938.325
571398,1,3,11,95,2,,,,,,,,1,2,,2,,,,,,1500000,2,1,2,,2,11,232.801.976.938.325
571398,1,4,11,95,2,,,,,,,,1,2,,2,,,,,,1500000,2,1,2,,2,11,232.801.976.938.325
571399,1,1,11,95,2,,,,,,,,2,,,,,,,,,,,,,,,11,274.070.456.933.384
571399,1,2,11,95,2,,,,,,,,2,,,,,,,,,,,,,,,11,274.070.456.933.384
571400,1,1,11,95,2,,,,,,,,1,2,,1,,,350000,,,,2,2,2,,2,11,284.809.088.091.978
571401,1,1,11,95,1,,1,2,,,280000,2,2,,,,,,,,,,,,,,,11,132.206.792.217.846
571401,1,2,11,95,2,,,,,,,,2,,,,,,,,,,,,,,,11,132.206.792.217.846
571401,1,3,11,95,2,,,,,,,,2,,,,,,,,,,,,,,,11,132.206.792.217.846
571401,1,4,11,95,2,,,,,,,,2,,,,,,,,,,,,,,,11,132.206.792.217.846
571402,1,1,11,95,2,,,,,,,,1,2,,2,,,,,,1200000,2,1,2,,2,11,262.349.321.447.822
571402,1,2,11,95,2,,,,,,,,2,,,,,,,,,,,,,,,11,262.349.321.447.822
571402,1,3,11,95,2,,,,,,,,2,,,,,,,,,,,,,,,11,262.349.321.447.822
571403,1,1,11,95,1,,1,2,,,1000000,2,1,2,,2,,,,500000,,,1,2,2,,2,11,264.799.510.296.908
571403,1,2,11,95,2,,,,,,,,1,2,,2,,,,50000,,,1,2,2,,2,11,264.799.510.296.908
571404,1,1,11,95,2,,,,,,,,2,,,,,,,,,,,,,,,11,295.584.438.080.247
571404,1,2,11,95,2,,,,,,,,1,2,,2,,,,98,,,1,2,2,,2,11,295.584.438.080.247
571404,1,3,11,95,2,,,,,,,,2,,,,,,,,,,,,,,,11,295.584.438.080.247
571404,1,4,11,95,2,,,,,,,,2,,,,,,,,,,,,,,,11,295.584.438.080.247
571404,1,6,11,95,2,,,,,,,,2,,,,,,,,,,,,,,,11,295.584.438.080.247
571405,1,1,11,95,2,,,,,,,,2,,,,,,,,,,,,,,,11,267.156.235.523.434
571405,1,2,11,95,2,,,,,,,,2,,,,,,,,,,,,,,,11,267.156.235.523.434
571405,1,3,11,95,2,,,,,,,,2,,,,,,,,,,,,,,,11,267.156.235.523.434
571406,1,1,11,95,1,,1,1,,1000000,2000000,2,2,,,,,,,,,,,,,,,11,210.422.091.709.256
571408,1,1,11,95,2,,,,,,,,2,,,,,,,,,,,,,,,11,264.921.771.596.355
571408,1,4,11,95,2,,,,,,,,2,,,,,,,,,,,,,,,11,264.921.771.596.355
571408,1,5,11,95,2,,,,,,,,2,,,,,,,,,,,,,,,11,264.921.771.596.355
571408,1,6,11,95,2,,,,,,,,2,,,,,,,,,,,,,,,11,264.921.771.596.355
571409,1,1,11,95,2,,,,,,,,2,,,,,,,,,,,,,,,11,248.711.043.750.133
571409,1,2,11,95,2,,,,,,,,2,,,,,,,,,,,,,,,11,248.711.043.750.133
571409,2,1,11,95,2,,,,,,,,2,,,,,,,,,,,,,,,11,248.711.043.750.133
571409,2,2,11,95,2,,,,,,,,2,,,,,,,,,,,,,,,11,248.711.043.750.133
571410,1,1,11,95,2,,,,,,,,2,,,,,,,,,,,,,,,11,235.269.567.973.173
571411,1,1,11,95,2,,,,,,,,2,,,,,,,,,,,,,,,11,294.329.452.620.643
571411,1,2,11,95,2,,,,,,,,2,,,,,,,,,,,,,,,11,294.329.452.620.643
571411,1,3,11,95,2,,,,,,,,2,,,,,,,,,,,,,,,11,294.329.452.620.643
571412,1,1,11,95,2,,,,,,,,2,,,,,,,,,,,,,,,11,264.799.510.296.908
571412,1,2,11,95,2,,,,,,,,2,,,,,,,,,,,,,,,11,264.799.510.296.908
571413,1,1,11,95,1,,2,1,,870808,,2,2,,,,,,,,,,,,,,,11,210.422.091.709.256
571414,1,1,11,95,2,,,,,,,,1,2,,1,,,100000,,,30000000,2,1,2,,2,11,200.915.309.388.064
571414,1,2,11,95,2,,,,,,,,2,,,,,,,,,,,,,,,11,200.915.309.388.064
571415,1,1,11,95,1,,1,2,10800000,,6000000,1,2,,,,,,,,,,,,,,,11,246.996.364.513.421
571415,1,3,11,95,2,,,,,,,,2,,,,,,,,,,,,,,,11,246.996.364.513.421
571416,1,1,11,95,1,,1,1,,2000000,1000000,2,2,,,,,,,,,,,,,,,11,244.696.468.879.278
571416,1,2,11,95,2,,,,,,,,2,,,,,,,,,,,,,,,11,244.696.468.879.278
571416,1,3,11,95,2,,,,,,,,2,,,,,,,,,,,,,,,11,244.696.468.879.278
571416,1,4,11,95,2,,,,,,,,2,,,,,,,,,,,,,,,11,244.696.468.879.278
571416,1,5,11,95,2,,,,,,,,2,,,,,,,,,,,,,,,11,244.696.468.879.278
571420,1,1,11,95,1,,2,1,,433000,,2,2,,,,,,,,,,,,,,,11,206.878.084.246.034
571420,1,2,11,95,1,,1,2,,,5000000,2,2,,,,,,,,,,,,,,,11,206.878.084.246.034
571420,1,3,11,95,2,,,,,,,,2,,,,,,,,,,,,,,,11,206.878.084.246.034
571420,1,4,11,95,2,,,,,,,,2,,,,,,,,,,,,,,,11,206.878.084.246.034
571421,1,1,11,95,2,,,,,,,,2,,,,,,,,,,,,,,,11,258.873.454.268.612
571421,1,2,11,95,2,,,,,,,,2,,,,,,,,,,,,,,,11,258.873.454.268.612
571421,1,3,11,95,2,,,,,,,,2,,,,,,,,,,,,,,,11,258.873.454.268.612
571421,1,4,11,95,2,,,,,,,,2,,,,,,,,,,,,,,,11,258.873.454.268.612
571421,1,6,11,95,2,,,,,,,,2,,,,,,,,,,,,,,,11,258.873.454.268.612
571422,1,1,11,95,2,,,,,,,,2,,,,,,,,,,,,,,,11,282.798.482.257.291
571422,1,2,11,95,2,,,,,,,,2,,,,,,,,,,,,,,,11,282.798.482.257.291
571422,1,4,11,95,2,,,,,,,,2,,,,,,,,,,,,,,,11,282.798.482.257.291
571423,1,1,11,95,2,,,,,,,,2,,,,,,,,,,,,,,,11,30.762.063.518.266
571423,1,2,11,95,2,,,,,,,,2,,,,,,,,,,,,,,,11,30.762.063.518.266
571423,1,3,11,95,2,,,,,,,,2,,,,,,,,,,,,,,,11,30.762.063.518.266
571423,1,4,11,95,2,,,,,,,,2,,,,,,,,,,,,,,,11,30.762.063.518.266
571424,1,1,11,95,2,,,,,,,,2,,,,,,,,,,,,,,,11,284.809.088.091.978
571425,1,1,11,95,2,,,,,,,,2,,,,,,,,,,,,,,,11,339.618.168.541.243
571425,1,2,11,95,2,,,,,,,,2,,,,,,,,,,,,,,,11,339.618.168.541.243
571426,1,1,11,95,2,,,,,,,,2,,,,,,,,,,,,,,,11,267.156.235.523.434
571426,1,2,11,95,2,,,,,,,,2,,,,,,,,,,,,,,,11,267.156.235.523.434
571426,1,3,11,95,2,,,,,,,,2,,,,,,,,,,,,,,,11,267.156.235.523.434
571427,1,1,11,95,2,,,,,,,,2,,,,,,,,,,,,,,,11,235.158.702.164.852
571427,1,2,11,95,2,,,,,,,,2,,,,,,,,,,,,,,,11,235.158.702.164.852
571427,1,3,11,95,2,,,,,,,,2,,,,,,,,,,,,,,,11,235.158.702.164.852
571427,1,4,11,95,2,,,,,,,,2,,,,,,,,,,,,,,,11,235.158.702.164.852
571427,1,5,11,95,2,,,,,,,,2,,,,,,,,,,,,,,,11,235.158.702.164.852
571430,1,1,13,95,1,,2,1,,1400000,,2,2,,,,,,,,,,,,,,,13,308.529.202.677.817
571430,1,2,13,95,1,,2,1,,2400000,,2,2,,,,,,,,,,,,,,,13,308.529.202.677.817
571430,1,3,13,95,2,,,,,,,,2,,,,,,,,,,,,,,,13,308.529.202.677.817
571430,1,4,13,95,2,,,,,,,,2,,,,,,,,,,,,,,,13,308.529.202.677.817
571430,1,5,13,95,2,,,,,,,,2,,,,,,,,,,,,,,,13,308.529.202.677.817
571431,1,1,13,95,1,,2,1,,4320000,,2,2,,,,,,,,,,,,,,,13,282.686.331.309.523
571431,1,2,13,95,2,,,,,,,,2,,,,,,,,,,,,,,,13,282.686.331.309.523
571431,1,3,13,95,2,,,,,,,,2,,,,,,,,,,,,,,,13,282.686.331.309.523
571432,1,1,13,95,1,,2,1,,1000000,,2,2,,,,,,,,,,,,,,,13,338.818.352.840.835
571432,1,2,13,95,2,,,,,,,,2,,,,,,,,,,,,,,,13,338.818.352.840.835
571432,1,3,13,95,2,,,,,,,,2,,,,,,,,,,,,,,,13,338.818.352.840.835
571434,1,1,13,95,2,,,,,,,,1,2,,2,,,,,,8400000,2,1,2,,2,13,29.227.808.006.096
571434,1,2,13,95,2,,,,,,,,2,,,,,,,,,,,,,,,13,29.227.808.006.096
571435,1,1,13,95,2,,,,,,,,2,,,,,,,,,,,,,,,13,337.736.455.602.875
571435,1,2,13,95,2,,,,,,,,2,,,,,,,,,,,,,,,13,337.736.455.602.875
571435,1,3,13,95,2,,,,,,,,2,,,,,,,,,,,,,,,13,337.736.455.602.875
571435,1,4,13,95,2,,,,,,,,2,,,,,,,,,,,,,,,13,337.736.455.602.875
571436,1,1,13,95,2,,,,,,,,2,,,,,,,,,,,,,,,13,307.087.192.586.959
571436,1,2,13,95,2,,,,,,,,2,,,,,,,,,,,,,,,13,307.087.192.586.959
571436,1,3,13,95,2,,,,,,,,2,,,,,,,,,,,,,,,13,307.087.192.586.959
571437,1,1,13,95,2,,,,,,,,2,,,,,,,,,,,,,,,13,242.944.825.479.465
571437,1,2,13,95,2,,,,,,,,2,,,,,,,,,,,,,,,13,242.944.825.479.465
571438,1,1,13,95,2,,,,,,,,2,,,,,,,,,,,,,,,13,344.708.962.601.483
571438,1,2,13,95,2,,,,,,,,2,,,,,,,,,,,,,,,13,344.708.962.601.483
571438,1,3,13,95,2,,,,,,,,2,,,,,,,,,,,,,,,13,344.708.962.601.483
571438,1,4,13,95,2,,,,,,,,2,,,,,,,,,,,,,,,13,344.708.962.601.483
571438,2,1,13,95,2,,,,,,,,2,,,,,,,,,,,,,,,13,344.708.962.601.483
571438,2,2,13,95,2,,,,,,,,2,,,,,,,,,,,,,,,13,344.708.962.601.483
571438,2,3,13,95,2,,,,,,,,2,,,,,,,,,,,,,,,13,344.708.962.601.483
571438,3,1,13,95,1,,2,1,,98,,2,2,,,,,,,,,,,,,,,13,344.708.962.601.483
571438,3,2,13,95,2,,,,,,,,2,,,,,,,,,,,,,,,13,344.708.962.601.483
571439,1,1,13,95,1,,2,1,,870000,,2,2,,,,,,,,,,,,,,,13,353.630.467.606.587
571439,1,2,13,95,2,,,,,,,,2,,,,,,,,,,,,,,,13,353.630.467.606.587
571440,1,1,13,95,2,,,,,,,,2,,,,,,,,,,,,,,,13,267.218.027.972.795
571440,1,2,13,95,2,,,,,,,,2,,,,,,,,,,,,,,,13,267.218.027.972.795
571441,1,1,13,95,2,,,,,,,,2,,,,,,,,,,,,,,,13,257.202.453.563.177
571441,1,2,13,95,2,,,,,,,,2,,,,,,,,,,,,,,,13,257.202.453.563.177
571442,1,1,13,95,1,,2,1,,400000,,2,2,,,,,,,,,,,,,,,13,26.549.380.786.893
571442,1,2,13,95,2,,,,,,,,2,,,,,,,,,,,,,,,13,26.549.380.786.893
571442,1,3,13,95,2,,,,,,,,2,,,,,,,,,,,,,,,13,26.549.380.786.893
571443,1,1,13,95,2,,,,,,,,1,2,,2,98,,,,,,2,2,1,,2,13,329.284.731.410.974
571443,1,2,13,95,2,,,,,,,,2,,,,,,,,,,,,,,,13,329.284.731.410.974
571443,1,3,13,95,2,,,,,,,,2,,,,,,,,,,,,,,,13,329.284.731.410.974
571444,1,1,13,95,1,,2,1,,1053000,,2,2,,,,,,,,,,,,,,,13,356.648.461.949.104
571444,1,2,13,95,2,,,,,,,,2,,,,,,,,,,,,,,,13,356.648.461.949.104
571444,1,3,13,95,2,,,,,,,,2,,,,,,,,,,,,,,,13,356.648.461.949.104
571444,1,4,13,95,2,,,,,,,,2,,,,,,,,,,,,,,,13,356.648.461.949.104
571445,1,1,13,95,2,,,,,,,,2,,,,,,,,,,,,,,,13,292.017.377.516.069
571445,1,2,13,95,2,,,,,,,,2,,,,,,,,,,,,,,,13,292.017.377.516.069
571446,1,1,13,95,2,,,,,,,,2,,,,,,,,,,,,,,,13,31.530.634.932.475
571446,1,2,13,95,2,,,,,,,,1,2,,2,,,,,,1200000,2,1,2,,2,13,31.530.634.932.475
571447,1,1,13,95,2,,,,,,,,2,,,,,,,,,,,,,,,13,253.777.492.531.848
571447,1,2,13,95,2,,,,,,,,2,,,,,,,,,,,,,,,13,253.777.492.531.848
571447,1,3,13,95,2,,,,,,,,2,,,,,,,,,,,,,,,13,253.777.492.531.848
571447,1,4,13,95,2,,,,,,,,2,,,,,,,,,,,,,,,13,253.777.492.531.848
571447,2,1,13,95,2,,,,,,,,2,,,,,,,,,,,,,,,13,253.777.492.531.848
571447,2,2,13,95,2,,,,,,,,2,,,,,,,,,,,,,,,13,253.777.492.531.848
571447,2,3,13,95,2,,,,,,,,2,,,,,,,,,,,,,,,13,253.777.492.531.848
571447,2,6,13,95,2,,,,,,,,2,,,,,,,,,,,,,,,13,253.777.492.531.848
571447,2,7,13,95,2,,,,,,,,2,,,,,,,,,,,,,,,13,253.777.492.531.848
571448,1,1,13,95,2,,,,,,,,2,,,,,,,,,,,,,,,13,27.618.365.962.744
571448,1,2,13,95,2,,,,,,,,2,,,,,,,,,,,,,,,13,27.618.365.962.744
571449,1,1,13,95,2,,,,,,,,2,,,,,,,,,,,,,,,13,327.591.831.262.985
571449,1,2,13,95,1,,2,1,,433800,,2,2,,,,,,,,,,,,,,,13,327.591.831.262.985
571450,1,1,13,95,2,,,,,,,,1,2,,2,,,,,,6000000,2,1,2,,2,13,258.529.447.775.457
571450,1,2,13,95,2,,,,,,,,2,,,,,,,,,,,,,,,13,258.529.447.775.457
571450,1,3,13,95,1,,2,1,,600000,,2,2,,,,,,,,,,,,,,,13,258.529.447.775.457
571451,1,1,13,95,2,,,,,,,,2,,,,,,,,,,,,,,,13,663.338.903.999.522
571451,1,2,13,95,2,,,,,,,,2,,,,,,,,,,,,,,,13,663.338.903.999.522
571451,1,3,13,95,2,,,,,,,,2,,,,,,,,,,,,,,,13,663.338.903.999.522
571451,1,4,13,95,2,,,,,,,,2,,,,,,,,,,,,,,,13,663.338.903.999.522
571452,1,1,13,95,2,,,,,,,,1,2,,2,,,,,,2400000,2,1,2,,2,13,598.413.878.832.137
571453,1,1,13,95,2,,,,,,,,2,,,,,,,,,,,,,,,13,610.117.821.293.526
571453,1,2,13,95,2,,,,,,,,2,,,,,,,,,,,,,,,13,610.117.821.293.526
571454,1,1,13,95,2,,,,,,,,2,,,,,,,,,,,,,,,13,527.431.502.945.654
571455,1,1,13,95,2,,,,,,,,2,,,,,,,,,,,,,,,13,31.165.982.161.513
571455,1,2,13,95,2,,,,,,,,1,2,,2,,,,,,2400000,2,1,2,,2,13,31.165.982.161.513
571455,1,3,13,95,2,,,,,,,,2,,,,,,,,,,,,,,,13,31.165.982.161.513
571455,1,4,13,95,2,,,,,,,,2,,,,,,,,,,,,,,,13,31.165.982.161.513
571456,1,1,13,95,2,,,,,,,,1,2,,2,,,,,,1200000,2,1,2,,2,13,324.134.064.821.448
571456,1,2,13,95,2,,,,,,,,2,,,,,,,,,,,,,,,13,324.134.064.821.448
571457,1,1,13,95,2,,,,,,,,2,,,,,,,,,,,,,,,13,337.736.455.602.875
571457,1,2,13,95,2,,,,,,,,2,,,,,,,,,,,,,,,13,337.736.455.602.875
571457,1,3,13,95,2,,,,,,,,2,,,,,,,,,,,,,,,13,337.736.455.602.875
571457,1,4,13,95,2,,,,,,,,2,,,,,,,,,,,,,,,13,337.736.455.602.875
571458,1,1,13,95,2,,,,,,,,1,2,,2,,,,,,1200000,2,1,2,,2,13,274.257.646.299.719
571458,2,1,13,95,2,,,,,,,,2,,,,,,,,,,,,,,,13,274.257.646.299.719
571458,2,2,13,95,2,,,,,,,,2,,,,,,,,,,,,,,,13,274.257.646.299.719
571458,2,3,13,95,2,,,,,,,,2,,,,,,,,,,,,,,,13,274.257.646.299.719
571458,2,4,13,95,2,,,,,,,,2,,,,,,,,,,,,,,,13,274.257.646.299.719
571458,2,5,13,95,2,,,,,,,,2,,,,,,,,,,,,,,,13,274.257.646.299.719
571458,3,1,13,95,2,,,,,,,,2,,,,,,,,,,,,,,,13,274.257.646.299.719
571458,3,2,13,95,2,,,,,,,,2,,,,,,,,,,,,,,,13,274.257.646.299.719
571458,3,3,13,95,2,,,,,,,,2,,,,,,,,,,,,,,,13,274.257.646.299.719
571459,1,1,13,95,2,,,,,,,,2,,,,,,,,,,,,,,,13,337.736.455.602.875
571459,1,2,13,95,2,,,,,,,,2,,,,,,,,,,,,,,,13,337.736.455.602.875
571459,1,3,13,95,2,,,,,,,,2,,,,,,,,,,,,,,,13,337.736.455.602.875
571459,1,4,13,95,2,,,,,,,,2,,,,,,,,,,,,,,,13,337.736.455.602.875
571460,1,1,13,95,2,,,,,,,,2,,,,,,,,,,,,,,,13,281.779.956.127.894
571460,1,2,13,95,2,,,,,,,,2,,,,,,,,,,,,,,,13,281.779.956.127.894
571461,1,1,13,95,1,,2,1,,976000,,2,2,,,,,,,,,,,,,,,13,305.299.308.057.177
571461,1,2,13,95,1,,2,1,,1200000,,2,2,,,,,,,,,,,,,,,13,305.299.308.057.177
571461,1,3,13,95,2,,,,,,,,2,,,,,,,,,,,,,,,13,305.299.308.057.177
571461,1,4,13,95,2,,,,,,,,2,,,,,,,,,,,,,,,13,305.299.308.057.177
571462,1,1,13,95,1,,2,1,,433800,,2,2,,,,,,,,,,,,,,,13,314.796.489.799.126
571462,1,2,13,95,1,,1,2,,,150000,2,2,,,,,,,,,,,,,,,13,314.796.489.799.126
571462,1,3,13,95,2,,,,,,,,2,,,,,,,,,,,,,,,13,314.796.489.799.126
571462,1,4,13,95,2,,,,,,,,2,,,,,,,,,,,,,,,13,314.796.489.799.126
571462,2,1,13,95,2,,,,,,,,2,,,,,,,,,,,,,,,13,314.796.489.799.126
571464,1,1,13,95,2,,,,,,,,2,,,,,,,,,,,,,,,13,26.876.285.697.435
571464,1,2,13,95,2,,,,,,,,2,,,,,,,,,,,,,,,13,26.876.285.697.435
571464,1,3,13,95,2,,,,,,,,2,,,,,,,,,,,,,,,13,26.876.285.697.435
571465,1,1,13,95,2,,,,,,,,2,,,,,,,,,,,,,,,13,255.157.405.838.021
571465,1,2,13,95,2,,,,,,,,2,,,,,,,,,,,,,,,13,255.157.405.838.021
571465,1,3,13,95,2,,,,,,,,2,,,,,,,,,,,,,,,13,255.157.405.838.021
571465,1,4,13,95,2,,,,,,,,2,,,,,,,,,,,,,,,13,255.157.405.838.021
571465,1,5,13,95,2,,,,,,,,2,,,,,,,,,,,,,,,13,255.157.405.838.021
571466,1,1,13,95,2,,,,,,,,2,,,,,,,,,,,,,,,13,26.876.285.697.435
571466,1,2,13,95,2,,,,,,,,2,,,,,,,,,,,,,,,13,26.876.285.697.435
571466,1,3,13,95,2,,,,,,,,2,,,,,,,,,,,,,,,13,26.876.285.697.435
571467,1,1,13,95,2,,,,,,,,2,,,,,,,,,,,,,,,13,131.200.697.770.533
571467,1,2,13,95,1,,2,1,,600000,,2,2,,,,,,,,,,,,,,,13,131.200.697.770.533
571467,1,3,13,95,2,,,,,,,,2,,,,,,,,,,,,,,,13,131.200.697.770.533
571469,1,1,13,95,2,,,,,,,,2,,,,,,,,,,,,,,,13,279.331.111.777.032
571469,1,2,13,95,2,,,,,,,,2,,,,,,,,,,,,,,,13,279.331.111.777.032
571470,1,1,13,95,2,,,,,,,,2,,,,,,,,,,,,,,,13,281.779.956.127.894
571470,1,2,13,95,2,,,,,,,,1,2,,2,1000000,,,,,700000,2,1,1,,2,13,281.779.956.127.894
571471,1,1,13,95,2,,,,,,,,2,,,,,,,,,,,,,,,13,132.800.983.861.907
571471,1,2,13,95,2,,,,,,,,2,,,,,,,,,,,,,,,13,132.800.983.861.907
571471,1,3,13,95,2,,,,,,,,2,,,,,,,,,,,,,,,13,132.800.983.861.907
571471,1,4,13,95,2,,,,,,,,2,,,,,,,,,,,,,,,13,132.800.983.861.907
571472,1,1,13,95,2,,,,,,,,2,,,,,,,,,,,,,,,13,273.778.527.526.902
571472,1,2,13,95,2,,,,,,,,2,,,,,,,,,,,,,,,13,273.778.527.526.902
571472,1,3,13,95,2,,,,,,,,2,,,,,,,,,,,,,,,13,273.778.527.526.902
571472,1,4,13,95,2,,,,,,,,2,,,,,,,,,,,,,,,13,273.778.527.526.902
571472,1,5,13,95,2,,,,,,,,2,,,,,,,,,,,,,,,13,273.778.527.526.902
571473,1,1,13,95,2,,,,,,,,2,,,,,,,,,,,,,,,13,348.309.552.848.712
571473,1,2,13,95,2,,,,,,,,2,,,,,,,,,,,,,,,13,348.309.552.848.712
571473,1,3,13,95,2,,,,,,,,2,,,,,,,,,,,,,,,13,348.309.552.848.712
571473,1,4,13,95,2,,,,,,,,2,,,,,,,,,,,,,,,13,348.309.552.848.712
571473,1,5,13,95,2,,,,,,,,2,,,,,,,,,,,,,,,13,348.309.552.848.712
571474,1,1,13,95,1,,2,1,,433800,,2,2,,,,,,,,,,,,,,,13,299.864.158.183.572
571474,1,2,13,95,2,,,,,,,,2,,,,,,,,,,,,,,,13,299.864.158.183.572
571474,1,3,13,95,2,,,,,,,,2,,,,,,,,,,,,,,,13,299.864.158.183.572
571474,1,4,13,95,2,,,,,,,,2,,,,,,,,,,,,,,,13,299.864.158.183.572
571474,1,5,13,95,2,,,,,,,,2,,,,,,,,,,,,,,,13,299.864.158.183.572
571474,1,6,13,95,2,,,,,,,,2,,,,,,,,,,,,,,,13,299.864.158.183.572
571475,1,1,13,95,2,,,,,,,,1,2,,2,3600000,,,,,,2,2,1,,2,13,361.173.802.249.122
571475,1,2,13,95,2,,,,,,,,2,,,,,,,,,,,,,,,13,361.173.802.249.122
571475,1,3,13,95,2,,,,,,,,2,,,,,,,,,,,,,,,13,361.173.802.249.122
571475,1,6,13,95,2,,,,,,,,2,,,,,,,,,,,,,,,13,361.173.802.249.122
571476,1,1,13,95,2,,,,,,,,1,2,,2,,,,,,960000,2,1,2,,2,13,338.046.957.002.072
571476,1,2,13,95,2,,,,,,,,2,,,,,,,,,,,,,,,13,338.046.957.002.072
571476,1,3,13,95,2,,,,,,,,2,,,,,,,,,,,,,,,13,338.046.957.002.072
571476,1,4,13,95,2,,,,,,,,2,,,,,,,,,,,,,,,13,338.046.957.002.072
571477,1,1,13,95,2,,,,,,,,2,,,,,,,,,,,,,,,13,296.490.717.614.696
571477,1,2,13,95,2,,,,,,,,2,,,,,,,,,,,,,,,13,296.490.717.614.696
571477,1,3,13,95,2,,,,,,,,2,,,,,,,,,,,,,,,13,296.490.717.614.696
571477,1,4,13,95,1,,2,1,,433800,,2,2,,,,,,,,,,,,,,,13,296.490.717.614.696
571478,1,1,13,95,2,,,,,,,,2,,,,,,,,,,,,,,,13,253.080.883.577.648
571478,1,2,13,95,2,,,,,,,,2,,,,,,,,,,,,,,,13,253.080.883.577.648
571480,1,1,13,95,2,,,,,,,,2,,,,,,,,,,,,,,,13,282.771.817.025.597
571480,1,2,13,95,2,,,,,,,,2,,,,,,,,,,,,,,,13,282.771.817.025.597
571481,1,1,13,95,2,,,,,,,,2,,,,,,,,,,,,,,,13,259.207.282.934.062
571481,1,2,13,95,2,,,,,,,,2,,,,,,,,,,,,,,,13,259.207.282.934.062
571482,1,1,13,95,1,,1,2,,,250000,2,2,,,,,,,,,,,,,,,13,33.542.318.323.328
571482,1,2,13,95,1,,1,2,,,250000,2,2,,,,,,,,,,,,,,,13,33.542.318.323.328
571482,1,3,13,95,2,,,,,,,,2,,,,,,,,,,,,,,,13,33.542.318.323.328
571482,1,4,13,95,2,,,,,,,,2,,,,,,,,,,,,,,,13,33.542.318.323.328
571483,1,1,13,95,2,,,,,,,,2,,,,,,,,,,,,,,,13,323.106.967.616.753
571483,1,2,13,95,2,,,,,,,,2,,,,,,,,,,,,,,,13,323.106.967.616.753
571483,1,3,13,95,2,,,,,,,,2,,,,,,,,,,,,,,,13,323.106.967.616.753
571483,1,4,13,95,2,,,,,,,,2,,,,,,,,,,,,,,,13,323.106.967.616.753
571483,1,5,13,95,2,,,,,,,,2,,,,,,,,,,,,,,,13,323.106.967.616.753
571484,1,1,13,95,2,,,,,,,,2,,,,,,,,,,,,,,,13,200.725.590.290.092
571484,1,2,13,95,2,,,,,,,,2,,,,,,,,,,,,,,,13,200.725.590.290.092
571484,1,3,13,95,2,,,,,,,,2,,,,,,,,,,,,,,,13,200.725.590.290.092
571484,1,6,13,95,2,,,,,,,,1,2,,2,,,,,,3600000,2,1,2,,2,13,200.725.590.290.092
571485,1,1,13,95,1,,2,1,,1700000,,2,2,,,,,,,,,,,,,,,13,312.700.772.310.784
571485,1,2,13,95,2,,,,,,,,2,,,,,,,,,,,,,,,13,312.700.772.310.784
571486,1,1,13,95,2,,,,,,,,2,,,,,,,,,,,,,,,13,253.501.924.717.009
571486,1,2,13,95,2,,,,,,,,2,,,,,,,,,,,,,,,13,253.501.924.717.009
571486,1,5,13,95,2,,,,,,,,2,,,,,,,,,,,,,,,13,253.501.924.717.009
571487,1,1,13,95,2,,,,,,,,1,2,,2,,,,,,12000000,2,1,2,,2,13,291.008.999.892.897
571487,1,3,13,95,2,,,,,,,,2,,,,,,,,,,,,,,,13,291.008.999.892.897
571487,1,4,13,95,2,,,,,,,,2,,,,,,,,,,,,,,,13,291.008.999.892.897
571488,1,1,13,95,2,,,,,,,,2,,,,,,,,,,,,,,,13,244.176.778.742.682
571488,1,2,13,95,2,,,,,,,,2,,,,,,,,,,,,,,,13,244.176.778.742.682
571488,2,1,13,95,2,,,,,,,,2,,,,,,,,,,,,,,,13,244.176.778.742.682
571488,2,2,13,95,2,,,,,,,,2,,,,,,,,,,,,,,,13,244.176.778.742.682
571489,2,1,13,95,2,,,,,,,,2,,,,,,,,,,,,,,,13,310.112.022.519.854
571489,2,2,13,95,2,,,,,,,,2,,,,,,,,,,,,,,,13,310.112.022.519.854
571489,2,3,13,95,2,,,,,,,,2,,,,,,,,,,,,,,,13,310.112.022.519.854
571490,1,1,13,95,2,,,,,,,,2,,,,,,,,,,,,,,,13,317.617.353.455.708
571490,1,2,13,95,2,,,,,,,,2,,,,,,,,,,,,,,,13,317.617.353.455.708
571490,1,3,13,95,2,,,,,,,,2,,,,,,,,,,,,,,,13,317.617.353.455.708
571490,1,4,13,95,2,,,,,,,,2,,,,,,,,,,,,,,,13,317.617.353.455.708
571491,1,1,13,95,2,,,,,,,,2,,,,,,,,,,,,,,,13,318.154.657.726.444
571491,1,2,13,95,2,,,,,,,,2,,,,,,,,,,,,,,,13,318.154.657.726.444
571491,1,3,13,95,2,,,,,,,,2,,,,,,,,,,,,,,,13,318.154.657.726.444
571491,1,4,13,95,2,,,,,,,,2,,,,,,,,,,,,,,,13,318.154.657.726.444
571491,1,5,13,95,2,,,,,,,,2,,,,,,,,,,,,,,,13,318.154.657.726.444
571492,1,1,13,95,2,,,,,,,,2,,,,,,,,,,,,,,,13,280.679.413.091.815
571492,1,2,13,95,2,,,,,,,,2,,,,,,,,,,,,,,,13,280.679.413.091.815
571492,1,3,13,95,2,,,,,,,,2,,,,,,,,,,,,,,,13,280.679.413.091.815
571493,1,1,13,95,2,,,,,,,,2,,,,,,,,,,,,,,,13,291.204.849.630.564
571493,1,2,13,95,2,,,,,,,,2,,,,,,,,,,,,,,,13,291.204.849.630.564
571493,1,3,13,95,2,,,,,,,,2,,,,,,,,,,,,,,,13,291.204.849.630.564
571493,1,4,13,95,2,,,,,,,,2,,,,,,,,,,,,,,,13,291.204.849.630.564
571495,1,1,13,95,2,,,,,,,,2,,,,,,,,,,,,,,,13,286.944.779.310.741
571495,1,2,13,95,2,,,,,,,,2,,,,,,,,,,,,,,,13,286.944.779.310.741
571497,1,1,13,95,2,,,,,,,,2,,,,,,,,,,,,,,,13,573.389.582.143.514
571497,1,2,13,95,2,,,,,,,,2,,,,,,,,,,,,,,,13,573.389.582.143.514
571497,1,3,13,95,2,,,,,,,,2,,,,,,,,,,,,,,,13,573.389.582.143.514
571498,1,1,13,95,2,,,,,,,,1,2,,2,,,,,,1500000,2,1,2,,2,13,288.604.767.712.346
571498,1,2,13,95,2,,,,,,,,2,,,,,,,,,,,,,,,13,288.604.767.712.346
571498,1,3,13,95,2,,,,,,,,2,,,,,,,,,,,,,,,13,288.604.767.712.346
571499,1,1,13,95,2,,,,,,,,2,,,,,,,,,,,,,,,13,316.536.125.640.125
571499,1,2,13,95,1,,2,1,,1000000,,2,2,,,,,,,,,,,,,,,13,316.536.125.640.125
571499,1,3,13,95,2,,,,,,,,2,,,,,,,,,,,,,,,13,316.536.125.640.125
571499,1,4,13,95,1,,2,1,,1000000,,2,2,,,,,,,,,,,,,,,13,316.536.125.640.125
571500,1,1,13,95,1,,2,1,,433000,,2,2,,,,,,,,,,,,,,,13,31.165.982.161.513
571500,1,2,13,95,2,,,,,,,,2,,,,,,,,,,,,,,,13,31.165.982.161.513
571500,1,3,13,95,2,,,,,,,,1,2,,2,,,,,,600000,2,1,2,,2,13,31.165.982.161.513
571500,1,5,13,95,2,,,,,,,,2,,,,,,,,,,,,,,,13,31.165.982.161.513
571501,1,1,13,95,2,,,,,,,,1,2,,2,,,,,,3600000,2,1,2,,2,13,236.440.737.966.638
571501,1,4,13,95,2,,,,,,,,1,2,,2,,,,,,3600000,2,1,2,,2,13,236.440.737.966.638
571502,1,1,13,95,2,,,,,,,,2,,,,,,,,,,,,,,,13,317.341.209.697.216
571502,1,2,13,95,2,,,,,,,,2,,,,,,,,,,,,,,,13,317.341.209.697.216
571502,1,3,13,95,2,,,,,,,,2,,,,,,,,,,,,,,,13,317.341.209.697.216
571502,1,4,13,95,2,,,,,,,,2,,,,,,,,,,,,,,,13,317.341.209.697.216
571502,1,6,13,95,2,,,,,,,,2,,,,,,,,,,,,,,,13,317.341.209.697.216
571502,1,7,13,95,2,,,,,,,,2,,,,,,,,,,,,,,,13,317.341.209.697.216
571503,1,1,13,95,2,,,,,,,,2,,,,,,,,,,,,,,,13,312.206.633.108.644
571503,1,2,13,95,2,,,,,,,,2,,,,,,,,,,,,,,,13,312.206.633.108.644
571503,1,3,13,95,2,,,,,,,,2,,,,,,,,,,,,,,,13,312.206.633.108.644
571503,1,4,13,95,2,,,,,,,,2,,,,,,,,,,,,,,,13,312.206.633.108.644
571503,1,5,13,95,2,,,,,,,,2,,,,,,,,,,,,,,,13,312.206.633.108.644
571503,1,6,13,95,2,,,,,,,,2,,,,,,,,,,,,,,,13,312.206.633.108.644
571503,1,7,13,95,2,,,,,,,,1,2,,2,,,,,,1800000,2,1,2,,2,13,312.206.633.108.644
571504,1,1,13,95,2,,,,,,,,2,,,,,,,,,,,,,,,13,252.898.005.943.088
571504,1,2,13,95,2,,,,,,,,2,,,,,,,,,,,,,,,13,252.898.005.943.088
571504,1,3,13,95,2,,,,,,,,2,,,,,,,,,,,,,,,13,252.898.005.943.088
571504,1,5,13,95,2,,,,,,,,2,,,,,,,,,,,,,,,13,252.898.005.943.088
571504,1,6,13,95,2,,,,,,,,2,,,,,,,,,,,,,,,13,252.898.005.943.088
571504,1,8,13,95,2,,,,,,,,1,2,,2,,,,,,1800000,2,1,2,,2,13,252.898.005.943.088
571505,1,1,13,95,2,,,,,,,,2,,,,,,,,,,,,,,,13,468.086.745.006.466
571505,1,2,13,95,2,,,,,,,,1,2,,2,,,,,,2880000,2,1,2,,2,13,468.086.745.006.466
571505,1,3,13,95,2,,,,,,,,2,,,,,,,,,,,,,,,13,468.086.745.006.466
571505,2,1,13,95,2,,,,,,,,1,2,,2,,,,,,360000,2,1,2,,2,13,468.086.745.006.466
571506,1,1,13,95,2,,,,,,,,2,,,,,,,,,,,,,,,13,572.892.510.948.159
571506,1,2,13,95,2,,,,,,,,2,,,,,,,,,,,,,,,13,572.892.510.948.159
571506,1,4,13,95,2,,,,,,,,2,,,,,,,,,,,,,,,13,572.892.510.948.159
571507,1,1,13,95,2,,,,,,,,2,,,,,,,,,,,,,,,13,259.128.921.092.962
571507,1,2,13,95,2,,,,,,,,2,,,,,,,,,,,,,,,13,259.128.921.092.962
571507,1,3,13,95,2,,,,,,,,2,,,,,,,,,,,,,,,13,259.128.921.092.962
571508,1,1,13,95,2,,,,,,,,2,,,,,,,,,,,,,,,13,26.399.110.071.484
571508,1,2,13,95,2,,,,,,,,2,,,,,,,,,,,,,,,13,26.399.110.071.484
571508,1,3,13,95,2,,,,,,,,1,2,,2,,,,,,1200000,2,1,2,,2,13,26.399.110.071.484
571509,1,1,13,95,2,,,,,,,,2,,,,,,,,,,,,,,,13,285.373.242.475.915
571509,1,2,13,95,2,,,,,,,,2,,,,,,,,,,,,,,,13,285.373.242.475.915
571509,1,3,13,95,2,,,,,,,,2,,,,,,,,,,,,,,,13,285.373.242.475.915
571509,1,4,13,95,2,,,,,,,,2,,,,,,,,,,,,,,,13,285.373.242.475.915
571509,1,5,13,95,2,,,,,,,,2,,,,,,,,,,,,,,,13,285.373.242.475.915
571510,1,1,13,95,1,,1,2,,,340000,2,2,,,,,,,,,,,,,,,13,290.422.586.118.558
571510,1,2,13,95,2,,,,,,,,2,,,,,,,,,,,,,,,13,290.422.586.118.558
571510,1,3,13,95,2,,,,,,,,2,,,,,,,,,,,,,,,13,290.422.586.118.558
571510,1,4,13,95,2,,,,,,,,2,,,,,,,,,,,,,,,13,290.422.586.118.558
571510,1,5,13,95,2,,,,,,,,2,,,,,,,,,,,,,,,13,290.422.586.118.558
571511,1,1,13,95,2,,,,,,,,2,,,,,,,,,,,,,,,13,341.488.920.274.044
571511,1,2,13,95,2,,,,,,,,2,,,,,,,,,,,,,,,13,341.488.920.274.044
571511,1,3,13,95,2,,,,,,,,2,,,,,,,,,,,,,,,13,341.488.920.274.044
571511,1,4,13,95,2,,,,,,,,2,,,,,,,,,,,,,,,13,341.488.920.274.044
571513,1,1,13,95,2,,,,,,,,2,,,,,,,,,,,,,,,13,276.190.758.993.502
571513,1,2,13,95,2,,,,,,,,2,,,,,,,,,,,,,,,13,276.190.758.993.502
571513,1,3,13,95,2,,,,,,,,2,,,,,,,,,,,,,,,13,276.190.758.993.502
571513,1,4,13,95,2,,,,,,,,2,,,,,,,,,,,,,,,13,276.190.758.993.502
571513,1,6,13,95,2,,,,,,,,2,,,,,,,,,,,,,,,13,276.190.758.993.502
571513,1,7,13,95,2,,,,,,,,2,,,,,,,,,,,,,,,13,276.190.758.993.502
571513,2,1,13,95,2,,,,,,,,2,,,,,,,,,,,,,,,13,276.190.758.993.502
571513,2,2,13,95,2,,,,,,,,2,,,,,,,,,,,,,,,13,276.190.758.993.502
571513,3,1,13,95,2,,,,,,,,2,,,,,,,,,,,,,,,13,276.190.758.993.502
571513,3,2,13,95,2,,,,,,,,2,,,,,,,,,,,,,,,13,276.190.758.993.502
571514,1,1,13,95,2,,,,,,,,2,,,,,,,,,,,,,,,13,29.296.747.267.449
571514,1,2,13,95,2,,,,,,,,1,2,,2,,,,,,600000,2,1,2,,2,13,29.296.747.267.449
571514,1,3,13,95,2,,,,,,,,2,,,,,,,,,,,,,,,13,29.296.747.267.449
571514,2,1,13,95,2,,,,,,,,2,,,,,,,,,,,,,,,13,29.296.747.267.449
571514,2,2,13,95,2,,,,,,,,2,,,,,,,,,,,,,,,13,29.296.747.267.449
571514,2,3,13,95,2,,,,,,,,2,,,,,,,,,,,,,,,13,29.296.747.267.449
571514,2,4,13,95,2,,,,,,,,2,,,,,,,,,,,,,,,13,29.296.747.267.449
571515,1,1,13,95,2,,,,,,,,2,,,,,,,,,,,,,,,13,261.212.112.304.946
571515,1,2,13,95,2,,,,,,,,2,,,,,,,,,,,,,,,13,261.212.112.304.946
571516,1,1,13,95,2,,,,,,,,2,,,,,,,,,,,,,,,13,27.608.766.019.132
571516,1,2,13,95,2,,,,,,,,2,,,,,,,,,,,,,,,13,27.608.766.019.132
571516,1,3,13,95,2,,,,,,,,2,,,,,,,,,,,,,,,13,27.608.766.019.132
571516,1,4,13,95,2,,,,,,,,2,,,,,,,,,,,,,,,13,27.608.766.019.132
571519,1,1,13,95,2,,,,,,,,2,,,,,,,,,,,,,,,13,261.986.271.343.956
571519,1,2,13,95,2,,,,,,,,1,2,,2,,,,,,1800000,2,1,2,,2,13,261.986.271.343.956
571519,1,3,13,95,2,,,,,,,,2,,,,,,,,,,,,,,,13,261.986.271.343.956
571520,1,1,13,95,2,,,,,,,,2,,,,,,,,,,,,,,,13,122.004.773.670.849
571520,1,2,13,95,2,,,,,,,,1,2,,2,,,,,,2400000,2,1,2,,2,13,122.004.773.670.849
571521,1,1,13,95,2,,,,,,,,2,,,,,,,,,,,,,,,13,260.631.628.247.052
571521,1,2,13,95,2,,,,,,,,2,,,,,,,,,,,,,,,13,260.631.628.247.052
571521,1,4,13,95,2,,,,,,,,2,,,,,,,,,,,,,,,13,260.631.628.247.052
571522,1,1,13,95,2,,,,,,,,2,,,,,,,,,,,,,,,13,298.447.494.324.992
571522,1,2,13,95,2,,,,,,,,2,,,,,,,,,,,,,,,13,298.447.494.324.992
571522,1,3,13,95,2,,,,,,,,2,,,,,,,,,,,,,,,13,298.447.494.324.992
571522,1,4,13,95,2,,,,,,,,2,,,,,,,,,,,,,,,13,298.447.494.324.992
571524,1,1,13,95,1,,2,1,,462000,,2,2,,,,,,,,,,,,,,,13,341.145.802.088.466
571524,1,2,13,95,2,,,,,,,,2,,,,,,,,,,,,,,,13,341.145.802.088.466
571524,1,3,13,95,2,,,,,,,,2,,,,,,,,,,,,,,,13,341.145.802.088.466
571524,1,4,13,95,2,,,,,,,,2,,,,,,,,,,,,,,,13,341.145.802.088.466
571524,1,5,13,95,2,,,,,,,,2,,,,,,,,,,,,,,,13,341.145.802.088.466
571524,1,6,13,95,2,,,,,,,,2,,,,,,,,,,,,,,,13,341.145.802.088.466
571524,1,7,13,95,2,,,,,,,,2,,,,,,,,,,,,,,,13,341.145.802.088.466
571529,1,1,13,95,2,,,,,,,,2,,,,,,,,,,,,,,,13,275.861.010.996.826
571529,1,2,13,95,2,,,,,,,,2,,,,,,,,,,,,,,,13,275.861.010.996.826
571529,1,3,13,95,2,,,,,,,,2,,,,,,,,,,,,,,,13,275.861.010.996.826
571529,1,4,13,95,2,,,,,,,,2,,,,,,,,,,,,,,,13,275.861.010.996.826
571529,1,5,13,95,2,,,,,,,,2,,,,,,,,,,,,,,,13,275.861.010.996.826
571530,1,1,13,95,1,,2,1,,3000000,,2,2,,,,,,,,,,,,,,,13,274.144.139.459.758
571530,1,2,13,95,1,,2,1,,1700000,,2,2,,,,,,,,,,,,,,,13,274.144.139.459.758
571530,1,3,13,95,2,,,,,,,,2,,,,,,,,,,,,,,,13,274.144.139.459.758
571530,2,1,13,95,2,,,,,,,,2,,,,,,,,,,,,,,,13,274.144.139.459.758
571530,2,2,13,95,2,,,,,,,,2,,,,,,,,,,,,,,,13,274.144.139.459.758
571532,1,1,13,95,2,,,,,,,,2,,,,,,,,,,,,,,,13,276.088.466.703.692
571532,1,2,13,95,2,,,,,,,,2,,,,,,,,,,,,,,,13,276.088.466.703.692
571534,1,1,13,95,2,,,,,,,,2,,,,,,,,,,,,,,,13,250.815.424.010.888
571534,1,2,13,95,2,,,,,,,,1,2,,2,,,,,,500000,2,1,2,,2,13,250.815.424.010.888
571535,1,1,13,95,2,,,,,,,,2,,,,,,,,,,,,,,,13,307.924.174.186.101
571535,1,2,13,95,2,,,,,,,,2,,,,,,,,,,,,,,,13,307.924.174.186.101
571535,1,3,13,95,2,,,,,,,,2,,,,,,,,,,,,,,,13,307.924.174.186.101
571535,1,4,13,95,2,,,,,,,,2,,,,,,,,,,,,,,,13,307.924.174.186.101
571535,1,6,13,95,2,,,,,,,,2,,,,,,,,,,,,,,,13,307.924.174.186.101
571536,1,1,13,95,2,,,,,,,,2,,,,,,,,,,,,,,,13,297.589.822.935.562
571536,1,2,13,95,2,,,,,,,,2,,,,,,,,,,,,,,,13,297.589.822.935.562
571536,1,3,13,95,2,,,,,,,,2,,,,,,,,,,,,,,,13,297.589.822.935.562
571537,1,1,13,95,2,,,,,,,,2,,,,,,,,,,,,,,,13,300.068.974.080.558
571537,1,2,13,95,2,,,,,,,,2,,,,,,,,,,,,,,,13,300.068.974.080.558
571538,1,1,13,95,2,,,,,,,,2,,,,,,,,,,,,,,,13,321.636.411.793.728
571538,1,2,13,95,1,,1,2,,,900000,2,2,,,,,,,,,,,,,,,13,321.636.411.793.728
571538,1,5,13,95,2,,,,,,,,2,,,,,,,,,,,,,,,13,321.636.411.793.728
571539,1,1,13,95,2,,,,,,,,2,,,,,,,,,,,,,,,13,288.639.958.445.455
571539,1,2,13,95,2,,,,,,,,2,,,,,,,,,,,,,,,13,288.639.958.445.455
571539,1,3,13,95,2,,,,,,,,2,,,,,,,,,,,,,,,13,288.639.958.445.455
571539,1,4,13,95,2,,,,,,,,2,,,,,,,,,,,,,,,13,288.639.958.445.455
571540,1,1,13,95,2,,,,,,,,2,,,,,,,,,,,,,,,13,311.190.086.407.189
571540,1,2,13,95,2,,,,,,,,2,,,,,,,,,,,,,,,13,311.190.086.407.189
571541,1,1,13,95,2,,,,,,,,2,,,,,,,,,,,,,,,13,296.773.051.043.872
571541,1,2,13,95,2,,,,,,,,2,,,,,,,,,,,,,,,13,296.773.051.043.872
571542,1,1,13,95,2,,,,,,,,2,,,,,,,,,,,,,,,13,27.254.786.514.244
571542,1,2,13,95,2,,,,,,,,2,,,,,,,,,,,,,,,13,27.254.786.514.244
571543,1,1,13,95,2,,,,,,,,2,,,,,,,,,,,,,,,13,314.975.419.667.378
571543,1,2,13,95,2,,,,,,,,2,,,,,,,,,,,,,,,13,314.975.419.667.378
571543,1,3,13,95,2,,,,,,,,2,,,,,,,,,,,,,,,13,314.975.419.667.378
571543,1,4,13,95,2,,,,,,,,2,,,,,,,,,,,,,,,13,314.975.419.667.378
571546,1,1,13,95,2,,,,,,,,1,2,,2,,,,,,550000,2,1,2,,2,13,293.863.732.611.539
571547,1,1,13,95,2,,,,,,,,2,,,,,,,,,,,,,,,13,341.748.100.651.646
571547,1,2,13,95,2,,,,,,,,2,,,,,,,,,,,,,,,13,341.748.100.651.646
571547,1,3,13,95,2,,,,,,,,2,,,,,,,,,,,,,,,13,341.748.100.651.646
571547,2,1,13,95,2,,,,,,,,2,,,,,,,,,,,,,,,13,341.748.100.651.646
571547,2,2,13,95,2,,,,,,,,2,,,,,,,,,,,,,,,13,341.748.100.651.646
571547,2,3,13,95,2,,,,,,,,2,,,,,,,,,,,,,,,13,341.748.100.651.646
571548,1,1,13,95,2,,,,,,,,1,2,,2,,,,,,360000,2,1,2,,2,13,269.444.620.335.384
571548,1,2,13,95,2,,,,,,,,2,,,,,,,,,,,,,,,13,269.444.620.335.384
571550,1,1,13,95,1,,2,1,,433700,,2,2,,,,,,,,,,,,,,,13,272.344.320.952.014
571550,1,2,13,95,2,,,,,,,,2,,,,,,,,,,,,,,,13,272.344.320.952.014
571550,1,3,13,95,2,,,,,,,,2,,,,,,,,,,,,,,,13,272.344.320.952.014
571550,1,5,13,95,2,,,,,,,,1,2,,2,,,,,,800000,2,1,2,,2,13,272.344.320.952.014
571550,1,6,13,95,2,,,,,,,,2,,,,,,,,,,,,,,,13,272.344.320.952.014
571551,1,1,13,95,2,,,,,,,,2,,,,,,,,,,,,,,,13,573.389.582.143.514
571551,1,2,13,95,2,,,,,,,,2,,,,,,,,,,,,,,,13,573.389.582.143.514
571551,1,4,13,95,2,,,,,,,,2,,,,,,,,,,,,,,,13,573.389.582.143.514
571552,1,1,13,95,2,,,,,,,,2,,,,,,,,,,,,,,,13,282.635.159.249.076
571552,1,2,13,95,2,,,,,,,,2,,,,,,,,,,,,,,,13,282.635.159.249.076
571554,1,1,13,95,1,,2,1,,1300000,,2,2,,,,,,,,,,,,,,,13,265.131.397.338.579
571554,1,2,13,95,2,,,,,,,,2,,,,,,,,,,,,,,,13,265.131.397.338.579
571554,1,3,13,95,2,,,,,,,,2,,,,,,,,,,,,,,,13,265.131.397.338.579
571554,1,4,13,95,2,,,,,,,,2,,,,,,,,,,,,,,,13,265.131.397.338.579
571555,1,1,13,95,1,,2,1,,433700,,2,2,,,,,,,,,,,,,,,13,286.642.135.749.772
571555,1,2,13,95,2,,,,,,,,2,,,,,,,,,,,,,,,13,286.642.135.749.772
571556,1,1,13,95,2,,,,,,,,2,,,,,,,,,,,,,,,13,283.148.378.469.028
571556,1,2,13,95,2,,,,,,,,2,,,,,,,,,,,,,,,13,283.148.378.469.028
571556,1,3,13,95,2,,,,,,,,2,,,,,,,,,,,,,,,13,283.148.378.469.028
571557,1,1,13,95,2,,,,,,,,2,,,,,,,,,,,,,,,13,615.805.510.836.839
571560,1,1,13,95,2,,,,,,,,2,,,,,,,,,,,,,,,13,275.334.269.431.566
571560,1,2,13,95,2,,,,,,,,2,,,,,,,,,,,,,,,13,275.334.269.431.566
571560,1,3,13,95,2,,,,,,,,2,,,,,,,,,,,,,,,13,275.334.269.431.566
571560,1,4,13,95,2,,,,,,,,2,,,,,,,,,,,,,,,13,275.334.269.431.566
571560,1,5,13,95,2,,,,,,,,2,,,,,,,,,,,,,,,13,275.334.269.431.566
571561,1,1,13,95,2,,,,,,,,2,,,,,,,,,,,,,,,13,304.071.101.726.988
571561,1,2,13,95,2,,,,,,,,2,,,,,,,,,,,,,,,13,304.071.101.726.988
571561,1,3,13,95,2,,,,,,,,2,,,,,,,,,,,,,,,13,304.071.101.726.988
571562,1,1,13,95,2,,,,,,,,2,,,,,,,,,,,,,,,13,310.074.791.851.923
571562,1,2,13,95,2,,,,,,,,2,,,,,,,,,,,,,,,13,310.074.791.851.923
571562,1,4,13,95,2,,,,,,,,2,,,,,,,,,,,,,,,13,310.074.791.851.923
571562,1,5,13,95,2,,,,,,,,2,,,,,,,,,,,,,,,13,310.074.791.851.923
571562,1,6,13,95,2,,,,,,,,2,,,,,,,,,,,,,,,13,310.074.791.851.923
571563,1,1,13,95,2,,,,,,,,2,,,,,,,,,,,,,,,13,307.880.656.362.619
571563,1,2,13,95,2,,,,,,,,2,,,,,,,,,,,,,,,13,307.880.656.362.619
571563,1,3,13,95,2,,,,,,,,2,,,,,,,,,,,,,,,13,307.880.656.362.619
571563,1,4,13,95,2,,,,,,,,2,,,,,,,,,,,,,,,13,307.880.656.362.619
571563,1,5,13,95,2,,,,,,,,2,,,,,,,,,,,,,,,13,307.880.656.362.619
571563,1,9,13,95,2,,,,,,,,2,,,,,,,,,,,,,,,13,307.880.656.362.619
571563,1,12,13,95,2,,,,,,,,1,2,,2,,,,,,400000,2,1,2,,2,13,307.880.656.362.619
571564,1,1,13,95,2,,,,,,,,2,,,,,,,,,,,,,,,13,26.876.285.697.435
571564,1,2,13,95,2,,,,,,,,2,,,,,,,,,,,,,,,13,26.876.285.697.435
571564,1,3,13,95,2,,,,,,,,2,,,,,,,,,,,,,,,13,26.876.285.697.435
571565,1,1,13,95,2,,,,,,,,2,,,,,,,,,,,,,,,13,13.576.541.804.249
571565,1,2,13,95,2,,,,,,,,2,,,,,,,,,,,,,,,13,13.576.541.804.249
571565,1,3,13,95,2,,,,,,,,2,,,,,,,,,,,,,,,13,13.576.541.804.249
571565,1,4,13,95,2,,,,,,,,2,,,,,,,,,,,,,,,13,13.576.541.804.249
571567,1,1,13,95,2,,,,,,,,1,2,,2,,,,,,1200000,2,1,2,,2,13,223.787.547.725.277
571567,1,2,13,95,2,,,,,,,,2,,,,,,,,,,,,,,,13,223.787.547.725.277
571568,1,1,13,95,2,,,,,,,,2,,,,,,,,,,,,,,,13,260.631.628.247.052
571568,1,2,13,95,2,,,,,,,,2,,,,,,,,,,,,,,,13,260.631.628.247.052
571568,1,3,13,95,2,,,,,,,,2,,,,,,,,,,,,,,,13,260.631.628.247.052
571569,1,1,13,95,2,,,,,,,,2,,,,,,,,,,,,,,,13,279.911.595.834.927
571570,1,1,13,95,2,,,,,,,,1,2,,2,,,,,,1500000,2,1,2,,2,13,31.901.692.620.797
571570,1,2,13,95,2,,,,,,,,2,,,,,,,,,,,,,,,13,31.901.692.620.797
571570,1,3,13,95,2,,,,,,,,2,,,,,,,,,,,,,,,13,31.901.692.620.797
571571,1,1,13,95,1,,1,2,,,80000,2,2,,,,,,,,,,,,,,,13,281.532.057.211.506
571571,1,2,13,95,2,,,,,,,,2,,,,,,,,,,,,,,,13,281.532.057.211.506
571572,1,1,13,95,2,,,,,,,,1,2,,2,,,,,,2400000,2,1,2,,2,13,330.527.383.623.662
571573,1,1,13,95,2,,,,,,,,2,,,,,,,,,,,,,,,13,269.444.620.335.384
571573,1,2,13,95,2,,,,,,,,2,,,,,,,,,,,,,,,13,269.444.620.335.384
571575,1,1,13,95,2,,,,,,,,2,,,,,,,,,,,,,,,13,269.311.074.560.926
571575,1,2,13,95,2,,,,,,,,2,,,,,,,,,,,,,,,13,269.311.074.560.926
571575,1,3,13,95,2,,,,,,,,2,,,,,,,,,,,,,,,13,269.311.074.560.926
571575,1,5,13,95,2,,,,,,,,2,,,,,,,,,,,,,,,13,269.311.074.560.926
571576,1,1,13,95,2,,,,,,,,2,,,,,,,,,,,,,,,13,33.333.970.220.338
571576,1,2,13,95,2,,,,,,,,2,,,,,,,,,,,,,,,13,33.333.970.220.338
571576,1,4,13,95,2,,,,,,,,2,,,,,,,,,,,,,,,13,33.333.970.220.338
571576,1,5,13,95,2,,,,,,,,2,,,,,,,,,,,,,,,13,33.333.970.220.338
571577,1,1,13,95,2,,,,,,,,2,,,,,,,,,,,,,,,13,3.226.475.242.899
571577,1,2,13,95,2,,,,,,,,2,,,,,,,,,,,,,,,13,3.226.475.242.899
571577,1,3,13,95,2,,,,,,,,2,,,,,,,,,,,,,,,13,3.226.475.242.899
571577,1,4,13,95,2,,,,,,,,2,,,,,,,,,,,,,,,13,3.226.475.242.899
571577,1,5,13,95,2,,,,,,,,2,,,,,,,,,,,,,,,13,3.226.475.242.899
571577,1,6,13,95,2,,,,,,,,2,,,,,,,,,,,,,,,13,3.226.475.242.899
571578,1,1,13,95,2,,,,,,,,2,,,,,,,,,,,,,,,13,261.212.112.304.946
571578,1,2,13,95,2,,,,,,,,2,,,,,,,,,,,,,,,13,261.212.112.304.946
571579,1,1,13,95,2,,,,,,,,2,,,,,,,,,,,,,,,13,256.317.666.211.749
571579,1,2,13,95,2,,,,,,,,1,2,,2,,,,98,,,1,2,2,,2,13,256.317.666.211.749
571579,1,3,13,95,2,,,,,,,,2,,,,,,,,,,,,,,,13,256.317.666.211.749
571579,1,6,13,95,2,,,,,,,,2,,,,,,,,,,,,,,,13,256.317.666.211.749
571580,1,1,13,95,2,,,,,,,,2,,,,,,,,,,,,,,,13,257.202.453.563.177
571580,1,2,13,95,2,,,,,,,,2,,,,,,,,,,,,,,,13,257.202.453.563.177
571581,1,1,13,95,2,,,,,,,,2,,,,,,,,,,,,,,,13,292.703.952.509.317
571581,1,2,13,95,2,,,,,,,,2,,,,,,,,,,,,,,,13,292.703.952.509.317
571581,1,3,13,95,2,,,,,,,,1,2,,1,,,380000,,,,2,2,2,,2,13,292.703.952.509.317
571581,1,4,13,95,2,,,,,,,,2,,,,,,,,,,,,,,,13,292.703.952.509.317
571582,1,1,13,95,2,,,,,,,,2,,,,,,,,,,,,,,,13,279.911.595.834.927
571583,1,1,13,95,2,,,,,,,,2,,,,,,,,,,,,,,,13,27.430.877.227.287
571583,1,2,13,95,1,,2,2,150000,,,1,2,,,,,,,,,,,,,,,13,27.430.877.227.287
571583,1,3,13,95,2,,,,,,,,2,,,,,,,,,,,,,,,13,27.430.877.227.287
571583,1,4,13,95,2,,,,,,,,2,,,,,,,,,,,,,,,13,27.430.877.227.287
571584,1,1,13,95,2,,,,,,,,1,2,,2,,,,,,1000000,2,1,2,,2,13,261.986.271.343.956
571584,1,2,13,95,2,,,,,,,,2,,,,,,,,,,,,,,,13,261.986.271.343.956
571584,1,3,13,95,2,,,,,,,,1,2,,2,,,,,,1200000,2,1,2,,2,13,261.986.271.343.956
571585,1,1,13,95,2,,,,,,,,2,,,,,,,,,,,,,,,13,245.144.003.269.696
571585,1,2,13,95,2,,,,,,,,2,,,,,,,,,,,,,,,13,245.144.003.269.696
571585,1,3,13,95,2,,,,,,,,2,,,,,,,,,,,,,,,13,245.144.003.269.696
571585,1,4,13,95,2,,,,,,,,2,,,,,,,,,,,,,,,13,245.144.003.269.696
571585,1,5,13,95,2,,,,,,,,2,,,,,,,,,,,,,,,13,245.144.003.269.696
571585,1,6,13,95,2,,,,,,,,2,,,,,,,,,,,,,,,13,245.144.003.269.696
571586,1,1,13,95,2,,,,,,,,1,2,,2,,,,,,100000,2,1,2,,2,13,250.060.674.792.928
571586,1,2,13,95,2,,,,,,,,2,,,,,,,,,,,,,,,13,250.060.674.792.928
571586,1,3,13,95,2,,,,,,,,2,,,,,,,,,,,,,,,13,250.060.674.792.928
571586,1,4,13,95,2,,,,,,,,2,,,,,,,,,,,,,,,13,250.060.674.792.928
571586,2,1,13,95,2,,,,,,,,2,,,,,,,,,,,,,,,13,250.060.674.792.928
571586,2,2,13,95,2,,,,,,,,2,,,,,,,,,,,,,,,13,250.060.674.792.928
571586,2,3,13,95,2,,,,,,,,2,,,,,,,,,,,,,,,13,250.060.674.792.928
571586,3,1,13,95,2,,,,,,,,2,,,,,,,,,,,,,,,13,250.060.674.792.928
571586,3,2,13,95,2,,,,,,,,2,,,,,,,,,,,,,,,13,250.060.674.792.928
571587,1,1,13,95,1,,2,1,,450000,,2,2,,,,,,,,,,,,,,,13,266.074.291.926.824
571587,1,2,13,95,2,,,,,,,,2,,,,,,,,,,,,,,,13,266.074.291.926.824
571588,1,1,13,95,2,,,,,,,,1,2,,2,,,,,,3000000,2,1,2,,2,13,234.607.341.500.101
571588,1,2,13,95,2,,,,,,,,1,2,,2,,,,,,2400000,2,1,2,,2,13,234.607.341.500.101
571588,1,3,13,95,2,,,,,,,,2,,,,,,,,,,,,,,,13,234.607.341.500.101
571589,1,1,13,95,2,,,,,,,,2,,,,,,,,,,,,,,,13,268.988.798.426.784
571589,1,2,13,95,2,,,,,,,,2,,,,,,,,,,,,,,,13,268.988.798.426.784
571589,1,3,13,95,2,,,,,,,,2,,,,,,,,,,,,,,,13,268.988.798.426.784
571590,1,1,13,95,2,,,,,,,,2,,,,,,,,,,,,,,,13,24.679.432.433.895
571590,1,2,13,95,2,,,,,,,,2,,,,,,,,,,,,,,,13,24.679.432.433.895
571590,1,3,13,95,2,,,,,,,,2,,,,,,,,,,,,,,,13,24.679.432.433.895
571590,1,5,13,95,2,,,,,,,,2,,,,,,,,,,,,,,,13,24.679.432.433.895
571591,1,1,13,95,2,,,,,,,,2,,,,,,,,,,,,,,,13,285.153.207.839.913
571591,1,2,13,95,2,,,,,,,,2,,,,,,,,,,,,,,,13,285.153.207.839.913
571591,1,3,13,95,2,,,,,,,,2,,,,,,,,,,,,,,,13,285.153.207.839.913
571593,1,1,13,95,2,,,,,,,,2,,,,,,,,,,,,,,,13,300.479.439.657.875
571594,1,1,13,95,2,,,,,,,,1,2,,2,,,,,,2500000,2,1,2,,2,13,271.846.148.677.778
571594,1,2,13,95,2,,,,,,,,2,,,,,,,,,,,,,,,13,271.846.148.677.778
571594,1,3,13,95,2,,,,,,,,2,,,,,,,,,,,,,,,13,271.846.148.677.778
571595,1,1,13,95,2,,,,,,,,2,,,,,,,,,,,,,,,13,253.080.883.577.648
571595,1,2,13,95,2,,,,,,,,2,,,,,,,,,,,,,,,13,253.080.883.577.648
571596,1,1,13,95,2,,,,,,,,2,,,,,,,,,,,,,,,13,251.076.054.206.763
571596,1,2,13,95,2,,,,,,,,2,,,,,,,,,,,,,,,13,251.076.054.206.763
571597,1,1,13,95,2,,,,,,,,2,,,,,,,,,,,,,,,13,27.131.590.393.181
571597,1,2,13,95,2,,,,,,,,2,,,,,,,,,,,,,,,13,27.131.590.393.181
571597,1,3,13,95,2,,,,,,,,2,,,,,,,,,,,,,,,13,27.131.590.393.181
571597,1,4,13,95,2,,,,,,,,2,,,,,,,,,,,,,,,13,27.131.590.393.181
571598,1,1,13,95,2,,,,,,,,2,,,,,,,,,,,,,,,13,223.472.465.841.817
571598,1,2,13,95,2,,,,,,,,2,,,,,,,,,,,,,,,13,223.472.465.841.817
571598,1,3,13,95,2,,,,,,,,2,,,,,,,,,,,,,,,13,223.472.465.841.817
571598,1,6,13,95,2,,,,,,,,2,,,,,,,,,,,,,,,13,223.472.465.841.817
571598,1,7,13,95,2,,,,,,,,2,,,,,,,,,,,,,,,13,223.472.465.841.817
571599,1,1,13,95,2,,,,,,,,2,,,,,,,,,,,,,,,13,259.207.282.934.062
571599,1,2,13,95,2,,,,,,,,2,,,,,,,,,,,,,,,13,259.207.282.934.062
571600,1,1,13,95,2,,,,,,,,1,2,,2,,,,,,2000000,2,1,2,,2,13,26.143.805.375.738
571600,1,2,13,95,2,,,,,,,,2,,,,,,,,,,,,,,,13,26.143.805.375.738
571601,1,1,13,95,2,,,,,,,,2,,,,,,,,,,,,,,,13,29.442.473.319.095
571601,1,2,13,95,2,,,,,,,,2,,,,,,,,,,,,,,,13,29.442.473.319.095
571601,1,3,13,95,2,,,,,,,,2,,,,,,,,,,,,,,,13,29.442.473.319.095
571601,1,4,13,95,2,,,,,,,,2,,,,,,,,,,,,,,,13,29.442.473.319.095
571602,1,1,13,95,2,,,,,,,,2,,,,,,,,,,,,,,,13,290.118.639.080.538
571602,1,2,13,95,2,,,,,,,,2,,,,,,,,,,,,,,,13,290.118.639.080.538
571602,1,3,13,95,2,,,,,,,,2,,,,,,,,,,,,,,,13,290.118.639.080.538
571602,1,4,13,95,2,,,,,,,,1,2,,2,,,,,,2400000,2,1,2,,2,13,290.118.639.080.538
571602,1,6,13,95,2,,,,,,,,2,,,,,,,,,,,,,,,13,290.118.639.080.538
571603,1,1,13,95,2,,,,,,,,2,,,,,,,,,,,,,,,13,266.758.027.603.466
571603,1,2,13,95,2,,,,,,,,2,,,,,,,,,,,,,,,13,266.758.027.603.466
571603,1,4,13,95,2,,,,,,,,2,,,,,,,,,,,,,,,13,266.758.027.603.466
571604,1,1,13,95,2,,,,,,,,2,,,,,,,,,,,,,,,13,282.690.584.244.821
571604,1,2,13,95,2,,,,,,,,2,,,,,,,,,,,,,,,13,282.690.584.244.821
571605,1,1,13,95,2,,,,,,,,2,,,,,,,,,,,,,,,13,290.015.387.461.791
571605,1,2,13,95,2,,,,,,,,2,,,,,,,,,,,,,,,13,290.015.387.461.791
571605,1,3,13,95,2,,,,,,,,2,,,,,,,,,,,,,,,13,290.015.387.461.791
571606,1,1,13,95,2,,,,,,,,2,,,,,,,,,,,,,,,13,281.859.516.942.274
571606,1,2,13,95,2,,,,,,,,2,,,,,,,,,,,,,,,13,281.859.516.942.274
571606,1,3,13,95,2,,,,,,,,2,,,,,,,,,,,,,,,13,281.859.516.942.274
571606,1,4,13,95,2,,,,,,,,2,,,,,,,,,,,,,,,13,281.859.516.942.274
571606,1,5,13,95,2,,,,,,,,2,,,,,,,,,,,,,,,13,281.859.516.942.274
571607,1,1,13,95,1,,2,1,,433000,,2,2,,,,,,,,,,,,,,,13,323.375.587.959.129
571607,1,2,13,95,2,,,,,,,,2,,,,,,,,,,,,,,,13,323.375.587.959.129
571607,2,1,13,95,2,,,,,,,,2,,,,,,,,,,,,,,,13,323.375.587.959.129
571607,2,2,13,95,2,,,,,,,,2,,,,,,,,,,,,,,,13,323.375.587.959.129
571607,2,3,13,95,2,,,,,,,,2,,,,,,,,,,,,,,,13,323.375.587.959.129
571607,2,4,13,95,2,,,,,,,,2,,,,,,,,,,,,,,,13,323.375.587.959.129
571609,1,1,13,95,2,,,,,,,,2,,,,,,,,,,,,,,,13,253.887.309.087.976
571610,1,1,13,95,2,,,,,,,,2,,,,,,,,,,,,,,,13,294.787.143.721.301
571610,1,2,13,95,2,,,,,,,,2,,,,,,,,,,,,,,,13,294.787.143.721.301
571610,1,3,13,95,2,,,,,,,,2,,,,,,,,,,,,,,,13,294.787.143.721.301
571611,1,1,13,95,2,,,,,,,,2,,,,,,,,,,,,,,,13,233.182.996.187.111
571611,1,3,13,95,2,,,,,,,,2,,,,,,,,,,,,,,,13,233.182.996.187.111
571612,1,1,13,95,1,,1,2,,,300000,2,2,,,,,,,,,,,,,,,13,286.642.135.749.772
571612,1,2,13,95,2,,,,,,,,2,,,,,,,,,,,,,,,13,286.642.135.749.772
571613,1,1,13,95,2,,,,,,,,2,,,,,,,,,,,,,,,13,279.911.595.834.927
571614,1,1,13,95,2,,,,,,,,2,,,,,,,,,,,,,,,13,311.394.860.372.346
571614,1,2,13,95,2,,,,,,,,2,,,,,,,,,,,,,,,13,311.394.860.372.346
571614,1,3,13,95,2,,,,,,,,2,,,,,,,,,,,,,,,13,311.394.860.372.346
571614,1,4,13,95,2,,,,,,,,2,,,,,,,,,,,,,,,13,311.394.860.372.346
571615,1,1,13,95,1,,2,1,,433700,,2,2,,,,,,,,,,,,,,,13,274.074.255.153.484
571615,1,2,13,95,2,,,,,,,,1,2,,2,,,,,,150000,2,1,2,,2,13,274.074.255.153.484
571615,1,5,13,95,2,,,,,,,,2,,,,,,,,,,,,,,,13,274.074.255.153.484
571615,1,6,13,95,2,,,,,,,,2,,,,,,,,,,,,,,,13,274.074.255.153.484
571615,1,7,13,95,2,,,,,,,,2,,,,,,,,,,,,,,,13,274.074.255.153.484
571616,1,1,13,95,2,,,,,,,,2,,,,,,,,,,,,,,,13,264.753.198.232.581
571616,1,2,13,95,2,,,,,,,,2,,,,,,,,,,,,,,,13,264.753.198.232.581
571616,1,3,13,95,2,,,,,,,,2,,,,,,,,,,,,,,,13,264.753.198.232.581
571617,1,1,13,95,2,,,,,,,,2,,,,,,,,,,,,,,,13,250.611.591.030.945
571617,1,2,13,95,2,,,,,,,,2,,,,,,,,,,,,,,,13,250.611.591.030.945
571617,1,3,13,95,2,,,,,,,,2,,,,,,,,,,,,,,,13,250.611.591.030.945
571617,1,5,13,95,1,,1,1,,98,98,2,2,,,,,,,,,,,,,,,13,250.611.591.030.945
571617,1,6,13,95,2,,,,,,,,2,,,,,,,,,,,,,,,13,250.611.591.030.945
571618,1,1,13,95,2,,,,,,,,2,,,,,,,,,,,,,,,13,258.626.798.876.167
571618,1,2,13,95,2,,,,,,,,2,,,,,,,,,,,,,,,13,258.626.798.876.167
571618,1,3,13,95,2,,,,,,,,2,,,,,,,,,,,,,,,13,258.626.798.876.167
571619,1,1,13,95,2,,,,,,,,2,,,,,,,,,,,,,,,13,271.199.883.049.734
571619,1,2,13,95,2,,,,,,,,2,,,,,,,,,,,,,,,13,271.199.883.049.734
571620,1,1,13,95,1,,2,1,,433700,,2,2,,,,,,,,,,,,,,,13,243.365.149.655.075
571620,1,2,13,95,2,,,,,,,,2,,,,,,,,,,,,,,,13,243.365.149.655.075
571620,1,3,13,95,2,,,,,,,,2,,,,,,,,,,,,,,,13,243.365.149.655.075
571621,1,1,13,95,2,,,,,,,,2,,,,,,,,,,,,,,,13,266.885.921.014.431
571621,1,2,13,95,2,,,,,,,,2,,,,,,,,,,,,,,,13,266.885.921.014.431
571621,1,3,13,95,2,,,,,,,,2,,,,,,,,,,,,,,,13,266.885.921.014.431
571623,1,1,13,95,2,,,,,,,,2,,,,,,,,,,,,,,,13,284.572.723.782.018
571623,1,2,13,95,2,,,,,,,,2,,,,,,,,,,,,,,,13,284.572.723.782.018
571623,1,3,13,95,2,,,,,,,,2,,,,,,,,,,,,,,,13,284.572.723.782.018
571623,1,4,13,95,2,,,,,,,,2,,,,,,,,,,,,,,,13,284.572.723.782.018
571624,1,1,13,95,2,,,,,,,,2,,,,,,,,,,,,,,,13,286.642.135.749.772
571624,1,2,13,95,2,,,,,,,,2,,,,,,,,,,,,,,,13,286.642.135.749.772
571626,1,1,13,95,2,,,,,,,,2,,,,,,,,,,,,,,,13,258.749.488.709.854
571628,1,1,13,95,2,,,,,,,,2,,,,,,,,,,,,,,,13,279.911.595.834.927
571631,1,1,13,95,1,,1,2,,,400000,2,2,,,,,,,,,,,,,,,13,274.814.864.789.833
571631,1,2,13,95,2,,,,,,,,2,,,,,,,,,,,,,,,13,274.814.864.789.833
571631,1,3,13,95,2,,,,,,,,2,,,,,,,,,,,,,,,13,274.814.864.789.833
571631,1,4,13,95,2,,,,,,,,2,,,,,,,,,,,,,,,13,274.814.864.789.833
571631,1,5,13,95,2,,,,,,,,2,,,,,,,,,,,,,,,13,274.814.864.789.833
571632,1,1,13,95,2,,,,,,,,2,,,,,,,,,,,,,,,13,279.911.595.834.927
571634,1,1,13,95,2,,,,,,,,2,,,,,,,,,,,,,,,13,285.927.366.878.923
571634,1,2,13,95,2,,,,,,,,1,2,,2,,,,,,1200000,2,1,2,,2,13,285.927.366.878.923
571634,1,4,13,95,2,,,,,,,,2,,,,,,,,,,,,,,,13,285.927.366.878.923
571634,1,5,13,95,2,,,,,,,,2,,,,,,,,,,,,,,,13,285.927.366.878.923
571635,1,1,13,95,2,,,,,,,,2,,,,,,,,,,,,,,,13,261.212.112.304.946
571635,1,2,13,95,1,,1,2,,,170000,2,2,,,,,,,,,,,,,,,13,261.212.112.304.946
571636,1,1,13,95,2,,,,,,,,2,,,,,,,,,,,,,,,13,272.166.011.000.772
571636,1,2,13,95,2,,,,,,,,2,,,,,,,,,,,,,,,13,272.166.011.000.772
571637,1,1,13,95,2,,,,,,,,2,,,,,,,,,,,,,,,13,341.210.185.460.579
571637,1,2,13,95,2,,,,,,,,2,,,,,,,,,,,,,,,13,341.210.185.460.579
571637,1,3,13,95,2,,,,,,,,2,,,,,,,,,,,,,,,13,341.210.185.460.579
571637,1,4,13,95,2,,,,,,,,2,,,,,,,,,,,,,,,13,341.210.185.460.579
571638,1,1,13,95,2,,,,,,,,1,2,,2,,,,,,12000000,2,1,2,,2,13,306.470.332.698.314
571638,1,2,13,95,2,,,,,,,,2,,,,,,,,,,,,,,,13,306.470.332.698.314
571639,1,1,13,95,2,,,,,,,,2,,,,,,,,,,,,,,,13,260.423.517.406.963
571639,1,2,13,95,2,,,,,,,,2,,,,,,,,,,,,,,,13,260.423.517.406.963
571639,1,4,13,95,2,,,,,,,,2,,,,,,,,,,,,,,,13,260.423.517.406.963
571641,1,1,13,95,2,,,,,,,,2,,,,,,,,,,,,,,,13,308.697.918.660.598
571641,1,2,13,95,2,,,,,,,,2,,,,,,,,,,,,,,,13,308.697.918.660.598
571642,1,1,13,95,2,,,,,,,,2,,,,,,,,,,,,,,,13,26.143.805.375.738
571642,1,2,13,95,2,,,,,,,,2,,,,,,,,,,,,,,,13,26.143.805.375.738
571643,1,1,13,95,2,,,,,,,,2,,,,,,,,,,,,,,,13,270.631.217.267.317
571643,1,2,13,95,2,,,,,,,,2,,,,,,,,,,,,,,,13,270.631.217.267.317
571643,1,3,13,95,2,,,,,,,,2,,,,,,,,,,,,,,,13,270.631.217.267.317
571643,1,4,13,95,2,,,,,,,,2,,,,,,,,,,,,,,,13,270.631.217.267.317
571644,1,1,13,95,1,,1,2,,,50000,2,2,,,,,,,,,,,,,,,13,316.645.048.044.283
571644,1,2,13,95,2,,,,,,,,2,,,,,,,,,,,,,,,13,316.645.048.044.283
571644,1,3,13,95,2,,,,,,,,2,,,,,,,,,,,,,,,13,316.645.048.044.283
571644,1,4,13,95,2,,,,,,,,2,,,,,,,,,,,,,,,13,316.645.048.044.283
571644,1,5,13,95,2,,,,,,,,2,,,,,,,,,,,,,,,13,316.645.048.044.283
571649,1,1,13,95,2,,,,,,,,2,,,,,,,,,,,,,,,13,279.911.595.834.927
571650,1,1,13,95,2,,,,,,,,2,,,,,,,,,,,,,,,13,303.272.207.311.999
571650,1,2,13,95,2,,,,,,,,2,,,,,,,,,,,,,,,13,303.272.207.311.999
571650,1,4,13,95,2,,,,,,,,2,,,,,,,,,,,,,,,13,303.272.207.311.999
571651,1,1,13,95,2,,,,,,,,2,,,,,,,,,,,,,,,13,253.080.883.577.648
571651,1,2,13,95,2,,,,,,,,2,,,,,,,,,,,,,,,13,253.080.883.577.648
571652,1,1,13,95,2,,,,,,,,2,,,,,,,,,,,,,,,13,300.479.439.657.875
571654,1,1,13,95,2,,,,,,,,2,,,,,,,,,,,,,,,13,290.486.435.910.363
571654,1,2,13,95,2,,,,,,,,2,,,,,,,,,,,,,,,13,290.486.435.910.363
571656,1,1,13,95,2,,,,,,,,2,,,,,,,,,,,,,,,13,28.120.070.055.196
571656,1,2,13,95,2,,,,,,,,2,,,,,,,,,,,,,,,13,28.120.070.055.196
571657,1,1,13,95,2,,,,,,,,2,,,,,,,,,,,,,,,13,362.238.414.412.789
571657,1,2,13,95,2,,,,,,,,2,,,,,,,,,,,,,,,13,362.238.414.412.789
571657,1,4,13,95,2,,,,,,,,2,,,,,,,,,,,,,,,13,362.238.414.412.789
571658,1,1,13,95,2,,,,,,,,2,,,,,,,,,,,,,,,13,371.693.324.772.643
571658,1,2,13,95,2,,,,,,,,2,,,,,,,,,,,,,,,13,371.693.324.772.643
571658,1,3,13,95,2,,,,,,,,2,,,,,,,,,,,,,,,13,371.693.324.772.643
571658,1,4,13,95,2,,,,,,,,2,,,,,,,,,,,,,,,13,371.693.324.772.643
571659,1,1,13,95,2,,,,,,,,2,,,,,,,,,,,,,,,13,255.511.240.701.421
571659,1,2,13,95,2,,,,,,,,2,,,,,,,,,,,,,,,13,255.511.240.701.421
571659,1,5,13,95,2,,,,,,,,2,,,,,,,,,,,,,,,13,255.511.240.701.421
571659,1,6,13,95,2,,,,,,,,2,,,,,,,,,,,,,,,13,255.511.240.701.421
571659,1,7,13,95,2,,,,,,,,2,,,,,,,,,,,,,,,13,255.511.240.701.421
571660,1,1,13,95,2,,,,,,,,2,,,,,,,,,,,,,,,13,311.403.436.039.297
571660,1,2,13,95,2,,,,,,,,2,,,,,,,,,,,,,,,13,311.403.436.039.297
571660,1,3,13,95,2,,,,,,,,2,,,,,,,,,,,,,,,13,311.403.436.039.297
571661,1,1,13,95,2,,,,,,,,2,,,,,,,,,,,,,,,13,279.911.595.834.927
571662,1,1,13,95,2,,,,,,,,2,,,,,,,,,,,,,,,13,290.699.123.138.432
571662,1,2,13,95,2,,,,,,,,2,,,,,,,,,,,,,,,13,290.699.123.138.432
571662,1,3,13,95,2,,,,,,,,2,,,,,,,,,,,,,,,13,290.699.123.138.432
571662,1,4,13,95,2,,,,,,,,2,,,,,,,,,,,,,,,13,290.699.123.138.432
571764,1,1,17,95,2,,,,,,,,2,,,,,,,,,,,,,,,17,15.562.296.732.654
571765,1,1,17,95,2,,,,,,,,2,,,,,,,,,,,,,,,17,134.089.656.655.488
571765,1,2,17,95,2,,,,,,,,2,,,,,,,,,,,,,,,17,134.089.656.655.488
571765,1,3,17,95,2,,,,,,,,2,,,,,,,,,,,,,,,17,134.089.656.655.488
571766,1,1,17,95,1,,1,2,,,600000,2,2,,,,,,,,,,,,,,,17,135.192.831.008.067
571767,1,1,17,95,2,,,,,,,,1,2,,2,12000000,,,,,,2,2,1,,2,17,151.515.624.686.648
571767,1,2,17,95,2,,,,,,,,2,,,,,,,,,,,,,,,17,151.515.624.686.648
571768,1,1,17,95,2,,,,,,,,2,,,,,,,,,,,,,,,17,117.766.862.976.907
571768,1,2,17,95,1,,2,1,,433700,,2,2,,,,,,,,,,,,,,,17,117.766.862.976.907
571769,1,1,17,95,2,,,,,,,,2,,,,,,,,,,,,,,,17,126.349.856.372.275
571769,1,2,17,95,2,,,,,,,,2,,,,,,,,,,,,,,,17,126.349.856.372.275
571769,1,3,17,95,2,,,,,,,,2,,,,,,,,,,,,,,,17,126.349.856.372.275
571771,1,1,17,95,2,,,,,,,,1,2,,2,200000,,,,,500000,2,1,1,,2,17,148.855.323.961.387
571771,1,2,17,95,2,,,,,,,,2,,,,,,,,,,,,,,,17,148.855.323.961.387
571772,1,1,17,95,1,,1,2,,,80000,2,2,,,,,,,,,,,,,,,17,955.177.158.301.842
571772,1,2,17,95,2,,,,,,,,2,,,,,,,,,,,,,,,17,955.177.158.301.842
571772,1,3,17,95,2,,,,,,,,2,,,,,,,,,,,,,,,17,955.177.158.301.842
571773,1,1,17,95,2,,,,,,,,2,,,,,,,,,,,,,,,17,210.450.362.714.148
571773,1,2,17,95,2,,,,,,,,2,,,,,,,,,,,,,,,17,210.450.362.714.148
571773,1,3,17,95,2,,,,,,,,2,,,,,,,,,,,,,,,17,210.450.362.714.148
571773,1,4,17,95,2,,,,,,,,2,,,,,,,,,,,,,,,17,210.450.362.714.148
571773,1,5,17,95,2,,,,,,,,2,,,,,,,,,,,,,,,17,210.450.362.714.148
571774,1,1,17,95,2,,,,,,,,2,,,,,,,,,,,,,,,17,119.402.401.841.708
571774,1,2,17,95,2,,,,,,,,2,,,,,,,,,,,,,,,17,119.402.401.841.708
571774,1,3,17,95,2,,,,,,,,2,,,,,,,,,,,,,,,17,119.402.401.841.708
571774,1,4,17,95,2,,,,,,,,2,,,,,,,,,,,,,,,17,119.402.401.841.708
571774,1,5,17,95,2,,,,,,,,2,,,,,,,,,,,,,,,17,119.402.401.841.708
571775,1,1,17,95,2,,,,,,,,2,,,,,,,,,,,,,,,17,126.012.718.543.374
571775,1,2,17,95,2,,,,,,,,2,,,,,,,,,,,,,,,17,126.012.718.543.374
571775,1,3,17,95,2,,,,,,,,2,,,,,,,,,,,,,,,17,126.012.718.543.374
571776,1,1,17,95,2,,,,,,,,2,,,,,,,,,,,,,,,17,138.127.375.736.198
571776,1,2,17,95,2,,,,,,,,2,,,,,,,,,,,,,,,17,138.127.375.736.198
571777,1,1,17,95,1,,2,2,160000,,,1,2,,,,,,,,,,,,,,,17,163.740.856.357.525
571777,1,2,17,95,2,,,,,,,,2,,,,,,,,,,,,,,,17,163.740.856.357.525
571778,1,1,17,95,2,,,,,,,,2,,,,,,,,,,,,,,,17,166.294.770.262.782
571778,1,2,17,95,2,,,,,,,,2,,,,,,,,,,,,,,,17,166.294.770.262.782
571778,1,3,17,95,2,,,,,,,,2,,,,,,,,,,,,,,,17,166.294.770.262.782
571778,1,4,17,95,2,,,,,,,,1,2,,2,,,,,,1080000,2,1,2,,2,17,166.294.770.262.782
571779,1,1,17,95,2,,,,,,,,2,,,,,,,,,,,,,,,17,174.800.607.069.673
571779,1,2,17,95,2,,,,,,,,2,,,,,,,,,,,,,,,17,174.800.607.069.673
571780,1,1,17,95,2,,,,,,,,1,2,,2,,,,,,2160000,2,1,2,,2,17,131.085.488.368.175
571780,1,2,17,95,2,,,,,,,,2,,,,,,,,,,,,,,,17,131.085.488.368.175
571781,1,1,17,95,2,,,,,,,,2,,,,,,,,,,,,,,,17,164.227.471.019.038
571781,1,2,17,95,2,,,,,,,,2,,,,,,,,,,,,,,,17,164.227.471.019.038
571781,1,3,17,95,2,,,,,,,,2,,,,,,,,,,,,,,,17,164.227.471.019.038
571782,1,1,17,95,2,,,,,,,,2,,,,,,,,,,,,,,,17,696.500.868.239.795
571782,1,2,17,95,2,,,,,,,,2,,,,,,,,,,,,,,,17,696.500.868.239.795
571782,1,3,17,95,2,,,,,,,,2,,,,,,,,,,,,,,,17,696.500.868.239.795
571783,1,1,17,95,1,,1,2,,,40000,2,2,,,,,,,,,,,,,,,17,117.766.862.976.907
571783,1,2,17,95,2,,,,,,,,2,,,,,,,,,,,,,,,17,117.766.862.976.907
571784,1,1,17,95,1,,2,1,,1000000,,2,2,,,,,,,,,,,,,,,17,135.635.207.973.079
571784,1,2,17,95,2,,,,,,,,1,2,,2,,,,,,2400000,2,1,2,,2,17,135.635.207.973.079
571785,1,1,17,95,1,,2,1,,433700,,2,1,2,,2,,,,,,200000,2,1,2,,2,17,799.744.369.455.161
571785,1,2,17,95,2,,,,,,,,2,,,,,,,,,,,,,,,17,799.744.369.455.161
571785,1,3,17,95,2,,,,,,,,2,,,,,,,,,,,,,,,17,799.744.369.455.161
571786,1,1,17,95,2,,,,,,,,1,2,,2,,,,,,6000000,2,1,2,,2,17,119.245.075.178.221
571786,1,2,17,95,2,,,,,,,,2,,,,,,,,,,,,,,,17,119.245.075.178.221
571786,1,3,17,95,2,,,,,,,,2,,,,,,,,,,,,,,,17,119.245.075.178.221
571786,1,4,17,95,2,,,,,,,,2,,,,,,,,,,,,,,,17,119.245.075.178.221
571787,1,1,17,95,1,,2,1,,433700,,2,2,,,,,,,,,,,,,,,17,230.329.582.158.626
571787,1,2,17,95,2,,,,,,,,2,,,,,,,,,,,,,,,17,230.329.582.158.626
571787,1,3,17,95,2,,,,,,,,2,,,,,,,,,,,,,,,17,230.329.582.158.626
571787,1,4,17,95,2,,,,,,,,2,,,,,,,,,,,,,,,17,230.329.582.158.626
571787,1,5,17,95,2,,,,,,,,2,,,,,,,,,,,,,,,17,230.329.582.158.626
571788,1,1,17,95,2,,,,,,,,2,,,,,,,,,,,,,,,17,146.499.150.409.228
571788,1,2,17,95,2,,,,,,,,2,,,,,,,,,,,,,,,17,146.499.150.409.228
571790,1,1,17,95,2,,,,,,,,2,,,,,,,,,,,,,,,17,109.689.924.864.793
571790,1,2,17,95,2,,,,,,,,2,,,,,,,,,,,,,,,17,109.689.924.864.793
571791,1,1,17,95,2,,,,,,,,1,2,,1,,,25000,,,,2,2,2,,2,17,179.350.326.674.576
571791,1,2,17,95,2,,,,,,,,1,2,,2,,,,,,400000,2,1,2,,2,17,179.350.326.674.576
571792,1,1,17,95,2,,,,,,,,1,2,,2,,,,,,200000,2,1,2,,2,17,149.793.565.454.054
571792,1,2,17,95,2,,,,,,,,2,,,,,,,,,,,,,,,17,149.793.565.454.054
571792,1,3,17,95,2,,,,,,,,2,,,,,,,,,,,,,,,17,149.793.565.454.054
571792,1,5,17,95,2,,,,,,,,2,,,,,,,,,,,,,,,17,149.793.565.454.054
571793,1,1,17,95,2,,,,,,,,2,,,,,,,,,,,,,,,17,126.012.718.543.374
571793,1,2,17,95,2,,,,,,,,2,,,,,,,,,,,,,,,17,126.012.718.543.374
571793,1,3,17,95,2,,,,,,,,2,,,,,,,,,,,,,,,17,126.012.718.543.374
571794,1,1,17,95,2,,,,,,,,2,,,,,,,,,,,,,,,17,133.379.312.771.668
571795,1,1,17,95,2,,,,,,,,2,,,,,,,,,,,,,,,17,13.349.507.582.139
571795,1,2,17,95,2,,,,,,,,2,,,,,,,,,,,,,,,17,13.349.507.582.139
571796,1,1,17,95,1,,1,2,,,90000,2,2,,,,,,,,,,,,,,,17,134.089.656.655.488
571796,1,2,17,95,2,,,,,,,,2,,,,,,,,,,,,,,,17,134.089.656.655.488
571796,1,3,17,95,2,,,,,,,,2,,,,,,,,,,,,,,,17,134.089.656.655.488
571797,1,1,17,95,2,,,,,,,,1,2,,2,,,,,,1200000,2,1,2,,2,17,172.636.170.872.067
571797,1,2,17,95,2,,,,,,,,2,,,,,,,,,,,,,,,17,172.636.170.872.067
571797,1,3,17,95,2,,,,,,,,2,,,,,,,,,,,,,,,17,172.636.170.872.067
571798,1,1,17,95,1,,1,1,,433700,220000,2,2,,,,,,,,,,,,,,,17,353.300.588.930.722
571798,1,2,17,95,2,,,,,,,,1,1,,2,,,,,720000,696000,2,1,2,,2,17,353.300.588.930.722
571799,1,1,17,95,2,,,,,,,,2,,,,,,,,,,,,,,,17,46.686.890.197.962
571800,1,1,17,95,2,,,,,,,,2,,,,,,,,,,,,,,,17,454.546.874.059.945
571800,1,2,17,95,1,,1,1,,600000,500000,2,2,,,,,,,,,,,,,,,17,454.546.874.059.945
571801,1,1,17,95,1,,2,1,,560000,,2,1,2,,2,,,,,,1000000,2,1,2,,2,17,208.950.260.471.938
571801,1,2,17,95,2,,,,,,,,2,,,,,,,,,,,,,,,17,208.950.260.471.938
571801,1,3,17,95,2,,,,,,,,2,,,,,,,,,,,,,,,17,208.950.260.471.938
571803,1,1,17,95,1,,1,2,,,60000,2,2,,,,,,,,,,,,,,,17,125.570.341.578.362
571803,1,2,17,95,2,,,,,,,,2,,,,,,,,,,,,,,,17,125.570.341.578.362
571804,1,1,17,95,1,,2,1,,1000000,,2,2,,,,,,,,,,,,,,,17,135.192.831.008.067
571805,1,1,17,95,2,,,,,,,,2,,,,,,,,,,,,,,,17,137.681.953.516.208
571805,1,2,17,95,2,,,,,,,,2,,,,,,,,,,,,,,,17,137.681.953.516.208
571805,1,3,17,95,2,,,,,,,,2,,,,,,,,,,,,,,,17,137.681.953.516.208
571806,1,1,17,95,2,,,,,,,,1,2,,2,,,,4200000,,6000000,1,1,2,,2,17,135.192.831.008.067
571807,1,1,17,95,2,,,,,,,,2,,,,,,,,,,,,,,,17,125.907.479.407.263
571807,1,2,17,95,2,,,,,,,,2,,,,,,,,,,,,,,,17,125.907.479.407.263
571808,1,1,17,95,2,,,,,,,,2,,,,,,,,,,,,,,,17,177.626.867.406.715
571808,1,2,17,95,2,,,,,,,,2,,,,,,,,,,,,,,,17,177.626.867.406.715
571808,1,3,17,95,2,,,,,,,,1,2,,2,,,,,,1200000,2,1,2,,2,17,177.626.867.406.715
571808,1,4,17,95,2,,,,,,,,2,,,,,,,,,,,,,,,17,177.626.867.406.715
571810,1,1,17,95,2,,,,,,,,1,2,,2,,,,,,16800000,2,1,2,,2,17,121.253.920.701.516
571811,1,1,17,95,1,,2,1,,433700,,2,2,,,,,,,,,,,,,,,17,151.515.624.686.648
571811,1,2,17,95,2,,,,,,,,2,,,,,,,,,,,,,,,17,151.515.624.686.648
571812,1,1,17,95,2,,,,,,,,1,2,,2,,,,,,300000,2,1,2,,2,17,125.907.479.407.263
571812,1,3,17,95,2,,,,,,,,2,,,,,,,,,,,,,,,17,125.907.479.407.263
571813,1,1,17,95,1,,2,1,,433700,,2,2,,,,,,,,,,,,,,,17,135.192.831.008.067
571814,1,1,17,95,2,,,,,,,,2,,,,,,,,,,,,,,,17,109.689.924.864.793
571814,1,2,17,95,2,,,,,,,,2,,,,,,,,,,,,,,,17,109.689.924.864.793
571816,1,1,17,95,2,,,,,,,,2,,,,,,,,,,,,,,,17,138.127.375.736.198
571816,1,2,17,95,2,,,,,,,,2,,,,,,,,,,,,,,,17,138.127.375.736.198
571818,1,1,17,95,2,,,,,,,,2,,,,,,,,,,,,,,,17,15.562.296.732.654
571819,1,1,17,95,2,,,,,,,,1,2,,2,,,,,,3600000,2,1,2,,2,17,139.742.550.612.971
571820,1,1,17,95,2,,,,,,,,2,,,,,,,,,,,,,,,17,17.274.000.997.291
571820,1,2,17,95,2,,,,,,,,2,,,,,,,,,,,,,,,17,17.274.000.997.291
571820,1,3,17,95,2,,,,,,,,1,2,,2,,,,,,840000,2,1,2,,2,17,17.274.000.997.291
571820,1,5,17,95,2,,,,,,,,1,2,,2,,,,,,1200000,2,1,2,,2,17,17.274.000.997.291
571821,1,1,17,95,1,,1,2,,,170000,2,2,,,,,,,,,,,,,,,17,200.603.960.991.845
571821,1,2,17,95,2,,,,,,,,2,,,,,,,,,,,,,,,17,200.603.960.991.845
571823,1,1,17,95,2,,,,,,,,2,,,,,,,,,,,,,,,17,146.499.150.409.228
571823,1,2,17,95,2,,,,,,,,2,,,,,,,,,,,,,,,17,146.499.150.409.228
571824,1,1,17,95,2,,,,,,,,2,,,,,,,,,,,,,,,17,137.239.576.551.196
571824,1,2,17,95,2,,,,,,,,2,,,,,,,,,,,,,,,17,137.239.576.551.196
571825,1,1,17,95,2,,,,,,,,2,,,,,,,,,,,,,,,17,126.349.856.372.275
571825,1,2,17,95,2,,,,,,,,2,,,,,,,,,,,,,,,17,126.349.856.372.275
571825,1,3,17,95,2,,,,,,,,2,,,,,,,,,,,,,,,17,126.349.856.372.275
571826,1,1,17,95,2,,,,,,,,2,,,,,,,,,,,,,,,17,165.515.255.468.869
571826,1,2,17,95,2,,,,,,,,2,,,,,,,,,,,,,,,17,165.515.255.468.869
571826,1,3,17,95,2,,,,,,,,2,,,,,,,,,,,,,,,17,165.515.255.468.869
571827,1,1,17,95,2,,,,,,,,2,,,,,,,,,,,,,,,17,121.905.375.903.482
571827,1,2,17,95,2,,,,,,,,2,,,,,,,,,,,,,,,17,121.905.375.903.482
571827,1,3,17,95,2,,,,,,,,2,,,,,,,,,,,,,,,17,121.905.375.903.482
571827,1,4,17,95,2,,,,,,,,1,2,,2,,,,,,300000,2,1,2,,2,17,121.905.375.903.482
571828,1,1,17,95,2,,,,,,,,2,,,,,,,,,,,,,,,17,121.359.159.837.627
571828,1,2,17,95,2,,,,,,,,2,,,,,,,,,,,,,,,17,121.359.159.837.627
571829,1,1,17,95,2,,,,,,,,2,,,,,,,,,,,,,,,17,164.227.471.019.038
571829,1,2,17,95,2,,,,,,,,2,,,,,,,,,,,,,,,17,164.227.471.019.038
571829,1,3,17,95,2,,,,,,,,2,,,,,,,,,,,,,,,17,164.227.471.019.038
571830,1,1,17,95,1,,1,2,,,300000,2,1,2,,2,,,,,,3600000,2,1,2,,2,17,148.712.114.108.874
571832,1,1,17,95,1,,2,1,,433700,,2,2,,,,,,,,,,,,,,,17,132.586.017.845.449
571833,1,1,17,95,2,,,,,,,,1,2,,2,8000000,,,,,,2,2,1,,2,17,156.065.344.291.552
571833,1,2,17,95,2,,,,,,,,1,2,,2,,,,,,1200000,2,1,2,,2,17,156.065.344.291.552
571834,1,1,17,95,2,,,,,,,,1,2,,2,,,,,,4800000,2,1,2,,2,17,110.258.961.386.484
571835,1,1,17,95,1,,1,2,,,230000,2,2,,,,,,,,,,,,,,,17,188.463.100.022.992
571835,1,2,17,95,2,,,,,,,,2,,,,,,,,,,,,,,,17,188.463.100.022.992
571835,1,3,17,95,2,,,,,,,,2,,,,,,,,,,,,,,,17,188.463.100.022.992
571836,1,1,17,95,2,,,,,,,,2,,,,,,,,,,,,,,,17,133.008.461.159.877
571837,1,1,17,95,2,,,,,,,,2,,,,,,,,,,,,,,,17,115.706.265.880.145
571837,1,2,17,95,2,,,,,,,,2,,,,,,,,,,,,,,,17,115.706.265.880.145
571837,1,4,17,95,2,,,,,,,,2,,,,,,,,,,,,,,,17,115.706.265.880.145
571837,1,5,17,95,2,,,,,,,,2,,,,,,,,,,,,,,,17,115.706.265.880.145
571840,1,1,17,95,1,,1,2,,,160000,2,2,,,,,,,,,,,,,,,17,191.902.915.542.167
571840,1,2,17,95,2,,,,,,,,1,2,,2,,,,,,300000,2,1,2,,2,17,191.902.915.542.167
571840,1,3,17,95,2,,,,,,,,1,2,,2,,,,,,600000,2,1,2,,2,17,191.902.915.542.167
571840,1,5,17,95,2,,,,,,,,2,,,,,,,,,,,,,,,17,191.902.915.542.167
571841,1,1,17,95,2,,,,,,,,2,,,,,,,,,,,,,,,17,922.639.568.336.332
571841,1,2,17,95,2,,,,,,,,2,,,,,,,,,,,,,,,17,922.639.568.336.332
571841,1,3,17,95,2,,,,,,,,2,,,,,,,,,,,,,,,17,922.639.568.336.332
571842,1,1,17,95,2,,,,,,,,2,,,,,,,,,,,,,,,17,197.285.359.342.034
571842,1,2,17,95,2,,,,,,,,2,,,,,,,,,,,,,,,17,197.285.359.342.034
571843,1,1,17,95,2,,,,,,,,2,,,,,,,,,,,,,,,17,141.586.091.007.764
571843,1,2,17,95,2,,,,,,,,2,,,,,,,,,,,,,,,17,141.586.091.007.764
571844,1,1,17,95,1,,1,2,,,620000,2,2,,,,,,,,,,,,,,,17,791.949.221.516.032
571844,1,2,17,95,2,,,,,,,,2,,,,,,,,,,,,,,,17,791.949.221.516.032
571845,1,1,17,95,2,,,,,,,,2,,,,,,,,,,,,,,,17,108.408.842.561.943
571845,1,2,17,95,2,,,,,,,,2,,,,,,,,,,,,,,,17,108.408.842.561.943
571845,1,3,17,95,2,,,,,,,,2,,,,,,,,,,,,,,,17,108.408.842.561.943
571845,1,6,17,95,2,,,,,,,,2,,,,,,,,,,,,,,,17,108.408.842.561.943
571845,1,7,17,95,2,,,,,,,,2,,,,,,,,,,,,,,,17,108.408.842.561.943
571846,1,1,17,95,1,,2,1,,433700,,2,2,,,,,,,,,,,,,,,17,127.455.836.708.238
571848,1,1,17,95,2,,,,,,,,2,,,,,,,,,,,,,,,17,137.913.852.208.998
571848,1,2,17,95,2,,,,,,,,2,,,,,,,,,,,,,,,17,137.913.852.208.998
571849,1,1,17,95,2,,,,,,,,1,2,,1,,,585000,,,,2,2,2,,2,17,125.907.479.407.263
571849,1,2,17,95,2,,,,,,,,2,,,,,,,,,,,,,,,17,125.907.479.407.263
571850,1,1,17,95,2,,,,,,,,1,2,,2,7200000,,,,,,2,2,1,,2,17,135.192.831.008.067
571852,1,1,17,95,2,,,,,,,,2,,,,,,,,,,,,,,,17,179.350.326.674.576
571852,1,2,17,95,2,,,,,,,,2,,,,,,,,,,,,,,,17,179.350.326.674.576
571853,1,1,17,95,2,,,,,,,,2,,,,,,,,,,,,,,,17,105.140.205.259.889
571853,1,2,17,95,2,,,,,,,,2,,,,,,,,,,,,,,,17,105.140.205.259.889
571854,1,1,17,95,2,,,,,,,,1,2,,2,,,,,,1400000,2,1,2,,2,17,151.411.785.585.805
571855,1,1,17,95,2,,,,,,,,1,2,,2,,,,,,6200000,2,1,2,,2,17,127.659.151.119.236
571855,1,2,17,95,2,,,,,,,,2,,,,,,,,,,,,,,,17,127.659.151.119.236
571855,1,4,17,95,2,,,,,,,,2,,,,,,,,,,,,,,,17,127.659.151.119.236
571855,1,5,17,95,2,,,,,,,,2,,,,,,,,,,,,,,,17,127.659.151.119.236
571856,1,1,17,95,2,,,,,,,,2,,,,,,,,,,,,,,,17,126.455.095.508.386
571856,1,2,17,95,2,,,,,,,,2,,,,,,,,,,,,,,,17,126.455.095.508.386
571856,1,3,17,95,2,,,,,,,,2,,,,,,,,,,,,,,,17,126.455.095.508.386
571856,1,4,17,95,2,,,,,,,,2,,,,,,,,,,,,,,,17,126.455.095.508.386
571857,1,1,17,95,2,,,,,,,,2,,,,,,,,,,,,,,,17,162.524.062.271.915
571857,1,2,17,95,2,,,,,,,,2,,,,,,,,,,,,,,,17,162.524.062.271.915
571857,1,3,17,95,2,,,,,,,,2,,,,,,,,,,,,,,,17,162.524.062.271.915
571857,1,4,17,95,2,,,,,,,,2,,,,,,,,,,,,,,,17,162.524.062.271.915
571857,1,5,17,95,2,,,,,,,,2,,,,,,,,,,,,,,,17,162.524.062.271.915
571858,1,1,17,95,2,,,,,,,,2,,,,,,,,,,,,,,,17,142.672.650.050.856
571858,1,2,17,95,2,,,,,,,,2,,,,,,,,,,,,,,,17,142.672.650.050.856
571858,1,3,17,95,2,,,,,,,,2,,,,,,,,,,,,,,,17,142.672.650.050.856
571858,1,4,17,95,2,,,,,,,,2,,,,,,,,,,,,,,,17,142.672.650.050.856
571859,1,1,17,95,2,,,,,,,,2,,,,,,,,,,,,,,,17,179.350.326.674.576
571859,1,2,17,95,2,,,,,,,,1,2,,2,,,,,,1800000,2,1,2,,2,17,179.350.326.674.576
571860,1,1,17,95,1,,2,1,,550000,,2,1,2,,2,4800000,,,,,,2,2,1,,2,17,116.809.440.232.723
571860,1,2,17,95,2,,,,,,,,1,2,,2,,,,,,1200000,2,1,2,,2,17,116.809.440.232.723
571861,1,1,17,95,1,,2,1,,750000,,2,2,,,,,,,,,,,,,,,17,922.639.568.336.332
571861,1,2,17,95,2,,,,,,,,2,,,,,,,,,,,,,,,17,922.639.568.336.332
571861,1,3,17,95,2,,,,,,,,2,,,,,,,,,,,,,,,17,922.639.568.336.332
571862,1,1,17,95,2,,,,,,,,2,,,,,,,,,,,,,,,17,109.247.547.899.781
571863,1,1,17,95,2,,,,,,,,2,,,,,,,,,,,,,,,17,126.349.856.372.275
571863,1,2,17,95,2,,,,,,,,2,,,,,,,,,,,,,,,17,126.349.856.372.275
571863,1,3,17,95,2,,,,,,,,2,,,,,,,,,,,,,,,17,126.349.856.372.275
571865,1,1,17,95,2,,,,,,,,2,,,,,,,,,,,,,,,17,205.460.169.359.375
571865,1,2,17,95,2,,,,,,,,2,,,,,,,,,,,,,,,17,205.460.169.359.375
571865,1,3,17,95,2,,,,,,,,2,,,,,,,,,,,,,,,17,205.460.169.359.375
571865,1,4,17,95,2,,,,,,,,2,,,,,,,,,,,,,,,17,205.460.169.359.375
571866,1,1,17,95,2,,,,,,,,2,,,,,,,,,,,,,,,17,796.372.991.166.152
571866,1,2,17,95,2,,,,,,,,2,,,,,,,,,,,,,,,17,796.372.991.166.152
571866,1,3,17,95,2,,,,,,,,2,,,,,,,,,,,,,,,17,796.372.991.166.152
571867,1,1,17,95,2,,,,,,,,2,,,,,,,,,,,,,,,17,165.178.117.639.968
571867,1,2,17,95,2,,,,,,,,2,,,,,,,,,,,,,,,17,165.178.117.639.968
571867,1,3,17,95,2,,,,,,,,2,,,,,,,,,,,,,,,17,165.178.117.639.968
571868,1,1,17,95,2,,,,,,,,2,,,,,,,,,,,,,,,17,137.681.953.516.208
571868,1,2,17,95,2,,,,,,,,2,,,,,,,,,,,,,,,17,137.681.953.516.208
571868,1,3,17,95,2,,,,,,,,2,,,,,,,,,,,,,,,17,137.681.953.516.208
571869,1,1,17,95,2,,,,,,,,1,2,,2,,,,,,1800000,2,1,2,,2,17,144.255.252.818.283
571870,1,1,17,95,2,,,,,,,,2,,,,,,,,,,,,,,,17,126.244.617.236.164
571870,1,2,17,95,2,,,,,,,,2,,,,,,,,,,,,,,,17,126.244.617.236.164
571871,1,1,17,95,2,,,,,,,,1,2,,2,,,,,,1908000,2,1,2,,2,17,131.429.355.930.227
571871,1,2,17,95,2,,,,,,,,2,,,,,,,,,,,,,,,17,131.429.355.930.227
571871,1,3,17,95,1,,2,1,,433700,,2,1,2,,2,,,,,,960000,2,1,2,,2,17,131.429.355.930.227
571872,1,1,17,95,1,,1,2,,,250000,2,2,,,,,,,,,,,,,,,17,109.247.547.899.781
571873,1,1,17,95,2,,,,,,,,2,,,,,,,,,,,,,,,17,137.913.852.208.998
571873,1,2,17,95,2,,,,,,,,1,2,,2,,,,,,600000,2,1,2,,2,17,137.913.852.208.998
571877,1,1,17,95,1,,1,2,,,100000,2,2,,,,,,,,,,,,,,,17,165.178.117.639.968
571877,1,2,17,95,2,,,,,,,,2,,,,,,,,,,,,,,,17,165.178.117.639.968
571877,1,3,17,95,2,,,,,,,,2,,,,,,,,,,,,,,,17,165.178.117.639.968
571879,1,1,17,95,1,,1,1,,433700,100000,2,2,,,,,,,,,,,,,,,17,134.426.794.484.389
571879,1,2,17,95,2,,,,,,,,2,,,,,,,,,,,,,,,17,134.426.794.484.389
571879,1,3,17,95,2,,,,,,,,2,,,,,,,,,,,,,,,17,134.426.794.484.389
571880,1,1,17,95,2,,,,,,,,2,,,,,,,,,,,,,,,17,12.146.299.893.847
571880,1,2,17,95,2,,,,,,,,1,2,,2,,,,,,1200000,2,1,2,,2,17,12.146.299.893.847
571880,1,3,17,95,2,,,,,,,,2,,,,,,,,,,,,,,,17,12.146.299.893.847
571881,1,1,17,95,1,,1,2,,,110000,2,2,,,,,,,,,,,,,,,17,125.570.341.578.362
571881,1,2,17,95,2,,,,,,,,2,,,,,,,,,,,,,,,17,125.570.341.578.362
571882,1,1,17,95,2,,,,,,,,2,,,,,,,,,,,,,,,17,174.102.142.980.475
571882,1,2,17,95,2,,,,,,,,1,2,,2,1200000,,,,,,2,2,1,,2,17,174.102.142.980.475
571882,1,4,17,95,2,,,,,,,,2,,,,,,,,,,,,,,,17,174.102.142.980.475
571883,1,1,17,95,2,,,,,,,,2,,,,,,,,,,,,,,,17,173.697.577.585.794
571883,1,2,17,95,2,,,,,,,,2,,,,,,,,,,,,,,,17,173.697.577.585.794
571883,1,3,17,95,2,,,,,,,,2,,,,,,,,,,,,,,,17,173.697.577.585.794
571884,1,1,17,95,2,,,,,,,,2,,,,,,,,,,,,,,,17,21.180.156.996.866
571884,1,2,17,95,2,,,,,,,,2,,,,,,,,,,,,,,,17,21.180.156.996.866
571884,1,3,17,95,2,,,,,,,,2,,,,,,,,,,,,,,,17,21.180.156.996.866
571885,1,1,17,95,2,,,,,,,,2,,,,,,,,,,,,,,,17,110.469.439.658.706
571885,1,2,17,95,2,,,,,,,,2,,,,,,,,,,,,,,,17,110.469.439.658.706
571885,1,4,17,95,2,,,,,,,,2,,,,,,,,,,,,,,,17,110.469.439.658.706
571886,1,1,17,95,2,,,,,,,,2,,,,,,,,,,,,,,,17,141.893.135.256.943
571886,1,2,17,95,2,,,,,,,,2,,,,,,,,,,,,,,,17,141.893.135.256.943
571886,1,3,17,95,2,,,,,,,,2,,,,,,,,,,,,,,,17,141.893.135.256.943
571887,1,1,17,95,2,,,,,,,,2,,,,,,,,,,,,,,,17,223.004.854.796.881
571887,1,2,17,95,2,,,,,,,,2,,,,,,,,,,,,,,,17,223.004.854.796.881
571887,1,3,17,95,2,,,,,,,,2,,,,,,,,,,,,,,,17,223.004.854.796.881
571887,2,1,17,95,2,,,,,,,,2,,,,,,,,,,,,,,,17,223.004.854.796.881
571887,2,2,17,95,2,,,,,,,,2,,,,,,,,,,,,,,,17,223.004.854.796.881
571887,3,1,17,95,2,,,,,,,,2,,,,,,,,,,,,,,,17,223.004.854.796.881
571887,3,2,17,95,2,,,,,,,,2,,,,,,,,,,,,,,,17,223.004.854.796.881
571888,1,1,17,95,2,,,,,,,,2,,,,,,,,,,,,,,,17,109.689.924.864.793
571888,1,2,17,95,2,,,,,,,,2,,,,,,,,,,,,,,,17,109.689.924.864.793
571889,1,1,17,95,2,,,,,,,,2,,,,,,,,,,,,,,,17,137.576.714.380.097
571889,1,2,17,95,2,,,,,,,,2,,,,,,,,,,,,,,,17,137.576.714.380.097
571890,1,1,17,95,2,,,,,,,,2,,,,,,,,,,,,,,,17,109.689.924.864.793
571890,1,2,17,95,2,,,,,,,,2,,,,,,,,,,,,,,,17,109.689.924.864.793
571891,1,1,17,95,1,,1,1,,935330,110000,2,2,,,,,,,,,,,,,,,17,395.299.481.277.383
571891,1,2,17,95,2,,,,,,,,2,,,,,,,,,,,,,,,17,395.299.481.277.383
571891,1,3,17,95,2,,,,,,,,2,,,,,,,,,,,,,,,17,395.299.481.277.383
571892,1,1,17,95,2,,,,,,,,2,,,,,,,,,,,,,,,17,414.590.997.886.141
571892,1,2,17,95,2,,,,,,,,2,,,,,,,,,,,,,,,17,414.590.997.886.141
571893,1,1,17,95,1,,1,2,,,350000,2,2,,,,,,,,,,,,,,,17,365.622.616.850.398
571894,1,1,17,95,2,,,,,,,,2,,,,,,,,,,,,,,,17,615.845.274.687.686
571894,1,2,17,95,2,,,,,,,,2,,,,,,,,,,,,,,,17,615.845.274.687.686
571894,2,1,17,95,2,,,,,,,,2,,,,,,,,,,,,,,,17,615.845.274.687.686
571894,2,2,17,95,2,,,,,,,,2,,,,,,,,,,,,,,,17,615.845.274.687.686
571894,3,1,17,95,2,,,,,,,,2,,,,,,,,,,,,,,,17,615.845.274.687.686
571895,1,1,17,95,1,,1,2,,,80000,2,2,,,,,,,,,,,,,,,17,365.622.616.850.398
571897,1,1,17,95,2,,,,,,,,2,,,,,,,,,,,,,,,17,149.297.700.926.399
571897,1,2,17,95,2,,,,,,,,2,,,,,,,,,,,,,,,17,149.297.700.926.399
571897,1,3,17,95,2,,,,,,,,2,,,,,,,,,,,,,,,17,149.297.700.926.399
571898,1,1,17,95,2,,,,,,,,2,,,,,,,,,,,,,,,17,126.244.617.236.164
571898,1,2,17,95,2,,,,,,,,2,,,,,,,,,,,,,,,17,126.244.617.236.164
571899,1,1,17,95,2,,,,,,,,2,,,,,,,,,,,,,,,17,167.734.579.264.386
571899,1,2,17,95,2,,,,,,,,2,,,,,,,,,,,,,,,17,167.734.579.264.386
571901,1,1,17,95,2,,,,,,,,2,,,,,,,,,,,,,,,17,137.239.576.551.196
571901,1,2,17,95,2,,,,,,,,1,2,,1,,,150000,,,,2,2,2,,2,17,137.239.576.551.196
571902,1,1,17,95,1,,2,1,,600000,,2,2,,,,,,,,,,,,,,,17,121.874.205.616.799
571904,1,1,17,95,1,,1,2,,,500000,2,2,,,,,,,,,,,,,,,17,120.916.782.872.615
571905,1,1,17,95,2,,,,,,,,2,,,,,,,,,,,,,,,17,156.402.482.120.453
571905,1,2,17,95,2,,,,,,,,2,,,,,,,,,,,,,,,17,156.402.482.120.453
571906,1,1,17,95,1,,1,2,,,80000,2,2,,,,,,,,,,,,,,,17,151.515.624.686.648
571906,1,2,17,95,2,,,,,,,,2,,,,,,,,,,,,,,,17,151.515.624.686.648
571907,1,1,17,95,2,,,,,,,,2,,,,,,,,,,,,,,,17,746.586.808.169.345
571907,1,2,17,95,2,,,,,,,,2,,,,,,,,,,,,,,,17,746.586.808.169.345
571907,1,3,17,95,2,,,,,,,,2,,,,,,,,,,,,,,,17,746.586.808.169.345
571907,1,4,17,95,2,,,,,,,,2,,,,,,,,,,,,,,,17,746.586.808.169.345
571907,1,6,17,95,2,,,,,,,,2,,,,,,,,,,,,,,,17,746.586.808.169.345
571908,1,1,17,95,1,,1,1,,500000,200000,2,2,,,,,,,,,,,,,,,17,18.416.121.204.381
571908,1,2,17,95,2,,,,,,,,2,,,,,,,,,,,,,,,17,18.416.121.204.381
571908,1,3,17,95,2,,,,,,,,2,,,,,,,,,,,,,,,17,18.416.121.204.381
571908,1,4,17,95,2,,,,,,,,2,,,,,,,,,,,,,,,17,18.416.121.204.381
571910,1,1,17,95,2,,,,,,,,2,,,,,,,,,,,,,,,17,137.239.576.551.196
571910,1,2,17,95,2,,,,,,,,2,,,,,,,,,,,,,,,17,137.239.576.551.196
571911,1,1,17,95,1,,1,1,,600000,100000,2,2,,,,,,,,,,,,,,,17,134.089.656.655.488
571911,1,2,17,95,2,,,,,,,,2,,,,,,,,,,,,,,,17,134.089.656.655.488
571911,1,3,17,95,2,,,,,,,,2,,,,,,,,,,,,,,,17,134.089.656.655.488
571912,1,1,17,95,2,,,,,,,,2,,,,,,,,,,,,,,,17,161.070.775.000.076
571912,1,2,17,95,2,,,,,,,,2,,,,,,,,,,,,,,,17,161.070.775.000.076
571912,1,3,17,95,2,,,,,,,,2,,,,,,,,,,,,,,,17,161.070.775.000.076
571912,1,4,17,95,2,,,,,,,,2,,,,,,,,,,,,,,,17,161.070.775.000.076
571913,1,1,17,95,1,,2,1,,433700,,2,2,,,,,,,,,,,,,,,17,885.989.911.587.534
571913,1,2,17,95,2,,,,,,,,2,,,,,,,,,,,,,,,17,885.989.911.587.534
571913,1,3,17,95,2,,,,,,,,2,,,,,,,,,,,,,,,17,885.989.911.587.534
571913,1,4,17,95,2,,,,,,,,2,,,,,,,,,,,,,,,17,885.989.911.587.534
571913,1,5,17,95,2,,,,,,,,2,,,,,,,,,,,,,,,17,885.989.911.587.534
571914,1,1,17,95,1,,1,2,,,320000,2,1,2,,2,,,,,,1800000,2,1,2,,2,17,139.742.550.612.971
571915,1,1,17,95,1,,2,1,,618000,,2,2,,,,,,,,,,,,,,,17,189.062.803.651.491
571915,1,2,17,95,1,,2,1,,700000,,2,2,,,,,,,,,,,,,,,17,189.062.803.651.491
571915,1,3,17,95,2,,,,,,,,2,,,,,,,,,,,,,,,17,189.062.803.651.491
571915,1,4,17,95,2,,,,,,,,2,,,,,,,,,,,,,,,17,189.062.803.651.491
571915,1,5,17,95,2,,,,,,,,2,,,,,,,,,,,,,,,17,189.062.803.651.491
571916,1,1,17,95,1,,2,1,,3000000,,2,2,,,,,,,,,,,,,,,17,877.142.372.287.295
571916,1,2,17,95,1,,2,1,,1900000,,2,2,,,,,,,,,,,,,,,17,877.142.372.287.295
571916,1,3,17,95,2,,,,,,,,2,,,,,,,,,,,,,,,17,877.142.372.287.295
571917,1,1,17,95,2,,,,,,,,2,,,,,,,,,,,,,,,17,121.359.159.837.627
571917,1,2,17,95,2,,,,,,,,2,,,,,,,,,,,,,,,17,121.359.159.837.627
571919,1,1,17,95,2,,,,,,,,2,,,,,,,,,,,,,,,17,122.548.481.274.601
571920,1,1,17,95,1,,2,1,,980000,,2,2,,,,,,,,,,,,,,,17,131.085.488.368.175
571920,1,2,17,95,1,,2,1,,936000,,2,2,,,,,,,,,,,,,,,17,131.085.488.368.175
571921,1,1,17,95,1,,1,2,,,100000,2,2,,,,,,,,,,,,,,,17,109.247.547.899.781
571922,1,1,17,95,2,,,,,,,,2,,,,,,,,,,,,,,,17,167.734.579.264.386
571922,1,2,17,95,2,,,,,,,,2,,,,,,,,,,,,,,,17,167.734.579.264.386
571924,1,1,17,95,2,,,,,,,,2,,,,,,,,,,,,,,,17,131.871.732.895.239
571924,1,2,17,95,2,,,,,,,,2,,,,,,,,,,,,,,,17,131.871.732.895.239
571924,1,3,17,95,2,,,,,,,,2,,,,,,,,,,,,,,,17,131.871.732.895.239
571924,1,4,17,95,2,,,,,,,,2,,,,,,,,,,,,,,,17,131.871.732.895.239
571925,1,1,17,95,2,,,,,,,,2,,,,,,,,,,,,,,,17,148.855.323.961.387
571925,1,2,17,95,2,,,,,,,,2,,,,,,,,,,,,,,,17,148.855.323.961.387
571926,1,1,17,95,2,,,,,,,,2,,,,,,,,,,,,,,,17,176.847.352.612.802
571926,1,2,17,95,2,,,,,,,,2,,,,,,,,,,,,,,,17,176.847.352.612.802
571926,1,3,17,95,2,,,,,,,,1,2,,2,,,,,,360000,2,1,2,,2,17,176.847.352.612.802
571928,1,1,17,95,1,,1,2,,,300000,2,2,,,,,,,,,,,,,,,17,124.188.977.809.746
571928,1,2,17,95,2,,,,,,,,2,,,,,,,,,,,,,,,17,124.188.977.809.746
571929,1,1,17,95,1,,1,1,,380000,80000,2,2,,,,,,,,,,,,,,,17,105.140.205.259.889
571929,1,2,17,95,2,,,,,,,,1,2,,2,,,,,,200000,2,1,2,,2,17,105.140.205.259.889
571930,1,1,17,95,2,,,,,,,,2,,,,,,,,,,,,,,,17,13.292.315.567.435
571931,1,1,17,95,1,,1,2,,,60000,2,2,,,,,,,,,,,,,,,17,126.455.095.508.386
571931,1,2,17,95,2,,,,,,,,2,,,,,,,,,,,,,,,17,126.455.095.508.386
571931,1,3,17,95,2,,,,,,,,2,,,,,,,,,,,,,,,17,126.455.095.508.386
571931,1,4,17,95,2,,,,,,,,2,,,,,,,,,,,,,,,17,126.455.095.508.386
571932,1,1,17,95,2,,,,,,,,2,,,,,,,,,,,,,,,17,110.258.961.386.484
571933,1,1,17,95,2,,,,,,,,2,,,,,,,,,,,,,,,17,109.247.547.899.781
571934,1,1,17,95,2,,,,,,,,1,2,,2,,,,,,2700000,2,1,2,,2,17,330.396.905.489.415
571934,1,2,17,95,2,,,,,,,,2,,,,,,,,,,,,,,,17,330.396.905.489.415
571934,1,3,17,95,2,,,,,,,,2,,,,,,,,,,,,,,,17,330.396.905.489.415
571937,1,1,17,95,2,,,,,,,,2,,,,,,,,,,,,,,,17,137.239.576.551.196
571937,1,2,17,95,2,,,,,,,,2,,,,,,,,,,,,,,,17,137.239.576.551.196
571938,1,1,17,95,1,,1,2,,,150000,2,2,,,,,,,,,,,,,,,17,126.012.718.543.374
571938,1,2,17,95,2,,,,,,,,2,,,,,,,,,,,,,,,17,126.012.718.543.374
571938,1,3,17,95,2,,,,,,,,2,,,,,,,,,,,,,,,17,126.012.718.543.374
571939,1,1,17,95,2,,,,,,,,2,,,,,,,,,,,,,,,17,137.913.852.208.998
571939,1,2,17,95,2,,,,,,,,2,,,,,,,,,,,,,,,17,137.913.852.208.998
571940,1,1,17,95,1,,2,1,,668000,,2,2,,,,,,,,,,,,,,,17,791.949.221.516.032
571940,1,2,17,95,2,,,,,,,,2,,,,,,,,,,,,,,,17,791.949.221.516.032
571941,1,1,17,95,2,,,,,,,,2,,,,,,,,,,,,,,,17,177.521.628.270.604
571941,1,2,17,95,2,,,,,,,,2,,,,,,,,,,,,,,,17,177.521.628.270.604
571941,1,3,17,95,2,,,,,,,,2,,,,,,,,,,,,,,,17,177.521.628.270.604
571942,1,1,17,95,2,,,,,,,,2,,,,,,,,,,,,,,,17,503.515.255.095.688
571942,1,2,17,95,2,,,,,,,,2,,,,,,,,,,,,,,,17,503.515.255.095.688
571942,1,3,17,95,2,,,,,,,,2,,,,,,,,,,,,,,,17,503.515.255.095.688
571943,1,1,17,95,2,,,,,,,,2,,,,,,,,,,,,,,,17,570.066.388.832.454
571943,1,2,17,95,2,,,,,,,,2,,,,,,,,,,,,,,,17,570.066.388.832.454
571943,1,3,17,95,2,,,,,,,,2,,,,,,,,,,,,,,,17,570.066.388.832.454
571943,1,5,17,95,2,,,,,,,,2,,,,,,,,,,,,,,,17,570.066.388.832.454
571943,1,6,17,95,2,,,,,,,,2,,,,,,,,,,,,,,,17,570.066.388.832.454
571944,1,1,17,95,1,,2,1,,380000,,2,2,,,,,,,,,,,,,,,17,395.615.198.685.716
571944,1,2,17,95,2,,,,,,,,2,,,,,,,,,,,,,,,17,395.615.198.685.716
571944,1,3,17,95,2,,,,,,,,2,,,,,,,,,,,,,,,17,395.615.198.685.716
571944,1,4,17,95,2,,,,,,,,2,,,,,,,,,,,,,,,17,395.615.198.685.716
571945,1,1,17,95,1,,1,1,,433700,70000,2,2,,,,,,,,,,,,,,,17,353.300.588.930.722
571945,1,2,17,95,2,,,,,,,,2,,,,,,,,,,,,,,,17,353.300.588.930.722
571946,1,1,17,95,2,,,,,,,,2,,,,,,,,,,,,,,,17,125.907.479.407.263
571946,1,2,17,95,2,,,,,,,,1,2,,1,,,325000,,,,2,2,2,,2,17,125.907.479.407.263
571947,1,1,17,95,1,,1,1,,433700,200000,2,2,,,,,,,,,,,,,,,17,117.766.862.976.907
571947,1,2,17,95,2,,,,,,,,2,,,,,,,,,,,,,,,17,117.766.862.976.907
571948,1,1,17,95,2,,,,,,,,2,,,,,,,,,,,,,,,17,156.430.694.564.564
571948,1,2,17,95,2,,,,,,,,2,,,,,,,,,,,,,,,17,156.430.694.564.564
571948,1,3,17,95,2,,,,,,,,2,,,,,,,,,,,,,,,17,156.430.694.564.564
571948,1,4,17,95,2,,,,,,,,2,,,,,,,,,,,,,,,17,156.430.694.564.564
571948,1,8,17,95,2,,,,,,,,2,,,,,,,,,,,,,,,17,156.430.694.564.564
571948,1,9,17,95,1,,2,1,,433700,,2,2,,,,,,,,,,,,,,,17,156.430.694.564.564
571949,1,1,17,95,2,,,,,,,,1,2,,2,,,,,,2760000,2,1,2,,2,17,185.030.033.040.902
571949,1,2,17,95,2,,,,,,,,2,,,,,,,,,,,,,,,17,185.030.033.040.902
571949,1,3,17,95,2,,,,,,,,1,2,,2,,,,,,1800000,2,1,2,,2,17,185.030.033.040.902
571949,1,6,17,95,2,,,,,,,,2,,,,,,,,,,,,,,,17,185.030.033.040.902
571951,1,1,17,95,1,,2,1,,900000,,2,2,,,,,,,,,,,,,,,17,696.500.868.239.795
571951,1,2,17,95,2,,,,,,,,2,,,,,,,,,,,,,,,17,696.500.868.239.795
571951,1,3,17,95,2,,,,,,,,1,2,,2,,,,,,4200000,2,1,2,,2,17,696.500.868.239.795
571951,1,4,17,95,2,,,,,,,,2,,,,,,,,,,,,,,,17,696.500.868.239.795
571952,1,1,17,95,2,,,,,,,,2,,,,,,,,,,,,,,,17,156.739.619.949.354
571952,1,2,17,95,2,,,,,,,,2,,,,,,,,,,,,,,,17,156.739.619.949.354
571955,1,1,17,95,2,,,,,,,,2,,,,,,,,,,,,,,,17,179.687.464.503.477
571955,1,2,17,95,2,,,,,,,,2,,,,,,,,,,,,,,,17,179.687.464.503.477
571956,1,1,17,95,2,,,,,,,,2,,,,,,,,,,,,,,,17,161.070.775.000.076
571956,1,2,17,95,2,,,,,,,,2,,,,,,,,,,,,,,,17,161.070.775.000.076
571956,1,3,17,95,2,,,,,,,,2,,,,,,,,,,,,,,,17,161.070.775.000.076
571956,1,4,17,95,2,,,,,,,,2,,,,,,,,,,,,,,,17,161.070.775.000.076
571957,1,1,17,95,1,,1,1,,433700,110000,2,2,,,,,,,,,,,,,,,17,115.706.265.880.145
571957,1,2,17,95,2,,,,,,,,2,,,,,,,,,,,,,,,17,115.706.265.880.145
571957,1,3,17,95,2,,,,,,,,2,,,,,,,,,,,,,,,17,115.706.265.880.145
571957,1,5,17,95,2,,,,,,,,2,,,,,,,,,,,,,,,17,115.706.265.880.145
571958,1,1,17,95,2,,,,,,,,1,2,,2,,,,,,564000,2,1,2,,2,17,148.855.323.961.387
571958,1,2,17,95,2,,,,,,,,2,,,,,,,,,,,,,,,17,148.855.323.961.387
571959,1,1,17,95,2,,,,,,,,2,,,,,,,,,,,,,,,17,14.890.881.152.403
571959,1,2,17,95,2,,,,,,,,2,,,,,,,,,,,,,,,17,14.890.881.152.403
571960,1,1,17,95,2,,,,,,,,2,,,,,,,,,,,,,,,17,137.576.714.380.097
571960,1,2,17,95,2,,,,,,,,2,,,,,,,,,,,,,,,17,137.576.714.380.097
571961,1,1,17,95,2,,,,,,,,2,,,,,,,,,,,,,,,17,121.874.205.616.799
571962,1,1,17,95,2,,,,,,,,1,2,,2,,,,,,2400000,2,1,2,,3,17,117.766.862.976.907
571962,1,2,17,95,2,,,,,,,,2,,,,,,,,,,,,,,,17,117.766.862.976.907
571963,1,1,17,95,1,,2,1,,433700,,2,2,,,,,,,,,,,,,,,17,174.800.607.069.673
571963,1,2,17,95,2,,,,,,,,2,,,,,,,,,,,,,,,17,174.800.607.069.673
571964,1,1,17,95,2,,,,,,,,2,,,,,,,,,,,,,,,17,137.576.714.380.097
571964,1,2,17,95,2,,,,,,,,2,,,,,,,,,,,,,,,17,137.576.714.380.097
571965,1,1,17,95,2,,,,,,,,1,2,,2,,,,,,2400000,2,1,2,,2,17,140.079.688.441.872
571966,1,1,17,95,2,,,,,,,,2,,,,,,,,,,,,,,,17,13.819.699.929.538
571966,1,2,17,95,2,,,,,,,,2,,,,,,,,,,,,,,,17,13.819.699.929.538
571967,1,1,17,95,2,,,,,,,,1,2,,2,,,,,,1200000,2,1,2,,2,17,131.527.865.333.187
571967,1,2,17,95,2,,,,,,,,2,,,,,,,,,,,,,,,17,131.527.865.333.187
571967,1,3,17,95,2,,,,,,,,2,,,,,,,,,,,,,,,17,131.527.865.333.187
571968,1,1,17,95,1,,2,1,,2500000,,2,2,,,,,,,,,,,,,,,17,135.635.207.973.079
571968,1,2,17,95,2,,,,,,,,2,,,,,,,,,,,,,,,17,135.635.207.973.079
571969,1,1,17,95,2,,,,,,,,2,,,,,,,,,,,,,,,17,137.576.714.380.097
571969,1,2,17,95,2,,,,,,,,2,,,,,,,,,,,,,,,17,137.576.714.380.097
571970,1,1,17,95,2,,,,,,,,2,,,,,,,,,,,,,,,17,137.239.576.551.196
571970,1,2,17,95,2,,,,,,,,2,,,,,,,,,,,,,,,17,137.239.576.551.196
571971,1,1,17,95,2,,,,,,,,2,,,,,,,,,,,,,,,17,137.576.714.380.097
571971,1,2,17,95,2,,,,,,,,2,,,,,,,,,,,,,,,17,137.576.714.380.097
571972,1,1,17,95,2,,,,,,,,1,2,,2,,,,,,2400000,2,1,2,,2,17,148.855.323.961.387
571972,1,2,17,95,2,,,,,,,,2,,,,,,,,,,,,,,,17,148.855.323.961.387
571974,1,1,17,95,1,,2,1,,433700,,2,2,,,,,,,,,,,,,,,17,213.140.779.098.663
571974,1,2,17,95,2,,,,,,,,1,2,,2,,,,,,720000,2,1,2,,2,17,213.140.779.098.663
571974,1,3,17,95,2,,,,,,,,2,,,,,,,,,,,,,,,17,213.140.779.098.663
571974,1,4,17,95,2,,,,,,,,2,,,,,,,,,,,,,,,17,213.140.779.098.663
571974,1,5,17,95,2,,,,,,,,2,,,,,,,,,,,,,,,17,213.140.779.098.663
571974,1,6,17,95,2,,,,,,,,2,,,,,,,,,,,,,,,17,213.140.779.098.663
571974,1,9,17,95,2,,,,,,,,2,,,,,,,,,,,,,,,17,213.140.779.098.663
571974,1,11,17,95,2,,,,,,,,2,,,,,,,,,,,,,,,17,213.140.779.098.663
571974,1,12,17,95,2,,,,,,,,2,,,,,,,,,,,,,,,17,213.140.779.098.663
571976,1,1,17,95,1,,1,1,,98,98,2,2,,,,,,,,,,,,,,,17,135.192.831.008.067
571977,1,1,17,95,1,,1,2,,,370000,2,2,,,,,,,,,,,,,,,17,922.639.568.336.332
571977,1,2,17,95,2,,,,,,,,2,,,,,,,,,,,,,,,17,922.639.568.336.332
571977,1,3,17,95,2,,,,,,,,1,2,,2,,,,,,480000,2,1,2,,2,17,922.639.568.336.332
571978,1,1,17,95,1,,2,1,,433700,,2,2,,,,,,,,,,,,,,,17,167.838.418.365.229
571978,1,2,17,95,2,,,,,,,,2,,,,,,,,,,,,,,,17,167.838.418.365.229
571978,1,3,17,95,2,,,,,,,,2,,,,,,,,,,,,,,,17,167.838.418.365.229
571979,1,1,17,95,1,,1,2,,,70000,2,2,,,,,,,,,,,,,,,17,135.905.006.685.703
571979,1,2,17,95,2,,,,,,,,2,,,,,,,,,,,,,,,17,135.905.006.685.703
571979,1,3,17,95,2,,,,,,,,2,,,,,,,,,,,,,,,17,135.905.006.685.703
571979,1,4,17,95,2,,,,,,,,2,,,,,,,,,,,,,,,17,135.905.006.685.703
571979,1,5,17,95,2,,,,,,,,1,2,,2,,,,,,1680000,2,1,2,,2,17,135.905.006.685.703
571980,1,1,17,95,1,,2,1,,630000,,2,2,,,,,,,,,,,,,,,17,104.037.030.907.311
571980,1,2,17,95,2,,,,,,,,2,,,,,,,,,,,,,,,17,104.037.030.907.311
571980,1,3,17,95,2,,,,,,,,2,,,,,,,,,,,,,,,17,104.037.030.907.311
571980,1,4,17,95,2,,,,,,,,2,,,,,,,,,,,,,,,17,104.037.030.907.311
571981,1,1,17,95,2,,,,,,,,2,,,,,,,,,,,,,,,17,972.693.875.421.571
571981,1,2,17,95,2,,,,,,,,2,,,,,,,,,,,,,,,17,972.693.875.421.571
571981,1,3,17,95,2,,,,,,,,2,,,,,,,,,,,,,,,17,972.693.875.421.571
571981,1,4,17,95,2,,,,,,,,2,,,,,,,,,,,,,,,17,972.693.875.421.571
571981,1,5,17,95,2,,,,,,,,2,,,,,,,,,,,,,,,17,972.693.875.421.571
571982,1,1,17,95,2,,,,,,,,2,,,,,,,,,,,,,,,17,186.747.560.791.848
571983,1,1,17,95,2,,,,,,,,2,,,,,,,,,,,,,,,17,124.844.437.088.773
571983,1,2,17,95,2,,,,,,,,2,,,,,,,,,,,,,,,17,124.844.437.088.773
571983,1,3,17,95,2,,,,,,,,2,,,,,,,,,,,,,,,17,124.844.437.088.773
571983,1,4,17,95,2,,,,,,,,2,,,,,,,,,,,,,,,17,124.844.437.088.773
571985,1,1,17,95,2,,,,,,,,2,,,,,,,,,,,,,,,17,19.101.956.164.741
571985,1,2,17,95,2,,,,,,,,2,,,,,,,,,,,,,,,17,19.101.956.164.741
571986,1,1,17,95,2,,,,,,,,2,,,,,,,,,,,,,,,17,168.408.854.922.188
571986,1,2,17,95,2,,,,,,,,2,,,,,,,,,,,,,,,17,168.408.854.922.188
571987,1,1,17,95,1,,1,2,,,230000,2,2,,,,,,,,,,,,,,,17,151.515.624.686.648
571987,2,1,17,95,2,,,,,,,,2,,,,,,,,,,,,,,,17,151.515.624.686.648
571988,1,1,17,95,2,,,,,,,,2,,,,,,,,,,,,,,,17,165.178.117.639.968
571988,1,2,17,95,2,,,,,,,,2,,,,,,,,,,,,,,,17,165.178.117.639.968
571988,1,3,17,95,2,,,,,,,,2,,,,,,,,,,,,,,,17,165.178.117.639.968
571989,1,1,17,95,2,,,,,,,,2,,,,,,,,,,,,,,,17,125.570.341.578.362
571989,1,2,17,95,2,,,,,,,,2,,,,,,,,,,,,,,,17,125.570.341.578.362
571990,1,1,17,95,2,,,,,,,,2,,,,,,,,,,,,,,,17,137.239.576.551.196
571990,1,2,17,95,2,,,,,,,,2,,,,,,,,,,,,,,,17,137.239.576.551.196
571991,1,1,17,95,2,,,,,,,,2,,,,,,,,,,,,,,,17,129.436.097.949.741
571991,1,2,17,95,2,,,,,,,,1,2,,2,,,,,,80000,2,1,2,,2,17,129.436.097.949.741
571992,1,1,17,95,2,,,,,,,,2,,,,,,,,,,,,,,,17,157.817.016.003.525
571992,1,2,17,95,2,,,,,,,,2,,,,,,,,,,,,,,,17,157.817.016.003.525
571992,1,3,17,95,2,,,,,,,,2,,,,,,,,,,,,,,,17,157.817.016.003.525
571992,1,4,17,95,2,,,,,,,,2,,,,,,,,,,,,,,,17,157.817.016.003.525
571994,1,1,17,95,2,,,,,,,,2,,,,,,,,,,,,,,,17,908.641.571.244.373
571994,1,3,17,95,2,,,,,,,,2,,,,,,,,,,,,,,,17,908.641.571.244.373
571995,1,1,17,95,2,,,,,,,,2,,,,,,,,,,,,,,,17,354.627.719.825.758
571995,1,2,17,95,2,,,,,,,,2,,,,,,,,,,,,,,,17,354.627.719.825.758
571995,1,3,17,95,2,,,,,,,,2,,,,,,,,,,,,,,,17,354.627.719.825.758
571996,1,1,17,95,2,,,,,,,,1,2,,2,,,,,,3000000,2,1,2,,2,17,405.578.493.024.202
571997,1,1,17,95,2,,,,,,,,2,,,,,,,,,,,,,,,17,460.611.285.333.734
571997,1,2,17,95,2,,,,,,,,2,,,,,,,,,,,,,,,17,460.611.285.333.734
571997,1,3,17,95,2,,,,,,,,2,,,,,,,,,,,,,,,17,460.611.285.333.734
571997,1,4,17,95,2,,,,,,,,2,,,,,,,,,,,,,,,17,460.611.285.333.734
571997,2,1,17,95,2,,,,,,,,2,,,,,,,,,,,,,,,17,460.611.285.333.734
571997,2,2,17,95,2,,,,,,,,2,,,,,,,,,,,,,,,17,460.611.285.333.734
571997,2,3,17,95,2,,,,,,,,1,2,,2,,,,,,360000,2,1,2,,2,17,460.611.285.333.734
571998,1,1,17,95,2,,,,,,,,1,2,,2,,,,,,480000,2,1,2,,2,17,405.578.493.024.202
571999,1,1,17,95,1,,1,1,,433700,100000,2,2,,,,,,,,,,,,,,,17,419.846.013.022.059
571999,1,2,17,95,1,,1,2,,,60000,2,2,,,,,,,,,,,,,,,17,419.846.013.022.059
571999,1,3,17,95,2,,,,,,,,2,,,,,,,,,,,,,,,17,419.846.013.022.059
571999,1,4,17,95,2,,,,,,,,2,,,,,,,,,,,,,,,17,419.846.013.022.059
572000,1,1,17,95,2,,,,,,,,2,,,,,,,,,,,,,,,17,447.577.385.370.863
572000,1,2,17,95,2,,,,,,,,2,,,,,,,,,,,,,,,17,447.577.385.370.863
572001,1,1,17,95,2,,,,,,,,2,,,,,,,,,,,,,,,17,137.239.576.551.196
572001,1,2,17,95,2,,,,,,,,2,,,,,,,,,,,,,,,17,137.239.576.551.196
572002,1,1,17,95,1,,2,1,,1300000,,2,2,,,,,,,,,,,,,,,17,918.215.798.686.213
572002,1,2,17,95,2,,,,,,,,2,,,,,,,,,,,,,,,17,918.215.798.686.213
572003,1,1,17,95,1,,1,1,,600000,380000,2,2,,,,,,,,,,,,,,,17,135.192.831.008.067
572004,1,1,17,95,2,,,,,,,,2,,,,,,,,,,,,,,,17,126.012.718.543.374
572004,1,2,17,95,2,,,,,,,,2,,,,,,,,,,,,,,,17,126.012.718.543.374
572004,1,3,17,95,2,,,,,,,,2,,,,,,,,,,,,,,,17,126.012.718.543.374
572361,1,1,23,95,2,,,,,,,,2,,,,,,,,,,,,,,,23,104.612.826.905.445
572361,1,2,23,95,2,,,,,,,,2,,,,,,,,,,,,,,,23,104.612.826.905.445
572361,1,3,23,95,2,,,,,,,,1,2,,1,,,433700,,,,2,2,2,,2,23,104.612.826.905.445
572361,1,4,23,95,2,,,,,,,,2,,,,,,,,,,,,,,,23,104.612.826.905.445
572361,1,5,23,95,2,,,,,,,,2,,,,,,,,,,,,,,,23,104.612.826.905.445
572362,1,1,23,95,2,,,,,,,,2,,,,,,,,,,,,,,,23,16.619.955.973.398
572362,1,2,23,95,2,,,,,,,,2,,,,,,,,,,,,,,,23,16.619.955.973.398
572362,1,3,23,95,2,,,,,,,,1,2,,1,,,820000,,,,2,2,2,,2,23,16.619.955.973.398
572362,1,4,23,95,2,,,,,,,,2,,,,,,,,,,,,,,,23,16.619.955.973.398
572362,1,5,23,95,2,,,,,,,,2,,,,,,,,,,,,,,,23,16.619.955.973.398
572362,1,6,23,95,2,,,,,,,,2,,,,,,,,,,,,,,,23,16.619.955.973.398
572362,1,7,23,95,2,,,,,,,,2,,,,,,,,,,,,,,,23,16.619.955.973.398
572363,1,1,23,95,2,,,,,,,,2,,,,,,,,,,,,,,,23,216.787.628.111.225
572363,1,2,23,95,2,,,,,,,,2,,,,,,,,,,,,,,,23,216.787.628.111.225
572363,1,3,23,95,2,,,,,,,,2,,,,,,,,,,,,,,,23,216.787.628.111.225
572363,1,4,23,95,2,,,,,,,,2,,,,,,,,,,,,,,,23,216.787.628.111.225
572365,1,1,23,95,2,,,,,,,,1,2,,1,,,120000,,,,2,2,2,,2,23,114.988.971.426.908
572366,1,1,23,95,2,,,,,,,,1,2,,2,,,,,,500000,2,1,2,,2,23,115.091.131.788.815
572366,1,2,23,95,2,,,,,,,,2,,,,,,,,,,,,,,,23,115.091.131.788.815
572366,1,3,23,95,2,,,,,,,,2,,,,,,,,,,,,,,,23,115.091.131.788.815
572367,1,1,23,95,2,,,,,,,,2,,,,,,,,,,,,,,,23,161.781.301.803.641
572367,1,2,23,95,2,,,,,,,,2,,,,,,,,,,,,,,,23,161.781.301.803.641
572367,1,3,23,95,2,,,,,,,,2,,,,,,,,,,,,,,,23,161.781.301.803.641
572367,1,4,23,95,2,,,,,,,,2,,,,,,,,,,,,,,,23,161.781.301.803.641
572368,1,1,23,95,2,,,,,,,,2,,,,,,,,,,,,,,,23,116.156.434.159.937
572368,1,2,23,95,2,,,,,,,,2,,,,,,,,,,,,,,,23,116.156.434.159.937
572368,1,3,23,95,2,,,,,,,,2,,,,,,,,,,,,,,,23,116.156.434.159.937
572369,1,1,23,95,2,,,,,,,,1,2,,2,,,,,,1500000,2,1,2,,2,23,115.091.131.788.815
572369,1,2,23,95,2,,,,,,,,2,,,,,,,,,,,,,,,23,115.091.131.788.815
572369,1,3,23,95,2,,,,,,,,2,,,,,,,,,,,,,,,23,115.091.131.788.815
572370,1,1,23,95,2,,,,,,,,2,,,,,,,,,,,,,,,23,125.269.519.047.096
572370,1,2,23,95,2,,,,,,,,2,,,,,,,,,,,,,,,23,125.269.519.047.096
572370,1,3,23,95,2,,,,,,,,2,,,,,,,,,,,,,,,23,125.269.519.047.096
572370,1,4,23,95,2,,,,,,,,2,,,,,,,,,,,,,,,23,125.269.519.047.096
572371,1,1,23,95,2,,,,,,,,2,,,,,,,,,,,,,,,23,154.273.120.652.406
572372,1,1,23,95,2,,,,,,,,2,,,,,,,,,,,,,,,23,14.560.075.126.267
572372,1,2,23,95,2,,,,,,,,2,,,,,,,,,,,,,,,23,14.560.075.126.267
572373,1,1,23,95,2,,,,,,,,1,2,,2,,,,,,240000,2,1,2,,2,23,128.515.577.686.987
572373,1,2,23,95,2,,,,,,,,2,,,,,,,,,,,,,,,23,128.515.577.686.987
572373,1,3,23,95,2,,,,,,,,2,,,,,,,,,,,,,,,23,128.515.577.686.987
572374,1,1,23,95,2,,,,,,,,2,,,,,,,,,,,,,,,23,156.188.453.371.697
572375,1,1,23,95,2,,,,,,,,2,,,,,,,,,,,,,,,23,130.090.167.444.373
572375,1,2,23,95,2,,,,,,,,2,,,,,,,,,,,,,,,23,130.090.167.444.373
572375,1,3,23,95,2,,,,,,,,2,,,,,,,,,,,,,,,23,130.090.167.444.373
572377,1,1,23,95,2,,,,,,,,2,,,,,,,,,,,,,,,23,140.303.991.109.302
572377,1,2,23,95,2,,,,,,,,2,,,,,,,,,,,,,,,23,140.303.991.109.302
572378,1,1,23,95,2,,,,,,,,2,,,,,,,,,,,,,,,23,135.587.595.026.479
572378,1,2,23,95,2,,,,,,,,2,,,,,,,,,,,,,,,23,135.587.595.026.479
572378,1,3,23,95,2,,,,,,,,2,,,,,,,,,,,,,,,23,135.587.595.026.479
572379,1,1,23,95,2,,,,,,,,2,,,,,,,,,,,,,,,23,158.096.634.271.383
572379,1,2,23,95,2,,,,,,,,2,,,,,,,,,,,,,,,23,158.096.634.271.383
572379,1,3,23,95,2,,,,,,,,2,,,,,,,,,,,,,,,23,158.096.634.271.383
572380,1,1,23,95,2,,,,,,,,2,,,,,,,,,,,,,,,23,287.125.158.589.768
572380,1,2,23,95,2,,,,,,,,2,,,,,,,,,,,,,,,23,287.125.158.589.768
572380,1,3,23,95,2,,,,,,,,2,,,,,,,,,,,,,,,23,287.125.158.589.768
572380,1,4,23,95,2,,,,,,,,2,,,,,,,,,,,,,,,23,287.125.158.589.768
572380,1,5,23,95,2,,,,,,,,2,,,,,,,,,,,,,,,23,287.125.158.589.768
572381,1,1,23,95,1,,1,2,,,60000,2,2,,,,,,,,,,,,,,,23,23.018.226.357.763
572381,1,2,23,95,2,,,,,,,,1,2,,1,,,120000,,,,2,2,2,,2,23,23.018.226.357.763
572381,2,1,23,95,2,,,,,,,,2,,,,,,,,,,,,,,,23,23.018.226.357.763
572382,1,1,23,95,1,,1,2,,,60000,2,2,,,,,,,,,,,,,,,23,279.901.435.035.753
572382,1,2,23,95,2,,,,,,,,2,,,,,,,,,,,,,,,23,279.901.435.035.753
572382,1,3,23,95,2,,,,,,,,2,,,,,,,,,,,,,,,23,279.901.435.035.753
572382,1,5,23,95,2,,,,,,,,2,,,,,,,,,,,,,,,23,279.901.435.035.753
572382,2,1,23,95,2,,,,,,,,2,,,,,,,,,,,,,,,23,279.901.435.035.753
572382,2,2,23,95,2,,,,,,,,2,,,,,,,,,,,,,,,23,279.901.435.035.753
572383,1,1,23,95,2,,,,,,,,2,,,,,,,,,,,,,,,23,209.881.134.306.818
572383,1,2,23,95,2,,,,,,,,2,,,,,,,,,,,,,,,23,209.881.134.306.818
572384,1,1,23,95,2,,,,,,,,2,,,,,,,,,,,,,,,23,122.697.904.194.764
572384,1,2,23,95,2,,,,,,,,2,,,,,,,,,,,,,,,23,122.697.904.194.764
572385,1,1,23,95,2,,,,,,,,2,,,,,,,,,,,,,,,23,118.417.707.216.423
572385,1,2,23,95,2,,,,,,,,2,,,,,,,,,,,,,,,23,118.417.707.216.423
572385,1,6,23,95,2,,,,,,,,2,,,,,,,,,,,,,,,23,118.417.707.216.423
572386,1,1,23,95,2,,,,,,,,2,,,,,,,,,,,,,,,23,128.350.013.649.603
572386,1,2,23,95,2,,,,,,,,2,,,,,,,,,,,,,,,23,128.350.013.649.603
572387,1,1,23,95,2,,,,,,,,2,,,,,,,,,,,,,,,23,143.460.418.932.977
572387,1,2,23,95,2,,,,,,,,2,,,,,,,,,,,,,,,23,143.460.418.932.977
572387,1,3,23,95,2,,,,,,,,2,,,,,,,,,,,,,,,23,143.460.418.932.977
572388,1,1,23,95,1,,1,2,,,80000,2,1,2,,2,,,,,,1000000,2,1,2,,2,23,11.737.691.595.799
572388,2,1,23,95,2,,,,,,,,2,,,,,,,,,,,,,,,23,11.737.691.595.799
572388,2,2,23,95,1,,2,2,120000,,,1,2,,,,,,,,,,,,,,,23,11.737.691.595.799
572389,1,1,23,95,2,,,,,,,,2,,,,,,,,,,,,,,,23,146.753.216.125.426
572389,1,2,23,95,2,,,,,,,,2,,,,,,,,,,,,,,,23,146.753.216.125.426
572389,1,3,23,95,2,,,,,,,,2,,,,,,,,,,,,,,,23,146.753.216.125.426
572389,1,4,23,95,2,,,,,,,,2,,,,,,,,,,,,,,,23,146.753.216.125.426
572390,1,1,23,95,2,,,,,,,,2,,,,,,,,,,,,,,,23,998.237.244.145.008
572390,1,2,23,95,2,,,,,,,,1,2,,2,,,,,,1500000,2,1,2,,2,23,998.237.244.145.008
572390,1,3,23,95,2,,,,,,,,2,,,,,,,,,,,,,,,23,998.237.244.145.008
572391,1,1,23,95,2,,,,,,,,2,,,,,,,,,,,,,,,23,148.014.723.076.402
572391,1,2,23,95,2,,,,,,,,2,,,,,,,,,,,,,,,23,148.014.723.076.402
572392,1,1,23,95,2,,,,,,,,2,,,,,,,,,,,,,,,23,147.947.660.157.459
572392,1,2,23,95,2,,,,,,,,2,,,,,,,,,,,,,,,23,147.947.660.157.459
572392,1,3,23,95,2,,,,,,,,2,,,,,,,,,,,,,,,23,147.947.660.157.459
572392,1,4,23,95,2,,,,,,,,2,,,,,,,,,,,,,,,23,147.947.660.157.459
572392,1,5,23,95,2,,,,,,,,2,,,,,,,,,,,,,,,23,147.947.660.157.459
572392,1,6,23,95,2,,,,,,,,2,,,,,,,,,,,,,,,23,147.947.660.157.459
572393,1,1,23,95,2,,,,,,,,2,,,,,,,,,,,,,,,23,146.753.216.125.426
572393,1,2,23,95,2,,,,,,,,2,,,,,,,,,,,,,,,23,146.753.216.125.426
572393,1,3,23,95,2,,,,,,,,2,,,,,,,,,,,,,,,23,146.753.216.125.426
572393,1,4,23,95,2,,,,,,,,2,,,,,,,,,,,,,,,23,146.753.216.125.426
572394,1,1,23,95,2,,,,,,,,2,,,,,,,,,,,,,,,23,159.834.169.943.663
572394,1,2,23,95,2,,,,,,,,2,,,,,,,,,,,,,,,23,159.834.169.943.663
572394,1,3,23,95,2,,,,,,,,2,,,,,,,,,,,,,,,23,159.834.169.943.663
572394,1,4,23,95,2,,,,,,,,2,,,,,,,,,,,,,,,23,159.834.169.943.663
572394,1,5,23,95,2,,,,,,,,2,,,,,,,,,,,,,,,23,159.834.169.943.663
572395,1,1,23,95,1,,1,2,,,100000,2,1,2,,2,1500000,,,,,,2,2,1,,2,23,124.572.535.850.308
572396,1,1,23,95,2,,,,,,,,2,,,,,,,,,,,,,,,23,264.678.276.595.639
572396,1,2,23,95,2,,,,,,,,2,,,,,,,,,,,,,,,23,264.678.276.595.639
572396,1,4,23,95,2,,,,,,,,2,,,,,,,,,,,,,,,23,264.678.276.595.639
572396,1,5,23,95,2,,,,,,,,2,,,,,,,,,,,,,,,23,264.678.276.595.639
572397,1,1,23,95,2,,,,,,,,2,,,,,,,,,,,,,,,23,265.767.421.808.005
572397,1,2,23,95,2,,,,,,,,2,,,,,,,,,,,,,,,23,265.767.421.808.005
572397,1,3,23,95,2,,,,,,,,2,,,,,,,,,,,,,,,23,265.767.421.808.005
572397,1,4,23,95,2,,,,,,,,2,,,,,,,,,,,,,,,23,265.767.421.808.005
572398,1,1,23,95,2,,,,,,,,2,,,,,,,,,,,,,,,23,181.509.802.346.218
572398,1,2,23,95,2,,,,,,,,2,,,,,,,,,,,,,,,23,181.509.802.346.218
572398,1,4,23,95,2,,,,,,,,2,,,,,,,,,,,,,,,23,181.509.802.346.218
572398,1,5,23,95,2,,,,,,,,2,,,,,,,,,,,,,,,23,181.509.802.346.218
572398,1,6,23,95,2,,,,,,,,2,,,,,,,,,,,,,,,23,181.509.802.346.218
572398,2,1,23,95,2,,,,,,,,2,,,,,,,,,,,,,,,23,181.509.802.346.218
572398,2,2,23,95,2,,,,,,,,2,,,,,,,,,,,,,,,23,181.509.802.346.218
572399,1,1,23,95,2,,,,,,,,2,,,,,,,,,,,,,,,23,129.058.510.198.179
572399,1,2,23,95,2,,,,,,,,2,,,,,,,,,,,,,,,23,129.058.510.198.179
572399,1,3,23,95,2,,,,,,,,2,,,,,,,,,,,,,,,23,129.058.510.198.179
572401,1,1,23,95,1,,2,1,,433700,,2,2,,,,,,,,,,,,,,,23,231.723.254.704.109
572401,1,2,23,95,2,,,,,,,,2,,,,,,,,,,,,,,,23,231.723.254.704.109
572401,1,3,23,95,2,,,,,,,,2,,,,,,,,,,,,,,,23,231.723.254.704.109
572401,1,4,23,95,2,,,,,,,,2,,,,,,,,,,,,,,,23,231.723.254.704.109
572401,1,5,23,95,2,,,,,,,,2,,,,,,,,,,,,,,,23,231.723.254.704.109
572402,1,1,23,95,2,,,,,,,,2,,,,,,,,,,,,,,,23,250.209.643.897.941
572402,1,2,23,95,2,,,,,,,,2,,,,,,,,,,,,,,,23,250.209.643.897.941
572402,1,3,23,95,2,,,,,,,,2,,,,,,,,,,,,,,,23,250.209.643.897.941
572402,1,4,23,95,2,,,,,,,,2,,,,,,,,,,,,,,,23,250.209.643.897.941
572402,1,5,23,95,2,,,,,,,,2,,,,,,,,,,,,,,,23,250.209.643.897.941
572403,1,1,23,95,2,,,,,,,,2,,,,,,,,,,,,,,,23,246.522.900.048.144
572403,1,2,23,95,2,,,,,,,,2,,,,,,,,,,,,,,,23,246.522.900.048.144
572403,1,3,23,95,2,,,,,,,,2,,,,,,,,,,,,,,,23,246.522.900.048.144
572404,1,1,23,95,2,,,,,,,,2,,,,,,,,,,,,,,,23,133.277.769.194.346
572404,1,2,23,95,2,,,,,,,,2,,,,,,,,,,,,,,,23,133.277.769.194.346
572405,1,1,23,95,2,,,,,,,,2,,,,,,,,,,,,,,,23,133.412.014.659.478
572405,1,2,23,95,2,,,,,,,,2,,,,,,,,,,,,,,,23,133.412.014.659.478
572405,1,3,23,95,2,,,,,,,,2,,,,,,,,,,,,,,,23,133.412.014.659.478
572405,1,4,23,95,2,,,,,,,,2,,,,,,,,,,,,,,,23,133.412.014.659.478
572408,1,1,23,95,2,,,,,,,,2,,,,,,,,,,,,,,,23,140.248.291.502.187
572409,1,1,23,95,2,,,,,,,,2,,,,,,,,,,,,,,,23,172.941.396.839.443
572409,1,2,23,95,2,,,,,,,,2,,,,,,,,,,,,,,,23,172.941.396.839.443
572409,1,3,23,95,2,,,,,,,,2,,,,,,,,,,,,,,,23,172.941.396.839.443
572409,1,4,23,95,2,,,,,,,,2,,,,,,,,,,,,,,,23,172.941.396.839.443
572409,1,5,23,95,2,,,,,,,,2,,,,,,,,,,,,,,,23,172.941.396.839.443
572409,1,6,23,95,2,,,,,,,,2,,,,,,,,,,,,,,,23,172.941.396.839.443
572409,1,7,23,95,2,,,,,,,,2,,,,,,,,,,,,,,,23,172.941.396.839.443
572409,1,8,23,95,2,,,,,,,,2,,,,,,,,,,,,,,,23,172.941.396.839.443
572410,1,1,23,95,2,,,,,,,,2,,,,,,,,,,,,,,,23,131.164.101.574.254
572410,1,2,23,95,2,,,,,,,,2,,,,,,,,,,,,,,,23,131.164.101.574.254
572411,1,1,23,95,2,,,,,,,,2,,,,,,,,,,,,,,,23,167.641.356.004.622
572411,1,2,23,95,2,,,,,,,,2,,,,,,,,,,,,,,,23,167.641.356.004.622
572411,1,4,23,95,2,,,,,,,,2,,,,,,,,,,,,,,,23,167.641.356.004.622
572411,1,5,23,95,2,,,,,,,,2,,,,,,,,,,,,,,,23,167.641.356.004.622
572411,1,6,23,95,2,,,,,,,,2,,,,,,,,,,,,,,,23,167.641.356.004.622
572412,1,1,23,95,2,,,,,,,,2,,,,,,,,,,,,,,,23,143.041.926.921.604
572412,1,2,23,95,2,,,,,,,,2,,,,,,,,,,,,,,,23,143.041.926.921.604
572412,1,3,23,95,2,,,,,,,,2,,,,,,,,,,,,,,,23,143.041.926.921.604
572412,1,4,23,95,2,,,,,,,,2,,,,,,,,,,,,,,,23,143.041.926.921.604
572413,1,1,23,95,2,,,,,,,,1,2,,2,,,,,,2000000,2,1,2,,2,23,1.130.742.958.731
572413,1,2,23,95,2,,,,,,,,2,,,,,,,,,,,,,,,23,1.130.742.958.731
572414,1,1,23,95,2,,,,,,,,1,2,,2,,,,,,3600000,2,1,2,,2,23,116.593.917.321.137
572416,1,1,23,95,2,,,,,,,,1,2,,2,,,,,,2400000,2,1,2,,2,23,118.621.626.438.525
572416,1,2,23,95,2,,,,,,,,2,,,,,,,,,,,,,,,23,118.621.626.438.525
572416,1,3,23,95,2,,,,,,,,2,,,,,,,,,,,,,,,23,118.621.626.438.525
572418,1,1,23,95,2,,,,,,,,2,,,,,,,,,,,,,,,23,135.507.599.326.514
572418,1,2,23,95,2,,,,,,,,2,,,,,,,,,,,,,,,23,135.507.599.326.514
572418,1,3,23,95,2,,,,,,,,2,,,,,,,,,,,,,,,23,135.507.599.326.514
572418,1,4,23,95,2,,,,,,,,2,,,,,,,,,,,,,,,23,135.507.599.326.514
572418,1,5,23,95,2,,,,,,,,2,,,,,,,,,,,,,,,23,135.507.599.326.514
572418,1,7,23,95,2,,,,,,,,2,,,,,,,,,,,,,,,23,135.507.599.326.514
572418,2,1,23,95,2,,,,,,,,2,,,,,,,,,,,,,,,23,135.507.599.326.514
572418,2,2,23,95,2,,,,,,,,2,,,,,,,,,,,,,,,23,135.507.599.326.514
572419,1,1,23,95,2,,,,,,,,2,,,,,,,,,,,,,,,23,146.746.064.305.821
572419,1,2,23,95,2,,,,,,,,2,,,,,,,,,,,,,,,23,146.746.064.305.821
572419,1,3,23,95,2,,,,,,,,2,,,,,,,,,,,,,,,23,146.746.064.305.821
572419,1,4,23,95,2,,,,,,,,2,,,,,,,,,,,,,,,23,146.746.064.305.821
572419,1,5,23,95,2,,,,,,,,2,,,,,,,,,,,,,,,23,146.746.064.305.821
572419,1,8,23,95,2,,,,,,,,2,,,,,,,,,,,,,,,23,146.746.064.305.821
572420,1,1,23,95,2,,,,,,,,2,,,,,,,,,,,,,,,23,206.820.079.604.212
572420,1,2,23,95,2,,,,,,,,2,,,,,,,,,,,,,,,23,206.820.079.604.212
572420,1,3,23,95,2,,,,,,,,1,2,,2,,,,,,4800000,2,1,2,,2,23,206.820.079.604.212
572420,1,4,23,95,2,,,,,,,,2,,,,,,,,,,,,,,,23,206.820.079.604.212
572421,1,1,23,95,2,,,,,,,,2,,,,,,,,,,,,,,,23,265.805.368.254.256
572421,1,2,23,95,2,,,,,,,,2,,,,,,,,,,,,,,,23,265.805.368.254.256
572421,1,3,23,95,2,,,,,,,,2,,,,,,,,,,,,,,,23,265.805.368.254.256
572421,1,4,23,95,1,,2,1,,520000,,2,2,,,,,,,,,,,,,,,23,265.805.368.254.256
572421,1,5,23,95,2,,,,,,,,2,,,,,,,,,,,,,,,23,265.805.368.254.256
572422,1,1,23,95,2,,,,,,,,2,,,,,,,,,,,,,,,23,123.398.324.499.322
572422,1,2,23,95,2,,,,,,,,2,,,,,,,,,,,,,,,23,123.398.324.499.322
572423,1,1,23,95,2,,,,,,,,2,,,,,,,,,,,,,,,23,117.229.310.521.595
572423,1,2,23,95,2,,,,,,,,1,2,,2,,,,,,100000,2,1,2,,2,23,117.229.310.521.595
572423,1,3,23,95,2,,,,,,,,2,,,,,,,,,,,,,,,23,117.229.310.521.595
572424,1,1,23,95,1,,2,1,,433700,,2,2,,,,,,,,,,,,,,,23,11.737.691.595.799
572424,1,2,23,95,2,,,,,,,,2,,,,,,,,,,,,,,,23,11.737.691.595.799
572424,1,3,23,95,2,,,,,,,,2,,,,,,,,,,,,,,,23,11.737.691.595.799
572425,1,1,23,95,2,,,,,,,,2,,,,,,,,,,,,,,,23,145.303.790.857.876
572425,1,2,23,95,2,,,,,,,,2,,,,,,,,,,,,,,,23,145.303.790.857.876
572425,1,3,23,95,2,,,,,,,,2,,,,,,,,,,,,,,,23,145.303.790.857.876
572425,1,4,23,95,2,,,,,,,,2,,,,,,,,,,,,,,,23,145.303.790.857.876
572425,1,5,23,95,2,,,,,,,,2,,,,,,,,,,,,,,,23,145.303.790.857.876
572426,1,1,23,95,2,,,,,,,,1,2,,2,,,,,,6000000,2,1,2,,2,23,98.374.586.005.893
572426,1,2,23,95,2,,,,,,,,2,,,,,,,,,,,,,,,23,98.374.586.005.893
572426,1,3,23,95,2,,,,,,,,2,,,,,,,,,,,,,,,23,98.374.586.005.893
572427,1,1,23,95,1,,2,1,,450000,,2,2,,,,,,,,,,,,,,,23,102.605.902.461.873
572427,1,2,23,95,2,,,,,,,,2,,,,,,,,,,,,,,,23,102.605.902.461.873
572427,1,3,23,95,2,,,,,,,,2,,,,,,,,,,,,,,,23,102.605.902.461.873
572427,1,4,23,95,2,,,,,,,,2,,,,,,,,,,,,,,,23,102.605.902.461.873
572427,1,5,23,95,2,,,,,,,,2,,,,,,,,,,,,,,,23,102.605.902.461.873
572427,1,6,23,95,2,,,,,,,,2,,,,,,,,,,,,,,,23,102.605.902.461.873
572427,1,7,23,95,2,,,,,,,,2,,,,,,,,,,,,,,,23,102.605.902.461.873
572428,1,1,23,95,2,,,,,,,,2,,,,,,,,,,,,,,,23,15.371.314.393.029
572428,1,2,23,95,2,,,,,,,,2,,,,,,,,,,,,,,,23,15.371.314.393.029
572428,1,3,23,95,2,,,,,,,,2,,,,,,,,,,,,,,,23,15.371.314.393.029
572428,1,4,23,95,2,,,,,,,,2,,,,,,,,,,,,,,,23,15.371.314.393.029
572428,1,5,23,95,2,,,,,,,,2,,,,,,,,,,,,,,,23,15.371.314.393.029
572428,1,6,23,95,2,,,,,,,,2,,,,,,,,,,,,,,,23,15.371.314.393.029
572429,1,1,23,95,2,,,,,,,,2,,,,,,,,,,,,,,,23,143.562.579.294.884
572429,1,2,23,95,2,,,,,,,,2,,,,,,,,,,,,,,,23,143.562.579.294.884
572429,1,3,23,95,2,,,,,,,,2,,,,,,,,,,,,,,,23,143.562.579.294.884
572429,1,4,23,95,2,,,,,,,,2,,,,,,,,,,,,,,,23,143.562.579.294.884
572429,1,5,23,95,2,,,,,,,,2,,,,,,,,,,,,,,,23,143.562.579.294.884
572430,1,1,23,95,2,,,,,,,,2,,,,,,,,,,,,,,,23,973.148.215.243.347
572430,1,2,23,95,2,,,,,,,,1,2,,2,,,,,,2400000,2,1,2,,2,23,973.148.215.243.347
572431,1,1,23,95,2,,,,,,,,2,,,,,,,,,,,,,,,23,115.758.394.653.797
572432,1,1,23,95,2,,,,,,,,2,,,,,,,,,,,,,,,23,140.646.331.008.327
572432,1,2,23,95,2,,,,,,,,2,,,,,,,,,,,,,,,23,140.646.331.008.327
572432,1,3,23,95,2,,,,,,,,2,,,,,,,,,,,,,,,23,140.646.331.008.327
572433,1,1,23,95,1,,1,2,,,400000,2,2,,,,,,,,,,,,,,,23,125.375.117.644.164
572433,1,2,23,95,2,,,,,,,,2,,,,,,,,,,,,,,,23,125.375.117.644.164
572433,1,4,23,95,2,,,,,,,,2,,,,,,,,,,,,,,,23,125.375.117.644.164
572434,1,1,23,95,2,,,,,,,,2,,,,,,,,,,,,,,,23,158.947.895.232.539
572434,1,2,23,95,1,,1,2,,,200000,2,2,,,,,,,,,,,,,,,23,158.947.895.232.539
572434,1,3,23,95,2,,,,,,,,2,,,,,,,,,,,,,,,23,158.947.895.232.539
572434,1,4,23,95,2,,,,,,,,2,,,,,,,,,,,,,,,23,158.947.895.232.539
572434,1,5,23,95,2,,,,,,,,2,,,,,,,,,,,,,,,23,158.947.895.232.539
572434,2,1,23,95,2,,,,,,,,2,,,,,,,,,,,,,,,23,158.947.895.232.539
572435,1,1,23,95,2,,,,,,,,2,,,,,,,,,,,,,,,23,145.201.630.495.969
572435,1,2,23,95,2,,,,,,,,2,,,,,,,,,,,,,,,23,145.201.630.495.969
572435,1,3,23,95,2,,,,,,,,2,,,,,,,,,,,,,,,23,145.201.630.495.969
572436,1,1,23,95,2,,,,,,,,2,,,,,,,,,,,,,,,23,132.236.977.935.912
572436,1,2,23,95,2,,,,,,,,2,,,,,,,,,,,,,,,23,132.236.977.935.912
572437,1,1,23,95,2,,,,,,,,2,,,,,,,,,,,,,,,23,133.412.014.659.478
572437,1,2,23,95,2,,,,,,,,2,,,,,,,,,,,,,,,23,133.412.014.659.478
572437,1,3,23,95,2,,,,,,,,2,,,,,,,,,,,,,,,23,133.412.014.659.478
572437,1,4,23,95,2,,,,,,,,2,,,,,,,,,,,,,,,23,133.412.014.659.478
572438,1,1,23,95,2,,,,,,,,2,,,,,,,,,,,,,,,23,104.940.567.153.409
572438,1,2,23,95,2,,,,,,,,2,,,,,,,,,,,,,,,23,104.940.567.153.409
572439,1,1,23,95,2,,,,,,,,2,,,,,,,,,,,,,,,23,828.386.148.361.005
572439,1,2,23,95,2,,,,,,,,1,2,,2,,,,,,1800000,2,1,2,,2,23,828.386.148.361.005
572439,1,3,23,95,2,,,,,,,,2,,,,,,,,,,,,,,,23,828.386.148.361.005
572439,1,4,23,95,2,,,,,,,,2,,,,,,,,,,,,,,,23,828.386.148.361.005
572440,1,1,23,95,2,,,,,,,,2,,,,,,,,,,,,,,,23,13.566.255.675.482
572440,1,2,23,95,2,,,,,,,,2,,,,,,,,,,,,,,,23,13.566.255.675.482
572440,1,4,23,95,2,,,,,,,,2,,,,,,,,,,,,,,,23,13.566.255.675.482
572441,1,1,23,95,2,,,,,,,,2,,,,,,,,,,,,,,,23,13.156.864.273.458
572441,1,2,23,95,2,,,,,,,,2,,,,,,,,,,,,,,,23,13.156.864.273.458
572442,1,1,23,95,2,,,,,,,,2,,,,,,,,,,,,,,,23,13.515.322.622.247
572442,1,2,23,95,2,,,,,,,,2,,,,,,,,,,,,,,,23,13.515.322.622.247
572442,1,3,23,95,2,,,,,,,,2,,,,,,,,,,,,,,,23,13.515.322.622.247
572442,1,4,23,95,2,,,,,,,,2,,,,,,,,,,,,,,,23,13.515.322.622.247
572443,1,1,23,95,2,,,,,,,,2,,,,,,,,,,,,,,,23,118.146.339.184.879
572443,1,2,23,95,2,,,,,,,,2,,,,,,,,,,,,,,,23,118.146.339.184.879
572443,1,3,23,95,2,,,,,,,,2,,,,,,,,,,,,,,,23,118.146.339.184.879
572444,1,1,23,95,2,,,,,,,,2,,,,,,,,,,,,,,,23,107.078.745.886.189
572444,1,2,23,95,2,,,,,,,,2,,,,,,,,,,,,,,,23,107.078.745.886.189
572445,1,1,23,95,2,,,,,,,,1,2,,2,,,,,,8400000,2,1,2,,2,23,970.058.305.000.017
572445,1,2,23,95,2,,,,,,,,2,,,,,,,,,,,,,,,23,970.058.305.000.017
572445,1,3,23,95,2,,,,,,,,2,,,,,,,,,,,,,,,23,970.058.305.000.017
572446,1,1,23,95,2,,,,,,,,2,,,,,,,,,,,,,,,23,124.883.796.570.316
572446,1,2,23,95,2,,,,,,,,2,,,,,,,,,,,,,,,23,124.883.796.570.316
572446,1,3,23,95,2,,,,,,,,2,,,,,,,,,,,,,,,23,124.883.796.570.316
572446,1,4,23,95,2,,,,,,,,2,,,,,,,,,,,,,,,23,124.883.796.570.316
572446,1,5,23,95,2,,,,,,,,2,,,,,,,,,,,,,,,23,124.883.796.570.316
572446,1,7,23,95,2,,,,,,,,1,2,,2,,,,,,300000,2,1,2,,2,23,124.883.796.570.316
572447,1,1,23,95,2,,,,,,,,2,,,,,,,,,,,,,,,23,145.405.951.219.783
572447,1,2,23,95,2,,,,,,,,2,,,,,,,,,,,,,,,23,145.405.951.219.783
572447,1,3,23,95,2,,,,,,,,2,,,,,,,,,,,,,,,23,145.405.951.219.783
572447,1,4,23,95,2,,,,,,,,2,,,,,,,,,,,,,,,23,145.405.951.219.783
572447,1,5,23,95,2,,,,,,,,2,,,,,,,,,,,,,,,23,145.405.951.219.783
572447,1,6,23,95,2,,,,,,,,2,,,,,,,,,,,,,,,23,145.405.951.219.783
572447,1,7,23,95,2,,,,,,,,2,,,,,,,,,,,,,,,23,145.405.951.219.783
572449,1,1,23,95,1,,2,1,,1300000,,2,2,,,,,,,,,,,,,,,23,118.146.339.184.879
572449,1,2,23,95,1,,1,2,,,350000,2,2,,,,,,,,,,,,,,,23,118.146.339.184.879
572449,1,3,23,95,2,,,,,,,,2,,,,,,,,,,,,,,,23,118.146.339.184.879
572450,1,1,23,95,2,,,,,,,,2,,,,,,,,,,,,,,,23,1.376.996.236.618
572450,1,2,23,95,2,,,,,,,,2,,,,,,,,,,,,,,,23,1.376.996.236.618
572450,1,3,23,95,2,,,,,,,,2,,,,,,,,,,,,,,,23,1.376.996.236.618
572451,1,1,23,95,2,,,,,,,,2,,,,,,,,,,,,,,,23,127.726.824.843.675
572451,1,2,23,95,2,,,,,,,,2,,,,,,,,,,,,,,,23,127.726.824.843.675
572451,1,3,23,95,2,,,,,,,,2,,,,,,,,,,,,,,,23,127.726.824.843.675
572451,1,4,23,95,2,,,,,,,,2,,,,,,,,,,,,,,,23,127.726.824.843.675
572453,1,1,23,95,2,,,,,,,,2,,,,,,,,,,,,,,,23,152.975.452.834.174
572453,1,2,23,95,2,,,,,,,,2,,,,,,,,,,,,,,,23,152.975.452.834.174
572453,1,3,23,95,2,,,,,,,,2,,,,,,,,,,,,,,,23,152.975.452.834.174
572453,1,4,23,95,2,,,,,,,,2,,,,,,,,,,,,,,,23,152.975.452.834.174
572453,1,6,23,95,2,,,,,,,,2,,,,,,,,,,,,,,,23,152.975.452.834.174
572454,1,1,23,95,2,,,,,,,,1,2,,2,,,,,,6000000,2,1,2,,2,23,113.620.215.921.017
572455,1,1,23,95,2,,,,,,,,2,,,,,,,,,,,,,,,23,143.562.579.294.884
572455,1,2,23,95,2,,,,,,,,2,,,,,,,,,,,,,,,23,143.562.579.294.884
572455,1,3,23,95,2,,,,,,,,2,,,,,,,,,,,,,,,23,143.562.579.294.884
572455,1,4,23,95,2,,,,,,,,2,,,,,,,,,,,,,,,23,143.562.579.294.884
572455,1,5,23,95,2,,,,,,,,2,,,,,,,,,,,,,,,23,143.562.579.294.884
572456,1,1,23,95,2,,,,,,,,2,,,,,,,,,,,,,,,23,118.436.680.439.548
572456,1,2,23,95,2,,,,,,,,2,,,,,,,,,,,,,,,23,118.436.680.439.548
572456,1,3,23,95,2,,,,,,,,2,,,,,,,,,,,,,,,23,118.436.680.439.548
572456,1,4,23,95,2,,,,,,,,2,,,,,,,,,,,,,,,23,118.436.680.439.548
572457,1,1,23,95,1,,2,1,,433700,,2,1,2,,2,,,,,,1200000,2,1,2,,2,23,124.315.353.162.606
572457,1,2,23,95,2,,,,,,,,2,,,,,,,,,,,,,,,23,124.315.353.162.606
572458,1,1,23,95,2,,,,,,,,1,2,,2,,,,,,3600000,2,1,2,,2,23,966.333.744.429.013
572458,1,2,23,95,2,,,,,,,,2,,,,,,,,,,,,,,,23,966.333.744.429.013
572458,1,3,23,95,2,,,,,,,,1,2,,2,,,,,,1200000,2,1,2,,2,23,966.333.744.429.013
572459,1,1,23,95,2,,,,,,,,2,,,,,,,,,,,,,,,23,113.247.759.863.916
572460,1,1,23,95,2,,,,,,,,2,,,,,,,,,,,,,,,23,133.309.854.297.571
572460,1,2,23,95,2,,,,,,,,2,,,,,,,,,,,,,,,23,133.309.854.297.571
572461,1,1,23,95,1,,1,2,,,130000,2,2,,,,,,,,,,,,,,,23,130.495.766.372.921
572461,1,2,23,95,2,,,,,,,,2,,,,,,,,,,,,,,,23,130.495.766.372.921
572462,1,1,23,95,2,,,,,,,,1,2,,2,,,,,,600000,2,1,2,,2,23,890.190.280.464.154
572462,1,2,23,95,2,,,,,,,,1,2,,2,,,,,,2400000,2,1,2,,2,23,890.190.280.464.154
572462,1,3,23,95,2,,,,,,,,2,,,,,,,,,,,,,,,23,890.190.280.464.154
572462,1,4,23,95,2,,,,,,,,2,,,,,,,,,,,,,,,23,890.190.280.464.154
572463,1,1,23,95,2,,,,,,,,2,,,,,,,,,,,,,,,23,136.792.277.423.555
572463,1,2,23,95,2,,,,,,,,2,,,,,,,,,,,,,,,23,136.792.277.423.555
572464,1,1,23,95,2,,,,,,,,2,,,,,,,,,,,,,,,23,77.743.549.556.383
572464,1,2,23,95,2,,,,,,,,2,,,,,,,,,,,,,,,23,77.743.549.556.383
572464,1,3,23,95,2,,,,,,,,1,2,,2,,,,,,1504000,2,1,2,,2,23,77.743.549.556.383
572464,1,4,23,95,2,,,,,,,,2,,,,,,,,,,,,,,,23,77.743.549.556.383
572464,1,5,23,95,2,,,,,,,,1,2,,2,,,,,,1200000,2,1,2,,2,23,77.743.549.556.383
572464,1,6,23,95,1,,2,2,142000,,,1,2,,,,,,,,,,,,,,,23,77.743.549.556.383
572464,1,8,23,95,2,,,,,,,,2,,,,,,,,,,,,,,,23,77.743.549.556.383
572465,1,1,23,95,2,,,,,,,,2,,,,,,,,,,,,,,,23,123.633.906.081.173
572465,1,2,23,95,2,,,,,,,,2,,,,,,,,,,,,,,,23,123.633.906.081.173
572465,1,3,23,95,2,,,,,,,,1,2,,2,,,,,,600000,2,1,2,,2,23,123.633.906.081.173
572466,1,1,23,95,1,,1,2,,,200000,2,2,,,,,,,,,,,,,,,23,140.967.130.837.896
572466,1,2,23,95,2,,,,,,,,2,,,,,,,,,,,,,,,23,140.967.130.837.896
572466,1,3,23,95,2,,,,,,,,2,,,,,,,,,,,,,,,23,140.967.130.837.896
572466,1,4,23,95,2,,,,,,,,1,2,,2,,,,,,1200000,2,1,2,,2,23,140.967.130.837.896
572466,2,1,23,95,1,,1,2,,,3000000,2,2,,,,,,,,,,,,,,,23,140.967.130.837.896
572467,1,1,23,95,1,,2,1,,1700000,,2,2,,,,,,,,,,,,,,,23,112.728.083.772.911
572467,1,2,23,95,1,,2,1,,740000,,2,2,,,,,,,,,,,,,,,23,112.728.083.772.911
572467,1,3,23,95,2,,,,,,,,2,,,,,,,,,,,,,,,23,112.728.083.772.911
572467,1,4,23,95,2,,,,,,,,2,,,,,,,,,,,,,,,23,112.728.083.772.911
572467,1,7,23,95,2,,,,,,,,1,1,,2,,,,,190000,,2,2,2,,2,23,112.728.083.772.911
572468,1,1,23,95,2,,,,,,,,2,,,,,,,,,,,,,,,23,148.121.912.208.574
572468,1,2,23,95,2,,,,,,,,2,,,,,,,,,,,,,,,23,148.121.912.208.574
572469,1,1,23,95,1,,2,1,,880000,,2,2,,,,,,,,,,,,,,,23,124.315.353.162.606
572469,1,2,23,95,2,,,,,,,,2,,,,,,,,,,,,,,,23,124.315.353.162.606
572470,1,1,23,95,1,,1,2,,,50000,2,2,,,,,,,,,,,,,,,23,139.623.577.515.607
572470,1,2,23,95,2,,,,,,,,2,,,,,,,,,,,,,,,23,139.623.577.515.607
572470,1,3,23,95,2,,,,,,,,2,,,,,,,,,,,,,,,23,139.623.577.515.607
572470,1,4,23,95,2,,,,,,,,2,,,,,,,,,,,,,,,23,139.623.577.515.607
572470,1,5,23,95,2,,,,,,,,2,,,,,,,,,,,,,,,23,139.623.577.515.607
572470,1,6,23,95,2,,,,,,,,2,,,,,,,,,,,,,,,23,139.623.577.515.607
572470,1,7,23,95,2,,,,,,,,1,2,,2,,,,,,1500000,2,1,2,,2,23,139.623.577.515.607
572470,2,1,23,95,2,,,,,,,,2,,,,,,,,,,,,,,,23,139.623.577.515.607
572470,2,2,23,95,2,,,,,,,,2,,,,,,,,,,,,,,,23,139.623.577.515.607
572471,1,1,23,95,2,,,,,,,,1,2,,2,,,,,,1200000,2,1,2,,2,23,114.988.971.426.908
572933,1,1,50,95,1,,1,2,,,65000,2,2,,,,,,,,,,,,,,,50,151.903.350.280.762
572933,1,2,50,95,1,,2,2,200000,,,1,2,,,,,,,,,,,,,,,50,151.903.350.280.762
572933,1,3,50,95,2,,,,,,,,2,,,,,,,,,,,,,,,50,151.903.350.280.762
572934,1,1,50,95,2,,,,,,,,2,,,,,,,,,,,,,,,50,125.502.486.181.167
572935,1,1,50,95,1,,2,2,80000,,,1,2,,,,,,,,,,,,,,,50,132.018.951.746.102
572935,1,2,50,95,2,,,,,,,,2,,,,,,,,,,,,,,,50,132.018.951.746.102
572936,1,1,50,95,2,,,,,,,,2,,,,,,,,,,,,,,,50,148.695.324.084.914
572936,1,2,50,95,2,,,,,,,,2,,,,,,,,,,,,,,,50,148.695.324.084.914
572937,1,1,50,95,2,,,,,,,,2,,,,,,,,,,,,,,,50,104.366.812.702.795
572937,1,2,50,95,2,,,,,,,,2,,,,,,,,,,,,,,,50,104.366.812.702.795
572938,1,1,50,95,1,,1,2,,,400000,2,1,2,,2,,,,,,2000000,2,1,2,,2,50,134.284.260.697.407
572939,1,1,50,95,1,,2,1,,1350000,,2,2,,,,,,,,,,,,,,,50,165.740.300.341.359
572939,1,2,50,95,2,,,,,,,,2,,,,,,,,,,,,,,,50,165.740.300.341.359
572939,1,3,50,95,2,,,,,,,,2,,,,,,,,,,,,,,,50,165.740.300.341.359
572939,1,4,50,95,2,,,,,,,,2,,,,,,,,,,,,,,,50,165.740.300.341.359
572940,1,1,50,95,2,,,,,,,,2,,,,,,,,,,,,,,,50,148.695.324.084.914
572940,1,2,50,95,2,,,,,,,,2,,,,,,,,,,,,,,,50,148.695.324.084.914
572942,1,1,50,95,2,,,,,,,,2,,,,,,,,,,,,,,,50,190.421.923.372.799
572942,1,2,50,95,2,,,,,,,,2,,,,,,,,,,,,,,,50,190.421.923.372.799
572942,1,3,50,95,2,,,,,,,,2,,,,,,,,,,,,,,,50,190.421.923.372.799
572942,1,4,50,95,2,,,,,,,,2,,,,,,,,,,,,,,,50,190.421.923.372.799
572942,1,5,50,95,2,,,,,,,,2,,,,,,,,,,,,,,,50,190.421.923.372.799
572943,1,1,50,95,1,,2,1,,1520000,,2,2,,,,,,,,,,,,,,,50,125.502.486.181.167
572944,1,1,50,95,2,,,,,,,,2,,,,,,,,,,,,,,,50,139.339.852.462.454
572944,1,2,50,95,2,,,,,,,,2,,,,,,,,,,,,,,,50,139.339.852.462.454
572944,1,4,50,95,2,,,,,,,,1,2,,2,,,,,,1800000,2,1,2,,2,50,139.339.852.462.454
572945,1,1,50,95,2,,,,,,,,2,,,,,,,,,,,,,,,50,122.534.729.058.804
572945,1,2,50,95,2,,,,,,,,2,,,,,,,,,,,,,,,50,122.534.729.058.804
572945,1,5,50,95,2,,,,,,,,1,2,,2,,,,,,1500000,2,1,2,,2,50,122.534.729.058.804
572946,1,1,50,95,2,,,,,,,,2,,,,,,,,,,,,,,,50,154.898.736.626.194
572946,1,2,50,95,2,,,,,,,,2,,,,,,,,,,,,,,,50,154.898.736.626.194
572947,1,1,50,95,1,,1,2,,,500000,2,1,2,,2,,,,,,2000000,2,1,2,,2,50,134.284.260.697.407
572948,1,1,50,95,1,,1,2,,,714000,2,2,,,,,,,,,,,,,,,50,104.366.812.702.795
572948,1,2,50,95,1,,2,1,,550000,,2,2,,,,,,,,,,,,,,,50,104.366.812.702.795
572949,1,1,50,95,2,,,,,,,,2,,,,,,,,,,,,,,,50,163.293.740.768.581
572949,1,2,50,95,2,,,,,,,,2,,,,,,,,,,,,,,,50,163.293.740.768.581
572949,1,3,50,95,2,,,,,,,,2,,,,,,,,,,,,,,,50,163.293.740.768.581
572949,1,4,50,95,2,,,,,,,,2,,,,,,,,,,,,,,,50,163.293.740.768.581
572950,1,1,50,95,2,,,,,,,,2,,,,,,,,,,,,,,,50,177.154.949.616.982
572950,1,2,50,95,1,,2,2,80000,,,1,2,,,,,,,,,,,,,,,50,177.154.949.616.982
572951,1,1,50,95,1,,2,1,,700000,,2,2,,,,,,,,,,,,,,,50,125.322.263.326.146
572951,1,2,50,95,1,,1,1,,433700,300000,2,2,,,,,,,,,,,,,,,50,125.322.263.326.146
572951,1,3,50,95,2,,,,,,,,2,,,,,,,,,,,,,,,50,125.322.263.326.146
572951,1,4,50,95,2,,,,,,,,2,,,,,,,,,,,,,,,50,125.322.263.326.146
572953,1,1,50,95,2,,,,,,,,1,2,,2,,,,,,9600000,2,1,2,,2,50,152.790.100.410.636
572953,1,2,50,95,2,,,,,,,,1,2,,2,,,,,,1200000,2,1,2,,2,50,152.790.100.410.636
572953,1,3,50,95,2,,,,,,,,2,,,,,,,,,,,,,,,50,152.790.100.410.636
572954,1,1,50,95,2,,,,,,,,1,2,,2,,,,,,4200000,2,1,2,,2,50,139.549.024.754.835
572954,1,2,50,95,1,,1,2,,,450000,2,2,,,,,,,,,,,,,,,50,139.549.024.754.835
572954,1,3,50,95,2,,,,,,,,2,,,,,,,,,,,,,,,50,139.549.024.754.835
572954,1,4,50,95,2,,,,,,,,2,,,,,,,,,,,,,,,50,139.549.024.754.835
572955,1,1,50,95,1,,2,1,,1250000,,2,2,,,,,,,,,,,,,,,50,122.872.652.416.024
572955,1,2,50,95,1,,2,1,,350000,,2,2,,,,,,,,,,,,,,,50,122.872.652.416.024
572955,1,3,50,95,2,,,,,,,,2,,,,,,,,,,,,,,,50,122.872.652.416.024
572955,1,4,50,95,2,,,,,,,,2,,,,,,,,,,,,,,,50,122.872.652.416.024
572956,1,1,50,95,2,,,,,,,,2,,,,,,,,,,,,,,,50,153.938.269.146.121
572956,1,2,50,95,2,,,,,,,,1,2,,1,,,400000,,,,2,2,2,,2,50,153.938.269.146.121
572956,1,3,50,95,2,,,,,,,,2,,,,,,,,,,,,,,,50,153.938.269.146.121
572956,1,4,50,95,2,,,,,,,,2,,,,,,,,,,,,,,,50,153.938.269.146.121
572956,1,6,50,95,2,,,,,,,,2,,,,,,,,,,,,,,,50,153.938.269.146.121
572957,1,1,50,95,2,,,,,,,,2,,,,,,,,,,,,,,,50,163.109.438.809.765
572957,1,2,50,95,2,,,,,,,,2,,,,,,,,,,,,,,,50,163.109.438.809.765
572957,1,4,50,95,1,,1,2,,,150000,2,2,,,,,,,,,,,,,,,50,163.109.438.809.765
572960,1,1,50,95,2,,,,,,,,2,,,,,,,,,,,,,,,50,913.100.390.058.106
572960,1,2,50,95,2,,,,,,,,2,,,,,,,,,,,,,,,50,913.100.390.058.106
572960,1,3,50,95,2,,,,,,,,2,,,,,,,,,,,,,,,50,913.100.390.058.106
572960,1,4,50,95,2,,,,,,,,2,,,,,,,,,,,,,,,50,913.100.390.058.106
572961,1,1,50,95,1,,2,1,,1300000,,2,2,,,,,,,,,,,,,,,50,123.056.954.374.841
572961,1,2,50,95,2,,,,,,,,2,,,,,,,,,,,,,,,50,123.056.954.374.841
572961,1,3,50,95,2,,,,,,,,2,,,,,,,,,,,,,,,50,123.056.954.374.841
572961,1,4,50,95,2,,,,,,,,2,,,,,,,,,,,,,,,50,123.056.954.374.841
572961,1,5,50,95,2,,,,,,,,2,,,,,,,,,,,,,,,50,123.056.954.374.841
572962,1,1,50,95,2,,,,,,,,2,,,,,,,,,,,,,,,50,188.445.314.290.922
572962,1,2,50,95,2,,,,,,,,2,,,,,,,,,,,,,,,50,188.445.314.290.922
572962,1,3,50,95,2,,,,,,,,2,,,,,,,,,,,,,,,50,188.445.314.290.922
572962,1,4,50,95,2,,,,,,,,2,,,,,,,,,,,,,,,50,188.445.314.290.922
572962,1,5,50,95,2,,,,,,,,2,,,,,,,,,,,,,,,50,188.445.314.290.922
572963,1,1,50,95,1,,1,2,,,250000,2,2,,,,,,,,,,,,,,,50,169.650.774.708.265
572963,1,2,50,95,1,,1,2,,,1000000,2,2,,,,,,,,,,,,,,,50,169.650.774.708.265
572963,1,3,50,95,2,,,,,,,,2,,,,,,,,,,,,,,,50,169.650.774.708.265
572963,1,4,50,95,2,,,,,,,,2,,,,,,,,,,,,,,,50,169.650.774.708.265
572964,1,1,50,95,2,,,,,,,,2,,,,,,,,,,,,,,,50,148.695.324.084.914
572964,1,2,50,95,2,,,,,,,,2,,,,,,,,,,,,,,,50,148.695.324.084.914
572965,1,1,50,95,2,,,,,,,,2,,,,,,,,,,,,,,,50,169.312.851.351.045
572965,1,2,50,95,2,,,,,,,,2,,,,,,,,,,,,,,,50,169.312.851.351.045
572965,1,3,50,95,2,,,,,,,,2,,,,,,,,,,,,,,,50,169.312.851.351.045
572966,1,1,50,95,2,,,,,,,,2,,,,,,,,,,,,,,,50,783.319.174.041.781
572966,1,2,50,95,2,,,,,,,,2,,,,,,,,,,,,,,,50,783.319.174.041.781
572966,1,3,50,95,2,,,,,,,,2,,,,,,,,,,,,,,,50,783.319.174.041.781
572967,1,1,50,95,2,,,,,,,,1,2,,2,,,,,,5000000,2,1,2,,2,50,183.516.062.660.462
572967,1,2,50,95,2,,,,,,,,2,,,,,,,,,,,,,,,50,183.516.062.660.462
572967,1,3,50,95,2,,,,,,,,2,,,,,,,,,,,,,,,50,183.516.062.660.462
572967,1,4,50,95,2,,,,,,,,2,,,,,,,,,,,,,,,50,183.516.062.660.462
572967,1,5,50,95,2,,,,,,,,2,,,,,,,,,,,,,,,50,183.516.062.660.462
572967,1,6,50,95,2,,,,,,,,2,,,,,,,,,,,,,,,50,183.516.062.660.462
572968,1,1,50,95,1,,1,2,,,450000,2,1,2,,1,,,18000000,,,,2,2,2,,2,50,148.695.324.084.914
572968,1,2,50,95,2,,,,,,,,2,,,,,,,,,,,,,,,50,148.695.324.084.914
572969,1,1,50,95,2,,,,,,,,2,,,,,,,,,,,,,,,50,173.376.947.116.354
572969,1,2,50,95,2,,,,,,,,2,,,,,,,,,,,,,,,50,173.376.947.116.354
572969,1,3,50,95,2,,,,,,,,2,,,,,,,,,,,,,,,50,173.376.947.116.354
572970,1,1,50,95,1,,2,1,,1800000,,2,1,2,,2,4800000,,,,,,2,2,1,,2,50,11.427.255.508.505
572970,1,2,50,95,2,,,,,,,,2,,,,,,,,,,,,,,,50,11.427.255.508.505
572970,1,3,50,95,2,,,,,,,,2,,,,,,,,,,,,,,,50,11.427.255.508.505
572970,1,4,50,95,2,,,,,,,,2,,,,,,,,,,,,,,,50,11.427.255.508.505
572970,1,5,50,95,2,,,,,,,,2,,,,,,,,,,,,,,,50,11.427.255.508.505
572971,1,1,50,95,2,,,,,,,,2,,,,,,,,,,,,,,,50,169.128.549.392.228
572971,1,2,50,95,2,,,,,,,,2,,,,,,,,,,,,,,,50,169.128.549.392.228
572972,1,1,50,95,2,,,,,,,,2,,,,,,,,,,,,,,,50,186.694.723.198.259
572972,1,2,50,95,2,,,,,,,,2,,,,,,,,,,,,,,,50,186.694.723.198.259
572973,1,1,50,95,2,,,,,,,,2,,,,,,,,,,,,,,,50,145.543.265.003.734
572973,1,2,50,95,2,,,,,,,,2,,,,,,,,,,,,,,,50,145.543.265.003.734
572973,1,4,50,95,2,,,,,,,,1,2,,2,,,,,,2000000,2,1,2,,2,50,145.543.265.003.734
572974,1,1,50,95,1,,1,2,,,230000,2,2,,,,,,,,,,,,,,,50,173.376.947.116.354
572974,1,2,50,95,2,,,,,,,,2,,,,,,,,,,,,,,,50,173.376.947.116.354
572974,1,3,50,95,2,,,,,,,,2,,,,,,,,,,,,,,,50,173.376.947.116.354
572975,1,1,50,95,2,,,,,,,,2,,,,,,,,,,,,,,,50,178.668.322.973.505
572975,1,2,50,95,2,,,,,,,,2,,,,,,,,,,,,,,,50,178.668.322.973.505
572976,1,1,50,95,1,,2,2,500000,,,1,2,,,,,,,,,,,,,,,50,144.241.474.869.846
572977,1,1,50,95,1,,2,2,800000,,,1,2,,,,,,,,,,,,,,,50,132.018.951.746.102
572977,1,2,50,95,2,,,,,,,,2,,,,,,,,,,,,,,,50,132.018.951.746.102
572978,1,1,50,95,2,,,,,,,,1,2,,2,,,,,,6000000,2,1,2,,2,50,175.669.885.290.728
572978,1,2,50,95,2,,,,,,,,2,,,,,,,,,,,,,,,50,175.669.885.290.728
572978,1,3,50,95,2,,,,,,,,2,,,,,,,,,,,,,,,50,175.669.885.290.728
572979,1,1,50,95,1,,2,1,,800000,,2,2,,,,,,,,,,,,,,,50,978.265.045.707.458
572979,1,2,50,95,2,,,,,,,,2,,,,,,,,,,,,,,,50,978.265.045.707.458
572979,1,3,50,95,2,,,,,,,,2,,,,,,,,,,,,,,,50,978.265.045.707.458
572979,1,4,50,95,2,,,,,,,,2,,,,,,,,,,,,,,,50,978.265.045.707.458
572979,1,5,50,95,2,,,,,,,,2,,,,,,,,,,,,,,,50,978.265.045.707.458
572980,1,1,50,95,2,,,,,,,,2,,,,,,,,,,,,,,,50,183.880.587.474.299
572980,1,2,50,95,1,,1,2,,,400000,2,2,,,,,,,,,,,,,,,50,183.880.587.474.299
572980,1,3,50,95,2,,,,,,,,2,,,,,,,,,,,,,,,50,183.880.587.474.299
572980,1,4,50,95,2,,,,,,,,2,,,,,,,,,,,,,,,50,183.880.587.474.299
572981,1,1,50,95,2,,,,,,,,2,,,,,,,,,,,,,,,50,176.191.082.840.314
572982,1,1,50,95,2,,,,,,,,2,,,,,,,,,,,,,,,50,155.083.038.585.011
572982,1,2,50,95,2,,,,,,,,2,,,,,,,,,,,,,,,50,155.083.038.585.011
572982,1,3,50,95,2,,,,,,,,2,,,,,,,,,,,,,,,50,155.083.038.585.011
572983,1,1,50,95,1,,1,2,,,100000,2,1,2,,2,,,,,,6000000,2,1,2,,2,50,169.128.549.392.228
572983,1,4,50,95,2,,,,,,,,1,2,,2,,,,,,2400000,2,1,2,,2,50,169.128.549.392.228
572984,1,1,50,95,2,,,,,,,,2,,,,,,,,,,,,,,,50,169.835.076.667.082
572984,1,2,50,95,2,,,,,,,,2,,,,,,,,,,,,,,,50,169.835.076.667.082
572984,1,3,50,95,2,,,,,,,,2,,,,,,,,,,,,,,,50,169.835.076.667.082
572984,1,4,50,95,2,,,,,,,,2,,,,,,,,,,,,,,,50,169.835.076.667.082
572984,1,5,50,95,2,,,,,,,,2,,,,,,,,,,,,,,,50,169.835.076.667.082
572985,1,1,50,95,2,,,,,,,,2,,,,,,,,,,,,,,,50,190.421.923.372.799
572985,1,2,50,95,2,,,,,,,,2,,,,,,,,,,,,,,,50,190.421.923.372.799
572985,1,3,50,95,2,,,,,,,,2,,,,,,,,,,,,,,,50,190.421.923.372.799
572985,1,4,50,95,2,,,,,,,,2,,,,,,,,,,,,,,,50,190.421.923.372.799
572985,1,5,50,95,2,,,,,,,,2,,,,,,,,,,,,,,,50,190.421.923.372.799
572986,1,1,50,95,2,,,,,,,,2,,,,,,,,,,,,,,,50,134.468.562.656.224
572986,1,2,50,95,2,,,,,,,,2,,,,,,,,,,,,,,,50,134.468.562.656.224
572987,1,1,50,95,2,,,,,,,,1,2,,2,,,,,,2400000,2,1,2,,2,50,132.387.555.663.736
572987,1,2,50,95,2,,,,,,,,2,,,,,,,,,,,,,,,50,132.387.555.663.736
572987,1,3,50,95,2,,,,,,,,2,,,,,,,,,,,,,,,50,132.387.555.663.736
572987,1,4,50,95,2,,,,,,,,2,,,,,,,,,,,,,,,50,132.387.555.663.736
572988,1,1,50,95,2,,,,,,,,2,,,,,,,,,,,,,,,50,169.128.549.392.228
572988,1,2,50,95,2,,,,,,,,2,,,,,,,,,,,,,,,50,169.128.549.392.228
572989,1,1,50,95,2,,,,,,,,2,,,,,,,,,,,,,,,50,149.063.928.002.547
572989,1,2,50,95,2,,,,,,,,2,,,,,,,,,,,,,,,50,149.063.928.002.547
572989,1,3,50,95,2,,,,,,,,2,,,,,,,,,,,,,,,50,149.063.928.002.547
572989,1,4,50,95,2,,,,,,,,2,,,,,,,,,,,,,,,50,149.063.928.002.547
572990,1,1,50,95,2,,,,,,,,2,,,,,,,,,,,,,,,50,175.854.187.249.545
572990,1,2,50,95,2,,,,,,,,2,,,,,,,,,,,,,,,50,175.854.187.249.545
572990,1,3,50,95,2,,,,,,,,2,,,,,,,,,,,,,,,50,175.854.187.249.545
572990,1,4,50,95,2,,,,,,,,2,,,,,,,,,,,,,,,50,175.854.187.249.545
572991,1,1,50,95,2,,,,,,,,2,,,,,,,,,,,,,,,50,140.150.777.647.919
572991,1,2,50,95,2,,,,,,,,2,,,,,,,,,,,,,,,50,140.150.777.647.919
572991,1,3,50,95,2,,,,,,,,2,,,,,,,,,,,,,,,50,140.150.777.647.919
572991,1,4,50,95,2,,,,,,,,1,2,,2,,,,,,2000000,2,1,2,,2,50,140.150.777.647.919
572992,1,1,50,95,1,,2,1,,1267000,,2,2,,,,,,,,,,,,,,,50,149.063.928.002.547
572992,1,2,50,95,2,,,,,,,,2,,,,,,,,,,,,,,,50,149.063.928.002.547
572992,1,3,50,95,2,,,,,,,,2,,,,,,,,,,,,,,,50,149.063.928.002.547
572992,1,4,50,95,2,,,,,,,,2,,,,,,,,,,,,,,,50,149.063.928.002.547
572993,1,1,50,95,2,,,,,,,,1,2,,2,,,,,,2400000,2,1,2,,2,50,129.020.514.063.325
572993,1,2,50,95,2,,,,,,,,2,,,,,,,,,,,,,,,50,129.020.514.063.325
572993,1,3,50,95,2,,,,,,,,2,,,,,,,,,,,,,,,50,129.020.514.063.325
572994,1,1,50,95,2,,,,,,,,1,2,,2,,,,,,12000000,2,1,2,,2,50,146.064.462.553.319
572995,1,1,50,95,1,,1,2,,,100000,2,1,2,,2,,,,,,600000,2,1,2,,2,50,127.559.650.606.542
572995,1,2,50,95,2,,,,,,,,2,,,,,,,,,,,,,,,50,127.559.650.606.542
572995,2,1,50,95,2,,,,,,,,2,,,,,,,,,,,,,,,50,127.559.650.606.542
572996,1,1,50,95,1,,1,1,,1400000,200000,2,2,,,,,,,,,,,,,,,50,110.049.027.694.489
572996,1,2,50,95,2,,,,,,,,2,,,,,,,,,,,,,,,50,110.049.027.694.489
572996,2,1,50,95,2,,,,,,,,2,,,,,,,,,,,,,,,50,110.049.027.694.489
572996,2,2,50,95,2,,,,,,,,2,,,,,,,,,,,,,,,50,110.049.027.694.489
572997,1,1,50,95,2,,,,,,,,2,,,,,,,,,,,,,,,50,183.880.587.474.299
572997,1,2,50,95,2,,,,,,,,2,,,,,,,,,,,,,,,50,183.880.587.474.299
572997,1,3,50,95,2,,,,,,,,1,2,,2,,,,,,300000,2,1,2,,2,50,183.880.587.474.299
572997,1,4,50,95,2,,,,,,,,2,,,,,,,,,,,,,,,50,183.880.587.474.299
572998,1,1,50,95,2,,,,,,,,2,,,,,,,,,,,,,,,50,146.064.462.553.319
572999,1,1,50,95,2,,,,,,,,1,2,,2,,,,,,1000000,2,1,2,,2,50,332.995.375.721.268
573001,1,1,50,95,2,,,,,,,,2,,,,,,,,,,,,,,,50,317.987.025.903.833
573001,1,2,50,95,2,,,,,,,,2,,,,,,,,,,,,,,,50,317.987.025.903.833
573001,1,3,50,95,2,,,,,,,,2,,,,,,,,,,,,,,,50,317.987.025.903.833
573002,1,1,50,95,2,,,,,,,,2,,,,,,,,,,,,,,,50,362.130.847.967.776
573002,2,1,50,95,2,,,,,,,,2,,,,,,,,,,,,,,,50,362.130.847.967.776
573003,1,1,50,95,1,,2,1,,900000,,2,2,,,,,,,,,,,,,,,50,33.930.154.941.653
573003,1,2,50,95,2,,,,,,,,2,,,,,,,,,,,,,,,50,33.930.154.941.653
573003,1,3,50,95,2,,,,,,,,2,,,,,,,,,,,,,,,50,33.930.154.941.653
573003,1,4,50,95,2,,,,,,,,2,,,,,,,,,,,,,,,50,33.930.154.941.653
573004,1,1,50,95,1,,2,1,,900000,,2,2,,,,,,,,,,,,,,,50,116.147.014.558.707
573004,1,2,50,95,2,,,,,,,,2,,,,,,,,,,,,,,,50,116.147.014.558.707
573005,1,1,50,95,2,,,,,,,,2,,,,,,,,,,,,,,,50,994.716.699.863.463
573005,1,2,50,95,2,,,,,,,,2,,,,,,,,,,,,,,,50,994.716.699.863.463
573005,1,3,50,95,2,,,,,,,,2,,,,,,,,,,,,,,,50,994.716.699.863.463
573005,1,4,50,95,2,,,,,,,,2,,,,,,,,,,,,,,,50,994.716.699.863.463
573005,1,5,50,95,2,,,,,,,,2,,,,,,,,,,,,,,,50,994.716.699.863.463
573005,1,6,50,95,2,,,,,,,,2,,,,,,,,,,,,,,,50,994.716.699.863.463
573006,1,1,50,95,2,,,,,,,,1,2,,2,,,,,,3000000,2,1,2,,2,50,173.376.947.116.354
573006,1,2,50,95,2,,,,,,,,2,,,,,,,,,,,,,,,50,173.376.947.116.354
573006,1,3,50,95,2,,,,,,,,2,,,,,,,,,,,,,,,50,173.376.947.116.354
573007,1,1,50,95,2,,,,,,,,2,,,,,,,,,,,,,,,50,186.694.723.198.259
573007,1,2,50,95,2,,,,,,,,2,,,,,,,,,,,,,,,50,186.694.723.198.259
573008,1,1,50,95,2,,,,,,,,2,,,,,,,,,,,,,,,50,171.759.410.923.822
573008,1,2,50,95,1,,1,2,,,200000,2,2,,,,,,,,,,,,,,,50,171.759.410.923.822
573008,1,3,50,95,2,,,,,,,,2,,,,,,,,,,,,,,,50,171.759.410.923.822
573009,1,1,50,95,2,,,,,,,,2,,,,,,,,,,,,,,,50,172.280.608.473.408
573010,1,1,50,95,2,,,,,,,,2,,,,,,,,,,,,,,,50,179.785.811.148.576
573010,1,2,50,95,2,,,,,,,,2,,,,,,,,,,,,,,,50,179.785.811.148.576
573010,1,4,50,95,2,,,,,,,,2,,,,,,,,,,,,,,,50,179.785.811.148.576
573011,1,1,50,95,2,,,,,,,,2,,,,,,,,,,,,,,,50,151.144.934.995.036
573011,1,2,50,95,2,,,,,,,,2,,,,,,,,,,,,,,,50,151.144.934.995.036
573012,1,1,50,95,1,,1,2,,,150000,2,2,,,,,,,,,,,,,,,50,172.280.608.473.408
573013,1,1,50,95,1,,2,1,,447000,,2,2,,,,,,,,,,,,,,,50,138.088.161.298.052
573013,1,2,50,95,2,,,,,,,,2,,,,,,,,,,,,,,,50,138.088.161.298.052
573013,1,3,50,95,2,,,,,,,,2,,,,,,,,,,,,,,,50,138.088.161.298.052
573013,1,4,50,95,2,,,,,,,,2,,,,,,,,,,,,,,,50,138.088.161.298.052
573014,1,1,50,95,2,,,,,,,,2,,,,,,,,,,,,,,,50,148.695.324.084.914
573014,1,2,50,95,2,,,,,,,,2,,,,,,,,,,,,,,,50,148.695.324.084.914
573015,1,1,50,95,1,,2,1,,1000000,,2,2,,,,,,,,,,,,,,,50,134.757.252.182.547
573015,1,2,50,95,2,,,,,,,,2,,,,,,,,,,,,,,,50,134.757.252.182.547
573016,1,1,50,95,1,,1,2,,,60000,2,2,,,,,,,,,,,,,,,50,125.502.486.181.167
573017,1,1,50,95,2,,,,,,,,2,,,,,,,,,,,,,,,50,193.651.099.100.773
573017,1,2,50,95,2,,,,,,,,2,,,,,,,,,,,,,,,50,193.651.099.100.773
573017,1,3,50,95,2,,,,,,,,2,,,,,,,,,,,,,,,50,193.651.099.100.773
573017,1,4,50,95,2,,,,,,,,2,,,,,,,,,,,,,,,50,193.651.099.100.773
573017,1,6,50,95,2,,,,,,,,2,,,,,,,,,,,,,,,50,193.651.099.100.773
573018,1,1,50,95,2,,,,,,,,2,,,,,,,,,,,,,,,50,274.204.930.364.116
573018,1,2,50,95,2,,,,,,,,2,,,,,,,,,,,,,,,50,274.204.930.364.116
573018,1,3,50,95,2,,,,,,,,2,,,,,,,,,,,,,,,50,274.204.930.364.116
573018,1,4,50,95,2,,,,,,,,2,,,,,,,,,,,,,,,50,274.204.930.364.116
573019,1,1,50,95,2,,,,,,,,2,,,,,,,,,,,,,,,50,351.339.770.581.457
573019,1,2,50,95,2,,,,,,,,2,,,,,,,,,,,,,,,50,351.339.770.581.457
573019,1,3,50,95,2,,,,,,,,2,,,,,,,,,,,,,,,50,351.339.770.581.457
573020,1,1,50,95,1,,1,2,,,50000,2,2,,,,,,,,,,,,,,,50,292.547.269.691.402
573020,1,2,50,95,2,,,,,,,,2,,,,,,,,,,,,,,,50,292.547.269.691.402
573021,1,1,50,95,2,,,,,,,,2,,,,,,,,,,,,,,,50,365.157.594.680.822
573021,1,2,50,95,2,,,,,,,,2,,,,,,,,,,,,,,,50,365.157.594.680.822
573022,1,1,50,95,2,,,,,,,,2,,,,,,,,,,,,,,,50,131.316.503.575.044
573022,1,2,50,95,2,,,,,,,,2,,,,,,,,,,,,,,,50,131.316.503.575.044
573022,1,3,50,95,2,,,,,,,,2,,,,,,,,,,,,,,,50,131.316.503.575.044
573023,1,1,50,95,2,,,,,,,,2,,,,,,,,,,,,,,,50,169.466.472.749.448
573023,1,2,50,95,2,,,,,,,,2,,,,,,,,,,,,,,,50,169.466.472.749.448
573023,1,3,50,95,2,,,,,,,,2,,,,,,,,,,,,,,,50,169.466.472.749.448
573024,1,1,50,95,2,,,,,,,,2,,,,,,,,,,,,,,,50,178.097.666.861.525
573024,1,2,50,95,2,,,,,,,,2,,,,,,,,,,,,,,,50,178.097.666.861.525
573024,1,4,50,95,2,,,,,,,,2,,,,,,,,,,,,,,,50,178.097.666.861.525
573024,1,7,50,95,2,,,,,,,,2,,,,,,,,,,,,,,,50,178.097.666.861.525
573025,1,1,50,95,2,,,,,,,,2,,,,,,,,,,,,,,,50,169.128.549.392.228
573025,1,2,50,95,2,,,,,,,,2,,,,,,,,,,,,,,,50,169.128.549.392.228
573026,1,1,50,95,2,,,,,,,,2,,,,,,,,,,,,,,,50,183.175.087.965.897
573026,1,2,50,95,2,,,,,,,,2,,,,,,,,,,,,,,,50,183.175.087.965.897
573026,1,3,50,95,2,,,,,,,,2,,,,,,,,,,,,,,,50,183.175.087.965.897
573026,1,6,50,95,2,,,,,,,,2,,,,,,,,,,,,,,,50,183.175.087.965.897
573026,1,7,50,95,2,,,,,,,,2,,,,,,,,,,,,,,,50,183.175.087.965.897
573029,1,1,50,95,2,,,,,,,,2,,,,,,,,,,,,,,,50,127.559.650.606.542
573029,1,2,50,95,2,,,,,,,,2,,,,,,,,,,,,,,,50,127.559.650.606.542
573029,1,3,50,95,2,,,,,,,,2,,,,,,,,,,,,,,,50,127.559.650.606.542
573030,1,1,50,95,2,,,,,,,,2,,,,,,,,,,,,,,,50,169.128.549.392.228
573030,1,2,50,95,2,,,,,,,,2,,,,,,,,,,,,,,,50,169.128.549.392.228
573031,1,1,50,95,1,,1,2,,,50000,2,1,2,,2,,,,,,9600000,2,1,2,,2,50,190.658.113.342.489
573031,2,1,50,95,2,,,,,,,,1,2,,2,,,,,,720000,2,1,2,,2,50,190.658.113.342.489
573031,2,2,50,95,2,,,,,,,,2,,,,,,,,,,,,,,,50,190.658.113.342.489
573031,2,3,50,95,2,,,,,,,,2,,,,,,,,,,,,,,,50,190.658.113.342.489
573032,1,1,50,95,1,,1,2,,,70000,2,2,,,,,,,,,,,,,,,50,175.854.187.249.545
573032,1,2,50,95,2,,,,,,,,2,,,,,,,,,,,,,,,50,175.854.187.249.545
573032,1,4,50,95,2,,,,,,,,2,,,,,,,,,,,,,,,50,175.854.187.249.545
573032,2,1,50,95,2,,,,,,,,2,,,,,,,,,,,,,,,50,175.854.187.249.545
573033,1,1,50,95,2,,,,,,,,2,,,,,,,,,,,,,,,50,125.502.486.181.167
573035,1,1,50,95,2,,,,,,,,2,,,,,,,,,,,,,,,50,122.688.350.457.207
573035,1,2,50,95,2,,,,,,,,2,,,,,,,,,,,,,,,50,122.688.350.457.207
573035,2,1,50,95,2,,,,,,,,2,,,,,,,,,,,,,,,50,122.688.350.457.207
573036,1,1,50,95,2,,,,,,,,2,,,,,,,,,,,,,,,50,146.248.764.512.136
573036,1,2,50,95,2,,,,,,,,2,,,,,,,,,,,,,,,50,146.248.764.512.136
573037,1,1,50,95,2,,,,,,,,2,,,,,,,,,,,,,,,50,42.957.354.515.829
573037,1,2,50,95,2,,,,,,,,2,,,,,,,,,,,,,,,50,42.957.354.515.829
573037,1,3,50,95,2,,,,,,,,2,,,,,,,,,,,,,,,50,42.957.354.515.829
573037,1,6,50,95,2,,,,,,,,2,,,,,,,,,,,,,,,50,42.957.354.515.829
573038,1,1,50,95,2,,,,,,,,2,,,,,,,,,,,,,,,50,173.712.379.581.485
573038,1,2,50,95,2,,,,,,,,2,,,,,,,,,,,,,,,50,173.712.379.581.485
573038,1,5,50,95,2,,,,,,,,2,,,,,,,,,,,,,,,50,173.712.379.581.485
573039,1,1,50,95,2,,,,,,,,2,,,,,,,,,,,,,,,50,181.873.297.832.009
573039,1,2,50,95,2,,,,,,,,2,,,,,,,,,,,,,,,50,181.873.297.832.009
573039,1,3,50,95,2,,,,,,,,2,,,,,,,,,,,,,,,50,181.873.297.832.009
573040,1,1,50,95,2,,,,,,,,2,,,,,,,,,,,,,,,50,162.925.136.850.948
573040,1,2,50,95,2,,,,,,,,2,,,,,,,,,,,,,,,50,162.925.136.850.948
573041,1,1,50,95,1,,2,1,,400000,,2,2,,,,,,,,,,,,,,,50,108.120.614.333.953
573041,1,2,50,95,2,,,,,,,,2,,,,,,,,,,,,,,,50,108.120.614.333.953
573042,1,1,50,95,2,,,,,,,,2,,,,,,,,,,,,,,,50,175.669.885.290.728
573042,1,2,50,95,2,,,,,,,,2,,,,,,,,,,,,,,,50,175.669.885.290.728
573042,1,3,50,95,2,,,,,,,,2,,,,,,,,,,,,,,,50,175.669.885.290.728
573043,1,1,50,95,1,,2,1,,1600000,,2,1,2,,1,,,3600000,,,,2,2,2,,2,50,190.237.621.413.983
573043,1,2,50,95,2,,,,,,,,2,,,,,,,,,,,,,,,50,190.237.621.413.983
573043,1,3,50,95,2,,,,,,,,2,,,,,,,,,,,,,,,50,190.237.621.413.983
573043,1,4,50,95,2,,,,,,,,2,,,,,,,,,,,,,,,50,190.237.621.413.983
573044,1,1,50,95,2,,,,,,,,2,,,,,,,,,,,,,,,50,169.835.076.667.082
573044,1,2,50,95,2,,,,,,,,2,,,,,,,,,,,,,,,50,169.835.076.667.082
573044,1,3,50,95,2,,,,,,,,2,,,,,,,,,,,,,,,50,169.835.076.667.082
573044,1,4,50,95,2,,,,,,,,2,,,,,,,,,,,,,,,50,169.835.076.667.082
573044,1,5,50,95,2,,,,,,,,2,,,,,,,,,,,,,,,50,169.835.076.667.082
573045,1,1,50,95,2,,,,,,,,2,,,,,,,,,,,,,,,50,169.466.472.749.448
573045,1,2,50,95,2,,,,,,,,2,,,,,,,,,,,,,,,50,169.466.472.749.448
573045,1,3,50,95,2,,,,,,,,2,,,,,,,,,,,,,,,50,169.466.472.749.448
573046,1,1,50,95,2,,,,,,,,2,,,,,,,,,,,,,,,50,169.650.774.708.265
573046,1,2,50,95,2,,,,,,,,2,,,,,,,,,,,,,,,50,169.650.774.708.265
573046,1,3,50,95,2,,,,,,,,2,,,,,,,,,,,,,,,50,169.650.774.708.265
573046,1,4,50,95,2,,,,,,,,2,,,,,,,,,,,,,,,50,169.650.774.708.265
573047,1,1,50,95,2,,,,,,,,1,2,,2,,,,,,600000,2,1,2,,2,50,189.899.698.056.763
573047,1,2,50,95,2,,,,,,,,2,,,,,,,,,,,,,,,50,189.899.698.056.763
573047,1,5,50,95,2,,,,,,,,2,,,,,,,,,,,,,,,50,189.899.698.056.763
573048,1,1,50,95,2,,,,,,,,2,,,,,,,,,,,,,,,50,152.790.100.410.636
573048,1,2,50,95,2,,,,,,,,2,,,,,,,,,,,,,,,50,152.790.100.410.636
573048,1,3,50,95,2,,,,,,,,2,,,,,,,,,,,,,,,50,152.790.100.410.636
573049,1,1,50,95,2,,,,,,,,2,,,,,,,,,,,,,,,50,144.398.495.564.844
573049,1,2,50,95,2,,,,,,,,2,,,,,,,,,,,,,,,50,144.398.495.564.844
573049,1,3,50,95,2,,,,,,,,2,,,,,,,,,,,,,,,50,144.398.495.564.844
573049,1,5,50,95,2,,,,,,,,2,,,,,,,,,,,,,,,50,144.398.495.564.844
573049,1,6,50,95,2,,,,,,,,2,,,,,,,,,,,,,,,50,144.398.495.564.844
573050,1,1,50,95,2,,,,,,,,2,,,,,,,,,,,,,,,50,172.280.608.473.408
573051,1,1,52,95,1,,1,1,,450000,300000,2,2,,,,,,,,,,,,,,,52,229.845.280.050.071
573056,1,1,52,95,2,,,,,,,,1,2,,2,,,,,,6900000,2,1,2,,2,52,201.069.630.164.061
573057,1,1,52,95,1,,1,2,,,700000,2,2,,,,,,,,,,,,,,,52,221.856.895.920.783
573057,1,2,52,95,2,,,,,,,,2,,,,,,,,,,,,,,,52,221.856.895.920.783
573058,1,1,52,95,2,,,,,,,,2,,,,,,,,,,,,,,,52,332.613.196.910.074
573058,1,2,52,95,2,,,,,,,,2,,,,,,,,,,,,,,,52,332.613.196.910.074
573060,1,1,52,95,2,,,,,,,,2,,,,,,,,,,,,,,,52,977.025.499.827.023
573060,1,2,52,95,2,,,,,,,,2,,,,,,,,,,,,,,,52,977.025.499.827.023
573060,1,3,52,95,2,,,,,,,,2,,,,,,,,,,,,,,,52,977.025.499.827.023
573060,1,5,52,95,2,,,,,,,,2,,,,,,,,,,,,,,,52,977.025.499.827.023
573061,1,1,52,95,2,,,,,,,,1,2,,2,,,,,,700000,2,1,2,,2,52,128.525.970.319.387
573061,1,2,52,95,2,,,,,,,,2,,,,,,,,,,,,,,,52,128.525.970.319.387
573062,1,1,52,95,2,,,,,,,,2,,,,,,,,,,,,,,,52,153.217.904.361.035
573062,1,2,52,95,2,,,,,,,,1,2,,2,,,,,,300000,2,1,2,,2,52,153.217.904.361.035
573062,1,5,52,95,2,,,,,,,,2,,,,,,,,,,,,,,,52,153.217.904.361.035
573062,1,6,52,95,2,,,,,,,,2,,,,,,,,,,,,,,,52,153.217.904.361.035
573063,1,1,52,95,1,,1,2,,,120000,2,1,2,,2,,,,,,600000,2,1,2,,2,52,106.825.780.048.316
573063,1,2,52,95,2,,,,,,,,1,2,,2,,,,,,1200000,2,1,2,,2,52,106.825.780.048.316
573063,1,4,52,95,2,,,,,,,,2,,,,,,,,,,,,,,,52,106.825.780.048.316
573064,1,1,52,95,1,,2,1,,1200000,,2,2,,,,,,,,,,,,,,,52,133.255.498.375.778
573064,1,2,52,95,2,,,,,,,,2,,,,,,,,,,,,,,,52,133.255.498.375.778
573064,1,3,52,95,2,,,,,,,,2,,,,,,,,,,,,,,,52,133.255.498.375.778
573065,1,1,52,95,2,,,,,,,,2,,,,,,,,,,,,,,,52,139.870.618.068.114
573065,1,2,52,95,2,,,,,,,,2,,,,,,,,,,,,,,,52,139.870.618.068.114
573065,1,3,52,95,2,,,,,,,,2,,,,,,,,,,,,,,,52,139.870.618.068.114
573066,1,1,52,95,2,,,,,,,,1,2,,2,,,,,,800000,2,1,2,,2,52,112.247.124.962.678
573066,1,2,52,95,2,,,,,,,,1,2,,2,,,,,,1200000,2,1,2,,2,52,112.247.124.962.678
573066,1,3,52,95,2,,,,,,,,2,,,,,,,,,,,,,,,52,112.247.124.962.678
573066,1,4,52,95,2,,,,,,,,2,,,,,,,,,,,,,,,52,112.247.124.962.678
573067,1,1,52,95,2,,,,,,,,2,,,,,,,,,,,,,,,52,71.543.486.317.402
573067,1,2,52,95,1,,1,2,,,2000000,2,2,,,,,,,,,,,,,,,52,71.543.486.317.402
573067,1,3,52,95,2,,,,,,,,2,,,,,,,,,,,,,,,52,71.543.486.317.402
573068,1,1,52,95,2,,,,,,,,2,,,,,,,,,,,,,,,52,114.138.145.376.382
573068,1,2,52,95,2,,,,,,,,2,,,,,,,,,,,,,,,52,114.138.145.376.382
573069,1,1,52,95,2,,,,,,,,1,2,,2,,,,,,2400000,2,1,2,,2,52,162.403.566.408.032
573069,1,2,52,95,2,,,,,,,,2,,,,,,,,,,,,,,,52,162.403.566.408.032
573070,1,1,52,95,2,,,,,,,,2,,,,,,,,,,,,,,,52,171.146.815.170.644
573070,1,2,52,95,2,,,,,,,,2,,,,,,,,,,,,,,,52,171.146.815.170.644
573070,1,3,52,95,2,,,,,,,,1,2,,2,,,,,,720000,2,1,2,70000,1,52,171.146.815.170.644
573070,1,5,52,95,2,,,,,,,,2,,,,,,,,,,,,,,,52,171.146.815.170.644
573071,1,1,52,95,2,,,,,,,,2,,,,,,,,,,,,,,,52,201.069.630.164.061
573072,1,1,52,95,2,,,,,,,,2,,,,,,,,,,,,,,,52,13.425.567.190.305
573072,1,2,52,95,2,,,,,,,,2,,,,,,,,,,,,,,,52,13.425.567.190.305
573072,1,3,52,95,2,,,,,,,,2,,,,,,,,,,,,,,,52,13.425.567.190.305
573074,1,1,52,95,1,,1,2,,,150000,2,2,,,,,,,,,,,,,,,52,139.870.618.068.114
573074,1,2,52,95,2,,,,,,,,2,,,,,,,,,,,,,,,52,139.870.618.068.114
573074,1,3,52,95,2,,,,,,,,2,,,,,,,,,,,,,,,52,139.870.618.068.114
573075,1,1,52,95,2,,,,,,,,2,,,,,,,,,,,,,,,52,830.063.683.703.962
573075,1,2,52,95,2,,,,,,,,2,,,,,,,,,,,,,,,52,830.063.683.703.962
573075,1,3,52,95,2,,,,,,,,2,,,,,,,,,,,,,,,52,830.063.683.703.962
573075,1,4,52,95,2,,,,,,,,2,,,,,,,,,,,,,,,52,830.063.683.703.962
573075,1,5,52,95,2,,,,,,,,2,,,,,,,,,,,,,,,52,830.063.683.703.962
573075,1,6,52,95,2,,,,,,,,2,,,,,,,,,,,,,,,52,830.063.683.703.962
573075,1,7,52,95,2,,,,,,,,2,,,,,,,,,,,,,,,52,830.063.683.703.962
573076,1,1,52,95,2,,,,,,,,2,,,,,,,,,,,,,,,52,130.638.912.155.068
573076,1,2,52,95,2,,,,,,,,2,,,,,,,,,,,,,,,52,130.638.912.155.068
573076,1,3,52,95,2,,,,,,,,2,,,,,,,,,,,,,,,52,130.638.912.155.068
573076,1,4,52,95,2,,,,,,,,2,,,,,,,,,,,,,,,52,130.638.912.155.068
573077,1,1,52,95,2,,,,,,,,2,,,,,,,,,,,,,,,52,109.993.871.194.813
573077,1,2,52,95,2,,,,,,,,2,,,,,,,,,,,,,,,52,109.993.871.194.813
573077,1,3,52,95,2,,,,,,,,2,,,,,,,,,,,,,,,52,109.993.871.194.813
573078,1,1,52,95,2,,,,,,,,2,,,,,,,,,,,,,,,52,142.194.879.863.725
573078,1,2,52,95,2,,,,,,,,2,,,,,,,,,,,,,,,52,142.194.879.863.725
573078,1,3,52,95,2,,,,,,,,2,,,,,,,,,,,,,,,52,142.194.879.863.725
573078,1,4,52,95,2,,,,,,,,1,2,,2,,,,,,200000,2,1,2,150000,1,52,142.194.879.863.725
573078,1,6,52,95,2,,,,,,,,2,,,,,,,,,,,,,,,52,142.194.879.863.725
573079,1,1,52,95,2,,,,,,,,2,,,,,,,,,,,,,,,52,10.053.481.508.203
573080,1,1,52,95,2,,,,,,,,2,,,,,,,,,,,,,,,52,201.142.755.059.099
573080,1,2,52,95,2,,,,,,,,2,,,,,,,,,,,,,,,52,201.142.755.059.099
573081,1,1,52,95,2,,,,,,,,2,,,,,,,,,,,,,,,52,138.627.296.284.356
573081,1,2,52,95,2,,,,,,,,2,,,,,,,,,,,,,,,52,138.627.296.284.356
573082,1,1,52,95,2,,,,,,,,2,,,,,,,,,,,,,,,52,139.742.596.067.398
573082,1,2,52,95,2,,,,,,,,2,,,,,,,,,,,,,,,52,139.742.596.067.398
573082,1,4,52,95,2,,,,,,,,2,,,,,,,,,,,,,,,52,139.742.596.067.398
573083,1,1,52,95,2,,,,,,,,2,,,,,,,,,,,,,,,52,181.829.269.334.368
573083,1,2,52,95,2,,,,,,,,2,,,,,,,,,,,,,,,52,181.829.269.334.368
573083,1,3,52,95,2,,,,,,,,2,,,,,,,,,,,,,,,52,181.829.269.334.368
573084,1,1,52,95,2,,,,,,,,1,2,,2,,,,,,1200000,2,1,2,,2,52,154.507.870.838.772
573084,1,2,52,95,2,,,,,,,,2,,,,,,,,,,,,,,,52,154.507.870.838.772
573085,1,1,52,95,2,,,,,,,,2,,,,,,,,,,,,,,,52,158.318.214.325.749
573085,1,2,52,95,2,,,,,,,,2,,,,,,,,,,,,,,,52,158.318.214.325.749
573085,1,3,52,95,2,,,,,,,,1,2,,2,,,,,,1200000,2,1,2,,2,52,158.318.214.325.749
573085,1,5,52,95,2,,,,,,,,2,,,,,,,,,,,,,,,52,158.318.214.325.749
573086,1,1,52,95,2,,,,,,,,2,,,,,,,,,,,,,,,52,277.254.592.568.712
573086,1,2,52,95,2,,,,,,,,1,2,,2,,,,,,3600000,2,1,2,,2,52,277.254.592.568.712
573087,1,1,52,95,1,,1,2,,,120000,2,2,,,,,,,,,,,,,,,52,138.627.296.284.356
573087,1,2,52,95,2,,,,,,,,2,,,,,,,,,,,,,,,52,138.627.296.284.356
573088,1,1,52,95,1,,2,1,,850000,,2,2,,,,,,,,,,,,,,,52,110.928.447.960.392
573088,1,2,52,95,2,,,,,,,,1,2,,2,,,,,,600000,2,1,2,,2,52,110.928.447.960.392
573090,1,1,52,95,2,,,,,,,,2,,,,,,,,,,,,,,,52,121.029.773.925.361
573090,1,2,52,95,2,,,,,,,,2,,,,,,,,,,,,,,,52,121.029.773.925.361
573091,1,1,52,95,2,,,,,,,,2,,,,,,,,,,,,,,,52,119.753.091.541.446
573091,1,2,52,95,2,,,,,,,,1,2,,2,,,,600000,,,1,2,2,,2,52,119.753.091.541.446
573091,1,3,52,95,2,,,,,,,,2,,,,,,,,,,,,,,,52,119.753.091.541.446
573091,1,4,52,95,2,,,,,,,,2,,,,,,,,,,,,,,,52,119.753.091.541.446
573091,1,5,52,95,2,,,,,,,,1,2,,2,,,,4000000,,,1,2,2,,2,52,119.753.091.541.446
573092,1,1,52,95,2,,,,,,,,2,,,,,,,,,,,,,,,52,900.264.267.850.699
573092,1,2,52,95,2,,,,,,,,2,,,,,,,,,,,,,,,52,900.264.267.850.699
573092,1,3,52,95,2,,,,,,,,2,,,,,,,,,,,,,,,52,900.264.267.850.699
573092,1,4,52,95,2,,,,,,,,2,,,,,,,,,,,,,,,52,900.264.267.850.699
573092,1,5,52,95,2,,,,,,,,2,,,,,,,,,,,,,,,52,900.264.267.850.699
573093,1,1,52,95,2,,,,,,,,2,,,,,,,,,,,,,,,52,163.381.673.076.732
573093,1,2,52,95,2,,,,,,,,2,,,,,,,,,,,,,,,52,163.381.673.076.732
573095,1,1,52,95,2,,,,,,,,2,,,,,,,,,,,,,,,52,343.088.224.606.877
573095,1,2,52,95,2,,,,,,,,2,,,,,,,,,,,,,,,52,343.088.224.606.877
573096,1,1,52,95,1,,1,2,,,290000,2,2,,,,,,,,,,,,,,,52,13.425.567.190.305
573096,1,2,52,95,2,,,,,,,,2,,,,,,,,,,,,,,,52,13.425.567.190.305
573096,1,3,52,95,2,,,,,,,,2,,,,,,,,,,,,,,,52,13.425.567.190.305
573096,1,4,52,95,2,,,,,,,,2,,,,,,,,,,,,,,,52,13.425.567.190.305
573097,1,1,52,95,1,,2,1,,1500000,,2,2,,,,,,,,,,,,,,,52,128.525.970.319.387
573097,1,2,52,95,1,,2,1,,800000,,2,2,,,,,,,,,,,,,,,52,128.525.970.319.387
573098,1,1,52,95,2,,,,,,,,2,,,,,,,,,,,,,,,52,114.138.145.376.382
573098,1,2,52,95,2,,,,,,,,2,,,,,,,,,,,,,,,52,114.138.145.376.382
573099,1,1,52,95,2,,,,,,,,2,,,,,,,,,,,,,,,52,277.254.592.568.712
573099,1,2,52,95,2,,,,,,,,2,,,,,,,,,,,,,,,52,277.254.592.568.712
573100,1,1,52,95,2,,,,,,,,2,,,,,,,,,,,,,,,52,197.952.603.796.392
573100,1,2,52,95,2,,,,,,,,2,,,,,,,,,,,,,,,52,197.952.603.796.392
573101,1,1,52,95,2,,,,,,,,1,2,,2,,,,,,300000,2,1,2,,2,52,130.261.479.838.406
573102,1,1,52,95,2,,,,,,,,2,,,,,,,,,,,,,,,52,123.649.277.030.596
573102,1,2,52,95,1,,1,2,,,100000,2,2,,,,,,,,,,,,,,,52,123.649.277.030.596
573103,1,1,52,95,2,,,,,,,,2,,,,,,,,,,,,,,,52,766.069.275.566.787
573103,1,2,52,95,2,,,,,,,,2,,,,,,,,,,,,,,,52,766.069.275.566.787
573103,1,3,52,95,2,,,,,,,,2,,,,,,,,,,,,,,,52,766.069.275.566.787
573103,1,4,52,95,2,,,,,,,,2,,,,,,,,,,,,,,,52,766.069.275.566.787
573103,1,5,52,95,1,,2,1,,180000,,2,1,2,,2,4800000,,,,,,2,2,1,,2,52,766.069.275.566.787
573104,1,1,52,95,1,,1,2,,,800000,2,1,2,,2,,,,,,1600000,2,1,2,,2,52,114.922.640.025.035
573105,1,1,52,95,2,,,,,,,,2,,,,,,,,,,,,,,,52,134.482.994.105.326
573105,1,2,52,95,2,,,,,,,,2,,,,,,,,,,,,,,,52,134.482.994.105.326
573105,1,4,52,95,2,,,,,,,,1,2,,2,,,,,,1080000,2,1,2,,2,52,134.482.994.105.326
573106,1,1,52,95,1,,1,2,,,120000,2,2,,,,,,,,,,,,,,,52,129.235.055.459.322
573106,1,2,52,95,2,,,,,,,,2,,,,,,,,,,,,,,,52,129.235.055.459.322
573106,1,3,52,95,2,,,,,,,,2,,,,,,,,,,,,,,,52,129.235.055.459.322
573107,1,1,52,95,1,,2,1,,1500000,,2,1,2,,2,,,,,,500000,2,1,2,,2,52,128.772.916.659.926
573107,1,2,52,95,2,,,,,,,,1,2,,2,,,,,,1600000,2,1,2,,2,52,128.772.916.659.926
573107,1,3,52,95,2,,,,,,,,2,,,,,,,,,,,,,,,52,128.772.916.659.926
573108,1,1,52,95,2,,,,,,,,1,2,,2,99,,,,,,2,2,1,99,1,52,129.660.816.255.713
573108,1,2,52,95,2,,,,,,,,2,,,,,,,,,,,,,,,52,129.660.816.255.713
573108,1,3,52,95,2,,,,,,,,2,,,,,,,,,,,,,,,52,129.660.816.255.713
573109,1,1,52,95,1,,2,1,,2300000,,2,2,,,,,,,,,,,,,,,52,71.543.486.317.402
573109,1,2,52,95,2,,,,,,,,1,2,,2,,,,,,1440000,2,1,2,,2,52,71.543.486.317.402
573109,1,3,52,95,2,,,,,,,,2,,,,,,,,,,,,,,,52,71.543.486.317.402
573111,1,1,52,95,2,,,,,,,,2,,,,,,,,,,,,,,,52,220.287.906.623.476
573111,1,2,52,95,2,,,,,,,,2,,,,,,,,,,,,,,,52,220.287.906.623.476
573111,1,3,52,95,2,,,,,,,,2,,,,,,,,,,,,,,,52,220.287.906.623.476
573112,1,1,52,95,2,,,,,,,,2,,,,,,,,,,,,,,,52,150.566.836.672.061
573113,1,1,52,95,2,,,,,,,,2,,,,,,,,,,,,,,,52,332.613.196.910.074
573113,1,2,52,95,2,,,,,,,,2,,,,,,,,,,,,,,,52,332.613.196.910.074
573114,1,1,52,95,1,,2,1,,755000,,2,2,,,,,,,,,,,,,,,52,105.264.343.138.422
573114,1,2,52,95,2,,,,,,,,2,,,,,,,,,,,,,,,52,105.264.343.138.422
573115,1,1,52,95,1,,2,1,,1200000,,2,2,,,,,,,,,,,,,,,52,119.652.168.081.427
573115,1,2,52,95,1,,1,2,,,140000,2,2,,,,,,,,,,,,,,,52,119.652.168.081.427
573116,1,1,52,95,2,,,,,,,,1,2,,2,,,,,,3000000,2,1,2,,2,52,159.259.459.011.373
573116,1,2,52,95,2,,,,,,,,1,2,,2,,,,,,1960000,2,1,2,,2,52,159.259.459.011.373
573116,1,3,52,95,2,,,,,,,,2,,,,,,,,,,,,,,,52,159.259.459.011.373
573117,1,1,52,95,2,,,,,,,,1,2,,2,,,,,,,2,2,2,15000000,1,52,12.748.436.780.613
573117,1,2,52,95,2,,,,,,,,2,,,,,,,,,,,,,,,52,12.748.436.780.613
573117,1,3,52,95,2,,,,,,,,2,,,,,,,,,,,,,,,52,12.748.436.780.613
573117,1,4,52,95,2,,,,,,,,2,,,,,,,,,,,,,,,52,12.748.436.780.613
573117,1,5,52,95,2,,,,,,,,2,,,,,,,,,,,,,,,52,12.748.436.780.613
573117,1,6,52,95,2,,,,,,,,2,,,,,,,,,,,,,,,52,12.748.436.780.613
573118,1,1,52,95,2,,,,,,,,2,,,,,,,,,,,,,,,52,110.327.784.377.698
573118,1,2,52,95,2,,,,,,,,2,,,,,,,,,,,,,,,52,110.327.784.377.698
573118,1,3,52,95,2,,,,,,,,2,,,,,,,,,,,,,,,52,110.327.784.377.698
573118,1,4,52,95,2,,,,,,,,2,,,,,,,,,,,,,,,52,110.327.784.377.698
573119,1,1,52,95,1,,2,1,,955000,,2,2,,,,,,,,,,,,,,,52,166.306.598.455.037
573119,1,2,52,95,2,,,,,,,,2,,,,,,,,,,,,,,,52,166.306.598.455.037
573120,1,1,52,95,2,,,,,,,,2,,,,,,,,,,,,,,,52,283.634.895.094.125
573120,1,2,52,95,2,,,,,,,,2,,,,,,,,,,,,,,,52,283.634.895.094.125
573121,1,1,52,95,2,,,,,,,,1,2,,2,,,,,,360000,2,1,2,,2,52,156.684.874.151.396
573121,1,2,52,95,2,,,,,,,,2,,,,,,,,,,,,,,,52,156.684.874.151.396
573121,1,3,52,95,2,,,,,,,,2,,,,,,,,,,,,,,,52,156.684.874.151.396
573121,1,4,52,95,2,,,,,,,,2,,,,,,,,,,,,,,,52,156.684.874.151.396
573122,1,1,52,95,1,,1,2,,,170000,2,2,,,,,,,,,,,,,,,52,365.752.916.785.581
573122,1,2,52,95,2,,,,,,,,2,,,,,,,,,,,,,,,52,365.752.916.785.581
573122,1,3,52,95,2,,,,,,,,2,,,,,,,,,,,,,,,52,365.752.916.785.581
573122,1,5,52,95,2,,,,,,,,2,,,,,,,,,,,,,,,52,365.752.916.785.581
573122,1,6,52,95,2,,,,,,,,2,,,,,,,,,,,,,,,52,365.752.916.785.581
573122,1,7,52,95,2,,,,,,,,2,,,,,,,,,,,,,,,52,365.752.916.785.581
573123,1,1,52,95,2,,,,,,,,2,,,,,,,,,,,,,,,52,145.183.487.135.044
573123,1,2,52,95,2,,,,,,,,1,2,,2,,,,,,500000,2,1,2,,2,52,145.183.487.135.044
573123,1,3,52,95,2,,,,,,,,2,,,,,,,,,,,,,,,52,145.183.487.135.044
573123,1,4,52,95,2,,,,,,,,2,,,,,,,,,,,,,,,52,145.183.487.135.044
573124,1,1,52,95,2,,,,,,,,2,,,,,,,,,,,,,,,52,128.525.970.319.387
573124,1,2,52,95,2,,,,,,,,2,,,,,,,,,,,,,,,52,128.525.970.319.387
573125,1,1,52,95,2,,,,,,,,2,,,,,,,,,,,,,,,52,143.264.146.550.064
573125,1,2,52,95,2,,,,,,,,2,,,,,,,,,,,,,,,52,143.264.146.550.064
573125,1,3,52,95,2,,,,,,,,2,,,,,,,,,,,,,,,52,143.264.146.550.064
573125,1,4,52,95,2,,,,,,,,2,,,,,,,,,,,,,,,52,143.264.146.550.064
573126,1,1,52,95,2,,,,,,,,2,,,,,,,,,,,,,,,52,128.525.970.319.387
573126,1,2,52,95,2,,,,,,,,2,,,,,,,,,,,,,,,52,128.525.970.319.387
573127,1,1,52,95,1,,1,2,,,400000,2,2,,,,,,,,,,,,,,,52,751.602.285.536.773
573127,1,2,52,95,2,,,,,,,,2,,,,,,,,,,,,,,,52,751.602.285.536.773
573127,1,3,52,95,2,,,,,,,,2,,,,,,,,,,,,,,,52,751.602.285.536.773
573128,1,1,52,95,2,,,,,,,,2,,,,,,,,,,,,,,,52,105.264.343.138.422
573128,1,2,52,95,2,,,,,,,,1,2,,2,,,,,,960000,2,1,2,,2,52,105.264.343.138.422
573129,1,1,52,95,2,,,,,,,,1,2,,2,,,,4000000,,,1,2,2,,2,52,153.635.095.451.159
573129,1,2,52,95,2,,,,,,,,2,,,,,,,,,,,,,,,52,153.635.095.451.159
573132,1,1,52,95,2,,,,,,,,2,,,,,,,,,,,,,,,52,20.669.475.915.743
573132,1,2,52,95,2,,,,,,,,2,,,,,,,,,,,,,,,52,20.669.475.915.743
573133,1,1,52,95,2,,,,,,,,2,,,,,,,,,,,,,,,52,12.201.177.408.707
573133,1,2,52,95,2,,,,,,,,2,,,,,,,,,,,,,,,52,12.201.177.408.707
573133,1,3,52,95,2,,,,,,,,2,,,,,,,,,,,,,,,52,12.201.177.408.707
573133,1,4,52,95,2,,,,,,,,2,,,,,,,,,,,,,,,52,12.201.177.408.707
573133,1,5,52,95,1,,2,1,,1000000,,2,2,,,,,,,,,,,,,,,52,12.201.177.408.707
573134,1,1,52,95,2,,,,,,,,2,,,,,,,,,,,,,,,52,155.893.419.423.392
573135,1,1,52,95,2,,,,,,,,1,2,,2,,,,,,600000,2,1,2,,2,52,141.315.318.662.027
573135,1,2,52,95,2,,,,,,,,2,,,,,,,,,,,,,,,52,141.315.318.662.027
573136,1,1,52,95,2,,,,,,,,2,,,,,,,,,,,,,,,52,930.919.674.277.367
573136,1,2,52,95,1,,2,1,,433700,,2,2,,,,,,,,,,,,,,,52,930.919.674.277.367
573136,1,3,52,95,2,,,,,,,,2,,,,,,,,,,,,,,,52,930.919.674.277.367
573137,1,1,52,95,2,,,,,,,,2,,,,,,,,,,,,,,,52,104.784.502.842.112
573137,1,2,52,95,2,,,,,,,,2,,,,,,,,,,,,,,,52,104.784.502.842.112
573137,1,3,52,95,2,,,,,,,,2,,,,,,,,,,,,,,,52,104.784.502.842.112
573138,1,1,52,95,1,,2,1,,433700,,2,2,,,,,,,,,,,,,,,52,122.484.415.669.048
573138,1,2,52,95,2,,,,,,,,1,2,,2,,,,,,600000,2,1,2,,2,52,122.484.415.669.048
573138,1,3,52,95,2,,,,,,,,2,,,,,,,,,,,,,,,52,122.484.415.669.048
573139,1,1,52,95,1,,2,1,,1500000,,2,2,,,,,,,,,,,,,,,52,671.278.359.515.249
573139,1,2,52,95,1,,2,1,,950000,,2,2,,,,,,,,,,,,,,,52,671.278.359.515.249
573139,1,3,52,95,2,,,,,,,,2,,,,,,,,,,,,,,,52,671.278.359.515.249
573139,1,4,52,95,2,,,,,,,,2,,,,,,,,,,,,,,,52,671.278.359.515.249
573139,1,5,52,95,2,,,,,,,,2,,,,,,,,,,,,,,,52,671.278.359.515.249
573140,1,1,52,95,2,,,,,,,,2,,,,,,,,,,,,,,,52,228.276.290.752.764
573140,1,2,52,95,2,,,,,,,,2,,,,,,,,,,,,,,,52,228.276.290.752.764
573141,1,1,52,95,2,,,,,,,,1,2,,2,100000,,,,,2000000,2,1,1,,2,52,269.227.116.132.857
573141,1,2,52,95,2,,,,,,,,2,,,,,,,,,,,,,,,52,269.227.116.132.857
573141,1,4,52,95,2,,,,,,,,2,,,,,,,,,,,,,,,52,269.227.116.132.857
573142,1,1,52,95,2,,,,,,,,2,,,,,,,,,,,,,,,52,119.652.168.081.427
573142,1,2,52,95,1,,1,2,,,550000,2,1,2,,2,,,,,,3000000,2,1,2,,2,52,119.652.168.081.427
573143,1,1,52,95,2,,,,,,,,2,,,,,,,,,,,,,,,52,948.051.134.983.673
573143,1,2,52,95,2,,,,,,,,2,,,,,,,,,,,,,,,52,948.051.134.983.673
573143,1,3,52,95,2,,,,,,,,2,,,,,,,,,,,,,,,52,948.051.134.983.673
573144,1,1,52,95,2,,,,,,,,2,,,,,,,,,,,,,,,52,152.717.773.885.087
573144,1,2,52,95,2,,,,,,,,2,,,,,,,,,,,,,,,52,152.717.773.885.087
573144,1,3,52,95,2,,,,,,,,2,,,,,,,,,,,,,,,52,152.717.773.885.087
573144,1,4,52,95,2,,,,,,,,2,,,,,,,,,,,,,,,52,152.717.773.885.087
573144,1,5,52,95,2,,,,,,,,2,,,,,,,,,,,,,,,52,152.717.773.885.087
573144,1,6,52,95,2,,,,,,,,2,,,,,,,,,,,,,,,52,152.717.773.885.087
573144,1,7,52,95,2,,,,,,,,2,,,,,,,,,,,,,,,52,152.717.773.885.087
573147,1,1,52,95,2,,,,,,,,2,,,,,,,,,,,,,,,52,972.759.590.091.339
573147,1,2,52,95,2,,,,,,,,2,,,,,,,,,,,,,,,52,972.759.590.091.339
573147,1,3,52,95,2,,,,,,,,2,,,,,,,,,,,,,,,52,972.759.590.091.339
573147,1,4,52,95,2,,,,,,,,2,,,,,,,,,,,,,,,52,972.759.590.091.339
573148,1,1,52,95,2,,,,,,,,1,2,,2,,,,,,600000,2,1,2,,2,52,119.652.168.081.427
573148,1,2,52,95,2,,,,,,,,2,,,,,,,,,,,,,,,52,119.652.168.081.427
573149,1,1,52,95,2,,,,,,,,2,,,,,,,,,,,,,,,52,140.281.410.984.933
573149,2,1,52,95,2,,,,,,,,2,,,,,,,,,,,,,,,52,140.281.410.984.933
573150,1,1,52,95,2,,,,,,,,2,,,,,,,,,,,,,,,52,125.666.624.191.069
573150,1,2,52,95,2,,,,,,,,2,,,,,,,,,,,,,,,52,125.666.624.191.069
573150,1,3,52,95,2,,,,,,,,2,,,,,,,,,,,,,,,52,125.666.624.191.069
573150,1,4,52,95,2,,,,,,,,2,,,,,,,,,,,,,,,52,125.666.624.191.069
573151,1,1,52,95,2,,,,,,,,2,,,,,,,,,,,,,,,52,127.998.438.374.093
573151,1,2,52,95,2,,,,,,,,2,,,,,,,,,,,,,,,52,127.998.438.374.093
573151,1,4,52,95,2,,,,,,,,2,,,,,,,,,,,,,,,52,127.998.438.374.093
573152,1,1,52,95,2,,,,,,,,1,2,,2,,,,,,3600000,2,1,2,,2,52,178.639.118.071.661
573152,1,2,52,95,1,,1,2,,,450000,2,2,,,,,,,,,,,,,,,52,178.639.118.071.661
573152,1,3,52,95,2,,,,,,,,1,2,,2,,,,,,1200000,2,1,2,,2,52,178.639.118.071.661
573153,1,1,52,95,1,,1,2,,,200000,2,2,,,,,,,,,,,,,,,52,147.859.002.197.401
573154,1,1,52,95,1,,1,2,120000,,135000,1,2,,,,,,,,,,,,,,,52,115.727.572.299.742
573154,1,2,52,95,2,,,,,,,,2,,,,,,,,,,,,,,,52,115.727.572.299.742
573154,1,4,52,95,2,,,,,,,,2,,,,,,,,,,,,,,,52,115.727.572.299.742
573155,1,1,52,95,2,,,,,,,,1,2,,2,,,,,,3060000,2,1,2,,2,52,128.214.117.252.711
573156,1,1,52,95,1,,1,2,,,1200000,2,2,,,,,,,,,,,,,,,52,129.660.816.255.713
573156,1,2,52,95,2,,,,,,,,2,,,,,,,,,,,,,,,52,129.660.816.255.713
573156,1,3,52,95,2,,,,,,,,2,,,,,,,,,,,,,,,52,129.660.816.255.713
573157,1,1,52,95,2,,,,,,,,2,,,,,,,,,,,,,,,52,396.135.460.104.326
573157,1,2,52,95,2,,,,,,,,2,,,,,,,,,,,,,,,52,396.135.460.104.326
573157,1,3,52,95,2,,,,,,,,2,,,,,,,,,,,,,,,52,396.135.460.104.326
573157,1,4,52,95,2,,,,,,,,2,,,,,,,,,,,,,,,52,396.135.460.104.326
573157,1,7,52,95,2,,,,,,,,2,,,,,,,,,,,,,,,52,396.135.460.104.326
573157,1,8,52,95,2,,,,,,,,2,,,,,,,,,,,,,,,52,396.135.460.104.326
573158,1,1,52,95,2,,,,,,,,2,,,,,,,,,,,,,,,52,251.333.248.382.138
573158,1,2,52,95,2,,,,,,,,2,,,,,,,,,,,,,,,52,251.333.248.382.138
573158,1,3,52,95,2,,,,,,,,2,,,,,,,,,,,,,,,52,251.333.248.382.138
573158,1,4,52,95,2,,,,,,,,2,,,,,,,,,,,,,,,52,251.333.248.382.138
573159,1,1,52,95,1,,1,2,,,160000,2,2,,,,,,,,,,,,,,,52,223.327.567.904.278
573159,1,2,52,95,2,,,,,,,,2,,,,,,,,,,,,,,,52,223.327.567.904.278
573159,1,3,52,95,2,,,,,,,,2,,,,,,,,,,,,,,,52,223.327.567.904.278
573159,1,4,52,95,2,,,,,,,,2,,,,,,,,,,,,,,,52,223.327.567.904.278
573160,1,1,52,95,1,,1,2,,,70000,2,1,2,,2,,,,,,7200000,2,1,2,,2,52,140.546.636.869.335
573160,1,2,52,95,2,,,,,,,,2,,,,,,,,,,,,,,,52,140.546.636.869.335
573161,1,1,52,95,1,,2,1,,1000000,,2,2,,,,,,,,,,,,,,,52,671.278.359.515.249
573161,1,2,52,95,2,,,,,,,,2,,,,,,,,,,,,,,,52,671.278.359.515.249
573161,1,3,52,95,2,,,,,,,,2,,,,,,,,,,,,,,,52,671.278.359.515.249
573161,1,4,52,95,2,,,,,,,,2,,,,,,,,,,,,,,,52,671.278.359.515.249
573163,1,1,54,95,2,,,,,,,,2,,,,,,,,,,,,,,,54,302.366.694.181.082
573163,1,2,54,95,2,,,,,,,,2,,,,,,,,,,,,,,,54,302.366.694.181.082
573163,1,3,54,95,2,,,,,,,,2,,,,,,,,,,,,,,,54,302.366.694.181.082
573164,1,1,54,95,2,,,,,,,,2,,,,,,,,,,,,,,,54,330.209.098.118.842
573164,1,2,54,95,2,,,,,,,,2,,,,,,,,,,,,,,,54,330.209.098.118.842
573164,1,3,54,95,2,,,,,,,,2,,,,,,,,,,,,,,,54,330.209.098.118.842
573165,1,1,54,95,2,,,,,,,,2,,,,,,,,,,,,,,,54,318.207.822.868.122
573165,1,2,54,95,2,,,,,,,,2,,,,,,,,,,,,,,,54,318.207.822.868.122
573165,1,3,54,95,2,,,,,,,,2,,,,,,,,,,,,,,,54,318.207.822.868.122
573165,1,4,54,95,2,,,,,,,,1,2,,1,,,950000,,,,2,2,2,,2,54,318.207.822.868.122
573166,1,1,54,95,2,,,,,,,,1,2,,2,,,,,,1200000,2,1,2,,2,54,304.575.713.320.472
573166,1,2,54,95,2,,,,,,,,2,,,,,,,,,,,,,,,54,304.575.713.320.472
573166,1,3,54,95,2,,,,,,,,2,,,,,,,,,,,,,,,54,304.575.713.320.472
573166,1,4,54,95,2,,,,,,,,2,,,,,,,,,,,,,,,54,304.575.713.320.472
573166,1,5,54,95,2,,,,,,,,2,,,,,,,,,,,,,,,54,304.575.713.320.472
573167,1,1,54,95,2,,,,,,,,2,,,,,,,,,,,,,,,54,354.719.765.251.148
573168,1,1,54,95,1,,1,2,,,70000,2,2,,,,,,,,,,,,,,,54,269.885.531.923.311
573169,1,1,54,95,2,,,,,,,,2,,,,,,,,,,,,,,,54,199.430.347.557.765
573169,1,2,54,95,2,,,,,,,,1,2,,2,,,,,,600000,2,1,2,,2,54,199.430.347.557.765
573169,1,3,54,95,2,,,,,,,,2,,,,,,,,,,,,,,,54,199.430.347.557.765
573169,1,4,54,95,2,,,,,,,,2,,,,,,,,,,,,,,,54,199.430.347.557.765
573169,1,5,54,95,2,,,,,,,,2,,,,,,,,,,,,,,,54,199.430.347.557.765
573169,1,6,54,95,2,,,,,,,,2,,,,,,,,,,,,,,,54,199.430.347.557.765
573172,1,1,54,95,2,,,,,,,,2,,,,,,,,,,,,,,,54,247.927.283.156.152
573172,1,2,54,95,2,,,,,,,,2,,,,,,,,,,,,,,,54,247.927.283.156.152
573172,1,4,54,95,2,,,,,,,,2,,,,,,,,,,,,,,,54,247.927.283.156.152
573173,1,1,54,95,2,,,,,,,,1,2,,2,,,,,,600000,2,1,2,,2,54,276.947.331.163.686
573173,1,2,54,95,2,,,,,,,,2,,,,,,,,,,,,,,,54,276.947.331.163.686
573174,1,1,54,95,2,,,,,,,,2,,,,,,,,,,,,,,,54,295.523.176.205.402
573174,1,2,54,95,2,,,,,,,,2,,,,,,,,,,,,,,,54,295.523.176.205.402
573174,1,3,54,95,2,,,,,,,,2,,,,,,,,,,,,,,,54,295.523.176.205.402
573174,1,4,54,95,2,,,,,,,,2,,,,,,,,,,,,,,,54,295.523.176.205.402
573175,1,1,54,95,2,,,,,,,,2,,,,,,,,,,,,,,,54,340.472.988.232.078
573175,1,2,54,95,2,,,,,,,,1,2,,1,,,587000,,,,2,2,2,,2,54,340.472.988.232.078
573176,1,1,54,95,2,,,,,,,,1,2,,2,,,,,,7200000,2,1,2,,2,54,247.927.283.156.152
573176,1,3,54,95,2,,,,,,,,2,,,,,,,,,,,,,,,54,247.927.283.156.152
573176,1,4,54,95,2,,,,,,,,2,,,,,,,,,,,,,,,54,247.927.283.156.152
573177,1,1,54,95,2,,,,,,,,2,,,,,,,,,,,,,,,54,380.432.303.475.523
573177,1,2,54,95,2,,,,,,,,2,,,,,,,,,,,,,,,54,380.432.303.475.523
573177,1,3,54,95,2,,,,,,,,2,,,,,,,,,,,,,,,54,380.432.303.475.523
573177,1,4,54,95,2,,,,,,,,2,,,,,,,,,,,,,,,54,380.432.303.475.523
573178,1,1,54,95,2,,,,,,,,2,,,,,,,,,,,,,,,54,316.054.529.327.709
573178,1,2,54,95,2,,,,,,,,2,,,,,,,,,,,,,,,54,316.054.529.327.709
573178,1,3,54,95,2,,,,,,,,2,,,,,,,,,,,,,,,54,316.054.529.327.709
573178,1,4,54,95,2,,,,,,,,2,,,,,,,,,,,,,,,54,316.054.529.327.709
573179,1,1,54,95,2,,,,,,,,1,2,,2,,,,,,2200000,2,1,2,,2,54,342.210.373.369.562
573179,1,3,54,95,2,,,,,,,,1,2,,2,,,,,,4100000,2,1,2,,2,54,342.210.373.369.562
573182,1,1,54,95,2,,,,,,,,1,2,,2,,,,180000,,,1,2,2,,2,54,395.091.416.001.686
573183,1,1,54,95,2,,,,,,,,1,2,,1,,,1000000,,,,2,2,2,,2,54,307.722.078.594.356
573184,1,1,54,95,2,,,,,,,,2,,,,,,,,,,,,,,,54,293.623.348.009.582
573184,1,2,54,95,2,,,,,,,,2,,,,,,,,,,,,,,,54,293.623.348.009.582
573184,1,3,54,95,2,,,,,,,,1,2,,1,,,850000,,,,2,2,2,,2,54,293.623.348.009.582
573184,1,4,54,95,2,,,,,,,,1,2,,2,1800000,,,,,,2,2,1,,2,54,293.623.348.009.582
573185,1,1,54,95,2,,,,,,,,2,,,,,,,,,,,,,,,54,314.783.877.834.731
573185,1,2,54,95,2,,,,,,,,2,,,,,,,,,,,,,,,54,314.783.877.834.731
573186,1,1,54,95,1,,1,2,,,360000,2,2,,,,,,,,,,,,,,,54,314.783.877.834.731
573186,1,2,54,95,1,,1,2,,,200000,2,2,,,,,,,,,,,,,,,54,314.783.877.834.731
573187,1,1,54,95,2,,,,,,,,2,,,,,,,,,,,,,,,54,330.209.098.118.842
573187,1,2,54,95,2,,,,,,,,2,,,,,,,,,,,,,,,54,330.209.098.118.842
573187,1,3,54,95,2,,,,,,,,1,2,,2,,,,,,60000,2,1,2,,2,54,330.209.098.118.842
573188,1,1,54,95,2,,,,,,,,2,,,,,,,,,,,,,,,54,328.366.294.071.061
573188,1,2,54,95,2,,,,,,,,2,,,,,,,,,,,,,,,54,328.366.294.071.061
573188,1,3,54,95,2,,,,,,,,2,,,,,,,,,,,,,,,54,328.366.294.071.061
573188,1,5,54,95,2,,,,,,,,2,,,,,,,,,,,,,,,54,328.366.294.071.061
573188,1,8,54,95,2,,,,,,,,2,,,,,,,,,,,,,,,54,328.366.294.071.061
573189,1,1,54,95,1,,2,1,,1700000,,2,2,,,,,,,,,,,,,,,54,666.861.180.673.346
573189,1,2,54,95,2,,,,,,,,2,,,,,,,,,,,,,,,54,666.861.180.673.346
573189,1,3,54,95,2,,,,,,,,1,2,,2,,,,1100000,,,1,2,2,,2,54,666.861.180.673.346
573190,1,1,54,95,2,,,,,,,,2,,,,,,,,,,,,,,,54,636.843.464.083.429
573191,1,1,54,95,2,,,,,,,,2,,,,,,,,,,,,,,,54,657.604.114.810.367
573191,1,2,54,95,2,,,,,,,,2,,,,,,,,,,,,,,,54,657.604.114.810.367
573191,1,3,54,95,2,,,,,,,,2,,,,,,,,,,,,,,,54,657.604.114.810.367
573191,1,4,54,95,2,,,,,,,,2,,,,,,,,,,,,,,,54,657.604.114.810.367
573191,1,5,54,95,2,,,,,,,,2,,,,,,,,,,,,,,,54,657.604.114.810.367
573191,1,8,54,95,2,,,,,,,,2,,,,,,,,,,,,,,,54,657.604.114.810.367
573192,1,1,54,95,2,,,,,,,,2,,,,,,,,,,,,,,,54,280.168.823.381.517
573192,1,2,54,95,2,,,,,,,,2,,,,,,,,,,,,,,,54,280.168.823.381.517
573193,1,1,54,95,2,,,,,,,,2,,,,,,,,,,,,,,,54,280.168.823.381.517
573193,1,2,54,95,2,,,,,,,,2,,,,,,,,,,,,,,,54,280.168.823.381.517
573194,1,1,54,95,2,,,,,,,,2,,,,,,,,,,,,,,,54,305.044.386.387.719
573194,1,2,54,95,2,,,,,,,,2,,,,,,,,,,,,,,,54,305.044.386.387.719
573195,1,1,54,95,2,,,,,,,,2,,,,,,,,,,,,,,,54,245.685.354.283.637
573195,1,2,54,95,2,,,,,,,,2,,,,,,,,,,,,,,,54,245.685.354.283.637
573195,1,3,54,95,2,,,,,,,,2,,,,,,,,,,,,,,,54,245.685.354.283.637
573195,1,4,54,95,2,,,,,,,,2,,,,,,,,,,,,,,,54,245.685.354.283.637
573195,1,5,54,95,2,,,,,,,,2,,,,,,,,,,,,,,,54,245.685.354.283.637
573196,1,1,54,95,2,,,,,,,,2,,,,,,,,,,,,,,,54,280.168.823.381.517
573196,1,2,54,95,1,,1,2,,,120000,2,1,2,,2,,,,,,1440000,2,1,2,,2,54,280.168.823.381.517
573199,1,1,54,95,2,,,,,,,,1,2,,2,,,,,,1400000,2,1,2,,2,54,33.861.241.631.242
573199,1,2,54,95,1,,2,1,,433000,,2,2,,,,,,,,,,,,,,,54,33.861.241.631.242
573199,1,3,54,95,2,,,,,,,,1,2,,2,,,,,,100000,2,1,2,,2,54,33.861.241.631.242
573199,1,4,54,95,2,,,,,,,,2,,,,,,,,,,,,,,,54,33.861.241.631.242
573199,1,7,54,95,2,,,,,,,,2,,,,,,,,,,,,,,,54,33.861.241.631.242
573200,1,1,54,95,2,,,,,,,,2,,,,,,,,,,,,,,,54,312.416.675.120.726
573200,1,2,54,95,2,,,,,,,,2,,,,,,,,,,,,,,,54,312.416.675.120.726
573200,1,3,54,95,2,,,,,,,,1,2,,2,,,,,,400000,2,1,2,,2,54,312.416.675.120.726
573200,1,4,54,95,2,,,,,,,,1,2,,2,,,,,,200000,2,1,2,,2,54,312.416.675.120.726
573200,1,5,54,95,2,,,,,,,,2,,,,,,,,,,,,,,,54,312.416.675.120.726
573201,1,1,54,95,2,,,,,,,,2,,,,,,,,,,,,,,,54,338.319.241.105.442
573201,1,2,54,95,2,,,,,,,,2,,,,,,,,,,,,,,,54,338.319.241.105.442
573201,1,5,54,95,2,,,,,,,,2,,,,,,,,,,,,,,,54,338.319.241.105.442
573203,1,1,54,95,2,,,,,,,,2,,,,,,,,,,,,,,,54,321.409.913.740.983
573203,1,2,54,95,2,,,,,,,,2,,,,,,,,,,,,,,,54,321.409.913.740.983
573204,1,1,54,95,2,,,,,,,,2,,,,,,,,,,,,,,,54,287.230.622.621.892
573204,1,2,54,95,2,,,,,,,,2,,,,,,,,,,,,,,,54,287.230.622.621.892
573204,1,3,54,95,1,,2,1,,500000,,2,2,,,,,,,,,,,,,,,54,287.230.622.621.892
573205,1,1,54,95,2,,,,,,,,2,,,,,,,,,,,,,,,54,330.209.098.118.842
573205,1,2,54,95,2,,,,,,,,2,,,,,,,,,,,,,,,54,330.209.098.118.842
573205,1,3,54,95,2,,,,,,,,2,,,,,,,,,,,,,,,54,330.209.098.118.842
573207,1,1,54,95,2,,,,,,,,2,,,,,,,,,,,,,,,54,361.781.564.491.522
573207,1,2,54,95,2,,,,,,,,2,,,,,,,,,,,,,,,54,361.781.564.491.522
573208,1,1,54,95,1,,2,1,,1200000,,2,2,,,,,,,,,,,,,,,54,264.891.016.901.875
573208,1,2,54,95,2,,,,,,,,2,,,,,,,,,,,,,,,54,264.891.016.901.875
573208,1,3,54,95,2,,,,,,,,1,2,,2,500000,,,,,,2,2,1,,2,54,264.891.016.901.875
573208,1,4,54,95,2,,,,,,,,1,2,,2,,,,,,500000,2,1,2,,2,54,264.891.016.901.875
573209,1,1,54,95,2,,,,,,,,2,,,,,,,,,,,,,,,54,284.046.299.620.907
573209,1,3,54,95,2,,,,,,,,2,,,,,,,,,,,,,,,54,284.046.299.620.907
573209,1,4,54,95,2,,,,,,,,2,,,,,,,,,,,,,,,54,284.046.299.620.907
573209,1,5,54,95,2,,,,,,,,2,,,,,,,,,,,,,,,54,284.046.299.620.907
573210,1,1,54,95,2,,,,,,,,1,2,,2,,,,,,7100000,2,1,2,,2,54,280.168.823.381.517
573210,1,2,54,95,2,,,,,,,,1,2,,2,,,,,,100000,2,1,2,,2,54,280.168.823.381.517
573212,1,1,54,95,1,,2,1,,414000,,2,2,,,,,,,,,,,,,,,54,269.885.531.923.311
573213,1,1,54,95,2,,,,,,,,2,,,,,,,,,,,,,,,54,312.106.185.628.094
573213,1,2,54,95,2,,,,,,,,1,2,,2,,,,,,600000,2,1,2,,2,54,312.106.185.628.094
573213,1,3,54,95,2,,,,,,,,2,,,,,,,,,,,,,,,54,312.106.185.628.094
573214,1,1,54,95,2,,,,,,,,2,,,,,,,,,,,,,,,54,30.162.481.344.543
573214,1,2,54,95,2,,,,,,,,2,,,,,,,,,,,,,,,54,30.162.481.344.543
573214,2,1,54,95,2,,,,,,,,2,,,,,,,,,,,,,,,54,30.162.481.344.543
573214,2,2,54,95,2,,,,,,,,2,,,,,,,,,,,,,,,54,30.162.481.344.543
573214,2,3,54,95,2,,,,,,,,2,,,,,,,,,,,,,,,54,30.162.481.344.543
573215,1,1,54,95,2,,,,,,,,2,,,,,,,,,,,,,,,54,273.853.276.967.896
573215,1,2,54,95,2,,,,,,,,2,,,,,,,,,,,,,,,54,273.853.276.967.896
573215,1,3,54,95,2,,,,,,,,2,,,,,,,,,,,,,,,54,273.853.276.967.896
573215,1,4,54,95,2,,,,,,,,2,,,,,,,,,,,,,,,54,273.853.276.967.896
573216,1,1,54,95,2,,,,,,,,2,,,,,,,,,,,,,,,54,263.569.985.509.691
573216,1,2,54,95,2,,,,,,,,2,,,,,,,,,,,,,,,54,263.569.985.509.691
573216,1,3,54,95,2,,,,,,,,2,,,,,,,,,,,,,,,54,263.569.985.509.691
573217,1,1,54,95,2,,,,,,,,2,,,,,,,,,,,,,,,54,318.207.822.868.122
573217,1,2,54,95,2,,,,,,,,2,,,,,,,,,,,,,,,54,318.207.822.868.122
573217,1,3,54,95,2,,,,,,,,2,,,,,,,,,,,,,,,54,318.207.822.868.122
573217,1,4,54,95,2,,,,,,,,2,,,,,,,,,,,,,,,54,318.207.822.868.122
573218,1,1,54,95,2,,,,,,,,2,,,,,,,,,,,,,,,54,230.478.415.264.221
573218,1,2,54,95,2,,,,,,,,2,,,,,,,,,,,,,,,54,230.478.415.264.221
573218,1,3,54,95,2,,,,,,,,2,,,,,,,,,,,,,,,54,230.478.415.264.221
573218,1,4,54,95,2,,,,,,,,1,2,,2,,,,,,300000,2,1,2,,2,54,230.478.415.264.221
573218,1,5,54,95,2,,,,,,,,1,2,,2,,,,,,500000,2,1,2,,2,54,230.478.415.264.221
573218,1,6,54,95,2,,,,,,,,2,,,,,,,,,,,,,,,54,230.478.415.264.221
573219,1,1,54,95,2,,,,,,,,2,,,,,,,,,,,,,,,54,318.421.732.041.715
573222,1,1,54,95,2,,,,,,,,2,,,,,,,,,,,,,,,54,309.754.811.363.224
573222,1,2,54,95,2,,,,,,,,2,,,,,,,,,,,,,,,54,309.754.811.363.224
573222,1,3,54,95,2,,,,,,,,2,,,,,,,,,,,,,,,54,309.754.811.363.224
573222,1,4,54,95,2,,,,,,,,1,2,,2,,,,,,100000,2,1,2,50000,1,54,309.754.811.363.224
573222,1,5,54,95,2,,,,,,,,2,,,,,,,,,,,,,,,54,309.754.811.363.224
573222,1,8,54,95,2,,,,,,,,2,,,,,,,,,,,,,,,54,309.754.811.363.224
573223,1,1,54,95,2,,,,,,,,2,,,,,,,,,,,,,,,54,323.147.298.878.467
573223,1,2,54,95,2,,,,,,,,2,,,,,,,,,,,,,,,54,323.147.298.878.467
573224,1,1,54,95,1,,1,2,,,350000,2,2,,,,,,,,,,,,,,,54,321.409.913.740.983
573224,1,2,54,95,2,,,,,,,,2,,,,,,,,,,,,,,,54,321.409.913.740.983
573225,1,1,54,95,2,,,,,,,,2,,,,,,,,,,,,,,,54,342.956.626.196.316
573225,1,2,54,95,2,,,,,,,,2,,,,,,,,,,,,,,,54,342.956.626.196.316
573225,1,3,54,95,2,,,,,,,,2,,,,,,,,,,,,,,,54,342.956.626.196.316
573225,1,4,54,95,2,,,,,,,,2,,,,,,,,,,,,,,,54,342.956.626.196.316
573225,1,7,54,95,2,,,,,,,,2,,,,,,,,,,,,,,,54,342.956.626.196.316
573226,1,1,54,95,2,,,,,,,,2,,,,,,,,,,,,,,,54,264.891.016.901.875
573226,1,2,54,95,2,,,,,,,,2,,,,,,,,,,,,,,,54,264.891.016.901.875
573226,1,3,54,95,2,,,,,,,,2,,,,,,,,,,,,,,,54,264.891.016.901.875
573226,1,4,54,95,2,,,,,,,,2,,,,,,,,,,,,,,,54,264.891.016.901.875
573227,1,1,54,95,2,,,,,,,,2,,,,,,,,,,,,,,,54,634.637.963.828.449
573227,1,2,54,95,2,,,,,,,,2,,,,,,,,,,,,,,,54,634.637.963.828.449
573228,1,1,54,95,2,,,,,,,,2,,,,,,,,,,,,,,,54,615.444.157.188.712
573229,1,1,54,95,2,,,,,,,,2,,,,,,,,,,,,,,,54,666.394.559.636.221
573229,1,2,54,95,2,,,,,,,,2,,,,,,,,,,,,,,,54,666.394.559.636.221
573229,1,3,54,95,2,,,,,,,,2,,,,,,,,,,,,,,,54,666.394.559.636.221
573229,1,6,54,95,2,,,,,,,,2,,,,,,,,,,,,,,,54,666.394.559.636.221
573230,1,1,54,95,2,,,,,,,,2,,,,,,,,,,,,,,,54,642.819.827.481.967
573230,1,2,54,95,2,,,,,,,,2,,,,,,,,,,,,,,,54,642.819.827.481.967
573231,1,1,54,95,2,,,,,,,,1,2,,2,,,,,,15000000,2,1,2,,2,54,269.885.531.923.311
573232,1,1,54,95,1,,2,1,,520000,,2,1,2,,2,,,,5000000,,,1,2,2,,2,54,321.643.224.259.546
573233,1,1,54,95,2,,,,,,,,2,,,,,,,,,,,,,,,54,315.327.677.845.925
573233,1,2,54,95,2,,,,,,,,2,,,,,,,,,,,,,,,54,315.327.677.845.925
573233,1,3,54,95,2,,,,,,,,2,,,,,,,,,,,,,,,54,315.327.677.845.925
573234,1,1,54,95,2,,,,,,,,2,,,,,,,,,,,,,,,54,266.993.930.543.082
573234,1,2,54,95,2,,,,,,,,2,,,,,,,,,,,,,,,54,266.993.930.543.082
573234,1,3,54,95,2,,,,,,,,2,,,,,,,,,,,,,,,54,266.993.930.543.082
573234,1,4,54,95,1,,2,1,,500000,,2,2,,,,,,,,,,,,,,,54,266.993.930.543.082
573234,1,5,54,95,2,,,,,,,,2,,,,,,,,,,,,,,,54,266.993.930.543.082
573235,1,1,54,95,2,,,,,,,,2,,,,,,,,,,,,,,,54,326.571.243.911.858
573235,1,2,54,95,2,,,,,,,,1,2,,1,,,700000,500000,,,1,2,2,,2,54,326.571.243.911.858
573235,2,1,54,95,2,,,,,,,,2,,,,,,,,,,,,,,,54,326.571.243.911.858
573235,2,2,54,95,2,,,,,,,,2,,,,,,,,,,,,,,,54,326.571.243.911.858
573236,1,1,54,95,2,,,,,,,,2,,,,,,,,,,,,,,,54,251.584.538.708.105
573236,1,2,54,95,2,,,,,,,,1,2,,2,,,,,,70000,2,1,2,,2,54,251.584.538.708.105
573236,1,3,54,95,2,,,,,,,,2,,,,,,,,,,,,,,,54,251.584.538.708.105
573236,1,4,54,95,2,,,,,,,,2,,,,,,,,,,,,,,,54,251.584.538.708.105
573237,1,1,54,95,2,,,,,,,,2,,,,,,,,,,,,,,,54,374.218.603.076.364
573237,1,2,54,95,2,,,,,,,,2,,,,,,,,,,,,,,,54,374.218.603.076.364
573238,1,1,54,95,2,,,,,,,,2,,,,,,,,,,,,,,,54,321.409.913.740.983
573238,1,2,54,95,2,,,,,,,,2,,,,,,,,,,,,,,,54,321.409.913.740.983
573239,1,1,54,95,2,,,,,,,,2,,,,,,,,,,,,,,,54,312.106.185.628.094
573239,1,2,54,95,2,,,,,,,,2,,,,,,,,,,,,,,,54,312.106.185.628.094
573239,1,3,54,95,2,,,,,,,,1,2,,2,,,,,,240000,2,1,2,,2,54,312.106.185.628.094
573240,1,1,54,95,2,,,,,,,,2,,,,,,,,,,,,,,,54,236.831.130.894.688
573240,1,2,54,95,2,,,,,,,,2,,,,,,,,,,,,,,,54,236.831.130.894.688
573240,1,3,54,95,2,,,,,,,,2,,,,,,,,,,,,,,,54,236.831.130.894.688
573240,1,5,54,95,2,,,,,,,,2,,,,,,,,,,,,,,,54,236.831.130.894.688
573240,1,6,54,95,2,,,,,,,,2,,,,,,,,,,,,,,,54,236.831.130.894.688
573241,1,1,54,95,2,,,,,,,,2,,,,,,,,,,,,,,,54,245.685.354.283.637
573241,1,2,54,95,2,,,,,,,,2,,,,,,,,,,,,,,,54,245.685.354.283.637
573241,1,3,54,95,2,,,,,,,,2,,,,,,,,,,,,,,,54,245.685.354.283.637
573241,1,4,54,95,2,,,,,,,,2,,,,,,,,,,,,,,,54,245.685.354.283.637
573241,1,5,54,95,2,,,,,,,,2,,,,,,,,,,,,,,,54,245.685.354.283.637
573243,1,1,54,95,2,,,,,,,,2,,,,,,,,,,,,,,,54,318.421.732.041.715
573244,1,1,54,95,2,,,,,,,,1,2,,2,,,,,,6000000,2,1,2,,2,54,273.080.425.921.861
573244,1,2,54,95,2,,,,,,,,2,,,,,,,,,,,,,,,54,273.080.425.921.861
573244,1,3,54,95,2,,,,,,,,2,,,,,,,,,,,,,,,54,273.080.425.921.861
573244,1,4,54,95,2,,,,,,,,2,,,,,,,,,,,,,,,54,273.080.425.921.861
573244,1,5,54,95,2,,,,,,,,2,,,,,,,,,,,,,,,54,273.080.425.921.861
573244,1,6,54,95,2,,,,,,,,1,2,,2,,,,,,1000000,2,1,2,,2,54,273.080.425.921.861
573244,1,7,54,95,2,,,,,,,,2,,,,,,,,,,,,,,,54,273.080.425.921.861
573244,1,8,54,95,2,,,,,,,,2,,,,,,,,,,,,,,,54,273.080.425.921.861
573244,1,9,54,95,2,,,,,,,,2,,,,,,,,,,,,,,,54,273.080.425.921.861
573245,1,1,54,95,2,,,,,,,,2,,,,,,,,,,,,,,,54,32.977.333.478.472
573245,1,2,54,95,2,,,,,,,,2,,,,,,,,,,,,,,,54,32.977.333.478.472
573246,1,1,54,95,1,,1,2,,,200000,2,1,2,,2,,,,,,600000,2,1,2,,2,54,269.885.531.923.311
573247,1,1,54,95,2,,,,,,,,2,,,,,,,,,,,,,,,54,255.151.525.454.863
573247,1,2,54,95,2,,,,,,,,2,,,,,,,,,,,,,,,54,255.151.525.454.863
573247,1,3,54,95,2,,,,,,,,2,,,,,,,,,,,,,,,54,255.151.525.454.863
573247,1,4,54,95,2,,,,,,,,1,2,,2,,,,,,50000,2,1,2,,2,54,255.151.525.454.863
573248,1,1,54,95,2,,,,,,,,1,2,,2,,,,,,600000,2,1,2,,2,54,267.954.092.543.428
573248,1,2,54,95,2,,,,,,,,2,,,,,,,,,,,,,,,54,267.954.092.543.428
573248,1,3,54,95,2,,,,,,,,1,2,,1,,,800000,,,3000000,2,1,2,,2,54,267.954.092.543.428
573248,1,4,54,95,2,,,,,,,,2,,,,,,,,,,,,,,,54,267.954.092.543.428
573248,1,5,54,95,2,,,,,,,,2,,,,,,,,,,,,,,,54,267.954.092.543.428
573249,1,1,54,95,2,,,,,,,,2,,,,,,,,,,,,,,,54,365.855.182.032.628
573249,1,2,54,95,2,,,,,,,,2,,,,,,,,,,,,,,,54,365.855.182.032.628
573250,1,1,54,95,2,,,,,,,,2,,,,,,,,,,,,,,,54,289.837.447.368.303
573250,1,2,54,95,2,,,,,,,,2,,,,,,,,,,,,,,,54,289.837.447.368.303
573250,1,3,54,95,2,,,,,,,,2,,,,,,,,,,,,,,,54,289.837.447.368.303
573251,1,1,54,95,2,,,,,,,,2,,,,,,,,,,,,,,,54,330.209.098.118.842
573251,1,2,54,95,2,,,,,,,,2,,,,,,,,,,,,,,,54,330.209.098.118.842
573251,1,3,54,95,2,,,,,,,,2,,,,,,,,,,,,,,,54,330.209.098.118.842
573252,1,1,54,95,2,,,,,,,,2,,,,,,,,,,,,,,,54,328.035.949.647.236
573252,1,2,54,95,2,,,,,,,,2,,,,,,,,,,,,,,,54,328.035.949.647.236
573253,1,1,54,95,2,,,,,,,,2,,,,,,,,,,,,,,,54,239.583.717.043.609
573253,1,2,54,95,2,,,,,,,,2,,,,,,,,,,,,,,,54,239.583.717.043.609
573253,1,3,54,95,2,,,,,,,,2,,,,,,,,,,,,,,,54,239.583.717.043.609
573253,1,4,54,95,2,,,,,,,,2,,,,,,,,,,,,,,,54,239.583.717.043.609
573256,1,1,54,95,2,,,,,,,,2,,,,,,,,,,,,,,,54,318.421.732.041.715
573257,1,1,54,95,2,,,,,,,,2,,,,,,,,,,,,,,,54,314.783.877.834.731
573257,1,2,54,95,2,,,,,,,,2,,,,,,,,,,,,,,,54,314.783.877.834.731
573258,1,1,54,95,2,,,,,,,,2,,,,,,,,,,,,,,,54,327.531.405.912.205
573258,1,2,54,95,2,,,,,,,,2,,,,,,,,,,,,,,,54,327.531.405.912.205
573258,1,3,54,95,2,,,,,,,,2,,,,,,,,,,,,,,,54,327.531.405.912.205
573258,1,4,54,95,2,,,,,,,,2,,,,,,,,,,,,,,,54,327.531.405.912.205
573259,1,1,54,95,2,,,,,,,,2,,,,,,,,,,,,,,,54,309.428.493.421.457
573259,1,2,54,95,2,,,,,,,,2,,,,,,,,,,,,,,,54,309.428.493.421.457
573259,1,3,54,95,2,,,,,,,,2,,,,,,,,,,,,,,,54,309.428.493.421.457
573259,1,4,54,95,2,,,,,,,,2,,,,,,,,,,,,,,,54,309.428.493.421.457
573260,1,1,54,95,2,,,,,,,,2,,,,,,,,,,,,,,,54,360.678.814.364.032
573260,1,2,54,95,2,,,,,,,,2,,,,,,,,,,,,,,,54,360.678.814.364.032
573260,1,3,54,95,2,,,,,,,,2,,,,,,,,,,,,,,,54,360.678.814.364.032
573261,1,1,54,95,2,,,,,,,,2,,,,,,,,,,,,,,,54,361.781.564.491.522
573261,1,2,54,95,2,,,,,,,,2,,,,,,,,,,,,,,,54,361.781.564.491.522
573262,1,1,54,95,2,,,,,,,,2,,,,,,,,,,,,,,,54,659.546.669.569.439
573262,1,2,54,95,2,,,,,,,,2,,,,,,,,,,,,,,,54,659.546.669.569.439
573263,1,1,54,95,2,,,,,,,,2,,,,,,,,,,,,,,,54,642.819.827.481.967
573263,1,2,54,95,2,,,,,,,,2,,,,,,,,,,,,,,,54,642.819.827.481.967
573264,1,1,54,95,2,,,,,,,,2,,,,,,,,,,,,,,,54,632.109.058.655.419
573264,1,2,54,95,2,,,,,,,,2,,,,,,,,,,,,,,,54,632.109.058.655.419
573264,1,3,54,95,2,,,,,,,,1,2,,2,,,,,,480000,2,1,2,,2,54,632.109.058.655.419
573264,1,4,54,95,2,,,,,,,,2,,,,,,,,,,,,,,,54,632.109.058.655.419
573265,1,1,54,95,2,,,,,,,,2,,,,,,,,,,,,,,,54,289.837.447.368.303
573265,1,2,54,95,2,,,,,,,,2,,,,,,,,,,,,,,,54,289.837.447.368.303
573265,1,3,54,95,2,,,,,,,,2,,,,,,,,,,,,,,,54,289.837.447.368.303
573266,1,1,54,95,1,,2,1,,2200000,,2,2,,,,,,,,,,,,,,,54,27.749.113.117.488
573266,1,2,54,95,2,,,,,,,,2,,,,,,,,,,,,,,,54,27.749.113.117.488
573266,1,3,54,95,2,,,,,,,,2,,,,,,,,,,,,,,,54,27.749.113.117.488
573267,1,1,54,95,1,,1,2,,,300000,2,1,2,,2,,,,,,3000000,2,1,2,,2,54,282.775.648.127.928
573267,1,2,54,95,2,,,,,,,,1,2,,2,,,,,,3000000,2,1,2,,2,54,282.775.648.127.928
573268,1,1,54,95,2,,,,,,,,2,,,,,,,,,,,,,,,54,283.735.810.128.275
573268,1,2,54,95,2,,,,,,,,2,,,,,,,,,,,,,,,54,283.735.810.128.275
573269,1,1,54,95,1,,1,2,,,300000,2,2,,,,,,,,,,,,,,,54,264.891.016.901.875
573269,2,1,54,95,2,,,,,,,,2,,,,,,,,,,,,,,,54,264.891.016.901.875
573269,2,2,54,95,2,,,,,,,,2,,,,,,,,,,,,,,,54,264.891.016.901.875
573269,3,1,54,95,2,,,,,,,,2,,,,,,,,,,,,,,,54,264.891.016.901.875
573270,1,1,54,95,2,,,,,,,,2,,,,,,,,,,,,,,,54,309.428.493.421.457
573270,1,2,54,95,2,,,,,,,,2,,,,,,,,,,,,,,,54,309.428.493.421.457
573270,1,3,54,95,2,,,,,,,,2,,,,,,,,,,,,,,,54,309.428.493.421.457
573270,1,4,54,95,2,,,,,,,,2,,,,,,,,,,,,,,,54,309.428.493.421.457
573271,1,1,54,95,2,,,,,,,,2,,,,,,,,,,,,,,,54,297.443.046.619.872
573271,1,2,54,95,2,,,,,,,,2,,,,,,,,,,,,,,,54,297.443.046.619.872
573271,1,3,54,95,2,,,,,,,,2,,,,,,,,,,,,,,,54,297.443.046.619.872
573271,1,4,54,95,2,,,,,,,,2,,,,,,,,,,,,,,,54,297.443.046.619.872
573271,1,5,54,95,2,,,,,,,,2,,,,,,,,,,,,,,,54,297.443.046.619.872
573272,1,1,54,95,2,,,,,,,,1,2,,2,3000000,,,,,,2,2,1,,2,54,289.401.684.034.181
573272,1,2,54,95,2,,,,,,,,2,,,,,,,,,,,,,,,54,289.401.684.034.181
573273,1,1,54,95,2,,,,,,,,1,2,,2,,,,800000,,,1,2,2,,2,54,318.421.732.041.715
573274,1,1,54,95,2,,,,,,,,1,2,,2,,,,,,200000,2,1,2,,2,54,317.629.471.406.856
573274,1,2,54,95,2,,,,,,,,2,,,,,,,,,,,,,,,54,317.629.471.406.856
573274,1,3,54,95,2,,,,,,,,1,2,,2,,,,,,150000,2,1,2,,2,54,317.629.471.406.856
573274,1,6,54,95,2,,,,,,,,2,,,,,,,,,,,,,,,54,317.629.471.406.856
573275,1,1,54,95,2,,,,,,,,2,,,,,,,,,,,,,,,54,361.781.564.491.522
573275,1,2,54,95,2,,,,,,,,2,,,,,,,,,,,,,,,54,361.781.564.491.522
573276,1,1,54,95,2,,,,,,,,2,,,,,,,,,,,,,,,54,331.169.260.119.188
573276,1,2,54,95,2,,,,,,,,2,,,,,,,,,,,,,,,54,331.169.260.119.188
573276,1,4,54,95,2,,,,,,,,2,,,,,,,,,,,,,,,54,331.169.260.119.188
573277,1,1,54,95,2,,,,,,,,2,,,,,,,,,,,,,,,54,340.472.988.232.078
573277,1,2,54,95,2,,,,,,,,2,,,,,,,,,,,,,,,54,340.472.988.232.078
573278,1,1,54,95,2,,,,,,,,1,2,,1,,,730000,,,,2,2,2,,2,54,32.046.960.667.183
573278,1,2,54,95,2,,,,,,,,2,,,,,,,,,,,,,,,54,32.046.960.667.183
573278,1,3,54,95,2,,,,,,,,2,,,,,,,,,,,,,,,54,32.046.960.667.183
573279,1,1,54,95,2,,,,,,,,1,2,,1,,,300000,,,800000,2,1,2,,2,54,348.093.729.344.895
573280,1,1,54,95,2,,,,,,,,2,,,,,,,,,,,,,,,54,352.477.836.378.633
573280,1,2,54,95,2,,,,,,,,2,,,,,,,,,,,,,,,54,352.477.836.378.633
573280,1,3,54,95,2,,,,,,,,2,,,,,,,,,,,,,,,54,352.477.836.378.633
573281,1,1,54,95,2,,,,,,,,2,,,,,,,,,,,,,,,54,266.247.677.716.328
573281,1,2,54,95,1,,2,1,,433700,,2,2,,,,,,,,,,,,,,,54,266.247.677.716.328
573282,1,1,54,95,2,,,,,,,,2,,,,,,,,,,,,,,,54,323.147.298.878.467
573282,1,2,54,95,2,,,,,,,,2,,,,,,,,,,,,,,,54,323.147.298.878.467
573283,1,1,54,95,2,,,,,,,,2,,,,,,,,,,,,,,,54,313.066.347.628.441
573283,1,2,54,95,2,,,,,,,,2,,,,,,,,,,,,,,,54,313.066.347.628.441
573283,1,3,54,95,2,,,,,,,,2,,,,,,,,,,,,,,,54,313.066.347.628.441
573284,1,1,54,95,2,,,,,,,,2,,,,,,,,,,,,,,,54,262.609.823.509.344
573284,1,2,54,95,2,,,,,,,,2,,,,,,,,,,,,,,,54,262.609.823.509.344
573284,1,3,54,95,2,,,,,,,,2,,,,,,,,,,,,,,,54,262.609.823.509.344
573285,1,1,54,95,2,,,,,,,,2,,,,,,,,,,,,,,,54,291.885.321.998.419
573285,1,2,54,95,2,,,,,,,,2,,,,,,,,,,,,,,,54,291.885.321.998.419
573285,1,3,54,95,2,,,,,,,,2,,,,,,,,,,,,,,,54,291.885.321.998.419
573285,1,4,54,95,2,,,,,,,,2,,,,,,,,,,,,,,,54,291.885.321.998.419
573285,1,5,54,95,2,,,,,,,,2,,,,,,,,,,,,,,,54,291.885.321.998.419
573286,1,1,54,95,2,,,,,,,,1,2,,2,,,,,,2400000,2,1,2,,2,54,307.722.078.594.356
573287,1,1,54,95,2,,,,,,,,2,,,,,,,,,,,,,,,54,314.783.877.834.731
573287,1,2,54,95,2,,,,,,,,2,,,,,,,,,,,,,,,54,314.783.877.834.731
573288,1,1,54,95,2,,,,,,,,2,,,,,,,,,,,,,,,54,267.207.839.716.674
573288,1,2,54,95,2,,,,,,,,2,,,,,,,,,,,,,,,54,267.207.839.716.674
573289,1,1,54,95,2,,,,,,,,2,,,,,,,,,,,,,,,54,271.517.052.808.127
573289,1,2,54,95,2,,,,,,,,2,,,,,,,,,,,,,,,54,271.517.052.808.127
573289,1,3,54,95,2,,,,,,,,2,,,,,,,,,,,,,,,54,271.517.052.808.127
573289,1,4,54,95,2,,,,,,,,2,,,,,,,,,,,,,,,54,271.517.052.808.127
573290,1,1,54,95,2,,,,,,,,2,,,,,,,,,,,,,,,54,309.428.493.421.457
573290,1,2,54,95,2,,,,,,,,2,,,,,,,,,,,,,,,54,309.428.493.421.457
573290,1,3,54,95,2,,,,,,,,2,,,,,,,,,,,,,,,54,309.428.493.421.457
573290,1,4,54,95,2,,,,,,,,2,,,,,,,,,,,,,,,54,309.428.493.421.457
573291,1,1,54,95,1,,2,1,,1100000,,2,2,,,,,,,,,,,,,,,54,3.239.817.334.511
573291,1,2,54,95,2,,,,,,,,2,,,,,,,,,,,,,,,54,3.239.817.334.511
573291,1,3,54,95,2,,,,,,,,1,2,,1,,,293000,,,,2,2,2,,2,54,3.239.817.334.511
573291,1,5,54,95,2,,,,,,,,2,,,,,,,,,,,,,,,54,3.239.817.334.511
573292,1,1,54,95,2,,,,,,,,2,,,,,,,,,,,,,,,54,27.814.308.871.438
573292,1,2,54,95,2,,,,,,,,2,,,,,,,,,,,,,,,54,27.814.308.871.438
573292,1,3,54,95,2,,,,,,,,2,,,,,,,,,,,,,,,54,27.814.308.871.438
573292,1,4,54,95,2,,,,,,,,2,,,,,,,,,,,,,,,54,27.814.308.871.438
573293,1,1,54,95,2,,,,,,,,2,,,,,,,,,,,,,,,54,337.378.934.036.288
573293,1,2,54,95,2,,,,,,,,2,,,,,,,,,,,,,,,54,337.378.934.036.288
573293,1,3,54,95,2,,,,,,,,2,,,,,,,,,,,,,,,54,337.378.934.036.288
573293,1,4,54,95,2,,,,,,,,2,,,,,,,,,,,,,,,54,337.378.934.036.288
573294,1,1,54,95,2,,,,,,,,2,,,,,,,,,,,,,,,54,35.515.552.858.527
573294,1,2,54,95,2,,,,,,,,2,,,,,,,,,,,,,,,54,35.515.552.858.527
573295,1,1,54,95,2,,,,,,,,2,,,,,,,,,,,,,,,54,35.515.552.858.527
573295,1,2,54,95,2,,,,,,,,2,,,,,,,,,,,,,,,54,35.515.552.858.527
573298,1,1,54,95,2,,,,,,,,2,,,,,,,,,,,,,,,54,325.483.531.282.089
573298,1,2,54,95,2,,,,,,,,2,,,,,,,,,,,,,,,54,325.483.531.282.089
573299,1,1,54,95,2,,,,,,,,2,,,,,,,,,,,,,,,54,314.783.877.834.731
573299,1,2,54,95,2,,,,,,,,2,,,,,,,,,,,,,,,54,314.783.877.834.731
573300,1,1,54,95,2,,,,,,,,1,2,,2,,,,,,12000000,2,1,2,,2,54,284.046.299.620.907
573300,1,2,54,95,2,,,,,,,,2,,,,,,,,,,,,,,,54,284.046.299.620.907
573300,1,3,54,95,2,,,,,,,,1,2,,2,2400000,,,,,,2,2,1,,2,54,284.046.299.620.907
573300,1,5,54,95,2,,,,,,,,2,,,,,,,,,,,,,,,54,284.046.299.620.907
573301,1,1,54,95,2,,,,,,,,1,2,,1,,,700000,,,,2,2,2,,2,54,290.361.846.034.528
573301,1,2,54,95,2,,,,,,,,2,,,,,,,,,,,,,,,54,290.361.846.034.528
573302,1,1,54,95,2,,,,,,,,2,,,,,,,,,,,,,,,54,272.314.771.750.137
573302,1,2,54,95,2,,,,,,,,2,,,,,,,,,,,,,,,54,272.314.771.750.137
573302,1,3,54,95,2,,,,,,,,2,,,,,,,,,,,,,,,54,272.314.771.750.137
573302,1,4,54,95,2,,,,,,,,2,,,,,,,,,,,,,,,54,272.314.771.750.137
573303,1,1,54,95,2,,,,,,,,2,,,,,,,,,,,,,,,54,300.101.337.481.539
573303,1,2,54,95,2,,,,,,,,2,,,,,,,,,,,,,,,54,300.101.337.481.539
573304,1,1,54,95,2,,,,,,,,2,,,,,,,,,,,,,,,54,579.674.894.736.606
573304,1,2,54,95,2,,,,,,,,2,,,,,,,,,,,,,,,54,579.674.894.736.606
573304,1,3,54,95,2,,,,,,,,2,,,,,,,,,,,,,,,54,579.674.894.736.606
573305,1,1,54,95,2,,,,,,,,2,,,,,,,,,,,,,,,54,592.926.966.549.111
573305,1,2,54,95,2,,,,,,,,2,,,,,,,,,,,,,,,54,592.926.966.549.111
573305,1,3,54,95,2,,,,,,,,2,,,,,,,,,,,,,,,54,592.926.966.549.111
573306,1,1,54,95,2,,,,,,,,2,,,,,,,,,,,,,,,54,642.819.827.481.967
573306,1,2,54,95,2,,,,,,,,2,,,,,,,,,,,,,,,54,642.819.827.481.967
573307,1,1,54,95,2,,,,,,,,2,,,,,,,,,,,,,,,54,723.563.128.983.044
573307,1,2,54,95,2,,,,,,,,2,,,,,,,,,,,,,,,54,723.563.128.983.044
573308,1,1,54,95,2,,,,,,,,2,,,,,,,,,,,,,,,54,305.044.386.387.719
573308,1,2,54,95,2,,,,,,,,2,,,,,,,,,,,,,,,54,305.044.386.387.719
573309,1,1,54,95,2,,,,,,,,2,,,,,,,,,,,,,,,54,283.157.005.080.786
573309,1,2,54,95,2,,,,,,,,2,,,,,,,,,,,,,,,54,283.157.005.080.786
573309,1,3,54,95,2,,,,,,,,2,,,,,,,,,,,,,,,54,283.157.005.080.786
573312,1,1,54,95,2,,,,,,,,2,,,,,,,,,,,,,,,54,276.947.331.163.686
573312,1,2,54,95,2,,,,,,,,1,2,,2,,,,,,200000,2,1,2,,2,54,276.947.331.163.686
573313,1,1,54,95,2,,,,,,,,2,,,,,,,,,,,,,,,54,277.420.263.714.654
573313,1,2,54,95,2,,,,,,,,2,,,,,,,,,,,,,,,54,277.420.263.714.654
573313,1,3,54,95,2,,,,,,,,2,,,,,,,,,,,,,,,54,277.420.263.714.654
573313,1,4,54,95,2,,,,,,,,2,,,,,,,,,,,,,,,54,277.420.263.714.654
573314,1,1,54,95,2,,,,,,,,2,,,,,,,,,,,,,,,54,368.407.600.397.775
573314,1,2,54,95,2,,,,,,,,2,,,,,,,,,,,,,,,54,368.407.600.397.775
573316,1,1,54,95,2,,,,,,,,2,,,,,,,,,,,,,,,54,352.477.836.378.633
573316,1,2,54,95,2,,,,,,,,2,,,,,,,,,,,,,,,54,352.477.836.378.633
573316,1,3,54,95,2,,,,,,,,2,,,,,,,,,,,,,,,54,352.477.836.378.633
573318,1,1,54,95,2,,,,,,,,2,,,,,,,,,,,,,,,54,286.057.005.034.176
573318,1,2,54,95,2,,,,,,,,2,,,,,,,,,,,,,,,54,286.057.005.034.176
573318,1,3,54,95,2,,,,,,,,2,,,,,,,,,,,,,,,54,286.057.005.034.176
573318,1,4,54,95,2,,,,,,,,2,,,,,,,,,,,,,,,54,286.057.005.034.176
573318,1,6,54,95,2,,,,,,,,2,,,,,,,,,,,,,,,54,286.057.005.034.176
573319,1,1,54,95,2,,,,,,,,2,,,,,,,,,,,,,,,54,271.517.052.808.127
573319,1,2,54,95,2,,,,,,,,2,,,,,,,,,,,,,,,54,271.517.052.808.127
573319,1,3,54,95,2,,,,,,,,2,,,,,,,,,,,,,,,54,271.517.052.808.127
573319,1,4,54,95,2,,,,,,,,2,,,,,,,,,,,,,,,54,271.517.052.808.127
573320,1,1,54,95,2,,,,,,,,2,,,,,,,,,,,,,,,54,293.058.939.586.134
573320,1,2,54,95,2,,,,,,,,2,,,,,,,,,,,,,,,54,293.058.939.586.134
573320,1,3,54,95,2,,,,,,,,2,,,,,,,,,,,,,,,54,293.058.939.586.134
573321,1,1,54,95,2,,,,,,,,2,,,,,,,,,,,,,,,54,35.515.552.858.527
573321,1,2,54,95,2,,,,,,,,2,,,,,,,,,,,,,,,54,35.515.552.858.527
573322,1,1,54,95,1,,1,2,,,40000,2,2,,,,,,,,,,,,,,,54,258.432.882.361.111
573322,1,2,54,95,2,,,,,,,,2,,,,,,,,,,,,,,,54,258.432.882.361.111
573322,1,3,54,95,2,,,,,,,,2,,,,,,,,,,,,,,,54,258.432.882.361.111
573322,1,4,54,95,2,,,,,,,,2,,,,,,,,,,,,,,,54,258.432.882.361.111
573322,1,5,54,95,2,,,,,,,,2,,,,,,,,,,,,,,,54,258.432.882.361.111
573322,1,6,54,95,2,,,,,,,,2,,,,,,,,,,,,,,,54,258.432.882.361.111
573322,1,7,54,95,2,,,,,,,,2,,,,,,,,,,,,,,,54,258.432.882.361.111
573323,1,1,54,95,2,,,,,,,,2,,,,,,,,,,,,,,,54,395.527.179.335.808
573323,1,2,54,95,2,,,,,,,,2,,,,,,,,,,,,,,,54,395.527.179.335.808
573324,1,1,54,95,2,,,,,,,,2,,,,,,,,,,,,,,,54,306.619.328.466.866
573324,1,3,54,95,2,,,,,,,,2,,,,,,,,,,,,,,,54,306.619.328.466.866
573325,1,1,54,95,2,,,,,,,,2,,,,,,,,,,,,,,,54,341.219.241.058.832
573325,1,2,54,95,2,,,,,,,,2,,,,,,,,,,,,,,,54,341.219.241.058.832
573325,1,3,54,95,2,,,,,,,,2,,,,,,,,,,,,,,,54,341.219.241.058.832
573325,1,5,54,95,2,,,,,,,,2,,,,,,,,,,,,,,,54,341.219.241.058.832
573325,1,6,54,95,2,,,,,,,,2,,,,,,,,,,,,,,,54,341.219.241.058.832
573326,1,1,54,95,2,,,,,,,,2,,,,,,,,,,,,,,,54,374.218.603.076.364
573326,1,2,54,95,2,,,,,,,,2,,,,,,,,,,,,,,,54,374.218.603.076.364
573327,1,1,54,95,2,,,,,,,,1,2,,2,,,,,,960000,2,1,2,,2,54,204.281.820.865.834
573327,1,2,54,95,2,,,,,,,,2,,,,,,,,,,,,,,,54,204.281.820.865.834
573327,1,3,54,95,1,,2,1,,450000,,2,2,,,,,,,,,,,,,,,54,204.281.820.865.834
573327,1,4,54,95,2,,,,,,,,2,,,,,,,,,,,,,,,54,204.281.820.865.834
573327,1,5,54,95,2,,,,,,,,2,,,,,,,,,,,,,,,54,204.281.820.865.834
573328,1,1,54,95,2,,,,,,,,2,,,,,,,,,,,,,,,54,300.101.337.481.539
573328,1,2,54,95,2,,,,,,,,2,,,,,,,,,,,,,,,54,300.101.337.481.539
573329,1,1,54,95,2,,,,,,,,2,,,,,,,,,,,,,,,54,310.481.662.845.008
573329,1,2,54,95,2,,,,,,,,2,,,,,,,,,,,,,,,54,310.481.662.845.008
573329,2,1,54,95,2,,,,,,,,1,2,,2,,,,,,3600000,2,1,2,,2,54,310.481.662.845.008
573329,2,3,54,95,2,,,,,,,,2,,,,,,,,,,,,,,,54,310.481.662.845.008
573329,2,4,54,95,2,,,,,,,,2,,,,,,,,,,,,,,,54,310.481.662.845.008
573329,3,1,54,95,2,,,,,,,,2,,,,,,,,,,,,,,,54,310.481.662.845.008
573329,3,2,54,95,2,,,,,,,,2,,,,,,,,,,,,,,,54,310.481.662.845.008
573330,1,1,54,95,2,,,,,,,,2,,,,,,,,,,,,,,,54,372.064.855.949.728
573330,1,2,54,95,2,,,,,,,,2,,,,,,,,,,,,,,,54,372.064.855.949.728
573330,1,3,54,95,2,,,,,,,,2,,,,,,,,,,,,,,,54,372.064.855.949.728
573331,1,1,54,95,2,,,,,,,,2,,,,,,,,,,,,,,,54,242.952.623.065.909
573331,1,2,54,95,2,,,,,,,,2,,,,,,,,,,,,,,,54,242.952.623.065.909
573331,1,3,54,95,2,,,,,,,,2,,,,,,,,,,,,,,,54,242.952.623.065.909
573331,1,4,54,95,2,,,,,,,,2,,,,,,,,,,,,,,,54,242.952.623.065.909
573331,1,5,54,95,2,,,,,,,,2,,,,,,,,,,,,,,,54,242.952.623.065.909
573331,1,6,54,95,2,,,,,,,,2,,,,,,,,,,,,,,,54,242.952.623.065.909
573331,1,7,54,95,2,,,,,,,,2,,,,,,,,,,,,,,,54,242.952.623.065.909
573332,1,1,54,95,2,,,,,,,,2,,,,,,,,,,,,,,,54,284.482.062.955.029
573332,1,2,54,95,2,,,,,,,,2,,,,,,,,,,,,,,,54,284.482.062.955.029
573332,1,3,54,95,2,,,,,,,,2,,,,,,,,,,,,,,,54,284.482.062.955.029
573332,1,4,54,95,2,,,,,,,,2,,,,,,,,,,,,,,,54,284.482.062.955.029
573332,1,5,54,95,2,,,,,,,,2,,,,,,,,,,,,,,,54,284.482.062.955.029
573333,1,1,54,95,1,,1,2,,,50000,2,2,,,,,,,,,,,,,,,54,318.421.732.041.715
573334,1,1,54,95,2,,,,,,,,1,2,,2,,,,,,960000,2,1,2,,2,54,320.974.150.406.861
573335,1,1,54,95,2,,,,,,,,1,2,,2,,,,,,100000,2,1,2,,2,54,381.772.534.564.677
573335,1,2,54,95,2,,,,,,,,2,,,,,,,,,,,,,,,54,381.772.534.564.677
573335,1,3,54,95,2,,,,,,,,2,,,,,,,,,,,,,,,54,381.772.534.564.677
573335,1,5,54,95,2,,,,,,,,2,,,,,,,,,,,,,,,54,381.772.534.564.677
573335,1,6,54,95,2,,,,,,,,2,,,,,,,,,,,,,,,54,381.772.534.564.677
573335,1,7,54,95,2,,,,,,,,2,,,,,,,,,,,,,,,54,381.772.534.564.677
573337,1,1,54,95,2,,,,,,,,2,,,,,,,,,,,,,,,54,358.377.020.803.101
573337,1,2,54,95,2,,,,,,,,2,,,,,,,,,,,,,,,54,358.377.020.803.101
573338,1,1,54,95,2,,,,,,,,2,,,,,,,,,,,,,,,54,312.649.985.639.288
573338,1,2,54,95,2,,,,,,,,2,,,,,,,,,,,,,,,54,312.649.985.639.288
573338,1,3,54,95,2,,,,,,,,2,,,,,,,,,,,,,,,54,312.649.985.639.288
573338,1,4,54,95,2,,,,,,,,2,,,,,,,,,,,,,,,54,312.649.985.639.288
573339,1,1,54,95,2,,,,,,,,2,,,,,,,,,,,,,,,54,313.681.127.707.241
573339,1,2,54,95,2,,,,,,,,2,,,,,,,,,,,,,,,54,313.681.127.707.241
573339,1,4,54,95,2,,,,,,,,2,,,,,,,,,,,,,,,54,313.681.127.707.241
573340,1,1,54,95,1,,1,2,,,210000,2,2,,,,,,,,,,,,,,,54,321.643.224.259.546
573341,1,1,54,95,2,,,,,,,,2,,,,,,,,,,,,,,,54,300.101.337.481.539
573341,1,2,54,95,2,,,,,,,,2,,,,,,,,,,,,,,,54,300.101.337.481.539
573342,1,1,54,95,2,,,,,,,,2,,,,,,,,,,,,,,,54,411.536.209.388.336
573342,1,2,54,95,2,,,,,,,,2,,,,,,,,,,,,,,,54,411.536.209.388.336
573342,1,3,54,95,2,,,,,,,,2,,,,,,,,,,,,,,,54,411.536.209.388.336
573342,1,4,54,95,2,,,,,,,,2,,,,,,,,,,,,,,,54,411.536.209.388.336
573342,1,6,54,95,2,,,,,,,,2,,,,,,,,,,,,,,,54,411.536.209.388.336
573342,1,7,54,95,2,,,,,,,,2,,,,,,,,,,,,,,,54,411.536.209.388.336
573343,1,1,54,95,2,,,,,,,,1,2,,2,,,,,,4800000,2,1,2,,2,54,269.885.531.923.311
573344,1,1,54,95,2,,,,,,,,2,,,,,,,,,,,,,,,54,287.159.755.161.666
573344,1,2,54,95,2,,,,,,,,2,,,,,,,,,,,,,,,54,287.159.755.161.666
573344,1,3,54,95,2,,,,,,,,2,,,,,,,,,,,,,,,54,287.159.755.161.666
573344,1,4,54,95,2,,,,,,,,2,,,,,,,,,,,,,,,54,287.159.755.161.666
573345,1,1,54,95,2,,,,,,,,2,,,,,,,,,,,,,,,54,332.237.005.210.383
573345,1,2,54,95,2,,,,,,,,2,,,,,,,,,,,,,,,54,332.237.005.210.383
573345,1,3,54,95,2,,,,,,,,2,,,,,,,,,,,,,,,54,332.237.005.210.383
573345,1,5,54,95,2,,,,,,,,2,,,,,,,,,,,,,,,54,332.237.005.210.383
573346,1,1,54,95,2,,,,,,,,2,,,,,,,,,,,,,,,54,368.407.600.397.775
573346,1,2,54,95,2,,,,,,,,2,,,,,,,,,,,,,,,54,368.407.600.397.775
573347,1,1,54,95,1,,1,2,,,140000,2,2,,,,,,,,,,,,,,,54,27.749.113.117.488
573347,1,2,54,95,2,,,,,,,,2,,,,,,,,,,,,,,,54,27.749.113.117.488
573347,1,3,54,95,2,,,,,,,,2,,,,,,,,,,,,,,,54,27.749.113.117.488
573348,1,1,54,95,2,,,,,,,,2,,,,,,,,,,,,,,,54,338.572.519.162.578
573348,1,2,54,95,2,,,,,,,,2,,,,,,,,,,,,,,,54,338.572.519.162.578
573348,1,3,54,95,2,,,,,,,,2,,,,,,,,,,,,,,,54,338.572.519.162.578
573349,1,1,54,95,2,,,,,,,,2,,,,,,,,,,,,,,,54,358.143.710.284.538
573349,1,3,54,95,2,,,,,,,,2,,,,,,,,,,,,,,,54,358.143.710.284.538
573349,1,4,54,95,2,,,,,,,,2,,,,,,,,,,,,,,,54,358.143.710.284.538
573350,1,1,54,95,2,,,,,,,,2,,,,,,,,,,,,,,,54,29.990.728.323.914
573350,1,2,54,95,2,,,,,,,,2,,,,,,,,,,,,,,,54,29.990.728.323.914
573350,1,3,54,95,2,,,,,,,,2,,,,,,,,,,,,,,,54,29.990.728.323.914
573350,1,4,54,95,2,,,,,,,,2,,,,,,,,,,,,,,,54,29.990.728.323.914
573350,1,5,54,95,2,,,,,,,,2,,,,,,,,,,,,,,,54,29.990.728.323.914
573350,1,6,54,95,2,,,,,,,,2,,,,,,,,,,,,,,,54,29.990.728.323.914
573351,1,1,54,95,2,,,,,,,,2,,,,,,,,,,,,,,,54,345.059.539.837.522
573351,1,2,54,95,2,,,,,,,,2,,,,,,,,,,,,,,,54,345.059.539.837.522
573351,1,3,54,95,2,,,,,,,,2,,,,,,,,,,,,,,,54,345.059.539.837.522
573351,1,6,54,95,2,,,,,,,,2,,,,,,,,,,,,,,,54,345.059.539.837.522
573351,1,7,54,95,2,,,,,,,,2,,,,,,,,,,,,,,,54,345.059.539.837.522
573351,1,8,54,95,2,,,,,,,,1,2,,1,,,1000000,,,,2,2,2,,2,54,345.059.539.837.522
573352,1,1,54,95,1,,2,1,,900000,,2,2,,,,,,,,,,,,,,,54,269.885.531.923.311
573353,1,1,54,95,2,,,,,,,,1,2,,2,,,,,,12000000,2,1,2,,2,54,307.722.078.594.356
573354,1,1,54,95,2,,,,,,,,2,,,,,,,,,,,,,,,54,361.781.564.491.522
573354,1,2,54,95,2,,,,,,,,2,,,,,,,,,,,,,,,54,361.781.564.491.522
573356,1,1,54,95,2,,,,,,,,1,2,,2,,,,,,,2,2,2,400000,1,54,402.153.215.242.061
573356,1,2,54,95,2,,,,,,,,2,,,,,,,,,,,,,,,54,402.153.215.242.061
573357,1,1,54,95,2,,,,,,,,1,2,,2,6000000,,,,,,2,2,1,,2,54,359.539.635.619.007
573357,1,2,54,95,2,,,,,,,,2,,,,,,,,,,,,,,,54,359.539.635.619.007
573357,1,3,54,95,2,,,,,,,,2,,,,,,,,,,,,,,,54,359.539.635.619.007
573357,1,4,54,95,2,,,,,,,,2,,,,,,,,,,,,,,,54,359.539.635.619.007
573358,1,1,54,95,2,,,,,,,,2,,,,,,,,,,,,,,,54,303.326.856.181.429
573358,1,2,54,95,2,,,,,,,,2,,,,,,,,,,,,,,,54,303.326.856.181.429
573358,1,3,54,95,2,,,,,,,,2,,,,,,,,,,,,,,,54,303.326.856.181.429
573359,1,1,54,95,2,,,,,,,,2,,,,,,,,,,,,,,,54,279.413.740.207.358
573359,1,2,54,95,2,,,,,,,,2,,,,,,,,,,,,,,,54,279.413.740.207.358
573359,1,3,54,95,2,,,,,,,,2,,,,,,,,,,,,,,,54,279.413.740.207.358
573359,1,4,54,95,2,,,,,,,,2,,,,,,,,,,,,,,,54,279.413.740.207.358
573359,1,6,54,95,2,,,,,,,,2,,,,,,,,,,,,,,,54,279.413.740.207.358
573359,1,7,54,95,2,,,,,,,,2,,,,,,,,,,,,,,,54,279.413.740.207.358
573365,1,1,54,95,2,,,,,,,,2,,,,,,,,,,,,,,,54,402.153.215.242.061
573365,1,2,54,95,2,,,,,,,,2,,,,,,,,,,,,,,,54,402.153.215.242.061
573366,1,1,54,95,2,,,,,,,,1,2,,2,800000,,,,,,2,2,1,,2,54,295.360.733.147.066
573366,1,2,54,95,2,,,,,,,,2,,,,,,,,,,,,,,,54,295.360.733.147.066
573366,1,3,54,95,2,,,,,,,,1,2,,2,,,,,,,2,2,2,350000,1,54,295.360.733.147.066
573366,1,6,54,95,2,,,,,,,,1,2,,2,,,,,,600000,2,1,2,,2,54,295.360.733.147.066
573367,1,1,54,95,2,,,,,,,,2,,,,,,,,,,,,,,,54,2.578.292.176.615
573367,1,2,54,95,2,,,,,,,,2,,,,,,,,,,,,,,,54,2.578.292.176.615
573367,1,3,54,95,2,,,,,,,,2,,,,,,,,,,,,,,,54,2.578.292.176.615
573368,1,1,54,95,2,,,,,,,,2,,,,,,,,,,,,,,,54,328.035.949.647.236
573368,1,2,54,95,2,,,,,,,,1,2,,2,,,,,,,2,2,2,700000,1,54,328.035.949.647.236
573369,1,1,54,95,2,,,,,,,,1,2,,2,,,,,,,2,2,2,1000000,1,54,253.196.658.247.952
573369,1,2,54,95,2,,,,,,,,2,,,,,,,,,,,,,,,54,253.196.658.247.952
573369,1,3,54,95,2,,,,,,,,2,,,,,,,,,,,,,,,54,253.196.658.247.952
573369,1,4,54,95,2,,,,,,,,2,,,,,,,,,,,,,,,54,253.196.658.247.952
573369,1,5,54,95,2,,,,,,,,2,,,,,,,,,,,,,,,54,253.196.658.247.952
573370,1,1,54,95,2,,,,,,,,2,,,,,,,,,,,,,,,54,321.409.913.740.983
573370,1,2,54,95,2,,,,,,,,1,2,,2,,,,,,1200000,2,1,2,,2,54,321.409.913.740.983
573371,1,1,54,95,2,,,,,,,,2,,,,,,,,,,,,,,,54,318.732.221.534.346
573371,1,2,54,95,2,,,,,,,,2,,,,,,,,,,,,,,,54,318.732.221.534.346
573371,1,3,54,95,2,,,,,,,,2,,,,,,,,,,,,,,,54,318.732.221.534.346
573372,1,1,54,95,2,,,,,,,,2,,,,,,,,,,,,,,,54,321.409.913.740.983
573372,1,2,54,95,2,,,,,,,,2,,,,,,,,,,,,,,,54,321.409.913.740.983
573373,1,1,54,95,2,,,,,,,,2,,,,,,,,,,,,,,,54,256.857.940.281.964
573373,1,2,54,95,2,,,,,,,,2,,,,,,,,,,,,,,,54,256.857.940.281.964
573373,1,3,54,95,2,,,,,,,,2,,,,,,,,,,,,,,,54,256.857.940.281.964
573373,1,4,54,95,2,,,,,,,,2,,,,,,,,,,,,,,,54,256.857.940.281.964
573373,1,5,54,95,2,,,,,,,,2,,,,,,,,,,,,,,,54,256.857.940.281.964
573373,1,6,54,95,2,,,,,,,,1,2,,2,,,,,,,2,2,2,500000,1,54,256.857.940.281.964
573373,1,7,54,95,2,,,,,,,,1,2,,2,,,,,,500000,2,1,2,,2,54,256.857.940.281.964
573374,1,1,54,95,2,,,,,,,,1,2,,2,,,,,,3000000,2,1,2,,2,54,302.149.212.111.655
573374,1,2,54,95,2,,,,,,,,2,,,,,,,,,,,,,,,54,302.149.212.111.655
573374,1,3,54,95,2,,,,,,,,2,,,,,,,,,,,,,,,54,302.149.212.111.655
573374,1,4,54,95,2,,,,,,,,2,,,,,,,,,,,,,,,54,302.149.212.111.655
573375,1,1,54,95,2,,,,,,,,2,,,,,,,,,,,,,,,54,28.086.003.719.718
573375,1,2,54,95,2,,,,,,,,2,,,,,,,,,,,,,,,54,28.086.003.719.718
573375,1,3,54,95,2,,,,,,,,1,2,,2,,,,,,,2,2,2,400000,1,54,28.086.003.719.718
573375,1,4,54,95,2,,,,,,,,2,,,,,,,,,,,,,,,54,28.086.003.719.718
573375,1,5,54,95,2,,,,,,,,1,2,,2,,,,,,250000,2,1,2,,2,54,28.086.003.719.718
573375,1,6,54,95,2,,,,,,,,2,,,,,,,,,,,,,,,54,28.086.003.719.718
573376,1,1,54,95,2,,,,,,,,2,,,,,,,,,,,,,,,54,333.633.043.152.233
573376,1,2,54,95,2,,,,,,,,2,,,,,,,,,,,,,,,54,333.633.043.152.233
573376,1,4,54,95,2,,,,,,,,1,2,,2,,,,,,12000000,2,1,2,,2,54,333.633.043.152.233
573376,1,5,54,95,2,,,,,,,,2,,,,,,,,,,,,,,,54,333.633.043.152.233
573376,1,6,54,95,2,,,,,,,,2,,,,,,,,,,,,,,,54,333.633.043.152.233
573377,1,1,54,95,1,,2,1,,900000,,2,1,2,,2,,,,,,20000000,2,1,2,,2,54,280.168.823.381.517
573377,1,2,54,95,2,,,,,,,,1,2,,2,,,,,,,2,2,2,2500000,1,54,280.168.823.381.517
573381,1,1,54,95,1,,1,2,,,400000,2,1,2,,2,12000000,,,,,,2,2,1,,2,54,290.672.335.527.159
573381,1,2,54,95,2,,,,,,,,1,2,,2,,,,,,160000,2,1,2,,2,54,290.672.335.527.159
573381,1,5,54,95,2,,,,,,,,2,,,,,,,,,,,,,,,54,290.672.335.527.159
573381,1,6,54,95,2,,,,,,,,1,2,,2,,,,,,150000,2,1,2,,2,54,290.672.335.527.159
573383,1,1,54,95,2,,,,,,,,1,2,,2,,,,,,1500000,2,1,2,,2,54,285.752.714.448.008
573383,1,2,54,95,2,,,,,,,,2,,,,,,,,,,,,,,,54,285.752.714.448.008
573383,1,3,54,95,2,,,,,,,,2,,,,,,,,,,,,,,,54,285.752.714.448.008
573383,1,4,54,95,2,,,,,,,,2,,,,,,,,,,,,,,,54,285.752.714.448.008
573383,1,5,54,95,2,,,,,,,,1,2,,2,,,,,,,2,2,2,600000,1,54,285.752.714.448.008
573383,1,6,54,95,2,,,,,,,,2,,,,,,,,,,,,,,,54,285.752.714.448.008
573383,1,7,54,95,2,,,,,,,,2,,,,,,,,,,,,,,,54,285.752.714.448.008
573385,1,1,54,95,2,,,,,,,,2,,,,,,,,,,,,,,,54,35.515.552.858.527
573385,1,2,54,95,2,,,,,,,,2,,,,,,,,,,,,,,,54,35.515.552.858.527
573386,1,1,54,95,2,,,,,,,,2,,,,,,,,,,,,,,,54,349.800.144.171.996
573386,1,2,54,95,2,,,,,,,,2,,,,,,,,,,,,,,,54,349.800.144.171.996
573386,1,3,54,95,2,,,,,,,,2,,,,,,,,,,,,,,,54,349.800.144.171.996
573386,1,4,54,95,2,,,,,,,,2,,,,,,,,,,,,,,,54,349.800.144.171.996
573389,1,1,54,95,2,,,,,,,,1,2,,2,,,,,,2400000,2,1,2,,2,54,395.091.416.001.686
573392,1,1,54,95,2,,,,,,,,2,,,,,,,,,,,,,,,54,314.348.114.500.609
573393,1,1,54,95,2,,,,,,,,2,,,,,,,,,,,,,,,54,312.106.185.628.094
573393,1,2,54,95,2,,,,,,,,2,,,,,,,,,,,,,,,54,312.106.185.628.094
573393,1,3,54,95,2,,,,,,,,2,,,,,,,,,,,,,,,54,312.106.185.628.094
573394,1,1,54,95,1,,1,2,,,120000,2,2,,,,,,,,,,,,,,,54,285.517.464.506.703
573394,1,2,54,95,2,,,,,,,,2,,,,,,,,,,,,,,,54,285.517.464.506.703
573394,1,3,54,95,2,,,,,,,,2,,,,,,,,,,,,,,,54,285.517.464.506.703
573394,1,4,54,95,2,,,,,,,,2,,,,,,,,,,,,,,,54,285.517.464.506.703
573394,1,5,54,95,2,,,,,,,,2,,,,,,,,,,,,,,,54,285.517.464.506.703
573394,1,6,54,95,2,,,,,,,,2,,,,,,,,,,,,,,,54,285.517.464.506.703
573394,2,1,54,95,2,,,,,,,,2,,,,,,,,,,,,,,,54,285.517.464.506.703
573394,2,2,54,95,2,,,,,,,,2,,,,,,,,,,,,,,,54,285.517.464.506.703
573394,2,3,54,95,2,,,,,,,,2,,,,,,,,,,,,,,,54,285.517.464.506.703
573395,1,1,54,95,2,,,,,,,,2,,,,,,,,,,,,,,,54,35.515.552.858.527
573395,1,2,54,95,2,,,,,,,,2,,,,,,,,,,,,,,,54,35.515.552.858.527
573396,1,1,54,95,1,,1,2,,,300000,2,2,,,,,,,,,,,,,,,54,269.885.531.923.311
573397,1,1,54,95,1,,2,1,,98,,2,2,,,,,,,,,,,,,,,54,266.247.677.716.328
573397,1,2,54,95,2,,,,,,,,1,2,,2,,,,,,2000000,2,1,2,,2,54,266.247.677.716.328
573399,1,1,54,95,2,,,,,,,,2,,,,,,,,,,,,,,,54,395.527.179.335.808
573399,1,2,54,95,2,,,,,,,,2,,,,,,,,,,,,,,,54,395.527.179.335.808
573400,1,1,54,95,2,,,,,,,,1,2,,2,,,,,,4800000,2,1,2,,2,54,321.643.224.259.546
573401,1,1,54,95,2,,,,,,,,2,,,,,,,,,,,,,,,54,274.269.638.957.049
573401,1,2,54,95,2,,,,,,,,2,,,,,,,,,,,,,,,54,274.269.638.957.049
573401,1,3,54,95,2,,,,,,,,2,,,,,,,,,,,,,,,54,274.269.638.957.049
573402,1,1,54,95,2,,,,,,,,2,,,,,,,,,,,,,,,54,318.421.732.041.715
573403,1,1,54,95,1,,1,2,,,80000,2,2,,,,,,,,,,,,,,,54,305.806.467.663.608
573403,1,2,54,95,2,,,,,,,,2,,,,,,,,,,,,,,,54,305.806.467.663.608
573403,1,3,54,95,2,,,,,,,,2,,,,,,,,,,,,,,,54,305.806.467.663.608
573403,1,4,54,95,2,,,,,,,,2,,,,,,,,,,,,,,,54,305.806.467.663.608
573403,1,5,54,95,2,,,,,,,,2,,,,,,,,,,,,,,,54,305.806.467.663.608
573404,1,1,54,95,2,,,,,,,,2,,,,,,,,,,,,,,,54,352.477.836.378.633
573404,1,2,54,95,2,,,,,,,,2,,,,,,,,,,,,,,,54,352.477.836.378.633
573404,1,3,54,95,2,,,,,,,,2,,,,,,,,,,,,,,,54,352.477.836.378.633
573405,1,1,54,95,2,,,,,,,,2,,,,,,,,,,,,,,,54,273.309.476.956.702
573405,1,2,54,95,2,,,,,,,,2,,,,,,,,,,,,,,,54,273.309.476.956.702
573405,1,3,54,95,2,,,,,,,,2,,,,,,,,,,,,,,,54,273.309.476.956.702
573406,1,1,54,95,1,,1,2,,,80000,2,2,,,,,,,,,,,,,,,54,311.888.703.558.666
573406,1,2,54,95,2,,,,,,,,2,,,,,,,,,,,,,,,54,311.888.703.558.666
573406,1,3,54,95,2,,,,,,,,2,,,,,,,,,,,,,,,54,311.888.703.558.666
573406,2,1,54,95,2,,,,,,,,1,2,,2,,,,,,1200000,2,1,2,,2,54,311.888.703.558.666
573407,1,1,54,95,2,,,,,,,,2,,,,,,,,,,,,,,,54,321.409.913.740.983
573407,1,2,54,95,2,,,,,,,,2,,,,,,,,,,,,,,,54,321.409.913.740.983
573408,1,1,54,95,2,,,,,,,,2,,,,,,,,,,,,,,,54,298.728.839.974.099
573408,1,2,54,95,2,,,,,,,,2,,,,,,,,,,,,,,,54,298.728.839.974.099
573408,1,3,54,95,2,,,,,,,,2,,,,,,,,,,,,,,,54,298.728.839.974.099
573408,1,4,54,95,2,,,,,,,,2,,,,,,,,,,,,,,,54,298.728.839.974.099
573409,1,1,54,95,2,,,,,,,,2,,,,,,,,,,,,,,,54,314.783.877.834.731
573409,1,2,54,95,2,,,,,,,,2,,,,,,,,,,,,,,,54,314.783.877.834.731
573410,1,1,54,95,2,,,,,,,,2,,,,,,,,,,,,,,,54,290.381.247.379.497
573410,1,2,54,95,2,,,,,,,,2,,,,,,,,,,,,,,,54,290.381.247.379.497
573410,1,3,54,95,2,,,,,,,,2,,,,,,,,,,,,,,,54,290.381.247.379.497
573410,1,4,54,95,2,,,,,,,,2,,,,,,,,,,,,,,,54,290.381.247.379.497
573412,1,1,54,95,2,,,,,,,,2,,,,,,,,,,,,,,,54,331.693.205.199.189
573412,1,2,54,95,2,,,,,,,,2,,,,,,,,,,,,,,,54,331.693.205.199.189
573412,1,4,54,95,2,,,,,,,,2,,,,,,,,,,,,,,,54,331.693.205.199.189
573413,1,1,54,95,2,,,,,,,,2,,,,,,,,,,,,,,,54,280.097.955.921.291
573413,1,2,54,95,2,,,,,,,,2,,,,,,,,,,,,,,,54,280.097.955.921.291
573413,1,3,54,95,2,,,,,,,,2,,,,,,,,,,,,,,,54,280.097.955.921.291
573414,1,1,54,95,1,,2,1,,433700,,2,2,,,,,,,,,,,,,,,54,319.890.801.624.341
573414,1,2,54,95,1,,1,2,,,350000,2,2,,,,,,,,,,,,,,,54,319.890.801.624.341
573414,1,3,54,95,2,,,,,,,,2,,,,,,,,,,,,,,,54,319.890.801.624.341
573414,1,4,54,95,2,,,,,,,,2,,,,,,,,,,,,,,,54,319.890.801.624.341
573415,1,1,54,95,2,,,,,,,,2,,,,,,,,,,,,,,,54,282.775.648.127.928
573415,1,2,54,95,2,,,,,,,,2,,,,,,,,,,,,,,,54,282.775.648.127.928
573416,1,1,54,95,2,,,,,,,,2,,,,,,,,,,,,,,,54,330.209.098.118.842
573416,1,2,54,95,2,,,,,,,,2,,,,,,,,,,,,,,,54,330.209.098.118.842
573416,1,3,54,95,2,,,,,,,,1,2,,2,500000,,,,,,2,2,1,,2,54,330.209.098.118.842
573662,1,1,66,95,2,,,,,,,,2,,,,,,,,,,,,,,,66,238.512.975.670.827
573662,1,2,66,95,2,,,,,,,,2,,,,,,,,,,,,,,,66,238.512.975.670.827
573662,1,3,66,95,2,,,,,,,,2,,,,,,,,,,,,,,,66,238.512.975.670.827
573663,1,1,66,95,2,,,,,,,,1,2,,2,,,,,,3600000,2,1,2,,2,66,240.279.049.094.418
573663,1,2,66,95,2,,,,,,,,2,,,,,,,,,,,,,,,66,240.279.049.094.418
573663,1,3,66,95,2,,,,,,,,2,,,,,,,,,,,,,,,66,240.279.049.094.418
573664,1,1,66,95,2,,,,,,,,2,,,,,,,,,,,,,,,66,266.854.211.645.349
573664,1,2,66,95,2,,,,,,,,2,,,,,,,,,,,,,,,66,266.854.211.645.349
573664,1,3,66,95,2,,,,,,,,2,,,,,,,,,,,,,,,66,266.854.211.645.349
573665,1,1,66,95,1,,1,2,,,550000,2,2,,,,,,,,,,,,,,,66,260.075.009.841.923
573665,1,2,66,95,2,,,,,,,,2,,,,,,,,,,,,,,,66,260.075.009.841.923
573666,1,1,66,95,1,,2,1,,433700,,2,2,,,,,,,,,,,,,,,66,241.919.258.464.738
573666,1,2,66,95,1,,1,2,,,120000,2,2,,,,,,,,,,,,,,,66,241.919.258.464.738
573667,1,1,66,95,2,,,,,,,,2,,,,,,,,,,,,,,,66,319.543.726.538.635
573667,1,2,66,95,2,,,,,,,,2,,,,,,,,,,,,,,,66,319.543.726.538.635
573667,1,3,66,95,2,,,,,,,,2,,,,,,,,,,,,,,,66,319.543.726.538.635
573668,1,1,66,95,2,,,,,,,,2,,,,,,,,,,,,,,,66,256.351.672.584.711
573668,1,2,66,95,2,,,,,,,,2,,,,,,,,,,,,,,,66,256.351.672.584.711
573669,1,1,66,95,2,,,,,,,,2,,,,,,,,,,,,,,,66,241.920.810.402.398
573669,1,2,66,95,2,,,,,,,,2,,,,,,,,,,,,,,,66,241.920.810.402.398
573669,1,3,66,95,2,,,,,,,,2,,,,,,,,,,,,,,,66,241.920.810.402.398
573669,1,4,66,95,2,,,,,,,,2,,,,,,,,,,,,,,,66,241.920.810.402.398
573669,1,7,66,95,2,,,,,,,,2,,,,,,,,,,,,,,,66,241.920.810.402.398
573670,1,1,66,95,2,,,,,,,,2,,,,,,,,,,,,,,,66,263.184.877.710.007
573670,1,2,66,95,2,,,,,,,,2,,,,,,,,,,,,,,,66,263.184.877.710.007
573670,1,3,66,95,2,,,,,,,,1,2,,2,1200000,,,,,,2,2,1,,2,66,263.184.877.710.007
573670,1,4,66,95,2,,,,,,,,2,,,,,,,,,,,,,,,66,263.184.877.710.007
573671,1,1,66,95,2,,,,,,,,1,2,,2,4800000,,,,,,2,2,1,,2,66,243.948.383.029.759
573671,1,2,66,95,2,,,,,,,,1,2,,2,,,,,,6000000,2,1,2,,2,66,243.948.383.029.759
573672,1,1,66,95,1,,2,1,,433700,,2,2,,,,,,,,,,,,,,,66,202.570.020.684.191
573672,1,2,66,95,2,,,,,,,,2,,,,,,,,,,,,,,,66,202.570.020.684.191
573672,1,3,66,95,2,,,,,,,,2,,,,,,,,,,,,,,,66,202.570.020.684.191
573672,1,4,66,95,2,,,,,,,,2,,,,,,,,,,,,,,,66,202.570.020.684.191
573672,1,5,66,95,2,,,,,,,,2,,,,,,,,,,,,,,,66,202.570.020.684.191
573673,1,1,66,95,2,,,,,,,,1,2,,2,,,,,,12000000,2,1,2,,2,66,247.617.716.965.101
573674,1,1,66,95,2,,,,,,,,2,,,,,,,,,,,,,,,66,275.509.895.523.427
573674,1,2,66,95,2,,,,,,,,2,,,,,,,,,,,,,,,66,275.509.895.523.427
573674,1,3,66,95,2,,,,,,,,2,,,,,,,,,,,,,,,66,275.509.895.523.427
573675,1,1,66,95,1,,1,2,,,98,2,2,,,,,,,,,,,,,,,66,2.166.878.903.583
573675,1,2,66,95,2,,,,,,,,2,,,,,,,,,,,,,,,66,2.166.878.903.583
573675,1,3,66,95,2,,,,,,,,1,2,,2,,,,,,1200000,2,1,2,,2,66,2.166.878.903.583
573675,1,4,66,95,2,,,,,,,,2,,,,,,,,,,,,,,,66,2.166.878.903.583
573676,1,1,66,95,2,,,,,,,,2,,,,,,,,,,,,,,,66,27.052.354.558.069
573676,1,2,66,95,2,,,,,,,,2,,,,,,,,,,,,,,,66,27.052.354.558.069
573677,1,1,66,95,2,,,,,,,,2,,,,,,,,,,,,,,,66,151.837.398.128.759
573677,1,2,66,95,2,,,,,,,,2,,,,,,,,,,,,,,,66,151.837.398.128.759
573677,1,3,66,95,1,,2,1,,433700,,2,2,,,,,,,,,,,,,,,66,151.837.398.128.759
573677,1,4,66,95,2,,,,,,,,2,,,,,,,,,,,,,,,66,151.837.398.128.759
573677,1,5,66,95,1,,2,1,,433700,,2,2,,,,,,,,,,,,,,,66,151.837.398.128.759
573677,1,6,66,95,2,,,,,,,,2,,,,,,,,,,,,,,,66,151.837.398.128.759
573677,1,7,66,95,2,,,,,,,,2,,,,,,,,,,,,,,,66,151.837.398.128.759
573677,1,8,66,95,2,,,,,,,,1,2,,2,6000000,,,,,,2,2,1,,2,66,151.837.398.128.759
573677,1,9,66,95,2,,,,,,,,2,,,,,,,,,,,,,,,66,151.837.398.128.759
573678,1,1,66,95,1,,2,1,,433700,,2,1,2,,2,,,,,,2000000,2,1,2,,2,66,219.013.429.849.149
573679,1,1,66,95,2,,,,,,,,2,,,,,,,,,,,,,,,66,247.617.716.965.101
573680,1,1,66,95,2,,,,,,,,2,,,,,,,,,,,,,,,66,275.075.863.751.949
573680,1,2,66,95,2,,,,,,,,2,,,,,,,,,,,,,,,66,275.075.863.751.949
573680,1,3,66,95,2,,,,,,,,2,,,,,,,,,,,,,,,66,275.075.863.751.949
573681,1,1,66,95,1,,1,1,,1200000,200000,2,2,,,,,,,,,,,,,,,66,241.721.499.397.593
573681,1,2,66,95,2,,,,,,,,2,,,,,,,,,,,,,,,66,241.721.499.397.593
573682,1,1,66,95,2,,,,,,,,2,,,,,,,,,,,,,,,66,273.048.396.076.344
573682,1,2,66,95,2,,,,,,,,2,,,,,,,,,,,,,,,66,273.048.396.076.344
573683,1,1,66,95,2,,,,,,,,2,,,,,,,,,,,,,,,66,243.948.383.029.759
573683,1,2,66,95,2,,,,,,,,2,,,,,,,,,,,,,,,66,243.948.383.029.759
573684,1,1,66,95,2,,,,,,,,2,,,,,,,,,,,,,,,66,273.732.069.307.457
573685,1,1,66,95,2,,,,,,,,1,2,,2,,,,,,12000000,2,1,2,,2,66,215.804.906.122.382
573685,1,2,66,95,2,,,,,,,,2,,,,,,,,,,,,,,,66,215.804.906.122.382
573686,1,1,66,95,2,,,,,,,,2,,,,,,,,,,,,,,,66,269.379.062.141.002
573686,1,2,66,95,2,,,,,,,,1,2,,2,,,,,,600000,2,1,2,,2,66,269.379.062.141.002
573686,1,3,66,95,2,,,,,,,,2,,,,,,,,,,,,,,,66,269.379.062.141.002
573687,1,1,66,95,1,,2,1,,433700,,2,1,2,,2,4800000,,,,,,2,2,1,,2,66,205.356.370.383.615
573687,1,2,66,95,2,,,,,,,,1,2,,2,2000000,,,,,,2,2,1,,2,66,205.356.370.383.615
573688,1,1,66,95,2,,,,,,,,2,,,,,,,,,,,,,,,66,239.578.798.280.928
573688,1,2,66,95,2,,,,,,,,2,,,,,,,,,,,,,,,66,239.578.798.280.928
573688,1,5,66,95,2,,,,,,,,1,2,,2,,,,,,1500000,2,1,2,,2,66,239.578.798.280.928
573689,1,1,66,95,2,,,,,,,,2,,,,,,,,,,,,,,,66,272.614.364.304.866
573689,1,2,66,95,2,,,,,,,,2,,,,,,,,,,,,,,,66,272.614.364.304.866
573690,1,1,66,95,2,,,,,,,,2,,,,,,,,,,,,,,,66,238.512.975.670.827
573690,1,2,66,95,2,,,,,,,,1,2,,2,1500000,,,,,,2,2,1,,2,66,238.512.975.670.827
573690,1,3,66,95,2,,,,,,,,2,,,,,,,,,,,,,,,66,238.512.975.670.827
573691,1,1,66,95,1,,1,2,,,300000,2,1,2,,2,1500000,,,,,,2,2,1,,2,66,212.596.382.395.616
573691,1,2,66,95,2,,,,,,,,1,2,,2,,,,,,1000000,2,1,2,,2,66,212.596.382.395.616
573691,1,3,66,95,2,,,,,,,,2,,,,,,,,,,,,,,,66,212.596.382.395.616
573692,1,1,66,95,2,,,,,,,,1,2,,2,3000000,,,,,,2,2,1,,2,66,214.658.765.793.278
573692,1,2,66,95,2,,,,,,,,2,,,,,,,,,,,,,,,66,214.658.765.793.278
573692,1,3,66,95,2,,,,,,,,2,,,,,,,,,,,,,,,66,214.658.765.793.278
573692,1,4,66,95,1,,2,1,,433700,,2,2,,,,,,,,,,,,,,,66,214.658.765.793.278
573693,1,1,66,95,2,,,,,,,,2,,,,,,,,,,,,,,,66,243.948.383.029.759
573693,1,2,66,95,2,,,,,,,,2,,,,,,,,,,,,,,,66,243.948.383.029.759
573694,1,1,66,95,2,,,,,,,,2,,,,,,,,,,,,,,,66,273.048.396.076.344
573694,1,2,66,95,2,,,,,,,,2,,,,,,,,,,,,,,,66,273.048.396.076.344
573695,1,1,66,95,2,,,,,,,,2,,,,,,,,,,,,,,,66,23.914.476.650.945
573695,1,2,66,95,2,,,,,,,,2,,,,,,,,,,,,,,,66,23.914.476.650.945
573695,1,4,66,95,1,,1,1,,433700,600000,2,2,,,,,,,,,,,,,,,66,23.914.476.650.945
573696,1,1,66,95,2,,,,,,,,2,,,,,,,,,,,,,,,66,273.048.396.076.344
573696,1,2,66,95,2,,,,,,,,2,,,,,,,,,,,,,,,66,273.048.396.076.344
573697,1,1,66,95,2,,,,,,,,2,,,,,,,,,,,,,,,66,269.379.062.141.002
573697,1,2,66,95,2,,,,,,,,1,2,,2,4000000,,,,,,2,2,1,,2,66,269.379.062.141.002
573697,1,3,66,95,2,,,,,,,,2,,,,,,,,,,,,,,,66,269.379.062.141.002
573698,1,1,66,95,2,,,,,,,,2,,,,,,,,,,,,,,,66,266.854.211.645.349
573698,1,2,66,95,2,,,,,,,,2,,,,,,,,,,,,,,,66,266.854.211.645.349
573698,1,3,66,95,2,,,,,,,,2,,,,,,,,,,,,,,,66,266.854.211.645.349
573699,1,1,66,95,2,,,,,,,,2,,,,,,,,,,,,,,,66,273.048.396.076.344
573699,1,2,66,95,2,,,,,,,,2,,,,,,,,,,,,,,,66,273.048.396.076.344
573700,1,1,66,95,2,,,,,,,,2,,,,,,,,,,,,,,,66,277.166.682.476.125
573700,1,2,66,95,2,,,,,,,,2,,,,,,,,,,,,,,,66,277.166.682.476.125
573700,1,3,66,95,2,,,,,,,,2,,,,,,,,,,,,,,,66,277.166.682.476.125
573701,1,1,66,95,2,,,,,,,,2,,,,,,,,,,,,,,,66,224.592.865.063.863
573701,1,2,66,95,1,,2,1,,433700,,2,2,,,,,,,,,,,,,,,66,224.592.865.063.863
573701,1,3,66,95,2,,,,,,,,1,2,,2,1400000,,,,,,2,2,1,,2,66,224.592.865.063.863
573701,1,4,66,95,2,,,,,,,,1,2,,2,,,,,,120000,2,1,2,,2,66,224.592.865.063.863
573702,1,1,66,95,2,,,,,,,,2,,,,,,,,,,,,,,,66,27.052.354.558.069
573702,1,2,66,95,2,,,,,,,,2,,,,,,,,,,,,,,,66,27.052.354.558.069
573703,1,1,66,95,2,,,,,,,,1,2,,2,,,,,,400000,2,1,2,,2,66,243.487.572.821.184
573703,1,2,66,95,2,,,,,,,,1,2,,2,,,,,,200000,2,1,2,,2,66,243.487.572.821.184
573704,1,1,66,95,2,,,,,,,,2,,,,,,,,,,,,,,,66,245.265.399.037.155
573704,1,2,66,95,2,,,,,,,,2,,,,,,,,,,,,,,,66,245.265.399.037.155
573704,1,4,66,95,2,,,,,,,,2,,,,,,,,,,,,,,,66,245.265.399.037.155
573704,1,5,66,95,2,,,,,,,,2,,,,,,,,,,,,,,,66,245.265.399.037.155
573705,1,1,66,95,2,,,,,,,,2,,,,,,,,,,,,,,,66,159.886.500.075.364
573705,1,2,66,95,2,,,,,,,,1,2,,2,,,,,,360000,2,1,2,,2,66,159.886.500.075.364
573705,1,3,66,95,1,,2,1,,433700,,2,2,,,,,,,,,,,,,,,66,159.886.500.075.364
573705,1,4,66,95,2,,,,,,,,2,,,,,,,,,,,,,,,66,159.886.500.075.364
573707,1,1,66,95,2,,,,,,,,2,,,,,,,,,,,,,,,66,275.509.895.523.427
573707,1,2,66,95,2,,,,,,,,2,,,,,,,,,,,,,,,66,275.509.895.523.427
573707,1,3,66,95,2,,,,,,,,2,,,,,,,,,,,,,,,66,275.509.895.523.427
573708,1,1,66,95,2,,,,,,,,2,,,,,,,,,,,,,,,66,293.429.374.196.279
573708,1,2,66,95,2,,,,,,,,2,,,,,,,,,,,,,,,66,293.429.374.196.279
573708,1,3,66,95,2,,,,,,,,2,,,,,,,,,,,,,,,66,293.429.374.196.279
573709,1,1,66,95,2,,,,,,,,2,,,,,,,,,,,,,,,66,318.101.171.283.704
573709,1,2,66,95,2,,,,,,,,2,,,,,,,,,,,,,,,66,318.101.171.283.704
573709,1,3,66,95,2,,,,,,,,2,,,,,,,,,,,,,,,66,318.101.171.283.704
573709,1,4,66,95,2,,,,,,,,2,,,,,,,,,,,,,,,66,318.101.171.283.704
573709,1,5,66,95,2,,,,,,,,2,,,,,,,,,,,,,,,66,318.101.171.283.704
573709,1,6,66,95,2,,,,,,,,2,,,,,,,,,,,,,,,66,318.101.171.283.704
573709,1,7,66,95,2,,,,,,,,2,,,,,,,,,,,,,,,66,318.101.171.283.704
573709,1,8,66,95,2,,,,,,,,2,,,,,,,,,,,,,,,66,318.101.171.283.704
573711,1,1,66,95,2,,,,,,,,2,,,,,,,,,,,,,,,66,272.614.364.304.866
573711,1,2,66,95,2,,,,,,,,2,,,,,,,,,,,,,,,66,272.614.364.304.866
573712,1,1,66,95,1,,1,2,,,200000,2,2,,,,,,,,,,,,,,,66,275.509.895.523.427
573712,1,2,66,95,2,,,,,,,,2,,,,,,,,,,,,,,,66,275.509.895.523.427
573712,1,3,66,95,2,,,,,,,,2,,,,,,,,,,,,,,,66,275.509.895.523.427
573713,1,1,66,95,2,,,,,,,,2,,,,,,,,,,,,,,,66,274.705.183.029.041
573713,1,2,66,95,2,,,,,,,,2,,,,,,,,,,,,,,,66,274.705.183.029.041
573714,1,1,66,95,2,,,,,,,,1,2,,2,12000000,,,,,,2,2,1,,2,66,287.298.435.862.098
573714,1,2,66,95,2,,,,,,,,1,2,,2,3600000,,,,,,2,2,1,,2,66,287.298.435.862.098
573714,1,3,66,95,2,,,,,,,,1,2,,2,2400000,,,,,,2,2,1,,2,66,287.298.435.862.098
573714,1,4,66,95,2,,,,,,,,1,2,,2,2400000,,,,,,2,2,1,,2,66,287.298.435.862.098
573714,1,5,66,95,2,,,,,,,,1,2,,2,2400000,,,,,,2,2,1,,2,66,287.298.435.862.098
573714,1,6,66,95,2,,,,,,,,2,,,,,,,,,,,,,,,66,287.298.435.862.098
573714,1,8,66,95,1,,2,1,,433700,,2,1,2,,2,2400000,,,,,,2,2,1,,2,66,287.298.435.862.098
573715,1,1,66,95,2,,,,,,,,1,2,,2,7200000,,,,,,2,2,1,,2,66,249.708.535.689.276
573716,1,1,66,95,2,,,,,,,,2,,,,,,,,,,,,,,,66,250.278.527.416.989
573716,1,2,66,95,2,,,,,,,,2,,,,,,,,,,,,,,,66,250.278.527.416.989
573716,1,3,66,95,2,,,,,,,,1,2,,2,3600000,,,,,,2,2,1,,2,66,250.278.527.416.989
573716,1,4,66,95,2,,,,,,,,2,,,,,,,,,,,,,,,66,250.278.527.416.989
573716,1,5,66,95,2,,,,,,,,2,,,,,,,,,,,,,,,66,250.278.527.416.989
573717,1,1,66,95,2,,,,,,,,2,,,,,,,,,,,,,,,66,296.637.897.923.046
573717,1,2,66,95,2,,,,,,,,2,,,,,,,,,,,,,,,66,296.637.897.923.046
573718,1,1,66,95,2,,,,,,,,2,,,,,,,,,,,,,,,66,27.052.354.558.069
573718,1,2,66,95,2,,,,,,,,2,,,,,,,,,,,,,,,66,27.052.354.558.069
573719,1,1,66,95,2,,,,,,,,2,,,,,,,,,,,,,,,66,25.217.003.513.636
573719,1,2,66,95,2,,,,,,,,2,,,,,,,,,,,,,,,66,25.217.003.513.636
573720,1,1,66,95,2,,,,,,,,2,,,,,,,,,,,,,,,66,238.710.734.737.971
573720,1,2,66,95,2,,,,,,,,2,,,,,,,,,,,,,,,66,238.710.734.737.971
573720,1,3,66,95,2,,,,,,,,1,2,,2,2000000,,,,,,2,2,1,,2,66,238.710.734.737.971
573721,1,1,66,95,1,,1,2,,,300000,2,1,2,,2,,,,,,5000000,2,1,2,,2,66,205.356.370.383.615
573721,1,2,66,95,2,,,,,,,,2,,,,,,,,,,,,,,,66,205.356.370.383.615
573722,1,1,66,95,1,,1,1,,840000,300000,2,2,,,,,,,,,,,,,,,66,219.013.429.849.149
573723,1,1,66,95,2,,,,,,,,2,,,,,,,,,,,,,,,66,273.914.638.799.046
573723,1,2,66,95,2,,,,,,,,2,,,,,,,,,,,,,,,66,273.914.638.799.046
573723,1,3,66,95,2,,,,,,,,2,,,,,,,,,,,,,,,66,273.914.638.799.046
573724,1,1,66,95,1,,1,1,,2220000,1000000,2,2,,,,,,,,,,,,,,,66,226.897.916.004.308
573724,1,2,66,95,2,,,,,,,,2,,,,,,,,,,,,,,,66,226.897.916.004.308
573724,1,3,66,95,2,,,,,,,,2,,,,,,,,,,,,,,,66,226.897.916.004.308
573725,1,1,66,95,2,,,,,,,,1,2,,2,,,,,,3600000,2,1,2,,2,66,276.794.101.973.177
573725,1,2,66,95,2,,,,,,,,2,,,,,,,,,,,,,,,66,276.794.101.973.177
573726,1,1,66,95,2,,,,,,,,1,2,,2,6000000,,,,,2000000,2,1,1,,2,66,247.617.716.965.101
573727,1,1,66,95,2,,,,,,,,2,,,,,,,,,,,,,,,66,240.279.049.094.418
573727,1,2,66,95,2,,,,,,,,2,,,,,,,,,,,,,,,66,240.279.049.094.418
573727,1,3,66,95,2,,,,,,,,2,,,,,,,,,,,,,,,66,240.279.049.094.418
573728,1,1,66,95,2,,,,,,,,1,2,,2,300000,,,,,,2,2,1,,2,66,247.617.716.965.101
573729,1,1,66,95,1,,2,1,,54250,,2,2,,,,,,,,,,,,,,,66,234.921.027.673.331
573729,1,2,66,95,2,,,,,,,,2,,,,,,,,,,,,,,,66,234.921.027.673.331
573730,1,1,66,95,2,,,,,,,,1,2,,1,,,350000,,,,2,2,2,,2,66,297.871.225.763.644
573730,1,2,66,95,2,,,,,,,,2,,,,,,,,,,,,,,,66,297.871.225.763.644
573731,1,1,66,95,1,,1,2,,,200000,2,1,2,,2,5000000,,,,,,2,2,1,,2,66,270.957.577.352.168
573731,1,2,66,95,2,,,,,,,,2,,,,,,,,,,,,,,,66,270.957.577.352.168
573733,1,1,66,95,2,,,,,,,,2,,,,,,,,,,,,,,,66,294.199.214.892.537
573733,1,2,66,95,2,,,,,,,,2,,,,,,,,,,,,,,,66,294.199.214.892.537
573734,1,1,66,95,2,,,,,,,,1,2,,2,70000,,,,,,2,2,1,,2,66,284.314.077.784.442
573734,1,2,66,95,2,,,,,,,,2,,,,,,,,,,,,,,,66,284.314.077.784.442
573734,1,3,66,95,2,,,,,,,,2,,,,,,,,,,,,,,,66,284.314.077.784.442
573734,1,5,66,95,2,,,,,,,,2,,,,,,,,,,,,,,,66,284.314.077.784.442
573735,1,1,66,95,2,,,,,,,,1,2,,2,,,,,,3500000,2,1,2,,2,66,239.395.959.906.744
573735,1,2,66,95,2,,,,,,,,2,,,,,,,,,,,,,,,66,239.395.959.906.744
573735,1,3,66,95,2,,,,,,,,2,,,,,,,,,,,,,,,66,239.395.959.906.744
573735,1,4,66,95,2,,,,,,,,2,,,,,,,,,,,,,,,66,239.395.959.906.744
573735,1,5,66,95,2,,,,,,,,2,,,,,,,,,,,,,,,66,239.395.959.906.744
573737,1,1,66,95,2,,,,,,,,2,,,,,,,,,,,,,,,66,324.328.684.945.266
573737,1,2,66,95,2,,,,,,,,2,,,,,,,,,,,,,,,66,324.328.684.945.266
573737,1,4,66,95,2,,,,,,,,2,,,,,,,,,,,,,,,66,324.328.684.945.266
573738,1,1,66,95,1,,2,1,,450000,,2,2,,,,,,,,,,,,,,,66,305.332.346.043.684
573738,1,2,66,95,2,,,,,,,,2,,,,,,,,,,,,,,,66,305.332.346.043.684
573738,1,3,66,95,2,,,,,,,,2,,,,,,,,,,,,,,,66,305.332.346.043.684
573738,1,4,66,95,2,,,,,,,,2,,,,,,,,,,,,,,,66,305.332.346.043.684
573739,1,1,66,95,2,,,,,,,,2,,,,,,,,,,,,,,,66,247.617.716.965.101
573743,1,1,66,95,2,,,,,,,,2,,,,,,,,,,,,,,,66,295.533.617.195.543
573743,1,2,66,95,2,,,,,,,,2,,,,,,,,,,,,,,,66,295.533.617.195.543
573743,2,1,66,95,2,,,,,,,,2,,,,,,,,,,,,,,,66,295.533.617.195.543
573743,3,1,66,95,2,,,,,,,,2,,,,,,,,,,,,,,,66,295.533.617.195.543
573743,4,1,66,95,2,,,,,,,,2,,,,,,,,,,,,,,,66,295.533.617.195.543
573743,4,2,66,95,2,,,,,,,,2,,,,,,,,,,,,,,,66,295.533.617.195.543
573743,5,1,66,95,2,,,,,,,,1,2,,2,1200000,,,,,2400000,2,1,1,,2,66,295.533.617.195.543
573744,1,1,66,95,2,,,,,,,,2,,,,,,,,,,,,,,,66,270.957.577.352.168
573744,1,2,66,95,2,,,,,,,,2,,,,,,,,,,,,,,,66,270.957.577.352.168
573745,1,1,66,95,2,,,,,,,,2,,,,,,,,,,,,,,,66,274.262.517.555.774
573745,1,2,66,95,2,,,,,,,,2,,,,,,,,,,,,,,,66,274.262.517.555.774
573745,1,4,66,95,2,,,,,,,,2,,,,,,,,,,,,,,,66,274.262.517.555.774
573746,1,1,66,95,2,,,,,,,,2,,,,,,,,,,,,,,,66,308.239.783.338.188
573746,1,2,66,95,2,,,,,,,,2,,,,,,,,,,,,,,,66,308.239.783.338.188
573746,1,3,66,95,2,,,,,,,,2,,,,,,,,,,,,,,,66,308.239.783.338.188
573747,1,1,66,95,2,,,,,,,,2,,,,,,,,,,,,,,,66,290.654.882.240.991
573747,1,2,66,95,2,,,,,,,,2,,,,,,,,,,,,,,,66,290.654.882.240.991
573747,1,3,66,95,2,,,,,,,,2,,,,,,,,,,,,,,,66,290.654.882.240.991
573747,1,4,66,95,2,,,,,,,,2,,,,,,,,,,,,,,,66,290.654.882.240.991
573748,1,1,66,95,2,,,,,,,,2,,,,,,,,,,,,,,,66,225.053.675.272.438
573748,1,2,66,95,1,,2,1,,380000,,2,2,,,,,,,,,,,,,,,66,225.053.675.272.438
573748,1,3,66,95,2,,,,,,,,2,,,,,,,,,,,,,,,66,225.053.675.272.438
573748,1,4,66,95,2,,,,,,,,2,,,,,,,,,,,,,,,66,225.053.675.272.438
573749,1,1,66,95,2,,,,,,,,2,,,,,,,,,,,,,,,66,225.656.566.744.583
573749,1,2,66,95,2,,,,,,,,2,,,,,,,,,,,,,,,66,225.656.566.744.583
573750,1,1,66,95,1,,1,2,,,700000,2,2,,,,,,,,,,,,,,,66,24.278.051.938.768
573750,1,2,66,95,2,,,,,,,,2,,,,,,,,,,,,,,,66,24.278.051.938.768
573751,1,1,66,95,2,,,,,,,,2,,,,,,,,,,,,,,,66,328.478.483.168.948
573753,1,1,66,95,2,,,,,,,,2,,,,,,,,,,,,,,,66,307.684.517.108.381
573753,1,2,66,95,2,,,,,,,,2,,,,,,,,,,,,,,,66,307.684.517.108.381
573753,1,3,66,95,2,,,,,,,,2,,,,,,,,,,,,,,,66,307.684.517.108.381
573753,1,4,66,95,2,,,,,,,,2,,,,,,,,,,,,,,,66,307.684.517.108.381
573754,1,1,66,95,2,,,,,,,,1,2,,2,,,,,,12000000,2,1,2,,2,66,223.565.748.020.408
573754,1,2,66,95,2,,,,,,,,2,,,,,,,,,,,,,,,66,223.565.748.020.408
573755,1,1,66,95,1,,2,1,,3458000,,2,2,,,,,,,,,,,,,,,66,228.262.198.999.205
573755,1,2,66,95,2,,,,,,,,2,,,,,,,,,,,,,,,66,228.262.198.999.205
573755,1,3,66,95,2,,,,,,,,2,,,,,,,,,,,,,,,66,228.262.198.999.205
573758,1,1,66,95,2,,,,,,,,2,,,,,,,,,,,,,,,66,300.083.010.525.639
573758,1,2,66,95,2,,,,,,,,2,,,,,,,,,,,,,,,66,300.083.010.525.639
573758,1,3,66,95,2,,,,,,,,2,,,,,,,,,,,,,,,66,300.083.010.525.639
573759,1,1,66,95,2,,,,,,,,2,,,,,,,,,,,,,,,66,234.204.414.573.591
573759,1,2,66,95,2,,,,,,,,2,,,,,,,,,,,,,,,66,234.204.414.573.591
573759,1,4,66,95,2,,,,,,,,2,,,,,,,,,,,,,,,66,234.204.414.573.591
573760,1,1,66,95,2,,,,,,,,2,,,,,,,,,,,,,,,66,297.662.098.483.895
573761,1,1,66,95,2,,,,,,,,2,,,,,,,,,,,,,,,66,271.918.833.329.617
573761,1,2,66,95,2,,,,,,,,2,,,,,,,,,,,,,,,66,271.918.833.329.617
573761,1,3,66,95,2,,,,,,,,2,,,,,,,,,,,,,,,66,271.918.833.329.617
573761,1,4,66,95,2,,,,,,,,2,,,,,,,,,,,,,,,66,271.918.833.329.617
573761,1,7,66,95,2,,,,,,,,1,2,,2,,,,,,600000,2,1,2,,2,66,271.918.833.329.617
573762,1,1,66,95,1,,2,1,,98,,2,2,,,,,,,,,,,,,,,66,260.075.009.841.923
573762,1,2,66,95,2,,,,,,,,2,,,,,,,,,,,,,,,66,260.075.009.841.923
573764,1,1,66,95,2,,,,,,,,2,,,,,,,,,,,,,,,66,330.167.057.760.623
573764,1,2,66,95,2,,,,,,,,2,,,,,,,,,,,,,,,66,330.167.057.760.623
573765,1,1,66,95,1,,2,1,,433700,,2,2,,,,,,,,,,,,,,,66,301.752.559.867.357
573765,1,2,66,95,2,,,,,,,,2,,,,,,,,,,,,,,,66,301.752.559.867.357
573765,1,3,66,95,2,,,,,,,,2,,,,,,,,,,,,,,,66,301.752.559.867.357
573765,1,4,66,95,2,,,,,,,,1,2,,2,,,,630000,,,1,2,2,,2,66,301.752.559.867.357
573765,1,5,66,95,2,,,,,,,,2,,,,,,,,,,,,,,,66,301.752.559.867.357
573766,1,1,66,95,1,,2,1,,430000,,2,2,,,,,,,,,,,,,,,66,27.900.302.474.358
573766,1,2,66,95,2,,,,,,,,2,,,,,,,,,,,,,,,66,27.900.302.474.358
573766,1,3,66,95,2,,,,,,,,2,,,,,,,,,,,,,,,66,27.900.302.474.358
573767,1,1,66,95,2,,,,,,,,2,,,,,,,,,,,,,,,66,271.406.529.816.608
573767,1,2,66,95,2,,,,,,,,2,,,,,,,,,,,,,,,66,271.406.529.816.608
573767,1,3,66,95,2,,,,,,,,2,,,,,,,,,,,,,,,66,271.406.529.816.608
573767,1,4,66,95,2,,,,,,,,2,,,,,,,,,,,,,,,66,271.406.529.816.608
573768,1,1,66,95,2,,,,,,,,2,,,,,,,,,,,,,,,66,233.012.276.237.608
573768,1,2,66,95,1,,2,1,,491000,,2,2,,,,,,,,,,,,,,,66,233.012.276.237.608
573768,1,3,66,95,2,,,,,,,,2,,,,,,,,,,,,,,,66,233.012.276.237.608
573768,1,4,66,95,2,,,,,,,,2,,,,,,,,,,,,,,,66,233.012.276.237.608
573769,1,1,66,95,2,,,,,,,,2,,,,,,,,,,,,,,,66,289.760.040.260.938
573769,1,2,66,95,2,,,,,,,,2,,,,,,,,,,,,,,,66,289.760.040.260.938
573769,1,3,66,95,2,,,,,,,,2,,,,,,,,,,,,,,,66,289.760.040.260.938
573769,1,4,66,95,2,,,,,,,,2,,,,,,,,,,,,,,,66,289.760.040.260.938
573770,1,1,66,95,1,,2,1,,2568000,,2,2,,,,,,,,,,,,,,,66,251.451.136.980.901
573770,1,2,66,95,1,,2,1,,491000,,2,2,,,,,,,,,,,,,,,66,251.451.136.980.901
573771,1,1,66,95,2,,,,,,,,2,,,,,,,,,,,,,,,66,315.821.853.252.008
573771,1,2,66,95,2,,,,,,,,2,,,,,,,,,,,,,,,66,315.821.853.252.008
573771,1,3,66,95,2,,,,,,,,2,,,,,,,,,,,,,,,66,315.821.853.252.008
573771,1,4,66,95,2,,,,,,,,2,,,,,,,,,,,,,,,66,315.821.853.252.008
573772,1,1,66,95,2,,,,,,,,1,2,,2,,,,,,8400000,2,1,2,,2,66,307.948.577.970.889
573774,1,1,66,95,1,,2,1,,3000000,,2,2,,,,,,,,,,,,,,,66,212.596.382.395.616
573774,1,2,66,95,2,,,,,,,,2,,,,,,,,,,,,,,,66,212.596.382.395.616
573774,1,3,66,95,2,,,,,,,,2,,,,,,,,,,,,,,,66,212.596.382.395.616
573777,1,1,66,95,2,,,,,,,,2,,,,,,,,,,,,,,,66,263.184.877.710.007
573777,1,2,66,95,2,,,,,,,,2,,,,,,,,,,,,,,,66,263.184.877.710.007
573777,1,3,66,95,2,,,,,,,,2,,,,,,,,,,,,,,,66,263.184.877.710.007
573777,1,4,66,95,2,,,,,,,,2,,,,,,,,,,,,,,,66,263.184.877.710.007
573778,1,1,66,95,2,,,,,,,,1,2,,2,,,,,,300000,2,1,2,,2,66,289.894.612.461.651
573778,1,2,66,95,2,,,,,,,,2,,,,,,,,,,,,,,,66,289.894.612.461.651
573778,1,4,66,95,2,,,,,,,,2,,,,,,,,,,,,,,,66,289.894.612.461.651
573778,1,5,66,95,2,,,,,,,,2,,,,,,,,,,,,,,,66,289.894.612.461.651
573780,1,1,66,95,2,,,,,,,,1,2,,2,2400000,,,,,,2,2,1,,2,66,219.276.578.967.233
573780,1,2,66,95,2,,,,,,,,1,2,,2,,,,,,600000,2,1,2,,2,66,219.276.578.967.233
573780,1,3,66,95,2,,,,,,,,2,,,,,,,,,,,,,,,66,219.276.578.967.233
573780,1,4,66,95,2,,,,,,,,2,,,,,,,,,,,,,,,66,219.276.578.967.233
573781,1,1,66,95,2,,,,,,,,2,,,,,,,,,,,,,,,66,235.904.406.002.564
573781,1,2,66,95,2,,,,,,,,2,,,,,,,,,,,,,,,66,235.904.406.002.564
573781,1,3,66,95,2,,,,,,,,2,,,,,,,,,,,,,,,66,235.904.406.002.564
573781,1,4,66,95,2,,,,,,,,2,,,,,,,,,,,,,,,66,235.904.406.002.564
573781,1,5,66,95,2,,,,,,,,2,,,,,,,,,,,,,,,66,235.904.406.002.564
573781,1,6,66,95,2,,,,,,,,2,,,,,,,,,,,,,,,66,235.904.406.002.564
573781,1,7,66,95,2,,,,,,,,1,2,,2,,,,,,1200000,2,1,2,,2,66,235.904.406.002.564
573782,1,1,66,95,2,,,,,,,,2,,,,,,,,,,,,,,,66,226.621.989.628.884
573782,1,2,66,95,2,,,,,,,,2,,,,,,,,,,,,,,,66,226.621.989.628.884
573782,1,3,66,95,2,,,,,,,,2,,,,,,,,,,,,,,,66,226.621.989.628.884
573782,1,4,66,95,2,,,,,,,,2,,,,,,,,,,,,,,,66,226.621.989.628.884
573783,1,1,66,95,1,,2,1,,433700,,2,2,,,,,,,,,,,,,,,66,237.169.181.226.334
573785,1,1,66,95,2,,,,,,,,1,2,,2,,,,,,300000,2,1,2,,2,66,259.486.725.472.632
573785,1,2,66,95,2,,,,,,,,2,,,,,,,,,,,,,,,66,259.486.725.472.632
573786,1,1,66,95,2,,,,,,,,1,2,,2,3600000,,,,,,2,2,1,,2,66,281.370.343.499.853
573786,1,2,66,95,2,,,,,,,,2,,,,,,,,,,,,,,,66,281.370.343.499.853
573786,1,3,66,95,2,,,,,,,,2,,,,,,,,,,,,,,,66,281.370.343.499.853
573788,1,1,66,95,1,,1,2,,,1500000,2,2,,,,,,,,,,,,,,,66,28.251.559.354.902
573788,1,2,66,95,2,,,,,,,,2,,,,,,,,,,,,,,,66,28.251.559.354.902
573789,1,1,66,95,2,,,,,,,,1,2,,2,,,,,,1200000,2,1,2,,2,66,203.898.894.435.723
573789,1,2,66,95,2,,,,,,,,2,,,,,,,,,,,,,,,66,203.898.894.435.723
573789,1,3,66,95,1,,2,1,,415000,,2,2,,,,,,,,,,,,,,,66,203.898.894.435.723
573789,1,4,66,95,2,,,,,,,,2,,,,,,,,,,,,,,,66,203.898.894.435.723
573789,1,7,66,95,2,,,,,,,,2,,,,,,,,,,,,,,,66,203.898.894.435.723
573790,1,1,66,95,1,,2,1,,450000,,2,2,,,,,,,,,,,,,,,66,232.842.952.496.977
573790,1,2,66,95,2,,,,,,,,2,,,,,,,,,,,,,,,66,232.842.952.496.977
573790,1,4,66,95,2,,,,,,,,2,,,,,,,,,,,,,,,66,232.842.952.496.977
573791,1,1,66,95,1,,1,2,,,330000,2,2,,,,,,,,,,,,,,,66,261.429.910.074.452
573791,1,2,66,95,2,,,,,,,,2,,,,,,,,,,,,,,,66,261.429.910.074.452
573791,1,4,66,95,2,,,,,,,,2,,,,,,,,,,,,,,,66,261.429.910.074.452
573792,1,1,68,95,2,,,,,,,,2,,,,,,,,,,,,,,,68,428.595.806.741.648
573792,1,2,68,95,2,,,,,,,,2,,,,,,,,,,,,,,,68,428.595.806.741.648
573792,1,3,68,95,2,,,,,,,,2,,,,,,,,,,,,,,,68,428.595.806.741.648
573793,1,1,68,95,2,,,,,,,,2,,,,,,,,,,,,,,,68,355.033.337.868.227
573793,1,2,68,95,2,,,,,,,,2,,,,,,,,,,,,,,,68,355.033.337.868.227
573793,1,4,68,95,2,,,,,,,,2,,,,,,,,,,,,,,,68,355.033.337.868.227
573794,1,1,68,95,2,,,,,,,,2,,,,,,,,,,,,,,,68,693.383.494.097.315
573794,1,2,68,95,2,,,,,,,,2,,,,,,,,,,,,,,,68,693.383.494.097.315
573795,1,1,68,95,2,,,,,,,,1,2,,1,,,1100000,,,6000000,2,1,2,,2,68,542.901.902.640.769
573795,1,2,68,95,2,,,,,,,,2,,,,,,,,,,,,,,,68,542.901.902.640.769
573796,1,1,68,95,2,,,,,,,,1,2,,2,,,,,,2400000,2,1,2,,2,68,103.982.138.312.728
573796,1,2,68,95,2,,,,,,,,2,,,,,,,,,,,,,,,68,103.982.138.312.728
573798,1,1,68,95,1,,2,1,,950000,,2,2,,,,,,,,,,,,,,,68,443.044.623.725.572
573798,1,2,68,95,1,,2,1,,433700,,2,2,,,,,,,,,,,,,,,68,443.044.623.725.572
573798,1,3,68,95,2,,,,,,,,2,,,,,,,,,,,,,,,68,443.044.623.725.572
573799,1,1,68,95,2,,,,,,,,2,,,,,,,,,,,,,,,68,132.915.972.161.666
573799,1,2,68,95,1,,1,2,,,230000,2,2,,,,,,,,,,,,,,,68,132.915.972.161.666
573799,1,3,68,95,2,,,,,,,,2,,,,,,,,,,,,,,,68,132.915.972.161.666
573800,1,1,68,95,1,,1,2,,,150000,2,2,,,,,,,,,,,,,,,68,103.501.048.974.479
573800,2,1,68,95,2,,,,,,,,1,2,,2,,,,,,,2,2,2,900000,1,68,103.501.048.974.479
573800,2,2,68,95,2,,,,,,,,2,,,,,,,,,,,,,,,68,103.501.048.974.479
573800,3,1,68,95,2,,,,,,,,1,2,,2,,,,,,,2,2,2,200000,1,68,103.501.048.974.479
573801,1,1,68,95,2,,,,,,,,2,,,,,,,,,,,,,,,68,678.706.979.865.906
573802,1,1,68,95,2,,,,,,,,2,,,,,,,,,,,,,,,68,737.381.140.789.401
573802,1,2,68,95,2,,,,,,,,2,,,,,,,,,,,,,,,68,737.381.140.789.401
573803,1,1,68,95,2,,,,,,,,2,,,,,,,,,,,,,,,68,298.121.024.467.428
573803,1,2,68,95,2,,,,,,,,2,,,,,,,,,,,,,,,68,298.121.024.467.428
573803,1,3,68,95,2,,,,,,,,2,,,,,,,,,,,,,,,68,298.121.024.467.428
573804,1,1,68,95,2,,,,,,,,2,,,,,,,,,,,,,,,68,29.033.379.410.122
573804,1,2,68,95,2,,,,,,,,2,,,,,,,,,,,,,,,68,29.033.379.410.122
573804,1,3,68,95,2,,,,,,,,2,,,,,,,,,,,,,,,68,29.033.379.410.122
573805,1,1,68,95,2,,,,,,,,2,,,,,,,,,,,,,,,68,482.704.149.539.105
573805,1,3,68,95,2,,,,,,,,2,,,,,,,,,,,,,,,68,482.704.149.539.105
573805,1,4,68,95,2,,,,,,,,2,,,,,,,,,,,,,,,68,482.704.149.539.105
573806,1,1,68,95,2,,,,,,,,2,,,,,,,,,,,,,,,68,287.435.432.058.116
573806,1,2,68,95,2,,,,,,,,2,,,,,,,,,,,,,,,68,287.435.432.058.116
573806,1,3,68,95,2,,,,,,,,2,,,,,,,,,,,,,,,68,287.435.432.058.116
573807,1,1,68,95,2,,,,,,,,2,,,,,,,,,,,,,,,68,715.256.511.401.827
573808,1,1,68,95,2,,,,,,,,2,,,,,,,,,,,,,,,68,363.896.262.974.641
573808,1,2,68,95,2,,,,,,,,2,,,,,,,,,,,,,,,68,363.896.262.974.641
573808,1,3,68,95,2,,,,,,,,2,,,,,,,,,,,,,,,68,363.896.262.974.641
573809,1,1,68,95,2,,,,,,,,2,,,,,,,,,,,,,,,68,682.973.680.360.498
573809,1,2,68,95,2,,,,,,,,2,,,,,,,,,,,,,,,68,682.973.680.360.498
573809,1,3,68,95,2,,,,,,,,2,,,,,,,,,,,,,,,68,682.973.680.360.498
573809,1,4,68,95,2,,,,,,,,2,,,,,,,,,,,,,,,68,682.973.680.360.498
573810,1,1,68,95,2,,,,,,,,2,,,,,,,,,,,,,,,68,436.644.662.638.709
573810,1,2,68,95,2,,,,,,,,2,,,,,,,,,,,,,,,68,436.644.662.638.709
573810,2,1,68,95,2,,,,,,,,1,2,,2,,,,,,720000,2,1,2,,2,68,436.644.662.638.709
573810,2,2,68,95,2,,,,,,,,2,,,,,,,,,,,,,,,68,436.644.662.638.709
573811,1,1,68,95,1,,2,1,,1499381,,2,2,,,,,,,,,,,,,,,68,678.876.475.208.409
573811,1,2,68,95,2,,,,,,,,1,2,,2,,,,,,12000000,2,1,2,,2,68,678.876.475.208.409
573811,1,3,68,95,2,,,,,,,,2,,,,,,,,,,,,,,,68,678.876.475.208.409
573811,1,4,68,95,2,,,,,,,,2,,,,,,,,,,,,,,,68,678.876.475.208.409
573813,1,1,68,95,1,,1,2,,,520000,2,2,,,,,,,,,,,,,,,68,109.346.878.366.253
573815,1,1,68,95,1,,1,2,,,1000000,2,1,2,,2,,,,,,24000000,2,1,2,,2,68,101.589.039.803.688
573815,1,2,68,95,2,,,,,,,,1,2,,2,,,,,,1200000,2,1,2,,2,68,101.589.039.803.688
573816,1,1,68,95,2,,,,,,,,2,,,,,,,,,,,,,,,68,326.844.041.628.704
573816,1,2,68,95,2,,,,,,,,2,,,,,,,,,,,,,,,68,326.844.041.628.704
573816,1,3,68,95,2,,,,,,,,2,,,,,,,,,,,,,,,68,326.844.041.628.704
573816,1,4,68,95,2,,,,,,,,2,,,,,,,,,,,,,,,68,326.844.041.628.704
573817,1,1,68,95,2,,,,,,,,1,2,,2,,,,,,2000000,2,1,2,,2,68,36.541.548.606.712
573818,1,1,68,95,1,,1,2,,,100000,2,2,,,,,,,,,,,,,,,68,306.318.274.838.952
573818,1,2,68,95,2,,,,,,,,2,,,,,,,,,,,,,,,68,306.318.274.838.952
573818,2,1,68,95,2,,,,,,,,2,,,,,,,,,,,,,,,68,306.318.274.838.952
573818,2,2,68,95,2,,,,,,,,2,,,,,,,,,,,,,,,68,306.318.274.838.952
573820,1,1,68,95,2,,,,,,,,2,,,,,,,,,,,,,,,68,754.513.047.595.057
573820,1,2,68,95,2,,,,,,,,1,2,,2,,,,,,,2,2,2,15000000,1,68,754.513.047.595.057
573821,1,1,68,95,2,,,,,,,,1,2,,2,,,,,,3600000,2,1,2,,2,68,678.706.979.865.906
573822,1,1,68,95,2,,,,,,,,1,2,,2,,,,,,500000,2,1,2,,2,68,268.856.033.487.698
573822,1,2,68,95,2,,,,,,,,2,,,,,,,,,,,,,,,68,268.856.033.487.698
573822,1,3,68,95,2,,,,,,,,2,,,,,,,,,,,,,,,68,268.856.033.487.698
573822,1,4,68,95,2,,,,,,,,1,2,,2,,,,,,1140000,2,1,2,,2,68,268.856.033.487.698
573823,1,1,68,95,2,,,,,,,,2,,,,,,,,,,,,,,,68,325.624.006.440.452
573823,1,2,68,95,2,,,,,,,,2,,,,,,,,,,,,,,,68,325.624.006.440.452
573823,1,3,68,95,2,,,,,,,,2,,,,,,,,,,,,,,,68,325.624.006.440.452
573823,1,4,68,95,2,,,,,,,,2,,,,,,,,,,,,,,,68,325.624.006.440.452
573824,1,1,68,95,2,,,,,,,,1,2,,2,2400000,,,,,,2,2,1,,2,68,357.628.255.700.913
573825,1,1,68,95,2,,,,,,,,1,2,,2,,,,36000000,,,1,2,2,5000000,1,68,783.087.170.791.422
573825,1,2,68,95,1,,2,1,,1555000,,2,2,,,,,,,,,,,,,,,68,783.087.170.791.422
573825,1,3,68,95,2,,,,,,,,2,,,,,,,,,,,,,,,68,783.087.170.791.422
573825,1,4,68,95,2,,,,,,,,1,2,,2,,,,,,2400000,2,1,2,,2,68,783.087.170.791.422
573826,1,1,68,95,2,,,,,,,,2,,,,,,,,,,,,,,,68,795.828.228.875.839
573826,1,2,68,95,2,,,,,,,,2,,,,,,,,,,,,,,,68,795.828.228.875.839
573826,1,3,68,95,2,,,,,,,,2,,,,,,,,,,,,,,,68,795.828.228.875.839
573826,1,4,68,95,2,,,,,,,,2,,,,,,,,,,,,,,,68,795.828.228.875.839
573826,1,5,68,95,1,,2,1,,433700,,2,2,,,,,,,,,,,,,,,68,795.828.228.875.839
573827,1,1,68,95,1,,1,1,,600000,640000,2,2,,,,,,,,,,,,,,,68,252.727.212.301.921
573827,1,2,68,95,2,,,,,,,,2,,,,,,,,,,,,,,,68,252.727.212.301.921
573827,1,3,68,95,2,,,,,,,,2,,,,,,,,,,,,,,,68,252.727.212.301.921
573828,1,1,68,95,2,,,,,,,,2,,,,,,,,,,,,,,,68,279.106.227.873.456
573828,1,2,68,95,2,,,,,,,,2,,,,,,,,,,,,,,,68,279.106.227.873.456
573828,1,3,68,95,2,,,,,,,,2,,,,,,,,,,,,,,,68,279.106.227.873.456
573828,1,4,68,95,2,,,,,,,,2,,,,,,,,,,,,,,,68,279.106.227.873.456
573828,1,5,68,95,2,,,,,,,,2,,,,,,,,,,,,,,,68,279.106.227.873.456
573829,1,1,68,95,1,,1,2,,,150000,2,1,2,,2,,,,,,2160000,2,1,2,,2,68,810.278.965.215.114
573829,2,1,68,95,2,,,,,,,,1,2,,2,,,,,,1200000,2,1,2,,2,68,810.278.965.215.114
573831,1,1,68,95,2,,,,,,,,1,2,,2,,,,,,4200000,2,1,2,,2,68,374.684.377.152.434
573831,1,2,68,95,2,,,,,,,,2,,,,,,,,,,,,,,,68,374.684.377.152.434
573832,1,1,68,95,2,,,,,,,,2,,,,,,,,,,,,,,,68,942.337.628.109.096
573832,1,2,68,95,2,,,,,,,,2,,,,,,,,,,,,,,,68,942.337.628.109.096
573832,1,3,68,95,2,,,,,,,,2,,,,,,,,,,,,,,,68,942.337.628.109.096
573832,1,4,68,95,2,,,,,,,,2,,,,,,,,,,,,,,,68,942.337.628.109.096
573832,1,5,68,95,2,,,,,,,,2,,,,,,,,,,,,,,,68,942.337.628.109.096
573833,1,1,68,95,2,,,,,,,,2,,,,,,,,,,,,,,,68,353.646.068.588.883
573833,1,2,68,95,2,,,,,,,,2,,,,,,,,,,,,,,,68,353.646.068.588.883
573834,1,1,68,95,2,,,,,,,,2,,,,,,,,,,,,,,,68,327.386.015.447.157
573834,1,2,68,95,2,,,,,,,,2,,,,,,,,,,,,,,,68,327.386.015.447.157
573835,1,1,68,95,2,,,,,,,,2,,,,,,,,,,,,,,,68,299.508.293.746.771
573835,1,2,68,95,2,,,,,,,,2,,,,,,,,,,,,,,,68,299.508.293.746.771
573835,1,3,68,95,2,,,,,,,,2,,,,,,,,,,,,,,,68,299.508.293.746.771
573835,1,4,68,95,2,,,,,,,,2,,,,,,,,,,,,,,,68,299.508.293.746.771
573836,1,1,68,95,2,,,,,,,,2,,,,,,,,,,,,,,,68,246.327.251.215.058
573836,1,2,68,95,2,,,,,,,,2,,,,,,,,,,,,,,,68,246.327.251.215.058
573836,1,3,68,95,2,,,,,,,,2,,,,,,,,,,,,,,,68,246.327.251.215.058
573836,1,6,68,95,2,,,,,,,,2,,,,,,,,,,,,,,,68,246.327.251.215.058
573837,1,1,68,95,2,,,,,,,,1,2,,2,,,,,,6000000,2,1,2,,2,68,784.171.118.428.327
573837,1,2,68,95,2,,,,,,,,1,2,,2,,,,15000000,,,1,2,2,,2,68,784.171.118.428.327
573838,1,1,68,95,2,,,,,,,,2,,,,,,,,,,,,,,,68,482.162.175.720.652
573838,1,2,68,95,1,,2,1,,433704,,2,2,,,,,,,,,,,,,,,68,482.162.175.720.652
573838,1,3,68,95,2,,,,,,,,1,2,,2,,,,,,1500000,2,1,2,,2,68,482.162.175.720.652
573838,1,4,68,95,2,,,,,,,,2,,,,,,,,,,,,,,,68,482.162.175.720.652
573838,1,5,68,95,2,,,,,,,,2,,,,,,,,,,,,,,,68,482.162.175.720.652
573840,1,1,68,95,2,,,,,,,,2,,,,,,,,,,,,,,,68,10.367.267.473.962
573840,1,2,68,95,2,,,,,,,,2,,,,,,,,,,,,,,,68,10.367.267.473.962
573841,1,1,68,95,2,,,,,,,,2,,,,,,,,,,,,,,,68,124.329.962.202.081
573841,1,2,68,95,2,,,,,,,,2,,,,,,,,,,,,,,,68,124.329.962.202.081
573841,1,3,68,95,2,,,,,,,,2,,,,,,,,,,,,,,,68,124.329.962.202.081
573841,1,4,68,95,2,,,,,,,,2,,,,,,,,,,,,,,,68,124.329.962.202.081
573842,1,1,68,95,2,,,,,,,,2,,,,,,,,,,,,,,,68,798.205.250.115.755
573842,1,2,68,95,2,,,,,,,,2,,,,,,,,,,,,,,,68,798.205.250.115.755
573842,1,4,68,95,2,,,,,,,,2,,,,,,,,,,,,,,,68,798.205.250.115.755
573843,1,1,68,95,2,,,,,,,,2,,,,,,,,,,,,,,,68,876.668.144.662.259
573844,1,1,68,95,1,,1,2,,,600000,2,1,2,,2,,,,10000000,,,1,2,2,3000000,1,68,678.706.979.865.906
573845,1,1,68,95,2,,,,,,,,2,,,,,,,,,,,,,,,68,461.768.362.744.035
573845,1,2,68,95,2,,,,,,,,2,,,,,,,,,,,,,,,68,461.768.362.744.035
573846,1,1,68,95,1,,2,2,330000,,,1,2,,,,,,,,,,,,,,,68,357.628.255.700.913
573847,1,1,68,95,2,,,,,,,,2,,,,,,,,,,,,,,,68,353.646.068.588.883
573847,1,2,68,95,2,,,,,,,,2,,,,,,,,,,,,,,,68,353.646.068.588.883
573848,1,1,68,95,1,,2,2,200000,,,1,2,,,,,,,,,,,,,,,68,674.452.379.655.196
573848,1,2,68,95,2,,,,,,,,2,,,,,,,,,,,,,,,68,674.452.379.655.196
573849,1,1,68,95,2,,,,,,,,2,,,,,,,,,,,,,,,68,944.053.885.760.514
573849,1,2,68,95,2,,,,,,,,2,,,,,,,,,,,,,,,68,944.053.885.760.514
573849,1,3,68,95,2,,,,,,,,2,,,,,,,,,,,,,,,68,944.053.885.760.514
573850,1,1,68,95,2,,,,,,,,2,,,,,,,,,,,,,,,68,435.717.362.372.965
573850,1,2,68,95,2,,,,,,,,2,,,,,,,,,,,,,,,68,435.717.362.372.965
573850,1,3,68,95,2,,,,,,,,2,,,,,,,,,,,,,,,68,435.717.362.372.965
573850,1,4,68,95,2,,,,,,,,1,2,,2,,,,,,500000,2,1,2,,2,68,435.717.362.372.965
573851,1,1,68,95,2,,,,,,,,2,,,,,,,,,,,,,,,68,897.995.745.229.926
573851,1,2,68,95,1,,1,2,,,200000,2,2,,,,,,,,,,,,,,,68,897.995.745.229.926
573852,1,1,68,95,1,,2,1,,1500000,,2,2,,,,,,,,,,,,,,,68,461.768.362.744.035
573852,1,2,68,95,2,,,,,,,,2,,,,,,,,,,,,,,,68,461.768.362.744.035
573853,1,1,68,95,2,,,,,,,,1,2,,2,,,,,,4800000,2,1,2,,2,68,328.363.264.721.184
573853,1,2,68,95,2,,,,,,,,2,,,,,,,,,,,,,,,68,328.363.264.721.184
573854,1,1,68,95,2,,,,,,,,2,,,,,,,,,,,,,,,68,371.683.493.340.848
573854,1,2,68,95,2,,,,,,,,2,,,,,,,,,,,,,,,68,371.683.493.340.848
573854,1,3,68,95,2,,,,,,,,2,,,,,,,,,,,,,,,68,371.683.493.340.848
573855,1,1,68,95,2,,,,,,,,2,,,,,,,,,,,,,,,68,413.555.066.930.988
573855,1,2,68,95,1,,1,2,,,50000,2,2,,,,,,,,,,,,,,,68,413.555.066.930.988
573855,1,3,68,95,2,,,,,,,,2,,,,,,,,,,,,,,,68,413.555.066.930.988
573855,2,1,68,95,2,,,,,,,,2,,,,,,,,,,,,,,,68,413.555.066.930.988
573855,2,2,68,95,2,,,,,,,,2,,,,,,,,,,,,,,,68,413.555.066.930.988
573856,1,1,68,95,1,,2,1,,960000,,2,2,,,,,,,,,,,,,,,68,132.028.044.398.647
573856,1,2,68,95,2,,,,,,,,2,,,,,,,,,,,,,,,68,132.028.044.398.647
573856,1,3,68,95,2,,,,,,,,2,,,,,,,,,,,,,,,68,132.028.044.398.647
573857,1,1,68,95,1,,1,2,,,100000,2,1,2,,2,,,,,,6000000,2,1,2,,2,68,105.967.015.640.085
573857,1,2,68,95,2,,,,,,,,2,,,,,,,,,,,,,,,68,105.967.015.640.085
573857,2,1,68,95,2,,,,,,,,2,,,,,,,,,,,,,,,68,105.967.015.640.085
573857,2,2,68,95,2,,,,,,,,1,2,,2,,,,,,200000,2,1,2,,2,68,105.967.015.640.085
573858,1,1,68,95,2,,,,,,,,2,,,,,,,,,,,,,,,68,126.626.916.530.837
573858,1,2,68,95,2,,,,,,,,2,,,,,,,,,,,,,,,68,126.626.916.530.837
573859,1,1,68,95,2,,,,,,,,2,,,,,,,,,,,,,,,68,922.031.774.825.511
573859,1,2,68,95,2,,,,,,,,1,2,,2,,,,,,300000,2,1,2,,2,68,922.031.774.825.511
573859,1,3,68,95,2,,,,,,,,2,,,,,,,,,,,,,,,68,922.031.774.825.511
573860,1,1,68,95,2,,,,,,,,2,,,,,,,,,,,,,,,68,736.188.798.388.805
573860,1,2,68,95,2,,,,,,,,2,,,,,,,,,,,,,,,68,736.188.798.388.805
573860,1,3,68,95,2,,,,,,,,2,,,,,,,,,,,,,,,68,736.188.798.388.805
573860,1,4,68,95,2,,,,,,,,2,,,,,,,,,,,,,,,68,736.188.798.388.805
573861,1,1,68,95,2,,,,,,,,2,,,,,,,,,,,,,,,68,86.258.823.027.116
573861,1,2,68,95,2,,,,,,,,2,,,,,,,,,,,,,,,68,86.258.823.027.116
573862,1,1,68,95,2,,,,,,,,1,2,,2,,,,,,7200000,2,1,2,,2,68,518.297.806.088.755
573862,1,2,68,95,2,,,,,,,,2,,,,,,,,,,,,,,,68,518.297.806.088.755
573862,1,3,68,95,2,,,,,,,,2,,,,,,,,,,,,,,,68,518.297.806.088.755
573862,1,4,68,95,2,,,,,,,,2,,,,,,,,,,,,,,,68,518.297.806.088.755
573862,1,5,68,95,2,,,,,,,,1,2,,2,,,,,,250000,2,1,2,250000,1,68,518.297.806.088.755
573862,1,6,68,95,2,,,,,,,,2,,,,,,,,,,,,,,,68,518.297.806.088.755
573864,1,1,68,95,2,,,,,,,,2,,,,,,,,,,,,,,,68,796.971.040.602.054
573865,1,1,68,95,2,,,,,,,,2,,,,,,,,,,,,,,,68,334.631.271.994.911
573865,1,2,68,95,2,,,,,,,,2,,,,,,,,,,,,,,,68,334.631.271.994.911
573865,1,3,68,95,2,,,,,,,,2,,,,,,,,,,,,,,,68,334.631.271.994.911
573865,1,4,68,95,2,,,,,,,,2,,,,,,,,,,,,,,,68,334.631.271.994.911
573867,1,1,68,95,2,,,,,,,,2,,,,,,,,,,,,,,,68,384.298.328.847.957
573867,1,2,68,95,2,,,,,,,,2,,,,,,,,,,,,,,,68,384.298.328.847.957
573869,1,1,68,95,1,,2,1,,1500000,,2,2,,,,,,,,,,,,,,,68,406.243.318.622.579
573869,1,2,68,95,2,,,,,,,,2,,,,,,,,,,,,,,,68,406.243.318.622.579
573869,1,3,68,95,2,,,,,,,,2,,,,,,,,,,,,,,,68,406.243.318.622.579
573870,1,1,68,95,2,,,,,,,,2,,,,,,,,,,,,,,,68,326.302.067.810.252
573870,1,2,68,95,2,,,,,,,,2,,,,,,,,,,,,,,,68,326.302.067.810.252
573870,1,3,68,95,2,,,,,,,,2,,,,,,,,,,,,,,,68,326.302.067.810.252
573870,1,4,68,95,2,,,,,,,,2,,,,,,,,,,,,,,,68,326.302.067.810.252
573870,1,5,68,95,2,,,,,,,,2,,,,,,,,,,,,,,,68,326.302.067.810.252
573870,1,6,68,95,2,,,,,,,,2,,,,,,,,,,,,,,,68,326.302.067.810.252
573871,1,1,68,95,2,,,,,,,,2,,,,,,,,,,,,,,,68,411.945.651.269.026
573871,1,2,68,95,2,,,,,,,,2,,,,,,,,,,,,,,,68,411.945.651.269.026
573871,1,3,68,95,2,,,,,,,,2,,,,,,,,,,,,,,,68,411.945.651.269.026
573872,1,1,68,95,2,,,,,,,,2,,,,,,,,,,,,,,,68,45.678.510.298.117
573872,1,2,68,95,2,,,,,,,,2,,,,,,,,,,,,,,,68,45.678.510.298.117
573873,1,1,68,95,2,,,,,,,,2,,,,,,,,,,,,,,,68,399.872.789.580.371
573873,1,2,68,95,2,,,,,,,,2,,,,,,,,,,,,,,,68,399.872.789.580.371
573875,1,1,68,95,1,,2,1,,433700,,2,1,2,,2,,,,,,2400000,2,1,2,,2,68,456.034.076.392.061
573875,1,2,68,95,2,,,,,,,,2,,,,,,,,,,,,,,,68,456.034.076.392.061
573876,1,1,68,95,2,,,,,,,,2,,,,,,,,,,,,,,,68,392.619.280.135.918
573876,1,2,68,95,2,,,,,,,,2,,,,,,,,,,,,,,,68,392.619.280.135.918
573876,1,3,68,95,2,,,,,,,,2,,,,,,,,,,,,,,,68,392.619.280.135.918
573876,1,4,68,95,2,,,,,,,,2,,,,,,,,,,,,,,,68,392.619.280.135.918
573877,1,1,68,95,2,,,,,,,,2,,,,,,,,,,,,,,,68,300.715.942.300.114
573878,1,1,68,95,2,,,,,,,,2,,,,,,,,,,,,,,,68,392.085.559.214.164
573878,1,2,68,95,2,,,,,,,,2,,,,,,,,,,,,,,,68,392.085.559.214.164
573879,1,1,68,95,2,,,,,,,,2,,,,,,,,,,,,,,,68,334.631.271.994.911
573879,1,2,68,95,2,,,,,,,,2,,,,,,,,,,,,,,,68,334.631.271.994.911
573879,1,3,68,95,2,,,,,,,,2,,,,,,,,,,,,,,,68,334.631.271.994.911
573879,1,4,68,95,2,,,,,,,,2,,,,,,,,,,,,,,,68,334.631.271.994.911
573880,1,1,68,95,2,,,,,,,,2,,,,,,,,,,,,,,,68,365.574.589.829.494
573880,1,2,68,95,2,,,,,,,,2,,,,,,,,,,,,,,,68,365.574.589.829.494
573880,2,1,68,95,2,,,,,,,,2,,,,,,,,,,,,,,,68,365.574.589.829.494
573881,1,1,68,95,2,,,,,,,,2,,,,,,,,,,,,,,,68,365.949.206.988.875
573881,1,2,68,95,2,,,,,,,,2,,,,,,,,,,,,,,,68,365.949.206.988.875
573881,1,3,68,95,2,,,,,,,,2,,,,,,,,,,,,,,,68,365.949.206.988.875
573882,1,1,68,95,1,,1,2,,,50000,2,2,,,,,,,,,,,,,,,68,377.388.347.648.167
573882,1,2,68,95,2,,,,,,,,2,,,,,,,,,,,,,,,68,377.388.347.648.167
573882,2,1,68,95,2,,,,,,,,2,,,,,,,,,,,,,,,68,377.388.347.648.167
573882,2,2,68,95,2,,,,,,,,2,,,,,,,,,,,,,,,68,377.388.347.648.167
573882,3,1,68,95,2,,,,,,,,2,,,,,,,,,,,,,,,68,377.388.347.648.167
573883,1,1,68,95,2,,,,,,,,1,2,,2,,,,,,6000000,2,1,2,,2,68,352.959.754.322.385
573883,1,2,68,95,2,,,,,,,,2,,,,,,,,,,,,,,,68,352.959.754.322.385
573883,1,3,68,95,2,,,,,,,,2,,,,,,,,,,,,,,,68,352.959.754.322.385
573883,1,4,68,95,2,,,,,,,,2,,,,,,,,,,,,,,,68,352.959.754.322.385
573884,1,1,68,95,1,,2,1,,2100000,,2,2,,,,,,,,,,,,,,,68,398.456.088.256.372
573884,1,2,68,95,2,,,,,,,,2,,,,,,,,,,,,,,,68,398.456.088.256.372
573884,1,4,68,95,2,,,,,,,,2,,,,,,,,,,,,,,,68,398.456.088.256.372
573885,1,1,68,95,1,,2,1,,650000,,2,2,,,,,,,,,,,,,,,68,398.456.088.256.372
573885,1,2,68,95,2,,,,,,,,2,,,,,,,,,,,,,,,68,398.456.088.256.372
573885,1,3,68,95,2,,,,,,,,2,,,,,,,,,,,,,,,68,398.456.088.256.372
573886,1,1,68,95,2,,,,,,,,2,,,,,,,,,,,,,,,68,305.908.254.833.635
573886,1,2,68,95,2,,,,,,,,2,,,,,,,,,,,,,,,68,305.908.254.833.635
573886,1,3,68,95,2,,,,,,,,2,,,,,,,,,,,,,,,68,305.908.254.833.635
573887,1,1,68,95,2,,,,,,,,2,,,,,,,,,,,,,,,68,41.834.561.235.589
573887,1,2,68,95,2,,,,,,,,2,,,,,,,,,,,,,,,68,41.834.561.235.589
573888,1,1,68,95,2,,,,,,,,2,,,,,,,,,,,,,,,68,428.595.806.741.648
573888,1,2,68,95,2,,,,,,,,2,,,,,,,,,,,,,,,68,428.595.806.741.648
573888,1,3,68,95,2,,,,,,,,2,,,,,,,,,,,,,,,68,428.595.806.741.648
573889,1,1,68,95,2,,,,,,,,2,,,,,,,,,,,,,,,68,455.902.122.578.926
573889,1,2,68,95,2,,,,,,,,2,,,,,,,,,,,,,,,68,455.902.122.578.926
573889,1,3,68,95,2,,,,,,,,2,,,,,,,,,,,,,,,68,455.902.122.578.926
573889,1,4,68,95,2,,,,,,,,2,,,,,,,,,,,,,,,68,455.902.122.578.926
573889,1,6,68,95,2,,,,,,,,2,,,,,,,,,,,,,,,68,455.902.122.578.926
573890,1,1,68,95,2,,,,,,,,2,,,,,,,,,,,,,,,68,189.414.937.814.259
573890,1,2,68,95,2,,,,,,,,2,,,,,,,,,,,,,,,68,189.414.937.814.259
573890,1,3,68,95,2,,,,,,,,2,,,,,,,,,,,,,,,68,189.414.937.814.259
573890,1,4,68,95,2,,,,,,,,2,,,,,,,,,,,,,,,68,189.414.937.814.259
573891,1,1,68,95,2,,,,,,,,2,,,,,,,,,,,,,,,68,335.173.245.813.364
573891,1,2,68,95,2,,,,,,,,1,2,,1,,,1800000,,,600000,2,1,2,,2,68,335.173.245.813.364
573892,1,1,68,95,2,,,,,,,,2,,,,,,,,,,,,,,,68,369.191.097.276.642
573892,1,2,68,95,2,,,,,,,,2,,,,,,,,,,,,,,,68,369.191.097.276.642
573892,1,3,68,95,2,,,,,,,,2,,,,,,,,,,,,,,,68,369.191.097.276.642
573892,1,4,68,95,2,,,,,,,,2,,,,,,,,,,,,,,,68,369.191.097.276.642
573893,1,1,68,95,2,,,,,,,,1,2,,2,,,,,,600000,2,1,2,,2,68,287.435.432.058.116
573893,1,2,68,95,2,,,,,,,,2,,,,,,,,,,,,,,,68,287.435.432.058.116
573893,1,3,68,95,2,,,,,,,,1,2,,2,,,,,,2000000,2,1,2,3000000,1,68,287.435.432.058.116
573894,1,1,68,95,2,,,,,,,,2,,,,,,,,,,,,,,,68,371.786.015.109.329
573894,1,2,68,95,2,,,,,,,,1,2,,2,3000000,,,,,,2,2,1,,2,68,371.786.015.109.329
573895,1,1,68,95,2,,,,,,,,2,,,,,,,,,,,,,,,68,443.044.623.725.572
573895,1,2,68,95,2,,,,,,,,2,,,,,,,,,,,,,,,68,443.044.623.725.572
573895,1,3,68,95,2,,,,,,,,2,,,,,,,,,,,,,,,68,443.044.623.725.572
573896,1,1,68,95,2,,,,,,,,1,2,,2,,,,,,6000000,2,1,2,,2,68,302.103.211.579.458
573896,1,2,68,95,2,,,,,,,,2,,,,,,,,,,,,,,,68,302.103.211.579.458
573897,1,1,68,95,2,,,,,,,,1,2,,2,,,,,,,2,2,2,1200000,1,68,428.595.806.741.648
573897,1,2,68,95,2,,,,,,,,2,,,,,,,,,,,,,,,68,428.595.806.741.648
573897,1,3,68,95,2,,,,,,,,2,,,,,,,,,,,,,,,68,428.595.806.741.648
573898,1,1,68,95,2,,,,,,,,2,,,,,,,,,,,,,,,68,398.485.520.301.027
573899,1,1,68,95,2,,,,,,,,2,,,,,,,,,,,,,,,68,335.173.245.813.364
573899,1,2,68,95,1,,1,2,100000,,350000,1,2,,,,,,,,,,,,,,,68,335.173.245.813.364
573900,1,1,68,95,2,,,,,,,,1,2,,2,,,,,,3000000,2,1,2,,2,68,42.232.779.946.792
573901,1,1,68,95,2,,,,,,,,2,,,,,,,,,,,,,,,68,335.173.245.813.364
573901,1,2,68,95,2,,,,,,,,2,,,,,,,,,,,,,,,68,335.173.245.813.364
573902,1,1,68,95,2,,,,,,,,2,,,,,,,,,,,,,,,68,358.369.497.027.777
573902,1,2,68,95,2,,,,,,,,2,,,,,,,,,,,,,,,68,358.369.497.027.777
573902,1,3,68,95,2,,,,,,,,2,,,,,,,,,,,,,,,68,358.369.497.027.777
573902,1,4,68,95,2,,,,,,,,1,2,,1,,,160000,,,,2,2,2,98,1,68,358.369.497.027.777
573902,1,5,68,95,2,,,,,,,,1,2,,2,,,,,,98,2,1,2,,2,68,358.369.497.027.777
573902,2,1,68,95,2,,,,,,,,2,,,,,,,,,,,,,,,68,358.369.497.027.777
573902,2,2,68,95,2,,,,,,,,2,,,,,,,,,,,,,,,68,358.369.497.027.777
573903,1,1,68,95,2,,,,,,,,1,2,,2,,,,,,400000,2,1,2,,2,68,263.531.767.141.042
573903,1,2,68,95,2,,,,,,,,1,2,,1,,,77000,,,,2,2,2,,2,68,263.531.767.141.042
573903,1,3,68,95,1,,2,2,500000,,,1,1,2,,2,,,,,,1000000,2,1,2,,2,68,263.531.767.141.042
573903,1,5,68,95,2,,,,,,,,2,,,,,,,,,,,,,,,68,263.531.767.141.042
573903,1,6,68,95,2,,,,,,,,2,,,,,,,,,,,,,,,68,263.531.767.141.042
573904,1,1,68,95,2,,,,,,,,1,2,,2,,,,6000000,,,1,2,2,,2,68,419.391.875.051.442
573904,1,2,68,95,1,,1,2,,,98,2,2,,,,,,,,,,,,,,,68,419.391.875.051.442
573904,1,5,68,95,2,,,,,,,,2,,,,,,,,,,,,,,,68,419.391.875.051.442
573904,1,6,68,95,2,,,,,,,,1,2,,2,,,,,,6000000,2,1,2,,2,68,419.391.875.051.442
573905,1,1,68,95,1,,1,2,,,300000,2,2,,,,,,,,,,,,,,,68,279.648.201.691.909
573905,1,2,68,95,2,,,,,,,,2,,,,,,,,,,,,,,,68,279.648.201.691.909
573905,1,3,68,95,2,,,,,,,,2,,,,,,,,,,,,,,,68,279.648.201.691.909
573907,1,1,68,95,2,,,,,,,,2,,,,,,,,,,,,,,,68,407.528.066.133.442
573907,1,2,68,95,2,,,,,,,,2,,,,,,,,,,,,,,,68,407.528.066.133.442
573907,1,3,68,95,1,,2,2,100000,,,1,2,,,,,,,,,,,,,,,68,407.528.066.133.442
573907,1,5,68,95,2,,,,,,,,2,,,,,,,,,,,,,,,68,407.528.066.133.442
573907,1,6,68,95,2,,,,,,,,2,,,,,,,,,,,,,,,68,407.528.066.133.442
573908,1,1,68,95,2,,,,,,,,2,,,,,,,,,,,,,,,68,455.931.554.623.581
573908,1,2,68,95,2,,,,,,,,1,2,,2,,,,,,,2,2,2,150000,1,68,455.931.554.623.581
573908,1,3,68,95,2,,,,,,,,2,,,,,,,,,,,,,,,68,455.931.554.623.581
573909,1,1,68,95,2,,,,,,,,2,,,,,,,,,,,,,,,68,392.085.559.214.164
573909,1,2,68,95,2,,,,,,,,2,,,,,,,,,,,,,,,68,392.085.559.214.164
573910,1,1,68,95,2,,,,,,,,2,,,,,,,,,,,,,,,68,335.173.245.813.364
573910,1,2,68,95,2,,,,,,,,2,,,,,,,,,,,,,,,68,335.173.245.813.364
573911,1,1,68,95,2,,,,,,,,2,,,,,,,,,,,,,,,68,260.526.829.303.038
573911,1,2,68,95,2,,,,,,,,2,,,,,,,,,,,,,,,68,260.526.829.303.038
573911,1,3,68,95,2,,,,,,,,2,,,,,,,,,,,,,,,68,260.526.829.303.038
573911,1,4,68,95,2,,,,,,,,2,,,,,,,,,,,,,,,68,260.526.829.303.038
573911,1,5,68,95,2,,,,,,,,2,,,,,,,,,,,,,,,68,260.526.829.303.038
573911,1,6,68,95,2,,,,,,,,2,,,,,,,,,,,,,,,68,260.526.829.303.038
573912,1,1,68,95,2,,,,,,,,1,2,,2,,,,,,2500000,2,1,2,,2,68,319.188.765.075.633
573913,1,1,68,95,2,,,,,,,,2,,,,,,,,,,,,,,,68,371.786.015.109.329
573913,1,2,68,95,2,,,,,,,,2,,,,,,,,,,,,,,,68,371.786.015.109.329
573914,1,1,68,95,2,,,,,,,,1,2,,2,,,,,,18000000,2,1,2,,2,68,271.450.951.320.384
573914,1,2,68,95,2,,,,,,,,2,,,,,,,,,,,,,,,68,271.450.951.320.384
573915,1,1,68,95,1,,2,1,,1500000,,2,2,,,,,,,,,,,,,,,68,345.304.477.769.314
573916,1,1,68,95,2,,,,,,,,2,,,,,,,,,,,,,,,68,581.963.518.587.842
573916,1,3,68,95,2,,,,,,,,2,,,,,,,,,,,,,,,68,581.963.518.587.842
573916,1,4,68,95,2,,,,,,,,2,,,,,,,,,,,,,,,68,581.963.518.587.842
573917,1,1,68,95,2,,,,,,,,2,,,,,,,,,,,,,,,68,329.438.959.461.391
573917,1,2,68,95,2,,,,,,,,2,,,,,,,,,,,,,,,68,329.438.959.461.391
573918,1,1,68,95,2,,,,,,,,1,2,,2,,,,,,300000,2,1,2,,2,68,310.715.220.442.928
573918,1,2,68,95,2,,,,,,,,2,,,,,,,,,,,,,,,68,310.715.220.442.928
573918,1,3,68,95,2,,,,,,,,2,,,,,,,,,,,,,,,68,310.715.220.442.928
573919,1,1,68,95,2,,,,,,,,2,,,,,,,,,,,,,,,68,392.085.559.214.164
573919,1,2,68,95,2,,,,,,,,2,,,,,,,,,,,,,,,68,392.085.559.214.164
573920,1,1,68,95,2,,,,,,,,2,,,,,,,,,,,,,,,68,42.080.857.637.544
573920,1,2,68,95,2,,,,,,,,1,2,,2,,,,,,1200000,2,1,2,,2,68,42.080.857.637.544
573920,1,3,68,95,2,,,,,,,,2,,,,,,,,,,,,,,,68,42.080.857.637.544
573921,1,1,68,95,2,,,,,,,,2,,,,,,,,,,,,,,,68,298.121.024.467.428
573921,1,2,68,95,2,,,,,,,,2,,,,,,,,,,,,,,,68,298.121.024.467.428
573921,1,3,68,95,2,,,,,,,,2,,,,,,,,,,,,,,,68,298.121.024.467.428
573922,1,1,68,95,1,,2,2,170000,,,1,2,,,,,,,,,,,,,,,68,36.541.548.606.712
573923,1,1,68,95,2,,,,,,,,2,,,,,,,,,,,,,,,68,475.894.168.446.924
573923,1,2,68,95,2,,,,,,,,2,,,,,,,,,,,,,,,68,475.894.168.446.924
573923,1,3,68,95,2,,,,,,,,2,,,,,,,,,,,,,,,68,475.894.168.446.924
573924,1,1,68,95,2,,,,,,,,2,,,,,,,,,,,,,,,68,434.715.419.540.912
573924,1,2,68,95,2,,,,,,,,2,,,,,,,,,,,,,,,68,434.715.419.540.912
573924,1,3,68,95,2,,,,,,,,2,,,,,,,,,,,,,,,68,434.715.419.540.912
573924,1,4,68,95,2,,,,,,,,2,,,,,,,,,,,,,,,68,434.715.419.540.912
573924,1,5,68,95,2,,,,,,,,2,,,,,,,,,,,,,,,68,434.715.419.540.912
573925,1,1,68,95,2,,,,,,,,2,,,,,,,,,,,,,,,68,448.997.872.614.963
573925,1,2,68,95,2,,,,,,,,2,,,,,,,,,,,,,,,68,448.997.872.614.963
573926,1,1,68,95,2,,,,,,,,2,,,,,,,,,,,,,,,68,352.959.754.322.385
573926,1,2,68,95,2,,,,,,,,2,,,,,,,,,,,,,,,68,352.959.754.322.385
573926,1,3,68,95,2,,,,,,,,2,,,,,,,,,,,,,,,68,352.959.754.322.385
573926,1,4,68,95,2,,,,,,,,2,,,,,,,,,,,,,,,68,352.959.754.322.385
573927,1,1,68,95,1,,2,1,,850000,,2,2,,,,,,,,,,,,,,,68,371.683.493.340.848
573927,1,2,68,95,2,,,,,,,,2,,,,,,,,,,,,,,,68,371.683.493.340.848
573927,1,3,68,95,2,,,,,,,,2,,,,,,,,,,,,,,,68,371.683.493.340.848
573928,1,1,68,95,1,,2,1,,480000,,2,2,,,,,,,,,,,,,,,68,371.535.098.866.385
573928,1,2,68,95,2,,,,,,,,2,,,,,,,,,,,,,,,68,371.535.098.866.385
573928,1,3,68,95,2,,,,,,,,2,,,,,,,,,,,,,,,68,371.535.098.866.385
574039,1,1,73,95,1,,1,1,,1160000,220000,2,2,,,,,,,,,,,,,,,73,102.203.766.398.647
574039,1,2,73,95,2,,,,,,,,2,,,,,,,,,,,,,,,73,102.203.766.398.647
574039,1,3,73,95,2,,,,,,,,2,,,,,,,,,,,,,,,73,102.203.766.398.647
574040,1,1,73,95,1,,1,1,,900000,150000,2,2,,,,,,,,,,,,,,,73,165.940.230.465.272
574040,1,2,73,95,2,,,,,,,,2,,,,,,,,,,,,,,,73,165.940.230.465.272
574040,1,3,73,95,2,,,,,,,,2,,,,,,,,,,,,,,,73,165.940.230.465.272
574041,1,1,73,95,2,,,,,,,,2,,,,,,,,,,,,,,,73,173.068.490.606.986
574041,1,2,73,95,2,,,,,,,,2,,,,,,,,,,,,,,,73,173.068.490.606.986
574041,1,3,73,95,1,,2,1,,433700,,2,2,,,,,,,,,,,,,,,73,173.068.490.606.986
574041,1,4,73,95,2,,,,,,,,2,,,,,,,,,,,,,,,73,173.068.490.606.986
574041,1,5,73,95,2,,,,,,,,1,2,,2,,,,,,2500000,2,1,2,,2,73,173.068.490.606.986
574044,1,1,73,95,2,,,,,,,,2,,,,,,,,,,,,,,,73,173.203.683.179.805
574044,1,2,73,95,2,,,,,,,,1,2,,2,,,,,,10000000,2,1,2,,2,73,173.203.683.179.805
574044,1,3,73,95,2,,,,,,,,2,,,,,,,,,,,,,,,73,173.203.683.179.805
574045,1,1,73,95,2,,,,,,,,2,,,,,,,,,,,,,,,73,102.203.766.398.647
574045,1,2,73,95,1,,1,2,,,200000,2,2,,,,,,,,,,,,,,,73,102.203.766.398.647
574045,1,3,73,95,1,,2,1,,433700,,2,2,,,,,,,,,,,,,,,73,102.203.766.398.647
574045,1,4,73,95,1,,1,2,,,210000,2,2,,,,,,,,,,,,,,,73,102.203.766.398.647
574045,1,5,73,95,2,,,,,,,,1,2,,2,,,,,,350000,2,1,2,,2,73,102.203.766.398.647
574045,1,6,73,95,2,,,,,,,,2,,,,,,,,,,,,,,,73,102.203.766.398.647
574045,1,7,73,95,2,,,,,,,,2,,,,,,,,,,,,,,,73,102.203.766.398.647
574046,1,1,73,95,2,,,,,,,,2,,,,,,,,,,,,,,,73,203.619.470.330.363
574046,1,2,73,95,2,,,,,,,,1,2,,2,,,,5000000,,,1,2,2,,2,73,203.619.470.330.363
574048,1,1,73,95,2,,,,,,,,2,,,,,,,,,,,,,,,73,15.439.717.029.601
574048,1,2,73,95,2,,,,,,,,2,,,,,,,,,,,,,,,73,15.439.717.029.601
574048,1,3,73,95,2,,,,,,,,2,,,,,,,,,,,,,,,73,15.439.717.029.601
574048,1,4,73,95,2,,,,,,,,2,,,,,,,,,,,,,,,73,15.439.717.029.601
574048,1,5,73,95,2,,,,,,,,2,,,,,,,,,,,,,,,73,15.439.717.029.601
574049,1,1,73,95,1,,2,1,,1000000,,2,2,,,,,,,,,,,,,,,73,210.882.923.044.897
574049,1,2,73,95,2,,,,,,,,2,,,,,,,,,,,,,,,73,210.882.923.044.897
574050,1,1,73,95,2,,,,,,,,2,,,,,,,,,,,,,,,73,135.031.560.245.753
574050,1,2,73,95,2,,,,,,,,1,2,,2,,,,1500000,,,1,2,2,,2,73,135.031.560.245.753
574050,1,3,73,95,2,,,,,,,,2,,,,,,,,,,,,,,,73,135.031.560.245.753
574050,1,4,73,95,2,,,,,,,,2,,,,,,,,,,,,,,,73,135.031.560.245.753
574051,1,1,73,95,1,,1,2,,,240000,2,2,,,,,,,,,,,,,,,73,157.791.588.373.471
574051,1,2,73,95,2,,,,,,,,2,,,,,,,,,,,,,,,73,157.791.588.373.471
574051,1,3,73,95,2,,,,,,,,2,,,,,,,,,,,,,,,73,157.791.588.373.471
574052,1,1,73,95,2,,,,,,,,2,,,,,,,,,,,,,,,73,267.317.054.794.134
574052,1,2,73,95,2,,,,,,,,2,,,,,,,,,,,,,,,73,267.317.054.794.134
574052,1,3,73,95,2,,,,,,,,2,,,,,,,,,,,,,,,73,267.317.054.794.134
574053,1,1,73,95,2,,,,,,,,2,,,,,,,,,,,,,,,73,234.055.540.289.385
574053,1,2,73,95,2,,,,,,,,2,,,,,,,,,,,,,,,73,234.055.540.289.385
574054,1,1,73,95,1,,1,2,,,130000,2,2,,,,,,,,,,,,,,,73,160.861.818.083.446
574054,1,2,73,95,2,,,,,,,,2,,,,,,,,,,,,,,,73,160.861.818.083.446
574054,1,4,73,95,2,,,,,,,,1,2,,2,,,,,,500000,2,1,2,,2,73,160.861.818.083.446
574055,1,1,73,95,1,,1,1,,2112738,750000,2,1,2,,2,,,,,,,2,2,2,50000,1,73,237.849.068.708.158
574055,1,2,73,95,2,,,,,,,,2,,,,,,,,,,,,,,,73,237.849.068.708.158
574055,1,3,73,95,2,,,,,,,,1,2,,2,,,,,,500000,2,1,2,,2,73,237.849.068.708.158
574056,1,1,73,95,1,,2,1,,2667400,,2,1,2,,2,6000000,,,,,7000000,2,1,1,,2,73,200.329.815.668.218
574056,1,2,73,95,2,,,,,,,,2,,,,,,,,,,,,,,,73,200.329.815.668.218
574056,1,3,73,95,2,,,,,,,,1,2,,2,,,,,,4200000,2,1,2,,2,73,200.329.815.668.218
574056,1,4,73,95,2,,,,,,,,1,2,,2,6000000,,,,,,2,2,1,,2,73,200.329.815.668.218
574057,1,1,73,95,1,,1,1,,433700,200000,2,2,,,,,,,,,,,,,,,73,191.685.848.829.991
574057,1,2,73,95,2,,,,,,,,2,,,,,,,,,,,,,,,73,191.685.848.829.991
574057,1,3,73,95,2,,,,,,,,2,,,,,,,,,,,,,,,73,191.685.848.829.991
574058,1,1,73,95,2,,,,,,,,2,,,,,,,,,,,,,,,73,22.576.878.029.197
574058,1,2,73,95,2,,,,,,,,2,,,,,,,,,,,,,,,73,22.576.878.029.197
574059,1,1,73,95,2,,,,,,,,1,2,,2,,,,,,3000000,2,1,2,,2,73,18.096.420.561.796
574059,1,2,73,95,2,,,,,,,,1,2,,2,,,,,,3500000,2,1,2,,2,73,18.096.420.561.796
574059,1,3,73,95,2,,,,,,,,1,2,,2,,,,,,2000000,2,1,2,,2,73,18.096.420.561.796
574060,1,1,73,95,2,,,,,,,,2,,,,,,,,,,,,,,,73,225.864.162.225.111
574060,1,2,73,95,2,,,,,,,,2,,,,,,,,,,,,,,,73,225.864.162.225.111
574060,1,3,73,95,2,,,,,,,,2,,,,,,,,,,,,,,,73,225.864.162.225.111
574060,1,4,73,95,1,,1,2,,,250000,2,1,2,,1,,,74500,,,,2,2,2,,2,73,225.864.162.225.111
574060,1,5,73,95,2,,,,,,,,2,,,,,,,,,,,,,,,73,225.864.162.225.111
574061,1,1,73,95,2,,,,,,,,2,,,,,,,,,,,,,,,73,154.406.303.550.685
574061,1,2,73,95,2,,,,,,,,2,,,,,,,,,,,,,,,73,154.406.303.550.685
574061,1,3,73,95,2,,,,,,,,2,,,,,,,,,,,,,,,73,154.406.303.550.685
574062,1,1,73,95,2,,,,,,,,2,,,,,,,,,,,,,,,73,139.069.714.962.651
574062,1,2,73,95,2,,,,,,,,1,2,,2,,,,,,600000,2,1,2,,2,73,139.069.714.962.651
574062,2,1,73,95,2,,,,,,,,2,,,,,,,,,,,,,,,73,139.069.714.962.651
574062,2,2,73,95,2,,,,,,,,2,,,,,,,,,,,,,,,73,139.069.714.962.651
574063,1,1,73,95,1,,2,1,,433700,,2,2,,,,,,,,,,,,,,,73,154.658.746.976.182
574063,1,2,73,95,1,,2,1,,1500000,,2,2,,,,,,,,,,,,,,,73,154.658.746.976.182
574063,1,3,73,95,2,,,,,,,,2,,,,,,,,,,,,,,,73,154.658.746.976.182
574063,1,4,73,95,2,,,,,,,,2,,,,,,,,,,,,,,,73,154.658.746.976.182
574064,1,1,73,95,2,,,,,,,,1,2,,2,,,,,,3600000,2,1,2,,2,73,159.127.757.319.199
574065,1,1,73,95,1,,2,1,,1200000,,2,2,,,,,,,,,,,,,,,73,139.331.291.642.822
574065,1,2,73,95,2,,,,,,,,2,,,,,,,,,,,,,,,73,139.331.291.642.822
574065,1,3,73,95,2,,,,,,,,2,,,,,,,,,,,,,,,73,139.331.291.642.822
574066,1,1,73,95,2,,,,,,,,1,2,,2,,,,,,5000000,2,1,2,,2,73,157.867.094.591.771
574066,1,2,73,95,2,,,,,,,,2,,,,,,,,,,,,,,,73,157.867.094.591.771
574066,1,3,73,95,2,,,,,,,,2,,,,,,,,,,,,,,,73,157.867.094.591.771
574066,1,4,73,95,2,,,,,,,,2,,,,,,,,,,,,,,,73,157.867.094.591.771
574067,1,1,73,95,2,,,,,,,,2,,,,,,,,,,,,,,,73,255.416.787.784.061
574067,1,2,73,95,2,,,,,,,,2,,,,,,,,,,,,,,,73,255.416.787.784.061
574067,1,3,73,95,2,,,,,,,,2,,,,,,,,,,,,,,,73,255.416.787.784.061
574067,1,4,73,95,2,,,,,,,,1,2,,2,,,,,,1000000,2,1,2,,2,73,255.416.787.784.061
574068,1,1,73,95,2,,,,,,,,2,,,,,,,,,,,,,,,73,192.422.626.314.247
574068,1,2,73,95,2,,,,,,,,2,,,,,,,,,,,,,,,73,192.422.626.314.247
574070,1,1,73,95,1,,2,1,,433700,,2,2,,,,,,,,,,,,,,,73,199.686.079.028.781
574070,1,2,73,95,2,,,,,,,,2,,,,,,,,,,,,,,,73,199.686.079.028.781
574071,1,1,73,95,2,,,,,,,,2,,,,,,,,,,,,,,,73,135.684.430.139.864
574071,1,2,73,95,1,,2,1,,433700,,2,2,,,,,,,,,,,,,,,73,135.684.430.139.864
574071,1,3,73,95,2,,,,,,,,2,,,,,,,,,,,,,,,73,135.684.430.139.864
574071,1,4,73,95,2,,,,,,,,2,,,,,,,,,,,,,,,73,135.684.430.139.864
574074,1,1,73,95,2,,,,,,,,2,,,,,,,,,,,,,,,73,270.311.778.285.809
574074,1,2,73,95,2,,,,,,,,2,,,,,,,,,,,,,,,73,270.311.778.285.809
574075,1,1,73,95,1,,1,2,,,250000,2,2,,,,,,,,,,,,,,,73,199.676.945.774.106
574075,1,2,73,95,2,,,,,,,,2,,,,,,,,,,,,,,,73,199.676.945.774.106
574075,1,3,73,95,2,,,,,,,,2,,,,,,,,,,,,,,,73,199.676.945.774.106
574075,1,4,73,95,2,,,,,,,,2,,,,,,,,,,,,,,,73,199.676.945.774.106
574076,1,1,73,95,1,,1,1,,433700,250000,2,2,,,,,,,,,,,,,,,73,196.553.237.631.491
574076,1,2,73,95,2,,,,,,,,2,,,,,,,,,,,,,,,73,196.553.237.631.491
574076,1,3,73,95,2,,,,,,,,2,,,,,,,,,,,,,,,73,196.553.237.631.491
574078,1,1,73,95,2,,,,,,,,2,,,,,,,,,,,,,,,73,159.127.757.319.199
574079,1,1,73,95,2,,,,,,,,2,,,,,,,,,,,,,,,73,214.667.318.208.995
574079,1,2,73,95,2,,,,,,,,2,,,,,,,,,,,,,,,73,214.667.318.208.995
574079,1,3,73,95,2,,,,,,,,2,,,,,,,,,,,,,,,73,214.667.318.208.995
574079,1,4,73,95,2,,,,,,,,2,,,,,,,,,,,,,,,73,214.667.318.208.995
574079,1,5,73,95,2,,,,,,,,2,,,,,,,,,,,,,,,73,214.667.318.208.995
574080,1,1,73,95,2,,,,,,,,1,2,,2,,,,,,3000000,2,1,2,,2,73,139.331.291.642.822
574080,1,2,73,95,2,,,,,,,,2,,,,,,,,,,,,,,,73,139.331.291.642.822
574080,1,3,73,95,2,,,,,,,,2,,,,,,,,,,,,,,,73,139.331.291.642.822
574081,1,1,73,95,2,,,,,,,,2,,,,,,,,,,,,,,,73,228.501.927.103.474
574081,1,4,73,95,2,,,,,,,,2,,,,,,,,,,,,,,,73,228.501.927.103.474
574082,1,1,73,95,2,,,,,,,,1,2,,2,,,,,,2400000,2,1,2,,2,73,173.709.886.158.101
574083,1,1,73,95,2,,,,,,,,1,2,,2,,,,,,3000000,2,1,2,,2,73,248.604.314.637.988
574083,1,2,73,95,2,,,,,,,,2,,,,,,,,,,,,,,,73,248.604.314.637.988
574084,1,1,73,95,2,,,,,,,,2,,,,,,,,,,,,,,,73,273.044.925.097.313
574084,1,5,73,95,2,,,,,,,,2,,,,,,,,,,,,,,,73,273.044.925.097.313
574085,1,1,73,95,2,,,,,,,,1,2,,1,,,113000,,,,2,2,2,,2,73,245.167.744.832.527
574085,1,2,73,95,1,,1,2,,,150000,2,1,2,,1,,,630000,,,,2,2,2,,2,73,245.167.744.832.527
574085,1,3,73,95,2,,,,,,,,2,,,,,,,,,,,,,,,73,245.167.744.832.527
574086,1,1,73,95,1,,2,1,,1390000,,2,1,2,,1,,,800000,,,,2,2,2,,2,73,21.501.353.436.214
574086,1,2,73,95,2,,,,,,,,2,,,,,,,,,,,,,,,73,21.501.353.436.214
574086,1,3,73,95,2,,,,,,,,2,,,,,,,,,,,,,,,73,21.501.353.436.214
574087,1,1,73,95,2,,,,,,,,2,,,,,,,,,,,,,,,73,139.415.931.115.796
574087,1,2,73,95,2,,,,,,,,2,,,,,,,,,,,,,,,73,139.415.931.115.796
574088,1,1,73,95,2,,,,,,,,1,2,,1,,,2000000,,,,2,2,2,,2,73,192.422.626.314.247
574088,1,2,73,95,2,,,,,,,,1,2,,1,,,433700,,,,2,2,2,,2,73,192.422.626.314.247
574089,1,1,73,95,2,,,,,,,,2,,,,,,,,,,,,,,,73,188.038.255.444.204
574089,1,2,73,95,2,,,,,,,,1,2,,1,,,700000,,,,2,2,2,,2,73,188.038.255.444.204
574089,1,3,73,95,2,,,,,,,,2,,,,,,,,,,,,,,,73,188.038.255.444.204
574089,1,4,73,95,2,,,,,,,,2,,,,,,,,,,,,,,,73,188.038.255.444.204
574090,1,1,73,95,2,,,,,,,,2,,,,,,,,,,,,,,,73,267.317.054.794.134
574090,1,2,73,95,2,,,,,,,,2,,,,,,,,,,,,,,,73,267.317.054.794.134
574090,1,3,73,95,2,,,,,,,,2,,,,,,,,,,,,,,,73,267.317.054.794.134
574091,1,1,73,95,2,,,,,,,,2,,,,,,,,,,,,,,,73,22.576.878.029.197
574091,1,2,73,95,2,,,,,,,,1,2,,1,,,800000,,,,2,2,2,,2,73,22.576.878.029.197
574092,1,1,73,95,2,,,,,,,,1,2,,2,,,,,,384000,2,1,2,,2,73,311.860.052.787.973
574092,1,2,73,95,2,,,,,,,,2,,,,,,,,,,,,,,,73,311.860.052.787.973
574092,1,3,73,95,2,,,,,,,,2,,,,,,,,,,,,,,,73,311.860.052.787.973
574093,1,1,73,95,2,,,,,,,,2,,,,,,,,,,,,,,,73,158.128.671.271.942
574093,1,2,73,95,2,,,,,,,,2,,,,,,,,,,,,,,,73,158.128.671.271.942
574093,1,3,73,95,2,,,,,,,,2,,,,,,,,,,,,,,,73,158.128.671.271.942
574094,1,1,73,95,2,,,,,,,,2,,,,,,,,,,,,,,,73,267.317.054.794.134
574094,1,2,73,95,2,,,,,,,,1,2,,1,,,200000,,,,2,2,2,,2,73,267.317.054.794.134
574094,1,4,73,95,2,,,,,,,,1,2,,1,,,200000,,,,2,2,2,,2,73,267.317.054.794.134
574095,1,1,73,95,2,,,,,,,,2,,,,,,,,,,,,,,,73,158.128.671.271.942
574095,1,2,73,95,2,,,,,,,,1,2,,2,,,,,,50000,2,1,2,,2,73,158.128.671.271.942
574095,1,3,73,95,2,,,,,,,,2,,,,,,,,,,,,,,,73,158.128.671.271.942
574096,1,1,73,95,2,,,,,,,,2,,,,,,,,,,,,,,,73,203.619.470.330.363
574096,1,2,73,95,2,,,,,,,,1,2,,1,,,434000,,,,2,2,2,,2,73,203.619.470.330.363
574098,1,1,73,95,2,,,,,,,,1,2,,2,,,,36000000,,,1,2,2,,2,73,192.422.626.314.247
574098,1,2,73,95,2,,,,,,,,2,,,,,,,,,,,,,,,73,192.422.626.314.247
574099,1,1,73,95,2,,,,,,,,2,,,,,,,,,,,,,,,73,11.723.326.666.389
574099,1,2,73,95,2,,,,,,,,2,,,,,,,,,,,,,,,73,11.723.326.666.389
574100,1,1,73,95,2,,,,,,,,2,,,,,,,,,,,,,,,73,169.325.515.288.058
574100,1,2,73,95,2,,,,,,,,2,,,,,,,,,,,,,,,73,169.325.515.288.058
574100,1,3,73,95,2,,,,,,,,2,,,,,,,,,,,,,,,73,169.325.515.288.058
574101,1,1,73,95,2,,,,,,,,2,,,,,,,,,,,,,,,73,237.849.068.708.158
574101,1,2,73,95,2,,,,,,,,2,,,,,,,,,,,,,,,73,237.849.068.708.158
574101,1,3,73,95,2,,,,,,,,2,,,,,,,,,,,,,,,73,237.849.068.708.158
574102,1,1,73,95,1,,2,1,,1000000,,2,1,2,,2,,,,,,500000,2,1,2,,2,73,21.501.353.436.214
574102,1,2,73,95,2,,,,,,,,1,2,,2,,,,,,2400000,2,1,2,,2,73,21.501.353.436.214
574102,1,3,73,95,2,,,,,,,,2,,,,,,,,,,,,,,,73,21.501.353.436.214
574103,1,1,73,95,1,,1,1,,1500000,200000,2,2,,,,,,,,,,,,,,,73,113.847.981.841.104
574103,1,2,73,95,2,,,,,,,,1,2,,2,,,,,,1000000,2,1,2,,2,73,113.847.981.841.104
574104,1,1,73,95,2,,,,,,,,2,,,,,,,,,,,,,,,73,162.513.042.141.985
574105,1,1,73,95,2,,,,,,,,1,2,,2,,,,,,15000000,2,1,2,,2,73,183.958.929.109.635
574105,1,3,73,95,2,,,,,,,,2,,,,,,,,,,,,,,,73,183.958.929.109.635
574106,1,1,73,95,1,,2,1,,1400000,,2,2,,,,,,,,,,,,,,,73,195.954.578.052.849
574106,1,2,73,95,2,,,,,,,,1,2,,2,,,,,,2000000,2,1,2,,2,73,195.954.578.052.849
574106,1,3,73,95,2,,,,,,,,2,,,,,,,,,,,,,,,73,195.954.578.052.849
574106,1,4,73,95,2,,,,,,,,2,,,,,,,,,,,,,,,73,195.954.578.052.849
574107,1,1,73,95,1,,1,2,,,4000000,2,2,,,,,,,,,,,,,,,73,179.237.475.341.121
574107,1,2,73,95,2,,,,,,,,2,,,,,,,,,,,,,,,73,179.237.475.341.121
574107,1,3,73,95,2,,,,,,,,2,,,,,,,,,,,,,,,73,179.237.475.341.121
574107,1,5,73,95,2,,,,,,,,2,,,,,,,,,,,,,,,73,179.237.475.341.121
574109,1,1,73,95,2,,,,,,,,2,,,,,,,,,,,,,,,73,218.137.242.504.755
574109,1,2,73,95,2,,,,,,,,2,,,,,,,,,,,,,,,73,218.137.242.504.755
574109,1,3,73,95,2,,,,,,,,2,,,,,,,,,,,,,,,73,218.137.242.504.755
574109,1,4,73,95,2,,,,,,,,2,,,,,,,,,,,,,,,73,218.137.242.504.755
574112,1,1,73,95,2,,,,,,,,2,,,,,,,,,,,,,,,73,24.122.522.027.627
574112,1,2,73,95,2,,,,,,,,2,,,,,,,,,,,,,,,73,24.122.522.027.627
574112,1,3,73,95,2,,,,,,,,2,,,,,,,,,,,,,,,73,24.122.522.027.627
574112,1,4,73,95,2,,,,,,,,2,,,,,,,,,,,,,,,73,24.122.522.027.627
574112,1,5,73,95,2,,,,,,,,2,,,,,,,,,,,,,,,73,24.122.522.027.627
574114,1,1,73,95,2,,,,,,,,2,,,,,,,,,,,,,,,73,22.312.027.295.344
574115,1,1,73,95,2,,,,,,,,1,2,,2,,,,,,15000000,2,1,2,,2,73,181.310.421.771.105
574116,1,1,73,95,2,,,,,,,,2,,,,,,,,,,,,,,,73,207.488.504.967.436
574116,1,2,73,95,2,,,,,,,,2,,,,,,,,,,,,,,,73,207.488.504.967.436
574116,1,3,73,95,2,,,,,,,,2,,,,,,,,,,,,,,,73,207.488.504.967.436
574116,1,4,73,95,2,,,,,,,,2,,,,,,,,,,,,,,,73,207.488.504.967.436
574117,1,1,73,95,2,,,,,,,,1,2,,2,,,,,,4000000,2,1,2,,2,73,135.684.430.139.864
574117,1,2,73,95,2,,,,,,,,2,,,,,,,,,,,,,,,73,135.684.430.139.864
574117,1,3,73,95,2,,,,,,,,2,,,,,,,,,,,,,,,73,135.684.430.139.864
574117,1,4,73,95,2,,,,,,,,1,2,,2,,,,,,1000000,2,1,2,,2,73,135.684.430.139.864
574118,1,1,73,95,2,,,,,,,,2,,,,,,,,,,,,,,,73,116.234.180.616.633
574118,1,2,73,95,1,,1,2,,,250000,2,2,,,,,,,,,,,,,,,73,116.234.180.616.633
574118,1,3,73,95,2,,,,,,,,2,,,,,,,,,,,,,,,73,116.234.180.616.633
574118,1,4,73,95,2,,,,,,,,2,,,,,,,,,,,,,,,73,116.234.180.616.633
574119,1,1,73,95,1,,2,1,,1000000,,2,1,2,,2,,,,,,500000,2,1,2,,2,73,219.388.771.977.509
574119,1,2,73,95,2,,,,,,,,2,,,,,,,,,,,,,,,73,219.388.771.977.509
574119,1,3,73,95,2,,,,,,,,1,2,,2,,,,,,2000000,2,1,2,,2,73,219.388.771.977.509
574120,1,1,73,95,2,,,,,,,,2,,,,,,,,,,,,,,,73,146.228.404.261.869
574120,1,2,73,95,2,,,,,,,,2,,,,,,,,,,,,,,,73,146.228.404.261.869
574120,1,3,73,95,2,,,,,,,,2,,,,,,,,,,,,,,,73,146.228.404.261.869
574120,1,4,73,95,2,,,,,,,,2,,,,,,,,,,,,,,,73,146.228.404.261.869
574121,1,1,73,95,2,,,,,,,,1,2,,2,,,,,,2400000,2,1,2,,2,73,181.310.421.771.105
574124,1,1,73,95,1,,1,2,,,200000,2,1,2,,2,,,,,,2000000,2,1,2,,2,73,158.339.694.852.268
574124,1,2,73,95,2,,,,,,,,2,,,,,,,,,,,,,,,73,158.339.694.852.268
574124,2,1,73,95,2,,,,,,,,1,2,,2,,,,,,6000000,2,1,2,,2,73,158.339.694.852.268
574125,1,1,73,95,1,,1,2,,,300000,2,2,,,,,,,,,,,,,,,73,22.312.027.295.344
574127,1,1,73,95,2,,,,,,,,2,,,,,,,,,,,,,,,73,159.127.757.319.199
574128,1,1,73,95,2,,,,,,,,2,,,,,,,,,,,,,,,73,192.422.626.314.247
574128,1,2,73,95,2,,,,,,,,2,,,,,,,,,,,,,,,73,192.422.626.314.247
574129,1,1,73,95,2,,,,,,,,2,,,,,,,,,,,,,,,73,328.706.140.150.641
574129,1,2,73,95,2,,,,,,,,2,,,,,,,,,,,,,,,73,328.706.140.150.641
574129,1,3,73,95,2,,,,,,,,2,,,,,,,,,,,,,,,73,328.706.140.150.641
574129,1,4,73,95,2,,,,,,,,2,,,,,,,,,,,,,,,73,328.706.140.150.641
574129,1,5,73,95,2,,,,,,,,2,,,,,,,,,,,,,,,73,328.706.140.150.641
574130,1,1,73,95,2,,,,,,,,2,,,,,,,,,,,,,,,73,102.203.766.398.647
574130,1,2,73,95,2,,,,,,,,2,,,,,,,,,,,,,,,73,102.203.766.398.647
574130,1,3,73,95,2,,,,,,,,2,,,,,,,,,,,,,,,73,102.203.766.398.647
574130,1,4,73,95,2,,,,,,,,2,,,,,,,,,,,,,,,73,102.203.766.398.647
574130,1,5,73,95,2,,,,,,,,2,,,,,,,,,,,,,,,73,102.203.766.398.647
574131,1,1,73,95,1,,2,1,,500000,,2,2,,,,,,,,,,,,,,,73,159.127.757.319.199
574132,1,1,73,95,2,,,,,,,,2,,,,,,,,,,,,,,,73,192.422.626.314.247
574132,1,2,73,95,2,,,,,,,,2,,,,,,,,,,,,,,,73,192.422.626.314.247
574134,1,1,73,95,2,,,,,,,,2,,,,,,,,,,,,,,,73,27.851.389.881.025
574134,1,2,73,95,2,,,,,,,,2,,,,,,,,,,,,,,,73,27.851.389.881.025
574134,1,3,73,95,2,,,,,,,,2,,,,,,,,,,,,,,,73,27.851.389.881.025
574135,1,1,73,95,2,,,,,,,,2,,,,,,,,,,,,,,,73,181.310.421.771.105
574136,1,1,73,95,2,,,,,,,,2,,,,,,,,,,,,,,,73,195.071.133.652.777
574136,1,2,73,95,2,,,,,,,,2,,,,,,,,,,,,,,,73,195.071.133.652.777
574136,1,5,73,95,2,,,,,,,,2,,,,,,,,,,,,,,,73,195.071.133.652.777
574137,1,1,73,95,2,,,,,,,,2,,,,,,,,,,,,,,,73,22.576.878.029.197
574137,1,2,73,95,2,,,,,,,,2,,,,,,,,,,,,,,,73,22.576.878.029.197
574138,1,1,73,95,2,,,,,,,,2,,,,,,,,,,,,,,,73,195.040.131.478.566
574138,1,2,73,95,2,,,,,,,,2,,,,,,,,,,,,,,,73,195.040.131.478.566
574138,1,3,73,95,2,,,,,,,,2,,,,,,,,,,,,,,,73,195.040.131.478.566
574138,1,4,73,95,2,,,,,,,,2,,,,,,,,,,,,,,,73,195.040.131.478.566
574138,1,5,73,95,2,,,,,,,,2,,,,,,,,,,,,,,,73,195.040.131.478.566
574139,1,1,73,95,1,,2,1,,1500000,,2,2,,,,,,,,,,,,,,,73,222.774.056.800.295
574139,1,2,73,95,2,,,,,,,,2,,,,,,,,,,,,,,,73,222.774.056.800.295
574139,1,3,73,95,2,,,,,,,,2,,,,,,,,,,,,,,,73,222.774.056.800.295
574140,1,1,73,95,2,,,,,,,,1,2,,2,,,,,,4800000,2,1,2,,2,73,251.599.038.129.663
574141,1,1,73,95,1,,1,2,,,180000,2,2,,,,,,,,,,,,,,,73,260.293.309.840.236
574141,1,2,73,95,2,,,,,,,,2,,,,,,,,,,,,,,,73,260.293.309.840.236
574142,1,1,73,95,1,,2,1,,1500000,,2,2,,,,,,,,,,,,,,,73,24.158.056.968.409
574143,1,1,73,95,1,,1,2,,,180000,2,2,,,,,,,,,,,,,,,73,24.422.907.702.262
574143,1,2,73,95,2,,,,,,,,1,2,,2,,,,,,3600000,2,1,2,,2,73,24.422.907.702.262
574144,1,1,73,95,2,,,,,,,,2,,,,,,,,,,,,,,,73,22.576.878.029.197
574144,1,2,73,95,2,,,,,,,,2,,,,,,,,,,,,,,,73,22.576.878.029.197
574145,1,1,73,95,2,,,,,,,,1,2,,2,,,,,,5200000,2,1,2,,2,73,20.241.009.258.561
574145,1,2,73,95,2,,,,,,,,2,,,,,,,,,,,,,,,73,20.241.009.258.561
574145,1,3,73,95,2,,,,,,,,2,,,,,,,,,,,,,,,73,20.241.009.258.561
574145,1,4,73,95,2,,,,,,,,2,,,,,,,,,,,,,,,73,20.241.009.258.561
574146,1,1,73,95,1,,2,1,,1000000,,2,2,,,,,,,,,,,,,,,73,202.671.669.265.781
574146,1,2,73,95,2,,,,,,,,2,,,,,,,,,,,,,,,73,202.671.669.265.781
574146,1,3,73,95,2,,,,,,,,2,,,,,,,,,,,,,,,73,202.671.669.265.781
574147,1,1,73,95,2,,,,,,,,2,,,,,,,,,,,,,,,73,311.860.052.787.973
574147,1,2,73,95,2,,,,,,,,2,,,,,,,,,,,,,,,73,311.860.052.787.973
574147,1,3,73,95,2,,,,,,,,2,,,,,,,,,,,,,,,73,311.860.052.787.973
574148,1,1,73,95,2,,,,,,,,2,,,,,,,,,,,,,,,73,158.128.671.271.942
574148,1,2,73,95,2,,,,,,,,1,2,,2,,,,,,1600000,2,1,2,,2,73,158.128.671.271.942
574148,1,3,73,95,2,,,,,,,,2,,,,,,,,,,,,,,,73,158.128.671.271.942
574149,1,1,73,95,1,,1,2,,,180000,2,1,2,,2,,,,,,5200000,2,1,2,,2,73,207.056.040.135.824
574150,1,1,73,95,2,,,,,,,,2,,,,,,,,,,,,,,,73,270.882.361.023.036
574150,1,2,73,95,2,,,,,,,,2,,,,,,,,,,,,,,,73,270.882.361.023.036
574150,1,3,73,95,2,,,,,,,,2,,,,,,,,,,,,,,,73,270.882.361.023.036
574150,1,4,73,95,2,,,,,,,,2,,,,,,,,,,,,,,,73,270.882.361.023.036
574150,1,5,73,95,2,,,,,,,,2,,,,,,,,,,,,,,,73,270.882.361.023.036
574151,1,1,73,95,2,,,,,,,,2,,,,,,,,,,,,,,,73,206.152.336.021.708
574151,1,2,73,95,2,,,,,,,,2,,,,,,,,,,,,,,,73,206.152.336.021.708
574151,1,3,73,95,2,,,,,,,,2,,,,,,,,,,,,,,,73,206.152.336.021.708
574151,1,4,73,95,2,,,,,,,,2,,,,,,,,,,,,,,,73,206.152.336.021.708
574151,1,6,73,95,2,,,,,,,,2,,,,,,,,,,,,,,,73,206.152.336.021.708
574151,1,7,73,95,2,,,,,,,,2,,,,,,,,,,,,,,,73,206.152.336.021.708
574152,1,1,73,95,2,,,,,,,,2,,,,,,,,,,,,,,,73,198.940.168.289.849
574152,1,2,73,95,2,,,,,,,,2,,,,,,,,,,,,,,,73,198.940.168.289.849
574152,1,3,73,95,2,,,,,,,,2,,,,,,,,,,,,,,,73,198.940.168.289.849
574152,1,4,73,95,2,,,,,,,,2,,,,,,,,,,,,,,,73,198.940.168.289.849
574152,1,6,73,95,2,,,,,,,,2,,,,,,,,,,,,,,,73,198.940.168.289.849
574153,1,1,73,95,1,,2,1,,480000,,2,2,,,,,,,,,,,,,,,73,27.851.389.881.025
574153,1,2,73,95,2,,,,,,,,2,,,,,,,,,,,,,,,73,27.851.389.881.025
574153,1,3,73,95,2,,,,,,,,2,,,,,,,,,,,,,,,73,27.851.389.881.025
574154,1,1,73,95,2,,,,,,,,2,,,,,,,,,,,,,,,73,275.180.776.292.801
574154,1,2,73,95,2,,,,,,,,2,,,,,,,,,,,,,,,73,275.180.776.292.801
574154,1,3,73,95,2,,,,,,,,2,,,,,,,,,,,,,,,73,275.180.776.292.801
574154,1,4,73,95,2,,,,,,,,2,,,,,,,,,,,,,,,73,275.180.776.292.801
574154,1,5,73,95,2,,,,,,,,2,,,,,,,,,,,,,,,73,275.180.776.292.801
574154,1,6,73,95,2,,,,,,,,2,,,,,,,,,,,,,,,73,275.180.776.292.801
574154,1,7,73,95,2,,,,,,,,2,,,,,,,,,,,,,,,73,275.180.776.292.801
574154,1,8,73,95,2,,,,,,,,2,,,,,,,,,,,,,,,73,275.180.776.292.801
574155,1,1,73,95,1,,2,1,,1500000,,2,2,,,,,,,,,,,,,,,73,206.413.912.701.879
574155,1,2,73,95,2,,,,,,,,2,,,,,,,,,,,,,,,73,206.413.912.701.879
574155,1,3,73,95,2,,,,,,,,2,,,,,,,,,,,,,,,73,206.413.912.701.879
574155,1,4,73,95,2,,,,,,,,2,,,,,,,,,,,,,,,73,206.413.912.701.879
574155,1,5,73,95,2,,,,,,,,2,,,,,,,,,,,,,,,73,206.413.912.701.879
574156,1,1,73,95,2,,,,,,,,2,,,,,,,,,,,,,,,73,203.619.470.330.363
574156,1,2,73,95,2,,,,,,,,2,,,,,,,,,,,,,,,73,203.619.470.330.363
574157,1,1,73,95,2,,,,,,,,2,,,,,,,,,,,,,,,73,263.618.908.308.502
574157,1,2,73,95,2,,,,,,,,2,,,,,,,,,,,,,,,73,263.618.908.308.502
574157,1,3,73,95,2,,,,,,,,2,,,,,,,,,,,,,,,73,263.618.908.308.502
574157,1,4,73,95,2,,,,,,,,2,,,,,,,,,,,,,,,73,263.618.908.308.502
574157,1,5,73,95,2,,,,,,,,2,,,,,,,,,,,,,,,73,263.618.908.308.502
574158,1,1,73,95,2,,,,,,,,1,2,,2,,,,,,1200000,2,1,2,,2,73,264.322.331.302.459
574158,1,2,73,95,2,,,,,,,,2,,,,,,,,,,,,,,,73,264.322.331.302.459
574158,1,3,73,95,2,,,,,,,,2,,,,,,,,,,,,,,,73,264.322.331.302.459
574158,1,4,73,95,2,,,,,,,,2,,,,,,,,,,,,,,,73,264.322.331.302.459
574159,1,1,73,95,1,,2,1,,433700,,2,2,,,,,,,,,,,,,,,73,102.203.766.398.647
574159,1,2,73,95,2,,,,,,,,2,,,,,,,,,,,,,,,73,102.203.766.398.647
574159,1,3,73,95,2,,,,,,,,2,,,,,,,,,,,,,,,73,102.203.766.398.647
574159,1,4,73,95,2,,,,,,,,2,,,,,,,,,,,,,,,73,102.203.766.398.647
574160,1,1,73,95,2,,,,,,,,2,,,,,,,,,,,,,,,73,236.965.624.308.086
574160,1,2,73,95,2,,,,,,,,2,,,,,,,,,,,,,,,73,236.965.624.308.086
574161,1,1,73,95,2,,,,,,,,1,2,,2,,,,,,2000000,2,1,2,,2,73,102.203.766.398.647
574161,1,2,73,95,1,,2,1,,433700,,2,2,,,,,,,,,,,,,,,73,102.203.766.398.647
574161,1,3,73,95,2,,,,,,,,2,,,,,,,,,,,,,,,73,102.203.766.398.647
574162,1,1,73,95,2,,,,,,,,2,,,,,,,,,,,,,,,73,158.128.671.271.942
574162,1,2,73,95,2,,,,,,,,2,,,,,,,,,,,,,,,73,158.128.671.271.942
574162,1,3,73,95,2,,,,,,,,1,2,,2,,,,,,80000,2,1,2,,2,73,158.128.671.271.942
574163,1,1,73,95,1,,1,2,,,80000,2,1,2,,2,,,,,,2400000,2,1,2,,2,73,183.958.929.109.635
574163,1,2,73,95,2,,,,,,,,1,2,,2,,,,,,50000,2,1,2,,2,73,183.958.929.109.635
574164,1,1,73,95,2,,,,,,,,1,2,,2,,,,,,1200000,2,1,2,,2,73,113.847.981.841.104
574164,1,2,73,95,2,,,,,,,,1,2,,2,,,,,,700000,2,1,2,,2,73,113.847.981.841.104
574165,1,1,73,95,1,,2,1,,433700,,2,2,,,,,,,,,,,,,,,73,21.501.353.436.214
574165,1,2,73,95,2,,,,,,,,2,,,,,,,,,,,,,,,73,21.501.353.436.214
574165,1,3,73,95,2,,,,,,,,2,,,,,,,,,,,,,,,73,21.501.353.436.214
574166,1,1,73,95,2,,,,,,,,1,2,,2,,,,,,300000,2,1,2,,2,73,159.127.757.319.199
574167,1,1,73,95,2,,,,,,,,2,,,,,,,,,,,,,,,73,236.965.624.308.086
574167,1,2,73,95,2,,,,,,,,2,,,,,,,,,,,,,,,73,236.965.624.308.086
574168,1,1,73,95,2,,,,,,,,2,,,,,,,,,,,,,,,73,191.570.207.182.806
574168,1,2,73,95,2,,,,,,,,1,2,,2,,,,,,780000,2,1,2,,2,73,191.570.207.182.806
574168,1,3,73,95,2,,,,,,,,2,,,,,,,,,,,,,,,73,191.570.207.182.806
574168,1,4,73,95,2,,,,,,,,2,,,,,,,,,,,,,,,73,191.570.207.182.806
574168,1,5,73,95,2,,,,,,,,2,,,,,,,,,,,,,,,73,191.570.207.182.806
574168,1,6,73,95,2,,,,,,,,2,,,,,,,,,,,,,,,73,191.570.207.182.806
574169,1,1,73,95,2,,,,,,,,2,,,,,,,,,,,,,,,73,37.372.614.355.959
574169,1,2,73,95,2,,,,,,,,2,,,,,,,,,,,,,,,73,37.372.614.355.959
574169,1,3,73,95,2,,,,,,,,2,,,,,,,,,,,,,,,73,37.372.614.355.959
574169,1,5,73,95,2,,,,,,,,2,,,,,,,,,,,,,,,73,37.372.614.355.959
574169,1,7,73,95,2,,,,,,,,1,2,,2,,,,,,2400000,2,1,2,,2,73,37.372.614.355.959
574170,1,1,73,95,2,,,,,,,,2,,,,,,,,,,,,,,,73,200.676.031.821.363
574170,1,2,73,95,2,,,,,,,,2,,,,,,,,,,,,,,,73,200.676.031.821.363
574171,1,1,73,95,1,,2,1,,433700,,2,2,,,,,,,,,,,,,,,73,120.314.238.834.031
574171,1,2,73,95,2,,,,,,,,2,,,,,,,,,,,,,,,73,120.314.238.834.031
574171,1,3,73,95,1,,1,2,,,180000,2,1,2,,2,,,,,,4800000,2,1,2,,2,73,120.314.238.834.031
574171,1,4,73,95,2,,,,,,,,2,,,,,,,,,,,,,,,73,120.314.238.834.031
574171,1,5,73,95,2,,,,,,,,2,,,,,,,,,,,,,,,73,120.314.238.834.031
574171,1,7,73,95,2,,,,,,,,1,2,,2,,,,,,7200000,2,1,2,,2,73,120.314.238.834.031
574172,1,1,73,95,2,,,,,,,,2,,,,,,,,,,,,,,,73,199.676.945.774.106
574172,1,2,73,95,2,,,,,,,,1,2,,2,,,,,,,2,2,2,6000000,1,73,199.676.945.774.106
574172,1,3,73,95,2,,,,,,,,2,,,,,,,,,,,,,,,73,199.676.945.774.106
574172,1,4,73,95,2,,,,,,,,2,,,,,,,,,,,,,,,73,199.676.945.774.106
574173,1,1,73,95,1,,1,2,,,500000,2,2,,,,,,,,,,,,,,,73,214.751.957.681.969
574173,1,2,73,95,2,,,,,,,,1,2,,2,,,,,,3000000,2,1,2,,2,73,214.751.957.681.969
574173,1,3,73,95,2,,,,,,,,2,,,,,,,,,,,,,,,73,214.751.957.681.969
574173,1,4,73,95,2,,,,,,,,2,,,,,,,,,,,,,,,73,214.751.957.681.969
574174,1,1,73,95,2,,,,,,,,1,2,,2,,,,,,1200000,2,1,2,,2,73,229.080.326.968.072
574174,1,2,73,95,2,,,,,,,,2,,,,,,,,,,,,,,,73,229.080.326.968.072
574174,1,3,73,95,2,,,,,,,,2,,,,,,,,,,,,,,,73,229.080.326.968.072
574174,1,4,73,95,2,,,,,,,,2,,,,,,,,,,,,,,,73,229.080.326.968.072
574174,1,5,73,95,2,,,,,,,,1,2,,2,,,,,,300000,2,1,2,,2,73,229.080.326.968.072
574174,1,6,73,95,2,,,,,,,,1,2,,2,,,,,,2400000,2,1,2,,2,73,229.080.326.968.072
574174,1,7,73,95,2,,,,,,,,2,,,,,,,,,,,,,,,73,229.080.326.968.072
574175,1,1,73,95,2,,,,,,,,2,,,,,,,,,,,,,,,73,135.031.560.245.753
574175,1,2,73,95,2,,,,,,,,2,,,,,,,,,,,,,,,73,135.031.560.245.753
574175,1,3,73,95,2,,,,,,,,2,,,,,,,,,,,,,,,73,135.031.560.245.753
574175,1,4,73,95,2,,,,,,,,2,,,,,,,,,,,,,,,73,135.031.560.245.753
574177,1,1,76,95,2,,,,,,,,1,2,,2,720000,,,,,,2,2,1,,2,76,645.861.442.860.062
574177,1,2,76,95,1,,1,2,,,300000,2,1,2,,2,7200000,,,,,,2,2,1,,2,76,645.861.442.860.062
574177,1,3,76,95,2,,,,,,,,2,,,,,,,,,,,,,,,76,645.861.442.860.062
574177,1,4,76,95,2,,,,,,,,1,2,,2,1200000,,,,,,2,2,1,,2,76,645.861.442.860.062
574178,1,1,76,95,2,,,,,,,,2,,,,,,,,,,,,,,,76,730.616.781.990.797
574178,1,2,76,95,2,,,,,,,,2,,,,,,,,,,,,,,,76,730.616.781.990.797
574179,1,1,76,95,2,,,,,,,,2,,,,,,,,,,,,,,,76,695.724.842.923.484
574179,1,2,76,95,2,,,,,,,,2,,,,,,,,,,,,,,,76,695.724.842.923.484
574179,1,3,76,95,2,,,,,,,,2,,,,,,,,,,,,,,,76,695.724.842.923.484
574180,1,1,76,95,2,,,,,,,,1,2,,2,98,,,98,,,1,2,1,,2,76,754.756.340.400.291
574180,1,2,76,95,2,,,,,,,,2,,,,,,,,,,,,,,,76,754.756.340.400.291
574180,1,3,76,95,2,,,,,,,,1,2,,2,2400000,,,,,,2,2,1,,2,76,754.756.340.400.291
574180,1,4,76,95,2,,,,,,,,1,2,,2,2400000,,,,,,2,2,1,,2,76,754.756.340.400.291
574180,2,1,76,95,2,,,,,,,,2,,,,,,,,,,,,,,,76,754.756.340.400.291
574180,3,1,76,95,2,,,,,,,,2,,,,,,,,,,,,,,,76,754.756.340.400.291
574181,1,1,76,95,2,,,,,,,,2,,,,,,,,,,,,,,,76,755.311.969.563.622
574181,1,2,76,95,1,,1,2,,,100000,2,2,,,,,,,,,,,,,,,76,755.311.969.563.622
574181,1,3,76,95,1,,2,1,,179000,,2,2,,,,,,,,,,,,,,,76,755.311.969.563.622
574181,1,4,76,95,2,,,,,,,,2,,,,,,,,,,,,,,,76,755.311.969.563.622
574181,1,5,76,95,2,,,,,,,,2,,,,,,,,,,,,,,,76,755.311.969.563.622
574181,2,1,76,95,2,,,,,,,,2,,,,,,,,,,,,,,,76,755.311.969.563.622
574181,2,2,76,95,2,,,,,,,,1,2,,2,,,,,,,2,2,2,2400000,1,76,755.311.969.563.622
574182,1,1,76,95,1,,2,1,,98,,2,2,,,,,,,,,,,,,,,76,755.399.199.071.756
574183,1,1,76,95,1,,1,2,,,250000,2,1,2,,2,,,,98,,,1,2,2,,2,76,755.399.199.071.756
574184,1,1,76,95,2,,,,,,,,2,,,,,,,,,,,,,,,76,621.264.305.682.548
574184,1,2,76,95,2,,,,,,,,1,2,,2,,,,,,100000,2,1,2,,2,76,621.264.305.682.548
574184,1,3,76,95,2,,,,,,,,2,,,,,,,,,,,,,,,76,621.264.305.682.548
574184,1,4,76,95,2,,,,,,,,2,,,,,,,,,,,,,,,76,621.264.305.682.548
574184,2,1,76,95,2,,,,,,,,2,,,,,,,,,,,,,,,76,621.264.305.682.548
574184,2,2,76,95,2,,,,,,,,2,,,,,,,,,,,,,,,76,621.264.305.682.548
574185,1,1,76,95,2,,,,,,,,1,2,,2,98,,,,,,2,2,1,,2,76,769.032.103.246.807
574185,1,4,76,95,2,,,,,,,,1,2,,2,,,,,,98,2,1,2,,2,76,769.032.103.246.807
574185,1,5,76,95,2,,,,,,,,2,,,,,,,,,,,,,,,76,769.032.103.246.807
574185,1,6,76,95,2,,,,,,,,2,,,,,,,,,,,,,,,76,769.032.103.246.807
574185,1,7,76,95,2,,,,,,,,2,,,,,,,,,,,,,,,76,769.032.103.246.807
574185,1,8,76,95,2,,,,,,,,2,,,,,,,,,,,,,,,76,769.032.103.246.807
574186,1,1,76,95,1,,1,2,,,8000000,2,2,,,,,,,,,,,,,,,76,101.417.199.662.645
574186,1,2,76,95,2,,,,,,,,2,,,,,,,,,,,,,,,76,101.417.199.662.645
574186,1,3,76,95,2,,,,,,,,2,,,,,,,,,,,,,,,76,101.417.199.662.645
574186,1,4,76,95,2,,,,,,,,2,,,,,,,,,,,,,,,76,101.417.199.662.645
574187,1,1,76,95,2,,,,,,,,2,,,,,,,,,,,,,,,76,522.064.447.029.024
574187,1,2,76,95,2,,,,,,,,1,2,,2,,,,98,,,1,2,2,,2,76,522.064.447.029.024
574187,1,3,76,95,2,,,,,,,,2,,,,,,,,,,,,,,,76,522.064.447.029.024
574187,1,4,76,95,2,,,,,,,,2,,,,,,,,,,,,,,,76,522.064.447.029.024
574187,1,5,76,95,2,,,,,,,,1,2,,2,,,,,,98,2,1,2,,2,76,522.064.447.029.024
574189,1,1,76,95,2,,,,,,,,1,2,,2,,,,13000000,,6000000,1,1,2,,2,76,670.263.867.596.775
574189,1,2,76,95,2,,,,,,,,2,,,,,,,,,,,,,,,76,670.263.867.596.775
574190,1,1,76,95,2,,,,,,,,1,2,,2,2400000,,,,,,2,2,1,,2,76,634.279.665.525.466
574190,1,2,76,95,2,,,,,,,,2,,,,,,,,,,,,,,,76,634.279.665.525.466
574191,1,1,76,95,2,,,,,,,,2,,,,,,,,,,,,,,,76,787.703.256.164.889
574191,1,2,76,95,2,,,,,,,,2,,,,,,,,,,,,,,,76,787.703.256.164.889
574192,1,1,76,95,1,,2,1,,98,,2,2,,,,,,,,,,,,,,,76,801.319.587.829.783
574192,1,2,76,95,2,,,,,,,,1,2,,2,,,,,,98,2,1,2,415000,1,76,801.319.587.829.783
574192,1,3,76,95,2,,,,,,,,2,,,,,,,,,,,,,,,76,801.319.587.829.783
574192,1,4,76,95,2,,,,,,,,2,,,,,,,,,,,,,,,76,801.319.587.829.783
574192,1,7,76,95,2,,,,,,,,2,,,,,,,,,,,,,,,76,801.319.587.829.783
574192,1,8,76,95,2,,,,,,,,2,,,,,,,,,,,,,,,76,801.319.587.829.783
574192,1,9,76,95,2,,,,,,,,2,,,,,,,,,,,,,,,76,801.319.587.829.783
574194,1,1,76,95,2,,,,,,,,2,,,,,,,,,,,,,,,76,707.163.533.548.335
574194,1,2,76,95,2,,,,,,,,2,,,,,,,,,,,,,,,76,707.163.533.548.335
574194,1,3,76,95,2,,,,,,,,1,2,,2,,,,,,98,2,1,2,,2,76,707.163.533.548.335
574194,1,4,76,95,2,,,,,,,,2,,,,,,,,,,,,,,,76,707.163.533.548.335
574194,1,5,76,95,2,,,,,,,,2,,,,,,,,,,,,,,,76,707.163.533.548.335
574195,1,1,76,95,2,,,,,,,,2,,,,,,,,,,,,,,,76,669.671.573.162.404
574195,1,2,76,95,2,,,,,,,,2,,,,,,,,,,,,,,,76,669.671.573.162.404
574196,1,1,76,95,2,,,,,,,,2,,,,,,,,,,,,,,,76,688.840.439.644.884
574196,1,2,76,95,2,,,,,,,,2,,,,,,,,,,,,,,,76,688.840.439.644.884
574196,1,3,76,95,2,,,,,,,,1,2,,2,,,,,,98,2,1,2,,2,76,688.840.439.644.884
574196,1,4,76,95,2,,,,,,,,2,,,,,,,,,,,,,,,76,688.840.439.644.884
574197,1,1,76,95,2,,,,,,,,2,,,,,,,,,,,,,,,76,60.737.138.046.044
574197,1,2,76,95,2,,,,,,,,2,,,,,,,,,,,,,,,76,60.737.138.046.044
574197,1,3,76,95,2,,,,,,,,2,,,,,,,,,,,,,,,76,60.737.138.046.044
574197,1,5,76,95,2,,,,,,,,2,,,,,,,,,,,,,,,76,60.737.138.046.044
574198,1,1,76,95,2,,,,,,,,2,,,,,,,,,,,,,,,76,130.908.159.002.388
574198,1,2,76,95,2,,,,,,,,1,2,,2,,,,6000000,,,1,2,2,,2,76,130.908.159.002.388
574198,1,3,76,95,2,,,,,,,,2,,,,,,,,,,,,,,,76,130.908.159.002.388
574198,1,4,76,95,2,,,,,,,,2,,,,,,,,,,,,,,,76,130.908.159.002.388
574198,1,5,76,95,2,,,,,,,,1,2,,2,,,,,,320000,2,1,2,,2,76,130.908.159.002.388
574200,1,1,76,95,2,,,,,,,,1,2,,2,,,,,,720000,2,1,2,,2,76,670.517.345.741.433
574200,1,2,76,95,2,,,,,,,,1,2,,2,,,,,,3200000,2,1,2,,2,76,670.517.345.741.433
574200,1,3,76,95,2,,,,,,,,1,2,,2,,,,,,2400000,2,1,2,,2,76,670.517.345.741.433
574201,1,1,76,95,2,,,,,,,,2,,,,,,,,,,,,,,,76,584.364.639.730.989
574201,1,2,76,95,2,,,,,,,,2,,,,,,,,,,,,,,,76,584.364.639.730.989
574201,1,3,76,95,2,,,,,,,,2,,,,,,,,,,,,,,,76,584.364.639.730.989
574202,1,1,76,95,2,,,,,,,,2,,,,,,,,,,,,,,,76,715.638.333.274.997
574203,1,1,76,95,2,,,,,,,,2,,,,,,,,,,,,,,,76,701.135.354.392.563
574203,1,2,76,95,2,,,,,,,,1,2,,2,,,,,,200000,2,1,2,,2,76,701.135.354.392.563
574203,1,3,76,95,2,,,,,,,,2,,,,,,,,,,,,,,,76,701.135.354.392.563
574203,1,4,76,95,2,,,,,,,,2,,,,,,,,,,,,,,,76,701.135.354.392.563
574203,1,5,76,95,1,,1,2,,,500000,2,2,,,,,,,,,,,,,,,76,701.135.354.392.563
574203,1,6,76,95,1,,2,2,3120000,,,1,2,,,,,,,,,,,,,,,76,701.135.354.392.563
574203,2,1,76,95,2,,,,,,,,2,,,,,,,,,,,,,,,76,701.135.354.392.563
574203,2,2,76,95,2,,,,,,,,2,,,,,,,,,,,,,,,76,701.135.354.392.563
574203,3,1,76,95,2,,,,,,,,2,,,,,,,,,,,,,,,76,701.135.354.392.563
574203,3,2,76,95,2,,,,,,,,2,,,,,,,,,,,,,,,76,701.135.354.392.563
574203,3,3,76,95,2,,,,,,,,2,,,,,,,,,,,,,,,76,701.135.354.392.563
574203,3,4,76,95,2,,,,,,,,2,,,,,,,,,,,,,,,76,701.135.354.392.563
574204,1,1,76,95,2,,,,,,,,2,,,,,,,,,,,,,,,76,762.782.624.579.552
574205,1,1,76,95,2,,,,,,,,2,,,,,,,,,,,,,,,76,680.002.938.651.447
574206,1,1,76,95,1,,2,1,,1300000,,2,2,,,,,,,,,,,,,,,76,802.241.113.501.489
574206,1,2,76,95,2,,,,,,,,2,,,,,,,,,,,,,,,76,802.241.113.501.489
574206,1,3,76,95,2,,,,,,,,2,,,,,,,,,,,,,,,76,802.241.113.501.489
574207,1,1,76,95,1,,1,2,,,300000,2,2,,,,,,,,,,,,,,,76,755.399.199.071.756
574208,1,1,76,95,1,,1,2,,,250000,2,1,2,,2,,,,,,98,2,1,2,,2,76,689.128.930.133.162
574208,1,2,76,95,2,,,,,,,,1,2,,2,,,,,,2400000,2,1,2,,2,76,689.128.930.133.162
574208,2,1,76,95,2,,,,,,,,2,,,,,,,,,,,,,,,76,689.128.930.133.162
574208,3,1,76,95,2,,,,,,,,2,,,,,,,,,,,,,,,76,689.128.930.133.162
574209,1,1,76,95,1,,1,2,,,60000,2,2,,,,,,,,,,,,,,,76,616.210.049.766.672
574209,2,1,76,95,2,,,,,,,,2,,,,,,,,,,,,,,,76,616.210.049.766.672
574210,1,1,76,95,2,,,,,,,,1,2,,2,,,,8400000,,,1,2,2,,2,76,688.840.439.644.884
574210,1,2,76,95,2,,,,,,,,2,,,,,,,,,,,,,,,76,688.840.439.644.884
574210,1,3,76,95,2,,,,,,,,2,,,,,,,,,,,,,,,76,688.840.439.644.884
574210,1,4,76,95,2,,,,,,,,2,,,,,,,,,,,,,,,76,688.840.439.644.884
574211,1,1,76,95,1,,2,2,450000,,,1,1,2,,2,9600000,,,,,,2,2,1,,2,76,972.709.535.970.421
574211,1,2,76,95,2,,,,,,,,2,,,,,,,,,,,,,,,76,972.709.535.970.421
574211,1,3,76,95,2,,,,,,,,2,,,,,,,,,,,,,,,76,972.709.535.970.421
574211,1,5,76,95,2,,,,,,,,2,,,,,,,,,,,,,,,76,972.709.535.970.421
574212,1,1,76,95,2,,,,,,,,1,2,,2,,,,1500000,,,1,2,2,,2,76,115.105.194.084.951
574212,1,2,76,95,2,,,,,,,,2,,,,,,,,,,,,,,,76,115.105.194.084.951
574212,1,3,76,95,2,,,,,,,,2,,,,,,,,,,,,,,,76,115.105.194.084.951
574212,1,5,76,95,1,,1,2,300000,,220000,1,2,,,,,,,,,,,,,,,76,115.105.194.084.951
574212,1,6,76,95,2,,,,,,,,2,,,,,,,,,,,,,,,76,115.105.194.084.951
574214,1,1,76,95,2,,,,,,,,1,2,,2,10000000,,,,,,2,2,1,,2,76,669.925.051.307.062
574214,1,2,76,95,2,,,,,,,,1,2,,2,300000,,,,,,2,2,1,,2,76,669.925.051.307.062
574214,1,3,76,95,2,,,,,,,,1,2,,2,,,,,,300000,2,1,2,,2,76,669.925.051.307.062
574216,1,1,76,95,1,,1,2,,,220000,2,2,,,,,,,,,,,,,,,76,898.850.535.888.774
574216,1,2,76,95,2,,,,,,,,2,,,,,,,,,,,,,,,76,898.850.535.888.774
574216,1,3,76,95,2,,,,,,,,2,,,,,,,,,,,,,,,76,898.850.535.888.774
574217,1,1,76,95,2,,,,,,,,2,,,,,,,,,,,,,,,76,780.565.374.741.632
574217,1,2,76,95,2,,,,,,,,2,,,,,,,,,,,,,,,76,780.565.374.741.632
574218,1,1,76,95,1,,1,1,,433000,160000,2,2,,,,,,,,,,,,,,,76,652.602.759.428.917
574218,1,2,76,95,2,,,,,,,,2,,,,,,,,,,,,,,,76,652.602.759.428.917
574218,1,3,76,95,2,,,,,,,,2,,,,,,,,,,,,,,,76,652.602.759.428.917
574219,1,1,76,95,2,,,,,,,,2,,,,,,,,,,,,,,,76,740.693.501.022.386
574219,1,2,76,95,2,,,,,,,,2,,,,,,,,,,,,,,,76,740.693.501.022.386
574219,1,3,76,95,2,,,,,,,,2,,,,,,,,,,,,,,,76,740.693.501.022.386
574219,1,4,76,95,2,,,,,,,,2,,,,,,,,,,,,,,,76,740.693.501.022.386
574219,1,5,76,95,2,,,,,,,,2,,,,,,,,,,,,,,,76,740.693.501.022.386
574220,1,1,76,95,2,,,,,,,,2,,,,,,,,,,,,,,,76,898.597.057.744.117
574220,1,3,76,95,2,,,,,,,,1,2,,2,,,,,,400000,2,1,2,,2,76,898.597.057.744.117
574221,1,1,76,95,2,,,,,,,,2,,,,,,,,,,,,,,,76,780.565.374.741.632
574221,1,2,76,95,2,,,,,,,,2,,,,,,,,,,,,,,,76,780.565.374.741.632
574223,1,1,76,95,1,,1,2,,,400000,2,2,,,,,,,,,,,,,,,76,615.956.571.622.015
574224,1,1,76,95,1,,2,1,,2500000,,2,2,,,,,,,,,,,,,,,76,721.115.981.491.327
574224,1,2,76,95,2,,,,,,,,1,2,,2,600000,,,,,,2,2,1,,2,76,721.115.981.491.327
574224,1,3,76,95,2,,,,,,,,2,,,,,,,,,,,,,,,76,721.115.981.491.327
574224,1,4,76,95,2,,,,,,,,2,,,,,,,,,,,,,,,76,721.115.981.491.327
574224,1,6,76,95,2,,,,,,,,2,,,,,,,,,,,,,,,76,721.115.981.491.327
574226,1,1,76,95,2,,,,,,,,1,2,,2,100000,,,,,,2,2,1,,2,76,644.210.597.835.696
574227,1,1,76,95,1,,1,2,,,230000,2,2,,,,,,,,,,,,,,,76,669.925.051.307.062
574227,1,2,76,95,2,,,,,,,,1,2,,2,60000,,,,,,2,2,1,,2,76,669.925.051.307.062
574227,1,3,76,95,2,,,,,,,,2,,,,,,,,,,,,,,,76,669.925.051.307.062
574228,1,1,76,95,2,,,,,,,,2,,,,,,,,,,,,,,,76,732.963.325.164.758
574228,1,2,76,95,2,,,,,,,,2,,,,,,,,,,,,,,,76,732.963.325.164.758
574228,1,3,76,95,2,,,,,,,,2,,,,,,,,,,,,,,,76,732.963.325.164.758
574228,1,4,76,95,2,,,,,,,,2,,,,,,,,,,,,,,,76,732.963.325.164.758
574228,1,5,76,95,2,,,,,,,,2,,,,,,,,,,,,,,,76,732.963.325.164.758
574229,1,1,76,95,2,,,,,,,,2,,,,,,,,,,,,,,,76,762.782.624.579.552
574230,1,1,76,95,2,,,,,,,,2,,,,,,,,,,,,,,,76,613.616.144.929.816
574230,1,2,76,95,2,,,,,,,,1,2,,2,,,,,,100000,2,1,2,,2,76,613.616.144.929.816
574230,1,4,76,95,2,,,,,,,,1,2,,2,7800000,,,,,,2,2,1,,2,76,613.616.144.929.816
574231,1,1,76,95,1,,2,1,,1500000,,2,2,,,,,,,,,,,,,,,76,669.520.243.742.061
574231,1,2,76,95,2,,,,,,,,2,,,,,,,,,,,,,,,76,669.520.243.742.061
574232,1,1,76,95,2,,,,,,,,1,2,,2,,,,,,98,2,1,2,,2,76,615.956.571.622.015
574233,1,1,76,95,2,,,,,,,,2,,,,,,,,,,,,,,,76,703.540.211.468.525
574233,1,2,76,95,2,,,,,,,,2,,,,,,,,,,,,,,,76,703.540.211.468.525
574233,1,3,76,95,2,,,,,,,,2,,,,,,,,,,,,,,,76,703.540.211.468.525
574233,1,4,76,95,1,,2,2,1240000,,,1,2,,,,,,,,,,,,,,,76,703.540.211.468.525
574234,1,1,76,95,2,,,,,,,,2,,,,,,,,,,,,,,,76,674.395.774.664.451
574234,1,2,76,95,2,,,,,,,,2,,,,,,,,,,,,,,,76,674.395.774.664.451
574234,1,3,76,95,2,,,,,,,,1,2,,2,,,,,,180000,2,1,2,,2,76,674.395.774.664.451
574234,1,4,76,95,2,,,,,,,,2,,,,,,,,,,,,,,,76,674.395.774.664.451
574235,1,1,76,95,2,,,,,,,,2,,,,,,,,,,,,,,,76,662.930.256.593.549
574235,1,2,76,95,2,,,,,,,,2,,,,,,,,,,,,,,,76,662.930.256.593.549
574235,1,3,76,95,2,,,,,,,,2,,,,,,,,,,,,,,,76,662.930.256.593.549
574236,1,1,76,95,2,,,,,,,,2,,,,,,,,,,,,,,,76,960.576.209.366.222
574236,1,2,76,95,2,,,,,,,,2,,,,,,,,,,,,,,,76,960.576.209.366.222
574236,1,3,76,95,2,,,,,,,,2,,,,,,,,,,,,,,,76,960.576.209.366.222
574236,1,4,76,95,2,,,,,,,,2,,,,,,,,,,,,,,,76,960.576.209.366.222
574236,1,5,76,95,2,,,,,,,,2,,,,,,,,,,,,,,,76,960.576.209.366.222
574236,1,6,76,95,2,,,,,,,,2,,,,,,,,,,,,,,,76,960.576.209.366.222
574236,1,7,76,95,2,,,,,,,,2,,,,,,,,,,,,,,,76,960.576.209.366.222
574238,1,1,76,95,1,,1,2,,,230000,2,1,2,,2,,,,,,100000,2,1,2,,2,76,778.797.450.111.406
574238,1,2,76,95,2,,,,,,,,2,,,,,,,,,,,,,,,76,778.797.450.111.406
574238,1,3,76,95,2,,,,,,,,2,,,,,,,,,,,,,,,76,778.797.450.111.406
574238,1,4,76,95,2,,,,,,,,2,,,,,,,,,,,,,,,76,778.797.450.111.406
574238,1,5,76,95,2,,,,,,,,2,,,,,,,,,,,,,,,76,778.797.450.111.406
574238,1,6,76,95,2,,,,,,,,2,,,,,,,,,,,,,,,76,778.797.450.111.406
574238,1,7,76,95,1,,1,2,,,50000,2,2,,,,,,,,,,,,,,,76,778.797.450.111.406
574238,1,8,76,95,2,,,,,,,,2,,,,,,,,,,,,,,,76,778.797.450.111.406
574238,1,9,76,95,2,,,,,,,,2,,,,,,,,,,,,,,,76,778.797.450.111.406
574239,1,1,76,95,2,,,,,,,,2,,,,,,,,,,,,,,,76,715.638.333.274.997
574240,1,1,76,95,2,,,,,,,,2,,,,,,,,,,,,,,,76,467.503.672.909.607
574240,1,2,76,95,1,,2,1,,433700,,2,2,,,,,,,,,,,,,,,76,467.503.672.909.607
574240,1,3,76,95,1,,2,1,,433700,,2,2,,,,,,,,,,,,,,,76,467.503.672.909.607
574241,1,1,76,95,2,,,,,,,,2,,,,,,,,,,,,,,,76,592.503.323.179.553
574241,1,2,76,95,2,,,,,,,,1,2,,2,,,,,,300000,2,1,2,,2,76,592.503.323.179.553
574241,1,3,76,95,2,,,,,,,,2,,,,,,,,,,,,,,,76,592.503.323.179.553
574241,1,4,76,95,2,,,,,,,,2,,,,,,,,,,,,,,,76,592.503.323.179.553
574242,1,1,76,95,1,,1,1,,3300000,260000,2,2,,,,,,,,,,,,,,,76,61.156.179.822.712
574242,1,2,76,95,2,,,,,,,,2,,,,,,,,,,,,,,,76,61.156.179.822.712
574242,1,3,76,95,2,,,,,,,,2,,,,,,,,,,,,,,,76,61.156.179.822.712
574242,1,4,76,95,1,,2,1,,750000,,2,2,,,,,,,,,,,,,,,76,61.156.179.822.712
574242,1,5,76,95,2,,,,,,,,2,,,,,,,,,,,,,,,76,61.156.179.822.712
574243,1,1,76,95,1,,1,2,,,70000,2,2,,,,,,,,,,,,,,,76,806.872.122.647.369
574243,1,2,76,95,2,,,,,,,,2,,,,,,,,,,,,,,,76,806.872.122.647.369
574243,1,3,76,95,2,,,,,,,,2,,,,,,,,,,,,,,,76,806.872.122.647.369
574243,1,4,76,95,2,,,,,,,,2,,,,,,,,,,,,,,,76,806.872.122.647.369
574244,1,1,76,95,2,,,,,,,,2,,,,,,,,,,,,,,,76,565.595.038.114.527
574244,1,2,76,95,2,,,,,,,,2,,,,,,,,,,,,,,,76,565.595.038.114.527
574244,1,3,76,95,2,,,,,,,,2,,,,,,,,,,,,,,,76,565.595.038.114.527
574244,1,4,76,95,2,,,,,,,,2,,,,,,,,,,,,,,,76,565.595.038.114.527
574244,1,5,76,95,2,,,,,,,,2,,,,,,,,,,,,,,,76,565.595.038.114.527
574244,1,6,76,95,2,,,,,,,,2,,,,,,,,,,,,,,,76,565.595.038.114.527
574245,1,1,76,95,2,,,,,,,,2,,,,,,,,,,,,,,,76,714.640.231.261.306
574245,1,2,76,95,2,,,,,,,,2,,,,,,,,,,,,,,,76,714.640.231.261.306
574245,1,3,76,95,2,,,,,,,,2,,,,,,,,,,,,,,,76,714.640.231.261.306
574245,1,4,76,95,2,,,,,,,,2,,,,,,,,,,,,,,,76,714.640.231.261.306
574246,1,1,76,95,2,,,,,,,,2,,,,,,,,,,,,,,,76,137.334.650.029.728
574246,1,2,76,95,2,,,,,,,,2,,,,,,,,,,,,,,,76,137.334.650.029.728
574246,1,3,76,95,2,,,,,,,,2,,,,,,,,,,,,,,,76,137.334.650.029.728
574246,1,4,76,95,2,,,,,,,,2,,,,,,,,,,,,,,,76,137.334.650.029.728
574246,1,5,76,95,2,,,,,,,,2,,,,,,,,,,,,,,,76,137.334.650.029.728
574246,1,7,76,95,2,,,,,,,,2,,,,,,,,,,,,,,,76,137.334.650.029.728
574247,1,1,76,95,2,,,,,,,,2,,,,,,,,,,,,,,,76,608.786.332.061.282
574247,1,2,76,95,2,,,,,,,,2,,,,,,,,,,,,,,,76,608.786.332.061.282
574247,1,3,76,95,2,,,,,,,,2,,,,,,,,,,,,,,,76,608.786.332.061.282
574247,1,5,76,95,2,,,,,,,,2,,,,,,,,,,,,,,,76,608.786.332.061.282
574247,1,6,76,95,2,,,,,,,,2,,,,,,,,,,,,,,,76,608.786.332.061.282
574247,1,7,76,95,2,,,,,,,,1,2,,2,,,,,,400000,2,1,2,,2,76,608.786.332.061.282
574247,1,8,76,95,2,,,,,,,,1,2,,2,,,,,,200000,2,1,2,,2,76,608.786.332.061.282
574247,1,9,76,95,2,,,,,,,,2,,,,,,,,,,,,,,,76,608.786.332.061.282
574247,1,10,76,95,2,,,,,,,,2,,,,,,,,,,,,,,,76,608.786.332.061.282
574248,1,1,76,95,2,,,,,,,,2,,,,,,,,,,,,,,,76,722.633.127.988.511
574249,1,1,76,95,2,,,,,,,,1,2,,2,,,,,,2400000,2,1,2,,2,76,651.348.479.258.953
574250,1,1,76,95,2,,,,,,,,2,,,,,,,,,,,,,,,76,6.224.081.944.176
574250,1,2,76,95,2,,,,,,,,2,,,,,,,,,,,,,,,76,6.224.081.944.176
574250,1,3,76,95,2,,,,,,,,2,,,,,,,,,,,,,,,76,6.224.081.944.176
574250,1,4,76,95,2,,,,,,,,2,,,,,,,,,,,,,,,76,6.224.081.944.176
574250,1,5,76,95,2,,,,,,,,2,,,,,,,,,,,,,,,76,6.224.081.944.176
574250,1,6,76,95,2,,,,,,,,2,,,,,,,,,,,,,,,76,6.224.081.944.176
574250,1,7,76,95,2,,,,,,,,2,,,,,,,,,,,,,,,76,6.224.081.944.176
574251,1,1,76,95,2,,,,,,,,1,2,,1,,,1300000,,,,2,2,2,,2,76,656.045.853.314.948
574251,1,2,76,95,2,,,,,,,,2,,,,,,,,,,,,,,,76,656.045.853.314.948
574251,1,3,76,95,2,,,,,,,,2,,,,,,,,,,,,,,,76,656.045.853.314.948
574251,1,4,76,95,2,,,,,,,,2,,,,,,,,,,,,,,,76,656.045.853.314.948
574252,1,1,76,95,1,,1,1,,700000,80000,2,2,,,,,,,,,,,,,,,76,655.538.897.025.634
574252,1,2,76,95,2,,,,,,,,2,,,,,,,,,,,,,,,76,655.538.897.025.634
574253,1,1,76,95,1,,2,1,,600000,,2,2,,,,,,,,,,,,,,,76,625.422.807.815.409
574253,1,2,76,95,2,,,,,,,,2,,,,,,,,,,,,,,,76,625.422.807.815.409
574253,1,3,76,95,2,,,,,,,,2,,,,,,,,,,,,,,,76,625.422.807.815.409
574253,1,4,76,95,2,,,,,,,,2,,,,,,,,,,,,,,,76,625.422.807.815.409
574254,1,1,76,95,2,,,,,,,,1,2,,2,,,,,,2400000,2,1,2,,2,76,624.366.401.229.577
574254,1,2,76,95,2,,,,,,,,2,,,,,,,,,,,,,,,76,624.366.401.229.577
574254,1,3,76,95,2,,,,,,,,2,,,,,,,,,,,,,,,76,624.366.401.229.577
574255,1,1,76,95,2,,,,,,,,1,2,,2,,,,,,98,2,1,2,,2,76,642.263.319.527.752
574255,1,2,76,95,2,,,,,,,,2,,,,,,,,,,,,,,,76,642.263.319.527.752
574255,1,3,76,95,2,,,,,,,,2,,,,,,,,,,,,,,,76,642.263.319.527.752
574256,1,1,76,95,2,,,,,,,,2,,,,,,,,,,,,,,,76,645.607.964.715.404
574256,1,2,76,95,2,,,,,,,,2,,,,,,,,,,,,,,,76,645.607.964.715.404
574256,1,3,76,95,2,,,,,,,,2,,,,,,,,,,,,,,,76,645.607.964.715.404
574257,1,1,76,95,2,,,,,,,,2,,,,,,,,,,,,,,,76,669.671.573.162.404
574257,1,2,76,95,2,,,,,,,,2,,,,,,,,,,,,,,,76,669.671.573.162.404
574258,1,1,76,95,2,,,,,,,,2,,,,,,,,,,,,,,,76,688.840.439.644.884
574258,1,2,76,95,2,,,,,,,,2,,,,,,,,,,,,,,,76,688.840.439.644.884
574258,1,3,76,95,2,,,,,,,,2,,,,,,,,,,,,,,,76,688.840.439.644.884
574258,1,4,76,95,2,,,,,,,,2,,,,,,,,,,,,,,,76,688.840.439.644.884
574260,1,1,76,95,2,,,,,,,,2,,,,,,,,,,,,,,,76,662.533.691.739.146
574260,1,2,76,95,2,,,,,,,,1,2,,1,,,300000,,,,2,2,2,1700000,1,76,662.533.691.739.146
574261,1,1,76,95,2,,,,,,,,2,,,,,,,,,,,,,,,76,634.279.665.525.466
574261,1,2,76,95,2,,,,,,,,1,2,,2,2000000,,,,,4800000,2,1,1,,2,76,634.279.665.525.466
574262,1,1,76,95,2,,,,,,,,2,,,,,,,,,,,,,,,76,581.571.588.844.017
574262,1,2,76,95,2,,,,,,,,2,,,,,,,,,,,,,,,76,581.571.588.844.017
574262,1,3,76,95,2,,,,,,,,1,2,,1,,,6000000,,,,2,2,2,,2,76,581.571.588.844.017
574262,1,4,76,95,2,,,,,,,,2,,,,,,,,,,,,,,,76,581.571.588.844.017
574263,1,1,76,95,2,,,,,,,,1,2,,2,,,,,,2100000,2,1,2,,2,76,651.348.479.258.953
574264,1,1,76,95,2,,,,,,,,1,2,,2,,,,,,3600000,2,1,2,,2,76,673.888.818.375.136
574264,1,2,76,95,2,,,,,,,,2,,,,,,,,,,,,,,,76,673.888.818.375.136
574265,1,1,76,95,1,,1,1,,98,98,2,2,,,,,,,,,,,,,,,76,688.840.439.644.884
574265,1,2,76,95,2,,,,,,,,2,,,,,,,,,,,,,,,76,688.840.439.644.884
574265,1,3,76,95,2,,,,,,,,2,,,,,,,,,,,,,,,76,688.840.439.644.884
574265,1,4,76,95,2,,,,,,,,2,,,,,,,,,,,,,,,76,688.840.439.644.884
574266,1,1,76,95,2,,,,,,,,2,,,,,,,,,,,,,,,76,662.787.169.883.804
574266,1,2,76,95,2,,,,,,,,1,2,,2,1500000,,,,,,2,2,1,700000,1,76,662.787.169.883.804
574266,1,3,76,95,2,,,,,,,,2,,,,,,,,,,,,,,,76,662.787.169.883.804
574267,1,1,76,95,2,,,,,,,,1,2,,2,,,,98,,,1,2,2,,2,76,727.758.017.749.972
574267,1,2,76,95,2,,,,,,,,2,,,,,,,,,,,,,,,76,727.758.017.749.972
574267,1,3,76,95,2,,,,,,,,2,,,,,,,,,,,,,,,76,727.758.017.749.972
574268,1,1,76,95,1,,1,1,,845000,700000,2,2,,,,,,,,,,,,,,,76,75.283.444.096.786
574269,1,1,76,95,2,,,,,,,,2,,,,,,,,,,,,,,,76,703.540.211.468.525
574269,1,2,76,95,2,,,,,,,,2,,,,,,,,,,,,,,,76,703.540.211.468.525
574269,2,1,76,95,1,,1,1,,467000,150000,2,2,,,,,,,,,,,,,,,76,703.540.211.468.525
574269,2,2,76,95,2,,,,,,,,2,,,,,,,,,,,,,,,76,703.540.211.468.525
574270,1,1,76,95,2,,,,,,,,2,,,,,,,,,,,,,,,76,85.578.634.641.654
574270,1,2,76,95,2,,,,,,,,1,2,,2,6000000,,,,,,2,2,1,,2,76,85.578.634.641.654
574271,1,1,76,95,2,,,,,,,,1,2,,2,4800000,,,,,,2,2,1,,2,76,123.460.462.554.134
574271,1,2,76,95,2,,,,,,,,2,,,,,,,,,,,,,,,76,123.460.462.554.134
574271,1,4,76,95,1,,1,2,,,70000,2,2,,,,,,,,,,,,,,,76,123.460.462.554.134
574272,1,1,76,95,2,,,,,,,,2,,,,,,,,,,,,,,,76,133.934.314.632.481
574272,1,2,76,95,2,,,,,,,,2,,,,,,,,,,,,,,,76,133.934.314.632.481
574273,1,1,76,95,1,,1,2,,,1000000,2,1,2,,2,2000000,,,1500000,,,1,2,1,,2,76,144.526.625.597.702
574275,1,1,76,95,2,,,,,,,,1,2,,2,1500000,,,,,,2,2,1,,2,76,722.633.127.988.511
574276,1,1,76,95,2,,,,,,,,1,2,,2,9600000,,,,,,2,2,1,,2,76,866.379.264.462.362
574276,1,2,76,95,2,,,,,,,,1,2,,2,5000000,,,,,,2,2,1,,2,76,866.379.264.462.362
574276,1,3,76,95,2,,,,,,,,2,,,,,,,,,,,,,,,76,866.379.264.462.362
574277,1,1,76,95,1,,2,1,,1734000,,2,2,,,,,,,,,,,,,,,76,627.284.870.811.953
574277,1,2,76,95,1,,1,2,,,160000,2,2,,,,,,,,,,,,,,,76,627.284.870.811.953
574278,1,1,76,95,1,,1,2,,,135000,2,2,,,,,,,,,,,,,,,76,669.925.051.307.062
574278,1,2,76,95,2,,,,,,,,2,,,,,,,,,,,,,,,76,669.925.051.307.062
574278,1,3,76,95,2,,,,,,,,2,,,,,,,,,,,,,,,76,669.925.051.307.062
574279,1,1,76,95,1,,1,2,,,250000,2,1,2,,2,500000,,,,,,2,2,1,,2,76,852.246.588.325.591
574279,2,1,76,95,2,,,,,,,,2,,,,,,,,,,,,,,,76,852.246.588.325.591
574279,2,2,76,95,2,,,,,,,,2,,,,,,,,,,,,,,,76,852.246.588.325.591
574280,1,1,76,95,1,,2,1,,1700000,,2,2,,,,,,,,,,,,,,,76,538.931.408.348.909
574280,1,2,76,95,2,,,,,,,,1,2,,2,1000000,,,,,,2,2,1,,2,76,538.931.408.348.909
574280,1,3,76,95,2,,,,,,,,1,2,,2,2500000,,,,,,2,2,1,,2,76,538.931.408.348.909
574281,1,1,76,95,2,,,,,,,,1,2,,2,,,,,,500000,2,1,2,,2,76,722.886.606.133.168
574281,1,2,76,95,2,,,,,,,,2,,,,,,,,,,,,,,,76,722.886.606.133.168
574282,1,1,76,95,2,,,,,,,,1,2,,2,,,,,,1200000,2,1,2,,2,76,76.224.228.083.818
574284,1,1,76,95,1,,2,1,,350000,,2,2,,,,,,,,,,,,,,,76,615.956.571.622.015
574285,1,1,76,95,2,,,,,,,,2,,,,,,,,,,,,,,,76,648.461.464.178.679
574285,1,2,76,95,2,,,,,,,,2,,,,,,,,,,,,,,,76,648.461.464.178.679
574285,1,3,76,95,2,,,,,,,,2,,,,,,,,,,,,,,,76,648.461.464.178.679
574285,1,4,76,95,2,,,,,,,,2,,,,,,,,,,,,,,,76,648.461.464.178.679
574285,2,1,76,95,1,,2,1,,377000,,2,2,,,,,,,,,,,,,,,76,648.461.464.178.679
574285,2,2,76,95,2,,,,,,,,1,2,,2,100000,,,,,,2,2,1,,2,76,648.461.464.178.679
574285,2,3,76,95,2,,,,,,,,2,,,,,,,,,,,,,,,76,648.461.464.178.679
574285,2,4,76,95,2,,,,,,,,1,2,,2,,,,,,980000,2,1,2,,2,76,648.461.464.178.679
574286,1,1,76,95,1,,2,1,,1583000,,2,1,2,,2,,,,,,98,2,1,2,,2,76,887.326.046.329.233
574286,1,2,76,95,2,,,,,,,,2,,,,,,,,,,,,,,,76,887.326.046.329.233
574286,1,4,76,95,2,,,,,,,,2,,,,,,,,,,,,,,,76,887.326.046.329.233
574286,1,5,76,95,2,,,,,,,,2,,,,,,,,,,,,,,,76,887.326.046.329.233
574288,1,1,76,95,1,,1,2,,,1400000,2,1,2,,2,,,,,,4000000,2,1,2,,2,76,931.627.760.486.041
574289,1,1,76,95,1,,2,1,,1100000,,2,2,,,,,,,,,,,,,,,76,693.225.381.831.088
574289,1,2,76,95,2,,,,,,,,2,,,,,,,,,,,,,,,76,693.225.381.831.088
574289,1,3,76,95,2,,,,,,,,2,,,,,,,,,,,,,,,76,693.225.381.831.088
574290,1,1,76,95,2,,,,,,,,2,,,,,,,,,,,,,,,76,898.597.057.744.117
574290,1,2,76,95,2,,,,,,,,2,,,,,,,,,,,,,,,76,898.597.057.744.117
574291,1,1,76,95,1,,1,2,,,300000,2,2,,,,,,,,,,,,,,,76,538.931.408.348.909
574291,1,2,76,95,2,,,,,,,,2,,,,,,,,,,,,,,,76,538.931.408.348.909
574291,1,3,76,95,1,,1,1,,1550000,450000,2,2,,,,,,,,,,,,,,,76,538.931.408.348.909
574292,1,1,76,95,2,,,,,,,,2,,,,,,,,,,,,,,,76,959.203.450.282.795
574292,1,2,76,95,2,,,,,,,,2,,,,,,,,,,,,,,,76,959.203.450.282.795
574292,1,5,76,95,2,,,,,,,,2,,,,,,,,,,,,,,,76,959.203.450.282.795
574293,1,1,76,95,2,,,,,,,,1,2,,2,,,,,,7200000,2,1,2,,2,76,677.655.227.164.691
574293,1,3,76,95,2,,,,,,,,1,2,,2,,,,,,5850000,2,1,2,,2,76,677.655.227.164.691
574293,1,4,76,95,2,,,,,,,,1,2,,2,,,,,,2400000,2,1,2,,2,76,677.655.227.164.691
574294,1,1,76,95,1,,2,1,,1300000,,2,2,,,,,,,,,,,,,,,76,688.586.961.500.226
574294,1,2,76,95,2,,,,,,,,2,,,,,,,,,,,,,,,76,688.586.961.500.226
574294,1,3,76,95,2,,,,,,,,2,,,,,,,,,,,,,,,76,688.586.961.500.226
574295,1,1,76,95,2,,,,,,,,2,,,,,,,,,,,,,,,76,807.125.600.792.026
574295,1,2,76,95,2,,,,,,,,2,,,,,,,,,,,,,,,76,807.125.600.792.026
574295,1,3,76,95,2,,,,,,,,2,,,,,,,,,,,,,,,76,807.125.600.792.026
574295,1,4,76,95,2,,,,,,,,2,,,,,,,,,,,,,,,76,807.125.600.792.026
574295,1,5,76,95,2,,,,,,,,2,,,,,,,,,,,,,,,76,807.125.600.792.026
574296,1,1,76,95,1,,2,1,,1053419,,2,2,,,,,,,,,,,,,,,76,715.638.333.274.997
574297,1,1,76,95,2,,,,,,,,2,,,,,,,,,,,,,,,76,179.719.411.548.823
574297,1,2,76,95,2,,,,,,,,2,,,,,,,,,,,,,,,76,179.719.411.548.823
574298,1,1,76,95,1,,2,1,,3100000,,2,2,,,,,,,,,,,,,,,76,125.456.974.162.391
574298,1,2,76,95,1,,2,1,,1200000,,2,2,,,,,,,,,,,,,,,76,125.456.974.162.391
574299,1,1,76,95,2,,,,,,,,2,,,,,,,,,,,,,,,76,722.633.127.988.511
574300,1,1,76,95,2,,,,,,,,2,,,,,,,,,,,,,,,76,706.910.055.403.678
574300,1,2,76,95,2,,,,,,,,2,,,,,,,,,,,,,,,76,706.910.055.403.678
574300,1,3,76,95,2,,,,,,,,2,,,,,,,,,,,,,,,76,706.910.055.403.678
574300,1,4,76,95,2,,,,,,,,2,,,,,,,,,,,,,,,76,706.910.055.403.678
574301,1,1,76,95,2,,,,,,,,2,,,,,,,,,,,,,,,76,595.692.938.920.927
574301,1,2,76,95,2,,,,,,,,2,,,,,,,,,,,,,,,76,595.692.938.920.927
574301,1,3,76,95,2,,,,,,,,2,,,,,,,,,,,,,,,76,595.692.938.920.927
574301,1,4,76,95,2,,,,,,,,2,,,,,,,,,,,,,,,76,595.692.938.920.927
574302,1,1,76,95,1,,2,1,,380000,,2,2,,,,,,,,,,,,,,,76,58.550.852.846.604
574302,1,2,76,95,2,,,,,,,,2,,,,,,,,,,,,,,,76,58.550.852.846.604
574302,1,3,76,95,2,,,,,,,,2,,,,,,,,,,,,,,,76,58.550.852.846.604
574302,1,4,76,95,2,,,,,,,,2,,,,,,,,,,,,,,,76,58.550.852.846.604
574303,1,1,76,95,1,,1,2,,,100000,2,2,,,,,,,,,,,,,,,76,87.168.877.267.909
574303,1,2,76,95,2,,,,,,,,2,,,,,,,,,,,,,,,76,87.168.877.267.909
574303,1,6,76,95,2,,,,,,,,2,,,,,,,,,,,,,,,76,87.168.877.267.909
574303,2,1,76,95,2,,,,,,,,2,,,,,,,,,,,,,,,76,87.168.877.267.909
574304,1,1,76,95,2,,,,,,,,2,,,,,,,,,,,,,,,76,646.868.367.719.002
574304,1,2,76,95,2,,,,,,,,2,,,,,,,,,,,,,,,76,646.868.367.719.002
574304,2,1,76,95,2,,,,,,,,1,2,,2,3600000,,,,,,2,2,1,,2,76,646.868.367.719.002
574304,2,2,76,95,2,,,,,,,,2,,,,,,,,,,,,,,,76,646.868.367.719.002
574304,2,3,76,95,2,,,,,,,,2,,,,,,,,,,,,,,,76,646.868.367.719.002
574304,2,4,76,95,2,,,,,,,,2,,,,,,,,,,,,,,,76,646.868.367.719.002
574304,3,1,76,95,2,,,,,,,,2,,,,,,,,,,,,,,,76,646.868.367.719.002
574305,1,1,76,95,1,,2,1,,596000,,2,1,2,,2,98,,,,,98,2,1,1,,2,76,615.956.571.622.015
574307,1,1,76,95,1,,1,2,,,300000,2,2,,,,,,,,,,,,,,,76,585.238.012.939.506
574307,1,2,76,95,2,,,,,,,,2,,,,,,,,,,,,,,,76,585.238.012.939.506
574307,1,3,76,95,2,,,,,,,,2,,,,,,,,,,,,,,,76,585.238.012.939.506
574307,1,4,76,95,2,,,,,,,,2,,,,,,,,,,,,,,,76,585.238.012.939.506
574309,1,1,76,95,2,,,,,,,,2,,,,,,,,,,,,,,,76,801.522.556.780.633
574309,1,2,76,95,2,,,,,,,,2,,,,,,,,,,,,,,,76,801.522.556.780.633
574309,1,3,76,95,2,,,,,,,,2,,,,,,,,,,,,,,,76,801.522.556.780.633
574310,1,1,76,95,2,,,,,,,,2,,,,,,,,,,,,,,,76,806.618.644.502.712
574310,1,2,76,95,2,,,,,,,,2,,,,,,,,,,,,,,,76,806.618.644.502.712
574310,1,3,76,95,2,,,,,,,,1,2,,2,,,,,,192000,2,1,2,,2,76,806.618.644.502.712
574311,1,1,76,95,2,,,,,,,,2,,,,,,,,,,,,,,,76,781.538.732.644.215
574311,1,2,76,95,2,,,,,,,,2,,,,,,,,,,,,,,,76,781.538.732.644.215
574311,2,1,76,95,2,,,,,,,,2,,,,,,,,,,,,,,,76,781.538.732.644.215
574311,2,2,76,95,2,,,,,,,,1,2,,2,,,,,,1000000,2,1,2,,2,76,781.538.732.644.215
574312,1,1,76,95,2,,,,,,,,2,,,,,,,,,,,,,,,76,574.180.229.276.102
574312,1,2,76,95,2,,,,,,,,2,,,,,,,,,,,,,,,76,574.180.229.276.102
574312,1,3,76,95,2,,,,,,,,2,,,,,,,,,,,,,,,76,574.180.229.276.102
574313,1,1,76,95,2,,,,,,,,1,2,,2,,,,,,4800000,2,1,2,,2,76,718.839.275.076.233
574314,1,1,76,95,1,,2,1,,800000,,2,2,,,,,,,,,,,,,,,76,715.638.333.274.997
574315,1,1,76,95,2,,,,,,,,2,,,,,,,,,,,,,,,76,142.928.046.252.261
574315,1,2,76,95,2,,,,,,,,2,,,,,,,,,,,,,,,76,142.928.046.252.261
574315,1,3,76,95,2,,,,,,,,1,2,,2,,,,,,100000,2,1,2,,2,76,142.928.046.252.261
574315,1,4,76,95,2,,,,,,,,2,,,,,,,,,,,,,,,76,142.928.046.252.261
574317,1,1,76,95,2,,,,,,,,1,2,,2,,,,,,8400000,2,1,2,,2,76,123.191.314.324.403
574318,1,1,76,95,1,,1,1,,700000,530000,2,1,2,,2,,,,3600000,,,1,2,2,,2,76,741.099.308.601.706
574318,1,2,76,95,2,,,,,,,,2,,,,,,,,,,,,,,,76,741.099.308.601.706
574320,1,1,76,95,2,,,,,,,,2,,,,,,,,,,,,,,,76,691.085.217.432.178
574320,1,2,76,95,2,,,,,,,,1,2,,2,,,,,,2400000,2,1,2,,2,76,691.085.217.432.178
574321,1,1,76,95,2,,,,,,,,2,,,,,,,,,,,,,,,76,688.840.439.644.884
574321,1,2,76,95,2,,,,,,,,2,,,,,,,,,,,,,,,76,688.840.439.644.884
574321,1,3,76,95,2,,,,,,,,2,,,,,,,,,,,,,,,76,688.840.439.644.884
574321,1,4,76,95,2,,,,,,,,2,,,,,,,,,,,,,,,76,688.840.439.644.884
574322,1,1,76,95,1,,1,2,,,800000,2,2,,,,,,,,,,,,,,,76,616.210.049.766.672
574322,1,2,76,95,2,,,,,,,,2,,,,,,,,,,,,,,,76,616.210.049.766.672
574323,1,1,76,95,2,,,,,,,,1,2,,2,,,,,,1920000,2,1,2,,2,76,651.601.957.403.611
574323,1,2,76,95,2,,,,,,,,2,,,,,,,,,,,,,,,76,651.601.957.403.611
574324,1,1,76,95,2,,,,,,,,2,,,,,,,,,,,,,,,76,699.433.357.690.706
574324,1,2,76,95,2,,,,,,,,2,,,,,,,,,,,,,,,76,699.433.357.690.706
574324,1,3,76,95,2,,,,,,,,1,2,,1,,,98,98,,,1,2,2,,2,76,699.433.357.690.706
574324,1,4,76,95,2,,,,,,,,2,,,,,,,,,,,,,,,76,699.433.357.690.706
574324,2,1,76,95,2,,,,,,,,2,,,,,,,,,,,,,,,76,699.433.357.690.706
574325,1,1,76,95,2,,,,,,,,2,,,,,,,,,,,,,,,76,787.703.256.164.889
574325,1,2,76,95,2,,,,,,,,2,,,,,,,,,,,,,,,76,787.703.256.164.889
574326,1,1,76,95,2,,,,,,,,2,,,,,,,,,,,,,,,76,692.211.912.278.587
574326,2,1,76,95,2,,,,,,,,1,2,,2,,,,,,3600000,2,1,2,,2,76,692.211.912.278.587
574326,2,2,76,95,2,,,,,,,,2,,,,,,,,,,,,,,,76,692.211.912.278.587
574327,1,1,76,95,1,,2,1,,2000000,,2,2,,,,,,,,,,,,,,,76,589.048.286.556.989
574327,1,2,76,95,2,,,,,,,,1,2,,2,,,,,,3000000,2,1,2,,2,76,589.048.286.556.989
574327,1,4,76,95,2,,,,,,,,1,2,,2,,,,,,98,2,1,2,,2,76,589.048.286.556.989
574328,1,1,76,95,1,,2,1,,2000000,,2,2,,,,,,,,,,,,,,,76,109.828.329.591.601
574328,1,2,76,95,2,,,,,,,,2,,,,,,,,,,,,,,,76,109.828.329.591.601
574329,1,1,76,95,2,,,,,,,,2,,,,,,,,,,,,,,,76,810.246.618.213.767
574329,1,3,76,95,2,,,,,,,,1,2,,2,,,,,,4000000,2,1,2,,2,76,810.246.618.213.767
574329,1,4,76,95,2,,,,,,,,2,,,,,,,,,,,,,,,76,810.246.618.213.767
574331,1,1,76,95,1,,1,2,,,250000,2,2,,,,,,,,,,,,,,,76,653.338.140.573.033
574331,1,2,76,95,2,,,,,,,,2,,,,,,,,,,,,,,,76,653.338.140.573.033
574331,1,3,76,95,2,,,,,,,,2,,,,,,,,,,,,,,,76,653.338.140.573.033
574332,1,1,76,95,2,,,,,,,,2,,,,,,,,,,,,,,,76,958.949.972.138.138
574332,1,2,76,95,2,,,,,,,,2,,,,,,,,,,,,,,,76,958.949.972.138.138
574333,1,1,76,95,2,,,,,,,,1,2,,2,,,,,,3000000,2,1,2,,2,76,670.263.867.596.775
574333,1,2,76,95,2,,,,,,,,2,,,,,,,,,,,,,,,76,670.263.867.596.775
574334,1,1,76,95,2,,,,,,,,2,,,,,,,,,,,,,,,76,688.840.439.644.884
574334,1,2,76,95,2,,,,,,,,2,,,,,,,,,,,,,,,76,688.840.439.644.884
574334,1,3,76,95,2,,,,,,,,2,,,,,,,,,,,,,,,76,688.840.439.644.884
574334,1,4,76,95,2,,,,,,,,2,,,,,,,,,,,,,,,76,688.840.439.644.884
574336,1,1,76,95,2,,,,,,,,2,,,,,,,,,,,,,,,76,634.279.665.525.466
574336,1,2,76,95,2,,,,,,,,2,,,,,,,,,,,,,,,76,634.279.665.525.466
574337,1,1,76,95,2,,,,,,,,2,,,,,,,,,,,,,,,76,722.633.127.988.511
574338,1,1,76,95,1,,2,1,,1600000,,2,2,,,,,,,,,,,,,,,76,111.222.122.703.462
574338,1,2,76,95,2,,,,,,,,1,2,,2,,,,,,1500000,2,1,2,,2,76,111.222.122.703.462
574338,1,3,76,95,2,,,,,,,,2,,,,,,,,,,,,,,,76,111.222.122.703.462
574339,1,1,76,95,1,,2,1,,1500000,,2,2,,,,,,,,,,,,,,,76,143.127.666.654.999
574341,1,1,76,95,2,,,,,,,,2,,,,,,,,,,,,,,,76,669.671.573.162.404
574341,1,2,76,95,2,,,,,,,,2,,,,,,,,,,,,,,,76,669.671.573.162.404
574342,1,1,76,95,2,,,,,,,,1,2,,2,18000000,,,,,,2,2,1,,2,76,762.495.758.982.838
574342,1,2,76,95,2,,,,,,,,1,2,,2,700000,,,,,,2,2,1,,2,76,762.495.758.982.838
574343,1,1,76,95,2,,,,,,,,2,,,,,,,,,,,,,,,76,722.886.606.133.168
574343,1,2,76,95,2,,,,,,,,2,,,,,,,,,,,,,,,76,722.886.606.133.168
574344,1,1,76,95,2,,,,,,,,1,2,,2,1800000,,,,,,2,2,1,,2,76,453.981.356.777.374
574344,1,2,76,95,1,,1,2,,,150000,2,1,2,,2,1800000,,,,,,2,2,1,,2,76,453.981.356.777.374
574344,1,3,76,95,2,,,,,,,,2,,,,,,,,,,,,,,,76,453.981.356.777.374
574344,1,4,76,95,2,,,,,,,,2,,,,,,,,,,,,,,,76,453.981.356.777.374
574344,1,5,76,95,2,,,,,,,,2,,,,,,,,,,,,,,,76,453.981.356.777.374
574345,1,1,76,95,2,,,,,,,,2,,,,,,,,,,,,,,,76,745.664.192.949.401
574345,1,2,76,95,2,,,,,,,,2,,,,,,,,,,,,,,,76,745.664.192.949.401
574345,1,3,76,95,2,,,,,,,,2,,,,,,,,,,,,,,,76,745.664.192.949.401
574345,2,1,76,95,2,,,,,,,,2,,,,,,,,,,,,,,,76,745.664.192.949.401
574345,2,2,76,95,2,,,,,,,,2,,,,,,,,,,,,,,,76,745.664.192.949.401
574345,3,1,76,95,2,,,,,,,,2,,,,,,,,,,,,,,,76,745.664.192.949.401
574345,3,2,76,95,2,,,,,,,,2,,,,,,,,,,,,,,,76,745.664.192.949.401
574346,1,1,76,95,2,,,,,,,,2,,,,,,,,,,,,,,,76,791.893.673.931.569
574346,1,2,76,95,2,,,,,,,,2,,,,,,,,,,,,,,,76,791.893.673.931.569
574346,1,3,76,95,2,,,,,,,,2,,,,,,,,,,,,,,,76,791.893.673.931.569
574347,1,1,76,95,1,,2,1,,1400000,,2,2,,,,,,,,,,,,,,,76,715.638.333.274.997
574348,1,1,76,95,1,,2,1,,1030000,,2,2,,,,,,,,,,,,,,,76,634.279.665.525.466
574348,1,2,76,95,2,,,,,,,,2,,,,,,,,,,,,,,,76,634.279.665.525.466
574349,1,1,76,95,2,,,,,,,,2,,,,,,,,,,,,,,,76,787.703.256.164.889
574349,1,2,76,95,2,,,,,,,,2,,,,,,,,,,,,,,,76,787.703.256.164.889
574350,1,1,76,95,2,,,,,,,,2,,,,,,,,,,,,,,,76,780.565.374.741.632
574350,1,2,76,95,2,,,,,,,,2,,,,,,,,,,,,,,,76,780.565.374.741.632
574445,1,1,11,95,2,,,,,,,,2,2,,2,,,,,,,2,2,2,,,11,261.410.369.670.672
574446,1,1,11,95,2,,,,,,,,2,,,,,,,,,,,,,,,11,267.005.942.308.491
574485,1,1,17,95,2,,,,,,,,2,,,,,,,,,,,,,,,17,165.178.117.639.968
574485,1,2,17,95,2,,,,,,,,2,,,,,,,,,,,,,,,17,165.178.117.639.968
574485,1,3,17,95,2,,,,,,,,2,,,,,,,,,,,,,,,17,165.178.117.639.968
574486,1,1,17,95,1,,2,1,,433700,,2,1,2,,2,,,,,,1200000,2,1,2,,2,17,134.248.886.534.118
574486,1,2,17,95,2,,,,,,,,2,,,,,,,,,,,,,,,17,134.248.886.534.118
574486,1,3,17,95,2,,,,,,,,2,,,,,,,,,,,,,,,17,134.248.886.534.118
574486,1,4,17,95,2,,,,,,,,2,,,,,,,,,,,,,,,17,134.248.886.534.118
574487,1,1,17,95,2,,,,,,,,1,2,,2,,,,,,10000000,2,1,2,,2,17,120.916.782.872.615
574488,1,1,17,95,2,,,,,,,,2,,,,,,,,,,,,,,,17,167.838.418.365.229
574488,1,2,17,95,1,,1,2,,,380000,2,2,,,,,,,,,,,,,,,17,167.838.418.365.229
574488,1,3,17,95,2,,,,,,,,2,,,,,,,,,,,,,,,17,167.838.418.365.229
574495,1,1,17,95,1,,2,1,,433700,,2,2,,,,,,,,,,,,,,,17,142.583.545.123.889
574495,1,2,17,95,2,,,,,,,,2,,,,,,,,,,,,,,,17,142.583.545.123.889
574495,1,4,17,95,2,,,,,,,,2,,,,,,,,,,,,,,,17,142.583.545.123.889
574495,1,5,17,95,2,,,,,,,,1,2,,2,,,,,,800000,2,1,2,,2,17,142.583.545.123.889
574496,1,1,17,95,2,,,,,,,,2,,,,,,,,,,,,,,,17,119.245.075.178.221
574496,1,2,17,95,2,,,,,,,,2,,,,,,,,,,,,,,,17,119.245.075.178.221
574496,1,3,17,95,2,,,,,,,,1,2,,2,,,,,,1900000,2,1,2,,2,17,119.245.075.178.221
574496,1,4,17,95,2,,,,,,,,2,,,,,,,,,,,,,,,17,119.245.075.178.221
574497,1,1,17,95,1,,1,2,,,600000,2,2,,,,,,,,,,,,,,,17,134.089.656.655.488
574497,1,2,17,95,2,,,,,,,,2,,,,,,,,,,,,,,,17,134.089.656.655.488
574497,1,3,17,95,2,,,,,,,,2,,,,,,,,,,,,,,,17,134.089.656.655.488
574617,1,1,50,95,2,,,,,,,,2,,,,,,,,,,,,,,,50,295.985.751.827.712
574617,1,2,50,95,2,,,,,,,,2,,,,,,,,,,,,,,,50,295.985.751.827.712
574617,1,3,50,95,2,,,,,,,,2,,,,,,,,,,,,,,,50,295.985.751.827.712
574664,2,1,68,95,2,,,,,,,,2,,,,,,,,,,,,,,,68,34.791.178.223.691
574664,2,2,68,95,2,,,,,,,,2,,,,,,,,,,,,,,,68,34.791.178.223.691
574687,1,1,73,95,2,,,,,,,,2,,,,,,,,,,,,,,,73,181.225.782.298.131
574687,1,2,73,95,2,,,,,,,,2,,,,,,,,,,,,,,,73,181.225.782.298.131
574695,1,1,76,95,1,,1,2,,,290000,2,1,2,,2,2500000,,,,,,2,2,1,,2,76,722.886.606.133.168
574695,1,2,76,95,2,,,,,,,,2,,,,,,,,,,,,,,,76,722.886.606.133.168
574697,1,1,76,95,1,,1,2,,,280000,2,1,2,,2,,,,,,2000000,2,1,2,,2,76,682.747.417.154.527
574697,1,2,76,95,2,,,,,,,,2,,,,,,,,,,,,,,,76,682.747.417.154.527
574697,1,3,76,95,2,,,,,,,,2,,,,,,,,,,,,,,,76,682.747.417.154.527
574697,2,1,76,95,2,,,,,,,,2,,,,,,,,,,,,,,,76,682.747.417.154.527
574697,2,2,76,95,2,,,,,,,,2,,,,,,,,,,,,,,,76,682.747.417.154.527
574702,1,1,76,95,1,,1,2,,,450000,2,1,2,,2,200000,,,,,,2,2,1,,2,76,567.185.434.562.589
574702,2,1,76,95,2,,,,,,,,1,2,,2,300000,,,,,,2,2,1,,2,76,567.185.434.562.589
574702,3,1,76,95,2,,,,,,,,2,,,,,,,,,,,,,,,76,567.185.434.562.589
574707,1,1,5,95,2,,,,,,,,1,2,,1,,,80000,,,,2,2,2,,2,5,960.629.220.679.003
574707,1,2,5,95,2,,,,,,,,2,,,,,,,,,,,,,,,5,960.629.220.679.003
574708,1,1,5,95,2,,,,,,,,2,,,,,,,,,,,,,,,5,770.308.491.775.459
574708,1,2,5,95,2,,,,,,,,2,,,,,,,,,,,,,,,5,770.308.491.775.459
574708,1,3,5,95,2,,,,,,,,2,,,,,,,,,,,,,,,5,770.308.491.775.459
574709,1,1,5,95,2,,,,,,,,2,,,,,,,,,,,,,,,5,954.692.991.466.781
574709,1,2,5,95,2,,,,,,,,2,,,,,,,,,,,,,,,5,954.692.991.466.781
574710,1,1,5,95,1,,1,2,,,1200000,2,2,,,,,,,,,,,,,,,5,109.843.615.610.088
574710,1,2,5,95,2,,,,,,,,2,,,,,,,,,,,,,,,5,109.843.615.610.088
574711,1,1,5,95,2,,,,,,,,2,,,,,,,,,,,,,,,5,112.401.633.908.651
574711,1,2,5,95,2,,,,,,,,2,,,,,,,,,,,,,,,5,112.401.633.908.651
574711,1,3,5,95,2,,,,,,,,2,,,,,,,,,,,,,,,5,112.401.633.908.651
574712,1,1,5,95,2,,,,,,,,2,,,,,,,,,,,,,,,5,128.659.505.211.802
574712,1,2,5,95,2,,,,,,,,2,,,,,,,,,,,,,,,5,128.659.505.211.802
574713,1,1,5,95,2,,,,,,,,2,,,,,,,,,,,,,,,5,123.616.312.752.009
574713,1,2,5,95,2,,,,,,,,1,2,,1,,,60000,,,,2,2,2,,2,5,123.616.312.752.009
574713,1,3,5,95,2,,,,,,,,2,,,,,,,,,,,,,,,5,123.616.312.752.009
574714,1,1,5,95,2,,,,,,,,2,,,,,,,,,,,,,,,5,156.084.397.420.272
574714,1,2,5,95,2,,,,,,,,2,,,,,,,,,,,,,,,5,156.084.397.420.272
574714,1,3,5,95,2,,,,,,,,2,,,,,,,,,,,,,,,5,156.084.397.420.272
574714,1,4,5,95,2,,,,,,,,1,2,,1,,,50000,,,,2,2,2,,2,5,156.084.397.420.272
574715,1,1,5,95,2,,,,,,,,1,2,,1,,,150000,,,,2,2,2,,2,5,141.143.981.323.679
574715,1,2,5,95,2,,,,,,,,1,2,,1,,,80000,,,,2,2,2,,2,5,141.143.981.323.679
574715,1,3,5,95,1,,2,1,,433700,,2,2,,,,,,,,,,,,,,,5,141.143.981.323.679
574716,1,1,5,95,2,,,,,,,,1,2,,1,,,49000,,,,2,2,2,,2,5,113.968.558.652.818
574716,1,2,5,95,2,,,,,,,,2,,,,,,,,,,,,,,,5,113.968.558.652.818
574717,1,1,5,95,1,,2,1,,1000000,,2,2,,,,,,,,,,,,,,,5,112.802.735.613.122
574717,1,2,5,95,2,,,,,,,,1,2,,1,,,49000,,,,2,2,2,,2,5,112.802.735.613.122
574717,1,3,5,95,2,,,,,,,,2,,,,,,,,,,,,,,,5,112.802.735.613.122
574717,1,4,5,95,2,,,,,,,,1,2,,1,,,49000,,,,2,2,2,,2,5,112.802.735.613.122
574718,1,1,5,95,2,,,,,,,,2,,,,,,,,,,,,,,,5,147.756.788.788.175
574718,1,2,5,95,2,,,,,,,,2,,,,,,,,,,,,,,,5,147.756.788.788.175
574718,1,3,5,95,2,,,,,,,,2,,,,,,,,,,,,,,,5,147.756.788.788.175
574718,1,4,5,95,2,,,,,,,,1,2,,1,,,50000,,,,2,2,2,,2,5,147.756.788.788.175
574719,1,1,5,95,1,,1,2,,,230000,2,2,,,,,,,,,,,,,,,5,937.348.347.277.741
574719,1,2,5,95,2,,,,,,,,2,,,,,,,,,,,,,,,5,937.348.347.277.741
574720,1,1,5,95,2,,,,,,,,1,2,,1,,,54000,,,,2,2,2,300000,1,5,121.372.024.442.602
574720,1,2,5,95,2,,,,,,,,2,,,,,,,,,,,,,,,5,121.372.024.442.602
574721,1,1,5,95,2,,,,,,,,1,2,,1,,,60000,,,,2,2,2,780000,1,5,120.838.211.918.267
574722,1,1,5,95,2,,,,,,,,2,,,,,,,,,,,,,,,5,922.025.706.802.877
574722,1,2,5,95,2,,,,,,,,1,2,,1,,,550000,,,,2,2,2,,2,5,922.025.706.802.877
574722,1,3,5,95,2,,,,,,,,2,,,,,,,,,,,,,,,5,922.025.706.802.877
574722,1,4,5,95,2,,,,,,,,2,,,,,,,,,,,,,,,5,922.025.706.802.877
574723,1,1,5,95,1,,2,1,,850000,,2,2,,,,,,,,,,,,,,,5,124.693.722.781.738
574724,1,1,5,95,1,,2,1,,450000,,2,1,2,,1,,,600000,,,,2,2,2,,2,5,122.641.708.364.837
574724,1,2,5,95,2,,,,,,,,2,,,,,,,,,,,,,,,5,122.641.708.364.837
574725,1,1,5,95,2,,,,,,,,2,,,,,,,,,,,,,,,5,127.820.183.906.607
574725,1,2,5,95,2,,,,,,,,2,,,,,,,,,,,,,,,5,127.820.183.906.607
574728,1,1,5,95,2,,,,,,,,2,,,,,,,,,,,,,,,5,140.475.855.331.984
574728,1,2,5,95,2,,,,,,,,2,,,,,,,,,,,,,,,5,140.475.855.331.984
574728,1,3,5,95,2,,,,,,,,2,,,,,,,,,,,,,,,5,140.475.855.331.984
574728,1,4,5,95,2,,,,,,,,2,,,,,,,,,,,,,,,5,140.475.855.331.984
574728,1,5,5,95,2,,,,,,,,2,,,,,,,,,,,,,,,5,140.475.855.331.984
574730,1,1,5,95,2,,,,,,,,1,2,,1,,,45000,,,,2,2,2,,2,5,11.064.102.064.942
574730,1,2,5,95,2,,,,,,,,2,,,,,,,,,,,,,,,5,11.064.102.064.942
574730,1,3,5,95,2,,,,,,,,2,,,,,,,,,,,,,,,5,11.064.102.064.942
574731,1,1,5,95,2,,,,,,,,2,,,,,,,,,,,,,,,5,109.843.615.610.088
574731,1,2,5,95,2,,,,,,,,2,,,,,,,,,,,,,,,5,109.843.615.610.088
574732,1,1,5,95,2,,,,,,,,2,,,,,,,,,,,,,,,5,93.658.082.355.706
574732,1,2,5,95,2,,,,,,,,1,2,,1,,,54000,,,,2,2,2,150000,1,5,93.658.082.355.706
574732,1,3,5,95,2,,,,,,,,1,2,,1,,,48000,,,,2,2,2,,2,5,93.658.082.355.706
574734,1,1,5,95,2,,,,,,,,2,,,,,,,,,,,,,,,5,122.251.167.026.085
574734,1,2,5,95,2,,,,,,,,2,,,,,,,,,,,,,,,5,122.251.167.026.085
574734,1,3,5,95,2,,,,,,,,2,,,,,,,,,,,,,,,5,122.251.167.026.085
574734,1,5,5,95,2,,,,,,,,2,,,,,,,,,,,,,,,5,122.251.167.026.085
574734,1,6,5,95,2,,,,,,,,2,,,,,,,,,,,,,,,5,122.251.167.026.085
574735,1,1,5,95,2,,,,,,,,2,,,,,,,,,,,,,,,5,109.529.121.236.172
574735,1,2,5,95,2,,,,,,,,2,,,,,,,,,,,,,,,5,109.529.121.236.172
574736,1,1,5,95,2,,,,,,,,2,,,,,,,,,,,,,,,5,170.073.530.745.278
574736,1,2,5,95,2,,,,,,,,2,,,,,,,,,,,,,,,5,170.073.530.745.278
574736,1,3,5,95,2,,,,,,,,2,,,,,,,,,,,,,,,5,170.073.530.745.278
574736,2,1,5,95,2,,,,,,,,2,,,,,,,,,,,,,,,5,170.073.530.745.278
574736,2,2,5,95,2,,,,,,,,2,,,,,,,,,,,,,,,5,170.073.530.745.278
574738,1,1,5,95,2,,,,,,,,2,,,,,,,,,,,,,,,5,143.923.910.315.185
574740,1,1,5,95,2,,,,,,,,2,,,,,,,,,,,,,,,5,117.958.891.920.504
574740,1,2,5,95,1,,2,1,,900000,,2,2,,,,,,,,,,,,,,,5,117.958.891.920.504
574740,1,3,5,95,1,,2,1,,900000,,2,2,,,,,,,,,,,,,,,5,117.958.891.920.504
574741,1,1,5,95,1,,2,1,,433700,,2,2,,,,,,,,,,,,,,,5,135.317.369.078.507
574741,1,2,5,95,1,,2,1,,433700,,2,2,,,,,,,,,,,,,,,5,135.317.369.078.507
574741,1,3,5,95,2,,,,,,,,2,,,,,,,,,,,,,,,5,135.317.369.078.507
574741,1,4,5,95,2,,,,,,,,2,,,,,,,,,,,,,,,5,135.317.369.078.507
574742,1,1,5,95,2,,,,,,,,2,,,,,,,,,,,,,,,5,137.795.997.671.682
574742,1,2,5,95,2,,,,,,,,2,,,,,,,,,,,,,,,5,137.795.997.671.682
574742,1,3,5,95,2,,,,,,,,2,,,,,,,,,,,,,,,5,137.795.997.671.682
574743,1,1,5,95,2,,,,,,,,2,,,,,,,,,,,,,,,5,126.005.756.631.257
574743,1,2,5,95,2,,,,,,,,2,,,,,,,,,,,,,,,5,126.005.756.631.257
574744,1,1,5,95,2,,,,,,,,1,2,,1,,,65000,,,,2,2,2,,2,5,154.352.125.013.957
574744,1,2,5,95,2,,,,,,,,2,,,,,,,,,,,,,,,5,154.352.125.013.957
574744,1,3,5,95,2,,,,,,,,1,2,,1,,,65000,,,,2,2,2,,2,5,154.352.125.013.957
574745,1,1,5,95,2,,,,,,,,1,2,,1,,,120000,,,,2,2,2,,2,5,143.005.509.442.276
574745,1,2,5,95,2,,,,,,,,2,,,,,,,,,,,,,,,5,143.005.509.442.276
574746,1,1,5,95,2,,,,,,,,2,,,,,,,,,,,,,,,5,12.566.832.716.891
574746,1,2,5,95,2,,,,,,,,1,2,,1,,,50000,,,,2,2,2,,2,5,12.566.832.716.891
574747,1,1,5,95,2,,,,,,,,1,2,,1,,,130000,,,,2,2,2,,2,5,148.104.689.124.751
574747,1,2,5,95,2,,,,,,,,2,,,,,,,,,,,,,,,5,148.104.689.124.751
574748,1,1,5,95,2,,,,,,,,2,,,,,,,,,,,,,,,5,123.003.180.311.775
574748,1,2,5,95,2,,,,,,,,2,,,,,,,,,,,,,,,5,123.003.180.311.775
574749,1,1,5,95,2,,,,,,,,2,,,,,,,,,,,,,,,5,140.627.037.912.401
574749,1,2,5,95,2,,,,,,,,2,,,,,,,,,,,,,,,5,140.627.037.912.401
574749,1,3,5,95,2,,,,,,,,1,2,,1,,,45000,,,,2,2,2,,2,5,140.627.037.912.401
574749,1,5,5,95,2,,,,,,,,2,,,,,,,,,,,,,,,5,140.627.037.912.401
574750,1,1,5,95,2,,,,,,,,2,,,,,,,,,,,,,,,5,179.495.163.100.521
574750,1,2,5,95,2,,,,,,,,2,,,,,,,,,,,,,,,5,179.495.163.100.521
574750,1,3,5,95,2,,,,,,,,2,,,,,,,,,,,,,,,5,179.495.163.100.521
574751,1,1,5,95,1,,2,1,,1200000,,2,2,,,,,,,,,,,,,,,5,119.026.382.777.054
574752,1,1,5,95,2,,,,,,,,2,,,,,,,,,,,,,,,5,13.536.271.450.816
574752,1,2,5,95,1,,2,1,,3000000,,2,2,,,,,,,,,,,,,,,5,13.536.271.450.816
574752,1,3,5,95,2,,,,,,,,2,,,,,,,,,,,,,,,5,13.536.271.450.816
574752,1,4,5,95,2,,,,,,,,2,,,,,,,,,,,,,,,5,13.536.271.450.816
574756,1,1,5,95,2,,,,,,,,2,,,,,,,,,,,,,,,5,118.215.490.220.033
574756,1,2,5,95,2,,,,,,,,2,,,,,,,,,,,,,,,5,118.215.490.220.033
574756,1,3,5,95,2,,,,,,,,2,,,,,,,,,,,,,,,5,118.215.490.220.033
574756,1,5,5,95,2,,,,,,,,2,,,,,,,,,,,,,,,5,118.215.490.220.033
574764,1,1,5,95,2,,,,,,,,2,,,,,,,,,,,,,,,5,109.023.845.596.612
574765,1,1,5,95,2,,,,,,,,2,,,,,,,,,,,,,,,5,166.234.060.825.826
574765,1,2,5,95,2,,,,,,,,2,,,,,,,,,,,,,,,5,166.234.060.825.826
574766,1,1,5,95,2,,,,,,,,2,,,,,,,,,,,,,,,5,10.308.498.033.391
574766,1,2,5,95,2,,,,,,,,2,,,,,,,,,,,,,,,5,10.308.498.033.391
574766,1,3,5,95,2,,,,,,,,2,,,,,,,,,,,,,,,5,10.308.498.033.391
574767,1,1,5,95,2,,,,,,,,2,,,,,,,,,,,,,,,5,127.820.183.906.607
574767,1,2,5,95,2,,,,,,,,2,,,,,,,,,,,,,,,5,127.820.183.906.607
574768,1,1,5,95,1,,2,1,,450000,,2,2,,,,,,,,,,,,,,,5,147.085.760.514.844
574768,1,2,5,95,2,,,,,,,,2,,,,,,,,,,,,,,,5,147.085.760.514.844
574768,1,3,5,95,1,,2,1,,433700,,2,2,,,,,,,,,,,,,,,5,147.085.760.514.844
574768,1,4,5,95,2,,,,,,,,2,,,,,,,,,,,,,,,5,147.085.760.514.844
574769,1,1,5,95,2,,,,,,,,2,,,,,,,,,,,,,,,5,11.306.041.503.811
574769,1,2,5,95,2,,,,,,,,2,,,,,,,,,,,,,,,5,11.306.041.503.811
574769,1,3,5,95,2,,,,,,,,2,,,,,,,,,,,,,,,5,11.306.041.503.811
574772,1,1,5,95,2,,,,,,,,2,,,,,,,,,,,,,,,5,101.822.928.384.353
574772,1,2,5,95,2,,,,,,,,2,,,,,,,,,,,,,,,5,101.822.928.384.353
574772,1,3,5,95,2,,,,,,,,2,,,,,,,,,,,,,,,5,101.822.928.384.353
574772,1,4,5,95,2,,,,,,,,2,,,,,,,,,,,,,,,5,101.822.928.384.353
574772,1,5,5,95,2,,,,,,,,1,2,,2,,,,,,400000,2,1,2,,2,5,101.822.928.384.353
574773,1,1,5,95,2,,,,,,,,2,,,,,,,,,,,,,,,5,119.888.821.607.824
574773,1,2,5,95,2,,,,,,,,2,,,,,,,,,,,,,,,5,119.888.821.607.824
574774,1,1,5,95,2,,,,,,,,2,,,,,,,,,,,,,,,5,134.459.989.732.261
574774,1,2,5,95,2,,,,,,,,2,,,,,,,,,,,,,,,5,134.459.989.732.261
574775,1,1,5,95,2,,,,,,,,2,,,,,,,,,,,,,,,5,156.870.510.922.674
574775,1,2,5,95,2,,,,,,,,2,,,,,,,,,,,,,,,5,156.870.510.922.674
574776,1,1,13,95,2,,,,,,,,2,,,,,,,,,,,,,,,13,259.357.593.548.647
574776,1,2,13,95,2,,,,,,,,2,,,,,,,,,,,,,,,13,259.357.593.548.647
574777,1,1,13,95,2,,,,,,,,2,,,,,,,,,,,,,,,13,275.281.234.680.992
574777,1,2,13,95,2,,,,,,,,2,,,,,,,,,,,,,,,13,275.281.234.680.992
574777,1,3,13,95,2,,,,,,,,2,,,,,,,,,,,,,,,13,275.281.234.680.992
574777,1,4,13,95,2,,,,,,,,2,,,,,,,,,,,,,,,13,275.281.234.680.992
574777,1,6,13,95,2,,,,,,,,2,,,,,,,,,,,,,,,13,275.281.234.680.992
574778,1,1,13,95,2,,,,,,,,1,2,,2,,,,,,3000000,2,1,2,,2,13,258.749.488.709.854
574779,1,1,13,95,2,,,,,,,,2,,,,,,,,,,,,,,,13,307.798.045.561.435
574779,1,2,13,95,2,,,,,,,,2,,,,,,,,,,,,,,,13,307.798.045.561.435
574779,1,3,13,95,2,,,,,,,,2,,,,,,,,,,,,,,,13,307.798.045.561.435
574779,1,4,13,95,2,,,,,,,,2,,,,,,,,,,,,,,,13,307.798.045.561.435
574780,1,1,13,95,2,,,,,,,,1,2,,2,,,,,,2000000,2,1,2,,2,13,374.379.214.219.318
574780,1,2,13,95,2,,,,,,,,2,,,,,,,,,,,,,,,13,374.379.214.219.318
574780,1,3,13,95,2,,,,,,,,2,,,,,,,,,,,,,,,13,374.379.214.219.318
574780,1,4,13,95,2,,,,,,,,2,,,,,,,,,,,,,,,13,374.379.214.219.318
574780,1,5,13,95,2,,,,,,,,2,,,,,,,,,,,,,,,13,374.379.214.219.318
574780,1,6,13,95,2,,,,,,,,2,,,,,,,,,,,,,,,13,374.379.214.219.318
574780,1,7,13,95,2,,,,,,,,2,,,,,,,,,,,,,,,13,374.379.214.219.318
574780,1,8,13,95,2,,,,,,,,1,2,,2,,,,,,500000,2,1,2,,2,13,374.379.214.219.318
574780,1,9,13,95,2,,,,,,,,2,,,,,,,,,,,,,,,13,374.379.214.219.318
574780,1,10,13,95,2,,,,,,,,2,,,,,,,,,,,,,,,13,374.379.214.219.318
574781,1,1,13,95,2,,,,,,,,1,2,,2,,,,,,200000,2,1,2,,2,13,300.802.914.765.297
574781,1,2,13,95,1,,2,2,200000,,,1,2,,,,,,,,,,,,,,,13,300.802.914.765.297
574781,1,3,13,95,2,,,,,,,,2,,,,,,,,,,,,,,,13,300.802.914.765.297
574781,1,4,13,95,2,,,,,,,,2,,,,,,,,,,,,,,,13,300.802.914.765.297
574781,1,5,13,95,2,,,,,,,,2,,,,,,,,,,,,,,,13,300.802.914.765.297
574781,1,6,13,95,2,,,,,,,,2,,,,,,,,,,,,,,,13,300.802.914.765.297
574784,1,1,13,95,2,,,,,,,,1,2,,2,,,,,,1000000,2,1,2,,2,13,5.375.257.139.487
574784,1,2,13,95,2,,,,,,,,1,2,,2,,,,,,10000000,2,1,2,,2,13,5.375.257.139.487
574784,1,3,13,95,2,,,,,,,,1,2,,2,,,,,,8000000,2,1,2,,2,13,5.375.257.139.487
574786,1,1,13,95,2,,,,,,,,1,2,,2,,,,,,1500000,2,1,2,,2,13,565.636.400.212.332
574786,1,2,13,95,2,,,,,,,,2,,,,,,,,,,,,,,,13,565.636.400.212.332
574786,1,3,13,95,2,,,,,,,,2,,,,,,,,,,,,,,,13,565.636.400.212.332
574786,1,4,13,95,2,,,,,,,,2,,,,,,,,,,,,,,,13,565.636.400.212.332
574786,1,5,13,95,2,,,,,,,,2,,,,,,,,,,,,,,,13,565.636.400.212.332
574788,1,1,13,95,2,,,,,,,,2,,,,,,,,,,,,,,,13,253.080.883.577.648
574788,1,2,13,95,2,,,,,,,,2,,,,,,,,,,,,,,,13,253.080.883.577.648
574789,1,1,13,95,2,,,,,,,,2,,,,,,,,,,,,,,,13,287.816.175.367.731
574789,1,2,13,95,2,,,,,,,,2,,,,,,,,,,,,,,,13,287.816.175.367.731
574790,1,1,13,95,2,,,,,,,,2,,,,,,,,,,,,,,,13,275.961.980.620.543
574790,1,2,13,95,2,,,,,,,,2,,,,,,,,,,,,,,,13,275.961.980.620.543
574790,1,3,13,95,2,,,,,,,,2,,,,,,,,,,,,,,,13,275.961.980.620.543
574791,1,1,13,95,2,,,,,,,,2,,,,,,,,,,,,,,,13,275.961.980.620.543
574791,1,2,13,95,2,,,,,,,,2,,,,,,,,,,,,,,,13,275.961.980.620.543
574791,1,4,13,95,2,,,,,,,,2,,,,,,,,,,,,,,,13,275.961.980.620.543
574792,1,1,13,95,2,,,,,,,,2,,,,,,,,,,,,,,,13,257.234.840.114.167
574792,1,2,13,95,2,,,,,,,,2,,,,,,,,,,,,,,,13,257.234.840.114.167
574793,1,1,13,95,2,,,,,,,,2,,,,,,,,,,,,,,,13,291.473.282.177.442
574793,1,2,13,95,2,,,,,,,,1,2,,2,,,,,,300000,2,1,2,,2,13,291.473.282.177.442
574793,1,3,13,95,2,,,,,,,,1,2,,2,,,,,,300000,2,1,2,,2,13,291.473.282.177.442
574793,1,5,13,95,2,,,,,,,,2,,,,,,,,,,,,,,,13,291.473.282.177.442
574793,1,7,13,95,2,,,,,,,,2,,,,,,,,,,,,,,,13,291.473.282.177.442
574794,1,1,13,95,2,,,,,,,,2,,,,,,,,,,,,,,,13,313.271.796.332.265
574794,1,2,13,95,2,,,,,,,,2,,,,,,,,,,,,,,,13,313.271.796.332.265
574794,1,3,13,95,2,,,,,,,,2,,,,,,,,,,,,,,,13,313.271.796.332.265
574794,1,4,13,95,2,,,,,,,,2,,,,,,,,,,,,,,,13,313.271.796.332.265
574795,1,1,13,95,1,,2,1,,1000000,,2,2,,,,,,,,,,,,,,,13,358.808.306.157.674
574795,1,2,13,95,2,,,,,,,,2,,,,,,,,,,,,,,,13,358.808.306.157.674
574795,1,3,13,95,2,,,,,,,,2,,,,,,,,,,,,,,,13,358.808.306.157.674
574795,1,4,13,95,2,,,,,,,,2,,,,,,,,,,,,,,,13,358.808.306.157.674
574798,1,1,13,95,2,,,,,,,,2,,,,,,,,,,,,,,,13,27.501.714.974.173
574798,1,2,13,95,2,,,,,,,,2,,,,,,,,,,,,,,,13,27.501.714.974.173
574798,1,3,13,95,2,,,,,,,,2,,,,,,,,,,,,,,,13,27.501.714.974.173
574799,1,1,13,95,2,,,,,,,,1,2,,2,,,,,,300000,2,1,2,,2,13,257.202.453.563.177
574799,1,2,13,95,2,,,,,,,,2,,,,,,,,,,,,,,,13,257.202.453.563.177
574801,1,1,13,95,2,,,,,,,,2,,,,,,,,,,,,,,,13,302.807.744.136.181
574801,1,2,13,95,2,,,,,,,,1,2,,2,,,,,,100000,2,1,2,,2,13,302.807.744.136.181
574801,1,3,13,95,2,,,,,,,,1,2,,2,,,,,,3000000,2,1,2,,2,13,302.807.744.136.181
574801,1,4,13,95,2,,,,,,,,2,,,,,,,,,,,,,,,13,302.807.744.136.181
574801,1,5,13,95,2,,,,,,,,2,,,,,,,,,,,,,,,13,302.807.744.136.181
574801,1,6,13,95,2,,,,,,,,2,,,,,,,,,,,,,,,13,302.807.744.136.181
574802,1,1,13,95,2,,,,,,,,2,,,,,,,,,,,,,,,13,267.352.473.019.505
574802,1,2,13,95,2,,,,,,,,2,,,,,,,,,,,,,,,13,267.352.473.019.505
574802,1,3,13,95,2,,,,,,,,2,,,,,,,,,,,,,,,13,267.352.473.019.505
574803,1,1,13,95,2,,,,,,,,2,,,,,,,,,,,,,,,13,264.907.517.171.766
574803,1,2,13,95,2,,,,,,,,2,,,,,,,,,,,,,,,13,264.907.517.171.766
574803,1,3,13,95,2,,,,,,,,2,,,,,,,,,,,,,,,13,264.907.517.171.766
574803,1,6,13,95,2,,,,,,,,2,,,,,,,,,,,,,,,13,264.907.517.171.766
574804,1,1,13,95,2,,,,,,,,2,,,,,,,,,,,,,,,13,275.961.980.620.543
574804,1,2,13,95,2,,,,,,,,2,,,,,,,,,,,,,,,13,275.961.980.620.543
574804,1,3,13,95,2,,,,,,,,2,,,,,,,,,,,,,,,13,275.961.980.620.543
574805,1,1,13,95,1,,1,2,,,270000,2,2,,,,,,,,,,,,,,,13,29.044.361.425.796
574805,1,2,13,95,2,,,,,,,,2,,,,,,,,,,,,,,,13,29.044.361.425.796
574805,1,3,13,95,2,,,,,,,,2,,,,,,,,,,,,,,,13,29.044.361.425.796
574805,1,4,13,95,2,,,,,,,,2,,,,,,,,,,,,,,,13,29.044.361.425.796
574806,1,1,13,95,2,,,,,,,,2,,,,,,,,,,,,,,,13,267.967.101.149.685
574806,1,2,13,95,2,,,,,,,,2,,,,,,,,,,,,,,,13,267.967.101.149.685
574807,1,1,13,95,2,,,,,,,,2,,,,,,,,,,,,,,,13,261.212.112.304.946
574807,1,2,13,95,2,,,,,,,,2,,,,,,,,,,,,,,,13,261.212.112.304.946
574808,1,1,13,95,1,,2,1,,2000000,,2,2,,,,,,,,,,,,,,,13,310.583.231.284.739
574808,1,2,13,95,2,,,,,,,,2,,,,,,,,,,,,,,,13,310.583.231.284.739
574808,1,3,13,95,2,,,,,,,,2,,,,,,,,,,,,,,,13,310.583.231.284.739
574809,1,1,13,95,2,,,,,,,,2,,,,,,,,,,,,,,,13,327.213.302.846.966
574809,1,2,13,95,2,,,,,,,,2,,,,,,,,,,,,,,,13,327.213.302.846.966
574809,1,3,13,95,2,,,,,,,,2,,,,,,,,,,,,,,,13,327.213.302.846.966
574809,1,4,13,95,2,,,,,,,,2,,,,,,,,,,,,,,,13,327.213.302.846.966
574810,1,1,13,95,2,,,,,,,,1,2,,2,,,,,,2400000,2,1,2,,2,13,331.256.510.991.396
574810,1,2,13,95,2,,,,,,,,2,,,,,,,,,,,,,,,13,331.256.510.991.396
574810,1,3,13,95,2,,,,,,,,2,,,,,,,,,,,,,,,13,331.256.510.991.396
574810,1,4,13,95,2,,,,,,,,2,,,,,,,,,,,,,,,13,331.256.510.991.396
574810,1,5,13,95,2,,,,,,,,2,,,,,,,,,,,,,,,13,331.256.510.991.396
574811,1,1,13,95,1,,2,1,,98,,2,2,,,,,,,,,,,,,,,13,322.963.388.725.004
574811,1,2,13,95,2,,,,,,,,2,,,,,,,,,,,,,,,13,322.963.388.725.004
574811,1,3,13,95,1,,1,2,,,600000,2,2,,,,,,,,,,,,,,,13,322.963.388.725.004
574811,1,4,13,95,2,,,,,,,,2,,,,,,,,,,,,,,,13,322.963.388.725.004
574811,1,5,13,95,2,,,,,,,,2,,,,,,,,,,,,,,,13,322.963.388.725.004
574813,1,1,13,95,2,,,,,,,,1,2,,2,,,,,,4800000,2,1,2,,2,13,259.128.921.092.962
574813,1,2,13,95,2,,,,,,,,2,,,,,,,,,,,,,,,13,259.128.921.092.962
574813,1,3,13,95,2,,,,,,,,2,,,,,,,,,,,,,,,13,259.128.921.092.962
574814,1,1,13,95,1,,2,1,,450000,,2,2,,,,,,,,,,,,,,,13,238.960.729.953.574
574814,1,2,13,95,2,,,,,,,,2,,,,,,,,,,,,,,,13,238.960.729.953.574
574814,1,3,13,95,2,,,,,,,,2,,,,,,,,,,,,,,,13,238.960.729.953.574
574814,1,4,13,95,2,,,,,,,,2,,,,,,,,,,,,,,,13,238.960.729.953.574
574814,1,5,13,95,2,,,,,,,,2,,,,,,,,,,,,,,,13,238.960.729.953.574
574814,2,1,13,95,2,,,,,,,,2,,,,,,,,,,,,,,,13,238.960.729.953.574
574814,2,2,13,95,2,,,,,,,,2,,,,,,,,,,,,,,,13,238.960.729.953.574
574815,1,1,13,95,2,,,,,,,,1,2,,2,,,,,,330000,2,1,2,,2,13,286.642.135.749.772
574815,1,2,13,95,2,,,,,,,,1,2,,2,,,,,,1200000,2,1,2,,2,13,286.642.135.749.772
574816,1,1,13,95,2,,,,,,,,1,2,,2,,,,,,900000,2,1,2,,2,13,506.161.767.155.295
574816,1,2,13,95,2,,,,,,,,2,,,,,,,,,,,,,,,13,506.161.767.155.295
574817,1,1,13,95,2,,,,,,,,2,,,,,,,,,,,,,,,13,503.764.959.434.183
574818,1,1,13,95,2,,,,,,,,2,,,,,,,,,,,,,,,13,517.253.597.752.335
574818,1,2,13,95,2,,,,,,,,2,,,,,,,,,,,,,,,13,517.253.597.752.335
574818,1,5,13,95,2,,,,,,,,2,,,,,,,,,,,,,,,13,517.253.597.752.335
574820,1,1,13,95,2,,,,,,,,1,2,,2,,,,,,800000,2,1,2,,2,13,244.912.184.801.752
574820,1,2,13,95,2,,,,,,,,2,,,,,,,,,,,,,,,13,244.912.184.801.752
574823,1,1,13,95,2,,,,,,,,2,,,,,,,,,,,,,,,13,300.254.697.178.721
574823,1,2,13,95,2,,,,,,,,2,,,,,,,,,,,,,,,13,300.254.697.178.721
574823,1,3,13,95,2,,,,,,,,2,,,,,,,,,,,,,,,13,300.254.697.178.721
574823,1,4,13,95,2,,,,,,,,2,,,,,,,,,,,,,,,13,300.254.697.178.721
574823,1,5,13,95,2,,,,,,,,2,,,,,,,,,,,,,,,13,300.254.697.178.721
574824,1,1,13,95,2,,,,,,,,2,,,,,,,,,,,,,,,13,258.749.488.709.854
574825,1,1,13,95,2,,,,,,,,2,,,,,,,,,,,,,,,13,259.357.593.548.647
574825,1,2,13,95,2,,,,,,,,2,,,,,,,,,,,,,,,13,259.357.593.548.647
574826,1,1,13,95,2,,,,,,,,2,,,,,,,,,,,,,,,13,261.212.112.304.946
574826,1,2,13,95,2,,,,,,,,2,,,,,,,,,,,,,,,13,261.212.112.304.946
574827,1,1,13,95,2,,,,,,,,2,,,,,,,,,,,,,,,13,272.331.101.881.763
574827,1,2,13,95,2,,,,,,,,2,,,,,,,,,,,,,,,13,272.331.101.881.763
574828,1,1,13,95,2,,,,,,,,2,,,,,,,,,,,,,,,13,32.666.060.216.921
574828,1,2,13,95,2,,,,,,,,2,,,,,,,,,,,,,,,13,32.666.060.216.921
574828,1,3,13,95,2,,,,,,,,2,,,,,,,,,,,,,,,13,32.666.060.216.921
574828,1,4,13,95,2,,,,,,,,2,,,,,,,,,,,,,,,13,32.666.060.216.921
574828,1,5,13,95,2,,,,,,,,2,,,,,,,,,,,,,,,13,32.666.060.216.921
574829,1,1,13,95,2,,,,,,,,2,,,,,,,,,,,,,,,13,239.558.206.397.433
574829,1,2,13,95,2,,,,,,,,2,,,,,,,,,,,,,,,13,239.558.206.397.433
574829,1,5,13,95,2,,,,,,,,2,,,,,,,,,,,,,,,13,239.558.206.397.433
574830,1,1,13,95,2,,,,,,,,2,,,,,,,,,,,,,,,13,260.985.463.110.452
574830,2,1,13,95,2,,,,,,,,2,,,,,,,,,,,,,,,13,260.985.463.110.452
574830,2,2,13,95,2,,,,,,,,2,,,,,,,,,,,,,,,13,260.985.463.110.452
574831,1,1,13,95,2,,,,,,,,2,,,,,,,,,,,,,,,13,260.857.569.699.486
574831,1,2,13,95,2,,,,,,,,2,,,,,,,,,,,,,,,13,260.857.569.699.486
574831,1,3,13,95,2,,,,,,,,2,,,,,,,,,,,,,,,13,260.857.569.699.486
574832,1,1,13,95,2,,,,,,,,2,,,,,,,,,,,,,,,13,292.703.952.509.317
574832,1,2,13,95,2,,,,,,,,2,,,,,,,,,,,,,,,13,292.703.952.509.317
574832,1,3,13,95,2,,,,,,,,2,,,,,,,,,,,,,,,13,292.703.952.509.317
574832,1,4,13,95,2,,,,,,,,2,,,,,,,,,,,,,,,13,292.703.952.509.317
574833,1,1,13,95,2,,,,,,,,2,,,,,,,,,,,,,,,13,335.963.055.867.531
574833,1,2,13,95,2,,,,,,,,2,,,,,,,,,,,,,,,13,335.963.055.867.531
574833,1,3,13,95,2,,,,,,,,2,,,,,,,,,,,,,,,13,335.963.055.867.531
574834,1,1,13,95,2,,,,,,,,2,,,,,,,,,,,,,,,13,36.188.095.960.789
574834,1,2,13,95,2,,,,,,,,2,,,,,,,,,,,,,,,13,36.188.095.960.789
574834,1,3,13,95,2,,,,,,,,2,,,,,,,,,,,,,,,13,36.188.095.960.789
574834,1,4,13,95,2,,,,,,,,2,,,,,,,,,,,,,,,13,36.188.095.960.789
574834,1,5,13,95,2,,,,,,,,2,,,,,,,,,,,,,,,13,36.188.095.960.789
574835,1,1,13,95,2,,,,,,,,2,,,,,,,,,,,,,,,13,269.311.074.560.926
574835,1,2,13,95,2,,,,,,,,2,,,,,,,,,,,,,,,13,269.311.074.560.926
574835,1,3,13,95,2,,,,,,,,2,,,,,,,,,,,,,,,13,269.311.074.560.926
574835,1,4,13,95,2,,,,,,,,2,,,,,,,,,,,,,,,13,269.311.074.560.926
574836,1,1,13,95,2,,,,,,,,2,,,,,,,,,,,,,,,13,254.699.611.613.814
574836,1,2,13,95,2,,,,,,,,2,,,,,,,,,,,,,,,13,254.699.611.613.814
574836,1,3,13,95,2,,,,,,,,2,,,,,,,,,,,,,,,13,254.699.611.613.814
574836,1,4,13,95,2,,,,,,,,2,,,,,,,,,,,,,,,13,254.699.611.613.814
574837,1,1,13,95,1,,2,1,,2000000,,2,2,,,,,,,,,,,,,,,13,217.340.862.908.124
574837,1,2,13,95,2,,,,,,,,2,,,,,,,,,,,,,,,13,217.340.862.908.124
574837,1,4,13,95,2,,,,,,,,2,,,,,,,,,,,,,,,13,217.340.862.908.124
574838,1,1,13,95,2,,,,,,,,1,2,,2,,,,,,12000000,2,1,2,,2,13,495.745.641.950.645
574839,1,1,13,95,2,,,,,,,,2,,,,,,,,,,,,,,,13,585.134.966.862.799
574839,1,2,13,95,2,,,,,,,,2,,,,,,,,,,,,,,,13,585.134.966.862.799
574839,1,3,13,95,2,,,,,,,,2,,,,,,,,,,,,,,,13,585.134.966.862.799
574839,1,4,13,95,2,,,,,,,,2,,,,,,,,,,,,,,,13,585.134.966.862.799
574839,1,5,13,95,2,,,,,,,,2,,,,,,,,,,,,,,,13,585.134.966.862.799
574841,1,1,13,95,2,,,,,,,,2,,,,,,,,,,,,,,,13,270.299.113.531.101
574841,1,2,13,95,2,,,,,,,,2,,,,,,,,,,,,,,,13,270.299.113.531.101
574841,1,3,13,95,2,,,,,,,,2,,,,,,,,,,,,,,,13,270.299.113.531.101
574841,1,4,13,95,2,,,,,,,,2,,,,,,,,,,,,,,,13,270.299.113.531.101
574842,1,1,13,95,2,,,,,,,,2,,,,,,,,,,,,,,,13,292.478.011.056.883
574842,1,2,13,95,2,,,,,,,,2,,,,,,,,,,,,,,,13,292.478.011.056.883
574842,1,3,13,95,2,,,,,,,,2,,,,,,,,,,,,,,,13,292.478.011.056.883
574842,1,4,13,95,2,,,,,,,,2,,,,,,,,,,,,,,,13,292.478.011.056.883
574843,1,1,13,95,1,,2,1,,98,,2,2,,,,,,,,,,,,,,,13,259.425.322.157.775
574843,1,2,13,95,1,,1,2,,,98,2,2,,,,,,,,,,,,,,,13,259.425.322.157.775
574843,1,3,13,95,2,,,,,,,,2,,,,,,,,,,,,,,,13,259.425.322.157.775
574843,1,5,13,95,1,,2,1,,98,,2,2,,,,,,,,,,,,,,,13,259.425.322.157.775
574843,1,6,13,95,2,,,,,,,,2,,,,,,,,,,,,,,,13,259.425.322.157.775
574845,1,1,13,95,2,,,,,,,,2,,,,,,,,,,,,,,,13,265.517.498.673.297
574845,1,2,13,95,2,,,,,,,,2,,,,,,,,,,,,,,,13,265.517.498.673.297
574848,1,1,13,95,2,,,,,,,,2,,,,,,,,,,,,,,,13,309.920.798.995.915
574848,1,2,13,95,2,,,,,,,,2,,,,,,,,,,,,,,,13,309.920.798.995.915
574848,1,3,13,95,2,,,,,,,,2,,,,,,,,,,,,,,,13,309.920.798.995.915
574848,1,4,13,95,2,,,,,,,,2,,,,,,,,,,,,,,,13,309.920.798.995.915
574849,1,1,13,95,2,,,,,,,,2,,,,,,,,,,,,,,,13,220.203.866.889.838
574849,1,2,13,95,2,,,,,,,,2,,,,,,,,,,,,,,,13,220.203.866.889.838
574849,1,4,13,95,2,,,,,,,,2,,,,,,,,,,,,,,,13,220.203.866.889.838
574849,1,5,13,95,2,,,,,,,,2,,,,,,,,,,,,,,,13,220.203.866.889.838
574849,1,6,13,95,2,,,,,,,,2,,,,,,,,,,,,,,,13,220.203.866.889.838
574851,1,1,13,95,2,,,,,,,,2,,,,,,,,,,,,,,,13,317.518.970.507.376
574851,1,2,13,95,2,,,,,,,,2,,,,,,,,,,,,,,,13,317.518.970.507.376
574852,1,1,13,95,2,,,,,,,,2,,,,,,,,,,,,,,,13,298.528.874.668.831
574852,1,2,13,95,2,,,,,,,,2,,,,,,,,,,,,,,,13,298.528.874.668.831
574853,1,1,13,95,2,,,,,,,,2,,,,,,,,,,,,,,,13,266.177.543.545.571
574853,1,2,13,95,2,,,,,,,,2,,,,,,,,,,,,,,,13,266.177.543.545.571
574853,1,3,13,95,2,,,,,,,,2,,,,,,,,,,,,,,,13,266.177.543.545.571
574853,1,4,13,95,2,,,,,,,,2,,,,,,,,,,,,,,,13,266.177.543.545.571
574854,1,1,13,95,1,,2,1,,850000,,2,2,,,,,,,,,,,,,,,13,327.180.758.826.026
574854,1,2,13,95,2,,,,,,,,2,,,,,,,,,,,,,,,13,327.180.758.826.026
574854,1,3,13,95,2,,,,,,,,2,,,,,,,,,,,,,,,13,327.180.758.826.026
574854,1,4,13,95,2,,,,,,,,2,,,,,,,,,,,,,,,13,327.180.758.826.026
574854,2,1,13,95,2,,,,,,,,2,,,,,,,,,,,,,,,13,327.180.758.826.026
574854,2,2,13,95,2,,,,,,,,2,,,,,,,,,,,,,,,13,327.180.758.826.026
574854,2,3,13,95,2,,,,,,,,2,,,,,,,,,,,,,,,13,327.180.758.826.026
574854,2,4,13,95,2,,,,,,,,2,,,,,,,,,,,,,,,13,327.180.758.826.026
574854,2,5,13,95,2,,,,,,,,2,,,,,,,,,,,,,,,13,327.180.758.826.026
574855,1,1,13,95,1,,1,2,,,240000,2,2,,,,,,,,,,,,,,,13,581.398.246.276.865
574855,1,2,13,95,2,,,,,,,,2,,,,,,,,,,,,,,,13,581.398.246.276.865
574855,1,3,13,95,2,,,,,,,,2,,,,,,,,,,,,,,,13,581.398.246.276.865
574855,1,4,13,95,2,,,,,,,,2,,,,,,,,,,,,,,,13,581.398.246.276.865
574856,1,1,13,95,2,,,,,,,,2,,,,,,,,,,,,,,,13,546.368.528.449.556
574856,1,2,13,95,2,,,,,,,,2,,,,,,,,,,,,,,,13,546.368.528.449.556
574856,1,3,13,95,2,,,,,,,,2,,,,,,,,,,,,,,,13,546.368.528.449.556
574856,1,4,13,95,2,,,,,,,,2,,,,,,,,,,,,,,,13,546.368.528.449.556
574856,1,5,13,95,2,,,,,,,,2,,,,,,,,,,,,,,,13,546.368.528.449.556
574857,1,1,13,95,2,,,,,,,,2,,,,,,,,,,,,,,,13,285.457.511.133.446
574857,1,2,13,95,2,,,,,,,,2,,,,,,,,,,,,,,,13,285.457.511.133.446
574858,1,1,13,95,2,,,,,,,,2,,,,,,,,,,,,,,,13,317.908.034.501.709
574858,1,2,13,95,2,,,,,,,,2,,,,,,,,,,,,,,,13,317.908.034.501.709
574858,1,3,13,95,2,,,,,,,,2,,,,,,,,,,,,,,,13,317.908.034.501.709
574858,1,4,13,95,2,,,,,,,,2,,,,,,,,,,,,,,,13,317.908.034.501.709
574859,1,1,13,95,2,,,,,,,,2,,,,,,,,,,,,,,,13,263.721.594.280.725
574859,1,2,13,95,2,,,,,,,,2,,,,,,,,,,,,,,,13,263.721.594.280.725
574860,1,1,13,95,1,,1,2,,,200000,2,1,2,,2,,,,,,2400000,2,1,2,,2,13,296.527.888.152.923
574861,1,1,13,95,1,,2,1,,1500000,,2,2,,,,,,,,,,,,,,,13,309.673.802.141.092
574861,1,2,13,95,2,,,,,,,,2,,,,,,,,,,,,,,,13,309.673.802.141.092
574861,1,3,13,95,2,,,,,,,,2,,,,,,,,,,,,,,,13,309.673.802.141.092
574861,1,4,13,95,2,,,,,,,,2,,,,,,,,,,,,,,,13,309.673.802.141.092
574861,1,5,13,95,2,,,,,,,,2,,,,,,,,,,,,,,,13,309.673.802.141.092
574861,1,6,13,95,2,,,,,,,,2,,,,,,,,,,,,,,,13,309.673.802.141.092
574861,1,7,13,95,2,,,,,,,,2,,,,,,,,,,,,,,,13,309.673.802.141.092
574862,1,1,13,95,2,,,,,,,,1,2,,2,,,,,,3000000,2,1,2,,2,13,255.859.871.987.542
574862,1,3,13,95,2,,,,,,,,1,2,,2,,,,,,3000000,2,1,2,,2,13,255.859.871.987.542
574862,1,4,13,95,2,,,,,,,,2,,,,,,,,,,,,,,,13,255.859.871.987.542
574863,1,1,13,95,2,,,,,,,,2,,,,,,,,,,,,,,,13,340.005.659.521.356
574863,1,2,13,95,2,,,,,,,,2,,,,,,,,,,,,,,,13,340.005.659.521.356
574863,1,3,13,95,2,,,,,,,,2,,,,,,,,,,,,,,,13,340.005.659.521.356
574863,1,4,13,95,2,,,,,,,,2,,,,,,,,,,,,,,,13,340.005.659.521.356
574863,1,5,13,95,2,,,,,,,,1,2,,2,,,,,,1200000,2,1,2,,2,13,340.005.659.521.356
574863,1,7,13,95,2,,,,,,,,2,,,,,,,,,,,,,,,13,340.005.659.521.356
574863,1,8,13,95,2,,,,,,,,2,,,,,,,,,,,,,,,13,340.005.659.521.356
574864,1,1,13,95,1,,2,1,,2000000,,2,2,,,,,,,,,,,,,,,13,339.293.928.766.075
574864,1,2,13,95,2,,,,,,,,1,2,,2,,,,,,2400000,2,1,2,,2,13,339.293.928.766.075
574864,1,3,13,95,2,,,,,,,,2,,,,,,,,,,,,,,,13,339.293.928.766.075
574864,1,4,13,95,2,,,,,,,,2,,,,,,,,,,,,,,,13,339.293.928.766.075
574865,1,1,13,95,2,,,,,,,,2,,,,,,,,,,,,,,,13,290.562.654.060.515
574865,1,2,13,95,2,,,,,,,,2,,,,,,,,,,,,,,,13,290.562.654.060.515
574865,1,3,13,95,2,,,,,,,,2,,,,,,,,,,,,,,,13,290.562.654.060.515
574865,1,4,13,95,2,,,,,,,,2,,,,,,,,,,,,,,,13,290.562.654.060.515
574865,1,7,13,95,2,,,,,,,,2,,,,,,,,,,,,,,,13,290.562.654.060.515
574866,1,1,13,95,1,,1,2,,,100000,2,2,,,,,,,,,,,,,,,13,229.436.714.642.544
574866,1,2,13,95,2,,,,,,,,2,,,,,,,,,,,,,,,13,229.436.714.642.544
574866,1,3,13,95,2,,,,,,,,2,,,,,,,,,,,,,,,13,229.436.714.642.544
574866,1,7,13,95,2,,,,,,,,1,2,,2,,,,,,1200000,2,1,2,,2,13,229.436.714.642.544
574866,1,9,13,95,2,,,,,,,,1,2,,2,,,,,,1000000,2,1,2,,2,13,229.436.714.642.544
574867,1,1,13,95,2,,,,,,,,2,,,,,,,,,,,,,,,13,284.877.027.075.552
574867,1,2,13,95,2,,,,,,,,2,,,,,,,,,,,,,,,13,284.877.027.075.552
574867,1,5,13,95,2,,,,,,,,2,,,,,,,,,,,,,,,13,284.877.027.075.552
574868,1,1,13,95,2,,,,,,,,2,,,,,,,,,,,,,,,13,268.890.750.385.316
574868,1,2,13,95,2,,,,,,,,2,,,,,,,,,,,,,,,13,268.890.750.385.316
574868,1,3,13,95,2,,,,,,,,2,,,,,,,,,,,,,,,13,268.890.750.385.316
574869,1,1,13,95,2,,,,,,,,2,,,,,,,,,,,,,,,13,253.080.883.577.648
574869,1,2,13,95,2,,,,,,,,2,,,,,,,,,,,,,,,13,253.080.883.577.648
574870,1,1,13,95,2,,,,,,,,2,,,,,,,,,,,,,,,13,261.212.112.304.946
574870,1,2,13,95,2,,,,,,,,2,,,,,,,,,,,,,,,13,261.212.112.304.946
574871,1,1,13,95,1,,2,1,,700000,,2,2,,,,,,,,,,,,,,,13,285.379.149.292.347
574871,1,2,13,95,2,,,,,,,,2,,,,,,,,,,,,,,,13,285.379.149.292.347
574871,1,3,13,95,2,,,,,,,,2,,,,,,,,,,,,,,,13,285.379.149.292.347
575018,1,1,17,95,2,,,,,,,,2,,,,,,,,,,,,,,,17,380.692.417.420.194
575018,1,2,17,95,2,,,,,,,,2,,,,,,,,,,,,,,,17,380.692.417.420.194
575018,1,3,17,95,2,,,,,,,,2,,,,,,,,,,,,,,,17,380.692.417.420.194
575018,1,4,17,95,2,,,,,,,,2,,,,,,,,,,,,,,,17,380.692.417.420.194
575018,1,5,17,95,2,,,,,,,,2,,,,,,,,,,,,,,,17,380.692.417.420.194
575019,1,1,17,95,1,,2,1,,867400,,2,2,,,,,,,,,,,,,,,17,405.578.493.024.202
575020,1,1,17,95,1,,2,1,,433700,,2,2,,,,,,,,,,,,,,,17,13.819.699.929.538
575020,1,2,17,95,2,,,,,,,,2,,,,,,,,,,,,,,,17,13.819.699.929.538
575021,1,1,17,95,1,,1,2,,,200000,2,2,,,,,,,,,,,,,,,17,110.027.062.693.694
575021,1,3,17,95,2,,,,,,,,1,2,,2,,,,,,1800000,2,1,2,,2,17,110.027.062.693.694
575022,1,1,17,95,2,,,,,,,,1,2,,2,2400000,,,,,,2,2,1,,2,17,148.855.323.961.387
575022,1,2,17,95,2,,,,,,,,1,2,,2,2400000,,,,,,2,2,1,,2,17,148.855.323.961.387
575023,1,1,17,95,1,,2,1,,433700,,2,2,,,,,,,,,,,,,,,17,117.766.862.976.907
575023,1,2,17,95,2,,,,,,,,2,,,,,,,,,,,,,,,17,117.766.862.976.907
575024,1,1,17,95,2,,,,,,,,2,,,,,,,,,,,,,,,17,14.890.881.152.403
575024,1,2,17,95,2,,,,,,,,2,,,,,,,,,,,,,,,17,14.890.881.152.403
575025,1,1,17,95,1,,2,1,,433700,,2,1,2,,2,,,,,,500000,2,1,2,,2,17,380.934.437.184.851
575025,1,2,17,95,2,,,,,,,,2,,,,,,,,,,,,,,,17,380.934.437.184.851
575025,1,3,17,95,2,,,,,,,,1,2,,2,,,,,,350000,2,1,2,,2,17,380.934.437.184.851
575026,1,1,17,95,1,,2,1,,620000,,2,2,,,,,,,,,,,,,,,17,32.814.299.844.001
575026,1,2,17,95,2,,,,,,,,2,,,,,,,,,,,,,,,17,32.814.299.844.001
575026,1,3,17,95,2,,,,,,,,2,,,,,,,,,,,,,,,17,32.814.299.844.001
575026,1,4,17,95,2,,,,,,,,2,,,,,,,,,,,,,,,17,32.814.299.844.001
575026,1,6,17,95,2,,,,,,,,2,,,,,,,,,,,,,,,17,32.814.299.844.001
575026,1,7,17,95,2,,,,,,,,1,2,,2,,,,,,1440000,2,1,2,,2,17,32.814.299.844.001
575027,1,1,17,95,1,,2,1,,433700,,2,2,,,,,,,,,,,,,,,17,120.359.824.585.892
575027,1,2,17,95,2,,,,,,,,2,,,,,,,,,,,,,,,17,120.359.824.585.892
575027,1,3,17,95,2,,,,,,,,2,,,,,,,,,,,,,,,17,120.359.824.585.892
575027,1,4,17,95,2,,,,,,,,2,,,,,,,,,,,,,,,17,120.359.824.585.892
575027,1,5,17,95,2,,,,,,,,2,,,,,,,,,,,,,,,17,120.359.824.585.892
575028,1,1,17,95,2,,,,,,,,2,,,,,,,,,,,,,,,17,126.012.718.543.374
575028,1,2,17,95,1,,1,2,,,600000,2,2,,,,,,,,,,,,,,,17,126.012.718.543.374
575028,1,3,17,95,2,,,,,,,,2,,,,,,,,,,,,,,,17,126.012.718.543.374
575029,1,1,17,95,2,,,,,,,,2,,,,,,,,,,,,,,,17,204.785.893.701.573
575029,1,2,17,95,2,,,,,,,,2,,,,,,,,,,,,,,,17,204.785.893.701.573
575029,1,3,17,95,2,,,,,,,,2,,,,,,,,,,,,,,,17,204.785.893.701.573
575029,1,4,17,95,2,,,,,,,,2,,,,,,,,,,,,,,,17,204.785.893.701.573
575030,1,1,17,95,2,,,,,,,,2,,,,,,,,,,,,,,,17,118.036.661.689.531
575030,1,2,17,95,2,,,,,,,,2,,,,,,,,,,,,,,,17,118.036.661.689.531
575030,1,3,17,95,2,,,,,,,,2,,,,,,,,,,,,,,,17,118.036.661.689.531
575030,1,5,17,95,2,,,,,,,,2,,,,,,,,,,,,,,,17,118.036.661.689.531
575030,1,6,17,95,2,,,,,,,,2,,,,,,,,,,,,,,,17,118.036.661.689.531
575031,1,1,17,95,2,,,,,,,,2,,,,,,,,,,,,,,,17,121.874.205.616.799
575032,1,1,17,95,2,,,,,,,,2,,,,,,,,,,,,,,,17,125.907.479.407.263
575032,1,2,17,95,2,,,,,,,,2,,,,,,,,,,,,,,,17,125.907.479.407.263
575033,1,1,17,95,2,,,,,,,,2,,,,,,,,,,,,,,,17,12.146.299.893.847
575033,1,2,17,95,2,,,,,,,,1,2,,2,50000,,,,,,2,2,1,,2,17,12.146.299.893.847
575033,1,3,17,95,2,,,,,,,,2,,,,,,,,,,,,,,,17,12.146.299.893.847
575034,1,1,17,95,2,,,,,,,,1,2,,2,3600000,,,,,1800000,2,1,1,,2,17,109.247.547.899.781
575035,1,1,17,95,2,,,,,,,,2,,,,,,,,,,,,,,,17,16.562.049.460.498
575035,1,2,17,95,2,,,,,,,,2,,,,,,,,,,,,,,,17,16.562.049.460.498
575035,1,3,17,95,2,,,,,,,,2,,,,,,,,,,,,,,,17,16.562.049.460.498
575035,1,4,17,95,2,,,,,,,,2,,,,,,,,,,,,,,,17,16.562.049.460.498
575036,1,1,17,95,2,,,,,,,,2,,,,,,,,,,,,,,,17,146.794.726.864.624
575036,1,2,17,95,2,,,,,,,,2,,,,,,,,,,,,,,,17,146.794.726.864.624
575036,1,3,17,95,2,,,,,,,,2,,,,,,,,,,,,,,,17,146.794.726.864.624
575036,1,5,17,95,2,,,,,,,,2,,,,,,,,,,,,,,,17,146.794.726.864.624
575037,1,1,17,95,1,,2,1,,433700,,2,2,,,,,,,,,,,,,,,17,353.300.588.930.722
575037,1,2,17,95,2,,,,,,,,2,,,,,,,,,,,,,,,17,353.300.588.930.722
575038,1,1,17,95,2,,,,,,,,1,2,,2,,,,2000000,,,1,2,2,,2,17,353.300.588.930.722
575038,1,2,17,95,2,,,,,,,,1,2,,1,,,12300,,,,2,2,2,,2,17,353.300.588.930.722
575039,1,1,17,95,2,,,,,,,,1,2,,2,,,,,,,2,2,2,190000,1,17,496.861.483.814.939
575039,1,2,17,95,2,,,,,,,,2,,,,,,,,,,,,,,,17,496.861.483.814.939
575039,1,3,17,95,2,,,,,,,,2,,,,,,,,,,,,,,,17,496.861.483.814.939
575039,1,4,17,95,2,,,,,,,,2,,,,,,,,,,,,,,,17,496.861.483.814.939
575040,1,1,17,95,2,,,,,,,,1,2,,1,,,300000,,,,2,2,2,,2,17,327.742.643.699.343
575041,1,1,17,95,2,,,,,,,,2,,,,,,,,,,,,,,,17,376.711.024.735.086
575041,1,2,17,95,2,,,,,,,,2,,,,,,,,,,,,,,,17,376.711.024.735.086
575042,1,1,17,95,2,,,,,,,,1,2,,2,,,,,,4800000,2,1,2,,2,17,135.192.831.008.067
575043,1,1,17,95,2,,,,,,,,2,,,,,,,,,,,,,,,17,125.907.479.407.263
575043,1,2,17,95,2,,,,,,,,2,,,,,,,,,,,,,,,17,125.907.479.407.263
575044,1,1,17,95,2,,,,,,,,2,,,,,,,,,,,,,,,17,134.089.656.655.488
575044,1,2,17,95,2,,,,,,,,2,,,,,,,,,,,,,,,17,134.089.656.655.488
575044,1,3,17,95,2,,,,,,,,2,,,,,,,,,,,,,,,17,134.089.656.655.488
575045,1,1,17,95,2,,,,,,,,2,,,,,,,,,,,,,,,17,12.146.299.893.847
575045,1,2,17,95,2,,,,,,,,2,,,,,,,,,,,,,,,17,12.146.299.893.847
575045,1,3,17,95,2,,,,,,,,2,,,,,,,,,,,,,,,17,12.146.299.893.847
575046,1,1,17,95,2,,,,,,,,1,2,,2,,,,,,1000000,2,1,2,,2,17,149.192.461.790.288
575046,1,2,17,95,2,,,,,,,,2,,,,,,,,,,,,,,,17,149.192.461.790.288
575047,1,1,17,95,1,,2,1,,215000,,2,2,,,,,,,,,,,,,,,17,176.022.498.828.598
575047,1,2,17,95,2,,,,,,,,2,,,,,,,,,,,,,,,17,176.022.498.828.598
575047,1,3,17,95,2,,,,,,,,2,,,,,,,,,,,,,,,17,176.022.498.828.598
575047,1,5,17,95,2,,,,,,,,2,,,,,,,,,,,,,,,17,176.022.498.828.598
575048,1,1,17,95,2,,,,,,,,1,2,,2,,,,,,7200000,2,1,2,,2,17,139.742.550.612.971
575050,1,1,17,95,1,,2,1,,433700,,2,2,,,,,,,,,,,,,,,17,107.733.166.868.873
575050,1,2,17,95,2,,,,,,,,2,,,,,,,,,,,,,,,17,107.733.166.868.873
575050,1,3,17,95,2,,,,,,,,2,,,,,,,,,,,,,,,17,107.733.166.868.873
575050,1,4,17,95,2,,,,,,,,2,,,,,,,,,,,,,,,17,107.733.166.868.873
575050,1,5,17,95,2,,,,,,,,2,,,,,,,,,,,,,,,17,107.733.166.868.873
575051,1,1,17,95,2,,,,,,,,2,,,,,,,,,,,,,,,17,165.957.632.433.881
575051,1,2,17,95,2,,,,,,,,2,,,,,,,,,,,,,,,17,165.957.632.433.881
575051,1,3,17,95,2,,,,,,,,2,,,,,,,,,,,,,,,17,165.957.632.433.881
575051,1,4,17,95,2,,,,,,,,2,,,,,,,,,,,,,,,17,165.957.632.433.881
575052,1,1,17,95,2,,,,,,,,2,,,,,,,,,,,,,,,17,201.352.826.719.483
575052,1,2,17,95,2,,,,,,,,2,,,,,,,,,,,,,,,17,201.352.826.719.483
575052,1,3,17,95,2,,,,,,,,2,,,,,,,,,,,,,,,17,201.352.826.719.483
575052,1,4,17,95,2,,,,,,,,2,,,,,,,,,,,,,,,17,201.352.826.719.483
575052,1,7,17,95,2,,,,,,,,1,2,,2,,,,,,168000,2,1,2,,2,17,201.352.826.719.483
575053,1,1,17,95,2,,,,,,,,2,,,,,,,,,,,,,,,17,125.570.341.578.362
575053,1,2,17,95,2,,,,,,,,2,,,,,,,,,,,,,,,17,125.570.341.578.362
575054,1,1,17,95,1,,1,2,,,1000000,2,2,,,,,,,,,,,,,,,17,135.192.831.008.067
575055,1,1,17,95,1,,2,1,,433700,,2,2,,,,,,,,,,,,,,,17,105.140.205.259.889
575055,1,2,17,95,1,,1,2,,,12000000,2,2,,,,,,,,,,,,,,,17,105.140.205.259.889
575437,1,1,23,95,2,,,,,,,,2,,,,,,,,,,,,,,,23,998.254.563.142.157
575437,1,2,23,95,1,,1,2,,,320000,2,1,2,,2,,,,,,4000000,2,1,2,,2,23,998.254.563.142.157
575438,1,1,23,95,2,,,,,,,,2,,,,,,,,,,,,,,,23,13.578.684.731.046
575438,1,2,23,95,2,,,,,,,,2,,,,,,,,,,,,,,,23,13.578.684.731.046
575438,1,3,23,95,2,,,,,,,,2,,,,,,,,,,,,,,,23,13.578.684.731.046
575438,1,4,23,95,2,,,,,,,,2,,,,,,,,,,,,,,,23,13.578.684.731.046
575438,1,5,23,95,2,,,,,,,,2,,,,,,,,,,,,,,,23,13.578.684.731.046
575438,2,1,23,95,2,,,,,,,,2,,,,,,,,,,,,,,,23,13.578.684.731.046
575438,2,2,23,95,2,,,,,,,,2,,,,,,,,,,,,,,,23,13.578.684.731.046
575439,1,1,23,95,1,,2,1,,700000,,2,2,,,,,,,,,,,,,,,23,890.076.288.138.272
575439,1,2,23,95,2,,,,,,,,1,2,,2,,,,,,2600000,2,1,2,,2,23,890.076.288.138.272
575439,1,3,23,95,2,,,,,,,,1,2,,2,,,,,,500000,2,1,2,,2,23,890.076.288.138.272
575440,1,1,23,95,2,,,,,,,,1,2,,2,,,,,,2800000,2,1,2,,2,23,121.302.670.408.847
575442,1,1,23,95,2,,,,,,,,1,2,,2,,,,,,300000,2,1,2,,2,23,117.786.620.474.808
575442,1,2,23,95,2,,,,,,,,2,,,,,,,,,,,,,,,23,117.786.620.474.808
575443,1,1,23,95,2,,,,,,,,2,,,,,,,,,,,,,,,23,143.545.343.010.213
575443,1,2,23,95,2,,,,,,,,1,2,,1,,,400000,,,,2,2,2,,2,23,143.545.343.010.213
575444,1,1,23,95,2,,,,,,,,2,,,,,,,,,,,,,,,23,139.947.609.774.474
575444,1,2,23,95,2,,,,,,,,2,,,,,,,,,,,,,,,23,139.947.609.774.474
575444,1,3,23,95,2,,,,,,,,1,2,,2,,,,,,1500000,2,1,2,,2,23,139.947.609.774.474
575444,1,4,23,95,2,,,,,,,,2,,,,,,,,,,,,,,,23,139.947.609.774.474
575444,1,5,23,95,2,,,,,,,,2,,,,,,,,,,,,,,,23,139.947.609.774.474
575444,1,6,23,95,2,,,,,,,,2,,,,,,,,,,,,,,,23,139.947.609.774.474
575445,1,1,23,95,2,,,,,,,,2,,,,,,,,,,,,,,,23,164.878.478.165.767
575445,1,2,23,95,2,,,,,,,,2,,,,,,,,,,,,,,,23,164.878.478.165.767
575445,1,3,23,95,2,,,,,,,,2,,,,,,,,,,,,,,,23,164.878.478.165.767
575446,1,1,23,95,2,,,,,,,,1,2,,1,,,1700000,,,,2,2,2,,2,23,103.037.583.745.006
575446,1,2,23,95,1,,2,1,,2500000,,2,1,2,,2,7200000,,,,,,2,2,1,,2,23,103.037.583.745.006
575446,1,3,23,95,2,,,,,,,,1,2,,2,5000000,,,,,,2,2,1,,2,23,103.037.583.745.006
575446,1,4,23,95,2,,,,,,,,2,,,,,,,,,,,,,,,23,103.037.583.745.006
575447,1,1,23,95,2,,,,,,,,1,2,,1,,,1350000,,,,2,2,2,,2,23,132.891.547.460.614
575447,1,2,23,95,2,,,,,,,,2,,,,,,,,,,,,,,,23,132.891.547.460.614
575447,1,3,23,95,2,,,,,,,,2,,,,,,,,,,,,,,,23,132.891.547.460.614
575447,1,4,23,95,2,,,,,,,,2,,,,,,,,,,,,,,,23,132.891.547.460.614
575447,1,5,23,95,2,,,,,,,,2,,,,,,,,,,,,,,,23,132.891.547.460.614
575448,1,1,23,95,2,,,,,,,,1,2,,1,,,433700,,,,2,2,2,,2,23,143.746.838.447.474
575448,1,2,23,95,2,,,,,,,,2,,,,,,,,,,,,,,,23,143.746.838.447.474
575448,1,3,23,95,2,,,,,,,,2,,,,,,,,,,,,,,,23,143.746.838.447.474
575448,1,4,23,95,2,,,,,,,,2,,,,,,,,,,,,,,,23,143.746.838.447.474
575448,1,7,23,95,2,,,,,,,,1,2,,2,,,,,,150000,2,1,2,,2,23,143.746.838.447.474
575449,1,1,23,95,2,,,,,,,,2,,,,,,,,,,,,,,,23,973.148.215.243.347
575449,1,2,23,95,2,,,,,,,,2,,,,,,,,,,,,,,,23,973.148.215.243.347
575450,1,1,23,95,2,,,,,,,,2,,,,,,,,,,,,,,,23,123.165.439.913.473
575450,1,2,23,95,2,,,,,,,,2,,,,,,,,,,,,,,,23,123.165.439.913.473
575450,1,3,23,95,2,,,,,,,,2,,,,,,,,,,,,,,,23,123.165.439.913.473
575450,1,4,23,95,2,,,,,,,,2,,,,,,,,,,,,,,,23,123.165.439.913.473
575451,1,1,23,95,2,,,,,,,,1,2,,2,,,,,,700000,2,1,2,,2,23,113.565.655.304.896
575452,1,1,23,95,2,,,,,,,,2,,,,,,,,,,,,,,,23,127.379.875.157.001
575452,1,2,23,95,2,,,,,,,,2,,,,,,,,,,,,,,,23,127.379.875.157.001
575452,1,3,23,95,2,,,,,,,,2,,,,,,,,,,,,,,,23,127.379.875.157.001
575452,1,4,23,95,2,,,,,,,,2,,,,,,,,,,,,,,,23,127.379.875.157.001
575454,1,1,23,95,1,,2,1,,2600000,,2,2,,,,,,,,,,,,,,,23,998.254.563.142.157
575454,1,2,23,95,2,,,,,,,,2,,,,,,,,,,,,,,,23,998.254.563.142.157
575455,1,1,23,95,2,,,,,,,,2,,,,,,,,,,,,,,,23,123.261.450.024.072
575455,1,2,23,95,2,,,,,,,,2,,,,,,,,,,,,,,,23,123.261.450.024.072
575455,1,3,23,95,2,,,,,,,,2,,,,,,,,,,,,,,,23,123.261.450.024.072
575456,1,1,23,95,2,,,,,,,,2,,,,,,,,,,,,,,,23,133.309.854.297.571
575456,1,2,23,95,2,,,,,,,,2,,,,,,,,,,,,,,,23,133.309.854.297.571
575457,1,1,23,95,2,,,,,,,,2,,,,,,,,,,,,,,,23,140.966.590.885.111
575457,1,2,23,95,2,,,,,,,,2,,,,,,,,,,,,,,,23,140.966.590.885.111
575458,1,1,23,95,2,,,,,,,,2,,,,,,,,,,,,,,,23,134.041.059.380.786
575458,1,2,23,95,2,,,,,,,,2,,,,,,,,,,,,,,,23,134.041.059.380.786
575458,1,3,23,95,2,,,,,,,,2,,,,,,,,,,,,,,,23,134.041.059.380.786
575458,1,4,23,95,2,,,,,,,,2,,,,,,,,,,,,,,,23,134.041.059.380.786
575458,1,5,23,95,2,,,,,,,,2,,,,,,,,,,,,,,,23,134.041.059.380.786
575459,1,1,23,95,2,,,,,,,,1,2,,2,,,,,,1000000,2,1,2,,2,23,124.441.274.772.209
575459,1,2,23,95,2,,,,,,,,2,,,,,,,,,,,,,,,23,124.441.274.772.209
575460,1,1,23,95,2,,,,,,,,2,,,,,,,,,,,,,,,23,133.309.854.297.571
575460,1,2,23,95,2,,,,,,,,2,,,,,,,,,,,,,,,23,133.309.854.297.571
575461,1,1,23,95,2,,,,,,,,2,,,,,,,,,,,,,,,23,104.964.121.642.505
575461,1,2,23,95,2,,,,,,,,2,,,,,,,,,,,,,,,23,104.964.121.642.505
575461,1,3,23,95,2,,,,,,,,2,,,,,,,,,,,,,,,23,104.964.121.642.505
575461,1,4,23,95,2,,,,,,,,2,,,,,,,,,,,,,,,23,104.964.121.642.505
575461,1,7,23,95,1,,2,2,70000,,,1,2,,,,,,,,,,,,,,,23,104.964.121.642.505
575461,1,11,23,95,2,,,,,,,,2,,,,,,,,,,,,,,,23,104.964.121.642.505
575461,1,12,23,95,2,,,,,,,,1,2,,2,,,,,,1000000,2,1,2,,2,23,104.964.121.642.505
575461,1,15,23,95,2,,,,,,,,1,2,,2,,,,,,1500000,2,1,2,,2,23,104.964.121.642.505
575461,1,16,23,95,2,,,,,,,,2,,,,,,,,,,,,,,,23,104.964.121.642.505
575462,1,1,23,95,1,,1,2,,,40000,2,2,,,,,,,,,,,,,,,23,144.690.213.394.489
575462,1,2,23,95,2,,,,,,,,2,,,,,,,,,,,,,,,23,144.690.213.394.489
575463,1,1,23,95,2,,,,,,,,2,,,,,,,,,,,,,,,23,163.698.314.167.943
575463,1,2,23,95,1,,1,2,,,70000,2,2,,,,,,,,,,,,,,,23,163.698.314.167.943
575463,2,1,23,95,2,,,,,,,,2,,,,,,,,,,,,,,,23,163.698.314.167.943
575464,1,1,23,95,2,,,,,,,,1,2,,2,,,,,,4500000,2,1,2,,2,23,947.303.910.344.982
575464,1,2,23,95,2,,,,,,,,1,2,,2,2500000,,,,,,2,2,1,,2,23,947.303.910.344.982
575464,1,3,23,95,1,,2,2,300000,,,1,2,,,,,,,,,,,,,,,23,947.303.910.344.982
575464,1,5,23,95,2,,,,,,,,2,,,,,,,,,,,,,,,23,947.303.910.344.982
575464,1,6,23,95,2,,,,,,,,2,,,,,,,,,,,,,,,23,947.303.910.344.982
575465,1,1,23,95,2,,,,,,,,1,2,,2,,,,,,1500000,2,1,2,,2,23,117.615.950.795.147
575465,1,2,23,95,2,,,,,,,,2,,,,,,,,,,,,,,,23,117.615.950.795.147
575465,1,3,23,95,2,,,,,,,,2,,,,,,,,,,,,,,,23,117.615.950.795.147
575465,1,4,23,95,2,,,,,,,,2,,,,,,,,,,,,,,,23,117.615.950.795.147
575466,1,1,23,95,2,,,,,,,,2,,,,,,,,,,,,,,,23,1.066.817.787.164
575466,1,2,23,95,2,,,,,,,,2,,,,,,,,,,,,,,,23,1.066.817.787.164
575468,1,1,23,95,1,,2,1,,1000000,,2,2,,,,,,,,,,,,,,,23,146.120.999.713.382
575468,1,2,23,95,2,,,,,,,,2,,,,,,,,,,,,,,,23,146.120.999.713.382
575468,1,3,23,95,2,,,,,,,,2,,,,,,,,,,,,,,,23,146.120.999.713.382
575468,1,4,23,95,2,,,,,,,,2,,,,,,,,,,,,,,,23,146.120.999.713.382
575468,1,6,23,95,2,,,,,,,,2,,,,,,,,,,,,,,,23,146.120.999.713.382
575468,1,7,23,95,2,,,,,,,,2,,,,,,,,,,,,,,,23,146.120.999.713.382
575469,1,1,23,95,1,,1,2,,,1000000,2,2,,,,,,,,,,,,,,,23,100.371.101.256.749
575469,1,2,23,95,2,,,,,,,,2,,,,,,,,,,,,,,,23,100.371.101.256.749
575469,1,3,23,95,2,,,,,,,,2,,,,,,,,,,,,,,,23,100.371.101.256.749
575469,1,6,23,95,2,,,,,,,,2,,,,,,,,,,,,,,,23,100.371.101.256.749
575470,1,1,23,95,2,,,,,,,,2,,,,,,,,,,,,,,,23,114.718.675.731.714
575470,1,2,23,95,2,,,,,,,,2,,,,,,,,,,,,,,,23,114.718.675.731.714
575470,1,3,23,95,2,,,,,,,,2,,,,,,,,,,,,,,,23,114.718.675.731.714
575471,1,1,23,95,2,,,,,,,,2,,,,,,,,,,,,,,,23,137.291.938.221.016
575471,1,2,23,95,2,,,,,,,,2,,,,,,,,,,,,,,,23,137.291.938.221.016
575471,1,3,23,95,2,,,,,,,,2,,,,,,,,,,,,,,,23,137.291.938.221.016
575471,1,4,23,95,2,,,,,,,,2,,,,,,,,,,,,,,,23,137.291.938.221.016
575471,1,5,23,95,2,,,,,,,,2,,,,,,,,,,,,,,,23,137.291.938.221.016
575472,1,1,23,95,2,,,,,,,,2,,,,,,,,,,,,,,,23,113.247.759.863.916
575473,1,1,23,95,1,,1,1,,500000,270000,2,1,2,,2,,,,,,3600000,2,1,2,,2,23,998.254.563.142.157
575473,1,2,23,95,2,,,,,,,,2,,,,,,,,,,,,,,,23,998.254.563.142.157
575475,1,1,23,95,2,,,,,,,,2,,,,,,,,,,,,,,,23,127.638.948.849.577
575475,1,2,23,95,2,,,,,,,,2,,,,,,,,,,,,,,,23,127.638.948.849.577
575475,1,3,23,95,2,,,,,,,,2,,,,,,,,,,,,,,,23,127.638.948.849.577
575475,1,4,23,95,2,,,,,,,,2,,,,,,,,,,,,,,,23,127.638.948.849.577
575476,1,1,23,95,2,,,,,,,,2,,,,,,,,,,,,,,,23,142.832.177.190.047
575476,1,2,23,95,2,,,,,,,,2,,,,,,,,,,,,,,,23,142.832.177.190.047
575477,1,1,23,95,2,,,,,,,,1,2,,2,,,,,,8400000,2,1,2,,2,23,12.205.312.173.576
575478,1,1,23,95,2,,,,,,,,2,,,,,,,,,,,,,,,23,114.954.257.313.565
575478,1,2,23,95,2,,,,,,,,2,,,,,,,,,,,,,,,23,114.954.257.313.565
575478,1,3,23,95,2,,,,,,,,2,,,,,,,,,,,,,,,23,114.954.257.313.565
575478,1,4,23,95,2,,,,,,,,2,,,,,,,,,,,,,,,23,114.954.257.313.565
575479,1,1,23,95,2,,,,,,,,2,,,,,,,,,,,,,,,23,110.540.639.115.281
575479,1,2,23,95,2,,,,,,,,2,,,,,,,,,,,,,,,23,110.540.639.115.281
575479,1,3,23,95,2,,,,,,,,2,,,,,,,,,,,,,,,23,110.540.639.115.281
575479,1,4,23,95,2,,,,,,,,2,,,,,,,,,,,,,,,23,110.540.639.115.281
575479,1,5,23,95,2,,,,,,,,1,2,,2,,,,,,3600000,2,1,2,,2,23,110.540.639.115.281
575479,1,7,23,95,2,,,,,,,,2,,,,,,,,,,,,,,,23,110.540.639.115.281
575480,1,1,23,95,2,,,,,,,,2,,,,,,,,,,,,,,,23,145.015.680.453.145
575480,1,2,23,95,2,,,,,,,,2,,,,,,,,,,,,,,,23,145.015.680.453.145
575481,1,1,23,95,1,,2,1,,1500000,,2,2,,,,,,,,,,,,,,,23,115.635.704.394.998
575481,1,2,23,95,2,,,,,,,,2,,,,,,,,,,,,,,,23,115.635.704.394.998
575481,1,3,23,95,2,,,,,,,,2,,,,,,,,,,,,,,,23,115.635.704.394.998
575482,1,1,23,95,1,,1,2,,,2500000,2,2,,,,,,,,,,,,,,,23,118.544.378.691.019
575482,1,2,23,95,2,,,,,,,,2,,,,,,,,,,,,,,,23,118.544.378.691.019
575482,1,3,23,95,2,,,,,,,,2,,,,,,,,,,,,,,,23,118.544.378.691.019
575482,1,4,23,95,2,,,,,,,,2,,,,,,,,,,,,,,,23,118.544.378.691.019
575482,1,5,23,95,2,,,,,,,,2,,,,,,,,,,,,,,,23,118.544.378.691.019
575483,1,1,23,95,2,,,,,,,,2,,,,,,,,,,,,,,,23,109.466.690.417.271
575483,1,2,23,95,2,,,,,,,,2,,,,,,,,,,,,,,,23,109.466.690.417.271
575483,1,3,23,95,2,,,,,,,,2,,,,,,,,,,,,,,,23,109.466.690.417.271
575483,1,4,23,95,2,,,,,,,,2,,,,,,,,,,,,,,,23,109.466.690.417.271
575484,1,1,23,95,2,,,,,,,,2,,,,,,,,,,,,,,,23,141.682.665.269.875
575484,1,2,23,95,2,,,,,,,,2,,,,,,,,,,,,,,,23,141.682.665.269.875
575485,1,1,23,95,2,,,,,,,,2,,,,,,,,,,,,,,,23,132.782.089.784.056
575485,1,2,23,95,2,,,,,,,,2,,,,,,,,,,,,,,,23,132.782.089.784.056
575485,1,3,23,95,2,,,,,,,,1,2,,2,,,,,,2400000,2,1,2,,2,23,132.782.089.784.056
575486,1,1,23,95,1,,2,1,,1100000,,2,2,,,,,,,,,,,,,,,23,828.126.084.379.677
575486,1,2,23,95,2,,,,,,,,2,,,,,,,,,,,,,,,23,828.126.084.379.677
575486,1,3,23,95,2,,,,,,,,2,,,,,,,,,,,,,,,23,828.126.084.379.677
575486,1,4,23,95,2,,,,,,,,2,,,,,,,,,,,,,,,23,828.126.084.379.677
575486,1,5,23,95,2,,,,,,,,2,,,,,,,,,,,,,,,23,828.126.084.379.677
575487,1,1,23,95,2,,,,,,,,1,2,,2,,,,,,2400000,2,1,2,,2,23,148.121.912.208.574
575487,1,2,23,95,2,,,,,,,,2,,,,,,,,,,,,,,,23,148.121.912.208.574
575488,1,1,23,95,2,,,,,,,,1,2,,2,,,,,,9600000,2,1,2,,2,23,113.916.095.065.249
575489,1,1,23,95,2,,,,,,,,2,,,,,,,,,,,,,,,23,130.495.766.372.921
575489,1,2,23,95,2,,,,,,,,2,,,,,,,,,,,,,,,23,130.495.766.372.921
575490,1,1,23,95,2,,,,,,,,1,2,,2,,,,,,6000000,2,1,2,,2,23,824.530.468.988.997
575490,1,4,23,95,2,,,,,,,,2,,,,,,,,,,,,,,,23,824.530.468.988.997
575490,1,5,23,95,2,,,,,,,,2,,,,,,,,,,,,,,,23,824.530.468.988.997
575490,2,1,23,95,2,,,,,,,,1,2,,2,,,,,,1200000,2,1,2,,2,23,824.530.468.988.997
575490,2,2,23,95,2,,,,,,,,2,,,,,,,,,,,,,,,23,824.530.468.988.997
575491,1,1,23,95,2,,,,,,,,2,,,,,,,,,,,,,,,23,115.622.592.514.898
575491,1,2,23,95,2,,,,,,,,2,,,,,,,,,,,,,,,23,115.622.592.514.898
575491,1,3,23,95,2,,,,,,,,2,,,,,,,,,,,,,,,23,115.622.592.514.898
575491,1,6,23,95,2,,,,,,,,2,,,,,,,,,,,,,,,23,115.622.592.514.898
575492,1,1,23,95,2,,,,,,,,2,,,,,,,,,,,,,,,23,115.091.131.788.815
575492,1,2,23,95,2,,,,,,,,2,,,,,,,,,,,,,,,23,115.091.131.788.815
575492,1,3,23,95,2,,,,,,,,2,,,,,,,,,,,,,,,23,115.091.131.788.815
575493,1,1,23,95,2,,,,,,,,1,2,,2,,,,,,1200000,2,1,2,,2,23,126.170.124.320.093
575493,1,2,23,95,2,,,,,,,,2,,,,,,,,,,,,,,,23,126.170.124.320.093
575493,1,3,23,95,2,,,,,,,,2,,,,,,,,,,,,,,,23,126.170.124.320.093
575493,1,5,23,95,2,,,,,,,,2,,,,,,,,,,,,,,,23,126.170.124.320.093
575493,1,6,23,95,2,,,,,,,,1,2,,2,,,,,,1200000,2,1,2,,2,23,126.170.124.320.093
575494,1,1,23,95,2,,,,,,,,2,,,,,,,,,,,,,,,23,915.438.470.527.473
575494,1,2,23,95,2,,,,,,,,2,,,,,,,,,,,,,,,23,915.438.470.527.473
575494,1,3,23,95,2,,,,,,,,2,,,,,,,,,,,,,,,23,915.438.470.527.473
575494,1,4,23,95,2,,,,,,,,2,,,,,,,,,,,,,,,23,915.438.470.527.473
575494,2,1,23,95,2,,,,,,,,2,,,,,,,,,,,,,,,23,915.438.470.527.473
575495,1,1,23,95,2,,,,,,,,2,,,,,,,,,,,,,,,23,130.495.766.372.921
575495,1,2,23,95,2,,,,,,,,2,,,,,,,,,,,,,,,23,130.495.766.372.921
575496,1,1,23,95,1,,1,2,,,500000,2,1,2,,2,,,,,,4800000,2,1,2,,2,23,113.247.759.863.916
575497,1,1,23,95,2,,,,,,,,2,,,,,,,,,,,,,,,23,13.156.864.273.458
575497,1,2,23,95,2,,,,,,,,2,,,,,,,,,,,,,,,23,13.156.864.273.458
575498,1,1,23,95,2,,,,,,,,2,,,,,,,,,,,,,,,23,114.562.828.033.339
575498,1,2,23,95,2,,,,,,,,2,,,,,,,,,,,,,,,23,114.562.828.033.339
575498,1,4,23,95,2,,,,,,,,2,,,,,,,,,,,,,,,23,114.562.828.033.339
575499,1,1,23,95,2,,,,,,,,2,,,,,,,,,,,,,,,23,138.504.201.024.921
575499,1,2,23,95,2,,,,,,,,2,,,,,,,,,,,,,,,23,138.504.201.024.921
575499,1,3,23,95,2,,,,,,,,2,,,,,,,,,,,,,,,23,138.504.201.024.921
575499,1,4,23,95,2,,,,,,,,1,2,,2,,,,,,600000,2,1,2,,2,23,138.504.201.024.921
575500,1,1,23,95,2,,,,,,,,2,,,,,,,,,,,,,,,23,132.493.087.864.928
575501,1,1,23,95,1,,1,2,,,200000,2,1,2,,2,,,,,,6000000,2,1,2,,2,23,151.565.714.720.006
575501,1,4,23,95,2,,,,,,,,1,2,,2,,,,,,6000000,2,1,2,,2,23,151.565.714.720.006
575502,1,1,23,95,2,,,,,,,,2,,,,,,,,,,,,,,,23,155.394.191.453.257
575502,1,2,23,95,2,,,,,,,,2,,,,,,,,,,,,,,,23,155.394.191.453.257
575503,1,1,23,95,2,,,,,,,,2,,,,,,,,,,,,,,,23,122.569.289.788.928
575503,1,2,23,95,2,,,,,,,,1,2,,2,,,,,,4800000,2,1,2,,2,23,122.569.289.788.928
575503,1,3,23,95,2,,,,,,,,2,,,,,,,,,,,,,,,23,122.569.289.788.928
575503,1,4,23,95,2,,,,,,,,2,,,,,,,,,,,,,,,23,122.569.289.788.928
575503,1,5,23,95,2,,,,,,,,2,,,,,,,,,,,,,,,23,122.569.289.788.928
575503,1,6,23,95,2,,,,,,,,2,,,,,,,,,,,,,,,23,122.569.289.788.928
575504,1,1,23,95,1,,1,2,,,150000,2,1,2,,2,,,,,,4800000,2,1,2,,2,23,124.066.659.700.655
575504,1,2,23,95,2,,,,,,,,2,,,,,,,,,,,,,,,23,124.066.659.700.655
575505,1,1,23,95,2,,,,,,,,1,2,,2,,,,,,4000000,2,1,2,,2,23,113.247.759.863.916
575506,1,1,23,95,2,,,,,,,,2,,,,,,,,,,,,,,,23,133.978.189.498.904
575506,1,2,23,95,2,,,,,,,,2,,,,,,,,,,,,,,,23,133.978.189.498.904
575507,1,1,23,95,1,,2,1,,1200000,,2,1,2,,2,,,,2400000,,,1,2,2,,2,23,107.078.745.886.189
575507,1,2,23,95,2,,,,,,,,2,,,,,,,,,,,,,,,23,107.078.745.886.189
575508,1,1,23,95,2,,,,,,,,2,,,,,,,,,,,,,,,23,123.095.943.700.903
575508,1,2,23,95,2,,,,,,,,2,,,,,,,,,,,,,,,23,123.095.943.700.903
575508,1,3,23,95,2,,,,,,,,2,,,,,,,,,,,,,,,23,123.095.943.700.903
575508,1,4,23,95,2,,,,,,,,2,,,,,,,,,,,,,,,23,123.095.943.700.903
575509,1,1,23,95,2,,,,,,,,2,,,,,,,,,,,,,,,23,131.164.101.574.254
575509,1,2,23,95,2,,,,,,,,2,,,,,,,,,,,,,,,23,131.164.101.574.254
575510,1,1,23,95,2,,,,,,,,2,,,,,,,,,,,,,,,23,126.846.033.511.962
575510,1,2,23,95,2,,,,,,,,2,,,,,,,,,,,,,,,23,126.846.033.511.962
575510,1,3,23,95,2,,,,,,,,2,,,,,,,,,,,,,,,23,126.846.033.511.962
575510,1,4,23,95,2,,,,,,,,2,,,,,,,,,,,,,,,23,126.846.033.511.962
575510,1,5,23,95,2,,,,,,,,2,,,,,,,,,,,,,,,23,126.846.033.511.962
575511,1,1,23,95,1,,2,1,,2100000,,2,2,,,,,,,,,,,,,,,23,838.983.793.176.588
575511,1,2,23,95,1,,2,2,164000,,,1,2,,,,,,,,,,,,,,,23,838.983.793.176.588
575511,1,3,23,95,2,,,,,,,,2,,,,,,,,,,,,,,,23,838.983.793.176.588
575511,1,4,23,95,2,,,,,,,,2,,,,,,,,,,,,,,,23,838.983.793.176.588
575511,1,6,23,95,2,,,,,,,,2,,,,,,,,,,,,,,,23,838.983.793.176.588
575512,1,1,23,95,2,,,,,,,,2,,,,,,,,,,,,,,,23,130.868.222.430.021
575512,1,2,23,95,2,,,,,,,,2,,,,,,,,,,,,,,,23,130.868.222.430.021
575513,1,1,23,95,2,,,,,,,,2,,,,,,,,,,,,,,,23,164.043.771.092.061
575513,1,2,23,95,2,,,,,,,,2,,,,,,,,,,,,,,,23,164.043.771.092.061
575513,1,3,23,95,2,,,,,,,,2,,,,,,,,,,,,,,,23,164.043.771.092.061
575513,1,4,23,95,2,,,,,,,,2,,,,,,,,,,,,,,,23,164.043.771.092.061
575513,1,5,23,95,2,,,,,,,,2,,,,,,,,,,,,,,,23,164.043.771.092.061
575513,1,6,23,95,2,,,,,,,,2,,,,,,,,,,,,,,,23,164.043.771.092.061
575513,1,7,23,95,2,,,,,,,,2,,,,,,,,,,,,,,,23,164.043.771.092.061
575513,1,8,23,95,2,,,,,,,,2,,,,,,,,,,,,,,,23,164.043.771.092.061
575514,1,1,23,95,2,,,,,,,,2,,,,,,,,,,,,,,,23,133.309.854.297.571
575514,1,2,23,95,2,,,,,,,,2,,,,,,,,,,,,,,,23,133.309.854.297.571
575515,1,1,23,95,1,,1,2,,,300000,2,2,,,,,,,,,,,,,,,23,132.236.977.935.912
575515,1,2,23,95,2,,,,,,,,2,,,,,,,,,,,,,,,23,132.236.977.935.912
575516,1,1,23,95,2,,,,,,,,2,,,,,,,,,,,,,,,23,143.692.821.641.956
575516,1,2,23,95,2,,,,,,,,2,,,,,,,,,,,,,,,23,143.692.821.641.956
575516,1,3,23,95,2,,,,,,,,2,,,,,,,,,,,,,,,23,143.692.821.641.956
575516,1,4,23,95,2,,,,,,,,1,2,,2,,,,,,7200000,2,1,2,,2,23,143.692.821.641.956
575517,1,1,23,95,2,,,,,,,,2,,,,,,,,,,,,,,,23,129.422.890.011.262
575517,1,2,23,95,2,,,,,,,,2,,,,,,,,,,,,,,,23,129.422.890.011.262
575518,1,1,23,95,2,,,,,,,,1,2,,2,,,,,,2400000,2,1,2,,2,23,117.615.950.795.147
575518,1,2,23,95,2,,,,,,,,2,,,,,,,,,,,,,,,23,117.615.950.795.147
575518,1,3,23,95,2,,,,,,,,2,,,,,,,,,,,,,,,23,117.615.950.795.147
575518,1,4,23,95,2,,,,,,,,2,,,,,,,,,,,,,,,23,117.615.950.795.147
575519,1,1,23,95,2,,,,,,,,2,,,,,,,,,,,,,,,23,122.856.908.863.746
575519,1,2,23,95,2,,,,,,,,2,,,,,,,,,,,,,,,23,122.856.908.863.746
575519,1,6,23,95,2,,,,,,,,2,,,,,,,,,,,,,,,23,122.856.908.863.746
575520,1,1,23,95,1,,2,1,,3500000,,2,2,,,,,,,,,,,,,,,23,164.938.669.561.612
575520,1,2,23,95,2,,,,,,,,2,,,,,,,,,,,,,,,23,164.938.669.561.612
575520,1,3,23,95,2,,,,,,,,2,,,,,,,,,,,,,,,23,164.938.669.561.612
575520,1,4,23,95,1,,2,1,,433700,,2,2,,,,,,,,,,,,,,,23,164.938.669.561.612
575520,1,5,23,95,2,,,,,,,,2,,,,,,,,,,,,,,,23,164.938.669.561.612
575520,1,6,23,95,2,,,,,,,,2,,,,,,,,,,,,,,,23,164.938.669.561.612
575521,1,1,23,95,2,,,,,,,,2,,,,,,,,,,,,,,,23,118.146.339.184.879
575521,1,2,23,95,2,,,,,,,,1,2,,2,,,,,,3600000,2,1,2,,2,23,118.146.339.184.879
575521,1,3,23,95,2,,,,,,,,2,,,,,,,,,,,,,,,23,118.146.339.184.879
575522,1,1,23,95,2,,,,,,,,2,,,,,,,,,,,,,,,23,133.707.893.803.711
575522,1,2,23,95,2,,,,,,,,2,,,,,,,,,,,,,,,23,133.707.893.803.711
575522,2,1,23,95,2,,,,,,,,2,,,,,,,,,,,,,,,23,133.707.893.803.711
575522,2,2,23,95,2,,,,,,,,2,,,,,,,,,,,,,,,23,133.707.893.803.711
575523,1,1,23,95,1,,1,2,,,50000,2,2,,,,,,,,,,,,,,,23,124.630.205.529.964
575523,2,1,23,95,2,,,,,,,,2,,,,,,,,,,,,,,,23,124.630.205.529.964
575523,2,2,23,95,2,,,,,,,,2,,,,,,,,,,,,,,,23,124.630.205.529.964
575524,1,1,23,95,2,,,,,,,,2,,,,,,,,,,,,,,,23,116.294.908.932.027
575524,1,2,23,95,2,,,,,,,,2,,,,,,,,,,,,,,,23,116.294.908.932.027
575524,2,1,23,95,2,,,,,,,,1,2,,2,,,,,,200000,2,1,2,,2,23,116.294.908.932.027
575524,2,2,23,95,2,,,,,,,,2,,,,,,,,,,,,,,,23,116.294.908.932.027
575524,2,3,23,95,2,,,,,,,,1,2,,2,,,,,,100000,2,1,2,,2,23,116.294.908.932.027
575524,2,4,23,95,2,,,,,,,,2,,,,,,,,,,,,,,,23,116.294.908.932.027
575524,3,1,23,95,2,,,,,,,,2,,,,,,,,,,,,,,,23,116.294.908.932.027
575524,3,2,23,95,2,,,,,,,,2,,,,,,,,,,,,,,,23,116.294.908.932.027
575525,1,1,23,95,2,,,,,,,,2,,,,,,,,,,,,,,,23,126.870.544.624.651
575525,1,2,23,95,2,,,,,,,,2,,,,,,,,,,,,,,,23,126.870.544.624.651
575525,1,3,23,95,2,,,,,,,,2,,,,,,,,,,,,,,,23,126.870.544.624.651
575525,1,4,23,95,2,,,,,,,,2,,,,,,,,,,,,,,,23,126.870.544.624.651
575525,1,5,23,95,2,,,,,,,,2,,,,,,,,,,,,,,,23,126.870.544.624.651
575526,1,1,23,95,2,,,,,,,,2,,,,,,,,,,,,,,,23,113.620.215.921.017
575527,1,1,23,95,2,,,,,,,,1,2,,2,,,,,,1000000,2,1,2,,2,23,13.207.797.326.693
575528,1,1,23,95,2,,,,,,,,2,,,,,,,,,,,,,,,23,131.536.557.631.354
575528,1,2,23,95,2,,,,,,,,2,,,,,,,,,,,,,,,23,131.536.557.631.354
575529,1,1,23,95,2,,,,,,,,2,,,,,,,,,,,,,,,23,890.076.288.138.272
575529,1,2,23,95,2,,,,,,,,2,,,,,,,,,,,,,,,23,890.076.288.138.272
575529,1,3,23,95,2,,,,,,,,2,,,,,,,,,,,,,,,23,890.076.288.138.272
575530,1,1,23,95,1,,2,1,,1220000,,2,2,,,,,,,,,,,,,,,23,828.641.982.851.396
575530,1,2,23,95,2,,,,,,,,2,,,,,,,,,,,,,,,23,828.641.982.851.396
575530,1,3,23,95,2,,,,,,,,2,,,,,,,,,,,,,,,23,828.641.982.851.396
575530,1,4,23,95,2,,,,,,,,1,2,,2,,,,,,1200000,2,1,2,,2,23,828.641.982.851.396
575530,1,5,23,95,2,,,,,,,,2,,,,,,,,,,,,,,,23,828.641.982.851.396
575530,1,7,23,95,2,,,,,,,,2,,,,,,,,,,,,,,,23,828.641.982.851.396
575531,1,1,23,95,2,,,,,,,,2,,,,,,,,,,,,,,,23,80.737.418.784.947
575531,1,2,23,95,2,,,,,,,,1,2,,2,,,,,,100000,2,1,2,,2,23,80.737.418.784.947
575531,1,3,23,95,2,,,,,,,,2,,,,,,,,,,,,,,,23,80.737.418.784.947
575531,1,4,23,95,2,,,,,,,,2,,,,,,,,,,,,,,,23,80.737.418.784.947
575531,1,5,23,95,2,,,,,,,,2,,,,,,,,,,,,,,,23,80.737.418.784.947
575531,1,8,23,95,2,,,,,,,,1,2,,2,,,,,,4800000,2,1,2,,2,23,80.737.418.784.947
575531,1,9,23,95,2,,,,,,,,2,,,,,,,,,,,,,,,23,80.737.418.784.947
575532,1,1,23,95,2,,,,,,,,2,,,,,,,,,,,,,,,23,13.478.077.016.537
575532,1,2,23,95,2,,,,,,,,2,,,,,,,,,,,,,,,23,13.478.077.016.537
575532,1,3,23,95,2,,,,,,,,2,,,,,,,,,,,,,,,23,13.478.077.016.537
575532,1,5,23,95,1,,1,2,,,150000,2,2,,,,,,,,,,,,,,,23,13.478.077.016.537
575533,1,1,23,95,1,,2,1,,700000,,2,2,,,,,,,,,,,,,,,23,100.512.764.738.674
575533,1,2,23,95,2,,,,,,,,2,,,,,,,,,,,,,,,23,100.512.764.738.674
575533,1,3,23,95,2,,,,,,,,1,2,,2,,,,,,50000,2,1,2,,2,23,100.512.764.738.674
575534,1,1,23,95,2,,,,,,,,1,2,,2,,,,,,60000,2,1,2,,2,23,124.981.916.649.436
575534,1,2,23,95,2,,,,,,,,1,2,,2,,,,,,,2,2,2,260000,1,23,124.981.916.649.436
575534,1,3,23,95,2,,,,,,,,2,,,,,,,,,,,,,,,23,124.981.916.649.436
575534,2,1,23,95,2,,,,,,,,2,,,,,,,,,,,,,,,23,124.981.916.649.436
575534,2,2,23,95,2,,,,,,,,2,,,,,,,,,,,,,,,23,124.981.916.649.436
575535,1,1,23,95,2,,,,,,,,2,,,,,,,,,,,,,,,23,158.927.390.820.244
575535,1,2,23,95,2,,,,,,,,2,,,,,,,,,,,,,,,23,158.927.390.820.244
575535,1,4,23,95,2,,,,,,,,2,,,,,,,,,,,,,,,23,158.927.390.820.244
575535,1,5,23,95,2,,,,,,,,2,,,,,,,,,,,,,,,23,158.927.390.820.244
575535,1,6,23,95,2,,,,,,,,2,,,,,,,,,,,,,,,23,158.927.390.820.244
575536,1,1,23,95,2,,,,,,,,2,,,,,,,,,,,,,,,23,759.001.776.314.844
575536,1,2,23,95,1,,1,2,,,300000,2,1,2,,2,,,,,,1800000,2,1,2,,2,23,759.001.776.314.844
575536,1,3,23,95,2,,,,,,,,2,,,,,,,,,,,,,,,23,759.001.776.314.844
575536,1,4,23,95,2,,,,,,,,2,,,,,,,,,,,,,,,23,759.001.776.314.844
575536,1,5,23,95,2,,,,,,,,2,,,,,,,,,,,,,,,23,759.001.776.314.844
575537,1,1,23,95,1,,2,1,,1200000,,2,2,,,,,,,,,,,,,,,23,709.668.841.971.783
575537,1,2,23,95,2,,,,,,,,2,,,,,,,,,,,,,,,23,709.668.841.971.783
575537,1,3,23,95,2,,,,,,,,1,2,,2,,,,,,240000,2,1,2,250000,1,23,709.668.841.971.783
575537,1,4,23,95,2,,,,,,,,1,2,,2,,,,,,1200000,2,1,2,,2,23,709.668.841.971.783
575537,1,5,23,95,2,,,,,,,,2,,,,,,,,,,,,,,,23,709.668.841.971.783
575537,1,6,23,95,2,,,,,,,,2,,,,,,,,,,,,,,,23,709.668.841.971.783
575538,1,1,23,95,2,,,,,,,,1,2,,2,,,,,,4320000,2,1,2,,2,23,104.568.111.096.308
575538,1,2,23,95,2,,,,,,,,1,2,,2,,,,,,12000000,2,1,2,,2,23,104.568.111.096.308
575539,1,1,23,95,2,,,,,,,,2,,,,,,,,,,,,,,,23,116.797.629.238.463
575539,1,2,23,95,2,,,,,,,,2,,,,,,,,,,,,,,,23,116.797.629.238.463
575539,1,3,23,95,2,,,,,,,,2,,,,,,,,,,,,,,,23,116.797.629.238.463
575539,1,4,23,95,2,,,,,,,,2,,,,,,,,,,,,,,,23,116.797.629.238.463
575539,1,5,23,95,2,,,,,,,,2,,,,,,,,,,,,,,,23,116.797.629.238.463
575539,1,6,23,95,2,,,,,,,,2,,,,,,,,,,,,,,,23,116.797.629.238.463
575540,1,1,23,95,1,,1,2,,,130000,2,1,2,,2,,,,,,800000,2,1,2,,2,23,116.145.034.927.348
575540,1,2,23,95,2,,,,,,,,1,2,,2,,,,,,600000,2,1,2,,2,23,116.145.034.927.348
575978,1,1,50,95,2,,,,,,,,1,2,,2,,,,,,5000000,2,1,2,,2,50,155.604.236.134.596
575979,1,1,50,95,2,,,,,,,,2,,,,,,,,,,,,,,,50,167.305.561.708.754
575979,1,2,50,95,2,,,,,,,,2,,,,,,,,,,,,,,,50,167.305.561.708.754
575980,1,1,50,95,2,,,,,,,,2,,,,,,,,,,,,,,,50,131.497.754.196.516
575980,1,2,50,95,2,,,,,,,,2,,,,,,,,,,,,,,,50,131.497.754.196.516
575980,1,3,50,95,2,,,,,,,,2,,,,,,,,,,,,,,,50,131.497.754.196.516
575980,1,5,50,95,2,,,,,,,,2,,,,,,,,,,,,,,,50,131.497.754.196.516
575981,1,1,50,95,1,,2,1,,800000,,2,2,,,,,,,,,,,,,,,50,12.141.178.895.924
575981,1,2,50,95,2,,,,,,,,2,,,,,,,,,,,,,,,50,12.141.178.895.924
575981,1,3,50,95,2,,,,,,,,1,2,,2,,,,,,2400000,2,1,2,,2,50,12.141.178.895.924
575981,1,4,50,95,2,,,,,,,,2,,,,,,,,,,,,,,,50,12.141.178.895.924
575982,1,1,50,95,2,,,,,,,,2,,,,,,,,,,,,,,,50,176.191.082.840.314
575983,1,1,50,95,2,,,,,,,,2,,,,,,,,,,,,,,,50,178.668.322.973.505
575983,1,2,50,95,2,,,,,,,,2,,,,,,,,,,,,,,,50,178.668.322.973.505
575984,1,1,50,95,2,,,,,,,,2,,,,,,,,,,,,,,,50,155.083.038.585.011
575984,1,2,50,95,2,,,,,,,,2,,,,,,,,,,,,,,,50,155.083.038.585.011
575984,1,4,50,95,2,,,,,,,,2,,,,,,,,,,,,,,,50,155.083.038.585.011
575985,1,1,50,95,1,,1,2,,,98,2,2,,,,,,,,,,,,,,,50,134.284.260.697.407
575986,1,1,50,95,2,,,,,,,,2,,,,,,,,,,,,,,,50,162.925.136.850.948
575986,1,2,50,95,2,,,,,,,,2,,,,,,,,,,,,,,,50,162.925.136.850.948
575987,1,1,50,95,2,,,,,,,,2,,,,,,,,,,,,,,,50,190.421.923.372.799
575987,1,2,50,95,2,,,,,,,,2,,,,,,,,,,,,,,,50,190.421.923.372.799
575987,1,3,50,95,2,,,,,,,,2,,,,,,,,,,,,,,,50,190.421.923.372.799
575987,1,4,50,95,2,,,,,,,,2,,,,,,,,,,,,,,,50,190.421.923.372.799
575987,1,5,50,95,2,,,,,,,,2,,,,,,,,,,,,,,,50,190.421.923.372.799
575990,1,1,50,95,2,,,,,,,,2,,,,,,,,,,,,,,,50,148.695.324.084.914
575990,1,2,50,95,2,,,,,,,,2,,,,,,,,,,,,,,,50,148.695.324.084.914
575991,1,1,50,95,2,,,,,,,,1,2,,2,,,,,,3000000,2,1,2,,2,50,113.332.889.177.852
575991,1,2,50,95,2,,,,,,,,2,,,,,,,,,,,,,,,50,113.332.889.177.852
575991,2,1,50,95,1,,2,1,,785000,,2,2,,,,,,,,,,,,,,,50,113.332.889.177.852
575993,1,1,50,95,1,,1,2,,,150000,2,1,2,,2,,,,,,1000000,2,1,2,,2,50,127.559.650.606.542
575993,2,1,50,95,2,,,,,,,,2,,,,,,,,,,,,,,,50,127.559.650.606.542
575993,2,2,50,95,2,,,,,,,,2,,,,,,,,,,,,,,,50,127.559.650.606.542
575994,1,1,50,95,2,,,,,,,,2,,,,,,,,,,,,,,,50,183.358.362.158.262
575994,1,2,50,95,2,,,,,,,,2,,,,,,,,,,,,,,,50,183.358.362.158.262
575995,1,1,50,95,2,,,,,,,,2,,,,,,,,,,,,,,,50,225.269.263.404.965
575995,1,2,50,95,2,,,,,,,,2,,,,,,,,,,,,,,,50,225.269.263.404.965
575995,1,3,50,95,2,,,,,,,,2,,,,,,,,,,,,,,,50,225.269.263.404.965
575995,1,4,50,95,2,,,,,,,,2,,,,,,,,,,,,,,,50,225.269.263.404.965
575995,1,5,50,95,2,,,,,,,,2,,,,,,,,,,,,,,,50,225.269.263.404.965
575995,1,6,50,95,2,,,,,,,,2,,,,,,,,,,,,,,,50,225.269.263.404.965
575996,1,1,50,95,2,,,,,,,,1,2,,2,,,,,,1400000,2,1,2,,2,50,15.260.579.845.182
575996,1,2,50,95,2,,,,,,,,2,,,,,,,,,,,,,,,50,15.260.579.845.182
575998,1,1,50,95,2,,,,,,,,2,,,,,,,,,,,,,,,50,148.695.324.084.914
575998,1,2,50,95,2,,,,,,,,2,,,,,,,,,,,,,,,50,148.695.324.084.914
575999,1,1,50,95,2,,,,,,,,2,,,,,,,,,,,,,,,50,161.102.149.167.474
575999,1,2,50,95,2,,,,,,,,2,,,,,,,,,,,,,,,50,161.102.149.167.474
576000,1,1,50,95,2,,,,,,,,2,,,,,,,,,,,,,,,50,169.128.549.392.228
576000,1,2,50,95,2,,,,,,,,2,,,,,,,,,,,,,,,50,169.128.549.392.228
576002,1,1,50,95,1,,2,1,,1000000,,2,1,2,,2,,,,,,98,2,1,2,,2,50,125.137.961.367.329
576002,1,2,50,95,2,,,,,,,,2,,,,,,,,,,,,,,,50,125.137.961.367.329
576002,1,3,50,95,2,,,,,,,,2,,,,,,,,,,,,,,,50,125.137.961.367.329
576004,1,1,50,95,2,,,,,,,,2,,,,,,,,,,,,,,,50,16.501.262.353.438
576004,1,2,50,95,2,,,,,,,,2,,,,,,,,,,,,,,,50,16.501.262.353.438
576005,1,1,50,95,2,,,,,,,,2,,,,,,,,,,,,,,,50,20.561.457.514.905
576005,1,2,50,95,2,,,,,,,,2,,,,,,,,,,,,,,,50,20.561.457.514.905
576006,1,1,50,95,2,,,,,,,,2,,,,,,,,,,,,,,,50,169.650.774.708.265
576006,1,2,50,95,2,,,,,,,,2,,,,,,,,,,,,,,,50,169.650.774.708.265
576006,1,3,50,95,2,,,,,,,,2,,,,,,,,,,,,,,,50,169.650.774.708.265
576006,1,4,50,95,2,,,,,,,,2,,,,,,,,,,,,,,,50,169.650.774.708.265
576007,1,1,50,95,1,,1,2,,,500000,2,2,,,,,,,,,,,,,,,50,130.009.261.516.664
576007,1,2,50,95,2,,,,,,,,2,,,,,,,,,,,,,,,50,130.009.261.516.664
576007,1,3,50,95,2,,,,,,,,2,,,,,,,,,,,,,,,50,130.009.261.516.664
576009,1,1,50,95,2,,,,,,,,2,,,,,,,,,,,,,,,50,162.925.136.850.948
576009,1,2,50,95,2,,,,,,,,2,,,,,,,,,,,,,,,50,162.925.136.850.948
576011,1,1,50,95,2,,,,,,,,2,,,,,,,,,,,,,,,50,14.887.962.604.373
576011,1,2,50,95,2,,,,,,,,2,,,,,,,,,,,,,,,50,14.887.962.604.373
576011,1,3,50,95,2,,,,,,,,2,,,,,,,,,,,,,,,50,14.887.962.604.373
576012,1,1,50,95,1,,1,2,,,350000,2,2,,,,,,,,,,,,,,,50,139.184.499.940.998
576012,1,2,50,95,2,,,,,,,,2,,,,,,,,,,,,,,,50,139.184.499.940.998
576012,1,3,50,95,2,,,,,,,,2,,,,,,,,,,,,,,,50,139.184.499.940.998
576012,1,4,50,95,2,,,,,,,,2,,,,,,,,,,,,,,,50,139.184.499.940.998
576012,1,5,50,95,2,,,,,,,,2,,,,,,,,,,,,,,,50,139.184.499.940.998
576012,1,6,50,95,2,,,,,,,,2,,,,,,,,,,,,,,,50,139.184.499.940.998
576013,1,1,50,95,1,,1,2,,,120000,2,2,,,,,,,,,,,,,,,50,177.154.949.616.982
576013,1,2,50,95,2,,,,,,,,2,,,,,,,,,,,,,,,50,177.154.949.616.982
576015,1,1,50,95,2,,,,,,,,2,,,,,,,,,,,,,,,50,163.109.438.809.765
576015,1,2,50,95,2,,,,,,,,2,,,,,,,,,,,,,,,50,163.109.438.809.765
576015,1,3,50,95,2,,,,,,,,2,,,,,,,,,,,,,,,50,163.109.438.809.765
576016,1,1,50,95,2,,,,,,,,2,,,,,,,,,,,,,,,50,172.280.608.473.408
576017,1,1,50,95,2,,,,,,,,2,,,,,,,,,,,,,,,50,172.280.608.473.408
576018,1,1,50,95,2,,,,,,,,2,,,,,,,,,,,,,,,50,185.989.223.689.857
576018,1,2,50,95,2,,,,,,,,2,,,,,,,,,,,,,,,50,185.989.223.689.857
576018,1,5,50,95,2,,,,,,,,2,,,,,,,,,,,,,,,50,185.989.223.689.857
576019,1,1,50,95,2,,,,,,,,1,2,,2,,,,,,1200000,2,1,2,,2,50,120.653.789.894.204
576019,1,2,50,95,2,,,,,,,,2,,,,,,,,,,,,,,,50,120.653.789.894.204
576019,1,3,50,95,2,,,,,,,,2,,,,,,,,,,,,,,,50,120.653.789.894.204
576019,1,5,50,95,2,,,,,,,,1,2,,2,,,,,,1000000,2,1,2,,2,50,120.653.789.894.204
576020,1,1,50,95,2,,,,,,,,2,,,,,,,,,,,,,,,50,169.650.774.708.265
576020,1,2,50,95,2,,,,,,,,2,,,,,,,,,,,,,,,50,169.650.774.708.265
576020,1,3,50,95,2,,,,,,,,2,,,,,,,,,,,,,,,50,169.650.774.708.265
576020,1,4,50,95,2,,,,,,,,2,,,,,,,,,,,,,,,50,169.650.774.708.265
576021,1,1,50,95,2,,,,,,,,2,,,,,,,,,,,,,,,50,155.083.038.585.011
576021,1,2,50,95,2,,,,,,,,2,,,,,,,,,,,,,,,50,155.083.038.585.011
576021,1,3,50,95,2,,,,,,,,2,,,,,,,,,,,,,,,50,155.083.038.585.011
576022,1,1,50,95,2,,,,,,,,2,,,,,,,,,,,,,,,50,169.312.851.351.045
576022,1,2,50,95,2,,,,,,,,2,,,,,,,,,,,,,,,50,169.312.851.351.045
576022,1,3,50,95,2,,,,,,,,2,,,,,,,,,,,,,,,50,169.312.851.351.045
576024,1,1,50,95,2,,,,,,,,2,,,,,,,,,,,,,,,50,124.981.288.631.581
576024,1,2,50,95,2,,,,,,,,2,,,,,,,,,,,,,,,50,124.981.288.631.581
576024,1,4,50,95,2,,,,,,,,2,,,,,,,,,,,,,,,50,124.981.288.631.581
576025,1,1,50,95,2,,,,,,,,2,,,,,,,,,,,,,,,50,125.502.486.181.167
576026,1,1,50,95,1,,2,1,,900000,,2,2,,,,,,,,,,,,,,,50,101.917.201.792.672
576026,1,2,50,95,2,,,,,,,,2,,,,,,,,,,,,,,,50,101.917.201.792.672
576027,1,1,50,95,2,,,,,,,,2,,,,,,,,,,,,,,,50,14.887.962.604.373
576027,1,2,50,95,2,,,,,,,,2,,,,,,,,,,,,,,,50,14.887.962.604.373
576027,1,3,50,95,2,,,,,,,,2,,,,,,,,,,,,,,,50,14.887.962.604.373
576028,1,1,50,95,2,,,,,,,,1,2,,2,,,,,,6000000,2,1,2,,2,50,158.444.686.179.262
576028,1,2,50,95,2,,,,,,,,1,2,,2,,,,,,6000000,2,1,2,,2,50,158.444.686.179.262
576028,1,3,50,95,2,,,,,,,,2,,,,,,,,,,,,,,,50,158.444.686.179.262
576028,1,5,50,95,2,,,,,,,,1,2,,2,,,,,,1200000,2,1,2,,2,50,158.444.686.179.262
576029,1,1,50,95,2,,,,,,,,1,2,,2,,,,,,1800000,2,1,2,,2,50,166.835.611.217.854
576029,1,3,50,95,2,,,,,,,,1,2,,2,,,,,,1100000,2,1,2,,2,50,166.835.611.217.854
576032,1,1,50,95,2,,,,,,,,2,,,,,,,,,,,,,,,50,172.280.608.473.408
576033,1,1,50,95,1,,2,2,600000,,,1,2,,,,,,,,,,,,,,,50,135.223.926.604.606
576033,1,2,50,95,2,,,,,,,,2,,,,,,,,,,,,,,,50,135.223.926.604.606
576033,1,3,50,95,2,,,,,,,,2,,,,,,,,,,,,,,,50,135.223.926.604.606
576034,1,1,50,95,2,,,,,,,,2,,,,,,,,,,,,,,,50,172.280.608.473.408
576035,1,1,50,95,2,,,,,,,,2,,,,,,,,,,,,,,,50,131.834.649.787.285
576036,1,1,50,95,1,,1,2,,,200000,2,2,,,,,,,,,,,,,,,50,172.280.608.473.408
576037,1,1,50,95,1,,1,2,,,600000,2,2,,,,,,,,,,,,,,,50,125.502.486.181.167
576038,1,1,50,95,2,,,,,,,,2,,,,,,,,,,,,,,,50,155.267.340.543.828
576038,1,2,50,95,2,,,,,,,,2,,,,,,,,,,,,,,,50,155.267.340.543.828
576038,1,3,50,95,2,,,,,,,,2,,,,,,,,,,,,,,,50,155.267.340.543.828
576038,1,4,50,95,2,,,,,,,,2,,,,,,,,,,,,,,,50,155.267.340.543.828
576039,1,1,50,95,2,,,,,,,,2,,,,,,,,,,,,,,,50,210.855.148.680.114
576039,1,2,50,95,2,,,,,,,,2,,,,,,,,,,,,,,,50,210.855.148.680.114
576039,1,3,50,95,2,,,,,,,,2,,,,,,,,,,,,,,,50,210.855.148.680.114
576039,1,5,50,95,2,,,,,,,,1,2,,1,,,800000,,,2400000,2,1,2,,2,50,210.855.148.680.114
576039,1,7,50,95,2,,,,,,,,2,,,,,,,,,,,,,,,50,210.855.148.680.114
576040,1,1,50,95,2,,,,,,,,2,,,,,,,,,,,,,,,50,154.898.736.626.194
576040,1,2,50,95,2,,,,,,,,2,,,,,,,,,,,,,,,50,154.898.736.626.194
576041,1,1,50,95,2,,,,,,,,2,,,,,,,,,,,,,,,50,132.018.951.746.102
576041,1,2,50,95,2,,,,,,,,2,,,,,,,,,,,,,,,50,132.018.951.746.102
576042,1,1,50,95,2,,,,,,,,2,,,,,,,,,,,,,,,50,162.925.136.850.948
576042,1,2,50,95,2,,,,,,,,2,,,,,,,,,,,,,,,50,162.925.136.850.948
576043,1,1,50,95,1,,1,2,,,750000,2,2,,,,,,,,,,,,,,,50,134.284.260.697.407
576044,1,1,50,95,2,,,,,,,,2,,,,,,,,,,,,,,,50,155.083.038.585.011
576044,1,2,50,95,2,,,,,,,,2,,,,,,,,,,,,,,,50,155.083.038.585.011
576044,1,3,50,95,2,,,,,,,,2,,,,,,,,,,,,,,,50,155.083.038.585.011
576045,1,1,50,95,1,,2,1,,1250000,,2,2,,,,,,,,,,,,,,,50,250.275.922.734.658
576045,1,2,50,95,2,,,,,,,,2,,,,,,,,,,,,,,,50,250.275.922.734.658
576045,1,3,50,95,2,,,,,,,,2,,,,,,,,,,,,,,,50,250.275.922.734.658
576047,1,1,50,95,2,,,,,,,,2,,,,,,,,,,,,,,,50,111.872.015.377.963
576047,1,2,50,95,2,,,,,,,,2,,,,,,,,,,,,,,,50,111.872.015.377.963
576047,1,3,50,95,2,,,,,,,,2,,,,,,,,,,,,,,,50,111.872.015.377.963
576047,1,4,50,95,2,,,,,,,,2,,,,,,,,,,,,,,,50,111.872.015.377.963
576048,1,1,50,95,1,,2,1,,1300000,,2,2,,,,,,,,,,,,,,,50,125.502.486.181.167
576049,1,1,50,95,2,,,,,,,,1,2,,2,,,,,,5000000,2,1,2,,2,50,134.284.260.697.407
576050,1,1,50,95,2,,,,,,,,1,2,,2,,,,,,6000000,2,1,2,,2,50,610.423.193.807.278
576050,1,2,50,95,2,,,,,,,,2,,,,,,,,,,,,,,,50,610.423.193.807.278
576051,1,1,50,95,1,,2,1,,2400000,,2,2,,,,,,,,,,,,,,,50,457.296.107.500.932
576051,1,2,50,95,2,,,,,,,,1,2,,2,,,,,,9000000,2,1,2,,2,50,457.296.107.500.932
576054,1,1,50,95,2,,,,,,,,2,,,,,,,,,,,,,,,50,161.102.149.167.474
576054,1,2,50,95,1,,1,2,,,150000,2,2,,,,,,,,,,,,,,,50,161.102.149.167.474
576056,1,1,50,95,2,,,,,,,,2,,,,,,,,,,,,,,,50,213.822.905.802.477
576056,1,2,50,95,2,,,,,,,,2,,,,,,,,,,,,,,,50,213.822.905.802.477
576056,1,3,50,95,2,,,,,,,,1,2,,2,,,,,,300000,2,1,2,,2,50,213.822.905.802.477
576057,1,1,50,95,1,,2,1,,3000000,,2,2,,,,,,,,,,,,,,,50,104.366.812.702.795
576057,1,2,50,95,1,,2,1,,1400000,,2,2,,,,,,,,,,,,,,,50,104.366.812.702.795
576058,1,1,50,95,2,,,,,,,,2,,,,,,,,,,,,,,,50,183.880.587.474.299
576058,1,2,50,95,2,,,,,,,,2,,,,,,,,,,,,,,,50,183.880.587.474.299
576058,1,3,50,95,2,,,,,,,,2,,,,,,,,,,,,,,,50,183.880.587.474.299
576058,1,4,50,95,2,,,,,,,,2,,,,,,,,,,,,,,,50,183.880.587.474.299
576059,1,1,50,95,2,,,,,,,,2,,,,,,,,,,,,,,,50,18.669.575.096.471
576059,1,2,50,95,2,,,,,,,,2,,,,,,,,,,,,,,,50,18.669.575.096.471
576059,1,3,50,95,2,,,,,,,,2,,,,,,,,,,,,,,,50,18.669.575.096.471
576059,1,4,50,95,2,,,,,,,,2,,,,,,,,,,,,,,,50,18.669.575.096.471
576059,1,5,50,95,2,,,,,,,,2,,,,,,,,,,,,,,,50,18.669.575.096.471
576059,1,6,50,95,2,,,,,,,,1,2,,2,,,,,,1000000,2,1,2,,2,50,18.669.575.096.471
576060,1,1,50,95,1,,2,1,,450000,,2,2,,,,,,,,,,,,,,,50,535.052.252.591.288
576060,1,2,50,95,2,,,,,,,,2,,,,,,,,,,,,,,,50,535.052.252.591.288
576060,1,3,50,95,2,,,,,,,,2,,,,,,,,,,,,,,,50,535.052.252.591.288
576061,1,1,50,95,2,,,,,,,,1,2,,2,,,,,,8000000,2,1,2,,2,50,552.152.249.314.261
576062,1,1,50,95,2,,,,,,,,2,,,,,,,,,,,,,,,50,819.344.152.390.602
576062,1,2,50,95,2,,,,,,,,2,,,,,,,,,,,,,,,50,819.344.152.390.602
576062,1,3,50,95,2,,,,,,,,1,2,,2,,,,,,1200000,2,1,2,,2,50,819.344.152.390.602
576062,1,5,50,95,2,,,,,,,,2,,,,,,,,,,,,,,,50,819.344.152.390.602
576062,1,6,50,95,2,,,,,,,,2,,,,,,,,,,,,,,,50,819.344.152.390.602
576062,1,7,50,95,2,,,,,,,,2,,,,,,,,,,,,,,,50,819.344.152.390.602
576064,1,1,50,95,2,,,,,,,,2,,,,,,,,,,,,,,,50,172.280.608.473.408
576065,1,1,50,95,1,,1,2,,,200000,2,1,2,,2,,,,,,600000,2,1,2,,2,50,173.376.947.116.354
576065,1,2,50,95,2,,,,,,,,2,,,,,,,,,,,,,,,50,173.376.947.116.354
576065,1,3,50,95,2,,,,,,,,2,,,,,,,,,,,,,,,50,173.376.947.116.354
576067,1,1,50,95,2,,,,,,,,2,,,,,,,,,,,,,,,50,211.817.987.690.331
576067,1,2,50,95,2,,,,,,,,2,,,,,,,,,,,,,,,50,211.817.987.690.331
576068,1,1,50,95,2,,,,,,,,1,2,,2,,,,,,600000,2,1,2,,2,50,172.280.608.473.408
576069,1,1,50,95,2,,,,,,,,2,,,,,,,,,,,,,,,50,162.925.136.850.948
576069,1,2,50,95,2,,,,,,,,2,,,,,,,,,,,,,,,50,162.925.136.850.948
576070,1,1,50,95,1,,2,1,,433700,,2,2,,,,,,,,,,,,,,,50,133.763.063.147.822
576070,1,2,50,95,2,,,,,,,,2,,,,,,,,,,,,,,,50,133.763.063.147.822
576070,1,3,50,95,2,,,,,,,,2,,,,,,,,,,,,,,,50,133.763.063.147.822
576071,1,1,50,95,2,,,,,,,,2,,,,,,,,,,,,,,,50,150.758.580.841.873
576071,1,3,50,95,2,,,,,,,,2,,,,,,,,,,,,,,,50,150.758.580.841.873
576071,1,4,50,95,2,,,,,,,,2,,,,,,,,,,,,,,,50,150.758.580.841.873
576071,1,5,50,95,2,,,,,,,,2,,,,,,,,,,,,,,,50,150.758.580.841.873
576071,1,6,50,95,2,,,,,,,,2,,,,,,,,,,,,,,,50,150.758.580.841.873
576072,1,1,50,95,2,,,,,,,,2,,,,,,,,,,,,,,,50,169.835.076.667.082
576072,1,2,50,95,2,,,,,,,,2,,,,,,,,,,,,,,,50,169.835.076.667.082
576072,1,3,50,95,2,,,,,,,,2,,,,,,,,,,,,,,,50,169.835.076.667.082
576072,1,4,50,95,2,,,,,,,,2,,,,,,,,,,,,,,,50,169.835.076.667.082
576072,1,5,50,95,2,,,,,,,,2,,,,,,,,,,,,,,,50,169.835.076.667.082
576073,1,1,50,95,2,,,,,,,,2,,,,,,,,,,,,,,,50,132.203.253.704.919
576073,1,2,50,95,2,,,,,,,,2,,,,,,,,,,,,,,,50,132.203.253.704.919
576073,1,3,50,95,2,,,,,,,,2,,,,,,,,,,,,,,,50,132.203.253.704.919
576074,1,1,50,95,2,,,,,,,,2,,,,,,,,,,,,,,,50,166.835.611.217.854
576074,1,2,50,95,2,,,,,,,,2,,,,,,,,,,,,,,,50,166.835.611.217.854
576076,1,1,50,95,2,,,,,,,,1,2,,2,,,,,,7200000,2,1,2,,2,50,134.284.260.697.407
576077,1,1,50,95,2,,,,,,,,2,,,,,,,,,,,,,,,50,1.522.678.750.946
576079,1,1,50,95,2,,,,,,,,2,,,,,,,,,,,,,,,50,651.700.547.403.791
576079,1,2,50,95,2,,,,,,,,2,,,,,,,,,,,,,,,50,651.700.547.403.791
576080,1,1,50,95,2,,,,,,,,2,,,,,,,,,,,,,,,50,71.467.329.189.402
576080,1,2,50,95,2,,,,,,,,1,2,,2,,,,,,4800000,2,1,2,,2,50,71.467.329.189.402
576081,1,1,50,95,2,,,,,,,,2,,,,,,,,,,,,,,,50,40.766.880.717.069
576081,1,2,50,95,2,,,,,,,,2,,,,,,,,,,,,,,,50,40.766.880.717.069
576083,1,1,50,95,2,,,,,,,,2,,,,,,,,,,,,,,,50,163.109.438.809.765
576083,1,2,50,95,2,,,,,,,,2,,,,,,,,,,,,,,,50,163.109.438.809.765
576083,1,3,50,95,2,,,,,,,,2,,,,,,,,,,,,,,,50,163.109.438.809.765
576084,1,1,50,95,2,,,,,,,,2,,,,,,,,,,,,,,,50,14.887.962.604.373
576084,1,2,50,95,2,,,,,,,,2,,,,,,,,,,,,,,,50,14.887.962.604.373
576084,1,3,50,95,2,,,,,,,,2,,,,,,,,,,,,,,,50,14.887.962.604.373
576085,1,1,50,95,2,,,,,,,,1,2,,2,,,,,,98,2,1,2,,2,50,187.791.061.841.205
576085,1,2,50,95,2,,,,,,,,2,,,,,,,,,,,,,,,50,187.791.061.841.205
576085,1,3,50,95,2,,,,,,,,2,,,,,,,,,,,,,,,50,187.791.061.841.205
576085,1,4,50,95,2,,,,,,,,2,,,,,,,,,,,,,,,50,187.791.061.841.205
576086,1,1,50,95,2,,,,,,,,2,,,,,,,,,,,,,,,50,127.746.993.559.598
576086,1,2,50,95,2,,,,,,,,2,,,,,,,,,,,,,,,50,127.746.993.559.598
576086,1,3,50,95,2,,,,,,,,2,,,,,,,,,,,,,,,50,127.746.993.559.598
576086,1,4,50,95,2,,,,,,,,2,,,,,,,,,,,,,,,50,127.746.993.559.598
576086,1,5,50,95,2,,,,,,,,1,2,,2,,,,,,98,2,1,2,,2,50,127.746.993.559.598
576087,1,1,50,95,2,,,,,,,,2,,,,,,,,,,,,,,,50,131.834.649.787.285
576088,1,1,50,95,1,,1,1,,1000000,300000,2,2,,,,,,,,,,,,,,,50,122.688.350.457.207
576088,1,2,50,95,1,,1,2,,,200000,2,2,,,,,,,,,,,,,,,50,122.688.350.457.207
576088,1,3,50,95,2,,,,,,,,2,,,,,,,,,,,,,,,50,122.688.350.457.207
576089,1,1,50,95,1,,1,2,,,100000,2,1,2,,2,,,,,,6000000,2,1,2,,2,50,175.826.558.026.476
576089,1,2,50,95,2,,,,,,,,2,,,,,,,,,,,,,,,50,175.826.558.026.476
576089,1,3,50,95,2,,,,,,,,2,,,,,,,,,,,,,,,50,175.826.558.026.476
576090,1,1,50,95,1,,1,2,,,250000,2,2,,,,,,,,,,,,,,,50,101.917.201.792.672
576090,1,2,50,95,1,,1,1,,700000,600000,2,2,,,,,,,,,,,,,,,50,101.917.201.792.672
576091,1,1,50,95,2,,,,,,,,2,,,,,,,,,,,,,,,50,172.280.608.473.408
576092,1,1,50,95,2,,,,,,,,2,,,,,,,,,,,,,,,50,174.525.115.851.839
576092,1,2,50,95,2,,,,,,,,2,,,,,,,,,,,,,,,50,174.525.115.851.839
576092,1,5,50,95,2,,,,,,,,2,,,,,,,,,,,,,,,50,174.525.115.851.839
576092,1,6,50,95,2,,,,,,,,1,2,,2,,,,,,1800000,2,1,2,,2,50,174.525.115.851.839
576092,1,7,50,95,2,,,,,,,,1,2,,2,,,,,,1800000,2,1,2,,2,50,174.525.115.851.839
576093,1,1,50,95,1,,2,1,,440000,,2,2,,,,,,,,,,,,,,,50,210.855.148.680.114
576093,1,2,50,95,2,,,,,,,,2,,,,,,,,,,,,,,,50,210.855.148.680.114
576093,1,3,50,95,2,,,,,,,,2,,,,,,,,,,,,,,,50,210.855.148.680.114
576093,2,1,50,95,2,,,,,,,,2,,,,,,,,,,,,,,,50,210.855.148.680.114
576093,2,2,50,95,2,,,,,,,,1,2,,2,,,,,,2400000,2,1,2,,2,50,210.855.148.680.114
576094,1,1,50,95,2,,,,,,,,2,,,,,,,,,,,,,,,50,734.785.142.061.929
576094,1,2,50,95,2,,,,,,,,2,,,,,,,,,,,,,,,50,734.785.142.061.929
576094,1,3,50,95,2,,,,,,,,2,,,,,,,,,,,,,,,50,734.785.142.061.929
576095,1,1,50,95,1,,2,1,,1400000,,2,2,,,,,,,,,,,,,,,50,62.106.936.217.531
576095,1,2,50,95,2,,,,,,,,2,,,,,,,,,,,,,,,50,62.106.936.217.531
576095,1,3,50,95,2,,,,,,,,2,,,,,,,,,,,,,,,50,62.106.936.217.531
576095,1,4,50,95,2,,,,,,,,2,,,,,,,,,,,,,,,50,62.106.936.217.531
576097,1,1,50,95,2,,,,,,,,1,2,,2,,,,30000000,,,1,2,2,,2,50,584.257.850.213.277
576099,1,1,50,95,2,,,,,,,,2,,,,,,,,,,,,,,,50,168.005.609.292.664
576099,1,2,50,95,2,,,,,,,,2,,,,,,,,,,,,,,,50,168.005.609.292.664
576099,1,3,50,95,2,,,,,,,,2,,,,,,,,,,,,,,,50,168.005.609.292.664
576100,1,1,50,95,2,,,,,,,,2,,,,,,,,,,,,,,,50,118.596.625.468.829
576100,1,2,50,95,2,,,,,,,,2,,,,,,,,,,,,,,,50,118.596.625.468.829
576101,1,1,50,95,2,,,,,,,,2,,,,,,,,,,,,,,,50,138.038.062.328.565
576102,1,1,50,95,1,,2,1,,480000,,2,2,,,,,,,,,,,,,,,50,869.849.408.555.807
576102,1,2,50,95,2,,,,,,,,2,,,,,,,,,,,,,,,50,869.849.408.555.807
576102,1,3,50,95,2,,,,,,,,1,2,,2,,,,,,4800000,2,1,2,,2,50,869.849.408.555.807
576103,1,1,50,95,2,,,,,,,,2,,,,,,,,,,,,,,,50,138.272.463.256.869
576103,1,2,50,95,2,,,,,,,,2,,,,,,,,,,,,,,,50,138.272.463.256.869
576103,1,3,50,95,2,,,,,,,,2,,,,,,,,,,,,,,,50,138.272.463.256.869
576103,1,4,50,95,2,,,,,,,,2,,,,,,,,,,,,,,,50,138.272.463.256.869
576103,1,5,50,95,2,,,,,,,,2,,,,,,,,,,,,,,,50,138.272.463.256.869
576104,1,1,50,95,2,,,,,,,,2,,,,,,,,,,,,,,,50,142.339.317.911.682
576104,1,2,50,95,2,,,,,,,,2,,,,,,,,,,,,,,,50,142.339.317.911.682
576104,1,3,50,95,2,,,,,,,,2,,,,,,,,,,,,,,,50,142.339.317.911.682
576104,1,4,50,95,2,,,,,,,,2,,,,,,,,,,,,,,,50,142.339.317.911.682
576104,1,5,50,95,2,,,,,,,,2,,,,,,,,,,,,,,,50,142.339.317.911.682
576104,1,6,50,95,2,,,,,,,,2,,,,,,,,,,,,,,,50,142.339.317.911.682
576105,1,1,50,95,1,,1,2,,,1000000,2,2,,,,,,,,,,,,,,,50,214.007.207.761.294
576105,1,2,50,95,2,,,,,,,,2,,,,,,,,,,,,,,,50,214.007.207.761.294
576105,2,1,50,95,2,,,,,,,,2,,,,,,,,,,,,,,,50,214.007.207.761.294
576105,3,1,50,95,2,,,,,,,,2,,,,,,,,,,,,,,,50,214.007.207.761.294
576106,1,1,50,95,2,,,,,,,,2,,,,,,,,,,,,,,,50,651.700.547.403.791
576106,1,2,50,95,2,,,,,,,,2,,,,,,,,,,,,,,,50,651.700.547.403.791
576107,1,1,50,95,1,,2,1,,1184000,,2,2,,,,,,,,,,,,,,,50,108.120.614.333.953
576107,1,2,50,95,2,,,,,,,,2,,,,,,,,,,,,,,,50,108.120.614.333.953
576109,1,1,50,95,2,,,,,,,,2,,,,,,,,,,,,,,,50,172.280.608.473.408
576110,1,1,50,95,1,,1,1,,1200000,120000,2,2,,,,,,,,,,,,,,,50,122.688.350.457.207
576110,1,2,50,95,2,,,,,,,,2,,,,,,,,,,,,,,,50,122.688.350.457.207
576110,1,3,50,95,2,,,,,,,,2,,,,,,,,,,,,,,,50,122.688.350.457.207
576111,1,1,50,95,2,,,,,,,,2,,,,,,,,,,,,,,,50,172.280.608.473.408
576112,1,1,50,95,1,,1,2,,,300000,2,1,2,,2,,,,,,960000,2,1,2,,2,50,148.514.073.463.442
576113,1,1,50,95,1,,2,1,,1000000,,2,2,,,,,,,,,,,,,,,50,134.284.260.697.407
576114,1,1,50,95,1,,2,1,,2200000,,2,1,2,,2,,,,300000,,,1,2,2,,2,50,895.633.028.305.411
576114,1,2,50,95,2,,,,,,,,2,,,,,,,,,,,,,,,50,895.633.028.305.411
576114,1,3,50,95,2,,,,,,,,2,,,,,,,,,,,,,,,50,895.633.028.305.411
576117,1,1,50,95,2,,,,,,,,1,2,,1,,,2270000,,,,2,2,2,,2,50,704.764.331.361.256
576118,1,1,50,95,1,,1,2,,,450000,2,2,,,,,,,,,,,,,,,50,157.348.347.536.316
576118,1,2,50,95,2,,,,,,,,2,,,,,,,,,,,,,,,50,157.348.347.536.316
576119,1,1,50,95,2,,,,,,,,2,,,,,,,,,,,,,,,50,1.313.134.522.377
576119,1,2,50,95,2,,,,,,,,1,2,,2,,,,4000000,,,1,2,2,,2,50,1.313.134.522.377
576119,1,4,50,95,2,,,,,,,,1,2,,2,,,,,,500000,2,1,2,,2,50,1.313.134.522.377
576120,1,1,50,95,2,,,,,,,,2,,,,,,,,,,,,,,,50,175.854.187.249.545
576120,1,2,50,95,2,,,,,,,,1,2,,2,,,,,,1200000,2,1,2,,2,50,175.854.187.249.545
576120,1,3,50,95,2,,,,,,,,2,,,,,,,,,,,,,,,50,175.854.187.249.545
576120,1,4,50,95,2,,,,,,,,2,,,,,,,,,,,,,,,50,175.854.187.249.545
576121,1,1,50,95,2,,,,,,,,2,,,,,,,,,,,,,,,50,176.375.384.799.131
576121,1,2,50,95,2,,,,,,,,2,,,,,,,,,,,,,,,50,176.375.384.799.131
576122,1,1,50,95,2,,,,,,,,2,,,,,,,,,,,,,,,50,101.917.201.792.672
576122,1,2,50,95,1,,1,2,,,500000,2,1,2,,1,,,6000000,,,,2,2,2,,2,50,101.917.201.792.672
576123,1,1,50,95,2,,,,,,,,1,2,,2,,,,,,4800000,2,1,2,,2,50,172.280.608.473.408
576124,1,1,50,95,1,,1,2,,,330000,2,2,,,,,,,,,,,,,,,50,528.813.014.819.675
576124,1,2,50,95,2,,,,,,,,1,2,,2,,,,,,7200000,2,1,2,,2,50,528.813.014.819.675
576124,1,3,50,95,2,,,,,,,,2,,,,,,,,,,,,,,,50,528.813.014.819.675
576126,1,1,50,95,2,,,,,,,,2,,,,,,,,,,,,,,,50,143.459.499.121.741
576126,1,2,50,95,2,,,,,,,,2,,,,,,,,,,,,,,,50,143.459.499.121.741
576126,1,3,50,95,2,,,,,,,,2,,,,,,,,,,,,,,,50,143.459.499.121.741
576126,1,4,50,95,2,,,,,,,,2,,,,,,,,,,,,,,,50,143.459.499.121.741
576127,1,1,50,95,1,,1,1,,433700,700000,2,2,,,,,,,,,,,,,,,50,950.113.410.803.346
576127,1,2,50,95,2,,,,,,,,1,2,,2,,,,,,1200000,2,1,2,,2,50,950.113.410.803.346
576127,1,3,50,95,2,,,,,,,,2,,,,,,,,,,,,,,,50,950.113.410.803.346
576128,1,1,50,95,1,,1,2,,,300000,2,2,,,,,,,,,,,,,,,50,142.363.160.478.795
576128,1,2,50,95,2,,,,,,,,2,,,,,,,,,,,,,,,50,142.363.160.478.795
576129,1,1,50,95,2,,,,,,,,2,,,,,,,,,,,,,,,50,188.782.209.881.691
576129,1,2,50,95,2,,,,,,,,2,,,,,,,,,,,,,,,50,188.782.209.881.691
576130,1,1,50,95,2,,,,,,,,1,2,,2,,,,,,4800000,2,1,2,,2,50,134.284.260.697.407
576131,1,1,50,95,2,,,,,,,,2,,,,,,,,,,,,,,,50,169.650.774.708.265
576131,1,2,50,95,2,,,,,,,,2,,,,,,,,,,,,,,,50,169.650.774.708.265
576131,1,3,50,95,2,,,,,,,,2,,,,,,,,,,,,,,,50,169.650.774.708.265
576131,1,4,50,95,2,,,,,,,,2,,,,,,,,,,,,,,,50,169.650.774.708.265
576132,1,1,50,95,2,,,,,,,,2,,,,,,,,,,,,,,,50,651.700.547.403.791
576132,1,2,50,95,2,,,,,,,,2,,,,,,,,,,,,,,,50,651.700.547.403.791
576134,1,1,50,95,2,,,,,,,,1,2,,2,,,,,,3600000,2,1,2,,2,50,131.132.201.616.228
576134,1,2,50,95,1,,1,2,,,1000000,2,2,,,,,,,,,,,,,,,50,131.132.201.616.228
576136,1,1,52,95,2,,,,,,,,2,,,,,,,,,,,,,,,52,147.859.002.197.401
576137,1,1,52,95,2,,,,,,,,2,,,,,,,,,,,,,,,52,965.406.230.173.866
576137,1,2,52,95,2,,,,,,,,2,,,,,,,,,,,,,,,52,965.406.230.173.866
576138,1,1,52,95,2,,,,,,,,2,,,,,,,,,,,,,,,52,121.672.432.126.425
576138,1,2,52,95,2,,,,,,,,2,,,,,,,,,,,,,,,52,121.672.432.126.425
576138,1,3,52,95,2,,,,,,,,2,,,,,,,,,,,,,,,52,121.672.432.126.425
576138,1,4,52,95,2,,,,,,,,2,,,,,,,,,,,,,,,52,121.672.432.126.425
576138,1,5,52,95,2,,,,,,,,2,,,,,,,,,,,,,,,52,121.672.432.126.425
576139,1,1,52,95,2,,,,,,,,2,,,,,,,,,,,,,,,52,160.462.158.964.481
576139,1,2,52,95,2,,,,,,,,2,,,,,,,,,,,,,,,52,160.462.158.964.481
576139,1,3,52,95,2,,,,,,,,2,,,,,,,,,,,,,,,52,160.462.158.964.481
576139,1,4,52,95,2,,,,,,,,2,,,,,,,,,,,,,,,52,160.462.158.964.481
576139,1,5,52,95,2,,,,,,,,2,,,,,,,,,,,,,,,52,160.462.158.964.481
576140,1,1,52,95,2,,,,,,,,1,2,,2,,,,7200000,,,1,2,2,,2,52,116.057.485.961.361
576140,1,2,52,95,2,,,,,,,,2,,,,,,,,,,,,,,,52,116.057.485.961.361
576141,1,1,52,95,2,,,,,,,,2,,,,,,,,,,,,,,,52,671.278.359.515.249
576141,1,2,52,95,2,,,,,,,,2,,,,,,,,,,,,,,,52,671.278.359.515.249
576141,1,3,52,95,2,,,,,,,,2,,,,,,,,,,,,,,,52,671.278.359.515.249
576142,1,1,52,95,2,,,,,,,,2,,,,,,,,,,,,,,,52,119.652.168.081.427
576142,1,2,52,95,2,,,,,,,,2,,,,,,,,,,,,,,,52,119.652.168.081.427
576143,1,1,52,95,2,,,,,,,,1,2,,2,,,,,,1200000,2,1,2,,2,52,103.594.412.869.389
576143,1,2,52,95,2,,,,,,,,2,,,,,,,,,,,,,,,52,103.594.412.869.389
576143,1,3,52,95,2,,,,,,,,2,,,,,,,,,,,,,,,52,103.594.412.869.389
576143,1,4,52,95,2,,,,,,,,1,2,,2,,,,,,3600000,2,1,2,,2,52,103.594.412.869.389
576143,1,6,52,95,2,,,,,,,,2,,,,,,,,,,,,,,,52,103.594.412.869.389
576144,1,1,52,95,1,,2,1,,1300000,,2,2,,,,,,,,,,,,,,,52,191.844.177.563.719
576144,1,2,52,95,2,,,,,,,,2,,,,,,,,,,,,,,,52,191.844.177.563.719
576144,1,3,52,95,2,,,,,,,,2,,,,,,,,,,,,,,,52,191.844.177.563.719
576144,1,4,52,95,2,,,,,,,,2,,,,,,,,,,,,,,,52,191.844.177.563.719
576144,1,5,52,95,2,,,,,,,,2,,,,,,,,,,,,,,,52,191.844.177.563.719
576144,1,6,52,95,2,,,,,,,,2,,,,,,,,,,,,,,,52,191.844.177.563.719
576145,1,1,52,95,2,,,,,,,,2,,,,,,,,,,,,,,,52,952.285.964.234.392
576145,1,2,52,95,2,,,,,,,,2,,,,,,,,,,,,,,,52,952.285.964.234.392
576145,1,3,52,95,2,,,,,,,,2,,,,,,,,,,,,,,,52,952.285.964.234.392
576145,1,4,52,95,2,,,,,,,,2,,,,,,,,,,,,,,,52,952.285.964.234.392
576146,1,1,52,95,1,,1,2,,,500000,2,2,,,,,,,,,,,,,,,52,119.652.168.081.427
576146,1,2,52,95,2,,,,,,,,1,2,,2,,,,,,700000,2,1,2,,2,52,119.652.168.081.427
576147,1,1,52,95,1,,1,2,,,300000,2,2,,,,,,,,,,,,,,,52,141.817.447.547.063
576147,1,2,52,95,1,,1,2,,,550000,2,2,,,,,,,,,,,,,,,52,141.817.447.547.063
576148,1,1,52,95,2,,,,,,,,2,,,,,,,,,,,,,,,52,95.967.040.463.683
576148,1,2,52,95,2,,,,,,,,2,,,,,,,,,,,,,,,52,95.967.040.463.683
576148,1,3,52,95,2,,,,,,,,2,,,,,,,,,,,,,,,52,95.967.040.463.683
576148,1,5,52,95,2,,,,,,,,2,,,,,,,,,,,,,,,52,95.967.040.463.683
576148,1,6,52,95,2,,,,,,,,2,,,,,,,,,,,,,,,52,95.967.040.463.683
576149,1,1,52,95,2,,,,,,,,2,,,,,,,,,,,,,,,52,146.161.583.034.399
576149,1,2,52,95,2,,,,,,,,2,,,,,,,,,,,,,,,52,146.161.583.034.399
576149,1,3,52,95,2,,,,,,,,1,2,,2,,,,,,1200000,2,1,2,,2,52,146.161.583.034.399
576149,1,5,52,95,2,,,,,,,,2,,,,,,,,,,,,,,,52,146.161.583.034.399
576149,1,6,52,95,2,,,,,,,,2,,,,,,,,,,,,,,,52,146.161.583.034.399
576150,1,1,52,95,1,,2,1,,1500000,,2,2,,,,,,,,,,,,,,,52,105.264.343.138.422
576150,1,2,52,95,2,,,,,,,,2,,,,,,,,,,,,,,,52,105.264.343.138.422
576151,1,1,52,95,2,,,,,,,,2,,,,,,,,,,,,,,,52,119.652.168.081.427
576151,1,2,52,95,2,,,,,,,,2,,,,,,,,,,,,,,,52,119.652.168.081.427
576156,1,1,52,95,2,,,,,,,,2,,,,,,,,,,,,,,,52,147.859.002.197.401
576157,1,1,52,95,1,,1,2,,,250000,2,2,,,,,,,,,,,,,,,52,114.922.640.025.035
576158,1,1,52,95,1,,1,2,,,100000,2,2,,,,,,,,,,,,,,,52,124.531.778.254.743
576158,1,2,52,95,2,,,,,,,,2,,,,,,,,,,,,,,,52,124.531.778.254.743
576158,1,3,52,95,2,,,,,,,,2,,,,,,,,,,,,,,,52,124.531.778.254.743
576159,1,1,52,95,1,,1,2,,,500000,2,2,,,,,,,,,,,,,,,52,159.571.312.078.049
576159,1,2,52,95,2,,,,,,,,2,,,,,,,,,,,,,,,52,159.571.312.078.049
576159,1,3,52,95,2,,,,,,,,1,2,,2,,,,,,1200000,2,1,2,,2,52,159.571.312.078.049
576159,1,4,52,95,2,,,,,,,,1,2,,2,,,,,,1200000,2,1,2,,2,52,159.571.312.078.049
576162,1,1,52,95,2,,,,,,,,2,,,,,,,,,,,,,,,52,913.031.091.689.849
576162,1,3,52,95,2,,,,,,,,2,,,,,,,,,,,,,,,52,913.031.091.689.849
576163,1,1,52,95,2,,,,,,,,2,,,,,,,,,,,,,,,52,116.057.485.961.361
576163,1,2,52,95,2,,,,,,,,2,,,,,,,,,,,,,,,52,116.057.485.961.361
576164,1,1,52,95,1,,2,1,,860000,,2,2,,,,,,,,,,,,,,,52,925.464.309.527.428
576164,1,2,52,95,2,,,,,,,,2,,,,,,,,,,,,,,,52,925.464.309.527.428
576164,1,3,52,95,2,,,,,,,,2,,,,,,,,,,,,,,,52,925.464.309.527.428
576165,1,1,52,95,2,,,,,,,,1,2,,2,,,,6000000,,,1,2,2,,2,52,138.607.750.131.072
576165,1,3,52,95,2,,,,,,,,2,,,,,,,,,,,,,,,52,138.607.750.131.072
576166,1,1,52,95,1,,2,1,,1000000,,2,2,,,,,,,,,,,,,,,52,143.337.278.187.464
576166,1,2,52,95,2,,,,,,,,2,,,,,,,,,,,,,,,52,143.337.278.187.464
576166,1,3,52,95,2,,,,,,,,2,,,,,,,,,,,,,,,52,143.337.278.187.464
576167,1,1,52,95,2,,,,,,,,1,2,,2,,,,6000000,,,1,2,2,,2,52,128.525.970.319.387
576167,1,2,52,95,2,,,,,,,,2,,,,,,,,,,,,,,,52,128.525.970.319.387
576168,1,1,52,95,2,,,,,,,,2,,,,,,,,,,,,,,,52,181.025.228.532.431
576168,1,2,52,95,2,,,,,,,,2,,,,,,,,,,,,,,,52,181.025.228.532.431
576168,1,3,52,95,2,,,,,,,,2,,,,,,,,,,,,,,,52,181.025.228.532.431
576168,1,4,52,95,2,,,,,,,,2,,,,,,,,,,,,,,,52,181.025.228.532.431
576169,1,1,52,95,2,,,,,,,,2,,,,,,,,,,,,,,,52,995.346.415.547.584
576169,1,2,52,95,2,,,,,,,,2,,,,,,,,,,,,,,,52,995.346.415.547.584
576169,1,3,52,95,2,,,,,,,,2,,,,,,,,,,,,,,,52,995.346.415.547.584
576169,1,4,52,95,2,,,,,,,,2,,,,,,,,,,,,,,,52,995.346.415.547.584
576170,1,1,52,95,2,,,,,,,,2,,,,,,,,,,,,,,,52,129.660.816.255.713
576170,1,2,52,95,2,,,,,,,,2,,,,,,,,,,,,,,,52,129.660.816.255.713
576170,1,3,52,95,2,,,,,,,,2,,,,,,,,,,,,,,,52,129.660.816.255.713
576171,1,1,52,95,2,,,,,,,,2,,,,,,,,,,,,,,,52,144.048.641.198.718
576171,1,2,52,95,2,,,,,,,,2,,,,,,,,,,,,,,,52,144.048.641.198.718
576171,1,3,52,95,2,,,,,,,,2,,,,,,,,,,,,,,,52,144.048.641.198.718
576172,1,1,52,95,2,,,,,,,,2,,,,,,,,,,,,,,,52,128.525.970.319.387
576172,1,2,52,95,2,,,,,,,,2,,,,,,,,,,,,,,,52,128.525.970.319.387
576173,1,1,52,95,2,,,,,,,,1,2,,2,,,,,,600000,2,1,2,,2,52,121.029.773.925.361
576173,1,3,52,95,2,,,,,,,,2,,,,,,,,,,,,,,,52,121.029.773.925.361
576174,1,1,52,95,2,,,,,,,,2,,,,,,,,,,,,,,,52,132.585.741.634.017
576174,1,2,52,95,2,,,,,,,,1,2,,2,,,,3600000,,2400000,1,1,2,,2,52,132.585.741.634.017
576174,1,5,52,95,2,,,,,,,,2,,,,,,,,,,,,,,,52,132.585.741.634.017
576175,1,1,52,95,2,,,,,,,,2,,,,,,,,,,,,,,,52,115.300.072.341.698
576175,1,2,52,95,2,,,,,,,,2,,,,,,,,,,,,,,,52,115.300.072.341.698
576175,1,3,52,95,2,,,,,,,,2,,,,,,,,,,,,,,,52,115.300.072.341.698
576175,1,4,52,95,2,,,,,,,,2,,,,,,,,,,,,,,,52,115.300.072.341.698
576176,1,1,52,95,2,,,,,,,,2,,,,,,,,,,,,,,,52,114.496.031.539.761
576176,1,2,52,95,2,,,,,,,,2,,,,,,,,,,,,,,,52,114.496.031.539.761
576176,1,3,52,95,2,,,,,,,,1,2,,2,,,,,,3600000,2,1,2,,2,52,114.496.031.539.761
576176,1,5,52,95,2,,,,,,,,2,,,,,,,,,,,,,,,52,114.496.031.539.761
576176,1,6,52,95,2,,,,,,,,2,,,,,,,,,,,,,,,52,114.496.031.539.761
576177,1,1,52,95,2,,,,,,,,2,,,,,,,,,,,,,,,52,130.888.322.471.015
576177,1,2,52,95,2,,,,,,,,2,,,,,,,,,,,,,,,52,130.888.322.471.015
576177,1,4,52,95,2,,,,,,,,2,,,,,,,,,,,,,,,52,130.888.322.471.015
576177,2,1,52,95,2,,,,,,,,2,,,,,,,,,,,,,,,52,130.888.322.471.015
576177,2,2,52,95,2,,,,,,,,2,,,,,,,,,,,,,,,52,130.888.322.471.015
576177,3,1,52,95,2,,,,,,,,2,,,,,,,,,,,,,,,52,130.888.322.471.015
576177,3,2,52,95,2,,,,,,,,2,,,,,,,,,,,,,,,52,130.888.322.471.015
576178,1,1,52,95,2,,,,,,,,2,,,,,,,,,,,,,,,52,153.473.948.362.465
576178,1,2,52,95,2,,,,,,,,2,,,,,,,,,,,,,,,52,153.473.948.362.465
576178,1,3,52,95,2,,,,,,,,2,,,,,,,,,,,,,,,52,153.473.948.362.465
576178,1,4,52,95,2,,,,,,,,2,,,,,,,,,,,,,,,52,153.473.948.362.465
576179,1,1,52,95,2,,,,,,,,2,,,,,,,,,,,,,,,52,156.243.362.846.085
576179,1,2,52,95,2,,,,,,,,2,,,,,,,,,,,,,,,52,156.243.362.846.085
576179,1,4,52,95,2,,,,,,,,1,2,,2,,,,,,600000,2,1,2,,2,52,156.243.362.846.085
576179,1,6,52,95,2,,,,,,,,2,,,,,,,,,,,,,,,52,156.243.362.846.085
576179,1,7,52,95,2,,,,,,,,2,,,,,,,,,,,,,,,52,156.243.362.846.085
576180,1,1,52,95,2,,,,,,,,2,,,,,,,,,,,,,,,52,142.263.973.022.792
576180,1,2,52,95,2,,,,,,,,2,,,,,,,,,,,,,,,52,142.263.973.022.792
576180,1,3,52,95,2,,,,,,,,2,,,,,,,,,,,,,,,52,142.263.973.022.792
576180,1,4,52,95,2,,,,,,,,2,,,,,,,,,,,,,,,52,142.263.973.022.792
576180,1,5,52,95,2,,,,,,,,2,,,,,,,,,,,,,,,52,142.263.973.022.792
576180,1,6,52,95,2,,,,,,,,2,,,,,,,,,,,,,,,52,142.263.973.022.792
576180,1,7,52,95,2,,,,,,,,2,,,,,,,,,,,,,,,52,142.263.973.022.792
576181,1,1,52,95,2,,,,,,,,2,,,,,,,,,,,,,,,52,944.932.604.316.918
576181,1,2,52,95,2,,,,,,,,2,,,,,,,,,,,,,,,52,944.932.604.316.918
576183,1,1,52,95,2,,,,,,,,1,2,,2,,,,,,3600000,2,1,2,,2,52,10.053.481.508.203
576185,1,1,52,95,2,,,,,,,,2,,,,,,,,,,,,,,,52,129.660.816.255.713
576185,1,2,52,95,2,,,,,,,,2,,,,,,,,,,,,,,,52,129.660.816.255.713
576185,1,3,52,95,2,,,,,,,,2,,,,,,,,,,,,,,,52,129.660.816.255.713
576186,1,1,52,95,2,,,,,,,,2,,,,,,,,,,,,,,,52,115.657.976.016.783
576186,1,2,52,95,1,,2,1,,433700,,2,2,,,,,,,,,,,,,,,52,115.657.976.016.783
576186,1,3,52,95,2,,,,,,,,2,,,,,,,,,,,,,,,52,115.657.976.016.783
576187,1,1,52,95,2,,,,,,,,1,2,,2,,,,,,4200000,2,1,2,,2,52,714.075.040.642.942
576187,1,2,52,95,2,,,,,,,,2,,,,,,,,,,,,,,,52,714.075.040.642.942
576187,1,3,52,95,2,,,,,,,,2,,,,,,,,,,,,,,,52,714.075.040.642.942
576187,1,4,52,95,2,,,,,,,,1,2,,2,,,,,,2400000,2,1,2,,2,52,714.075.040.642.942
576187,1,6,52,95,2,,,,,,,,2,,,,,,,,,,,,,,,52,714.075.040.642.942
576187,1,7,52,95,2,,,,,,,,2,,,,,,,,,,,,,,,52,714.075.040.642.942
576187,1,8,52,95,2,,,,,,,,2,,,,,,,,,,,,,,,52,714.075.040.642.942
576187,1,9,52,95,2,,,,,,,,2,,,,,,,,,,,,,,,52,714.075.040.642.942
576188,1,1,52,95,2,,,,,,,,2,,,,,,,,,,,,,,,52,166.306.598.455.037
576188,1,2,52,95,1,,1,2,,,100000,2,2,,,,,,,,,,,,,,,52,166.306.598.455.037
576189,1,1,52,95,2,,,,,,,,1,2,,2,,,,400000,,4800000,1,1,2,,2,52,128.214.117.252.711
576191,1,1,52,95,1,,1,2,,,300000,2,2,,,,,,,,,,,,,,,52,118.867.673.432.773
576191,1,2,52,95,2,,,,,,,,2,,,,,,,,,,,,,,,52,118.867.673.432.773
576191,1,3,52,95,2,,,,,,,,2,,,,,,,,,,,,,,,52,118.867.673.432.773
576192,1,1,52,95,2,,,,,,,,2,,,,,,,,,,,,,,,52,121.672.432.126.425
576192,1,2,52,95,2,,,,,,,,2,,,,,,,,,,,,,,,52,121.672.432.126.425
576192,1,3,52,95,2,,,,,,,,2,,,,,,,,,,,,,,,52,121.672.432.126.425
576192,1,4,52,95,2,,,,,,,,2,,,,,,,,,,,,,,,52,121.672.432.126.425
576192,1,5,52,95,2,,,,,,,,2,,,,,,,,,,,,,,,52,121.672.432.126.425
576193,1,1,52,95,1,,1,2,,,8000000,2,2,,,,,,,,,,,,,,,52,671.278.359.515.249
576193,1,2,52,95,1,,1,2,,,700000,2,2,,,,,,,,,,,,,,,52,671.278.359.515.249
576193,1,3,52,95,2,,,,,,,,2,,,,,,,,,,,,,,,52,671.278.359.515.249
576193,1,4,52,95,1,,1,2,,,850000,2,2,,,,,,,,,,,,,,,52,671.278.359.515.249
576193,1,5,52,95,2,,,,,,,,2,,,,,,,,,,,,,,,52,671.278.359.515.249
576194,1,1,52,95,1,,1,2,,,130000,2,2,,,,,,,,,,,,,,,52,671.278.359.515.249
576194,1,2,52,95,1,,2,1,,1000000,,2,2,,,,,,,,,,,,,,,52,671.278.359.515.249
576194,1,3,52,95,2,,,,,,,,2,,,,,,,,,,,,,,,52,671.278.359.515.249
576194,1,4,52,95,2,,,,,,,,2,,,,,,,,,,,,,,,52,671.278.359.515.249
576195,1,1,52,95,1,,1,1,,3673347,550000,2,2,,,,,,,,,,,,,,,52,131.180.646.896.114
576195,1,2,52,95,2,,,,,,,,2,,,,,,,,,,,,,,,52,131.180.646.896.114
576195,1,3,52,95,2,,,,,,,,2,,,,,,,,,,,,,,,52,131.180.646.896.114
576195,1,4,52,95,2,,,,,,,,2,,,,,,,,,,,,,,,52,131.180.646.896.114
576196,1,1,52,95,2,,,,,,,,2,,,,,,,,,,,,,,,52,135.775.892.896.724
576196,1,2,52,95,2,,,,,,,,2,,,,,,,,,,,,,,,52,135.775.892.896.724
576196,1,5,52,95,2,,,,,,,,2,,,,,,,,,,,,,,,52,135.775.892.896.724
576197,1,1,52,95,2,,,,,,,,2,,,,,,,,,,,,,,,52,173.463.452.888.418
576197,1,2,52,95,2,,,,,,,,1,2,,2,,,,,,6000000,2,1,2,,2,52,173.463.452.888.418
576198,1,1,52,95,2,,,,,,,,2,,,,,,,,,,,,,,,52,141.817.447.547.063
576198,1,2,52,95,2,,,,,,,,2,,,,,,,,,,,,,,,52,141.817.447.547.063
576200,1,1,52,95,2,,,,,,,,2,,,,,,,,,,,,,,,52,10.053.481.508.203
576201,1,1,52,95,2,,,,,,,,2,,,,,,,,,,,,,,,52,134.633.104.219.712
576201,1,2,52,95,2,,,,,,,,2,,,,,,,,,,,,,,,52,134.633.104.219.712
576201,1,3,52,95,2,,,,,,,,1,2,,2,,,,,,300000,2,1,2,,2,52,134.633.104.219.712
576202,1,1,52,95,2,,,,,,,,1,2,,2,,,,,,3600000,2,1,2,,2,52,130.445.310.904.366
576202,1,2,52,95,2,,,,,,,,2,,,,,,,,,,,,,,,52,130.445.310.904.366
576203,1,1,52,95,2,,,,,,,,2,,,,,,,,,,,,,,,52,138.627.296.284.356
576203,1,2,52,95,1,,1,2,,,300000,2,2,,,,,,,,,,,,,,,52,138.627.296.284.356
576204,1,1,52,95,2,,,,,,,,2,,,,,,,,,,,,,,,52,168.225.939.040.016
576204,1,2,52,95,2,,,,,,,,2,,,,,,,,,,,,,,,52,168.225.939.040.016
576205,1,1,52,95,2,,,,,,,,2,,,,,,,,,,,,,,,52,134.633.104.219.712
576205,1,2,52,95,2,,,,,,,,2,,,,,,,,,,,,,,,52,134.633.104.219.712
576205,1,3,52,95,2,,,,,,,,2,,,,,,,,,,,,,,,52,134.633.104.219.712
576206,1,1,52,95,2,,,,,,,,2,,,,,,,,,,,,,,,52,15.142.658.577.677
576206,1,2,52,95,1,,2,1,,384750,,2,2,,,,,,,,,,,,,,,52,15.142.658.577.677
576206,1,3,52,95,2,,,,,,,,2,,,,,,,,,,,,,,,52,15.142.658.577.677
576206,1,4,52,95,2,,,,,,,,2,,,,,,,,,,,,,,,52,15.142.658.577.677
576207,1,1,52,95,1,,2,2,220000,,,1,2,,,,,,,,,,,,,,,52,116.057.485.961.361
576207,1,2,52,95,2,,,,,,,,2,,,,,,,,,,,,,,,52,116.057.485.961.361
576208,1,1,52,95,2,,,,,,,,2,,,,,,,,,,,,,,,52,168.961.275.031.764
576208,1,2,52,95,1,,1,2,,,80000,2,2,,,,,,,,,,,,,,,52,168.961.275.031.764
576208,1,3,52,95,2,,,,,,,,2,,,,,,,,,,,,,,,52,168.961.275.031.764
576208,1,4,52,95,2,,,,,,,,2,,,,,,,,,,,,,,,52,168.961.275.031.764
576209,1,1,52,95,2,,,,,,,,2,,,,,,,,,,,,,,,52,921.295.984.360.097
576209,1,2,52,95,2,,,,,,,,2,,,,,,,,,,,,,,,52,921.295.984.360.097
576209,1,3,52,95,2,,,,,,,,2,,,,,,,,,,,,,,,52,921.295.984.360.097
576209,1,4,52,95,2,,,,,,,,2,,,,,,,,,,,,,,,52,921.295.984.360.097
576209,1,5,52,95,2,,,,,,,,2,,,,,,,,,,,,,,,52,921.295.984.360.097
576209,1,6,52,95,2,,,,,,,,1,2,,2,,,,,,2400000,2,1,2,,2,52,921.295.984.360.097
576210,1,1,52,95,1,,2,1,,800000,,2,2,,,,,,,,,,,,,,,52,109.015.757.783.751
576210,1,2,52,95,2,,,,,,,,2,,,,,,,,,,,,,,,52,109.015.757.783.751
576210,1,3,52,95,2,,,,,,,,2,,,,,,,,,,,,,,,52,109.015.757.783.751
576210,1,4,52,95,2,,,,,,,,2,,,,,,,,,,,,,,,52,109.015.757.783.751
576210,1,5,52,95,2,,,,,,,,2,,,,,,,,,,,,,,,52,109.015.757.783.751
576210,1,6,52,95,2,,,,,,,,2,,,,,,,,,,,,,,,52,109.015.757.783.751
576211,1,1,52,95,2,,,,,,,,2,,,,,,,,,,,,,,,52,155.128.063.063.042
576211,1,2,52,95,2,,,,,,,,2,,,,,,,,,,,,,,,52,155.128.063.063.042
576211,1,3,52,95,2,,,,,,,,2,,,,,,,,,,,,,,,52,155.128.063.063.042
576211,1,4,52,95,2,,,,,,,,2,,,,,,,,,,,,,,,52,155.128.063.063.042
576212,1,1,52,95,2,,,,,,,,2,,,,,,,,,,,,,,,52,100.669.487.491.084
576212,1,2,52,95,2,,,,,,,,1,2,,1,,,600000,,,1200000,2,1,2,,2,52,100.669.487.491.084
576212,1,3,52,95,2,,,,,,,,2,,,,,,,,,,,,,,,52,100.669.487.491.084
576212,1,4,52,95,2,,,,,,,,2,,,,,,,,,,,,,,,52,100.669.487.491.084
576212,1,5,52,95,2,,,,,,,,2,,,,,,,,,,,,,,,52,100.669.487.491.084
576214,1,1,52,95,2,,,,,,,,1,2,,2,,,,,,7200000,2,1,2,,2,52,149.778.342.782.381
576215,1,1,52,95,2,,,,,,,,2,,,,,,,,,,,,,,,52,115.300.072.341.698
576215,1,2,52,95,2,,,,,,,,2,,,,,,,,,,,,,,,52,115.300.072.341.698
576215,1,3,52,95,2,,,,,,,,2,,,,,,,,,,,,,,,52,115.300.072.341.698
576215,1,4,52,95,2,,,,,,,,2,,,,,,,,,,,,,,,52,115.300.072.341.698
576216,1,1,52,95,2,,,,,,,,2,,,,,,,,,,,,,,,52,13.231.549.283.244
576216,1,2,52,95,2,,,,,,,,1,2,,2,,,,,,2400000,2,1,2,,2,52,13.231.549.283.244
576216,1,3,52,95,2,,,,,,,,2,,,,,,,,,,,,,,,52,13.231.549.283.244
576216,1,4,52,95,2,,,,,,,,1,2,,2,,,,,,240000,2,1,2,,2,52,13.231.549.283.244
576216,1,5,52,95,2,,,,,,,,2,,,,,,,,,,,,,,,52,13.231.549.283.244
576217,1,1,52,95,2,,,,,,,,2,,,,,,,,,,,,,,,52,988.648.848.129.977
576217,1,2,52,95,2,,,,,,,,2,,,,,,,,,,,,,,,52,988.648.848.129.977
576217,2,1,52,95,1,,1,2,,,300000,2,2,,,,,,,,,,,,,,,52,988.648.848.129.977
576217,2,2,52,95,2,,,,,,,,1,2,,2,,,,,,1200000,2,1,2,,2,52,988.648.848.129.977
576218,1,1,52,95,1,,2,1,,900000,,2,2,,,,,,,,,,,,,,,52,110.327.784.377.698
576218,1,2,52,95,2,,,,,,,,2,,,,,,,,,,,,,,,52,110.327.784.377.698
576218,1,3,52,95,2,,,,,,,,2,,,,,,,,,,,,,,,52,110.327.784.377.698
576218,1,4,52,95,2,,,,,,,,2,,,,,,,,,,,,,,,52,110.327.784.377.698
576219,1,1,52,95,2,,,,,,,,2,,,,,,,,,,,,,,,52,1.411.892.950.704
576219,1,2,52,95,2,,,,,,,,2,,,,,,,,,,,,,,,52,1.411.892.950.704
576219,1,3,52,95,2,,,,,,,,2,,,,,,,,,,,,,,,52,1.411.892.950.704
576219,1,4,52,95,2,,,,,,,,2,,,,,,,,,,,,,,,52,1.411.892.950.704
576219,1,5,52,95,2,,,,,,,,2,,,,,,,,,,,,,,,52,1.411.892.950.704
576220,1,1,52,95,2,,,,,,,,2,,,,,,,,,,,,,,,52,150.940.269.747.697
576220,1,2,52,95,2,,,,,,,,2,,,,,,,,,,,,,,,52,150.940.269.747.697
576220,1,3,52,95,2,,,,,,,,2,,,,,,,,,,,,,,,52,150.940.269.747.697
576221,1,1,52,95,2,,,,,,,,2,,,,,,,,,,,,,,,52,168.868.597.241.081
576221,1,2,52,95,2,,,,,,,,2,,,,,,,,,,,,,,,52,168.868.597.241.081
576221,1,3,52,95,2,,,,,,,,2,,,,,,,,,,,,,,,52,168.868.597.241.081
576221,1,5,52,95,2,,,,,,,,2,,,,,,,,,,,,,,,52,168.868.597.241.081
576221,1,6,52,95,2,,,,,,,,2,,,,,,,,,,,,,,,52,168.868.597.241.081
576222,1,1,52,95,2,,,,,,,,2,,,,,,,,,,,,,,,52,302.459.807.579.133
576222,1,2,52,95,2,,,,,,,,2,,,,,,,,,,,,,,,52,302.459.807.579.133
576223,1,1,52,95,2,,,,,,,,1,2,,1,,,1000000,,,,2,2,2,6000000,1,52,57.545.924.053.103
576223,1,2,52,95,2,,,,,,,,2,,,,,,,,,,,,,,,52,57.545.924.053.103
576224,1,1,52,95,2,,,,,,,,1,2,,2,,,,,,,2,2,2,60000,1,52,271.025.517.173.829
576224,1,2,52,95,2,,,,,,,,1,2,,2,,,,,,1440000,2,1,2,,2,52,271.025.517.173.829
576225,1,1,52,95,1,,1,2,,,300000,2,2,,,,,,,,,,,,,,,52,555.940.799.837.764
576228,1,1,52,95,2,,,,,,,,2,,,,,,,,,,,,,,,52,166.306.598.455.037
576228,1,2,52,95,1,,1,2,,,270000,2,2,,,,,,,,,,,,,,,52,166.306.598.455.037
576230,1,1,52,95,2,,,,,,,,2,,,,,,,,,,,,,,,52,880.442.530.960.884
576230,1,2,52,95,2,,,,,,,,2,,,,,,,,,,,,,,,52,880.442.530.960.884
576230,1,3,52,95,2,,,,,,,,1,2,,2,,,,,,400000,2,1,2,,2,52,880.442.530.960.884
576230,1,5,52,95,2,,,,,,,,2,,,,,,,,,,,,,,,52,880.442.530.960.884
576230,1,6,52,95,2,,,,,,,,2,,,,,,,,,,,,,,,52,880.442.530.960.884
576231,1,1,52,95,2,,,,,,,,2,,,,,,,,,,,,,,,52,147.859.002.197.401
576232,1,1,52,95,2,,,,,,,,1,2,,2,,,,,,1800000,2,1,2,,2,52,179.754.417.854.703
576232,1,2,52,95,2,,,,,,,,2,,,,,,,,,,,,,,,52,179.754.417.854.703
576232,1,3,52,95,2,,,,,,,,2,,,,,,,,,,,,,,,52,179.754.417.854.703
576232,1,4,52,95,2,,,,,,,,2,,,,,,,,,,,,,,,52,179.754.417.854.703
576233,1,1,52,95,2,,,,,,,,1,2,,2,,,,,,840000,2,1,2,,2,52,10.053.481.508.203
576234,1,1,52,95,2,,,,,,,,2,,,,,,,,,,,,,,,52,129.660.816.255.713
576234,1,2,52,95,2,,,,,,,,2,,,,,,,,,,,,,,,52,129.660.816.255.713
576234,1,3,52,95,2,,,,,,,,2,,,,,,,,,,,,,,,52,129.660.816.255.713
576235,1,1,52,95,2,,,,,,,,2,,,,,,,,,,,,,,,52,129.660.816.255.713
576235,1,2,52,95,2,,,,,,,,2,,,,,,,,,,,,,,,52,129.660.816.255.713
576235,1,3,52,95,2,,,,,,,,2,,,,,,,,,,,,,,,52,129.660.816.255.713
576236,1,1,52,95,1,,2,1,,970000,,2,2,,,,,,,,,,,,,,,52,952.285.964.234.392
576236,1,2,52,95,2,,,,,,,,2,,,,,,,,,,,,,,,52,952.285.964.234.392
576236,1,3,52,95,2,,,,,,,,2,,,,,,,,,,,,,,,52,952.285.964.234.392
576236,1,5,52,95,2,,,,,,,,2,,,,,,,,,,,,,,,52,952.285.964.234.392
576237,1,1,52,95,2,,,,,,,,2,,,,,,,,,,,,,,,52,114.138.145.376.382
576237,1,2,52,95,2,,,,,,,,2,,,,,,,,,,,,,,,52,114.138.145.376.382
576238,1,1,52,95,2,,,,,,,,2,,,,,,,,,,,,,,,52,16.311.644.719.233
576238,1,2,52,95,2,,,,,,,,2,,,,,,,,,,,,,,,52,16.311.644.719.233
576239,1,1,52,95,2,,,,,,,,2,,,,,,,,,,,,,,,52,172.390.147.723.747
576239,1,2,52,95,2,,,,,,,,2,,,,,,,,,,,,,,,52,172.390.147.723.747
576239,1,3,52,95,2,,,,,,,,1,2,,2,,,,200000,,,1,2,2,,2,52,172.390.147.723.747
576239,1,4,52,95,2,,,,,,,,2,,,,,,,,,,,,,,,52,172.390.147.723.747
576239,1,5,52,95,2,,,,,,,,2,,,,,,,,,,,,,,,52,172.390.147.723.747
576239,1,6,52,95,2,,,,,,,,2,,,,,,,,,,,,,,,52,172.390.147.723.747
576240,1,1,52,95,2,,,,,,,,2,,,,,,,,,,,,,,,52,145.183.487.135.044
576240,1,2,52,95,2,,,,,,,,2,,,,,,,,,,,,,,,52,145.183.487.135.044
576240,1,3,52,95,2,,,,,,,,2,,,,,,,,,,,,,,,52,145.183.487.135.044
576240,1,4,52,95,2,,,,,,,,2,,,,,,,,,,,,,,,52,145.183.487.135.044
576242,1,1,52,95,2,,,,,,,,2,,,,,,,,,,,,,,,52,166.306.598.455.037
576242,1,2,52,95,2,,,,,,,,2,,,,,,,,,,,,,,,52,166.306.598.455.037
576243,1,1,52,95,2,,,,,,,,2,,,,,,,,,,,,,,,52,129.133.284.310.419
576243,1,2,52,95,2,,,,,,,,2,,,,,,,,,,,,,,,52,129.133.284.310.419
576243,1,3,52,95,2,,,,,,,,2,,,,,,,,,,,,,,,52,129.133.284.310.419
576243,1,4,52,95,2,,,,,,,,2,,,,,,,,,,,,,,,52,129.133.284.310.419
576244,1,1,52,95,1,,1,1,,600000,300000,2,2,,,,,,,,,,,,,,,52,101.453.982.139.738
576244,1,2,52,95,2,,,,,,,,2,,,,,,,,,,,,,,,52,101.453.982.139.738
576244,1,3,52,95,2,,,,,,,,1,2,,2,,,,,,2400000,2,1,2,,2,52,101.453.982.139.738
576244,1,4,52,95,2,,,,,,,,2,,,,,,,,,,,,,,,52,101.453.982.139.738
576245,1,1,52,95,2,,,,,,,,2,,,,,,,,,,,,,,,52,112.468.215.107.349
576245,1,2,52,95,2,,,,,,,,2,,,,,,,,,,,,,,,52,112.468.215.107.349
576245,1,3,52,95,2,,,,,,,,2,,,,,,,,,,,,,,,52,112.468.215.107.349
576245,1,4,52,95,2,,,,,,,,2,,,,,,,,,,,,,,,52,112.468.215.107.349
576245,1,6,52,95,2,,,,,,,,1,2,,2,,,,,,100000,2,1,2,,2,52,112.468.215.107.349
576246,1,1,52,95,2,,,,,,,,2,,,,,,,,,,,,,,,52,156.711.965.949.731
576246,1,2,52,95,2,,,,,,,,2,,,,,,,,,,,,,,,52,156.711.965.949.731
576246,1,3,52,95,2,,,,,,,,2,,,,,,,,,,,,,,,52,156.711.965.949.731
576246,1,4,52,95,2,,,,,,,,2,,,,,,,,,,,,,,,52,156.711.965.949.731
576246,1,5,52,95,2,,,,,,,,2,,,,,,,,,,,,,,,52,156.711.965.949.731
576246,1,6,52,95,2,,,,,,,,2,,,,,,,,,,,,,,,52,156.711.965.949.731
576247,1,1,52,95,2,,,,,,,,2,,,,,,,,,,,,,,,52,362.851.062.641.168
576247,1,2,52,95,2,,,,,,,,2,,,,,,,,,,,,,,,52,362.851.062.641.168
576248,1,1,52,95,1,,2,1,,755000,,2,2,,,,,,,,,,,,,,,52,147.616.224.778.087
576248,1,2,52,95,2,,,,,,,,1,2,,2,,,,4200000,,,1,2,2,,2,52,147.616.224.778.087
576248,1,3,52,95,2,,,,,,,,2,,,,,,,,,,,,,,,52,147.616.224.778.087
576248,1,4,52,95,2,,,,,,,,2,,,,,,,,,,,,,,,52,147.616.224.778.087
576248,1,5,52,95,2,,,,,,,,2,,,,,,,,,,,,,,,52,147.616.224.778.087
576248,1,7,52,95,2,,,,,,,,2,,,,,,,,,,,,,,,52,147.616.224.778.087
576249,1,1,52,95,2,,,,,,,,2,,,,,,,,,,,,,,,52,120.787.014.017.752
576249,1,2,52,95,2,,,,,,,,2,,,,,,,,,,,,,,,52,120.787.014.017.752
576249,1,3,52,95,2,,,,,,,,1,2,,2,,,,400000,,,1,2,2,,2,52,120.787.014.017.752
576250,1,1,52,95,2,,,,,,,,2,,,,,,,,,,,,,,,52,143.264.146.550.064
576250,1,2,52,95,1,,1,2,,,350000,2,2,,,,,,,,,,,,,,,52,143.264.146.550.064
576250,1,3,52,95,2,,,,,,,,2,,,,,,,,,,,,,,,52,143.264.146.550.064
576250,1,4,52,95,2,,,,,,,,2,,,,,,,,,,,,,,,52,143.264.146.550.064
576251,1,1,52,95,2,,,,,,,,1,2,,2,,,,,,2400000,2,1,2,,2,52,110.420.462.168.381
576251,1,2,52,95,2,,,,,,,,2,,,,,,,,,,,,,,,52,110.420.462.168.381
576251,1,3,52,95,2,,,,,,,,2,,,,,,,,,,,,,,,52,110.420.462.168.381
576252,1,1,52,95,2,,,,,,,,1,2,,2,,,,300000,,,1,2,2,,2,52,168.868.597.241.081
576252,1,2,52,95,2,,,,,,,,2,,,,,,,,,,,,,,,52,168.868.597.241.081
576252,1,3,52,95,2,,,,,,,,2,,,,,,,,,,,,,,,52,168.868.597.241.081
576252,1,4,52,95,2,,,,,,,,2,,,,,,,,,,,,,,,52,168.868.597.241.081
576252,1,5,52,95,2,,,,,,,,2,,,,,,,,,,,,,,,52,168.868.597.241.081
576253,1,1,52,95,2,,,,,,,,2,,,,,,,,,,,,,,,52,141.817.447.547.063
576253,1,2,52,95,2,,,,,,,,2,,,,,,,,,,,,,,,52,141.817.447.547.063
576254,1,1,52,95,2,,,,,,,,2,,,,,,,,,,,,,,,52,812.017.832.040.158
576254,1,2,52,95,2,,,,,,,,1,2,,2,,,,,,2400000,2,1,2,,2,52,812.017.832.040.158
576255,1,1,52,95,2,,,,,,,,1,2,,2,,,,,,6000000,2,1,2,,2,52,116.057.485.961.361
576255,1,2,52,95,2,,,,,,,,2,,,,,,,,,,,,,,,52,116.057.485.961.361
576256,1,1,52,95,2,,,,,,,,2,,,,,,,,,,,,,,,52,114.138.145.376.382
576256,1,2,52,95,2,,,,,,,,2,,,,,,,,,,,,,,,52,114.138.145.376.382
576257,1,1,52,95,2,,,,,,,,2,,,,,,,,,,,,,,,52,127.213.943.725.439
576257,1,2,52,95,2,,,,,,,,2,,,,,,,,,,,,,,,52,127.213.943.725.439
576257,1,3,52,95,2,,,,,,,,2,,,,,,,,,,,,,,,52,127.213.943.725.439
576257,1,5,52,95,2,,,,,,,,2,,,,,,,,,,,,,,,52,127.213.943.725.439
576258,1,1,52,95,2,,,,,,,,2,,,,,,,,,,,,,,,52,141.817.447.547.063
576258,1,2,52,95,2,,,,,,,,2,,,,,,,,,,,,,,,52,141.817.447.547.063
576259,1,1,52,95,2,,,,,,,,1,2,,2,,,,,,2400000,2,1,2,,2,52,152.211.080.425.424
576259,1,2,52,95,2,,,,,,,,2,,,,,,,,,,,,,,,52,152.211.080.425.424
576259,1,3,52,95,2,,,,,,,,2,,,,,,,,,,,,,,,52,152.211.080.425.424
576260,1,1,52,95,2,,,,,,,,2,,,,,,,,,,,,,,,52,106.149.761.247.094
576260,1,2,52,95,2,,,,,,,,2,,,,,,,,,,,,,,,52,106.149.761.247.094
576260,1,3,52,95,2,,,,,,,,2,,,,,,,,,,,,,,,52,106.149.761.247.094
576260,1,4,52,95,2,,,,,,,,2,,,,,,,,,,,,,,,52,106.149.761.247.094
576261,1,1,52,95,2,,,,,,,,2,,,,,,,,,,,,,,,52,197.176.051.888.425
576261,1,2,52,95,2,,,,,,,,2,,,,,,,,,,,,,,,52,197.176.051.888.425
576262,1,1,52,95,1,,2,1,,433700,,2,2,,,,,,,,,,,,,,,52,104.378.907.518.042
576262,1,2,52,95,2,,,,,,,,2,,,,,,,,,,,,,,,52,104.378.907.518.042
576262,1,3,52,95,2,,,,,,,,1,2,,2,,,,,,2500000,2,1,2,,2,52,104.378.907.518.042
576262,1,5,52,95,2,,,,,,,,1,2,,2,,,,3000000,,150000,1,1,2,,2,52,104.378.907.518.042
576264,1,1,52,95,2,,,,,,,,2,,,,,,,,,,,,,,,52,142.129.300.613.738
576264,1,2,52,95,2,,,,,,,,2,,,,,,,,,,,,,,,52,142.129.300.613.738
576264,1,3,52,95,2,,,,,,,,2,,,,,,,,,,,,,,,52,142.129.300.613.738
576265,1,1,52,95,2,,,,,,,,2,,,,,,,,,,,,,,,52,671.278.359.515.249
576265,1,2,52,95,2,,,,,,,,2,,,,,,,,,,,,,,,52,671.278.359.515.249
576265,1,3,52,95,2,,,,,,,,2,,,,,,,,,,,,,,,52,671.278.359.515.249
576266,1,1,52,95,2,,,,,,,,1,2,,2,,,,,,2400000,2,1,2,,2,52,112.063.293.896.718
576266,1,2,52,95,2,,,,,,,,2,,,,,,,,,,,,,,,52,112.063.293.896.718
576266,1,3,52,95,2,,,,,,,,2,,,,,,,,,,,,,,,52,112.063.293.896.718
576267,1,1,52,95,2,,,,,,,,2,,,,,,,,,,,,,,,52,145.784.150.717.737
576267,1,2,52,95,2,,,,,,,,2,,,,,,,,,,,,,,,52,145.784.150.717.737
576269,1,1,52,95,2,,,,,,,,1,2,,2,,,,,,98,2,1,2,,2,52,284.608.188.237.364
576269,1,2,52,95,2,,,,,,,,2,,,,,,,,,,,,,,,52,284.608.188.237.364
576271,1,1,52,95,2,,,,,,,,2,,,,,,,,,,,,,,,52,538.532.416.878.848
576271,1,2,52,95,2,,,,,,,,2,,,,,,,,,,,,,,,52,538.532.416.878.848
576271,1,3,52,95,2,,,,,,,,2,,,,,,,,,,,,,,,52,538.532.416.878.848
576272,1,1,52,95,1,,2,1,,30000000,,2,2,,,,,,,,,,,,,,,52,456.552.581.505.527
576272,1,2,52,95,1,,1,2,,,270000,2,2,,,,,,,,,,,,,,,52,456.552.581.505.527
576273,1,1,52,95,2,,,,,,,,2,,,,,,,,,,,,,,,52,671.278.359.515.249
576273,1,2,52,95,2,,,,,,,,2,,,,,,,,,,,,,,,52,671.278.359.515.249
576273,1,3,52,95,2,,,,,,,,2,,,,,,,,,,,,,,,52,671.278.359.515.249
576273,1,4,52,95,2,,,,,,,,2,,,,,,,,,,,,,,,52,671.278.359.515.249
576273,1,5,52,95,2,,,,,,,,2,,,,,,,,,,,,,,,52,671.278.359.515.249
576274,1,1,52,95,1,,1,2,,,300000,2,2,,,,,,,,,,,,,,,52,819.371.191.957.632
576274,1,2,52,95,1,,1,2,,,600000,2,2,,,,,,,,,,,,,,,52,819.371.191.957.632
576274,1,3,52,95,2,,,,,,,,1,2,,2,,,,,,2000000,2,1,2,,2,52,819.371.191.957.632
576274,1,4,52,95,2,,,,,,,,2,,,,,,,,,,,,,,,52,819.371.191.957.632
576276,1,1,52,95,2,,,,,,,,2,,,,,,,,,,,,,,,52,166.306.598.455.037
576276,1,2,52,95,2,,,,,,,,2,,,,,,,,,,,,,,,52,166.306.598.455.037
576277,1,1,52,95,2,,,,,,,,1,2,,1,,,24000000,,,,2,2,2,26000000,1,52,110.143.953.311.738
576277,1,2,52,95,2,,,,,,,,2,,,,,,,,,,,,,,,52,110.143.953.311.738
576277,1,3,52,95,2,,,,,,,,1,2,,2,,,,,,1200000,2,1,2,,2,52,110.143.953.311.738
576278,1,1,52,95,1,,2,1,,780000,,2,2,,,,,,,,,,,,,,,52,955.896.081.470.208
576278,1,2,52,95,1,,2,1,,748000,,2,2,,,,,,,,,,,,,,,52,955.896.081.470.208
576280,1,1,52,95,2,,,,,,,,1,2,,2,,,,,,2400000,2,1,2,,2,52,139.362.632.276.103
576280,1,2,52,95,2,,,,,,,,2,,,,,,,,,,,,,,,52,139.362.632.276.103
576280,1,3,52,95,2,,,,,,,,2,,,,,,,,,,,,,,,52,139.362.632.276.103
576280,1,5,52,95,2,,,,,,,,1,2,,2,,,,1800000,,,1,2,2,,2,52,139.362.632.276.103
576281,1,1,52,95,1,,2,1,,900000,,2,2,,,,,,,,,,,,,,,52,920.384.451.607.322
576281,1,2,52,95,2,,,,,,,,2,,,,,,,,,,,,,,,52,920.384.451.607.322
576281,1,3,52,95,2,,,,,,,,1,2,,2,,,,,,1200000,2,1,2,,2,52,920.384.451.607.322
576281,1,5,52,95,2,,,,,,,,2,,,,,,,,,,,,,,,52,920.384.451.607.322
576282,1,1,52,95,2,,,,,,,,2,,,,,,,,,,,,,,,52,144.048.641.198.718
576282,1,2,52,95,2,,,,,,,,2,,,,,,,,,,,,,,,52,144.048.641.198.718
576282,1,3,52,95,2,,,,,,,,2,,,,,,,,,,,,,,,52,144.048.641.198.718
576283,1,1,52,95,2,,,,,,,,2,,,,,,,,,,,,,,,52,134.633.104.219.712
576283,1,2,52,95,2,,,,,,,,2,,,,,,,,,,,,,,,52,134.633.104.219.712
576283,1,3,52,95,2,,,,,,,,2,,,,,,,,,,,,,,,52,134.633.104.219.712
576284,1,1,52,95,1,,2,1,,2090000,,2,2,,,,,,,,,,,,,,,52,125.759.301.981.752
576284,1,2,52,95,2,,,,,,,,2,,,,,,,,,,,,,,,52,125.759.301.981.752
576284,1,3,52,95,2,,,,,,,,2,,,,,,,,,,,,,,,52,125.759.301.981.752
576285,1,1,52,95,2,,,,,,,,2,,,,,,,,,,,,,,,52,977.025.499.827.023
576285,1,2,52,95,2,,,,,,,,2,,,,,,,,,,,,,,,52,977.025.499.827.023
576285,1,3,52,95,2,,,,,,,,2,,,,,,,,,,,,,,,52,977.025.499.827.023
576285,1,4,52,95,2,,,,,,,,2,,,,,,,,,,,,,,,52,977.025.499.827.023
576286,1,1,52,95,1,,2,1,,1200000,,2,2,,,,,,,,,,,,,,,52,141.952.119.956.117
576286,1,2,52,95,2,,,,,,,,2,,,,,,,,,,,,,,,52,141.952.119.956.117
576286,1,3,52,95,2,,,,,,,,2,,,,,,,,,,,,,,,52,141.952.119.956.117
576286,2,1,52,95,2,,,,,,,,2,,,,,,,,,,,,,,,52,141.952.119.956.117
576286,2,2,52,95,2,,,,,,,,2,,,,,,,,,,,,,,,52,141.952.119.956.117
576286,2,3,52,95,2,,,,,,,,2,,,,,,,,,,,,,,,52,141.952.119.956.117
576287,1,1,52,95,1,,2,2,120000,,,1,1,2,,2,,,,,,2000000,2,1,2,,2,52,140.546.636.869.335
576287,1,2,52,95,2,,,,,,,,2,,,,,,,,,,,,,,,52,140.546.636.869.335
576288,1,1,52,95,1,,1,2,,,115000,2,2,,,,,,,,,,,,,,,52,115.057.312.434.089
576288,1,2,52,95,2,,,,,,,,2,,,,,,,,,,,,,,,52,115.057.312.434.089
576288,1,3,52,95,2,,,,,,,,1,2,,2,,,,600000,,,1,2,2,,2,52,115.057.312.434.089
576288,2,1,52,95,2,,,,,,,,2,,,,,,,,,,,,,,,52,115.057.312.434.089
576288,2,2,52,95,2,,,,,,,,1,2,,2,,,,,,4000000,2,1,2,,2,52,115.057.312.434.089
576289,1,1,52,95,2,,,,,,,,2,,,,,,,,,,,,,,,52,16.311.644.719.233
576289,1,2,52,95,2,,,,,,,,1,2,,2,,,,9600000,,,1,2,2,,2,52,16.311.644.719.233
576290,1,1,52,95,2,,,,,,,,2,,,,,,,,,,,,,,,52,179.801.045.036.976
576290,1,2,52,95,2,,,,,,,,2,,,,,,,,,,,,,,,52,179.801.045.036.976
576290,1,3,52,95,2,,,,,,,,2,,,,,,,,,,,,,,,52,179.801.045.036.976
576290,1,4,52,95,2,,,,,,,,2,,,,,,,,,,,,,,,52,179.801.045.036.976
576290,1,8,52,95,2,,,,,,,,2,,,,,,,,,,,,,,,52,179.801.045.036.976
576291,1,1,52,95,2,,,,,,,,2,,,,,,,,,,,,,,,52,115.300.072.341.698
576291,1,2,52,95,2,,,,,,,,2,,,,,,,,,,,,,,,52,115.300.072.341.698
576291,1,3,52,95,2,,,,,,,,2,,,,,,,,,,,,,,,52,115.300.072.341.698
576291,1,5,52,95,1,,2,1,,414000,,2,2,,,,,,,,,,,,,,,52,115.300.072.341.698
576292,1,1,52,95,2,,,,,,,,2,,,,,,,,,,,,,,,52,165.678.445.978.374
576292,1,2,52,95,2,,,,,,,,2,,,,,,,,,,,,,,,52,165.678.445.978.374
576292,1,3,52,95,2,,,,,,,,1,2,,2,,,,,,800000,2,1,2,,2,52,165.678.445.978.374
576292,1,4,52,95,2,,,,,,,,2,,,,,,,,,,,,,,,52,165.678.445.978.374
576292,1,5,52,95,2,,,,,,,,2,,,,,,,,,,,,,,,52,165.678.445.978.374
576293,1,1,52,95,2,,,,,,,,2,,,,,,,,,,,,,,,52,322.601.728.174.334
576295,1,1,52,95,2,,,,,,,,1,2,,1,,,480000,,,,2,2,2,,2,52,125.023.965.990.004
576296,1,1,52,95,1,,1,2,,,210000,2,2,,,,,,,,,,,,,,,52,152.249.170.781.441
576296,1,2,52,95,2,,,,,,,,2,,,,,,,,,,,,,,,52,152.249.170.781.441
576296,1,3,52,95,2,,,,,,,,2,,,,,,,,,,,,,,,52,152.249.170.781.441
576296,1,4,52,95,2,,,,,,,,2,,,,,,,,,,,,,,,52,152.249.170.781.441
576296,1,5,52,95,2,,,,,,,,2,,,,,,,,,,,,,,,52,152.249.170.781.441
576296,1,6,52,95,2,,,,,,,,1,2,,2,,,,,,1200000,2,1,2,,2,52,152.249.170.781.441
576297,1,1,52,95,2,,,,,,,,2,,,,,,,,,,,,,,,52,145.183.487.135.044
576297,1,2,52,95,2,,,,,,,,2,,,,,,,,,,,,,,,52,145.183.487.135.044
576297,1,3,52,95,2,,,,,,,,2,,,,,,,,,,,,,,,52,145.183.487.135.044
576297,1,4,52,95,2,,,,,,,,2,,,,,,,,,,,,,,,52,145.183.487.135.044
576436,1,1,66,95,2,,,,,,,,2,,,,,,,,,,,,,,,66,27.691.704.101.649
576436,1,2,66,95,2,,,,,,,,2,,,,,,,,,,,,,,,66,27.691.704.101.649
576436,1,3,66,95,2,,,,,,,,2,,,,,,,,,,,,,,,66,27.691.704.101.649
576436,1,6,66,95,2,,,,,,,,2,,,,,,,,,,,,,,,66,27.691.704.101.649
576437,1,1,66,95,1,,1,1,,433700,250000,2,2,,,,,,,,,,,,,,,66,272.614.364.304.866
576437,1,2,66,95,2,,,,,,,,2,,,,,,,,,,,,,,,66,272.614.364.304.866
576438,1,1,66,95,2,,,,,,,,2,,,,,,,,,,,,,,,66,278.284.387.478.716
576438,1,2,66,95,2,,,,,,,,2,,,,,,,,,,,,,,,66,278.284.387.478.716
576440,1,1,66,95,2,,,,,,,,2,,,,,,,,,,,,,,,66,300.581.416.730.161
576440,1,2,66,95,2,,,,,,,,2,,,,,,,,,,,,,,,66,300.581.416.730.161
576441,1,1,66,95,2,,,,,,,,2,,,,,,,,,,,,,,,66,276.111.614.111.464
576441,1,2,66,95,2,,,,,,,,2,,,,,,,,,,,,,,,66,276.111.614.111.464
576441,1,3,66,95,2,,,,,,,,2,,,,,,,,,,,,,,,66,276.111.614.111.464
576442,1,1,66,95,1,,1,2,,,230000,2,2,,,,,,,,,,,,,,,66,270.957.577.352.168
576442,1,2,66,95,2,,,,,,,,2,,,,,,,,,,,,,,,66,270.957.577.352.168
576443,1,1,66,95,2,,,,,,,,2,,,,,,,,,,,,,,,66,269.405.840.578.099
576443,1,2,66,95,1,,1,2,,,180000,2,2,,,,,,,,,,,,,,,66,269.405.840.578.099
576443,1,3,66,95,2,,,,,,,,2,,,,,,,,,,,,,,,66,269.405.840.578.099
576444,1,1,66,95,2,,,,,,,,2,,,,,,,,,,,,,,,66,261.447.204.046.586
576444,1,2,66,95,2,,,,,,,,1,2,,2,,,,,,2400000,2,1,2,,2,66,261.447.204.046.586
576444,1,3,66,95,2,,,,,,,,2,,,,,,,,,,,,,,,66,261.447.204.046.586
576444,1,4,66,95,2,,,,,,,,2,,,,,,,,,,,,,,,66,261.447.204.046.586
576444,1,5,66,95,2,,,,,,,,2,,,,,,,,,,,,,,,66,261.447.204.046.586
576444,1,6,66,95,2,,,,,,,,2,,,,,,,,,,,,,,,66,261.447.204.046.586
576444,1,7,66,95,2,,,,,,,,2,,,,,,,,,,,,,,,66,261.447.204.046.586
576445,1,1,66,95,1,,2,1,,433700,,2,2,,,,,,,,,,,,,,,66,274.073.856.230.383
576445,1,2,66,95,2,,,,,,,,2,,,,,,,,,,,,,,,66,274.073.856.230.383
576445,1,3,66,95,2,,,,,,,,2,,,,,,,,,,,,,,,66,274.073.856.230.383
576445,1,4,66,95,2,,,,,,,,2,,,,,,,,,,,,,,,66,274.073.856.230.383
576445,1,5,66,95,2,,,,,,,,1,2,,2,1200000,,,,,,2,2,1,,2,66,274.073.856.230.383
576446,1,1,66,95,2,,,,,,,,2,,,,,,,,,,,,,,,66,248.051.748.736.579
576447,1,1,66,95,2,,,,,,,,2,,,,,,,,,,,,,,,66,305.639.542.973.428
576447,1,2,66,95,2,,,,,,,,2,,,,,,,,,,,,,,,66,305.639.542.973.428
576447,1,3,66,95,2,,,,,,,,2,,,,,,,,,,,,,,,66,305.639.542.973.428
576448,1,1,66,95,2,,,,,,,,1,2,,2,2400000,,,,,,2,2,1,,2,66,275.075.863.751.949
576448,1,2,66,95,2,,,,,,,,1,2,,2,,,,,,6000000,2,1,2,,2,66,275.075.863.751.949
576448,1,3,66,95,2,,,,,,,,2,,,,,,,,,,,,,,,66,275.075.863.751.949
576449,1,1,66,95,2,,,,,,,,2,,,,,,,,,,,,,,,66,280.375.206.202.891
576449,1,2,66,95,2,,,,,,,,2,,,,,,,,,,,,,,,66,280.375.206.202.891
576450,1,1,66,95,2,,,,,,,,2,,,,,,,,,,,,,,,66,277.600.714.247.603
576450,1,2,66,95,2,,,,,,,,2,,,,,,,,,,,,,,,66,277.600.714.247.603
576450,1,3,66,95,2,,,,,,,,2,,,,,,,,,,,,,,,66,277.600.714.247.603
576451,1,1,66,95,2,,,,,,,,2,,,,,,,,,,,,,,,66,268.945.030.369.524
576451,1,2,66,95,2,,,,,,,,2,,,,,,,,,,,,,,,66,268.945.030.369.524
576451,1,3,66,95,2,,,,,,,,2,,,,,,,,,,,,,,,66,268.945.030.369.524
576452,1,1,66,95,1,,1,2,,,700000,2,1,2,,2,,,,,,1200000,2,1,2,,2,66,228.262.198.999.205
576452,1,2,66,95,2,,,,,,,,2,,,,,,,,,,,,,,,66,228.262.198.999.205
576452,1,3,66,95,2,,,,,,,,1,2,,2,2400000,,,,,,2,2,1,,2,66,228.262.198.999.205
576453,1,1,66,95,2,,,,,,,,2,,,,,,,,,,,,,,,66,236.609.715.159.076
576453,1,2,66,95,2,,,,,,,,2,,,,,,,,,,,,,,,66,236.609.715.159.076
576453,1,3,66,95,2,,,,,,,,2,,,,,,,,,,,,,,,66,236.609.715.159.076
576453,1,4,66,95,2,,,,,,,,2,,,,,,,,,,,,,,,66,236.609.715.159.076
576454,1,1,66,95,2,,,,,,,,2,,,,,,,,,,,,,,,66,275.139.214.800.519
576454,1,2,66,95,2,,,,,,,,2,,,,,,,,,,,,,,,66,275.139.214.800.519
576455,1,1,66,95,2,,,,,,,,2,,,,,,,,,,,,,,,66,271.391.609.123.646
576455,1,2,66,95,2,,,,,,,,2,,,,,,,,,,,,,,,66,271.391.609.123.646
576456,1,1,66,95,1,,1,1,,433700,150000,2,2,,,,,,,,,,,,,,,66,202.147.846.656.849
576456,1,2,66,95,2,,,,,,,,2,,,,,,,,,,,,,,,66,202.147.846.656.849
576456,1,3,66,95,2,,,,,,,,2,,,,,,,,,,,,,,,66,202.147.846.656.849
576457,1,1,66,95,2,,,,,,,,1,2,,2,,,,,,12000000,2,1,2,,2,66,251.709.224.927.785
576457,1,2,66,95,2,,,,,,,,2,,,,,,,,,,,,,,,66,251.709.224.927.785
576458,1,1,66,95,1,,1,1,,433700,400000,2,2,,,,,,,,,,,,,,,66,219.013.429.849.149
576460,1,1,66,95,2,,,,,,,,2,,,,,,,,,,,,,,,66,269.379.062.141.002
576460,1,2,66,95,2,,,,,,,,2,,,,,,,,,,,,,,,66,269.379.062.141.002
576460,1,3,66,95,2,,,,,,,,2,,,,,,,,,,,,,,,66,269.379.062.141.002
576461,1,1,66,95,2,,,,,,,,2,,,,,,,,,,,,,,,66,268.945.030.369.524
576461,1,2,66,95,2,,,,,,,,2,,,,,,,,,,,,,,,66,268.945.030.369.524
576461,1,3,66,95,2,,,,,,,,2,,,,,,,,,,,,,,,66,268.945.030.369.524
576462,1,1,66,95,2,,,,,,,,1,2,,2,12000000,,,,,,2,2,1,,2,66,305.639.542.973.428
576462,1,2,66,95,2,,,,,,,,2,,,,,,,,,,,,,,,66,305.639.542.973.428
576462,1,3,66,95,1,,2,1,,4800000,,2,2,,,,,,,,,,,,,,,66,305.639.542.973.428
576463,1,1,66,95,2,,,,,,,,2,,,,,,,,,,,,,,,66,301.562.509.344.531
576463,1,2,66,95,1,,1,2,,,400000,2,2,,,,,,,,,,,,,,,66,301.562.509.344.531
576463,1,3,66,95,2,,,,,,,,2,,,,,,,,,,,,,,,66,301.562.509.344.531
576463,1,4,66,95,2,,,,,,,,2,,,,,,,,,,,,,,,66,301.562.509.344.531
576464,1,1,66,95,2,,,,,,,,2,,,,,,,,,,,,,,,66,228.262.198.999.205
576464,1,2,66,95,2,,,,,,,,2,,,,,,,,,,,,,,,66,228.262.198.999.205
576464,1,3,66,95,2,,,,,,,,2,,,,,,,,,,,,,,,66,228.262.198.999.205
576465,1,1,66,95,2,,,,,,,,2,,,,,,,,,,,,,,,66,217.121.922.129.778
576465,1,2,66,95,2,,,,,,,,2,,,,,,,,,,,,,,,66,217.121.922.129.778
576465,2,1,66,95,2,,,,,,,,1,2,,2,,,,,,1000000,2,1,2,,2,66,217.121.922.129.778
576465,2,2,66,95,2,,,,,,,,2,,,,,,,,,,,,,,,66,217.121.922.129.778
576466,1,1,66,95,2,,,,,,,,2,,,,,,,,,,,,,,,66,254.694.885.632.014
576466,1,2,66,95,2,,,,,,,,2,,,,,,,,,,,,,,,66,254.694.885.632.014
576468,1,1,66,95,2,,,,,,,,2,,,,,,,,,,,,,,,66,240.713.080.865.896
576468,1,2,66,95,2,,,,,,,,2,,,,,,,,,,,,,,,66,240.713.080.865.896
576468,1,3,66,95,2,,,,,,,,2,,,,,,,,,,,,,,,66,240.713.080.865.896
576470,1,1,66,95,2,,,,,,,,2,,,,,,,,,,,,,,,66,272.614.364.304.866
576470,1,2,66,95,2,,,,,,,,2,,,,,,,,,,,,,,,66,272.614.364.304.866
576471,1,1,66,95,1,,1,2,,,120000,2,2,,,,,,,,,,,,,,,66,224.592.865.063.863
576471,1,2,66,95,2,,,,,,,,2,,,,,,,,,,,,,,,66,224.592.865.063.863
576471,1,3,66,95,2,,,,,,,,2,,,,,,,,,,,,,,,66,224.592.865.063.863
576471,1,4,66,95,2,,,,,,,,2,,,,,,,,,,,,,,,66,224.592.865.063.863
576472,1,1,66,95,2,,,,,,,,1,2,,2,3000000,,,,,,2,2,1,,2,66,229.374.341.388.404
576472,1,2,66,95,1,,2,1,,433700,,2,2,,,,,,,,,,,,,,,66,229.374.341.388.404
576472,1,3,66,95,2,,,,,,,,1,2,,2,,,,,,2000000,2,1,2,,2,66,229.374.341.388.404
576472,1,4,66,95,2,,,,,,,,2,,,,,,,,,,,,,,,66,229.374.341.388.404
576473,1,1,66,95,1,,2,1,,550000,,2,2,,,,,,,,,,,,,,,66,237.169.181.226.334
576474,1,1,66,95,1,,2,1,,1466000,,2,2,,,,,,,,,,,,,,,66,215.804.906.122.382
576474,1,2,66,95,2,,,,,,,,2,,,,,,,,,,,,,,,66,215.804.906.122.382
576480,1,1,66,95,2,,,,,,,,2,,,,,,,,,,,,,,,66,223.316.106.560.773
576480,1,2,66,95,2,,,,,,,,2,,,,,,,,,,,,,,,66,223.316.106.560.773
576480,1,6,66,95,2,,,,,,,,2,,,,,,,,,,,,,,,66,223.316.106.560.773
576481,1,1,66,95,2,,,,,,,,2,,,,,,,,,,,,,,,66,273.606.530.059.921
576481,1,2,66,95,2,,,,,,,,2,,,,,,,,,,,,,,,66,273.606.530.059.921
576481,1,3,66,95,2,,,,,,,,2,,,,,,,,,,,,,,,66,273.606.530.059.921
576481,1,4,66,95,2,,,,,,,,2,,,,,,,,,,,,,,,66,273.606.530.059.921
576481,1,5,66,95,2,,,,,,,,2,,,,,,,,,,,,,,,66,273.606.530.059.921
576481,1,6,66,95,2,,,,,,,,2,,,,,,,,,,,,,,,66,273.606.530.059.921
576481,1,8,66,95,2,,,,,,,,2,,,,,,,,,,,,,,,66,273.606.530.059.921
576481,1,9,66,95,2,,,,,,,,2,,,,,,,,,,,,,,,66,273.606.530.059.921
576482,1,1,66,95,1,,1,2,,,340000,2,2,,,,,,,,,,,,,,,66,290.684.779.707.775
576482,1,2,66,95,2,,,,,,,,2,,,,,,,,,,,,,,,66,290.684.779.707.775
576482,1,3,66,95,2,,,,,,,,2,,,,,,,,,,,,,,,66,290.684.779.707.775
576482,1,4,66,95,2,,,,,,,,2,,,,,,,,,,,,,,,66,290.684.779.707.775
576483,1,1,66,95,1,,1,1,,433700,180000,2,2,,,,,,,,,,,,,,,66,205.356.370.383.615
576483,1,2,66,95,1,,1,2,,,185000,2,2,,,,,,,,,,,,,,,66,205.356.370.383.615
576484,1,1,66,95,2,,,,,,,,2,,,,,,,,,,,,,,,66,278.718.419.250.194
576484,1,2,66,95,2,,,,,,,,2,,,,,,,,,,,,,,,66,278.718.419.250.194
576485,1,1,66,95,2,,,,,,,,2,,,,,,,,,,,,,,,66,277.600.714.247.603
576485,1,2,66,95,2,,,,,,,,2,,,,,,,,,,,,,,,66,277.600.714.247.603
576485,1,3,66,95,2,,,,,,,,2,,,,,,,,,,,,,,,66,277.600.714.247.603
576486,1,1,66,95,1,,2,1,,1100000,,2,2,,,,,,,,,,,,,,,66,263.509.623.010.591
576486,1,2,66,95,2,,,,,,,,2,,,,,,,,,,,,,,,66,263.509.623.010.591
576486,1,3,66,95,2,,,,,,,,2,,,,,,,,,,,,,,,66,263.509.623.010.591
576486,1,4,66,95,2,,,,,,,,2,,,,,,,,,,,,,,,66,263.509.623.010.591
576487,1,1,66,95,2,,,,,,,,2,,,,,,,,,,,,,,,66,254.065.215.722.772
576487,1,2,66,95,2,,,,,,,,2,,,,,,,,,,,,,,,66,254.065.215.722.772
576487,1,3,66,95,2,,,,,,,,2,,,,,,,,,,,,,,,66,254.065.215.722.772
576487,1,6,66,95,2,,,,,,,,2,,,,,,,,,,,,,,,66,254.065.215.722.772
576489,1,1,66,95,2,,,,,,,,2,,,,,,,,,,,,,,,66,2.739.164.596.193
576489,1,2,66,95,2,,,,,,,,2,,,,,,,,,,,,,,,66,2.739.164.596.193
576490,1,1,66,95,2,,,,,,,,2,,,,,,,,,,,,,,,66,240.279.049.094.418
576490,1,2,66,95,2,,,,,,,,2,,,,,,,,,,,,,,,66,240.279.049.094.418
576490,1,3,66,95,2,,,,,,,,2,,,,,,,,,,,,,,,66,240.279.049.094.418
576493,1,1,66,95,2,,,,,,,,2,,,,,,,,,,,,,,,66,277.105.881.983.921
576493,1,3,66,95,2,,,,,,,,2,,,,,,,,,,,,,,,66,277.105.881.983.921
576493,1,4,66,95,2,,,,,,,,2,,,,,,,,,,,,,,,66,277.105.881.983.921
576494,1,1,66,95,2,,,,,,,,2,,,,,,,,,,,,,,,66,243.348.012.039.688
576496,1,1,66,95,1,,2,1,,433700,,2,2,,,,,,,,,,,,,,,66,219.013.429.849.149
576497,1,1,66,95,1,,2,1,,2500000,,2,2,,,,,,,,,,,,,,,66,237.169.181.226.334
576498,1,1,66,95,2,,,,,,,,2,,,,,,,,,,,,,,,66,280.809.237.974.369
576498,1,2,66,95,2,,,,,,,,2,,,,,,,,,,,,,,,66,280.809.237.974.369
576499,1,1,66,95,2,,,,,,,,2,,,,,,,,,,,,,,,66,279.152.451.021.672
576499,1,2,66,95,2,,,,,,,,2,,,,,,,,,,,,,,,66,279.152.451.021.672
576500,1,1,66,95,2,,,,,,,,1,2,,2,,,,,,4800000,2,1,2,,2,66,223.565.748.020.408
576500,1,2,66,95,2,,,,,,,,1,2,,2,,,,,,2400000,2,1,2,,2,66,223.565.748.020.408
576501,1,1,66,95,1,,2,1,,1560000,,2,2,,,,,,,,,,,,,,,66,253.197.152.179.815
576501,1,2,66,95,2,,,,,,,,2,,,,,,,,,,,,,,,66,253.197.152.179.815
576501,1,3,66,95,2,,,,,,,,2,,,,,,,,,,,,,,,66,253.197.152.179.815
576501,1,4,66,95,2,,,,,,,,2,,,,,,,,,,,,,,,66,253.197.152.179.815
576502,1,1,66,95,2,,,,,,,,2,,,,,,,,,,,,,,,66,234.843.641.735.485
576502,1,2,66,95,2,,,,,,,,2,,,,,,,,,,,,,,,66,234.843.641.735.485
576502,1,3,66,95,2,,,,,,,,2,,,,,,,,,,,,,,,66,234.843.641.735.485
576502,1,4,66,95,2,,,,,,,,2,,,,,,,,,,,,,,,66,234.843.641.735.485
576503,1,1,66,95,2,,,,,,,,2,,,,,,,,,,,,,,,66,240.801.553.462.147
576503,1,2,66,95,2,,,,,,,,2,,,,,,,,,,,,,,,66,240.801.553.462.147
576503,1,4,66,95,2,,,,,,,,1,2,,2,2400000,,,,,,2,2,1,,2,66,240.801.553.462.147
576504,1,1,66,95,2,,,,,,,,2,,,,,,,,,,,,,,,66,248.327.674.593.499
576504,1,2,66,95,2,,,,,,,,2,,,,,,,,,,,,,,,66,248.327.674.593.499
576504,1,3,66,95,2,,,,,,,,2,,,,,,,,,,,,,,,66,248.327.674.593.499
576504,1,4,66,95,2,,,,,,,,2,,,,,,,,,,,,,,,66,248.327.674.593.499
576504,1,5,66,95,2,,,,,,,,2,,,,,,,,,,,,,,,66,248.327.674.593.499
576504,1,7,66,95,2,,,,,,,,2,,,,,,,,,,,,,,,66,248.327.674.593.499
576505,1,1,66,95,2,,,,,,,,1,2,,2,,,,,,9216000,2,1,2,,2,66,247.617.716.965.101
576506,1,1,66,95,2,,,,,,,,2,,,,,,,,,,,,,,,66,263.618.909.481.485
576506,1,2,66,95,2,,,,,,,,1,2,,2,,,,,,200000,2,1,2,,2,66,263.618.909.481.485
576506,1,3,66,95,2,,,,,,,,2,,,,,,,,,,,,,,,66,263.618.909.481.485
576506,1,4,66,95,2,,,,,,,,2,,,,,,,,,,,,,,,66,263.618.909.481.485
576507,1,1,66,95,2,,,,,,,,2,,,,,,,,,,,,,,,66,215.804.906.122.382
576507,1,2,66,95,2,,,,,,,,2,,,,,,,,,,,,,,,66,215.804.906.122.382
576508,1,1,66,95,2,,,,,,,,1,2,,2,,,,,,500000,2,1,2,,2,66,208.790.983.552.284
576508,1,2,66,95,2,,,,,,,,2,,,,,,,,,,,,,,,66,208.790.983.552.284
576508,1,3,66,95,2,,,,,,,,2,,,,,,,,,,,,,,,66,208.790.983.552.284
576508,1,4,66,95,2,,,,,,,,2,,,,,,,,,,,,,,,66,208.790.983.552.284
576509,1,1,66,95,2,,,,,,,,1,2,,2,100000,,,,,,2,2,1,,2,66,212.135.572.187.041
576509,1,2,66,95,1,,1,2,,,250000,2,1,2,,2,50000,,,,,,2,2,1,,2,66,212.135.572.187.041
576509,1,3,66,95,2,,,,,,,,2,,,,,,,,,,,,,,,66,212.135.572.187.041
576510,1,1,66,95,2,,,,,,,,2,,,,,,,,,,,,,,,66,25.217.003.513.636
576510,1,2,66,95,2,,,,,,,,2,,,,,,,,,,,,,,,66,25.217.003.513.636
576511,1,1,66,95,2,,,,,,,,1,2,,2,,,,,,10000000,2,1,2,,2,66,275.075.863.751.949
576511,1,2,66,95,2,,,,,,,,2,,,,,,,,,,,,,,,66,275.075.863.751.949
576511,1,3,66,95,2,,,,,,,,1,2,,2,,,,,,3000000,2,1,2,,2,66,275.075.863.751.949
576513,1,1,66,95,2,,,,,,,,2,,,,,,,,,,,,,,,66,275.075.863.751.949
576513,1,2,66,95,2,,,,,,,,2,,,,,,,,,,,,,,,66,275.075.863.751.949
576513,1,3,66,95,2,,,,,,,,2,,,,,,,,,,,,,,,66,275.075.863.751.949
576514,1,1,66,95,1,,1,1,,433700,60000,2,2,,,,,,,,,,,,,,,66,242.802.242.700.655
576514,1,2,66,95,2,,,,,,,,2,,,,,,,,,,,,,,,66,242.802.242.700.655
576514,1,3,66,95,2,,,,,,,,2,,,,,,,,,,,,,,,66,242.802.242.700.655
576514,1,4,66,95,2,,,,,,,,2,,,,,,,,,,,,,,,66,242.802.242.700.655
576515,1,1,66,95,2,,,,,,,,2,,,,,,,,,,,,,,,66,288.974.796.879.552
576515,1,2,66,95,2,,,,,,,,1,2,,2,2000000,,,,,,2,2,1,,2,66,288.974.796.879.552
576515,1,3,66,95,2,,,,,,,,2,,,,,,,,,,,,,,,66,288.974.796.879.552
576517,1,1,66,95,1,,2,1,,800000,,2,1,2,,2,6000000,,,,,,2,2,1,,2,66,247.901.877.330.346
576517,1,2,66,95,2,,,,,,,,1,2,,2,5000000,,,,,,2,2,1,,2,66,247.901.877.330.346
576517,1,3,66,95,2,,,,,,,,1,2,,2,5000000,,,,,,2,2,1,,2,66,247.901.877.330.346
576518,1,1,66,95,2,,,,,,,,2,,,,,,,,,,,,,,,66,278.718.419.250.194
576518,1,2,66,95,2,,,,,,,,1,2,,1,,,130000,,,70000,2,1,2,,2,66,278.718.419.250.194
576519,1,1,66,95,1,,2,1,,1600000,,2,2,,,,,,,,,,,,,,,66,257.947.229.418.219
576519,1,2,66,95,1,,1,2,,,350000,2,2,,,,,,,,,,,,,,,66,257.947.229.418.219
576519,1,3,66,95,2,,,,,,,,2,,,,,,,,,,,,,,,66,257.947.229.418.219
576519,1,4,66,95,2,,,,,,,,1,2,,2,200000,,,,,2000000,2,1,1,,2,66,257.947.229.418.219
576519,1,5,66,95,2,,,,,,,,2,,,,,,,,,,,,,,,66,257.947.229.418.219
576520,1,1,66,95,2,,,,,,,,1,2,,2,,,,,,6500000,2,1,2,,2,66,18.720.061.900.643
576520,1,2,66,95,2,,,,,,,,1,2,,2,,,,,,300000,2,1,2,,2,66,18.720.061.900.643
576521,1,1,66,95,2,,,,,,,,2,,,,,,,,,,,,,,,66,213.921.466.302.559
576521,1,2,66,95,2,,,,,,,,2,,,,,,,,,,,,,,,66,213.921.466.302.559
576521,1,5,66,95,2,,,,,,,,2,,,,,,,,,,,,,,,66,213.921.466.302.559
576521,1,6,66,95,2,,,,,,,,2,,,,,,,,,,,,,,,66,213.921.466.302.559
576521,1,7,66,95,2,,,,,,,,2,,,,,,,,,,,,,,,66,213.921.466.302.559
576522,1,1,66,95,1,,2,1,,433700,,2,2,,,,,,,,,,,,,,,66,248.393.535.659.506
576522,1,2,66,95,2,,,,,,,,2,,,,,,,,,,,,,,,66,248.393.535.659.506
576522,1,3,66,95,2,,,,,,,,2,,,,,,,,,,,,,,,66,248.393.535.659.506
576522,1,4,66,95,2,,,,,,,,2,,,,,,,,,,,,,,,66,248.393.535.659.506
576522,1,5,66,95,2,,,,,,,,2,,,,,,,,,,,,,,,66,248.393.535.659.506
576524,1,1,66,95,1,,2,1,,1000000,,2,2,,,,,,,,,,,,,,,66,243.948.383.029.759
576524,1,2,66,95,2,,,,,,,,2,,,,,,,,,,,,,,,66,243.948.383.029.759
576525,1,1,66,95,2,,,,,,,,1,2,,2,200000,,,,,,2,2,1,,2,66,23.914.476.650.945
576525,1,2,66,95,2,,,,,,,,1,2,,2,,,,,,180000,2,1,2,,2,66,23.914.476.650.945
576525,1,4,66,95,2,,,,,,,,2,,,,,,,,,,,,,,,66,23.914.476.650.945
576526,1,1,66,95,1,,2,1,,360000,,2,2,,,,,,,,,,,,,,,66,202.147.846.656.849
576526,1,2,66,95,2,,,,,,,,2,,,,,,,,,,,,,,,66,202.147.846.656.849
576526,1,3,66,95,2,,,,,,,,2,,,,,,,,,,,,,,,66,202.147.846.656.849
576527,1,1,66,95,2,,,,,,,,1,2,,2,500000,,,,,,2,2,1,,2,66,216.212.159.456.763
576527,1,2,66,95,2,,,,,,,,1,2,,2,100000,,,,,,2,2,1,,2,66,216.212.159.456.763
576528,1,1,66,95,2,,,,,,,,2,,,,,,,,,,,,,,,66,27.052.354.558.069
576528,1,2,66,95,2,,,,,,,,2,,,,,,,,,,,,,,,66,27.052.354.558.069
576530,1,1,66,95,1,,1,2,,,280000,2,2,,,,,,,,,,,,,,,66,309.948.632.463.856
576530,1,2,66,95,2,,,,,,,,2,,,,,,,,,,,,,,,66,309.948.632.463.856
576530,1,3,66,95,2,,,,,,,,2,,,,,,,,,,,,,,,66,309.948.632.463.856
576531,1,1,66,95,2,,,,,,,,1,2,,2,5000000,,,,,,2,2,1,,2,66,280.922.102.650.436
576532,1,1,66,95,2,,,,,,,,2,,,,,,,,,,,,,,,66,252.143.256.699.263
576532,1,2,66,95,2,,,,,,,,2,,,,,,,,,,,,,,,66,252.143.256.699.263
576533,1,1,66,95,2,,,,,,,,2,,,,,,,,,,,,,,,66,230.291.323.564.226
576533,1,2,66,95,2,,,,,,,,2,,,,,,,,,,,,,,,66,230.291.323.564.226
576533,1,3,66,95,2,,,,,,,,1,2,,2,150000,,,,,,2,2,1,,2,66,230.291.323.564.226
576534,1,1,66,95,1,,2,1,,3000000,,2,2,,,,,,,,,,,,,,,66,202.147.846.656.849
576534,1,2,66,95,2,,,,,,,,2,,,,,,,,,,,,,,,66,202.147.846.656.849
576534,1,3,66,95,2,,,,,,,,2,,,,,,,,,,,,,,,66,202.147.846.656.849
576535,1,1,66,95,1,,2,1,,408000,,2,2,,,,,,,,,,,,,,,66,228.262.198.999.205
576535,1,2,66,95,2,,,,,,,,2,,,,,,,,,,,,,,,66,228.262.198.999.205
576535,1,3,66,95,2,,,,,,,,2,,,,,,,,,,,,,,,66,228.262.198.999.205
576536,1,1,66,95,2,,,,,,,,2,,,,,,,,,,,,,,,66,249.708.535.689.276
576537,1,1,66,95,2,,,,,,,,2,,,,,,,,,,,,,,,66,25.217.003.513.636
576537,1,2,66,95,2,,,,,,,,2,,,,,,,,,,,,,,,66,25.217.003.513.636
576538,1,1,66,95,2,,,,,,,,2,,,,,,,,,,,,,,,66,269.379.062.141.002
576538,1,2,66,95,2,,,,,,,,2,,,,,,,,,,,,,,,66,269.379.062.141.002
576538,1,3,66,95,2,,,,,,,,2,,,,,,,,,,,,,,,66,269.379.062.141.002
576539,1,1,66,95,2,,,,,,,,2,,,,,,,,,,,,,,,66,264.199.096.952.421
576539,1,2,66,95,1,,2,1,,2020000,,2,1,2,,2,3600000,,,,,,2,2,1,,2,66,264.199.096.952.421
576539,1,3,66,95,2,,,,,,,,2,,,,,,,,,,,,,,,66,264.199.096.952.421
576539,1,4,66,95,2,,,,,,,,2,,,,,,,,,,,,,,,66,264.199.096.952.421
576540,1,1,66,95,2,,,,,,,,1,2,,2,,,,10000000,,1200000,1,1,2,,2,66,314.581.704.663.609
576540,1,2,66,95,2,,,,,,,,2,,,,,,,,,,,,,,,66,314.581.704.663.609
576540,1,3,66,95,2,,,,,,,,2,,,,,,,,,,,,,,,66,314.581.704.663.609
576540,1,4,66,95,2,,,,,,,,2,,,,,,,,,,,,,,,66,314.581.704.663.609
576541,1,1,66,95,1,,1,2,,,250000,2,2,,,,,,,,,,,,,,,66,212.938.169.318.542
576541,1,2,66,95,2,,,,,,,,2,,,,,,,,,,,,,,,66,212.938.169.318.542
576541,1,3,66,95,2,,,,,,,,2,,,,,,,,,,,,,,,66,212.938.169.318.542
576541,1,4,66,95,2,,,,,,,,2,,,,,,,,,,,,,,,66,212.938.169.318.542
576541,1,5,66,95,2,,,,,,,,2,,,,,,,,,,,,,,,66,212.938.169.318.542
576541,1,6,66,95,2,,,,,,,,2,,,,,,,,,,,,,,,66,212.938.169.318.542
576541,1,7,66,95,2,,,,,,,,2,,,,,,,,,,,,,,,66,212.938.169.318.542
576542,1,1,66,95,1,,2,1,,1500000,,2,2,,,,,,,,,,,,,,,66,180.322.761.344.322
576542,1,2,66,95,2,,,,,,,,2,,,,,,,,,,,,,,,66,180.322.761.344.322
576542,1,3,66,95,1,,2,1,,433700,,2,2,,,,,,,,,,,,,,,66,180.322.761.344.322
576542,1,4,66,95,2,,,,,,,,2,,,,,,,,,,,,,,,66,180.322.761.344.322
576544,1,1,66,95,2,,,,,,,,2,,,,,,,,,,,,,,,66,228.262.198.999.205
576544,1,2,66,95,2,,,,,,,,1,2,,2,6000000,,,,,,2,2,1,,2,66,228.262.198.999.205
576544,1,3,66,95,2,,,,,,,,1,2,,1,3000000,,1000000,,,,2,2,1,,2,66,228.262.198.999.205
576545,1,1,66,95,1,,2,1,,1030000,,2,2,,,,,,,,,,,,,,,66,266.854.211.645.349
576545,1,2,66,95,2,,,,,,,,2,,,,,,,,,,,,,,,66,266.854.211.645.349
576545,1,3,66,95,2,,,,,,,,2,,,,,,,,,,,,,,,66,266.854.211.645.349
576546,1,1,66,95,1,,2,1,,1350000,,2,1,2,,2,6000000,,,,,,2,2,1,,2,66,215.804.906.122.382
576546,1,2,66,95,2,,,,,,,,1,2,,2,5200000,,,,,,2,2,1,,2,66,215.804.906.122.382
576547,1,1,66,95,1,,2,1,,1007000,,2,1,2,,2,,,,9000000,,,1,2,2,,2,66,260.410.385.754.719
576547,1,2,66,95,1,,2,1,,700000,,2,2,,,,,,,,,,,,,,,66,260.410.385.754.719
576547,1,3,66,95,2,,,,,,,,2,,,,,,,,,,,,,,,66,260.410.385.754.719
576547,1,4,66,95,2,,,,,,,,1,2,,1,,,480000,,,,2,2,2,,2,66,260.410.385.754.719
576547,1,5,66,95,2,,,,,,,,2,,,,,,,,,,,,,,,66,260.410.385.754.719
576549,1,1,66,95,1,,2,1,,437800,,2,2,,,,,,,,,,,,,,,66,236.648.246.388.553
576549,1,2,66,95,2,,,,,,,,2,,,,,,,,,,,,,,,66,236.648.246.388.553
576549,1,3,66,95,2,,,,,,,,2,,,,,,,,,,,,,,,66,236.648.246.388.553
576549,1,4,66,95,2,,,,,,,,2,,,,,,,,,,,,,,,66,236.648.246.388.553
576549,1,5,66,95,2,,,,,,,,2,,,,,,,,,,,,,,,66,236.648.246.388.553
576549,1,6,66,95,2,,,,,,,,2,,,,,,,,,,,,,,,66,236.648.246.388.553
576550,1,1,66,95,1,,1,1,,805600,400000,2,2,,,,,,,,,,,,,,,66,219.013.429.849.149
576551,1,1,66,95,2,,,,,,,,2,,,,,,,,,,,,,,,66,173.543.559.540.897
576551,1,2,66,95,2,,,,,,,,1,2,,2,300000,,,,,5000000,2,1,1,,2,66,173.543.559.540.897
576551,1,3,66,95,2,,,,,,,,1,2,,2,15000000,,,,,,2,2,1,,2,66,173.543.559.540.897
576552,1,1,66,95,1,,2,1,,1456000,,2,2,,,,,,,,,,,,,,,66,261.616.563.353.561
576552,1,2,66,95,2,,,,,,,,2,,,,,,,,,,,,,,,66,261.616.563.353.561
576552,1,3,66,95,2,,,,,,,,2,,,,,,,,,,,,,,,66,261.616.563.353.561
576552,1,4,66,95,2,,,,,,,,2,,,,,,,,,,,,,,,66,261.616.563.353.561
576553,1,1,66,95,1,,2,1,,1300000,,2,2,,,,,,,,,,,,,,,66,241.919.258.464.738
576553,1,2,66,95,2,,,,,,,,2,,,,,,,,,,,,,,,66,241.919.258.464.738
576554,1,1,66,95,2,,,,,,,,2,,,,,,,,,,,,,,,66,25.217.003.513.636
576554,1,2,66,95,2,,,,,,,,2,,,,,,,,,,,,,,,66,25.217.003.513.636
576555,1,1,66,95,2,,,,,,,,2,,,,,,,,,,,,,,,66,237.169.181.226.334
576556,1,1,66,95,2,,,,,,,,2,,,,,,,,,,,,,,,66,273.048.396.076.344
576556,1,2,66,95,1,,2,2,220000,,,1,2,,,,,,,,,,,,,,,66,273.048.396.076.344
576557,1,1,66,95,1,,1,2,,,170000,2,2,,,,,,,,,,,,,,,66,249.383.685.436.936
576557,1,2,66,95,2,,,,,,,,2,,,,,,,,,,,,,,,66,249.383.685.436.936
576557,1,3,66,95,2,,,,,,,,2,,,,,,,,,,,,,,,66,249.383.685.436.936
576557,1,4,66,95,2,,,,,,,,2,,,,,,,,,,,,,,,66,249.383.685.436.936
576557,1,5,66,95,2,,,,,,,,2,,,,,,,,,,,,,,,66,249.383.685.436.936
576558,1,1,66,95,1,,2,1,,750000,,2,1,2,,2,2400000,,,900000,,,1,2,1,,2,66,237.169.181.226.334
576559,1,1,66,95,1,,1,2,,,800000,2,1,2,,2,,,,,,3000000,2,1,2,,2,66,205.356.370.383.615
576559,1,2,66,95,2,,,,,,,,2,,,,,,,,,,,,,,,66,205.356.370.383.615
576560,1,1,66,95,2,,,,,,,,2,,,,,,,,,,,,,,,66,228.262.198.999.205
576560,1,2,66,95,2,,,,,,,,2,,,,,,,,,,,,,,,66,228.262.198.999.205
576560,1,3,66,95,2,,,,,,,,2,,,,,,,,,,,,,,,66,228.262.198.999.205
576561,1,1,66,95,2,,,,,,,,2,,,,,,,,,,,,,,,66,230.725.355.335.704
576561,1,2,66,95,2,,,,,,,,2,,,,,,,,,,,,,,,66,230.725.355.335.704
576561,1,3,66,95,2,,,,,,,,2,,,,,,,,,,,,,,,66,230.725.355.335.704
576562,1,1,66,95,2,,,,,,,,2,,,,,,,,,,,,,,,66,256.866.486.115.157
576562,1,2,66,95,2,,,,,,,,2,,,,,,,,,,,,,,,66,256.866.486.115.157
576562,1,3,66,95,2,,,,,,,,2,,,,,,,,,,,,,,,66,256.866.486.115.157
576563,1,1,66,95,2,,,,,,,,1,2,,2,4800000,,,,,2400000,2,1,1,,2,66,205.356.370.383.615
576563,1,2,66,95,2,,,,,,,,1,2,,2,,,,,,2400000,2,1,2,,2,66,205.356.370.383.615
576565,1,1,66,95,2,,,,,,,,2,,,,,,,,,,,,,,,66,278.718.419.250.194
576565,1,2,66,95,2,,,,,,,,2,,,,,,,,,,,,,,,66,278.718.419.250.194
576567,1,1,66,95,1,,2,1,,1200000,,2,1,2,,2,3000000,,,,,2400000,2,1,1,,2,66,266.815.328.879.626
576568,1,1,66,95,2,,,,,,,,2,,,,,,,,,,,,,,,66,232.537.685.431.622
576568,1,2,66,95,2,,,,,,,,2,,,,,,,,,,,,,,,66,232.537.685.431.622
576568,1,3,66,95,2,,,,,,,,2,,,,,,,,,,,,,,,66,232.537.685.431.622
576568,1,4,66,95,2,,,,,,,,2,,,,,,,,,,,,,,,66,232.537.685.431.622
576569,1,1,66,95,2,,,,,,,,1,2,,2,3500000,,,,,,2,2,1,,2,66,202.147.846.656.849
576569,1,2,66,95,1,,2,1,,450000,,2,1,2,,2,2400000,,,,,,2,2,1,,2,66,202.147.846.656.849
576569,1,3,66,95,2,,,,,,,,2,,,,,,,,,,,,,,,66,202.147.846.656.849
576570,1,1,66,95,2,,,,,,,,2,,,,,,,,,,,,,,,66,236.609.715.159.076
576570,1,2,66,95,2,,,,,,,,2,,,,,,,,,,,,,,,66,236.609.715.159.076
576570,1,3,66,95,2,,,,,,,,2,,,,,,,,,,,,,,,66,236.609.715.159.076
576570,1,4,66,95,2,,,,,,,,2,,,,,,,,,,,,,,,66,236.609.715.159.076
576571,1,1,66,95,1,,2,1,,450000,,2,2,,,,,,,,,,,,,,,66,191.699.310.918.082
576571,1,2,66,95,2,,,,,,,,1,2,,2,12000000,,,,,,2,2,1,,2,66,191.699.310.918.082
576571,1,3,66,95,2,,,,,,,,2,,,,,,,,,,,,,,,66,191.699.310.918.082
576572,1,1,66,95,1,,1,2,,,600000,2,2,,,,,,,,,,,,,,,66,275.075.863.751.949
576572,1,2,66,95,2,,,,,,,,1,2,,2,2400000,,,,,,2,2,1,,2,66,275.075.863.751.949
576572,1,3,66,95,2,,,,,,,,2,,,,,,,,,,,,,,,66,275.075.863.751.949
576573,1,1,66,95,2,,,,,,,,2,,,,,,,,,,,,,,,66,270.957.577.352.168
576573,1,2,66,95,2,,,,,,,,2,,,,,,,,,,,,,,,66,270.957.577.352.168
576574,1,1,66,95,2,,,,,,,,2,,,,,,,,,,,,,,,66,27.052.354.558.069
576574,1,2,66,95,2,,,,,,,,2,,,,,,,,,,,,,,,66,27.052.354.558.069
576575,1,1,66,95,2,,,,,,,,2,,,,,,,,,,,,,,,66,238.947.007.442.305
576575,1,2,66,95,2,,,,,,,,2,,,,,,,,,,,,,,,66,238.947.007.442.305
576575,1,3,66,95,2,,,,,,,,1,2,,2,,,,,,30000,2,1,2,,2,66,238.947.007.442.305
576578,1,1,66,95,2,,,,,,,,2,,,,,,,,,,,,,,,66,272.289.514.052.525
576578,1,2,66,95,2,,,,,,,,1,2,,2,2400000,,,,,,2,2,1,,2,66,272.289.514.052.525
576578,1,3,66,95,2,,,,,,,,2,,,,,,,,,,,,,,,66,272.289.514.052.525
576578,1,4,66,95,2,,,,,,,,2,,,,,,,,,,,,,,,66,272.289.514.052.525
576578,1,5,66,95,2,,,,,,,,2,,,,,,,,,,,,,,,66,272.289.514.052.525
576578,1,6,66,95,2,,,,,,,,2,,,,,,,,,,,,,,,66,272.289.514.052.525
576579,1,1,66,95,2,,,,,,,,2,,,,,,,,,,,,,,,66,243.948.383.029.759
576579,1,2,66,95,2,,,,,,,,2,,,,,,,,,,,,,,,66,243.948.383.029.759
576582,1,1,68,95,2,,,,,,,,2,,,,,,,,,,,,,,,68,455.902.122.578.926
576582,1,2,68,95,2,,,,,,,,2,,,,,,,,,,,,,,,68,455.902.122.578.926
576582,1,3,68,95,2,,,,,,,,2,,,,,,,,,,,,,,,68,455.902.122.578.926
576582,1,4,68,95,2,,,,,,,,2,,,,,,,,,,,,,,,68,455.902.122.578.926
576582,1,6,68,95,1,,2,1,,385683,,2,2,,,,,,,,,,,,,,,68,455.902.122.578.926
576584,1,1,68,95,2,,,,,,,,1,2,,2,,,,,,1340000,2,1,2,,2,68,394.109.071.183.742
576584,1,2,68,95,2,,,,,,,,1,2,,2,,,,,,1440000,2,1,2,,2,68,394.109.071.183.742
576584,1,4,68,95,2,,,,,,,,1,2,,2,,,,,,1800000,2,1,2,,2,68,394.109.071.183.742
576584,1,6,68,95,2,,,,,,,,2,,,,,,,,,,,,,,,68,394.109.071.183.742
576585,1,1,68,95,2,,,,,,,,2,,,,,,,,,,,,,,,68,342.960.476.179.571
576585,1,2,68,95,2,,,,,,,,2,,,,,,,,,,,,,,,68,342.960.476.179.571
576586,1,1,68,95,2,,,,,,,,2,,,,,,,,,,,,,,,68,362.820.568.234.434
576586,1,2,68,95,2,,,,,,,,2,,,,,,,,,,,,,,,68,362.820.568.234.434
576586,1,3,68,95,2,,,,,,,,2,,,,,,,,,,,,,,,68,362.820.568.234.434
576587,1,1,68,95,2,,,,,,,,2,,,,,,,,,,,,,,,68,244.939.981.935.714
576587,1,2,68,95,2,,,,,,,,2,,,,,,,,,,,,,,,68,244.939.981.935.714
576587,1,3,68,95,2,,,,,,,,2,,,,,,,,,,,,,,,68,244.939.981.935.714
576588,1,1,68,95,2,,,,,,,,1,2,,2,,,,,,4200000,2,1,2,,2,68,36.541.548.606.712
576589,1,1,68,95,2,,,,,,,,2,,,,,,,,,,,,,,,68,300.583.988.486.978
576589,1,2,68,95,2,,,,,,,,2,,,,,,,,,,,,,,,68,300.583.988.486.978
576589,1,3,68,95,2,,,,,,,,2,,,,,,,,,,,,,,,68,300.583.988.486.978
576589,1,5,68,95,2,,,,,,,,2,,,,,,,,,,,,,,,68,300.583.988.486.978
576590,1,1,68,95,1,,1,2,,,200000,2,2,,,,,,,,,,,,,,,68,429.129.527.663.402
576590,1,2,68,95,1,,1,2,,,180000,2,1,2,,2,,,,1800000,,,1,2,2,,2,68,429.129.527.663.402
576590,1,3,68,95,2,,,,,,,,2,,,,,,,,,,,,,,,68,429.129.527.663.402
576590,1,4,68,95,2,,,,,,,,2,,,,,,,,,,,,,,,68,429.129.527.663.402
576590,1,5,68,95,2,,,,,,,,2,,,,,,,,,,,,,,,68,429.129.527.663.402
576591,1,1,68,95,1,,1,2,,,500000,2,2,,,,,,,,,,,,,,,68,453.598.262.321.748
576591,1,2,68,95,2,,,,,,,,2,,,,,,,,,,,,,,,68,453.598.262.321.748
576591,1,3,68,95,2,,,,,,,,2,,,,,,,,,,,,,,,68,453.598.262.321.748
576591,1,4,68,95,2,,,,,,,,2,,,,,,,,,,,,,,,68,453.598.262.321.748
576591,1,5,68,95,2,,,,,,,,2,,,,,,,,,,,,,,,68,453.598.262.321.748
576591,1,6,68,95,2,,,,,,,,2,,,,,,,,,,,,,,,68,453.598.262.321.748
576592,1,1,68,95,2,,,,,,,,2,,,,,,,,,,,,,,,68,453.541.680.327.856
576592,1,2,68,95,2,,,,,,,,2,,,,,,,,,,,,,,,68,453.541.680.327.856
576592,1,3,68,95,2,,,,,,,,2,,,,,,,,,,,,,,,68,453.541.680.327.856
576593,1,1,68,95,2,,,,,,,,2,,,,,,,,,,,,,,,68,337.226.189.827.598
576593,1,2,68,95,2,,,,,,,,2,,,,,,,,,,,,,,,68,337.226.189.827.598
576594,1,1,68,95,2,,,,,,,,1,2,,2,,,,,,1960000,2,1,2,,2,68,406.243.318.622.579
576594,1,2,68,95,2,,,,,,,,2,,,,,,,,,,,,,,,68,406.243.318.622.579
576594,1,3,68,95,2,,,,,,,,2,,,,,,,,,,,,,,,68,406.243.318.622.579
576595,1,1,68,95,2,,,,,,,,2,,,,,,,,,,,,,,,68,381.682.771.483.662
576595,1,2,68,95,2,,,,,,,,2,,,,,,,,,,,,,,,68,381.682.771.483.662
576595,1,3,68,95,2,,,,,,,,2,,,,,,,,,,,,,,,68,381.682.771.483.662
576595,1,4,68,95,2,,,,,,,,2,,,,,,,,,,,,,,,68,381.682.771.483.662
576595,1,5,68,95,2,,,,,,,,2,,,,,,,,,,,,,,,68,381.682.771.483.662
576596,1,1,68,95,2,,,,,,,,2,,,,,,,,,,,,,,,68,37.091.124.281.106
576596,1,2,68,95,2,,,,,,,,2,,,,,,,,,,,,,,,68,37.091.124.281.106
576596,1,3,68,95,2,,,,,,,,1,2,,2,,,,,,1200000,2,1,2,,2,68,37.091.124.281.106
576596,2,1,68,95,2,,,,,,,,2,,,,,,,,,,,,,,,68,37.091.124.281.106
576596,2,2,68,95,2,,,,,,,,2,,,,,,,,,,,,,,,68,37.091.124.281.106
576597,1,1,68,95,2,,,,,,,,2,,,,,,,,,,,,,,,68,331.432.994.593.591
576597,1,2,68,95,2,,,,,,,,2,,,,,,,,,,,,,,,68,331.432.994.593.591
576597,1,3,68,95,2,,,,,,,,1,2,,2,,,,,,2400000,2,1,2,,2,68,331.432.994.593.591
576597,1,4,68,95,2,,,,,,,,2,,,,,,,,,,,,,,,68,331.432.994.593.591
576597,1,5,68,95,2,,,,,,,,1,2,,2,,,,,,150000,2,1,2,,2,68,331.432.994.593.591
576597,1,6,68,95,2,,,,,,,,1,2,,2,,,,,,300000,2,1,2,,2,68,331.432.994.593.591
576597,1,7,68,95,2,,,,,,,,2,,,,,,,,,,,,,,,68,331.432.994.593.591
576597,2,1,68,95,2,,,,,,,,2,,,,,,,,,,,,,,,68,331.432.994.593.591
576597,2,2,68,95,2,,,,,,,,2,,,,,,,,,,,,,,,68,331.432.994.593.591
576597,2,3,68,95,2,,,,,,,,2,,,,,,,,,,,,,,,68,331.432.994.593.591
576598,1,1,68,95,2,,,,,,,,1,2,,2,,,,,,4800000,2,1,2,,2,68,357.347.907.413.315
576598,1,2,68,95,2,,,,,,,,2,,,,,,,,,,,,,,,68,357.347.907.413.315
576598,1,3,68,95,2,,,,,,,,2,,,,,,,,,,,,,,,68,357.347.907.413.315
576598,1,7,68,95,2,,,,,,,,2,,,,,,,,,,,,,,,68,357.347.907.413.315
576599,1,1,68,95,1,,1,2,,,400000,2,2,,,,,,,,,,,,,,,68,387.519.579.604.116
576599,1,2,68,95,1,,1,2,,,100000,2,2,,,,,,,,,,,,,,,68,387.519.579.604.116
576599,1,3,68,95,2,,,,,,,,2,,,,,,,,,,,,,,,68,387.519.579.604.116
576599,2,1,68,95,2,,,,,,,,1,2,,2,,,,,,,2,2,2,890000,1,68,387.519.579.604.116
576600,1,1,68,95,1,,1,1,,1550000,800000,2,2,,,,,,,,,,,,,,,68,443.044.623.725.572
576600,1,2,68,95,1,,2,1,,1037500,,2,2,,,,,,,,,,,,,,,68,443.044.623.725.572
576600,1,3,68,95,2,,,,,,,,2,,,,,,,,,,,,,,,68,443.044.623.725.572
576601,1,1,68,95,2,,,,,,,,1,2,,2,2000000,,,,,,2,2,1,,2,68,342.960.476.179.571
576601,1,2,68,95,2,,,,,,,,2,,,,,,,,,,,,,,,68,342.960.476.179.571
576604,1,1,68,95,2,,,,,,,,2,,,,,,,,,,,,,,,68,539.245.979.518.734
576604,1,2,68,95,2,,,,,,,,2,,,,,,,,,,,,,,,68,539.245.979.518.734
576604,1,3,68,95,2,,,,,,,,2,,,,,,,,,,,,,,,68,539.245.979.518.734
576604,1,4,68,95,2,,,,,,,,2,,,,,,,,,,,,,,,68,539.245.979.518.734
576604,1,6,68,95,2,,,,,,,,1,2,,2,,,,,,,2,2,2,1200000,1,68,539.245.979.518.734
576604,1,7,68,95,2,,,,,,,,2,,,,,,,,,,,,,,,68,539.245.979.518.734
576604,2,1,68,95,2,,,,,,,,1,2,,2,,,,,,,2,2,2,950000,1,68,539.245.979.518.734
576604,2,2,68,95,2,,,,,,,,1,2,,2,,,,,,,2,2,2,800000,1,68,539.245.979.518.734
576604,3,1,68,95,2,,,,,,,,1,2,,2,,,,,,,2,2,2,380000,1,68,539.245.979.518.734
576604,3,2,68,95,2,,,,,,,,2,,,,,,,,,,,,,,,68,539.245.979.518.734
576605,1,1,68,95,1,,1,1,,433700,120000,2,2,,,,,,,,,,,,,,,68,408.557.888.167.667
576605,1,2,68,95,1,,1,1,,433700,260000,2,2,,,,,,,,,,,,,,,68,408.557.888.167.667
576605,1,3,68,95,1,,2,2,200000,,,1,2,,,,,,,,,,,,,,,68,408.557.888.167.667
576605,2,1,68,95,2,,,,,,,,1,2,,2,,,,,,2000000,2,1,2,,2,68,408.557.888.167.667
576606,1,1,68,95,2,,,,,,,,1,2,,2,,,,,,1000000,2,1,2,,2,68,308.503.172.666.321
576607,1,1,68,95,2,,,,,,,,2,,,,,,,,,,,,,,,68,381.785.293.252.143
576607,1,2,68,95,2,,,,,,,,1,2,,2,,,,,,1000000,2,1,2,,2,68,381.785.293.252.143
576607,1,3,68,95,2,,,,,,,,2,,,,,,,,,,,,,,,68,381.785.293.252.143
576607,1,4,68,95,2,,,,,,,,2,,,,,,,,,,,,,,,68,381.785.293.252.143
576608,1,1,68,95,2,,,,,,,,1,2,,2,,,,,,9000000,2,1,2,,2,68,490.593.901.673.792
576608,1,2,68,95,2,,,,,,,,2,,,,,,,,,,,,,,,68,490.593.901.673.792
576609,1,1,68,95,2,,,,,,,,2,,,,,,,,,,,,,,,68,316.158.449.219.392
576609,1,2,68,95,2,,,,,,,,2,,,,,,,,,,,,,,,68,316.158.449.219.392
576609,1,3,68,95,2,,,,,,,,2,,,,,,,,,,,,,,,68,316.158.449.219.392
576609,1,4,68,95,2,,,,,,,,2,,,,,,,,,,,,,,,68,316.158.449.219.392
576610,1,1,68,95,2,,,,,,,,2,,,,,,,,,,,,,,,68,297.579.050.648.975
576610,1,2,68,95,2,,,,,,,,2,,,,,,,,,,,,,,,68,297.579.050.648.975
576610,1,3,68,95,2,,,,,,,,2,,,,,,,,,,,,,,,68,297.579.050.648.975
576610,1,4,68,95,2,,,,,,,,2,,,,,,,,,,,,,,,68,297.579.050.648.975
576610,1,5,68,95,2,,,,,,,,2,,,,,,,,,,,,,,,68,297.579.050.648.975
576611,1,1,68,95,2,,,,,,,,2,,,,,,,,,,,,,,,68,463.689.352.945.133
576611,1,2,68,95,2,,,,,,,,2,,,,,,,,,,,,,,,68,463.689.352.945.133
576611,1,3,68,95,2,,,,,,,,2,,,,,,,,,,,,,,,68,463.689.352.945.133
576611,1,4,68,95,2,,,,,,,,2,,,,,,,,,,,,,,,68,463.689.352.945.133
576611,1,5,68,95,2,,,,,,,,2,,,,,,,,,,,,,,,68,463.689.352.945.133
576612,1,1,68,95,2,,,,,,,,2,,,,,,,,,,,,,,,68,356.420.607.147.571
576612,1,2,68,95,2,,,,,,,,2,,,,,,,,,,,,,,,68,356.420.607.147.571
576612,1,5,68,95,1,,2,2,60000,,,1,1,2,,2,,,,,,5000000,2,1,2,,2,68,356.420.607.147.571
576612,1,7,68,95,1,,2,1,,550000,,2,2,,,,,,,,,,,,,,,68,356.420.607.147.571
576613,1,1,68,95,2,,,,,,,,2,,,,,,,,,,,,,,,68,434.863.814.015.375
576613,1,2,68,95,2,,,,,,,,2,,,,,,,,,,,,,,,68,434.863.814.015.375
576613,1,3,68,95,2,,,,,,,,2,,,,,,,,,,,,,,,68,434.863.814.015.375
576613,1,4,68,95,2,,,,,,,,2,,,,,,,,,,,,,,,68,434.863.814.015.375
576613,1,5,68,95,2,,,,,,,,2,,,,,,,,,,,,,,,68,434.863.814.015.375
576614,1,1,68,95,2,,,,,,,,2,,,,,,,,,,,,,,,68,335.173.245.813.364
576614,1,2,68,95,2,,,,,,,,2,,,,,,,,,,,,,,,68,335.173.245.813.364
576616,1,1,68,95,2,,,,,,,,2,,,,,,,,,,,,,,,68,327.386.015.447.157
576616,1,2,68,95,2,,,,,,,,2,,,,,,,,,,,,,,,68,327.386.015.447.157
576617,1,1,68,95,2,,,,,,,,2,,,,,,,,,,,,,,,68,231.803.812.141.761
576617,1,2,68,95,2,,,,,,,,2,,,,,,,,,,,,,,,68,231.803.812.141.761
576617,1,3,68,95,2,,,,,,,,2,,,,,,,,,,,,,,,68,231.803.812.141.761
576617,1,4,68,95,2,,,,,,,,2,,,,,,,,,,,,,,,68,231.803.812.141.761
576617,1,5,68,95,2,,,,,,,,2,,,,,,,,,,,,,,,68,231.803.812.141.761
576618,1,1,68,95,1,,2,1,,840000,,2,2,,,,,,,,,,,,,,,68,381.785.293.252.143
576618,1,2,68,95,1,,2,1,,1831000,,2,2,,,,,,,,,,,,,,,68,381.785.293.252.143
576618,1,3,68,95,2,,,,,,,,2,,,,,,,,,,,,,,,68,381.785.293.252.143
576618,1,4,68,95,2,,,,,,,,2,,,,,,,,,,,,,,,68,381.785.293.252.143
576619,1,1,68,95,2,,,,,,,,2,,,,,,,,,,,,,,,68,342.960.476.179.571
576619,1,2,68,95,2,,,,,,,,2,,,,,,,,,,,,,,,68,342.960.476.179.571
576620,1,1,68,95,2,,,,,,,,2,,,,,,,,,,,,,,,68,362.820.568.234.434
576620,1,2,68,95,2,,,,,,,,2,,,,,,,,,,,,,,,68,362.820.568.234.434
576620,1,3,68,95,2,,,,,,,,2,,,,,,,,,,,,,,,68,362.820.568.234.434
576621,1,1,68,95,2,,,,,,,,1,2,,2,,,,36000000,,,1,2,2,,2,68,372.922.368.145.729
576621,1,2,68,95,2,,,,,,,,2,,,,,,,,,,,,,,,68,372.922.368.145.729
576621,1,3,68,95,2,,,,,,,,1,2,,2,,,,4800000,,,1,2,2,,2,68,372.922.368.145.729
576621,1,5,68,95,2,,,,,,,,1,2,,2,,,,,,4800000,2,1,2,,2,68,372.922.368.145.729
576622,1,1,68,95,1,,2,1,,500000,,2,2,,,,,,,,,,,,,,,68,336.945.841.539.999
576622,1,2,68,95,1,,1,2,,,370000,2,2,,,,,,,,,,,,,,,68,336.945.841.539.999
576622,1,3,68,95,1,,2,1,,480000,,2,2,,,,,,,,,,,,,,,68,336.945.841.539.999
576622,1,5,68,95,2,,,,,,,,1,2,,2,,,,,,2500000,2,1,2,,2,68,336.945.841.539.999
576622,1,6,68,95,2,,,,,,,,2,,,,,,,,,,,,,,,68,336.945.841.539.999
576623,1,1,68,95,2,,,,,,,,2,,,,,,,,,,,,,,,68,399.872.789.580.371
576623,1,2,68,95,2,,,,,,,,2,,,,,,,,,,,,,,,68,399.872.789.580.371
576624,1,1,68,95,2,,,,,,,,2,,,,,,,,,,,,,,,68,342.960.476.179.571
576624,1,2,68,95,1,,1,2,,,250000,2,2,,,,,,,,,,,,,,,68,342.960.476.179.571
576625,1,1,68,95,2,,,,,,,,2,,,,,,,,,,,,,,,68,410.558.381.989.683
576625,1,2,68,95,2,,,,,,,,2,,,,,,,,,,,,,,,68,410.558.381.989.683
576626,1,1,68,95,2,,,,,,,,2,,,,,,,,,,,,,,,68,399.872.789.580.371
576626,1,2,68,95,2,,,,,,,,2,,,,,,,,,,,,,,,68,399.872.789.580.371
576627,1,1,68,95,2,,,,,,,,2,,,,,,,,,,,,,,,68,297.579.050.648.975
576627,1,2,68,95,2,,,,,,,,2,,,,,,,,,,,,,,,68,297.579.050.648.975
576627,1,3,68,95,2,,,,,,,,2,,,,,,,,,,,,,,,68,297.579.050.648.975
576627,1,4,68,95,2,,,,,,,,2,,,,,,,,,,,,,,,68,297.579.050.648.975
576627,1,5,68,95,2,,,,,,,,2,,,,,,,,,,,,,,,68,297.579.050.648.975
576628,1,1,68,95,1,,2,2,150000,,,1,1,2,,1,,,600000,,,,2,2,2,,2,68,295.571.296.679.459
576628,2,1,68,95,2,,,,,,,,1,2,,2,,,,,,1000000,2,1,2,,2,68,295.571.296.679.459
576628,2,2,68,95,2,,,,,,,,2,,,,,,,,,,,,,,,68,295.571.296.679.459
576628,2,3,68,95,2,,,,,,,,2,,,,,,,,,,,,,,,68,295.571.296.679.459
576628,3,1,68,95,2,,,,,,,,1,2,,2,,,,,,2400000,2,1,2,,2,68,295.571.296.679.459
576628,4,1,68,95,2,,,,,,,,1,2,,2,,,,,,600000,2,1,2,,2,68,295.571.296.679.459
576629,1,1,68,95,2,,,,,,,,2,,,,,,,,,,,,,,,68,182.014.108.393.888
576629,1,2,68,95,2,,,,,,,,2,,,,,,,,,,,,,,,68,182.014.108.393.888
576629,1,3,68,95,2,,,,,,,,2,,,,,,,,,,,,,,,68,182.014.108.393.888
576629,1,4,68,95,2,,,,,,,,2,,,,,,,,,,,,,,,68,182.014.108.393.888
576629,1,5,68,95,2,,,,,,,,2,,,,,,,,,,,,,,,68,182.014.108.393.888
576630,1,1,68,95,2,,,,,,,,2,,,,,,,,,,,,,,,68,342.960.476.179.571
576630,1,2,68,95,2,,,,,,,,2,,,,,,,,,,,,,,,68,342.960.476.179.571
576631,1,1,68,95,2,,,,,,,,2,,,,,,,,,,,,,,,68,342.960.476.179.571
576631,1,2,68,95,2,,,,,,,,2,,,,,,,,,,,,,,,68,342.960.476.179.571
576632,1,1,68,95,2,,,,,,,,2,,,,,,,,,,,,,,,68,36.143.329.895.509
576632,1,2,68,95,2,,,,,,,,2,,,,,,,,,,,,,,,68,36.143.329.895.509
576633,1,1,68,95,2,,,,,,,,2,,,,,,,,,,,,,,,68,356.109.032.608.434
576633,1,2,68,95,2,,,,,,,,2,,,,,,,,,,,,,,,68,356.109.032.608.434
576633,1,3,68,95,2,,,,,,,,2,,,,,,,,,,,,,,,68,356.109.032.608.434
576634,1,1,68,95,2,,,,,,,,2,,,,,,,,,,,,,,,68,393.033.376.443.535
576634,1,4,68,95,2,,,,,,,,2,,,,,,,,,,,,,,,68,393.033.376.443.535
576634,2,1,68,95,2,,,,,,,,2,,,,,,,,,,,,,,,68,393.033.376.443.535
576634,2,2,68,95,2,,,,,,,,1,2,,2,,,,,,2400000,2,1,2,,2,68,393.033.376.443.535
576635,1,1,68,95,2,,,,,,,,2,,,,,,,,,,,,,,,68,404.137.781.371.211
576635,1,2,68,95,2,,,,,,,,2,,,,,,,,,,,,,,,68,404.137.781.371.211
576635,1,3,68,95,2,,,,,,,,2,,,,,,,,,,,,,,,68,404.137.781.371.211
576635,1,4,68,95,2,,,,,,,,2,,,,,,,,,,,,,,,68,404.137.781.371.211
576636,1,1,68,95,2,,,,,,,,2,,,,,,,,,,,,,,,68,399.872.789.580.371
576636,1,2,68,95,2,,,,,,,,2,,,,,,,,,,,,,,,68,399.872.789.580.371
576637,1,1,68,95,1,,2,1,,1100000,,2,2,,,,,,,,,,,,,,,68,427.311.059.230.784
576638,1,1,68,95,1,,2,1,,1500000,,2,1,2,,2,,,,,,1000000,2,1,2,,2,68,334.733.793.763.392
576638,1,2,68,95,2,,,,,,,,2,,,,,,,,,,,,,,,68,334.733.793.763.392
576638,1,3,68,95,2,,,,,,,,2,,,,,,,,,,,,,,,68,334.733.793.763.392
576639,1,1,68,95,1,,1,2,,,300000,2,2,,,,,,,,,,,,,,,68,268.856.033.487.698
576639,1,2,68,95,2,,,,,,,,2,,,,,,,,,,,,,,,68,268.856.033.487.698
576639,1,3,68,95,2,,,,,,,,2,,,,,,,,,,,,,,,68,268.856.033.487.698
576639,1,4,68,95,2,,,,,,,,2,,,,,,,,,,,,,,,68,268.856.033.487.698
576640,1,1,68,95,2,,,,,,,,2,,,,,,,,,,,,,,,68,371.683.493.340.848
576640,1,2,68,95,2,,,,,,,,2,,,,,,,,,,,,,,,68,371.683.493.340.848
576640,1,3,68,95,2,,,,,,,,2,,,,,,,,,,,,,,,68,371.683.493.340.848
576641,1,1,68,95,2,,,,,,,,2,,,,,,,,,,,,,,,68,29.753.723.196.941
576641,1,2,68,95,1,,2,1,,500000,,2,1,2,,2,,,,,,500000,2,1,2,,2,68,29.753.723.196.941
576641,1,3,68,95,2,,,,,,,,2,,,,,,,,,,,,,,,68,29.753.723.196.941
576641,1,4,68,95,2,,,,,,,,2,,,,,,,,,,,,,,,68,29.753.723.196.941
576642,1,1,68,95,1,,2,1,,1500000,,2,2,,,,,,,,,,,,,,,68,379.190.375.419.456
576642,1,2,68,95,2,,,,,,,,2,,,,,,,,,,,,,,,68,379.190.375.419.456
576642,1,3,68,95,2,,,,,,,,2,,,,,,,,,,,,,,,68,379.190.375.419.456
576642,1,4,68,95,1,,1,2,,,250000,2,2,,,,,,,,,,,,,,,68,379.190.375.419.456
576642,1,5,68,95,2,,,,,,,,1,2,,2,,,,,,2400000,2,1,2,,2,68,379.190.375.419.456
576642,1,6,68,95,2,,,,,,,,2,,,,,,,,,,,,,,,68,379.190.375.419.456
576643,1,1,68,95,2,,,,,,,,2,,,,,,,,,,,,,,,68,342.960.476.179.571
576643,1,2,68,95,2,,,,,,,,2,,,,,,,,,,,,,,,68,342.960.476.179.571
576644,1,1,68,95,2,,,,,,,,2,,,,,,,,,,,,,,,68,252.727.212.301.921
576644,1,2,68,95,2,,,,,,,,1,2,,2,,,,,,300000,2,1,2,,2,68,252.727.212.301.921
576644,1,3,68,95,2,,,,,,,,2,,,,,,,,,,,,,,,68,252.727.212.301.921
576646,1,1,68,95,2,,,,,,,,2,,,,,,,,,,,,,,,68,284.840.514.225.429
576646,1,2,68,95,2,,,,,,,,2,,,,,,,,,,,,,,,68,284.840.514.225.429
576646,1,3,68,95,2,,,,,,,,2,,,,,,,,,,,,,,,68,284.840.514.225.429
576646,1,4,68,95,2,,,,,,,,2,,,,,,,,,,,,,,,68,284.840.514.225.429
576646,1,5,68,95,2,,,,,,,,2,,,,,,,,,,,,,,,68,284.840.514.225.429
576647,1,1,68,95,1,,1,2,,,100000,2,1,2,,2,,,,,,7200000,2,1,2,,2,68,371.786.015.109.329
576647,2,1,68,95,2,,,,,,,,2,,,,,,,,,,,,,,,68,371.786.015.109.329
576650,1,1,68,95,1,,2,1,,4200000,,2,2,,,,,,,,,,,,,,,68,345.304.477.769.314
576651,1,1,68,95,1,,2,1,,1500000,,2,2,,,,,,,,,,,,,,,68,436.644.662.638.709
576651,1,2,68,95,1,,2,1,,1600000,,2,2,,,,,,,,,,,,,,,68,436.644.662.638.709
576651,1,3,68,95,2,,,,,,,,2,,,,,,,,,,,,,,,68,436.644.662.638.709
576651,1,4,68,95,2,,,,,,,,2,,,,,,,,,,,,,,,68,436.644.662.638.709
576652,1,1,68,95,1,,2,2,1200000,,,1,2,,,,,,,,,,,,,,,68,406.243.318.622.579
576652,1,2,68,95,2,,,,,,,,2,,,,,,,,,,,,,,,68,406.243.318.622.579
576652,1,3,68,95,2,,,,,,,,2,,,,,,,,,,,,,,,68,406.243.318.622.579
576654,1,1,68,95,2,,,,,,,,2,,,,,,,,,,,,,,,68,335.173.245.813.364
576654,1,2,68,95,2,,,,,,,,2,,,,,,,,,,,,,,,68,335.173.245.813.364
576655,1,1,68,95,2,,,,,,,,1,2,,2,,,,,,8400000,2,1,2,,2,68,525.051.205.187.043
576655,1,2,68,95,1,,1,2,,,800000,2,2,,,,,,,,,,,,,,,68,525.051.205.187.043
576655,1,3,68,95,2,,,,,,,,1,2,,2,,,,,,10600000,2,1,2,,2,68,525.051.205.187.043
576656,1,1,68,95,2,,,,,,,,2,,,,,,,,,,,,,,,68,437.310.337.373.598
576656,1,2,68,95,2,,,,,,,,2,,,,,,,,,,,,,,,68,437.310.337.373.598
576656,1,3,68,95,2,,,,,,,,2,,,,,,,,,,,,,,,68,437.310.337.373.598
576657,1,1,68,95,1,,1,2,,,140000,2,1,2,,2,,,,,,4800000,2,1,2,,2,68,406.243.318.622.579
576657,2,1,68,95,2,,,,,,,,2,,,,,,,,,,,,,,,68,406.243.318.622.579
576657,2,2,68,95,2,,,,,,,,2,,,,,,,,,,,,,,,68,406.243.318.622.579
576658,1,1,68,95,2,,,,,,,,2,,,,,,,,,,,,,,,68,356.109.032.608.434
576658,1,2,68,95,2,,,,,,,,2,,,,,,,,,,,,,,,68,356.109.032.608.434
576658,1,3,68,95,2,,,,,,,,2,,,,,,,,,,,,,,,68,356.109.032.608.434
576659,1,1,68,95,2,,,,,,,,2,,,,,,,,,,,,,,,68,457.318.823.902.924
576659,1,2,68,95,2,,,,,,,,2,,,,,,,,,,,,,,,68,457.318.823.902.924
576659,1,3,68,95,2,,,,,,,,2,,,,,,,,,,,,,,,68,457.318.823.902.924
576659,1,4,68,95,2,,,,,,,,2,,,,,,,,,,,,,,,68,457.318.823.902.924
576660,1,1,68,95,2,,,,,,,,2,,,,,,,,,,,,,,,68,42.080.857.637.544
576660,1,2,68,95,2,,,,,,,,2,,,,,,,,,,,,,,,68,42.080.857.637.544
576660,1,5,68,95,2,,,,,,,,2,,,,,,,,,,,,,,,68,42.080.857.637.544
576661,1,1,68,95,2,,,,,,,,2,,,,,,,,,,,,,,,68,327.386.015.447.157
576661,1,2,68,95,2,,,,,,,,2,,,,,,,,,,,,,,,68,327.386.015.447.157
576662,1,1,68,95,2,,,,,,,,2,,,,,,,,,,,,,,,68,363.896.262.974.641
576662,1,2,68,95,2,,,,,,,,2,,,,,,,,,,,,,,,68,363.896.262.974.641
576662,1,3,68,95,2,,,,,,,,2,,,,,,,,,,,,,,,68,363.896.262.974.641
576663,1,1,68,95,1,,1,2,,,150000,2,2,,,,,,,,,,,,,,,68,303.313.337.000.948
576663,1,2,68,95,2,,,,,,,,2,,,,,,,,,,,,,,,68,303.313.337.000.948
576663,1,3,68,95,2,,,,,,,,2,,,,,,,,,,,,,,,68,303.313.337.000.948
576663,1,4,68,95,2,,,,,,,,2,,,,,,,,,,,,,,,68,303.313.337.000.948
576663,2,1,68,95,2,,,,,,,,2,,,,,,,,,,,,,,,68,303.313.337.000.948
576664,1,1,68,95,2,,,,,,,,2,,,,,,,,,,,,,,,68,335.173.245.813.364
576664,1,2,68,95,2,,,,,,,,2,,,,,,,,,,,,,,,68,335.173.245.813.364
576665,1,1,68,95,2,,,,,,,,2,,,,,,,,,,,,,,,68,335.173.245.813.364
576665,1,2,68,95,2,,,,,,,,2,,,,,,,,,,,,,,,68,335.173.245.813.364
576666,1,1,68,95,2,,,,,,,,2,,,,,,,,,,,,,,,68,261.068.803.121.491
576666,1,2,68,95,2,,,,,,,,2,,,,,,,,,,,,,,,68,261.068.803.121.491
576666,1,3,68,95,2,,,,,,,,2,,,,,,,,,,,,,,,68,261.068.803.121.491
576666,1,4,68,95,2,,,,,,,,2,,,,,,,,,,,,,,,68,261.068.803.121.491
576667,1,1,68,95,2,,,,,,,,2,,,,,,,,,,,,,,,68,353.062.276.090.866
576667,1,2,68,95,2,,,,,,,,2,,,,,,,,,,,,,,,68,353.062.276.090.866
576667,1,3,68,95,2,,,,,,,,2,,,,,,,,,,,,,,,68,353.062.276.090.866
576670,1,1,68,95,1,,2,1,,98,,2,2,,,,,,,,,,,,,,,68,398.485.520.301.027
576671,1,1,68,95,1,,2,1,,2100000,,2,2,,,,,,,,,,,,,,,68,352.959.754.322.385
576671,1,2,68,95,2,,,,,,,,2,,,,,,,,,,,,,,,68,352.959.754.322.385
576671,1,3,68,95,2,,,,,,,,1,2,,2,,,,,,,2,2,2,98,1,68,352.959.754.322.385
576671,1,4,68,95,2,,,,,,,,2,,,,,,,,,,,,,,,68,352.959.754.322.385
576672,1,1,68,95,2,,,,,,,,2,,,,,,,,,,,,,,,68,305.908.254.833.635
576672,1,2,68,95,2,,,,,,,,1,2,,2,,,,,,98,2,1,2,,2,68,305.908.254.833.635
576672,1,3,68,95,2,,,,,,,,2,,,,,,,,,,,,,,,68,305.908.254.833.635
576673,1,1,68,95,2,,,,,,,,1,2,,2,,,,,,98,2,1,2,,2,68,363.747.868.500.178
576673,1,2,68,95,2,,,,,,,,2,,,,,,,,,,,,,,,68,363.747.868.500.178
576673,1,3,68,95,1,,2,2,200000,,,1,1,2,,2,,,,,,98,2,1,2,,2,68,363.747.868.500.178
576674,1,1,68,95,2,,,,,,,,1,2,,2,,,,,,,2,2,2,550000,1,68,335.173.245.813.364
576674,1,2,68,95,2,,,,,,,,2,,,,,,,,,,,,,,,68,335.173.245.813.364
576675,1,1,68,95,2,,,,,,,,1,2,,1,,,1050000,,,,2,2,2,,2,68,308.503.172.666.321
576676,1,1,68,95,2,,,,,,,,2,,,,,,,,,,,,,,,68,231.803.812.141.761
576676,1,2,68,95,2,,,,,,,,2,,,,,,,,,,,,,,,68,231.803.812.141.761
576676,1,3,68,95,2,,,,,,,,2,,,,,,,,,,,,,,,68,231.803.812.141.761
576676,1,4,68,95,2,,,,,,,,2,,,,,,,,,,,,,,,68,231.803.812.141.761
576676,1,5,68,95,2,,,,,,,,2,,,,,,,,,,,,,,,68,231.803.812.141.761
576677,1,1,68,95,1,,2,1,,1800000,,2,2,,,,,,,,,,,,,,,68,207.887.760.589.778
576677,1,2,68,95,2,,,,,,,,2,,,,,,,,,,,,,,,68,207.887.760.589.778
576677,1,3,68,95,2,,,,,,,,2,,,,,,,,,,,,,,,68,207.887.760.589.778
576677,1,4,68,95,2,,,,,,,,2,,,,,,,,,,,,,,,68,207.887.760.589.778
576678,1,1,68,95,2,,,,,,,,2,,,,,,,,,,,,,,,68,396.321.118.960.349
576678,1,2,68,95,2,,,,,,,,2,,,,,,,,,,,,,,,68,396.321.118.960.349
576678,1,3,68,95,2,,,,,,,,2,,,,,,,,,,,,,,,68,396.321.118.960.349
576678,1,4,68,95,2,,,,,,,,1,2,,2,,,,,,98,2,1,2,,2,68,396.321.118.960.349
576678,1,5,68,95,2,,,,,,,,2,,,,,,,,,,,,,,,68,396.321.118.960.349
576678,1,7,68,95,2,,,,,,,,2,,,,,,,,,,,,,,,68,396.321.118.960.349
576679,1,1,68,95,1,,2,1,,433704,,2,2,,,,,,,,,,,,,,,68,348.079.016.328.001
576679,1,2,68,95,2,,,,,,,,2,,,,,,,,,,,,,,,68,348.079.016.328.001
576679,1,4,68,95,1,,2,2,120000,,,1,2,,,,,,,,,,,,,,,68,348.079.016.328.001
576680,1,1,68,95,2,,,,,,,,2,,,,,,,,,,,,,,,68,45.678.510.298.117
576680,1,2,68,95,2,,,,,,,,2,,,,,,,,,,,,,,,68,45.678.510.298.117
576681,1,1,68,95,1,,2,2,300000,,,1,1,2,,2,,,,,,5000000,2,1,2,,2,68,337.226.189.827.598
576681,1,2,68,95,2,,,,,,,,1,2,,2,,,,,,2000000,2,1,2,,2,68,337.226.189.827.598
576682,1,1,68,95,1,,2,1,,1030000,,2,2,,,,,,,,,,,,,,,68,353.062.276.090.866
576682,1,2,68,95,2,,,,,,,,2,,,,,,,,,,,,,,,68,353.062.276.090.866
576682,1,3,68,95,2,,,,,,,,2,,,,,,,,,,,,,,,68,353.062.276.090.866
576683,1,1,68,95,2,,,,,,,,2,,,,,,,,,,,,,,,68,273.961.582.252.801
576683,1,2,68,95,1,,1,2,,,100000,2,1,2,,2,,,,,,,2,2,2,1100000,1,68,273.961.582.252.801
576683,1,3,68,95,2,,,,,,,,2,,,,,,,,,,,,,,,68,273.961.582.252.801
576683,2,1,68,95,2,,,,,,,,2,,,,,,,,,,,,,,,68,273.961.582.252.801
576683,2,2,68,95,2,,,,,,,,2,,,,,,,,,,,,,,,68,273.961.582.252.801
576683,2,5,68,95,2,,,,,,,,2,,,,,,,,,,,,,,,68,273.961.582.252.801
576683,2,6,68,95,2,,,,,,,,2,,,,,,,,,,,,,,,68,273.961.582.252.801
576683,2,8,68,95,1,,2,2,86000,,,1,2,,,,,,,,,,,,,,,68,273.961.582.252.801
576683,2,9,68,95,2,,,,,,,,1,2,,2,,,,,,200000,2,1,2,,2,68,273.961.582.252.801
576683,2,10,68,95,2,,,,,,,,1,2,,1,,,535000,,,,2,2,2,500000,1,68,273.961.582.252.801
576684,1,1,68,95,2,,,,,,,,2,,,,,,,,,,,,,,,68,338.362.542.863.998
576684,1,2,68,95,2,,,,,,,,2,,,,,,,,,,,,,,,68,338.362.542.863.998
576684,1,3,68,95,2,,,,,,,,2,,,,,,,,,,,,,,,68,338.362.542.863.998
576684,1,4,68,95,2,,,,,,,,2,,,,,,,,,,,,,,,68,338.362.542.863.998
576685,1,1,68,95,2,,,,,,,,2,,,,,,,,,,,,,,,68,35.310.409.477.043
576685,1,2,68,95,2,,,,,,,,2,,,,,,,,,,,,,,,68,35.310.409.477.043
576685,1,3,68,95,2,,,,,,,,2,,,,,,,,,,,,,,,68,35.310.409.477.043
576685,1,4,68,95,2,,,,,,,,2,,,,,,,,,,,,,,,68,35.310.409.477.043
576686,1,1,68,95,1,,2,1,,433704,,2,2,,,,,,,,,,,,,,,68,443.044.623.725.572
576686,1,2,68,95,2,,,,,,,,2,,,,,,,,,,,,,,,68,443.044.623.725.572
576686,1,3,68,95,2,,,,,,,,2,,,,,,,,,,,,,,,68,443.044.623.725.572
576687,1,1,68,95,1,,1,2,,,250000,2,1,2,,2,,,,,,98,2,1,2,,2,68,408.587.320.212.322
576687,1,2,68,95,2,,,,,,,,2,,,,,,,,,,,,,,,68,408.587.320.212.322
576688,1,1,68,95,2,,,,,,,,2,,,,,,,,,,,,,,,68,329.750.534.000.528
576688,1,2,68,95,1,,2,2,100000,,,1,2,,,,,,,,,,,,,,,68,329.750.534.000.528
576688,1,4,68,95,1,,2,2,100000,,,1,2,,,,,,,,,,,,,,,68,329.750.534.000.528
576689,1,1,68,95,1,,1,1,,900000,120000,2,2,,,,,,,,,,,,,,,68,314.090.391.760.384
576689,1,2,68,95,2,,,,,,,,2,,,,,,,,,,,,,,,68,314.090.391.760.384
576689,1,3,68,95,2,,,,,,,,2,,,,,,,,,,,,,,,68,314.090.391.760.384
576689,1,5,68,95,2,,,,,,,,1,2,,2,,,,,,98,2,1,2,,2,68,314.090.391.760.384
576690,1,1,68,95,1,,1,2,,,180000,2,2,,,,,,,,,,,,,,,68,409.339.241.351.946
576690,1,2,68,95,2,,,,,,,,2,,,,,,,,,,,,,,,68,409.339.241.351.946
576690,1,3,68,95,2,,,,,,,,2,,,,,,,,,,,,,,,68,409.339.241.351.946
576690,1,4,68,95,2,,,,,,,,2,,,,,,,,,,,,,,,68,409.339.241.351.946
576691,1,1,68,95,2,,,,,,,,2,,,,,,,,,,,,,,,68,302.949.908.907.153
576691,1,2,68,95,2,,,,,,,,1,2,,2,,,,,,98,2,1,2,,2,68,302.949.908.907.153
576692,1,1,68,95,1,,2,1,,98,,2,2,,,,,,,,,,,,,,,68,39.602.173.844.795
576692,1,2,68,95,2,,,,,,,,2,,,,,,,,,,,,,,,68,39.602.173.844.795
576692,1,3,68,95,2,,,,,,,,2,,,,,,,,,,,,,,,68,39.602.173.844.795
576692,1,4,68,95,2,,,,,,,,1,2,,2,,,,,,,2,2,2,1800000,1,68,39.602.173.844.795
576693,1,1,68,95,2,,,,,,,,1,2,,2,,,,,,4800000,2,1,2,,2,68,293.808.533.126.896
576693,1,2,68,95,2,,,,,,,,1,2,,1,,,66000,,,,2,2,2,,2,68,293.808.533.126.896
576693,1,3,68,95,2,,,,,,,,2,,,,,,,,,,,,,,,68,293.808.533.126.896
576693,1,4,68,95,2,,,,,,,,2,,,,,,,,,,,,,,,68,293.808.533.126.896
576694,1,1,68,95,2,,,,,,,,1,2,,2,,,,,,16000000,2,1,2,,2,68,268.856.033.487.698
576694,1,2,68,95,1,,1,2,,,1000000,2,2,,,,,,,,,,,,,,,68,268.856.033.487.698
576694,2,1,68,95,2,,,,,,,,2,,,,,,,,,,,,,,,68,268.856.033.487.698
576694,2,2,68,95,2,,,,,,,,2,,,,,,,,,,,,,,,68,268.856.033.487.698
576695,1,1,68,95,2,,,,,,,,2,,,,,,,,,,,,,,,68,334.631.271.994.911
576695,1,2,68,95,2,,,,,,,,2,,,,,,,,,,,,,,,68,334.631.271.994.911
576695,1,3,68,95,2,,,,,,,,2,,,,,,,,,,,,,,,68,334.631.271.994.911
576695,1,4,68,95,2,,,,,,,,2,,,,,,,,,,,,,,,68,334.631.271.994.911
576696,1,1,68,95,2,,,,,,,,2,,,,,,,,,,,,,,,68,252.739.598.936.831
576696,1,2,68,95,2,,,,,,,,2,,,,,,,,,,,,,,,68,252.739.598.936.831
576696,1,3,68,95,2,,,,,,,,2,,,,,,,,,,,,,,,68,252.739.598.936.831
576696,1,4,68,95,2,,,,,,,,2,,,,,,,,,,,,,,,68,252.739.598.936.831
576696,1,5,68,95,2,,,,,,,,2,,,,,,,,,,,,,,,68,252.739.598.936.831
576696,1,6,68,95,2,,,,,,,,2,,,,,,,,,,,,,,,68,252.739.598.936.831
576697,1,1,68,95,1,,2,1,,2500000,,2,2,,,,,,,,,,,,,,,68,353.062.276.090.866
576697,1,2,68,95,2,,,,,,,,1,2,,2,,,,,,1500000,2,1,2,,2,68,353.062.276.090.866
576697,1,3,68,95,2,,,,,,,,2,,,,,,,,,,,,,,,68,353.062.276.090.866
576698,1,1,68,95,2,,,,,,,,2,,,,,,,,,,,,,,,68,394.672.224.150.151
576698,1,2,68,95,2,,,,,,,,2,,,,,,,,,,,,,,,68,394.672.224.150.151
576698,1,3,68,95,2,,,,,,,,2,,,,,,,,,,,,,,,68,394.672.224.150.151
576698,1,4,68,95,2,,,,,,,,2,,,,,,,,,,,,,,,68,394.672.224.150.151
576700,1,1,68,95,1,,2,1,,560000,,2,2,,,,,,,,,,,,,,,68,432.239.464.138.034
576700,1,2,68,95,2,,,,,,,,2,,,,,,,,,,,,,,,68,432.239.464.138.034
576700,2,1,68,95,2,,,,,,,,2,,,,,,,,,,,,,,,68,432.239.464.138.034
576700,2,2,68,95,2,,,,,,,,2,,,,,,,,,,,,,,,68,432.239.464.138.034
576700,3,1,68,95,2,,,,,,,,2,,,,,,,,,,,,,,,68,432.239.464.138.034
576700,3,2,68,95,2,,,,,,,,2,,,,,,,,,,,,,,,68,432.239.464.138.034
576700,4,1,68,95,2,,,,,,,,2,,,,,,,,,,,,,,,68,432.239.464.138.034
576700,4,2,68,95,2,,,,,,,,2,,,,,,,,,,,,,,,68,432.239.464.138.034
576700,4,3,68,95,2,,,,,,,,2,,,,,,,,,,,,,,,68,432.239.464.138.034
576701,1,1,68,95,2,,,,,,,,2,,,,,,,,,,,,,,,68,357.086.281.882.461
576701,1,2,68,95,2,,,,,,,,2,,,,,,,,,,,,,,,68,357.086.281.882.461
576701,1,4,68,95,2,,,,,,,,1,2,,2,,,,,,35000000,2,1,2,,2,68,357.086.281.882.461
576702,1,1,68,95,2,,,,,,,,2,,,,,,,,,,,,,,,68,362.820.568.234.434
576702,1,2,68,95,2,,,,,,,,2,,,,,,,,,,,,,,,68,362.820.568.234.434
576702,1,4,68,95,2,,,,,,,,2,,,,,,,,,,,,,,,68,362.820.568.234.434
576703,1,1,68,95,1,,2,1,,2400000,,2,2,,,,,,,,,,,,,,,68,427.157.613.915.972
576703,1,2,68,95,2,,,,,,,,2,,,,,,,,,,,,,,,68,427.157.613.915.972
576704,1,1,68,95,2,,,,,,,,2,,,,,,,,,,,,,,,68,313.816.875.349.153
576704,1,2,68,95,2,,,,,,,,2,,,,,,,,,,,,,,,68,313.816.875.349.153
576704,1,3,68,95,2,,,,,,,,2,,,,,,,,,,,,,,,68,313.816.875.349.153
576705,1,1,68,95,2,,,,,,,,2,,,,,,,,,,,,,,,68,482.755.734.830.751
576705,1,2,68,95,2,,,,,,,,2,,,,,,,,,,,,,,,68,482.755.734.830.751
576706,1,1,68,95,1,,2,1,,350000,,2,1,2,,2,1200000,,,,,,2,2,1,,2,68,476.760.825.164.081
576706,1,2,68,95,2,,,,,,,,2,,,,,,,,,,,,,,,68,476.760.825.164.081
576707,1,1,68,95,2,,,,,,,,2,,,,,,,,,,,,,,,68,431.900.347.568.211
576707,1,5,68,95,2,,,,,,,,1,2,,2,,,,,,1500000,2,1,2,,2,68,431.900.347.568.211
576808,1,1,73,95,1,,2,1,,433700,,2,1,2,,2,450000,,,,,,2,2,1,,2,73,218.398.819.184.927
576808,1,2,73,95,2,,,,,,,,2,,,,,,,,,,,,,,,73,218.398.819.184.927
576808,1,3,73,95,2,,,,,,,,2,,,,,,,,,,,,,,,73,218.398.819.184.927
576809,1,1,73,95,1,,2,1,,900000,,2,2,,,,,,,,,,,,,,,73,176.579.834.747.917
576809,1,2,73,95,2,,,,,,,,2,,,,,,,,,,,,,,,73,176.579.834.747.917
576809,1,3,73,95,2,,,,,,,,2,,,,,,,,,,,,,,,73,176.579.834.747.917
576809,1,4,73,95,2,,,,,,,,2,,,,,,,,,,,,,,,73,176.579.834.747.917
576809,1,5,73,95,2,,,,,,,,2,,,,,,,,,,,,,,,73,176.579.834.747.917
576810,1,1,73,95,2,,,,,,,,1,2,,2,,,,400000,,,1,2,2,,2,73,158.128.671.271.942
576810,1,2,73,95,2,,,,,,,,2,,,,,,,,,,,,,,,73,158.128.671.271.942
576810,1,3,73,95,2,,,,,,,,1,2,,2,,,,,,500000,2,1,2,,2,73,158.128.671.271.942
576813,1,1,73,95,2,,,,,,,,2,,,,,,,,,,,,,,,73,366.294.886.892.534
576813,1,2,73,95,2,,,,,,,,2,,,,,,,,,,,,,,,73,366.294.886.892.534
576813,1,5,73,95,2,,,,,,,,2,,,,,,,,,,,,,,,73,366.294.886.892.534
576814,1,1,73,95,2,,,,,,,,1,2,,2,,,,,,2000000,2,1,2,,2,73,184.906.730.174.217
576815,1,1,73,95,2,,,,,,,,2,,,,,,,,,,,,,,,73,199.676.945.774.106
576815,1,2,73,95,2,,,,,,,,1,2,,2,,,,,,1000000,2,1,2,,2,73,199.676.945.774.106
576815,1,3,73,95,2,,,,,,,,2,,,,,,,,,,,,,,,73,199.676.945.774.106
576815,1,4,73,95,2,,,,,,,,1,2,,2,,,,,,20000,2,1,2,,2,73,199.676.945.774.106
576816,1,1,73,95,2,,,,,,,,2,,,,,,,,,,,,,,,73,199.201.744.970.021
576816,1,2,73,95,2,,,,,,,,1,2,,2,,,,500000,,,1,2,2,,2,73,199.201.744.970.021
576816,1,4,73,95,2,,,,,,,,1,2,,2,,,,,,400000,2,1,2,,2,73,199.201.744.970.021
576816,1,5,73,95,2,,,,,,,,2,,,,,,,,,,,,,,,73,199.201.744.970.021
576817,1,1,73,95,1,,1,2,,,300000,2,1,2,,2,,,,12000000,,,1,2,2,,2,73,132.560.721.997.249
576817,1,2,73,95,2,,,,,,,,1,2,,2,,,,,,30000000,2,1,2,,2,73,132.560.721.997.249
576817,1,3,73,95,2,,,,,,,,2,,,,,,,,,,,,,,,73,132.560.721.997.249
576818,1,1,73,95,2,,,,,,,,2,,,,,,,,,,,,,,,73,207.056.040.135.824
576819,1,1,73,95,2,,,,,,,,1,2,,2,,,,,,8000000,2,1,2,,2,73,233.613.693.975.599
576819,1,2,73,95,2,,,,,,,,2,,,,,,,,,,,,,,,73,233.613.693.975.599
576820,1,1,73,95,2,,,,,,,,1,2,,2,,,,,,600000,2,1,2,,2,73,241.833.013.109.586
576820,1,2,73,95,2,,,,,,,,1,2,,2,,,,2500000,,,1,2,2,,2,73,241.833.013.109.586
576821,1,1,73,95,2,,,,,,,,2,,,,,,,,,,,,,,,73,24.158.056.968.409
576822,1,1,73,95,2,,,,,,,,2,,,,,,,,,,,,,,,73,289.109.157.914.929
576822,1,2,73,95,2,,,,,,,,1,2,,2,,,,,,100000,2,1,2,,2,73,289.109.157.914.929
576823,1,1,73,95,2,,,,,,,,2,,,,,,,,,,,,,,,73,222.774.056.800.295
576823,1,2,73,95,2,,,,,,,,2,,,,,,,,,,,,,,,73,222.774.056.800.295
576823,1,3,73,95,2,,,,,,,,2,,,,,,,,,,,,,,,73,222.774.056.800.295
576824,1,1,73,95,1,,2,1,,433700,,2,2,,,,,,,,,,,,,,,73,210.882.923.044.897
576824,1,2,73,95,2,,,,,,,,2,,,,,,,,,,,,,,,73,210.882.923.044.897
576825,1,1,73,95,2,,,,,,,,1,2,,2,,,,8000000,,,1,2,2,,2,73,218.389.685.930.252
576825,1,2,73,95,1,,1,2,,,150000,2,2,,,,,,,,,,,,,,,73,218.389.685.930.252
576825,1,3,73,95,2,,,,,,,,2,,,,,,,,,,,,,,,73,218.389.685.930.252
576825,1,4,73,95,2,,,,,,,,2,,,,,,,,,,,,,,,73,218.389.685.930.252
576825,1,5,73,95,2,,,,,,,,2,,,,,,,,,,,,,,,73,218.389.685.930.252
576826,1,1,73,95,2,,,,,,,,1,2,,2,,,,700000,,,1,2,2,,2,73,270.311.778.285.809
576826,1,2,73,95,2,,,,,,,,2,,,,,,,,,,,,,,,73,270.311.778.285.809
576827,1,1,73,95,2,,,,,,,,2,,,,,,,,,,,,,,,73,181.225.782.298.131
576827,1,2,73,95,2,,,,,,,,2,,,,,,,,,,,,,,,73,181.225.782.298.131
576828,1,1,73,95,2,,,,,,,,2,,,,,,,,,,,,,,,73,347.418.880.306.787
576828,1,2,73,95,2,,,,,,,,2,,,,,,,,,,,,,,,73,347.418.880.306.787
576828,1,3,73,95,2,,,,,,,,2,,,,,,,,,,,,,,,73,347.418.880.306.787
576828,1,4,73,95,2,,,,,,,,2,,,,,,,,,,,,,,,73,347.418.880.306.787
576828,1,5,73,95,2,,,,,,,,2,,,,,,,,,,,,,,,73,347.418.880.306.787
576828,1,6,73,95,2,,,,,,,,2,,,,,,,,,,,,,,,73,347.418.880.306.787
576829,1,1,73,95,2,,,,,,,,2,,,,,,,,,,,,,,,73,12.313.129.323.568
576829,1,2,73,95,2,,,,,,,,2,,,,,,,,,,,,,,,73,12.313.129.323.568
576829,1,3,73,95,2,,,,,,,,2,,,,,,,,,,,,,,,73,12.313.129.323.568
576829,1,4,73,95,2,,,,,,,,2,,,,,,,,,,,,,,,73,12.313.129.323.568
576829,1,6,73,95,2,,,,,,,,1,2,,2,,,,,,500000,2,1,2,,2,73,12.313.129.323.568
576830,1,1,73,95,2,,,,,,,,2,,,,,,,,,,,,,,,73,158.128.671.271.942
576830,1,2,73,95,2,,,,,,,,2,,,,,,,,,,,,,,,73,158.128.671.271.942
576830,1,3,73,95,2,,,,,,,,2,,,,,,,,,,,,,,,73,158.128.671.271.942
576831,1,1,73,95,2,,,,,,,,1,2,,2,,,,,,300000,2,1,2,,2,73,199.686.079.028.781
576831,1,2,73,95,2,,,,,,,,2,,,,,,,,,,,,,,,73,199.686.079.028.781
576832,1,1,73,95,2,,,,,,,,2,,,,,,,,,,,,,,,73,154.406.303.550.685
576832,1,2,73,95,2,,,,,,,,2,,,,,,,,,,,,,,,73,154.406.303.550.685
576832,1,3,73,95,2,,,,,,,,2,,,,,,,,,,,,,,,73,154.406.303.550.685
576833,1,1,73,95,2,,,,,,,,2,,,,,,,,,,,,,,,73,139.415.931.115.796
576833,1,2,73,95,2,,,,,,,,1,2,,2,,,,,,1800000,2,1,2,,2,73,139.415.931.115.796
576835,1,1,73,95,1,,1,2,,,240000,2,2,,,,,,,,,,,,,,,73,181.225.782.298.131
576835,1,2,73,95,2,,,,,,,,2,,,,,,,,,,,,,,,73,181.225.782.298.131
576836,1,1,73,95,2,,,,,,,,2,,,,,,,,,,,,,,,73,199.676.945.774.106
576836,1,2,73,95,2,,,,,,,,2,,,,,,,,,,,,,,,73,199.676.945.774.106
576836,1,3,73,95,2,,,,,,,,2,,,,,,,,,,,,,,,73,199.676.945.774.106
576836,1,4,73,95,2,,,,,,,,2,,,,,,,,,,,,,,,73,199.676.945.774.106
576837,1,1,73,95,2,,,,,,,,1,2,,2,3000000,,,,,,2,2,1,,2,73,177.840.497.475.345
576837,1,2,73,95,2,,,,,,,,2,,,,,,,,,,,,,,,73,177.840.497.475.345
576838,1,1,73,95,2,,,,,,,,2,,,,,,,,,,,,,,,73,180.879.566.144.986
576838,1,2,73,95,2,,,,,,,,1,2,,2,,,,5000000,,,1,2,2,,2,73,180.879.566.144.986
576838,1,3,73,95,2,,,,,,,,2,,,,,,,,,,,,,,,73,180.879.566.144.986
576838,1,4,73,95,2,,,,,,,,2,,,,,,,,,,,,,,,73,180.879.566.144.986
576839,1,1,73,95,2,,,,,,,,1,2,,1,,,90000,,,500000,2,1,2,,2,73,236.965.624.308.086
576839,1,2,73,95,2,,,,,,,,2,,,,,,,,,,,,,,,73,236.965.624.308.086
576840,1,1,73,95,2,,,,,,,,2,,,,,,,,,,,,,,,73,408.122.633.288.298
576840,1,2,73,95,2,,,,,,,,2,,,,,,,,,,,,,,,73,408.122.633.288.298
576841,1,1,73,95,2,,,,,,,,2,,,,,,,,,,,,,,,73,490.335.489.665.054
576841,1,2,73,95,2,,,,,,,,2,,,,,,,,,,,,,,,73,490.335.489.665.054
576841,1,3,73,95,2,,,,,,,,2,,,,,,,,,,,,,,,73,490.335.489.665.054
576842,1,1,73,95,2,,,,,,,,1,2,,2,,,,,,2400000,2,1,2,,2,73,580.305.178.280.304
576842,1,2,73,95,2,,,,,,,,2,,,,,,,,,,,,,,,73,580.305.178.280.304
576842,1,3,73,95,2,,,,,,,,2,,,,,,,,,,,,,,,73,580.305.178.280.304
576843,1,1,73,95,2,,,,,,,,2,,,,,,,,,,,,,,,73,211.220.005.943.367
576843,1,2,73,95,2,,,,,,,,2,,,,,,,,,,,,,,,73,211.220.005.943.367
576844,1,1,73,95,2,,,,,,,,2,,,,,,,,,,,,,,,73,139.415.931.115.796
576844,1,2,73,95,2,,,,,,,,2,,,,,,,,,,,,,,,73,139.415.931.115.796
576845,1,1,73,95,2,,,,,,,,2,,,,,,,,,,,,,,,73,229.334.086.520.872
576845,1,2,73,95,2,,,,,,,,2,,,,,,,,,,,,,,,73,229.334.086.520.872
576845,1,3,73,95,2,,,,,,,,2,,,,,,,,,,,,,,,73,229.334.086.520.872
576845,1,4,73,95,2,,,,,,,,1,2,,2,,,,,,1200000,2,1,2,,2,73,229.334.086.520.872
576846,1,1,73,95,2,,,,,,,,2,,,,,,,,,,,,,,,73,202.671.669.265.781
576846,1,2,73,95,2,,,,,,,,2,,,,,,,,,,,,,,,73,202.671.669.265.781
576846,1,3,73,95,2,,,,,,,,2,,,,,,,,,,,,,,,73,202.671.669.265.781
576847,1,1,73,95,1,,2,1,,880000,,2,2,,,,,,,,,,,,,,,73,173.203.683.179.805
576847,1,2,73,95,1,,2,1,,600000,,2,2,,,,,,,,,,,,,,,73,173.203.683.179.805
576847,1,3,73,95,2,,,,,,,,2,,,,,,,,,,,,,,,73,173.203.683.179.805
576848,1,1,73,95,2,,,,,,,,2,,,,,,,,,,,,,,,73,18.096.420.561.796
576848,1,2,73,95,2,,,,,,,,2,,,,,,,,,,,,,,,73,18.096.420.561.796
576848,1,3,73,95,2,,,,,,,,2,,,,,,,,,,,,,,,73,18.096.420.561.796
576849,1,1,73,95,2,,,,,,,,2,,,,,,,,,,,,,,,73,146.228.404.261.869
576849,1,2,73,95,2,,,,,,,,2,,,,,,,,,,,,,,,73,146.228.404.261.869
576849,1,3,73,95,2,,,,,,,,2,,,,,,,,,,,,,,,73,146.228.404.261.869
576849,1,4,73,95,2,,,,,,,,2,,,,,,,,,,,,,,,73,146.228.404.261.869
576850,1,1,73,95,2,,,,,,,,1,2,,1,,,70000,,,720000,2,1,2,,2,73,173.709.886.158.101
576851,1,1,73,95,1,,2,1,,2300000,,2,2,,,,,,,,,,,,,,,73,190.771.402.255.708
576851,1,2,73,95,2,,,,,,,,2,,,,,,,,,,,,,,,73,190.771.402.255.708
576851,1,3,73,95,2,,,,,,,,2,,,,,,,,,,,,,,,73,190.771.402.255.708
576851,1,4,73,95,2,,,,,,,,2,,,,,,,,,,,,,,,73,190.771.402.255.708
576852,1,1,73,95,2,,,,,,,,2,,,,,,,,,,,,,,,73,159.127.757.319.199
576853,1,1,73,95,2,,,,,,,,2,,,,,,,,,,,,,,,73,222.774.056.800.295
576853,1,2,73,95,2,,,,,,,,2,,,,,,,,,,,,,,,73,222.774.056.800.295
576853,1,3,73,95,2,,,,,,,,2,,,,,,,,,,,,,,,73,222.774.056.800.295
576854,1,1,73,95,2,,,,,,,,2,,,,,,,,,,,,,,,73,22.576.878.029.197
576854,1,2,73,95,2,,,,,,,,2,,,,,,,,,,,,,,,73,22.576.878.029.197
576855,1,1,73,95,1,,2,1,,715000,,2,2,,,,,,,,,,,,,,,73,159.127.757.319.199
576856,1,1,73,95,2,,,,,,,,2,,,,,,,,,,,,,,,73,181.225.782.298.131
576856,1,2,73,95,2,,,,,,,,2,,,,,,,,,,,,,,,73,181.225.782.298.131
576857,1,1,73,95,2,,,,,,,,2,,,,,,,,,,,,,,,73,22.576.878.029.197
576857,1,2,73,95,2,,,,,,,,2,,,,,,,,,,,,,,,73,22.576.878.029.197
576858,1,1,73,95,1,,1,2,,,200000,2,2,,,,,,,,,,,,,,,73,11.723.326.666.389
576858,1,2,73,95,2,,,,,,,,2,,,,,,,,,,,,,,,73,11.723.326.666.389
576859,1,1,73,95,2,,,,,,,,2,,,,,,,,,,,,,,,73,159.127.757.319.199
576860,1,1,73,95,1,,2,1,,961270,,2,2,,,,,,,,,,,,,,,73,219.388.771.977.509
576860,1,2,73,95,1,,2,1,,2772910,,2,2,,,,,,,,,,,,,,,73,219.388.771.977.509
576860,1,3,73,95,2,,,,,,,,2,,,,,,,,,,,,,,,73,219.388.771.977.509
576862,1,1,73,95,1,,1,1,,433700,100000,2,2,,,,,,,,,,,,,,,73,159.127.757.319.199
576863,1,1,73,95,2,,,,,,,,2,,,,,,,,,,,,,,,73,202.671.669.265.781
576863,1,2,73,95,2,,,,,,,,2,,,,,,,,,,,,,,,73,202.671.669.265.781
576863,1,3,73,95,2,,,,,,,,2,,,,,,,,,,,,,,,73,202.671.669.265.781
576864,1,1,73,95,1,,2,1,,1200000,,2,2,,,,,,,,,,,,,,,73,157.782.455.118.796
576864,1,2,73,95,2,,,,,,,,2,,,,,,,,,,,,,,,73,157.782.455.118.796
576864,1,3,73,95,2,,,,,,,,1,2,,1,,,2300000,,,,2,2,2,,2,73,157.782.455.118.796
576864,1,4,73,95,2,,,,,,,,2,,,,,,,,,,,,,,,73,157.782.455.118.796
576864,1,5,73,95,2,,,,,,,,2,,,,,,,,,,,,,,,73,157.782.455.118.796
576865,1,1,73,95,2,,,,,,,,2,,,,,,,,,,,,,,,73,347.419.772.316.202
576866,1,1,73,95,2,,,,,,,,1,2,,2,,,,,,1800000,2,1,2,,2,73,196.300.794.205.995
576866,1,2,73,95,2,,,,,,,,2,,,,,,,,,,,,,,,73,196.300.794.205.995
576867,1,1,73,95,2,,,,,,,,1,2,,2,,,,,,200000,2,1,2,,2,73,192.422.626.314.247
576867,1,2,73,95,2,,,,,,,,2,,,,,,,,,,,,,,,73,192.422.626.314.247
576870,1,1,73,95,2,,,,,,,,2,,,,,,,,,,,,,,,73,102.203.766.398.647
576870,1,2,73,95,2,,,,,,,,2,,,,,,,,,,,,,,,73,102.203.766.398.647
576870,1,3,73,95,2,,,,,,,,1,2,,1,,,2700000,,,,2,2,2,,2,73,102.203.766.398.647
576870,1,4,73,95,2,,,,,,,,1,2,,2,,,,,,150000,2,1,2,,2,73,102.203.766.398.647
576870,1,6,73,95,2,,,,,,,,1,2,,2,,,,,,1200000,2,1,2,,2,73,102.203.766.398.647
576871,1,1,73,95,2,,,,,,,,2,,,,,,,,,,,,,,,73,192.422.626.314.247
576871,1,2,73,95,2,,,,,,,,1,2,,1,,,500000,,,,2,2,2,,2,73,192.422.626.314.247
576872,1,1,73,95,1,,1,2,,,300000,2,1,2,,2,,,,,,12000000,2,1,2,,2,73,252.768.280.445.531
576872,1,2,73,95,2,,,,,,,,2,,,,,,,,,,,,,,,73,252.768.280.445.531
576872,1,3,73,95,2,,,,,,,,2,,,,,,,,,,,,,,,73,252.768.280.445.531
576873,1,1,73,95,1,,1,1,,433700,1000000,2,2,,,,,,,,,,,,,,,73,24.158.056.968.409
576875,1,1,73,95,2,,,,,,,,2,,,,,,,,,,,,,,,73,222.416.849.959.483
576875,1,2,73,95,2,,,,,,,,2,,,,,,,,,,,,,,,73,222.416.849.959.483
576876,1,1,73,95,1,,2,1,,1398000,,2,2,,,,,,,,,,,,,,,73,187.701.172.545.733
576876,1,2,73,95,2,,,,,,,,2,,,,,,,,,,,,,,,73,187.701.172.545.733
576876,1,3,73,95,2,,,,,,,,2,,,,,,,,,,,,,,,73,187.701.172.545.733
576876,1,4,73,95,2,,,,,,,,2,,,,,,,,,,,,,,,73,187.701.172.545.733
576877,1,1,73,95,2,,,,,,,,2,,,,,,,,,,,,,,,73,158.128.671.271.942
576877,1,2,73,95,2,,,,,,,,2,,,,,,,,,,,,,,,73,158.128.671.271.942
576877,1,3,73,95,2,,,,,,,,1,2,,1,,,100000,,,2040000,2,1,2,,2,73,158.128.671.271.942
576878,1,1,73,95,2,,,,,,,,2,,,,,,,,,,,,,,,73,156.392.807.740.428
576878,1,2,73,95,2,,,,,,,,2,,,,,,,,,,,,,,,73,156.392.807.740.428
576878,1,3,73,95,2,,,,,,,,2,,,,,,,,,,,,,,,73,156.392.807.740.428
576878,1,4,73,95,2,,,,,,,,2,,,,,,,,,,,,,,,73,156.392.807.740.428
576878,1,6,73,95,2,,,,,,,,2,,,,,,,,,,,,,,,73,156.392.807.740.428
576878,1,7,73,95,2,,,,,,,,1,2,,1,,,600000,,,,2,2,2,,2,73,156.392.807.740.428
576879,1,1,73,95,2,,,,,,,,2,,,,,,,,,,,,,,,73,267.317.054.794.134
576879,1,2,73,95,2,,,,,,,,2,,,,,,,,,,,,,,,73,267.317.054.794.134
576879,1,3,73,95,2,,,,,,,,1,2,,1,,,150000,,,,2,2,2,,2,73,267.317.054.794.134
576880,1,1,73,95,1,,2,1,,433700,,2,1,2,,2,8400000,,,,,3840000,2,1,1,,2,73,13.603.064.629.301
576880,1,2,73,95,2,,,,,,,,2,,,,,,,,,,,,,,,73,13.603.064.629.301
576881,1,1,73,95,1,,1,1,,1200000,200000,2,2,,,,,,,,,,,,,,,73,162.513.042.141.985
576882,1,1,73,95,2,,,,,,,,2,,,,,,,,,,,,,,,73,158.128.671.271.942
576882,1,2,73,95,2,,,,,,,,2,,,,,,,,,,,,,,,73,158.128.671.271.942
576882,1,3,73,95,2,,,,,,,,2,,,,,,,,,,,,,,,73,158.128.671.271.942
576885,1,1,73,95,2,,,,,,,,2,,,,,,,,,,,,,,,73,270.311.778.285.809
576885,1,2,73,95,2,,,,,,,,2,,,,,,,,,,,,,,,73,270.311.778.285.809
576886,1,1,73,95,2,,,,,,,,2,,,,,,,,,,,,,,,73,135.031.560.245.753
576886,1,2,73,95,2,,,,,,,,2,,,,,,,,,,,,,,,73,135.031.560.245.753
576886,1,3,73,95,2,,,,,,,,1,2,,1,,,774000,,,,2,2,2,,2,73,135.031.560.245.753
576886,1,4,73,95,2,,,,,,,,2,,,,,,,,,,,,,,,73,135.031.560.245.753
576887,1,1,73,95,1,,1,2,,,700000,2,2,,,,,,,,,,,,,,,73,196.300.794.205.995
576887,1,2,73,95,1,,2,1,,1000000,,2,2,,,,,,,,,,,,,,,73,196.300.794.205.995
576888,1,1,73,95,2,,,,,,,,1,2,,2,,,,,,8000000,2,1,2,,2,73,177.840.497.475.345
576888,1,2,73,95,2,,,,,,,,1,2,,2,,,,,,800000,2,1,2,,2,73,177.840.497.475.345
576889,1,1,73,95,2,,,,,,,,2,,,,,,,,,,,,,,,73,392.601.588.411.989
576889,1,2,73,95,2,,,,,,,,2,,,,,,,,,,,,,,,73,392.601.588.411.989
576890,1,1,73,95,1,,2,1,,750000,,2,2,,,,,,,,,,,,,,,73,199.686.079.028.781
576890,1,2,73,95,1,,2,1,,1100000,,2,2,,,,,,,,,,,,,,,73,199.686.079.028.781
576891,1,1,73,95,1,,2,1,,433700,,2,2,,,,,,,,,,,,,,,73,237.849.068.708.158
576891,1,2,73,95,2,,,,,,,,2,,,,,,,,,,,,,,,73,237.849.068.708.158
576891,1,3,73,95,2,,,,,,,,2,,,,,,,,,,,,,,,73,237.849.068.708.158
576892,1,1,73,95,2,,,,,,,,2,,,,,,,,,,,,,,,73,311.860.052.787.973
576892,1,2,73,95,2,,,,,,,,2,,,,,,,,,,,,,,,73,311.860.052.787.973
576892,1,3,73,95,2,,,,,,,,2,,,,,,,,,,,,,,,73,311.860.052.787.973
576893,1,1,73,95,2,,,,,,,,2,,,,,,,,,,,,,,,73,22.576.878.029.197
576893,1,2,73,95,2,,,,,,,,2,,,,,,,,,,,,,,,73,22.576.878.029.197
576894,1,1,73,95,2,,,,,,,,2,,,,,,,,,,,,,,,73,145.966.827.581.698
576894,1,2,73,95,2,,,,,,,,2,,,,,,,,,,,,,,,73,145.966.827.581.698
576894,1,3,73,95,2,,,,,,,,2,,,,,,,,,,,,,,,73,145.966.827.581.698
576894,1,4,73,95,2,,,,,,,,2,,,,,,,,,,,,,,,73,145.966.827.581.698
576894,1,5,73,95,2,,,,,,,,2,,,,,,,,,,,,,,,73,145.966.827.581.698
576895,1,1,73,95,2,,,,,,,,2,,,,,,,,,,,,,,,73,112.848.895.793.846
576895,1,2,73,95,2,,,,,,,,2,,,,,,,,,,,,,,,73,112.848.895.793.846
576895,1,3,73,95,2,,,,,,,,2,,,,,,,,,,,,,,,73,112.848.895.793.846
576895,1,4,73,95,2,,,,,,,,2,,,,,,,,,,,,,,,73,112.848.895.793.846
576896,1,1,73,95,2,,,,,,,,2,,,,,,,,,,,,,,,73,270.311.778.285.809
576896,1,2,73,95,2,,,,,,,,2,,,,,,,,,,,,,,,73,270.311.778.285.809
576897,1,1,73,95,1,,1,2,,,200000,2,2,,,,,,,,,,,,,,,73,421.747.579.580.444
576897,1,2,73,95,2,,,,,,,,2,,,,,,,,,,,,,,,73,421.747.579.580.444
576897,1,3,73,95,2,,,,,,,,2,,,,,,,,,,,,,,,73,421.747.579.580.444
576897,1,4,73,95,2,,,,,,,,2,,,,,,,,,,,,,,,73,421.747.579.580.444
576898,1,1,73,95,2,,,,,,,,2,,,,,,,,,,,,,,,73,44.624.054.590.688
576899,1,1,73,95,2,,,,,,,,2,,,,,,,,,,,,,,,73,244.219.943.767.945
576899,1,2,73,95,2,,,,,,,,2,,,,,,,,,,,,,,,73,244.219.943.767.945
576899,1,3,73,95,2,,,,,,,,2,,,,,,,,,,,,,,,73,244.219.943.767.945
576899,1,4,73,95,2,,,,,,,,2,,,,,,,,,,,,,,,73,244.219.943.767.945
576900,1,1,73,95,2,,,,,,,,1,2,,2,,,,,,400000,2,1,2,,2,73,348.183.731.647.825
576900,1,2,73,95,2,,,,,,,,2,,,,,,,,,,,,,,,73,348.183.731.647.825
576900,1,3,73,95,2,,,,,,,,2,,,,,,,,,,,,,,,73,348.183.731.647.825
576901,1,1,73,95,1,,2,1,,2000000,,2,2,,,,,,,,,,,,,,,73,196.300.794.205.995
576901,1,2,73,95,1,,2,1,,2400000,,2,2,,,,,,,,,,,,,,,73,196.300.794.205.995
576902,1,1,73,95,2,,,,,,,,2,,,,,,,,,,,,,,,73,338.651.030.576.116
576902,1,2,73,95,2,,,,,,,,2,,,,,,,,,,,,,,,73,338.651.030.576.116
576902,1,3,73,95,2,,,,,,,,2,,,,,,,,,,,,,,,73,338.651.030.576.116
576903,1,1,73,95,2,,,,,,,,2,,,,,,,,,,,,,,,73,318.255.514.638.398
576904,1,1,73,95,2,,,,,,,,1,2,,2,,,,,,12000000,2,1,2,,2,73,113.847.981.841.104
576904,1,2,73,95,2,,,,,,,,2,,,,,,,,,,,,,,,73,113.847.981.841.104
576907,1,1,73,95,2,,,,,,,,2,,,,,,,,,,,,,,,73,241.486.796.956.441
576907,1,2,73,95,2,,,,,,,,2,,,,,,,,,,,,,,,73,241.486.796.956.441
576907,1,3,73,95,2,,,,,,,,2,,,,,,,,,,,,,,,73,241.486.796.956.441
576907,1,4,73,95,2,,,,,,,,1,2,,2,,,,,,1200000,2,1,2,,2,73,241.486.796.956.441
576909,1,1,73,95,1,,2,1,,1200000,,2,2,,,,,,,,,,,,,,,73,233.726.274.518.286
576909,1,2,73,95,2,,,,,,,,2,,,,,,,,,,,,,,,73,233.726.274.518.286
576909,1,3,73,95,2,,,,,,,,2,,,,,,,,,,,,,,,73,233.726.274.518.286
576909,1,4,73,95,2,,,,,,,,2,,,,,,,,,,,,,,,73,233.726.274.518.286
576910,1,1,73,95,1,,2,1,,1300000,,2,2,,,,,,,,,,,,,,,73,475.698.137.416.317
576910,1,2,73,95,2,,,,,,,,2,,,,,,,,,,,,,,,73,475.698.137.416.317
576910,1,3,73,95,2,,,,,,,,2,,,,,,,,,,,,,,,73,475.698.137.416.317
576911,1,1,73,95,2,,,,,,,,2,,,,,,,,,,,,,,,73,102.203.766.398.647
576911,1,2,73,95,2,,,,,,,,1,2,,2,,,,,,2400000,2,1,2,,2,73,102.203.766.398.647
576911,1,4,73,95,2,,,,,,,,2,,,,,,,,,,,,,,,73,102.203.766.398.647
576911,1,5,73,95,2,,,,,,,,1,2,,2,,,,,,1200000,2,1,2,,2,73,102.203.766.398.647
576911,1,6,73,95,2,,,,,,,,2,,,,,,,,,,,,,,,73,102.203.766.398.647
576912,1,1,73,95,2,,,,,,,,2,,,,,,,,,,,,,,,73,157.867.094.591.771
576912,1,2,73,95,2,,,,,,,,2,,,,,,,,,,,,,,,73,157.867.094.591.771
576912,1,3,73,95,2,,,,,,,,2,,,,,,,,,,,,,,,73,157.867.094.591.771
576912,1,4,73,95,2,,,,,,,,2,,,,,,,,,,,,,,,73,157.867.094.591.771
576913,1,1,73,95,2,,,,,,,,2,,,,,,,,,,,,,,,73,116.234.180.616.633
576913,1,2,73,95,1,,2,1,,754000,,2,2,,,,,,,,,,,,,,,73,116.234.180.616.633
576913,1,3,73,95,2,,,,,,,,2,,,,,,,,,,,,,,,73,116.234.180.616.633
576913,1,4,73,95,2,,,,,,,,2,,,,,,,,,,,,,,,73,116.234.180.616.633
576914,1,1,73,95,2,,,,,,,,2,,,,,,,,,,,,,,,73,139.331.291.642.822
576914,1,2,73,95,2,,,,,,,,2,,,,,,,,,,,,,,,73,139.331.291.642.822
576914,1,3,73,95,2,,,,,,,,2,,,,,,,,,,,,,,,73,139.331.291.642.822
576915,1,1,73,95,2,,,,,,,,2,,,,,,,,,,,,,,,73,199.339.862.875.635
576915,1,2,73,95,2,,,,,,,,2,,,,,,,,,,,,,,,73,199.339.862.875.635
576915,1,3,73,95,2,,,,,,,,2,,,,,,,,,,,,,,,73,199.339.862.875.635
576915,1,4,73,95,2,,,,,,,,2,,,,,,,,,,,,,,,73,199.339.862.875.635
576916,1,1,73,95,2,,,,,,,,2,,,,,,,,,,,,,,,73,21.501.353.436.214
576916,1,2,73,95,1,,1,2,,,250000,2,2,,,,,,,,,,,,,,,73,21.501.353.436.214
576916,1,3,73,95,1,,2,1,,433700,,2,2,,,,,,,,,,,,,,,73,21.501.353.436.214
576917,1,1,73,95,2,,,,,,,,2,,,,,,,,,,,,,,,73,278.398.257.163.065
576917,1,2,73,95,2,,,,,,,,2,,,,,,,,,,,,,,,73,278.398.257.163.065
576917,1,3,73,95,2,,,,,,,,2,,,,,,,,,,,,,,,73,278.398.257.163.065
576917,1,4,73,95,2,,,,,,,,2,,,,,,,,,,,,,,,73,278.398.257.163.065
576917,1,5,73,95,2,,,,,,,,2,,,,,,,,,,,,,,,73,278.398.257.163.065
576917,1,6,73,95,2,,,,,,,,2,,,,,,,,,,,,,,,73,278.398.257.163.065
576918,1,1,73,95,1,,2,1,,1600000,,2,2,,,,,,,,,,,,,,,73,202.671.669.265.781
576918,1,2,73,95,2,,,,,,,,2,,,,,,,,,,,,,,,73,202.671.669.265.781
576918,1,3,73,95,2,,,,,,,,2,,,,,,,,,,,,,,,73,202.671.669.265.781
576919,1,1,73,95,1,,2,1,,450000,,2,2,,,,,,,,,,,,,,,73,392.601.588.411.989
576919,1,2,73,95,2,,,,,,,,2,,,,,,,,,,,,,,,73,392.601.588.411.989
576920,1,1,73,95,2,,,,,,,,2,,,,,,,,,,,,,,,73,21.825.305.614.518
576920,1,2,73,95,2,,,,,,,,2,,,,,,,,,,,,,,,73,21.825.305.614.518
576920,1,3,73,95,2,,,,,,,,2,,,,,,,,,,,,,,,73,21.825.305.614.518
576920,1,4,73,95,2,,,,,,,,2,,,,,,,,,,,,,,,73,21.825.305.614.518
576921,1,1,73,95,2,,,,,,,,2,,,,,,,,,,,,,,,73,384.845.252.628.494
576921,1,2,73,95,2,,,,,,,,2,,,,,,,,,,,,,,,73,384.845.252.628.494
576922,1,1,73,95,2,,,,,,,,2,,,,,,,,,,,,,,,73,105.741.243.249.804
576922,1,2,73,95,2,,,,,,,,1,2,,2,,,,,,9000000,2,1,2,,2,73,105.741.243.249.804
576922,1,3,73,95,2,,,,,,,,2,,,,,,,,,,,,,,,73,105.741.243.249.804
576922,1,4,73,95,2,,,,,,,,2,,,,,,,,,,,,,,,73,105.741.243.249.804
576923,1,1,73,95,2,,,,,,,,2,,,,,,,,,,,,,,,73,267.401.694.267.108
576923,1,2,73,95,2,,,,,,,,2,,,,,,,,,,,,,,,73,267.401.694.267.108
576925,1,1,73,95,2,,,,,,,,2,,,,,,,,,,,,,,,73,236.965.624.308.086
576925,1,2,73,95,2,,,,,,,,2,,,,,,,,,,,,,,,73,236.965.624.308.086
576926,1,1,73,95,2,,,,,,,,2,,,,,,,,,,,,,,,73,526.557.800.154.472
576926,1,2,73,95,2,,,,,,,,2,,,,,,,,,,,,,,,73,526.557.800.154.472
576926,1,4,73,95,2,,,,,,,,2,,,,,,,,,,,,,,,73,526.557.800.154.472
576928,1,1,73,95,2,,,,,,,,2,,,,,,,,,,,,,,,73,383.832.846.671.903
576928,1,2,73,95,2,,,,,,,,2,,,,,,,,,,,,,,,73,383.832.846.671.903
576928,1,3,73,95,2,,,,,,,,2,,,,,,,,,,,,,,,73,383.832.846.671.903
576928,1,4,73,95,2,,,,,,,,2,,,,,,,,,,,,,,,73,383.832.846.671.903
576929,1,1,73,95,2,,,,,,,,2,,,,,,,,,,,,,,,73,400.046.323.854.502
576929,1,2,73,95,2,,,,,,,,2,,,,,,,,,,,,,,,73,400.046.323.854.502
576931,1,1,73,95,2,,,,,,,,1,2,,2,,,,,,3200000,2,1,2,,2,73,161.776.264.657.729
576931,1,3,73,95,2,,,,,,,,1,2,,2,,,,,,3400000,2,1,2,,2,73,161.776.264.657.729
576932,1,1,73,95,2,,,,,,,,2,,,,,,,,,,,,,,,73,192.076.410.161.102
576932,1,2,73,95,2,,,,,,,,1,2,,2,,,,,,2400000,2,1,2,,2,73,192.076.410.161.102
576932,1,3,73,95,2,,,,,,,,2,,,,,,,,,,,,,,,73,192.076.410.161.102
576932,1,4,73,95,2,,,,,,,,1,2,,2,,,,,,6000000,2,1,2,,2,73,192.076.410.161.102
576933,1,1,73,95,2,,,,,,,,2,,,,,,,,,,,,,,,73,294.285.701.672.303
576933,1,2,73,95,1,,1,2,,,200000,2,2,,,,,,,,,,,,,,,73,294.285.701.672.303
576933,1,4,73,95,2,,,,,,,,2,,,,,,,,,,,,,,,73,294.285.701.672.303
576934,1,1,73,95,2,,,,,,,,2,,,,,,,,,,,,,,,73,407.238.940.660.726
576934,1,2,73,95,2,,,,,,,,2,,,,,,,,,,,,,,,73,407.238.940.660.726
576935,1,1,73,95,2,,,,,,,,2,,,,,,,,,,,,,,,73,204.407.532.797.294
576935,1,2,73,95,2,,,,,,,,2,,,,,,,,,,,,,,,73,204.407.532.797.294
576935,1,3,73,95,2,,,,,,,,2,,,,,,,,,,,,,,,73,204.407.532.797.294
576935,1,4,73,95,2,,,,,,,,2,,,,,,,,,,,,,,,73,204.407.532.797.294
576936,1,1,73,95,2,,,,,,,,2,,,,,,,,,,,,,,,73,220.428.543.002.474
576936,1,2,73,95,2,,,,,,,,2,,,,,,,,,,,,,,,73,220.428.543.002.474
576936,1,3,73,95,2,,,,,,,,1,2,,2,,,,,,1500000,2,1,2,,2,73,220.428.543.002.474
576936,1,6,73,95,2,,,,,,,,1,2,,2,,,,,,120000,2,1,2,,2,73,220.428.543.002.474
576937,1,1,73,95,2,,,,,,,,2,,,,,,,,,,,,,,,73,20.233.458.636.731
576937,1,2,73,95,2,,,,,,,,2,,,,,,,,,,,,,,,73,20.233.458.636.731
576937,1,3,73,95,2,,,,,,,,1,2,,2,,,,,,1200000,2,1,2,,2,73,20.233.458.636.731
576938,1,1,73,95,2,,,,,,,,2,,,,,,,,,,,,,,,73,275.519.175.318.575
576938,1,2,73,95,2,,,,,,,,2,,,,,,,,,,,,,,,73,275.519.175.318.575
576938,1,3,73,95,2,,,,,,,,2,,,,,,,,,,,,,,,73,275.519.175.318.575
576938,1,4,73,95,2,,,,,,,,2,,,,,,,,,,,,,,,73,275.519.175.318.575
576939,1,1,73,95,2,,,,,,,,1,2,,2,,,,,,500000,2,1,2,,2,73,181.310.421.771.105
576940,1,1,73,95,2,,,,,,,,2,,,,,,,,,,,,,,,73,131.815.395.502.792
576940,1,2,73,95,2,,,,,,,,1,2,,2,,,,,,3600000,2,1,2,,2,73,131.815.395.502.792
576943,1,1,73,95,1,,2,1,,1080000,,2,2,,,,,,,,,,,,,,,73,170.324.601.335.315
576944,1,1,73,95,1,,1,1,,414000,180000,2,2,,,,,,,,,,,,,,,73,177.840.497.475.345
576944,1,2,73,95,2,,,,,,,,2,,,,,,,,,,,,,,,73,177.840.497.475.345
576945,1,1,73,95,2,,,,,,,,2,,,,,,,,,,,,,,,73,233.970.900.816.411
576945,1,2,73,95,2,,,,,,,,2,,,,,,,,,,,,,,,73,233.970.900.816.411
576945,1,3,73,95,2,,,,,,,,2,,,,,,,,,,,,,,,73,233.970.900.816.411
576947,1,1,73,95,2,,,,,,,,2,,,,,,,,,,,,,,,73,407.238.940.660.726
576947,1,2,73,95,2,,,,,,,,2,,,,,,,,,,,,,,,73,407.238.940.660.726
576948,1,1,73,95,2,,,,,,,,2,,,,,,,,,,,,,,,73,267.317.054.794.134
576948,1,2,73,95,2,,,,,,,,2,,,,,,,,,,,,,,,73,267.317.054.794.134
576948,1,3,73,95,2,,,,,,,,2,,,,,,,,,,,,,,,73,267.317.054.794.134
576949,1,1,73,95,1,,2,1,,433000,,2,1,2,,2,12000000,,,,,,2,2,1,,2,73,242.224.306.323.527
576949,1,2,73,95,2,,,,,,,,2,,,,,,,,,,,,,,,73,242.224.306.323.527
576949,1,3,73,95,2,,,,,,,,2,,,,,,,,,,,,,,,73,242.224.306.323.527
576950,1,1,73,95,2,,,,,,,,2,,,,,,,,,,,,,,,73,430.027.068.724.281
576950,1,2,73,95,2,,,,,,,,1,2,,2,,,,,,600000,2,1,2,,2,73,430.027.068.724.281
576950,1,3,73,95,2,,,,,,,,2,,,,,,,,,,,,,,,73,430.027.068.724.281
576951,1,1,73,95,2,,,,,,,,2,,,,,,,,,,,,,,,73,316.257.342.543.884
576951,1,2,73,95,2,,,,,,,,2,,,,,,,,,,,,,,,73,316.257.342.543.884
576951,1,3,73,95,2,,,,,,,,2,,,,,,,,,,,,,,,73,316.257.342.543.884
576952,1,1,73,95,1,,1,2,,,300000,2,1,2,,2,,,,,,160000,2,1,2,,2,73,35.568.099.495.069
576952,1,2,73,95,2,,,,,,,,2,,,,,,,,,,,,,,,73,35.568.099.495.069
576953,1,1,73,95,1,,1,2,,,200000,2,1,2,,2,,,,,,3000000,2,1,2,,2,73,196.300.794.205.995
576953,1,2,73,95,2,,,,,,,,2,,,,,,,,,,,,,,,73,196.300.794.205.995
576954,1,1,73,95,2,,,,,,,,2,,,,,,,,,,,,,,,73,181.225.782.298.131
576954,1,2,73,95,2,,,,,,,,2,,,,,,,,,,,,,,,73,181.225.782.298.131
576955,1,1,73,95,2,,,,,,,,2,,,,,,,,,,,,,,,73,256.364.588.848.643
576955,1,2,73,95,2,,,,,,,,2,,,,,,,,,,,,,,,73,256.364.588.848.643
576955,1,3,73,95,2,,,,,,,,2,,,,,,,,,,,,,,,73,256.364.588.848.643
576956,1,1,73,95,2,,,,,,,,2,,,,,,,,,,,,,,,73,168.988.432.389.587
576956,1,2,73,95,1,,1,2,,,500000,2,1,2,,2,,,,4000000,,,1,2,2,,2,73,168.988.432.389.587
576956,1,3,73,95,2,,,,,,,,1,2,,2,,,,,,2400000,2,1,2,,2,73,168.988.432.389.587
576957,1,1,73,95,2,,,,,,,,2,,,,,,,,,,,,,,,73,252.084.981.393.915
576957,1,2,73,95,2,,,,,,,,2,,,,,,,,,,,,,,,73,252.084.981.393.915
576957,1,3,73,95,2,,,,,,,,2,,,,,,,,,,,,,,,73,252.084.981.393.915
576957,1,4,73,95,2,,,,,,,,2,,,,,,,,,,,,,,,73,252.084.981.393.915
576957,1,5,73,95,2,,,,,,,,2,,,,,,,,,,,,,,,73,252.084.981.393.915
576958,1,1,73,95,2,,,,,,,,2,,,,,,,,,,,,,,,73,283.035.071.458.605
576958,1,2,73,95,1,,1,1,,800000,220000,2,2,,,,,,,,,,,,,,,73,283.035.071.458.605
576958,1,3,73,95,2,,,,,,,,2,,,,,,,,,,,,,,,73,283.035.071.458.605
576958,1,4,73,95,2,,,,,,,,2,,,,,,,,,,,,,,,73,283.035.071.458.605
576958,1,5,73,95,2,,,,,,,,2,,,,,,,,,,,,,,,73,283.035.071.458.605
576959,1,1,73,95,1,,2,1,,467000,,2,2,,,,,,,,,,,,,,,73,11.723.326.666.389
576959,1,2,73,95,2,,,,,,,,2,,,,,,,,,,,,,,,73,11.723.326.666.389
576960,1,1,73,95,2,,,,,,,,2,,,,,,,,,,,,,,,73,147.142.850.836.152
576960,1,2,73,95,2,,,,,,,,2,,,,,,,,,,,,,,,73,147.142.850.836.152
576960,1,4,73,95,2,,,,,,,,2,,,,,,,,,,,,,,,73,147.142.850.836.152
576961,1,1,73,95,2,,,,,,,,2,,,,,,,,,,,,,,,73,383.371.697.659.981
576961,1,2,73,95,2,,,,,,,,2,,,,,,,,,,,,,,,73,383.371.697.659.981
576961,1,5,73,95,2,,,,,,,,2,,,,,,,,,,,,,,,73,383.371.697.659.981
576962,1,1,73,95,2,,,,,,,,2,,,,,,,,,,,,,,,73,22.576.878.029.197
576962,1,2,73,95,2,,,,,,,,2,,,,,,,,,,,,,,,73,22.576.878.029.197
576963,1,1,73,95,2,,,,,,,,2,,,,,,,,,,,,,,,73,22.576.878.029.197
576963,1,2,73,95,2,,,,,,,,2,,,,,,,,,,,,,,,73,22.576.878.029.197
576964,1,1,73,95,2,,,,,,,,2,,,,,,,,,,,,,,,73,183.874.289.636.661
576964,1,2,73,95,2,,,,,,,,2,,,,,,,,,,,,,,,73,183.874.289.636.661
576964,2,1,73,95,2,,,,,,,,1,2,,2,,,,,,1200000,2,1,2,,2,73,183.874.289.636.661
576965,1,1,73,95,1,,1,2,,,300000,2,1,2,,2,1200000,,,,,,2,2,1,,2,73,159.127.757.319.199
576966,1,1,73,95,2,,,,,,,,2,,,,,,,,,,,,,,,73,200.023.161.927.251
576966,1,2,73,95,2,,,,,,,,2,,,,,,,,,,,,,,,73,200.023.161.927.251
576967,1,1,73,95,2,,,,,,,,2,,,,,,,,,,,,,,,73,176.588.968.002.592
576967,1,2,73,95,2,,,,,,,,2,,,,,,,,,,,,,,,73,176.588.968.002.592
576967,1,3,73,95,2,,,,,,,,2,,,,,,,,,,,,,,,73,176.588.968.002.592
576968,1,1,73,95,2,,,,,,,,2,,,,,,,,,,,,,,,73,27.851.389.881.025
576968,1,2,73,95,2,,,,,,,,2,,,,,,,,,,,,,,,73,27.851.389.881.025
576968,1,3,73,95,2,,,,,,,,2,,,,,,,,,,,,,,,73,27.851.389.881.025
576969,1,1,73,95,1,,2,1,,2200000,,2,2,,,,,,,,,,,,,,,73,120.618.551.486.676
576969,1,2,73,95,2,,,,,,,,2,,,,,,,,,,,,,,,73,120.618.551.486.676
576970,1,1,73,95,2,,,,,,,,2,,,,,,,,,,,,,,,73,510.833.575.568.122
576970,1,2,73,95,2,,,,,,,,2,,,,,,,,,,,,,,,73,510.833.575.568.122
576970,1,3,73,95,2,,,,,,,,2,,,,,,,,,,,,,,,73,510.833.575.568.122
576970,1,4,73,95,2,,,,,,,,2,,,,,,,,,,,,,,,73,510.833.575.568.122
576971,1,1,76,95,2,,,,,,,,2,,,,,,,,,,,,,,,76,670.263.867.596.775
576971,1,2,76,95,2,,,,,,,,2,,,,,,,,,,,,,,,76,670.263.867.596.775
576972,1,1,76,95,2,,,,,,,,1,2,,2,98,,,500000,,98,1,1,1,,2,76,662.787.169.883.804
576972,1,2,76,95,2,,,,,,,,2,,,,,,,,,,,,,,,76,662.787.169.883.804
576972,1,3,76,95,2,,,,,,,,1,2,,2,,,,,,98,2,1,2,,2,76,662.787.169.883.804
576973,1,1,76,95,2,,,,,,,,2,,,,,,,,,,,,,,,76,627.284.870.811.953
576973,1,2,76,95,2,,,,,,,,2,,,,,,,,,,,,,,,76,627.284.870.811.953
576974,1,1,76,95,2,,,,,,,,1,2,,2,,,,,,1500000,2,1,2,,2,76,722.285.068.973.879
576974,1,2,76,95,2,,,,,,,,2,,,,,,,,,,,,,,,76,722.285.068.973.879
576974,1,3,76,95,2,,,,,,,,2,,,,,,,,,,,,,,,76,722.285.068.973.879
576974,1,5,76,95,2,,,,,,,,2,,,,,,,,,,,,,,,76,722.285.068.973.879
576974,1,6,76,95,2,,,,,,,,2,,,,,,,,,,,,,,,76,722.285.068.973.879
576974,1,7,76,95,2,,,,,,,,2,,,,,,,,,,,,,,,76,722.285.068.973.879
576975,1,1,76,95,2,,,,,,,,2,,,,,,,,,,,,,,,76,651.348.479.258.953
576976,1,1,76,95,2,,,,,,,,1,2,,1,,,98,,,,2,2,2,,2,76,676.809.454.585.662
576976,1,2,76,95,2,,,,,,,,2,,,,,,,,,,,,,,,76,676.809.454.585.662
576978,1,1,76,95,2,,,,,,,,2,,,,,,,,,,,,,,,76,957.501.787.883.759
576978,1,2,76,95,2,,,,,,,,2,,,,,,,,,,,,,,,76,957.501.787.883.759
576978,1,6,76,95,2,,,,,,,,2,,,,,,,,,,,,,,,76,957.501.787.883.759
576978,1,7,76,95,2,,,,,,,,2,,,,,,,,,,,,,,,76,957.501.787.883.759
576978,1,10,76,95,2,,,,,,,,2,,,,,,,,,,,,,,,76,957.501.787.883.759
576978,1,11,76,95,2,,,,,,,,2,,,,,,,,,,,,,,,76,957.501.787.883.759
576978,1,12,76,95,1,,1,1,,414000,440000,2,2,,,,,,,,,,,,,,,76,957.501.787.883.759
576978,1,13,76,95,2,,,,,,,,2,,,,,,,,,,,,,,,76,957.501.787.883.759
576978,1,14,76,95,2,,,,,,,,2,,,,,,,,,,,,,,,76,957.501.787.883.759
576978,2,1,76,95,2,,,,,,,,2,,,,,,,,,,,,,,,76,957.501.787.883.759
576979,1,1,76,95,2,,,,,,,,1,2,,2,,,,,,1200000,2,1,2,,2,76,615.956.571.622.015
576980,1,1,76,95,2,,,,,,,,2,,,,,,,,,,,,,,,76,581.825.066.988.675
576980,1,2,76,95,2,,,,,,,,2,,,,,,,,,,,,,,,76,581.825.066.988.675
576980,1,3,76,95,2,,,,,,,,2,,,,,,,,,,,,,,,76,581.825.066.988.675
576980,1,5,76,95,1,,2,1,,397000,,2,2,,,,,,,,,,,,,,,76,581.825.066.988.675
576980,1,6,76,95,2,,,,,,,,2,,,,,,,,,,,,,,,76,581.825.066.988.675
576981,1,1,76,95,2,,,,,,,,1,2,,2,6000000,,,,,,2,2,1,,2,76,652.602.759.428.917
576981,1,2,76,95,2,,,,,,,,2,,,,,,,,,,,,,,,76,652.602.759.428.917
576981,1,3,76,95,2,,,,,,,,1,2,,2,98,,,,,,2,2,1,,2,76,652.602.759.428.917
576982,1,1,76,95,1,,1,2,,,25000,2,1,2,,2,,,,,,98,2,1,2,,2,76,618.953.157.795.035
576982,1,2,76,95,2,,,,,,,,1,2,,2,,,,,,2400000,2,1,2,,2,76,618.953.157.795.035
576982,1,3,76,95,2,,,,,,,,1,2,,2,,,,,,300000,2,1,2,,2,76,618.953.157.795.035
576982,2,1,76,95,2,,,,,,,,2,,,,,,,,,,,,,,,76,618.953.157.795.035
576982,2,2,76,95,2,,,,,,,,2,,,,,,,,,,,,,,,76,618.953.157.795.035
576982,2,3,76,95,2,,,,,,,,2,,,,,,,,,,,,,,,76,618.953.157.795.035
576983,1,1,76,95,2,,,,,,,,1,2,,2,,,,,,5000000,2,1,2,,2,76,591.502.521.154.246
576983,1,3,76,95,2,,,,,,,,2,,,,,,,,,,,,,,,76,591.502.521.154.246
576983,1,4,76,95,2,,,,,,,,2,,,,,,,,,,,,,,,76,591.502.521.154.246
576984,1,1,76,95,2,,,,,,,,2,,,,,,,,,,,,,,,76,629.911.719.576.623
576984,1,2,76,95,2,,,,,,,,2,,,,,,,,,,,,,,,76,629.911.719.576.623
576984,1,3,76,95,2,,,,,,,,2,,,,,,,,,,,,,,,76,629.911.719.576.623
576984,1,5,76,95,2,,,,,,,,2,,,,,,,,,,,,,,,76,629.911.719.576.623
576984,1,6,76,95,2,,,,,,,,2,,,,,,,,,,,,,,,76,629.911.719.576.623
576985,1,1,76,95,2,,,,,,,,2,,,,,,,,,,,,,,,76,670.263.867.596.775
576985,1,2,76,95,2,,,,,,,,2,,,,,,,,,,,,,,,76,670.263.867.596.775
576986,1,1,76,95,1,,1,2,,,120000,2,2,,,,,,,,,,,,,,,76,662.787.169.883.804
576986,1,2,76,95,2,,,,,,,,2,,,,,,,,,,,,,,,76,662.787.169.883.804
576986,1,3,76,95,2,,,,,,,,2,,,,,,,,,,,,,,,76,662.787.169.883.804
576987,1,1,76,95,2,,,,,,,,2,,,,,,,,,,,,,,,76,62.874.100.339.552
576987,1,2,76,95,2,,,,,,,,2,,,,,,,,,,,,,,,76,62.874.100.339.552
576987,1,3,76,95,2,,,,,,,,2,,,,,,,,,,,,,,,76,62.874.100.339.552
576987,1,4,76,95,2,,,,,,,,2,,,,,,,,,,,,,,,76,62.874.100.339.552
576987,1,5,76,95,2,,,,,,,,1,2,,2,,,,,,98,2,1,2,,2,76,62.874.100.339.552
576988,1,1,76,95,2,,,,,,,,2,,,,,,,,,,,,,,,76,780.565.374.741.632
576988,1,2,76,95,2,,,,,,,,2,,,,,,,,,,,,,,,76,780.565.374.741.632
576989,1,1,76,95,2,,,,,,,,2,,,,,,,,,,,,,,,76,748.686.397.749.591
576989,1,2,76,95,2,,,,,,,,1,2,,2,,,,,,1200000,2,1,2,,2,76,748.686.397.749.591
576990,1,1,76,95,2,,,,,,,,2,,,,,,,,,,,,,,,76,600.486.977.181.839
576990,1,2,76,95,1,,1,2,,,300000,2,2,,,,,,,,,,,,,,,76,600.486.977.181.839
576990,1,3,76,95,2,,,,,,,,2,,,,,,,,,,,,,,,76,600.486.977.181.839
576990,1,4,76,95,2,,,,,,,,2,,,,,,,,,,,,,,,76,600.486.977.181.839
576990,1,5,76,95,2,,,,,,,,1,2,,2,,,,,,2400000,2,1,2,,2,76,600.486.977.181.839
576991,1,1,76,95,2,,,,,,,,2,,,,,,,,,,,,,,,76,857.710.509.311.926
576991,1,2,76,95,2,,,,,,,,2,,,,,,,,,,,,,,,76,857.710.509.311.926
576991,1,3,76,95,2,,,,,,,,2,,,,,,,,,,,,,,,76,857.710.509.311.926
576991,1,4,76,95,2,,,,,,,,1,2,,2,9600000,,,,,,2,2,1,,2,76,857.710.509.311.926
576992,1,1,76,95,1,,2,2,1200000,,,1,2,,,,,,,,,,,,,,,76,792.673.948.091.904
576992,2,1,76,95,1,,2,2,370000,,,1,2,,,,,,,,,,,,,,,76,792.673.948.091.904
576992,2,2,76,95,2,,,,,,,,2,,,,,,,,,,,,,,,76,792.673.948.091.904
576992,2,3,76,95,2,,,,,,,,2,,,,,,,,,,,,,,,76,792.673.948.091.904
576993,1,1,76,95,2,,,,,,,,1,2,,2,3000000,,,,,,2,2,1,,2,76,892.109.219.319.918
576993,1,2,76,95,2,,,,,,,,2,,,,,,,,,,,,,,,76,892.109.219.319.918
576993,1,3,76,95,2,,,,,,,,2,,,,,,,,,,,,,,,76,892.109.219.319.918
576993,1,6,76,95,2,,,,,,,,2,,,,,,,,,,,,,,,76,892.109.219.319.918
576994,1,1,76,95,1,,1,2,,,1000000,2,2,,,,,,,,,,,,,,,76,748.686.397.749.591
576994,1,2,76,95,2,,,,,,,,2,,,,,,,,,,,,,,,76,748.686.397.749.591
576995,1,1,76,95,2,,,,,,,,2,,,,,,,,,,,,,,,76,780.565.374.741.632
576995,1,2,76,95,2,,,,,,,,2,,,,,,,,,,,,,,,76,780.565.374.741.632
576996,1,1,76,95,2,,,,,,,,2,,,,,,,,,,,,,,,76,623.094.453.045.273
576997,1,1,76,95,2,,,,,,,,1,2,,2,,,,,,2400000,2,1,2,,2,76,58.131.811.069.936
576997,1,2,76,95,2,,,,,,,,2,,,,,,,,,,,,,,,76,58.131.811.069.936
576997,1,3,76,95,2,,,,,,,,2,,,,,,,,,,,,,,,76,58.131.811.069.936
576998,1,1,76,95,2,,,,,,,,2,,,,,,,,,,,,,,,76,574.180.229.276.102
576998,1,2,76,95,2,,,,,,,,2,,,,,,,,,,,,,,,76,574.180.229.276.102
576998,1,3,76,95,2,,,,,,,,2,,,,,,,,,,,,,,,76,574.180.229.276.102
576999,1,1,76,95,2,,,,,,,,2,,,,,,,,,,,,,,,76,787.703.256.164.889
576999,1,2,76,95,2,,,,,,,,2,,,,,,,,,,,,,,,76,787.703.256.164.889
577000,1,1,76,95,1,,2,1,,400000,,2,2,,,,,,,,,,,,,,,76,627.284.870.811.953
577000,1,2,76,95,2,,,,,,,,2,,,,,,,,,,,,,,,76,627.284.870.811.953
577002,1,1,76,95,1,,1,2,,,100000,2,1,2,,2,1800000,,,,,2400000,2,1,1,,2,76,642.263.319.527.752
577002,1,2,76,95,2,,,,,,,,1,2,,2,98,,,,,,2,2,1,,2,76,642.263.319.527.752
577002,1,3,76,95,2,,,,,,,,2,,,,,,,,,,,,,,,76,642.263.319.527.752
577003,1,1,76,95,1,,1,1,,700000,400000,2,2,,,,,,,,,,,,,,,76,65.841.922.393.496
577003,1,2,76,95,2,,,,,,,,2,,,,,,,,,,,,,,,76,65.841.922.393.496
577003,1,3,76,95,1,,1,2,,,400000,2,1,2,,2,,,,,,98,2,1,2,,2,76,65.841.922.393.496
577003,1,4,76,95,1,,1,2,,,400000,2,2,,,,,,,,,,,,,,,76,65.841.922.393.496
577003,1,5,76,95,2,,,,,,,,1,2,,2,300000,,,,,,2,2,1,,2,76,65.841.922.393.496
577003,1,6,76,95,2,,,,,,,,1,2,,2,300000,,,,,,2,2,1,25000000,1,76,65.841.922.393.496
577004,1,1,76,95,1,,1,2,,,350000,2,1,2,,2,1500000,,,,,,2,2,1,,2,76,600.233.499.037.182
577004,1,2,76,95,2,,,,,,,,2,,,,,,,,,,,,,,,76,600.233.499.037.182
577004,1,3,76,95,2,,,,,,,,1,2,,2,,,,,,800000,2,1,2,,2,76,600.233.499.037.182
577004,1,4,76,95,2,,,,,,,,2,,,,,,,,,,,,,,,76,600.233.499.037.182
577005,1,1,76,95,1,,2,1,,479000,,2,2,,,,,,,,,,,,,,,76,733.961.427.178.448
577005,1,2,76,95,1,,1,2,,,700000,2,2,,,,,,,,,,,,,,,76,733.961.427.178.448
577007,1,1,76,95,2,,,,,,,,2,,,,,,,,,,,,,,,76,900.416.188.225.728
577007,1,2,76,95,2,,,,,,,,2,,,,,,,,,,,,,,,76,900.416.188.225.728
577007,1,4,76,95,2,,,,,,,,2,,,,,,,,,,,,,,,76,900.416.188.225.728
577007,2,1,76,95,1,,1,2,,,100000,2,2,,,,,,,,,,,,,,,76,900.416.188.225.728
577007,2,2,76,95,2,,,,,,,,2,,,,,,,,,,,,,,,76,900.416.188.225.728
577008,1,1,76,95,2,,,,,,,,2,,,,,,,,,,,,,,,76,787.703.256.164.889
577008,1,2,76,95,2,,,,,,,,2,,,,,,,,,,,,,,,76,787.703.256.164.889
577009,1,1,76,95,2,,,,,,,,1,2,,2,500000,,,,,,2,2,1,,2,76,866.718.080.752.076
577009,1,2,76,95,2,,,,,,,,1,2,,2,400000,,,,,,2,2,1,,2,76,866.718.080.752.076
577010,1,1,76,95,2,,,,,,,,2,,,,,,,,,,,,,,,76,530.938.511.621.704
577010,1,2,76,95,1,,1,2,,,100000,2,1,2,,2,,,,,,1800000,2,1,2,,2,76,530.938.511.621.704
577010,1,3,76,95,2,,,,,,,,2,,,,,,,,,,,,,,,76,530.938.511.621.704
577010,1,4,76,95,2,,,,,,,,1,2,,2,,,,,,1800000,2,1,2,,2,76,530.938.511.621.704
577010,2,1,76,95,2,,,,,,,,1,2,,2,200000,,,,,,2,2,1,,2,76,530.938.511.621.704
577010,2,2,76,95,2,,,,,,,,2,,,,,,,,,,,,,,,76,530.938.511.621.704
577011,1,1,76,95,2,,,,,,,,2,,,,,,,,,,,,,,,76,80.602.635.006.834
577011,1,2,76,95,2,,,,,,,,2,,,,,,,,,,,,,,,76,80.602.635.006.834
577011,1,5,76,95,2,,,,,,,,2,,,,,,,,,,,,,,,76,80.602.635.006.834
577012,1,1,76,95,1,,2,1,,386000,,2,1,2,,2,,,,,,500000,2,1,2,,2,76,496.011.177.267.944
577012,1,2,76,95,2,,,,,,,,2,,,,,,,,,,,,,,,76,496.011.177.267.944
577012,1,3,76,95,2,,,,,,,,2,,,,,,,,,,,,,,,76,496.011.177.267.944
577012,1,4,76,95,2,,,,,,,,2,,,,,,,,,,,,,,,76,496.011.177.267.944
577013,1,1,76,95,2,,,,,,,,1,2,,2,,,,,,200000,2,1,2,,2,76,806.618.644.502.712
577013,1,2,76,95,2,,,,,,,,1,2,,2,,,,,,100000,2,1,2,,2,76,806.618.644.502.712
577013,1,3,76,95,2,,,,,,,,2,,,,,,,,,,,,,,,76,806.618.644.502.712
577014,1,1,76,95,2,,,,,,,,2,,,,,,,,,,,,,,,76,610.164.431.347.411
577014,1,2,76,95,2,,,,,,,,2,,,,,,,,,,,,,,,76,610.164.431.347.411
577014,1,3,76,95,2,,,,,,,,2,,,,,,,,,,,,,,,76,610.164.431.347.411
577015,1,1,76,95,1,,1,2,,,700000,2,2,,,,,,,,,,,,,,,76,688.586.961.500.226
577015,1,2,76,95,2,,,,,,,,1,2,,2,700000,,,,,,2,2,1,,2,76,688.586.961.500.226
577015,1,3,76,95,2,,,,,,,,2,,,,,,,,,,,,,,,76,688.586.961.500.226
577016,1,1,76,95,2,,,,,,,,2,,,,,,,,,,,,,,,76,652.602.759.428.917
577016,1,2,76,95,2,,,,,,,,2,,,,,,,,,,,,,,,76,652.602.759.428.917
577016,1,3,76,95,2,,,,,,,,2,,,,,,,,,,,,,,,76,652.602.759.428.917
577017,1,1,76,95,2,,,,,,,,2,,,,,,,,,,,,,,,76,706.910.055.403.678
577017,1,2,76,95,2,,,,,,,,1,2,,2,950000,,,,,,2,2,1,,2,76,706.910.055.403.678
577017,1,3,76,95,2,,,,,,,,2,,,,,,,,,,,,,,,76,706.910.055.403.678
577017,1,4,76,95,2,,,,,,,,1,2,,1,,,400000,,,,2,2,2,,2,76,706.910.055.403.678
577018,1,1,76,95,2,,,,,,,,2,,,,,,,,,,,,,,,76,840.918.289.135.653
577018,1,2,76,95,2,,,,,,,,2,,,,,,,,,,,,,,,76,840.918.289.135.653
577019,1,1,76,95,2,,,,,,,,2,,,,,,,,,,,,,,,76,748.686.397.749.591
577019,1,2,76,95,2,,,,,,,,2,,,,,,,,,,,,,,,76,748.686.397.749.591
577021,1,1,76,95,2,,,,,,,,2,,,,,,,,,,,,,,,76,791.893.673.931.569
577021,1,2,76,95,2,,,,,,,,2,,,,,,,,,,,,,,,76,791.893.673.931.569
577021,1,4,76,95,2,,,,,,,,2,,,,,,,,,,,,,,,76,791.893.673.931.569
577022,1,1,76,95,2,,,,,,,,2,,,,,,,,,,,,,,,76,780.565.374.741.632
577022,1,2,76,95,2,,,,,,,,2,,,,,,,,,,,,,,,76,780.565.374.741.632
577023,1,1,76,95,2,,,,,,,,2,,,,,,,,,,,,,,,76,77.088.792.057.606
577023,1,2,76,95,2,,,,,,,,2,,,,,,,,,,,,,,,76,77.088.792.057.606
577023,1,3,76,95,2,,,,,,,,2,,,,,,,,,,,,,,,76,77.088.792.057.606
577023,1,4,76,95,2,,,,,,,,2,,,,,,,,,,,,,,,76,77.088.792.057.606
577024,1,1,76,95,2,,,,,,,,2,,,,,,,,,,,,,,,76,644.464.075.980.353
577024,1,2,76,95,1,,2,2,200000,,,1,2,,,,,,,,,,,,,,,76,644.464.075.980.353
577025,1,1,76,95,2,,,,,,,,2,,,,,,,,,,,,,,,76,676.809.454.585.662
577025,1,2,76,95,2,,,,,,,,2,,,,,,,,,,,,,,,76,676.809.454.585.662
577026,1,1,76,95,2,,,,,,,,2,,,,,,,,,,,,,,,76,781.072.331.030.946
577026,1,2,76,95,2,,,,,,,,2,,,,,,,,,,,,,,,76,781.072.331.030.946
577026,1,3,76,95,2,,,,,,,,2,,,,,,,,,,,,,,,76,781.072.331.030.946
577026,1,4,76,95,2,,,,,,,,2,,,,,,,,,,,,,,,76,781.072.331.030.946
577027,1,1,76,95,1,,1,2,,,150000,2,2,,,,,,,,,,,,,,,76,644.971.032.269.668
577027,1,2,76,95,2,,,,,,,,2,,,,,,,,,,,,,,,76,644.971.032.269.668
577027,1,3,76,95,2,,,,,,,,2,,,,,,,,,,,,,,,76,644.971.032.269.668
577027,1,4,76,95,2,,,,,,,,2,,,,,,,,,,,,,,,76,644.971.032.269.668
577028,1,1,76,95,2,,,,,,,,2,,,,,,,,,,,,,,,76,670.517.345.741.433
577028,1,2,76,95,2,,,,,,,,2,,,,,,,,,,,,,,,76,670.517.345.741.433
577028,1,3,76,95,2,,,,,,,,2,,,,,,,,,,,,,,,76,670.517.345.741.433
577029,1,1,76,95,2,,,,,,,,2,,,,,,,,,,,,,,,76,626.286.768.798.262
577029,1,2,76,95,2,,,,,,,,2,,,,,,,,,,,,,,,76,626.286.768.798.262
577029,1,3,76,95,2,,,,,,,,1,2,,2,,,,,,,2,2,2,700000,1,76,626.286.768.798.262
577029,1,4,76,95,2,,,,,,,,2,,,,,,,,,,,,,,,76,626.286.768.798.262
577029,1,5,76,95,2,,,,,,,,2,,,,,,,,,,,,,,,76,626.286.768.798.262
577030,1,1,76,95,2,,,,,,,,2,,,,,,,,,,,,,,,76,663.040.648.028.461
577030,1,2,76,95,2,,,,,,,,2,,,,,,,,,,,,,,,76,663.040.648.028.461
577030,1,3,76,95,2,,,,,,,,2,,,,,,,,,,,,,,,76,663.040.648.028.461
577030,1,4,76,95,2,,,,,,,,2,,,,,,,,,,,,,,,76,663.040.648.028.461
577031,1,1,76,95,2,,,,,,,,1,2,,2,,,,,,98,2,1,2,,2,76,572.732.919.537.785
577031,1,2,76,95,2,,,,,,,,2,,,,,,,,,,,,,,,76,572.732.919.537.785
577031,1,3,76,95,2,,,,,,,,2,,,,,,,,,,,,,,,76,572.732.919.537.785
577031,1,4,76,95,2,,,,,,,,2,,,,,,,,,,,,,,,76,572.732.919.537.785
577031,1,5,76,95,2,,,,,,,,2,,,,,,,,,,,,,,,76,572.732.919.537.785
577031,1,7,76,95,2,,,,,,,,1,2,,2,,,,,,3600000,2,1,2,,2,76,572.732.919.537.785
577032,1,1,76,95,1,,2,1,,433700,,2,1,2,,2,2700000,,,,,,2,2,1,,2,76,600.233.499.037.182
577032,1,2,76,95,2,,,,,,,,2,,,,,,,,,,,,,,,76,600.233.499.037.182
577032,1,3,76,95,2,,,,,,,,2,,,,,,,,,,,,,,,76,600.233.499.037.182
577032,1,4,76,95,2,,,,,,,,2,,,,,,,,,,,,,,,76,600.233.499.037.182
577033,1,1,76,95,2,,,,,,,,1,2,,2,,,,,,5500000,2,1,2,,2,76,64.471.755.412.501
577033,1,2,76,95,2,,,,,,,,2,,,,,,,,,,,,,,,76,64.471.755.412.501
577033,1,3,76,95,2,,,,,,,,2,,,,,,,,,,,,,,,76,64.471.755.412.501
577034,1,1,76,95,1,,2,1,,456000,,2,1,2,,2,3600000,,,,,,2,2,1,,2,76,707.333.447.704.131
577034,1,2,76,95,1,,1,2,,,360000,2,2,,,,,,,,,,,,,,,76,707.333.447.704.131
577034,1,5,76,95,2,,,,,,,,2,,,,,,,,,,,,,,,76,707.333.447.704.131
577034,1,6,76,95,2,,,,,,,,2,,,,,,,,,,,,,,,76,707.333.447.704.131
577035,1,1,76,95,2,,,,,,,,2,,,,,,,,,,,,,,,76,748.939.875.894.248
577035,1,2,76,95,2,,,,,,,,1,2,,2,,,,,,100000,2,1,2,,2,76,748.939.875.894.248
577035,1,3,76,95,2,,,,,,,,1,2,,2,,,,,,300000,2,1,2,,2,76,748.939.875.894.248
577037,1,1,76,95,2,,,,,,,,1,2,,2,500000,,,,,,2,2,1,,2,76,610.417.909.492.069
577037,1,2,76,95,2,,,,,,,,2,,,,,,,,,,,,,,,76,610.417.909.492.069
577037,1,3,76,95,2,,,,,,,,2,,,,,,,,,,,,,,,76,610.417.909.492.069
577037,1,4,76,95,2,,,,,,,,2,,,,,,,,,,,,,,,76,610.417.909.492.069
577038,1,1,76,95,2,,,,,,,,1,2,,2,,,,,,,2,2,2,480000,1,76,447.746.996.497.833
577038,1,2,76,95,2,,,,,,,,1,2,,2,,,,,,1650000,2,1,2,,2,76,447.746.996.497.833
577038,1,3,76,95,2,,,,,,,,2,,,,,,,,,,,,,,,76,447.746.996.497.833
577038,2,1,76,95,2,,,,,,,,2,,,,,,,,,,,,,,,76,447.746.996.497.833
577038,2,2,76,95,2,,,,,,,,2,,,,,,,,,,,,,,,76,447.746.996.497.833
577038,3,1,76,95,2,,,,,,,,2,,,,,,,,,,,,,,,76,447.746.996.497.833
577038,3,2,76,95,2,,,,,,,,2,,,,,,,,,,,,,,,76,447.746.996.497.833
577038,3,3,76,95,2,,,,,,,,2,,,,,,,,,,,,,,,76,447.746.996.497.833
577039,1,1,76,95,2,,,,,,,,2,,,,,,,,,,,,,,,76,669.671.573.162.404
577039,1,2,76,95,2,,,,,,,,2,,,,,,,,,,,,,,,76,669.671.573.162.404
577041,1,1,76,95,2,,,,,,,,2,,,,,,,,,,,,,,,76,688.840.439.644.884
577041,1,2,76,95,2,,,,,,,,1,2,,2,,,,,,300000,2,1,2,,2,76,688.840.439.644.884
577041,1,3,76,95,2,,,,,,,,2,,,,,,,,,,,,,,,76,688.840.439.644.884
577041,1,4,76,95,2,,,,,,,,2,,,,,,,,,,,,,,,76,688.840.439.644.884
577042,1,1,76,95,2,,,,,,,,2,,,,,,,,,,,,,,,76,570.132.898.219.167
577042,1,2,76,95,2,,,,,,,,1,2,,2,,,,,,2400000,2,1,2,,2,76,570.132.898.219.167
577043,1,1,76,95,2,,,,,,,,2,,,,,,,,,,,,,,,76,680.856.785.642.598
577043,1,2,76,95,2,,,,,,,,2,,,,,,,,,,,,,,,76,680.856.785.642.598
577043,1,3,76,95,2,,,,,,,,2,,,,,,,,,,,,,,,76,680.856.785.642.598
577044,1,1,76,95,2,,,,,,,,2,,,,,,,,,,,,,,,76,763.807.933.175.135
577044,1,2,76,95,2,,,,,,,,1,2,,2,,,,,,3600000,2,1,2,,2,76,763.807.933.175.135
577044,2,1,76,95,2,,,,,,,,2,,,,,,,,,,,,,,,76,763.807.933.175.135
577045,1,1,76,95,2,,,,,,,,2,,,,,,,,,,,,,,,76,680.856.785.642.598
577045,1,2,76,95,2,,,,,,,,2,,,,,,,,,,,,,,,76,680.856.785.642.598
577045,1,3,76,95,2,,,,,,,,2,,,,,,,,,,,,,,,76,680.856.785.642.598
577046,1,1,76,95,2,,,,,,,,2,,,,,,,,,,,,,,,76,780.565.374.741.632
577046,1,2,76,95,2,,,,,,,,2,,,,,,,,,,,,,,,76,780.565.374.741.632
577047,1,1,76,95,2,,,,,,,,2,,,,,,,,,,,,,,,76,628.487.525.250.862
577047,1,2,76,95,2,,,,,,,,2,,,,,,,,,,,,,,,76,628.487.525.250.862
577047,1,3,76,95,2,,,,,,,,1,2,,1,,,1048000,,,,2,2,2,,2,76,628.487.525.250.862
577047,1,4,76,95,2,,,,,,,,2,,,,,,,,,,,,,,,76,628.487.525.250.862
577049,1,1,76,95,2,,,,,,,,1,2,,2,,,,,,,2,2,2,5600000,1,76,669.925.051.307.062
577049,1,2,76,95,2,,,,,,,,2,,,,,,,,,,,,,,,76,669.925.051.307.062
577049,1,3,76,95,2,,,,,,,,2,,,,,,,,,,,,,,,76,669.925.051.307.062
577050,1,1,76,95,2,,,,,,,,2,,,,,,,,,,,,,,,76,722.633.127.988.511
577051,1,1,76,95,2,,,,,,,,2,,,,,,,,,,,,,,,76,265.013.476.695.659
577051,1,2,76,95,2,,,,,,,,1,2,,1,,,1800000,,,,2,2,2,,2,76,265.013.476.695.659
577052,1,1,76,95,2,,,,,,,,2,,,,,,,,,,,,,,,76,289.053.251.195.404
577053,1,1,76,95,1,,2,1,,98,,2,2,,,,,,,,,,,,,,,76,319.950.931.173.542
577053,1,2,76,95,2,,,,,,,,2,,,,,,,,,,,,,,,76,319.950.931.173.542
577053,1,3,76,95,2,,,,,,,,2,,,,,,,,,,,,,,,76,319.950.931.173.542
577053,1,4,76,95,2,,,,,,,,2,,,,,,,,,,,,,,,76,319.950.931.173.542
577054,1,1,76,95,2,,,,,,,,1,2,,1,,,433000,,,,2,2,2,2000000,1,76,695.724.842.923.484
577054,1,2,76,95,2,,,,,,,,2,,,,,,,,,,,,,,,76,695.724.842.923.484
577054,1,3,76,95,2,,,,,,,,2,,,,,,,,,,,,,,,76,695.724.842.923.484
577056,1,1,76,95,2,,,,,,,,2,,,,,,,,,,,,,,,76,727.603.819.915.525
577056,1,2,76,95,2,,,,,,,,2,,,,,,,,,,,,,,,76,727.603.819.915.525
577056,1,5,76,95,2,,,,,,,,2,,,,,,,,,,,,,,,76,727.603.819.915.525
577057,1,1,76,95,2,,,,,,,,2,,,,,,,,,,,,,,,76,721.778.112.684.564
577057,1,2,76,95,2,,,,,,,,2,,,,,,,,,,,,,,,76,721.778.112.684.564
577057,1,3,76,95,2,,,,,,,,2,,,,,,,,,,,,,,,76,721.778.112.684.564
577057,1,4,76,95,2,,,,,,,,2,,,,,,,,,,,,,,,76,721.778.112.684.564
577058,1,1,76,95,2,,,,,,,,2,,,,,,,,,,,,,,,76,60.268.773.363.444
577058,1,2,76,95,2,,,,,,,,2,,,,,,,,,,,,,,,76,60.268.773.363.444
577058,1,3,76,95,2,,,,,,,,2,,,,,,,,,,,,,,,76,60.268.773.363.444
577058,1,4,76,95,2,,,,,,,,2,,,,,,,,,,,,,,,76,60.268.773.363.444
577059,1,1,76,95,2,,,,,,,,2,,,,,,,,,,,,,,,76,840.606.463.366.758
577059,1,2,76,95,2,,,,,,,,2,,,,,,,,,,,,,,,76,840.606.463.366.758
577060,1,1,76,95,1,,1,2,,,350000,2,1,2,,2,1500000,,,,,,2,2,1,,2,76,618.619.148.195.564
577060,1,2,76,95,2,,,,,,,,1,2,,2,4000000,,,,,,2,2,1,,2,76,618.619.148.195.564
577060,1,3,76,95,2,,,,,,,,1,2,,2,300000,,,,,,2,2,1,,2,76,618.619.148.195.564
577060,1,4,76,95,1,,2,1,,2000000,,2,2,,,,,,,,,,,,,,,76,618.619.148.195.564
577061,1,1,76,95,2,,,,,,,,2,,,,,,,,,,,,,,,76,665.488.158.672.045
577061,1,2,76,95,2,,,,,,,,2,,,,,,,,,,,,,,,76,665.488.158.672.045
577061,2,1,76,95,2,,,,,,,,2,,,,,,,,,,,,,,,76,665.488.158.672.045
577061,2,2,76,95,2,,,,,,,,2,,,,,,,,,,,,,,,76,665.488.158.672.045
577061,2,3,76,95,2,,,,,,,,2,,,,,,,,,,,,,,,76,665.488.158.672.045
577061,2,4,76,95,2,,,,,,,,2,,,,,,,,,,,,,,,76,665.488.158.672.045
577061,2,6,76,95,1,,2,1,,750000,,2,1,2,,2,,,,,,70000,2,1,2,,2,76,665.488.158.672.045
577061,3,1,76,95,2,,,,,,,,2,,,,,,,,,,,,,,,76,665.488.158.672.045
577061,3,2,76,95,2,,,,,,,,2,,,,,,,,,,,,,,,76,665.488.158.672.045
577062,1,1,76,95,2,,,,,,,,2,,,,,,,,,,,,,,,76,725.993.583.741.101
577062,1,2,76,95,2,,,,,,,,2,,,,,,,,,,,,,,,76,725.993.583.741.101
577062,1,3,76,95,2,,,,,,,,2,,,,,,,,,,,,,,,76,725.993.583.741.101
577062,1,4,76,95,2,,,,,,,,2,,,,,,,,,,,,,,,76,725.993.583.741.101
577062,1,5,76,95,2,,,,,,,,2,,,,,,,,,,,,,,,76,725.993.583.741.101
577062,1,6,76,95,2,,,,,,,,2,,,,,,,,,,,,,,,76,725.993.583.741.101
577062,1,7,76,95,2,,,,,,,,2,,,,,,,,,,,,,,,76,725.993.583.741.101
577062,1,8,76,95,2,,,,,,,,1,2,,2,,,,,,1600000,2,1,2,,2,76,725.993.583.741.101
577063,1,1,76,95,2,,,,,,,,1,2,,1,,,180000,,,,2,2,2,,2,76,583.079.347.158.638
577063,1,2,76,95,2,,,,,,,,2,,,,,,,,,,,,,,,76,583.079.347.158.638
577063,1,3,76,95,2,,,,,,,,2,,,,,,,,,,,,,,,76,583.079.347.158.638
577063,1,4,76,95,2,,,,,,,,2,,,,,,,,,,,,,,,76,583.079.347.158.638
577063,1,5,76,95,2,,,,,,,,2,,,,,,,,,,,,,,,76,583.079.347.158.638
577063,1,6,76,95,2,,,,,,,,2,,,,,,,,,,,,,,,76,583.079.347.158.638
577063,1,7,76,95,2,,,,,,,,2,,,,,,,,,,,,,,,76,583.079.347.158.638
577064,1,1,76,95,2,,,,,,,,1,2,,2,,,,,,5000000,2,1,2,,2,76,787.703.256.164.889
577064,1,2,76,95,2,,,,,,,,2,,,,,,,,,,,,,,,76,787.703.256.164.889
577065,1,1,76,95,2,,,,,,,,2,,,,,,,,,,,,,,,76,669.671.573.162.404
577065,1,2,76,95,2,,,,,,,,2,,,,,,,,,,,,,,,76,669.671.573.162.404
577066,1,1,76,95,2,,,,,,,,2,,,,,,,,,,,,,,,76,104.981.989.193.094
577066,1,2,76,95,2,,,,,,,,2,,,,,,,,,,,,,,,76,104.981.989.193.094
577066,1,3,76,95,2,,,,,,,,2,,,,,,,,,,,,,,,76,104.981.989.193.094
577067,1,1,76,95,2,,,,,,,,1,2,,2,,,,,,2160000,2,1,2,,2,76,76.224.228.083.818
577068,1,1,76,95,2,,,,,,,,2,,,,,,,,,,,,,,,76,289.154.642.453.267
577068,1,2,76,95,2,,,,,,,,2,,,,,,,,,,,,,,,76,289.154.642.453.267
577069,1,1,76,95,1,,2,1,,600000,,2,2,,,,,,,,,,,,,,,76,234.203.411.386.416
577069,1,2,76,95,2,,,,,,,,1,2,,2,3600000,,,,,,2,2,1,,2,76,234.203.411.386.416
577069,1,3,76,95,2,,,,,,,,2,,,,,,,,,,,,,,,76,234.203.411.386.416
577069,1,4,76,95,2,,,,,,,,2,,,,,,,,,,,,,,,76,234.203.411.386.416
577070,1,1,76,95,1,,1,2,,,550000,2,2,,,,,,,,,,,,,,,76,256.803.936.553.238
577070,1,2,76,95,2,,,,,,,,2,,,,,,,,,,,,,,,76,256.803.936.553.238
577071,1,1,76,95,1,,1,2,,,1400000,2,2,,,,,,,,,,,,,,,76,26.810.554.703.871
577071,1,2,76,95,1,,2,1,,1010000,,2,2,,,,,,,,,,,,,,,76,26.810.554.703.871
577073,1,1,76,95,2,,,,,,,,2,,,,,,,,,,,,,,,76,779.118.065.003.314
577073,1,2,76,95,2,,,,,,,,2,,,,,,,,,,,,,,,76,779.118.065.003.314
577073,1,6,76,95,2,,,,,,,,2,,,,,,,,,,,,,,,76,779.118.065.003.314
577073,1,7,76,95,2,,,,,,,,2,,,,,,,,,,,,,,,76,779.118.065.003.314
577073,1,8,76,95,2,,,,,,,,2,,,,,,,,,,,,,,,76,779.118.065.003.314
577074,1,1,76,95,2,,,,,,,,2,,,,,,,,,,,,,,,76,795.433.432.022.518
577074,1,2,76,95,2,,,,,,,,1,2,,2,,,,,,700000,2,1,2,,2,76,795.433.432.022.518
577075,1,1,76,95,2,,,,,,,,2,,,,,,,,,,,,,,,76,695.386.026.633.771
577075,1,2,76,95,2,,,,,,,,2,,,,,,,,,,,,,,,76,695.386.026.633.771
577075,2,1,76,95,2,,,,,,,,2,,,,,,,,,,,,,,,76,695.386.026.633.771
577075,2,2,76,95,2,,,,,,,,2,,,,,,,,,,,,,,,76,695.386.026.633.771
577076,1,1,76,95,2,,,,,,,,2,,,,,,,,,,,,,,,76,600.118.518.565.611
577076,1,2,76,95,2,,,,,,,,2,,,,,,,,,,,,,,,76,600.118.518.565.611
577076,1,3,76,95,2,,,,,,,,2,,,,,,,,,,,,,,,76,600.118.518.565.611
577076,2,1,76,95,2,,,,,,,,1,2,,2,,,,,,1800000,2,1,2,,2,76,600.118.518.565.611
577077,1,1,76,95,1,,2,1,,98,,2,2,,,,,,,,,,,,,,,76,764.193.367.174.076
577077,1,2,76,95,2,,,,,,,,1,2,,2,,,,,,98,2,1,2,,2,76,764.193.367.174.076
577077,1,3,76,95,2,,,,,,,,2,,,,,,,,,,,,,,,76,764.193.367.174.076
577077,1,4,76,95,2,,,,,,,,2,,,,,,,,,,,,,,,76,764.193.367.174.076
577077,1,7,76,95,2,,,,,,,,2,,,,,,,,,,,,,,,76,764.193.367.174.076
577077,1,8,76,95,2,,,,,,,,2,,,,,,,,,,,,,,,76,764.193.367.174.076
577077,1,9,76,95,2,,,,,,,,2,,,,,,,,,,,,,,,76,764.193.367.174.076
577077,1,10,76,95,2,,,,,,,,2,,,,,,,,,,,,,,,76,764.193.367.174.076
577078,1,1,76,95,2,,,,,,,,2,,,,,,,,,,,,,,,76,123.687.445.329.676
577078,1,2,76,95,2,,,,,,,,2,,,,,,,,,,,,,,,76,123.687.445.329.676
577078,1,3,76,95,2,,,,,,,,2,,,,,,,,,,,,,,,76,123.687.445.329.676
577078,1,4,76,95,2,,,,,,,,2,,,,,,,,,,,,,,,76,123.687.445.329.676
577078,1,5,76,95,2,,,,,,,,1,2,,2,,,,,,720000,2,1,2,,2,76,123.687.445.329.676
577078,1,6,76,95,2,,,,,,,,2,,,,,,,,,,,,,,,76,123.687.445.329.676
577078,1,7,76,95,2,,,,,,,,2,,,,,,,,,,,,,,,76,123.687.445.329.676
577078,1,10,76,95,2,,,,,,,,2,,,,,,,,,,,,,,,76,123.687.445.329.676
577078,1,11,76,95,2,,,,,,,,2,,,,,,,,,,,,,,,76,123.687.445.329.676
577078,1,14,76,95,2,,,,,,,,2,,,,,,,,,,,,,,,76,123.687.445.329.676
577078,1,16,76,95,2,,,,,,,,2,,,,,,,,,,,,,,,76,123.687.445.329.676
577079,1,1,76,95,2,,,,,,,,2,,,,,,,,,,,,,,,76,669.925.051.307.062
577079,1,2,76,95,2,,,,,,,,2,,,,,,,,,,,,,,,76,669.925.051.307.062
577079,1,3,76,95,2,,,,,,,,2,,,,,,,,,,,,,,,76,669.925.051.307.062
577080,1,1,76,95,2,,,,,,,,2,,,,,,,,,,,,,,,76,644.210.597.835.696
577081,1,1,76,95,2,,,,,,,,2,,,,,,,,,,,,,,,76,669.671.573.162.404
577081,1,2,76,95,2,,,,,,,,2,,,,,,,,,,,,,,,76,669.671.573.162.404
577082,1,1,76,95,2,,,,,,,,2,,,,,,,,,,,,,,,76,670.263.867.596.775
577082,1,2,76,95,2,,,,,,,,2,,,,,,,,,,,,,,,76,670.263.867.596.775
577084,1,1,76,95,2,,,,,,,,2,,,,,,,,,,,,,,,76,616.210.049.766.672
577084,1,2,76,95,2,,,,,,,,2,,,,,,,,,,,,,,,76,616.210.049.766.672
577085,1,1,76,95,1,,2,1,,379000,,2,2,,,,,,,,,,,,,,,76,588.709.470.267.275
577085,1,2,76,95,2,,,,,,,,2,,,,,,,,,,,,,,,76,588.709.470.267.275
577085,1,3,76,95,2,,,,,,,,2,,,,,,,,,,,,,,,76,588.709.470.267.275
577085,1,5,76,95,2,,,,,,,,2,,,,,,,,,,,,,,,76,588.709.470.267.275
577086,1,1,76,95,2,,,,,,,,2,,,,,,,,,,,,,,,76,798.888.468.645.083
577086,1,2,76,95,2,,,,,,,,2,,,,,,,,,,,,,,,76,798.888.468.645.083
577086,2,1,76,95,2,,,,,,,,2,,,,,,,,,,,,,,,76,798.888.468.645.083
577087,1,1,76,95,2,,,,,,,,2,,,,,,,,,,,,,,,76,86.722.503.704.139
577087,1,2,76,95,2,,,,,,,,2,,,,,,,,,,,,,,,76,86.722.503.704.139
577087,1,3,76,95,2,,,,,,,,2,,,,,,,,,,,,,,,76,86.722.503.704.139
577087,1,4,76,95,2,,,,,,,,2,,,,,,,,,,,,,,,76,86.722.503.704.139
577088,1,1,76,95,2,,,,,,,,2,,,,,,,,,,,,,,,76,688.586.961.500.226
577088,1,2,76,95,2,,,,,,,,2,,,,,,,,,,,,,,,76,688.586.961.500.226
577088,1,3,76,95,2,,,,,,,,2,,,,,,,,,,,,,,,76,688.586.961.500.226
577089,1,1,76,95,2,,,,,,,,2,,,,,,,,,,,,,,,76,715.638.333.274.997
577090,1,1,76,95,2,,,,,,,,2,,,,,,,,,,,,,,,76,78.829.555.059.926
577090,1,2,76,95,2,,,,,,,,2,,,,,,,,,,,,,,,76,78.829.555.059.926
577091,1,1,76,95,2,,,,,,,,2,,,,,,,,,,,,,,,76,257.684.239.134.278
577092,1,1,76,95,2,,,,,,,,2,,,,,,,,,,,,,,,76,265.114.867.953.522
577092,1,2,76,95,2,,,,,,,,2,,,,,,,,,,,,,,,76,265.114.867.953.522
577092,1,3,76,95,2,,,,,,,,1,2,,2,1800000,,,,,,2,2,1,,2,76,265.114.867.953.522
577093,1,1,76,95,2,,,,,,,,1,2,,2,4800000,,,,,,2,2,1,,2,76,359.438.823.097.647
577093,1,2,76,95,2,,,,,,,,2,,,,,,,,,,,,,,,76,359.438.823.097.647
577094,1,1,76,95,2,,,,,,,,2,,,,,,,,,,,,,,,76,858.978.662.169.529
577094,1,2,76,95,2,,,,,,,,2,,,,,,,,,,,,,,,76,858.978.662.169.529
577094,1,3,76,95,2,,,,,,,,2,,,,,,,,,,,,,,,76,858.978.662.169.529
577094,1,4,76,95,2,,,,,,,,2,,,,,,,,,,,,,,,76,858.978.662.169.529
577094,1,5,76,95,2,,,,,,,,2,,,,,,,,,,,,,,,76,858.978.662.169.529
577094,1,6,76,95,2,,,,,,,,2,,,,,,,,,,,,,,,76,858.978.662.169.529
577095,1,1,76,95,2,,,,,,,,2,,,,,,,,,,,,,,,76,688.840.439.644.884
577095,1,2,76,95,2,,,,,,,,2,,,,,,,,,,,,,,,76,688.840.439.644.884
577095,1,3,76,95,2,,,,,,,,2,,,,,,,,,,,,,,,76,688.840.439.644.884
577095,1,4,76,95,2,,,,,,,,1,2,,2,,,,,,180000,2,1,2,,2,76,688.840.439.644.884
577096,1,1,76,95,2,,,,,,,,2,,,,,,,,,,,,,,,76,740.354.684.732.673
577096,1,2,76,95,2,,,,,,,,2,,,,,,,,,,,,,,,76,740.354.684.732.673
577096,2,1,76,95,1,,1,2,,,300000,2,2,,,,,,,,,,,,,,,76,740.354.684.732.673
577096,2,2,76,95,2,,,,,,,,2,,,,,,,,,,,,,,,76,740.354.684.732.673
577096,2,3,76,95,2,,,,,,,,2,,,,,,,,,,,,,,,76,740.354.684.732.673
577096,2,4,76,95,1,,1,2,,,200000,2,2,,,,,,,,,,,,,,,76,740.354.684.732.673
577097,1,1,76,95,1,,1,2,,,190000,2,2,,,,,,,,,,,,,,,76,651.348.479.258.953
577098,1,1,76,95,2,,,,,,,,2,,,,,,,,,,,,,,,76,722.633.127.988.511
577099,1,1,76,95,1,,2,1,,450000,,2,2,,,,,,,,,,,,,,,76,671.761.979.303.212
577099,1,2,76,95,2,,,,,,,,2,,,,,,,,,,,,,,,76,671.761.979.303.212
577099,1,3,76,95,2,,,,,,,,2,,,,,,,,,,,,,,,76,671.761.979.303.212
577099,1,4,76,95,2,,,,,,,,2,,,,,,,,,,,,,,,76,671.761.979.303.212
577099,1,6,76,95,2,,,,,,,,2,,,,,,,,,,,,,,,76,671.761.979.303.212
577099,1,7,76,95,2,,,,,,,,2,,,,,,,,,,,,,,,76,671.761.979.303.212
577099,1,8,76,95,2,,,,,,,,2,,,,,,,,,,,,,,,76,671.761.979.303.212
577099,1,9,76,95,2,,,,,,,,2,,,,,,,,,,,,,,,76,671.761.979.303.212
577100,1,1,76,95,1,,1,2,,,200000,2,2,,,,,,,,,,,,,,,76,733.501.265.277.771
577100,1,2,76,95,2,,,,,,,,2,,,,,,,,,,,,,,,76,733.501.265.277.771
577100,1,3,76,95,2,,,,,,,,2,,,,,,,,,,,,,,,76,733.501.265.277.771
577100,1,4,76,95,2,,,,,,,,2,,,,,,,,,,,,,,,76,733.501.265.277.771
577101,1,1,76,95,2,,,,,,,,2,,,,,,,,,,,,,,,76,258.243.185.886.162
577101,1,2,76,95,2,,,,,,,,2,,,,,,,,,,,,,,,76,258.243.185.886.162
577101,1,3,76,95,1,,1,2,,,450000,2,2,,,,,,,,,,,,,,,76,258.243.185.886.162
577102,1,1,76,95,2,,,,,,,,2,,,,,,,,,,,,,,,76,270.723.781.834.265
577102,1,2,76,95,2,,,,,,,,2,,,,,,,,,,,,,,,76,270.723.781.834.265
577103,1,1,76,95,1,,2,1,,2500000,,2,2,,,,,,,,,,,,,,,76,250.913.948.324.781
577103,1,2,76,95,2,,,,,,,,2,,,,,,,,,,,,,,,76,250.913.948.324.781
577104,1,1,76,95,2,,,,,,,,2,,,,,,,,,,,,,,,76,257.785.630.392.141
577104,1,2,76,95,2,,,,,,,,1,2,,2,,,,,,10408800,2,1,2,,2,76,257.785.630.392.141
577105,1,1,76,95,2,,,,,,,,2,,,,,,,,,,,,,,,76,267.868.629.264.962
577105,1,2,76,95,2,,,,,,,,2,,,,,,,,,,,,,,,76,267.868.629.264.962
577106,1,1,76,95,2,,,,,,,,2,,,,,,,,,,,,,,,76,673.861.990.929.084
577106,1,2,76,95,2,,,,,,,,2,,,,,,,,,,,,,,,76,673.861.990.929.084
577106,1,3,76,95,2,,,,,,,,1,2,,2,2000000,,,,,,2,2,1,,2,76,673.861.990.929.084
577107,1,1,76,95,2,,,,,,,,2,,,,,,,,,,,,,,,76,722.886.606.133.168
577107,1,2,76,95,2,,,,,,,,2,,,,,,,,,,,,,,,76,722.886.606.133.168
577108,1,1,76,95,2,,,,,,,,2,,,,,,,,,,,,,,,76,610.969.503.792.749
577108,1,2,76,95,2,,,,,,,,2,,,,,,,,,,,,,,,76,610.969.503.792.749
577108,1,3,76,95,2,,,,,,,,1,2,,2,,,,,,120000,2,1,2,,2,76,610.969.503.792.749
577108,2,1,76,95,2,,,,,,,,2,,,,,,,,,,,,,,,76,610.969.503.792.749
577108,2,2,76,95,2,,,,,,,,2,,,,,,,,,,,,,,,76,610.969.503.792.749
577109,1,1,76,95,1,,1,2,,,190000,2,2,,,,,,,,,,,,,,,76,714.640.231.261.306
577109,1,2,76,95,2,,,,,,,,2,,,,,,,,,,,,,,,76,714.640.231.261.306
577109,1,3,76,95,2,,,,,,,,2,,,,,,,,,,,,,,,76,714.640.231.261.306
577109,1,4,76,95,2,,,,,,,,2,,,,,,,,,,,,,,,76,714.640.231.261.306
577111,1,1,76,95,2,,,,,,,,2,,,,,,,,,,,,,,,76,706.487.675.125.103
577111,1,2,76,95,2,,,,,,,,2,,,,,,,,,,,,,,,76,706.487.675.125.103
577111,1,3,76,95,2,,,,,,,,2,,,,,,,,,,,,,,,76,706.487.675.125.103
577112,1,1,76,95,2,,,,,,,,2,,,,,,,,,,,,,,,76,821.922.185.672.703
577112,1,2,76,95,2,,,,,,,,2,,,,,,,,,,,,,,,76,821.922.185.672.703
577112,1,3,76,95,2,,,,,,,,2,,,,,,,,,,,,,,,76,821.922.185.672.703
577114,1,1,76,95,2,,,,,,,,2,,,,,,,,,,,,,,,76,101.605.288.835.049
577114,1,2,76,95,2,,,,,,,,2,,,,,,,,,,,,,,,76,101.605.288.835.049
577114,1,3,76,95,2,,,,,,,,1,2,,2,,,,,,98,2,1,2,,2,76,101.605.288.835.049
577114,1,4,76,95,2,,,,,,,,2,,,,,,,,,,,,,,,76,101.605.288.835.049
577114,2,1,76,95,2,,,,,,,,2,,,,,,,,,,,,,,,76,101.605.288.835.049
577114,2,2,76,95,2,,,,,,,,1,2,,2,120000,,,,,98,2,1,1,,2,76,101.605.288.835.049
577120,1,1,5,95,2,,,,,,,,1,2,,2,100000,,,,,,2,2,1,,2,5,114.429.872.920.552
577120,1,2,5,95,2,,,,,,,,2,,,,,,,,,,,,,,,5,114.429.872.920.552
577120,1,3,5,95,2,,,,,,,,2,,,,,,,,,,,,,,,5,114.429.872.920.552
577124,1,1,5,95,2,,,,,,,,2,,,,,,,,,,,,,,,5,183.788.061.198.559
577124,1,2,5,95,2,,,,,,,,2,,,,,,,,,,,,,,,5,183.788.061.198.559
577124,1,3,5,95,2,,,,,,,,2,,,,,,,,,,,,,,,5,183.788.061.198.559
577124,1,4,5,95,2,,,,,,,,2,,,,,,,,,,,,,,,5,183.788.061.198.559
577126,1,1,5,95,2,,,,,,,,2,,,,,,,,,,,,,,,5,230.508.431.298.386
577126,1,2,5,95,2,,,,,,,,2,,,,,,,,,,,,,,,5,230.508.431.298.386
577126,1,3,5,95,2,,,,,,,,2,,,,,,,,,,,,,,,5,230.508.431.298.386
577126,1,5,5,95,2,,,,,,,,2,,,,,,,,,,,,,,,5,230.508.431.298.386
577126,1,6,5,95,2,,,,,,,,2,,,,,,,,,,,,,,,5,230.508.431.298.386
577136,1,1,5,95,2,,,,,,,,2,,,,,,,,,,,,,,,5,223.529.452.126.834
577136,1,2,5,95,2,,,,,,,,2,,,,,,,,,,,,,,,5,223.529.452.126.834
577136,1,4,5,95,2,,,,,,,,2,,,,,,,,,,,,,,,5,223.529.452.126.834
577137,1,1,5,95,2,,,,,,,,1,2,,1,,,65000,,,,2,2,2,,2,5,268.601.136.769.379
577137,1,2,5,95,2,,,,,,,,2,,,,,,,,,,,,,,,5,268.601.136.769.379
577138,1,1,5,95,2,,,,,,,,2,,,,,,,,,,,,,,,5,271.606.337.963.001
577138,1,2,5,95,2,,,,,,,,2,,,,,,,,,,,,,,,5,271.606.337.963.001
577138,1,3,5,95,2,,,,,,,,2,,,,,,,,,,,,,,,5,271.606.337.963.001
577138,1,4,5,95,2,,,,,,,,2,,,,,,,,,,,,,,,5,271.606.337.963.001
577161,1,1,5,95,1,,1,2,,,150000,2,2,,,,,,,,,,,,,,,5,201.156.495.333.526
577161,1,2,5,95,2,,,,,,,,2,,,,,,,,,,,,,,,5,201.156.495.333.526
577161,1,3,5,95,2,,,,,,,,2,,,,,,,,,,,,,,,5,201.156.495.333.526
577162,1,1,5,95,2,,,,,,,,2,,,,,,,,,,,,,,,5,25.133.665.433.782
577162,1,2,5,95,2,,,,,,,,2,,,,,,,,,,,,,,,5,25.133.665.433.782
577262,2,1,23,95,2,,,,,,,,2,,,,,,,,,,,,,,,23,127.334.234.119.177
577281,1,1,68,95,1,,1,2,,,300000,2,2,,,,,,,,,,,,,,,68,308.662.276.428.694
577281,1,2,68,95,2,,,,,,,,2,,,,,,,,,,,,,,,68,308.662.276.428.694
577281,1,5,68,95,2,,,,,,,,1,2,,2,,,,,,150000,2,1,2,,2,68,308.662.276.428.694
577283,1,1,68,95,1,,1,2,,,100000,2,2,,,,,,,,,,,,,,,68,414.219.084.795.814
577283,1,2,68,95,2,,,,,,,,2,,,,,,,,,,,,,,,68,414.219.084.795.814
577283,2,1,68,95,2,,,,,,,,2,,,,,,,,,,,,,,,68,414.219.084.795.814
577286,2,1,68,95,2,,,,,,,,2,,,,,,,,,,,,,,,68,305.908.254.833.635
577286,2,2,68,95,2,,,,,,,,2,,,,,,,,,,,,,,,68,305.908.254.833.635
577286,3,1,68,95,2,,,,,,,,1,2,,2,,,,,,6000000,2,1,2,,2,68,305.908.254.833.635
577297,1,1,76,95,2,,,,,,,,2,,,,,,,,,,,,,,,76,763.807.933.175.135
577297,1,2,76,95,2,,,,,,,,2,,,,,,,,,,,,,,,76,763.807.933.175.135
577297,1,4,76,95,2,,,,,,,,2,,,,,,,,,,,,,,,76,763.807.933.175.135
577298,1,1,76,95,2,,,,,,,,1,2,,2,,,,,,600000,2,1,2,,2,76,704.563.512.229.717
577301,1,1,8,95,2,,,,,,,,2,,,,,,,,,,,,,,,8,361.873.561.292.973
577301,1,2,8,95,2,,,,,,,,2,,,,,,,,,,,,,,,8,361.873.561.292.973
577301,1,3,8,95,2,,,,,,,,2,,,,,,,,,,,,,,,8,361.873.561.292.973
577301,1,5,8,95,2,,,,,,,,1,2,,2,,,,,,24000000,2,1,2,,2,8,361.873.561.292.973
577302,1,1,8,95,2,,,,,,,,1,2,,2,1100000,,,,,,2,2,1,,2,8,352.618.667.909.243
577302,1,2,8,95,1,,2,1,,433700,,2,2,,,,,,,,,,,,,,,8,352.618.667.909.243
577303,1,1,8,95,1,,2,1,,642000,,2,2,,,,,,,,,,,,,,,8,370.953.403.301.469
577303,1,2,8,95,2,,,,,,,,2,,,,,,,,,,,,,,,8,370.953.403.301.469
577303,1,3,8,95,2,,,,,,,,2,,,,,,,,,,,,,,,8,370.953.403.301.469
577303,1,4,8,95,2,,,,,,,,2,,,,,,,,,,,,,,,8,370.953.403.301.469
577303,2,1,8,95,2,,,,,,,,2,,,,,,,,,,,,,,,8,370.953.403.301.469
577303,2,2,8,95,2,,,,,,,,2,,,,,,,,,,,,,,,8,370.953.403.301.469
577303,2,6,8,95,2,,,,,,,,1,2,,2,,,,,,600000,2,1,2,,2,8,370.953.403.301.469
577305,1,1,8,95,2,,,,,,,,2,,,,,,,,,,,,,,,8,42.174.445.150.616
577305,1,3,8,95,2,,,,,,,,2,,,,,,,,,,,,,,,8,42.174.445.150.616
577305,1,4,8,95,2,,,,,,,,2,,,,,,,,,,,,,,,8,42.174.445.150.616
577306,1,1,8,95,2,,,,,,,,1,2,,2,,,,,,2400000,2,1,2,,2,8,526.416.322.575.188
577306,1,2,8,95,2,,,,,,,,2,,,,,,,,,,,,,,,8,526.416.322.575.188
577307,1,1,8,95,2,,,,,,,,2,,,,,,,,,,,,,,,8,75.572.900.508.141
577307,1,2,8,95,2,,,,,,,,2,,,,,,,,,,,,,,,8,75.572.900.508.141
577307,1,3,8,95,2,,,,,,,,2,,,,,,,,,,,,,,,8,75.572.900.508.141
577307,1,4,8,95,2,,,,,,,,2,,,,,,,,,,,,,,,8,75.572.900.508.141
577307,1,5,8,95,2,,,,,,,,1,2,,2,,,,,,600000,2,1,2,,2,8,75.572.900.508.141
577307,1,8,8,95,2,,,,,,,,2,,,,,,,,,,,,,,,8,75.572.900.508.141
577307,1,9,8,95,2,,,,,,,,2,,,,,,,,,,,,,,,8,75.572.900.508.141
577307,1,12,8,95,2,,,,,,,,2,,,,,,,,,,,,,,,8,75.572.900.508.141
577308,1,1,8,95,2,,,,,,,,2,,,,,,,,,,,,,,,8,539.693.383.783.584
577308,1,2,8,95,2,,,,,,,,2,,,,,,,,,,,,,,,8,539.693.383.783.584
577308,1,3,8,95,2,,,,,,,,2,,,,,,,,,,,,,,,8,539.693.383.783.584
577308,1,4,8,95,2,,,,,,,,2,,,,,,,,,,,,,,,8,539.693.383.783.584
577308,1,5,8,95,2,,,,,,,,2,,,,,,,,,,,,,,,8,539.693.383.783.584
577309,1,1,8,95,2,,,,,,,,2,,,,,,,,,,,,,,,8,53.936.463.802.775
577309,1,2,8,95,2,,,,,,,,2,,,,,,,,,,,,,,,8,53.936.463.802.775
577309,1,3,8,95,2,,,,,,,,2,,,,,,,,,,,,,,,8,53.936.463.802.775
577310,1,1,8,95,2,,,,,,,,2,,,,,,,,,,,,,,,8,363.780.737.598.111
577310,1,2,8,95,2,,,,,,,,2,,,,,,,,,,,,,,,8,363.780.737.598.111
577310,1,3,8,95,2,,,,,,,,2,,,,,,,,,,,,,,,8,363.780.737.598.111
577310,1,4,8,95,2,,,,,,,,2,,,,,,,,,,,,,,,8,363.780.737.598.111
577311,1,1,8,95,2,,,,,,,,1,2,,2,7800000,,,,,,2,2,1,,2,8,424.558.076.262.422
577311,1,2,8,95,2,,,,,,,,2,,,,,,,,,,,,,,,8,424.558.076.262.422
577311,1,3,8,95,2,,,,,,,,2,,,,,,,,,,,,,,,8,424.558.076.262.422
577311,1,4,8,95,2,,,,,,,,2,,,,,,,,,,,,,,,8,424.558.076.262.422
577311,1,5,8,95,2,,,,,,,,2,,,,,,,,,,,,,,,8,424.558.076.262.422
577311,1,6,8,95,2,,,,,,,,2,,,,,,,,,,,,,,,8,424.558.076.262.422
577311,1,8,8,95,2,,,,,,,,2,,,,,,,,,,,,,,,8,424.558.076.262.422
577312,1,1,8,95,2,,,,,,,,2,,,,,,,,,,,,,,,8,42.318.024.819.327
577312,1,2,8,95,2,,,,,,,,2,,,,,,,,,,,,,,,8,42.318.024.819.327
577312,1,3,8,95,2,,,,,,,,2,,,,,,,,,,,,,,,8,42.318.024.819.327
577312,1,4,8,95,2,,,,,,,,2,,,,,,,,,,,,,,,8,42.318.024.819.327
577312,1,5,8,95,2,,,,,,,,2,,,,,,,,,,,,,,,8,42.318.024.819.327
577313,1,1,8,95,2,,,,,,,,2,,,,,,,,,,,,,,,8,652.697.311.379.009
577313,1,2,8,95,2,,,,,,,,2,,,,,,,,,,,,,,,8,652.697.311.379.009
577313,1,3,8,95,2,,,,,,,,2,,,,,,,,,,,,,,,8,652.697.311.379.009
577313,1,4,8,95,2,,,,,,,,2,,,,,,,,,,,,,,,8,652.697.311.379.009
577313,1,5,8,95,2,,,,,,,,2,,,,,,,,,,,,,,,8,652.697.311.379.009
577314,1,1,8,95,2,,,,,,,,2,,,,,,,,,,,,,,,8,560.627.119.293.167
577315,1,1,8,95,2,,,,,,,,2,,,,,,,,,,,,,,,8,783.100.763.756.769
577315,1,2,8,95,2,,,,,,,,2,,,,,,,,,,,,,,,8,783.100.763.756.769
577315,1,3,8,95,2,,,,,,,,2,,,,,,,,,,,,,,,8,783.100.763.756.769
577315,1,4,8,95,2,,,,,,,,2,,,,,,,,,,,,,,,8,783.100.763.756.769
577315,1,5,8,95,2,,,,,,,,2,,,,,,,,,,,,,,,8,783.100.763.756.769
577317,1,1,8,95,2,,,,,,,,2,,,,,,,,,,,,,,,8,422.864.829.657.611
577317,1,2,8,95,2,,,,,,,,2,,,,,,,,,,,,,,,8,422.864.829.657.611
577317,1,3,8,95,2,,,,,,,,2,,,,,,,,,,,,,,,8,422.864.829.657.611
577317,1,4,8,95,2,,,,,,,,2,,,,,,,,,,,,,,,8,422.864.829.657.611
577317,1,6,8,95,2,,,,,,,,2,,,,,,,,,,,,,,,8,422.864.829.657.611
577317,1,7,8,95,2,,,,,,,,2,,,,,,,,,,,,,,,8,422.864.829.657.611
577317,1,8,8,95,2,,,,,,,,2,,,,,,,,,,,,,,,8,422.864.829.657.611
577318,1,1,8,95,2,,,,,,,,2,,,,,,,,,,,,,,,8,763.340.813.854.749
577318,1,2,8,95,2,,,,,,,,2,,,,,,,,,,,,,,,8,763.340.813.854.749
577318,1,3,8,95,2,,,,,,,,2,,,,,,,,,,,,,,,8,763.340.813.854.749
577318,1,4,8,95,2,,,,,,,,2,,,,,,,,,,,,,,,8,763.340.813.854.749
577318,1,5,8,95,2,,,,,,,,2,,,,,,,,,,,,,,,8,763.340.813.854.749
577318,1,6,8,95,2,,,,,,,,2,,,,,,,,,,,,,,,8,763.340.813.854.749
577319,1,1,8,95,2,,,,,,,,2,,,,,,,,,,,,,,,8,525.668.597.900.185
577319,1,2,8,95,2,,,,,,,,2,,,,,,,,,,,,,,,8,525.668.597.900.185
577319,1,3,8,95,2,,,,,,,,2,,,,,,,,,,,,,,,8,525.668.597.900.185
577319,1,4,8,95,2,,,,,,,,2,,,,,,,,,,,,,,,8,525.668.597.900.185
577320,1,1,8,95,2,,,,,,,,2,,,,,,,,,,,,,,,8,359.781.315.653.016
577320,1,2,8,95,2,,,,,,,,2,,,,,,,,,,,,,,,8,359.781.315.653.016
577320,1,3,8,95,2,,,,,,,,2,,,,,,,,,,,,,,,8,359.781.315.653.016
577320,1,4,8,95,2,,,,,,,,2,,,,,,,,,,,,,,,8,359.781.315.653.016
577320,1,5,8,95,2,,,,,,,,2,,,,,,,,,,,,,,,8,359.781.315.653.016
577320,1,7,8,95,2,,,,,,,,2,,,,,,,,,,,,,,,8,359.781.315.653.016
577320,1,8,8,95,2,,,,,,,,2,,,,,,,,,,,,,,,8,359.781.315.653.016
577320,1,9,8,95,2,,,,,,,,2,,,,,,,,,,,,,,,8,359.781.315.653.016
577321,1,1,8,95,2,,,,,,,,2,,,,,,,,,,,,,,,8,563.637.040.069.967
577321,1,2,8,95,2,,,,,,,,2,,,,,,,,,,,,,,,8,563.637.040.069.967
577322,1,1,8,95,2,,,,,,,,2,,,,,,,,,,,,,,,8,740.667.588.702.309
577322,1,2,8,95,2,,,,,,,,2,,,,,,,,,,,,,,,8,740.667.588.702.309
577322,1,3,8,95,2,,,,,,,,2,,,,,,,,,,,,,,,8,740.667.588.702.309
577322,1,4,8,95,2,,,,,,,,2,,,,,,,,,,,,,,,8,740.667.588.702.309
577322,1,6,8,95,2,,,,,,,,2,,,,,,,,,,,,,,,8,740.667.588.702.309
577322,1,7,8,95,2,,,,,,,,2,,,,,,,,,,,,,,,8,740.667.588.702.309
577322,1,10,8,95,2,,,,,,,,2,,,,,,,,,,,,,,,8,740.667.588.702.309
577323,1,1,8,95,2,,,,,,,,2,,,,,,,,,,,,,,,8,347.572.430.352.599
577323,1,2,8,95,2,,,,,,,,2,,,,,,,,,,,,,,,8,347.572.430.352.599
577323,1,3,8,95,2,,,,,,,,2,,,,,,,,,,,,,,,8,347.572.430.352.599
577324,1,1,8,95,1,,2,1,,450000,,2,1,2,,2,,,,,,2000000,2,1,2,,2,8,381.263.145.373.003
577324,1,2,8,95,2,,,,,,,,2,,,,,,,,,,,,,,,8,381.263.145.373.003
577324,1,3,8,95,2,,,,,,,,2,,,,,,,,,,,,,,,8,381.263.145.373.003
577325,1,1,8,95,2,,,,,,,,2,,,,,,,,,,,,,,,8,623.572.763.842.363
577325,1,2,8,95,2,,,,,,,,2,,,,,,,,,,,,,,,8,623.572.763.842.363
577325,1,3,8,95,2,,,,,,,,2,,,,,,,,,,,,,,,8,623.572.763.842.363
577325,1,4,8,95,2,,,,,,,,1,2,,2,,,,,,1000000,2,1,2,,2,8,623.572.763.842.363
577327,1,1,8,95,2,,,,,,,,1,2,,2,,,,,,3000000,2,1,2,,2,8,503.231.479.479.545
577328,1,1,8,95,1,,1,1,,1379398,200000,2,2,,,,,,,,,,,,,,,8,45.953.754.955.498
577329,1,1,8,95,2,,,,,,,,2,,,,,,,,,,,,,,,8,601.083.597.622.271
577329,1,2,8,95,2,,,,,,,,2,,,,,,,,,,,,,,,8,601.083.597.622.271
577329,1,3,8,95,2,,,,,,,,2,,,,,,,,,,,,,,,8,601.083.597.622.271
577329,1,5,8,95,2,,,,,,,,2,,,,,,,,,,,,,,,8,601.083.597.622.271
577329,1,8,8,95,2,,,,,,,,2,,,,,,,,,,,,,,,8,601.083.597.622.271
577330,1,1,8,95,2,,,,,,,,2,,,,,,,,,,,,,,,8,60.853.125.679.527
577330,1,2,8,95,2,,,,,,,,2,,,,,,,,,,,,,,,8,60.853.125.679.527
577330,1,4,8,95,2,,,,,,,,2,,,,,,,,,,,,,,,8,60.853.125.679.527
577330,1,5,8,95,2,,,,,,,,1,2,,2,,,,,,5000000,2,1,2,,2,8,60.853.125.679.527
577330,1,6,8,95,2,,,,,,,,2,,,,,,,,,,,,,,,8,60.853.125.679.527
577330,1,7,8,95,2,,,,,,,,2,,,,,,,,,,,,,,,8,60.853.125.679.527
577330,1,9,8,95,2,,,,,,,,2,,,,,,,,,,,,,,,8,60.853.125.679.527
577330,1,10,8,95,2,,,,,,,,2,,,,,,,,,,,,,,,8,60.853.125.679.527
577331,1,1,8,95,2,,,,,,,,2,,,,,,,,,,,,,,,8,604.918.869.967.026
577331,1,2,8,95,2,,,,,,,,2,,,,,,,,,,,,,,,8,604.918.869.967.026
577331,1,5,8,95,2,,,,,,,,2,,,,,,,,,,,,,,,8,604.918.869.967.026
577331,1,6,8,95,2,,,,,,,,2,,,,,,,,,,,,,,,8,604.918.869.967.026
577331,1,7,8,95,2,,,,,,,,2,,,,,,,,,,,,,,,8,604.918.869.967.026
577331,1,8,8,95,2,,,,,,,,2,,,,,,,,,,,,,,,8,604.918.869.967.026
577332,1,1,8,95,2,,,,,,,,2,,,,,,,,,,,,,,,8,566.058.906.868.317
577332,1,2,8,95,2,,,,,,,,2,,,,,,,,,,,,,,,8,566.058.906.868.317
577332,1,3,8,95,2,,,,,,,,2,,,,,,,,,,,,,,,8,566.058.906.868.317
577332,1,4,8,95,2,,,,,,,,2,,,,,,,,,,,,,,,8,566.058.906.868.317
577334,1,1,8,95,2,,,,,,,,2,,,,,,,,,,,,,,,8,414.677.096.854.189
577334,1,2,8,95,2,,,,,,,,2,,,,,,,,,,,,,,,8,414.677.096.854.189
577334,1,4,8,95,2,,,,,,,,2,,,,,,,,,,,,,,,8,414.677.096.854.189
577334,1,5,8,95,2,,,,,,,,2,,,,,,,,,,,,,,,8,414.677.096.854.189
577334,1,7,8,95,2,,,,,,,,2,,,,,,,,,,,,,,,8,414.677.096.854.189
577335,1,1,8,95,2,,,,,,,,2,,,,,,,,,,,,,,,8,286.440.766.830.206
577335,1,2,8,95,2,,,,,,,,2,,,,,,,,,,,,,,,8,286.440.766.830.206
577335,1,3,8,95,2,,,,,,,,2,,,,,,,,,,,,,,,8,286.440.766.830.206
577335,1,4,8,95,2,,,,,,,,2,,,,,,,,,,,,,,,8,286.440.766.830.206
577335,2,1,8,95,2,,,,,,,,2,,,,,,,,,,,,,,,8,286.440.766.830.206
577335,2,2,8,95,2,,,,,,,,2,,,,,,,,,,,,,,,8,286.440.766.830.206
577335,2,3,8,95,2,,,,,,,,2,,,,,,,,,,,,,,,8,286.440.766.830.206
577335,2,4,8,95,2,,,,,,,,2,,,,,,,,,,,,,,,8,286.440.766.830.206
577335,2,5,8,95,2,,,,,,,,2,,,,,,,,,,,,,,,8,286.440.766.830.206
577335,2,6,8,95,2,,,,,,,,2,,,,,,,,,,,,,,,8,286.440.766.830.206
577336,1,1,8,95,1,,2,1,,437000,,2,2,,,,,,,,,,,,,,,8,294.082.573.447.154
577336,1,2,8,95,2,,,,,,,,2,,,,,,,,,,,,,,,8,294.082.573.447.154
577336,1,3,8,95,2,,,,,,,,2,,,,,,,,,,,,,,,8,294.082.573.447.154
577336,2,1,8,95,2,,,,,,,,2,,,,,,,,,,,,,,,8,294.082.573.447.154
577336,2,2,8,95,2,,,,,,,,2,,,,,,,,,,,,,,,8,294.082.573.447.154
577337,1,1,8,95,2,,,,,,,,2,,,,,,,,,,,,,,,8,5.223.145.363.922
577337,1,2,8,95,2,,,,,,,,2,,,,,,,,,,,,,,,8,5.223.145.363.922
577337,1,3,8,95,2,,,,,,,,2,,,,,,,,,,,,,,,8,5.223.145.363.922
577337,1,4,8,95,2,,,,,,,,2,,,,,,,,,,,,,,,8,5.223.145.363.922
577338,1,1,8,95,2,,,,,,,,2,,,,,,,,,,,,,,,8,514.004.568.092.852
577338,1,2,8,95,2,,,,,,,,2,,,,,,,,,,,,,,,8,514.004.568.092.852
577338,1,3,8,95,2,,,,,,,,2,,,,,,,,,,,,,,,8,514.004.568.092.852
577338,1,6,8,95,2,,,,,,,,1,2,,2,500000,,,,,,2,2,1,,2,8,514.004.568.092.852
577339,1,1,8,95,2,,,,,,,,2,,,,,,,,,,,,,,,8,486.263.762.197.865
577339,1,2,8,95,2,,,,,,,,2,,,,,,,,,,,,,,,8,486.263.762.197.865
577339,1,3,8,95,2,,,,,,,,2,,,,,,,,,,,,,,,8,486.263.762.197.865
577339,1,4,8,95,2,,,,,,,,2,,,,,,,,,,,,,,,8,486.263.762.197.865
577341,1,1,8,95,2,,,,,,,,2,,,,,,,,,,,,,,,8,582.884.587.133.232
577341,1,2,8,95,2,,,,,,,,2,,,,,,,,,,,,,,,8,582.884.587.133.232
577341,1,3,8,95,2,,,,,,,,2,,,,,,,,,,,,,,,8,582.884.587.133.232
577341,1,4,8,95,2,,,,,,,,2,,,,,,,,,,,,,,,8,582.884.587.133.232
577341,1,5,8,95,2,,,,,,,,2,,,,,,,,,,,,,,,8,582.884.587.133.232
577342,1,1,8,95,2,,,,,,,,2,,,,,,,,,,,,,,,8,525.668.597.900.185
577342,1,2,8,95,2,,,,,,,,2,,,,,,,,,,,,,,,8,525.668.597.900.185
577342,1,3,8,95,2,,,,,,,,2,,,,,,,,,,,,,,,8,525.668.597.900.185
577342,1,4,8,95,2,,,,,,,,2,,,,,,,,,,,,,,,8,525.668.597.900.185
577343,1,1,8,95,2,,,,,,,,2,,,,,,,,,,,,,,,8,465.890.943.556.461
577343,1,2,8,95,2,,,,,,,,2,,,,,,,,,,,,,,,8,465.890.943.556.461
577343,1,3,8,95,2,,,,,,,,2,,,,,,,,,,,,,,,8,465.890.943.556.461
577343,1,4,8,95,2,,,,,,,,2,,,,,,,,,,,,,,,8,465.890.943.556.461
577343,1,5,8,95,2,,,,,,,,2,,,,,,,,,,,,,,,8,465.890.943.556.461
577343,1,6,8,95,2,,,,,,,,2,,,,,,,,,,,,,,,8,465.890.943.556.461
577343,1,7,8,95,2,,,,,,,,2,,,,,,,,,,,,,,,8,465.890.943.556.461
577343,2,1,8,95,2,,,,,,,,2,,,,,,,,,,,,,,,8,465.890.943.556.461
577343,2,2,8,95,2,,,,,,,,2,,,,,,,,,,,,,,,8,465.890.943.556.461
577343,2,3,8,95,2,,,,,,,,2,,,,,,,,,,,,,,,8,465.890.943.556.461
577343,2,4,8,95,2,,,,,,,,2,,,,,,,,,,,,,,,8,465.890.943.556.461
577344,1,1,8,95,2,,,,,,,,2,,,,,,,,,,,,,,,8,450.327.330.348.315
577344,1,2,8,95,2,,,,,,,,2,,,,,,,,,,,,,,,8,450.327.330.348.315
577344,1,3,8,95,2,,,,,,,,2,,,,,,,,,,,,,,,8,450.327.330.348.315
577344,1,4,8,95,2,,,,,,,,2,,,,,,,,,,,,,,,8,450.327.330.348.315
577344,1,5,8,95,2,,,,,,,,2,,,,,,,,,,,,,,,8,450.327.330.348.315
577345,1,1,8,95,2,,,,,,,,2,,,,,,,,,,,,,,,8,483.821.915.515.492
577345,1,2,8,95,2,,,,,,,,2,,,,,,,,,,,,,,,8,483.821.915.515.492
577346,1,1,8,95,2,,,,,,,,2,,,,,,,,,,,,,,,8,55.249.582.566.768
577346,1,2,8,95,2,,,,,,,,2,,,,,,,,,,,,,,,8,55.249.582.566.768
577346,1,3,8,95,2,,,,,,,,2,,,,,,,,,,,,,,,8,55.249.582.566.768
577346,1,4,8,95,2,,,,,,,,2,,,,,,,,,,,,,,,8,55.249.582.566.768
577347,1,1,8,95,2,,,,,,,,2,,,,,,,,,,,,,,,8,50.131.321.465.867
577347,1,2,8,95,2,,,,,,,,2,,,,,,,,,,,,,,,8,50.131.321.465.867
577347,1,3,8,95,2,,,,,,,,2,,,,,,,,,,,,,,,8,50.131.321.465.867
577348,1,1,8,95,2,,,,,,,,2,,,,,,,,,,,,,,,8,442.866.739.018.483
577348,1,2,8,95,2,,,,,,,,2,,,,,,,,,,,,,,,8,442.866.739.018.483
577348,1,3,8,95,2,,,,,,,,2,,,,,,,,,,,,,,,8,442.866.739.018.483
577348,1,4,8,95,2,,,,,,,,2,,,,,,,,,,,,,,,8,442.866.739.018.483
577348,1,5,8,95,2,,,,,,,,2,,,,,,,,,,,,,,,8,442.866.739.018.483
577348,1,6,8,95,2,,,,,,,,2,,,,,,,,,,,,,,,8,442.866.739.018.483
577349,1,1,8,95,2,,,,,,,,2,,,,,,,,,,,,,,,8,396.712.360.870.645
577349,1,2,8,95,2,,,,,,,,2,,,,,,,,,,,,,,,8,396.712.360.870.645
577349,1,3,8,95,2,,,,,,,,2,,,,,,,,,,,,,,,8,396.712.360.870.645
577349,1,4,8,95,2,,,,,,,,2,,,,,,,,,,,,,,,8,396.712.360.870.645
577350,1,1,8,95,2,,,,,,,,2,,,,,,,,,,,,,,,8,436.876.288.320.835
577350,1,2,8,95,2,,,,,,,,2,,,,,,,,,,,,,,,8,436.876.288.320.835
577350,1,3,8,95,2,,,,,,,,2,,,,,,,,,,,,,,,8,436.876.288.320.835
577350,1,5,8,95,2,,,,,,,,2,,,,,,,,,,,,,,,8,436.876.288.320.835
577351,1,1,8,95,2,,,,,,,,2,,,,,,,,,,,,,,,8,429.653.460.623.056
577351,1,2,8,95,2,,,,,,,,2,,,,,,,,,,,,,,,8,429.653.460.623.056
577351,1,3,8,95,2,,,,,,,,2,,,,,,,,,,,,,,,8,429.653.460.623.056
577351,1,4,8,95,2,,,,,,,,2,,,,,,,,,,,,,,,8,429.653.460.623.056
577351,1,5,8,95,2,,,,,,,,2,,,,,,,,,,,,,,,8,429.653.460.623.056
577352,1,1,8,95,2,,,,,,,,2,,,,,,,,,,,,,,,8,67.220.043.433.194
577352,1,2,8,95,2,,,,,,,,2,,,,,,,,,,,,,,,8,67.220.043.433.194
577352,1,3,8,95,2,,,,,,,,2,,,,,,,,,,,,,,,8,67.220.043.433.194
577352,1,4,8,95,2,,,,,,,,2,,,,,,,,,,,,,,,8,67.220.043.433.194
577353,1,1,8,95,2,,,,,,,,2,,,,,,,,,,,,,,,8,398.849.280.687.667
577353,1,2,8,95,2,,,,,,,,2,,,,,,,,,,,,,,,8,398.849.280.687.667
577353,1,3,8,95,2,,,,,,,,2,,,,,,,,,,,,,,,8,398.849.280.687.667
577353,1,4,8,95,2,,,,,,,,2,,,,,,,,,,,,,,,8,398.849.280.687.667
577353,1,5,8,95,2,,,,,,,,2,,,,,,,,,,,,,,,8,398.849.280.687.667
577353,1,7,8,95,2,,,,,,,,2,,,,,,,,,,,,,,,8,398.849.280.687.667
577354,1,1,8,95,2,,,,,,,,2,,,,,,,,,,,,,,,8,483.821.915.515.492
577354,1,2,8,95,2,,,,,,,,2,,,,,,,,,,,,,,,8,483.821.915.515.492
577355,1,1,8,95,2,,,,,,,,2,,,,,,,,,,,,,,,8,561.216.048.674.175
577355,1,2,8,95,2,,,,,,,,2,,,,,,,,,,,,,,,8,561.216.048.674.175
577355,1,3,8,95,2,,,,,,,,2,,,,,,,,,,,,,,,8,561.216.048.674.175
577355,1,4,8,95,2,,,,,,,,2,,,,,,,,,,,,,,,8,561.216.048.674.175
577356,1,1,8,95,2,,,,,,,,1,1,,2,,,,,200000,,2,2,2,,2,8,40.636.625.328.952
577356,1,2,8,95,2,,,,,,,,2,,,,,,,,,,,,,,,8,40.636.625.328.952
577357,1,1,8,95,1,,1,2,,,300000,2,2,,,,,,,,,,,,,,,8,519.369.366.289.482
577357,1,2,8,95,2,,,,,,,,2,,,,,,,,,,,,,,,8,519.369.366.289.482
577358,1,1,8,95,1,,2,1,,2000000,,2,2,,,,,,,,,,,,,,,8,423.048.298.690.407
577358,1,2,8,95,2,,,,,,,,2,,,,,,,,,,,,,,,8,423.048.298.690.407
577358,1,3,8,95,2,,,,,,,,2,,,,,,,,,,,,,,,8,423.048.298.690.407
577358,1,4,8,95,2,,,,,,,,2,,,,,,,,,,,,,,,8,423.048.298.690.407
577358,1,5,8,95,2,,,,,,,,2,,,,,,,,,,,,,,,8,423.048.298.690.407
577358,1,7,8,95,2,,,,,,,,2,,,,,,,,,,,,,,,8,423.048.298.690.407
577358,1,8,8,95,2,,,,,,,,2,,,,,,,,,,,,,,,8,423.048.298.690.407
577360,1,1,8,95,2,,,,,,,,2,,,,,,,,,,,,,,,8,663.530.417.562.007
577360,1,2,8,95,2,,,,,,,,2,,,,,,,,,,,,,,,8,663.530.417.562.007
577360,1,3,8,95,2,,,,,,,,2,,,,,,,,,,,,,,,8,663.530.417.562.007
577360,1,4,8,95,2,,,,,,,,2,,,,,,,,,,,,,,,8,663.530.417.562.007
577360,1,5,8,95,2,,,,,,,,2,,,,,,,,,,,,,,,8,663.530.417.562.007
577362,1,1,8,95,2,,,,,,,,2,,,,,,,,,,,,,,,8,602.006.603.226.264
577362,1,2,8,95,2,,,,,,,,2,,,,,,,,,,,,,,,8,602.006.603.226.264
577362,1,3,8,95,2,,,,,,,,2,,,,,,,,,,,,,,,8,602.006.603.226.264
577362,1,4,8,95,2,,,,,,,,2,,,,,,,,,,,,,,,8,602.006.603.226.264
577362,1,5,8,95,2,,,,,,,,2,,,,,,,,,,,,,,,8,602.006.603.226.264
577364,1,1,8,95,2,,,,,,,,2,,,,,,,,,,,,,,,8,563.637.040.069.967
577364,1,2,8,95,2,,,,,,,,2,,,,,,,,,,,,,,,8,563.637.040.069.967
577365,1,1,8,95,1,,2,1,,433700,,2,2,,,,,,,,,,,,,,,8,541.305.121.437.085
577365,1,2,8,95,2,,,,,,,,2,,,,,,,,,,,,,,,8,541.305.121.437.085
577365,1,3,8,95,2,,,,,,,,2,,,,,,,,,,,,,,,8,541.305.121.437.085
577365,1,4,8,95,2,,,,,,,,2,,,,,,,,,,,,,,,8,541.305.121.437.085
577365,1,5,8,95,2,,,,,,,,2,,,,,,,,,,,,,,,8,541.305.121.437.085
577365,1,6,8,95,2,,,,,,,,2,,,,,,,,,,,,,,,8,541.305.121.437.085
577365,1,8,8,95,2,,,,,,,,2,,,,,,,,,,,,,,,8,541.305.121.437.085
577366,1,1,8,95,2,,,,,,,,2,,,,,,,,,,,,,,,8,507.612.446.269.373
577366,1,2,8,95,2,,,,,,,,2,,,,,,,,,,,,,,,8,507.612.446.269.373
577366,1,3,8,95,2,,,,,,,,2,,,,,,,,,,,,,,,8,507.612.446.269.373
577366,1,4,8,95,2,,,,,,,,2,,,,,,,,,,,,,,,8,507.612.446.269.373
577366,1,5,8,95,2,,,,,,,,2,,,,,,,,,,,,,,,8,507.612.446.269.373
577367,1,1,8,95,1,,1,2,,,230000,2,2,,,,,,,,,,,,,,,8,49.751.485.139.593
577367,1,2,8,95,2,,,,,,,,2,,,,,,,,,,,,,,,8,49.751.485.139.593
577367,1,3,8,95,2,,,,,,,,2,,,,,,,,,,,,,,,8,49.751.485.139.593
577368,1,1,8,95,2,,,,,,,,2,,,,,,,,,,,,,,,8,587.546.970.377.895
577368,1,2,8,95,2,,,,,,,,2,,,,,,,,,,,,,,,8,587.546.970.377.895
577368,1,3,8,95,2,,,,,,,,2,,,,,,,,,,,,,,,8,587.546.970.377.895
577369,1,1,8,95,2,,,,,,,,2,,,,,,,,,,,,,,,8,630.613.586.458.645
577369,1,2,8,95,2,,,,,,,,2,,,,,,,,,,,,,,,8,630.613.586.458.645
577369,1,3,8,95,2,,,,,,,,2,,,,,,,,,,,,,,,8,630.613.586.458.645
577369,1,4,8,95,2,,,,,,,,2,,,,,,,,,,,,,,,8,630.613.586.458.645
577369,1,5,8,95,2,,,,,,,,2,,,,,,,,,,,,,,,8,630.613.586.458.645
577370,1,1,8,95,1,,2,1,,2000000,,2,2,,,,,,,,,,,,,,,8,265.582.078.958.869
577370,1,2,8,95,1,,2,1,,1800000,,2,2,,,,,,,,,,,,,,,8,265.582.078.958.869
577370,1,3,8,95,2,,,,,,,,2,,,,,,,,,,,,,,,8,265.582.078.958.869
577370,1,4,8,95,2,,,,,,,,2,,,,,,,,,,,,,,,8,265.582.078.958.869
577370,1,5,8,95,2,,,,,,,,2,,,,,,,,,,,,,,,8,265.582.078.958.869
577371,1,1,8,95,2,,,,,,,,2,,,,,,,,,,,,,,,8,475.101.692.508.998
577371,1,2,8,95,2,,,,,,,,2,,,,,,,,,,,,,,,8,475.101.692.508.998
577372,1,1,8,95,2,,,,,,,,2,,,,,,,,,,,,,,,8,487.862.172.631.191
577372,1,2,8,95,2,,,,,,,,1,2,,2,,,,,,100000,2,1,2,,2,8,487.862.172.631.191
577374,1,1,8,95,1,,2,1,,1700000,,2,2,,,,,,,,,,,,,,,8,367.812.103.345.523
577374,1,2,8,95,2,,,,,,,,2,,,,,,,,,,,,,,,8,367.812.103.345.523
577375,1,1,8,95,2,,,,,,,,2,,,,,,,,,,,,,,,8,308.167.594.650.279
577375,1,2,8,95,2,,,,,,,,2,,,,,,,,,,,,,,,8,308.167.594.650.279
577375,1,3,8,95,2,,,,,,,,1,2,,2,8400000,,,,,,2,2,1,,2,8,308.167.594.650.279
577376,1,1,8,95,1,,2,1,,1200000,,2,2,,,,,,,,,,,,,,,8,498.697.387.157.215
577376,1,2,8,95,2,,,,,,,,2,,,,,,,,,,,,,,,8,498.697.387.157.215
577376,1,3,8,95,2,,,,,,,,2,,,,,,,,,,,,,,,8,498.697.387.157.215
577377,1,1,8,95,1,,1,2,,,300000,2,2,,,,,,,,,,,,,,,8,401.246.453.192.975
577377,1,2,8,95,2,,,,,,,,2,,,,,,,,,,,,,,,8,401.246.453.192.975
577378,1,1,8,95,2,,,,,,,,2,,,,,,,,,,,,,,,8,461.160.654.281.348
577378,1,2,8,95,2,,,,,,,,2,,,,,,,,,,,,,,,8,461.160.654.281.348
577378,2,1,8,95,2,,,,,,,,2,,,,,,,,,,,,,,,8,461.160.654.281.348
577378,2,2,8,95,2,,,,,,,,2,,,,,,,,,,,,,,,8,461.160.654.281.348
577378,2,3,8,95,2,,,,,,,,2,,,,,,,,,,,,,,,8,461.160.654.281.348
577379,1,1,8,95,2,,,,,,,,2,,,,,,,,,,,,,,,8,544.833.163.764.152
577379,1,2,8,95,2,,,,,,,,2,,,,,,,,,,,,,,,8,544.833.163.764.152
577379,1,3,8,95,2,,,,,,,,2,,,,,,,,,,,,,,,8,544.833.163.764.152
577379,1,4,8,95,2,,,,,,,,2,,,,,,,,,,,,,,,8,544.833.163.764.152
577379,1,5,8,95,2,,,,,,,,2,,,,,,,,,,,,,,,8,544.833.163.764.152
577381,1,1,8,95,2,,,,,,,,2,,,,,,,,,,,,,,,8,542.051.482.810.208
577381,1,2,8,95,2,,,,,,,,2,,,,,,,,,,,,,,,8,542.051.482.810.208
577381,1,4,8,95,2,,,,,,,,2,,,,,,,,,,,,,,,8,542.051.482.810.208
577382,1,1,8,95,2,,,,,,,,1,2,,2,,,,,,98,2,1,2,,2,8,424.885.458.716.377
577382,1,2,8,95,2,,,,,,,,2,,,,,,,,,,,,,,,8,424.885.458.716.377
577382,1,3,8,95,2,,,,,,,,2,,,,,,,,,,,,,,,8,424.885.458.716.377
577382,1,4,8,95,2,,,,,,,,2,,,,,,,,,,,,,,,8,424.885.458.716.377
577382,1,5,8,95,2,,,,,,,,1,2,,2,,,,,,98,2,1,2,,2,8,424.885.458.716.377
577382,1,6,8,95,2,,,,,,,,2,,,,,,,,,,,,,,,8,424.885.458.716.377
577382,1,7,8,95,2,,,,,,,,2,,,,,,,,,,,,,,,8,424.885.458.716.377
577383,1,1,8,95,2,,,,,,,,2,,,,,,,,,,,,,,,8,263.140.232.276.496
577383,1,2,8,95,2,,,,,,,,2,,,,,,,,,,,,,,,8,263.140.232.276.496
577383,1,3,8,95,2,,,,,,,,2,,,,,,,,,,,,,,,8,263.140.232.276.496
577384,1,1,8,95,1,,2,2,98,,,1,2,,,,,,,,,,,,,,,8,603.627.583.546.502
577384,1,2,8,95,2,,,,,,,,2,,,,,,,,,,,,,,,8,603.627.583.546.502
577384,1,3,8,95,2,,,,,,,,2,,,,,,,,,,,,,,,8,603.627.583.546.502
577384,1,4,8,95,2,,,,,,,,2,,,,,,,,,,,,,,,8,603.627.583.546.502
577385,1,1,8,95,2,,,,,,,,2,,,,,,,,,,,,,,,8,40.042.771.123.697
577385,1,2,8,95,2,,,,,,,,2,,,,,,,,,,,,,,,8,40.042.771.123.697
577385,1,5,8,95,2,,,,,,,,2,,,,,,,,,,,,,,,8,40.042.771.123.697
577385,1,6,8,95,2,,,,,,,,2,,,,,,,,,,,,,,,8,40.042.771.123.697
577386,1,1,8,95,2,,,,,,,,1,2,,2,,,,,,1000000,2,1,2,,2,8,48.650.876.029.795
577386,1,2,8,95,2,,,,,,,,2,,,,,,,,,,,,,,,8,48.650.876.029.795
577389,1,1,8,95,2,,,,,,,,2,,,,,,,,,,,,,,,8,45.953.754.955.498
577390,1,1,11,95,2,,,,,,,,2,,,,,,,,,,,,,,,11,185.588.197.652.811
577390,1,2,11,95,2,,,,,,,,2,,,,,,,,,,,,,,,11,185.588.197.652.811
577390,1,3,11,95,2,,,,,,,,2,,,,,,,,,,,,,,,11,185.588.197.652.811
577390,1,4,11,95,1,,1,1,,433700,300000,2,2,,,,,,,,,,,,,,,11,185.588.197.652.811
577391,1,1,11,95,1,,1,1,,1120000,250000,2,2,,,,,,,,,,,,,,,11,210.422.091.709.256
577392,1,1,11,95,2,,,,,,,,2,,,,,,,,,,,,,,,11,237.626.293.199.699
577392,1,2,11,95,2,,,,,,,,2,,,,,,,,,,,,,,,11,237.626.293.199.699
577393,1,1,11,95,2,,,,,,,,2,,,,,,,,,,,,,,,11,38.082.502.782.837
577393,1,2,11,95,2,,,,,,,,2,,,,,,,,,,,,,,,11,38.082.502.782.837
577397,1,1,11,95,1,,1,2,,,1000000,2,2,,,,,,,,,,,,,,,11,28.135.062.309.853
577398,1,1,11,95,2,,,,,,,,2,,,,,,,,,,,,,,,11,284.809.088.091.978
577399,1,1,11,95,2,,,,,,,,2,,,,,,,,,,,,,,,11,230.445.251.711.799
577399,1,2,11,95,2,,,,,,,,2,,,,,,,,,,,,,,,11,230.445.251.711.799
577399,1,3,11,95,2,,,,,,,,2,,,,,,,,,,,,,,,11,230.445.251.711.799
577400,1,1,11,95,2,,,,,,,,2,,,,,,,,,,,,,,,11,543.739.371.952.974
577400,1,2,11,95,2,,,,,,,,2,,,,,,,,,,,,,,,11,543.739.371.952.974
577400,1,3,11,95,2,,,,,,,,2,,,,,,,,,,,,,,,11,543.739.371.952.974
577400,1,4,11,95,2,,,,,,,,2,,,,,,,,,,,,,,,11,543.739.371.952.974
577400,1,5,11,95,2,,,,,,,,2,,,,,,,,,,,,,,,11,543.739.371.952.974
577401,1,1,11,95,2,,,,,,,,2,,,,,,,,,,,,,,,11,267.156.235.523.434
577401,1,2,11,95,2,,,,,,,,2,,,,,,,,,,,,,,,11,267.156.235.523.434
577401,1,3,11,95,2,,,,,,,,2,,,,,,,,,,,,,,,11,267.156.235.523.434
577402,1,1,13,95,2,,,,,,,,1,2,,2,,,,,,2400000,2,1,2,,2,13,327.796.025.517.172
577403,1,1,13,95,2,,,,,,,,1,2,,2,,,,,,18000000,2,1,2,,2,13,285.379.149.292.347
577403,1,2,13,95,2,,,,,,,,2,,,,,,,,,,,,,,,13,285.379.149.292.347
577403,1,3,13,95,2,,,,,,,,2,,,,,,,,,,,,,,,13,285.379.149.292.347
577404,1,1,13,95,2,,,,,,,,1,2,,2,,,,,,1000000,2,1,2,,2,13,293.196.088.301.888
577404,1,2,13,95,2,,,,,,,,2,,,,,,,,,,,,,,,13,293.196.088.301.888
577404,1,3,13,95,2,,,,,,,,2,,,,,,,,,,,,,,,13,293.196.088.301.888
577405,1,1,13,95,2,,,,,,,,2,,,,,,,,,,,,,,,13,251.882.479.717.092
577406,1,1,17,95,2,,,,,,,,2,,,,,,,,,,,,,,,17,117.766.862.976.907
577406,1,2,17,95,1,,1,2,,,200000,2,2,,,,,,,,,,,,,,,17,117.766.862.976.907
577407,1,1,17,95,2,,,,,,,,2,,,,,,,,,,,,,,,17,137.576.714.380.097
577407,1,2,17,95,2,,,,,,,,2,,,,,,,,,,,,,,,17,137.576.714.380.097
577408,1,1,17,95,2,,,,,,,,2,,,,,,,,,,,,,,,17,125.570.341.578.362
577408,1,2,17,95,2,,,,,,,,2,,,,,,,,,,,,,,,17,125.570.341.578.362
577409,1,1,17,95,2,,,,,,,,2,,,,,,,,,,,,,,,17,105.140.205.259.889
577409,1,2,17,95,1,,1,2,,,135000,2,2,,,,,,,,,,,,,,,17,105.140.205.259.889
577410,1,1,17,95,2,,,,,,,,1,2,,2,,,,,,2500000,2,1,2,,2,17,135.635.207.973.079
577410,1,2,17,95,2,,,,,,,,2,,,,,,,,,,,,,,,17,135.635.207.973.079
577411,1,1,17,95,1,,1,2,,,300000,2,1,2,,2,,,,,,4800000,2,1,2,,2,17,110.469.439.658.706
577411,1,2,17,95,2,,,,,,,,2,,,,,,,,,,,,,,,17,110.469.439.658.706
577411,1,3,17,95,2,,,,,,,,2,,,,,,,,,,,,,,,17,110.469.439.658.706
577412,1,1,17,95,1,,2,1,,1000000,,2,2,,,,,,,,,,,,,,,17,118.209.239.941.919
577412,1,2,17,95,2,,,,,,,,2,,,,,,,,,,,,,,,17,118.209.239.941.919
577412,1,3,17,95,2,,,,,,,,2,,,,,,,,,,,,,,,17,118.209.239.941.919
577413,1,1,17,95,2,,,,,,,,2,,,,,,,,,,,,,,,17,135.635.207.973.079
577413,1,2,17,95,2,,,,,,,,2,,,,,,,,,,,,,,,17,135.635.207.973.079
577414,1,1,17,95,2,,,,,,,,2,,,,,,,,,,,,,,,17,146.794.726.864.624
577414,1,2,17,95,2,,,,,,,,2,,,,,,,,,,,,,,,17,146.794.726.864.624
577414,1,3,17,95,2,,,,,,,,2,,,,,,,,,,,,,,,17,146.794.726.864.624
577414,1,4,17,95,2,,,,,,,,2,,,,,,,,,,,,,,,17,146.794.726.864.624
577415,1,1,17,95,2,,,,,,,,2,,,,,,,,,,,,,,,17,154.447.124.159.801
577415,1,2,17,95,2,,,,,,,,2,,,,,,,,,,,,,,,17,154.447.124.159.801
577415,1,3,17,95,2,,,,,,,,2,,,,,,,,,,,,,,,17,154.447.124.159.801
577415,1,4,17,95,2,,,,,,,,2,,,,,,,,,,,,,,,17,154.447.124.159.801
577415,1,5,17,95,2,,,,,,,,2,,,,,,,,,,,,,,,17,154.447.124.159.801
577416,1,1,17,95,2,,,,,,,,2,,,,,,,,,,,,,,,17,143.644.806.968.916
577416,1,2,17,95,2,,,,,,,,2,,,,,,,,,,,,,,,17,143.644.806.968.916
577416,1,3,17,95,2,,,,,,,,2,,,,,,,,,,,,,,,17,143.644.806.968.916
577416,1,4,17,95,2,,,,,,,,2,,,,,,,,,,,,,,,17,143.644.806.968.916
577416,1,5,17,95,2,,,,,,,,2,,,,,,,,,,,,,,,17,143.644.806.968.916
577418,1,1,17,95,1,,2,1,,910000,,2,2,,,,,,,,,,,,,,,17,918.215.798.686.213
577418,1,2,17,95,2,,,,,,,,2,,,,,,,,,,,,,,,17,918.215.798.686.213
577419,1,1,17,95,2,,,,,,,,2,,,,,,,,,,,,,,,17,126.012.718.543.374
577419,1,2,17,95,2,,,,,,,,2,,,,,,,,,,,,,,,17,126.012.718.543.374
577419,1,3,17,95,2,,,,,,,,2,,,,,,,,,,,,,,,17,126.012.718.543.374
577420,1,1,17,95,2,,,,,,,,2,,,,,,,,,,,,,,,17,137.239.576.551.196
577420,1,2,17,95,2,,,,,,,,2,,,,,,,,,,,,,,,17,137.239.576.551.196
577421,1,1,17,95,1,,2,1,,1800000,,2,2,,,,,,,,,,,,,,,17,696.500.868.239.795
577421,1,2,17,95,1,,1,2,,,250000,2,1,2,,2,,,,3600000,,,1,2,2,,2,17,696.500.868.239.795
577421,1,3,17,95,2,,,,,,,,2,,,,,,,,,,,,,,,17,696.500.868.239.795
577423,1,1,17,95,1,,1,2,,,200000,2,2,,,,,,,,,,,,,,,17,131.085.488.368.175
577423,1,2,17,95,1,,2,1,,433700,,2,2,,,,,,,,,,,,,,,17,131.085.488.368.175
577424,1,1,17,95,1,,2,1,,433700,,2,2,,,,,,,,,,,,,,,17,105.582.582.224.901
577424,1,2,17,95,2,,,,,,,,2,,,,,,,,,,,,,,,17,105.582.582.224.901
577424,1,3,17,95,2,,,,,,,,1,2,,2,,,,,,2400000,2,1,2,,2,17,105.582.582.224.901
577466,1,1,54,95,2,,,,,,,,2,,,,,,,,,,,,,,,54,280.168.823.381.517
577466,1,2,54,95,1,,2,1,,1500000,,2,2,,,,,,,,,,,,,,,54,280.168.823.381.517
577467,1,1,54,95,1,,2,1,,2700000,,2,2,,,,,,,,,,,,,,,54,309.012.131.432.304
577467,1,2,54,95,2,,,,,,,,2,,,,,,,,,,,,,,,54,309.012.131.432.304
577467,1,3,54,95,2,,,,,,,,2,,,,,,,,,,,,,,,54,309.012.131.432.304
577467,1,4,54,95,2,,,,,,,,2,,,,,,,,,,,,,,,54,309.012.131.432.304
577467,1,5,54,95,2,,,,,,,,2,,,,,,,,,,,,,,,54,309.012.131.432.304
577468,1,1,54,95,2,,,,,,,,2,,,,,,,,,,,,,,,54,392.849.487.129.171
577468,1,2,54,95,2,,,,,,,,2,,,,,,,,,,,,,,,54,392.849.487.129.171
577468,1,3,54,95,2,,,,,,,,2,,,,,,,,,,,,,,,54,392.849.487.129.171
577469,1,1,54,95,2,,,,,,,,1,2,,2,,,,,,4800000,2,1,2,,2,54,269.885.531.923.311
577470,1,1,54,95,2,,,,,,,,2,,,,,,,,,,,,,,,54,330.209.098.118.842
577470,1,2,54,95,2,,,,,,,,2,,,,,,,,,,,,,,,54,330.209.098.118.842
577470,1,3,54,95,2,,,,,,,,2,,,,,,,,,,,,,,,54,330.209.098.118.842
577472,1,1,11,95,2,,,,,,,,2,,,,,,,,,,,,,,,11,336.358.238.301.638
577472,1,2,11,95,2,,,,,,,,2,,,,,,,,,,,,,,,11,336.358.238.301.638
577472,1,3,11,95,2,,,,,,,,2,,,,,,,,,,,,,,,11,336.358.238.301.638
577472,1,6,11,95,2,,,,,,,,2,,,,,,,,,,,,,,,11,336.358.238.301.638
577475,1,1,11,95,1,,1,1,,300000,200000,2,2,,,,,,,,,,,,,,,11,215.043.112.336.218
577475,1,2,11,95,2,,,,,,,,2,,,,,,,,,,,,,,,11,215.043.112.336.218
577476,1,1,11,95,2,,,,,,,,2,,,,,,,,,,,,,,,11,284.809.088.091.978
577477,1,1,11,95,2,,,,,,,,2,,,,,,,,,,,,,,,11,235.269.567.973.173
577478,1,1,11,95,1,,2,1,,450000,,2,2,,,,,,,,,,,,,,,11,229.213.402.874.396
577478,1,2,11,95,1,,1,2,,,150000,2,2,,,,,,,,,,,,,,,11,229.213.402.874.396
577478,1,3,11,95,2,,,,,,,,2,,,,,,,,,,,,,,,11,229.213.402.874.396
577479,1,1,11,95,2,,,,,,,,2,,,,,,,,,,,,,,,11,20.327.203.461.459
577479,1,2,11,95,2,,,,,,,,2,,,,,,,,,,,,,,,11,20.327.203.461.459
577479,1,3,11,95,2,,,,,,,,2,,,,,,,,,,,,,,,11,20.327.203.461.459
577480,1,1,11,95,2,,,,,,,,2,,,,,,,,,,,,,,,11,310.880.565.422.265
577480,1,2,11,95,2,,,,,,,,1,2,,1,,,30000,,,,2,2,2,,2,11,310.880.565.422.265
577481,1,1,11,95,2,,,,,,,,2,,,,,,,,,,,,,,,11,199.683.460.550.661
577481,1,2,11,95,2,,,,,,,,2,,,,,,,,,,,,,,,11,199.683.460.550.661
577482,1,1,11,95,2,,,,,,,,2,,,,,,,,,,,,,,,11,28.524.648.439.003
577482,1,2,11,95,2,,,,,,,,1,2,,1,,,100000,,,,2,2,2,,2,11,28.524.648.439.003
577482,1,6,11,95,2,,,,,,,,2,,,,,,,,,,,,,,,11,28.524.648.439.003
577482,1,7,11,95,2,,,,,,,,2,,,,,,,,,,,,,,,11,28.524.648.439.003
577482,1,8,11,95,2,,,,,,,,2,,,,,,,,,,,,,,,11,28.524.648.439.003
577483,1,1,11,95,2,,,,,,,,2,,,,,,,,,,,,,,,11,26.400.717.109.215
577484,1,1,11,95,2,,,,,,,,2,,,,,,,,,,,,,,,11,2.875.864.995.536
577484,1,2,11,95,2,,,,,,,,1,2,,2,70000,,,,,,2,2,1,,2,11,2.875.864.995.536
577484,2,1,11,95,2,,,,,,,,2,,,,,,,,,,,,,,,11,2.875.864.995.536
577484,2,2,11,95,2,,,,,,,,2,,,,,,,,,,,,,,,11,2.875.864.995.536
577484,2,3,11,95,2,,,,,,,,2,,,,,,,,,,,,,,,11,2.875.864.995.536
577484,2,4,11,95,2,,,,,,,,2,,,,,,,,,,,,,,,11,2.875.864.995.536
577484,2,5,11,95,2,,,,,,,,2,,,,,,,,,,,,,,,11,2.875.864.995.536
577485,1,1,11,95,1,,2,2,200000,,,1,1,2,,1,,,80000,,,,2,2,2,800000,1,11,266.363.896.318.677
577485,1,3,11,95,2,,,,,,,,1,2,,2,,,,,,200000,2,1,2,,2,11,266.363.896.318.677
577486,1,1,11,95,2,,,,,,,,2,,,,,,,,,,,,,,,11,310.880.565.422.265
577486,1,2,11,95,2,,,,,,,,1,2,,1,,,800000,,,,2,2,2,,2,11,310.880.565.422.265
577488,1,1,11,95,2,,,,,,,,2,,,,,,,,,,,,,,,11,281.549.157.852.373
577488,1,2,11,95,2,,,,,,,,2,,,,,,,,,,,,,,,11,281.549.157.852.373
577488,1,3,11,95,2,,,,,,,,2,,,,,,,,,,,,,,,11,281.549.157.852.373
577489,1,1,11,95,1,,2,2,30000,,,1,2,,,,,,,,,,,,,,,11,212.000.059.938.497
577489,1,2,11,95,2,,,,,,,,2,,,,,,,,,,,,,,,11,212.000.059.938.497
577489,2,1,11,95,2,,,,,,,,2,,,,,,,,,,,,,,,11,212.000.059.938.497
577489,2,2,11,95,2,,,,,,,,2,,,,,,,,,,,,,,,11,212.000.059.938.497
577490,1,1,11,95,1,,1,1,,900000,500000,2,2,,,,,,,,,,,,,,,11,18.089.788.382.196
577490,1,2,11,95,2,,,,,,,,2,,,,,,,,,,,,,,,11,18.089.788.382.196
577490,1,3,11,95,1,,2,1,,370000,,2,2,,,,,,,,,,,,,,,11,18.089.788.382.196
577490,1,4,11,95,1,,1,2,95000,,280000,1,2,,,,,,,,,,,,,,,11,18.089.788.382.196
577491,1,1,11,95,2,,,,,,,,2,,,,,,,,,,,,,,,11,21.994.245.623.792
577491,1,2,11,95,2,,,,,,,,2,,,,,,,,,,,,,,,11,21.994.245.623.792
577491,1,3,11,95,2,,,,,,,,2,,,,,,,,,,,,,,,11,21.994.245.623.792
577492,1,1,11,95,2,,,,,,,,2,,,,,,,,,,,,,,,11,353.701.690.308.017
577492,1,2,11,95,1,,2,2,145000,,,1,2,,,,,,,,,,,,,,,11,353.701.690.308.017
577492,1,3,11,95,2,,,,,,,,2,,,,,,,,,,,,,,,11,353.701.690.308.017
577492,1,5,11,95,2,,,,,,,,1,2,,2,,,,,,300000,2,1,2,,2,11,353.701.690.308.017
577493,1,1,11,95,2,,,,,,,,2,,,,,,,,,,,,,,,11,168.917.776.029.481
577493,1,2,11,95,2,,,,,,,,1,2,,2,,,,,,1000000,2,1,2,,2,11,168.917.776.029.481
577493,1,3,11,95,2,,,,,,,,2,,,,,,,,,,,,,,,11,168.917.776.029.481
577493,1,4,11,95,2,,,,,,,,2,,,,,,,,,,,,,,,11,168.917.776.029.481
577494,1,1,11,95,2,,,,,,,,2,,,,,,,,,,,,,,,11,22.924.438.726.763
577494,1,2,11,95,2,,,,,,,,2,,,,,,,,,,,,,,,11,22.924.438.726.763
577494,1,3,11,95,2,,,,,,,,2,,,,,,,,,,,,,,,11,22.924.438.726.763
577494,1,4,11,95,2,,,,,,,,2,,,,,,,,,,,,,,,11,22.924.438.726.763
577495,1,1,11,95,2,,,,,,,,2,,,,,,,,,,,,,,,11,314.339.030.415.714
577495,2,1,11,95,2,,,,,,,,2,,,,,,,,,,,,,,,11,314.339.030.415.714
577496,1,1,11,95,1,,2,1,,433700,,2,2,,,,,,,,,,,,,,,11,224.624.922.297.739
577496,1,2,11,95,2,,,,,,,,2,,,,,,,,,,,,,,,11,224.624.922.297.739
577496,1,3,11,95,2,,,,,,,,2,,,,,,,,,,,,,,,11,224.624.922.297.739
577496,1,4,11,95,2,,,,,,,,2,,,,,,,,,,,,,,,11,224.624.922.297.739
577497,1,1,11,95,1,,2,1,,433700,,2,2,,,,,,,,,,,,,,,11,225.754.937.880.947
577497,1,2,11,95,2,,,,,,,,2,,,,,,,,,,,,,,,11,225.754.937.880.947
577497,1,3,11,95,2,,,,,,,,1,2,,2,,,,,,1200000,2,1,2,,2,11,225.754.937.880.947
577498,1,1,11,95,2,,,,,,,,2,,,,,,,,,,,,,,,11,192.533.403.455.995
577498,1,2,11,95,2,,,,,,,,2,,,,,,,,,,,,,,,11,192.533.403.455.995
577498,1,3,11,95,2,,,,,,,,2,,,,,,,,,,,,,,,11,192.533.403.455.995
577498,1,4,11,95,2,,,,,,,,2,,,,,,,,,,,,,,,11,192.533.403.455.995
577499,1,1,11,95,2,,,,,,,,2,,,,,,,,,,,,,,,11,217.616.715.404.629
577499,1,2,11,95,2,,,,,,,,2,,,,,,,,,,,,,,,11,217.616.715.404.629
577499,1,3,11,95,2,,,,,,,,2,,,,,,,,,,,,,,,11,217.616.715.404.629
577500,1,1,11,95,2,,,,,,,,2,,,,,,,,,,,,,,,11,305.263.909.956.134
577500,1,2,11,95,2,,,,,,,,2,,,,,,,,,,,,,,,11,305.263.909.956.134
577500,1,5,11,95,2,,,,,,,,2,,,,,,,,,,,,,,,11,305.263.909.956.134
577501,1,1,11,95,2,,,,,,,,2,,,,,,,,,,,,,,,11,264.799.510.296.908
577501,1,2,11,95,2,,,,,,,,2,,,,,,,,,,,,,,,11,264.799.510.296.908
577503,1,1,11,95,1,,1,2,,,250000,2,2,,,,,,,,,,,,,,,11,17.608.141.533.162
577503,1,2,11,95,2,,,,,,,,2,,,,,,,,,,,,,,,11,17.608.141.533.162
577503,1,3,11,95,2,,,,,,,,2,,,,,,,,,,,,,,,11,17.608.141.533.162
577503,1,4,11,95,2,,,,,,,,2,,,,,,,,,,,,,,,11,17.608.141.533.162
577503,1,5,11,95,2,,,,,,,,2,,,,,,,,,,,,,,,11,17.608.141.533.162
577504,1,1,11,95,2,,,,,,,,2,,,,,,,,,,,,,,,11,279.192.432.625.847
577504,1,2,11,95,2,,,,,,,,2,,,,,,,,,,,,,,,11,279.192.432.625.847
577505,1,1,11,95,2,,,,,,,,2,,,,,,,,,,,,,,,11,244.789.932.501.838
577505,1,2,11,95,2,,,,,,,,2,,,,,,,,,,,,,,,11,244.789.932.501.838
577505,1,3,11,95,2,,,,,,,,2,,,,,,,,,,,,,,,11,244.789.932.501.838
577506,1,1,11,95,2,,,,,,,,2,,,,,,,,,,,,,,,11,339.618.168.541.243
577506,1,2,11,95,2,,,,,,,,2,,,,,,,,,,,,,,,11,339.618.168.541.243
577507,1,1,11,95,2,,,,,,,,1,2,,1,,,363000,,,,2,2,2,,2,11,340.873.154.000.847
577507,1,3,11,95,2,,,,,,,,2,,,,,,,,,,,,,,,11,340.873.154.000.847
577507,1,4,11,95,2,,,,,,,,2,,,,,,,,,,,,,,,11,340.873.154.000.847
577507,1,7,11,95,2,,,,,,,,2,,,,,,,,,,,,,,,11,340.873.154.000.847
577508,1,1,11,95,2,,,,,,,,2,,,,,,,,,,,,,,,11,33.133.538.728.642
577508,1,2,11,95,2,,,,,,,,2,,,,,,,,,,,,,,,11,33.133.538.728.642
577508,1,3,11,95,2,,,,,,,,2,,,,,,,,,,,,,,,11,33.133.538.728.642
577508,2,1,11,95,2,,,,,,,,2,,,,,,,,,,,,,,,11,33.133.538.728.642
577509,1,1,11,95,2,,,,,,,,2,,,,,,,,,,,,,,,11,284.809.088.091.978
577510,1,1,11,95,2,,,,,,,,2,,,,,,,,,,,,,,,11,261.160.020.840.176
577510,1,2,11,95,2,,,,,,,,2,,,,,,,,,,,,,,,11,261.160.020.840.176
577510,1,3,11,95,2,,,,,,,,2,,,,,,,,,,,,,,,11,261.160.020.840.176
577510,1,4,11,95,2,,,,,,,,2,,,,,,,,,,,,,,,11,261.160.020.840.176
577510,1,5,11,95,2,,,,,,,,2,,,,,,,,,,,,,,,11,261.160.020.840.176
577510,2,1,11,95,2,,,,,,,,2,,,,,,,,,,,,,,,11,261.160.020.840.176
577510,2,2,11,95,2,,,,,,,,2,,,,,,,,,,,,,,,11,261.160.020.840.176
577510,2,3,11,95,2,,,,,,,,2,,,,,,,,,,,,,,,11,261.160.020.840.176
577510,2,4,11,95,2,,,,,,,,2,,,,,,,,,,,,,,,11,261.160.020.840.176
577510,3,1,11,95,2,,,,,,,,2,,,,,,,,,,,,,,,11,261.160.020.840.176
577510,4,1,11,95,2,,,,,,,,2,,,,,,,,,,,,,,,11,261.160.020.840.176
577511,1,1,11,95,1,,1,2,,,1000000,2,2,,,,,,,,,,,,,,,11,200.915.309.388.064
577511,1,2,11,95,2,,,,,,,,2,,,,,,,,,,,,,,,11,200.915.309.388.064
577512,1,1,11,95,1,,2,1,,450000,,2,2,,,,,,,,,,,,,,,11,226.887.662.041.104
577512,1,2,11,95,2,,,,,,,,2,,,,,,,,,,,,,,,11,226.887.662.041.104
577512,1,3,11,95,2,,,,,,,,2,,,,,,,,,,,,,,,11,226.887.662.041.104
577514,1,1,11,95,2,,,,,,,,2,,,,,,,,,,,,,,,11,266.363.896.318.677
577514,1,2,11,95,2,,,,,,,,2,,,,,,,,,,,,,,,11,266.363.896.318.677
577517,1,1,11,95,2,,,,,,,,2,,,,,,,,,,,,,,,11,227.185.321.472.194
577517,1,2,11,95,2,,,,,,,,2,,,,,,,,,,,,,,,11,227.185.321.472.194
577517,1,3,11,95,2,,,,,,,,2,,,,,,,,,,,,,,,11,227.185.321.472.194
577517,1,4,11,95,2,,,,,,,,2,,,,,,,,,,,,,,,11,227.185.321.472.194
577517,1,6,11,95,2,,,,,,,,2,,,,,,,,,,,,,,,11,227.185.321.472.194
577518,1,1,11,95,2,,,,,,,,2,,,,,,,,,,,,,,,11,254.060.879.138.313
577518,1,2,11,95,1,,2,1,,433700,,2,2,,,,,,,,,,,,,,,11,254.060.879.138.313
577518,1,3,11,95,2,,,,,,,,2,,,,,,,,,,,,,,,11,254.060.879.138.313
577519,1,1,11,95,2,,,,,,,,2,,,,,,,,,,,,,,,11,359.001.477.293.498
577519,1,2,11,95,2,,,,,,,,2,,,,,,,,,,,,,,,11,359.001.477.293.498
577519,1,3,11,95,2,,,,,,,,2,,,,,,,,,,,,,,,11,359.001.477.293.498
577519,1,4,11,95,2,,,,,,,,2,,,,,,,,,,,,,,,11,359.001.477.293.498
577520,1,1,11,95,1,,2,1,,600000,,2,2,,,,,,,,,,,,,,,11,229.213.402.874.396
577520,1,2,11,95,2,,,,,,,,2,,,,,,,,,,,,,,,11,229.213.402.874.396
577520,1,3,11,95,2,,,,,,,,2,,,,,,,,,,,,,,,11,229.213.402.874.396
577521,1,1,11,95,1,,2,1,,500000,,2,2,,,,,,,,,,,,,,,11,274.070.456.933.384
577521,1,2,11,95,2,,,,,,,,2,,,,,,,,,,,,,,,11,274.070.456.933.384
577522,1,1,11,95,1,,2,1,,800000,,2,2,,,,,,,,,,,,,,,11,269.481.976.356.726
577522,1,2,11,95,2,,,,,,,,2,,,,,,,,,,,,,,,11,269.481.976.356.726
577522,1,3,11,95,2,,,,,,,,2,,,,,,,,,,,,,,,11,269.481.976.356.726
577523,1,1,11,95,1,,2,1,,822000,,2,2,,,,,,,,,,,,,,,11,341.974.893.767.769
577523,1,2,11,95,1,,2,1,,500000,,2,2,,,,,,,,,,,,,,,11,341.974.893.767.769
577523,1,3,11,95,2,,,,,,,,2,,,,,,,,,,,,,,,11,341.974.893.767.769
577524,1,1,11,95,1,,1,2,,,500000,2,2,,,,,,,,,,,,,,,11,285.167.888.628.946
577524,1,2,11,95,2,,,,,,,,2,,,,,,,,,,,,,,,11,285.167.888.628.946
577525,1,1,11,95,2,,,,,,,,2,,,,,,,,,,,,,,,11,34.153.548.540.912
577525,1,2,11,95,2,,,,,,,,2,,,,,,,,,,,,,,,11,34.153.548.540.912
577525,2,1,11,95,2,,,,,,,,2,,,,,,,,,,,,,,,11,34.153.548.540.912
577525,2,2,11,95,2,,,,,,,,2,,,,,,,,,,,,,,,11,34.153.548.540.912
577525,2,3,11,95,2,,,,,,,,2,,,,,,,,,,,,,,,11,34.153.548.540.912
577525,2,5,11,95,2,,,,,,,,2,,,,,,,,,,,,,,,11,34.153.548.540.912
577526,1,1,11,95,2,,,,,,,,2,,,,,,,,,,,,,,,11,246.996.364.513.421
577526,1,3,11,95,2,,,,,,,,2,,,,,,,,,,,,,,,11,246.996.364.513.421
577527,1,1,11,95,2,,,,,,,,2,,,,,,,,,,,,,,,11,205.628.759.841.116
577527,1,2,11,95,2,,,,,,,,2,,,,,,,,,,,,,,,11,205.628.759.841.116
577527,1,3,11,95,2,,,,,,,,2,,,,,,,,,,,,,,,11,205.628.759.841.116
577527,1,4,11,95,2,,,,,,,,2,,,,,,,,,,,,,,,11,205.628.759.841.116
577528,1,1,11,95,1,,1,1,,433700,150000,2,2,,,,,,,,,,,,,,,11,17.967.388.275.559
577528,1,2,11,95,2,,,,,,,,2,,,,,,,,,,,,,,,11,17.967.388.275.559
577528,1,3,11,95,2,,,,,,,,2,,,,,,,,,,,,,,,11,17.967.388.275.559
577529,1,1,11,95,2,,,,,,,,2,,,,,,,,,,,,,,,11,226.887.662.041.104
577529,1,2,11,95,2,,,,,,,,2,,,,,,,,,,,,,,,11,226.887.662.041.104
577529,1,3,11,95,2,,,,,,,,2,,,,,,,,,,,,,,,11,226.887.662.041.104
577530,1,1,11,95,2,,,,,,,,2,,,,,,,,,,,,,,,11,239.952.034.032.991
577530,1,2,11,95,2,,,,,,,,2,,,,,,,,,,,,,,,11,239.952.034.032.991
577531,1,1,11,95,2,,,,,,,,2,,,,,,,,,,,,,,,11,288.253.103.377.404
577531,1,2,11,95,2,,,,,,,,2,,,,,,,,,,,,,,,11,288.253.103.377.404
577531,1,3,11,95,2,,,,,,,,2,,,,,,,,,,,,,,,11,288.253.103.377.404
577531,1,4,11,95,2,,,,,,,,2,,,,,,,,,,,,,,,11,288.253.103.377.404
577532,1,1,11,95,2,,,,,,,,2,,,,,,,,,,,,,,,11,350.293.524.429.027
577532,1,2,11,95,2,,,,,,,,2,,,,,,,,,,,,,,,11,350.293.524.429.027
577533,1,1,11,95,2,,,,,,,,2,,,,,,,,,,,,,,,11,19.609.099.312.669
577533,1,2,11,95,2,,,,,,,,2,,,,,,,,,,,,,,,11,19.609.099.312.669
577533,1,3,11,95,2,,,,,,,,2,,,,,,,,,,,,,,,11,19.609.099.312.669
577533,1,4,11,95,2,,,,,,,,2,,,,,,,,,,,,,,,11,19.609.099.312.669
577534,1,1,11,95,1,,1,1,,433700,98,2,2,,,,,,,,,,,,,,,11,156.058.255.329.076
577534,1,2,11,95,2,,,,,,,,2,,,,,,,,,,,,,,,11,156.058.255.329.076
577534,1,3,11,95,2,,,,,,,,2,,,,,,,,,,,,,,,11,156.058.255.329.076
577535,1,1,11,95,2,,,,,,,,2,,,,,,,,,,,,,,,11,21.994.245.623.792
577535,1,2,11,95,2,,,,,,,,1,2,,2,,,,,,2400000,2,1,2,,2,11,21.994.245.623.792
577535,1,3,11,95,2,,,,,,,,2,,,,,,,,,,,,,,,11,21.994.245.623.792
577536,1,1,11,95,2,,,,,,,,2,,,,,,,,,,,,,,,11,313.086.997.433.848
577537,1,1,11,95,2,,,,,,,,2,,,,,,,,,,,,,,,11,276.526.306.837.156
577537,1,2,11,95,2,,,,,,,,2,,,,,,,,,,,,,,,11,276.526.306.837.156
577537,1,3,11,95,2,,,,,,,,2,,,,,,,,,,,,,,,11,276.526.306.837.156
577538,1,1,11,95,2,,,,,,,,1,2,,2,,,,,,4800000,2,1,2,,2,11,200.915.309.388.064
577538,1,2,11,95,2,,,,,,,,2,,,,,,,,,,,,,,,11,200.915.309.388.064
577539,1,1,11,95,2,,,,,,,,2,,,,,,,,,,,,,,,11,232.801.976.938.325
577539,1,2,11,95,2,,,,,,,,2,,,,,,,,,,,,,,,11,232.801.976.938.325
577539,1,3,11,95,2,,,,,,,,2,,,,,,,,,,,,,,,11,232.801.976.938.325
577539,1,4,11,95,2,,,,,,,,2,,,,,,,,,,,,,,,11,232.801.976.938.325
577540,1,1,11,95,2,,,,,,,,2,,,,,,,,,,,,,,,11,276.526.306.837.156
577540,1,2,11,95,2,,,,,,,,2,,,,,,,,,,,,,,,11,276.526.306.837.156
577540,1,3,11,95,2,,,,,,,,2,,,,,,,,,,,,,,,11,276.526.306.837.156
577541,1,1,11,95,1,,1,2,,,150000,2,2,,,,,,,,,,,,,,,11,224.530.936.814.578
577541,1,2,11,95,2,,,,,,,,2,,,,,,,,,,,,,,,11,224.530.936.814.578
577542,1,1,11,95,2,,,,,,,,2,,,,,,,,,,,,,,,11,250.800.948.898.708
577542,1,2,11,95,2,,,,,,,,2,,,,,,,,,,,,,,,11,250.800.948.898.708
577542,1,3,11,95,2,,,,,,,,2,,,,,,,,,,,,,,,11,250.800.948.898.708
577542,1,4,11,95,2,,,,,,,,2,,,,,,,,,,,,,,,11,250.800.948.898.708
577542,1,6,11,95,2,,,,,,,,2,,,,,,,,,,,,,,,11,250.800.948.898.708
577543,1,1,11,95,2,,,,,,,,2,,,,,,,,,,,,,,,11,268.453.801.467.252
577543,1,2,11,95,2,,,,,,,,2,,,,,,,,,,,,,,,11,268.453.801.467.252
577543,1,4,11,95,2,,,,,,,,2,,,,,,,,,,,,,,,11,268.453.801.467.252
577544,1,1,11,95,2,,,,,,,,2,,,,,,,,,,,,,,,11,283.590.821.462.048
577544,1,2,11,95,2,,,,,,,,2,,,,,,,,,,,,,,,11,283.590.821.462.048
577544,1,3,11,95,2,,,,,,,,2,,,,,,,,,,,,,,,11,283.590.821.462.048
577544,1,4,11,95,2,,,,,,,,2,,,,,,,,,,,,,,,11,283.590.821.462.048
577545,1,1,11,95,1,,1,2,,,350000,2,2,,,,,,,,,,,,,,,11,270.909.651.371.025
577545,1,2,11,95,2,,,,,,,,2,,,,,,,,,,,,,,,11,270.909.651.371.025
577545,1,3,11,95,2,,,,,,,,1,1,,2,,,,,90000,,2,2,2,,2,11,270.909.651.371.025
577545,1,4,11,95,2,,,,,,,,1,1,,2,,,,,90000,,2,2,2,,2,11,270.909.651.371.025
577546,1,1,11,95,2,,,,,,,,2,,,,,,,,,,,,,,,11,22.206.334.577.973
577546,1,2,11,95,2,,,,,,,,2,,,,,,,,,,,,,,,11,22.206.334.577.973
577546,1,3,11,95,2,,,,,,,,2,,,,,,,,,,,,,,,11,22.206.334.577.973
577546,1,4,11,95,2,,,,,,,,2,,,,,,,,,,,,,,,11,22.206.334.577.973
577546,1,5,11,95,1,,1,1,,745000,350000,2,2,,,,,,,,,,,,,,,11,22.206.334.577.973
577547,1,1,11,95,2,,,,,,,,2,,,,,,,,,,,,,,,11,263.350.570.993.422
577548,1,1,11,95,2,,,,,,,,2,,,,,,,,,,,,,,,11,468.732.725.920.188
577548,1,2,11,95,2,,,,,,,,1,2,,2,,,,,,50000,2,1,2,,2,11,468.732.725.920.188
577548,1,3,11,95,2,,,,,,,,2,,,,,,,,,,,,,,,11,468.732.725.920.188
577548,1,4,11,95,2,,,,,,,,2,,,,,,,,,,,,,,,11,468.732.725.920.188
577549,1,1,11,95,2,,,,,,,,2,,,,,,,,,,,,,,,11,575.840.915.899.508
577549,2,1,11,95,2,,,,,,,,2,,,,,,,,,,,,,,,11,575.840.915.899.508
577549,2,2,11,95,2,,,,,,,,2,,,,,,,,,,,,,,,11,575.840.915.899.508
577550,1,1,11,95,2,,,,,,,,2,,,,,,,,,,,,,,,11,67.765.165.867.297
577551,1,1,11,95,2,,,,,,,,2,,,,,,,,,,,,,,,11,22.821.078.778.472
577551,1,2,11,95,2,,,,,,,,2,,,,,,,,,,,,,,,11,22.821.078.778.472
577551,1,4,11,95,2,,,,,,,,1,2,,2,,,,,,1000000,2,1,2,,2,11,22.821.078.778.472
577551,1,6,11,95,2,,,,,,,,2,,,,,,,,,,,,,,,11,22.821.078.778.472
577552,1,1,11,95,2,,,,,,,,2,,,,,,,,,,,,,,,11,194.859.144.289.287
577552,1,2,11,95,1,,2,1,,5000000,,2,2,,,,,,,,,,,,,,,11,194.859.144.289.287
577552,1,3,11,95,2,,,,,,,,2,,,,,,,,,,,,,,,11,194.859.144.289.287
577552,1,4,11,95,2,,,,,,,,2,,,,,,,,,,,,,,,11,194.859.144.289.287
577553,1,1,11,95,1,,1,2,,,1700000,2,2,,,,,,,,,,,,,,,11,200.773.459.186.508
577553,1,2,11,95,2,,,,,,,,2,,,,,,,,,,,,,,,11,200.773.459.186.508
577553,1,3,11,95,2,,,,,,,,2,,,,,,,,,,,,,,,11,200.773.459.186.508
577553,1,4,11,95,2,,,,,,,,2,,,,,,,,,,,,,,,11,200.773.459.186.508
577553,1,5,11,95,2,,,,,,,,2,,,,,,,,,,,,,,,11,200.773.459.186.508
577554,1,1,11,95,1,,2,1,,2400000,,2,2,,,,,,,,,,,,,,,11,199.683.460.550.661
577554,1,2,11,95,1,,2,1,,880000,,2,2,,,,,,,,,,,,,,,11,199.683.460.550.661
577555,1,1,11,95,2,,,,,,,,2,,,,,,,,,,,,,,,11,349.740.636.100.048
577555,1,2,11,95,2,,,,,,,,2,,,,,,,,,,,,,,,11,349.740.636.100.048
577556,1,1,11,95,1,,2,2,300000,,,1,2,,,,,,,,,,,,,,,11,316.519.450.985.846
577557,1,1,11,95,2,,,,,,,,2,,,,,,,,,,,,,,,11,359.318.345.774.148
577557,1,2,11,95,2,,,,,,,,1,2,,2,,,,,,420000,2,1,2,,2,11,359.318.345.774.148
577557,1,3,11,95,2,,,,,,,,2,,,,,,,,,,,,,,,11,359.318.345.774.148
577558,1,1,11,95,2,,,,,,,,2,,,,,,,,,,,,,,,11,235.269.567.973.173
577559,1,1,11,95,2,,,,,,,,2,,,,,,,,,,,,,,,11,202.040.185.777.187
577559,1,2,11,95,2,,,,,,,,2,,,,,,,,,,,,,,,11,202.040.185.777.187
577559,1,3,11,95,2,,,,,,,,1,2,,1,,,2500000,,,,2,2,2,,2,11,202.040.185.777.187
577560,1,1,11,95,2,,,,,,,,2,,,,,,,,,,,,,,,11,259.182.854.830.777
577560,1,2,11,95,2,,,,,,,,2,,,,,,,,,,,,,,,11,259.182.854.830.777
577560,1,3,11,95,2,,,,,,,,2,,,,,,,,,,,,,,,11,259.182.854.830.777
577561,1,1,11,95,1,,1,2,,,100000,2,2,,,,,,,,,,,,,,,11,39.218.198.625.338
577561,1,2,11,95,2,,,,,,,,2,,,,,,,,,,,,,,,11,39.218.198.625.338
577561,1,3,11,95,2,,,,,,,,2,,,,,,,,,,,,,,,11,39.218.198.625.338
577561,1,4,11,95,2,,,,,,,,2,,,,,,,,,,,,,,,11,39.218.198.625.338
577562,1,1,11,95,2,,,,,,,,2,,,,,,,,,,,,,,,11,606.114.955.889.101
577562,1,2,11,95,1,,1,2,,,200000,2,2,,,,,,,,,,,,,,,11,606.114.955.889.101
577562,1,3,11,95,2,,,,,,,,2,,,,,,,,,,,,,,,11,606.114.955.889.101
577562,1,4,11,95,2,,,,,,,,2,,,,,,,,,,,,,,,11,606.114.955.889.101
577563,1,1,11,95,1,,1,1,,500000,450000,2,2,,,,,,,,,,,,,,,11,380.353.356.458.938
577563,1,2,11,95,2,,,,,,,,2,,,,,,,,,,,,,,,11,380.353.356.458.938
577563,1,3,11,95,2,,,,,,,,2,,,,,,,,,,,,,,,11,380.353.356.458.938
577564,1,1,11,95,2,,,,,,,,2,,,,,,,,,,,,,,,11,212.778.816.935.782
577564,1,2,11,95,2,,,,,,,,2,,,,,,,,,,,,,,,11,212.778.816.935.782
577565,1,1,11,95,2,,,,,,,,2,,,,,,,,,,,,,,,11,482.561.168.740.086
577565,1,2,11,95,2,,,,,,,,2,,,,,,,,,,,,,,,11,482.561.168.740.086
577565,1,3,11,95,2,,,,,,,,2,,,,,,,,,,,,,,,11,482.561.168.740.086
577567,1,1,11,95,2,,,,,,,,2,,,,,,,,,,,,,,,11,199.683.460.550.661
577567,1,2,11,95,1,,2,1,,4404000,,2,2,,,,,,,,,,,,,,,11,199.683.460.550.661
577568,1,1,11,95,2,,,,,,,,2,,,,,,,,,,,,,,,11,210.422.091.709.256
577570,1,1,11,95,1,,1,1,,4000000,2500000,2,2,,,,,,,,,,,,,,,11,199.683.460.550.661
577570,1,2,11,95,2,,,,,,,,2,,,,,,,,,,,,,,,11,199.683.460.550.661
577572,1,1,11,95,2,,,,,,,,2,,,,,,,,,,,,,,,11,561.513.637.295.231
577572,1,2,11,95,2,,,,,,,,2,,,,,,,,,,,,,,,11,561.513.637.295.231
577574,1,1,11,95,2,,,,,,,,2,,,,,,,,,,,,,,,11,505.623.109.466.791
577574,1,2,11,95,2,,,,,,,,2,,,,,,,,,,,,,,,11,505.623.109.466.791
577574,1,3,11,95,2,,,,,,,,2,,,,,,,,,,,,,,,11,505.623.109.466.791
577575,1,1,11,95,2,,,,,,,,2,,,,,,,,,,,,,,,11,332.880.568.472.713
577575,1,2,11,95,2,,,,,,,,2,,,,,,,,,,,,,,,11,332.880.568.472.713
577575,1,3,11,95,2,,,,,,,,2,,,,,,,,,,,,,,,11,332.880.568.472.713
577576,1,1,11,95,1,,2,1,,900000,,2,2,,,,,,,,,,,,,,,11,186.260.667.356.552
577576,1,2,11,95,2,,,,,,,,2,,,,,,,,,,,,,,,11,186.260.667.356.552
577577,1,1,11,95,2,,,,,,,,2,,,,,,,,,,,,,,,11,182.129.732.659.363
577577,1,2,11,95,2,,,,,,,,2,,,,,,,,,,,,,,,11,182.129.732.659.363
577577,1,4,11,95,2,,,,,,,,2,,,,,,,,,,,,,,,11,182.129.732.659.363
577577,1,5,11,95,2,,,,,,,,2,,,,,,,,,,,,,,,11,182.129.732.659.363
577578,1,1,11,95,2,,,,,,,,2,,,,,,,,,,,,,,,11,254.060.879.138.313
577578,1,2,11,95,2,,,,,,,,2,,,,,,,,,,,,,,,11,254.060.879.138.313
577578,1,3,11,95,2,,,,,,,,2,,,,,,,,,,,,,,,11,254.060.879.138.313
577579,1,1,11,95,2,,,,,,,,2,,,,,,,,,,,,,,,11,320.410.224.103.476
577580,1,1,11,95,2,,,,,,,,2,,,,,,,,,,,,,,,11,323.473.469.083.162
577580,1,2,11,95,2,,,,,,,,2,,,,,,,,,,,,,,,11,323.473.469.083.162
577580,1,3,11,95,2,,,,,,,,2,,,,,,,,,,,,,,,11,323.473.469.083.162
577580,1,4,11,95,2,,,,,,,,2,,,,,,,,,,,,,,,11,323.473.469.083.162
577580,1,5,11,95,2,,,,,,,,2,,,,,,,,,,,,,,,11,323.473.469.083.162
577581,1,1,11,95,2,,,,,,,,2,,,,,,,,,,,,,,,11,261.539.580.057.303
577581,1,2,11,95,2,,,,,,,,2,,,,,,,,,,,,,,,11,261.539.580.057.303
577581,1,4,11,95,2,,,,,,,,2,,,,,,,,,,,,,,,11,261.539.580.057.303
577581,1,5,11,95,2,,,,,,,,2,,,,,,,,,,,,,,,11,261.539.580.057.303
577582,1,1,11,95,2,,,,,,,,2,,,,,,,,,,,,,,,11,360.420.085.541.071
577582,1,2,11,95,2,,,,,,,,2,,,,,,,,,,,,,,,11,360.420.085.541.071
577583,1,1,11,95,2,,,,,,,,2,,,,,,,,,,,,,,,11,401.830.618.776.128
577583,1,2,11,95,2,,,,,,,,2,,,,,,,,,,,,,,,11,401.830.618.776.128
577584,1,1,11,95,2,,,,,,,,2,,,,,,,,,,,,,,,11,269.127.034.888.744
577584,1,2,11,95,2,,,,,,,,2,,,,,,,,,,,,,,,11,269.127.034.888.744
577584,1,3,11,95,2,,,,,,,,2,,,,,,,,,,,,,,,11,269.127.034.888.744
577584,1,4,11,95,2,,,,,,,,2,,,,,,,,,,,,,,,11,269.127.034.888.744
577584,1,5,11,95,2,,,,,,,,2,,,,,,,,,,,,,,,11,269.127.034.888.744
577585,1,1,11,95,1,,1,2,,,1500000,2,2,,,,,,,,,,,,,,,11,209.203.825.079.326
577585,1,2,11,95,2,,,,,,,,2,,,,,,,,,,,,,,,11,209.203.825.079.326
577585,1,3,11,95,2,,,,,,,,2,,,,,,,,,,,,,,,11,209.203.825.079.326
577585,1,4,11,95,2,,,,,,,,2,,,,,,,,,,,,,,,11,209.203.825.079.326
577587,1,1,11,95,2,,,,,,,,2,,,,,,,,,,,,,,,11,679.236.337.082.485
577587,1,2,11,95,2,,,,,,,,2,,,,,,,,,,,,,,,11,679.236.337.082.485
577588,1,1,11,95,2,,,,,,,,2,,,,,,,,,,,,,,,11,489.057.546.957.146
577588,1,2,11,95,2,,,,,,,,2,,,,,,,,,,,,,,,11,489.057.546.957.146
577588,1,3,11,95,2,,,,,,,,2,,,,,,,,,,,,,,,11,489.057.546.957.146
577588,1,4,11,95,2,,,,,,,,2,,,,,,,,,,,,,,,11,489.057.546.957.146
577588,1,5,11,95,2,,,,,,,,2,,,,,,,,,,,,,,,11,489.057.546.957.146
577589,1,1,11,95,2,,,,,,,,2,,,,,,,,,,,,,,,11,438.300.234.066.326
577589,1,2,11,95,2,,,,,,,,2,,,,,,,,,,,,,,,11,438.300.234.066.326
577590,1,1,11,95,2,,,,,,,,2,,,,,,,,,,,,,,,11,261.902.224.055.616
577590,1,2,11,95,2,,,,,,,,2,,,,,,,,,,,,,,,11,261.902.224.055.616
577590,1,3,11,95,2,,,,,,,,2,,,,,,,,,,,,,,,11,261.902.224.055.616
577590,1,4,11,95,2,,,,,,,,2,,,,,,,,,,,,,,,11,261.902.224.055.616
577591,1,1,11,95,2,,,,,,,,2,,,,,,,,,,,,,,,11,257.865.078.233.696
577591,1,2,11,95,2,,,,,,,,2,,,,,,,,,,,,,,,11,257.865.078.233.696
577591,1,3,11,95,2,,,,,,,,2,,,,,,,,,,,,,,,11,257.865.078.233.696
577592,1,1,11,95,2,,,,,,,,1,2,,2,,,,,,3600000,2,1,2,,2,11,316.519.450.985.846
577594,1,1,11,95,2,,,,,,,,2,,,,,,,,,,,,,,,11,339.618.168.541.243
577594,1,2,11,95,2,,,,,,,,2,,,,,,,,,,,,,,,11,339.618.168.541.243
577595,1,1,11,95,2,,,,,,,,2,,,,,,,,,,,,,,,11,137.173.553.923.129
577595,1,2,11,95,2,,,,,,,,2,,,,,,,,,,,,,,,11,137.173.553.923.129
577595,1,3,11,95,2,,,,,,,,2,,,,,,,,,,,,,,,11,137.173.553.923.129
577595,1,4,11,95,2,,,,,,,,2,,,,,,,,,,,,,,,11,137.173.553.923.129
577595,1,5,11,95,1,,1,2,,,550000,2,2,,,,,,,,,,,,,,,11,137.173.553.923.129
577596,1,1,11,95,1,,2,1,,3800000,,2,2,,,,,,,,,,,,,,,11,229.213.402.874.396
577596,1,2,11,95,1,,2,1,,2500000,,2,2,,,,,,,,,,,,,,,11,229.213.402.874.396
577596,1,3,11,95,2,,,,,,,,2,,,,,,,,,,,,,,,11,229.213.402.874.396
577597,1,1,11,95,1,,1,1,,1500000,600000,2,2,,,,,,,,,,,,,,,11,145.319.624.170.481
577597,1,2,11,95,1,,1,2,,,500000,2,2,,,,,,,,,,,,,,,11,145.319.624.170.481
577597,1,3,11,95,1,,1,2,,,300000,2,1,2,,1,,,99,,,,2,2,2,,2,11,145.319.624.170.481
577597,1,4,11,95,2,,,,,,,,1,2,,2,,,,,,99,2,1,2,,2,11,145.319.624.170.481
577598,1,1,11,95,2,,,,,,,,2,,,,,,,,,,,,,,,11,314.387.203.557.563
577598,1,2,11,95,1,,2,1,,433700,,2,2,,,,,,,,,,,,,,,11,314.387.203.557.563
577598,1,3,11,95,2,,,,,,,,2,,,,,,,,,,,,,,,11,314.387.203.557.563
577599,1,1,11,95,1,,2,1,,1600000,,2,2,,,,,,,,,,,,,,,11,242.697.380.148.991
577599,1,2,11,95,1,,1,2,,,200000,2,1,2,,2,1200000,,,,,,2,2,1,,2,11,242.697.380.148.991
577600,1,1,11,95,1,,1,1,,433700,300000,2,2,,,,,,,,,,,,,,,11,212.163.676.835.077
577600,1,2,11,95,2,,,,,,,,2,,,,,,,,,,,,,,,11,212.163.676.835.077
577601,1,1,11,95,2,,,,,,,,2,,,,,,,,,,,,,,,11,2.309.402.786.552
577601,1,2,11,95,2,,,,,,,,2,,,,,,,,,,,,,,,11,2.309.402.786.552
577601,1,3,11,95,2,,,,,,,,2,,,,,,,,,,,,,,,11,2.309.402.786.552
577601,1,4,11,95,2,,,,,,,,1,2,,1,,,360000,,,,2,2,2,,2,11,2.309.402.786.552
577601,1,5,11,95,2,,,,,,,,2,,,,,,,,,,,,,,,11,2.309.402.786.552
577602,1,1,11,95,2,,,,,,,,2,,,,,,,,,,,,,,,11,259.182.854.830.777
577602,1,2,11,95,1,,1,2,,,300000,2,2,,,,,,,,,,,,,,,11,259.182.854.830.777
577602,1,3,11,95,2,,,,,,,,2,,,,,,,,,,,,,,,11,259.182.854.830.777
577603,1,1,11,95,2,,,,,,,,2,,,,,,,,,,,,,,,11,24.950.338.295.489
577603,1,2,11,95,2,,,,,,,,2,,,,,,,,,,,,,,,11,24.950.338.295.489
577603,1,3,11,95,2,,,,,,,,2,,,,,,,,,,,,,,,11,24.950.338.295.489
577603,1,4,11,95,2,,,,,,,,2,,,,,,,,,,,,,,,11,24.950.338.295.489
577603,1,5,11,95,2,,,,,,,,2,,,,,,,,,,,,,,,11,24.950.338.295.489
577604,1,1,11,95,2,,,,,,,,2,,,,,,,,,,,,,,,11,264.799.510.296.908
577604,1,2,11,95,2,,,,,,,,2,,,,,,,,,,,,,,,11,264.799.510.296.908
577605,1,1,11,95,1,,2,1,,4500000,,2,2,,,,,,,,,,,,,,,11,228.210.239.724.928
577605,1,2,11,95,2,,,,,,,,2,,,,,,,,,,,,,,,11,228.210.239.724.928
577606,1,1,11,95,1,,1,2,,,3500000,2,2,,,,,,,,,,,,,,,11,228.210.239.724.928
577606,1,2,11,95,2,,,,,,,,2,,,,,,,,,,,,,,,11,228.210.239.724.928
577607,1,1,11,95,2,,,,,,,,2,,,,,,,,,,,,,,,11,332.814.621.314.341
577607,1,2,11,95,2,,,,,,,,2,,,,,,,,,,,,,,,11,332.814.621.314.341
577607,1,3,11,95,2,,,,,,,,2,,,,,,,,,,,,,,,11,332.814.621.314.341
577608,1,1,11,95,2,,,,,,,,1,2,,2,,,,600000,,,1,2,2,,2,11,339.618.168.541.243
577608,1,2,11,95,2,,,,,,,,2,,,,,,,,,,,,,,,11,339.618.168.541.243
577609,1,1,11,95,2,,,,,,,,2,,,,,,,,,,,,,,,11,310.880.565.422.265
577609,1,2,11,95,2,,,,,,,,2,,,,,,,,,,,,,,,11,310.880.565.422.265
577610,1,1,11,95,2,,,,,,,,2,,,,,,,,,,,,,,,11,254.358.538.569.403
577610,1,2,11,95,2,,,,,,,,2,,,,,,,,,,,,,,,11,254.358.538.569.403
577610,1,3,11,95,2,,,,,,,,2,,,,,,,,,,,,,,,11,254.358.538.569.403
577610,1,4,11,95,2,,,,,,,,2,,,,,,,,,,,,,,,11,254.358.538.569.403
577610,1,6,11,95,2,,,,,,,,1,2,,1,,,850000,,,,2,2,2,,2,11,254.358.538.569.403
577611,1,1,11,95,1,,2,1,,3800000,,2,2,,,,,,,,,,,,,,,11,17.967.388.275.559
577611,1,2,11,95,2,,,,,,,,2,,,,,,,,,,,,,,,11,17.967.388.275.559
577611,1,3,11,95,2,,,,,,,,2,,,,,,,,,,,,,,,11,17.967.388.275.559
577612,1,1,11,95,2,,,,,,,,1,2,,2,4800000,,,,,,2,2,1,,2,11,209.203.825.079.326
577612,1,2,11,95,2,,,,,,,,2,,,,,,,,,,,,,,,11,209.203.825.079.326
577612,1,3,11,95,1,,1,2,,,700000,2,2,,,,,,,,,,,,,,,11,209.203.825.079.326
577612,1,4,11,95,1,,1,2,,,290000,2,2,,,,,,,,,,,,,,,11,209.203.825.079.326
577613,1,1,11,95,2,,,,,,,,2,,,,,,,,,,,,,,,11,310.880.565.422.265
577613,1,2,11,95,2,,,,,,,,2,,,,,,,,,,,,,,,11,310.880.565.422.265
577614,1,1,11,95,2,,,,,,,,2,,,,,,,,,,,,,,,11,276.526.306.837.156
577614,1,2,11,95,2,,,,,,,,2,,,,,,,,,,,,,,,11,276.526.306.837.156
577614,1,3,11,95,1,,2,2,50000,,,1,2,,,,,,,,,,,,,,,11,276.526.306.837.156
577615,1,1,11,95,1,,2,1,,1900000,,2,2,,,,,,,,,,,,,,,11,190.176.678.229.469
577615,1,2,11,95,2,,,,,,,,2,,,,,,,,,,,,,,,11,190.176.678.229.469
577615,1,3,11,95,2,,,,,,,,2,,,,,,,,,,,,,,,11,190.176.678.229.469
577616,1,1,11,95,2,,,,,,,,2,,,,,,,,,,,,,,,11,207.817.789.666.938
577616,1,2,11,95,2,,,,,,,,2,,,,,,,,,,,,,,,11,207.817.789.666.938
577616,1,3,11,95,2,,,,,,,,2,,,,,,,,,,,,,,,11,207.817.789.666.938
577616,1,4,11,95,2,,,,,,,,2,,,,,,,,,,,,,,,11,207.817.789.666.938
577616,1,5,11,95,2,,,,,,,,2,,,,,,,,,,,,,,,11,207.817.789.666.938
577617,1,1,11,95,2,,,,,,,,2,,,,,,,,,,,,,,,11,313.237.290.648.791
577617,1,2,11,95,2,,,,,,,,1,2,,1,,,1900000,,,,2,2,2,98,1,11,313.237.290.648.791
577617,1,3,11,95,2,,,,,,,,1,2,,2,,,,,,960000,2,1,2,,2,11,313.237.290.648.791
577618,1,1,11,95,2,,,,,,,,2,,,,,,,,,,,,,,,11,264.799.510.296.908
577618,1,2,11,95,2,,,,,,,,2,,,,,,,,,,,,,,,11,264.799.510.296.908
577619,1,1,11,95,1,,2,1,,950000,,2,2,,,,,,,,,,,,,,,11,199.683.460.550.661
577619,1,2,11,95,1,,2,1,,720000,,2,2,,,,,,,,,,,,,,,11,199.683.460.550.661
577620,1,1,11,95,1,,1,2,,,2500000,2,2,,,,,,,,,,,,,,,11,236.432.687.361.422
577620,1,2,11,95,2,,,,,,,,1,2,,2,,,,300000,,,1,2,2,98,1,11,236.432.687.361.422
577620,1,3,11,95,2,,,,,,,,2,,,,,,,,,,,,,,,11,236.432.687.361.422
577620,1,4,11,95,2,,,,,,,,2,,,,,,,,,,,,,,,11,236.432.687.361.422
577621,1,1,11,95,2,,,,,,,,2,,,,,,,,,,,,,,,11,293.162.708.953.038
577621,1,2,11,95,2,,,,,,,,2,,,,,,,,,,,,,,,11,293.162.708.953.038
577621,1,3,11,95,2,,,,,,,,1,2,,2,,,,,,960000,2,1,2,,2,11,293.162.708.953.038
577621,1,5,11,95,1,,2,2,100000,,,1,1,2,,1,,,140000,,,,2,2,2,,2,11,293.162.708.953.038
577622,1,1,11,95,2,,,,,,,,1,2,,2,,,,2000000,,,1,2,2,,2,11,312.725.043.409.433
577622,1,2,11,95,2,,,,,,,,2,,,,,,,,,,,,,,,11,312.725.043.409.433
577622,1,3,11,95,2,,,,,,,,2,,,,,,,,,,,,,,,11,312.725.043.409.433
577623,1,1,11,95,2,,,,,,,,2,,,,,,,,,,,,,,,11,298.250.563.868.938
577623,1,2,11,95,2,,,,,,,,2,,,,,,,,,,,,,,,11,298.250.563.868.938
577623,1,3,11,95,2,,,,,,,,2,,,,,,,,,,,,,,,11,298.250.563.868.938
577623,1,4,11,95,2,,,,,,,,2,,,,,,,,,,,,,,,11,298.250.563.868.938
577624,1,1,11,95,2,,,,,,,,2,,,,,,,,,,,,,,,11,254.949.036.160.053
577624,1,2,11,95,1,,2,1,,433700,,2,2,,,,,,,,,,,,,,,11,254.949.036.160.053
577625,1,1,11,95,2,,,,,,,,2,,,,,,,,,,,,,,,11,311.883.183.004.378
577625,1,2,11,95,2,,,,,,,,2,,,,,,,,,,,,,,,11,311.883.183.004.378
577626,1,1,11,95,2,,,,,,,,2,,,,,,,,,,,,,,,11,321.998.570.316.085
577626,1,2,11,95,2,,,,,,,,2,,,,,,,,,,,,,,,11,321.998.570.316.085
577626,1,4,11,95,2,,,,,,,,2,,,,,,,,,,,,,,,11,321.998.570.316.085
577626,1,5,11,95,2,,,,,,,,1,2,,2,,,,,,,2,2,2,1500000,1,11,321.998.570.316.085
577627,1,1,11,95,2,,,,,,,,2,,,,,,,,,,,,,,,11,330.310.600.761.157
577627,1,2,11,95,2,,,,,,,,1,2,,2,,,,,,,2,2,2,1100000,1,11,330.310.600.761.157
577628,1,1,11,95,2,,,,,,,,2,,,,,,,,,,,,,,,11,367.496.015.507.196
577628,1,2,11,95,2,,,,,,,,2,,,,,,,,,,,,,,,11,367.496.015.507.196
577628,2,1,11,95,2,,,,,,,,2,,,,,,,,,,,,,,,11,367.496.015.507.196
577628,2,2,11,95,2,,,,,,,,2,,,,,,,,,,,,,,,11,367.496.015.507.196
577628,2,3,11,95,2,,,,,,,,2,,,,,,,,,,,,,,,11,367.496.015.507.196
577628,2,6,11,95,2,,,,,,,,2,,,,,,,,,,,,,,,11,367.496.015.507.196
577629,1,1,11,95,2,,,,,,,,2,,,,,,,,,,,,,,,11,254.060.879.138.313
577629,1,2,11,95,2,,,,,,,,2,,,,,,,,,,,,,,,11,254.060.879.138.313
577629,1,3,11,95,2,,,,,,,,2,,,,,,,,,,,,,,,11,254.060.879.138.313
577630,1,1,11,95,1,,2,1,,1000000,,2,2,,,,,,,,,,,,,,,11,199.683.460.550.661
577630,1,2,11,95,2,,,,,,,,2,,,,,,,,,,,,,,,11,199.683.460.550.661
577631,1,1,11,95,1,,2,1,,2200000,,2,2,,,,,,,,,,,,,,,11,192.769.239.140.712
577631,1,2,11,95,1,,1,2,,,700000,2,2,,,,,,,,,,,,,,,11,192.769.239.140.712
577631,1,3,11,95,2,,,,,,,,2,,,,,,,,,,,,,,,11,192.769.239.140.712
577632,1,1,11,95,2,,,,,,,,1,2,,2,,,,,,8400000,2,1,2,,2,11,30.014.193.426.367
577632,1,2,11,95,2,,,,,,,,2,,,,,,,,,,,,,,,11,30.014.193.426.367
577632,1,3,11,95,2,,,,,,,,2,,,,,,,,,,,,,,,11,30.014.193.426.367
577633,1,1,11,95,1,,1,2,,,2000000,2,1,2,,2,,,,84000000,,,1,2,2,,2,11,220.308.252.644.354
577633,1,2,11,95,2,,,,,,,,1,2,,2,,,,,,600000,2,1,2,,2,11,220.308.252.644.354
577633,1,3,11,95,2,,,,,,,,2,,,,,,,,,,,,,,,11,220.308.252.644.354
577634,1,1,11,95,2,,,,,,,,2,,,,,,,,,,,,,,,11,180.905.731.592.993
577634,1,2,11,95,2,,,,,,,,2,,,,,,,,,,,,,,,11,180.905.731.592.993
577634,1,3,11,95,2,,,,,,,,2,,,,,,,,,,,,,,,11,180.905.731.592.993
577635,1,1,11,95,1,,2,1,,700000,,2,2,,,,,,,,,,,,,,,11,199.683.460.550.661
577635,1,2,11,95,2,,,,,,,,2,,,,,,,,,,,,,,,11,199.683.460.550.661
577636,1,1,11,95,2,,,,,,,,2,,,,,,,,,,,,,,,11,275.623.101.824.077
577636,1,2,11,95,2,,,,,,,,2,,,,,,,,,,,,,,,11,275.623.101.824.077
577636,1,3,11,95,2,,,,,,,,1,2,,2,,,,,,2400000,2,1,2,800000,1,11,275.623.101.824.077
577636,1,5,11,95,2,,,,,,,,2,,,,,,,,,,,,,,,11,275.623.101.824.077
577636,1,6,11,95,2,,,,,,,,2,,,,,,,,,,,,,,,11,275.623.101.824.077
577636,1,7,11,95,2,,,,,,,,2,,,,,,,,,,,,,,,11,275.623.101.824.077
577637,1,1,11,95,2,,,,,,,,2,,,,,,,,,,,,,,,11,308.412.974.387.418
577637,1,2,11,95,2,,,,,,,,2,,,,,,,,,,,,,,,11,308.412.974.387.418
577637,1,3,11,95,2,,,,,,,,2,,,,,,,,,,,,,,,11,308.412.974.387.418
577637,1,5,11,95,2,,,,,,,,2,,,,,,,,,,,,,,,11,308.412.974.387.418
577637,1,6,11,95,2,,,,,,,,2,,,,,,,,,,,,,,,11,308.412.974.387.418
577638,1,1,11,95,2,,,,,,,,2,,,,,,,,,,,,,,,11,274.070.456.933.384
577638,1,2,11,95,2,,,,,,,,2,,,,,,,,,,,,,,,11,274.070.456.933.384
577641,1,1,11,95,1,,1,2,,,260000,2,1,2,,2,,,,,,720000,2,1,2,,2,11,242.368.642.051.691
577641,1,2,11,95,1,,2,1,,800000,,2,2,,,,,,,,,,,,,,,11,242.368.642.051.691
577641,1,3,11,95,2,,,,,,,,2,,,,,,,,,,,,,,,11,242.368.642.051.691
577641,1,4,11,95,2,,,,,,,,2,,,,,,,,,,,,,,,11,242.368.642.051.691
577642,1,1,11,95,2,,,,,,,,2,,,,,,,,,,,,,,,11,308.419.507.124.798
577642,1,2,11,95,2,,,,,,,,2,,,,,,,,,,,,,,,11,308.419.507.124.798
577642,1,3,11,95,2,,,,,,,,1,2,,2,,,,,,6000000,2,1,2,,2,11,308.419.507.124.798
577642,1,5,11,95,2,,,,,,,,2,,,,,,,,,,,,,,,11,308.419.507.124.798
577643,1,1,11,95,2,,,,,,,,1,2,,2,,,,,,1800000,2,1,2,,2,11,243.539.240.554.046
577643,1,2,11,95,2,,,,,,,,2,,,,,,,,,,,,,,,11,243.539.240.554.046
577643,1,3,11,95,2,,,,,,,,2,,,,,,,,,,,,,,,11,243.539.240.554.046
577644,1,1,11,95,2,,,,,,,,1,2,,2,,,,,,2400000,2,1,2,,2,11,209.825.357.693.374
577644,1,2,11,95,2,,,,,,,,2,,,,,,,,,,,,,,,11,209.825.357.693.374
577644,1,3,11,95,2,,,,,,,,2,,,,,,,,,,,,,,,11,209.825.357.693.374
577644,1,4,11,95,2,,,,,,,,2,,,,,,,,,,,,,,,11,209.825.357.693.374
577644,1,5,11,95,1,,1,1,,433700,150000,2,2,,,,,,,,,,,,,,,11,209.825.357.693.374
577645,1,1,11,95,2,,,,,,,,2,,,,,,,,,,,,,,,11,284.809.088.091.978
577646,1,1,11,95,1,,2,1,,1300000,,2,2,,,,,,,,,,,,,,,11,267.156.235.523.434
577646,1,2,11,95,2,,,,,,,,2,,,,,,,,,,,,,,,11,267.156.235.523.434
577646,1,3,11,95,2,,,,,,,,2,,,,,,,,,,,,,,,11,267.156.235.523.434
577647,1,1,11,95,2,,,,,,,,2,,,,,,,,,,,,,,,11,407.957.157.659.055
577647,1,2,11,95,2,,,,,,,,2,,,,,,,,,,,,,,,11,407.957.157.659.055
577648,1,1,11,95,2,,,,,,,,1,2,,2,36000000,,,,,,2,2,1,,2,11,26.888.017.845.382
577650,1,1,11,95,2,,,,,,,,2,,,,,,,,,,,,,,,11,139.707.042.855.617
577650,1,2,11,95,2,,,,,,,,1,2,,2,,,,,,3600000,2,1,2,,2,11,139.707.042.855.617
577650,1,3,11,95,2,,,,,,,,2,,,,,,,,,,,,,,,11,139.707.042.855.617
577650,1,4,11,95,2,,,,,,,,2,,,,,,,,,,,,,,,11,139.707.042.855.617
577651,1,1,11,95,1,,1,2,,,400000,2,2,,,,,,,,,,,,,,,11,307.492.467.600.949
577651,1,2,11,95,2,,,,,,,,2,,,,,,,,,,,,,,,11,307.492.467.600.949
577651,1,3,11,95,2,,,,,,,,2,,,,,,,,,,,,,,,11,307.492.467.600.949
577651,1,4,11,95,2,,,,,,,,2,,,,,,,,,,,,,,,11,307.492.467.600.949
577651,1,5,11,95,2,,,,,,,,2,,,,,,,,,,,,,,,11,307.492.467.600.949
577652,1,1,11,95,1,,1,2,,,300000,2,2,,,,,,,,,,,,,,,11,239.952.034.032.991
577652,1,2,11,95,2,,,,,,,,2,,,,,,,,,,,,,,,11,239.952.034.032.991
577653,1,1,11,95,2,,,,,,,,2,,,,,,,,,,,,,,,11,295.893.838.642.412
577653,1,2,11,95,2,,,,,,,,2,,,,,,,,,,,,,,,11,295.893.838.642.412
577653,1,3,11,95,2,,,,,,,,2,,,,,,,,,,,,,,,11,295.893.838.642.412
577654,1,1,11,95,2,,,,,,,,2,,,,,,,,,,,,,,,11,331.120.634.198.224
577654,1,2,11,95,2,,,,,,,,2,,,,,,,,,,,,,,,11,331.120.634.198.224
577654,1,3,11,95,2,,,,,,,,2,,,,,,,,,,,,,,,11,331.120.634.198.224
577655,1,1,11,95,1,,1,1,,433000,500000,2,2,,,,,,,,,,,,,,,11,202.133.118.100.039
577655,1,2,11,95,2,,,,,,,,2,,,,,,,,,,,,,,,11,202.133.118.100.039
577655,1,3,11,95,2,,,,,,,,2,,,,,,,,,,,,,,,11,202.133.118.100.039
577656,1,1,11,95,2,,,,,,,,2,,,,,,,,,,,,,,,11,382.070.439.608.898
577656,1,2,11,95,2,,,,,,,,2,,,,,,,,,,,,,,,11,382.070.439.608.898
577657,1,1,11,95,2,,,,,,,,2,,,,,,,,,,,,,,,11,362.559.056.101.721
577657,1,2,11,95,2,,,,,,,,2,,,,,,,,,,,,,,,11,362.559.056.101.721
577658,1,1,11,95,2,,,,,,,,2,,,,,,,,,,,,,,,11,343.760.771.886.242
577658,1,2,11,95,2,,,,,,,,2,,,,,,,,,,,,,,,11,343.760.771.886.242
577659,1,1,11,95,2,,,,,,,,2,,,,,,,,,,,,,,,11,281.608.529.188.864
577660,1,1,11,95,2,,,,,,,,2,,,,,,,,,,,,,,,11,25.594.963.614.197
577660,1,2,11,95,1,,1,1,,433000,98,2,2,,,,,,,,,,,,,,,11,25.594.963.614.197
577661,1,1,11,95,2,,,,,,,,1,2,,2,,,,,,140000,2,1,2,,2,11,192.966.716.718.298
577661,1,2,11,95,2,,,,,,,,2,,,,,,,,,,,,,,,11,192.966.716.718.298
577661,1,3,11,95,2,,,,,,,,1,2,,2,,,,,,4800000,2,1,2,,2,11,192.966.716.718.298
577662,1,1,11,95,2,,,,,,,,2,,,,,,,,,,,,,,,11,212.996.356.865.573
577662,1,2,11,95,2,,,,,,,,1,2,,2,,,,,,98,2,1,2,,2,11,212.996.356.865.573
577663,1,1,11,95,2,,,,,,,,2,,,,,,,,,,,,,,,11,244.845.614.952.124
577663,1,2,11,95,2,,,,,,,,2,,,,,,,,,,,,,,,11,244.845.614.952.124
577663,1,3,11,95,2,,,,,,,,2,,,,,,,,,,,,,,,11,244.845.614.952.124
577663,1,4,11,95,2,,,,,,,,2,,,,,,,,,,,,,,,11,244.845.614.952.124
577663,1,5,11,95,2,,,,,,,,2,,,,,,,,,,,,,,,11,244.845.614.952.124
577663,1,6,11,95,2,,,,,,,,2,,,,,,,,,,,,,,,11,244.845.614.952.124
577664,1,1,11,95,1,,2,1,,650000,,2,2,,,,,,,,,,,,,,,11,145.555.459.855.198
577664,1,2,11,95,2,,,,,,,,2,,,,,,,,,,,,,,,11,145.555.459.855.198
577664,1,3,11,95,2,,,,,,,,2,,,,,,,,,,,,,,,11,145.555.459.855.198
577665,1,1,11,95,1,,1,2,,,300000,2,2,,,,,,,,,,,,,,,11,185.588.197.652.811
577665,1,2,11,95,2,,,,,,,,2,,,,,,,,,,,,,,,11,185.588.197.652.811
577665,1,3,11,95,2,,,,,,,,2,,,,,,,,,,,,,,,11,185.588.197.652.811
577665,1,4,11,95,2,,,,,,,,2,,,,,,,,,,,,,,,11,185.588.197.652.811
577666,1,1,11,95,1,,2,1,,650000,,2,2,,,,,,,,,,,,,,,11,199.683.460.550.661
577666,1,2,11,95,1,,1,2,,,270000,2,2,,,,,,,,,,,,,,,11,199.683.460.550.661
577667,1,1,11,95,2,,,,,,,,2,,,,,,,,,,,,,,,11,259.182.854.830.777
577667,1,2,11,95,2,,,,,,,,2,,,,,,,,,,,,,,,11,259.182.854.830.777
577667,1,3,11,95,2,,,,,,,,2,,,,,,,,,,,,,,,11,259.182.854.830.777
577669,1,1,11,95,1,,2,1,,1300000,,2,2,,,,,,,,,,,,,,,11,223.151.444.097.364
577669,1,2,11,95,1,,2,1,,900000,,2,1,2,,2,,,,,,2400000,2,1,2,,2,11,223.151.444.097.364
577669,1,3,11,95,2,,,,,,,,2,,,,,,,,,,,,,,,11,223.151.444.097.364
577669,1,4,11,95,2,,,,,,,,2,,,,,,,,,,,,,,,11,223.151.444.097.364
577670,1,1,11,95,2,,,,,,,,2,,,,,,,,,,,,,,,11,340.299.641.937.679
577670,1,2,11,95,2,,,,,,,,2,,,,,,,,,,,,,,,11,340.299.641.937.679
577670,1,3,11,95,2,,,,,,,,2,,,,,,,,,,,,,,,11,340.299.641.937.679
577670,1,4,11,95,2,,,,,,,,2,,,,,,,,,,,,,,,11,340.299.641.937.679
577670,2,1,11,95,2,,,,,,,,2,,,,,,,,,,,,,,,11,340.299.641.937.679
577670,2,2,11,95,2,,,,,,,,2,,,,,,,,,,,,,,,11,340.299.641.937.679
577670,2,3,11,95,2,,,,,,,,1,2,,2,,,,,,3000000,2,1,2,,2,11,340.299.641.937.679
577671,1,1,11,95,1,,1,2,,,400000,2,2,,,,,,,,,,,,,,,11,278.883.032.063.682
577671,1,2,11,95,2,,,,,,,,2,,,,,,,,,,,,,,,11,278.883.032.063.682
577671,1,3,11,95,2,,,,,,,,2,,,,,,,,,,,,,,,11,278.883.032.063.682
577671,1,4,11,95,2,,,,,,,,2,,,,,,,,,,,,,,,11,278.883.032.063.682
577672,1,1,11,95,2,,,,,,,,2,,,,,,,,,,,,,,,11,267.156.235.523.434
577672,1,2,11,95,2,,,,,,,,2,,,,,,,,,,,,,,,11,267.156.235.523.434
577672,1,3,11,95,2,,,,,,,,2,,,,,,,,,,,,,,,11,267.156.235.523.434
577673,1,1,11,95,1,,1,2,,,1000000,2,2,,,,,,,,,,,,,,,11,310.880.565.422.265
577673,1,2,11,95,2,,,,,,,,2,,,,,,,,,,,,,,,11,310.880.565.422.265
577674,1,1,11,95,2,,,,,,,,1,2,,2,,,,,,2100000,2,1,2,,2,11,168.917.776.029.481
577674,1,2,11,95,2,,,,,,,,2,,,,,,,,,,,,,,,11,168.917.776.029.481
577674,1,3,11,95,2,,,,,,,,2,,,,,,,,,,,,,,,11,168.917.776.029.481
577674,1,4,11,95,2,,,,,,,,2,,,,,,,,,,,,,,,11,168.917.776.029.481
577675,1,1,11,95,2,,,,,,,,2,,,,,,,,,,,,,,,11,293.537.113.415.886
577675,1,2,11,95,2,,,,,,,,2,,,,,,,,,,,,,,,11,293.537.113.415.886
577676,1,1,11,95,2,,,,,,,,2,,,,,,,,,,,,,,,11,294.277.464.518.034
577676,1,2,11,95,2,,,,,,,,2,,,,,,,,,,,,,,,11,294.277.464.518.034
577676,1,4,11,95,2,,,,,,,,2,,,,,,,,,,,,,,,11,294.277.464.518.034
577676,1,5,11,95,2,,,,,,,,2,,,,,,,,,,,,,,,11,294.277.464.518.034
577677,1,1,11,95,2,,,,,,,,2,,,,,,,,,,,,,,,11,289.840.354.869.116
577678,1,1,11,95,2,,,,,,,,2,,,,,,,,,,,,,,,11,264.678.263.969.819
577679,1,1,11,95,2,,,,,,,,1,2,,2,,,,,,300000,2,1,2,,2,11,20.810.196.228.887
577679,1,2,11,95,2,,,,,,,,2,,,,,,,,,,,,,,,11,20.810.196.228.887
577679,1,3,11,95,1,,2,1,,1000000,,2,2,,,,,,,,,,,,,,,11,20.810.196.228.887
577680,1,1,11,95,1,,1,2,,,80000,2,1,2,,2,,,,,,1190000,2,1,2,,2,11,255.473.666.854.124
577680,1,4,11,95,2,,,,,,,,2,,,,,,,,,,,,,,,11,255.473.666.854.124
577680,1,5,11,95,2,,,,,,,,2,,,,,,,,,,,,,,,11,255.473.666.854.124
577680,2,1,11,95,2,,,,,,,,2,,,,,,,,,,,,,,,11,255.473.666.854.124
577681,1,1,11,95,1,,1,2,3300000,,200000,1,2,,,,,,,,,,,,,,,11,177.665.676.059.988
577681,1,2,11,95,2,,,,,,,,2,,,,,,,,,,,,,,,11,177.665.676.059.988
577681,1,3,11,95,2,,,,,,,,2,,,,,,,,,,,,,,,11,177.665.676.059.988
577686,1,1,11,95,1,,2,1,,1590000,,2,2,,,,,,,,,,,,,,,11,242.014.262.469.385
577686,1,2,11,95,2,,,,,,,,1,2,,1,,,84000,,,,2,2,2,,2,11,242.014.262.469.385
577686,1,3,11,95,2,,,,,,,,2,,,,,,,,,,,,,,,11,242.014.262.469.385
577687,1,1,11,95,1,,2,1,,433700,,2,2,,,,,,,,,,,,,,,11,260.844.030.718.674
577688,1,1,11,95,2,,,,,,,,2,,,,,,,,,,,,,,,11,278.976.423.859.723
577688,1,2,11,95,2,,,,,,,,2,,,,,,,,,,,,,,,11,278.976.423.859.723
577688,1,3,11,95,2,,,,,,,,2,,,,,,,,,,,,,,,11,278.976.423.859.723
577688,1,4,11,95,2,,,,,,,,2,,,,,,,,,,,,,,,11,278.976.423.859.723
577689,1,1,11,95,2,,,,,,,,2,,,,,,,,,,,,,,,11,191.652.740.518.906
577689,1,2,11,95,2,,,,,,,,2,,,,,,,,,,,,,,,11,191.652.740.518.906
577689,1,3,11,95,2,,,,,,,,2,,,,,,,,,,,,,,,11,191.652.740.518.906
577690,1,1,11,95,2,,,,,,,,2,,,,,,,,,,,,,,,11,313.107.232.767.323
577690,1,2,11,95,2,,,,,,,,2,,,,,,,,,,,,,,,11,313.107.232.767.323
577691,1,1,11,95,1,,1,1,,150000,600000,2,2,,,,,,,,,,,,,,,11,244.495.060.444.032
577691,1,2,11,95,2,,,,,,,,2,,,,,,,,,,,,,,,11,244.495.060.444.032
577691,1,3,11,95,2,,,,,,,,2,,,,,,,,,,,,,,,11,244.495.060.444.032
577692,1,1,11,95,2,,,,,,,,1,2,,2,600000,,,,,,2,2,1,,2,11,192.533.403.455.995
577692,1,2,11,95,2,,,,,,,,1,2,,2,1000000,,,,,,2,2,1,,2,11,192.533.403.455.995
577692,1,3,11,95,2,,,,,,,,2,,,,,,,,,,,,,,,11,192.533.403.455.995
577692,1,4,11,95,2,,,,,,,,2,,,,,,,,,,,,,,,11,192.533.403.455.995
577693,1,1,11,95,2,,,,,,,,2,,,,,,,,,,,,,,,11,166.462.659.211.866
577693,1,2,11,95,2,,,,,,,,2,,,,,,,,,,,,,,,11,166.462.659.211.866
577693,1,3,11,95,2,,,,,,,,2,,,,,,,,,,,,,,,11,166.462.659.211.866
577694,2,1,11,95,2,,,,,,,,2,,,,,,,,,,,,,,,11,267.152.652.990.092
577694,2,2,11,95,2,,,,,,,,2,,,,,,,,,,,,,,,11,267.152.652.990.092
577695,1,1,11,95,2,,,,,,,,1,2,,2,,,,600000,,,1,2,2,,2,11,210.422.091.709.256
577696,1,1,11,95,1,,2,1,,434000,,2,2,,,,,,,,,,,,,,,11,244.495.060.444.032
577696,1,2,11,95,2,,,,,,,,2,,,,,,,,,,,,,,,11,244.495.060.444.032
577696,1,3,11,95,2,,,,,,,,2,,,,,,,,,,,,,,,11,244.495.060.444.032
577697,1,1,11,95,2,,,,,,,,2,,,,,,,,,,,,,,,11,300.320.040.206.391
577697,1,2,11,95,2,,,,,,,,2,,,,,,,,,,,,,,,11,300.320.040.206.391
577697,1,4,11,95,2,,,,,,,,2,,,,,,,,,,,,,,,11,300.320.040.206.391
577698,1,1,11,95,1,,2,1,,434700,,2,2,,,,,,,,,,,,,,,11,227.575.804.128.048
577698,1,2,11,95,2,,,,,,,,2,,,,,,,,,,,,,,,11,227.575.804.128.048
577698,1,3,11,95,2,,,,,,,,2,,,,,,,,,,,,,,,11,227.575.804.128.048
577698,1,4,11,95,2,,,,,,,,2,,,,,,,,,,,,,,,11,227.575.804.128.048
577698,1,5,11,95,2,,,,,,,,2,,,,,,,,,,,,,,,11,227.575.804.128.048
577699,1,1,11,95,1,,2,1,,800000,,2,2,,,,,,,,,,,,,,,11,29.373.757.922.774
577699,1,2,11,95,2,,,,,,,,2,,,,,,,,,,,,,,,11,29.373.757.922.774
577699,1,3,11,95,2,,,,,,,,2,,,,,,,,,,,,,,,11,29.373.757.922.774
577699,1,4,11,95,2,,,,,,,,2,,,,,,,,,,,,,,,11,29.373.757.922.774
577699,1,5,11,95,2,,,,,,,,2,,,,,,,,,,,,,,,11,29.373.757.922.774
577701,1,1,11,95,1,,2,1,,1000000,,2,2,,,,,,,,,,,,,,,11,239.500.414.372.006
577701,1,2,11,95,2,,,,,,,,2,,,,,,,,,,,,,,,11,239.500.414.372.006
577702,1,1,11,95,2,,,,,,,,2,,,,,,,,,,,,,,,11,162.933.931.620.887
577702,1,2,11,95,2,,,,,,,,2,,,,,,,,,,,,,,,11,162.933.931.620.887
577702,1,3,11,95,2,,,,,,,,2,,,,,,,,,,,,,,,11,162.933.931.620.887
577702,2,1,11,95,2,,,,,,,,2,,,,,,,,,,,,,,,11,162.933.931.620.887
577702,2,2,11,95,2,,,,,,,,2,,,,,,,,,,,,,,,11,162.933.931.620.887
577704,1,1,11,95,1,,1,2,,,250000,2,2,,,,,,,,,,,,,,,11,237.626.293.199.699
577704,1,2,11,95,2,,,,,,,,2,,,,,,,,,,,,,,,11,237.626.293.199.699
577705,1,1,11,95,2,,,,,,,,1,2,,2,,,,,,98,2,1,2,,2,11,186.170.152.729.366
577705,1,2,11,95,2,,,,,,,,2,,,,,,,,,,,,,,,11,186.170.152.729.366
577705,1,3,11,95,2,,,,,,,,2,,,,,,,,,,,,,,,11,186.170.152.729.366
577705,1,4,11,95,2,,,,,,,,2,,,,,,,,,,,,,,,11,186.170.152.729.366
577705,1,5,11,95,2,,,,,,,,2,,,,,,,,,,,,,,,11,186.170.152.729.366
577705,1,7,11,95,2,,,,,,,,2,,,,,,,,,,,,,,,11,186.170.152.729.366
577706,1,1,11,95,2,,,,,,,,2,,,,,,,,,,,,,,,11,194.890.128.682.522
577706,1,2,11,95,2,,,,,,,,2,,,,,,,,,,,,,,,11,194.890.128.682.522
577706,1,3,11,95,2,,,,,,,,2,,,,,,,,,,,,,,,11,194.890.128.682.522
577706,1,4,11,95,2,,,,,,,,2,,,,,,,,,,,,,,,11,194.890.128.682.522
577706,1,5,11,95,2,,,,,,,,2,,,,,,,,,,,,,,,11,194.890.128.682.522
577707,1,1,11,95,1,,2,1,,1000000,,2,2,,,,,,,,,,,,,,,11,135.924.229.518.212
577707,1,2,11,95,2,,,,,,,,2,,,,,,,,,,,,,,,11,135.924.229.518.212
577707,1,3,11,95,2,,,,,,,,2,,,,,,,,,,,,,,,11,135.924.229.518.212
577707,1,4,11,95,2,,,,,,,,2,,,,,,,,,,,,,,,11,135.924.229.518.212
577707,1,5,11,95,2,,,,,,,,2,,,,,,,,,,,,,,,11,135.924.229.518.212
577708,1,1,11,95,1,,2,1,,1000000,,2,2,,,,,,,,,,,,,,,11,176.067.833.124.147
577708,1,2,11,95,2,,,,,,,,2,,,,,,,,,,,,,,,11,176.067.833.124.147
577709,1,1,13,95,2,,,,,,,,2,,,,,,,,,,,,,,,13,261.075.643.227.029
577709,1,2,13,95,2,,,,,,,,2,,,,,,,,,,,,,,,13,261.075.643.227.029
577709,1,3,13,95,1,,2,2,150000,,,1,2,,,,,,,,,,,,,,,13,261.075.643.227.029
577710,1,1,13,95,2,,,,,,,,2,,,,,,,,,,,,,,,13,261.212.112.304.946
577710,1,2,13,95,2,,,,,,,,2,,,,,,,,,,,,,,,13,261.212.112.304.946
577711,1,1,13,95,2,,,,,,,,2,,,,,,,,,,,,,,,13,302.807.744.136.181
577711,1,2,13,95,1,,2,1,,900000,,2,2,,,,,,,,,,,,,,,13,302.807.744.136.181
577711,1,3,13,95,2,,,,,,,,1,2,,2,,,,,,2500000,2,1,2,,2,13,302.807.744.136.181
577711,1,4,13,95,2,,,,,,,,2,,,,,,,,,,,,,,,13,302.807.744.136.181
577711,1,5,13,95,2,,,,,,,,2,,,,,,,,,,,,,,,13,302.807.744.136.181
577711,1,6,13,95,2,,,,,,,,2,,,,,,,,,,,,,,,13,302.807.744.136.181
577712,1,1,13,95,2,,,,,,,,2,,,,,,,,,,,,,,,13,257.202.453.563.177
577712,1,2,13,95,2,,,,,,,,2,,,,,,,,,,,,,,,13,257.202.453.563.177
577713,1,1,13,95,2,,,,,,,,2,,,,,,,,,,,,,,,13,282.818.200.106.166
577713,1,2,13,95,2,,,,,,,,1,2,,2,,,,,,1200000,2,1,2,,2,13,282.818.200.106.166
577713,1,3,13,95,2,,,,,,,,2,,,,,,,,,,,,,,,13,282.818.200.106.166
577713,1,4,13,95,2,,,,,,,,2,,,,,,,,,,,,,,,13,282.818.200.106.166
577713,1,5,13,95,2,,,,,,,,2,,,,,,,,,,,,,,,13,282.818.200.106.166
577714,1,1,13,95,2,,,,,,,,2,,,,,,,,,,,,,,,13,231.112.350.942.247
577714,1,2,13,95,2,,,,,,,,2,,,,,,,,,,,,,,,13,231.112.350.942.247
577714,1,3,13,95,2,,,,,,,,2,,,,,,,,,,,,,,,13,231.112.350.942.247
577715,1,1,13,95,2,,,,,,,,2,,,,,,,,,,,,,,,13,277.021.979.112.614
577715,1,2,13,95,2,,,,,,,,2,,,,,,,,,,,,,,,13,277.021.979.112.614
577715,1,3,13,95,2,,,,,,,,2,,,,,,,,,,,,,,,13,277.021.979.112.614
577759,1,1,17,95,2,,,,,,,,1,2,,2,,,,,,2400000,2,1,2,,2,17,133.574.610.876.316
577759,1,2,17,95,2,,,,,,,,2,,,,,,,,,,,,,,,17,133.574.610.876.316
577759,1,3,17,95,2,,,,,,,,2,,,,,,,,,,,,,,,17,133.574.610.876.316
577759,1,4,17,95,2,,,,,,,,2,,,,,,,,,,,,,,,17,133.574.610.876.316
577760,1,1,17,95,1,,2,1,,1678000,,2,1,2,,2,250000,,,,,,2,2,1,,2,17,105.140.205.259.889
577760,1,2,17,95,2,,,,,,,,2,,,,,,,,,,,,,,,17,105.140.205.259.889
577762,1,1,17,95,1,,2,1,,595000,,2,2,,,,,,,,,,,,,,,17,131.085.488.368.175
577762,1,2,17,95,2,,,,,,,,2,,,,,,,,,,,,,,,17,131.085.488.368.175
577763,1,1,17,95,2,,,,,,,,2,,,,,,,,,,,,,,,17,918.215.798.686.213
577763,1,2,17,95,2,,,,,,,,2,,,,,,,,,,,,,,,17,918.215.798.686.213
577764,1,1,17,95,2,,,,,,,,1,2,,2,,,,,,2400000,2,1,2,,2,17,135.192.831.008.067
577769,1,1,17,95,1,,2,1,,433700,,2,1,2,,2,,,,,,2400000,2,1,2,,2,17,1.496.348.387.553
577769,1,2,17,95,2,,,,,,,,2,,,,,,,,,,,,,,,17,1.496.348.387.553
577769,1,3,17,95,2,,,,,,,,2,,,,,,,,,,,,,,,17,1.496.348.387.553
577770,1,1,17,95,2,,,,,,,,2,,,,,,,,,,,,,,,17,176.847.352.612.802
577770,1,2,17,95,2,,,,,,,,2,,,,,,,,,,,,,,,17,176.847.352.612.802
577770,1,3,17,95,2,,,,,,,,2,,,,,,,,,,,,,,,17,176.847.352.612.802
577775,1,1,17,95,2,,,,,,,,1,2,,2,,,,,,200000,2,1,2,,2,17,124.467.167.225.783
577775,1,2,17,95,2,,,,,,,,2,,,,,,,,,,,,,,,17,124.467.167.225.783
577775,1,3,17,95,2,,,,,,,,2,,,,,,,,,,,,,,,17,124.467.167.225.783
577775,1,4,17,95,1,,2,1,,433700,,2,2,,,,,,,,,,,,,,,17,124.467.167.225.783
577777,1,1,17,95,2,,,,,,,,1,2,,2,,,,,,2400000,2,1,2,,2,17,188.463.100.022.992
577777,1,2,17,95,2,,,,,,,,2,,,,,,,,,,,,,,,17,188.463.100.022.992
577777,1,3,17,95,2,,,,,,,,2,,,,,,,,,,,,,,,17,188.463.100.022.992
577778,1,1,17,95,2,,,,,,,,2,,,,,,,,,,,,,,,17,15.562.296.732.654
577779,1,1,17,95,1,,2,1,,550000,,2,2,,,,,,,,,,,,,,,17,120.359.824.585.892
577779,1,2,17,95,2,,,,,,,,2,,,,,,,,,,,,,,,17,120.359.824.585.892
577779,1,3,17,95,2,,,,,,,,2,,,,,,,,,,,,,,,17,120.359.824.585.892
577779,1,4,17,95,2,,,,,,,,2,,,,,,,,,,,,,,,17,120.359.824.585.892
577779,1,5,17,95,2,,,,,,,,2,,,,,,,,,,,,,,,17,120.359.824.585.892
577780,1,1,17,95,2,,,,,,,,1,2,,2,,,,,,4800000,2,1,2,,2,17,121.253.920.701.516
577781,1,1,17,95,2,,,,,,,,2,,,,,,,,,,,,,,,17,133.132.233.911.304
577781,1,2,17,95,2,,,,,,,,2,,,,,,,,,,,,,,,17,133.132.233.911.304
577781,1,4,17,95,1,,2,1,,450000,,2,1,2,,2,2400000,,,,,1800000,2,1,1,,2,17,133.132.233.911.304
577782,1,1,17,95,1,,1,1,,1230000,1350000,2,2,,,,,,,,,,,,,,,17,173.697.432.717.094
577782,1,2,17,95,2,,,,,,,,1,2,,2,2400000,,,,,,2,2,1,,2,17,173.697.432.717.094
577782,1,3,17,95,2,,,,,,,,2,,,,,,,,,,,,,,,17,173.697.432.717.094
577782,1,4,17,95,2,,,,,,,,1,2,,2,2400000,,,,,,2,2,1,,2,17,173.697.432.717.094
577874,1,1,23,95,2,,,,,,,,1,2,,2,,,,,,1800000,2,1,2,,2,23,150.170.101.188.048
577874,1,3,23,95,2,,,,,,,,2,,,,,,,,,,,,,,,23,150.170.101.188.048
577874,1,4,23,95,2,,,,,,,,1,2,,1,,,433700,,,,2,2,2,,2,23,150.170.101.188.048
577874,1,5,23,95,2,,,,,,,,2,,,,,,,,,,,,,,,23,150.170.101.188.048
577875,1,1,23,95,2,,,,,,,,2,,,,,,,,,,,,,,,23,113.881.380.951.906
577875,1,2,23,95,2,,,,,,,,2,,,,,,,,,,,,,,,23,113.881.380.951.906
577875,1,3,23,95,2,,,,,,,,2,,,,,,,,,,,,,,,23,113.881.380.951.906
577875,1,4,23,95,2,,,,,,,,2,,,,,,,,,,,,,,,23,113.881.380.951.906
577876,1,1,23,95,2,,,,,,,,2,,,,,,,,,,,,,,,23,130.495.766.372.921
577876,1,2,23,95,2,,,,,,,,2,,,,,,,,,,,,,,,23,130.495.766.372.921
577877,1,1,23,95,2,,,,,,,,2,,,,,,,,,,,,,,,23,160.185.985.392.733
577877,1,2,23,95,1,,2,1,,433700,,2,2,,,,,,,,,,,,,,,23,160.185.985.392.733
577877,1,3,23,95,2,,,,,,,,2,,,,,,,,,,,,,,,23,160.185.985.392.733
577878,1,1,23,95,2,,,,,,,,1,2,,1,,,433700,,,,2,2,2,,2,23,150.725.463.186.267
577878,1,2,23,95,2,,,,,,,,1,2,,1,,,400000,,,,2,2,2,,2,23,150.725.463.186.267
577880,1,1,23,95,1,,1,2,,,230000,2,2,,,,,,,,,,,,,,,23,11.774.937.201.509
577880,1,2,23,95,2,,,,,,,,2,,,,,,,,,,,,,,,23,11.774.937.201.509
577880,1,3,23,95,2,,,,,,,,2,,,,,,,,,,,,,,,23,11.774.937.201.509
577881,1,1,23,95,2,,,,,,,,1,2,,2,,,,,,5000000,2,1,2,,2,23,11.284.321.870.359
577882,1,1,23,95,1,,1,2,,,200000,2,1,2,,2,,,,,,1000000,2,1,2,,2,23,102.528.253.212.655
577882,1,2,23,95,2,,,,,,,,2,,,,,,,,,,,,,,,23,102.528.253.212.655
577882,1,3,23,95,2,,,,,,,,2,,,,,,,,,,,,,,,23,102.528.253.212.655
577882,1,4,23,95,1,,2,2,150000,,,1,2,,,,,,,,,,,,,,,23,102.528.253.212.655
577882,1,6,23,95,2,,,,,,,,2,,,,,,,,,,,,,,,23,102.528.253.212.655
577883,1,1,23,95,1,,2,2,400000,,,1,2,,,,,,,,,,,,,,,23,114.988.971.426.908
577884,1,1,23,95,2,,,,,,,,2,,,,,,,,,,,,,,,23,127.527.480.593.396
577884,1,2,23,95,2,,,,,,,,2,,,,,,,,,,,,,,,23,127.527.480.593.396
577884,1,3,23,95,2,,,,,,,,2,,,,,,,,,,,,,,,23,127.527.480.593.396
577884,1,5,23,95,1,,1,2,,,200000,2,2,,,,,,,,,,,,,,,23,127.527.480.593.396
577885,1,1,23,95,2,,,,,,,,2,,,,,,,,,,,,,,,23,130.495.766.372.921
577885,1,2,23,95,2,,,,,,,,2,,,,,,,,,,,,,,,23,130.495.766.372.921
577886,1,1,23,95,2,,,,,,,,2,,,,,,,,,,,,,,,23,987.525.799.525.569
577886,1,2,23,95,2,,,,,,,,1,2,,2,,,,,,1200000,2,1,2,,2,23,987.525.799.525.569
577887,1,1,23,95,2,,,,,,,,2,,,,,,,,,,,,,,,23,139.175.415.140.529
577888,1,1,23,95,2,,,,,,,,2,,,,,,,,,,,,,,,23,159.280.124.506.578
577888,1,2,23,95,2,,,,,,,,2,,,,,,,,,,,,,,,23,159.280.124.506.578
577888,1,3,23,95,2,,,,,,,,2,,,,,,,,,,,,,,,23,159.280.124.506.578
577888,1,4,23,95,2,,,,,,,,2,,,,,,,,,,,,,,,23,159.280.124.506.578
577889,1,1,23,95,2,,,,,,,,2,,,,,,,,,,,,,,,23,152.047.379.500.279
577889,1,2,23,95,2,,,,,,,,2,,,,,,,,,,,,,,,23,152.047.379.500.279
577889,1,4,23,95,2,,,,,,,,2,,,,,,,,,,,,,,,23,152.047.379.500.279
577889,1,5,23,95,2,,,,,,,,2,,,,,,,,,,,,,,,23,152.047.379.500.279
577890,1,1,23,95,2,,,,,,,,2,,,,,,,,,,,,,,,23,132.609.433.993.013
577890,1,2,23,95,2,,,,,,,,2,,,,,,,,,,,,,,,23,132.609.433.993.013
577891,1,1,23,95,2,,,,,,,,2,,,,,,,,,,,,,,,23,140.248.291.502.187
577892,1,1,23,95,1,,1,2,,,100000,2,2,,,,,,,,,,,,,,,23,145.574.086.553.069
577892,1,2,23,95,2,,,,,,,,2,,,,,,,,,,,,,,,23,145.574.086.553.069
577892,1,3,23,95,2,,,,,,,,2,,,,,,,,,,,,,,,23,145.574.086.553.069
577893,1,1,23,95,2,,,,,,,,1,2,,2,,,,,,6000000,2,1,2,,2,23,128.155.606.948.405
577894,1,1,23,95,2,,,,,,,,2,,,,,,,,,,,,,,,23,170.280.496.657.171
577894,1,2,23,95,2,,,,,,,,2,,,,,,,,,,,,,,,23,170.280.496.657.171
577894,1,3,23,95,2,,,,,,,,2,,,,,,,,,,,,,,,23,170.280.496.657.171
577894,1,4,23,95,2,,,,,,,,2,,,,,,,,,,,,,,,23,170.280.496.657.171
577894,1,5,23,95,2,,,,,,,,2,,,,,,,,,,,,,,,23,170.280.496.657.171
577895,1,1,23,95,2,,,,,,,,2,,,,,,,,,,,,,,,23,153.891.312.101.499
577895,1,2,23,95,2,,,,,,,,2,,,,,,,,,,,,,,,23,153.891.312.101.499
577896,1,1,23,95,2,,,,,,,,2,,,,,,,,,,,,,,,23,16.290.848.897.018
577896,1,2,23,95,2,,,,,,,,2,,,,,,,,,,,,,,,23,16.290.848.897.018
577896,1,3,23,95,2,,,,,,,,2,,,,,,,,,,,,,,,23,16.290.848.897.018
577896,1,4,23,95,2,,,,,,,,2,,,,,,,,,,,,,,,23,16.290.848.897.018
577896,1,5,23,95,2,,,,,,,,2,,,,,,,,,,,,,,,23,16.290.848.897.018
577897,1,1,23,95,1,,2,1,,1970000,,2,2,,,,,,,,,,,,,,,23,116.156.434.159.937
577897,1,2,23,95,2,,,,,,,,2,,,,,,,,,,,,,,,23,116.156.434.159.937
577897,1,3,23,95,2,,,,,,,,2,,,,,,,,,,,,,,,23,116.156.434.159.937
577898,1,1,23,95,1,,2,1,,600000,,2,2,,,,,,,,,,,,,,,23,138.762.320.823.049
577898,1,2,23,95,2,,,,,,,,2,,,,,,,,,,,,,,,23,138.762.320.823.049
577898,1,3,23,95,2,,,,,,,,2,,,,,,,,,,,,,,,23,138.762.320.823.049
577898,1,4,23,95,2,,,,,,,,2,,,,,,,,,,,,,,,23,138.762.320.823.049
577898,1,5,23,95,2,,,,,,,,2,,,,,,,,,,,,,,,23,138.762.320.823.049
577898,1,6,23,95,2,,,,,,,,2,,,,,,,,,,,,,,,23,138.762.320.823.049
577899,1,1,23,95,2,,,,,,,,2,,,,,,,,,,,,,,,23,102.900.709.269.756
577899,1,2,23,95,1,,2,1,,500000,,2,2,,,,,,,,,,,,,,,23,102.900.709.269.756
577899,1,3,23,95,2,,,,,,,,2,,,,,,,,,,,,,,,23,102.900.709.269.756
577899,1,4,23,95,2,,,,,,,,2,,,,,,,,,,,,,,,23,102.900.709.269.756
577899,1,5,23,95,2,,,,,,,,2,,,,,,,,,,,,,,,23,102.900.709.269.756
577900,1,1,23,95,1,,2,1,,700000,,2,2,,,,,,,,,,,,,,,23,120.444.594.922.993
577900,1,2,23,95,2,,,,,,,,2,,,,,,,,,,,,,,,23,120.444.594.922.993
577900,1,4,23,95,2,,,,,,,,2,,,,,,,,,,,,,,,23,120.444.594.922.993
577900,1,5,23,95,2,,,,,,,,2,,,,,,,,,,,,,,,23,120.444.594.922.993
577900,1,8,23,95,2,,,,,,,,2,,,,,,,,,,,,,,,23,120.444.594.922.993
577900,1,10,23,95,2,,,,,,,,2,,,,,,,,,,,,,,,23,120.444.594.922.993
577901,1,1,23,95,2,,,,,,,,1,2,,2,,,,,,2400000,2,1,2,,2,23,110.947.809.285.724
577901,1,2,23,95,2,,,,,,,,2,,,,,,,,,,,,,,,23,110.947.809.285.724
577901,1,5,23,95,2,,,,,,,,2,,,,,,,,,,,,,,,23,110.947.809.285.724
577902,1,1,23,95,1,,2,1,,433700,,2,2,,,,,,,,,,,,,,,23,141.719.207.369.986
577902,1,2,23,95,2,,,,,,,,2,,,,,,,,,,,,,,,23,141.719.207.369.986
577902,1,3,23,95,2,,,,,,,,1,2,,2,,,,,,720000,2,1,2,,2,23,141.719.207.369.986
577904,1,1,23,95,1,,1,2,,,1800000,2,2,,,,,,,,,,,,,,,23,150.150.690.636.132
577904,1,2,23,95,2,,,,,,,,2,,,,,,,,,,,,,,,23,150.150.690.636.132
577904,1,3,23,95,2,,,,,,,,2,,,,,,,,,,,,,,,23,150.150.690.636.132
577904,1,4,23,95,2,,,,,,,,2,,,,,,,,,,,,,,,23,150.150.690.636.132
577904,1,5,23,95,2,,,,,,,,2,,,,,,,,,,,,,,,23,150.150.690.636.132
577904,1,6,23,95,2,,,,,,,,2,,,,,,,,,,,,,,,23,150.150.690.636.132
577905,1,1,23,95,2,,,,,,,,2,,,,,,,,,,,,,,,23,113.247.759.863.916
577906,1,1,23,95,1,,2,1,,1200000,,2,2,,,,,,,,,,,,,,,23,998.254.563.142.157
577906,1,2,23,95,2,,,,,,,,1,2,,2,,,,,,3600000,2,1,2,,2,23,998.254.563.142.157
577907,1,1,23,95,2,,,,,,,,1,2,,2,,,,,,3960000,2,1,2,,2,23,10.386.769.079.175
577907,1,2,23,95,2,,,,,,,,2,,,,,,,,,,,,,,,23,10.386.769.079.175
577910,1,1,23,95,2,,,,,,,,2,,,,,,,,,,,,,,,23,970.314.139.490.407
577910,1,2,23,95,2,,,,,,,,2,,,,,,,,,,,,,,,23,970.314.139.490.407
577910,2,1,23,95,2,,,,,,,,2,,,,,,,,,,,,,,,23,970.314.139.490.407
577910,2,2,23,95,2,,,,,,,,2,,,,,,,,,,,,,,,23,970.314.139.490.407
577910,2,3,23,95,2,,,,,,,,2,,,,,,,,,,,,,,,23,970.314.139.490.407
577912,1,1,23,95,2,,,,,,,,2,,,,,,,,,,,,,,,23,142.387.542.571.318
577912,1,2,23,95,2,,,,,,,,2,,,,,,,,,,,,,,,23,142.387.542.571.318
577912,1,3,23,95,2,,,,,,,,2,,,,,,,,,,,,,,,23,142.387.542.571.318
577913,1,1,23,95,2,,,,,,,,2,,,,,,,,,,,,,,,23,140.646.331.008.327
577913,1,2,23,95,2,,,,,,,,2,,,,,,,,,,,,,,,23,140.646.331.008.327
577913,1,3,23,95,2,,,,,,,,2,,,,,,,,,,,,,,,23,140.646.331.008.327
577990,1,1,50,95,2,,,,,,,,2,,,,,,,,,,,,,,,50,169.466.472.749.448
577990,1,2,50,95,2,,,,,,,,2,,,,,,,,,,,,,,,50,169.466.472.749.448
577990,1,3,50,95,2,,,,,,,,2,,,,,,,,,,,,,,,50,169.466.472.749.448
577991,1,1,50,95,1,,1,2,,,110000,2,2,,,,,,,,,,,,,,,50,108.802.271.275.241
577991,1,2,50,95,2,,,,,,,,2,,,,,,,,,,,,,,,50,108.802.271.275.241
577991,1,3,50,95,2,,,,,,,,2,,,,,,,,,,,,,,,50,108.802.271.275.241
577991,2,1,50,95,2,,,,,,,,2,,,,,,,,,,,,,,,50,108.802.271.275.241
577991,2,2,50,95,2,,,,,,,,2,,,,,,,,,,,,,,,50,108.802.271.275.241
577992,1,1,50,95,1,,2,1,,600000,,2,2,,,,,,,,,,,,,,,50,167.665.763.548.802
577992,1,2,50,95,2,,,,,,,,2,,,,,,,,,,,,,,,50,167.665.763.548.802
577992,1,3,50,95,2,,,,,,,,2,,,,,,,,,,,,,,,50,167.665.763.548.802
577992,1,6,50,95,2,,,,,,,,2,,,,,,,,,,,,,,,50,167.665.763.548.802
577993,1,1,50,95,2,,,,,,,,2,,,,,,,,,,,,,,,50,302.658.473.907.706
577993,1,2,50,95,2,,,,,,,,2,,,,,,,,,,,,,,,50,302.658.473.907.706
577993,1,3,50,95,2,,,,,,,,2,,,,,,,,,,,,,,,50,302.658.473.907.706
577994,1,1,50,95,2,,,,,,,,2,,,,,,,,,,,,,,,50,338.932.945.498.896
577994,1,2,50,95,2,,,,,,,,2,,,,,,,,,,,,,,,50,338.932.945.498.896
577994,1,3,50,95,2,,,,,,,,2,,,,,,,,,,,,,,,50,338.932.945.498.896
577995,1,1,50,95,2,,,,,,,,2,,,,,,,,,,,,,,,50,138.038.062.328.565
577996,1,1,50,95,2,,,,,,,,2,,,,,,,,,,,,,,,50,178.668.322.973.505
577996,1,2,50,95,2,,,,,,,,2,,,,,,,,,,,,,,,50,178.668.322.973.505
577997,1,1,50,95,2,,,,,,,,2,,,,,,,,,,,,,,,50,161.807.648.675.876
577998,1,1,50,95,2,,,,,,,,2,,,,,,,,,,,,,,,50,146.273.634.845.701
577998,1,2,50,95,2,,,,,,,,2,,,,,,,,,,,,,,,50,146.273.634.845.701
577999,1,1,50,95,2,,,,,,,,2,,,,,,,,,,,,,,,50,154.898.736.626.194
577999,1,2,50,95,2,,,,,,,,2,,,,,,,,,,,,,,,50,154.898.736.626.194
578000,1,1,50,95,2,,,,,,,,2,,,,,,,,,,,,,,,50,154.898.736.626.194
578000,1,2,50,95,2,,,,,,,,2,,,,,,,,,,,,,,,50,154.898.736.626.194
578001,1,1,50,95,1,,1,1,,3100000,850000,2,2,,,,,,,,,,,,,,,50,626.655.339.233.425
578001,1,2,50,95,2,,,,,,,,2,,,,,,,,,,,,,,,50,626.655.339.233.425
578001,1,3,50,95,2,,,,,,,,2,,,,,,,,,,,,,,,50,626.655.339.233.425
578002,1,1,50,95,2,,,,,,,,2,,,,,,,,,,,,,,,50,149.687.810.561.818
578002,1,2,50,95,2,,,,,,,,2,,,,,,,,,,,,,,,50,149.687.810.561.818
578002,1,3,50,95,2,,,,,,,,2,,,,,,,,,,,,,,,50,149.687.810.561.818
578002,1,4,50,95,2,,,,,,,,2,,,,,,,,,,,,,,,50,149.687.810.561.818
578004,1,1,50,95,2,,,,,,,,2,,,,,,,,,,,,,,,50,112.995.993.587.084
578004,1,2,50,95,2,,,,,,,,2,,,,,,,,,,,,,,,50,112.995.993.587.084
578004,1,3,50,95,2,,,,,,,,2,,,,,,,,,,,,,,,50,112.995.993.587.084
578004,1,4,50,95,2,,,,,,,,2,,,,,,,,,,,,,,,50,112.995.993.587.084
578004,1,6,50,95,2,,,,,,,,2,,,,,,,,,,,,,,,50,112.995.993.587.084
578004,1,7,50,95,2,,,,,,,,2,,,,,,,,,,,,,,,50,112.995.993.587.084
578005,1,1,50,95,1,,1,2,,,900000,2,2,,,,,,,,,,,,,,,50,204.835.010.331.199
578005,1,2,50,95,1,,1,2,,,150000,2,2,,,,,,,,,,,,,,,50,204.835.010.331.199
578006,1,1,50,95,2,,,,,,,,2,,,,,,,,,,,,,,,50,131.834.649.787.285
578007,1,1,50,95,2,,,,,,,,2,,,,,,,,,,,,,,,50,184.064.889.433.116
578007,1,2,50,95,2,,,,,,,,2,,,,,,,,,,,,,,,50,184.064.889.433.116
578007,1,3,50,95,2,,,,,,,,2,,,,,,,,,,,,,,,50,184.064.889.433.116
578007,1,4,50,95,2,,,,,,,,2,,,,,,,,,,,,,,,50,184.064.889.433.116
578007,1,5,50,95,2,,,,,,,,2,,,,,,,,,,,,,,,50,184.064.889.433.116
578008,1,1,50,95,2,,,,,,,,2,,,,,,,,,,,,,,,50,15.260.579.845.182
578008,1,2,50,95,2,,,,,,,,2,,,,,,,,,,,,,,,50,15.260.579.845.182
578009,1,1,50,95,2,,,,,,,,2,,,,,,,,,,,,,,,50,166.835.611.217.854
578009,1,2,50,95,2,,,,,,,,2,,,,,,,,,,,,,,,50,166.835.611.217.854
578010,1,1,50,95,2,,,,,,,,2,,,,,,,,,,,,,,,50,16.983.404.890.063
578011,1,1,50,95,2,,,,,,,,2,,,,,,,,,,,,,,,50,152.974.402.369.453
578011,1,2,50,95,2,,,,,,,,2,,,,,,,,,,,,,,,50,152.974.402.369.453
578011,1,3,50,95,2,,,,,,,,2,,,,,,,,,,,,,,,50,152.974.402.369.453
578011,1,4,50,95,2,,,,,,,,2,,,,,,,,,,,,,,,50,152.974.402.369.453
578012,1,1,50,95,1,,2,1,,900000,,2,2,,,,,,,,,,,,,,,50,834.934.501.622.358
578012,1,2,50,95,2,,,,,,,,1,2,,2,,,,,,600000,2,1,2,,2,50,834.934.501.622.358
578013,1,1,50,95,2,,,,,,,,2,,,,,,,,,,,,,,,50,130.340.109.480.758
578013,1,2,50,95,2,,,,,,,,2,,,,,,,,,,,,,,,50,130.340.109.480.758
578014,1,1,50,95,2,,,,,,,,2,,,,,,,,,,,,,,,50,163.109.438.809.765
578014,1,2,50,95,2,,,,,,,,2,,,,,,,,,,,,,,,50,163.109.438.809.765
578014,1,3,50,95,2,,,,,,,,2,,,,,,,,,,,,,,,50,163.109.438.809.765
578015,1,1,50,95,2,,,,,,,,2,,,,,,,,,,,,,,,50,204.313.812.781.614
578015,1,2,50,95,2,,,,,,,,2,,,,,,,,,,,,,,,50,204.313.812.781.614
578015,1,3,50,95,2,,,,,,,,2,,,,,,,,,,,,,,,50,204.313.812.781.614
578015,1,4,50,95,2,,,,,,,,2,,,,,,,,,,,,,,,50,204.313.812.781.614
578016,1,1,50,95,2,,,,,,,,1,2,,2,,,,700000,,2000000,1,1,2,,2,50,146.064.462.553.319
578017,1,1,50,95,2,,,,,,,,2,,,,,,,,,,,,,,,50,16.467.470.017.716
578019,1,1,50,95,1,,2,1,,1500000,,2,2,,,,,,,,,,,,,,,50,193.051.757.137.942
578019,1,2,50,95,2,,,,,,,,2,,,,,,,,,,,,,,,50,193.051.757.137.942
578020,1,1,50,95,2,,,,,,,,2,,,,,,,,,,,,,,,50,110.698.976.308.913
578020,1,2,50,95,2,,,,,,,,1,2,,2,,,,,,15000000,2,1,2,,2,50,110.698.976.308.913
578021,1,1,50,95,2,,,,,,,,2,,,,,,,,,,,,,,,50,134.936.102.216.872
578021,1,2,50,95,2,,,,,,,,1,2,,2,,,,,,600000,2,1,2,,2,50,134.936.102.216.872
578021,1,3,50,95,2,,,,,,,,2,,,,,,,,,,,,,,,50,134.936.102.216.872
578021,1,4,50,95,2,,,,,,,,2,,,,,,,,,,,,,,,50,134.936.102.216.872
578021,1,5,50,95,2,,,,,,,,2,,,,,,,,,,,,,,,50,134.936.102.216.872
578022,1,1,50,95,2,,,,,,,,2,,,,,,,,,,,,,,,50,156.409.699.052.464
578022,1,2,50,95,1,,1,2,,,110000,2,2,,,,,,,,,,,,,,,50,156.409.699.052.464
578022,1,3,50,95,2,,,,,,,,2,,,,,,,,,,,,,,,50,156.409.699.052.464
578022,1,4,50,95,2,,,,,,,,2,,,,,,,,,,,,,,,50,156.409.699.052.464
578022,2,1,50,95,2,,,,,,,,2,,,,,,,,,,,,,,,50,156.409.699.052.464
578023,1,1,50,95,2,,,,,,,,2,,,,,,,,,,,,,,,50,175.669.885.290.728
578023,1,2,50,95,2,,,,,,,,2,,,,,,,,,,,,,,,50,175.669.885.290.728
578023,1,3,50,95,2,,,,,,,,2,,,,,,,,,,,,,,,50,175.669.885.290.728
578024,1,1,50,95,2,,,,,,,,2,,,,,,,,,,,,,,,50,14.887.962.604.373
578024,1,2,50,95,2,,,,,,,,2,,,,,,,,,,,,,,,50,14.887.962.604.373
578024,1,3,50,95,2,,,,,,,,2,,,,,,,,,,,,,,,50,14.887.962.604.373
578025,1,1,50,95,2,,,,,,,,1,2,,2,,,,,,2000000,2,1,2,,2,50,108.249.365.398.791
578025,1,2,50,95,2,,,,,,,,2,,,,,,,,,,,,,,,50,108.249.365.398.791
578026,1,1,50,95,1,,2,1,,450000,,2,2,,,,,,,,,,,,,,,50,125.502.486.181.167
578027,1,1,50,95,1,,1,1,,450000,600000,2,2,,,,,,,,,,,,,,,50,118.413.351.276.463
578027,1,2,50,95,2,,,,,,,,2,,,,,,,,,,,,,,,50,118.413.351.276.463
578027,1,3,50,95,2,,,,,,,,2,,,,,,,,,,,,,,,50,118.413.351.276.463
578027,1,4,50,95,2,,,,,,,,1,2,,2,,,,,,2000000,2,1,2,,2,50,118.413.351.276.463
578027,1,5,50,95,2,,,,,,,,2,,,,,,,,,,,,,,,50,118.413.351.276.463
578028,1,1,50,95,2,,,,,,,,2,,,,,,,,,,,,,,,50,783.319.174.041.781
578028,1,2,50,95,2,,,,,,,,2,,,,,,,,,,,,,,,50,783.319.174.041.781
578028,1,3,50,95,2,,,,,,,,2,,,,,,,,,,,,,,,50,783.319.174.041.781
578030,1,1,50,95,2,,,,,,,,2,,,,,,,,,,,,,,,50,169.128.549.392.228
578030,1,2,50,95,2,,,,,,,,2,,,,,,,,,,,,,,,50,169.128.549.392.228
578031,1,1,50,95,2,,,,,,,,2,,,,,,,,,,,,,,,50,104.551.114.661.612
578031,1,2,50,95,2,,,,,,,,2,,,,,,,,,,,,,,,50,104.551.114.661.612
578031,1,3,50,95,2,,,,,,,,2,,,,,,,,,,,,,,,50,104.551.114.661.612
578032,1,1,50,95,2,,,,,,,,2,,,,,,,,,,,,,,,50,198.918.274.088.454
578032,1,2,50,95,2,,,,,,,,2,,,,,,,,,,,,,,,50,198.918.274.088.454
578032,1,3,50,95,2,,,,,,,,2,,,,,,,,,,,,,,,50,198.918.274.088.454
578032,1,4,50,95,2,,,,,,,,2,,,,,,,,,,,,,,,50,198.918.274.088.454
578032,1,5,50,95,2,,,,,,,,2,,,,,,,,,,,,,,,50,198.918.274.088.454
578033,1,1,50,95,2,,,,,,,,2,,,,,,,,,,,,,,,50,154.898.736.626.194
578033,1,2,50,95,2,,,,,,,,2,,,,,,,,,,,,,,,50,154.898.736.626.194
578034,1,1,50,95,2,,,,,,,,2,,,,,,,,,,,,,,,50,209.758.810.037.168
578034,1,2,50,95,2,,,,,,,,2,,,,,,,,,,,,,,,50,209.758.810.037.168
578034,1,5,50,95,2,,,,,,,,2,,,,,,,,,,,,,,,50,209.758.810.037.168
578035,1,1,50,95,2,,,,,,,,2,,,,,,,,,,,,,,,50,108.249.365.398.791
578035,1,2,50,95,2,,,,,,,,2,,,,,,,,,,,,,,,50,108.249.365.398.791
578036,1,1,50,95,2,,,,,,,,1,2,,2,,,,,,3600000,2,1,2,,2,50,14.661.736.842.977
578036,1,2,50,95,2,,,,,,,,2,,,,,,,,,,,,,,,50,14.661.736.842.977
578036,1,3,50,95,2,,,,,,,,2,,,,,,,,,,,,,,,50,14.661.736.842.977
578036,1,4,50,95,2,,,,,,,,2,,,,,,,,,,,,,,,50,14.661.736.842.977
578037,1,1,50,95,2,,,,,,,,1,2,,2,,,,,,3600000,2,1,2,,2,50,16.983.404.890.063
578038,1,1,52,95,2,,,,,,,,2,,,,,,,,,,,,,,,52,978.593.000.196.728
578038,1,2,52,95,2,,,,,,,,2,,,,,,,,,,,,,,,52,978.593.000.196.728
578038,1,3,52,95,2,,,,,,,,2,,,,,,,,,,,,,,,52,978.593.000.196.728
578038,1,4,52,95,2,,,,,,,,2,,,,,,,,,,,,,,,52,978.593.000.196.728
578039,1,1,52,95,2,,,,,,,,2,,,,,,,,,,,,,,,52,117.705.728.955.751
578039,1,2,52,95,2,,,,,,,,2,,,,,,,,,,,,,,,52,117.705.728.955.751
578039,1,3,52,95,2,,,,,,,,2,,,,,,,,,,,,,,,52,117.705.728.955.751
578039,1,4,52,95,2,,,,,,,,2,,,,,,,,,,,,,,,52,117.705.728.955.751
578039,1,6,52,95,2,,,,,,,,2,,,,,,,,,,,,,,,52,117.705.728.955.751
578040,1,1,52,95,1,,1,2,,,400000,2,2,,,,,,,,,,,,,,,52,160.462.158.964.481
578040,1,2,52,95,1,,1,2,,,260000,2,2,,,,,,,,,,,,,,,52,160.462.158.964.481
578040,1,3,52,95,2,,,,,,,,2,,,,,,,,,,,,,,,52,160.462.158.964.481
578040,1,4,52,95,2,,,,,,,,2,,,,,,,,,,,,,,,52,160.462.158.964.481
578040,1,5,52,95,2,,,,,,,,2,,,,,,,,,,,,,,,52,160.462.158.964.481
578041,1,1,52,95,2,,,,,,,,2,,,,,,,,,,,,,,,52,10.569.093.411.199
578041,1,3,52,95,2,,,,,,,,2,,,,,,,,,,,,,,,52,10.569.093.411.199
578042,1,1,52,95,2,,,,,,,,2,,,,,,,,,,,,,,,52,141.817.447.547.063
578042,1,2,52,95,2,,,,,,,,2,,,,,,,,,,,,,,,52,141.817.447.547.063
578044,1,1,52,95,2,,,,,,,,1,2,,2,,,,99,,800000,1,1,2,,2,52,195.905.241.210.697
578044,1,2,52,95,2,,,,,,,,2,,,,,,,,,,,,,,,52,195.905.241.210.697
578045,1,1,52,95,2,,,,,,,,2,,,,,,,,,,,,,,,52,133.255.498.375.778
578045,1,2,52,95,1,,2,1,,450000,,2,2,,,,,,,,,,,,,,,52,133.255.498.375.778
578045,1,3,52,95,2,,,,,,,,2,,,,,,,,,,,,,,,52,133.255.498.375.778
578046,1,1,52,95,2,,,,,,,,2,,,,,,,,,,,,,,,52,172.348.153.105.375
578047,1,1,52,95,2,,,,,,,,2,,,,,,,,,,,,,,,52,16.311.644.719.233
578047,1,2,52,95,2,,,,,,,,2,,,,,,,,,,,,,,,52,16.311.644.719.233
578048,1,1,52,95,2,,,,,,,,2,,,,,,,,,,,,,,,52,266.914.538.432.105
578048,1,2,52,95,2,,,,,,,,2,,,,,,,,,,,,,,,52,266.914.538.432.105
578048,1,4,52,95,2,,,,,,,,2,,,,,,,,,,,,,,,52,266.914.538.432.105
578049,1,1,52,95,2,,,,,,,,2,,,,,,,,,,,,,,,52,10.053.481.508.203
578050,1,1,52,95,2,,,,,,,,2,,,,,,,,,,,,,,,52,135.775.892.896.724
578050,1,2,52,95,2,,,,,,,,2,,,,,,,,,,,,,,,52,135.775.892.896.724
578050,1,5,52,95,2,,,,,,,,2,,,,,,,,,,,,,,,52,135.775.892.896.724
578051,1,1,52,95,2,,,,,,,,2,,,,,,,,,,,,,,,52,133.255.498.375.778
578051,1,2,52,95,2,,,,,,,,2,,,,,,,,,,,,,,,52,133.255.498.375.778
578051,1,3,52,95,2,,,,,,,,2,,,,,,,,,,,,,,,52,133.255.498.375.778
578052,1,1,52,95,1,,1,2,,,200000,2,2,,,,,,,,,,,,,,,52,168.961.275.031.764
578052,1,2,52,95,2,,,,,,,,2,,,,,,,,,,,,,,,52,168.961.275.031.764
578052,1,3,52,95,2,,,,,,,,1,2,,2,,,,,,1800000,2,1,2,,2,52,168.961.275.031.764
578052,1,6,52,95,2,,,,,,,,2,,,,,,,,,,,,,,,52,168.961.275.031.764
578053,1,1,52,95,2,,,,,,,,1,2,,2,,,,,,3600000,2,1,2,,2,52,168.225.939.040.016
578053,1,2,52,95,2,,,,,,,,2,,,,,,,,,,,,,,,52,168.225.939.040.016
578054,1,1,52,95,2,,,,,,,,2,,,,,,,,,,,,,,,52,128.214.117.252.711
578055,1,1,52,95,1,,1,2,,,300000,2,1,2,,2,,,,,,600000,2,1,2,,2,52,102.940.063.831.104
578055,1,2,52,95,2,,,,,,,,2,,,,,,,,,,,,,,,52,102.940.063.831.104
578055,1,3,52,95,2,,,,,,,,2,,,,,,,,,,,,,,,52,102.940.063.831.104
578055,1,4,52,95,2,,,,,,,,2,,,,,,,,,,,,,,,52,102.940.063.831.104
578056,1,1,52,95,2,,,,,,,,2,,,,,,,,,,,,,,,52,138.607.750.131.072
578056,1,2,52,95,2,,,,,,,,1,2,,2,,,,,,600000,2,1,2,,2,52,138.607.750.131.072
578057,1,1,52,95,2,,,,,,,,2,,,,,,,,,,,,,,,52,114.922.640.025.035
578058,1,1,52,95,1,,2,1,,1500000,,2,2,,,,,,,,,,,,,,,52,671.278.359.515.249
578058,1,2,52,95,2,,,,,,,,2,,,,,,,,,,,,,,,52,671.278.359.515.249
578058,1,3,52,95,2,,,,,,,,2,,,,,,,,,,,,,,,52,671.278.359.515.249
578058,1,4,52,95,2,,,,,,,,2,,,,,,,,,,,,,,,52,671.278.359.515.249
578059,1,1,52,95,2,,,,,,,,1,2,,1,,,100000,,,,2,2,2,,2,52,10.826.795.305.814
578060,1,1,52,95,2,,,,,,,,2,,,,,,,,,,,,,,,52,10.826.795.305.814
578061,1,1,52,95,2,,,,,,,,2,,,,,,,,,,,,,,,52,159.232.316.646.425
578062,1,1,52,95,2,,,,,,,,2,,,,,,,,,,,,,,,52,159.232.316.646.425
578063,1,1,52,95,2,,,,,,,,2,,,,,,,,,,,,,,,52,114.314.800.882.221
578063,1,2,52,95,2,,,,,,,,2,,,,,,,,,,,,,,,52,114.314.800.882.221
578063,1,3,52,95,2,,,,,,,,2,,,,,,,,,,,,,,,52,114.314.800.882.221
578063,1,4,52,95,2,,,,,,,,1,2,,2,,,,,,98,2,1,2,,2,52,114.314.800.882.221
578064,1,1,52,95,1,,1,2,,,130000,2,1,2,,2,,,,,,30000,2,1,2,,2,52,145.967.981.783.697
578064,1,2,52,95,2,,,,,,,,2,,,,,,,,,,,,,,,52,145.967.981.783.697
578064,1,3,52,95,2,,,,,,,,2,,,,,,,,,,,,,,,52,145.967.981.783.697
578065,1,1,52,95,2,,,,,,,,2,,,,,,,,,,,,,,,52,138.627.296.284.356
578065,1,2,52,95,2,,,,,,,,2,,,,,,,,,,,,,,,52,138.627.296.284.356
578066,1,1,52,95,2,,,,,,,,2,,,,,,,,,,,,,,,52,416.281.981.875.204
578066,1,2,52,95,2,,,,,,,,2,,,,,,,,,,,,,,,52,416.281.981.875.204
578067,1,1,52,95,2,,,,,,,,2,,,,,,,,,,,,,,,52,249.028.888.345.097
578067,1,2,52,95,2,,,,,,,,2,,,,,,,,,,,,,,,52,249.028.888.345.097
578068,1,1,52,95,2,,,,,,,,2,,,,,,,,,,,,,,,52,138.007.086.548.379
578068,1,2,52,95,2,,,,,,,,2,,,,,,,,,,,,,,,52,138.007.086.548.379
578068,1,3,52,95,2,,,,,,,,2,,,,,,,,,,,,,,,52,138.007.086.548.379
578068,1,5,52,95,2,,,,,,,,2,,,,,,,,,,,,,,,52,138.007.086.548.379
578069,1,1,52,95,2,,,,,,,,2,,,,,,,,,,,,,,,52,104.102.398.661.399
578069,1,2,52,95,2,,,,,,,,2,,,,,,,,,,,,,,,52,104.102.398.661.399
578069,1,3,52,95,2,,,,,,,,2,,,,,,,,,,,,,,,52,104.102.398.661.399
578069,1,5,52,95,2,,,,,,,,2,,,,,,,,,,,,,,,52,104.102.398.661.399
578070,1,1,52,95,2,,,,,,,,2,,,,,,,,,,,,,,,52,159.232.316.646.425
578071,1,1,52,95,2,,,,,,,,1,2,,2,8000000,,,,,,2,2,1,,2,52,159.232.316.646.425
578072,1,1,52,95,1,,2,1,,700000,,2,2,,,,,,,,,,,,,,,52,117.705.728.955.751
578072,1,2,52,95,2,,,,,,,,2,,,,,,,,,,,,,,,52,117.705.728.955.751
578072,1,3,52,95,2,,,,,,,,2,,,,,,,,,,,,,,,52,117.705.728.955.751
578072,1,4,52,95,2,,,,,,,,2,,,,,,,,,,,,,,,52,117.705.728.955.751
578072,1,5,52,95,2,,,,,,,,2,,,,,,,,,,,,,,,52,117.705.728.955.751
578073,1,1,52,95,2,,,,,,,,2,,,,,,,,,,,,,,,52,137.823.255.482.419
578073,1,2,52,95,2,,,,,,,,2,,,,,,,,,,,,,,,52,137.823.255.482.419
578073,1,3,52,95,2,,,,,,,,2,,,,,,,,,,,,,,,52,137.823.255.482.419
578074,1,1,52,95,1,,2,1,,1400000,,2,2,,,,,,,,,,,,,,,52,129.660.816.255.713
578074,1,2,52,95,2,,,,,,,,2,,,,,,,,,,,,,,,52,129.660.816.255.713
578074,1,3,52,95,2,,,,,,,,2,,,,,,,,,,,,,,,52,129.660.816.255.713
578076,1,1,52,95,2,,,,,,,,2,,,,,,,,,,,,,,,52,159.232.316.646.425
578077,1,1,52,95,2,,,,,,,,2,,,,,,,,,,,,,,,52,159.232.316.646.425
578175,1,1,66,95,2,,,,,,,,2,,,,,,,,,,,,,,,66,276.796.001.753.216
578175,1,2,66,95,2,,,,,,,,2,,,,,,,,,,,,,,,66,276.796.001.753.216
578176,1,1,66,95,2,,,,,,,,2,,,,,,,,,,,,,,,66,280.809.237.974.369
578176,1,2,66,95,2,,,,,,,,2,,,,,,,,,,,,,,,66,280.809.237.974.369
578177,1,1,66,95,2,,,,,,,,2,,,,,,,,,,,,,,,66,28.667.641.228.201
578177,1,2,66,95,2,,,,,,,,2,,,,,,,,,,,,,,,66,28.667.641.228.201
578177,1,3,66,95,2,,,,,,,,2,,,,,,,,,,,,,,,66,28.667.641.228.201
578178,1,1,66,95,2,,,,,,,,1,2,,2,,,,,,1200000,2,1,2,,2,66,203.680.517.850.462
578178,1,2,66,95,2,,,,,,,,2,,,,,,,,,,,,,,,66,203.680.517.850.462
578178,1,3,66,95,2,,,,,,,,2,,,,,,,,,,,,,,,66,203.680.517.850.462
578179,1,1,66,95,2,,,,,,,,2,,,,,,,,,,,,,,,66,247.826.583.250.813
578179,1,2,66,95,2,,,,,,,,2,,,,,,,,,,,,,,,66,247.826.583.250.813
578179,2,1,66,95,2,,,,,,,,1,2,,2,,,,,,6000000,2,1,2,,2,66,247.826.583.250.813
578179,2,2,66,95,2,,,,,,,,2,,,,,,,,,,,,,,,66,247.826.583.250.813
578181,1,1,66,95,2,,,,,,,,2,,,,,,,,,,,,,,,66,252.079.447.177.224
578181,1,2,66,95,2,,,,,,,,2,,,,,,,,,,,,,,,66,252.079.447.177.224
578181,1,3,66,95,1,,2,1,,433700,,2,2,,,,,,,,,,,,,,,66,252.079.447.177.224
578181,1,5,66,95,2,,,,,,,,2,,,,,,,,,,,,,,,66,252.079.447.177.224
578181,1,6,66,95,2,,,,,,,,2,,,,,,,,,,,,,,,66,252.079.447.177.224
578182,1,1,66,95,2,,,,,,,,2,,,,,,,,,,,,,,,66,259.515.543.774.665
578182,1,2,66,95,2,,,,,,,,2,,,,,,,,,,,,,,,66,259.515.543.774.665
578182,1,3,66,95,2,,,,,,,,2,,,,,,,,,,,,,,,66,259.515.543.774.665
578182,1,4,66,95,2,,,,,,,,2,,,,,,,,,,,,,,,66,259.515.543.774.665
578182,1,5,66,95,2,,,,,,,,2,,,,,,,,,,,,,,,66,259.515.543.774.665
578183,1,1,66,95,2,,,,,,,,2,,,,,,,,,,,,,,,66,205.356.370.383.615
578183,1,2,66,95,2,,,,,,,,2,,,,,,,,,,,,,,,66,205.356.370.383.615
578185,1,1,66,95,2,,,,,,,,2,,,,,,,,,,,,,,,66,273.048.396.076.344
578185,1,2,66,95,2,,,,,,,,2,,,,,,,,,,,,,,,66,273.048.396.076.344
578189,1,1,66,95,1,,1,2,,,500000,2,2,,,,,,,,,,,,,,,66,223.565.748.020.408
578189,1,2,66,95,2,,,,,,,,2,,,,,,,,,,,,,,,66,223.565.748.020.408
578190,1,1,66,95,2,,,,,,,,2,,,,,,,,,,,,,,,66,288.369.437.930.146
578190,1,2,66,95,2,,,,,,,,2,,,,,,,,,,,,,,,66,288.369.437.930.146
578190,1,3,66,95,2,,,,,,,,2,,,,,,,,,,,,,,,66,288.369.437.930.146
578190,1,4,66,95,2,,,,,,,,2,,,,,,,,,,,,,,,66,288.369.437.930.146
578191,1,1,66,95,2,,,,,,,,1,2,,2,,,,,,1000000,2,1,2,,2,66,26.309.382.427.542
578192,1,1,66,95,2,,,,,,,,2,,,,,,,,,,,,,,,66,274.705.183.029.041
578192,1,2,66,95,2,,,,,,,,2,,,,,,,,,,,,,,,66,274.705.183.029.041
578193,1,1,66,95,2,,,,,,,,2,,,,,,,,,,,,,,,66,267.722.275.188.305
578193,1,2,66,95,2,,,,,,,,2,,,,,,,,,,,,,,,66,267.722.275.188.305
578193,1,3,66,95,2,,,,,,,,2,,,,,,,,,,,,,,,66,267.722.275.188.305
578194,1,1,66,95,2,,,,,,,,1,2,,2,1000000,,,,,,2,2,1,,2,66,273.732.069.307.457
578196,1,1,66,95,2,,,,,,,,2,,,,,,,,,,,,,,,66,277.166.682.476.125
578196,1,2,66,95,2,,,,,,,,2,,,,,,,,,,,,,,,66,277.166.682.476.125
578196,1,3,66,95,2,,,,,,,,2,,,,,,,,,,,,,,,66,277.166.682.476.125
578197,1,1,66,95,1,,1,1,,433700,400000,2,2,,,,,,,,,,,,,,,66,201.687.036.448.274
578197,1,2,66,95,2,,,,,,,,2,,,,,,,,,,,,,,,66,201.687.036.448.274
578197,1,3,66,95,2,,,,,,,,2,,,,,,,,,,,,,,,66,201.687.036.448.274
578198,1,1,66,95,2,,,,,,,,2,,,,,,,,,,,,,,,66,258.928.152.473.253
578198,1,2,66,95,2,,,,,,,,2,,,,,,,,,,,,,,,66,258.928.152.473.253
578198,1,3,66,95,2,,,,,,,,2,,,,,,,,,,,,,,,66,258.928.152.473.253
578198,1,5,66,95,2,,,,,,,,2,,,,,,,,,,,,,,,66,258.928.152.473.253
578199,1,1,66,95,2,,,,,,,,2,,,,,,,,,,,,,,,66,269.395.541.884.342
578199,1,2,66,95,2,,,,,,,,2,,,,,,,,,,,,,,,66,269.395.541.884.342
578199,1,3,66,95,2,,,,,,,,1,2,,2,,,,,,2400000,2,1,2,,2,66,269.395.541.884.342
578199,1,6,66,95,2,,,,,,,,2,,,,,,,,,,,,,,,66,269.395.541.884.342
578201,1,1,66,95,1,,1,2,,,180000,2,2,,,,,,,,,,,,,,,66,277.166.682.476.125
578201,1,2,66,95,2,,,,,,,,2,,,,,,,,,,,,,,,66,277.166.682.476.125
578201,1,3,66,95,2,,,,,,,,2,,,,,,,,,,,,,,,66,277.166.682.476.125
578203,1,1,66,95,2,,,,,,,,2,,,,,,,,,,,,,,,66,272.614.364.304.866
578203,1,2,66,95,2,,,,,,,,2,,,,,,,,,,,,,,,66,272.614.364.304.866
578204,1,1,66,95,2,,,,,,,,1,2,,2,5000000,,,,,,2,2,1,,2,66,248.051.748.736.579
578206,1,1,66,95,2,,,,,,,,2,,,,,,,,,,,,,,,66,261.071.498.470.444
578206,1,2,66,95,2,,,,,,,,2,,,,,,,,,,,,,,,66,261.071.498.470.444
578206,1,3,66,95,2,,,,,,,,2,,,,,,,,,,,,,,,66,261.071.498.470.444
578206,1,4,66,95,2,,,,,,,,2,,,,,,,,,,,,,,,66,261.071.498.470.444
578206,1,5,66,95,2,,,,,,,,2,,,,,,,,,,,,,,,66,261.071.498.470.444
578206,1,6,66,95,2,,,,,,,,2,,,,,,,,,,,,,,,66,261.071.498.470.444
578207,1,1,66,95,2,,,,,,,,2,,,,,,,,,,,,,,,66,275.735.265.260.582
578207,1,2,66,95,2,,,,,,,,2,,,,,,,,,,,,,,,66,275.735.265.260.582
578207,1,3,66,95,2,,,,,,,,2,,,,,,,,,,,,,,,66,275.735.265.260.582
578207,1,4,66,95,2,,,,,,,,2,,,,,,,,,,,,,,,66,275.735.265.260.582
578207,1,5,66,95,2,,,,,,,,2,,,,,,,,,,,,,,,66,275.735.265.260.582
578209,1,1,66,95,2,,,,,,,,1,2,,2,,,,,,5500000,2,1,2,,2,66,251.998.665.418.256
578209,1,2,66,95,2,,,,,,,,2,,,,,,,,,,,,,,,66,251.998.665.418.256
578209,1,5,66,95,2,,,,,,,,2,,,,,,,,,,,,,,,66,251.998.665.418.256
578209,1,7,66,95,2,,,,,,,,2,,,,,,,,,,,,,,,66,251.998.665.418.256
578211,1,1,66,95,1,,2,1,,433700,,2,1,2,,2,1500000,,,,,,2,2,1,,2,66,275.142.136.391.791
578211,1,2,66,95,2,,,,,,,,2,,,,,,,,,,,,,,,66,275.142.136.391.791
578211,1,3,66,95,2,,,,,,,,2,,,,,,,,,,,,,,,66,275.142.136.391.791
578212,1,1,66,95,2,,,,,,,,2,,,,,,,,,,,,,,,66,292.268.105.236.446
578212,1,2,66,95,2,,,,,,,,2,,,,,,,,,,,,,,,66,292.268.105.236.446
578212,1,3,66,95,2,,,,,,,,2,,,,,,,,,,,,,,,66,292.268.105.236.446
578213,1,1,66,95,2,,,,,,,,2,,,,,,,,,,,,,,,66,28.624.370.561.423
578213,1,2,66,95,2,,,,,,,,2,,,,,,,,,,,,,,,66,28.624.370.561.423
578213,1,4,66,95,2,,,,,,,,2,,,,,,,,,,,,,,,66,28.624.370.561.423
578214,1,1,66,95,1,,2,1,,600000,,2,2,,,,,,,,,,,,,,,66,25.199.225.505.298
578215,1,1,66,95,1,,2,1,,450000,,2,2,,,,,,,,,,,,,,,66,217.895.724.846.558
578215,1,2,66,95,2,,,,,,,,2,,,,,,,,,,,,,,,66,217.895.724.846.558
578216,1,1,66,95,2,,,,,,,,1,2,,2,500000,,,,,,2,2,1,,2,66,249.708.535.689.276
578217,1,1,66,95,2,,2,,,,,,1,2,,2,,,,,,3600000,2,1,2,,2,66,247.617.716.965.101
578218,1,1,66,95,2,,,,,,,,2,,,,,,,,,,,,,,,66,251.265.852.244.923
578218,1,2,66,95,2,,,,,,,,2,,,,,,,,,,,,,,,66,251.265.852.244.923
578219,1,1,66,95,1,,2,1,,414000,,2,2,,,,,,,,,,,,,,,66,239.223.038.250.981
578219,1,2,66,95,2,,,,,,,,1,2,,2,200000,,,,,,2,2,1,,2,66,239.223.038.250.981
578219,1,4,66,95,2,,,,,,,,2,,,,,,,,,,,,,,,66,239.223.038.250.981
578219,1,5,66,95,2,,,,,,,,2,,,,,,,,,,,,,,,66,239.223.038.250.981
578220,1,1,66,95,2,,,,,,,,2,,,,,,,,,,,,,,,66,283.532.599.873.183
578220,1,2,66,95,2,,,,,,,,2,,,,,,,,,,,,,,,66,283.532.599.873.183
578220,1,3,66,95,2,,,,,,,,2,,,,,,,,,,,,,,,66,283.532.599.873.183
578221,1,1,66,95,1,,1,2,,,380000,2,2,,,,,,,,,,,,,,,66,23.270.176.921.472
578222,1,1,66,95,2,,,,,,,,2,,,,,,,,,,,,,,,66,27.052.354.558.069
578222,1,2,66,95,2,,,,,,,,2,,,,,,,,,,,,,,,66,27.052.354.558.069
578223,1,1,66,95,2,,,,,,,,2,,,,,,,,,,,,,,,66,28.965.276.207.392
578223,1,2,66,95,2,,,,,,,,2,,,,,,,,,,,,,,,66,28.965.276.207.392
578224,1,1,66,95,1,,2,1,,520000,,2,2,,,,,,,,,,,,,,,66,219.013.429.849.149
578225,1,1,66,95,2,,,,,,,,2,,,,,,,,,,,,,,,66,27.052.354.558.069
578225,1,2,66,95,2,,,,,,,,2,,,,,,,,,,,,,,,66,27.052.354.558.069
578226,1,1,66,95,2,,,,,,,,1,2,,2,4800000,,,,,,2,2,1,,2,66,226.539.550.980.501
578226,1,2,66,95,2,,,,,,,,2,,,,,,,,,,,,,,,66,226.539.550.980.501
578226,1,3,66,95,2,,,,,,,,2,,,,,,,,,,,,,,,66,226.539.550.980.501
578226,1,4,66,95,2,,,,,,,,1,2,,2,2400000,,,,,,2,2,1,,2,66,226.539.550.980.501
578227,1,1,66,95,1,,2,1,,600000,,2,2,,,,,,,,,,,,,,,66,238.947.007.442.305
578227,1,2,66,95,2,,,,,,,,2,,,,,,,,,,,,,,,66,238.947.007.442.305
578227,1,3,66,95,2,,,,,,,,2,,,,,,,,,,,,,,,66,238.947.007.442.305
578228,1,1,66,95,1,,2,1,,450000,,2,2,,,,,,,,,,,,,,,66,282.980.838.457.513
578228,1,2,66,95,2,,,,,,,,2,,,,,,,,,,,,,,,66,282.980.838.457.513
578228,1,3,66,95,2,,,,,,,,2,,,,,,,,,,,,,,,66,282.980.838.457.513
578229,1,1,66,95,2,,,,,,,,2,,,,,,,,,,,,,,,66,26.818.308.539.688
578229,1,2,66,95,2,,,,,,,,2,,,,,,,,,,,,,,,66,26.818.308.539.688
578229,1,5,66,95,2,,,,,,,,2,,,,,,,,,,,,,,,66,26.818.308.539.688
578230,1,1,66,95,2,,,,,,,,1,2,,2,12000000,,,,,,2,2,1,,2,66,269.839.872.349.577
578230,1,2,66,95,2,,,,,,,,2,,,,,,,,,,,,,,,66,269.839.872.349.577
578230,1,3,66,95,2,,,,,,,,1,2,,2,600000,,,,,,2,2,1,,2,66,269.839.872.349.577
578231,1,1,66,95,2,,,,,,,,1,2,,2,15600000,,,,,,2,2,1,,2,66,241.919.258.464.738
578231,1,2,66,95,2,,,,,,,,1,2,,2,2400000,,,,,,2,2,1,,2,66,241.919.258.464.738
578232,1,1,66,95,2,,,,,,,,1,2,,2,6000000,,,,,,2,2,1,,2,66,245.353.871.633.406
578232,1,2,66,95,1,,1,2,,,2800000,2,2,,,,,,,,,,,,,,,66,245.353.871.633.406
578232,1,3,66,95,2,,,,,,,,1,2,,2,3600000,,,,,,2,2,1,,2,66,245.353.871.633.406
578232,1,5,66,95,2,,,,,,,,2,,,,,,,,,,,,,,,66,245.353.871.633.406
578233,1,1,66,95,1,,2,1,,2200000,,2,2,,,,,,,,,,,,,,,66,209.908.688.554.875
578233,1,2,66,95,2,,,,,,,,2,,,,,,,,,,,,,,,66,209.908.688.554.875
578233,1,3,66,95,2,,,,,,,,1,2,,2,,,,,,1200000,2,1,2,,2,66,209.908.688.554.875
578236,1,1,68,95,1,,2,1,,1200000,,2,2,,,,,,,,,,,,,,,68,339.438.237.604.205
578236,1,2,68,95,2,,,,,,,,2,,,,,,,,,,,,,,,68,339.438.237.604.205
578236,1,3,68,95,2,,,,,,,,2,,,,,,,,,,,,,,,68,339.438.237.604.205
578236,1,4,68,95,2,,,,,,,,2,,,,,,,,,,,,,,,68,339.438.237.604.205
578237,1,1,68,95,2,,,,,,,,2,,,,,,,,,,,,,,,68,234.254.389.526.402
578237,1,2,68,95,2,,,,,,,,2,,,,,,,,,,,,,,,68,234.254.389.526.402
578237,1,3,68,95,2,,,,,,,,2,,,,,,,,,,,,,,,68,234.254.389.526.402
578238,1,1,68,95,2,,,,,,,,1,2,,2,,,,5000000,,,1,2,2,,2,68,371.813.165.058.566
578238,1,2,68,95,2,,,,,,,,2,,,,,,,,,,,,,,,68,371.813.165.058.566
578238,1,6,68,95,2,,,,,,,,2,,,,,,,,,,,,,,,68,371.813.165.058.566
578238,1,7,68,95,1,,2,1,,433700,,2,2,,,,,,,,,,,,,,,68,371.813.165.058.566
578238,1,8,68,95,2,,,,,,,,2,,,,,,,,,,,,,,,68,371.813.165.058.566
578238,1,9,68,95,2,,,,,,,,2,,,,,,,,,,,,,,,68,371.813.165.058.566
578238,1,10,68,95,2,,,,,,,,2,,,,,,,,,,,,,,,68,371.813.165.058.566
578239,1,1,68,95,2,,,,,,,,1,2,,2,24000000,,,,,,2,2,1,,2,68,390.258.837.884.848
578239,1,2,68,95,2,,,,,,,,2,,,,,,,,,,,,,,,68,390.258.837.884.848
578240,1,1,68,95,2,,,,,,,,1,2,,2,,,,,,6000000,2,1,2,,2,68,461.768.362.744.035
578240,1,2,68,95,2,,,,,,,,2,,,,,,,,,,,,,,,68,461.768.362.744.035
578241,1,1,68,95,2,,,,,,,,1,2,,2,,,,36000000,,,1,2,2,,2,68,418.981.855.046.125
578241,1,2,68,95,2,,,,,,,,2,,,,,,,,,,,,,,,68,418.981.855.046.125
578241,1,3,68,95,2,,,,,,,,2,,,,,,,,,,,,,,,68,418.981.855.046.125
578242,1,1,68,95,1,,2,1,,800000,,2,2,,,,,,,,,,,,,,,68,409.592.669.328.597
578242,1,2,68,95,2,,,,,,,,2,,,,,,,,,,,,,,,68,409.592.669.328.597
578242,1,3,68,95,2,,,,,,,,2,,,,,,,,,,,,,,,68,409.592.669.328.597
578242,1,4,68,95,2,,,,,,,,2,,,,,,,,,,,,,,,68,409.592.669.328.597
578242,1,5,68,95,2,,,,,,,,2,,,,,,,,,,,,,,,68,409.592.669.328.597
578242,1,6,68,95,2,,,,,,,,2,,,,,,,,,,,,,,,68,409.592.669.328.597
578242,1,7,68,95,2,,,,,,,,2,,,,,,,,,,,,,,,68,409.592.669.328.597
578242,1,8,68,95,2,,,,,,,,2,,,,,,,,,,,,,,,68,409.592.669.328.597
578242,1,9,68,95,2,,,,,,,,2,,,,,,,,,,,,,,,68,409.592.669.328.597
578242,2,1,68,95,2,,,,,,,,2,,,,,,,,,,,,,,,68,409.592.669.328.597
578242,2,2,68,95,2,,,,,,,,1,2,,2,,,,,,1200000,2,1,2,,2,68,409.592.669.328.597
578242,2,6,68,95,2,,,,,,,,2,,,,,,,,,,,,,,,68,409.592.669.328.597
578244,1,1,68,95,1,,2,1,,433704,,2,2,,,,,,,,,,,,,,,68,258.141.009.033.731
578244,1,2,68,95,2,,,,,,,,2,,,,,,,,,,,,,,,68,258.141.009.033.731
578244,1,3,68,95,2,,,,,,,,2,,,,,,,,,,,,,,,68,258.141.009.033.731
578244,1,4,68,95,2,,,,,,,,2,,,,,,,,,,,,,,,68,258.141.009.033.731
578244,1,5,68,95,1,,2,2,400000,,,1,2,,,,,,,,,,,,,,,68,258.141.009.033.731
578244,1,6,68,95,2,,,,,,,,2,,,,,,,,,,,,,,,68,258.141.009.033.731
578245,1,1,68,95,2,,,,,,,,2,,,,,,,,,,,,,,,68,342.960.476.179.571
578245,1,2,68,95,1,,1,2,,,250000,2,2,,,,,,,,,,,,,,,68,342.960.476.179.571
578247,1,1,68,95,2,,,,,,,,1,2,,2,,,,24000000,,,1,2,2,,2,68,344.347.745.458.915
578247,2,1,68,95,2,,,,,,,,2,,,,,,,,,,,,,,,68,344.347.745.458.915
578247,2,2,68,95,2,,,,,,,,2,,,,,,,,,,,,,,,68,344.347.745.458.915
578248,1,1,68,95,1,,1,1,,1380000,800000,2,2,,,,,,,,,,,,,,,68,461.768.362.744.035
578248,1,2,68,95,2,,,,,,,,1,2,,2,,,,,,2000000,2,1,2,,2,68,461.768.362.744.035
578249,1,1,68,95,2,,,,,,,,2,,,,,,,,,,,,,,,68,276.511.310.040.769
578249,1,2,68,95,2,,,,,,,,2,,,,,,,,,,,,,,,68,276.511.310.040.769
578249,1,3,68,95,2,,,,,,,,2,,,,,,,,,,,,,,,68,276.511.310.040.769
578249,2,1,68,95,2,,,,,,,,2,,,,,,,,,,,,,,,68,276.511.310.040.769
578249,2,2,68,95,2,,,,,,,,2,,,,,,,,,,,,,,,68,276.511.310.040.769
578249,2,3,68,95,2,,,,,,,,2,,,,,,,,,,,,,,,68,276.511.310.040.769
578249,2,4,68,95,2,,,,,,,,1,2,,2,,,,,,,2,2,2,100000,1,68,276.511.310.040.769
578250,1,1,68,95,2,,,,,,,,2,,,,,,,,,,,,,,,68,314.586.093.273.431
578250,1,2,68,95,2,,,,,,,,2,,,,,,,,,,,,,,,68,314.586.093.273.431
578250,1,3,68,95,2,,,,,,,,2,,,,,,,,,,,,,,,68,314.586.093.273.431
578250,1,7,68,95,2,,,,,,,,2,,,,,,,,,,,,,,,68,314.586.093.273.431
578251,1,1,68,95,2,,,,,,,,1,2,,2,,,,,,4800000,2,1,2,,2,68,371.786.015.109.329
578251,1,2,68,95,2,,,,,,,,2,,,,,,,,,,,,,,,68,371.786.015.109.329
578252,1,1,68,95,1,,1,2,,,380000,2,2,,,,,,,,,,,,,,,68,417.629.866.044.737
578252,1,2,68,95,2,,,,,,,,2,,,,,,,,,,,,,,,68,417.629.866.044.737
578252,2,1,68,95,2,,,,,,,,1,2,,2,,,,,,300000,2,1,2,,2,68,417.629.866.044.737
578252,2,2,68,95,2,,,,,,,,2,,,,,,,,,,,,,,,68,417.629.866.044.737
578252,3,1,68,95,2,,,,,,,,1,2,,2,,,,,,400000,2,1,2,,2,68,417.629.866.044.737
578252,4,1,68,95,2,,,,,,,,2,,,,,,,,,,,,,,,68,417.629.866.044.737
578253,1,1,68,95,2,,,,,,,,1,2,,2,,,,,,,2,2,2,1000000,1,68,530.682.969.770.535
578253,1,2,68,95,2,,,,,,,,2,,,,,,,,,,,,,,,68,530.682.969.770.535
578253,1,3,68,95,2,,,,,,,,2,,,,,,,,,,,,,,,68,530.682.969.770.535
578253,1,4,68,95,2,,,,,,,,2,,,,,,,,,,,,,,,68,530.682.969.770.535
578254,1,1,68,95,2,,,,,,,,2,,,,,,,,,,,,,,,68,252.727.212.301.921
578254,1,2,68,95,2,,,,,,,,2,,,,,,,,,,,,,,,68,252.727.212.301.921
578254,1,3,68,95,2,,,,,,,,2,,,,,,,,,,,,,,,68,252.727.212.301.921
578255,1,1,68,95,1,,1,2,,,100000,2,2,,,,,,,,,,,,,,,68,332.036.354.162.225
578255,1,2,68,95,2,,,,,,,,1,2,,2,,,,,,,2,2,2,1000000,1,68,332.036.354.162.225
578255,1,3,68,95,2,,,,,,,,2,,,,,,,,,,,,,,,68,332.036.354.162.225
578255,1,4,68,95,2,,,,,,,,2,,,,,,,,,,,,,,,68,332.036.354.162.225
578255,1,5,68,95,2,,,,,,,,2,,,,,,,,,,,,,,,68,332.036.354.162.225
578255,2,1,68,95,2,,,,,,,,2,,,,,,,,,,,,,,,68,332.036.354.162.225
578256,1,1,68,95,1,,2,1,,2000000,,2,2,,,,,,,,,,,,,,,68,316.010.054.744.929
578256,1,2,68,95,2,,,,,,,,2,,,,,,,,,,,,,,,68,316.010.054.744.929
578256,1,3,68,95,2,,,,,,,,2,,,,,,,,,,,,,,,68,316.010.054.744.929
578256,1,4,68,95,2,,,,,,,,2,,,,,,,,,,,,,,,68,316.010.054.744.929
578257,1,1,68,95,1,,1,1,,1000000,500000,2,2,,,,,,,,,,,,,,,68,332.138.875.930.706
578257,1,2,68,95,2,,,,,,,,2,,,,,,,,,,,,,,,68,332.138.875.930.706
578257,1,3,68,95,2,,,,,,,,2,,,,,,,,,,,,,,,68,332.138.875.930.706
578257,1,4,68,95,2,,,,,,,,2,,,,,,,,,,,,,,,68,332.138.875.930.706
578257,1,5,68,95,2,,,,,,,,1,2,,2,,,,,,500000,2,1,2,,2,68,332.138.875.930.706
578258,1,1,68,95,2,,,,,,,,1,2,,2,,,,,,1000000,2,1,2,,2,68,471.738.208.842.194
578258,1,2,68,95,2,,,,,,,,2,,,,,,,,,,,,,,,68,471.738.208.842.194
578258,1,3,68,95,2,,,,,,,,2,,,,,,,,,,,,,,,68,471.738.208.842.194
578258,2,1,68,95,1,,2,1,,800000,,2,2,,,,,,,,,,,,,,,68,471.738.208.842.194
578258,2,2,68,95,2,,,,,,,,1,2,,2,,,,,,500000,2,1,2,,2,68,471.738.208.842.194
578258,2,3,68,95,2,,,,,,,,2,,,,,,,,,,,,,,,68,471.738.208.842.194
578261,1,1,68,95,2,,,,,,,,1,2,,2,500000,,,,,100000,2,1,1,,2,68,32.681.460.958.405
578261,1,2,68,95,2,,,,,,,,2,,,,,,,,,,,,,,,68,32.681.460.958.405
578261,1,3,68,95,2,,,,,,,,1,2,,2,,,,,,800000,2,1,2,,2,68,32.681.460.958.405
578261,1,4,68,95,2,,,,,,,,1,2,,2,800000,,,,,,2,2,1,,2,68,32.681.460.958.405
578261,2,1,68,95,2,,,,,,,,2,,,,,,,,,,,,,,,68,32.681.460.958.405
578261,2,2,68,95,2,,,,,,,,2,,,,,,,,,,,,,,,68,32.681.460.958.405
578262,1,1,68,95,1,,2,1,,1000000,,2,2,,,,,,,,,,,,,,,68,288.571.785.094.515
578262,1,2,68,95,2,,,,,,,,1,2,,2,,,,,,400000,2,1,2,,2,68,288.571.785.094.515
578262,1,3,68,95,2,,,,,,,,2,,,,,,,,,,,,,,,68,288.571.785.094.515
578262,1,4,68,95,2,,,,,,,,1,2,,2,,,,,,12000000,2,1,2,,2,68,288.571.785.094.515
578262,1,5,68,95,2,,,,,,,,2,,,,,,,,,,,,,,,68,288.571.785.094.515
578263,1,1,68,95,2,,,,,,,,2,,,,,,,,,,,,,,,68,436.674.094.683.363
578263,1,2,68,95,2,,,,,,,,2,,,,,,,,,,,,,,,68,436.674.094.683.363
578264,1,1,68,95,2,,,,,,,,2,,,,,,,,,,,,,,,68,362.820.568.234.434
578264,1,2,68,95,2,,,,,,,,2,,,,,,,,,,,,,,,68,362.820.568.234.434
578264,1,3,68,95,2,,,,,,,,2,,,,,,,,,,,,,,,68,362.820.568.234.434
578265,1,1,68,95,1,,2,1,,1500000,,2,2,,,,,,,,,,,,,,,68,371.786.015.109.329
578265,1,2,68,95,2,,,,,,,,2,,,,,,,,,,,,,,,68,371.786.015.109.329
578266,1,1,68,95,2,,,,,,,,1,2,,2,,,,,,60000000,2,1,2,,2,68,300.173.968.481.661
578266,1,2,68,95,2,,,,,,,,2,,,,,,,,,,,,,,,68,300.173.968.481.661
578266,1,3,68,95,2,,,,,,,,2,,,,,,,,,,,,,,,68,300.173.968.481.661
578267,1,1,68,95,1,,2,1,,1000000,,2,1,2,,2,,,,,,1000000,2,1,2,,2,68,371.786.015.109.329
578267,1,2,68,95,2,,,,,,,,1,2,,2,,,,,,10000000,2,1,2,,2,68,371.786.015.109.329
578268,1,1,68,95,1,,1,1,,1200000,1800000,2,1,2,,2,,,,,,1000000,2,1,2,,2,68,371.535.098.866.385
578268,1,2,68,95,1,,1,1,,2000000,2500000,2,2,,,,,,,,,,,,,,,68,371.535.098.866.385
578268,1,3,68,95,2,,,,,,,,2,,,,,,,,,,,,,,,68,371.535.098.866.385
578271,1,1,68,95,2,,,,,,,,2,,,,,,,,,,,,,,,68,437.310.337.373.598
578271,1,2,68,95,2,,,,,,,,2,,,,,,,,,,,,,,,68,437.310.337.373.598
578271,1,3,68,95,2,,,,,,,,2,,,,,,,,,,,,,,,68,437.310.337.373.598
578272,1,1,68,95,2,,,,,,,,2,,,,,,,,,,,,,,,68,427.388.158.188.305
578272,1,2,68,95,2,,,,,,,,1,2,,2,,,,,,2400000,2,1,2,,2,68,427.388.158.188.305
578272,1,3,68,95,2,,,,,,,,2,,,,,,,,,,,,,,,68,427.388.158.188.305
578272,2,1,68,95,2,,,,,,,,2,,,,,,,,,,,,,,,68,427.388.158.188.305
578272,2,2,68,95,2,,,,,,,,1,2,,2,,,,,,2400000,2,1,2,,2,68,427.388.158.188.305
578272,2,3,68,95,2,,,,,,,,2,,,,,,,,,,,,,,,68,427.388.158.188.305
578273,1,1,68,95,2,,,,,,,,2,,,,,,,,,,,,,,,68,419.289.353.282.961
578273,1,2,68,95,1,,2,1,,1000000,,2,2,,,,,,,,,,,,,,,68,419.289.353.282.961
578273,1,3,68,95,2,,,,,,,,2,,,,,,,,,,,,,,,68,419.289.353.282.961
578273,1,4,68,95,2,,,,,,,,2,,,,,,,,,,,,,,,68,419.289.353.282.961
578273,1,7,68,95,2,,,,,,,,2,,,,,,,,,,,,,,,68,419.289.353.282.961
578274,1,1,68,95,1,,1,2,,,300000,2,1,2,,2,,,,,,3000000,2,1,2,,2,68,300.173.968.481.661
578274,1,2,68,95,2,,,,,,,,2,,,,,,,,,,,,,,,68,300.173.968.481.661
578274,1,3,68,95,2,,,,,,,,2,,,,,,,,,,,,,,,68,300.173.968.481.661
578275,1,1,68,95,2,,,,,,,,1,2,,2,,,,,,500000,2,1,2,,2,68,246.327.251.215.058
578275,1,2,68,95,2,,,,,,,,2,,,,,,,,,,,,,,,68,246.327.251.215.058
578275,1,3,68,95,2,,,,,,,,2,,,,,,,,,,,,,,,68,246.327.251.215.058
578275,1,4,68,95,2,,,,,,,,2,,,,,,,,,,,,,,,68,246.327.251.215.058
578276,1,1,68,95,1,,2,1,,4000000,,2,2,,,,,,,,,,,,,,,68,459.173.444.911.349
578276,1,2,68,95,2,,,,,,,,2,,,,,,,,,,,,,,,68,459.173.444.911.349
578276,1,3,68,95,2,,,,,,,,2,,,,,,,,,,,,,,,68,459.173.444.911.349
578276,1,4,68,95,2,,,,,,,,2,,,,,,,,,,,,,,,68,459.173.444.911.349
578277,1,1,68,95,2,,,,,,,,2,,,,,,,,,,,,,,,68,428.595.806.741.648
578277,1,2,68,95,2,,,,,,,,2,,,,,,,,,,,,,,,68,428.595.806.741.648
578277,1,3,68,95,2,,,,,,,,2,,,,,,,,,,,,,,,68,428.595.806.741.648
578278,1,1,68,95,2,,,,,,,,2,,,,,,,,,,,,,,,68,406.243.318.622.579
578278,1,2,68,95,2,,,,,,,,2,,,,,,,,,,,,,,,68,406.243.318.622.579
578278,1,3,68,95,2,,,,,,,,2,,,,,,,,,,,,,,,68,406.243.318.622.579
578279,1,1,68,95,2,,,,,,,,2,,,,,,,,,,,,,,,68,297.579.050.648.975
578279,1,2,68,95,2,,,,,,,,2,,,,,,,,,,,,,,,68,297.579.050.648.975
578279,1,3,68,95,2,,,,,,,,2,,,,,,,,,,,,,,,68,297.579.050.648.975
578279,1,4,68,95,2,,,,,,,,2,,,,,,,,,,,,,,,68,297.579.050.648.975
578279,1,5,68,95,2,,,,,,,,2,,,,,,,,,,,,,,,68,297.579.050.648.975
578280,1,1,68,95,2,,,,,,,,2,,,,,,,,,,,,,,,68,428.595.806.741.648
578280,1,2,68,95,2,,,,,,,,2,,,,,,,,,,,,,,,68,428.595.806.741.648
578280,1,3,68,95,2,,,,,,,,2,,,,,,,,,,,,,,,68,428.595.806.741.648
578281,1,1,68,95,2,,,,,,,,2,,,,,,,,,,,,,,,68,354.491.364.049.774
578281,1,2,68,95,2,,,,,,,,2,,,,,,,,,,,,,,,68,354.491.364.049.774
578281,1,3,68,95,2,,,,,,,,2,,,,,,,,,,,,,,,68,354.491.364.049.774
578281,1,4,68,95,2,,,,,,,,2,,,,,,,,,,,,,,,68,354.491.364.049.774
578281,1,5,68,95,2,,,,,,,,2,,,,,,,,,,,,,,,68,354.491.364.049.774
578282,1,1,68,95,2,,,,,,,,2,,,,,,,,,,,,,,,68,327.386.015.447.157
578282,1,2,68,95,2,,,,,,,,2,,,,,,,,,,,,,,,68,327.386.015.447.157
578283,1,1,68,95,2,,,,,,,,2,,,,,,,,,,,,,,,68,345.304.477.769.314
578284,1,1,68,95,1,,1,2,,,1000000,2,1,2,,2,98,,,,,,2,2,1,,2,68,408.587.320.212.322
578284,1,2,68,95,1,,1,1,,433704,500000,2,2,,,,,,,,,,,,,,,68,408.587.320.212.322
578285,1,1,68,95,2,,,,,,,,2,,,,,,,,,,,,,,,68,399.872.789.580.371
578285,1,2,68,95,2,,,,,,,,2,,,,,,,,,,,,,,,68,399.872.789.580.371
578286,1,1,68,95,2,,,,,,,,1,2,,2,,,,,,6000000,2,1,2,,2,68,424.716.141.398.098
578286,1,2,68,95,2,,,,,,,,2,,,,,,,,,,,,,,,68,424.716.141.398.098
578286,1,3,68,95,2,,,,,,,,2,,,,,,,,,,,,,,,68,424.716.141.398.098
578287,1,1,68,95,2,,,,,,,,2,,,,,,,,,,,,,,,68,438.809.741.105.555
578287,1,2,68,95,2,,,,,,,,2,,,,,,,,,,,,,,,68,438.809.741.105.555
578287,1,3,68,95,2,,,,,,,,2,,,,,,,,,,,,,,,68,438.809.741.105.555
578288,1,1,68,95,2,,,,,,,,2,,,,,,,,,,,,,,,68,367.035.631.493.928
578288,1,2,68,95,2,,,,,,,,2,,,,,,,,,,,,,,,68,367.035.631.493.928
578288,2,1,68,95,2,,,,,,,,2,,,,,,,,,,,,,,,68,367.035.631.493.928
578288,2,2,68,95,2,,,,,,,,1,2,,2,,,,,,98,2,1,2,,2,68,367.035.631.493.928
578288,3,1,68,95,2,,,,,,,,2,,,,,,,,,,,,,,,68,367.035.631.493.928
578289,1,1,68,95,2,,,,,,,,2,,,,,,,,,,,,,,,68,215.674.990.955.985
578289,1,2,68,95,2,,,,,,,,2,,,,,,,,,,,,,,,68,215.674.990.955.985
578289,1,3,68,95,2,,,,,,,,2,,,,,,,,,,,,,,,68,215.674.990.955.985
578289,1,4,68,95,2,,,,,,,,2,,,,,,,,,,,,,,,68,215.674.990.955.985
578290,1,1,68,95,1,,2,1,,800000,,2,1,2,,2,,,,,,98,2,1,2,,2,68,345.304.477.769.314
578291,1,1,68,95,2,,,,,,,,2,,,,,,,,,,,,,,,68,342.960.476.179.571
578291,1,2,68,95,2,,,,,,,,2,,,,,,,,,,,,,,,68,342.960.476.179.571
578292,1,1,68,95,2,,,,,,,,1,2,,2,,,,,,98,2,1,2,,2,68,408.587.320.212.322
578292,1,2,68,95,2,,,,,,,,2,,,,,,,,,,,,,,,68,408.587.320.212.322
578293,1,1,68,95,2,,,,,,,,2,,,,,,,,,,,,,,,68,325.927.450.650.871
578293,1,2,68,95,2,,,,,,,,2,,,,,,,,,,,,,,,68,325.927.450.650.871
578293,1,3,68,95,2,,,,,,,,2,,,,,,,,,,,,,,,68,325.927.450.650.871
578293,1,7,68,95,2,,,,,,,,2,,,,,,,,,,,,,,,68,325.927.450.650.871
578293,1,8,68,95,2,,,,,,,,2,,,,,,,,,,,,,,,68,325.927.450.650.871
578293,1,9,68,95,2,,,,,,,,2,,,,,,,,,,,,,,,68,325.927.450.650.871
578294,1,1,68,95,2,,,,,,,,2,,,,,,,,,,,,,,,68,426.542.862.727.414
578294,1,2,68,95,2,,,,,,,,2,,,,,,,,,,,,,,,68,426.542.862.727.414
578294,1,5,68,95,2,,,,,,,,2,,,,,,,,,,,,,,,68,426.542.862.727.414
578295,1,1,68,95,1,,2,2,400000,,,1,2,,,,,,,,,,,,,,,68,320.034.060.536.524
578295,1,2,68,95,2,,,,,,,,2,,,,,,,,,,,,,,,68,320.034.060.536.524
578295,1,3,68,95,2,,,,,,,,2,,,,,,,,,,,,,,,68,320.034.060.536.524
578295,1,4,68,95,2,,,,,,,,2,,,,,,,,,,,,,,,68,320.034.060.536.524
578296,1,1,68,95,1,,2,1,,1250000,,2,2,,,,,,,,,,,,,,,68,242.595.980.345.972
578296,1,2,68,95,2,,,,,,,,2,,,,,,,,,,,,,,,68,242.595.980.345.972
578296,1,3,68,95,2,,,,,,,,2,,,,,,,,,,,,,,,68,242.595.980.345.972
578296,1,4,68,95,1,,2,2,400000,,,1,2,,,,,,,,,,,,,,,68,242.595.980.345.972
578297,1,1,68,95,2,,,,,,,,2,,,,,,,,,,,,,,,68,522.061.030.663.367
578297,1,2,68,95,2,,,,,,,,2,,,,,,,,,,,,,,,68,522.061.030.663.367
578297,1,3,68,95,2,,,,,,,,2,,,,,,,,,,,,,,,68,522.061.030.663.367
578297,1,4,68,95,2,,,,,,,,2,,,,,,,,,,,,,,,68,522.061.030.663.367
578297,1,5,68,95,2,,,,,,,,2,,,,,,,,,,,,,,,68,522.061.030.663.367
578297,2,1,68,95,2,,,,,,,,1,2,,2,,,,,,1500000,2,1,2,,2,68,522.061.030.663.367
578298,1,1,68,95,2,,,,,,,,2,,,,,,,,,,,,,,,68,327.386.015.447.157
578298,1,2,68,95,2,,,,,,,,2,,,,,,,,,,,,,,,68,327.386.015.447.157
578299,1,1,68,95,2,,,,,,,,2,,,,,,,,,,,,,,,68,496.225.666.257.285
578299,1,2,68,95,2,,,,,,,,2,,,,,,,,,,,,,,,68,496.225.666.257.285
578299,1,3,68,95,2,,,,,,,,2,,,,,,,,,,,,,,,68,496.225.666.257.285
578300,1,1,68,95,1,,2,1,,3850000,,2,2,,,,,,,,,,,,,,,68,342.709.559.936.627
578300,1,2,68,95,2,,,,,,,,2,,,,,,,,,,,,,,,68,342.709.559.936.627
578300,1,3,68,95,2,,,,,,,,2,,,,,,,,,,,,,,,68,342.709.559.936.627
578301,1,1,68,95,2,,,,,,,,2,,,,,,,,,,,,,,,68,340.365.558.346.885
578301,1,2,68,95,2,,,,,,,,2,,,,,,,,,,,,,,,68,340.365.558.346.885
578301,1,3,68,95,2,,,,,,,,2,,,,,,,,,,,,,,,68,340.365.558.346.885
578301,1,4,68,95,2,,,,,,,,2,,,,,,,,,,,,,,,68,340.365.558.346.885
578302,1,1,68,95,2,,,,,,,,2,,,,,,,,,,,,,,,68,250.383.210.712.179
578302,1,2,68,95,1,,1,2,,,120000,2,2,,,,,,,,,,,,,,,68,250.383.210.712.179
578302,2,1,68,95,2,,,,,,,,2,,,,,,,,,,,,,,,68,250.383.210.712.179
578302,2,2,68,95,2,,,,,,,,2,,,,,,,,,,,,,,,68,250.383.210.712.179
578303,1,1,68,95,2,,,,,,,,2,,,,,,,,,,,,,,,68,334.631.271.994.911
578303,1,2,68,95,2,,,,,,,,2,,,,,,,,,,,,,,,68,334.631.271.994.911
578303,1,3,68,95,2,,,,,,,,2,,,,,,,,,,,,,,,68,334.631.271.994.911
578303,1,4,68,95,2,,,,,,,,2,,,,,,,,,,,,,,,68,334.631.271.994.911
578304,1,1,68,95,2,,,,,,,,2,,,,,,,,,,,,,,,68,394.138.503.228.397
578304,1,2,68,95,2,,,,,,,,2,,,,,,,,,,,,,,,68,394.138.503.228.397
578305,1,1,68,95,2,,,,,,,,2,,,,,,,,,,,,,,,68,328.363.264.721.184
578305,1,2,68,95,2,,,,,,,,2,,,,,,,,,,,,,,,68,328.363.264.721.184
578306,1,1,73,95,2,,,,,,,,2,,,,,,,,,,,,,,,73,248.162.468.324.202
578306,1,2,73,95,2,,,,,,,,2,,,,,,,,,,,,,,,73,248.162.468.324.202
578307,1,1,73,95,2,,,,,,,,2,,,,,,,,,,,,,,,73,177.840.497.475.345
578307,1,2,73,95,2,,,,,,,,2,,,,,,,,,,,,,,,73,177.840.497.475.345
578308,1,1,73,95,2,,,,,,,,2,,,,,,,,,,,,,,,73,25.994.709.368.709
578308,1,2,73,95,2,,,,,,,,2,,,,,,,,,,,,,,,73,25.994.709.368.709
578308,1,3,73,95,2,,,,,,,,2,,,,,,,,,,,,,,,73,25.994.709.368.709
578308,1,4,73,95,2,,,,,,,,2,,,,,,,,,,,,,,,73,25.994.709.368.709
578309,1,1,73,95,2,,,,,,,,2,,,,,,,,,,,,,,,73,130.394.745.950.213
578309,1,2,73,95,2,,,,,,,,2,,,,,,,,,,,,,,,73,130.394.745.950.213
578309,1,3,73,95,2,,,,,,,,2,,,,,,,,,,,,,,,73,130.394.745.950.213
578309,1,4,73,95,2,,,,,,,,2,,,,,,,,,,,,,,,73,130.394.745.950.213
578309,1,5,73,95,2,,,,,,,,2,,,,,,,,,,,,,,,73,130.394.745.950.213
578310,1,1,73,95,2,,,,,,,,2,,,,,,,,,,,,,,,73,229.595.663.201.043
578310,1,2,73,95,2,,,,,,,,2,,,,,,,,,,,,,,,73,229.595.663.201.043
578310,1,4,73,95,2,,,,,,,,2,,,,,,,,,,,,,,,73,229.595.663.201.043
578311,1,1,73,95,2,,,,,,,,2,,,,,,,,,,,,,,,73,22.576.878.029.197
578311,1,2,73,95,2,,,,,,,,2,,,,,,,,,,,,,,,73,22.576.878.029.197
578312,1,1,73,95,1,,2,1,,1600000,,2,2,,,,,,,,,,,,,,,73,199.686.079.028.781
578312,1,2,73,95,2,,,,,,,,2,,,,,,,,,,,,,,,73,199.686.079.028.781
578313,1,1,73,95,2,,,,,,,,2,,,,,,,,,,,,,,,73,326.282.194.801.725
578313,1,2,73,95,2,,,,,,,,2,,,,,,,,,,,,,,,73,326.282.194.801.725
578313,1,5,73,95,2,,,,,,,,1,2,,2,,,,,,200000,2,1,2,,2,73,326.282.194.801.725
578314,1,1,73,95,2,,,,,,,,2,,,,,,,,,,,,,,,73,199.686.079.028.781
578314,1,2,73,95,2,,,,,,,,2,,,,,,,,,,,,,,,73,199.686.079.028.781
578315,1,1,73,95,2,,,,,,,,2,,,,,,,,,,,,,,,73,116.234.180.616.633
578315,1,2,73,95,2,,,,,,,,2,,,,,,,,,,,,,,,73,116.234.180.616.633
578315,1,3,73,95,2,,,,,,,,2,,,,,,,,,,,,,,,73,116.234.180.616.633
578315,1,4,73,95,2,,,,,,,,2,,,,,,,,,,,,,,,73,116.234.180.616.633
578316,1,1,73,95,2,,,,,,,,2,,,,,,,,,,,,,,,73,352.209.267.887.663
578316,1,2,73,95,2,,,,,,,,2,,,,,,,,,,,,,,,73,352.209.267.887.663
578316,1,3,73,95,2,,,,,,,,2,,,,,,,,,,,,,,,73,352.209.267.887.663
578316,1,4,73,95,2,,,,,,,,2,,,,,,,,,,,,,,,73,352.209.267.887.663
578316,1,6,73,95,2,,,,,,,,2,,,,,,,,,,,,,,,73,352.209.267.887.663
578319,1,1,73,95,2,,,,,,,,2,,,,,,,,,,,,,,,73,192.422.626.314.247
578319,1,2,73,95,2,,,,,,,,2,,,,,,,,,,,,,,,73,192.422.626.314.247
578320,1,1,73,95,2,,,,,,,,2,,,,,,,,,,,,,,,73,162.513.042.141.985
578321,1,1,73,95,2,,,,,,,,2,,,,,,,,,,,,,,,73,359.397.774.273.487
578321,1,2,73,95,2,,,,,,,,2,,,,,,,,,,,,,,,73,359.397.774.273.487
578322,1,1,73,95,2,,,,,,,,2,,,,,,,,,,,,,,,73,322.795.320.123.918
578322,1,2,73,95,2,,,,,,,,2,,,,,,,,,,,,,,,73,322.795.320.123.918
578322,2,1,73,95,2,,,,,,,,2,,,,,,,,,,,,,,,73,322.795.320.123.918
578322,2,2,73,95,2,,,,,,,,2,,,,,,,,,,,,,,,73,322.795.320.123.918
578323,1,1,73,95,1,,2,1,,2000000,,2,2,,,,,,,,,,,,,,,73,24.158.056.968.409
578324,1,1,73,95,2,,,,,,,,2,,,,,,,,,,,,,,,73,222.774.056.800.295
578324,1,2,73,95,2,,,,,,,,2,,,,,,,,,,,,,,,73,222.774.056.800.295
578324,1,3,73,95,2,,,,,,,,2,,,,,,,,,,,,,,,73,222.774.056.800.295
578325,1,1,73,95,2,,,,,,,,2,,,,,,,,,,,,,,,73,199.676.945.774.106
578325,1,2,73,95,2,,,,,,,,2,,,,,,,,,,,,,,,73,199.676.945.774.106
578325,1,3,73,95,2,,,,,,,,2,,,,,,,,,,,,,,,73,199.676.945.774.106
578325,1,4,73,95,2,,,,,,,,2,,,,,,,,,,,,,,,73,199.676.945.774.106
578326,1,1,73,95,2,,,,,,,,2,,,,,,,,,,,,,,,73,126.924.821.654.453
578326,1,2,73,95,2,,,,,,,,2,,,,,,,,,,,,,,,73,126.924.821.654.453
578326,1,3,73,95,2,,,,,,,,2,,,,,,,,,,,,,,,73,126.924.821.654.453
578326,2,1,73,95,2,,,,,,,,2,,,,,,,,,,,,,,,73,126.924.821.654.453
578326,2,2,73,95,2,,,,,,,,2,,,,,,,,,,,,,,,73,126.924.821.654.453
578326,2,3,73,95,2,,,,,,,,2,,,,,,,,,,,,,,,73,126.924.821.654.453
578327,1,1,73,95,1,,1,2,,,180000,2,2,,,,,,,,,,,,,,,73,177.578.920.795.174
578327,1,2,73,95,2,,,,,,,,2,,,,,,,,,,,,,,,73,177.578.920.795.174
578327,1,3,73,95,2,,,,,,,,2,,,,,,,,,,,,,,,73,177.578.920.795.174
578328,1,1,73,95,2,,,,,,,,2,,,,,,,,,,,,,,,73,181.225.782.298.131
578328,1,2,73,95,2,,,,,,,,2,,,,,,,,,,,,,,,73,181.225.782.298.131
578329,1,1,73,95,2,,,,,,,,2,,,,,,,,,,,,,,,73,391.909.156.105.698
578329,1,2,73,95,2,,,,,,,,2,,,,,,,,,,,,,,,73,391.909.156.105.698
578329,1,3,73,95,2,,,,,,,,1,2,,2,,,,,,100000,2,1,2,,2,73,391.909.156.105.698
578329,1,4,73,95,2,,,,,,,,2,,,,,,,,,,,,,,,73,391.909.156.105.698
578330,1,1,73,95,2,,,,,,,,2,,,,,,,,,,,,,,,73,226.455.004.676.381
578330,1,2,73,95,2,,,,,,,,2,,,,,,,,,,,,,,,73,226.455.004.676.381
578331,1,1,73,95,2,,,,,,,,2,,,,,,,,,,,,,,,73,45.724.306.054.448
578331,1,2,73,95,2,,,,,,,,2,,,,,,,,,,,,,,,73,45.724.306.054.448
578331,1,3,73,95,2,,,,,,,,2,,,,,,,,,,,,,,,73,45.724.306.054.448
578331,1,5,73,95,2,,,,,,,,2,,,,,,,,,,,,,,,73,45.724.306.054.448
578331,1,6,73,95,2,,,,,,,,2,,,,,,,,,,,,,,,73,45.724.306.054.448
578331,1,7,73,95,2,,,,,,,,2,,,,,,,,,,,,,,,73,45.724.306.054.448
578331,1,8,73,95,2,,,,,,,,2,,,,,,,,,,,,,,,73,45.724.306.054.448
578338,1,1,11,95,2,,,,,,,,2,,,,,,,,,,,,,,,11,36.835.577.166.022
578338,1,2,11,95,2,,,,,,,,2,,,,,,,,,,,,,,,11,36.835.577.166.022
578356,1,1,11,95,2,,,,,,,,2,,,,,,,,,,,,,,,11,186.539.837.215.118
578356,1,2,11,95,2,,,,,,,,2,,,,,,,,,,,,,,,11,186.539.837.215.118
578356,1,3,11,95,2,,,,,,,,2,,,,,,,,,,,,,,,11,186.539.837.215.118
578356,2,1,11,95,2,,,,,,,,2,,,,,,,,,,,,,,,11,186.539.837.215.118
578356,3,1,11,95,2,,,,,,,,2,,,,,,,,,,,,,,,11,186.539.837.215.118
578356,3,2,11,95,2,,,,,,,,2,,,,,,,,,,,,,,,11,186.539.837.215.118
578366,1,1,5,95,2,,,,,,,,2,,,,,,,,,,,,,,,5,90.441.957.421.057
578366,1,2,5,95,2,,,,,,,,2,,,,,,,,,,,,,,,5,90.441.957.421.057
578366,1,3,5,95,2,,,,,,,,2,,,,,,,,,,,,,,,5,90.441.957.421.057
578366,1,5,5,95,2,,,,,,,,2,,,,,,,,,,,,,,,5,90.441.957.421.057
578367,1,1,5,95,2,,,,,,,,2,,,,,,,,,,,,,,,5,826.688.827.989.208
578367,1,2,5,95,2,,,,,,,,2,,,,,,,,,,,,,,,5,826.688.827.989.208
578367,1,3,5,95,2,,,,,,,,2,,,,,,,,,,,,,,,5,826.688.827.989.208
578367,1,5,5,95,2,,,,,,,,2,,,,,,,,,,,,,,,5,826.688.827.989.208
578368,1,1,8,95,2,,,,,,,,1,2,,2,,,,,,1200000,2,1,2,,2,8,563.637.040.069.967
578368,1,2,8,95,2,,,,,,,,2,,,,,,,,,,,,,,,8,563.637.040.069.967
578369,1,1,8,95,1,,2,1,,700000,,2,2,,,,,,,,,,,,,,,8,554.623.766.664.392
578369,1,2,8,95,2,,,,,,,,2,,,,,,,,,,,,,,,8,554.623.766.664.392
578370,1,1,8,95,2,,,,,,,,2,,,,,,,,,,,,,,,8,514.540.031.579.915
578370,1,2,8,95,2,,,,,,,,2,,,,,,,,,,,,,,,8,514.540.031.579.915
578371,1,1,8,95,2,,,,,,,,2,,,,,,,,,,,,,,,8,580.852.565.984.844
578371,1,2,8,95,2,,,,,,,,2,,,,,,,,,,,,,,,8,580.852.565.984.844
578371,1,3,8,95,2,,,,,,,,2,,,,,,,,,,,,,,,8,580.852.565.984.844
578372,1,1,8,95,2,,,,,,,,2,,,,,,,,,,,,,,,8,566.908.266.107.671
578372,1,2,8,95,2,,,,,,,,2,,,,,,,,,,,,,,,8,566.908.266.107.671
578373,1,1,8,95,2,,,,,,,,2,,,,,,,,,,,,,,,8,356.733.781.312.406
578373,1,2,8,95,2,,,,,,,,1,2,,2,22200000,,,,,,2,2,1,,2,8,356.733.781.312.406
578373,1,3,8,95,2,,,,,,,,2,,,,,,,,,,,,,,,8,356.733.781.312.406
578373,1,4,8,95,2,,,,,,,,2,,,,,,,,,,,,,,,8,356.733.781.312.406
578374,1,1,8,95,2,,,,,,,,1,2,,2,,,,99,,,1,2,2,,2,8,367.567.105.245.438
578374,1,2,8,95,2,,,,,,,,2,,,,,,,,,,,,,,,8,367.567.105.245.438
578374,1,3,8,95,2,,,,,,,,2,,,,,,,,,,,,,,,8,367.567.105.245.438
578374,1,4,8,95,1,,2,1,,1560000,,2,2,,,,,,,,,,,,,,,8,367.567.105.245.438
578375,1,1,8,95,1,,2,1,,1200000,,2,2,,,,,,,,,,,,,,,8,340.595.894.502.468
578375,1,2,8,95,1,,2,1,,570000,,2,2,,,,,,,,,,,,,,,8,340.595.894.502.468
578375,1,3,8,95,2,,,,,,,,2,,,,,,,,,,,,,,,8,340.595.894.502.468
578377,1,1,8,95,2,,,,,,,,2,,,,,,,,,,,,,,,8,481.388.960.201.405
578377,1,3,8,95,2,,,,,,,,2,,,,,,,,,,,,,,,8,481.388.960.201.405
578378,1,1,8,95,2,,,,,,,,2,,,,,,,,,,,,,,,8,565.821.158.277.508
578378,1,2,8,95,2,,,,,,,,2,,,,,,,,,,,,,,,8,565.821.158.277.508
578379,1,1,8,95,2,,,,,,,,2,,,,,,,,,,,,,,,8,584.380.036.483.237
578380,1,1,8,95,1,,1,2,,,200000,2,2,,,,,,,,,,,,,,,8,446.273.815.566.758
578380,1,2,8,95,2,,,,,,,,2,,,,,,,,,,,,,,,8,446.273.815.566.758
578382,1,1,8,95,2,,,,,,,,2,,,,,,,,,,,,,,,8,640.667.634.712.745
578382,1,2,8,95,2,,,,,,,,2,,,,,,,,,,,,,,,8,640.667.634.712.745
578382,1,3,8,95,2,,,,,,,,2,,,,,,,,,,,,,,,8,640.667.634.712.745
578382,1,4,8,95,2,,,,,,,,2,,,,,,,,,,,,,,,8,640.667.634.712.745
578383,1,1,8,95,2,,,,,,,,2,,,,,,,,,,,,,,,8,580.852.565.984.844
578383,1,2,8,95,2,,,,,,,,2,,,,,,,,,,,,,,,8,580.852.565.984.844
578383,1,4,8,95,2,,,,,,,,2,,,,,,,,,,,,,,,8,580.852.565.984.844
578384,1,1,8,95,2,,,,,,,,2,,,,,,,,,,,,,,,8,692.772.025.886.558
578384,1,2,8,95,2,,,,,,,,2,,,,,,,,,,,,,,,8,692.772.025.886.558
578384,1,3,8,95,2,,,,,,,,2,,,,,,,,,,,,,,,8,692.772.025.886.558
578384,1,4,8,95,2,,,,,,,,2,,,,,,,,,,,,,,,8,692.772.025.886.558
578384,1,5,8,95,2,,,,,,,,2,,,,,,,,,,,,,,,8,692.772.025.886.558
578384,1,6,8,95,2,,,,,,,,2,,,,,,,,,,,,,,,8,692.772.025.886.558
578385,1,1,8,95,2,,,,,,,,2,,,,,,,,,,,,,,,8,502.134.505.500.528
578385,1,2,8,95,2,,,,,,,,2,,,,,,,,,,,,,,,8,502.134.505.500.528
578385,1,3,8,95,2,,,,,,,,2,,,,,,,,,,,,,,,8,502.134.505.500.528
578386,1,1,8,95,2,,,,,,,,1,2,,2,,,,,,98,2,1,2,,2,8,43.822.080.928.579
578386,1,3,8,95,2,,,,,,,,2,,,,,,,,,,,,,,,8,43.822.080.928.579
578387,1,1,8,95,1,,2,1,,98,,2,2,,,,,,,,,,,,,,,8,504.925.601.486.915
578387,1,2,8,95,2,,,,,,,,2,,,,,,,,,,,,,,,8,504.925.601.486.915
578387,1,3,8,95,2,,,,,,,,2,,,,,,,,,,,,,,,8,504.925.601.486.915
578387,1,4,8,95,2,,,,,,,,1,2,,2,,,,,,98,2,1,2,,2,8,504.925.601.486.915
578387,1,5,8,95,2,,,,,,,,2,,,,,,,,,,,,,,,8,504.925.601.486.915
578388,1,1,8,95,1,,2,1,,98,,2,2,,,,,,,,,,,,,,,8,441.236.399.824.083
578388,1,2,8,95,2,,,,,,,,2,,,,,,,,,,,,,,,8,441.236.399.824.083
578388,1,3,8,95,2,,,,,,,,2,,,,,,,,,,,,,,,8,441.236.399.824.083
578388,1,4,8,95,2,,,,,,,,2,,,,,,,,,,,,,,,8,441.236.399.824.083
578389,1,1,8,95,2,,,,,,,,2,,,,,,,,,,,,,,,8,53.936.463.802.775
578389,1,2,8,95,2,,,,,,,,2,,,,,,,,,,,,,,,8,53.936.463.802.775
578389,1,3,8,95,2,,,,,,,,2,,,,,,,,,,,,,,,8,53.936.463.802.775
578390,1,1,8,95,2,,,,,,,,2,,,,,,,,,,,,,,,8,498.626.369.876.212
578390,1,2,8,95,2,,,,,,,,2,,,,,,,,,,,,,,,8,498.626.369.876.212
578390,1,5,8,95,2,,,,,,,,2,,,,,,,,,,,,,,,8,498.626.369.876.212
578391,1,1,8,95,2,,,,,,,,2,,,,,,,,,,,,,,,8,463.323.917.202.307
578392,1,1,8,95,2,,,,,,,,2,,,,,,,,,,,,,,,8,266.926.599.923.824
578392,1,2,8,95,2,,,,,,,,2,,,,,,,,,,,,,,,8,266.926.599.923.824
578392,1,3,8,95,2,,,,,,,,2,,,,,,,,,,,,,,,8,266.926.599.923.824
578395,1,1,8,95,2,,,,,,,,2,,,,,,,,,,,,,,,8,505.170.599.587
578395,1,2,8,95,2,,,,,,,,2,,,,,,,,,,,,,,,8,505.170.599.587
578395,1,3,8,95,2,,,,,,,,2,,,,,,,,,,,,,,,8,505.170.599.587
578396,1,1,8,95,2,,,,,,,,2,,,,,,,,,,,,,,,8,525.668.597.900.185
578396,1,2,8,95,2,,,,,,,,2,,,,,,,,,,,,,,,8,525.668.597.900.185
578396,1,3,8,95,2,,,,,,,,2,,,,,,,,,,,,,,,8,525.668.597.900.185
578396,1,4,8,95,2,,,,,,,,2,,,,,,,,,,,,,,,8,525.668.597.900.185
578397,1,1,8,95,2,,,,,,,,2,,,,,,,,,,,,,,,8,56.140.753.517.059
578397,1,2,8,95,2,,,,,,,,2,,,,,,,,,,,,,,,8,56.140.753.517.059
578397,1,3,8,95,2,,,,,,,,2,,,,,,,,,,,,,,,8,56.140.753.517.059
578397,1,4,8,95,2,,,,,,,,2,,,,,,,,,,,,,,,8,56.140.753.517.059
578398,1,1,8,95,2,,,,,,,,2,,,,,,,,,,,,,,,8,526.416.322.575.188
578398,1,2,8,95,2,,,,,,,,2,,,,,,,,,,,,,,,8,526.416.322.575.188
578399,1,1,8,95,2,,,,,,,,2,,,,,,,,,,,,,,,8,562.889.315.394.964
578399,1,2,8,95,2,,,,,,,,2,,,,,,,,,,,,,,,8,562.889.315.394.964
578399,1,3,8,95,2,,,,,,,,2,,,,,,,,,,,,,,,8,562.889.315.394.964
578399,1,5,8,95,2,,,,,,,,2,,,,,,,,,,,,,,,8,562.889.315.394.964
578400,1,1,8,95,2,,,,,,,,2,,,,,,,,,,,,,,,8,543.950.894.535.851
578400,1,2,8,95,2,,,,,,,,2,,,,,,,,,,,,,,,8,543.950.894.535.851
578400,1,3,8,95,2,,,,,,,,2,,,,,,,,,,,,,,,8,543.950.894.535.851
578400,1,4,8,95,2,,,,,,,,2,,,,,,,,,,,,,,,8,543.950.894.535.851
578400,1,5,8,95,2,,,,,,,,2,,,,,,,,,,,,,,,8,543.950.894.535.851
578400,1,6,8,95,2,,,,,,,,2,,,,,,,,,,,,,,,8,543.950.894.535.851
578401,1,1,8,95,2,,,,,,,,2,,,,,,,,,,,,,,,8,442.580.920.789.037
578401,1,2,8,95,2,,,,,,,,2,,,,,,,,,,,,,,,8,442.580.920.789.037
578402,1,1,8,95,2,,,,,,,,2,,,,,,,,,,,,,,,8,546.411.594.313.455
578402,1,2,8,95,2,,,,,,,,2,,,,,,,,,,,,,,,8,546.411.594.313.455
578402,1,3,8,95,2,,,,,,,,2,,,,,,,,,,,,,,,8,546.411.594.313.455
578403,1,1,8,95,2,,,,,,,,1,2,,2,300000,,,,,,2,2,1,,2,8,498.697.387.157.215
578403,1,2,8,95,2,,,,,,,,2,,,,,,,,,,,,,,,8,498.697.387.157.215
578403,1,3,8,95,2,,,,,,,,2,,,,,,,,,,,,,,,8,498.697.387.157.215
578405,1,1,8,95,2,,,,,,,,2,,,,,,,,,,,,,,,8,478.128.371.563.027
578405,1,2,8,95,2,,,,,,,,2,,,,,,,,,,,,,,,8,478.128.371.563.027
578406,1,1,8,95,1,,1,1,,2000000,200000,2,2,,,,,,,,,,,,,,,8,361.338.890.915.738
578406,1,2,8,95,2,,,,,,,,2,,,,,,,,,,,,,,,8,361.338.890.915.738
578407,1,1,8,95,2,,,,,,,,2,,,,,,,,,,,,,,,8,526.416.322.575.188
578407,1,2,8,95,2,,,,,,,,2,,,,,,,,,,,,,,,8,526.416.322.575.188
578410,1,1,8,95,2,,,,,,,,2,,,,,,,,,,,,,,,8,505.428.328.061.832
578410,1,2,8,95,2,,,,,,,,2,,,,,,,,,,,,,,,8,505.428.328.061.832
578410,1,3,8,95,2,,,,,,,,2,,,,,,,,,,,,,,,8,505.428.328.061.832
578410,1,4,8,95,2,,,,,,,,2,,,,,,,,,,,,,,,8,505.428.328.061.832
578410,1,6,8,95,2,,,,,,,,2,,,,,,,,,,,,,,,8,505.428.328.061.832
578411,1,1,8,95,1,,2,1,,433700,,2,1,2,,2,1500000,,,,,2000000,2,1,1,,2,8,365.125.258.563.065
578411,1,2,8,95,2,,,,,,,,2,,,,,,,,,,,,,,,8,365.125.258.563.065
578412,1,1,8,95,2,,,,,,,,2,,,,,,,,,,,,,,,8,430.074.330.135.215
578412,1,2,8,95,2,,,,,,,,2,,,,,,,,,,,,,,,8,430.074.330.135.215
578413,1,1,8,95,1,,1,2,,,300000,2,2,,,,,,,,,,,,,,,8,442.580.920.789.037
578413,2,1,8,95,2,,,,,,,,2,,,,,,,,,,,,,,,8,442.580.920.789.037
578415,1,1,8,95,2,,,,,,,,2,,,,,,,,,,,,,,,8,475.101.692.508.998
578415,1,2,8,95,2,,,,,,,,2,,,,,,,,,,,,,,,8,475.101.692.508.998
578416,1,1,8,95,2,,,,,,,,2,,,,,,,,,,,,,,,8,454.932.439.951.647
578416,1,2,8,95,2,,,,,,,,2,,,,,,,,,,,,,,,8,454.932.439.951.647
578416,1,4,8,95,2,,,,,,,,2,,,,,,,,,,,,,,,8,454.932.439.951.647
578417,1,1,8,95,2,,,,,,,,2,,,,,,,,,,,,,,,8,579.272.200.304.987
578417,1,2,8,95,2,,,,,,,,2,,,,,,,,,,,,,,,8,579.272.200.304.987
578417,1,3,8,95,2,,,,,,,,2,,,,,,,,,,,,,,,8,579.272.200.304.987
578419,1,1,8,95,2,,,,,,,,2,,,,,,,,,,,,,,,8,4.805.702.182.454
578419,1,2,8,95,2,,,,,,,,2,,,,,,,,,,,,,,,8,4.805.702.182.454
578419,1,3,8,95,2,,,,,,,,2,,,,,,,,,,,,,,,8,4.805.702.182.454
578419,1,5,8,95,2,,,,,,,,2,,,,,,,,,,,,,,,8,4.805.702.182.454
578420,1,1,8,95,2,,,,,,,,2,,,,,,,,,,,,,,,8,429.653.460.623.056
578420,1,2,8,95,2,,,,,,,,2,,,,,,,,,,,,,,,8,429.653.460.623.056
578420,1,3,8,95,2,,,,,,,,2,,,,,,,,,,,,,,,8,429.653.460.623.056
578420,1,4,8,95,2,,,,,,,,2,,,,,,,,,,,,,,,8,429.653.460.623.056
578420,1,5,8,95,2,,,,,,,,2,,,,,,,,,,,,,,,8,429.653.460.623.056
578421,1,1,8,95,2,,,,,,,,2,,,,,,,,,,,,,,,8,438.549.555.041.625
578421,1,2,8,95,2,,,,,,,,2,,,,,,,,,,,,,,,8,438.549.555.041.625
578421,1,3,8,95,2,,,,,,,,2,,,,,,,,,,,,,,,8,438.549.555.041.625
578421,1,4,8,95,2,,,,,,,,2,,,,,,,,,,,,,,,8,438.549.555.041.625
578422,1,1,8,95,1,,1,2,,,400000,2,2,,,,,,,,,,,,,,,8,44.577.108.899.184
578422,1,2,8,95,2,,,,,,,,2,,,,,,,,,,,,,,,8,44.577.108.899.184
578423,1,1,8,95,2,,,,,,,,2,,,,,,,,,,,,,,,8,290.111.443.019.466
578423,1,2,8,95,2,,,,,,,,2,,,,,,,,,,,,,,,8,290.111.443.019.466
578423,1,3,8,95,2,,,,,,,,2,,,,,,,,,,,,,,,8,290.111.443.019.466
578423,1,4,8,95,2,,,,,,,,2,,,,,,,,,,,,,,,8,290.111.443.019.466
578424,1,1,8,95,2,,,,,,,,1,2,,2,,,,,,480000,2,1,2,,2,8,42.117.070.765.024
578424,1,2,8,95,2,,,,,,,,2,,,,,,,,,,,,,,,8,42.117.070.765.024
578424,1,4,8,95,2,,,,,,,,2,,,,,,,,,,,,,,,8,42.117.070.765.024
578425,1,1,8,95,2,,,,,,,,2,,,,,,,,,,,,,,,8,441.236.399.824.083
578425,1,2,8,95,2,,,,,,,,2,,,,,,,,,,,,,,,8,441.236.399.824.083
578425,1,3,8,95,2,,,,,,,,2,,,,,,,,,,,,,,,8,441.236.399.824.083
578425,1,4,8,95,2,,,,,,,,2,,,,,,,,,,,,,,,8,441.236.399.824.083
578426,1,1,8,95,2,,,,,,,,2,,,,,,,,,,,,,,,8,307.170.436.023.302
578426,1,2,8,95,2,,,,,,,,2,,,,,,,,,,,,,,,8,307.170.436.023.302
578426,1,3,8,95,2,,,,,,,,2,,,,,,,,,,,,,,,8,307.170.436.023.302
578426,1,4,8,95,2,,,,,,,,2,,,,,,,,,,,,,,,8,307.170.436.023.302
578426,1,5,8,95,2,,,,,,,,2,,,,,,,,,,,,,,,8,307.170.436.023.302
578427,1,1,8,95,2,,,,,,,,1,2,,2,9600000,,,,,8400000,2,1,1,,2,8,361.338.890.915.738
578427,1,2,8,95,2,,,,,,,,2,,,,,,,,,,,,,,,8,361.338.890.915.738
578428,1,1,8,95,2,,,,,,,,2,,,,,,,,,,,,,,,8,402.334.887.542.108
578428,1,2,8,95,2,,,,,,,,2,,,,,,,,,,,,,,,8,402.334.887.542.108
578428,1,3,8,95,2,,,,,,,,2,,,,,,,,,,,,,,,8,402.334.887.542.108
578428,1,4,8,95,2,,,,,,,,2,,,,,,,,,,,,,,,8,402.334.887.542.108
578430,1,1,8,95,2,,,,,,,,2,,,,,,,,,,,,,,,8,582.884.587.133.232
578430,1,2,8,95,2,,,,,,,,2,,,,,,,,,,,,,,,8,582.884.587.133.232
578430,1,3,8,95,2,,,,,,,,2,,,,,,,,,,,,,,,8,582.884.587.133.232
578430,1,4,8,95,2,,,,,,,,2,,,,,,,,,,,,,,,8,582.884.587.133.232
578430,1,5,8,95,2,,,,,,,,2,,,,,,,,,,,,,,,8,582.884.587.133.232
578431,1,1,8,95,1,,1,1,,2900000,900000,2,2,,,,,,,,,,,,,,,8,343.282.739.284.926
578431,1,2,8,95,2,,,,,,,,2,,,,,,,,,,,,,,,8,343.282.739.284.926
578431,1,3,8,95,2,,,,,,,,2,,,,,,,,,,,,,,,8,343.282.739.284.926
578433,1,1,8,95,2,,,,,,,,2,,,,,,,,,,,,,,,8,479.461.804.012.245
578433,1,3,8,95,2,,,,,,,,2,,,,,,,,,,,,,,,8,479.461.804.012.245
578434,1,1,8,95,2,,,,,,,,2,,,,,,,,,,,,,,,8,447.709.612.253.868
578434,1,2,8,95,2,,,,,,,,2,,,,,,,,,,,,,,,8,447.709.612.253.868
578434,1,3,8,95,2,,,,,,,,2,,,,,,,,,,,,,,,8,447.709.612.253.868
578434,1,4,8,95,2,,,,,,,,2,,,,,,,,,,,,,,,8,447.709.612.253.868
578436,1,1,8,95,2,,,,,,,,2,,,,,,,,,,,,,,,8,484.930.329.748.647
578436,1,2,8,95,2,,,,,,,,2,,,,,,,,,,,,,,,8,484.930.329.748.647
578436,1,3,8,95,2,,,,,,,,2,,,,,,,,,,,,,,,8,484.930.329.748.647
578436,1,4,8,95,2,,,,,,,,2,,,,,,,,,,,,,,,8,484.930.329.748.647
578437,1,1,8,95,1,,1,2,,,80000,2,2,,,,,,,,,,,,,,,8,46.057.554.335.256
578437,1,2,8,95,2,,,,,,,,2,,,,,,,,,,,,,,,8,46.057.554.335.256
578437,1,3,8,95,2,,,,,,,,2,,,,,,,,,,,,,,,8,46.057.554.335.256
578438,1,1,8,95,2,,,,,,,,2,,,,,,,,,,,,,,,8,361.338.890.915.738
578438,1,2,8,95,2,,,,,,,,1,2,,2,,,,,,1200000,2,1,2,,2,8,361.338.890.915.738
578439,1,1,8,95,2,,,,,,,,1,2,,2,,,,,,1500000,2,1,2,,2,8,381.836.889.228.923
578439,1,2,8,95,2,,,,,,,,2,,,,,,,,,,,,,,,8,381.836.889.228.923
578439,1,3,8,95,2,,,,,,,,2,,,,,,,,,,,,,,,8,381.836.889.228.923
578440,1,1,8,95,2,,,,,,,,2,,,,,,,,,,,,,,,8,352.373.669.809.158
578440,1,2,8,95,2,,,,,,,,2,,,,,,,,,,,,,,,8,352.373.669.809.158
578440,1,3,8,95,2,,,,,,,,2,,,,,,,,,,,,,,,8,352.373.669.809.158
578440,1,4,8,95,2,,,,,,,,2,,,,,,,,,,,,,,,8,352.373.669.809.158
578441,1,1,8,95,2,,,,,,,,2,,,,,,,,,,,,,,,8,521.308.486.396.938
578441,1,2,8,95,2,,,,,,,,2,,,,,,,,,,,,,,,8,521.308.486.396.938
578441,1,3,8,95,2,,,,,,,,2,,,,,,,,,,,,,,,8,521.308.486.396.938
578441,1,5,8,95,2,,,,,,,,2,,,,,,,,,,,,,,,8,521.308.486.396.938
578442,1,1,8,95,2,,,,,,,,2,,,,,,,,,,,,,,,8,365.125.258.563.065
578442,1,2,8,95,2,,,,,,,,2,,,,,,,,,,,,,,,8,365.125.258.563.065
578444,1,1,8,95,2,,,,,,,,2,,,,,,,,,,,,,,,8,336.235.782.999.221
578444,1,2,8,95,2,,,,,,,,2,,,,,,,,,,,,,,,8,336.235.782.999.221
578444,1,3,8,95,2,,,,,,,,2,,,,,,,,,,,,,,,8,336.235.782.999.221
578445,1,1,8,95,2,,,,,,,,2,,,,,,,,,,,,,,,8,447.709.612.253.868
578445,1,2,8,95,2,,,,,,,,2,,,,,,,,,,,,,,,8,447.709.612.253.868
578445,1,3,8,95,2,,,,,,,,2,,,,,,,,,,,,,,,8,447.709.612.253.868
578445,1,4,8,95,2,,,,,,,,2,,,,,,,,,,,,,,,8,447.709.612.253.868
578446,1,1,8,95,2,,,,,,,,2,,,,,,,,,,,,,,,8,46.576.576.388.468
578446,1,2,8,95,2,,,,,,,,2,,,,,,,,,,,,,,,8,46.576.576.388.468
578446,1,3,8,95,2,,,,,,,,2,,,,,,,,,,,,,,,8,46.576.576.388.468
578447,1,1,8,95,2,,,,,,,,2,,,,,,,,,,,,,,,8,360.765.147.059.818
578447,1,2,8,95,2,,,,,,,,2,,,,,,,,,,,,,,,8,360.765.147.059.818
578448,1,1,8,95,2,,,,,,,,2,,,,,,,,,,,,,,,8,479.461.804.012.245
578448,1,2,8,95,1,,2,1,,1500000,,2,2,,,,,,,,,,,,,,,8,479.461.804.012.245
578449,1,1,8,95,1,,2,1,,1500000,,2,2,,,,,,,,,,,,,,,8,40.243.725.178
578449,1,2,8,95,2,,,,,,,,2,,,,,,,,,,,,,,,8,40.243.725.178
578449,1,3,8,95,2,,,,,,,,2,,,,,,,,,,,,,,,8,40.243.725.178
578449,1,4,8,95,2,,,,,,,,2,,,,,,,,,,,,,,,8,40.243.725.178
578449,1,5,8,95,2,,,,,,,,2,,,,,,,,,,,,,,,8,40.243.725.178
578449,1,6,8,95,2,,,,,,,,2,,,,,,,,,,,,,,,8,40.243.725.178
578450,1,1,8,95,2,,,,,,,,2,,,,,,,,,,,,,,,8,566.058.906.868.317
578450,1,2,8,95,2,,,,,,,,2,,,,,,,,,,,,,,,8,566.058.906.868.317
578450,1,3,8,95,2,,,,,,,,2,,,,,,,,,,,,,,,8,566.058.906.868.317
578450,1,4,8,95,2,,,,,,,,2,,,,,,,,,,,,,,,8,566.058.906.868.317
578451,1,1,8,95,2,,,,,,,,2,,,,,,,,,,,,,,,8,41.663.661.532.791
578451,1,2,8,95,1,,2,1,,461500,,2,2,,,,,,,,,,,,,,,8,41.663.661.532.791
578451,1,3,8,95,2,,,,,,,,2,,,,,,,,,,,,,,,8,41.663.661.532.791
578451,1,4,8,95,2,,,,,,,,2,,,,,,,,,,,,,,,8,41.663.661.532.791
578451,1,5,8,95,2,,,,,,,,2,,,,,,,,,,,,,,,8,41.663.661.532.791
578452,1,1,8,95,2,,,,,,,,2,,,,,,,,,,,,,,,8,352.373.669.809.158
578452,1,2,8,95,2,,,,,,,,2,,,,,,,,,,,,,,,8,352.373.669.809.158
578452,1,5,8,95,2,,,,,,,,2,,,,,,,,,,,,,,,8,352.373.669.809.158
578452,1,6,8,95,2,,,,,,,,2,,,,,,,,,,,,,,,8,352.373.669.809.158
578453,1,1,8,95,2,,,,,,,,2,,,,,,,,,,,,,,,8,461.405.652.381.433
578453,1,2,8,95,2,,,,,,,,2,,,,,,,,,,,,,,,8,461.405.652.381.433
578453,1,3,8,95,2,,,,,,,,2,,,,,,,,,,,,,,,8,461.405.652.381.433
578454,1,1,8,95,2,,,,,,,,1,2,,2,,,,,,200000,2,1,2,,2,8,480.815.216.345.485
578454,1,4,8,95,2,,,,,,,,2,,,,,,,,,,,,,,,8,480.815.216.345.485
578455,1,1,8,95,2,,,,,,,,2,,,,,,,,,,,,,,,8,565.073.433.602.505
578455,1,2,8,95,2,,,,,,,,2,,,,,,,,,,,,,,,8,565.073.433.602.505
578455,1,3,8,95,2,,,,,,,,2,,,,,,,,,,,,,,,8,565.073.433.602.505
578455,1,4,8,95,2,,,,,,,,2,,,,,,,,,,,,,,,8,565.073.433.602.505
578456,1,1,8,95,1,,2,1,,461500,,2,2,,,,,,,,,,,,,,,8,512.754.116.842.932
578456,1,2,8,95,2,,,,,,,,2,,,,,,,,,,,,,,,8,512.754.116.842.932
578456,1,3,8,95,2,,,,,,,,2,,,,,,,,,,,,,,,8,512.754.116.842.932
578456,1,4,8,95,2,,,,,,,,2,,,,,,,,,,,,,,,8,512.754.116.842.932
578456,1,5,8,95,2,,,,,,,,2,,,,,,,,,,,,,,,8,512.754.116.842.932
578456,1,6,8,95,2,,,,,,,,2,,,,,,,,,,,,,,,8,512.754.116.842.932
578457,1,1,8,95,2,,,,,,,,2,,,,,,,,,,,,,,,8,454.358.696.095.728
578457,1,2,8,95,1,,1,2,,,70000,2,2,,,,,,,,,,,,,,,8,454.358.696.095.728
578457,1,4,8,95,2,,,,,,,,2,,,,,,,,,,,,,,,8,454.358.696.095.728
578458,1,1,8,95,2,,,,,,,,1,2,,2,140000,,,,,,2,2,1,,2,8,367.812.103.345.523
578458,1,2,8,95,2,,,,,,,,1,2,,2,600000,,,,,,2,2,1,,2,8,367.812.103.345.523
578459,1,1,8,95,2,,,,,,,,2,,,,,,,,,,,,,,,8,521.308.486.396.938
578459,1,2,8,95,2,,,,,,,,2,,,,,,,,,,,,,,,8,521.308.486.396.938
578459,1,3,8,95,2,,,,,,,,2,,,,,,,,,,,,,,,8,521.308.486.396.938
578459,1,4,8,95,2,,,,,,,,2,,,,,,,,,,,,,,,8,521.308.486.396.938
578460,1,1,8,95,1,,2,1,,461500,,2,2,,,,,,,,,,,,,,,8,372.871.668.122.343
578460,1,2,8,95,2,,,,,,,,2,,,,,,,,,,,,,,,8,372.871.668.122.343
578460,1,3,8,95,2,,,,,,,,2,,,,,,,,,,,,,,,8,372.871.668.122.343
578460,1,4,8,95,2,,,,,,,,2,,,,,,,,,,,,,,,8,372.871.668.122.343
578460,1,5,8,95,2,,,,,,,,2,,,,,,,,,,,,,,,8,372.871.668.122.343
578461,1,1,8,95,1,,2,1,,461500,,2,2,,,,,,,,,,,,,,,8,505.183.926.807.175
578461,1,2,8,95,2,,,,,,,,2,,,,,,,,,,,,,,,8,505.183.926.807.175
578461,1,3,8,95,2,,,,,,,,2,,,,,,,,,,,,,,,8,505.183.926.807.175
578461,1,4,8,95,2,,,,,,,,2,,,,,,,,,,,,,,,8,505.183.926.807.175
578461,1,5,8,95,2,,,,,,,,2,,,,,,,,,,,,,,,8,505.183.926.807.175
578461,1,6,8,95,2,,,,,,,,2,,,,,,,,,,,,,,,8,505.183.926.807.175
578461,1,7,8,95,2,,,,,,,,2,,,,,,,,,,,,,,,8,505.183.926.807.175
578462,1,1,8,95,1,,2,1,,1200000,,2,2,,,,,,,,,,,,,,,8,403.688.299.875.348
578462,1,2,8,95,2,,,,,,,,2,,,,,,,,,,,,,,,8,403.688.299.875.348
578462,1,3,8,95,2,,,,,,,,2,,,,,,,,,,,,,,,8,403.688.299.875.348
578462,1,4,8,95,2,,,,,,,,2,,,,,,,,,,,,,,,8,403.688.299.875.348
578463,1,1,8,95,2,,,,,,,,2,,,,,,,,,,,,,,,8,565.331.162.077.337
578463,1,2,8,95,1,,2,1,,461500,,2,2,,,,,,,,,,,,,,,8,565.331.162.077.337
578463,1,3,8,95,2,,,,,,,,2,,,,,,,,,,,,,,,8,565.331.162.077.337
578463,1,4,8,95,2,,,,,,,,2,,,,,,,,,,,,,,,8,565.331.162.077.337
578463,1,5,8,95,2,,,,,,,,2,,,,,,,,,,,,,,,8,565.331.162.077.337
578463,1,6,8,95,2,,,,,,,,2,,,,,,,,,,,,,,,8,565.331.162.077.337
578464,1,1,8,95,2,,,,,,,,2,,,,,,,,,,,,,,,8,52.372.947.779.273
578464,1,2,8,95,2,,,,,,,,2,,,,,,,,,,,,,,,8,52.372.947.779.273
578465,1,1,8,95,2,,,,,,,,2,,,,,,,,,,,,,,,8,579.774.926.879.905
578465,1,2,8,95,2,,,,,,,,2,,,,,,,,,,,,,,,8,579.774.926.879.905
578465,1,6,8,95,2,,,,,,,,2,,,,,,,,,,,,,,,8,579.774.926.879.905
578466,1,1,8,95,1,,2,2,500000,,,1,2,,,,,,,,,,,,,,,8,543.139.041.756.782
578467,1,1,13,95,2,,,,,,,,2,,,,,,,,,,,,,,,13,34.969.883.795.188
578467,1,2,13,95,2,,,,,,,,2,,,,,,,,,,,,,,,13,34.969.883.795.188
578467,1,3,13,95,2,,,,,,,,2,,,,,,,,,,,,,,,13,34.969.883.795.188
578467,1,4,13,95,2,,,,,,,,2,,,,,,,,,,,,,,,13,34.969.883.795.188
578468,1,1,13,95,1,,2,1,,700000,,2,2,,,,,,,,,,,,,,,13,315.393.866.220.568
578468,1,2,13,95,2,,,,,,,,2,,,,,,,,,,,,,,,13,315.393.866.220.568
578468,1,3,13,95,2,,,,,,,,2,,,,,,,,,,,,,,,13,315.393.866.220.568
578468,1,5,13,95,2,,,,,,,,2,,,,,,,,,,,,,,,13,315.393.866.220.568
578468,1,6,13,95,2,,,,,,,,2,,,,,,,,,,,,,,,13,315.393.866.220.568
578469,1,1,13,95,1,,2,1,,700000,,2,2,,,,,,,,,,,,,,,13,261.849.693.389.888
578469,1,2,13,95,2,,,,,,,,2,,,,,,,,,,,,,,,13,261.849.693.389.888
578470,1,1,13,95,1,,1,2,,,450000,2,2,,,,,,,,,,,,,,,13,276.088.466.703.692
578470,1,2,13,95,2,,,,,,,,2,,,,,,,,,,,,,,,13,276.088.466.703.692
578471,1,1,13,95,2,,,,,,,,2,,,,,,,,,,,,,,,13,257.318.976.106.635
578471,1,2,13,95,2,,,,,,,,2,,,,,,,,,,,,,,,13,257.318.976.106.635
578471,2,1,13,95,2,,,,,,,,2,,,,,,,,,,,,,,,13,257.318.976.106.635
578471,2,2,13,95,2,,,,,,,,2,,,,,,,,,,,,,,,13,257.318.976.106.635
578472,1,1,13,95,1,,2,1,,700000,,2,2,,,,,,,,,,,,,,,13,324.468.993.721.451
578472,1,2,13,95,2,,,,,,,,2,,,,,,,,,,,,,,,13,324.468.993.721.451
578472,1,3,13,95,2,,,,,,,,2,,,,,,,,,,,,,,,13,324.468.993.721.451
578472,1,4,13,95,2,,,,,,,,2,,,,,,,,,,,,,,,13,324.468.993.721.451
578472,1,5,13,95,2,,,,,,,,2,,,,,,,,,,,,,,,13,324.468.993.721.451
578473,1,1,13,95,2,,,,,,,,2,,,,,,,,,,,,,,,13,30.535.835.901.228
578474,1,1,13,95,2,,,,,,,,2,,,,,,,,,,,,,,,13,251.076.054.206.763
578474,1,2,13,95,2,,,,,,,,2,,,,,,,,,,,,,,,13,251.076.054.206.763
578475,1,1,13,95,1,,2,1,,781160,,2,2,,,,,,,,,,,,,,,13,281.779.956.127.894
578475,1,2,13,95,2,,,,,,,,2,,,,,,,,,,,,,,,13,281.779.956.127.894
578476,1,1,13,95,2,,,,,,,,2,,,,,,,,,,,,,,,13,265.937.822.848.907
578476,1,2,13,95,1,,2,1,,1150000,,2,2,,,,,,,,,,,,,,,13,265.937.822.848.907
578476,1,3,13,95,2,,,,,,,,2,,,,,,,,,,,,,,,13,265.937.822.848.907
578477,1,1,13,95,2,,,,,,,,2,,,,,,,,,,,,,,,13,28.709.992.997.398
578477,1,2,13,95,2,,,,,,,,2,,,,,,,,,,,,,,,13,28.709.992.997.398
578477,1,3,13,95,2,,,,,,,,2,,,,,,,,,,,,,,,13,28.709.992.997.398
578478,1,1,13,95,2,,,,,,,,2,,,,,,,,,,,,,,,13,366.784.029.743.366
578478,1,2,13,95,2,,,,,,,,2,,,,,,,,,,,,,,,13,366.784.029.743.366
578478,1,3,13,95,2,,,,,,,,2,,,,,,,,,,,,,,,13,366.784.029.743.366
578478,1,4,13,95,2,,,,,,,,2,,,,,,,,,,,,,,,13,366.784.029.743.366
578478,1,5,13,95,2,,,,,,,,2,,,,,,,,,,,,,,,13,366.784.029.743.366
578478,1,6,13,95,2,,,,,,,,2,,,,,,,,,,,,,,,13,366.784.029.743.366
578479,1,1,13,95,2,,,,,,,,2,,,,,,,,,,,,,,,13,130.625.784.605.094
578480,1,1,13,95,1,,1,2,,,500000,2,2,,,,,,,,,,,,,,,13,27.608.766.019.132
578480,1,2,13,95,2,,,,,,,,2,,,,,,,,,,,,,,,13,27.608.766.019.132
578480,1,3,13,95,2,,,,,,,,2,,,,,,,,,,,,,,,13,27.608.766.019.132
578480,1,4,13,95,2,,,,,,,,2,,,,,,,,,,,,,,,13,27.608.766.019.132
578481,1,1,13,95,2,,,,,,,,2,,,,,,,,,,,,,,,13,318.795.769.365.705
578481,1,2,13,95,2,,,,,,,,2,,,,,,,,,,,,,,,13,318.795.769.365.705
578481,1,4,13,95,2,,,,,,,,2,,,,,,,,,,,,,,,13,318.795.769.365.705
578481,1,5,13,95,2,,,,,,,,2,,,,,,,,,,,,,,,13,318.795.769.365.705
578481,1,6,13,95,2,,,,,,,,2,,,,,,,,,,,,,,,13,318.795.769.365.705
578481,1,7,13,95,2,,,,,,,,2,,,,,,,,,,,,,,,13,318.795.769.365.705
578482,1,1,13,95,2,,,,,,,,2,,,,,,,,,,,,,,,13,293.433.830.363.812
578482,1,2,13,95,2,,,,,,,,2,,,,,,,,,,,,,,,13,293.433.830.363.812
578482,1,3,13,95,2,,,,,,,,2,,,,,,,,,,,,,,,13,293.433.830.363.812
578483,1,1,13,95,1,,2,1,,1400000,,2,2,,,,,,,,,,,,,,,13,272.112.289.236.528
578483,1,2,13,95,2,,,,,,,,2,,,,,,,,,,,,,,,13,272.112.289.236.528
578483,1,3,13,95,2,,,,,,,,2,,,,,,,,,,,,,,,13,272.112.289.236.528
578484,1,1,13,95,2,,,,,,,,2,,,,,,,,,,,,,,,13,273.978.347.319.467
578484,1,2,13,95,2,,,,,,,,2,,,,,,,,,,,,,,,13,273.978.347.319.467
578485,1,1,13,95,2,,,,,,,,1,2,,2,6000000,,,,,,2,2,1,,2,13,361.517.533.050.925
578485,1,2,13,95,2,,,,,,,,2,,,,,,,,,,,,,,,13,361.517.533.050.925
578485,1,3,13,95,2,,,,,,,,2,,,,,,,,,,,,,,,13,361.517.533.050.925
578485,1,4,13,95,2,,,,,,,,2,,,,,,,,,,,,,,,13,361.517.533.050.925
578486,1,1,13,95,2,,,,,,,,2,,,,,,,,,,,,,,,13,325.031.795.784.298
578486,1,2,13,95,2,,,,,,,,2,,,,,,,,,,,,,,,13,325.031.795.784.298
578486,1,3,13,95,2,,,,,,,,2,,,,,,,,,,,,,,,13,325.031.795.784.298
578486,1,4,13,95,2,,,,,,,,2,,,,,,,,,,,,,,,13,325.031.795.784.298
578486,1,5,13,95,2,,,,,,,,2,,,,,,,,,,,,,,,13,325.031.795.784.298
578486,1,6,13,95,2,,,,,,,,2,,,,,,,,,,,,,,,13,325.031.795.784.298
578487,1,1,13,95,1,,2,1,,98,,2,2,,,,,,,,,,,,,,,13,268.890.750.385.316
578487,1,2,13,95,2,,,,,,,,2,,,,,,,,,,,,,,,13,268.890.750.385.316
578487,1,5,13,95,2,,,,,,,,1,2,,2,1200000,,,,,,2,2,1,,2,13,268.890.750.385.316
578488,1,1,13,95,2,,,,,,,,2,,,,,,,,,,,,,,,13,261.212.112.304.946
578488,1,2,13,95,2,,,,,,,,2,,,,,,,,,,,,,,,13,261.212.112.304.946
578489,1,1,13,95,2,,,,,,,,2,,,,,,,,,,,,,,,13,284.572.723.782.018
578489,1,2,13,95,2,,,,,,,,2,,,,,,,,,,,,,,,13,284.572.723.782.018
578489,1,3,13,95,2,,,,,,,,2,,,,,,,,,,,,,,,13,284.572.723.782.018
578489,1,4,13,95,2,,,,,,,,2,,,,,,,,,,,,,,,13,284.572.723.782.018
578491,1,1,13,95,2,,,,,,,,1,2,,2,,,,,,3600000,2,1,2,,2,13,307.087.192.586.959
578491,1,2,13,95,2,,,,,,,,2,,,,,,,,,,,,,,,13,307.087.192.586.959
578491,1,3,13,95,2,,,,,,,,2,,,,,,,,,,,,,,,13,307.087.192.586.959
578492,1,1,13,95,2,,,,,,,,1,2,,2,3600000,,,,,,2,2,1,,2,13,299.283.354.940.456
578493,1,1,13,95,2,,,,,,,,2,,,,,,,,,,,,,,,13,120.963.744.312.273
578493,1,2,13,95,2,,,,,,,,2,,,,,,,,,,,,,,,13,120.963.744.312.273
578494,1,1,13,95,2,,,,,,,,2,,,,,,,,,,,,,,,13,282.878.458.729.796
578494,1,2,13,95,2,,,,,,,,2,,,,,,,,,,,,,,,13,282.878.458.729.796
578494,1,3,13,95,2,,,,,,,,2,,,,,,,,,,,,,,,13,282.878.458.729.796
578494,1,4,13,95,2,,,,,,,,2,,,,,,,,,,,,,,,13,282.878.458.729.796
578494,1,5,13,95,2,,,,,,,,2,,,,,,,,,,,,,,,13,282.878.458.729.796
578495,1,1,13,95,2,,,,,,,,1,2,,2,,,,,,1500000,2,1,2,,2,13,274.006.466.856.933
578495,1,2,13,95,2,,,,,,,,2,,,,,,,,,,,,,,,13,274.006.466.856.933
578495,1,3,13,95,2,,,,,,,,2,,,,,,,,,,,,,,,13,274.006.466.856.933
578495,1,4,13,95,2,,,,,,,,2,,,,,,,,,,,,,,,13,274.006.466.856.933
578495,1,5,13,95,2,,,,,,,,2,,,,,,,,,,,,,,,13,274.006.466.856.933
578495,1,6,13,95,2,,,,,,,,2,,,,,,,,,,,,,,,13,274.006.466.856.933
578495,1,7,13,95,2,,,,,,,,2,,,,,,,,,,,,,,,13,274.006.466.856.933
578498,1,1,13,95,2,,,,,,,,2,,,,,,,,,,,,,,,13,358.196.949.972.584
578498,1,2,13,95,2,,,,,,,,2,,,,,,,,,,,,,,,13,358.196.949.972.584
578498,1,3,13,95,2,,,,,,,,2,,,,,,,,,,,,,,,13,358.196.949.972.584
578498,1,6,13,95,2,,,,,,,,2,,,,,,,,,,,,,,,13,358.196.949.972.584
578498,1,7,13,95,2,,,,,,,,2,,,,,,,,,,,,,,,13,358.196.949.972.584
578498,1,9,13,95,2,,,,,,,,2,,,,,,,,,,,,,,,13,358.196.949.972.584
578498,1,10,13,95,2,,,,,,,,2,,,,,,,,,,,,,,,13,358.196.949.972.584
578498,1,11,13,95,2,,,,,,,,2,,,,,,,,,,,,,,,13,358.196.949.972.584
578498,1,12,13,95,2,,,,,,,,2,,,,,,,,,,,,,,,13,358.196.949.972.584
578499,1,1,13,95,2,,,,,,,,2,,,,,,,,,,,,,,,13,347.055.535.708.134
578499,1,2,13,95,2,,,,,,,,2,,,,,,,,,,,,,,,13,347.055.535.708.134
578499,1,3,13,95,2,,,,,,,,2,,,,,,,,,,,,,,,13,347.055.535.708.134
578499,1,4,13,95,2,,,,,,,,2,,,,,,,,,,,,,,,13,347.055.535.708.134
578500,1,1,13,95,2,,,,,,,,1,2,,2,24000000,,,,,,2,2,1,,2,13,277.247.920.565.048
578500,1,2,13,95,2,,,,,,,,2,,,,,,,,,,,,,,,13,277.247.920.565.048
578500,1,3,13,95,2,,,,,,,,2,,,,,,,,,,,,,,,13,277.247.920.565.048
578501,1,1,13,95,2,,,,,,,,2,,,,,,,,,,,,,,,13,269.792.525.285.671
578501,1,2,13,95,2,,,,,,,,2,,,,,,,,,,,,,,,13,269.792.525.285.671
578501,1,3,13,95,2,,,,,,,,2,,,,,,,,,,,,,,,13,269.792.525.285.671
578501,1,4,13,95,2,,,,,,,,2,,,,,,,,,,,,,,,13,269.792.525.285.671
578501,1,5,13,95,2,,,,,,,,2,,,,,,,,,,,,,,,13,269.792.525.285.671
578501,1,6,13,95,2,,,,,,,,1,2,,2,,,,,,3000000,2,1,2,,2,13,269.792.525.285.671
578501,1,7,13,95,2,,,,,,,,1,2,,2,,,,,,1200000,2,1,2,,2,13,269.792.525.285.671
578502,1,1,13,95,2,,,,,,,,1,2,,2,,,,,,3600000,2,1,2,,2,13,286.642.135.749.772
578502,1,2,13,95,2,,,,,,,,1,2,,2,,,,,,1200000,2,1,2,,2,13,286.642.135.749.772
578503,1,1,13,95,2,,,,,,,,2,,,,,,,,,,,,,,,13,285.153.207.839.913
578503,1,2,13,95,2,,,,,,,,2,,,,,,,,,,,,,,,13,285.153.207.839.913
578503,1,3,13,95,2,,,,,,,,2,,,,,,,,,,,,,,,13,285.153.207.839.913
578505,1,1,13,95,2,,,,,,,,2,,,,,,,,,,,,,,,13,332.869.837.190.475
578505,1,2,13,95,2,,,,,,,,2,,,,,,,,,,,,,,,13,332.869.837.190.475
578505,1,3,13,95,2,,,,,,,,2,,,,,,,,,,,,,,,13,332.869.837.190.475
578505,1,4,13,95,2,,,,,,,,2,,,,,,,,,,,,,,,13,332.869.837.190.475
578525,1,1,54,95,1,,1,2,,,80000,2,2,,,,,,,,,,,,,,,54,275.123.928.460.875
578525,1,3,54,95,2,,,,,,,,2,,,,,,,,,,,,,,,54,275.123.928.460.875
578525,1,4,54,95,2,,,,,,,,2,,,,,,,,,,,,,,,54,275.123.928.460.875
578525,1,5,54,95,2,,,,,,,,2,,,,,,,,,,,,,,,54,275.123.928.460.875
578525,1,6,54,95,2,,,,,,,,2,,,,,,,,,,,,,,,54,275.123.928.460.875
578525,1,7,54,95,2,,,,,,,,2,,,,,,,,,,,,,,,54,275.123.928.460.875
578526,1,1,54,95,2,,,,,,,,2,,,,,,,,,,,,,,,54,287.684.153.827.891
578526,1,2,54,95,2,,,,,,,,2,,,,,,,,,,,,,,,54,287.684.153.827.891
578526,1,4,54,95,2,,,,,,,,2,,,,,,,,,,,,,,,54,287.684.153.827.891
578527,1,1,54,95,1,,1,2,,,98,2,2,,,,,,,,,,,,,,,54,291.108.098.861.281
578527,1,2,54,95,2,,,,,,,,2,,,,,,,,,,,,,,,54,291.108.098.861.281
578527,1,3,54,95,2,,,,,,,,2,,,,,,,,,,,,,,,54,291.108.098.861.281
578527,1,4,54,95,2,,,,,,,,2,,,,,,,,,,,,,,,54,291.108.098.861.281
578527,1,6,54,95,2,,,,,,,,1,2,,1,,,300000,,,,2,2,2,,2,54,291.108.098.861.281
578528,1,1,54,95,2,,,,,,,,2,,,,,,,,,,,,,,,54,27.195.281.614.225
578528,1,2,54,95,2,,,,,,,,2,,,,,,,,,,,,,,,54,27.195.281.614.225
578528,1,3,54,95,2,,,,,,,,2,,,,,,,,,,,,,,,54,27.195.281.614.225
578528,1,4,54,95,2,,,,,,,,2,,,,,,,,,,,,,,,54,27.195.281.614.225
578528,1,5,54,95,2,,,,,,,,2,,,,,,,,,,,,,,,54,27.195.281.614.225
578529,1,1,54,95,2,,,,,,,,2,,,,,,,,,,,,,,,54,365.003.056.709.353
578529,1,2,54,95,2,,,,,,,,2,,,,,,,,,,,,,,,54,365.003.056.709.353
578530,1,1,54,95,2,,,,,,,,2,,,,,,,,,,,,,,,54,336.835.134.025.094
578530,1,2,54,95,2,,,,,,,,2,,,,,,,,,,,,,,,54,336.835.134.025.094
578530,1,3,54,95,2,,,,,,,,2,,,,,,,,,,,,,,,54,336.835.134.025.094
578531,1,1,54,95,2,,,,,,,,2,,,,,,,,,,,,,,,54,318.005.370.052.562
578531,1,2,54,95,2,,,,,,,,2,,,,,,,,,,,,,,,54,318.005.370.052.562
578532,1,1,54,95,2,,,,,,,,2,,,,,,,,,,,,,,,54,273.853.276.967.896
578532,1,2,54,95,2,,,,,,,,2,,,,,,,,,,,,,,,54,273.853.276.967.896
578532,1,3,54,95,2,,,,,,,,2,,,,,,,,,,,,,,,54,273.853.276.967.896
578532,1,4,54,95,2,,,,,,,,2,,,,,,,,,,,,,,,54,273.853.276.967.896
578533,1,1,54,95,2,,,,,,,,2,,,,,,,,,,,,,,,54,362.217.327.825.644
578533,1,2,54,95,2,,,,,,,,2,,,,,,,,,,,,,,,54,362.217.327.825.644
578533,1,4,54,95,2,,,,,,,,2,,,,,,,,,,,,,,,54,362.217.327.825.644
578534,1,1,54,95,2,,,,,,,,2,,,,,,,,,,,,,,,54,293.785.791.067.918
578534,1,2,54,95,2,,,,,,,,2,,,,,,,,,,,,,,,54,293.785.791.067.918
578534,1,3,54,95,2,,,,,,,,2,,,,,,,,,,,,,,,54,293.785.791.067.918
578534,1,4,54,95,2,,,,,,,,1,2,,1,,,800000,,,,2,2,2,,2,54,293.785.791.067.918
578535,1,1,54,95,2,,,,,,,,1,2,,1,,,800000,,,,2,2,2,,2,54,280.168.823.381.517
578535,1,2,54,95,2,,,,,,,,2,,,,,,,,,,,,,,,54,280.168.823.381.517
578536,1,1,54,95,2,,,,,,,,2,,,,,,,,,,,,,,,54,318.421.732.041.715
578537,1,1,54,95,2,,,,,,,,2,,,,,,,,,,,,,,,54,287.159.755.161.666
578537,1,2,54,95,2,,,,,,,,2,,,,,,,,,,,,,,,54,287.159.755.161.666
578537,1,3,54,95,2,,,,,,,,2,,,,,,,,,,,,,,,54,287.159.755.161.666
578537,1,4,54,95,2,,,,,,,,1,2,,1,,,400000,,,,2,2,2,,2,54,287.159.755.161.666
578538,1,1,54,95,2,,,,,,,,2,,,,,,,,,,,,,,,54,327.531.405.912.205
578538,1,2,54,95,2,,,,,,,,2,,,,,,,,,,,,,,,54,327.531.405.912.205
578538,1,3,54,95,2,,,,,,,,2,,,,,,,,,,,,,,,54,327.531.405.912.205
578538,1,4,54,95,2,,,,,,,,2,,,,,,,,,,,,,,,54,327.531.405.912.205
578539,1,1,54,95,1,,1,2,,,50000,2,1,2,,2,,,,,,360000,2,1,2,,2,54,280.168.823.381.517
578539,1,2,54,95,2,,,,,,,,1,2,,2,,,,,,1200000,2,1,2,,2,54,280.168.823.381.517
578540,1,1,54,95,2,,,,,,,,1,2,,1,,,1230000,,,,2,2,2,,2,54,318.421.732.041.715
578541,1,1,54,95,2,,,,,,,,2,,,,,,,,,,,,,,,54,395.527.179.335.808
578541,1,2,54,95,2,,,,,,,,2,,,,,,,,,,,,,,,54,395.527.179.335.808
578542,1,1,54,95,2,,,,,,,,2,,,,,,,,,,,,,,,54,289.837.447.368.303
578542,1,2,54,95,2,,,,,,,,2,,,,,,,,,,,,,,,54,289.837.447.368.303
578542,1,3,54,95,2,,,,,,,,2,,,,,,,,,,,,,,,54,289.837.447.368.303
578543,1,1,54,95,2,,,,,,,,2,,,,,,,,,,,,,,,54,352.477.836.378.633
578543,1,2,54,95,2,,,,,,,,2,,,,,,,,,,,,,,,54,352.477.836.378.633
578543,1,3,54,95,2,,,,,,,,2,,,,,,,,,,,,,,,54,352.477.836.378.633
578544,1,1,54,95,2,,,,,,,,2,,,,,,,,,,,,,,,54,371.395.782.097.043
578544,1,2,54,95,2,,,,,,,,2,,,,,,,,,,,,,,,54,371.395.782.097.043
578544,1,7,54,95,2,,,,,,,,2,,,,,,,,,,,,,,,54,371.395.782.097.043
578545,1,1,54,95,2,,,,,,,,2,,,,,,,,,,,,,,,54,287.159.755.161.666
578545,1,2,54,95,2,,,,,,,,2,,,,,,,,,,,,,,,54,287.159.755.161.666
578545,1,3,54,95,2,,,,,,,,1,2,,2,,,,,,98,2,1,2,,2,54,287.159.755.161.666
578545,1,4,54,95,2,,,,,,,,2,,,,,,,,,,,,,,,54,287.159.755.161.666
578546,1,1,54,95,2,,,,,,,,2,,,,,,,,,,,,,,,54,330.590.455.071.699
578546,1,2,54,95,1,,1,2,,,150000,2,2,,,,,,,,,,,,,,,54,330.590.455.071.699
578546,2,1,54,95,2,,,,,,,,2,,,,,,,,,,,,,,,54,330.590.455.071.699
578546,2,2,54,95,2,,,,,,,,2,,,,,,,,,,,,,,,54,330.590.455.071.699
578547,1,1,54,95,2,,,,,,,,2,,,,,,,,,,,,,,,54,296.463.483.274.555
578547,1,2,54,95,2,,,,,,,,2,,,,,,,,,,,,,,,54,296.463.483.274.555
578547,1,3,54,95,2,,,,,,,,2,,,,,,,,,,,,,,,54,296.463.483.274.555
578548,1,1,54,95,2,,,,,,,,2,,,,,,,,,,,,,,,54,245.249.590.949.515
578548,1,2,54,95,2,,,,,,,,2,,,,,,,,,,,,,,,54,245.249.590.949.515
578548,1,3,54,95,2,,,,,,,,2,,,,,,,,,,,,,,,54,245.249.590.949.515
578548,1,5,54,95,2,,,,,,,,2,,,,,,,,,,,,,,,54,245.249.590.949.515
578549,1,1,54,95,2,,,,,,,,2,,,,,,,,,,,,,,,54,25.864.633.794.848
578549,1,2,54,95,2,,,,,,,,1,2,,2,,,,,,480000,2,1,2,,2,54,25.864.633.794.848
578549,1,3,54,95,2,,,,,,,,2,,,,,,,,,,,,,,,54,25.864.633.794.848
578549,1,4,54,95,2,,,,,,,,2,,,,,,,,,,,,,,,54,25.864.633.794.848
578549,1,5,54,95,2,,,,,,,,2,,,,,,,,,,,,,,,54,25.864.633.794.848
578550,1,1,54,95,2,,,,,,,,2,,,,,,,,,,,,,,,54,32.128.672.695.881
578550,1,2,54,95,2,,,,,,,,2,,,,,,,,,,,,,,,54,32.128.672.695.881
578550,1,3,54,95,1,,1,2,,,80000,2,2,,,,,,,,,,,,,,,54,32.128.672.695.881
578550,1,4,54,95,2,,,,,,,,2,,,,,,,,,,,,,,,54,32.128.672.695.881
578550,1,5,54,95,2,,,,,,,,2,,,,,,,,,,,,,,,54,32.128.672.695.881
578551,1,1,54,95,1,,2,1,,1300000,,2,2,,,,,,,,,,,,,,,54,399.494.924.380.394
578551,1,2,54,95,2,,,,,,,,2,,,,,,,,,,,,,,,54,399.494.924.380.394
578551,1,3,54,95,2,,,,,,,,2,,,,,,,,,,,,,,,54,399.494.924.380.394
578551,1,5,54,95,2,,,,,,,,2,,,,,,,,,,,,,,,54,399.494.924.380.394
578551,1,6,54,95,1,,2,2,250000,,,1,2,,,,,,,,,,,,,,,54,399.494.924.380.394
578552,1,1,54,95,1,,1,2,,,600000,2,2,,,,,,,,,,,,,,,54,35.515.552.858.527
578552,1,2,54,95,2,,,,,,,,2,,,,,,,,,,,,,,,54,35.515.552.858.527
578553,1,1,54,95,2,,,,,,,,2,,,,,,,,,,,,,,,54,403.132.778.587.377
578553,1,2,54,95,2,,,,,,,,2,,,,,,,,,,,,,,,54,403.132.778.587.377
578553,1,3,54,95,2,,,,,,,,2,,,,,,,,,,,,,,,54,403.132.778.587.377
578553,1,4,54,95,2,,,,,,,,2,,,,,,,,,,,,,,,54,403.132.778.587.377
578556,1,1,54,95,2,,,,,,,,2,,,,,,,,,,,,,,,54,293.568.308.998.491
578556,1,2,54,95,2,,,,,,,,2,,,,,,,,,,,,,,,54,293.568.308.998.491
578556,1,3,54,95,2,,,,,,,,2,,,,,,,,,,,,,,,54,293.568.308.998.491
578556,1,7,54,95,2,,,,,,,,2,,,,,,,,,,,,,,,54,293.568.308.998.491
578556,1,8,54,95,2,,,,,,,,2,,,,,,,,,,,,,,,54,293.568.308.998.491
578557,1,1,54,95,2,,,,,,,,2,,,,,,,,,,,,,,,54,330.209.098.118.842
578557,1,2,54,95,2,,,,,,,,2,,,,,,,,,,,,,,,54,330.209.098.118.842
578557,1,3,54,95,2,,,,,,,,1,2,,2,,,,,,1200000,2,1,2,,2,54,330.209.098.118.842
578558,1,1,54,95,2,,,,,,,,2,,,,,,,,,,,,,,,54,328.035.949.647.236
578558,1,2,54,95,2,,,,,,,,2,,,,,,,,,,,,,,,54,328.035.949.647.236
578559,1,1,54,95,2,,,,,,,,2,,,,,,,,,,,,,,,54,33.888.300.865.521
578559,1,2,54,95,2,,,,,,,,2,,,,,,,,,,,,,,,54,33.888.300.865.521
578559,1,5,54,95,2,,,,,,,,1,2,,2,,,,,,4800000,2,1,2,,2,54,33.888.300.865.521
578559,1,7,54,95,2,,,,,,,,2,,,,,,,,,,,,,,,54,33.888.300.865.521
578559,1,8,54,95,2,,,,,,,,2,,,,,,,,,,,,,,,54,33.888.300.865.521
578560,1,1,54,95,2,,,,,,,,2,,,,,,,,,,,,,,,54,361.781.564.491.522
578560,1,2,54,95,2,,,,,,,,1,2,,2,,,,,,2000000,2,1,2,,2,54,361.781.564.491.522
578561,1,1,54,95,2,,,,,,,,1,2,,2,,,,,,98,2,1,2,,2,54,27.287.371.362.258
578561,1,2,54,95,2,,,,,,,,2,,,,,,,,,,,,,,,54,27.287.371.362.258
578562,1,1,54,95,2,,,,,,,,2,,,,,,,,,,,,,,,54,361.781.564.491.522
578562,1,2,54,95,2,,,,,,,,2,,,,,,,,,,,,,,,54,361.781.564.491.522
578563,1,1,54,95,2,,,,,,,,2,,,,,,,,,,,,,,,54,32.046.960.667.183
578563,1,2,54,95,2,,,,,,,,2,,,,,,,,,,,,,,,54,32.046.960.667.183
578563,1,4,54,95,2,,,,,,,,2,,,,,,,,,,,,,,,54,32.046.960.667.183
578564,1,1,54,95,2,,,,,,,,2,,,,,,,,,,,,,,,54,385.787.687.888.797
578564,1,2,54,95,2,,,,,,,,1,2,,1,,,1130000,,,,2,2,2,,2,54,385.787.687.888.797
578565,1,1,54,95,1,,1,2,,,140000,2,2,,,,,,,,,,,,,,,54,258.191.173.269.388
578565,2,1,54,95,2,,,,,,,,2,,,,,,,,,,,,,,,54,258.191.173.269.388
578566,1,1,54,95,2,,,,,,,,2,,,,,,,,,,,,,,,54,254.989.082.396.527
578566,1,2,54,95,2,,,,,,,,2,,,,,,,,,,,,,,,54,254.989.082.396.527
578566,1,3,54,95,2,,,,,,,,2,,,,,,,,,,,,,,,54,254.989.082.396.527
578566,1,5,54,95,2,,,,,,,,2,,,,,,,,,,,,,,,54,254.989.082.396.527
578567,1,1,54,95,1,,1,2,,,98,2,1,2,,2,,,,,,98,2,1,2,,2,54,273.309.476.956.702
578567,1,2,54,95,2,,,,,,,,1,2,,1,,,500000,,,,2,2,2,,2,54,273.309.476.956.702
578567,1,3,54,95,2,,,,,,,,2,,,,,,,,,,,,,,,54,273.309.476.956.702
578568,1,1,54,95,2,,,,,,,,2,,,,,,,,,,,,,,,54,320.742.926.947.616
578568,1,2,54,95,2,,,,,,,,2,,,,,,,,,,,,,,,54,320.742.926.947.616
578568,1,3,54,95,2,,,,,,,,2,,,,,,,,,,,,,,,54,320.742.926.947.616
578568,1,4,54,95,2,,,,,,,,2,,,,,,,,,,,,,,,54,320.742.926.947.616
578569,1,1,54,95,2,,,,,,,,2,,,,,,,,,,,,,,,54,245.756.221.743.863
578569,1,2,54,95,2,,,,,,,,2,,,,,,,,,,,,,,,54,245.756.221.743.863
578569,1,3,54,95,2,,,,,,,,2,,,,,,,,,,,,,,,54,245.756.221.743.863
578569,1,4,54,95,2,,,,,,,,2,,,,,,,,,,,,,,,54,245.756.221.743.863
578570,1,1,54,95,1,,1,2,200000,,50000,1,2,,,,,,,,,,,,,,,54,292.845.483.998.765
578570,1,2,54,95,2,,,,,,,,2,,,,,,,,,,,,,,,54,292.845.483.998.765
578570,1,3,54,95,2,,,,,,,,2,,,,,,,,,,,,,,,54,292.845.483.998.765
578570,1,4,54,95,2,,,,,,,,2,,,,,,,,,,,,,,,54,292.845.483.998.765
578570,2,1,54,95,2,,,,,,,,2,,,,,,,,,,,,,,,54,292.845.483.998.765
578571,1,1,54,95,2,,,,,,,,2,,,,,,,,,,,,,,,54,312.106.185.628.094
578571,1,2,54,95,2,,,,,,,,2,,,,,,,,,,,,,,,54,312.106.185.628.094
578571,1,3,54,95,2,,,,,,,,2,,,,,,,,,,,,,,,54,312.106.185.628.094
578572,1,1,54,95,2,,,,,,,,2,,,,,,,,,,,,,,,54,238.025.348.650.804
578572,1,2,54,95,2,,,,,,,,2,,,,,,,,,,,,,,,54,238.025.348.650.804
578572,1,5,54,95,2,,,,,,,,2,,,,,,,,,,,,,,,54,238.025.348.650.804
578573,1,1,54,95,2,,,,,,,,2,,,,,,,,,,,,,,,54,318.732.221.534.346
578573,1,2,54,95,2,,,,,,,,2,,,,,,,,,,,,,,,54,318.732.221.534.346
578573,1,3,54,95,2,,,,,,,,2,,,,,,,,,,,,,,,54,318.732.221.534.346
578574,1,1,54,95,2,,,,,,,,2,,,,,,,,,,,,,,,54,283.735.810.128.275
578574,1,2,54,95,2,,,,,,,,2,,,,,,,,,,,,,,,54,283.735.810.128.275
578575,1,1,54,95,2,,,,,,,,2,,,,,,,,,,,,,,,54,344.130.243.784.031
578575,1,2,54,95,2,,,,,,,,2,,,,,,,,,,,,,,,54,344.130.243.784.031
578575,1,4,54,95,1,,1,2,,,180000,2,2,,,,,,,,,,,,,,,54,344.130.243.784.031
578576,1,1,54,95,1,,1,2,,,60000,2,2,,,,,,,,,,,,,,,54,321.643.224.259.546
578577,1,1,54,95,2,,,,,,,,1,2,,1,,,207300,,,,2,2,2,,2,54,274.269.638.957.049
578577,1,2,54,95,2,,,,,,,,2,,,,,,,,,,,,,,,54,274.269.638.957.049
578577,1,3,54,95,2,,,,,,,,2,,,,,,,,,,,,,,,54,274.269.638.957.049
578578,1,1,54,95,2,,,,,,,,2,,,,,,,,,,,,,,,54,293.785.791.067.918
578578,1,2,54,95,2,,,,,,,,2,,,,,,,,,,,,,,,54,293.785.791.067.918
578578,1,3,54,95,2,,,,,,,,2,,,,,,,,,,,,,,,54,293.785.791.067.918
578578,1,4,54,95,2,,,,,,,,2,,,,,,,,,,,,,,,54,293.785.791.067.918
578579,1,1,54,95,2,,,,,,,,2,,,,,,,,,,,,,,,54,321.409.913.740.983
578579,1,2,54,95,2,,,,,,,,2,,,,,,,,,,,,,,,54,321.409.913.740.983
578580,1,1,54,95,2,,,,,,,,2,,,,,,,,,,,,,,,54,27.085.006.601.476
578580,1,2,54,95,2,,,,,,,,2,,,,,,,,,,,,,,,54,27.085.006.601.476
578580,1,3,54,95,2,,,,,,,,2,,,,,,,,,,,,,,,54,27.085.006.601.476
578580,1,4,54,95,2,,,,,,,,2,,,,,,,,,,,,,,,54,27.085.006.601.476
578580,1,5,54,95,2,,,,,,,,2,,,,,,,,,,,,,,,54,27.085.006.601.476
578580,1,7,54,95,2,,,,,,,,2,,,,,,,,,,,,,,,54,27.085.006.601.476
578581,1,1,54,95,2,,,,,,,,2,,,,,,,,,,,,,,,54,3.158.715.904.645
578581,1,2,54,95,2,,,,,,,,2,,,,,,,,,,,,,,,54,3.158.715.904.645
578581,1,3,54,95,2,,,,,,,,2,,,,,,,,,,,,,,,54,3.158.715.904.645
578581,1,4,54,95,2,,,,,,,,2,,,,,,,,,,,,,,,54,3.158.715.904.645
578582,1,1,54,95,2,,,,,,,,2,,,,,,,,,,,,,,,54,293.805.192.412.888
578582,1,2,54,95,2,,,,,,,,2,,,,,,,,,,,,,,,54,293.805.192.412.888
578582,1,3,54,95,2,,,,,,,,2,,,,,,,,,,,,,,,54,293.805.192.412.888
578582,1,4,54,95,2,,,,,,,,2,,,,,,,,,,,,,,,54,293.805.192.412.888
578582,1,5,54,95,2,,,,,,,,2,,,,,,,,,,,,,,,54,293.805.192.412.888
578582,1,6,54,95,2,,,,,,,,2,,,,,,,,,,,,,,,54,293.805.192.412.888
578583,1,1,54,95,2,,,,,,,,2,,,,,,,,,,,,,,,54,273.309.476.956.702
578583,1,2,54,95,2,,,,,,,,2,,,,,,,,,,,,,,,54,273.309.476.956.702
578583,1,3,54,95,2,,,,,,,,2,,,,,,,,,,,,,,,54,273.309.476.956.702
578584,1,1,54,95,2,,,,,,,,2,,,,,,,,,,,,,,,54,325.358.257.440.599
578584,1,2,54,95,2,,,,,,,,2,,,,,,,,,,,,,,,54,325.358.257.440.599
578584,1,3,54,95,2,,,,,,,,2,,,,,,,,,,,,,,,54,325.358.257.440.599
578585,1,1,54,95,1,,2,1,,1000000,,2,2,,,,,,,,,,,,,,,54,389.755.432.933.382
578585,1,2,54,95,2,,,,,,,,2,,,,,,,,,,,,,,,54,389.755.432.933.382
578585,1,3,54,95,2,,,,,,,,1,2,,2,,,,,,3600000,2,1,2,,2,54,389.755.432.933.382
578585,1,6,54,95,2,,,,,,,,1,2,,2,,,,,,300000,2,1,2,,2,54,389.755.432.933.382
578585,1,7,54,95,2,,,,,,,,2,,,,,,,,,,,,,,,54,389.755.432.933.382
578586,1,1,54,95,1,,2,1,,945000,,2,2,,,,,,,,,,,,,,,54,303.089.519.180.808
578586,1,2,54,95,2,,,,,,,,2,,,,,,,,,,,,,,,54,303.089.519.180.808
578586,1,3,54,95,2,,,,,,,,2,,,,,,,,,,,,,,,54,303.089.519.180.808
578587,1,1,54,95,2,,,,,,,,2,,,,,,,,,,,,,,,54,360.698.215.709.002
578587,1,2,54,95,2,,,,,,,,2,,,,,,,,,,,,,,,54,360.698.215.709.002
578587,1,3,54,95,2,,,,,,,,2,,,,,,,,,,,,,,,54,360.698.215.709.002
578587,1,4,54,95,2,,,,,,,,2,,,,,,,,,,,,,,,54,360.698.215.709.002
578587,1,5,54,95,2,,,,,,,,1,2,,2,6000000,,,,,6000000,2,1,1,,2,54,360.698.215.709.002
578588,1,1,54,95,2,,,,,,,,2,,,,,,,,,,,,,,,54,361.781.564.491.522
578588,1,2,54,95,2,,,,,,,,2,,,,,,,,,,,,,,,54,361.781.564.491.522
578589,1,1,54,95,2,,,,,,,,2,,,,,,,,,,,,,,,54,377.750.584.786.827
578589,1,2,54,95,2,,,,,,,,2,,,,,,,,,,,,,,,54,377.750.584.786.827
578589,1,4,54,95,2,,,,,,,,2,,,,,,,,,,,,,,,54,377.750.584.786.827
578589,1,5,54,95,2,,,,,,,,2,,,,,,,,,,,,,,,54,377.750.584.786.827
578590,1,1,54,95,2,,,,,,,,2,,,,,,,,,,,,,,,54,35.515.552.858.527
578590,1,2,54,95,2,,,,,,,,2,,,,,,,,,,,,,,,54,35.515.552.858.527
578592,1,1,54,95,2,,,,,,,,2,,,,,,,,,,,,,,,54,321.409.913.740.983
578592,1,2,54,95,2,,,,,,,,1,2,,2,,,,2000000,,,1,2,2,,2,54,321.409.913.740.983
578593,1,1,54,95,2,,,,,,,,2,,,,,,,,,,,,,,,54,319.711.784.879.663
578593,1,2,54,95,2,,,,,,,,2,,,,,,,,,,,,,,,54,319.711.784.879.663
578593,1,3,54,95,2,,,,,,,,2,,,,,,,,,,,,,,,54,319.711.784.879.663
578593,1,4,54,95,2,,,,,,,,2,,,,,,,,,,,,,,,54,319.711.784.879.663
578593,1,5,54,95,2,,,,,,,,2,,,,,,,,,,,,,,,54,319.711.784.879.663
578594,1,1,54,95,1,,2,2,200000,,,1,2,,,,,,,,,,,,,,,54,313.681.127.707.241
578594,1,3,54,95,2,,,,,,,,1,2,,2,,,,,,100000,2,1,2,,2,54,313.681.127.707.241
578594,1,4,54,95,2,,,,,,,,2,,,,,,,,,,,,,,,54,313.681.127.707.241
578595,1,1,54,95,2,,,,,,,,2,,,,,,,,,,,,,,,54,312.106.185.628.094
578595,1,2,54,95,2,,,,,,,,1,2,,2,,,,,,200000,2,1,2,,2,54,312.106.185.628.094
578595,1,3,54,95,2,,,,,,,,2,,,,,,,,,,,,,,,54,312.106.185.628.094
578596,1,1,54,95,1,,2,1,,433700,,2,2,,,,,,,,,,,,,,,54,321.643.224.259.546
578597,1,1,54,95,1,,1,2,,,180000,2,1,2,,2,,,,,,400000,2,1,2,,2,54,284.046.299.620.907
578597,1,2,54,95,2,,,,,,,,1,2,,2,,,,,,,2,2,2,200000,1,54,284.046.299.620.907
578597,2,1,54,95,2,,,,,,,,2,,,,,,,,,,,,,,,54,284.046.299.620.907
578597,2,2,54,95,2,,,,,,,,2,,,,,,,,,,,,,,,54,284.046.299.620.907
578598,1,1,54,95,2,,,,,,,,1,2,,2,,,,,,99,2,1,2,,2,54,269.885.531.923.311
578599,1,1,54,95,2,,,,,,,,1,2,,2,,,,,,,2,2,2,1400000,1,54,321.409.913.740.983
578599,1,2,54,95,2,,,,,,,,2,,,,,,,,,,,,,,,54,321.409.913.740.983
578600,1,1,54,95,2,,,,,,,,2,,,,,,,,,,,,,,,54,332.327.840.209.183
578600,1,2,54,95,2,,,,,,,,1,2,,2,,,,,,200000,2,1,2,,2,54,332.327.840.209.183
578600,1,3,54,95,2,,,,,,,,1,2,,2,,,,,,2400000,2,1,2,,2,54,332.327.840.209.183
578600,1,5,54,95,2,,,,,,,,1,2,,2,,,,,,1200000,2,1,2,,2,54,332.327.840.209.183
578601,1,1,54,95,2,,,,,,,,2,,,,,,,,,,,,,,,54,318.421.732.041.715
578602,1,1,54,95,2,,,,,,,,1,2,,2,,,,,,100000,2,1,2,,2,54,280.097.955.921.291
578602,1,2,54,95,2,,,,,,,,1,2,,2,200000,,,,,,2,2,1,,2,54,280.097.955.921.291
578602,1,3,54,95,2,,,,,,,,1,2,,2,,,,,,1500000,2,1,2,,2,54,280.097.955.921.291
578603,1,1,54,95,2,,,,,,,,2,,,,,,,,,,,,,,,54,290.381.247.379.497
578603,1,2,54,95,2,,,,,,,,1,2,,2,,,,,,100000,2,1,2,,2,54,290.381.247.379.497
578603,1,3,54,95,2,,,,,,,,2,,,,,,,,,,,,,,,54,290.381.247.379.497
578603,1,4,54,95,2,,,,,,,,2,,,,,,,,,,,,,,,54,290.381.247.379.497
578604,1,1,54,95,2,,,,,,,,2,,,,,,,,,,,,,,,54,262.213.324.695.238
578604,1,2,54,95,2,,,,,,,,2,,,,,,,,,,,,,,,54,262.213.324.695.238
578604,1,3,54,95,2,,,,,,,,2,,,,,,,,,,,,,,,54,262.213.324.695.238
578604,1,4,54,95,2,,,,,,,,2,,,,,,,,,,,,,,,54,262.213.324.695.238
578604,1,5,54,95,2,,,,,,,,2,,,,,,,,,,,,,,,54,262.213.324.695.238
578605,1,1,54,95,2,,,,,,,,2,,,,,,,,,,,,,,,54,299.689.001.974.445
578605,1,2,54,95,2,,,,,,,,1,2,,2,,,,,,,2,2,2,500000,1,54,299.689.001.974.445
578605,1,3,54,95,2,,,,,,,,2,,,,,,,,,,,,,,,54,299.689.001.974.445
578605,1,4,54,95,2,,,,,,,,2,,,,,,,,,,,,,,,54,299.689.001.974.445
578606,1,1,54,95,2,,,,,,,,2,,,,,,,,,,,,,,,54,312.106.185.628.094
578606,1,2,54,95,2,,,,,,,,2,,,,,,,,,,,,,,,54,312.106.185.628.094
578606,1,3,54,95,2,,,,,,,,2,,,,,,,,,,,,,,,54,312.106.185.628.094
578607,1,1,54,95,2,,,,,,,,2,,,,,,,,,,,,,,,54,314.348.114.500.609
578608,1,1,54,95,2,,,,,,,,2,,,,,,,,,,,,,,,54,276.530.969.174.533
578608,1,2,54,95,2,,,,,,,,2,,,,,,,,,,,,,,,54,276.530.969.174.533
578608,1,3,54,95,2,,,,,,,,2,,,,,,,,,,,,,,,54,276.530.969.174.533
578609,1,1,54,95,2,,,,,,,,2,,,,,,,,,,,,,,,54,314.783.877.834.731
578609,1,2,54,95,2,,,,,,,,1,2,,2,,,,,,3600000,2,1,2,,2,54,314.783.877.834.731
578610,1,1,54,95,2,,,,,,,,2,,,,,,,,,,,,,,,54,29.079.760.936.865
578610,1,2,54,95,2,,,,,,,,2,,,,,,,,,,,,,,,54,29.079.760.936.865
578610,1,3,54,95,2,,,,,,,,2,,,,,,,,,,,,,,,54,29.079.760.936.865
578611,1,1,54,95,2,,,,,,,,2,,,,,,,,,,,,,,,54,280.168.823.381.517
578611,1,2,54,95,2,,,,,,,,2,,,,,,,,,,,,,,,54,280.168.823.381.517
578612,1,1,54,95,2,,,,,,,,2,,,,,,,,,,,,,,,54,321.409.913.740.983
578612,1,2,54,95,2,,,,,,,,2,,,,,,,,,,,,,,,54,321.409.913.740.983
578613,1,1,54,95,2,,,,,,,,1,2,,2,,,,,,1800000,2,1,2,,2,54,31.025.718.267.385
578614,1,1,54,95,2,,,,,,,,2,,,,,,,,,,,,,,,54,281.800.344.266.333
578614,1,2,54,95,2,,,,,,,,2,,,,,,,,,,,,,,,54,281.800.344.266.333
578614,1,3,54,95,2,,,,,,,,2,,,,,,,,,,,,,,,54,281.800.344.266.333
578614,1,4,54,95,2,,,,,,,,2,,,,,,,,,,,,,,,54,281.800.344.266.333
578614,1,5,54,95,2,,,,,,,,2,,,,,,,,,,,,,,,54,281.800.344.266.333
578615,1,1,54,95,2,,,,,,,,2,,,,,,,,,,,,,,,54,269.885.531.923.311
578616,1,1,54,95,2,,,,,,,,2,,,,,,,,,,,,,,,54,287.230.622.621.892
578616,1,2,54,95,2,,,,,,,,2,,,,,,,,,,,,,,,54,287.230.622.621.892
578616,1,3,54,95,2,,,,,,,,2,,,,,,,,,,,,,,,54,287.230.622.621.892
578617,1,1,54,95,2,,,,,,,,2,,,,,,,,,,,,,,,54,273.853.276.967.896
578617,1,2,54,95,2,,,,,,,,2,,,,,,,,,,,,,,,54,273.853.276.967.896
578617,1,3,54,95,2,,,,,,,,2,,,,,,,,,,,,,,,54,273.853.276.967.896
578617,1,4,54,95,2,,,,,,,,2,,,,,,,,,,,,,,,54,273.853.276.967.896
578618,1,1,54,95,2,,,,,,,,2,,,,,,,,,,,,,,,54,318.421.732.041.715
578619,1,1,54,95,2,,,,,,,,2,,,,,,,,,,,,,,,54,404.850.762.379.892
578619,1,2,54,95,2,,,,,,,,2,,,,,,,,,,,,,,,54,404.850.762.379.892
578620,1,1,54,95,2,,,,,,,,2,,,,,,,,,,,,,,,54,280.168.823.381.517
578620,1,2,54,95,2,,,,,,,,2,,,,,,,,,,,,,,,54,280.168.823.381.517
578638,1,1,5,95,2,,,,,,,,2,,,,,,,,,,,,,,,5,112.401.633.908.651
578638,1,2,5,95,2,,,,,,,,2,,,,,,,,,,,,,,,5,112.401.633.908.651
578638,1,3,5,95,2,,,,,,,,2,,,,,,,,,,,,,,,5,112.401.633.908.651
578639,1,1,5,95,2,,,,,,,,2,,,,,,,,,,,,,,,5,12.770.564.826.322
578639,1,2,5,95,2,,,,,,,,2,,,,,,,,,,,,,,,5,12.770.564.826.322
578639,1,3,5,95,2,,,,,,,,2,,,,,,,,,,,,,,,5,12.770.564.826.322
578639,1,4,5,95,2,,,,,,,,2,,,,,,,,,,,,,,,5,12.770.564.826.322
578640,1,1,5,95,2,,,,,,,,2,,,,,,,,,,,,,,,5,9.061.439.118.671
578640,1,2,5,95,2,,,,,,,,2,,,,,,,,,,,,,,,5,9.061.439.118.671
578640,1,3,5,95,2,,,,,,,,2,,,,,,,,,,,,,,,5,9.061.439.118.671
578640,1,4,5,95,2,,,,,,,,2,,,,,,,,,,,,,,,5,9.061.439.118.671
578640,1,5,5,95,2,,,,,,,,2,,,,,,,,,,,,,,,5,9.061.439.118.671
578646,1,1,5,95,1,,1,1,,1700000,120000,2,2,,,,,,,,,,,,,,,5,127.786.127.310.457
578646,1,2,5,95,1,,2,1,,800000,,2,2,,,,,,,,,,,,,,,5,127.786.127.310.457
578646,1,3,5,95,2,,,,,,,,2,,,,,,,,,,,,,,,5,127.786.127.310.457
578646,1,4,5,95,2,,,,,,,,2,,,,,,,,,,,,,,,5,127.786.127.310.457
578647,1,1,5,95,2,,,,,,,,2,,,,,,,,,,,,,,,5,121.176.784.150.767
578647,1,2,5,95,2,,,,,,,,2,,,,,,,,,,,,,,,5,121.176.784.150.767
578648,1,1,5,95,2,,,,,,,,2,,,,,,,,,,,,,,,5,133.343.681.884.595
578648,1,2,5,95,2,,,,,,,,2,,,,,,,,,,,,,,,5,133.343.681.884.595
578648,1,3,5,95,2,,,,,,,,2,,,,,,,,,,,,,,,5,133.343.681.884.595
578648,1,4,5,95,2,,,,,,,,2,,,,,,,,,,,,,,,5,133.343.681.884.595
578648,1,5,5,95,2,,,,,,,,2,,,,,,,,,,,,,,,5,133.343.681.884.595
578649,1,1,5,95,2,,,,,,,,2,,,,,,,,,,,,,,,5,16.686.977.917.604
578649,1,2,5,95,2,,,,,,,,2,,,,,,,,,,,,,,,5,16.686.977.917.604
578649,1,3,5,95,2,,,,,,,,2,,,,,,,,,,,,,,,5,16.686.977.917.604
578649,1,4,5,95,2,,,,,,,,1,2,,1,,,64000,,,,2,2,2,,2,5,16.686.977.917.604
578649,1,5,5,95,2,,,,,,,,2,,,,,,,,,,,,,,,5,16.686.977.917.604
578649,1,6,5,95,2,,,,,,,,2,,,,,,,,,,,,,,,5,16.686.977.917.604
578650,1,1,5,95,2,,,,,,,,2,,,,,,,,,,,,,,,5,918.639.984.477.877
578650,1,2,5,95,2,,,,,,,,2,,,,,,,,,,,,,,,5,918.639.984.477.877
578650,1,3,5,95,2,,,,,,,,2,,,,,,,,,,,,,,,5,918.639.984.477.877
578651,1,1,5,95,2,,,,,,,,2,,,,,,,,,,,,,,,5,650.559.117.664.141
578651,1,2,5,95,2,,,,,,,,2,,,,,,,,,,,,,,,5,650.559.117.664.141
578651,2,1,5,95,2,,,,,,,,2,,,,,,,,,,,,,,,5,650.559.117.664.141
578651,2,2,5,95,2,,,,,,,,2,,,,,,,,,,,,,,,5,650.559.117.664.141
578651,2,3,5,95,2,,,,,,,,2,,,,,,,,,,,,,,,5,650.559.117.664.141
578651,3,1,5,95,2,,,,,,,,1,2,,2,,,,,,2160000,2,1,2,,2,5,650.559.117.664.141
578652,1,1,5,95,2,,,,,,,,2,,,,,,,,,,,,,,,5,564.932.137.166.831
578652,1,2,5,95,2,,,,,,,,2,,,,,,,,,,,,,,,5,564.932.137.166.831
578652,1,4,5,95,2,,,,,,,,2,,,,,,,,,,,,,,,5,564.932.137.166.831
578653,1,1,5,95,2,,,,,,,,1,2,,2,600000,,,,,,2,2,1,,2,5,10.449.387.007.688
578653,1,2,5,95,2,,,,,,,,2,,,,,,,,,,,,,,,5,10.449.387.007.688
578653,1,3,5,95,2,,,,,,,,2,,,,,,,,,,,,,,,5,10.449.387.007.688
578654,1,1,5,95,2,,,,,,,,1,2,,1,,,300000,,,,2,2,2,,2,5,117.730.212.310.026
578654,1,2,5,95,2,,,,,,,,1,2,,2,3000000,,,,,,2,2,1,,2,5,117.730.212.310.026
578654,1,3,5,95,2,,,,,,,,1,2,,2,,,,,,1200000,2,1,2,,2,5,117.730.212.310.026
578655,1,1,5,95,2,,,,,,,,1,2,,1,,,168000,,,,2,2,2,,2,5,132.798.300.609.852
578655,1,2,5,95,2,,,,,,,,2,,,,,,,,,,,,,,,5,132.798.300.609.852
578655,1,3,5,95,2,,,,,,,,2,,,,,,,,,,,,,,,5,132.798.300.609.852
578656,1,1,5,95,2,,,,,,,,2,,,,,,,,,,,,,,,5,130.969.968.241.374
578656,1,2,5,95,2,,,,,,,,2,,,,,,,,,,,,,,,5,130.969.968.241.374
578656,1,3,5,95,2,,,,,,,,2,,,,,,,,,,,,,,,5,130.969.968.241.374
578656,1,5,5,95,2,,,,,,,,1,2,,1,,,49000,,,,2,2,2,,2,5,130.969.968.241.374
578657,1,1,5,95,2,,,,,,,,1,2,,1,,,49000,,,,2,2,2,,2,5,100.639.148.689.904
578657,1,2,5,95,2,,,,,,,,2,,,,,,,,,,,,,,,5,100.639.148.689.904
578658,1,1,5,95,1,,1,1,,433700,300000,2,2,,,,,,,,,,,,,,,5,918.251.310.477.062
578658,1,2,5,95,1,,2,2,100000,,,1,1,2,,1,,,72000,,,,2,2,2,,2,5,918.251.310.477.062
578658,1,4,5,95,2,,,,,,,,1,2,,2,,,,,,500000,2,1,2,,2,5,918.251.310.477.062
578659,1,1,5,95,2,,,,,,,,2,,,,,,,,,,,,,,,5,482.115.780.476.301
578659,1,2,5,95,2,,,,,,,,2,,,,,,,,,,,,,,,5,482.115.780.476.301
578659,1,3,5,95,1,,2,2,100000,,,1,2,,,,,,,,,,,,,,,5,482.115.780.476.301
578659,1,5,5,95,2,,,,,,,,2,,,,,,,,,,,,,,,5,482.115.780.476.301
578659,1,7,5,95,2,,,,,,,,2,,,,,,,,,,,,,,,5,482.115.780.476.301
578659,1,8,5,95,2,,,,,,,,2,,,,,,,,,,,,,,,5,482.115.780.476.301
578660,1,1,5,95,2,,,,,,,,1,2,,1,,,50000,,,,2,2,2,,2,5,936.246.117.070.185
578660,1,2,5,95,2,,,,,,,,2,,,,,,,,,,,,,,,5,936.246.117.070.185
578660,1,3,5,95,2,,,,,,,,2,,,,,,,,,,,,,,,5,936.246.117.070.185
578661,1,1,5,95,2,,,,,,,,2,,,,,,,,,,,,,,,5,828.346.462.994.357
578661,1,2,5,95,2,,,,,,,,2,,,,,,,,,,,,,,,5,828.346.462.994.357
578661,1,3,5,95,2,,,,,,,,2,,,,,,,,,,,,,,,5,828.346.462.994.357
578661,1,4,5,95,1,,2,1,,433700,,2,2,,,,,,,,,,,,,,,5,828.346.462.994.357
578662,1,1,5,95,2,,,,,,,,1,2,,1,,,80000,,,,2,2,2,,2,5,949.170.408.881.006
578662,1,2,5,95,2,,,,,,,,2,,,,,,,,,,,,,,,5,949.170.408.881.006
578663,1,1,5,95,2,,,,,,,,2,,,,,,,,,,,,,,,5,102.819.727.355.885
578663,1,2,5,95,2,,,,,,,,2,,,,,,,,,,,,,,,5,102.819.727.355.885
578664,1,1,5,95,1,,1,2,,,250000,2,1,2,,2,,,,,,2000000,2,1,2,,2,5,688.230.611.259.487
578664,1,2,5,95,2,,,,,,,,2,,,,,,,,,,,,,,,5,688.230.611.259.487
578665,1,1,5,95,2,,,,,,,,1,2,,1,,,90000,,,,2,2,2,,2,5,11.064.102.064.942
578665,1,2,5,95,2,,,,,,,,2,,,,,,,,,,,,,,,5,11.064.102.064.942
578665,1,3,5,95,2,,,,,,,,2,,,,,,,,,,,,,,,5,11.064.102.064.942
578666,1,1,5,95,2,,,,,,,,2,,,,,,,,,,,,,,,5,845.135.702.385.805
578666,1,2,5,95,2,,,,,,,,2,,,,,,,,,,,,,,,5,845.135.702.385.805
578666,1,3,5,95,2,,,,,,,,2,,,,,,,,,,,,,,,5,845.135.702.385.805
578667,1,1,5,95,2,,,,,,,,2,,,,,,,,,,,,,,,5,108.659.942.391.445
578667,1,2,5,95,2,,,,,,,,2,,,,,,,,,,,,,,,5,108.659.942.391.445
578667,1,3,5,95,2,,,,,,,,2,,,,,,,,,,,,,,,5,108.659.942.391.445
578668,1,1,5,95,1,,2,1,,2000000,,2,2,,,,,,,,,,,,,,,5,184.594.969.569.836
578668,1,2,5,95,2,,,,,,,,1,2,,1,,,150000,,,,2,2,2,,2,5,184.594.969.569.836
578668,1,3,5,95,2,,,,,,,,2,,,,,,,,,,,,,,,5,184.594.969.569.836
578669,1,1,5,95,2,,,,,,,,2,,,,,,,,,,,,,,,5,864.804.628.784.839
578669,1,2,5,95,2,,,,,,,,1,2,,1,,,49000,,,,2,2,2,,2,5,864.804.628.784.839
578669,1,3,5,95,2,,,,,,,,1,2,,1,,,60000,,,,2,2,2,,2,5,864.804.628.784.839
578669,1,7,5,95,2,,,,,,,,1,2,,1,,,60000,,,,2,2,2,,2,5,864.804.628.784.839
578670,1,1,5,95,2,,,,,,,,1,2,,1,,,52000,,,,2,2,2,,2,5,102.819.727.355.885
578670,1,2,5,95,2,,,,,,,,1,2,,1,,,54000,,,,2,2,2,,2,5,102.819.727.355.885
578671,1,1,5,95,2,,,,,,,,1,2,,2,,,,,,2400000,2,1,2,,2,5,102.022.322.316.554
578672,1,1,5,95,2,,,,,,,,2,,,,,,,,,,,,,,,5,128.870.208.861.106
578672,1,2,5,95,1,,2,1,,433700,,2,2,,,,,,,,,,,,,,,5,128.870.208.861.106
578672,1,3,5,95,2,,,,,,,,1,2,,1,,,66000,,,,2,2,2,,2,5,128.870.208.861.106
578672,1,4,5,95,2,,,,,,,,2,,,,,,,,,,,,,,,5,128.870.208.861.106
578674,1,1,5,95,2,,,,,,,,1,2,,2,,,,,,1800000,2,1,2,,2,5,106.076.892.974.865
578674,1,2,5,95,2,,,,,,,,1,2,,1,,,49000,,,,2,2,2,,2,5,106.076.892.974.865
578675,1,1,5,95,1,,2,1,,433700,,2,1,2,,2,,,,,,1500000,2,1,2,,2,5,111.492.553.371.123
578675,1,2,5,95,2,,,,,,,,2,,,,,,,,,,,,,,,5,111.492.553.371.123
578676,1,1,5,95,2,,,,,,,,1,2,,1,,,132000,,,,2,2,2,,2,5,102.913.826.071.669
578676,1,2,5,95,2,,,,,,,,1,2,,1,,,55000,,,,2,2,2,,2,5,102.913.826.071.669
578676,1,3,5,95,2,,,,,,,,2,,,,,,,,,,,,,,,5,102.913.826.071.669
578676,1,6,5,95,2,,,,,,,,2,,,,,,,,,,,,,,,5,102.913.826.071.669
578677,1,1,5,95,2,,,,,,,,2,,,,,,,,,,,,,,,5,108.887.077.655.327
578677,1,2,5,95,2,,,,,,,,2,,,,,,,,,,,,,,,5,108.887.077.655.327
578677,2,1,5,95,2,,,,,,,,2,,,,,,,,,,,,,,,5,108.887.077.655.327
578677,2,2,5,95,2,,,,,,,,2,,,,,,,,,,,,,,,5,108.887.077.655.327
578678,1,1,5,95,1,,1,2,,,100000,2,1,2,,2,,,,,,100000,2,1,2,,2,5,100.343.398.377.409
578678,1,2,5,95,2,,,,,,,,2,,,,,,,,,,,,,,,5,100.343.398.377.409
578679,1,1,5,95,2,,,,,,,,2,,,,,,,,,,,,,,,5,858.059.994.196.625
578679,1,2,5,95,2,,,,,,,,2,,,,,,,,,,,,,,,5,858.059.994.196.625
578680,1,1,5,95,2,,,,,,,,1,2,,1,,,52000,,,,2,2,2,,2,5,953.370.062.948.508
578680,1,2,5,95,2,,,,,,,,2,,,,,,,,,,,,,,,5,953.370.062.948.508
578681,1,1,5,95,2,,,,,,,,1,2,,1,,,50000,,,,2,2,2,,2,5,734.255.484.786.556
578681,1,2,5,95,2,,,,,,,,2,,,,,,,,,,,,,,,5,734.255.484.786.556
578681,1,3,5,95,2,,,,,,,,2,,,,,,,,,,,,,,,5,734.255.484.786.556
578681,1,4,5,95,2,,,,,,,,2,,,,,,,,,,,,,,,5,734.255.484.786.556
578682,1,1,5,95,1,,1,2,,,200000,2,1,2,,2,,,,,,500000,2,1,2,,2,5,112.063.061.676.151
578682,1,2,5,95,2,,,,,,,,1,2,,1,,,49000,,,,2,2,2,,2,5,112.063.061.676.151
578684,1,1,5,95,2,,,,,,,,1,2,,2,4000000,,,,,,2,2,1,,2,5,117.480.364.039.978
578684,1,2,5,95,2,,,,,,,,1,2,,1,,,70000,,,,2,2,2,,2,5,117.480.364.039.978
578684,1,3,5,95,2,,,,,,,,2,,,,,,,,,,,,,,,5,117.480.364.039.978
578685,1,1,5,95,2,,,,,,,,2,,,,,,,,,,,,,,,5,120.838.211.918.267
578688,1,1,5,95,2,,,,,,,,2,,,,,,,,,,,,,,,5,184.594.969.569.836
578688,1,2,5,95,2,,,,,,,,2,,,,,,,,,,,,,,,5,184.594.969.569.836
578688,1,3,5,95,2,,,,,,,,2,,,,,,,,,,,,,,,5,184.594.969.569.836
578690,1,1,5,95,1,,1,2,,,70000,2,1,2,,2,,,,,,400000,2,1,2,,2,5,100.343.398.377.409
578690,2,1,5,95,2,,,,,,,,2,,,,,,,,,,,,,,,5,100.343.398.377.409
578692,1,1,5,95,2,,,,,,,,2,,,,,,,,,,,,,,,5,713.901.345.499.924
578692,1,2,5,95,2,,,,,,,,1,2,,2,,,,,,,2,2,2,178000,1,5,713.901.345.499.924
578693,1,1,5,95,2,,,,,,,,2,,,,,,,,,,,,,,,5,119.159.287.979.122
578693,1,2,5,95,2,,,,,,,,2,,,,,,,,,,,,,,,5,119.159.287.979.122
578694,1,1,5,95,2,,,,,,,,1,2,,2,,,,,,,2,2,2,300000,1,5,935.763.930.356.201
578694,1,2,5,95,2,,,,,,,,2,,,,,,,,,,,,,,,5,935.763.930.356.201
578695,1,1,5,95,2,,,,,,,,2,,,,,,,,,,,,,,,5,901.127.364.598.738
578695,1,2,5,95,2,,,,,,,,2,,,,,,,,,,,,,,,5,901.127.364.598.738
578695,1,3,5,95,2,,,,,,,,2,,,,,,,,,,,,,,,5,901.127.364.598.738
578695,1,4,5,95,2,,,,,,,,2,,,,,,,,,,,,,,,5,901.127.364.598.738
578696,1,1,5,95,2,,,,,,,,2,,,,,,,,,,,,,,,5,108.164.691.670.943
578696,1,2,5,95,2,,,,,,,,2,,,,,,,,,,,,,,,5,108.164.691.670.943
578696,1,3,5,95,2,,,,,,,,1,2,,2,,,,,,,2,2,2,400000,1,5,108.164.691.670.943
578697,1,1,5,95,2,,,,,,,,2,,,,,,,,,,,,,,,5,104.580.340.615.116
578697,1,2,5,95,2,,,,,,,,2,,,,,,,,,,,,,,,5,104.580.340.615.116
578702,1,1,5,95,2,,,,,,,,2,,,,,,,,,,,,,,,5,92.622.536.087.038
578702,1,2,5,95,2,,,,,,,,1,2,,1,,,59000,,,,2,2,2,,2,5,92.622.536.087.038
578702,1,3,5,95,2,,,,,,,,2,,,,,,,,,,,,,,,5,92.622.536.087.038
578702,1,5,5,95,2,,,,,,,,1,2,,1,,,65000,,,,2,2,2,500000,1,5,92.622.536.087.038
578703,1,1,5,95,2,,,,,,,,2,,,,,,,,,,,,,,,5,942.602.077.657.583
578703,1,2,5,95,1,,1,2,,,70000,2,2,,,,,,,,,,,,,,,5,942.602.077.657.583
578703,1,3,5,95,2,,,,,,,,1,2,,2,,,,,,80000,2,1,2,,2,5,942.602.077.657.583
578703,2,1,5,95,1,,1,1,,700000,170000,2,1,2,,2,,,,,,,2,2,2,17000000,1,5,942.602.077.657.583
578703,2,2,5,95,2,,,,,,,,2,,,,,,,,,,,,,,,5,942.602.077.657.583
578704,1,1,5,95,1,,1,2,,,240000,2,1,2,,2,4000000,,,,,,2,2,1,,2,5,101.445.905.000.553
578704,1,2,5,95,2,,,,,,,,2,,,,,,,,,,,,,,,5,101.445.905.000.553
578704,1,3,5,95,2,,,,,,,,1,2,,2,200000,,,,,,2,2,1,400000,1,5,101.445.905.000.553
578704,1,4,5,95,2,,,,,,,,2,,,,,,,,,,,,,,,5,101.445.905.000.553
578705,1,1,5,95,1,,2,1,,300000,,2,1,2,,1,400000,,14000,,,300000,2,1,1,,2,5,888.112.521.533.106
578705,1,2,5,95,2,,,,,,,,2,,,,,,,,,,,,,,,5,888.112.521.533.106
578705,1,3,5,95,2,,,,,,,,2,,,,,,,,,,,,,,,5,888.112.521.533.106
578705,1,5,5,95,1,,2,1,,433700,,2,2,,,,,,,,,,,,,,,5,888.112.521.533.106
578705,1,6,5,95,2,,,,,,,,2,,,,,,,,,,,,,,,5,888.112.521.533.106
578705,1,7,5,95,2,,,,,,,,2,,,,,,,,,,,,,,,5,888.112.521.533.106
578706,1,1,5,95,2,,,,,,,,1,2,,1,,,82000,,,,2,2,2,,2,5,725.624.359.756.406
578706,1,2,5,95,2,,,,,,,,2,,,,,,,,,,,,,,,5,725.624.359.756.406
578706,1,3,5,95,2,,,,,,,,2,,,,,,,,,,,,,,,5,725.624.359.756.406
578706,1,4,5,95,2,,,,,,,,1,2,,1,,,60000,,,,2,2,2,,2,5,725.624.359.756.406
578706,1,5,5,95,2,,,,,,,,2,,,,,,,,,,,,,,,5,725.624.359.756.406
578706,1,6,5,95,2,,,,,,,,2,,,,,,,,,,,,,,,5,725.624.359.756.406
578707,1,1,5,95,2,,,,,,,,1,2,,2,1300000,,,,,,2,2,1,,2,5,105.929.901.064.272
578707,1,2,5,95,2,,,,,,,,2,,,,,,,,,,,,,,,5,105.929.901.064.272
578708,1,1,5,95,1,,1,1,,433700,200000,2,1,2,,2,,,,,,300000,2,1,2,,2,5,103.405.794.612.958
578708,1,2,5,95,1,,2,1,,433700,,2,2,,,,,,,,,,,,,,,5,103.405.794.612.958
578709,1,1,5,95,2,,,,,,,,2,,,,,,,,,,,,,,,5,111.492.553.371.123
578709,1,2,5,95,2,,,,,,,,2,,,,,,,,,,,,,,,5,111.492.553.371.123
578710,1,1,5,95,2,,,,,,,,1,2,,2,8000000,,,,,,2,2,1,,2,5,8.521.355.583.641
578710,1,2,5,95,2,,,,,,,,1,2,,1,,,50000,,,,2,2,2,300000,1,5,8.521.355.583.641
578711,1,1,5,95,2,,,,,,,,2,,,,,,,,,,,,,,,5,843.812.773.867.532
578711,1,2,5,95,2,,,,,,,,2,,,,,,,,,,,,,,,5,843.812.773.867.532
578711,1,3,5,95,2,,,,,,,,2,,,,,,,,,,,,,,,5,843.812.773.867.532
578712,1,1,5,95,2,,,,,,,,2,,,,,,,,,,,,,,,5,745.451.689.277.525
578712,1,2,5,95,2,,,,,,,,1,2,,2,,,,,,700000,2,1,2,,2,5,745.451.689.277.525
578713,1,1,5,95,2,,,,,,,,2,,,,,,,,,,,,,,,5,947.442.321.561.154
578714,1,1,5,95,2,,,,,,,,2,,,,,,,,,,,,,,,5,937.903.752.075.333
578714,1,2,5,95,2,,,,,,,,2,,,,,,,,,,,,,,,5,937.903.752.075.333
578714,1,3,5,95,1,,2,2,100000,,,1,2,,,,,,,,,,,,,,,5,937.903.752.075.333
578715,1,1,5,95,1,,1,1,,864000,300000,2,2,,,,,,,,,,,,,,,5,904.486.276.861.952
578715,1,2,5,95,2,,,,,,,,2,,,,,,,,,,,,,,,5,904.486.276.861.952
578715,1,3,5,95,2,,,,,,,,2,,,,,,,,,,,,,,,5,904.486.276.861.952
578715,1,4,5,95,2,,,,,,,,1,2,,2,,,,,,,2,2,2,350000,1,5,904.486.276.861.952
578715,1,5,5,95,2,,,,,,,,2,,,,,,,,,,,,,,,5,904.486.276.861.952
578716,1,1,5,95,2,,,,,,,,2,,,,,,,,,,,,,,,5,120.222.927.202.185
578716,1,2,5,95,2,,,,,,,,2,,,,,,,,,,,,,,,5,120.222.927.202.185
578716,1,3,5,95,2,,,,,,,,2,,,,,,,,,,,,,,,5,120.222.927.202.185
578716,1,4,5,95,2,,,,,,,,2,,,,,,,,,,,,,,,5,120.222.927.202.185
578717,1,1,5,95,2,,,,,,,,1,2,,1,,,50000,,,,2,2,2,450000,1,5,935.763.930.356.201
578717,1,2,5,95,2,,,,,,,,1,2,,2,,,,,,200000,2,1,2,,2,5,935.763.930.356.201
578719,1,1,5,95,1,,2,1,,420000,,2,2,,,,,,,,,,,,,,,5,113.358.022.549.146
578720,1,1,5,95,2,,,,,,,,2,,,,,,,,,,,,,,,5,134.264.545.644.506
578721,1,1,5,95,2,,,,,,,,2,,,,,,,,,,,,,,,5,895.693.762.385.281
578721,1,2,5,95,2,,,,,,,,2,,,,,,,,,,,,,,,5,895.693.762.385.281
578721,1,3,5,95,2,,,,,,,,2,,,,,,,,,,,,,,,5,895.693.762.385.281
578721,1,4,5,95,2,,,,,,,,2,,,,,,,,,,,,,,,5,895.693.762.385.281
578722,1,1,5,95,2,,,,,,,,2,,,,,,,,,,,,,,,5,120.838.211.918.267
578723,1,1,5,95,2,,,,,,,,2,,,,,,,,,,,,,,,5,879.865.780.856.436
578723,1,2,5,95,2,,,,,,,,2,,,,,,,,,,,,,,,5,879.865.780.856.436
578724,1,1,5,95,2,,,,,,,,2,,,,,,,,,,,,,,,5,876.480.058.531.436
578725,1,1,5,95,2,,,,,,,,2,,,,,,,,,,,,,,,5,794.862.285.129.594
578725,1,2,5,95,2,,,,,,,,2,,,,,,,,,,,,,,,5,794.862.285.129.594
578725,1,3,5,95,2,,,,,,,,2,,,,,,,,,,,,,,,5,794.862.285.129.594
578725,1,4,5,95,2,,,,,,,,2,,,,,,,,,,,,,,,5,794.862.285.129.594
578725,1,5,5,95,2,,,,,,,,2,,,,,,,,,,,,,,,5,794.862.285.129.594
578726,1,1,5,95,2,,,,,,,,2,,,,,,,,,,,,,,,5,482.115.780.476.301
578726,1,2,5,95,2,,,,,,,,2,,,,,,,,,,,,,,,5,482.115.780.476.301
578731,1,1,5,95,2,,,,,,,,2,,,,,,,,,,,,,,,5,108.928.626.061.588
578731,1,2,5,95,2,,,,,,,,2,,,,,,,,,,,,,,,5,108.928.626.061.588
578731,1,3,5,95,2,,,,,,,,2,,,,,,,,,,,,,,,5,108.928.626.061.588
578731,1,4,5,95,2,,,,,,,,2,,,,,,,,,,,,,,,5,108.928.626.061.588
578732,1,1,5,95,2,,,,,,,,1,2,,2,,,,,,2000000,2,1,2,,2,5,80.165.284.792.109
578733,1,1,5,95,2,,,,,,,,1,2,,2,,,,,,500000,2,1,2,,2,5,947.442.321.561.154
578734,1,1,5,95,2,,,,,,,,2,,,,,,,,,,,,,,,5,112.063.061.676.151
578734,1,2,5,95,2,,,,,,,,2,,,,,,,,,,,,,,,5,112.063.061.676.151
578735,1,1,5,95,2,,,,,,,,2,,,,,,,,,,,,,,,5,107.506.585.034.857
578735,1,2,5,95,2,,,,,,,,2,,,,,,,,,,,,,,,5,107.506.585.034.857
578735,1,3,5,95,2,,,,,,,,2,,,,,,,,,,,,,,,5,107.506.585.034.857
578735,1,4,5,95,2,,,,,,,,2,,,,,,,,,,,,,,,5,107.506.585.034.857
578735,1,5,5,95,2,,,,,,,,2,,,,,,,,,,,,,,,5,107.506.585.034.857
578736,1,1,5,95,1,,1,2,,,1500000,2,2,,,,,,,,,,,,,,,5,11.250.808.857.808
578736,1,2,5,95,2,,,,,,,,2,,,,,,,,,,,,,,,5,11.250.808.857.808
578736,1,5,5,95,2,,,,,,,,2,,,,,,,,,,,,,,,5,11.250.808.857.808
578739,1,1,5,95,2,,,,,,,,2,,,,,,,,,,,,,,,5,127.115.690.603.113
578739,1,2,5,95,2,,,,,,,,2,,,,,,,,,,,,,,,5,127.115.690.603.113
578740,1,1,5,95,2,,,,,,,,2,,,,,,,,,,,,,,,5,733.726.489.461.753
578740,1,2,5,95,2,,,,,,,,2,,,,,,,,,,,,,,,5,733.726.489.461.753
578740,1,3,5,95,2,,,,,,,,2,,,,,,,,,,,,,,,5,733.726.489.461.753
578740,1,5,5,95,2,,,,,,,,2,,,,,,,,,,,,,,,5,733.726.489.461.753
578741,1,1,5,95,1,,1,2,,,700000,2,2,,,,,,,,,,,,,,,5,116.863.715.644.172
578742,1,1,5,95,2,,,,,,,,2,,,,,,,,,,,,,,,5,76.692.276.945.046
578742,1,2,5,95,2,,,,,,,,2,,,,,,,,,,,,,,,5,76.692.276.945.046
578743,1,1,5,95,2,,,,,,,,2,,,,,,,,,,,,,,,5,979.728.971.534.899
578743,1,2,5,95,2,,,,,,,,2,,,,,,,,,,,,,,,5,979.728.971.534.899
578743,1,3,5,95,2,,,,,,,,2,,,,,,,,,,,,,,,5,979.728.971.534.899
578743,1,4,5,95,2,,,,,,,,2,,,,,,,,,,,,,,,5,979.728.971.534.899
578743,1,5,5,95,2,,,,,,,,2,,,,,,,,,,,,,,,5,979.728.971.534.899
578744,1,1,5,95,2,,,,,,,,2,,,,,,,,,,,,,,,5,816.668.071.789.404
578744,1,2,5,95,2,,,,,,,,2,,,,,,,,,,,,,,,5,816.668.071.789.404
578744,1,3,5,95,2,,,,,,,,2,,,,,,,,,,,,,,,5,816.668.071.789.404
578744,1,4,5,95,2,,,,,,,,2,,,,,,,,,,,,,,,5,816.668.071.789.404
578744,1,5,5,95,2,,,,,,,,2,,,,,,,,,,,,,,,5,816.668.071.789.404
578745,1,1,5,95,2,,,,,,,,2,,,,,,,,,,,,,,,5,625.670.617.823.131
578745,1,2,5,95,1,,2,1,,300000,,2,2,,,,,,,,,,,,,,,5,625.670.617.823.131
578745,1,3,5,95,2,,,,,,,,2,,,,,,,,,,,,,,,5,625.670.617.823.131
578745,1,5,5,95,2,,,,,,,,2,,,,,,,,,,,,,,,5,625.670.617.823.131
578746,1,1,5,95,2,,,,,,,,2,,,,,,,,,,,,,,,5,205.443.903.746.006
578746,1,2,5,95,2,,,,,,,,2,,,,,,,,,,,,,,,5,205.443.903.746.006
578748,1,1,5,95,2,,,,,,,,2,,,,,,,,,,,,,,,5,633.275.682.762.787
578748,1,2,5,95,2,,,,,,,,2,,,,,,,,,,,,,,,5,633.275.682.762.787
578748,1,3,5,95,2,,,,,,,,2,,,,,,,,,,,,,,,5,633.275.682.762.787
578748,2,1,5,95,2,,,,,,,,1,2,,1,,,45000,,,,2,2,2,,2,5,633.275.682.762.787
578750,1,1,5,95,1,,1,2,,,80000,2,2,,,,,,,,,,,,,,,5,699.680.935.232.617
578750,2,1,5,95,2,,,,,,,,2,,,,,,,,,,,,,,,5,699.680.935.232.617
578750,2,2,5,95,2,,,,,,,,2,,,,,,,,,,,,,,,5,699.680.935.232.617
578751,1,1,5,95,2,,,,,,,,2,,,,,,,,,,,,,,,5,839.130.933.086.045
578751,1,2,5,95,2,,,,,,,,2,,,,,,,,,,,,,,,5,839.130.933.086.045
578752,1,1,5,95,2,,,,,,,,2,,,,,,,,,,,,,,,5,107.467.717.634.775
578752,1,2,5,95,2,,,,,,,,2,,,,,,,,,,,,,,,5,107.467.717.634.775
578752,1,3,5,95,2,,,,,,,,2,,,,,,,,,,,,,,,5,107.467.717.634.775
578752,1,4,5,95,2,,,,,,,,2,,,,,,,,,,,,,,,5,107.467.717.634.775
578752,1,5,5,95,2,,,,,,,,2,,,,,,,,,,,,,,,5,107.467.717.634.775
578753,1,1,5,95,2,,,,,,,,2,,,,,,,,,,,,,,,5,674.489.426.247.807
578753,1,2,5,95,2,,,,,,,,2,,,,,,,,,,,,,,,5,674.489.426.247.807
578754,1,1,5,95,2,,,,,,,,1,2,,1,,,45000,,,,2,2,2,,2,5,840.038.377.541.716
578754,1,2,5,95,2,,,,,,,,2,,,,,,,,,,,,,,,5,840.038.377.541.716
578755,1,1,5,95,1,,1,2,,,120000,2,2,,,,,,,,,,,,,,,5,904.901.760.924.554
578755,1,2,5,95,2,,,,,,,,2,,,,,,,,,,,,,,,5,904.901.760.924.554
578755,1,3,5,95,2,,,,,,,,2,,,,,,,,,,,,,,,5,904.901.760.924.554
578755,2,1,5,95,2,,,,,,,,1,2,,1,,,65000,,,,2,2,2,,2,5,904.901.760.924.554
578755,2,2,5,95,2,,,,,,,,2,,,,,,,,,,,,,,,5,904.901.760.924.554
578756,1,1,5,95,2,,,,,,,,1,2,,1,,,100000,,,,2,2,2,,2,5,931.082.089.574.714
578757,1,1,5,95,2,,,,,,,,1,2,,1,,,800000,,,,2,2,2,,2,5,119.884.354.969.685
578757,1,2,5,95,2,,,,,,,,2,,,,,,,,,,,,,,,5,119.884.354.969.685
578757,1,3,5,95,2,,,,,,,,2,,,,,,,,,,,,,,,5,119.884.354.969.685
578759,1,1,5,95,2,,,,,,,,1,2,,1,,,45000,,,,2,2,2,,2,5,878.542.852.338.163
578759,1,2,5,95,2,,,,,,,,2,,,,,,,,,,,,,,,5,878.542.852.338.163
578760,1,1,5,95,2,,,,,,,,1,2,,1,,,80000,,,,2,2,2,,2,5,112.401.633.908.651
578760,1,2,5,95,2,,,,,,,,2,,,,,,,,,,,,,,,5,112.401.633.908.651
578760,1,3,5,95,2,,,,,,,,2,,,,,,,,,,,,,,,5,112.401.633.908.651
578761,1,1,5,95,2,,,,,,,,2,,,,,,,,,,,,,,,5,750.133.530.059.012
578761,1,2,5,95,2,,,,,,,,1,2,,2,,,,,,600000,2,1,2,,2,5,750.133.530.059.012
578761,1,3,5,95,2,,,,,,,,2,,,,,,,,,,,,,,,5,750.133.530.059.012
578762,1,1,5,95,2,,,,,,,,2,,,,,,,,,,,,,,,5,11.064.102.064.942
578762,1,2,5,95,2,,,,,,,,2,,,,,,,,,,,,,,,5,11.064.102.064.942
578762,1,3,5,95,2,,,,,,,,2,,,,,,,,,,,,,,,5,11.064.102.064.942
578764,1,1,5,95,2,,,,,,,,1,2,,1,100000,,45000,,,,2,2,1,,2,5,69.243.026.532.699
578764,1,4,5,95,2,,,,,,,,2,,,,,,,,,,,,,,,5,69.243.026.532.699
578765,1,1,5,95,2,,,,,,,,2,,,,,,,,,,,,,,,5,947.442.321.561.154
578766,1,1,5,95,2,,,,,,,,2,,,,,,,,,,,,,,,5,102.256.113.619.138
578766,1,2,5,95,2,,,,,,,,2,,,,,,,,,,,,,,,5,102.256.113.619.138
578768,1,1,5,95,2,,,,,,,,1,2,,1,,,65000,,,,2,2,2,,2,5,989.118.675.435.874
578768,1,2,5,95,2,,,,,,,,1,2,,1,,,45000,,,,2,2,2,,2,5,989.118.675.435.874
578768,1,5,5,95,2,,,,,,,,1,2,,1,,,45000,,,,2,2,2,,2,5,989.118.675.435.874
578768,1,6,5,95,2,,,,,,,,2,,,,,,,,,,,,,,,5,989.118.675.435.874
578768,1,7,5,95,2,,,,,,,,2,,,,,,,,,,,,,,,5,989.118.675.435.874
578770,1,1,5,95,2,,,,,,,,2,,,,,,,,,,,,,,,5,13.602.942.301.433
578771,1,1,5,95,2,,,,,,,,2,,,,,,,,,,,,,,,5,970.976.195.540.816
578771,1,2,5,95,2,,,,,,,,2,,,,,,,,,,,,,,,5,970.976.195.540.816
578772,1,1,5,95,2,,,,,,,,1,2,,2,,,,,,600000,2,1,2,,2,5,677.875.148.572.807
578772,1,4,5,95,2,,,,,,,,2,,,,,,,,,,,,,,,5,677.875.148.572.807
578772,1,5,5,95,2,,,,,,,,1,2,,1,,,45000,,,,2,2,2,,2,5,677.875.148.572.807
578773,1,1,5,95,2,,,,,,,,2,,,,,,,,,,,,,,,5,947.442.321.561.154
578774,1,1,5,95,2,,,,,,,,1,2,,1,,,45000,,,,2,2,2,,2,5,76.692.276.945.046
578774,1,2,5,95,2,,,,,,,,2,,,,,,,,,,,,,,,5,76.692.276.945.046
578775,1,1,5,95,1,,2,1,,600000,,2,2,,,,,,,,,,,,,,,5,120.182.870.562.502
578775,1,2,5,95,2,,,,,,,,2,,,,,,,,,,,,,,,5,120.182.870.562.502
578775,1,3,5,95,2,,,,,,,,2,,,,,,,,,,,,,,,5,120.182.870.562.502
578776,1,1,5,95,2,,,,,,,,2,,,,,,,,,,,,,,,5,939.038.730.277.891
578776,1,2,5,95,2,,,,,,,,2,,,,,,,,,,,,,,,5,939.038.730.277.891
578776,1,3,5,95,2,,,,,,,,2,,,,,,,,,,,,,,,5,939.038.730.277.891
578777,1,1,5,95,2,,,,,,,,1,2,,2,,,,,,600000,2,1,2,,2,5,104.480.983.010.048
578777,1,2,5,95,2,,,,,,,,2,,,,,,,,,,,,,,,5,104.480.983.010.048
578777,1,3,5,95,2,,,,,,,,2,,,,,,,,,,,,,,,5,104.480.983.010.048
578777,1,4,5,95,2,,,,,,,,2,,,,,,,,,,,,,,,5,104.480.983.010.048
578777,1,5,5,95,2,,,,,,,,2,,,,,,,,,,,,,,,5,104.480.983.010.048
578777,1,6,5,95,2,,,,,,,,2,,,,,,,,,,,,,,,5,104.480.983.010.048
578778,1,1,5,95,2,,,,,,,,1,2,,2,,,,,,1000000,2,1,2,,2,5,134.264.545.644.506
578779,1,1,5,95,1,,1,1,,560000,70000,2,2,,,,,,,,,,,,,,,5,110.179.506.836.409
578779,1,2,5,95,2,,,,,,,,2,,,,,,,,,,,,,,,5,110.179.506.836.409
578779,1,3,5,95,2,,,,,,,,2,,,,,,,,,,,,,,,5,110.179.506.836.409
578780,1,1,5,95,2,,,,,,,,2,,,,,,,,,,,,,,,5,940.445.771.137.688
578780,1,2,5,95,2,,,,,,,,2,,,,,,,,,,,,,,,5,940.445.771.137.688
578780,1,3,5,95,2,,,,,,,,2,,,,,,,,,,,,,,,5,940.445.771.137.688
578781,1,1,5,95,2,,,,,,,,1,2,,2,,,,,,200000,2,1,2,,2,5,860.936.719.745.856
578781,1,2,5,95,2,,,,,,,,2,,,,,,,,,,,,,,,5,860.936.719.745.856
578782,1,1,5,95,2,,,,,,,,1,2,,2,,,,,,200000,2,1,2,,2,5,865.645.370.589.128
578782,1,2,5,95,2,,,,,,,,2,,,,,,,,,,,,,,,5,865.645.370.589.128
578782,1,3,5,95,2,,,,,,,,2,,,,,,,,,,,,,,,5,865.645.370.589.128
578783,1,1,5,95,2,,,,,,,,2,,,,,,,,,,,,,,,5,711.282.298.525.165
578783,1,2,5,95,2,,,,,,,,2,,,,,,,,,,,,,,,5,711.282.298.525.165
578784,1,1,5,95,2,,,,,,,,2,,,,,,,,,,,,,,,5,76.692.276.945.046
578784,1,2,5,95,2,,,,,,,,2,,,,,,,,,,,,,,,5,76.692.276.945.046
578785,1,1,5,95,2,,,,,,,,1,2,,2,,,,,,250000,2,1,2,,2,5,859.690.819.139.988
578785,1,2,5,95,2,,,,,,,,2,,,,,,,,,,,,,,,5,859.690.819.139.988
578786,1,1,5,95,2,,,,,,,,1,2,,2,,,,,,400000,2,1,2,,2,5,612.586.507.448.282
578787,1,1,5,95,2,,,,,,,,2,,,,,,,,,,,,,,,5,80.165.284.792.109
578788,1,1,5,95,1,,2,1,,640000,,2,2,,,,,,,,,,,,,,,5,119.159.287.979.122
578788,1,2,5,95,2,,,,,,,,2,,,,,,,,,,,,,,,5,119.159.287.979.122
578789,1,1,5,95,2,,,,,,,,2,,,,,,,,,,,,,,,5,13.653.267.459.964
578789,1,2,5,95,2,,,,,,,,2,,,,,,,,,,,,,,,5,13.653.267.459.964
578790,1,1,5,95,2,,,,,,,,2,,,,,,,,,,,,,,,5,170.273.771.998.799
578790,1,2,5,95,2,,,,,,,,2,,,,,,,,,,,,,,,5,170.273.771.998.799
578790,1,3,5,95,2,,,,,,,,2,,,,,,,,,,,,,,,5,170.273.771.998.799
578790,1,4,5,95,2,,,,,,,,2,,,,,,,,,,,,,,,5,170.273.771.998.799
578791,1,1,5,95,1,,2,1,,480000,,2,2,,,,,,,,,,,,,,,5,735.497.635.729.103
578791,1,2,5,95,2,,,,,,,,2,,,,,,,,,,,,,,,5,735.497.635.729.103
578791,1,3,5,95,2,,,,,,,,2,,,,,,,,,,,,,,,5,735.497.635.729.103
578791,1,4,5,95,2,,,,,,,,2,,,,,,,,,,,,,,,5,735.497.635.729.103
578793,1,1,5,95,1,,1,2,,,395000,2,2,,,,,,,,,,,,,,,5,947.442.321.561.154
578795,1,1,5,95,1,,2,1,,414000,,2,1,2,,2,80000,,,,,350000,2,1,1,,2,5,947.442.321.561.154
578796,1,1,5,95,1,,1,2,,,3100000,2,1,2,,2,,,,12000000,,,1,2,2,,2,5,110.384.137.737.006
578796,1,2,5,95,2,,,,,,,,2,,,,,,,,,,,,,,,5,110.384.137.737.006
578796,1,3,5,95,2,,,,,,,,1,2,,2,,,,,,,2,2,2,150000,1,5,110.384.137.737.006
578799,1,1,5,95,2,,,,,,,,1,2,,2,,,,,,,2,2,2,680000,1,5,8.521.355.583.641
578799,1,2,5,95,2,,,,,,,,2,,,,,,,,,,,,,,,5,8.521.355.583.641
578800,1,1,5,95,2,,,,,,,,2,,,,,,,,,,,,,,,5,123.247.089.623.888
578800,1,2,5,95,2,,,,,,,,2,,,,,,,,,,,,,,,5,123.247.089.623.888
578800,1,3,5,95,2,,,,,,,,1,2,,1,,,48960,,,,2,2,2,,2,5,123.247.089.623.888
578800,1,4,5,95,2,,,,,,,,2,,,,,,,,,,,,,,,5,123.247.089.623.888
578800,1,6,5,95,2,,,,,,,,2,,,,,,,,,,,,,,,5,123.247.089.623.888
578800,1,7,5,95,1,,2,1,,414000,,2,2,,,,,,,,,,,,,,,5,123.247.089.623.888
578801,1,1,5,95,2,,,,,,,,1,2,,1,,,40000,,,,2,2,2,,2,5,116.200.262.260.862
578801,1,2,5,95,2,,,,,,,,1,2,,1,,,20000,,,,2,2,2,,2,5,116.200.262.260.862
578802,1,1,5,95,2,,,,,,,,2,,,,,,,,,,,,,,,5,11.396.158.098.236
578802,1,2,5,95,2,,,,,,,,1,2,,2,,,,,,,2,2,2,500000,1,5,11.396.158.098.236
578803,1,1,5,95,1,,2,1,,3100000,,2,2,,,,,,,,,,,,,,,5,132.770.225.516.789
578803,1,2,5,95,2,,,,,,,,2,,,,,,,,,,,,,,,5,132.770.225.516.789
578803,1,3,5,95,2,,,,,,,,2,,,,,,,,,,,,,,,5,132.770.225.516.789
578803,1,4,5,95,2,,,,,,,,1,2,,1,,,48960,,,,2,2,2,100000,1,5,132.770.225.516.789
578804,1,1,5,95,2,,,,,,,,1,2,,2,,,,,,30000000,2,1,2,,2,5,117.067.632.584.971
578804,1,2,5,95,2,,,,,,,,1,2,,2,,,,,,30000000,2,1,2,,2,5,117.067.632.584.971
578806,1,1,5,95,2,,,,,,,,1,2,,1,,,600000,,,,2,2,2,90000,1,5,116.749.919.355.122
578806,1,2,5,95,2,,,,,,,,2,,,,,,,,,,,,,,,5,116.749.919.355.122
578806,1,3,5,95,2,,,,,,,,2,,,,,,,,,,,,,,,5,116.749.919.355.122
578806,1,4,5,95,2,,,,,,,,2,,,,,,,,,,,,,,,5,116.749.919.355.122
578806,1,5,5,95,2,,,,,,,,2,,,,,,,,,,,,,,,5,116.749.919.355.122
578807,1,1,5,95,1,,2,1,,2980000,,2,1,2,,2,,,,38400000,,,1,2,2,,2,5,985.509.737.111.132
578807,1,2,5,95,2,,,,,,,,2,,,,,,,,,,,,,,,5,985.509.737.111.132
578807,1,3,5,95,2,,,,,,,,1,2,,2,,,,,,2400000,2,1,2,,2,5,985.509.737.111.132
578808,1,1,5,95,2,,,,,,,,2,,,,,,,,,,,,,,,5,143.668.854.296.122
578808,1,2,5,95,2,,,,,,,,2,,,,,,,,,,,,,,,5,143.668.854.296.122
578808,1,3,5,95,2,,,,,,,,2,,,,,,,,,,,,,,,5,143.668.854.296.122
578808,1,4,5,95,2,,,,,,,,2,,,,,,,,,,,,,,,5,143.668.854.296.122
578809,1,1,5,95,2,,,,,,,,1,2,,2,,,,,,,2,2,2,80000000,1,5,876.480.058.531.436
578811,1,1,5,95,1,,1,2,,,3500000,2,1,2,,2,,,,99,,,1,2,2,90000000,1,5,102.819.727.355.885
578811,1,2,5,95,2,,,,,,,,1,2,,2,,,,100000000,,,1,2,2,,2,5,102.819.727.355.885
578812,1,1,5,95,2,,,,,,,,2,,,,,,,,,,,,,,,5,126.070.944.385.669
578812,1,2,5,95,2,,,,,,,,1,2,,1,,,80000,,,,2,2,2,,2,5,126.070.944.385.669
578813,1,1,5,95,2,,,,,,,,2,,,,,,,,,,,,,,,5,101.984.915.910.141
578813,1,2,5,95,2,,,,,,,,2,,,,,,,,,,,,,,,5,101.984.915.910.141
578813,1,3,5,95,2,,,,,,,,2,,,,,,,,,,,,,,,5,101.984.915.910.141
578813,1,4,5,95,2,,,,,,,,2,,,,,,,,,,,,,,,5,101.984.915.910.141
578813,1,5,5,95,2,,,,,,,,2,,,,,,,,,,,,,,,5,101.984.915.910.141
578814,1,1,5,95,2,,,,,,,,2,,,,,,,,,,,,,,,5,128.659.505.211.802
578814,1,2,5,95,2,,,,,,,,2,,,,,,,,,,,,,,,5,128.659.505.211.802
578815,1,1,5,95,2,,,,,,,,2,,,,,,,,,,,,,,,5,826.688.827.989.208
578815,1,2,5,95,2,,,,,,,,1,2,,2,,,,,,130000,2,1,2,,2,5,826.688.827.989.208
578815,1,3,5,95,2,,,,,,,,2,,,,,,,,,,,,,,,5,826.688.827.989.208
578815,1,4,5,95,2,,,,,,,,2,,,,,,,,,,,,,,,5,826.688.827.989.208
578816,1,1,5,95,1,,1,2,,,530000,2,1,2,,2,,,,,,1200000,2,1,2,,2,5,915.682.481.352.921
578816,1,2,5,95,2,,,,,,,,2,,,,,,,,,,,,,,,5,915.682.481.352.921
578816,1,3,5,95,1,,1,2,,,600000,2,2,,,,,,,,,,,,,,,5,915.682.481.352.921
578817,1,1,5,95,2,,,,,,,,1,2,,1,,,100000,,,2000000,2,1,2,,2,5,145.253.267.741.274
578817,1,2,5,95,2,,,,,,,,2,,,,,,,,,,,,,,,5,145.253.267.741.274
578818,1,1,5,95,1,,1,1,,700000,450000,2,2,,,,,,,,,,,,,,,5,993.895.414.288.266
578818,1,2,5,95,2,,,,,,,,2,,,,,,,,,,,,,,,5,993.895.414.288.266
578818,1,3,5,95,2,,,,,,,,1,2,,1,,,48960,,,,2,2,2,,2,5,993.895.414.288.266
578818,1,4,5,95,2,,,,,,,,2,,,,,,,,,,,,,,,5,993.895.414.288.266
578819,1,1,5,95,2,,,,,,,,2,,,,,,,,,,,,,,,5,112.063.061.676.151
578819,1,2,5,95,1,,2,1,,383500,,2,1,2,,2,,,,2400000,,,1,2,2,,2,5,112.063.061.676.151
578820,1,1,5,95,2,,,,,,,,1,2,,2,,,,,,,2,2,2,90000000,1,5,112.063.061.676.151
578820,1,2,5,95,1,,1,2,,,200000,2,2,,,,,,,,,,,,,,,5,112.063.061.676.151
578821,1,1,5,95,2,,,,,,,,1,2,,2,10000000,,,,,,2,2,1,70000000,1,5,100.343.398.377.409
578821,1,2,5,95,2,,,,,,,,1,2,,2,10000000,,,1000000,,,1,2,1,,2,5,100.343.398.377.409
578822,1,1,5,95,2,,,,,,,,2,,,,,,,,,,,,,,,5,101.107.332.768.053
578822,1,2,5,95,2,,,,,,,,2,,,,,,,,,,,,,,,5,101.107.332.768.053
578822,1,3,5,95,2,,,,,,,,2,,,,,,,,,,,,,,,5,101.107.332.768.053
578823,1,1,5,95,2,,,,,,,,2,,,,,,,,,,,,,,,5,535.683.664.845.023
578823,1,2,5,95,2,,,,,,,,2,,,,,,,,,,,,,,,5,535.683.664.845.023
578823,1,3,5,95,2,,,,,,,,2,,,,,,,,,,,,,,,5,535.683.664.845.023
578823,1,4,5,95,2,,,,,,,,1,2,,2,50000,,,,,,2,2,1,,2,5,535.683.664.845.023
578823,1,5,5,95,2,,,,,,,,1,2,,1,,,52044,,,,2,2,2,,2,5,535.683.664.845.023
578823,1,6,5,95,2,,,,,,,,2,,,,,,,,,,,,,,,5,535.683.664.845.023
578823,1,8,5,95,2,,,,,,,,1,2,,2,,,,,,100000,2,1,2,,2,5,535.683.664.845.023
578823,1,9,5,95,2,,,,,,,,2,,,,,,,,,,,,,,,5,535.683.664.845.023
578823,1,10,5,95,2,,,,,,,,1,2,,2,,,,,,1200000,2,1,2,,2,5,535.683.664.845.023
578823,1,12,5,95,2,,,,,,,,2,,,,,,,,,,,,,,,5,535.683.664.845.023
578823,1,13,5,95,2,,,,,,,,2,,,,,,,,,,,,,,,5,535.683.664.845.023
578824,1,1,5,95,1,,1,2,,,4000000,2,2,,,,,,,,,,,,,,,5,991.847.125.104.027
578824,1,2,5,95,2,,,,,,,,2,,,,,,,,,,,,,,,5,991.847.125.104.027
578824,1,3,5,95,2,,,,,,,,1,2,,2,,,,,,1360000,2,1,2,,2,5,991.847.125.104.027
578824,1,4,5,95,2,,,,,,,,1,2,,2,,,,,,100000,2,1,2,,2,5,991.847.125.104.027
578825,1,1,5,95,1,,2,1,,1600000,,2,2,,,,,,,,,,,,,,,5,104.200.353.097.918
578825,1,2,5,95,2,,,,,,,,1,2,,1,,,192480,719000,,,1,2,2,,2,5,104.200.353.097.918
578825,1,3,5,95,2,,,,,,,,2,,,,,,,,,,,,,,,5,104.200.353.097.918
578825,1,6,5,95,2,,,,,,,,2,,,,,,,,,,,,,,,5,104.200.353.097.918
578826,1,1,5,95,2,,,,,,,,1,2,,2,,,,,,5640000,2,1,2,,2,5,128.887.492.143.333
578826,1,2,5,95,2,,,,,,,,1,2,,2,,,,,,200000,2,1,2,,2,5,128.887.492.143.333
578826,1,3,5,95,2,,,,,,,,1,2,,2,,,,,,80000,2,1,2,,2,5,128.887.492.143.333
578826,1,4,5,95,2,,,,,,,,2,,,,,,,,,,,,,,,5,128.887.492.143.333
578826,1,5,5,95,2,,,,,,,,1,2,,2,,,,,,6000000,2,1,2,,2,5,128.887.492.143.333
578827,1,1,5,95,2,,,,,,,,2,,,,,,,,,,,,,,,5,11.374.574.936.406
578827,1,2,5,95,2,,,,,,,,2,,,,,,,,,,,,,,,5,11.374.574.936.406
578827,1,3,5,95,2,,,,,,,,2,,,,,,,,,,,,,,,5,11.374.574.936.406
578828,1,1,5,95,2,,,,,,,,2,,,,,,,,,,,,,,,5,112.099.211.251.945
578828,1,2,5,95,2,,,,,,,,2,,,,,,,,,,,,,,,5,112.099.211.251.945
578828,1,3,5,95,2,,,,,,,,2,,,,,,,,,,,,,,,5,112.099.211.251.945
578828,1,4,5,95,2,,,,,,,,2,,,,,,,,,,,,,,,5,112.099.211.251.945
578829,1,1,5,95,1,,1,1,,2600000,1000000,2,1,2,,2,,,,1200000,,,1,2,2,,2,5,117.067.632.584.971
578829,1,2,5,95,1,,1,2,,,1600000,2,2,,,,,,,,,,,,,,,5,117.067.632.584.971
578830,1,1,5,95,2,,,,,,,,2,,,,,,,,,,,,,,,5,122.934.344.453.777
578830,1,2,5,95,2,,,,,,,,1,2,,2,500000,,,,,,2,2,1,,2,5,122.934.344.453.777
578830,1,3,5,95,2,,,,,,,,2,,,,,,,,,,,,,,,5,122.934.344.453.777
578831,1,1,5,95,2,,,,,,,,2,,,,,,,,,,,,,,,5,121.874.504.459.638
578831,1,2,5,95,2,,,,,,,,2,,,,,,,,,,,,,,,5,121.874.504.459.638
578831,1,3,5,95,2,,,,,,,,1,2,,1,,,66000,,,1800000,2,1,2,,2,5,121.874.504.459.638
578831,1,5,5,95,2,,,,,,,,2,,,,,,,,,,,,,,,5,121.874.504.459.638
578831,1,6,5,95,2,,,,,,,,2,,,,,,,,,,,,,,,5,121.874.504.459.638
578832,1,1,5,95,2,,,,,,,,1,2,,1,,,60000,,,,2,2,2,,2,5,138.366.155.236.369
578832,1,2,5,95,2,,,,,,,,2,,,,,,,,,,,,,,,5,138.366.155.236.369
578832,1,3,5,95,2,,,,,,,,2,,,,,,,,,,,,,,,5,138.366.155.236.369
578832,1,4,5,95,2,,,,,,,,2,,,,,,,,,,,,,,,5,138.366.155.236.369
578832,1,5,5,95,2,,,,,,,,2,,,,,,,,,,,,,,,5,138.366.155.236.369
578832,1,6,5,95,2,,,,,,,,1,2,,1,,,72000,,,,2,2,2,,2,5,138.366.155.236.369
578833,1,1,5,95,2,,,,,,,,1,2,,2,,,,,,2000000,2,1,2,400000,1,5,135.526.941.556.754
578833,1,2,5,95,2,,,,,,,,2,,,,,,,,,,,,,,,5,135.526.941.556.754
578833,1,3,5,95,2,,,,,,,,2,,,,,,,,,,,,,,,5,135.526.941.556.754
578833,1,4,5,95,2,,,,,,,,2,,,,,,,,,,,,,,,5,135.526.941.556.754
578833,1,5,5,95,2,,,,,,,,2,,,,,,,,,,,,,,,5,135.526.941.556.754
578834,1,1,5,95,1,,2,1,,845000,,2,2,,,,,,,,,,,,,,,5,934.282.699.874.784
578834,1,2,5,95,1,,2,1,,800000,,2,2,,,,,,,,,,,,,,,5,934.282.699.874.784
578834,1,3,5,95,2,,,,,,,,1,2,,2,2000000,,,,,2260000,2,1,1,150000,1,5,934.282.699.874.784
578835,1,1,5,95,1,,2,1,,600000,,2,2,,,,,,,,,,,,,,,5,100.343.398.377.409
578835,1,2,5,95,1,,1,2,,,800000,2,2,,,,,,,,,,,,,,,5,100.343.398.377.409
578836,1,1,5,95,2,,,,,,,,1,2,,1,,,360000,,,,2,2,2,,2,5,120.838.211.918.267
578837,1,1,5,95,2,,,,,,,,1,2,,1,,,84000,,,,2,2,2,,2,5,876.480.058.531.436
578838,1,1,5,95,1,,1,2,,,60000,2,2,,,,,,,,,,,,,,,5,161.521.136.777.396
578838,1,2,5,95,2,,,,,,,,2,,,,,,,,,,,,,,,5,161.521.136.777.396
578838,1,3,5,95,2,,,,,,,,2,,,,,,,,,,,,,,,5,161.521.136.777.396
578839,1,1,5,95,1,,1,2,,,34800000,2,2,,,,,,,,,,,,,,,5,102.256.298.988.687
578841,1,1,5,95,1,,1,2,,,250000,2,1,2,,1,,,52044,,,,2,2,2,,2,5,748.087.221.053.048
578841,1,2,5,95,2,,,,,,,,1,2,,2,600000,,,,,,2,2,1,,2,5,748.087.221.053.048
578841,1,3,5,95,2,,,,,,,,2,,,,,,,,,,,,,,,5,748.087.221.053.048
578842,1,1,5,95,1,,2,1,,300000,,2,1,2,,2,,,,,,500000,2,1,2,,2,5,145.253.267.741.274
578842,1,2,5,95,2,,,,,,,,1,2,,2,,,,,,200000,2,1,2,,2,5,145.253.267.741.274
578843,1,1,5,95,2,,,,,,,,2,,,,,,,,,,,,,,,5,721.331.192.975.735
578843,1,2,5,95,2,,,,,,,,2,,,,,,,,,,,,,,,5,721.331.192.975.735
578843,1,4,5,95,2,,,,,,,,2,,,,,,,,,,,,,,,5,721.331.192.975.735
578843,1,5,5,95,2,,,,,,,,2,,,,,,,,,,,,,,,5,721.331.192.975.735
578843,1,6,5,95,2,,,,,,,,2,,,,,,,,,,,,,,,5,721.331.192.975.735
578844,1,1,5,95,2,,,,,,,,2,,,,,,,,,,,,,,,5,771.939.316.718.822
578844,1,2,5,95,2,,,,,,,,1,2,,1,,,336000,,,,2,2,2,,2,5,771.939.316.718.822
578844,1,3,5,95,2,,,,,,,,1,2,,1,,,130000,,,,2,2,2,,2,5,771.939.316.718.822
578845,1,1,5,95,2,,,,,,,,1,2,,1,,,72000,,,,2,2,2,,2,5,108.928.626.061.588
578845,1,2,5,95,2,,,,,,,,2,,,,,,,,,,,,,,,5,108.928.626.061.588
578845,1,3,5,95,2,,,,,,,,2,,,,,,,,,,,,,,,5,108.928.626.061.588
578845,1,4,5,95,2,,,,,,,,2,,,,,,,,,,,,,,,5,108.928.626.061.588
578846,1,1,5,95,2,,,,,,,,1,2,,1,,,252000,,,,2,2,2,,2,5,860.936.719.745.856
578846,1,2,5,95,2,,,,,,,,2,,,,,,,,,,,,,,,5,860.936.719.745.856
578847,1,1,5,95,1,,1,2,,,2000000,2,2,,,,,,,,,,,,,,,5,898.893.241.961.474
578847,1,2,5,95,1,,2,1,,98,,2,2,,,,,,,,,,,,,,,5,898.893.241.961.474
578847,1,3,5,95,2,,,,,,,,2,,,,,,,,,,,,,,,5,898.893.241.961.474
578847,1,4,5,95,2,,,,,,,,1,2,,2,,,,,,2000000,2,1,2,,2,5,898.893.241.961.474
578848,1,1,13,95,2,,,,,,,,2,,,,,,,,,,,,,,,13,277.021.979.112.614
578848,1,2,13,95,2,,,,,,,,2,,,,,,,,,,,,,,,13,277.021.979.112.614
578848,1,3,13,95,2,,,,,,,,2,,,,,,,,,,,,,,,13,277.021.979.112.614
578849,1,1,13,95,2,,,,,,,,1,2,,2,,,,,,500000,2,1,2,,2,13,246.671.634.505.262
578849,1,2,13,95,2,,,,,,,,2,,,,,,,,,,,,,,,13,246.671.634.505.262
578849,2,1,13,95,2,,,,,,,,2,,,,,,,,,,,,,,,13,246.671.634.505.262
578849,2,2,13,95,2,,,,,,,,2,,,,,,,,,,,,,,,13,246.671.634.505.262
578849,3,1,13,95,2,,,,,,,,2,,,,,,,,,,,,,,,13,246.671.634.505.262
578849,3,2,13,95,2,,,,,,,,2,,,,,,,,,,,,,,,13,246.671.634.505.262
578850,1,1,13,95,2,,,,,,,,2,,,,,,,,,,,,,,,13,300.479.439.657.875
578851,1,1,13,95,2,,,,,,,,2,,,,,,,,,,,,,,,13,285.153.207.839.913
578851,1,2,13,95,2,,,,,,,,2,,,,,,,,,,,,,,,13,285.153.207.839.913
578851,1,3,13,95,2,,,,,,,,2,,,,,,,,,,,,,,,13,285.153.207.839.913
578852,1,1,13,95,2,,,,,,,,2,,,,,,,,,,,,,,,13,634.253.160.845.894
578852,1,2,13,95,2,,,,,,,,2,,,,,,,,,,,,,,,13,634.253.160.845.894
578852,1,3,13,95,2,,,,,,,,2,,,,,,,,,,,,,,,13,634.253.160.845.894
578852,1,4,13,95,2,,,,,,,,2,,,,,,,,,,,,,,,13,634.253.160.845.894
578854,1,1,13,95,2,,,,,,,,2,,,,,,,,,,,,,,,13,5.478.027.565.894
578854,1,2,13,95,2,,,,,,,,2,,,,,,,,,,,,,,,13,5.478.027.565.894
578855,1,1,13,95,2,,,,,,,,2,,,,,,,,,,,,,,,13,690.862.498.723.978
578855,1,2,13,95,2,,,,,,,,2,,,,,,,,,,,,,,,13,690.862.498.723.978
578855,1,3,13,95,2,,,,,,,,2,,,,,,,,,,,,,,,13,690.862.498.723.978
578855,1,4,13,95,2,,,,,,,,2,,,,,,,,,,,,,,,13,690.862.498.723.978
578855,1,5,13,95,2,,,,,,,,2,,,,,,,,,,,,,,,13,690.862.498.723.978
578856,1,1,13,95,2,,,,,,,,2,,,,,,,,,,,,,,,13,268.884.081.433.705
578856,1,2,13,95,2,,,,,,,,2,,,,,,,,,,,,,,,13,268.884.081.433.705
578856,1,3,13,95,2,,,,,,,,2,,,,,,,,,,,,,,,13,268.884.081.433.705
578856,1,4,13,95,2,,,,,,,,2,,,,,,,,,,,,,,,13,268.884.081.433.705
578856,1,5,13,95,2,,,,,,,,1,2,,2,,,,,,200000,2,1,2,,2,13,268.884.081.433.705
578856,1,7,13,95,2,,,,,,,,2,,,,,,,,,,,,,,,13,268.884.081.433.705
578856,1,8,13,95,2,,,,,,,,2,,,,,,,,,,,,,,,13,268.884.081.433.705
578857,1,1,13,95,1,,2,1,,433700,,2,2,,,,,,,,,,,,,,,13,314.310.040.310.536
578857,1,2,13,95,2,,,,,,,,2,,,,,,,,,,,,,,,13,314.310.040.310.536
578857,1,3,13,95,2,,,,,,,,2,,,,,,,,,,,,,,,13,314.310.040.310.536
578857,1,4,13,95,2,,,,,,,,1,2,,2,,,,,,2000000,2,1,2,,2,13,314.310.040.310.536
578857,1,5,13,95,2,,,,,,,,1,2,,2,,,,,,500000,2,1,2,,2,13,314.310.040.310.536
578857,1,6,13,95,2,,,,,,,,2,,,,,,,,,,,,,,,13,314.310.040.310.536
578857,1,7,13,95,2,,,,,,,,2,,,,,,,,,,,,,,,13,314.310.040.310.536
578859,1,1,13,95,2,,,,,,,,1,2,,2,,,,1000000,,2500000,1,1,2,,2,13,292.929.893.961.751
578859,1,2,13,95,2,,,,,,,,2,,,,,,,,,,,,,,,13,292.929.893.961.751
578859,1,3,13,95,2,,,,,,,,1,2,,2,,,,,,300000,2,1,2,,2,13,292.929.893.961.751
578859,1,4,13,95,2,,,,,,,,1,2,,2,,,,,,300000,2,1,2,,2,13,292.929.893.961.751
578860,1,1,13,95,2,,,,,,,,2,,,,,,,,,,,,,,,13,289.878.918.383.874
578860,1,2,13,95,2,,,,,,,,2,,,,,,,,,,,,,,,13,289.878.918.383.874
578860,1,3,13,95,2,,,,,,,,2,,,,,,,,,,,,,,,13,289.878.918.383.874
578860,1,4,13,95,2,,,,,,,,2,,,,,,,,,,,,,,,13,289.878.918.383.874
578862,1,1,13,95,1,,2,1,,1300000,,2,2,,,,,,,,,,,,,,,13,319.402.281.157.767
578862,1,2,13,95,2,,,,,,,,2,,,,,,,,,,,,,,,13,319.402.281.157.767
578864,1,1,13,95,2,,,,,,,,2,,,,,,,,,,,,,,,13,257.202.453.563.177
578864,1,2,13,95,2,,,,,,,,2,,,,,,,,,,,,,,,13,257.202.453.563.177
578865,1,1,13,95,2,,,,,,,,2,,,,,,,,,,,,,,,13,244.949.654.850.349
578865,1,2,13,95,2,,,,,,,,2,,,,,,,,,,,,,,,13,244.949.654.850.349
578866,1,1,13,95,2,,,,,,,,2,,,,,,,,,,,,,,,13,243.904.707.616.637
578866,1,2,13,95,2,,,,,,,,1,2,,2,,,,,,300000,2,1,2,,2,13,243.904.707.616.637
578866,1,3,13,95,2,,,,,,,,2,,,,,,,,,,,,,,,13,243.904.707.616.637
578866,1,4,13,95,2,,,,,,,,2,,,,,,,,,,,,,,,13,243.904.707.616.637
578866,1,6,13,95,2,,,,,,,,2,,,,,,,,,,,,,,,13,243.904.707.616.637
578866,1,7,13,95,2,,,,,,,,2,,,,,,,,,,,,,,,13,243.904.707.616.637
578867,1,1,13,95,2,,,,,,,,2,,,,,,,,,,,,,,,13,249.071.224.835.879
578867,1,2,13,95,2,,,,,,,,2,,,,,,,,,,,,,,,13,249.071.224.835.879
578868,1,1,13,95,2,,,,,,,,2,,,,,,,,,,,,,,,13,279.911.595.834.927
578869,1,1,13,95,1,,2,1,,4000000,,2,2,,,,,,,,,,,,,,,13,290.241.328.914.225
578869,1,2,13,95,2,,,,,,,,2,,,,,,,,,,,,,,,13,290.241.328.914.225
578869,1,3,13,95,2,,,,,,,,2,,,,,,,,,,,,,,,13,290.241.328.914.225
578870,1,1,13,95,1,,2,1,,98,,2,2,,,,,,,,,,,,,,,13,240.050.005.179.874
578870,1,2,13,95,2,,,,,,,,2,,,,,,,,,,,,,,,13,240.050.005.179.874
578871,1,1,13,95,2,,,,,,,,2,,,,,,,,,,,,,,,13,551.827.493.373.018
578871,1,2,13,95,2,,,,,,,,2,,,,,,,,,,,,,,,13,551.827.493.373.018
578871,1,3,13,95,2,,,,,,,,2,,,,,,,,,,,,,,,13,551.827.493.373.018
578871,1,5,13,95,2,,,,,,,,2,,,,,,,,,,,,,,,13,551.827.493.373.018
578872,1,1,13,95,2,,,,,,,,2,,,,,,,,,,,,,,,13,638.627.337.663.877
578872,1,2,13,95,2,,,,,,,,2,,,,,,,,,,,,,,,13,638.627.337.663.877
578872,1,3,13,95,2,,,,,,,,2,,,,,,,,,,,,,,,13,638.627.337.663.877
578872,1,4,13,95,2,,,,,,,,2,,,,,,,,,,,,,,,13,638.627.337.663.877
578873,1,1,13,95,2,,,,,,,,2,,,,,,,,,,,,,,,13,690.862.498.723.978
578873,1,2,13,95,2,,,,,,,,2,,,,,,,,,,,,,,,13,690.862.498.723.978
578873,1,3,13,95,2,,,,,,,,2,,,,,,,,,,,,,,,13,690.862.498.723.978
578873,1,4,13,95,2,,,,,,,,2,,,,,,,,,,,,,,,13,690.862.498.723.978
578873,1,5,13,95,2,,,,,,,,2,,,,,,,,,,,,,,,13,690.862.498.723.978
578875,1,1,13,95,2,,,,,,,,1,2,,2,,,,,,1000000,2,1,2,,2,13,247.374.808.396.844
578875,1,2,13,95,2,,,,,,,,2,,,,,,,,,,,,,,,13,247.374.808.396.844
578875,1,3,13,95,2,,,,,,,,2,,,,,,,,,,,,,,,13,247.374.808.396.844
578876,1,1,13,95,2,,,,,,,,2,,,,,,,,,,,,,,,13,290.118.639.080.538
578876,1,2,13,95,2,,,,,,,,2,,,,,,,,,,,,,,,13,290.118.639.080.538
578876,1,3,13,95,2,,,,,,,,2,,,,,,,,,,,,,,,13,290.118.639.080.538
578876,1,4,13,95,2,,,,,,,,2,,,,,,,,,,,,,,,13,290.118.639.080.538
578876,1,5,13,95,2,,,,,,,,2,,,,,,,,,,,,,,,13,290.118.639.080.538
578877,1,1,13,95,2,,,,,,,,2,,,,,,,,,,,,,,,13,296.318.934.249.416
578877,1,2,13,95,2,,,,,,,,2,,,,,,,,,,,,,,,13,296.318.934.249.416
578877,1,3,13,95,2,,,,,,,,2,,,,,,,,,,,,,,,13,296.318.934.249.416
578877,1,4,13,95,2,,,,,,,,2,,,,,,,,,,,,,,,13,296.318.934.249.416
578877,1,5,13,95,2,,,,,,,,2,,,,,,,,,,,,,,,13,296.318.934.249.416
578877,1,6,13,95,2,,,,,,,,2,,,,,,,,,,,,,,,13,296.318.934.249.416
578877,1,7,13,95,2,,,,,,,,2,,,,,,,,,,,,,,,13,296.318.934.249.416
578878,1,1,13,95,2,,,,,,,,1,2,,2,,,,,,2400000,2,1,2,,2,13,266.300.233.379.259
578878,1,2,13,95,2,,,,,,,,1,2,,2,,,,,,3000000,2,1,2,,2,13,266.300.233.379.259
578879,1,1,13,95,2,,,,,,,,2,,,,,,,,,,,,,,,13,313.271.796.332.265
578879,1,2,13,95,2,,,,,,,,2,,,,,,,,,,,,,,,13,313.271.796.332.265
578879,1,3,13,95,2,,,,,,,,2,,,,,,,,,,,,,,,13,313.271.796.332.265
578879,1,4,13,95,2,,,,,,,,2,,,,,,,,,,,,,,,13,313.271.796.332.265
578880,1,1,13,95,2,,,,,,,,2,,,,,,,,,,,,,,,13,344.537.695.084.201
578880,1,2,13,95,2,,,,,,,,2,,,,,,,,,,,,,,,13,344.537.695.084.201
578880,1,3,13,95,2,,,,,,,,2,,,,,,,,,,,,,,,13,344.537.695.084.201
578880,1,4,13,95,2,,,,,,,,2,,,,,,,,,,,,,,,13,344.537.695.084.201
578880,1,5,13,95,2,,,,,,,,2,,,,,,,,,,,,,,,13,344.537.695.084.201
578880,1,6,13,95,2,,,,,,,,2,,,,,,,,,,,,,,,13,344.537.695.084.201
578881,1,1,13,95,1,,2,1,,98,,2,2,,,,,,,,,,,,,,,13,242.512.628.774.965
578881,1,2,13,95,2,,,,,,,,1,2,,2,,,,,,4800000,2,1,2,,2,13,242.512.628.774.965
578881,1,3,13,95,2,,,,,,,,2,,,,,,,,,,,,,,,13,242.512.628.774.965
578883,1,1,13,95,1,,2,1,,2500000,,2,2,,,,,,,,,,,,,,,13,286.642.135.749.772
578883,1,2,13,95,2,,,,,,,,2,,,,,,,,,,,,,,,13,286.642.135.749.772
578884,1,1,13,95,2,,,,,,,,2,,,,,,,,,,,,,,,13,261.212.112.304.946
578884,1,2,13,95,2,,,,,,,,2,,,,,,,,,,,,,,,13,261.212.112.304.946
578885,1,1,13,95,2,,,,,,,,2,,,,,,,,,,,,,,,13,283.148.378.469.028
578885,1,2,13,95,2,,,,,,,,2,,,,,,,,,,,,,,,13,283.148.378.469.028
578885,1,3,13,95,2,,,,,,,,2,,,,,,,,,,,,,,,13,283.148.378.469.028
578886,1,1,13,95,2,,,,,,,,2,,,,,,,,,,,,,,,13,265.131.397.338.579
578886,1,2,13,95,2,,,,,,,,2,,,,,,,,,,,,,,,13,265.131.397.338.579
578886,1,3,13,95,2,,,,,,,,2,,,,,,,,,,,,,,,13,265.131.397.338.579
578886,1,4,13,95,2,,,,,,,,2,,,,,,,,,,,,,,,13,265.131.397.338.579
578887,1,1,13,95,2,,,,,,,,2,,,,,,,,,,,,,,,13,265.131.397.338.579
578887,1,2,13,95,2,,,,,,,,2,,,,,,,,,,,,,,,13,265.131.397.338.579
578887,2,1,13,95,2,,,,,,,,2,,,,,,,,,,,,,,,13,265.131.397.338.579
578887,2,2,13,95,2,,,,,,,,2,,,,,,,,,,,,,,,13,265.131.397.338.579
578888,1,1,13,95,2,,,,,,,,2,,,,,,,,,,,,,,,13,231.570.145.166.454
578888,1,2,13,95,2,,,,,,,,2,,,,,,,,,,,,,,,13,231.570.145.166.454
578888,1,6,13,95,2,,,,,,,,2,,,,,,,,,,,,,,,13,231.570.145.166.454
578888,1,7,13,95,2,,,,,,,,2,,,,,,,,,,,,,,,13,231.570.145.166.454
578889,1,1,13,95,2,,,,,,,,2,,,,,,,,,,,,,,,13,316.419.106.591.849
578889,1,2,13,95,2,,,,,,,,2,,,,,,,,,,,,,,,13,316.419.106.591.849
578889,1,3,13,95,2,,,,,,,,2,,,,,,,,,,,,,,,13,316.419.106.591.849
578889,1,4,13,95,2,,,,,,,,2,,,,,,,,,,,,,,,13,316.419.106.591.849
578889,1,5,13,95,2,,,,,,,,2,,,,,,,,,,,,,,,13,316.419.106.591.849
578890,1,1,13,95,1,,2,1,,800000,,2,2,,,,,,,,,,,,,,,13,523.745.902.301.552
578890,1,2,13,95,2,,,,,,,,2,,,,,,,,,,,,,,,13,523.745.902.301.552
578891,1,1,13,95,2,,,,,,,,2,,,,,,,,,,,,,,,13,676.326.660.969.643
578891,1,2,13,95,2,,,,,,,,2,,,,,,,,,,,,,,,13,676.326.660.969.643
578891,1,3,13,95,2,,,,,,,,2,,,,,,,,,,,,,,,13,676.326.660.969.643
578891,1,4,13,95,2,,,,,,,,2,,,,,,,,,,,,,,,13,676.326.660.969.643
578891,1,5,13,95,2,,,,,,,,2,,,,,,,,,,,,,,,13,676.326.660.969.643
578891,1,7,13,95,2,,,,,,,,2,,,,,,,,,,,,,,,13,676.326.660.969.643
578891,1,8,13,95,2,,,,,,,,2,,,,,,,,,,,,,,,13,676.326.660.969.643
578891,1,10,13,95,2,,,,,,,,2,,,,,,,,,,,,,,,13,676.326.660.969.643
578891,1,11,13,95,2,,,,,,,,2,,,,,,,,,,,,,,,13,676.326.660.969.643
578891,1,16,13,95,2,,,,,,,,2,,,,,,,,,,,,,,,13,676.326.660.969.643
578891,1,17,13,95,2,,,,,,,,2,,,,,,,,,,,,,,,13,676.326.660.969.643
578891,1,19,13,95,2,,,,,,,,2,,,,,,,,,,,,,,,13,676.326.660.969.643
578891,1,20,13,95,2,,,,,,,,2,,,,,,,,,,,,,,,13,676.326.660.969.643
578892,1,1,13,95,2,,,,,,,,2,,,,,,,,,,,,,,,13,311.041.025.508.946
578892,1,2,13,95,2,,,,,,,,2,,,,,,,,,,,,,,,13,311.041.025.508.946
578892,1,3,13,95,2,,,,,,,,2,,,,,,,,,,,,,,,13,311.041.025.508.946
578892,1,4,13,95,2,,,,,,,,2,,,,,,,,,,,,,,,13,311.041.025.508.946
578893,1,1,13,95,2,,,,,,,,2,,,,,,,,,,,,,,,13,298.249.867.807.836
578893,1,2,13,95,2,,,,,,,,2,,,,,,,,,,,,,,,13,298.249.867.807.836
578893,1,3,13,95,2,,,,,,,,2,,,,,,,,,,,,,,,13,298.249.867.807.836
578893,1,4,13,95,2,,,,,,,,2,,,,,,,,,,,,,,,13,298.249.867.807.836
578893,1,5,13,95,2,,,,,,,,2,,,,,,,,,,,,,,,13,298.249.867.807.836
578894,1,1,13,95,2,,,,,,,,1,2,,2,,,,,,3000000,2,1,2,,2,13,310.156.238.157.518
578894,1,2,13,95,2,,,,,,,,2,,,,,,,,,,,,,,,13,310.156.238.157.518
578894,1,3,13,95,2,,,,,,,,2,,,,,,,,,,,,,,,13,310.156.238.157.518
578894,2,1,13,95,2,,,,,,,,2,,,,,,,,,,,,,,,13,310.156.238.157.518
578894,2,2,13,95,2,,,,,,,,2,,,,,,,,,,,,,,,13,310.156.238.157.518
578894,2,3,13,95,2,,,,,,,,2,,,,,,,,,,,,,,,13,310.156.238.157.518
578895,1,1,13,95,2,,,,,,,,2,,,,,,,,,,,,,,,13,285.153.207.839.913
578895,1,2,13,95,2,,,,,,,,2,,,,,,,,,,,,,,,13,285.153.207.839.913
578895,1,3,13,95,2,,,,,,,,2,,,,,,,,,,,,,,,13,285.153.207.839.913
578896,1,1,13,95,2,,,,,,,,2,,,,,,,,,,,,,,,13,263.080.472.597.913
578896,1,2,13,95,2,,,,,,,,2,,,,,,,,,,,,,,,13,263.080.472.597.913
578896,1,3,13,95,2,,,,,,,,2,,,,,,,,,,,,,,,13,263.080.472.597.913
578897,1,1,13,95,1,,2,1,,1200000,,2,2,,,,,,,,,,,,,,,13,296.817.732.859.152
578897,1,2,13,95,1,,1,1,,800000,1000000,2,2,,,,,,,,,,,,,,,13,296.817.732.859.152
578897,1,3,13,95,2,,,,,,,,2,,,,,,,,,,,,,,,13,296.817.732.859.152
578897,1,4,13,95,2,,,,,,,,2,,,,,,,,,,,,,,,13,296.817.732.859.152
578899,1,1,13,95,2,,,,,,,,1,2,,2,,,,,,3600000,2,1,2,,2,13,235.620.022.262.495
578900,1,1,13,95,2,,,,,,,,2,,,,,,,,,,,,,,,13,261.212.112.304.946
578900,1,2,13,95,2,,,,,,,,2,,,,,,,,,,,,,,,13,261.212.112.304.946
578901,1,1,13,95,2,,,,,,,,2,,,,,,,,,,,,,,,13,625.361.208.819.762
578901,1,2,13,95,2,,,,,,,,2,,,,,,,,,,,,,,,13,625.361.208.819.762
578901,1,3,13,95,2,,,,,,,,2,,,,,,,,,,,,,,,13,625.361.208.819.762
578901,1,4,13,95,2,,,,,,,,2,,,,,,,,,,,,,,,13,625.361.208.819.762
578901,1,5,13,95,2,,,,,,,,2,,,,,,,,,,,,,,,13,625.361.208.819.762
578902,1,1,13,95,2,,,,,,,,2,,,,,,,,,,,,,,,13,568.301.859.107.617
578902,1,2,13,95,2,,,,,,,,2,,,,,,,,,,,,,,,13,568.301.859.107.617
578902,1,3,13,95,2,,,,,,,,2,,,,,,,,,,,,,,,13,568.301.859.107.617
578902,1,5,13,95,2,,,,,,,,2,,,,,,,,,,,,,,,13,568.301.859.107.617
578902,1,6,13,95,2,,,,,,,,2,,,,,,,,,,,,,,,13,568.301.859.107.617
578903,1,1,13,95,2,,,,,,,,2,,,,,,,,,,,,,,,13,552.176.933.407.383
578903,1,2,13,95,2,,,,,,,,2,,,,,,,,,,,,,,,13,552.176.933.407.383
578904,1,1,13,95,2,,,,,,,,2,,,,,,,,,,,,,,,13,289.330.700.797.298
578904,1,2,13,95,2,,,,,,,,2,,,,,,,,,,,,,,,13,289.330.700.797.298
578904,1,3,13,95,2,,,,,,,,2,,,,,,,,,,,,,,,13,289.330.700.797.298
578905,1,1,13,95,2,,,,,,,,1,2,,2,,,,,,1800000,2,1,2,,2,13,289.072.492.873.546
578905,1,2,13,95,2,,,,,,,,2,,,,,,,,,,,,,,,13,289.072.492.873.546
578905,1,3,13,95,2,,,,,,,,2,,,,,,,,,,,,,,,13,289.072.492.873.546
578905,1,4,13,95,2,,,,,,,,2,,,,,,,,,,,,,,,13,289.072.492.873.546
578905,1,5,13,95,2,,,,,,,,2,,,,,,,,,,,,,,,13,289.072.492.873.546
578906,1,1,13,95,2,,,,,,,,2,,,,,,,,,,,,,,,13,28.056.306.504.025
578906,1,2,13,95,2,,,,,,,,2,,,,,,,,,,,,,,,13,28.056.306.504.025
578906,2,1,13,95,2,,,,,,,,2,,,,,,,,,,,,,,,13,28.056.306.504.025
578906,2,2,13,95,2,,,,,,,,2,,,,,,,,,,,,,,,13,28.056.306.504.025
578907,1,1,13,95,2,,,,,,,,2,,,,,,,,,,,,,,,13,206.607.793.202.143
578907,1,2,13,95,2,,,,,,,,2,,,,,,,,,,,,,,,13,206.607.793.202.143
578907,1,3,13,95,2,,,,,,,,1,2,,2,,,,,,1200000,2,1,2,,2,13,206.607.793.202.143
578907,1,5,13,95,2,,,,,,,,1,2,,2,,,,,,2400000,2,1,2,,2,13,206.607.793.202.143
578907,2,1,13,95,2,,,,,,,,2,,,,,,,,,,,,,,,13,206.607.793.202.143
578907,2,2,13,95,2,,,,,,,,2,,,,,,,,,,,,,,,13,206.607.793.202.143
578908,1,1,13,95,2,,,,,,,,1,2,,2,,,,,,2400000,2,1,2,,2,13,251.882.479.717.092
578909,1,1,13,95,2,,,,,,,,2,,,,,,,,,,,,,,,13,261.212.112.304.946
578909,1,2,13,95,2,,,,,,,,2,,,,,,,,,,,,,,,13,261.212.112.304.946
578911,1,1,13,95,2,,,,,,,,2,,,,,,,,,,,,,,,13,302.073.803.451.443
578911,1,2,13,95,2,,,,,,,,2,,,,,,,,,,,,,,,13,302.073.803.451.443
578912,1,1,13,95,2,,,,,,,,2,,,,,,,,,,,,,,,13,249.071.224.835.879
578912,1,2,13,95,2,,,,,,,,2,,,,,,,,,,,,,,,13,249.071.224.835.879
578914,1,1,13,95,2,,,,,,,,2,,,,,,,,,,,,,,,13,300.963.074.647.581
578914,1,2,13,95,2,,,,,,,,2,,,,,,,,,,,,,,,13,300.963.074.647.581
578914,1,3,13,95,2,,,,,,,,2,,,,,,,,,,,,,,,13,300.963.074.647.581
578914,1,4,13,95,2,,,,,,,,2,,,,,,,,,,,,,,,13,300.963.074.647.581
578915,1,1,13,95,1,,1,2,,,1700000,2,2,,,,,,,,,,,,,,,13,287.499.144.400.406
579185,1,1,23,95,2,,,,,,,,2,,,,,,,,,,,,,,,23,134.465.917.798.012
579185,1,2,23,95,2,,,,,,,,2,,,,,,,,,,,,,,,23,134.465.917.798.012
579185,1,3,23,95,2,,,,,,,,2,,,,,,,,,,,,,,,23,134.465.917.798.012
579186,1,1,23,95,2,,,,,,,,2,,,,,,,,,,,,,,,23,14.412.875.413.431
579186,1,2,23,95,2,,,,,,,,2,,,,,,,,,,,,,,,23,14.412.875.413.431
579186,1,3,23,95,2,,,,,,,,2,,,,,,,,,,,,,,,23,14.412.875.413.431
579187,1,1,23,95,1,,2,1,,1400000,,2,2,,,,,,,,,,,,,,,23,153.245.844.667.791
579187,1,2,23,95,2,,,,,,,,2,,,,,,,,,,,,,,,23,153.245.844.667.791
579187,1,3,23,95,2,,,,,,,,2,,,,,,,,,,,,,,,23,153.245.844.667.791
579187,1,4,23,95,2,,,,,,,,2,,,,,,,,,,,,,,,23,153.245.844.667.791
579188,1,1,23,95,2,,,,,,,,2,,,,,,,,,,,,,,,23,128.453.967.424.982
579188,1,2,23,95,2,,,,,,,,2,,,,,,,,,,,,,,,23,128.453.967.424.982
579188,1,3,23,95,2,,,,,,,,2,,,,,,,,,,,,,,,23,128.453.967.424.982
579189,1,1,23,95,2,,,,,,,,2,,,,,,,,,,,,,,,23,136.478.101.312.352
579189,1,2,23,95,2,,,,,,,,2,,,,,,,,,,,,,,,23,136.478.101.312.352
579189,1,3,23,95,2,,,,,,,,2,,,,,,,,,,,,,,,23,136.478.101.312.352
579189,1,4,23,95,2,,,,,,,,2,,,,,,,,,,,,,,,23,136.478.101.312.352
579189,1,5,23,95,2,,,,,,,,2,,,,,,,,,,,,,,,23,136.478.101.312.352
579190,1,1,23,95,2,,,,,,,,1,2,,1,,,70000,,,7400000,2,1,2,,2,23,124.638.634.808.193
579191,1,1,23,95,2,,,,,,,,1,2,,2,,,,,,1700000,2,1,2,,2,23,134.616.466.179.556
579191,1,2,23,95,2,,,,,,,,2,,,,,,,,,,,,,,,23,134.616.466.179.556
579192,1,1,23,95,1,,1,1,,642000,75000,2,1,2,,1,,,600000,,,,2,2,2,,2,23,982.821.594.378.123
579192,1,2,23,95,2,,,,,,,,2,,,,,,,,,,,,,,,23,982.821.594.378.123
579192,1,3,23,95,2,,,,,,,,1,2,,1,,,170000,,,,2,2,2,,2,23,982.821.594.378.123
579192,1,4,23,95,2,,,,,,,,2,,,,,,,,,,,,,,,23,982.821.594.378.123
579193,1,1,23,95,2,,,,,,,,2,,,,,,,,,,,,,,,23,119.253.782.617.754
579193,1,2,23,95,2,,,,,,,,2,,,,,,,,,,,,,,,23,119.253.782.617.754
579193,1,3,23,95,2,,,,,,,,2,,,,,,,,,,,,,,,23,119.253.782.617.754
579193,1,4,23,95,2,,,,,,,,2,,,,,,,,,,,,,,,23,119.253.782.617.754
579194,1,1,23,95,2,,,,,,,,2,,,,,,,,,,,,,,,23,127.277.137.287.944
579194,1,2,23,95,2,,,,,,,,2,,,,,,,,,,,,,,,23,127.277.137.287.944
579195,1,1,23,95,2,,,,,,,,2,,,,,,,,,,,,,,,23,127.140.840.319.845
579195,1,2,23,95,2,,,,,,,,2,,,,,,,,,,,,,,,23,127.140.840.319.845
579195,1,3,23,95,2,,,,,,,,2,,,,,,,,,,,,,,,23,127.140.840.319.845
579196,1,1,23,95,2,,,,,,,,2,,,,,,,,,,,,,,,23,915.182.636.037.083
579196,1,2,23,95,2,,,,,,,,2,,,,,,,,,,,,,,,23,915.182.636.037.083
579196,1,3,23,95,2,,,,,,,,2,,,,,,,,,,,,,,,23,915.182.636.037.083
579197,1,1,23,95,1,,2,1,,650000,,2,2,,,,,,,,,,,,,,,23,117.092.436.046.345
579197,1,2,23,95,2,,,,,,,,2,,,,,,,,,,,,,,,23,117.092.436.046.345
579197,1,3,23,95,2,,,,,,,,2,,,,,,,,,,,,,,,23,117.092.436.046.345
579197,1,4,23,95,2,,,,,,,,2,,,,,,,,,,,,,,,23,117.092.436.046.345
579198,1,1,23,95,2,,,,,,,,2,,,,,,,,,,,,,,,23,113.620.215.921.017
579199,1,1,23,95,2,,,,,,,,1,2,,2,,,,,,1200000,2,1,2,,2,23,139.700.779.674.832
579199,1,2,23,95,2,,,,,,,,2,,,,,,,,,,,,,,,23,139.700.779.674.832
579199,1,3,23,95,2,,,,,,,,2,,,,,,,,,,,,,,,23,139.700.779.674.832
579199,1,4,23,95,2,,,,,,,,2,,,,,,,,,,,,,,,23,139.700.779.674.832
579199,1,6,23,95,2,,,,,,,,2,,,,,,,,,,,,,,,23,139.700.779.674.832
579200,1,1,23,95,2,,,,,,,,2,,,,,,,,,,,,,,,23,986.884.754.750.636
579200,1,2,23,95,2,,,,,,,,2,,,,,,,,,,,,,,,23,986.884.754.750.636
579200,1,3,23,95,2,,,,,,,,2,,,,,,,,,,,,,,,23,986.884.754.750.636
579200,1,4,23,95,2,,,,,,,,2,,,,,,,,,,,,,,,23,986.884.754.750.636
579201,1,1,23,95,2,,,,,,,,2,,,,,,,,,,,,,,,23,138.266.158.658.127
579201,1,2,23,95,2,,,,,,,,2,,,,,,,,,,,,,,,23,138.266.158.658.127
579201,1,3,23,95,2,,,,,,,,2,,,,,,,,,,,,,,,23,138.266.158.658.127
579202,1,1,23,95,2,,,,,,,,2,,,,,,,,,,,,,,,23,162.733.008.776.069
579202,1,2,23,95,2,,,,,,,,2,,,,,,,,,,,,,,,23,162.733.008.776.069
579202,1,3,23,95,2,,,,,,,,2,,,,,,,,,,,,,,,23,162.733.008.776.069
579202,1,4,23,95,2,,,,,,,,2,,,,,,,,,,,,,,,23,162.733.008.776.069
579202,1,5,23,95,2,,,,,,,,2,,,,,,,,,,,,,,,23,162.733.008.776.069
579202,1,6,23,95,2,,,,,,,,2,,,,,,,,,,,,,,,23,162.733.008.776.069
579203,1,1,23,95,2,,,,,,,,1,2,,2,,,,,,1000000,2,1,2,,2,23,115.630.427.586.183
579204,1,1,23,95,2,,,,,,,,2,,,,,,,,,,,,,,,23,128.910.492.961.252
579204,1,2,23,95,2,,,,,,,,2,,,,,,,,,,,,,,,23,128.910.492.961.252
579204,1,4,23,95,1,,2,1,,170000,,2,2,,,,,,,,,,,,,,,23,128.910.492.961.252
579204,1,5,23,95,1,,2,2,70000,,,1,2,,,,,,,,,,,,,,,23,128.910.492.961.252
579205,1,1,23,95,2,,,,,,,,2,,,,,,,,,,,,,,,23,156.613.853.378.582
579205,1,2,23,95,2,,,,,,,,2,,,,,,,,,,,,,,,23,156.613.853.378.582
579205,1,3,23,95,2,,,,,,,,2,,,,,,,,,,,,,,,23,156.613.853.378.582
579205,1,4,23,95,2,,,,,,,,2,,,,,,,,,,,,,,,23,156.613.853.378.582
579205,1,5,23,95,2,,,,,,,,2,,,,,,,,,,,,,,,23,156.613.853.378.582
579206,1,1,23,95,1,,1,1,,433700,180000,2,2,,,,,,,,,,,,,,,23,118.803.529.462.455
579206,1,2,23,95,2,,,,,,,,2,,,,,,,,,,,,,,,23,118.803.529.462.455
579206,1,4,23,95,2,,,,,,,,2,,,,,,,,,,,,,,,23,118.803.529.462.455
579207,1,1,23,95,2,,,,,,,,2,,,,,,,,,,,,,,,23,147.328.558.257.947
579207,1,2,23,95,2,,,,,,,,2,,,,,,,,,,,,,,,23,147.328.558.257.947
579208,1,1,23,95,2,,,,,,,,2,,,,,,,,,,,,,,,23,140.248.291.502.187
579209,1,1,23,95,2,,,,,,,,2,,,,,,,,,,,,,,,23,122.188.573.662.413
579209,1,2,23,95,2,,,,,,,,2,,,,,,,,,,,,,,,23,122.188.573.662.413
579209,1,3,23,95,2,,,,,,,,2,,,,,,,,,,,,,,,23,122.188.573.662.413
579210,1,1,23,95,2,,,,,,,,2,,,,,,,,,,,,,,,23,129.422.890.011.262
579210,1,2,23,95,2,,,,,,,,2,,,,,,,,,,,,,,,23,129.422.890.011.262
579211,1,1,23,95,1,,2,1,,2500000,,2,2,,,,,,,,,,,,,,,23,998.254.563.142.157
579211,1,2,23,95,2,,,,,,,,1,2,,2,,,,,,3600000,2,1,2,,2,23,998.254.563.142.157
579212,1,1,23,95,2,,,,,,,,2,,,,,,,,,,,,,,,23,105.574.188.241.398
579212,1,2,23,95,2,,,,,,,,2,,,,,,,,,,,,,,,23,105.574.188.241.398
579212,1,3,23,95,2,,,,,,,,2,,,,,,,,,,,,,,,23,105.574.188.241.398
579212,1,4,23,95,2,,,,,,,,2,,,,,,,,,,,,,,,23,105.574.188.241.398
579212,1,6,23,95,2,,,,,,,,2,,,,,,,,,,,,,,,23,105.574.188.241.398
579213,1,1,23,95,2,,,,,,,,2,,,,,,,,,,,,,,,23,903.763.843.197.186
579213,1,2,23,95,2,,,,,,,,2,,,,,,,,,,,,,,,23,903.763.843.197.186
579213,1,4,23,95,2,,,,,,,,1,2,,2,,,,,,3600000,2,1,2,,2,23,903.763.843.197.186
579214,1,1,23,95,2,,,,,,,,2,,,,,,,,,,,,,,,23,116.832.343.351.806
579214,1,2,23,95,2,,,,,,,,2,,,,,,,,,,,,,,,23,116.832.343.351.806
579214,1,3,23,95,2,,,,,,,,2,,,,,,,,,,,,,,,23,116.832.343.351.806
579215,1,1,23,95,1,,2,1,,433700,,2,2,,,,,,,,,,,,,,,23,966.333.744.429.013
579215,1,2,23,95,2,,,,,,,,2,,,,,,,,,,,,,,,23,966.333.744.429.013
579215,1,3,23,95,2,,,,,,,,2,,,,,,,,,,,,,,,23,966.333.744.429.013
579216,1,1,23,95,2,,,,,,,,2,,,,,,,,,,,,,,,23,135.255.386.584.377
579216,1,2,23,95,2,,,,,,,,2,,,,,,,,,,,,,,,23,135.255.386.584.377
579216,1,3,23,95,2,,,,,,,,2,,,,,,,,,,,,,,,23,135.255.386.584.377
579216,1,4,23,95,2,,,,,,,,2,,,,,,,,,,,,,,,23,135.255.386.584.377
579216,1,5,23,95,2,,,,,,,,2,,,,,,,,,,,,,,,23,135.255.386.584.377
579216,1,6,23,95,2,,,,,,,,2,,,,,,,,,,,,,,,23,135.255.386.584.377
579217,1,1,23,95,1,,2,1,,1200000,,2,2,,,,,,,,,,,,,,,23,127.243.000.681.751
579217,1,2,23,95,2,,,,,,,,2,,,,,,,,,,,,,,,23,127.243.000.681.751
579217,1,3,23,95,2,,,,,,,,2,,,,,,,,,,,,,,,23,127.243.000.681.751
579217,1,4,23,95,2,,,,,,,,2,,,,,,,,,,,,,,,23,127.243.000.681.751
579217,1,5,23,95,2,,,,,,,,2,,,,,,,,,,,,,,,23,127.243.000.681.751
579218,1,1,23,95,2,,,,,,,,2,,,,,,,,,,,,,,,23,123.261.450.024.072
579218,1,2,23,95,2,,,,,,,,2,,,,,,,,,,,,,,,23,123.261.450.024.072
579218,1,3,23,95,2,,,,,,,,2,,,,,,,,,,,,,,,23,123.261.450.024.072
579219,1,1,23,95,1,,2,1,,2800000,,2,2,,,,,,,,,,,,,,,23,973.148.215.243.347
579219,1,2,23,95,2,,,,,,,,2,,,,,,,,,,,,,,,23,973.148.215.243.347
579220,1,1,23,95,2,,,,,,,,2,,,,,,,,,,,,,,,23,125.002.661.587.064
579220,1,2,23,95,2,,,,,,,,2,,,,,,,,,,,,,,,23,125.002.661.587.064
579220,1,3,23,95,2,,,,,,,,1,2,,2,,,,,,3600000,2,1,2,,2,23,125.002.661.587.064
579221,1,1,23,95,2,,,,,,,,2,,,,,,,,,,,,,,,23,134.746.056.052.026
579221,1,2,23,95,1,,1,2,,,300000,2,2,,,,,,,,,,,,,,,23,134.746.056.052.026
579221,1,3,23,95,2,,,,,,,,2,,,,,,,,,,,,,,,23,134.746.056.052.026
579221,1,4,23,95,2,,,,,,,,2,,,,,,,,,,,,,,,23,134.746.056.052.026
579221,1,5,23,95,2,,,,,,,,2,,,,,,,,,,,,,,,23,134.746.056.052.026
579221,1,6,23,95,2,,,,,,,,2,,,,,,,,,,,,,,,23,134.746.056.052.026
579221,1,7,23,95,2,,,,,,,,2,,,,,,,,,,,,,,,23,134.746.056.052.026
579222,1,1,23,95,2,,,,,,,,2,,,,,,,,,,,,,,,23,122.325.448.137.663
579222,1,2,23,95,2,,,,,,,,2,,,,,,,,,,,,,,,23,122.325.448.137.663
579223,1,1,23,95,2,,,,,,,,2,,,,,,,,,,,,,,,23,129.422.890.011.262
579223,1,2,23,95,2,,,,,,,,2,,,,,,,,,,,,,,,23,129.422.890.011.262
579224,1,1,23,95,2,,,,,,,,2,,,,,,,,,,,,,,,23,147.443.041.927.007
579224,1,2,23,95,2,,,,,,,,2,,,,,,,,,,,,,,,23,147.443.041.927.007
579224,1,3,23,95,2,,,,,,,,2,,,,,,,,,,,,,,,23,147.443.041.927.007
579224,1,4,23,95,2,,,,,,,,1,2,,2,,,,,,1200000,2,1,2,,2,23,147.443.041.927.007
579224,1,7,23,95,2,,,,,,,,2,,,,,,,,,,,,,,,23,147.443.041.927.007
579224,1,8,23,95,2,,,,,,,,2,,,,,,,,,,,,,,,23,147.443.041.927.007
579224,1,9,23,95,2,,,,,,,,2,,,,,,,,,,,,,,,23,147.443.041.927.007
579225,1,1,23,95,2,,,,,,,,1,2,,2,,,,,,7200000,2,1,2,,2,23,118.169.013.754.472
579225,1,6,23,95,2,,,,,,,,1,2,,2,,,,,,4800000,2,1,2,,2,23,118.169.013.754.472
579225,1,8,23,95,2,,,,,,,,2,,,,,,,,,,,,,,,23,118.169.013.754.472
579227,1,1,23,95,1,,2,1,,1100000,,2,2,,,,,,,,,,,,,,,23,121.358.466.615.669
579227,1,2,23,95,2,,,,,,,,2,,,,,,,,,,,,,,,23,121.358.466.615.669
579227,1,3,23,95,2,,,,,,,,1,2,,2,,,,,,2640000,2,1,2,,2,23,121.358.466.615.669
579227,1,4,23,95,2,,,,,,,,2,,,,,,,,,,,,,,,23,121.358.466.615.669
579227,1,5,23,95,2,,,,,,,,2,,,,,,,,,,,,,,,23,121.358.466.615.669
579228,1,1,23,95,1,,1,1,,1160000,450000,2,2,,,,,,,,,,,,,,,23,97.687.277.581.435
579228,1,2,23,95,2,,,,,,,,2,,,,,,,,,,,,,,,23,97.687.277.581.435
579229,1,1,23,95,2,,,,,,,,2,,,,,,,,,,,,,,,23,123.261.450.024.072
579229,1,2,23,95,2,,,,,,,,2,,,,,,,,,,,,,,,23,123.261.450.024.072
579229,1,3,23,95,2,,,,,,,,2,,,,,,,,,,,,,,,23,123.261.450.024.072
579230,1,1,23,95,1,,2,1,,2200000,,2,2,,,,,,,,,,,,,,,23,120.817.050.980.093
579230,1,2,23,95,2,,,,,,,,2,,,,,,,,,,,,,,,23,120.817.050.980.093
579230,1,3,23,95,2,,,,,,,,2,,,,,,,,,,,,,,,23,120.817.050.980.093
579230,1,6,23,95,2,,,,,,,,2,,,,,,,,,,,,,,,23,120.817.050.980.093
579230,1,7,23,95,2,,,,,,,,2,,,,,,,,,,,,,,,23,120.817.050.980.093
579230,1,10,23,95,2,,,,,,,,2,,,,,,,,,,,,,,,23,120.817.050.980.093
579231,1,1,23,95,1,,1,2,,,450000,2,2,,,,,,,,,,,,,,,23,118.146.339.184.879
579231,1,2,23,95,2,,,,,,,,2,,,,,,,,,,,,,,,23,118.146.339.184.879
579231,1,3,23,95,2,,,,,,,,2,,,,,,,,,,,,,,,23,118.146.339.184.879
579232,1,1,23,95,2,,,,,,,,2,,,,,,,,,,,,,,,23,122.188.573.662.413
579232,1,2,23,95,2,,,,,,,,2,,,,,,,,,,,,,,,23,122.188.573.662.413
579232,1,4,23,95,2,,,,,,,,2,,,,,,,,,,,,,,,23,122.188.573.662.413
579233,1,1,23,95,2,,,,,,,,2,,,,,,,,,,,,,,,23,114.954.257.313.565
579233,1,2,23,95,2,,,,,,,,2,,,,,,,,,,,,,,,23,114.954.257.313.565
579233,1,3,23,95,2,,,,,,,,2,,,,,,,,,,,,,,,23,114.954.257.313.565
579233,1,4,23,95,2,,,,,,,,2,,,,,,,,,,,,,,,23,114.954.257.313.565
579234,1,1,23,95,1,,1,2,,,250000,2,2,,,,,,,,,,,,,,,23,96.260.918.385.801
579234,1,2,23,95,2,,,,,,,,2,,,,,,,,,,,,,,,23,96.260.918.385.801
579234,1,3,23,95,2,,,,,,,,2,,,,,,,,,,,,,,,23,96.260.918.385.801
579235,1,1,23,95,2,,,,,,,,2,,,,,,,,,,,,,,,23,122.697.904.194.764
579235,1,2,23,95,2,,,,,,,,2,,,,,,,,,,,,,,,23,122.697.904.194.764
579236,1,1,23,95,2,,,,,,,,2,,,,,,,,,,,,,,,23,126.743.873.150.056
579236,1,2,23,95,2,,,,,,,,2,,,,,,,,,,,,,,,23,126.743.873.150.056
579236,1,5,23,95,2,,,,,,,,2,,,,,,,,,,,,,,,23,126.743.873.150.056
579237,1,1,23,95,2,,,,,,,,2,,,,,,,,,,,,,,,23,115.091.131.788.815
579237,1,2,23,95,2,,,,,,,,2,,,,,,,,,,,,,,,23,115.091.131.788.815
579237,1,3,23,95,2,,,,,,,,2,,,,,,,,,,,,,,,23,115.091.131.788.815
579238,1,1,23,95,2,,,,,,,,1,2,,2,,,,,,3600000,2,1,2,,2,23,13.207.797.326.693
579239,1,1,23,95,2,,,,,,,,1,2,,2,,,,,,1200000,2,1,2,,2,23,154.380.406.795.273
579239,1,2,23,95,2,,,,,,,,1,2,,2,,,,,,1200000,2,1,2,,2,23,154.380.406.795.273
579239,1,3,23,95,2,,,,,,,,2,,,,,,,,,,,,,,,23,154.380.406.795.273
579239,1,4,23,95,2,,,,,,,,2,,,,,,,,,,,,,,,23,154.380.406.795.273
579240,1,1,23,95,2,,,,,,,,2,,,,,,,,,,,,,,,23,824.661.587.790.002
579240,1,2,23,95,2,,,,,,,,2,,,,,,,,,,,,,,,23,824.661.587.790.002
579240,1,3,23,95,2,,,,,,,,2,,,,,,,,,,,,,,,23,824.661.587.790.002
579240,1,4,23,95,2,,,,,,,,2,,,,,,,,,,,,,,,23,824.661.587.790.002
579241,1,1,23,95,1,,2,1,,433700,,2,1,2,,2,,,,,,2400000,2,1,2,,2,23,97.575.986.555.224
579241,1,2,23,95,2,,,,,,,,2,,,,,,,,,,,,,,,23,97.575.986.555.224
579241,1,3,23,95,2,,,,,,,,2,,,,,,,,,,,,,,,23,97.575.986.555.224
579241,1,4,23,95,2,,,,,,,,2,,,,,,,,,,,,,,,23,97.575.986.555.224
579241,1,5,23,95,2,,,,,,,,2,,,,,,,,,,,,,,,23,97.575.986.555.224
579242,1,1,23,95,1,,2,1,,1200000,,2,2,,,,,,,,,,,,,,,23,814.122.556.404.664
579242,1,2,23,95,2,,,,,,,,2,,,,,,,,,,,,,,,23,814.122.556.404.664
579242,1,3,23,95,2,,,,,,,,2,,,,,,,,,,,,,,,23,814.122.556.404.664
579242,1,4,23,95,2,,,,,,,,2,,,,,,,,,,,,,,,23,814.122.556.404.664
579242,1,5,23,95,2,,,,,,,,2,,,,,,,,,,,,,,,23,814.122.556.404.664
579243,1,1,23,95,2,,,,,,,,2,,,,,,,,,,,,,,,23,132.236.977.935.912
579243,1,2,23,95,2,,,,,,,,2,,,,,,,,,,,,,,,23,132.236.977.935.912
579244,1,1,23,95,1,,2,1,,1450000,,2,2,,,,,,,,,,,,,,,23,84.854.103.310.082
579244,1,2,23,95,2,,,,,,,,2,,,,,,,,,,,,,,,23,84.854.103.310.082
579244,1,3,23,95,2,,,,,,,,2,,,,,,,,,,,,,,,23,84.854.103.310.082
579244,1,4,23,95,2,,,,,,,,2,,,,,,,,,,,,,,,23,84.854.103.310.082
579244,1,5,23,95,2,,,,,,,,2,,,,,,,,,,,,,,,23,84.854.103.310.082
579244,1,6,23,95,2,,,,,,,,2,,,,,,,,,,,,,,,23,84.854.103.310.082
579245,1,1,23,95,1,,2,1,,3900000,,2,2,,,,,,,,,,,,,,,23,998.254.563.142.157
579245,1,2,23,95,2,,,,,,,,2,,,,,,,,,,,,,,,23,998.254.563.142.157
579246,1,1,23,95,2,,,,,,,,1,2,,2,,,,,,5000000,2,1,2,,2,23,130.495.766.372.921
579246,1,2,23,95,2,,,,,,,,2,,,,,,,,,,,,,,,23,130.495.766.372.921
579247,1,1,23,95,2,,,,,,,,2,,,,,,,,,,,,,,,23,133.412.014.659.478
579247,1,2,23,95,2,,,,,,,,2,,,,,,,,,,,,,,,23,133.412.014.659.478
579247,1,3,23,95,2,,,,,,,,2,,,,,,,,,,,,,,,23,133.412.014.659.478
579247,1,4,23,95,2,,,,,,,,2,,,,,,,,,,,,,,,23,133.412.014.659.478
579248,1,1,23,95,2,,,,,,,,2,,,,,,,,,,,,,,,23,115.091.131.788.815
579248,1,2,23,95,2,,,,,,,,2,,,,,,,,,,,,,,,23,115.091.131.788.815
579248,1,3,23,95,2,,,,,,,,2,,,,,,,,,,,,,,,23,115.091.131.788.815
579249,1,1,23,95,2,,,,,,,,2,,,,,,,,,,,,,,,23,145.700.758.027.665
579249,1,2,23,95,2,,,,,,,,2,,,,,,,,,,,,,,,23,145.700.758.027.665
579249,1,3,23,95,2,,,,,,,,2,,,,,,,,,,,,,,,23,145.700.758.027.665
579249,1,4,23,95,2,,,,,,,,2,,,,,,,,,,,,,,,23,145.700.758.027.665
579249,1,5,23,95,2,,,,,,,,2,,,,,,,,,,,,,,,23,145.700.758.027.665
579250,1,1,23,95,2,,,,,,,,1,2,,2,,,,,,3600000,2,1,2,,2,23,1.066.817.787.164
579250,1,2,23,95,2,,,,,,,,2,,,,,,,,,,,,,,,23,1.066.817.787.164
579251,1,1,23,95,2,,,,,,,,2,,,,,,,,,,,,,,,23,130.495.766.372.921
579251,1,2,23,95,2,,,,,,,,2,,,,,,,,,,,,,,,23,130.495.766.372.921
579252,1,1,23,95,1,,1,2,,,350000,2,2,,,,,,,,,,,,,,,23,133.412.014.659.478
579252,1,2,23,95,2,,,,,,,,2,,,,,,,,,,,,,,,23,133.412.014.659.478
579252,1,3,23,95,2,,,,,,,,2,,,,,,,,,,,,,,,23,133.412.014.659.478
579252,1,4,23,95,2,,,,,,,,2,,,,,,,,,,,,,,,23,133.412.014.659.478
579253,1,1,23,95,2,,,,,,,,2,,,,,,,,,,,,,,,23,120.534.283.715.961
579253,1,2,23,95,1,,1,2,,,350000,2,1,2,,2,,,,,,2400000,2,1,2,,2,23,120.534.283.715.961
579253,1,3,23,95,2,,,,,,,,2,,,,,,,,,,,,,,,23,120.534.283.715.961
579253,1,4,23,95,2,,,,,,,,1,2,,2,,,,,,500000,2,1,2,,2,23,120.534.283.715.961
579253,1,5,23,95,2,,,,,,,,2,,,,,,,,,,,,,,,23,120.534.283.715.961
579254,1,1,23,95,2,,,,,,,,1,2,,2,,,,,,1200000,2,1,2,,2,23,113.247.759.863.916
579255,1,1,23,95,2,,,,,,,,2,,,,,,,,,,,,,,,23,838.925.179.746.342
579255,1,2,23,95,2,,,,,,,,2,,,,,,,,,,,,,,,23,838.925.179.746.342
579255,1,3,23,95,2,,,,,,,,2,,,,,,,,,,,,,,,23,838.925.179.746.342
579256,1,1,23,95,2,,,,,,,,2,,,,,,,,,,,,,,,23,165.604.920.128.688
579256,1,2,23,95,2,,,,,,,,2,,,,,,,,,,,,,,,23,165.604.920.128.688
579256,1,3,23,95,2,,,,,,,,2,,,,,,,,,,,,,,,23,165.604.920.128.688
579256,1,4,23,95,2,,,,,,,,2,,,,,,,,,,,,,,,23,165.604.920.128.688
579256,1,5,23,95,2,,,,,,,,2,,,,,,,,,,,,,,,23,165.604.920.128.688
579256,1,6,23,95,2,,,,,,,,2,,,,,,,,,,,,,,,23,165.604.920.128.688
579256,1,7,23,95,2,,,,,,,,1,2,,2,,,,,,600000,2,1,2,,2,23,165.604.920.128.688
579257,1,1,23,95,2,,,,,,,,2,,,,,,,,,,,,,,,23,133.978.189.498.904
579257,1,2,23,95,2,,,,,,,,2,,,,,,,,,,,,,,,23,133.978.189.498.904
579379,1,1,50,95,2,,,,,,,,2,,,,,,,,,,,,,,,50,110.754.527.202.892
579379,1,2,50,95,2,,,,,,,,2,,,,,,,,,,,,,,,50,110.754.527.202.892
579379,1,4,50,95,2,,,,,,,,2,,,,,,,,,,,,,,,50,110.754.527.202.892
579380,1,1,50,95,2,,,,,,,,1,2,,2,,,,,,5000000,2,1,2,,2,50,134.284.260.697.407
579381,1,1,50,95,2,,,,,,,,2,,,,,,,,,,,,,,,50,161.102.149.167.474
579381,1,2,50,95,2,,,,,,,,1,2,,2,,,,,,2400000,2,1,2,,2,50,161.102.149.167.474
579382,1,1,50,95,2,,,,,,,,2,,,,,,,,,,,,,,,50,89.045.146.275.195
579382,1,2,50,95,2,,,,,,,,2,,,,,,,,,,,,,,,50,89.045.146.275.195
579382,1,3,50,95,2,,,,,,,,2,,,,,,,,,,,,,,,50,89.045.146.275.195
579382,1,5,50,95,1,,2,2,500000,,,1,2,,,,,,,,,,,,,,,50,89.045.146.275.195
579382,1,6,50,95,2,,,,,,,,2,,,,,,,,,,,,,,,50,89.045.146.275.195
579382,1,8,50,95,2,,,,,,,,2,,,,,,,,,,,,,,,50,89.045.146.275.195
579383,1,1,50,95,2,,,,,,,,2,,,,,,,,,,,,,,,50,125.502.486.181.167
579384,1,1,50,95,2,,,,,,,,2,,,,,,,,,,,,,,,50,11.088.327.826.773
579384,1,2,50,95,2,,,,,,,,2,,,,,,,,,,,,,,,50,11.088.327.826.773
579384,1,3,50,95,2,,,,,,,,2,,,,,,,,,,,,,,,50,11.088.327.826.773
579385,1,1,50,95,2,,,,,,,,2,,,,,,,,,,,,,,,50,152.790.100.410.636
579385,1,2,50,95,2,,,,,,,,2,,,,,,,,,,,,,,,50,152.790.100.410.636
579385,1,3,50,95,2,,,,,,,,2,,,,,,,,,,,,,,,50,152.790.100.410.636
579386,1,1,50,95,2,,,,,,,,2,,,,,,,,,,,,,,,50,173.039.023.759.134
579386,1,2,50,95,2,,,,,,,,2,,,,,,,,,,,,,,,50,173.039.023.759.134
579387,1,1,50,95,2,,,,,,,,2,,,,,,,,,,,,,,,50,268.568.521.394.815
579388,1,1,50,95,1,,2,1,,1500000,,2,2,,,,,,,,,,,,,,,50,251.004.972.362.333
579389,1,1,50,95,1,,1,2,,,100000,2,2,,,,,,,,,,,,,,,50,142.363.160.478.795
579389,2,1,50,95,2,,,,,,,,2,,,,,,,,,,,,,,,50,142.363.160.478.795
579390,1,1,50,95,2,,,,,,,,2,,,,,,,,,,,,,,,50,125.502.486.181.167
579391,1,1,50,95,2,,,,,,,,2,,,,,,,,,,,,,,,50,344.561.216.946.816
579392,1,1,50,95,2,,,,,,,,2,,,,,,,,,,,,,,,50,155.083.038.585.011
579392,1,2,50,95,2,,,,,,,,2,,,,,,,,,,,,,,,50,155.083.038.585.011
579392,1,3,50,95,2,,,,,,,,2,,,,,,,,,,,,,,,50,155.083.038.585.011
579393,1,1,50,95,2,,,,,,,,2,,,,,,,,,,,,,,,50,135.408.228.563.422
579393,1,2,50,95,2,,,,,,,,2,,,,,,,,,,,,,,,50,135.408.228.563.422
579393,1,3,50,95,2,,,,,,,,2,,,,,,,,,,,,,,,50,135.408.228.563.422
579393,1,4,50,95,2,,,,,,,,2,,,,,,,,,,,,,,,50,135.408.228.563.422
579394,1,1,50,95,1,,1,1,,550000,200000,2,1,2,,2,,,,,,720000,2,1,2,,2,50,134.468.562.656.224
579394,1,2,50,95,2,,,,,,,,2,,,,,,,,,,,,,,,50,134.468.562.656.224
579396,1,1,50,95,2,,,,,,,,2,,,,,,,,,,,,,,,50,156.864.310.238.088
579396,1,2,50,95,2,,,,,,,,2,,,,,,,,,,,,,,,50,156.864.310.238.088
579396,1,3,50,95,2,,,,,,,,2,,,,,,,,,,,,,,,50,156.864.310.238.088
579396,1,5,50,95,1,,2,2,100000,,,1,2,,,,,,,,,,,,,,,50,156.864.310.238.088
579396,1,7,50,95,2,,,,,,,,2,,,,,,,,,,,,,,,50,156.864.310.238.088
579396,1,10,50,95,2,,,,,,,,2,,,,,,,,,,,,,,,50,156.864.310.238.088
579396,1,11,50,95,2,,,,,,,,2,,,,,,,,,,,,,,,50,156.864.310.238.088
579397,1,1,50,95,2,,,,,,,,2,,,,,,,,,,,,,,,50,193.051.757.137.942
579397,1,2,50,95,2,,,,,,,,2,,,,,,,,,,,,,,,50,193.051.757.137.942
579398,1,1,50,95,2,,,,,,,,2,,,,,,,,,,,,,,,50,204.467.434.180.017
579398,1,2,50,95,2,,,,,,,,2,,,,,,,,,,,,,,,50,204.467.434.180.017
579398,1,3,50,95,2,,,,,,,,2,,,,,,,,,,,,,,,50,204.467.434.180.017
579398,1,4,50,95,2,,,,,,,,2,,,,,,,,,,,,,,,50,204.467.434.180.017
579399,1,1,50,95,1,,1,2,,,180000,2,2,,,,,,,,,,,,,,,50,872.979.938.792.357
579399,1,2,50,95,2,,,,,,,,2,,,,,,,,,,,,,,,50,872.979.938.792.357
579399,2,1,50,95,1,,2,2,415000,,,1,2,,,,,,,,,,,,,,,50,872.979.938.792.357
579399,2,2,50,95,2,,,,,,,,2,,,,,,,,,,,,,,,50,872.979.938.792.357
579400,1,1,50,95,1,,1,2,,,950000,2,2,,,,,,,,,,,,,,,50,221.397.952.617.826
579400,1,2,50,95,2,,,,,,,,2,,,,,,,,,,,,,,,50,221.397.952.617.826
579401,1,1,50,95,2,,,,,,,,2,,,,,,,,,,,,,,,50,208.733.625.405.589
579401,1,2,50,95,1,,2,1,,1500000,,2,2,,,,,,,,,,,,,,,50,208.733.625.405.589
579402,1,1,50,95,2,,,,,,,,2,,,,,,,,,,,,,,,50,351.339.770.581.457
579402,1,2,50,95,1,,2,1,,750000,,2,2,,,,,,,,,,,,,,,50,351.339.770.581.457
579402,1,3,50,95,2,,,,,,,,2,,,,,,,,,,,,,,,50,351.339.770.581.457
579403,1,1,50,95,1,,2,2,220000,,,1,2,,,,,,,,,,,,,,,50,15.260.579.845.182
579403,1,2,50,95,2,,,,,,,,2,,,,,,,,,,,,,,,50,15.260.579.845.182
579404,1,1,50,95,1,,2,1,,1500000,,2,2,,,,,,,,,,,,,,,50,131.834.649.787.285
579405,1,1,50,95,1,,1,2,,,1240000,2,2,,,,,,,,,,,,,,,50,104.735.416.620.428
579405,1,2,50,95,2,,,,,,,,2,,,,,,,,,,,,,,,50,104.735.416.620.428
579405,1,3,50,95,2,,,,,,,,2,,,,,,,,,,,,,,,50,104.735.416.620.428
579405,1,4,50,95,2,,,,,,,,1,2,,2,,,,,,2400000,2,1,2,,2,50,104.735.416.620.428
579406,1,1,50,95,2,,,,,,,,1,2,,2,,,,,,4000000,2,1,2,,2,50,146.248.764.512.136
579406,1,2,50,95,2,,,,,,,,2,,,,,,,,,,,,,,,50,146.248.764.512.136
579407,1,1,50,95,2,,,,,,,,2,,,,,,,,,,,,,,,50,145.727.566.962.551
579407,1,2,50,95,2,,,,,,,,2,,,,,,,,,,,,,,,50,145.727.566.962.551
579407,1,3,50,95,2,,,,,,,,2,,,,,,,,,,,,,,,50,145.727.566.962.551
579407,1,4,50,95,2,,,,,,,,1,2,,2,,,,,,4200000,2,1,2,,2,50,145.727.566.962.551
579409,1,1,50,95,1,,2,1,,2200000,,2,2,,,,,,,,,,,,,,,50,101.917.201.792.672
579409,1,2,50,95,2,,,,,,,,2,,,,,,,,,,,,,,,50,101.917.201.792.672
579410,1,1,50,95,2,,,,,,,,2,,,,,,,,,,,,,,,50,125.502.486.181.167
579411,1,1,50,95,2,,,,,,,,2,,,,,,,,,,,,,,,50,190.421.923.372.799
579411,1,2,50,95,2,,,,,,,,2,,,,,,,,,,,,,,,50,190.421.923.372.799
579411,1,3,50,95,2,,,,,,,,2,,,,,,,,,,,,,,,50,190.421.923.372.799
579411,1,4,50,95,2,,,,,,,,2,,,,,,,,,,,,,,,50,190.421.923.372.799
579411,1,5,50,95,2,,,,,,,,2,,,,,,,,,,,,,,,50,190.421.923.372.799
579412,1,1,50,95,2,,,,,,,,2,,,,,,,,,,,,,,,50,128.112.556.482.992
579412,1,2,50,95,2,,,,,,,,2,,,,,,,,,,,,,,,50,128.112.556.482.992
579412,1,3,50,95,2,,,,,,,,1,2,,2,,,,,,6000000,2,1,2,,2,50,128.112.556.482.992
579412,1,4,50,95,2,,,,,,,,2,,,,,,,,,,,,,,,50,128.112.556.482.992
579412,1,5,50,95,2,,,,,,,,2,,,,,,,,,,,,,,,50,128.112.556.482.992
579412,1,6,50,95,2,,,,,,,,2,,,,,,,,,,,,,,,50,128.112.556.482.992
579413,1,1,50,95,1,,1,2,,,5000000,2,2,,,,,,,,,,,,,,,50,338.257.098.784.456
579413,1,2,50,95,1,,1,2,,,300000,2,2,,,,,,,,,,,,,,,50,338.257.098.784.456
579414,1,1,50,95,2,,,,,,,,2,,,,,,,,,,,,,,,50,267.526.126.295.644
579414,1,2,50,95,2,,,,,,,,2,,,,,,,,,,,,,,,50,267.526.126.295.644
579414,1,4,50,95,1,,2,1,,1800000,,2,2,,,,,,,,,,,,,,,50,267.526.126.295.644
579415,1,1,50,95,1,,2,1,,1300000,,2,2,,,,,,,,,,,,,,,50,121.227.487.000.423
579415,1,2,50,95,2,,,,,,,,2,,,,,,,,,,,,,,,50,121.227.487.000.423
579415,1,3,50,95,2,,,,,,,,2,,,,,,,,,,,,,,,50,121.227.487.000.423
579416,1,1,50,95,2,,,,,,,,2,,,,,,,,,,,,,,,50,166.683.017.585.902
579416,1,2,50,95,2,,,,,,,,2,,,,,,,,,,,,,,,50,166.683.017.585.902
579416,1,3,50,95,2,,,,,,,,2,,,,,,,,,,,,,,,50,166.683.017.585.902
579416,1,4,50,95,2,,,,,,,,2,,,,,,,,,,,,,,,50,166.683.017.585.902
579416,1,6,50,95,2,,,,,,,,1,2,,2,,,,,,1000000,2,1,2,,2,50,166.683.017.585.902
579416,1,8,50,95,2,,,,,,,,2,,,,,,,,,,,,,,,50,166.683.017.585.902
579417,1,1,50,95,2,,,,,,,,2,,,,,,,,,,,,,,,50,188.807.438.517.612
579417,1,2,50,95,2,,,,,,,,2,,,,,,,,,,,,,,,50,188.807.438.517.612
579417,1,4,50,95,2,,,,,,,,2,,,,,,,,,,,,,,,50,188.807.438.517.612
579417,1,5,50,95,2,,,,,,,,2,,,,,,,,,,,,,,,50,188.807.438.517.612
579417,1,7,50,95,2,,,,,,,,2,,,,,,,,,,,,,,,50,188.807.438.517.612
579418,1,1,50,95,1,,2,1,,700000,,2,2,,,,,,,,,,,,,,,50,131.890.200.681.264
579418,1,2,50,95,2,,,,,,,,2,,,,,,,,,,,,,,,50,131.890.200.681.264
579419,1,1,50,95,2,,,,,,,,2,,,,,,,,,,,,,,,50,169.835.076.667.082
579419,1,2,50,95,2,,,,,,,,2,,,,,,,,,,,,,,,50,169.835.076.667.082
579419,1,3,50,95,2,,,,,,,,2,,,,,,,,,,,,,,,50,169.835.076.667.082
579419,1,4,50,95,2,,,,,,,,2,,,,,,,,,,,,,,,50,169.835.076.667.082
579419,1,5,50,95,2,,,,,,,,2,,,,,,,,,,,,,,,50,169.835.076.667.082
579420,1,1,50,95,1,,1,2,,,250000,2,2,,,,,,,,,,,,,,,50,322.204.298.334.948
579420,1,2,50,95,2,,,,,,,,2,,,,,,,,,,,,,,,50,322.204.298.334.948
579421,1,1,50,95,2,,,,,,,,2,,,,,,,,,,,,,,,50,14.887.962.604.373
579421,1,2,50,95,2,,,,,,,,2,,,,,,,,,,,,,,,50,14.887.962.604.373
579421,1,3,50,95,2,,,,,,,,2,,,,,,,,,,,,,,,50,14.887.962.604.373
579422,1,1,50,95,1,,1,2,,,450000,2,2,,,,,,,,,,,,,,,50,121.227.487.000.423
579422,1,2,50,95,2,,,,,,,,2,,,,,,,,,,,,,,,50,121.227.487.000.423
579422,1,3,50,95,2,,,,,,,,2,,,,,,,,,,,,,,,50,121.227.487.000.423
579423,1,1,50,95,2,,,,,,,,2,,,,,,,,,,,,,,,50,144.241.474.869.846
579424,1,1,50,95,2,,,,,,,,2,,,,,,,,,,,,,,,50,161.102.149.167.474
579424,1,2,50,95,2,,,,,,,,2,,,,,,,,,,,,,,,50,161.102.149.167.474
579425,1,1,50,95,2,,,,,,,,2,,,,,,,,,,,,,,,50,131.834.649.787.285
579426,1,1,50,95,2,,,,,,,,2,,,,,,,,,,,,,,,50,141.723.959.693.586
579426,1,2,50,95,2,,,,,,,,2,,,,,,,,,,,,,,,50,141.723.959.693.586
579427,1,1,50,95,1,,2,1,,418000,,2,2,,,,,,,,,,,,,,,50,110.577.891.429.906
579427,1,2,50,95,2,,,,,,,,2,,,,,,,,,,,,,,,50,110.577.891.429.906
579428,1,1,50,95,1,,2,2,500000,,,1,2,,,,,,,,,,,,,,,50,115.393.179.895.876
579429,1,1,50,95,1,,1,2,,,350000,2,2,,,,,,,,,,,,,,,50,281.343.950.395.009
579429,1,2,50,95,2,,,,,,,,2,,,,,,,,,,,,,,,50,281.343.950.395.009
579430,1,1,50,95,1,,2,1,,719202,,2,2,,,,,,,,,,,,,,,50,807.815.283.143.004
579430,1,2,50,95,1,,2,1,,2000000,,2,2,,,,,,,,,,,,,,,50,807.815.283.143.004
579430,1,3,50,95,2,,,,,,,,2,,,,,,,,,,,,,,,50,807.815.283.143.004
579431,1,1,50,95,2,,,,,,,,2,,,,,,,,,,,,,,,50,169.128.549.392.228
579431,1,2,50,95,2,,,,,,,,2,,,,,,,,,,,,,,,50,169.128.549.392.228
579432,1,1,50,95,1,,2,1,,1500000,,2,2,,,,,,,,,,,,,,,50,809.658.302.731.173
579432,1,2,50,95,1,,1,1,,3000000,300000,2,1,2,,2,,,,200000,,,1,2,2,,2,50,809.658.302.731.173
579432,1,3,50,95,2,,,,,,,,2,,,,,,,,,,,,,,,50,809.658.302.731.173
579432,1,4,50,95,2,,,,,,,,2,,,,,,,,,,,,,,,50,809.658.302.731.173
579433,1,1,50,95,2,,,,,,,,2,,,,,,,,,,,,,,,50,252.551.067.407.586
579433,1,2,50,95,2,,,,,,,,2,,,,,,,,,,,,,,,50,252.551.067.407.586
579433,1,3,50,95,2,,,,,,,,2,,,,,,,,,,,,,,,50,252.551.067.407.586
579433,1,4,50,95,2,,,,,,,,2,,,,,,,,,,,,,,,50,252.551.067.407.586
579433,1,5,50,95,2,,,,,,,,2,,,,,,,,,,,,,,,50,252.551.067.407.586
579433,1,6,50,95,2,,,,,,,,2,,,,,,,,,,,,,,,50,252.551.067.407.586
579433,1,7,50,95,2,,,,,,,,2,,,,,,,,,,,,,,,50,252.551.067.407.586
579434,1,1,50,95,2,,,,,,,,2,,,,,,,,,,,,,,,50,153.963.139.479.686
579434,1,2,50,95,2,,,,,,,,2,,,,,,,,,,,,,,,50,153.963.139.479.686
579434,1,3,50,95,2,,,,,,,,2,,,,,,,,,,,,,,,50,153.963.139.479.686
579434,1,4,50,95,2,,,,,,,,2,,,,,,,,,,,,,,,50,153.963.139.479.686
579434,1,6,50,95,2,,,,,,,,2,,,,,,,,,,,,,,,50,153.963.139.479.686
579435,1,1,50,95,2,,,,,,,,2,,,,,,,,,,,,,,,50,186.694.723.198.259
579435,1,2,50,95,2,,,,,,,,2,,,,,,,,,,,,,,,50,186.694.723.198.259
579436,1,1,50,95,2,,,,,,,,2,,,,,,,,,,,,,,,50,172.280.608.473.408
579437,1,1,50,95,2,,,,,,,,2,,,,,,,,,,,,,,,50,169.466.472.749.448
579437,1,2,50,95,2,,,,,,,,2,,,,,,,,,,,,,,,50,169.466.472.749.448
579437,1,3,50,95,2,,,,,,,,2,,,,,,,,,,,,,,,50,169.466.472.749.448
579438,1,1,50,95,2,,,,,,,,2,,,,,,,,,,,,,,,50,7.820.316.633.934
579438,1,2,50,95,2,,,,,,,,2,,,,,,,,,,,,,,,50,7.820.316.633.934
579438,1,4,50,95,2,,,,,,,,2,,,,,,,,,,,,,,,50,7.820.316.633.934
579439,1,1,50,95,2,,,,,,,,2,,,,,,,,,,,,,,,50,434.835.268.221.479
579439,1,2,50,95,1,,1,2,,,160000,2,2,,,,,,,,,,,,,,,50,434.835.268.221.479
579439,1,3,50,95,2,,,,,,,,2,,,,,,,,,,,,,,,50,434.835.268.221.479
579439,2,1,50,95,2,,,,,,,,2,,,,,,,,,,,,,,,50,434.835.268.221.479
579439,3,1,50,95,2,,,,,,,,2,,,,,,,,,,,,,,,50,434.835.268.221.479
579440,1,1,50,95,2,,,,,,,,2,,,,,,,,,,,,,,,50,298.600.235.944.473
579440,1,2,50,95,2,,,,,,,,1,2,,2,,,,,,1000000,2,1,2,,2,50,298.600.235.944.473
579440,1,6,50,95,2,,,,,,,,2,,,,,,,,,,,,,,,50,298.600.235.944.473
579441,1,1,50,95,2,,,,,,,,2,,,,,,,,,,,,,,,50,292.866.132.941.906
579441,1,2,50,95,2,,,,,,,,2,,,,,,,,,,,,,,,50,292.866.132.941.906
579441,1,4,50,95,2,,,,,,,,2,,,,,,,,,,,,,,,50,292.866.132.941.906
579442,1,1,50,95,2,,,,,,,,2,,,,,,,,,,,,,,,50,456.107.492.669.925
579442,1,2,50,95,2,,,,,,,,2,,,,,,,,,,,,,,,50,456.107.492.669.925
579442,1,3,50,95,2,,,,,,,,2,,,,,,,,,,,,,,,50,456.107.492.669.925
579442,1,4,50,95,2,,,,,,,,2,,,,,,,,,,,,,,,50,456.107.492.669.925
579442,1,5,50,95,2,,,,,,,,2,,,,,,,,,,,,,,,50,456.107.492.669.925
579442,1,6,50,95,2,,,,,,,,2,,,,,,,,,,,,,,,50,456.107.492.669.925
579442,1,7,50,95,2,,,,,,,,2,,,,,,,,,,,,,,,50,456.107.492.669.925
579443,1,1,50,95,1,,1,2,,,200000,2,2,,,,,,,,,,,,,,,50,15.260.579.845.182
579443,1,2,50,95,2,,,,,,,,2,,,,,,,,,,,,,,,50,15.260.579.845.182
579444,1,1,50,95,2,,,,,,,,1,2,,2,,,,,,700000,2,1,2,,2,50,166.835.611.217.854
579444,1,2,50,95,2,,,,,,,,2,,,,,,,,,,,,,,,50,166.835.611.217.854
579445,1,1,50,95,2,,,,,,,,2,,,,,,,,,,,,,,,50,108.249.365.398.791
579445,1,2,50,95,2,,,,,,,,2,,,,,,,,,,,,,,,50,108.249.365.398.791
579446,1,1,50,95,2,,,,,,,,2,,,,,,,,,,,,,,,50,187.110.790.968.724
579446,1,2,50,95,2,,,,,,,,2,,,,,,,,,,,,,,,50,187.110.790.968.724
579446,2,1,50,95,2,,,,,,,,2,,,,,,,,,,,,,,,50,187.110.790.968.724
579446,2,2,50,95,2,,,,,,,,2,,,,,,,,,,,,,,,50,187.110.790.968.724
579446,3,1,50,95,2,,,,,,,,2,,,,,,,,,,,,,,,50,187.110.790.968.724
579446,3,2,50,95,2,,,,,,,,2,,,,,,,,,,,,,,,50,187.110.790.968.724
579446,4,1,50,95,2,,,,,,,,2,,,,,,,,,,,,,,,50,187.110.790.968.724
579446,4,2,50,95,2,,,,,,,,2,,,,,,,,,,,,,,,50,187.110.790.968.724
579447,1,1,50,95,2,,,,,,,,2,,,,,,,,,,,,,,,50,169.128.549.392.228
579447,1,2,50,95,2,,,,,,,,2,,,,,,,,,,,,,,,50,169.128.549.392.228
579448,1,1,50,95,2,,,,,,,,2,,,,,,,,,,,,,,,50,133.763.063.147.822
579448,1,2,50,95,2,,,,,,,,2,,,,,,,,,,,,,,,50,133.763.063.147.822
579448,1,3,50,95,2,,,,,,,,2,,,,,,,,,,,,,,,50,133.763.063.147.822
579449,1,1,50,95,2,,,,,,,,2,,,,,,,,,,,,,,,50,154.898.736.626.194
579449,1,2,50,95,2,,,,,,,,2,,,,,,,,,,,,,,,50,154.898.736.626.194
579450,1,1,50,95,2,,,,,,,,2,,,,,,,,,,,,,,,50,148.695.324.084.914
579450,1,2,50,95,2,,,,,,,,2,,,,,,,,,,,,,,,50,148.695.324.084.914
579451,1,1,50,95,1,,1,1,,590000,300000,2,2,,,,,,,,,,,,,,,50,148.695.324.084.914
579451,1,2,50,95,2,,,,,,,,2,,,,,,,,,,,,,,,50,148.695.324.084.914
579452,1,1,50,95,2,,,,,,,,2,,,,,,,,,,,,,,,50,155.083.038.585.011
579452,1,2,50,95,2,,,,,,,,2,,,,,,,,,,,,,,,50,155.083.038.585.011
579452,1,3,50,95,2,,,,,,,,2,,,,,,,,,,,,,,,50,155.083.038.585.011
579453,1,1,50,95,2,,,,,,,,2,,,,,,,,,,,,,,,50,108.489.218.251.586
579453,2,1,50,95,2,,,,,,,,2,,,,,,,,,,,,,,,50,108.489.218.251.586
579453,3,1,50,95,2,,,,,,,,2,,,,,,,,,,,,,,,50,108.489.218.251.586
579453,3,2,50,95,2,,,,,,,,2,,,,,,,,,,,,,,,50,108.489.218.251.586
579454,1,1,50,95,1,,2,1,,1500000,,2,2,,,,,,,,,,,,,,,50,125.502.486.181.167
579455,1,1,50,95,1,,2,1,,1000000,,2,2,,,,,,,,,,,,,,,50,151.144.934.995.036
579455,1,2,50,95,2,,,,,,,,2,,,,,,,,,,,,,,,50,151.144.934.995.036
579456,1,1,50,95,2,,,,,,,,2,,,,,,,,,,,,,,,50,777.099.670.878.897
579456,1,2,50,95,2,,,,,,,,2,,,,,,,,,,,,,,,50,777.099.670.878.897
579456,1,3,50,95,2,,,,,,,,2,,,,,,,,,,,,,,,50,777.099.670.878.897
579456,1,4,50,95,1,,2,2,1340000,,,1,2,,,,,,,,,,,,,,,50,777.099.670.878.897
579456,1,6,50,95,2,,,,,,,,2,,,,,,,,,,,,,,,50,777.099.670.878.897
579456,1,7,50,95,2,,,,,,,,2,,,,,,,,,,,,,,,50,777.099.670.878.897
579456,1,8,50,95,2,,,,,,,,2,,,,,,,,,,,,,,,50,777.099.670.878.897
579457,1,1,50,95,2,,,,,,,,1,2,,2,,,,,,600000,2,1,2,,2,50,871.692.428.143.975
579457,1,2,50,95,2,,,,,,,,2,,,,,,,,,,,,,,,50,871.692.428.143.975
579457,1,3,50,95,2,,,,,,,,2,,,,,,,,,,,,,,,50,871.692.428.143.975
579457,1,4,50,95,2,,,,,,,,2,,,,,,,,,,,,,,,50,871.692.428.143.975
579458,1,1,50,95,2,,,,,,,,2,,,,,,,,,,,,,,,50,169.466.472.749.448
579458,1,2,50,95,2,,,,,,,,2,,,,,,,,,,,,,,,50,169.466.472.749.448
579458,1,3,50,95,2,,,,,,,,2,,,,,,,,,,,,,,,50,169.466.472.749.448
579459,1,1,50,95,2,,,,,,,,2,,,,,,,,,,,,,,,50,169.128.549.392.228
579459,1,2,50,95,2,,,,,,,,2,,,,,,,,,,,,,,,50,169.128.549.392.228
579460,1,1,50,95,1,,2,1,,800000,,2,2,,,,,,,,,,,,,,,50,111.872.015.377.963
579460,1,2,50,95,2,,,,,,,,2,,,,,,,,,,,,,,,50,111.872.015.377.963
579460,1,3,50,95,2,,,,,,,,2,,,,,,,,,,,,,,,50,111.872.015.377.963
579460,1,4,50,95,2,,,,,,,,2,,,,,,,,,,,,,,,50,111.872.015.377.963
579462,1,1,50,95,2,,,,,,,,2,,,,,,,,,,,,,,,50,33.074.949.552.214
579462,1,2,50,95,2,,,,,,,,2,,,,,,,,,,,,,,,50,33.074.949.552.214
579463,1,1,50,95,2,,,,,,,,2,,,,,,,,,,,,,,,50,354.678.503.151.598
579463,1,2,50,95,2,,,,,,,,2,,,,,,,,,,,,,,,50,354.678.503.151.598
579463,1,4,50,95,2,,,,,,,,1,2,,2,,,,,,1800000,2,1,2,,2,50,354.678.503.151.598
579464,1,1,50,95,2,,,,,,,,2,,,,,,,,,,,,,,,50,382.251.326.492.483
579464,1,2,50,95,2,,,,,,,,2,,,,,,,,,,,,,,,50,382.251.326.492.483
579464,1,3,50,95,2,,,,,,,,2,,,,,,,,,,,,,,,50,382.251.326.492.483
579464,1,4,50,95,2,,,,,,,,2,,,,,,,,,,,,,,,50,382.251.326.492.483
579464,2,1,50,95,2,,,,,,,,2,,,,,,,,,,,,,,,50,382.251.326.492.483
579464,2,2,50,95,2,,,,,,,,2,,,,,,,,,,,,,,,50,382.251.326.492.483
579465,1,1,50,95,2,,,,,,,,2,,,,,,,,,,,,,,,50,151.144.934.995.036
579465,1,2,50,95,2,,,,,,,,2,,,,,,,,,,,,,,,50,151.144.934.995.036
579466,1,1,50,95,2,,,,,,,,2,,,,,,,,,,,,,,,50,167.019.913.176.671
579466,1,2,50,95,2,,,,,,,,1,2,,2,,,,,,1200000,2,1,2,,2,50,167.019.913.176.671
579466,1,4,50,95,2,,,,,,,,2,,,,,,,,,,,,,,,50,167.019.913.176.671
579467,1,1,50,95,2,,,,,,,,2,,,,,,,,,,,,,,,50,131.834.649.787.285
579468,1,1,50,95,2,,,,,,,,1,2,,1,,,1500000,,,,2,2,2,,2,50,132.018.951.746.102
579468,1,2,50,95,2,,,,,,,,2,,,,,,,,,,,,,,,50,132.018.951.746.102
579469,1,1,50,95,1,,1,2,,,800000,2,2,,,,,,,,,,,,,,,50,146.064.462.553.319
579470,1,1,50,95,1,,1,2,,,500000,2,2,,,,,,,,,,,,,,,50,177.154.949.616.982
579470,1,2,50,95,2,,,,,,,,1,2,,2,,,,,,6000000,2,1,2,,2,50,177.154.949.616.982
579471,1,1,50,95,1,,1,2,,,98,2,2,,,,,,,,,,,,,,,50,125.502.486.181.167
579472,1,1,50,95,2,,,,,,,,2,,,,,,,,,,,,,,,50,167.204.215.135.487
579472,1,2,50,95,2,,,,,,,,2,,,,,,,,,,,,,,,50,167.204.215.135.487
579472,1,3,50,95,2,,,,,,,,2,,,,,,,,,,,,,,,50,167.204.215.135.487
579472,1,4,50,95,2,,,,,,,,2,,,,,,,,,,,,,,,50,167.204.215.135.487
579473,1,1,50,95,2,,,,,,,,2,,,,,,,,,,,,,,,50,146.064.462.553.319
579474,1,1,50,95,2,,,,,,,,2,,,,,,,,,,,,,,,50,177.154.949.616.982
579474,1,2,50,95,2,,,,,,,,1,2,,2,,,,,,1200000,2,1,2,,2,50,177.154.949.616.982
579475,1,1,50,95,2,,,,,,,,1,2,,1,,,3200000,,,,2,2,2,,2,50,154.898.736.626.194
579475,1,2,50,95,2,,,,,,,,2,,,,,,,,,,,,,,,50,154.898.736.626.194
579476,1,1,50,95,2,,,,,,,,2,,,,,,,,,,,,,,,50,139.733.326.713.652
579476,1,2,50,95,2,,,,,,,,2,,,,,,,,,,,,,,,50,139.733.326.713.652
579476,1,3,50,95,2,,,,,,,,2,,,,,,,,,,,,,,,50,139.733.326.713.652
579476,1,4,50,95,2,,,,,,,,2,,,,,,,,,,,,,,,50,139.733.326.713.652
579476,1,5,50,95,2,,,,,,,,2,,,,,,,,,,,,,,,50,139.733.326.713.652
579477,1,1,50,95,2,,,,,,,,2,,,,,,,,,,,,,,,50,162.925.136.850.948
579477,1,2,50,95,2,,,,,,,,2,,,,,,,,,,,,,,,50,162.925.136.850.948
579478,1,1,50,95,1,,1,2,,,140000,2,1,2,,2,,,,,,1440000,2,1,2,,2,50,191.962.538.593.032
579478,2,1,50,95,2,,,,,,,,2,,,,,,,,,,,,,,,50,191.962.538.593.032
579478,2,2,50,95,2,,,,,,,,2,,,,,,,,,,,,,,,50,191.962.538.593.032
579478,2,4,50,95,2,,,,,,,,2,,,,,,,,,,,,,,,50,191.962.538.593.032
579478,2,5,50,95,2,,,,,,,,2,,,,,,,,,,,,,,,50,191.962.538.593.032
579479,1,1,50,95,2,,,,,,,,2,,,,,,,,,,,,,,,50,169.312.851.351.045
579479,1,2,50,95,2,,,,,,,,2,,,,,,,,,,,,,,,50,169.312.851.351.045
579479,1,3,50,95,2,,,,,,,,2,,,,,,,,,,,,,,,50,169.312.851.351.045
579480,1,1,50,95,2,,,,,,,,2,,,,,,,,,,,,,,,50,166.835.611.217.854
579480,1,2,50,95,2,,,,,,,,2,,,,,,,,,,,,,,,50,166.835.611.217.854
579481,1,1,50,95,2,,,,,,,,2,,,,,,,,,,,,,,,50,125.502.486.181.167
579482,1,1,50,95,2,,,,,,,,2,,,,,,,,,,,,,,,50,131.834.649.787.285
579483,1,1,52,95,2,,,,,,,,2,,,,,,,,,,,,,,,52,10.053.481.508.203
579484,1,1,52,95,1,,1,2,,,700000,2,2,,,,,,,,,,,,,,,52,147.859.002.197.401
579485,1,1,52,95,2,,,,,,,,2,,,,,,,,,,,,,,,52,125.666.624.191.069
579485,1,2,52,95,2,,,,,,,,2,,,,,,,,,,,,,,,52,125.666.624.191.069
579485,1,3,52,95,2,,,,,,,,2,,,,,,,,,,,,,,,52,125.666.624.191.069
579485,1,4,52,95,2,,,,,,,,2,,,,,,,,,,,,,,,52,125.666.624.191.069
579486,1,1,52,95,1,,1,2,,,460000,2,2,,,,,,,,,,,,,,,52,812.017.832.040.158
579486,1,2,52,95,2,,,,,,,,2,,,,,,,,,,,,,,,52,812.017.832.040.158
579487,1,1,52,95,2,,,,,,,,2,,,,,,,,,,,,,,,52,15.334.592.636.175
579487,1,2,52,95,2,,,,,,,,2,,,,,,,,,,,,,,,52,15.334.592.636.175
579487,1,3,52,95,2,,,,,,,,2,,,,,,,,,,,,,,,52,15.334.592.636.175
579487,1,4,52,95,2,,,,,,,,2,,,,,,,,,,,,,,,52,15.334.592.636.175
579488,1,1,52,95,2,,,,,,,,2,,,,,,,,,,,,,,,52,117.678.240.061.781
579488,1,2,52,95,2,,,,,,,,2,,,,,,,,,,,,,,,52,117.678.240.061.781
579488,1,3,52,95,2,,,,,,,,2,,,,,,,,,,,,,,,52,117.678.240.061.781
579488,1,4,52,95,2,,,,,,,,2,,,,,,,,,,,,,,,52,117.678.240.061.781
579488,1,5,52,95,2,,,,,,,,2,,,,,,,,,,,,,,,52,117.678.240.061.781
579488,1,6,52,95,2,,,,,,,,2,,,,,,,,,,,,,,,52,117.678.240.061.781
579489,1,1,52,95,2,,,,,,,,1,2,,2,,,,,,6000000,2,1,2,,2,52,119.294.264.406.341
579489,1,2,52,95,2,,,,,,,,2,,,,,,,,,,,,,,,52,119.294.264.406.341
579489,1,3,52,95,2,,,,,,,,2,,,,,,,,,,,,,,,52,119.294.264.406.341
579490,1,1,52,95,1,,1,2,,,400000,2,2,,,,,,,,,,,,,,,52,114.138.145.376.382
579490,1,2,52,95,2,,,,,,,,2,,,,,,,,,,,,,,,52,114.138.145.376.382
579491,1,1,52,95,2,,,,,,,,2,,,,,,,,,,,,,,,52,169.496.749.717.744
579491,1,2,52,95,2,,,,,,,,2,,,,,,,,,,,,,,,52,169.496.749.717.744
579493,1,1,52,95,2,,,,,,,,2,,,,,,,,,,,,,,,52,138.985.199.959.441
579494,1,1,52,95,2,,,,,,,,2,,,,,,,,,,,,,,,52,19.131.038.556.336
579494,1,2,52,95,2,,,,,,,,2,,,,,,,,,,,,,,,52,19.131.038.556.336
579494,1,3,52,95,2,,,,,,,,2,,,,,,,,,,,,,,,52,19.131.038.556.336
579494,2,1,52,95,2,,,,,,,,2,,,,,,,,,,,,,,,52,19.131.038.556.336
579494,2,2,52,95,2,,,,,,,,2,,,,,,,,,,,,,,,52,19.131.038.556.336
579495,1,1,52,95,2,,,,,,,,2,,,,,,,,,,,,,,,52,137.823.255.482.419
579495,1,2,52,95,2,,,,,,,,1,2,,2,,,,,,3600000,2,1,2,,2,52,137.823.255.482.419
579495,1,3,52,95,2,,,,,,,,2,,,,,,,,,,,,,,,52,137.823.255.482.419
579496,1,1,52,95,2,,,,,,,,2,,,,,,,,,,,,,,,52,137.823.255.482.419
579496,1,2,52,95,2,,,,,,,,2,,,,,,,,,,,,,,,52,137.823.255.482.419
579496,1,3,52,95,2,,,,,,,,2,,,,,,,,,,,,,,,52,137.823.255.482.419
579497,1,1,52,95,2,,,,,,,,2,,,,,,,,,,,,,,,52,114.792.086.549.687
579497,1,2,52,95,2,,,,,,,,2,,,,,,,,,,,,,,,52,114.792.086.549.687
579497,1,3,52,95,2,,,,,,,,2,,,,,,,,,,,,,,,52,114.792.086.549.687
579497,1,4,52,95,2,,,,,,,,2,,,,,,,,,,,,,,,52,114.792.086.549.687
579497,1,5,52,95,2,,,,,,,,2,,,,,,,,,,,,,,,52,114.792.086.549.687
579498,1,1,52,95,1,,1,2,,,500000,2,1,2,,2,,,,,,6000000,2,1,2,,2,52,764.230.964.907.185
579498,1,2,52,95,2,,,,,,,,2,,,,,,,,,,,,,,,52,764.230.964.907.185
579498,1,3,52,95,2,,,,,,,,1,2,,2,,,,,,2400000,2,1,2,,2,52,764.230.964.907.185
579498,1,4,52,95,2,,,,,,,,2,,,,,,,,,,,,,,,52,764.230.964.907.185
579499,1,1,52,95,2,,,,,,,,1,2,,2,,,,,,5500000,2,1,2,,2,52,157.940.782.009.087
579500,1,1,52,95,1,,1,2,,,800000,2,1,2,,2,,,,6000000,,,1,2,2,,2,52,11.313.797.184.911
579500,1,2,52,95,2,,,,,,,,2,,,,,,,,,,,,,,,52,11.313.797.184.911
579500,1,3,52,95,2,,,,,,,,2,,,,,,,,,,,,,,,52,11.313.797.184.911
579500,1,4,52,95,2,,,,,,,,2,,,,,,,,,,,,,,,52,11.313.797.184.911
579500,1,5,52,95,2,,,,,,,,2,,,,,,,,,,,,,,,52,11.313.797.184.911
579501,1,1,52,95,2,,,,,,,,2,,,,,,,,,,,,,,,52,166.306.598.455.037
579501,1,2,52,95,2,,,,,,,,2,,,,,,,,,,,,,,,52,166.306.598.455.037
579502,1,1,52,95,2,,,,,,,,2,,,,,,,,,,,,,,,52,154.149.967.163.687
579502,1,2,52,95,2,,,,,,,,2,,,,,,,,,,,,,,,52,154.149.967.163.687
579502,1,3,52,95,2,,,,,,,,2,,,,,,,,,,,,,,,52,154.149.967.163.687
579503,1,1,52,95,2,,,,,,,,2,,,,,,,,,,,,,,,52,10.053.481.508.203
579504,1,1,52,95,2,,,,,,,,1,2,,2,,,,,,1800000,2,1,2,,2,52,128.214.117.252.711
579505,1,1,52,95,2,,,,,,,,2,,,,,,,,,,,,,,,52,18.861.410.271.714
579505,1,2,52,95,2,,,,,,,,2,,,,,,,,,,,,,,,52,18.861.410.271.714
579505,1,3,52,95,2,,,,,,,,2,,,,,,,,,,,,,,,52,18.861.410.271.714
579506,1,1,52,95,2,,,,,,,,2,,,,,,,,,,,,,,,52,10.053.481.508.203
579507,1,1,52,95,2,,,,,,,,2,,,,,,,,,,,,,,,52,130.638.912.155.068
579507,1,2,52,95,2,,,,,,,,2,,,,,,,,,,,,,,,52,130.638.912.155.068
579507,1,3,52,95,2,,,,,,,,2,,,,,,,,,,,,,,,52,130.638.912.155.068
579507,1,5,52,95,2,,,,,,,,2,,,,,,,,,,,,,,,52,130.638.912.155.068
579509,1,1,52,95,1,,1,2,,,300000,2,2,,,,,,,,,,,,,,,52,124.531.778.254.743
579509,1,2,52,95,2,,,,,,,,2,,,,,,,,,,,,,,,52,124.531.778.254.743
579509,1,3,52,95,2,,,,,,,,1,2,,2,,,,,,4200000,2,1,2,,2,52,124.531.778.254.743
579510,1,1,52,95,2,,,,,,,,2,,,,,,,,,,,,,,,52,773.914.222.053.323
579510,1,2,52,95,2,,,,,,,,2,,,,,,,,,,,,,,,52,773.914.222.053.323
579510,1,3,52,95,2,,,,,,,,2,,,,,,,,,,,,,,,52,773.914.222.053.323
579510,1,4,52,95,2,,,,,,,,2,,,,,,,,,,,,,,,52,773.914.222.053.323
579511,1,1,52,95,2,,,,,,,,2,,,,,,,,,,,,,,,52,160.622.947.479.783
579511,1,2,52,95,2,,,,,,,,2,,,,,,,,,,,,,,,52,160.622.947.479.783
579512,1,1,52,95,2,,,,,,,,2,,,,,,,,,,,,,,,52,130.261.479.838.406
579513,1,1,52,95,2,,,,,,,,2,,,,,,,,,,,,,,,52,175.915.736.684.744
579513,1,2,52,95,2,,,,,,,,2,,,,,,,,,,,,,,,52,175.915.736.684.744
579513,1,3,52,95,2,,,,,,,,2,,,,,,,,,,,,,,,52,175.915.736.684.744
579513,1,6,52,95,2,,,,,,,,2,,,,,,,,,,,,,,,52,175.915.736.684.744
579514,1,1,52,95,1,,2,1,,1000000,,2,2,,,,,,,,,,,,,,,52,906.608.393.167.982
579514,1,2,52,95,2,,,,,,,,2,,,,,,,,,,,,,,,52,906.608.393.167.982
579514,1,3,52,95,1,,2,1,,600000,,2,2,,,,,,,,,,,,,,,52,906.608.393.167.982
579514,1,4,52,95,2,,,,,,,,2,,,,,,,,,,,,,,,52,906.608.393.167.982
579515,1,1,52,95,2,,,,,,,,2,,,,,,,,,,,,,,,52,231.587.433.235.068
579515,1,2,52,95,2,,,,,,,,2,,,,,,,,,,,,,,,52,231.587.433.235.068
579515,1,3,52,95,2,,,,,,,,2,,,,,,,,,,,,,,,52,231.587.433.235.068
579515,1,4,52,95,2,,,,,,,,2,,,,,,,,,,,,,,,52,231.587.433.235.068
579515,1,5,52,95,2,,,,,,,,2,,,,,,,,,,,,,,,52,231.587.433.235.068
579515,1,6,52,95,2,,,,,,,,2,,,,,,,,,,,,,,,52,231.587.433.235.068
579516,1,1,52,95,2,,,,,,,,2,,,,,,,,,,,,,,,52,162.312.406.390.393
579516,1,2,52,95,2,,,,,,,,2,,,,,,,,,,,,,,,52,162.312.406.390.393
579516,1,3,52,95,2,,,,,,,,2,,,,,,,,,,,,,,,52,162.312.406.390.393
579517,1,1,52,95,1,,1,2,,,550000,2,2,,,,,,,,,,,,,,,52,308.299.934.327.374
579517,1,2,52,95,2,,,,,,,,2,,,,,,,,,,,,,,,52,308.299.934.327.374
579517,1,3,52,95,2,,,,,,,,2,,,,,,,,,,,,,,,52,308.299.934.327.374
579518,1,1,52,95,2,,,,,,,,2,,,,,,,,,,,,,,,52,185.092.861.905.486
579518,1,2,52,95,2,,,,,,,,1,2,,2,,,,,,720000,2,1,2,,2,52,185.092.861.905.486
579518,1,3,52,95,2,,,,,,,,1,2,,2,,,,,,720000,2,1,2,,2,52,185.092.861.905.486
579519,1,1,52,95,2,,,,,,,,2,,,,,,,,,,,,,,,52,341.589.811.176.701
579519,1,2,52,95,2,,,,,,,,2,,,,,,,,,,,,,,,52,341.589.811.176.701
579519,1,3,52,95,2,,,,,,,,2,,,,,,,,,,,,,,,52,341.589.811.176.701
579519,1,4,52,95,2,,,,,,,,2,,,,,,,,,,,,,,,52,341.589.811.176.701
579519,1,7,52,95,2,,,,,,,,2,,,,,,,,,,,,,,,52,341.589.811.176.701
579519,1,8,52,95,2,,,,,,,,2,,,,,,,,,,,,,,,52,341.589.811.176.701
579519,1,9,52,95,2,,,,,,,,2,,,,,,,,,,,,,,,52,341.589.811.176.701
579519,1,10,52,95,2,,,,,,,,2,,,,,,,,,,,,,,,52,341.589.811.176.701
579519,1,11,52,95,2,,,,,,,,2,,,,,,,,,,,,,,,52,341.589.811.176.701
579519,1,12,52,95,2,,,,,,,,2,,,,,,,,,,,,,,,52,341.589.811.176.701
579520,1,1,52,95,1,,2,1,,800000,,2,2,,,,,,,,,,,,,,,52,138.985.199.959.441
579521,1,1,52,95,2,,,,,,,,2,,,,,,,,,,,,,,,52,925.464.309.527.428
579521,1,2,52,95,2,,,,,,,,2,,,,,,,,,,,,,,,52,925.464.309.527.428
579521,1,3,52,95,2,,,,,,,,2,,,,,,,,,,,,,,,52,925.464.309.527.428
579522,1,1,52,95,2,,,,,,,,2,,,,,,,,,,,,,,,52,125.666.624.191.069
579522,1,2,52,95,2,,,,,,,,2,,,,,,,,,,,,,,,52,125.666.624.191.069
579522,1,3,52,95,2,,,,,,,,2,,,,,,,,,,,,,,,52,125.666.624.191.069
579522,1,4,52,95,2,,,,,,,,2,,,,,,,,,,,,,,,52,125.666.624.191.069
579524,1,1,52,95,2,,,,,,,,2,,,,,,,,,,,,,,,52,119.652.168.081.427
579524,1,2,52,95,1,,1,1,,800000,200000,2,2,,,,,,,,,,,,,,,52,119.652.168.081.427
579525,1,1,52,95,2,,,,,,,,2,,,,,,,,,,,,,,,52,965.406.230.173.866
579525,1,2,52,95,2,,,,,,,,2,,,,,,,,,,,,,,,52,965.406.230.173.866
579526,1,1,52,95,2,,,,,,,,2,,,,,,,,,,,,,,,52,115.657.976.016.783
579526,1,2,52,95,2,,,,,,,,2,,,,,,,,,,,,,,,52,115.657.976.016.783
579526,1,3,52,95,2,,,,,,,,2,,,,,,,,,,,,,,,52,115.657.976.016.783
579527,1,1,52,95,2,,,,,,,,2,,,,,,,,,,,,,,,52,196.033.263.211.412
579527,1,2,52,95,2,,,,,,,,2,,,,,,,,,,,,,,,52,196.033.263.211.412
579528,1,1,52,95,1,,2,1,,600000,,2,2,,,,,,,,,,,,,,,52,121.213.604.991.321
579528,1,2,52,95,2,,,,,,,,1,2,,2,,,,,,450000,2,1,2,,2,52,121.213.604.991.321
579528,1,3,52,95,2,,,,,,,,2,,,,,,,,,,,,,,,52,121.213.604.991.321
579529,1,1,52,95,2,,,,,,,,2,,,,,,,,,,,,,,,52,110.143.953.311.738
579529,1,2,52,95,2,,,,,,,,2,,,,,,,,,,,,,,,52,110.143.953.311.738
579529,1,3,52,95,2,,,,,,,,2,,,,,,,,,,,,,,,52,110.143.953.311.738
579530,1,1,52,95,2,,,,,,,,2,,,,,,,,,,,,,,,52,106.825.780.048.316
579530,1,2,52,95,2,,,,,,,,2,,,,,,,,,,,,,,,52,106.825.780.048.316
579530,1,3,52,95,2,,,,,,,,2,,,,,,,,,,,,,,,52,106.825.780.048.316
579531,1,1,52,95,2,,,,,,,,2,,,,,,,,,,,,,,,52,197.952.603.796.392
579531,1,2,52,95,2,,,,,,,,2,,,,,,,,,,,,,,,52,197.952.603.796.392
579532,1,1,52,95,2,,,,,,,,2,,,,,,,,,,,,,,,52,584.646.332.137.597
579532,1,2,52,95,2,,,,,,,,2,,,,,,,,,,,,,,,52,584.646.332.137.597
579532,1,3,52,95,2,,,,,,,,1,2,,2,,,,,,6000000,2,1,2,,2,52,584.646.332.137.597
579532,1,4,52,95,2,,,,,,,,1,2,,2,,,,,,600000,2,1,2,,2,52,584.646.332.137.597
579532,1,6,52,95,2,,,,,,,,2,,,,,,,,,,,,,,,52,584.646.332.137.597
579533,1,1,52,95,2,,,,,,,,2,,,,,,,,,,,,,,,52,456.552.581.505.527
579533,1,2,52,95,1,,1,2,,,400000,2,1,2,,2,,,,30000000,,,1,2,2,,2,52,456.552.581.505.527
579534,1,1,52,95,1,,2,1,,3000000,,2,2,,,,,,,,,,,,,,,52,2.685.113.438.061
579534,1,2,52,95,2,,,,,,,,2,,,,,,,,,,,,,,,52,2.685.113.438.061
579534,1,3,52,95,1,,1,2,,,380000,2,1,2,,2,,,,3600000,,,1,2,2,,2,52,2.685.113.438.061
579534,1,4,52,95,2,,,,,,,,2,,,,,,,,,,,,,,,52,2.685.113.438.061
579534,1,5,52,95,2,,,,,,,,2,,,,,,,,,,,,,,,52,2.685.113.438.061
579535,1,1,52,95,1,,2,1,,1800000,,2,2,,,,,,,,,,,,,,,52,105.264.343.138.422
579535,1,2,52,95,2,,,,,,,,2,,,,,,,,,,,,,,,52,105.264.343.138.422
579536,1,1,52,95,2,,,,,,,,2,,,,,,,,,,,,,,,52,144.459.035.780.435
579536,1,2,52,95,2,,,,,,,,2,,,,,,,,,,,,,,,52,144.459.035.780.435
579536,1,3,52,95,2,,,,,,,,2,,,,,,,,,,,,,,,52,144.459.035.780.435
579536,1,4,52,95,2,,,,,,,,2,,,,,,,,,,,,,,,52,144.459.035.780.435
579536,1,5,52,95,2,,,,,,,,2,,,,,,,,,,,,,,,52,144.459.035.780.435
579537,1,1,52,95,2,,,,,,,,2,,,,,,,,,,,,,,,52,109.257.822.445.927
579537,1,2,52,95,2,,,,,,,,2,,,,,,,,,,,,,,,52,109.257.822.445.927
579537,1,3,52,95,2,,,,,,,,1,2,,2,,,,,,98,2,1,2,,2,52,109.257.822.445.927
579537,1,4,52,95,2,,,,,,,,2,,,,,,,,,,,,,,,52,109.257.822.445.927
579538,1,1,52,95,2,,,,,,,,2,,,,,,,,,,,,,,,52,125.666.624.191.069
579538,1,2,52,95,2,,,,,,,,2,,,,,,,,,,,,,,,52,125.666.624.191.069
579538,1,3,52,95,2,,,,,,,,2,,,,,,,,,,,,,,,52,125.666.624.191.069
579538,1,4,52,95,2,,,,,,,,2,,,,,,,,,,,,,,,52,125.666.624.191.069
579540,1,1,52,95,1,,2,1,,2369000,,2,2,,,,,,,,,,,,,,,52,114.138.145.376.382
579540,1,2,52,95,2,,,,,,,,2,,,,,,,,,,,,,,,52,114.138.145.376.382
579541,1,1,52,95,2,,,,,,,,2,,,,,,,,,,,,,,,52,146.858.828.670.129
579541,1,2,52,95,2,,,,,,,,2,,,,,,,,,,,,,,,52,146.858.828.670.129
579541,1,3,52,95,2,,,,,,,,2,,,,,,,,,,,,,,,52,146.858.828.670.129
579541,1,4,52,95,2,,,,,,,,2,,,,,,,,,,,,,,,52,146.858.828.670.129
579542,1,1,52,95,2,,,,,,,,2,,,,,,,,,,,,,,,52,187.605.598.100.304
579542,1,2,52,95,2,,,,,,,,2,,,,,,,,,,,,,,,52,187.605.598.100.304
579543,1,1,52,95,1,,2,2,360000,,,1,2,,,,,,,,,,,,,,,52,152.703.268.160.685
579544,1,1,52,95,2,,,,,,,,2,,,,,,,,,,,,,,,52,166.306.598.455.037
579544,1,2,52,95,2,,,,,,,,1,2,,2,,,,,,3600000,2,1,2,,2,52,166.306.598.455.037
579546,1,1,52,95,2,,,,,,,,2,,,,,,,,,,,,,,,52,295.220.998.096.882
579546,1,2,52,95,2,,,,,,,,2,,,,,,,,,,,,,,,52,295.220.998.096.882
579546,1,3,52,95,2,,,,,,,,2,,,,,,,,,,,,,,,52,295.220.998.096.882
579546,1,4,52,95,2,,,,,,,,2,,,,,,,,,,,,,,,52,295.220.998.096.882
579546,1,5,52,95,2,,,,,,,,2,,,,,,,,,,,,,,,52,295.220.998.096.882
579546,1,6,52,95,2,,,,,,,,2,,,,,,,,,,,,,,,52,295.220.998.096.882
579546,1,7,52,95,2,,,,,,,,2,,,,,,,,,,,,,,,52,295.220.998.096.882
579547,1,1,52,95,2,,,,,,,,2,,,,,,,,,,,,,,,52,135.775.892.896.724
579547,1,2,52,95,2,,,,,,,,2,,,,,,,,,,,,,,,52,135.775.892.896.724
579547,1,5,52,95,2,,,,,,,,2,,,,,,,,,,,,,,,52,135.775.892.896.724
579548,1,1,52,95,2,,,,,,,,2,,,,,,,,,,,,,,,52,122.917.651.518.733
579548,1,2,52,95,2,,,,,,,,2,,,,,,,,,,,,,,,52,122.917.651.518.733
579549,1,1,52,95,2,,,,,,,,2,,,,,,,,,,,,,,,52,193.985.900.625.718
579549,1,2,52,95,2,,,,,,,,2,,,,,,,,,,,,,,,52,193.985.900.625.718
579550,1,1,52,95,2,,,,,,,,2,,,,,,,,,,,,,,,52,119.652.168.081.427
579550,1,2,52,95,2,,,,,,,,2,,,,,,,,,,,,,,,52,119.652.168.081.427
579551,1,1,52,95,2,,,,,,,,2,,,,,,,,,,,,,,,52,116.057.485.961.361
579551,1,2,52,95,2,,,,,,,,1,2,,2,,,,,,2000000,2,1,2,,2,52,116.057.485.961.361
579552,1,1,52,95,1,,1,1,,433700,150000,2,2,,,,,,,,,,,,,,,52,128.525.970.319.387
579552,1,2,52,95,2,,,,,,,,1,2,,2,,,,,,,2,2,2,1000000,1,52,128.525.970.319.387
579553,1,1,52,95,2,,,,,,,,2,,,,,,,,,,,,,,,52,147.859.002.197.401
579554,1,1,52,95,2,,,,,,,,2,,,,,,,,,,,,,,,52,10.053.481.508.203
579555,1,1,52,95,2,,,,,,,,2,,,,,,,,,,,,,,,52,316.764.235.900.981
579555,1,2,52,95,2,,,,,,,,2,,,,,,,,,,,,,,,52,316.764.235.900.981
579555,1,3,52,95,2,,,,,,,,2,,,,,,,,,,,,,,,52,316.764.235.900.981
579555,1,4,52,95,2,,,,,,,,2,,,,,,,,,,,,,,,52,316.764.235.900.981
579556,1,1,52,95,2,,,,,,,,2,,,,,,,,,,,,,,,52,423.626.074.369.053
579556,1,2,52,95,2,,,,,,,,2,,,,,,,,,,,,,,,52,423.626.074.369.053
579556,1,3,52,95,2,,,,,,,,2,,,,,,,,,,,,,,,52,423.626.074.369.053
579556,1,4,52,95,2,,,,,,,,2,,,,,,,,,,,,,,,52,423.626.074.369.053
579557,1,1,52,95,2,,,,,,,,2,,,,,,,,,,,,,,,52,481.716.441.370.669
579557,1,2,52,95,2,,,,,,,,2,,,,,,,,,,,,,,,52,481.716.441.370.669
579557,1,3,52,95,2,,,,,,,,2,,,,,,,,,,,,,,,52,481.716.441.370.669
579557,1,5,52,95,2,,,,,,,,2,,,,,,,,,,,,,,,52,481.716.441.370.669
579558,1,1,52,95,2,,,,,,,,2,,,,,,,,,,,,,,,52,629.360.473.705.575
579558,1,2,52,95,2,,,,,,,,2,,,,,,,,,,,,,,,52,629.360.473.705.575
579558,1,3,52,95,2,,,,,,,,2,,,,,,,,,,,,,,,52,629.360.473.705.575
579559,1,1,52,95,2,,,,,,,,2,,,,,,,,,,,,,,,52,150.155.775.099.043
579559,1,2,52,95,2,,,,,,,,2,,,,,,,,,,,,,,,52,150.155.775.099.043
579559,1,3,52,95,2,,,,,,,,2,,,,,,,,,,,,,,,52,150.155.775.099.043
579559,1,5,52,95,2,,,,,,,,2,,,,,,,,,,,,,,,52,150.155.775.099.043
579560,1,1,52,95,2,,,,,,,,2,,,,,,,,,,,,,,,52,139.411.790.933.009
579561,1,1,52,95,2,,,,,,,,1,2,,2,,,,,,5400000,2,1,2,,2,52,161.041.595.712.666
579561,1,2,52,95,2,,,,,,,,2,,,,,,,,,,,,,,,52,161.041.595.712.666
579561,1,3,52,95,2,,,,,,,,2,,,,,,,,,,,,,,,52,161.041.595.712.666
579562,1,1,52,95,2,,,,,,,,2,,,,,,,,,,,,,,,52,201.324.054.650.426
579562,1,2,52,95,2,,,,,,,,2,,,,,,,,,,,,,,,52,201.324.054.650.426
579562,1,3,52,95,2,,,,,,,,2,,,,,,,,,,,,,,,52,201.324.054.650.426
579562,1,4,52,95,2,,,,,,,,1,2,,2,,,,,,600000,2,1,2,,2,52,201.324.054.650.426
579562,1,7,52,95,2,,,,,,,,2,,,,,,,,,,,,,,,52,201.324.054.650.426
579562,1,8,52,95,2,,,,,,,,2,,,,,,,,,,,,,,,52,201.324.054.650.426
579562,1,9,52,95,2,,,,,,,,2,,,,,,,,,,,,,,,52,201.324.054.650.426
579563,1,1,52,95,1,,1,2,,,210000,2,2,,,,,,,,,,,,,,,52,138.985.199.959.441
579564,1,1,52,95,2,,,,,,,,1,2,,2,,,,,,99,2,1,2,,2,52,157.940.782.009.087
579565,1,1,52,95,2,,,,,,,,2,,,,,,,,,,,,,,,52,114.138.145.376.382
579565,1,2,52,95,2,,,,,,,,2,,,,,,,,,,,,,,,52,114.138.145.376.382
579567,1,1,52,95,2,,,,,,,,2,,,,,,,,,,,,,,,52,171.416.090.302.723
579567,1,2,52,95,2,,,,,,,,2,,,,,,,,,,,,,,,52,171.416.090.302.723
579568,1,1,52,95,2,,,,,,,,1,2,,2,,,,,,3000000,2,1,2,,2,52,965.406.230.173.866
579568,1,2,52,95,2,,,,,,,,2,,,,,,,,,,,,,,,52,965.406.230.173.866
579569,1,1,52,95,2,,,,,,,,1,2,,2,,,,1000000,,,1,2,2,,2,52,283.634.895.094.125
579569,1,2,52,95,2,,,,,,,,2,,,,,,,,,,,,,,,52,283.634.895.094.125
579570,1,1,52,95,2,,,,,,,,2,,,,,,,,,,,,,,,52,305.177.060.507.585
579570,1,2,52,95,2,,,,,,,,2,,,,,,,,,,,,,,,52,305.177.060.507.585
579571,1,1,52,95,1,,2,1,,400000,,2,2,,,,,,,,,,,,,,,52,152.588.530.253.792
579571,1,2,52,95,2,,,,,,,,2,,,,,,,,,,,,,,,52,152.588.530.253.792
579573,1,1,52,95,2,,,,,,,,1,2,,2,,,,,,3300000,2,1,2,,2,52,149.778.342.782.381
579622,1,1,66,95,2,,,,,,,,2,,,,,,,,,,,,,,,66,248.500.701.201.018
579622,1,2,66,95,2,,,,,,,,2,,,,,,,,,,,,,,,66,248.500.701.201.018
579622,1,3,66,95,2,,,,,,,,2,,,,,,,,,,,,,,,66,248.500.701.201.018
579623,1,1,66,95,1,,1,2,,,800000,2,2,,,,,,,,,,,,,,,66,241.919.258.464.738
579623,1,2,66,95,2,,,,,,,,2,,,,,,,,,,,,,,,66,241.919.258.464.738
579624,1,1,66,95,1,,1,2,,,450000,2,2,,,,,,,,,,,,,,,66,243.948.383.029.759
579624,1,2,66,95,2,,,,,,,,2,,,,,,,,,,,,,,,66,243.948.383.029.759
579625,1,1,66,95,2,,,,,,,,2,,,,,,,,,,,,,,,66,251.709.224.927.785
579625,1,2,66,95,1,,1,2,,,250000,2,1,2,,2,,,,,,1200000,2,1,2,,2,66,251.709.224.927.785
579626,1,1,66,95,2,,,,,,,,2,,,,,,,,,,,,,,,66,274.705.183.029.041
579626,1,2,66,95,2,,,,,,,,2,,,,,,,,,,,,,,,66,274.705.183.029.041
579627,1,1,66,95,2,,,,,,,,2,,,,,,,,,,,,,,,66,320.210.519.306.533
579627,1,2,66,95,2,,,,,,,,2,,,,,,,,,,,,,,,66,320.210.519.306.533
579627,1,7,66,95,2,,,,,,,,2,,,,,,,,,,,,,,,66,320.210.519.306.533
579627,1,8,66,95,2,,,,,,,,1,2,,2,,,,,,600000,2,1,2,,2,66,320.210.519.306.533
579628,1,1,66,95,1,,1,2,,,1380000,2,2,,,,,,,,,,,,,,,66,246.039.201.753.935
579628,1,2,66,95,2,,,,,,,,2,,,,,,,,,,,,,,,66,246.039.201.753.935
579629,1,1,66,95,2,,,,,,,,1,2,,2,,,,,,12000000,2,1,2,,2,66,215.804.906.122.382
579629,1,2,66,95,2,,,,,,,,1,2,,2,,,,,,2400000,2,1,2,,2,66,215.804.906.122.382
579630,1,1,66,95,2,,,,,,,,1,2,,2,,,,10800000,,,1,2,2,,2,66,155.387.808.163.711
579630,1,2,66,95,2,,,,,,,,2,,,,,,,,,,,,,,,66,155.387.808.163.711
579630,1,3,66,95,2,,,,,,,,2,,,,,,,,,,,,,,,66,155.387.808.163.711
579631,1,1,66,95,2,,,,,,,,2,,,,,,,,,,,,,,,66,241.721.499.397.593
579631,1,2,66,95,2,,,,,,,,2,,,,,,,,,,,,,,,66,241.721.499.397.593
579632,1,1,66,95,2,,,,,,,,2,,,,,,,,,,,,,,,66,250.591.519.925.194
579632,1,2,66,95,2,,,,,,,,2,,,,,,,,,,,,,,,66,250.591.519.925.194
579632,1,4,66,95,2,,,,,,,,2,,,,,,,,,,,,,,,66,250.591.519.925.194
579633,1,1,66,95,2,,,,,,,,2,,,,,,,,,,,,,,,66,251.709.224.927.785
579633,1,2,66,95,2,,,,,,,,2,,,,,,,,,,,,,,,66,251.709.224.927.785
579634,1,1,66,95,2,,,,,,,,2,,,,,,,,,,,,,,,66,266.854.211.645.349
579634,1,2,66,95,2,,,,,,,,2,,,,,,,,,,,,,,,66,266.854.211.645.349
579634,1,3,66,95,2,,,,,,,,2,,,,,,,,,,,,,,,66,266.854.211.645.349
579635,1,1,66,95,2,,,,,,,,2,,,,,,,,,,,,,,,66,260.410.385.754.719
579635,1,2,66,95,2,,,,,,,,2,,,,,,,,,,,,,,,66,260.410.385.754.719
579635,1,3,66,95,2,,,,,,,,2,,,,,,,,,,,,,,,66,260.410.385.754.719
579635,2,1,66,95,2,,,,,,,,2,,,,,,,,,,,,,,,66,260.410.385.754.719
579635,2,2,66,95,2,,,,,,,,2,,,,,,,,,,,,,,,66,260.410.385.754.719
579636,1,1,66,95,2,,,,,,,,1,2,,2,,,,,,6000000,2,1,2,,2,66,295.520.192.920.455
579636,1,2,66,95,2,,,,,,,,2,,,,,,,,,,,,,,,66,295.520.192.920.455
579636,1,3,66,95,2,,,,,,,,2,,,,,,,,,,,,,,,66,295.520.192.920.455
579637,1,1,66,95,2,,,,,,,,1,2,,2,,,,,,1000000,2,1,2,,2,66,248.051.748.736.579
579638,1,1,66,95,2,,,,,,,,2,,,,,,,,,,,,,,,66,271.391.609.123.646
579638,1,2,66,95,2,,,,,,,,2,,,,,,,,,,,,,,,66,271.391.609.123.646
579639,1,1,66,95,1,,2,1,,433700,,2,2,,,,,,,,,,,,,,,66,233.543.690.258.801
579639,1,2,66,95,2,,,,,,,,2,,,,,,,,,,,,,,,66,233.543.690.258.801
579639,1,3,66,95,2,,,,,,,,2,,,,,,,,,,,,,,,66,233.543.690.258.801
579639,1,4,66,95,2,,,,,,,,2,,,,,,,,,,,,,,,66,233.543.690.258.801
579639,1,5,66,95,2,,,,,,,,2,,,,,,,,,,,,,,,66,233.543.690.258.801
579639,1,6,66,95,2,,,,,,,,2,,,,,,,,,,,,,,,66,233.543.690.258.801
579640,1,1,66,95,2,,,,,,,,2,,,,,,,,,,,,,,,66,297.104.943.293.409
579640,1,2,66,95,2,,,,,,,,2,,,,,,,,,,,,,,,66,297.104.943.293.409
579640,1,3,66,95,2,,,,,,,,2,,,,,,,,,,,,,,,66,297.104.943.293.409
579640,1,4,66,95,2,,,,,,,,2,,,,,,,,,,,,,,,66,297.104.943.293.409
579641,1,1,66,95,1,,1,2,,,150000,2,2,,,,,,,,,,,,,,,66,237.531.335.576.226
579641,1,2,66,95,2,,,,,,,,2,,,,,,,,,,,,,,,66,237.531.335.576.226
579641,1,3,66,95,2,,,,,,,,2,,,,,,,,,,,,,,,66,237.531.335.576.226
579641,1,4,66,95,2,,,,,,,,2,,,,,,,,,,,,,,,66,237.531.335.576.226
579642,1,1,66,95,2,,,,,,,,2,,,,,,,,,,,,,,,66,225.487.707.043.916
579642,1,2,66,95,2,,,,,,,,2,,,,,,,,,,,,,,,66,225.487.707.043.916
579642,1,4,66,95,2,,,,,,,,2,,,,,,,,,,,,,,,66,225.487.707.043.916
579642,1,5,66,95,2,,,,,,,,2,,,,,,,,,,,,,,,66,225.487.707.043.916
579643,1,1,66,95,2,,,,,,,,2,,,,,,,,,,,,,,,66,278.718.419.250.194
579643,1,2,66,95,2,,,,,,,,2,,,,,,,,,,,,,,,66,278.718.419.250.194
579644,1,1,66,95,2,,,,,,,,1,2,,2,10000000,,,,,12000000,2,1,1,,2,66,205.356.370.383.615
579644,1,2,66,95,2,,,,,,,,2,,,,,,,,,,,,,,,66,205.356.370.383.615
579645,1,1,66,95,1,,2,1,,2000000,,2,2,,,,,,,,,,,,,,,66,233.960.657.499.568
579645,1,2,66,95,2,,,,,,,,2,,,,,,,,,,,,,,,66,233.960.657.499.568
579646,1,1,66,95,2,,,,,,,,1,2,,2,1000000,,,,,500000,2,1,1,,2,66,243.948.383.029.759
579646,1,2,66,95,2,,,,,,,,2,,,,,,,,,,,,,,,66,243.948.383.029.759
579647,1,1,66,95,2,,,,,,,,2,,,,,,,,,,,,,,,66,247.617.716.965.101
579648,1,1,66,95,2,,,,,,,,2,,,,,,,,,,,,,,,66,248.500.701.201.018
579648,1,2,66,95,2,,,,,,,,2,,,,,,,,,,,,,,,66,248.500.701.201.018
579648,1,3,66,95,2,,,,,,,,2,,,,,,,,,,,,,,,66,248.500.701.201.018
579649,1,1,66,95,2,,,,,,,,2,,,,,,,,,,,,,,,66,305.742.534.265.564
579649,1,2,66,95,2,,,,,,,,1,2,,2,700000,,,,,,2,2,1,,2,66,305.742.534.265.564
579649,1,3,66,95,2,,,,,,,,1,2,,2,,,,,,1000000,2,1,2,,2,66,305.742.534.265.564
579649,1,4,66,95,2,,,,,,,,1,2,,2,,,,,,100000,2,1,2,,2,66,305.742.534.265.564
579650,1,1,66,95,2,,,,,,,,2,,,,,,,,,,,,,,,66,205.790.402.155.094
579650,1,2,66,95,2,,,,,,,,2,,,,,,,,,,,,,,,66,205.790.402.155.094
579651,1,1,66,95,2,,,,,,,,1,2,,2,,,,,,200000,2,1,2,,2,66,201.687.036.448.274
579651,1,2,66,95,2,,,,,,,,2,,,,,,,,,,,,,,,66,201.687.036.448.274
579651,1,3,66,95,2,,,,,,,,2,,,,,,,,,,,,,,,66,201.687.036.448.274
579652,1,1,66,95,2,,,,,,,,2,,,,,,,,,,,,,,,66,219.618.925.129.865
579652,1,2,66,95,2,,,,,,,,2,,,,,,,,,,,,,,,66,219.618.925.129.865
579652,1,3,66,95,2,,,,,,,,2,,,,,,,,,,,,,,,66,219.618.925.129.865
579652,1,4,66,95,2,,,,,,,,2,,,,,,,,,,,,,,,66,219.618.925.129.865
579653,1,1,66,95,2,,,,,,,,2,,,,,,,,,,,,,,,66,267.241.357.479.011
579653,1,2,66,95,2,,,,,,,,2,,,,,,,,,,,,,,,66,267.241.357.479.011
579653,1,4,66,95,2,,,,,,,,1,2,,2,,,,,,1000000,2,1,2,,2,66,267.241.357.479.011
579654,1,1,66,95,2,,,,,,,,2,,,,,,,,,,,,,,,66,27.215.355.409.629
579654,1,2,66,95,2,,,,,,,,2,,,,,,,,,,,,,,,66,27.215.355.409.629
579655,1,1,66,95,1,,1,2,,,250000,2,2,,,,,,,,,,,,,,,66,266.854.211.645.349
579655,1,2,66,95,2,,,,,,,,2,,,,,,,,,,,,,,,66,266.854.211.645.349
579655,1,3,66,95,2,,,,,,,,1,2,,2,,,,,,4000000,2,1,2,,2,66,266.854.211.645.349
579656,1,1,66,95,2,,,,,,,,2,,,,,,,,,,,,,,,66,215.804.906.122.382
579656,1,2,66,95,1,,1,1,,433700,250000,2,2,,,,,,,,,,,,,,,66,215.804.906.122.382
579657,1,1,66,95,1,,1,2,,,272000,2,1,2,,2,,,,3600000,,1500000,1,1,2,,2,66,155.387.808.163.711
579657,1,2,66,95,1,,1,1,,1584000,365000,2,2,,,,,,,,,,,,,,,66,155.387.808.163.711
579657,1,3,66,95,1,,2,1,,433700,,2,2,,,,,,,,,,,,,,,66,155.387.808.163.711
579658,1,1,66,95,2,,,,,,,,1,2,,2,,,,,,4000000,2,1,2,,2,66,183.992.095.279.664
579658,1,2,66,95,2,,,,,,,,1,2,,2,,,,,,24000000,2,1,2,,2,66,183.992.095.279.664
579658,1,3,66,95,2,,,,,,,,2,,,,,,,,,,,,,,,66,183.992.095.279.664
579659,1,1,66,95,2,,,,,,,,2,,,,,,,,,,,,,,,66,212.596.382.395.616
579659,1,2,66,95,2,,,,,,,,2,,,,,,,,,,,,,,,66,212.596.382.395.616
579659,1,3,66,95,2,,,,,,,,1,2,,2,,,,,,2000000,2,1,2,,2,66,212.596.382.395.616
579660,1,1,66,95,2,,,,,,,,2,,,,,,,,,,,,,,,66,258.813.172.031.795
579660,1,2,66,95,2,,,,,,,,1,2,,2,,,,,,30000,2,1,2,,2,66,258.813.172.031.795
579660,1,3,66,95,2,,,,,,,,1,2,,2,,,,,,30000,2,1,2,,2,66,258.813.172.031.795
579661,1,1,66,95,2,,,,,,,,2,,,,,,,,,,,,,,,66,273.732.069.307.457
579662,1,1,66,95,2,,,,,,,,2,,,,,,,,,,,,,,,66,291.850.858.985.113
579662,1,2,66,95,2,,,,,,,,2,,,,,,,,,,,,,,,66,291.850.858.985.113
579662,1,3,66,95,2,,,,,,,,2,,,,,,,,,,,,,,,66,291.850.858.985.113
579662,1,4,66,95,2,,,,,,,,2,,,,,,,,,,,,,,,66,291.850.858.985.113
579663,1,1,66,95,2,,,,,,,,2,,,,,,,,,,,,,,,66,266.854.211.645.349
579663,1,2,66,95,2,,,,,,,,2,,,,,,,,,,,,,,,66,266.854.211.645.349
579663,1,3,66,95,2,,,,,,,,2,,,,,,,,,,,,,,,66,266.854.211.645.349
579664,1,1,66,95,2,,,,,,,,2,,,,,,,,,,,,,,,66,284.180.500.094.467
579664,1,2,66,95,2,,,,,,,,1,2,,2,,,,,,1200000,2,1,2,,2,66,284.180.500.094.467
579664,1,3,66,95,2,,,,,,,,2,,,,,,,,,,,,,,,66,284.180.500.094.467
579664,1,4,66,95,2,,,,,,,,2,,,,,,,,,,,,,,,66,284.180.500.094.467
579664,1,5,66,95,2,,,,,,,,2,,,,,,,,,,,,,,,66,284.180.500.094.467
579665,1,1,66,95,2,,,,,,,,2,,,,,,,,,,,,,,,66,244.843.225.009.813
579665,1,2,66,95,2,,,,,,,,1,2,,2,,,,,,2400000,2,1,2,,2,66,244.843.225.009.813
579666,1,1,66,95,1,,2,1,,900000,,2,2,,,,,,,,,,,,,,,66,205.356.370.383.615
579666,1,2,66,95,2,,,,,,,,2,,,,,,,,,,,,,,,66,205.356.370.383.615
579667,1,1,66,95,2,,,,,,,,2,,,,,,,,,,,,,,,66,248.051.748.736.579
579668,1,1,66,95,1,,2,1,,433700,,2,2,,,,,,,,,,,,,,,66,202.581.878.428.327
579668,1,2,66,95,2,,,,,,,,2,,,,,,,,,,,,,,,66,202.581.878.428.327
579668,1,3,66,95,2,,,,,,,,2,,,,,,,,,,,,,,,66,202.581.878.428.327
579669,1,1,66,95,2,,,,,,,,1,2,,2,,,,,,3600000,2,1,2,,2,66,271.800.877.549.267
579670,1,1,66,95,2,,,,,,,,2,,,,,,,,,,,,,,,66,27.052.354.558.069
579670,1,2,66,95,2,,,,,,,,1,2,,2,,,,1000000,,,1,2,2,,2,66,27.052.354.558.069
579671,1,1,66,95,2,,,,,,,,2,,,,,,,,,,,,,,,66,244.921.496.751.344
579671,1,2,66,95,2,,,,,,,,2,,,,,,,,,,,,,,,66,244.921.496.751.344
579671,1,3,66,95,2,,,,,,,,2,,,,,,,,,,,,,,,66,244.921.496.751.344
579672,1,1,66,95,1,,2,1,,3000000,,2,2,,,,,,,,,,,,,,,66,219.013.429.849.149
579673,1,1,66,95,2,,,,,,,,2,,,,,,,,,,,,,,,66,27.052.354.558.069
579673,1,2,66,95,2,,,,,,,,2,,,,,,,,,,,,,,,66,27.052.354.558.069
579674,1,1,66,95,1,,1,1,,433700,700000,2,2,,,,,,,,,,,,,,,66,237.169.181.226.334
579675,1,1,66,95,2,,,,,,,,2,,,,,,,,,,,,,,,66,236.448.546.295.692
579675,1,2,66,95,2,,,,,,,,2,,,,,,,,,,,,,,,66,236.448.546.295.692
579675,1,3,66,95,2,,,,,,,,2,,,,,,,,,,,,,,,66,236.448.546.295.692
579675,1,4,66,95,2,,,,,,,,2,,,,,,,,,,,,,,,66,236.448.546.295.692
579675,1,6,66,95,2,,,,,,,,2,,,,,,,,,,,,,,,66,236.448.546.295.692
579676,1,1,66,95,2,,,,,,,,2,,,,,,,,,,,,,,,66,279.152.451.021.672
579676,1,2,66,95,2,,,,,,,,1,2,,2,,,,,,3600000,2,1,2,,2,66,279.152.451.021.672
579677,1,1,66,95,2,,,,,,,,1,2,,2,8400000,,,,,,2,2,1,,2,66,248.934.732.972.497
579677,1,2,66,95,2,,,,,,,,2,,,,,,,,,,,,,,,66,248.934.732.972.497
579677,1,3,66,95,2,,,,,,,,2,,,,,,,,,,,,,,,66,248.934.732.972.497
579678,1,1,66,95,2,,,,,,,,2,,,,,,,,,,,,,,,66,255.378.558.863.126
579679,1,1,66,95,1,,2,1,,433700,,2,2,,,,,,,,,,,,,,,66,223.565.748.020.408
579679,1,2,66,95,2,,,,,,,,1,2,,2,,,,,,600000,2,1,2,,2,66,223.565.748.020.408
579680,1,1,66,95,2,,,,,,,,2,,,,,,,,,,,,,,,66,280.062.213.694.687
579680,1,2,66,95,2,,,,,,,,2,,,,,,,,,,,,,,,66,280.062.213.694.687
579680,1,3,66,95,2,,,,,,,,2,,,,,,,,,,,,,,,66,280.062.213.694.687
579680,1,5,66,95,2,,,,,,,,2,,,,,,,,,,,,,,,66,280.062.213.694.687
579681,1,1,66,95,2,,,,,,,,2,,,,,,,,,,,,,,,66,278.284.387.478.716
579681,1,2,66,95,2,,,,,,,,2,,,,,,,,,,,,,,,66,278.284.387.478.716
579682,1,1,66,95,1,,2,1,,433700,,2,1,2,,2,3000000,,,,,,2,2,1,,2,66,215.344.095.913.807
579682,1,2,66,95,2,,,,,,,,2,,,,,,,,,,,,,,,66,215.344.095.913.807
579683,1,1,66,95,2,,,,,,,,2,,,,,,,,,,,,,,,66,259.930.877.034.386
579683,1,2,66,95,2,,,,,,,,2,,,,,,,,,,,,,,,66,259.930.877.034.386
579684,1,1,66,95,2,,,,,,,,2,,,,,,,,,,,,,,,66,231.696.812.167.873
579684,1,2,66,95,2,,,,,,,,2,,,,,,,,,,,,,,,66,231.696.812.167.873
579684,1,3,66,95,2,,,,,,,,2,,,,,,,,,,,,,,,66,231.696.812.167.873
579684,1,4,66,95,2,,,,,,,,1,2,,2,,,,,,1200000,2,1,2,,2,66,231.696.812.167.873
579684,1,6,66,95,2,,,,,,,,2,,,,,,,,,,,,,,,66,231.696.812.167.873
579685,1,1,66,95,2,,,,,,,,2,,,,,,,,,,,,,,,66,243.236.274.472.134
579685,1,2,66,95,2,,,,,,,,2,,,,,,,,,,,,,,,66,243.236.274.472.134
579685,1,3,66,95,2,,,,,,,,2,,,,,,,,,,,,,,,66,243.236.274.472.134
579685,1,5,66,95,2,,,,,,,,2,,,,,,,,,,,,,,,66,243.236.274.472.134
579686,1,1,66,95,2,,,,,,,,1,2,,2,,,,,,500000,2,1,2,,2,66,247.617.716.965.101
579687,1,1,66,95,2,,,,,,,,2,,,,,,,,,,,,,,,66,228.262.198.999.205
579687,1,2,66,95,2,,,,,,,,2,,,,,,,,,,,,,,,66,228.262.198.999.205
579687,1,3,66,95,2,,,,,,,,2,,,,,,,,,,,,,,,66,228.262.198.999.205
579688,1,1,66,95,2,,,,,,,,2,,,,,,,,,,,,,,,66,271.406.529.816.608
579688,1,2,66,95,1,,1,2,,,700000,2,2,,,,,,,,,,,,,,,66,271.406.529.816.608
579688,1,3,66,95,2,,,,,,,,2,,,,,,,,,,,,,,,66,271.406.529.816.608
579688,1,4,66,95,2,,,,,,,,2,,,,,,,,,,,,,,,66,271.406.529.816.608
579689,1,1,66,95,2,,,,,,,,2,,,,,,,,,,,,,,,66,259.247.203.803.273
579689,1,2,66,95,2,,,,,,,,2,,,,,,,,,,,,,,,66,259.247.203.803.273
579689,1,3,66,95,2,,,,,,,,1,2,,2,,,,,,2000000,2,1,2,,2,66,259.247.203.803.273
579690,1,1,66,95,2,,,,,,,,2,,,,,,,,,,,,,,,66,278.718.419.250.194
579690,1,2,66,95,2,,,,,,,,2,,,,,,,,,,,,,,,66,278.718.419.250.194
579691,1,1,66,95,2,,,,,,,,1,2,,2,14000000,,,,,,2,2,1,,2,66,243.812.318.121.769
579691,1,3,66,95,2,,,,,,,,1,1,,2,,,,,150000,,2,2,2,,2,66,243.812.318.121.769
579692,1,1,66,95,1,,2,1,,700000,,2,2,,,,,,,,,,,,,,,66,257.749.470.351.074
579692,1,2,66,95,2,,,,,,,,2,,,,,,,,,,,,,,,66,257.749.470.351.074
579692,1,3,66,95,2,,,,,,,,2,,,,,,,,,,,,,,,66,257.749.470.351.074
579692,1,4,66,95,2,,,,,,,,2,,,,,,,,,,,,,,,66,257.749.470.351.074
579692,1,5,66,95,2,,,,,,,,2,,,,,,,,,,,,,,,66,257.749.470.351.074
579693,1,1,66,95,2,,,,,,,,2,,,,,,,,,,,,,,,66,260.075.009.841.923
579693,1,2,66,95,2,,,,,,,,2,,,,,,,,,,,,,,,66,260.075.009.841.923
579694,1,1,66,95,2,,,,,,,,2,,,,,,,,,,,,,,,66,217.895.724.846.558
579694,1,3,66,95,2,,,,,,,,1,2,,2,,,,,,200000,2,1,2,,2,66,217.895.724.846.558
579695,1,1,66,95,1,,1,1,,753000,300000,2,2,,,,,,,,,,,,,,,66,215.344.095.913.807
579695,1,2,66,95,2,,,,,,,,2,,,,,,,,,,,,,,,66,215.344.095.913.807
579696,1,1,66,95,2,,,,,,,,2,,,,,,,,,,,,,,,66,278.049.666.712.042
579696,1,2,66,95,2,,,,,,,,2,,,,,,,,,,,,,,,66,278.049.666.712.042
579696,1,3,66,95,2,,,,,,,,2,,,,,,,,,,,,,,,66,278.049.666.712.042
579696,1,4,66,95,2,,,,,,,,2,,,,,,,,,,,,,,,66,278.049.666.712.042
579696,1,6,66,95,2,,,,,,,,2,,,,,,,,,,,,,,,66,278.049.666.712.042
579697,1,1,66,95,2,,,,,,,,2,,,,,,,,,,,,,,,66,282.421.372.390.255
579697,1,2,66,95,2,,,,,,,,2,,,,,,,,,,,,,,,66,282.421.372.390.255
579697,1,3,66,95,2,,,,,,,,2,,,,,,,,,,,,,,,66,282.421.372.390.255
579697,1,4,66,95,2,,,,,,,,2,,,,,,,,,,,,,,,66,282.421.372.390.255
579697,1,5,66,95,2,,,,,,,,2,,,,,,,,,,,,,,,66,282.421.372.390.255
579697,1,6,66,95,2,,,,,,,,2,,,,,,,,,,,,,,,66,282.421.372.390.255
579698,1,1,66,95,2,,,,,,,,1,2,,2,300000,,,,,,2,2,1,,2,66,271.406.529.816.608
579698,1,2,66,95,2,,,,,,,,1,2,,2,300000,,,,,,2,2,1,,2,66,271.406.529.816.608
579698,1,3,66,95,2,,,,,,,,2,,,,,,,,,,,,,,,66,271.406.529.816.608
579698,1,4,66,95,2,,,,,,,,2,,,,,,,,,,,,,,,66,271.406.529.816.608
579699,1,1,66,95,2,,,,,,,,2,,,,,,,,,,,,,,,66,275.075.863.751.949
579699,1,2,66,95,2,,,,,,,,1,2,,2,,,,,,100000,2,1,2,,2,66,275.075.863.751.949
579699,1,3,66,95,2,,,,,,,,2,,,,,,,,,,,,,,,66,275.075.863.751.949
579700,1,1,66,95,1,,2,1,,653000,,2,2,,,,,,,,,,,,,,,66,253.197.152.179.815
579700,1,2,66,95,2,,,,,,,,2,,,,,,,,,,,,,,,66,253.197.152.179.815
579700,1,3,66,95,2,,,,,,,,2,,,,,,,,,,,,,,,66,253.197.152.179.815
579700,1,4,66,95,2,,,,,,,,2,,,,,,,,,,,,,,,66,253.197.152.179.815
579701,1,1,66,95,1,,1,1,,900000,200000,2,2,,,,,,,,,,,,,,,66,205.356.370.383.615
579701,1,2,66,95,1,,1,1,,460000,200000,2,2,,,,,,,,,,,,,,,66,205.356.370.383.615
579702,1,1,66,95,2,,,,,,,,2,,,,,,,,,,,,,,,66,27.052.354.558.069
579702,1,2,66,95,2,,,,,,,,2,,,,,,,,,,,,,,,66,27.052.354.558.069
579703,1,1,66,95,2,,,,,,,,1,2,,2,,,,,,5000000,2,1,2,,2,66,244.382.414.801.237
579703,1,2,66,95,2,,,,,,,,2,,,,,,,,,,,,,,,66,244.382.414.801.237
579706,1,1,66,95,2,,,,,,,,2,,,,,,,,,,,,,,,66,271.840.561.588.086
579706,1,2,66,95,2,,,,,,,,2,,,,,,,,,,,,,,,66,271.840.561.588.086
579706,1,4,66,95,2,,,,,,,,1,2,,2,450000,,,,,,2,2,1,,2,66,271.840.561.588.086
579706,1,5,66,95,2,,,,,,,,2,,,,,,,,,,,,,,,66,271.840.561.588.086
579707,1,1,66,95,2,,,,,,,,2,,,,,,,,,,,,,,,66,277.166.682.476.125
579707,1,2,66,95,2,,,,,,,,2,,,,,,,,,,,,,,,66,277.166.682.476.125
579707,1,3,66,95,2,,,,,,,,2,,,,,,,,,,,,,,,66,277.166.682.476.125
579708,1,1,66,95,2,,,,,,,,2,,,,,,,,,,,,,,,66,238.027.061.506.859
579708,1,2,66,95,2,,,,,,,,2,,,,,,,,,,,,,,,66,238.027.061.506.859
579708,1,3,66,95,2,,,,,,,,2,,,,,,,,,,,,,,,66,238.027.061.506.859
579708,1,6,66,95,2,,,,,,,,2,,,,,,,,,,,,,,,66,238.027.061.506.859
579709,1,1,66,95,2,,,,,,,,2,,,,,,,,,,,,,,,66,271.406.529.816.608
579709,1,2,66,95,2,,,,,,,,2,,,,,,,,,,,,,,,66,271.406.529.816.608
579709,1,3,66,95,2,,,,,,,,2,,,,,,,,,,,,,,,66,271.406.529.816.608
579709,1,4,66,95,2,,,,,,,,2,,,,,,,,,,,,,,,66,271.406.529.816.608
579710,1,1,66,95,2,,,,,,,,2,,,,,,,,,,,,,,,66,183.992.095.279.664
579710,1,2,66,95,2,,,,,,,,2,,,,,,,,,,,,,,,66,183.992.095.279.664
579710,1,3,66,95,2,,,,,,,,2,,,,,,,,,,,,,,,66,183.992.095.279.664
579711,1,1,66,95,2,,,,,,,,2,,,,,,,,,,,,,,,66,287.730.915.695.916
579711,1,2,66,95,2,,,,,,,,2,,,,,,,,,,,,,,,66,287.730.915.695.916
579711,1,3,66,95,2,,,,,,,,2,,,,,,,,,,,,,,,66,287.730.915.695.916
579711,1,4,66,95,2,,,,,,,,2,,,,,,,,,,,,,,,66,287.730.915.695.916
579712,1,1,66,95,1,,2,1,,450000,,2,2,,,,,,,,,,,,,,,66,241.919.258.464.738
579712,1,2,66,95,2,,,,,,,,2,,,,,,,,,,,,,,,66,241.919.258.464.738
579713,1,1,66,95,1,,2,1,,1100000,,2,1,2,,2,,,,,,5000000,2,1,2,,2,66,189.436.989.078.007
579713,1,2,66,95,2,,,,,,,,2,,,,,,,,,,,,,,,66,189.436.989.078.007
579713,1,3,66,95,1,,2,1,,650000,,2,2,,,,,,,,,,,,,,,66,189.436.989.078.007
579713,1,4,66,95,1,,2,1,,650000,,2,2,,,,,,,,,,,,,,,66,189.436.989.078.007
579714,1,1,66,95,1,,1,2,,,500000,2,2,,,,,,,,,,,,,,,66,226.621.989.628.884
579714,1,2,66,95,2,,,,,,,,1,2,,2,2000000,,,,,,2,2,1,,2,66,226.621.989.628.884
579714,1,3,66,95,2,,,,,,,,2,,,,,,,,,,,,,,,66,226.621.989.628.884
579714,1,4,66,95,2,,,,,,,,2,,,,,,,,,,,,,,,66,226.621.989.628.884
579715,1,1,66,95,2,,,,,,,,1,2,,1,,,38000000,,,,2,2,2,,2,66,270.957.577.352.168
579715,1,2,66,95,2,,,,,,,,2,,,,,,,,,,,,,,,66,270.957.577.352.168
579716,1,1,66,95,1,,2,1,,4500000,,2,2,,,,,,,,,,,,,,,66,218.191.143.532.591
579716,1,2,66,95,2,,,,,,,,2,,,,,,,,,,,,,,,66,218.191.143.532.591
579717,1,1,66,95,2,,,,,,,,2,,,,,,,,,,,,,,,66,301.941.781.350.372
579717,1,2,66,95,2,,,,,,,,2,,,,,,,,,,,,,,,66,301.941.781.350.372
579717,1,3,66,95,2,,,,,,,,2,,,,,,,,,,,,,,,66,301.941.781.350.372
579717,1,4,66,95,2,,,,,,,,2,,,,,,,,,,,,,,,66,301.941.781.350.372
579717,1,5,66,95,2,,,,,,,,2,,,,,,,,,,,,,,,66,301.941.781.350.372
579718,1,1,66,95,1,,2,1,,4000000,,2,2,,,,,,,,,,,,,,,66,276.329.697.957.044
579718,1,2,66,95,2,,,,,,,,2,,,,,,,,,,,,,,,66,276.329.697.957.044
579719,1,1,66,95,1,,2,1,,2086570,,2,2,,,,,,,,,,,,,,,66,224.592.865.063.863
579719,1,2,66,95,2,,,,,,,,2,,,,,,,,,,,,,,,66,224.592.865.063.863
579719,1,3,66,95,2,,,,,,,,2,,,,,,,,,,,,,,,66,224.592.865.063.863
579719,1,4,66,95,2,,,,,,,,2,,,,,,,,,,,,,,,66,224.592.865.063.863
579720,1,1,66,95,2,,,,,,,,2,,,,,,,,,,,,,,,66,266.854.211.645.349
579720,1,2,66,95,2,,,,,,,,2,,,,,,,,,,,,,,,66,266.854.211.645.349
579720,1,3,66,95,2,,,,,,,,2,,,,,,,,,,,,,,,66,266.854.211.645.349
579721,1,1,66,95,2,,,,,,,,2,,,,,,,,,,,,,,,66,266.854.211.645.349
579721,1,2,66,95,2,,,,,,,,2,,,,,,,,,,,,,,,66,266.854.211.645.349
579721,1,3,66,95,2,,,,,,,,2,,,,,,,,,,,,,,,66,266.854.211.645.349
579722,1,1,66,95,2,,,,,,,,1,2,,2,,,,,,6000000,2,1,2,,2,66,202.147.846.656.849
579722,1,2,66,95,2,,,,,,,,2,,,,,,,,,,,,,,,66,202.147.846.656.849
579722,1,3,66,95,2,,,,,,,,2,,,,,,,,,,,,,,,66,202.147.846.656.849
579723,1,1,66,95,2,,,,,,,,2,,,,,,,,,,,,,,,66,198.017.702.512.932
579723,1,2,66,95,1,,2,1,,1200000,,2,2,,,,,,,,,,,,,,,66,198.017.702.512.932
579723,1,3,66,95,2,,,,,,,,2,,,,,,,,,,,,,,,66,198.017.702.512.932
579723,1,4,66,95,2,,,,,,,,2,,,,,,,,,,,,,,,66,198.017.702.512.932
579724,1,1,66,95,2,,,,,,,,1,2,,2,36000000,,,,,6000000,2,1,1,,2,66,25.217.003.513.636
579724,1,2,66,95,2,,,,,,,,2,,,,,,,,,,,,,,,66,25.217.003.513.636
579725,1,1,66,95,2,,,,,,,,2,,,,,,,,,,,,,,,66,290.113.920.831.115
579725,1,2,66,95,2,,,,,,,,2,,,,,,,,,,,,,,,66,290.113.920.831.115
579726,1,1,66,95,1,,1,2,,,500000,2,2,,,,,,,,,,,,,,,66,283.532.599.873.183
579726,1,2,66,95,1,,2,1,,1500000,,2,2,,,,,,,,,,,,,,,66,283.532.599.873.183
579726,1,3,66,95,2,,,,,,,,2,,,,,,,,,,,,,,,66,283.532.599.873.183
579727,1,1,66,95,2,,,,,,,,1,2,,2,,,,,,9600000,2,1,2,,2,66,268.391.821.089.578
579727,1,2,66,95,2,,,,,,,,2,,,,,,,,,,,,,,,66,268.391.821.089.578
579728,1,1,66,95,2,,,,,,,,1,2,,2,,,,,,2400000,2,1,2,,2,66,219.013.429.849.149
579729,1,1,66,95,2,,,,,,,,1,2,,2,3600000,,,,,,2,2,1,,2,66,248.590.830.686.685
579729,1,2,66,95,2,,,,,,,,1,2,,2,,,,,,1800000,2,1,2,,2,66,248.590.830.686.685
579730,1,1,66,95,2,,,,,,,,2,,,,,,,,,,,,,,,66,198.900.657.694.332
579730,1,2,66,95,1,,2,1,,538000,,2,2,,,,,,,,,,,,,,,66,198.900.657.694.332
579731,1,1,66,95,2,,,,,,,,2,,,,,,,,,,,,,,,66,280.062.213.694.687
579731,1,2,66,95,2,,,,,,,,2,,,,,,,,,,,,,,,66,280.062.213.694.687
579731,1,3,66,95,2,,,,,,,,2,,,,,,,,,,,,,,,66,280.062.213.694.687
579731,1,4,66,95,2,,,,,,,,2,,,,,,,,,,,,,,,66,280.062.213.694.687
579732,1,1,68,95,2,,,,,,,,2,,,,,,,,,,,,,,,68,400.406.510.502.125
579732,1,2,68,95,2,,,,,,,,2,,,,,,,,,,,,,,,68,400.406.510.502.125
579732,1,3,68,95,2,,,,,,,,2,,,,,,,,,,,,,,,68,400.406.510.502.125
579732,1,4,68,95,2,,,,,,,,2,,,,,,,,,,,,,,,68,400.406.510.502.125
579733,1,1,68,95,2,,,,,,,,2,,,,,,,,,,,,,,,68,363.896.262.974.641
579733,1,2,68,95,2,,,,,,,,1,2,,2,,,,,,,2,2,2,1180000,1,68,363.896.262.974.641
579733,1,3,68,95,2,,,,,,,,2,,,,,,,,,,,,,,,68,363.896.262.974.641
579734,1,1,68,95,1,,1,2,,,80000,2,2,,,,,,,,,,,,,,,68,320.034.060.536.524
579734,1,2,68,95,2,,,,,,,,2,,,,,,,,,,,,,,,68,320.034.060.536.524
579734,2,1,68,95,2,,,,,,,,2,,,,,,,,,,,,,,,68,320.034.060.536.524
579734,2,2,68,95,2,,,,,,,,2,,,,,,,,,,,,,,,68,320.034.060.536.524
579735,1,1,68,95,1,,1,2,,,700000,2,2,,,,,,,,,,,,,,,68,66.646.269.088.625
579735,1,2,68,95,2,,,,,,,,2,,,,,,,,,,,,,,,68,66.646.269.088.625
579735,1,3,68,95,2,,,,,,,,2,,,,,,,,,,,,,,,68,66.646.269.088.625
579735,1,4,68,95,2,,,,,,,,2,,,,,,,,,,,,,,,68,66.646.269.088.625
579735,1,5,68,95,2,,,,,,,,2,,,,,,,,,,,,,,,68,66.646.269.088.625
579735,2,1,68,95,2,,,,,,,,2,,,,,,,,,,,,,,,68,66.646.269.088.625
579735,2,2,68,95,2,,,,,,,,2,,,,,,,,,,,,,,,68,66.646.269.088.625
579735,3,1,68,95,2,,,,,,,,2,,,,,,,,,,,,,,,68,66.646.269.088.625
579735,3,2,68,95,2,,,,,,,,2,,,,,,,,,,,,,,,68,66.646.269.088.625
579735,4,1,68,95,2,,,,,,,,2,,,,,,,,,,,,,,,68,66.646.269.088.625
579735,4,2,68,95,2,,,,,,,,2,,,,,,,,,,,,,,,68,66.646.269.088.625
579735,5,1,68,95,2,,,,,,,,2,,,,,,,,,,,,,,,68,66.646.269.088.625
579735,6,1,68,95,2,,,,,,,,2,,,,,,,,,,,,,,,68,66.646.269.088.625
579735,7,1,68,95,2,,,,,,,,2,,,,,,,,,,,,,,,68,66.646.269.088.625
579735,7,2,68,95,2,,,,,,,,2,,,,,,,,,,,,,,,68,66.646.269.088.625
579736,1,1,68,95,2,,,,,,,,2,,,,,,,,,,,,,,,68,400.979.710.572.116
579736,1,2,68,95,2,,,,,,,,2,,,,,,,,,,,,,,,68,400.979.710.572.116
579736,1,3,68,95,2,,,,,,,,2,,,,,,,,,,,,,,,68,400.979.710.572.116
579736,1,4,68,95,2,,,,,,,,1,2,,2,,,,,,1200000,2,1,2,,2,68,400.979.710.572.116
579736,1,7,68,95,2,,,,,,,,1,2,,2,,,,,,10000000,2,1,2,,2,68,400.979.710.572.116
579736,1,8,68,95,2,,,,,,,,2,,,,,,,,,,,,,,,68,400.979.710.572.116
579737,1,1,68,95,2,,,,,,,,2,,,,,,,,,,,,,,,68,337.226.189.827.598
579737,1,2,68,95,2,,,,,,,,2,,,,,,,,,,,,,,,68,337.226.189.827.598
579738,1,1,68,95,1,,2,1,,433700,,2,2,,,,,,,,,,,,,,,68,490.593.901.673.792
579738,1,2,68,95,1,,2,1,,433700,,2,2,,,,,,,,,,,,,,,68,490.593.901.673.792
579739,1,1,68,95,2,,,,,,,,1,2,,2,,,,,,98,2,1,2,,2,68,345.304.477.769.314
579740,1,1,68,95,2,,,,,,,,1,2,,2,,,,,,8400000,2,1,2,,2,68,456.034.076.392.061
579740,1,2,68,95,2,,,,,,,,2,,,,,,,,,,,,,,,68,456.034.076.392.061
579741,1,1,68,95,2,,,,,,,,1,2,,2,,,,6000000,,,1,2,2,,2,68,429.129.527.663.402
579741,1,2,68,95,1,,2,1,,500000,,2,2,,,,,,,,,,,,,,,68,429.129.527.663.402
579741,1,3,68,95,2,,,,,,,,2,,,,,,,,,,,,,,,68,429.129.527.663.402
579741,1,4,68,95,2,,,,,,,,2,,,,,,,,,,,,,,,68,429.129.527.663.402
579741,1,5,68,95,2,,,,,,,,2,,,,,,,,,,,,,,,68,429.129.527.663.402
579744,1,1,68,95,2,,,,,,,,2,,,,,,,,,,,,,,,68,444.431.893.004.916
579744,1,2,68,95,1,,1,2,,,270000,2,2,,,,,,,,,,,,,,,68,444.431.893.004.916
579744,1,3,68,95,2,,,,,,,,2,,,,,,,,,,,,,,,68,444.431.893.004.916
579744,1,4,68,95,2,,,,,,,,2,,,,,,,,,,,,,,,68,444.431.893.004.916
579745,1,1,68,95,2,,,,,,,,2,,,,,,,,,,,,,,,68,287.435.432.058.116
579745,1,2,68,95,2,,,,,,,,2,,,,,,,,,,,,,,,68,287.435.432.058.116
579745,1,3,68,95,2,,,,,,,,1,2,,1,,,80000,,,,2,2,2,,2,68,287.435.432.058.116
579746,1,1,68,95,2,,,,,,,,2,,,,,,,,,,,,,,,68,362.820.568.234.434
579746,1,2,68,95,2,,,,,,,,2,,,,,,,,,,,,,,,68,362.820.568.234.434
579746,1,3,68,95,2,,,,,,,,2,,,,,,,,,,,,,,,68,362.820.568.234.434
579747,1,1,68,95,1,,1,1,,3600000,400000,2,2,,,,,,,,,,,,,,,68,379.761.781.282.564
579747,1,2,68,95,2,,,,,,,,2,,,,,,,,,,,,,,,68,379.761.781.282.564
579748,1,1,68,95,1,,1,1,,433704,600000,2,2,,,,,,,,,,,,,,,68,333.532.655.627.679
579748,1,2,68,95,2,,,,,,,,2,,,,,,,,,,,,,,,68,333.532.655.627.679
579748,1,3,68,95,2,,,,,,,,2,,,,,,,,,,,,,,,68,333.532.655.627.679
579748,1,4,68,95,2,,,,,,,,2,,,,,,,,,,,,,,,68,333.532.655.627.679
579748,1,5,68,95,2,,,,,,,,2,,,,,,,,,,,,,,,68,333.532.655.627.679
579748,1,6,68,95,2,,,,,,,,2,,,,,,,,,,,,,,,68,333.532.655.627.679
579748,2,1,68,95,2,,,,,,,,1,2,,2,,,,,,150000,2,1,2,,2,68,333.532.655.627.679
579748,2,2,68,95,2,,,,,,,,1,2,,2,,,,,,100000,2,1,2,,2,68,333.532.655.627.679
579748,3,1,68,95,2,,,,,,,,2,,,,,,,,,,,,,,,68,333.532.655.627.679
579748,3,2,68,95,2,,,,,,,,2,,,,,,,,,,,,,,,68,333.532.655.627.679
579748,3,3,68,95,2,,,,,,,,2,,,,,,,,,,,,,,,68,333.532.655.627.679
579748,4,1,68,95,2,,,,,,,,1,2,,2,,,,,,480000,2,1,2,,2,68,333.532.655.627.679
579749,1,1,68,95,2,,,,,,,,2,,,,,,,,,,,,,,,68,363.896.262.974.641
579749,1,2,68,95,2,,,,,,,,2,,,,,,,,,,,,,,,68,363.896.262.974.641
579749,1,3,68,95,2,,,,,,,,2,,,,,,,,,,,,,,,68,363.896.262.974.641
579750,1,1,68,95,2,,,,,,,,2,,,,,,,,,,,,,,,68,417.642.252.679.647
579750,1,2,68,95,2,,,,,,,,1,2,,2,,,,,,4000000,2,1,2,,2,68,417.642.252.679.647
579750,1,3,68,95,2,,,,,,,,2,,,,,,,,,,,,,,,68,417.642.252.679.647
579750,1,4,68,95,2,,,,,,,,2,,,,,,,,,,,,,,,68,417.642.252.679.647
579750,1,6,68,95,2,,,,,,,,1,2,,2,,,,,,6000000,2,1,2,,2,68,417.642.252.679.647
579750,2,1,68,95,2,,,,,,,,2,,,,,,,,,,,,,,,68,417.642.252.679.647
579750,2,2,68,95,2,,,,,,,,2,,,,,,,,,,,,,,,68,417.642.252.679.647
579750,2,3,68,95,2,,,,,,,,2,,,,,,,,,,,,,,,68,417.642.252.679.647
579750,2,4,68,95,2,,,,,,,,2,,,,,,,,,,,,,,,68,417.642.252.679.647
579751,1,1,68,95,2,,,,,,,,1,2,,2,,,,,,1000000,2,1,2,,2,68,337.226.189.827.598
579751,1,2,68,95,2,,,,,,,,1,2,,2,,,,,,7200000,2,1,2,,2,68,337.226.189.827.598
579752,1,1,68,95,1,,1,2,,,500000,2,2,,,,,,,,,,,,,,,68,398.485.520.301.027
579753,1,1,68,95,2,,,,,,,,2,,,,,,,,,,,,,,,68,399.872.789.580.371
579753,1,2,68,95,2,,,,,,,,2,,,,,,,,,,,,,,,68,399.872.789.580.371
579754,1,1,68,95,2,,,,,,,,1,2,,2,,,,,,12000000,2,1,2,,2,68,271.450.951.320.384
579754,1,2,68,95,2,,,,,,,,2,,,,,,,,,,,,,,,68,271.450.951.320.384
579755,1,1,68,95,2,,,,,,,,2,,,,,,,,,,,,,,,68,373.361.820.195.701
579755,1,2,68,95,2,,,,,,,,2,,,,,,,,,,,,,,,68,373.361.820.195.701
579755,1,5,68,95,2,,,,,,,,2,,,,,,,,,,,,,,,68,373.361.820.195.701
579756,1,1,68,95,2,,,,,,,,2,,,,,,,,,,,,,,,68,406.140.796.854.098
579756,1,2,68,95,2,,,,,,,,2,,,,,,,,,,,,,,,68,406.140.796.854.098
579756,1,3,68,95,2,,,,,,,,2,,,,,,,,,,,,,,,68,406.140.796.854.098
579756,1,4,68,95,2,,,,,,,,2,,,,,,,,,,,,,,,68,406.140.796.854.098
579757,1,1,68,95,2,,,,,,,,1,2,,2,,,,,,4800000,2,1,2,,2,68,308.503.172.666.321
579758,1,1,68,95,2,,,,,,,,2,,,,,,,,,,,,,,,68,429.129.527.663.402
579758,1,2,68,95,2,,,,,,,,2,,,,,,,,,,,,,,,68,429.129.527.663.402
579758,1,3,68,95,2,,,,,,,,2,,,,,,,,,,,,,,,68,429.129.527.663.402
579758,1,4,68,95,2,,,,,,,,2,,,,,,,,,,,,,,,68,429.129.527.663.402
579758,1,5,68,95,2,,,,,,,,2,,,,,,,,,,,,,,,68,429.129.527.663.402
579759,1,1,68,95,1,,2,1,,500000,,2,2,,,,,,,,,,,,,,,68,33.352.614.521.005
579759,1,2,68,95,2,,,,,,,,2,,,,,,,,,,,,,,,68,33.352.614.521.005
579759,1,3,68,95,2,,,,,,,,2,,,,,,,,,,,,,,,68,33.352.614.521.005
579759,1,4,68,95,2,,,,,,,,2,,,,,,,,,,,,,,,68,33.352.614.521.005
579759,1,6,68,95,2,,,,,,,,1,2,,2,,,,,,1200000,2,1,2,,2,68,33.352.614.521.005
579759,1,7,68,95,2,,,,,,,,1,2,,2,,,,,,1200000,2,1,2,,2,68,33.352.614.521.005
579760,1,1,68,95,2,,,,,,,,2,,,,,,,,,,,,,,,68,360.401.190.024.343
579760,1,2,68,95,2,,,,,,,,2,,,,,,,,,,,,,,,68,360.401.190.024.343
579760,1,3,68,95,2,,,,,,,,2,,,,,,,,,,,,,,,68,360.401.190.024.343
579760,1,4,68,95,2,,,,,,,,2,,,,,,,,,,,,,,,68,360.401.190.024.343
579760,1,5,68,95,2,,,,,,,,2,,,,,,,,,,,,,,,68,360.401.190.024.343
579761,1,1,68,95,2,,,,,,,,2,,,,,,,,,,,,,,,68,437.359.420.437.465
579761,1,2,68,95,2,,,,,,,,2,,,,,,,,,,,,,,,68,437.359.420.437.465
579762,1,1,68,95,2,,,,,,,,2,,,,,,,,,,,,,,,68,56.298.416.242.794
579762,1,2,68,95,1,,1,2,,,320000,2,2,,,,,,,,,,,,,,,68,56.298.416.242.794
579762,2,1,68,95,2,,,,,,,,2,,,,,,,,,,,,,,,68,56.298.416.242.794
579762,2,2,68,95,2,,,,,,,,2,,,,,,,,,,,,,,,68,56.298.416.242.794
579762,2,3,68,95,2,,,,,,,,2,,,,,,,,,,,,,,,68,56.298.416.242.794
579762,2,4,68,95,2,,,,,,,,2,,,,,,,,,,,,,,,68,56.298.416.242.794
579762,3,1,68,95,2,,,,,,,,2,,,,,,,,,,,,,,,68,56.298.416.242.794
579762,3,2,68,95,2,,,,,,,,2,,,,,,,,,,,,,,,68,56.298.416.242.794
579762,4,1,68,95,2,,,,,,,,2,,,,,,,,,,,,,,,68,56.298.416.242.794
579762,4,2,68,95,2,,,,,,,,2,,,,,,,,,,,,,,,68,56.298.416.242.794
579762,5,1,68,95,2,,,,,,,,2,,,,,,,,,,,,,,,68,56.298.416.242.794
579762,5,2,68,95,2,,,,,,,,2,,,,,,,,,,,,,,,68,56.298.416.242.794
579762,6,1,68,95,2,,,,,,,,2,,,,,,,,,,,,,,,68,56.298.416.242.794
579762,6,2,68,95,2,,,,,,,,2,,,,,,,,,,,,,,,68,56.298.416.242.794
579762,6,3,68,95,2,,,,,,,,2,,,,,,,,,,,,,,,68,56.298.416.242.794
579763,1,1,68,95,2,,,,,,,,2,,,,,,,,,,,,,,,68,369.630.549.326.614
579763,1,2,68,95,2,,,,,,,,2,,,,,,,,,,,,,,,68,369.630.549.326.614
579763,1,4,68,95,2,,,,,,,,2,,,,,,,,,,,,,,,68,369.630.549.326.614
579764,1,1,68,95,1,,1,2,,,90000,2,2,,,,,,,,,,,,,,,68,291.311.043.375.247
579764,1,3,68,95,2,,,,,,,,1,2,,2,,,,,,1600000,2,1,2,,2,68,291.311.043.375.247
579764,2,1,68,95,2,,,,,,,,2,,,,,,,,,,,,,,,68,291.311.043.375.247
579765,1,1,68,95,2,,,,,,,,2,,,,,,,,,,,,,,,68,411.403.677.450.574
579765,1,2,68,95,2,,,,,,,,2,,,,,,,,,,,,,,,68,411.403.677.450.574
579765,1,3,68,95,2,,,,,,,,2,,,,,,,,,,,,,,,68,411.403.677.450.574
579765,1,4,68,95,2,,,,,,,,2,,,,,,,,,,,,,,,68,411.403.677.450.574
579765,1,5,68,95,2,,,,,,,,2,,,,,,,,,,,,,,,68,411.403.677.450.574
579766,1,1,68,95,1,,1,2,,,360000,2,2,,,,,,,,,,,,,,,68,282.849.885.377.452
579766,1,2,68,95,2,,,,,,,,2,,,,,,,,,,,,,,,68,282.849.885.377.452
579766,1,3,68,95,1,,2,2,150000,,,1,2,,,,,,,,,,,,,,,68,282.849.885.377.452
579766,1,5,68,95,2,,,,,,,,2,,,,,,,,,,,,,,,68,282.849.885.377.452
579766,2,1,68,95,2,,,,,,,,2,,,,,,,,,,,,,,,68,282.849.885.377.452
579766,2,2,68,95,2,,,,,,,,2,,,,,,,,,,,,,,,68,282.849.885.377.452
579766,3,1,68,95,2,,,,,,,,2,,,,,,,,,,,,,,,68,282.849.885.377.452
579766,4,1,68,95,2,,,,,,,,1,2,,2,,,,,,6000000,2,1,2,,2,68,282.849.885.377.452
579767,1,1,68,95,1,,2,1,,550000,,2,2,,,,,,,,,,,,,,,68,43.262.042.638.721
579767,1,2,68,95,2,,,,,,,,2,,,,,,,,,,,,,,,68,43.262.042.638.721
579769,1,1,68,95,1,,1,2,,,430000,2,2,,,,,,,,,,,,,,,68,420.560.327.310.316
579769,1,2,68,95,2,,,,,,,,2,,,,,,,,,,,,,,,68,420.560.327.310.316
579769,1,3,68,95,2,,,,,,,,2,,,,,,,,,,,,,,,68,420.560.327.310.316
579769,1,4,68,95,2,,,,,,,,2,,,,,,,,,,,,,,,68,420.560.327.310.316
579769,1,5,68,95,2,,,,,,,,2,,,,,,,,,,,,,,,68,420.560.327.310.316
579769,2,1,68,95,2,,,,,,,,2,,,,,,,,,,,,,,,68,420.560.327.310.316
579769,2,2,68,95,2,,,,,,,,2,,,,,,,,,,,,,,,68,420.560.327.310.316
579769,3,1,68,95,2,,,,,,,,2,,,,,,,,,,,,,,,68,420.560.327.310.316
579769,3,2,68,95,2,,,,,,,,2,,,,,,,,,,,,,,,68,420.560.327.310.316
579769,3,3,68,95,2,,,,,,,,2,,,,,,,,,,,,,,,68,420.560.327.310.316
579769,3,4,68,95,2,,,,,,,,2,,,,,,,,,,,,,,,68,420.560.327.310.316
579770,1,1,68,95,2,,,,,,,,2,,,,,,,,,,,,,,,68,345.789.199.575.797
579770,1,2,68,95,2,,,,,,,,2,,,,,,,,,,,,,,,68,345.789.199.575.797
579770,1,5,68,95,2,,,,,,,,2,,,,,,,,,,,,,,,68,345.789.199.575.797
579770,1,6,68,95,2,,,,,,,,2,,,,,,,,,,,,,,,68,345.789.199.575.797
579770,1,8,68,95,2,,,,,,,,2,,,,,,,,,,,,,,,68,345.789.199.575.797
579770,1,9,68,95,2,,,,,,,,2,,,,,,,,,,,,,,,68,345.789.199.575.797
579770,1,10,68,95,2,,,,,,,,2,,,,,,,,,,,,,,,68,345.789.199.575.797
579770,1,11,68,95,2,,,,,,,,1,2,,2,,,,,,400000,2,1,2,,2,68,345.789.199.575.797
579772,1,1,68,95,2,,,,,,,,2,,,,,,,,,,,,,,,68,342.960.476.179.571
579772,1,2,68,95,2,,,,,,,,2,,,,,,,,,,,,,,,68,342.960.476.179.571
579773,1,1,68,95,1,,1,2,,,100000,2,2,,,,,,,,,,,,,,,68,513.195.016.676.896
579773,1,2,68,95,2,,,,,,,,2,,,,,,,,,,,,,,,68,513.195.016.676.896
579773,1,3,68,95,2,,,,,,,,2,,,,,,,,,,,,,,,68,513.195.016.676.896
579773,2,1,68,95,1,,2,2,150000,,,1,2,,,,,,,,,,,,,,,68,513.195.016.676.896
579773,2,2,68,95,2,,,,,,,,2,,,,,,,,,,,,,,,68,513.195.016.676.896
579773,2,3,68,95,2,,,,,,,,2,,,,,,,,,,,,,,,68,513.195.016.676.896
579773,3,1,68,95,2,,,,,,,,1,2,,1,,,75000,,,,2,2,2,,2,68,513.195.016.676.896
579773,3,2,68,95,2,,,,,,,,2,,,,,,,,,,,,,,,68,513.195.016.676.896
579774,1,1,68,95,1,,2,1,,433704,,2,2,,,,,,,,,,,,,,,68,192.720.178.249.617
579774,1,2,68,95,2,,,,,,,,2,,,,,,,,,,,,,,,68,192.720.178.249.617
579774,1,3,68,95,2,,,,,,,,1,2,,2,,,,,,98,2,1,2,,2,68,192.720.178.249.617
579774,1,5,68,95,2,,,,,,,,2,,,,,,,,,,,,,,,68,192.720.178.249.617
579774,2,1,68,95,2,,,,,,,,1,2,,2,,,,,,98,2,1,2,,2,68,192.720.178.249.617
579774,2,2,68,95,2,,,,,,,,2,,,,,,,,,,,,,,,68,192.720.178.249.617
579775,1,1,68,95,1,,2,1,,1000000,,2,2,,,,,,,,,,,,,,,68,408.587.320.212.322
579775,1,2,68,95,2,,,,,,,,1,2,,2,,,,,,98,2,1,2,,2,68,408.587.320.212.322
579776,1,1,68,95,1,,1,2,,,400000,2,2,,,,,,,,,,,,,,,68,342.960.476.179.571
579776,1,2,68,95,2,,,,,,,,2,,,,,,,,,,,,,,,68,342.960.476.179.571
579777,1,1,68,95,2,,,,,,,,2,,,,,,,,,,,,,,,68,363.896.262.974.641
579777,1,2,68,95,2,,,,,,,,2,,,,,,,,,,,,,,,68,363.896.262.974.641
579777,1,3,68,95,2,,,,,,,,2,,,,,,,,,,,,,,,68,363.896.262.974.641
579779,1,1,68,95,2,,,,,,,,1,2,,2,,,,,,,2,2,2,2100000,1,68,396.463.631.841.882
579779,1,2,68,95,2,,,,,,,,2,,,,,,,,,,,,,,,68,396.463.631.841.882
579779,1,3,68,95,2,,,,,,,,2,,,,,,,,,,,,,,,68,396.463.631.841.882
579780,1,1,68,95,2,,,,,,,,1,2,,2,,,,,,7000000,2,1,2,,2,68,365.825.651.126.463
579780,1,2,68,95,2,,,,,,,,2,,,,,,,,,,,,,,,68,365.825.651.126.463
579781,1,1,68,95,1,,1,2,,,300000,2,2,,,,,,,,,,,,,,,68,4.050.491.049.616
579781,1,2,68,95,2,,,,,,,,2,,,,,,,,,,,,,,,68,4.050.491.049.616
579781,1,3,68,95,2,,,,,,,,2,,,,,,,,,,,,,,,68,4.050.491.049.616
579781,1,5,68,95,1,,2,1,,1900000,,2,1,2,,2,,,,98,,,1,2,2,,2,68,4.050.491.049.616
579782,1,1,68,95,2,,,,,,,,2,,,,,,,,,,,,,,,68,258.473.885.288.805
579782,1,2,68,95,2,,,,,,,,2,,,,,,,,,,,,,,,68,258.473.885.288.805
579782,1,3,68,95,2,,,,,,,,2,,,,,,,,,,,,,,,68,258.473.885.288.805
579782,1,4,68,95,2,,,,,,,,2,,,,,,,,,,,,,,,68,258.473.885.288.805
579782,2,1,68,95,2,,,,,,,,2,,,,,,,,,,,,,,,68,258.473.885.288.805
579782,2,2,68,95,2,,,,,,,,2,,,,,,,,,,,,,,,68,258.473.885.288.805
579783,1,1,68,95,2,,,,,,,,2,,,,,,,,,,,,,,,68,324.175.351.410.927
579783,1,2,68,95,2,,,,,,,,2,,,,,,,,,,,,,,,68,324.175.351.410.927
579783,1,3,68,95,1,,2,2,450000,,,1,2,,,,,,,,,,,,,,,68,324.175.351.410.927
579783,1,7,68,95,2,,,,,,,,2,,,,,,,,,,,,,,,68,324.175.351.410.927
579783,1,8,68,95,2,,,,,,,,2,,,,,,,,,,,,,,,68,324.175.351.410.927
579784,1,1,68,95,2,,,,,,,,2,,,,,,,,,,,,,,,68,309.639.525.702.721
579784,1,2,68,95,2,,,,,,,,2,,,,,,,,,,,,,,,68,309.639.525.702.721
579784,1,3,68,95,2,,,,,,,,2,,,,,,,,,,,,,,,68,309.639.525.702.721
579785,1,1,68,95,2,,,,,,,,2,,,,,,,,,,,,,,,68,399.872.789.580.371
579785,1,2,68,95,2,,,,,,,,2,,,,,,,,,,,,,,,68,399.872.789.580.371
579786,1,1,68,95,2,,,,,,,,2,,,,,,,,,,,,,,,68,362.820.568.234.434
579786,1,2,68,95,2,,,,,,,,2,,,,,,,,,,,,,,,68,362.820.568.234.434
579786,1,3,68,95,1,,2,2,250000,,,1,2,,,,,,,,,,,,,,,68,362.820.568.234.434
579787,1,1,68,95,2,,,,,,,,2,,,,,,,,,,,,,,,68,455.931.554.623.581
579787,1,2,68,95,2,,,,,,,,2,,,,,,,,,,,,,,,68,455.931.554.623.581
579787,1,3,68,95,2,,,,,,,,2,,,,,,,,,,,,,,,68,455.931.554.623.581
579788,1,1,68,95,1,,2,1,,850000,,2,2,,,,,,,,,,,,,,,68,432.810.612.404.315
579788,1,2,68,95,2,,,,,,,,2,,,,,,,,,,,,,,,68,432.810.612.404.315
579788,1,3,68,95,2,,,,,,,,2,,,,,,,,,,,,,,,68,432.810.612.404.315
579788,1,4,68,95,2,,,,,,,,2,,,,,,,,,,,,,,,68,432.810.612.404.315
579788,1,5,68,95,2,,,,,,,,2,,,,,,,,,,,,,,,68,432.810.612.404.315
579788,1,6,68,95,2,,,,,,,,2,,,,,,,,,,,,,,,68,432.810.612.404.315
579789,1,1,68,95,1,,1,1,,1500000,350000,2,2,,,,,,,,,,,,,,,68,234.254.389.526.402
579789,1,2,68,95,1,,2,1,,950000,,2,2,,,,,,,,,,,,,,,68,234.254.389.526.402
579789,1,3,68,95,2,,,,,,,,2,,,,,,,,,,,,,,,68,234.254.389.526.402
579790,1,1,68,95,1,,2,2,1500000,,,1,2,,,,,,,,,,,,,,,68,305.908.254.833.635
579790,1,2,68,95,2,,,,,,,,2,,,,,,,,,,,,,,,68,305.908.254.833.635
579790,1,3,68,95,2,,,,,,,,2,,,,,,,,,,,,,,,68,305.908.254.833.635
579791,1,1,68,95,2,,,,,,,,2,,,,,,,,,,,,,,,68,400.509.032.270.606
579791,1,2,68,95,2,,,,,,,,1,2,,2,,,,,,2400000,2,1,2,,2,68,400.509.032.270.606
579791,1,3,68,95,2,,,,,,,,2,,,,,,,,,,,,,,,68,400.509.032.270.606
579792,1,1,68,95,2,,,,,,,,1,2,,2,,,,,,1000000,2,1,2,,2,68,427.101.612.557.302
579792,1,2,68,95,2,,,,,,,,2,,,,,,,,,,,,,,,68,427.101.612.557.302
579792,1,3,68,95,2,,,,,,,,2,,,,,,,,,,,,,,,68,427.101.612.557.302
579792,1,4,68,95,2,,,,,,,,2,,,,,,,,,,,,,,,68,427.101.612.557.302
579793,1,1,68,95,2,,,,,,,,2,,,,,,,,,,,,,,,68,358.999.004.633.939
579793,1,2,68,95,2,,,,,,,,2,,,,,,,,,,,,,,,68,358.999.004.633.939
579793,1,5,68,95,2,,,,,,,,2,,,,,,,,,,,,,,,68,358.999.004.633.939
579895,1,1,73,95,1,,1,1,,1165000,250000,2,1,2,,2,,,,2200000,,,1,2,2,,2,73,196.553.237.631.491
579895,1,2,73,95,1,,2,1,,900000,,2,2,,,,,,,,,,,,,,,73,196.553.237.631.491
579895,1,3,73,95,2,,,,,,,,2,,,,,,,,,,,,,,,73,196.553.237.631.491
579897,1,1,73,95,2,,,,,,,,2,,,,,,,,,,,,,,,73,248.162.468.324.202
579897,1,2,73,95,2,,,,,,,,1,2,,2,,,,,,800000,2,1,2,,2,73,248.162.468.324.202
579898,1,1,73,95,2,,,,,,,,1,2,,1,,,815000,,,,2,2,2,,2,73,202.671.669.265.781
579898,1,2,73,95,2,,,,,,,,1,2,,1,,,300000,,,,2,2,2,,2,73,202.671.669.265.781
579898,1,4,73,95,2,,,,,,,,2,,,,,,,,,,,,,,,73,202.671.669.265.781
579899,1,1,73,95,2,,,,,,,,2,,,,,,,,,,,,,,,73,270.311.778.285.809
579899,1,2,73,95,2,,,,,,,,2,,,,,,,,,,,,,,,73,270.311.778.285.809
579900,1,1,73,95,2,,,,,,,,2,,,,,,,,,,,,,,,73,233.970.900.816.411
579900,1,2,73,95,2,,,,,,,,2,,,,,,,,,,,,,,,73,233.970.900.816.411
579900,1,3,73,95,2,,,,,,,,2,,,,,,,,,,,,,,,73,233.970.900.816.411
579903,1,1,73,95,2,,,,,,,,2,,,,,,,,,,,,,,,73,165.603.147.566.801
579903,1,2,73,95,2,,,,,,,,2,,,,,,,,,,,,,,,73,165.603.147.566.801
579903,1,3,73,95,2,,,,,,,,1,2,,2,,,,,,1800000,2,1,2,,2,73,165.603.147.566.801
579904,1,1,73,95,2,,,,,,,,2,,,,,,,,,,,,,,,73,202.671.669.265.781
579904,1,2,73,95,2,,,,,,,,2,,,,,,,,,,,,,,,73,202.671.669.265.781
579904,1,3,73,95,2,,,,,,,,2,,,,,,,,,,,,,,,73,202.671.669.265.781
579905,1,1,73,95,2,,,,,,,,1,2,,2,,,,,,5600000,2,1,2,,2,73,248.604.314.637.988
579905,1,2,73,95,2,,,,,,,,2,,,,,,,,,,,,,,,73,248.604.314.637.988
579906,1,1,73,95,2,,,,,,,,2,,,,,,,,,,,,,,,73,236.965.624.308.086
579906,1,2,73,95,2,,,,,,,,2,,,,,,,,,,,,,,,73,236.965.624.308.086
579907,1,1,73,95,2,,,,,,,,2,,,,,,,,,,,,,,,73,154.406.303.550.685
579907,1,2,73,95,2,,,,,,,,2,,,,,,,,,,,,,,,73,154.406.303.550.685
579907,1,3,73,95,2,,,,,,,,2,,,,,,,,,,,,,,,73,154.406.303.550.685
579908,1,1,73,95,2,,,,,,,,1,2,,2,,,,,,900000,2,1,2,,2,73,296.142.036.123.502
579909,1,1,73,95,2,,,,,,,,2,,,,,,,,,,,,,,,73,176.841.411.428.088
579909,1,2,73,95,2,,,,,,,,2,,,,,,,,,,,,,,,73,176.841.411.428.088
579909,1,3,73,95,2,,,,,,,,2,,,,,,,,,,,,,,,73,176.841.411.428.088
579909,1,4,73,95,2,,,,,,,,2,,,,,,,,,,,,,,,73,176.841.411.428.088
579910,1,1,73,95,1,,1,2,,,120000,2,2,,,,,,,,,,,,,,,73,216.601.660.093.401
579910,1,2,73,95,2,,,,,,,,2,,,,,,,,,,,,,,,73,216.601.660.093.401
579910,1,3,73,95,2,,,,,,,,2,,,,,,,,,,,,,,,73,216.601.660.093.401
579911,1,1,73,95,2,,,,,,,,1,2,,2,,,,,,2400000,2,1,2,,2,73,203.704.109.803.337
579912,1,1,73,95,1,,2,1,,1800000,,2,2,,,,,,,,,,,,,,,73,154.406.303.550.685
579912,1,2,73,95,2,,,,,,,,2,,,,,,,,,,,,,,,73,154.406.303.550.685
579912,1,3,73,95,2,,,,,,,,2,,,,,,,,,,,,,,,73,154.406.303.550.685
579913,1,1,73,95,1,,2,1,,750000,,2,2,,,,,,,,,,,,,,,73,316.257.342.543.884
579913,1,2,73,95,2,,,,,,,,2,,,,,,,,,,,,,,,73,316.257.342.543.884
579913,1,3,73,95,2,,,,,,,,2,,,,,,,,,,,,,,,73,316.257.342.543.884
579914,1,1,73,95,2,,,,,,,,1,2,,2,,,,,,1400000,2,1,2,,2,73,135.684.430.139.864
579914,1,2,73,95,2,,,,,,,,2,,,,,,,,,,,,,,,73,135.684.430.139.864
579914,1,3,73,95,2,,,,,,,,2,,,,,,,,,,,,,,,73,135.684.430.139.864
579914,1,4,73,95,2,,,,,,,,2,,,,,,,,,,,,,,,73,135.684.430.139.864
579915,1,1,73,95,2,,,,,,,,2,,,,,,,,,,,,,,,73,267.317.054.794.134
579915,1,2,73,95,2,,,,,,,,2,,,,,,,,,,,,,,,73,267.317.054.794.134
579915,1,3,73,95,2,,,,,,,,2,,,,,,,,,,,,,,,73,267.317.054.794.134
579916,1,1,73,95,2,,,,,,,,1,2,,2,,,,,,10000000,2,1,2,,2,73,170.324.601.335.315
579917,1,1,73,95,1,,2,1,,2300000,,2,2,,,,,,,,,,,,,,,73,154.406.303.550.685
579917,1,2,73,95,2,,,,,,,,2,,,,,,,,,,,,,,,73,154.406.303.550.685
579917,1,3,73,95,2,,,,,,,,2,,,,,,,,,,,,,,,73,154.406.303.550.685
579918,1,1,73,95,2,,,,,,,,2,,,,,,,,,,,,,,,73,233.970.900.816.411
579918,1,2,73,95,2,,,,,,,,2,,,,,,,,,,,,,,,73,233.970.900.816.411
579918,1,3,73,95,2,,,,,,,,2,,,,,,,,,,,,,,,73,233.970.900.816.411
579919,1,1,73,95,1,,2,1,,1200000,,2,2,,,,,,,,,,,,,,,73,318.255.514.638.398
579921,1,1,73,95,1,,2,1,,433700,,2,2,,,,,,,,,,,,,,,73,142.506.036.540.612
579921,1,2,73,95,2,,,,,,,,2,,,,,,,,,,,,,,,73,142.506.036.540.612
579921,1,3,73,95,2,,,,,,,,2,,,,,,,,,,,,,,,73,142.506.036.540.612
579921,1,5,73,95,2,,,,,,,,2,,,,,,,,,,,,,,,73,142.506.036.540.612
579922,1,1,73,95,1,,2,1,,433700,,2,2,,,,,,,,,,,,,,,73,196.300.794.205.995
579922,1,2,73,95,2,,,,,,,,2,,,,,,,,,,,,,,,73,196.300.794.205.995
579923,1,1,73,95,2,,,,,,,,2,,,,,,,,,,,,,,,73,218.398.819.184.927
579923,1,2,73,95,2,,,,,,,,2,,,,,,,,,,,,,,,73,218.398.819.184.927
579923,1,3,73,95,2,,,,,,,,2,,,,,,,,,,,,,,,73,218.398.819.184.927
579924,1,1,73,95,2,,,,,,,,2,,,,,,,,,,,,,,,73,161.724.979.675.054
579924,1,2,73,95,2,,,,,,,,2,,,,,,,,,,,,,,,73,161.724.979.675.054
579924,1,4,73,95,2,,,,,,,,2,,,,,,,,,,,,,,,73,161.724.979.675.054
579926,1,1,73,95,2,,,,,,,,2,,,,,,,,,,,,,,,73,27.851.389.881.025
579926,1,2,73,95,2,,,,,,,,2,,,,,,,,,,,,,,,73,27.851.389.881.025
579926,1,3,73,95,2,,,,,,,,1,2,,2,,,,,,500000,2,1,2,,2,73,27.851.389.881.025
579927,1,1,73,95,2,,,,,,,,2,,,,,,,,,,,,,,,73,316.679.389.704.536
579927,1,2,73,95,2,,,,,,,,2,,,,,,,,,,,,,,,73,316.679.389.704.536
579927,1,5,73,95,2,,,,,,,,2,,,,,,,,,,,,,,,73,316.679.389.704.536
579928,1,1,73,95,2,,,,,,,,1,2,,2,,,,,,3000000,2,1,2,,2,73,278.831.862.231.592
579928,1,2,73,95,2,,,,,,,,2,,,,,,,,,,,,,,,73,278.831.862.231.592
579929,1,1,73,95,1,,2,1,,650000,,2,2,,,,,,,,,,,,,,,73,399.353.891.548.212
579929,1,2,73,95,2,,,,,,,,2,,,,,,,,,,,,,,,73,399.353.891.548.212
579929,1,3,73,95,2,,,,,,,,2,,,,,,,,,,,,,,,73,399.353.891.548.212
579929,1,4,73,95,2,,,,,,,,2,,,,,,,,,,,,,,,73,399.353.891.548.212
579931,1,1,73,95,1,,2,2,140000,,,1,2,,,,,,,,,,,,,,,73,207.056.040.135.824
579932,1,1,73,95,2,,,,,,,,2,,,,,,,,,,,,,,,73,400.046.323.854.502
579932,1,2,73,95,2,,,,,,,,2,,,,,,,,,,,,,,,73,400.046.323.854.502
579933,1,1,73,95,1,,1,2,,,170000,2,2,,,,,,,,,,,,,,,73,200.023.161.927.251
579933,1,2,73,95,2,,,,,,,,1,2,,2,,,,,,600000,2,1,2,,2,73,200.023.161.927.251
579934,1,1,73,95,2,,,,,,,,1,2,,2,,,,,,1600000,2,1,2,,2,73,245.955.807.299.458
579935,1,1,73,95,2,,,,,,,,1,2,,2,,,,,,8400000,2,1,2,,2,73,196.300.794.205.995
579935,1,2,73,95,2,,,,,,,,1,2,,2,,,,,,800000,2,1,2,,2,73,196.300.794.205.995
579936,1,1,73,95,1,,1,1,,3000000,230000,2,2,,,,,,,,,,,,,,,73,181.225.782.298.131
579936,1,2,73,95,2,,,,,,,,2,,,,,,,,,,,,,,,73,181.225.782.298.131
579937,1,1,73,95,2,,,,,,,,2,,,,,,,,,,,,,,,73,217.436.568.953.205
579937,1,2,73,95,2,,,,,,,,1,2,,2,,,,,,800000,2,1,2,,2,73,217.436.568.953.205
579937,1,4,73,95,2,,,,,,,,2,,,,,,,,,,,,,,,73,217.436.568.953.205
579938,1,1,73,95,1,,2,1,,800000,,2,2,,,,,,,,,,,,,,,73,246.093.307.525.411
579938,1,2,73,95,2,,,,,,,,2,,,,,,,,,,,,,,,73,246.093.307.525.411
579938,1,3,73,95,2,,,,,,,,2,,,,,,,,,,,,,,,73,246.093.307.525.411
579938,1,4,73,95,2,,,,,,,,1,2,,2,,,,,,120000,2,1,2,,2,73,246.093.307.525.411
579938,1,5,73,95,2,,,,,,,,2,,,,,,,,,,,,,,,73,246.093.307.525.411
579938,1,6,73,95,2,,,,,,,,2,,,,,,,,,,,,,,,73,246.093.307.525.411
579939,1,1,73,95,1,,1,1,,4200000,1200000,2,1,2,,2,,,,,,7200000,2,1,2,,2,73,102.203.766.398.647
579939,1,2,73,95,2,,,,,,,,2,,,,,,,,,,,,,,,73,102.203.766.398.647
579939,1,3,73,95,2,,,,,,,,2,,,,,,,,,,,,,,,73,102.203.766.398.647
579940,1,1,76,95,2,,,,,,,,1,2,,2,24000000,,,,,,2,2,1,,2,76,660.332.935.286.546
579940,1,2,76,95,1,,2,1,,2000000,,2,2,,,,,,,,,,,,,,,76,660.332.935.286.546
579940,1,3,76,95,2,,,,,,,,2,,,,,,,,,,,,,,,76,660.332.935.286.546
579941,1,1,76,95,2,,,,,,,,2,,,,,,,,,,,,,,,76,669.671.573.162.404
579941,1,2,76,95,2,,,,,,,,2,,,,,,,,,,,,,,,76,669.671.573.162.404
579943,1,1,76,95,2,,,,,,,,1,2,,2,500000,,,,,,2,2,1,,2,76,73.036.330.384.614
579944,1,1,76,95,2,,,,,,,,2,,,,,,,,,,,,,,,76,135.412.586.546.064
579944,1,2,76,95,2,,,,,,,,2,,,,,,,,,,,,,,,76,135.412.586.546.064
579944,1,4,76,95,2,,,,,,,,2,,,,,,,,,,,,,,,76,135.412.586.546.064
579945,1,1,76,95,2,,,,,,,,2,,,,,,,,,,,,,,,76,144.526.625.597.702
579946,1,1,76,95,2,,,,,,,,2,,,,,,,,,,,,,,,76,135.361.890.917.132
579946,1,2,76,95,2,,,,,,,,2,,,,,,,,,,,,,,,76,135.361.890.917.132
579947,1,1,76,95,2,,,,,,,,2,,,,,,,,,,,,,,,76,146.358.847.536.441
579947,1,2,76,95,2,,,,,,,,1,2,,2,,,,,,98,2,1,2,,2,76,146.358.847.536.441
579947,1,3,76,95,2,,,,,,,,1,2,,1,98,,98,,,,2,2,1,,2,76,146.358.847.536.441
579947,1,5,76,95,2,,,,,,,,2,,,,,,,,,,,,,,,76,146.358.847.536.441
579948,1,1,76,95,2,,,,,,,,1,2,,1,,,98,,,,2,2,2,98,1,76,574.433.707.420.759
579948,1,2,76,95,2,,,,,,,,2,,,,,,,,,,,,,,,76,574.433.707.420.759
579948,1,3,76,95,2,,,,,,,,2,,,,,,,,,,,,,,,76,574.433.707.420.759
579948,2,1,76,95,1,,1,2,,,180000,2,1,2,,2,3600000,,,,,,2,2,1,,2,76,574.433.707.420.759
579949,1,1,76,95,2,,,,,,,,2,,,,,,,,,,,,,,,76,840.918.289.135.653
579949,1,2,76,95,2,,,,,,,,2,,,,,,,,,,,,,,,76,840.918.289.135.653
579950,1,1,76,95,1,,1,1,,400000,220000,2,2,,,,,,,,,,,,,,,76,613.789.382.125.772
579950,1,2,76,95,2,,,,,,,,2,,,,,,,,,,,,,,,76,613.789.382.125.772
579950,1,3,76,95,2,,,,,,,,2,,,,,,,,,,,,,,,76,613.789.382.125.772
579954,1,1,76,95,2,,,,,,,,2,,,,,,,,,,,,,,,76,627.284.870.811.953
579954,1,2,76,95,1,,1,2,,,1000000,2,2,,,,,,,,,,,,,,,76,627.284.870.811.953
579955,1,1,76,95,2,,,,,,,,2,,,,,,,,,,,,,,,76,653.109.715.718.232
579955,1,2,76,95,1,,1,2,,,98,2,2,,,,,,,,,,,,,,,76,653.109.715.718.232
579955,1,3,76,95,2,,,,,,,,2,,,,,,,,,,,,,,,76,653.109.715.718.232
579955,1,4,76,95,2,,,,,,,,2,,,,,,,,,,,,,,,76,653.109.715.718.232
579955,1,5,76,95,2,,,,,,,,2,,,,,,,,,,,,,,,76,653.109.715.718.232
579956,1,1,76,95,2,,,,,,,,2,,,,,,,,,,,,,,,76,905.734.939.167.374
579956,1,2,76,95,1,,1,2,,,330000,2,2,,,,,,,,,,,,,,,76,905.734.939.167.374
579957,1,1,76,95,1,,1,1,,1600000,98,2,2,,,,,,,,,,,,,,,76,669.747.523.124.898
579957,1,2,76,95,2,,,,,,,,2,,,,,,,,,,,,,,,76,669.747.523.124.898
579957,1,3,76,95,2,,,,,,,,2,,,,,,,,,,,,,,,76,669.747.523.124.898
579957,1,4,76,95,2,,,,,,,,2,,,,,,,,,,,,,,,76,669.747.523.124.898
579957,1,5,76,95,2,,,,,,,,1,2,,2,5400000,,,,,,2,2,1,,2,76,669.747.523.124.898
579957,1,6,76,95,2,,,,,,,,2,,,,,,,,,,,,,,,76,669.747.523.124.898
579957,1,7,76,95,2,,,,,,,,2,,,,,,,,,,,,,,,76,669.747.523.124.898
579958,1,1,76,95,2,,,,,,,,1,2,,2,9600000,,,,,,2,2,1,,2,76,642.263.319.527.752
579958,1,2,76,95,2,,,,,,,,2,,,,,,,,,,,,,,,76,642.263.319.527.752
579958,1,3,76,95,2,,,,,,,,2,,,,,,,,,,,,,,,76,642.263.319.527.752
579959,1,1,76,95,2,,,,,,,,2,,,,,,,,,,,,,,,76,615.956.571.622.015
579960,1,1,76,95,2,,,,,,,,2,,,,,,,,,,,,,,,76,589.048.286.556.989
579960,1,2,76,95,2,,,,,,,,2,,,,,,,,,,,,,,,76,589.048.286.556.989
579960,1,4,76,95,2,,,,,,,,2,,,,,,,,,,,,,,,76,589.048.286.556.989
579962,1,1,76,95,2,,,,,,,,2,,,,,,,,,,,,,,,76,64.471.755.412.501
579962,1,2,76,95,2,,,,,,,,2,,,,,,,,,,,,,,,76,64.471.755.412.501
579962,1,3,76,95,2,,,,,,,,2,,,,,,,,,,,,,,,76,64.471.755.412.501
579963,1,1,76,95,1,,2,1,,379000,,2,2,,,,,,,,,,,,,,,76,58.550.852.846.604
579963,1,2,76,95,1,,2,1,,900000,,2,2,,,,,,,,,,,,,,,76,58.550.852.846.604
579963,1,3,76,95,2,,,,,,,,2,,,,,,,,,,,,,,,76,58.550.852.846.604
579963,1,4,76,95,2,,,,,,,,2,,,,,,,,,,,,,,,76,58.550.852.846.604
579965,1,1,76,95,2,,,,,,,,2,,,,,,,,,,,,,,,76,721.778.112.684.564
579965,1,2,76,95,2,,,,,,,,2,,,,,,,,,,,,,,,76,721.778.112.684.564
579965,1,3,76,95,2,,,,,,,,2,,,,,,,,,,,,,,,76,721.778.112.684.564
579965,1,4,76,95,2,,,,,,,,1,2,,2,,,,,,98,2,1,2,,2,76,721.778.112.684.564
579966,1,1,76,95,2,,,,,,,,2,,,,,,,,,,,,,,,76,662.533.691.739.146
579966,1,2,76,95,2,,,,,,,,2,,,,,,,,,,,,,,,76,662.533.691.739.146
579967,1,1,76,95,2,,,,,,,,2,,,,,,,,,,,,,,,76,924.650.327.505.196
579967,1,2,76,95,2,,,,,,,,2,,,,,,,,,,,,,,,76,924.650.327.505.196
579967,1,5,76,95,2,,,,,,,,2,,,,,,,,,,,,,,,76,924.650.327.505.196
579968,1,1,76,95,2,,,,,,,,2,,,,,,,,,,,,,,,76,780.565.374.741.632
579968,1,2,76,95,2,,,,,,,,2,,,,,,,,,,,,,,,76,780.565.374.741.632
579969,1,1,76,95,2,,,,,,,,1,2,,2,,,,,,12000000,2,1,2,,2,76,616.210.049.766.672
579969,1,2,76,95,2,,,,,,,,1,2,,2,,,,,,200000,2,1,2,,2,76,616.210.049.766.672
579970,1,1,76,95,2,,,,,,,,1,2,,2,2400000,,,,,,2,2,1,,2,76,795.433.432.022.518
579970,1,2,76,95,2,,,,,,,,2,,,,,,,,,,,,,,,76,795.433.432.022.518
579971,1,1,76,95,2,,,,,,,,2,,,,,,,,,,,,,,,76,725.656.541.607.582
579971,1,2,76,95,2,,,,,,,,2,,,,,,,,,,,,,,,76,725.656.541.607.582
579971,1,3,76,95,2,,,,,,,,2,,,,,,,,,,,,,,,76,725.656.541.607.582
579971,1,5,76,95,2,,,,,,,,2,,,,,,,,,,,,,,,76,725.656.541.607.582
579971,1,7,76,95,2,,,,,,,,2,,,,,,,,,,,,,,,76,725.656.541.607.582
579973,1,1,76,95,2,,,,,,,,2,,,,,,,,,,,,,,,76,130.549.169.227.732
579973,1,2,76,95,2,,,,,,,,1,2,,2,,,,,,300000,2,1,2,,2,76,130.549.169.227.732
579973,1,3,76,95,2,,,,,,,,2,,,,,,,,,,,,,,,76,130.549.169.227.732
579974,1,1,76,95,2,,,,,,,,2,,,,,,,,,,,,,,,76,179.719.411.548.823
579974,1,2,76,95,2,,,,,,,,2,,,,,,,,,,,,,,,76,179.719.411.548.823
579975,1,1,76,95,2,,,,,,,,2,,,,,,,,,,,,,,,76,125.697.505.050.172
579975,1,2,76,95,2,,,,,,,,2,,,,,,,,,,,,,,,76,125.697.505.050.172
579975,1,3,76,95,2,,,,,,,,2,,,,,,,,,,,,,,,76,125.697.505.050.172
579975,1,4,76,95,2,,,,,,,,2,,,,,,,,,,,,,,,76,125.697.505.050.172
579976,1,1,76,95,2,,,,,,,,2,,,,,,,,,,,,,,,76,137.768.087.928.977
579976,1,2,76,95,2,,,,,,,,2,,,,,,,,,,,,,,,76,137.768.087.928.977
579976,1,3,76,95,2,,,,,,,,2,,,,,,,,,,,,,,,76,137.768.087.928.977
579976,1,4,76,95,2,,,,,,,,2,,,,,,,,,,,,,,,76,137.768.087.928.977
579977,1,1,76,95,2,,,,,,,,2,,,,,,,,,,,,,,,76,132.506.738.347.829
579977,1,2,76,95,2,,,,,,,,2,,,,,,,,,,,,,,,76,132.506.738.347.829
579978,1,1,76,95,2,,,,,,,,2,,,,,,,,,,,,,,,76,787.703.256.164.889
579978,1,2,76,95,2,,,,,,,,2,,,,,,,,,,,,,,,76,787.703.256.164.889
579979,1,1,76,95,2,,,,,,,,2,,,,,,,,,,,,,,,76,720.465.938.492.267
579979,1,2,76,95,1,,2,2,700000,,,1,2,,,,,,,,,,,,,,,76,720.465.938.492.267
579979,2,1,76,95,2,,,,,,,,2,,,,,,,,,,,,,,,76,720.465.938.492.267
579980,1,1,76,95,2,,,,,,,,2,,,,,,,,,,,,,,,76,814.010.004.070.627
579980,1,2,76,95,2,,,,,,,,2,,,,,,,,,,,,,,,76,814.010.004.070.627
579980,1,3,76,95,2,,,,,,,,2,,,,,,,,,,,,,,,76,814.010.004.070.627
579980,1,6,76,95,2,,,,,,,,2,,,,,,,,,,,,,,,76,814.010.004.070.627
579981,1,1,76,95,2,,,,,,,,2,,,,,,,,,,,,,,,76,673.861.990.929.084
579981,1,2,76,95,2,,,,,,,,2,,,,,,,,,,,,,,,76,673.861.990.929.084
579981,1,3,76,95,2,,,,,,,,2,,,,,,,,,,,,,,,76,673.861.990.929.084
579982,1,1,76,95,1,,2,1,,2372000,,2,2,,,,,,,,,,,,,,,76,715.290.274.260.366
579982,1,2,76,95,1,,1,2,,,1000000,2,2,,,,,,,,,,,,,,,76,715.290.274.260.366
579982,1,3,76,95,2,,,,,,,,1,2,,2,400000,,,,,,2,2,1,,2,76,715.290.274.260.366
579982,1,4,76,95,2,,,,,,,,1,2,,2,200000,,,,,,2,2,1,,2,76,715.290.274.260.366
579982,1,5,76,95,2,,,,,,,,1,2,,2,,,,,,580000,2,1,2,,2,76,715.290.274.260.366
579982,1,7,76,95,2,,,,,,,,1,2,,2,,,,,,2400000,2,1,2,,2,76,715.290.274.260.366
579983,1,1,76,95,2,,,,,,,,2,,,,,,,,,,,,,,,76,666.012.180.911.625
579983,1,2,76,95,2,,,,,,,,2,,,,,,,,,,,,,,,76,666.012.180.911.625
579983,1,3,76,95,2,,,,,,,,2,,,,,,,,,,,,,,,76,666.012.180.911.625
579983,1,4,76,95,2,,,,,,,,2,,,,,,,,,,,,,,,76,666.012.180.911.625
579983,1,5,76,95,2,,,,,,,,1,2,,2,,,,,,12000000,2,1,2,,2,76,666.012.180.911.625
579983,1,7,76,95,2,,,,,,,,2,,,,,,,,,,,,,,,76,666.012.180.911.625
579984,1,1,76,95,2,,,,,,,,2,,,,,,,,,,,,,,,76,715.638.333.274.997
579985,1,1,76,95,2,,,,,,,,2,,,,,,,,,,,,,,,76,806.618.644.502.712
579985,1,2,76,95,2,,,,,,,,1,2,,2,500000,,,,,,2,2,1,,2,76,806.618.644.502.712
579985,1,3,76,95,2,,,,,,,,1,2,,2,98,,,,,,2,2,1,,2,76,806.618.644.502.712
579986,1,1,76,95,2,,,,,,,,2,,,,,,,,,,,,,,,76,688.586.961.500.226
579986,1,2,76,95,2,,,,,,,,2,,,,,,,,,,,,,,,76,688.586.961.500.226
579986,1,3,76,95,2,,,,,,,,2,,,,,,,,,,,,,,,76,688.586.961.500.226
579987,1,1,76,95,1,,1,1,,320000,80000,2,2,,,,,,,,,,,,,,,76,844.949.244.290.337
579987,1,2,76,95,2,,,,,,,,2,,,,,,,,,,,,,,,76,844.949.244.290.337
579987,2,1,76,95,2,,,,,,,,2,,,,,,,,,,,,,,,76,844.949.244.290.337
579987,2,2,76,95,2,,,,,,,,2,,,,,,,,,,,,,,,76,844.949.244.290.337
579987,3,1,76,95,2,,,,,,,,2,,,,,,,,,,,,,,,76,844.949.244.290.337
579987,3,2,76,95,2,,,,,,,,2,,,,,,,,,,,,,,,76,844.949.244.290.337
579987,3,3,76,95,2,,,,,,,,2,,,,,,,,,,,,,,,76,844.949.244.290.337
579987,4,1,76,95,2,,,,,,,,2,,,,,,,,,,,,,,,76,844.949.244.290.337
579987,4,2,76,95,2,,,,,,,,2,,,,,,,,,,,,,,,76,844.949.244.290.337
579988,1,1,76,95,2,,,,,,,,2,,,,,,,,,,,,,,,76,697.967.982.382.221
579988,1,2,76,95,1,,2,1,,4400000,,2,2,,,,,,,,,,,,,,,76,697.967.982.382.221
579988,1,3,76,95,2,,,,,,,,2,,,,,,,,,,,,,,,76,697.967.982.382.221
579988,1,4,76,95,2,,,,,,,,2,,,,,,,,,,,,,,,76,697.967.982.382.221
579988,1,5,76,95,2,,,,,,,,2,,,,,,,,,,,,,,,76,697.967.982.382.221
579988,1,6,76,95,2,,,,,,,,2,,,,,,,,,,,,,,,76,697.967.982.382.221
579989,1,1,76,95,2,,,,,,,,2,,,,,,,,,,,,,,,76,78.829.555.059.926
579989,1,2,76,95,2,,,,,,,,2,,,,,,,,,,,,,,,76,78.829.555.059.926
579990,1,1,76,95,2,,,,,,,,2,,,,,,,,,,,,,,,76,662.533.691.739.146
579990,1,2,76,95,2,,,,,,,,2,,,,,,,,,,,,,,,76,662.533.691.739.146
579991,1,1,76,95,2,,,,,,,,2,,,,,,,,,,,,,,,76,19.603.721.764.515
579991,1,2,76,95,2,,,,,,,,2,,,,,,,,,,,,,,,76,19.603.721.764.515
579991,2,1,76,95,2,,,,,,,,1,2,,2,,,,,,1500000,2,1,2,,2,76,19.603.721.764.515
579991,3,1,76,95,2,,,,,,,,2,,,,,,,,,,,,,,,76,19.603.721.764.515
579991,3,2,76,95,2,,,,,,,,2,,,,,,,,,,,,,,,76,19.603.721.764.515
579991,3,3,76,95,2,,,,,,,,2,,,,,,,,,,,,,,,76,19.603.721.764.515
579992,1,1,76,95,1,,2,1,,433700,,2,2,,,,,,,,,,,,,,,76,139.144.968.584.697
579992,1,2,76,95,2,,,,,,,,2,,,,,,,,,,,,,,,76,139.144.968.584.697
579992,1,3,76,95,2,,,,,,,,2,,,,,,,,,,,,,,,76,139.144.968.584.697
579994,1,1,76,95,2,,,,,,,,2,,,,,,,,,,,,,,,76,627.284.870.811.953
579994,1,2,76,95,1,,1,2,,,160000,2,2,,,,,,,,,,,,,,,76,627.284.870.811.953
579995,1,1,76,95,2,,,,,,,,1,2,,2,4800000,,,,,,2,2,1,,2,76,772.791.514.686.666
579995,1,2,76,95,2,,,,,,,,1,2,,2,600000,,,,,,2,2,1,,2,76,772.791.514.686.666
579995,1,5,76,95,2,,,,,,,,2,,,,,,,,,,,,,,,76,772.791.514.686.666
579995,1,6,76,95,2,,,,,,,,2,,,,,,,,,,,,,,,76,772.791.514.686.666
579995,1,7,76,95,2,,,,,,,,2,,,,,,,,,,,,,,,76,772.791.514.686.666
579995,1,8,76,95,1,,1,2,,,200000,2,1,2,,2,,,,,,2000000,2,1,2,,2,76,772.791.514.686.666
579995,1,9,76,95,2,,,,,,,,1,2,,2,,,,,,1200000,2,1,2,,2,76,772.791.514.686.666
579995,1,10,76,95,2,,,,,,,,2,,,,,,,,,,,,,,,76,772.791.514.686.666
579995,1,11,76,95,2,,,,,,,,1,2,,2,,,,,,850000,2,1,2,,2,76,772.791.514.686.666
579995,1,12,76,95,2,,,,,,,,1,2,,2,,,,,,1200000,2,1,2,,2,76,772.791.514.686.666
579996,1,1,76,95,1,,2,1,,4000000,,2,2,,,,,,,,,,,,,,,76,567.438.912.707.246
579996,1,2,76,95,2,,,,,,,,2,,,,,,,,,,,,,,,76,567.438.912.707.246
579996,1,3,76,95,2,,,,,,,,2,,,,,,,,,,,,,,,76,567.438.912.707.246
579996,1,4,76,95,2,,,,,,,,2,,,,,,,,,,,,,,,76,567.438.912.707.246
579998,1,1,76,95,2,,,,,,,,2,,,,,,,,,,,,,,,76,669.925.051.307.062
579998,1,2,76,95,2,,,,,,,,2,,,,,,,,,,,,,,,76,669.925.051.307.062
579998,1,3,76,95,2,,,,,,,,2,,,,,,,,,,,,,,,76,669.925.051.307.062
579999,1,1,76,95,1,,2,1,,1000000,,2,1,2,,1,,,2000000,,,,2,2,2,,2,76,703.540.211.468.525
579999,1,2,76,95,1,,1,2,,,200000,2,1,2,,2,,,,,,10800000,2,1,2,,2,76,703.540.211.468.525
579999,1,3,76,95,2,,,,,,,,2,,,,,,,,,,,,,,,76,703.540.211.468.525
579999,1,4,76,95,2,,,,,,,,2,,,,,,,,,,,,,,,76,703.540.211.468.525
580000,1,1,76,95,2,,,,,,,,2,,,,,,,,,,,,,,,76,730.024.487.556.426
580000,1,2,76,95,2,,,,,,,,2,,,,,,,,,,,,,,,76,730.024.487.556.426
580001,1,1,76,95,2,,,,,,,,1,2,,2,,,,,,200000,2,1,2,,2,76,47.083.907.537.234
580001,1,2,76,95,1,,2,1,,433700,,2,2,,,,,,,,,,,,,,,76,47.083.907.537.234
580001,1,3,76,95,1,,2,1,,433700,,2,2,,,,,,,,,,,,,,,76,47.083.907.537.234
580001,1,4,76,95,2,,,,,,,,1,2,,2,9600000,,,,,,2,2,1,,2,76,47.083.907.537.234
580001,1,5,76,95,2,,,,,,,,1,2,,2,1500000,,,,,,2,2,1,,2,76,47.083.907.537.234
580001,1,6,76,95,2,,,,,,,,2,,,,,,,,,,,,,,,76,47.083.907.537.234
580001,1,7,76,95,2,,,,,,,,2,,,,,,,,,,,,,,,76,47.083.907.537.234
580002,1,1,76,95,1,,1,2,,,360000,2,2,,,,,,,,,,,,,,,76,615.956.571.622.015
580003,1,1,76,95,1,,1,2,,,130000,2,2,,,,,,,,,,,,,,,76,584.111.161.586.331
580003,1,2,76,95,2,,,,,,,,1,2,,2,1000000,,,,,,2,2,1,,2,76,584.111.161.586.331
580004,1,1,76,95,2,,,,,,,,1,2,,2,,,,,,9600000,2,1,2,,2,76,685.470.595.709.731
580004,1,2,76,95,2,,,,,,,,2,,,,,,,,,,,,,,,76,685.470.595.709.731
580004,1,3,76,95,2,,,,,,,,2,,,,,,,,,,,,,,,76,685.470.595.709.731
580004,1,5,76,95,2,,,,,,,,1,2,,2,,,,,,2400000,2,1,2,,2,76,685.470.595.709.731
580005,1,1,76,95,1,,1,2,,,200000,2,2,,,,,,,,,,,,,,,76,681.592.166.786.713
580005,1,2,76,95,2,,,,,,,,2,,,,,,,,,,,,,,,76,681.592.166.786.713
580005,2,1,76,95,2,,,,,,,,2,,,,,,,,,,,,,,,76,681.592.166.786.713
580006,1,1,76,95,2,,,,,,,,2,,,,,,,,,,,,,,,76,730.024.487.556.426
580006,1,2,76,95,2,,,,,,,,2,,,,,,,,,,,,,,,76,730.024.487.556.426
580007,1,1,76,95,2,,,,,,,,2,,,,,,,,,,,,,,,76,774.138.130.351.382
580007,1,2,76,95,2,,,,,,,,2,,,,,,,,,,,,,,,76,774.138.130.351.382
580007,1,3,76,95,2,,,,,,,,2,,,,,,,,,,,,,,,76,774.138.130.351.382
580007,1,4,76,95,2,,,,,,,,2,,,,,,,,,,,,,,,76,774.138.130.351.382
580007,1,5,76,95,2,,,,,,,,2,,,,,,,,,,,,,,,76,774.138.130.351.382
580007,1,6,76,95,2,,,,,,,,2,,,,,,,,,,,,,,,76,774.138.130.351.382
580007,1,7,76,95,2,,,,,,,,2,,,,,,,,,,,,,,,76,774.138.130.351.382
580008,1,1,76,95,2,,,,,,,,1,2,,2,10800000,,,,,,2,2,1,,2,76,696.570.615.502.513
580008,1,2,76,95,2,,,,,,,,1,2,,2,100000,,,,,,2,2,1,,2,76,696.570.615.502.513
580008,1,3,76,95,2,,,,,,,,1,2,,2,160000,,,,,,2,2,1,,2,76,696.570.615.502.513
580008,1,4,76,95,2,,,,,,,,2,,,,,,,,,,,,,,,76,696.570.615.502.513
580010,1,1,76,95,2,,,,,,,,2,,,,,,,,,,,,,,,76,737.754.663.414.055
580010,1,2,76,95,2,,,,,,,,2,,,,,,,,,,,,,,,76,737.754.663.414.055
580011,1,1,76,95,2,,,,,,,,2,,,,,,,,,,,,,,,76,655.538.897.025.634
580011,1,2,76,95,2,,,,,,,,2,,,,,,,,,,,,,,,76,655.538.897.025.634
580012,1,1,76,95,2,,,,,,,,2,,,,,,,,,,,,,,,76,958.949.972.138.138
580012,1,2,76,95,2,,,,,,,,2,,,,,,,,,,,,,,,76,958.949.972.138.138
580013,1,1,76,95,2,,,,,,,,2,,,,,,,,,,,,,,,76,662.787.169.883.804
580013,1,2,76,95,2,,,,,,,,2,,,,,,,,,,,,,,,76,662.787.169.883.804
580013,1,3,76,95,2,,,,,,,,2,,,,,,,,,,,,,,,76,662.787.169.883.804
580015,1,1,76,95,2,,,,,,,,2,,,,,,,,,,,,,,,76,6.616.786.764.352
580015,1,2,76,95,2,,,,,,,,1,2,,2,,,,,,1200000,2,1,2,,2,76,6.616.786.764.352
580015,2,1,76,95,2,,,,,,,,2,,,,,,,,,,,,,,,76,6.616.786.764.352
580015,2,2,76,95,2,,,,,,,,2,,,,,,,,,,,,,,,76,6.616.786.764.352
580015,2,3,76,95,2,,,,,,,,2,,,,,,,,,,,,,,,76,6.616.786.764.352
580016,1,1,76,95,1,,2,1,,450000,,2,2,,,,,,,,,,,,,,,76,599.784.291.312.556
580016,1,2,76,95,1,,1,2,,,100000,2,2,,,,,,,,,,,,,,,76,599.784.291.312.556
580016,1,3,76,95,2,,,,,,,,2,,,,,,,,,,,,,,,76,599.784.291.312.556
580016,2,1,76,95,2,,,,,,,,2,,,,,,,,,,,,,,,76,599.784.291.312.556
580018,1,1,76,95,2,,,,,,,,2,,,,,,,,,,,,,,,76,695.724.842.923.484
580018,1,2,76,95,2,,,,,,,,2,,,,,,,,,,,,,,,76,695.724.842.923.484
580018,1,3,76,95,2,,,,,,,,2,,,,,,,,,,,,,,,76,695.724.842.923.484
580019,1,1,76,95,2,,,,,,,,2,,,,,,,,,,,,,,,76,662.533.691.739.146
580019,1,2,76,95,2,,,,,,,,2,,,,,,,,,,,,,,,76,662.533.691.739.146
580021,1,1,76,95,2,,,,,,,,2,,,,,,,,,,,,,,,76,695.724.842.923.484
580021,1,2,76,95,2,,,,,,,,2,,,,,,,,,,,,,,,76,695.724.842.923.484
580021,1,4,76,95,2,,,,,,,,2,,,,,,,,,,,,,,,76,695.724.842.923.484
580022,1,1,76,95,2,,,,,,,,2,,,,,,,,,,,,,,,76,780.818.852.886.289
580022,1,2,76,95,2,,,,,,,,2,,,,,,,,,,,,,,,76,780.818.852.886.289
580022,1,4,76,95,2,,,,,,,,2,,,,,,,,,,,,,,,76,780.818.852.886.289
580023,1,1,76,95,2,,,,,,,,2,,,,,,,,,,,,,,,76,814.602.298.504.998
580023,1,2,76,95,2,,,,,,,,2,,,,,,,,,,,,,,,76,814.602.298.504.998
580023,1,3,76,95,2,,,,,,,,2,,,,,,,,,,,,,,,76,814.602.298.504.998
580023,1,4,76,95,2,,,,,,,,2,,,,,,,,,,,,,,,76,814.602.298.504.998
580024,1,1,76,95,2,,,,,,,,2,,,,,,,,,,,,,,,76,658.739.838.826.868
580024,1,2,76,95,2,,,,,,,,2,,,,,,,,,,,,,,,76,658.739.838.826.868
580025,1,1,76,95,2,,,,,,,,2,,,,,,,,,,,,,,,76,772.487.139.869.371
580025,1,2,76,95,1,,2,2,200000,,,1,2,,,,,,,,,,,,,,,76,772.487.139.869.371
580025,1,4,76,95,2,,,,,,,,2,,,,,,,,,,,,,,,76,772.487.139.869.371
580025,1,5,76,95,2,,,,,,,,2,,,,,,,,,,,,,,,76,772.487.139.869.371
580025,1,6,76,95,2,,,,,,,,2,,,,,,,,,,,,,,,76,772.487.139.869.371
580025,2,1,76,95,2,,,,,,,,2,,,,,,,,,,,,,,,76,772.487.139.869.371
580025,2,2,76,95,2,,,,,,,,2,,,,,,,,,,,,,,,76,772.487.139.869.371
580026,1,1,76,95,2,,,,,,,,2,,,,,,,,,,,,,,,76,627.791.827.101.268
580026,1,2,76,95,2,,,,,,,,2,,,,,,,,,,,,,,,76,627.791.827.101.268
580026,1,3,76,95,2,,,,,,,,2,,,,,,,,,,,,,,,76,627.791.827.101.268
580026,1,4,76,95,2,,,,,,,,2,,,,,,,,,,,,,,,76,627.791.827.101.268
580027,1,1,76,95,2,,,,,,,,2,,,,,,,,,,,,,,,76,670.517.345.741.433
580027,1,2,76,95,2,,,,,,,,2,,,,,,,,,,,,,,,76,670.517.345.741.433
580027,1,3,76,95,2,,,,,,,,2,,,,,,,,,,,,,,,76,670.517.345.741.433
580029,1,1,76,95,2,,,,,,,,2,,,,,,,,,,,,,,,76,708.631.657.619.265
580031,1,1,76,95,1,,1,2,,,300000,2,1,2,,2,,,,,,3000000,2,1,2,,2,76,690.013.357.893.148
580031,1,2,76,95,2,,,,,,,,1,2,,2,,,,6600000,,,1,2,2,,2,76,690.013.357.893.148
580032,1,1,76,95,2,,,,,,,,2,,,,,,,,,,,,,,,76,67.132.241.818.677
580032,1,2,76,95,2,,,,,,,,2,,,,,,,,,,,,,,,76,67.132.241.818.677
580032,1,3,76,95,1,,1,2,,,100000,2,2,,,,,,,,,,,,,,,76,67.132.241.818.677
580032,1,4,76,95,2,,,,,,,,2,,,,,,,,,,,,,,,76,67.132.241.818.677
580032,1,6,76,95,2,,,,,,,,2,,,,,,,,,,,,,,,76,67.132.241.818.677
580033,1,1,76,95,2,,,,,,,,2,,,,,,,,,,,,,,,76,722.633.127.988.511
580035,1,1,76,95,2,,,,,,,,2,,,,,,,,,,,,,,,76,704.563.512.229.717
580036,1,1,76,95,2,,,,,,,,2,,,,,,,,,,,,,,,76,704.563.512.229.717
580037,1,1,76,95,2,,,,,,,,2,,,,,,,,,,,,,,,76,669.925.051.307.062
580037,1,2,76,95,1,,1,2,,,270000,2,2,,,,,,,,,,,,,,,76,669.925.051.307.062
580037,1,3,76,95,2,,,,,,,,2,,,,,,,,,,,,,,,76,669.925.051.307.062
580038,1,1,76,95,1,,2,1,,940000,,2,2,,,,,,,,,,,,,,,76,653.948.500.577.571
580038,1,2,76,95,1,,1,2,,,780000,2,2,,,,,,,,,,,,,,,76,653.948.500.577.571
580038,1,3,76,95,2,,,,,,,,2,,,,,,,,,,,,,,,76,653.948.500.577.571
580038,1,4,76,95,2,,,,,,,,2,,,,,,,,,,,,,,,76,653.948.500.577.571
580038,1,5,76,95,2,,,,,,,,2,,,,,,,,,,,,,,,76,653.948.500.577.571
580039,1,1,76,95,2,,,,,,,,2,,,,,,,,,,,,,,,76,662.533.691.739.146
580039,1,2,76,95,2,,,,,,,,2,,,,,,,,,,,,,,,76,662.533.691.739.146
580040,1,1,76,95,1,,2,2,200000,,,1,2,,,,,,,,,,,,,,,76,76.224.228.083.818
580041,1,1,76,95,1,,2,1,,1100000,,2,2,,,,,,,,,,,,,,,76,673.861.990.929.084
580041,1,2,76,95,2,,,,,,,,2,,,,,,,,,,,,,,,76,673.861.990.929.084
580041,1,3,76,95,2,,,,,,,,2,,,,,,,,,,,,,,,76,673.861.990.929.084
580042,1,1,76,95,2,,,,,,,,2,,,,,,,,,,,,,,,76,616.210.049.766.672
580042,1,2,76,95,2,,,,,,,,2,,,,,,,,,,,,,,,76,616.210.049.766.672
580043,1,1,76,95,2,,,,,,,,2,,,,,,,,,,,,,,,76,707.645.436.547.793
580043,1,2,76,95,2,,,,,,,,2,,,,,,,,,,,,,,,76,707.645.436.547.793
580043,1,3,76,95,2,,,,,,,,2,,,,,,,,,,,,,,,76,707.645.436.547.793
580043,1,4,76,95,2,,,,,,,,2,,,,,,,,,,,,,,,76,707.645.436.547.793
580044,1,1,76,95,2,,,,,,,,1,2,,2,4800000,,,,,,2,2,1,,2,76,35.215.501.704.253
580044,1,2,76,95,2,,,,,,,,2,,,,,,,,,,,,,,,76,35.215.501.704.253
580044,1,3,76,95,2,,,,,,,,2,,,,,,,,,,,,,,,76,35.215.501.704.253
580044,1,4,76,95,2,,,,,,,,2,,,,,,,,,,,,,,,76,35.215.501.704.253
580044,1,5,76,95,2,,,,,,,,2,,,,,,,,,,,,,,,76,35.215.501.704.253
580044,1,6,76,95,2,,,,,,,,2,,,,,,,,,,,,,,,76,35.215.501.704.253
580044,1,8,76,95,2,,,,,,,,2,,,,,,,,,,,,,,,76,35.215.501.704.253
580044,1,9,76,95,2,,,,,,,,2,,,,,,,,,,,,,,,76,35.215.501.704.253
580045,1,1,76,95,2,,,,,,,,2,,,,,,,,,,,,,,,76,84.117.176.728.031
580045,1,2,76,95,2,,,,,,,,2,,,,,,,,,,,,,,,76,84.117.176.728.031
580045,1,4,76,95,2,,,,,,,,2,,,,,,,,,,,,,,,76,84.117.176.728.031
580046,1,1,76,95,2,,,,,,,,1,2,,2,,,,,,600000,2,1,2,,2,76,769.380.162.261.438
580047,1,1,76,95,2,,,,,,,,2,,,,,,,,,,,,,,,76,806.618.644.502.712
580047,1,2,76,95,1,,1,2,,,250000,2,2,,,,,,,,,,,,,,,76,806.618.644.502.712
580047,1,3,76,95,2,,,,,,,,2,,,,,,,,,,,,,,,76,806.618.644.502.712
580048,1,1,76,95,2,,,,,,,,2,,,,,,,,,,,,,,,76,612.979.952.477.596
580048,1,2,76,95,1,,1,2,,,120000,2,2,,,,,,,,,,,,,,,76,612.979.952.477.596
580048,1,3,76,95,2,,,,,,,,2,,,,,,,,,,,,,,,76,612.979.952.477.596
580048,2,1,76,95,2,,,,,,,,2,,,,,,,,,,,,,,,76,612.979.952.477.596
580049,1,1,76,95,2,,,,,,,,2,,,,,,,,,,,,,,,76,817.634.954.848.987
580049,1,2,76,95,2,,,,,,,,2,,,,,,,,,,,,,,,76,817.634.954.848.987
580049,1,6,76,95,2,,,,,,,,2,,,,,,,,,,,,,,,76,817.634.954.848.987
580049,1,7,76,95,2,,,,,,,,2,,,,,,,,,,,,,,,76,817.634.954.848.987
580050,1,1,76,95,1,,2,1,,2200000,,2,2,,,,,,,,,,,,,,,76,655.538.897.025.634
580050,1,2,76,95,2,,,,,,,,2,,,,,,,,,,,,,,,76,655.538.897.025.634
580051,1,1,76,95,2,,,,,,,,2,,,,,,,,,,,,,,,76,728.196.114.349.896
580051,1,2,76,95,2,,,,,,,,2,,,,,,,,,,,,,,,76,728.196.114.349.896
580051,1,3,76,95,2,,,,,,,,2,,,,,,,,,,,,,,,76,728.196.114.349.896
580052,1,1,76,95,1,,2,1,,1100000,,2,2,,,,,,,,,,,,,,,76,681.845.644.931.371
580052,1,2,76,95,1,,1,2,,,250000,2,2,,,,,,,,,,,,,,,76,681.845.644.931.371
580052,1,3,76,95,2,,,,,,,,2,,,,,,,,,,,,,,,76,681.845.644.931.371
580052,1,4,76,95,2,,,,,,,,2,,,,,,,,,,,,,,,76,681.845.644.931.371
580054,1,1,76,95,1,,2,1,,385000,,2,2,,,,,,,,,,,,,,,76,481.938.949.707.477
580054,1,2,76,95,1,,2,1,,386000,,2,2,,,,,,,,,,,,,,,76,481.938.949.707.477
580054,1,3,76,95,2,,,,,,,,2,,,,,,,,,,,,,,,76,481.938.949.707.477
580054,2,1,76,95,1,,1,2,,,200000,2,2,,,,,,,,,,,,,,,76,481.938.949.707.477
580054,2,2,76,95,2,,,,,,,,2,,,,,,,,,,,,,,,76,481.938.949.707.477
580054,3,1,76,95,2,,,,,,,,2,,,,,,,,,,,,,,,76,481.938.949.707.477
580054,4,1,76,95,2,,,,,,,,2,,,,,,,,,,,,,,,76,481.938.949.707.477
580054,4,2,76,95,2,,,,,,,,2,,,,,,,,,,,,,,,76,481.938.949.707.477
580054,4,3,76,95,2,,,,,,,,2,,,,,,,,,,,,,,,76,481.938.949.707.477
580054,4,4,76,95,2,,,,,,,,2,,,,,,,,,,,,,,,76,481.938.949.707.477
580055,1,1,76,95,1,,1,1,,98,98,2,2,,,,,,,,,,,,,,,76,593.238.704.323.669
580055,1,2,76,95,2,,,,,,,,2,,,,,,,,,,,,,,,76,593.238.704.323.669
580055,1,3,76,95,2,,,,,,,,2,,,,,,,,,,,,,,,76,593.238.704.323.669
580055,1,4,76,95,2,,,,,,,,2,,,,,,,,,,,,,,,76,593.238.704.323.669
580056,1,1,76,95,2,,,,,,,,2,,,,,,,,,,,,,,,76,720.719.416.636.925
580056,1,2,76,95,1,,1,2,,,200000,2,2,,,,,,,,,,,,,,,76,720.719.416.636.925
580056,1,3,76,95,2,,,,,,,,1,2,,2,,,,,,5196000,2,1,2,,2,76,720.719.416.636.925
580056,2,1,76,95,2,,,,,,,,2,,,,,,,,,,,,,,,76,720.719.416.636.925
580058,1,1,76,95,2,,,,,,,,2,,,,,,,,,,,,,,,76,620.757.349.393.233
580058,1,2,76,95,2,,,,,,,,2,,,,,,,,,,,,,,,76,620.757.349.393.233
580058,1,3,76,95,2,,,,,,,,2,,,,,,,,,,,,,,,76,620.757.349.393.233
580058,1,4,76,95,2,,,,,,,,2,,,,,,,,,,,,,,,76,620.757.349.393.233
580059,1,1,76,95,2,,,,,,,,2,,,,,,,,,,,,,,,76,669.925.051.307.062
580059,1,2,76,95,2,,,,,,,,2,,,,,,,,,,,,,,,76,669.925.051.307.062
580059,1,3,76,95,2,,,,,,,,2,,,,,,,,,,,,,,,76,669.925.051.307.062
580060,1,1,76,95,2,,,,,,,,2,,,,,,,,,,,,,,,76,722.886.606.133.168
580060,1,2,76,95,2,,,,,,,,2,,,,,,,,,,,,,,,76,722.886.606.133.168
580061,1,1,76,95,2,,,,,,,,2,,,,,,,,,,,,,,,76,769.380.162.261.438
580062,1,1,76,95,2,,,,,,,,2,,,,,,,,,,,,,,,76,670.517.345.741.433
580062,1,2,76,95,2,,,,,,,,2,,,,,,,,,,,,,,,76,670.517.345.741.433
580062,1,3,76,95,2,,,,,,,,2,,,,,,,,,,,,,,,76,670.517.345.741.433
580063,1,1,76,95,2,,,,,,,,2,,,,,,,,,,,,,,,76,634.279.665.525.466
580063,1,2,76,95,2,,,,,,,,2,,,,,,,,,,,,,,,76,634.279.665.525.466
580064,1,1,76,95,2,,,,,,,,2,,,,,,,,,,,,,,,76,695.724.842.923.484
580064,1,2,76,95,2,,,,,,,,2,,,,,,,,,,,,,,,76,695.724.842.923.484
580064,1,3,76,95,2,,,,,,,,2,,,,,,,,,,,,,,,76,695.724.842.923.484
580065,1,1,76,95,2,,,,,,,,1,2,,2,98,,,,,,2,2,1,,2,76,632.155.904.121.958
580065,1,2,76,95,2,,,,,,,,2,,,,,,,,,,,,,,,76,632.155.904.121.958
580065,1,3,76,95,2,,,,,,,,2,,,,,,,,,,,,,,,76,632.155.904.121.958
580065,1,4,76,95,2,,,,,,,,2,,,,,,,,,,,,,,,76,632.155.904.121.958
580065,1,5,76,95,1,,2,1,,1300000,,2,2,,,,,,,,,,,,,,,76,632.155.904.121.958
580066,1,1,76,95,2,,,,,,,,1,2,,2,500000,,,,,,2,2,1,,2,76,887.280.508.952.983
580066,1,2,76,95,2,,,,,,,,2,,,,,,,,,,,,,,,76,887.280.508.952.983
580066,1,3,76,95,2,,,,,,,,2,,,,,,,,,,,,,,,76,887.280.508.952.983
580067,1,1,76,95,2,,,,,,,,2,,,,,,,,,,,,,,,76,780.565.374.741.632
580067,1,2,76,95,2,,,,,,,,2,,,,,,,,,,,,,,,76,780.565.374.741.632
580068,1,1,76,95,2,,,,,,,,2,,,,,,,,,,,,,,,76,780.818.852.886.289
580068,1,2,76,95,2,,,,,,,,2,,,,,,,,,,,,,,,76,780.818.852.886.289
580068,1,3,76,95,2,,,,,,,,2,,,,,,,,,,,,,,,76,780.818.852.886.289
580069,1,1,76,95,2,,,,,,,,2,,,,,,,,,,,,,,,76,584.061.218.727.723
580069,1,2,76,95,2,,,,,,,,2,,,,,,,,,,,,,,,76,584.061.218.727.723
580069,1,3,76,95,2,,,,,,,,2,,,,,,,,,,,,,,,76,584.061.218.727.723
580069,1,4,76,95,2,,,,,,,,2,,,,,,,,,,,,,,,76,584.061.218.727.723
580069,1,5,76,95,2,,,,,,,,2,,,,,,,,,,,,,,,76,584.061.218.727.723
580069,1,8,76,95,1,,2,1,,98,,2,2,,,,,,,,,,,,,,,76,584.061.218.727.723
580069,1,9,76,95,2,,,,,,,,2,,,,,,,,,,,,,,,76,584.061.218.727.723
580070,1,1,76,95,2,,,,,,,,2,,,,,,,,,,,,,,,76,688.983.526.354.629
580070,1,2,76,95,2,,,,,,,,2,,,,,,,,,,,,,,,76,688.983.526.354.629
580070,1,3,76,95,2,,,,,,,,2,,,,,,,,,,,,,,,76,688.983.526.354.629
580070,1,5,76,95,2,,,,,,,,2,,,,,,,,,,,,,,,76,688.983.526.354.629
580072,1,1,76,95,1,,1,2,,,400000,2,2,,,,,,,,,,,,,,,76,737.196.382.396.891
580072,1,2,76,95,2,,,,,,,,2,,,,,,,,,,,,,,,76,737.196.382.396.891
580072,1,3,76,95,2,,,,,,,,2,,,,,,,,,,,,,,,76,737.196.382.396.891
580072,1,4,76,95,2,,,,,,,,2,,,,,,,,,,,,,,,76,737.196.382.396.891
580073,1,1,76,95,2,,,,,,,,2,,,,,,,,,,,,,,,76,714.935.616.111.012
580073,1,2,76,95,1,,2,1,,384000,,2,2,,,,,,,,,,,,,,,76,714.935.616.111.012
580073,1,3,76,95,1,,2,1,,1800000,,2,2,,,,,,,,,,,,,,,76,714.935.616.111.012
580073,1,4,76,95,2,,,,,,,,2,,,,,,,,,,,,,,,76,714.935.616.111.012
580074,1,1,76,95,2,,,,,,,,1,2,,2,,,,,,2000000,2,1,2,,2,76,708.631.657.619.265
580075,1,1,76,95,2,,,,,,,,1,2,,2,,,,,,98,2,1,2,,2,76,580.363.420.074.868
580075,1,2,76,95,2,,,,,,,,1,2,,2,,,,,,98,2,1,2,,2,76,580.363.420.074.868
580076,1,1,76,95,2,,,,,,,,2,,,,,,,,,,,,,,,76,669.671.573.162.404
580076,1,2,76,95,2,,,,,,,,2,,,,,,,,,,,,,,,76,669.671.573.162.404
580077,1,1,76,95,2,,,,,,,,2,,,,,,,,,,,,,,,76,798.888.468.645.083
580077,1,3,76,95,2,,,,,,,,2,,,,,,,,,,,,,,,76,798.888.468.645.083
580077,1,4,76,95,2,,,,,,,,2,,,,,,,,,,,,,,,76,798.888.468.645.083
580078,1,1,76,95,2,,,,,,,,2,,,,,,,,,,,,,,,76,787.703.256.164.889
580078,1,2,76,95,2,,,,,,,,2,,,,,,,,,,,,,,,76,787.703.256.164.889
580079,1,1,76,95,1,,1,2,,,1200000,2,1,2,,2,,,,8000000,,,1,2,2,,2,76,521.218.674.449.996
580079,1,2,76,95,2,,,,,,,,2,,,,,,,,,,,,,,,76,521.218.674.449.996
580079,1,3,76,95,2,,,,,,,,2,,,,,,,,,,,,,,,76,521.218.674.449.996
580079,1,5,76,95,2,,,,,,,,2,,,,,,,,,,,,,,,76,521.218.674.449.996
580081,1,1,76,95,2,,,,,,,,2,,,,,,,,,,,,,,,76,669.925.051.307.062
580081,1,2,76,95,2,,,,,,,,2,,,,,,,,,,,,,,,76,669.925.051.307.062
580081,1,4,76,95,2,,,,,,,,2,,,,,,,,,,,,,,,76,669.925.051.307.062
580082,1,1,76,95,1,,1,2,,,150000,2,2,,,,,,,,,,,,,,,76,628.994.481.540.177
580082,1,2,76,95,2,,,,,,,,2,,,,,,,,,,,,,,,76,628.994.481.540.177
580082,1,3,76,95,2,,,,,,,,2,,,,,,,,,,,,,,,76,628.994.481.540.177
580082,1,4,76,95,2,,,,,,,,2,,,,,,,,,,,,,,,76,628.994.481.540.177
580082,1,5,76,95,2,,,,,,,,2,,,,,,,,,,,,,,,76,628.994.481.540.177
580082,1,6,76,95,2,,,,,,,,2,,,,,,,,,,,,,,,76,628.994.481.540.177
580084,1,1,76,95,1,,2,1,,384000,,2,1,2,,2,98,,,,,,2,2,1,,2,76,645.607.964.715.404
580084,1,2,76,95,2,,,,,,,,2,,,,,,,,,,,,,,,76,645.607.964.715.404
580084,1,3,76,95,2,,,,,,,,2,,,,,,,,,,,,,,,76,645.607.964.715.404
580085,1,1,76,95,2,,,,,,,,2,,,,,,,,,,,,,,,76,662.787.169.883.804
580085,1,2,76,95,2,,,,,,,,2,,,,,,,,,,,,,,,76,662.787.169.883.804
580085,1,3,76,95,2,,,,,,,,2,,,,,,,,,,,,,,,76,662.787.169.883.804
580086,1,1,76,95,2,,,,,,,,2,,,,,,,,,,,,,,,76,794.841.137.588.147
580086,1,2,76,95,2,,,,,,,,2,,,,,,,,,,,,,,,76,794.841.137.588.147
580087,1,1,76,95,2,,,,,,,,2,,,,,,,,,,,,,,,76,589.842.032.942.465
580087,1,2,76,95,2,,,,,,,,2,,,,,,,,,,,,,,,76,589.842.032.942.465
580087,1,3,76,95,2,,,,,,,,2,,,,,,,,,,,,,,,76,589.842.032.942.465
580087,1,4,76,95,2,,,,,,,,2,,,,,,,,,,,,,,,76,589.842.032.942.465
580087,1,5,76,95,2,,,,,,,,2,,,,,,,,,,,,,,,76,589.842.032.942.465
580088,1,1,76,95,2,,,,,,,,2,,,,,,,,,,,,,,,76,866.971.558.896.733
580088,1,2,76,95,2,,,,,,,,2,,,,,,,,,,,,,,,76,866.971.558.896.733
580088,1,4,76,95,2,,,,,,,,2,,,,,,,,,,,,,,,76,866.971.558.896.733
580089,1,1,76,95,2,,,,,,,,2,,,,,,,,,,,,,,,76,669.671.573.162.404
580089,1,2,76,95,2,,,,,,,,2,,,,,,,,,,,,,,,76,669.671.573.162.404
580090,1,1,76,95,2,,,,,,,,1,2,,2,300000,,,,,100000,2,1,1,,2,76,669.671.573.162.404
580090,1,2,76,95,2,,,,,,,,2,,,,,,,,,,,,,,,76,669.671.573.162.404
580091,1,1,76,95,2,,,,,,,,1,2,,2,,,,,,100000,2,1,2,,2,76,692.211.912.278.587
580091,1,2,76,95,2,,,,,,,,2,,,,,,,,,,,,,,,76,692.211.912.278.587
580091,1,4,76,95,2,,,,,,,,1,2,,2,,,,,,98,2,1,2,,2,76,692.211.912.278.587
580092,1,1,76,95,2,,,,,,,,2,,,,,,,,,,,,,,,76,651.601.957.403.611
580092,1,2,76,95,2,,,,,,,,2,,,,,,,,,,,,,,,76,651.601.957.403.611
580093,1,1,76,95,2,,,,,,,,2,,,,,,,,,,,,,,,76,72.916.947.225.248
580093,1,2,76,95,2,,,,,,,,2,,,,,,,,,,,,,,,76,72.916.947.225.248
580093,1,3,76,95,2,,,,,,,,2,,,,,,,,,,,,,,,76,72.916.947.225.248
580093,1,4,76,95,2,,,,,,,,2,,,,,,,,,,,,,,,76,72.916.947.225.248
580093,1,5,76,95,2,,,,,,,,2,,,,,,,,,,,,,,,76,72.916.947.225.248
580094,1,1,76,95,1,,1,2,,,230000,2,2,,,,,,,,,,,,,,,76,700.195.566.280.873
580094,2,1,76,95,2,,,,,,,,2,,,,,,,,,,,,,,,76,700.195.566.280.873
580094,3,1,76,95,1,,1,2,,,65000,2,2,,,,,,,,,,,,,,,76,700.195.566.280.873
580094,3,2,76,95,2,,,,,,,,2,,,,,,,,,,,,,,,76,700.195.566.280.873
580095,1,1,76,95,2,,,,,,,,2,,,,,,,,,,,,,,,76,730.024.487.556.426
580095,1,2,76,95,2,,,,,,,,2,,,,,,,,,,,,,,,76,730.024.487.556.426
580096,1,1,76,95,2,,,,,,,,2,,,,,,,,,,,,,,,76,840.918.289.135.653
580096,1,2,76,95,2,,,,,,,,2,,,,,,,,,,,,,,,76,840.918.289.135.653
580098,1,1,76,95,2,,,,,,,,2,,,,,,,,,,,,,,,76,787.703.256.164.889
580098,1,2,76,95,2,,,,,,,,2,,,,,,,,,,,,,,,76,787.703.256.164.889
580099,1,1,76,95,1,,2,1,,1600000,,2,2,,,,,,,,,,,,,,,76,653.338.140.573.033
580099,1,2,76,95,2,,,,,,,,2,,,,,,,,,,,,,,,76,653.338.140.573.033
580099,1,3,76,95,2,,,,,,,,2,,,,,,,,,,,,,,,76,653.338.140.573.033
580100,1,1,76,95,1,,2,1,,940000,,2,2,,,,,,,,,,,,,,,76,627.284.870.811.953
580100,1,2,76,95,2,,,,,,,,2,,,,,,,,,,,,,,,76,627.284.870.811.953
580133,1,1,5,95,2,,,,,,,,2,,,,,,,,,,,,,,,5,923.321.825.259.364
580133,1,2,5,95,2,,,,,,,,2,,,,,,,,,,,,,,,5,923.321.825.259.364
580133,1,3,5,95,2,,,,,,,,2,,,,,,,,,,,,,,,5,923.321.825.259.364
580133,1,4,5,95,2,,,,,,,,2,,,,,,,,,,,,,,,5,923.321.825.259.364
580226,1,1,52,95,2,,,,,,,,2,,,,,,,,,,,,,,,52,10.826.795.305.814
580254,1,1,13,95,1,,1,2,,,600000,2,2,,,,,,,,,,,,,,,13,295.637.806.502.814
580254,1,2,13,95,2,,,,,,,,2,,,,,,,,,,,,,,,13,295.637.806.502.814
580255,1,1,13,95,2,,,,,,,,2,,,,,,,,,,,,,,,13,260.631.628.247.052
580255,1,2,13,95,2,,,,,,,,2,,,,,,,,,,,,,,,13,260.631.628.247.052
580255,1,3,13,95,2,,,,,,,,1,2,,2,,,,,,2040000,2,1,2,,2,13,260.631.628.247.052
580256,1,1,13,95,2,,,,,,,,2,,,,,,,,,,,,,,,13,205.842.785.019.366
580256,1,2,13,95,2,,,,,,,,2,,,,,,,,,,,,,,,13,205.842.785.019.366
580256,1,3,13,95,2,,,,,,,,1,2,,2,,,,,,1200000,2,1,2,,2,13,205.842.785.019.366
580256,1,6,13,95,2,,,,,,,,2,,,,,,,,,,,,,,,13,205.842.785.019.366
580256,1,8,13,95,2,,,,,,,,2,,,,,,,,,,,,,,,13,205.842.785.019.366
580256,1,9,13,95,2,,,,,,,,2,,,,,,,,,,,,,,,13,205.842.785.019.366
580256,1,13,13,95,2,,,,,,,,2,,,,,,,,,,,,,,,13,205.842.785.019.366
580256,1,14,13,95,2,,,,,,,,2,,,,,,,,,,,,,,,13,205.842.785.019.366
580257,1,1,13,95,2,,,,,,,,2,,,,,,,,,,,,,,,13,26.929.824.812.971
580257,1,2,13,95,2,,,,,,,,2,,,,,,,,,,,,,,,13,26.929.824.812.971
580257,1,3,13,95,2,,,,,,,,2,,,,,,,,,,,,,,,13,26.929.824.812.971
580257,1,4,13,95,2,,,,,,,,2,,,,,,,,,,,,,,,13,26.929.824.812.971
580258,1,1,13,95,2,,,,,,,,2,,,,,,,,,,,,,,,13,331.238.515.566.127
580258,1,2,13,95,2,,,,,,,,2,,,,,,,,,,,,,,,13,331.238.515.566.127
580258,1,3,13,95,2,,,,,,,,2,,,,,,,,,,,,,,,13,331.238.515.566.127
580258,1,4,13,95,2,,,,,,,,2,,,,,,,,,,,,,,,13,331.238.515.566.127
580258,1,5,13,95,2,,,,,,,,2,,,,,,,,,,,,,,,13,331.238.515.566.127
580258,1,6,13,95,2,,,,,,,,2,,,,,,,,,,,,,,,13,331.238.515.566.127
580259,1,1,13,95,2,,,,,,,,2,,,,,,,,,,,,,,,13,281.547.868.852.398
580259,1,2,13,95,2,,,,,,,,2,,,,,,,,,,,,,,,13,281.547.868.852.398
580260,1,1,13,95,2,,,,,,,,2,,,,,,,,,,,,,,,13,281.304.547.983.443
580260,1,2,13,95,2,,,,,,,,2,,,,,,,,,,,,,,,13,281.304.547.983.443
580261,1,1,13,95,1,,2,1,,700000,,2,2,,,,,,,,,,,,,,,13,237.238.750.298.661
580261,1,2,13,95,2,,,,,,,,2,,,,,,,,,,,,,,,13,237.238.750.298.661
580261,1,3,13,95,2,,,,,,,,2,,,,,,,,,,,,,,,13,237.238.750.298.661
580262,1,1,13,95,2,,,,,,,,2,,,,,,,,,,,,,,,13,291.897.526.998.988
580262,1,2,13,95,2,,,,,,,,2,,,,,,,,,,,,,,,13,291.897.526.998.988
580262,1,3,13,95,2,,,,,,,,2,,,,,,,,,,,,,,,13,291.897.526.998.988
580262,1,4,13,95,2,,,,,,,,2,,,,,,,,,,,,,,,13,291.897.526.998.988
580262,1,5,13,95,2,,,,,,,,2,,,,,,,,,,,,,,,13,291.897.526.998.988
580263,1,1,13,95,2,,,,,,,,2,,,,,,,,,,,,,,,13,316.129.146.583.259
580263,1,2,13,95,2,,,,,,,,2,,,,,,,,,,,,,,,13,316.129.146.583.259
580263,1,3,13,95,2,,,,,,,,2,,,,,,,,,,,,,,,13,316.129.146.583.259
580263,1,4,13,95,2,,,,,,,,2,,,,,,,,,,,,,,,13,316.129.146.583.259
580264,1,1,13,95,2,,,,,,,,2,,,,,,,,,,,,,,,13,277.021.979.112.614
580264,1,2,13,95,2,,,,,,,,2,,,,,,,,,,,,,,,13,277.021.979.112.614
580264,1,4,13,95,2,,,,,,,,2,,,,,,,,,,,,,,,13,277.021.979.112.614
580265,1,1,13,95,2,,,,,,,,2,,,,,,,,,,,,,,,13,298.374.052.205.556
580265,1,2,13,95,2,,,,,,,,2,,,,,,,,,,,,,,,13,298.374.052.205.556
580265,1,3,13,95,2,,,,,,,,2,,,,,,,,,,,,,,,13,298.374.052.205.556
580266,1,1,13,95,2,,,,,,,,1,2,,2,,,,,,2400000,2,1,2,,2,13,293.258.588.383.366
580266,1,2,13,95,2,,,,,,,,1,2,,2,,,,,,1400000,2,1,2,,2,13,293.258.588.383.366
580266,1,5,13,95,2,,,,,,,,2,,,,,,,,,,,,,,,13,293.258.588.383.366
580268,1,1,13,95,2,,,,,,,,2,,,,,,,,,,,,,,,13,323.350.288.485.708
580268,1,2,13,95,2,,,,,,,,2,,,,,,,,,,,,,,,13,323.350.288.485.708
580268,1,3,13,95,2,,,,,,,,2,,,,,,,,,,,,,,,13,323.350.288.485.708
580268,1,4,13,95,2,,,,,,,,2,,,,,,,,,,,,,,,13,323.350.288.485.708
580268,1,5,13,95,2,,,,,,,,2,,,,,,,,,,,,,,,13,323.350.288.485.708
580269,1,1,13,95,2,,,,,,,,2,,,,,,,,,,,,,,,13,261.212.112.304.946
580269,1,2,13,95,2,,,,,,,,2,,,,,,,,,,,,,,,13,261.212.112.304.946
580270,1,1,13,95,2,,,,,,,,2,,,,,,,,,,,,,,,13,246.431.913.808.598
580270,1,2,13,95,2,,,,,,,,2,,,,,,,,,,,,,,,13,246.431.913.808.598
580270,1,3,13,95,2,,,,,,,,2,,,,,,,,,,,,,,,13,246.431.913.808.598
580270,1,4,13,95,2,,,,,,,,2,,,,,,,,,,,,,,,13,246.431.913.808.598
580270,1,5,13,95,2,,,,,,,,1,2,,2,2400000,,,,,,2,2,1,,2,13,246.431.913.808.598
580271,1,1,13,95,2,,,,,,,,2,,,,,,,,,,,,,,,13,278.132.707.916.476
580272,1,1,13,95,2,,,,,,,,2,,,,,,,,,,,,,,,13,300.479.439.657.875
580273,1,1,13,95,2,,,,,,,,2,,,,,,,,,,,,,,,13,334.403.081.871.674
580273,1,2,13,95,2,,,,,,,,2,,,,,,,,,,,,,,,13,334.403.081.871.674
580273,1,3,13,95,2,,,,,,,,2,,,,,,,,,,,,,,,13,334.403.081.871.674
580273,1,4,13,95,2,,,,,,,,2,,,,,,,,,,,,,,,13,334.403.081.871.674
580274,1,1,13,95,1,,2,1,,1400000,,2,2,,,,,,,,,,,,,,,13,230.570.011.365.081
580274,1,2,13,95,2,,,,,,,,2,,,,,,,,,,,,,,,13,230.570.011.365.081
580274,1,3,13,95,2,,,,,,,,2,,,,,,,,,,,,,,,13,230.570.011.365.081
580274,1,4,13,95,2,,,,,,,,2,,,,,,,,,,,,,,,13,230.570.011.365.081
580279,1,1,54,95,1,,1,2,,,330000,2,2,,,,,,,,,,,,,,,54,273.309.476.956.702
580279,1,2,54,95,2,,,,,,,,2,,,,,,,,,,,,,,,54,273.309.476.956.702
580279,1,3,54,95,2,,,,,,,,2,,,,,,,,,,,,,,,54,273.309.476.956.702
580280,1,1,54,95,2,,,,,,,,1,2,,2,1200000,,,,,2400000,2,1,1,,2,54,252.000.900.697.258
580280,1,2,54,95,2,,,,,,,,2,,,,,,,,,,,,,,,54,252.000.900.697.258
580280,1,3,54,95,2,,,,,,,,1,2,,2,,,,,,2400000,2,1,2,,2,54,252.000.900.697.258
580281,1,1,54,95,2,,,,,,,,2,,,,,,,,,,,,,,,54,314.348.114.500.609
580282,1,1,54,95,1,,1,2,,,1000000,2,2,,,,,,,,,,,,,,,54,270.196.021.415.943
580282,1,2,54,95,2,,,,,,,,2,,,,,,,,,,,,,,,54,270.196.021.415.943
580282,1,4,54,95,1,,2,1,,1900000,,2,2,,,,,,,,,,,,,,,54,270.196.021.415.943
580283,1,1,54,95,2,,,,,,,,2,,,,,,,,,,,,,,,54,318.421.732.041.715
580284,1,1,54,95,1,,1,2,,,300000,2,2,,,,,,,,,,,,,,,54,276.530.969.174.533
580284,1,2,54,95,2,,,,,,,,1,2,,2,,,,,,2000000,2,1,2,,2,54,276.530.969.174.533
580284,1,3,54,95,2,,,,,,,,2,,,,,,,,,,,,,,,54,276.530.969.174.533
580289,1,1,13,95,2,,,,,,,,2,,,,,,,,,,,,,,,13,259.207.282.934.062
580289,1,2,13,95,2,,,,,,,,2,,,,,,,,,,,,,,,13,259.207.282.934.062
580290,1,1,13,95,2,,,,,,,,2,,,,,,,,,,,,,,,13,25.679.124.425.544
580290,1,2,13,95,2,,,,,,,,2,,,,,,,,,,,,,,,13,25.679.124.425.544
580290,1,5,13,95,2,,,,,,,,2,,,,,,,,,,,,,,,13,25.679.124.425.544
580291,1,1,13,95,1,,1,2,,,400000,2,2,,,,,,,,,,,,,,,13,262.934.091.959.859
580291,1,2,13,95,2,,,,,,,,2,,,,,,,,,,,,,,,13,262.934.091.959.859
580291,1,4,13,95,2,,,,,,,,2,,,,,,,,,,,,,,,13,262.934.091.959.859
580291,1,5,13,95,2,,,,,,,,2,,,,,,,,,,,,,,,13,262.934.091.959.859
580291,1,6,13,95,2,,,,,,,,2,,,,,,,,,,,,,,,13,262.934.091.959.859
580291,1,7,13,95,2,,,,,,,,2,,,,,,,,,,,,,,,13,262.934.091.959.859
580292,1,1,13,95,1,,1,2,,,350000,2,2,,,,,,,,,,,,,,,13,240.050.005.179.874
580292,1,2,13,95,1,,1,2,,,50000,2,2,,,,,,,,,,,,,,,13,240.050.005.179.874
580293,1,1,13,95,2,,,,,,,,2,,,,,,,,,,,,,,,13,290.394.819.844.899
580293,1,2,13,95,2,,,,,,,,2,,,,,,,,,,,,,,,13,290.394.819.844.899
580293,1,3,13,95,2,,,,,,,,2,,,,,,,,,,,,,,,13,290.394.819.844.899
580293,1,4,13,95,2,,,,,,,,2,,,,,,,,,,,,,,,13,290.394.819.844.899
580293,1,5,13,95,2,,,,,,,,2,,,,,,,,,,,,,,,13,290.394.819.844.899
580294,1,1,13,95,2,,,,,,,,2,,,,,,,,,,,,,,,13,237.238.750.298.661
580294,1,2,13,95,2,,,,,,,,2,,,,,,,,,,,,,,,13,237.238.750.298.661
580294,1,5,13,95,2,,,,,,,,2,,,,,,,,,,,,,,,13,237.238.750.298.661
580295,1,1,13,95,2,,,,,,,,2,,,,,,,,,,,,,,,13,298.958.245.276.696
580295,1,2,13,95,2,,,,,,,,2,,,,,,,,,,,,,,,13,298.958.245.276.696
580295,1,3,13,95,2,,,,,,,,2,,,,,,,,,,,,,,,13,298.958.245.276.696
580295,1,4,13,95,2,,,,,,,,2,,,,,,,,,,,,,,,13,298.958.245.276.696
580296,1,1,13,95,2,,,,,,,,2,,,,,,,,,,,,,,,13,244.789.494.968.065
580296,1,2,13,95,2,,,,,,,,2,,,,,,,,,,,,,,,13,244.789.494.968.065
580296,1,3,13,95,2,,,,,,,,2,,,,,,,,,,,,,,,13,244.789.494.968.065
580296,1,6,13,95,2,,,,,,,,2,,,,,,,,,,,,,,,13,244.789.494.968.065
580297,1,1,13,95,2,,,,,,,,2,,,,,,,,,,,,,,,13,291.883.747.754.758
580297,1,2,13,95,2,,,,,,,,2,,,,,,,,,,,,,,,13,291.883.747.754.758
580297,1,3,13,95,2,,,,,,,,2,,,,,,,,,,,,,,,13,291.883.747.754.758
580297,1,4,13,95,2,,,,,,,,2,,,,,,,,,,,,,,,13,291.883.747.754.758
580298,1,1,13,95,1,,2,1,,800000,,2,2,,,,,,,,,,,,,,,13,297.203.721.600.844
580298,1,2,13,95,2,,,,,,,,1,2,,2,,,,,,900000,2,1,2,,2,13,297.203.721.600.844
580298,1,3,13,95,2,,,,,,,,2,,,,,,,,,,,,,,,13,297.203.721.600.844
580298,1,4,13,95,2,,,,,,,,2,,,,,,,,,,,,,,,13,297.203.721.600.844
580298,1,5,13,95,2,,,,,,,,2,,,,,,,,,,,,,,,13,297.203.721.600.844
580299,1,1,13,95,1,,2,1,,600000,,2,2,,,,,,,,,,,,,,,13,237.238.750.298.661
580299,1,2,13,95,2,,,,,,,,2,,,,,,,,,,,,,,,13,237.238.750.298.661
580299,1,3,13,95,2,,,,,,,,2,,,,,,,,,,,,,,,13,237.238.750.298.661
580300,1,1,13,95,2,,,,,,,,2,,,,,,,,,,,,,,,13,253.306.825.030.082
580300,1,2,13,95,2,,,,,,,,2,,,,,,,,,,,,,,,13,253.306.825.030.082
580301,1,1,13,95,2,,,,,,,,2,,,,,,,,,,,,,,,13,345.807.791.834.246
580301,1,2,13,95,2,,,,,,,,2,,,,,,,,,,,,,,,13,345.807.791.834.246
580301,1,3,13,95,2,,,,,,,,2,,,,,,,,,,,,,,,13,345.807.791.834.246
580301,1,4,13,95,2,,,,,,,,2,,,,,,,,,,,,,,,13,345.807.791.834.246
580301,1,6,13,95,2,,,,,,,,2,,,,,,,,,,,,,,,13,345.807.791.834.246
580301,2,1,13,95,2,,,,,,,,2,,,,,,,,,,,,,,,13,345.807.791.834.246
580301,2,2,13,95,2,,,,,,,,2,,,,,,,,,,,,,,,13,345.807.791.834.246
580301,2,3,13,95,2,,,,,,,,2,,,,,,,,,,,,,,,13,345.807.791.834.246
580301,2,4,13,95,2,,,,,,,,2,,,,,,,,,,,,,,,13,345.807.791.834.246
580301,2,5,13,95,2,,,,,,,,2,,,,,,,,,,,,,,,13,345.807.791.834.246
580302,1,1,13,95,2,,,,,,,,2,,,,,,,,,,,,,,,13,257.202.453.563.177
580302,1,2,13,95,2,,,,,,,,2,,,,,,,,,,,,,,,13,257.202.453.563.177
580303,1,1,13,95,2,,,,,,,,1,2,,9,7000000,,,,,,2,2,1,,2,13,286.359.286.033.801
580303,1,2,13,95,2,,,,,,,,2,,,,,,,,,,,,,,,13,286.359.286.033.801
580303,1,3,13,95,2,,,,,,,,2,,,,,,,,,,,,,,,13,286.359.286.033.801
580303,1,4,13,95,2,,,,,,,,2,,,,,,,,,,,,,,,13,286.359.286.033.801
580303,1,6,13,95,2,,,,,,,,2,,,,,,,,,,,,,,,13,286.359.286.033.801
580303,1,7,13,95,2,,,,,,,,2,,,,,,,,,,,,,,,13,286.359.286.033.801
580304,1,1,13,95,2,,,,,,,,2,,,,,,,,,,,,,,,13,285.379.149.292.347
580304,1,2,13,95,2,,,,,,,,2,,,,,,,,,,,,,,,13,285.379.149.292.347
580304,1,3,13,95,2,,,,,,,,2,,,,,,,,,,,,,,,13,285.379.149.292.347
580305,1,1,13,95,1,,1,2,,,250000,2,2,,,,,,,,,,,,,,,13,290.015.387.461.791
580305,1,2,13,95,2,,,,,,,,2,,,,,,,,,,,,,,,13,290.015.387.461.791
580305,1,3,13,95,2,,,,,,,,2,,,,,,,,,,,,,,,13,290.015.387.461.791
580306,1,1,13,95,2,,,,,,,,2,,,,,,,,,,,,,,,13,316.263.357.490.646
580306,1,2,13,95,2,,,,,,,,2,,,,,,,,,,,,,,,13,316.263.357.490.646
580307,1,1,13,95,1,,1,2,,,6000000,2,1,2,,2,,,,,,4000000,2,1,2,,2,13,287.499.144.400.406
580309,1,1,13,95,2,,,,,,,,1,2,,2,1500000,,,,,2000000,2,1,1,,2,13,300.479.439.657.875
580310,1,1,13,95,2,,,,,,,,2,,,,,,,,,,,,,,,13,281.143.549.098.144
580310,1,2,13,95,2,,,,,,,,2,,,,,,,,,,,,,,,13,281.143.549.098.144
580310,1,5,13,95,2,,,,,,,,2,,,,,,,,,,,,,,,13,281.143.549.098.144
580311,1,1,13,95,2,,,,,,,,2,,,,,,,,,,,,,,,13,259.207.282.934.062
580311,1,2,13,95,2,,,,,,,,2,,,,,,,,,,,,,,,13,259.207.282.934.062
580312,1,1,13,95,2,,,,,,,,2,,,,,,,,,,,,,,,13,251.076.054.206.763
580312,1,2,13,95,2,,,,,,,,2,,,,,,,,,,,,,,,13,251.076.054.206.763
580313,1,1,13,95,2,,,,,,,,2,,,,,,,,,,,,,,,13,279.911.595.834.927
580314,1,1,13,95,2,,,,,,,,2,,,,,,,,,,,,,,,13,298.854.008.366.268
580314,1,2,13,95,2,,,,,,,,2,,,,,,,,,,,,,,,13,298.854.008.366.268
580314,1,3,13,95,2,,,,,,,,2,,,,,,,,,,,,,,,13,298.854.008.366.268
580314,1,4,13,95,2,,,,,,,,2,,,,,,,,,,,,,,,13,298.854.008.366.268
580314,1,5,13,95,2,,,,,,,,2,,,,,,,,,,,,,,,13,298.854.008.366.268
580314,1,6,13,95,2,,,,,,,,2,,,,,,,,,,,,,,,13,298.854.008.366.268
580315,1,1,13,95,2,,,,,,,,2,,,,,,,,,,,,,,,13,348.167.826.439.208
580315,1,2,13,95,2,,,,,,,,2,,,,,,,,,,,,,,,13,348.167.826.439.208
580315,1,3,13,95,2,,,,,,,,2,,,,,,,,,,,,,,,13,348.167.826.439.208
580315,1,4,13,95,2,,,,,,,,2,,,,,,,,,,,,,,,13,348.167.826.439.208
580315,1,5,13,95,2,,,,,,,,2,,,,,,,,,,,,,,,13,348.167.826.439.208
580315,1,6,13,95,2,,,,,,,,2,,,,,,,,,,,,,,,13,348.167.826.439.208
580315,1,8,13,95,2,,,,,,,,2,,,,,,,,,,,,,,,13,348.167.826.439.208
580318,1,1,13,95,2,,,,,,,,2,,,,,,,,,,,,,,,13,253.080.883.577.648
580318,1,2,13,95,2,,,,,,,,2,,,,,,,,,,,,,,,13,253.080.883.577.648
580319,1,1,13,95,2,,,,,,,,2,,,,,,,,,,,,,,,13,291.897.526.998.988
580319,1,2,13,95,2,,,,,,,,2,,,,,,,,,,,,,,,13,291.897.526.998.988
580319,1,3,13,95,2,,,,,,,,2,,,,,,,,,,,,,,,13,291.897.526.998.988
580319,2,1,13,95,2,,,,,,,,2,,,,,,,,,,,,,,,13,291.897.526.998.988
580319,2,2,13,95,2,,,,,,,,2,,,,,,,,,,,,,,,13,291.897.526.998.988
580320,1,1,13,95,2,,,,,,,,2,,,,,,,,,,,,,,,13,247.670.536.023.426
580320,1,2,13,95,2,,,,,,,,2,,,,,,,,,,,,,,,13,247.670.536.023.426
580320,1,3,13,95,2,,,,,,,,1,2,,2,,,,,,450000,2,1,2,,2,13,247.670.536.023.426
580321,1,1,13,95,2,,,,,,,,2,,,,,,,,,,,,,,,13,256.317.666.211.749
580321,1,2,13,95,2,,,,,,,,2,,,,,,,,,,,,,,,13,256.317.666.211.749
580321,1,3,13,95,2,,,,,,,,2,,,,,,,,,,,,,,,13,256.317.666.211.749
580321,1,5,13,95,2,,,,,,,,2,,,,,,,,,,,,,,,13,256.317.666.211.749
580322,1,1,13,95,2,,,,,,,,2,,,,,,,,,,,,,,,13,251.076.054.206.763
580322,1,2,13,95,2,,,,,,,,2,,,,,,,,,,,,,,,13,251.076.054.206.763
580323,1,1,13,95,2,,,,,,,,2,,,,,,,,,,,,,,,13,259.207.282.934.062
580323,1,2,13,95,2,,,,,,,,2,,,,,,,,,,,,,,,13,259.207.282.934.062
580324,1,1,13,95,2,,,,,,,,2,,,,,,,,,,,,,,,13,266.758.027.603.466
580324,1,2,13,95,2,,,,,,,,2,,,,,,,,,,,,,,,13,266.758.027.603.466
580324,1,3,13,95,2,,,,,,,,2,,,,,,,,,,,,,,,13,266.758.027.603.466
580325,1,1,13,95,2,,,,,,,,2,,,,,,,,,,,,,,,13,244.440.863.681.944
580325,1,2,13,95,2,,,,,,,,2,,,,,,,,,,,,,,,13,244.440.863.681.944
580325,2,1,13,95,2,,,,,,,,2,,,,,,,,,,,,,,,13,244.440.863.681.944
580325,2,2,13,95,2,,,,,,,,2,,,,,,,,,,,,,,,13,244.440.863.681.944
580325,3,1,13,95,2,,,,,,,,2,,,,,,,,,,,,,,,13,244.440.863.681.944
580325,3,2,13,95,2,,,,,,,,2,,,,,,,,,,,,,,,13,244.440.863.681.944
580326,1,1,13,95,2,,,,,,,,2,,,,,,,,,,,,,,,13,286.293.504.463.651
580326,1,2,13,95,2,,,,,,,,2,,,,,,,,,,,,,,,13,286.293.504.463.651
580326,1,3,13,95,2,,,,,,,,2,,,,,,,,,,,,,,,13,286.293.504.463.651
580326,1,4,13,95,2,,,,,,,,2,,,,,,,,,,,,,,,13,286.293.504.463.651
580327,1,1,13,95,2,,,,,,,,2,,,,,,,,,,,,,,,13,278.973.114.589.677
580327,1,2,13,95,2,,,,,,,,2,,,,,,,,,,,,,,,13,278.973.114.589.677
580328,1,1,13,95,1,,2,2,98,,,1,1,2,,2,,,,,,98,2,1,2,,2,13,290.486.435.910.363
580328,1,2,13,95,2,,,,,,,,2,,,,,,,,,,,,,,,13,290.486.435.910.363
580329,1,1,13,95,2,,,,,,,,2,,,,,,,,,,,,,,,13,276.313.601.643.754
580329,1,2,13,95,2,,,,,,,,2,,,,,,,,,,,,,,,13,276.313.601.643.754
580329,1,3,13,95,2,,,,,,,,2,,,,,,,,,,,,,,,13,276.313.601.643.754
580329,1,4,13,95,2,,,,,,,,2,,,,,,,,,,,,,,,13,276.313.601.643.754
580330,1,1,13,95,2,,,,,,,,2,,,,,,,,,,,,,,,13,285.457.511.133.446
580330,1,2,13,95,2,,,,,,,,2,,,,,,,,,,,,,,,13,285.457.511.133.446
580332,1,1,13,95,1,,2,1,,800000,,2,2,,,,,,,,,,,,,,,13,280.509.067.441.748
580332,1,2,13,95,2,,,,,,,,2,,,,,,,,,,,,,,,13,280.509.067.441.748
580332,1,3,13,95,2,,,,,,,,2,,,,,,,,,,,,,,,13,280.509.067.441.748
580332,1,4,13,95,2,,,,,,,,2,,,,,,,,,,,,,,,13,280.509.067.441.748
580332,1,5,13,95,2,,,,,,,,2,,,,,,,,,,,,,,,13,280.509.067.441.748
580332,1,6,13,95,2,,,,,,,,2,,,,,,,,,,,,,,,13,280.509.067.441.748
580334,1,1,13,95,1,,2,1,,1000000,,2,2,,,,,,,,,,,,,,,13,285.153.207.839.913
580334,1,2,13,95,2,,,,,,,,2,,,,,,,,,,,,,,,13,285.153.207.839.913
580334,1,3,13,95,2,,,,,,,,2,,,,,,,,,,,,,,,13,285.153.207.839.913
580335,1,1,13,95,2,,,,,,,,2,,,,,,,,,,,,,,,13,277.828.404.622.943
580335,1,2,13,95,2,,,,,,,,2,,,,,,,,,,,,,,,13,277.828.404.622.943
580336,1,1,13,95,2,,,,,,,,2,,,,,,,,,,,,,,,13,292.703.952.509.317
580336,1,2,13,95,2,,,,,,,,2,,,,,,,,,,,,,,,13,292.703.952.509.317
580336,1,3,13,95,2,,,,,,,,2,,,,,,,,,,,,,,,13,292.703.952.509.317
580336,1,4,13,95,2,,,,,,,,2,,,,,,,,,,,,,,,13,292.703.952.509.317
580337,1,1,13,95,2,,,,,,,,2,,,,,,,,,,,,,,,13,235.187.825.557.995
580337,1,2,13,95,2,,,,,,,,2,,,,,,,,,,,,,,,13,235.187.825.557.995
580339,1,1,13,95,2,,,,,,,,2,,,,,,,,,,,,,,,13,292.703.952.509.317
580339,1,2,13,95,2,,,,,,,,2,,,,,,,,,,,,,,,13,292.703.952.509.317
580339,1,3,13,95,2,,,,,,,,2,,,,,,,,,,,,,,,13,292.703.952.509.317
580339,1,4,13,95,2,,,,,,,,2,,,,,,,,,,,,,,,13,292.703.952.509.317
580340,1,1,13,95,2,,,,,,,,2,,,,,,,,,,,,,,,13,266.758.027.603.466
580340,1,2,13,95,2,,,,,,,,2,,,,,,,,,,,,,,,13,266.758.027.603.466
580340,1,3,13,95,2,,,,,,,,2,,,,,,,,,,,,,,,13,266.758.027.603.466
580341,1,1,13,95,2,,,,,,,,2,,,,,,,,,,,,,,,13,28.163.357.548.984
580341,1,2,13,95,2,,,,,,,,2,,,,,,,,,,,,,,,13,28.163.357.548.984
580341,1,3,13,95,2,,,,,,,,2,,,,,,,,,,,,,,,13,28.163.357.548.984
580341,1,4,13,95,2,,,,,,,,2,,,,,,,,,,,,,,,13,28.163.357.548.984
580341,1,5,13,95,2,,,,,,,,2,,,,,,,,,,,,,,,13,28.163.357.548.984
580342,1,1,13,95,2,,,,,,,,2,,,,,,,,,,,,,,,13,277.021.979.112.614
580342,1,2,13,95,2,,,,,,,,2,,,,,,,,,,,,,,,13,277.021.979.112.614
580342,1,3,13,95,2,,,,,,,,2,,,,,,,,,,,,,,,13,277.021.979.112.614
580502,1,1,23,95,1,,2,1,,2340000,,2,2,,,,,,,,,,,,,,,23,990.560.330.873.264
580502,1,2,23,95,2,,,,,,,,2,,,,,,,,,,,,,,,23,990.560.330.873.264
580504,1,1,23,95,1,,1,2,,,300000,2,1,2,,2,,,,,,2400000,2,1,2,,2,23,890.076.288.138.272
580504,1,2,23,95,1,,1,2,,,1000000,2,2,,,,,,,,,,,,,,,23,890.076.288.138.272
580504,1,3,23,95,2,,,,,,,,2,,,,,,,,,,,,,,,23,890.076.288.138.272
580506,1,1,23,95,2,,,,,,,,2,,,,,,,,,,,,,,,23,998.254.563.142.157
580506,1,2,23,95,2,,,,,,,,1,2,,2,,,,,,9600000,2,1,2,,2,23,998.254.563.142.157
580507,1,1,23,95,2,,,,,,,,2,,,,,,,,,,,,,,,23,117.229.310.521.595
580507,1,2,23,95,2,,,,,,,,2,,,,,,,,,,,,,,,23,117.229.310.521.595
580507,1,3,23,95,2,,,,,,,,2,,,,,,,,,,,,,,,23,117.229.310.521.595
580508,1,1,23,95,1,,2,1,,1447000,,2,2,,,,,,,,,,,,,,,23,150.660.021.168.483
580508,1,2,23,95,2,,,,,,,,2,,,,,,,,,,,,,,,23,150.660.021.168.483
580508,1,3,23,95,2,,,,,,,,2,,,,,,,,,,,,,,,23,150.660.021.168.483
580508,1,4,23,95,2,,,,,,,,2,,,,,,,,,,,,,,,23,150.660.021.168.483
580508,1,6,23,95,2,,,,,,,,2,,,,,,,,,,,,,,,23,150.660.021.168.483
580509,1,1,23,95,2,,,,,,,,1,2,,2,,,,,,14000000,2,1,2,,2,23,915.182.636.037.083
580509,1,2,23,95,1,,1,2,,,800000,2,2,,,,,,,,,,,,,,,23,915.182.636.037.083
580509,1,3,23,95,2,,,,,,,,2,,,,,,,,,,,,,,,23,915.182.636.037.083
580510,1,1,23,95,1,,1,2,,,350000,2,2,,,,,,,,,,,,,,,23,122.188.573.662.413
580510,1,2,23,95,2,,,,,,,,2,,,,,,,,,,,,,,,23,122.188.573.662.413
580510,1,4,23,95,2,,,,,,,,2,,,,,,,,,,,,,,,23,122.188.573.662.413
580511,1,1,23,95,2,,,,,,,,2,,,,,,,,,,,,,,,23,130.495.766.372.921
580511,1,2,23,95,2,,,,,,,,2,,,,,,,,,,,,,,,23,130.495.766.372.921
580512,1,1,23,95,1,,2,2,400000,,,1,2,,,,,,,,,,,,,,,23,1.066.817.787.164
580512,1,3,23,95,2,,,,,,,,2,,,,,,,,,,,,,,,23,1.066.817.787.164
580514,1,1,23,95,2,,,,,,,,2,,,,,,,,,,,,,,,23,117.093.508.382.696
580514,1,4,23,95,2,,,,,,,,2,,,,,,,,,,,,,,,23,117.093.508.382.696
580514,1,5,23,95,2,,,,,,,,2,,,,,,,,,,,,,,,23,117.093.508.382.696
580514,1,6,23,95,2,,,,,,,,2,,,,,,,,,,,,,,,23,117.093.508.382.696
580514,1,7,23,95,2,,,,,,,,2,,,,,,,,,,,,,,,23,117.093.508.382.696
580514,1,8,23,95,2,,,,,,,,2,,,,,,,,,,,,,,,23,117.093.508.382.696
580515,1,1,23,95,2,,,,,,,,2,,,,,,,,,,,,,,,23,114.018.255.427.156
580515,1,2,23,95,2,,,,,,,,2,,,,,,,,,,,,,,,23,114.018.255.427.156
580515,1,4,23,95,2,,,,,,,,2,,,,,,,,,,,,,,,23,114.018.255.427.156
580516,1,1,23,95,2,,,,,,,,2,,,,,,,,,,,,,,,23,114.988.971.426.908
580517,1,1,23,95,2,,,,,,,,1,2,,2,12000000,,,,,,2,2,1,,2,23,91.145.807.546.608
580517,1,2,23,95,2,,,,,,,,2,,,,,,,,,,,,,,,23,91.145.807.546.608
580517,1,3,23,95,2,,,,,,,,2,,,,,,,,,,,,,,,23,91.145.807.546.608
580518,1,1,23,95,2,,,,,,,,2,,,,,,,,,,,,,,,23,929.891.794.715.065
580518,1,2,23,95,2,,,,,,,,2,,,,,,,,,,,,,,,23,929.891.794.715.065
580518,1,3,23,95,2,,,,,,,,2,,,,,,,,,,,,,,,23,929.891.794.715.065
580518,1,4,23,95,2,,,,,,,,2,,,,,,,,,,,,,,,23,929.891.794.715.065
580518,1,5,23,95,2,,,,,,,,2,,,,,,,,,,,,,,,23,929.891.794.715.065
580519,1,1,23,95,2,,,,,,,,2,,,,,,,,,,,,,,,23,122.888.993.966.972
580519,1,2,23,95,2,,,,,,,,2,,,,,,,,,,,,,,,23,122.888.993.966.972
580519,1,3,23,95,2,,,,,,,,2,,,,,,,,,,,,,,,23,122.888.993.966.972
580520,1,1,23,95,2,,,,,,,,2,,,,,,,,,,,,,,,23,115.622.592.514.898
580520,1,2,23,95,2,,,,,,,,2,,,,,,,,,,,,,,,23,115.622.592.514.898
580520,1,3,23,95,2,,,,,,,,2,,,,,,,,,,,,,,,23,115.622.592.514.898
580520,1,6,23,95,2,,,,,,,,2,,,,,,,,,,,,,,,23,115.622.592.514.898
580522,1,1,23,95,2,,,,,,,,2,,,,,,,,,,,,,,,23,129.795.346.068.362
580522,1,2,23,95,2,,,,,,,,2,,,,,,,,,,,,,,,23,129.795.346.068.362
580523,1,1,23,95,2,,,,,,,,2,,,,,,,,,,,,,,,23,130.056.511.099.252
580523,1,2,23,95,2,,,,,,,,2,,,,,,,,,,,,,,,23,130.056.511.099.252
580523,1,3,23,95,2,,,,,,,,2,,,,,,,,,,,,,,,23,130.056.511.099.252
580523,1,4,23,95,2,,,,,,,,2,,,,,,,,,,,,,,,23,130.056.511.099.252
580523,1,5,23,95,2,,,,,,,,2,,,,,,,,,,,,,,,23,130.056.511.099.252
580524,1,1,23,95,1,,2,1,,800000,,2,2,,,,,,,,,,,,,,,23,116.304.039.596.331
580524,1,2,23,95,2,,,,,,,,2,,,,,,,,,,,,,,,23,116.304.039.596.331
580524,1,3,23,95,2,,,,,,,,2,,,,,,,,,,,,,,,23,116.304.039.596.331
580525,1,1,23,95,2,,,,,,,,2,,,,,,,,,,,,,,,23,141.719.207.369.986
580525,1,2,23,95,2,,,,,,,,2,,,,,,,,,,,,,,,23,141.719.207.369.986
580525,1,3,23,95,2,,,,,,,,2,,,,,,,,,,,,,,,23,141.719.207.369.986
580526,1,1,23,95,2,,,,,,,,2,,,,,,,,,,,,,,,23,16.925.119.973.434
580526,1,2,23,95,2,,,,,,,,2,,,,,,,,,,,,,,,23,16.925.119.973.434
580526,2,1,23,95,2,,,,,,,,2,,,,,,,,,,,,,,,23,16.925.119.973.434
580526,2,2,23,95,2,,,,,,,,2,,,,,,,,,,,,,,,23,16.925.119.973.434
580527,1,1,23,95,2,,,,,,,,1,2,,2,,,,,,1080000,2,1,2,,2,23,105.994.470.291.942
580528,1,1,23,95,1,,2,1,,1600000,,2,2,,,,,,,,,,,,,,,23,109.976.020.949.622
580528,1,2,23,95,1,,1,2,,,200000,2,2,,,,,,,,,,,,,,,23,109.976.020.949.622
580528,1,3,23,95,2,,,,,,,,2,,,,,,,,,,,,,,,23,109.976.020.949.622
580529,1,1,23,95,2,,,,,,,,2,,,,,,,,,,,,,,,23,928.523.049.962.565
580529,1,2,23,95,2,,,,,,,,2,,,,,,,,,,,,,,,23,928.523.049.962.565
580529,1,3,23,95,2,,,,,,,,2,,,,,,,,,,,,,,,23,928.523.049.962.565
580529,1,4,23,95,1,,2,1,,433700,,2,2,,,,,,,,,,,,,,,23,928.523.049.962.565
580529,1,5,23,95,2,,,,,,,,1,2,,2,,,,,,1080000,2,1,2,,2,23,928.523.049.962.565
580529,1,6,23,95,2,,,,,,,,1,2,,2,,,,,,1080000,2,1,2,,2,23,928.523.049.962.565
580530,1,1,23,95,2,,,,,,,,2,,,,,,,,,,,,,,,23,102.794.814.430.091
580530,1,4,23,95,2,,,,,,,,2,,,,,,,,,,,,,,,23,102.794.814.430.091
580531,1,1,23,95,2,,,,,,,,2,,,,,,,,,,,,,,,23,140.248.291.502.187
580737,1,1,50,95,2,,,,,,,,1,2,,2,,,,,,500000,2,1,2,,2,50,108.802.271.275.241
580737,1,2,50,95,2,,,,,,,,2,,,,,,,,,,,,,,,50,108.802.271.275.241
580737,1,3,50,95,2,,,,,,,,2,,,,,,,,,,,,,,,50,108.802.271.275.241
580737,1,4,50,95,2,,,,,,,,2,,,,,,,,,,,,,,,50,108.802.271.275.241
580737,1,5,50,95,2,,,,,,,,2,,,,,,,,,,,,,,,50,108.802.271.275.241
580738,1,1,50,95,2,,,,,,,,2,,,,,,,,,,,,,,,50,162.925.136.850.948
580738,1,2,50,95,2,,,,,,,,1,2,,2,,,,,,60000,2,1,2,,2,50,162.925.136.850.948
580740,1,1,50,95,2,,,,,,,,2,,,,,,,,,,,,,,,50,125.502.486.181.167
580741,1,1,50,95,1,,2,1,,750000,,2,2,,,,,,,,,,,,,,,50,224.409.114.731.708
580741,1,2,50,95,2,,,,,,,,2,,,,,,,,,,,,,,,50,224.409.114.731.708
580741,2,1,50,95,2,,,,,,,,1,2,,2,,,,,,600000,2,1,2,,2,50,224.409.114.731.708
580742,1,1,50,95,2,,,,,,,,2,,,,,,,,,,,,,,,50,176.038.489.208.362
580742,1,2,50,95,2,,,,,,,,2,,,,,,,,,,,,,,,50,176.038.489.208.362
580742,1,3,50,95,2,,,,,,,,2,,,,,,,,,,,,,,,50,176.038.489.208.362
580742,1,4,50,95,2,,,,,,,,2,,,,,,,,,,,,,,,50,176.038.489.208.362
580742,1,5,50,95,2,,,,,,,,2,,,,,,,,,,,,,,,50,176.038.489.208.362
580743,1,1,50,95,2,,,,,,,,2,,,,,,,,,,,,,,,50,162.925.136.850.948
580743,1,2,50,95,1,,1,2,,,400000,2,2,,,,,,,,,,,,,,,50,162.925.136.850.948
580744,1,1,50,95,2,,,,,,,,2,,,,,,,,,,,,,,,50,132.387.555.663.736
580744,1,2,50,95,2,,,,,,,,2,,,,,,,,,,,,,,,50,132.387.555.663.736
580744,1,3,50,95,2,,,,,,,,2,,,,,,,,,,,,,,,50,132.387.555.663.736
580744,1,4,50,95,2,,,,,,,,2,,,,,,,,,,,,,,,50,132.387.555.663.736
580745,1,1,50,95,2,,,,,,,,2,,,,,,,,,,,,,,,50,207.281.569.903.977
580745,1,2,50,95,2,,,,,,,,2,,,,,,,,,,,,,,,50,207.281.569.903.977
580746,1,1,52,95,2,,,,,,,,2,,,,,,,,,,,,,,,52,671.278.359.515.249
580746,1,2,52,95,2,,,,,,,,2,,,,,,,,,,,,,,,52,671.278.359.515.249
580747,1,1,52,95,2,,,,,,,,1,2,,2,,,,,,2400000,2,1,2,,2,52,10.053.481.508.203
580748,1,1,52,95,2,,,,,,,,1,2,,2,,,,,,400000,2,1,2,,2,52,965.406.230.173.866
580748,1,2,52,95,2,,,,,,,,1,2,,2,,,,,,4000000,2,1,2,,2,52,965.406.230.173.866
580749,1,1,52,95,2,,,,,,,,2,,,,,,,,,,,,,,,52,152.846.192.981.437
580749,1,2,52,95,2,,,,,,,,2,,,,,,,,,,,,,,,52,152.846.192.981.437
580749,1,3,52,95,2,,,,,,,,1,2,,2,,,,,,1200000,2,1,2,,2,52,152.846.192.981.437
580749,1,4,52,95,2,,,,,,,,2,,,,,,,,,,,,,,,52,152.846.192.981.437
580750,1,1,52,95,2,,,,,,,,1,2,,2,,,,7200000,,,1,2,2,,2,52,251.333.248.382.138
580750,1,2,52,95,2,,,,,,,,2,,,,,,,,,,,,,,,52,251.333.248.382.138
580750,1,3,52,95,2,,,,,,,,2,,,,,,,,,,,,,,,52,251.333.248.382.138
580750,1,4,52,95,2,,,,,,,,2,,,,,,,,,,,,,,,52,251.333.248.382.138
580751,1,1,52,95,2,,,,,,,,2,,,,,,,,,,,,,,,52,210.528.686.276.843
580751,1,2,52,95,2,,,,,,,,2,,,,,,,,,,,,,,,52,210.528.686.276.843
580752,1,1,52,95,2,,,,,,,,2,,,,,,,,,,,,,,,52,276.014.173.096.758
580752,1,2,52,95,2,,,,,,,,2,,,,,,,,,,,,,,,52,276.014.173.096.758
580752,1,3,52,95,2,,,,,,,,2,,,,,,,,,,,,,,,52,276.014.173.096.758
580752,1,5,52,95,2,,,,,,,,2,,,,,,,,,,,,,,,52,276.014.173.096.758
580753,1,1,52,95,2,,,,,,,,2,,,,,,,,,,,,,,,52,298.758.446.382.151
580753,1,2,52,95,2,,,,,,,,2,,,,,,,,,,,,,,,52,298.758.446.382.151
580753,2,1,52,95,2,,,,,,,,2,,,,,,,,,,,,,,,52,298.758.446.382.151
580753,2,2,52,95,2,,,,,,,,2,,,,,,,,,,,,,,,52,298.758.446.382.151
580754,1,1,52,95,1,,2,1,,450000,,2,2,,,,,,,,,,,,,,,52,3.066.918.527.235
580754,1,2,52,95,2,,,,,,,,2,,,,,,,,,,,,,,,52,3.066.918.527.235
580754,1,3,52,95,2,,,,,,,,2,,,,,,,,,,,,,,,52,3.066.918.527.235
580754,1,4,52,95,2,,,,,,,,2,,,,,,,,,,,,,,,52,3.066.918.527.235
580755,1,1,52,95,2,,,,,,,,2,,,,,,,,,,,,,,,52,938.049.399.710.954
580755,1,2,52,95,1,,1,2,,,500000,2,2,,,,,,,,,,,,,,,52,938.049.399.710.954
580755,1,3,52,95,2,,,,,,,,2,,,,,,,,,,,,,,,52,938.049.399.710.954
580755,1,4,52,95,2,,,,,,,,2,,,,,,,,,,,,,,,52,938.049.399.710.954
580755,1,5,52,95,2,,,,,,,,2,,,,,,,,,,,,,,,52,938.049.399.710.954
580755,1,6,52,95,1,,1,2,,,1000000,2,2,,,,,,,,,,,,,,,52,938.049.399.710.954
580757,1,1,52,95,2,,,,,,,,2,,,,,,,,,,,,,,,52,161.462.332.491.753
580757,1,2,52,95,2,,,,,,,,2,,,,,,,,,,,,,,,52,161.462.332.491.753
580758,1,1,52,95,2,,,,,,,,2,,,,,,,,,,,,,,,52,195.905.241.210.697
580758,1,2,52,95,2,,,,,,,,2,,,,,,,,,,,,,,,52,195.905.241.210.697
580759,1,1,52,95,2,,,,,,,,2,,,,,,,,,,,,,,,52,167.753.297.458.038
580759,1,2,52,95,2,,,,,,,,2,,,,,,,,,,,,,,,52,167.753.297.458.038
580759,1,3,52,95,2,,,,,,,,2,,,,,,,,,,,,,,,52,167.753.297.458.038
580759,1,4,52,95,2,,,,,,,,2,,,,,,,,,,,,,,,52,167.753.297.458.038
580760,1,1,52,95,2,,,,,,,,1,2,,2,,,,,,9200000,2,1,2,,2,52,965.406.230.173.866
580760,1,2,52,95,2,,,,,,,,2,,,,,,,,,,,,,,,52,965.406.230.173.866
580761,1,1,52,95,2,,,,,,,,2,,,,,,,,,,,,,,,52,804.172.885.553.623
580761,1,2,52,95,2,,,,,,,,2,,,,,,,,,,,,,,,52,804.172.885.553.623
580761,1,3,52,95,2,,,,,,,,2,,,,,,,,,,,,,,,52,804.172.885.553.623
580762,1,1,52,95,2,,,,,,,,1,2,,2,,,,,,9200000,2,1,2,,2,52,147.859.002.197.401
580763,1,1,52,95,1,,2,1,,390000,,2,2,,,,,,,,,,,,,,,52,77.207.591.139.372
580763,1,2,52,95,1,,2,2,250000,,,1,2,,,,,,,,,,,,,,,52,77.207.591.139.372
580763,1,3,52,95,2,,,,,,,,2,,,,,,,,,,,,,,,52,77.207.591.139.372
580764,1,1,52,95,2,,,,,,,,1,2,,2,,,,,,98,2,1,2,,2,52,138.985.199.959.441
580765,1,1,52,95,2,,,,,,,,1,2,,2,,,,,,6000000,2,1,2,,2,52,812.017.832.040.158
580765,1,2,52,95,2,,,,,,,,2,,,,,,,,,,,,,,,52,812.017.832.040.158
580766,1,1,52,95,1,,1,2,,,200000,2,1,2,,2,,,,,,6000000,2,1,2,,2,52,226.082.779.592.146
580766,1,2,52,95,2,,,,,,,,2,,,,,,,,,,,,,,,52,226.082.779.592.146
580766,1,3,52,95,2,,,,,,,,1,2,,2,,,,,,1800000,2,1,2,,2,52,226.082.779.592.146
580766,1,4,52,95,2,,,,,,,,2,,,,,,,,,,,,,,,52,226.082.779.592.146
580767,1,1,52,95,2,,,,,,,,1,2,,2,,,,,,4800000,2,1,2,,2,52,88.552.238.888.099
580767,1,2,52,95,2,,,,,,,,2,,,,,,,,,,,,,,,52,88.552.238.888.099
580767,1,3,52,95,2,,,,,,,,2,,,,,,,,,,,,,,,52,88.552.238.888.099
580767,1,4,52,95,2,,,,,,,,2,,,,,,,,,,,,,,,52,88.552.238.888.099
580768,1,1,52,95,2,,,,,,,,1,2,,2,,,,,,3600000,2,1,2,,2,52,812.017.832.040.158
580768,1,2,52,95,2,,,,,,,,1,2,,2,,,,,,162000,2,1,2,,2,52,812.017.832.040.158
580769,1,1,52,95,2,,,,,,,,1,2,,2,,,,,,,2,2,2,6000000,1,52,147.859.002.197.401
580770,1,1,52,95,2,,,,,,,,2,,,,,,,,,,,,,,,52,114.138.145.376.382
580770,1,2,52,95,2,,,,,,,,2,,,,,,,,,,,,,,,52,114.138.145.376.382
580771,1,1,52,95,2,,,,,,,,2,,,,,,,,,,,,,,,52,202.907.964.279.476
580771,1,2,52,95,2,,,,,,,,2,,,,,,,,,,,,,,,52,202.907.964.279.476
580771,1,3,52,95,2,,,,,,,,2,,,,,,,,,,,,,,,52,202.907.964.279.476
580771,1,4,52,95,2,,,,,,,,2,,,,,,,,,,,,,,,52,202.907.964.279.476
580772,1,1,52,95,2,,,,,,,,1,2,,2,,,,,,6000000,2,1,2,,2,52,232.114.971.922.723
580772,1,2,52,95,2,,,,,,,,1,2,,2,,,,,,1200000,2,1,2,,2,52,232.114.971.922.723
580773,1,1,52,95,2,,,,,,,,2,,,,,,,,,,,,,,,52,295.718.004.394.803
580774,1,1,52,95,2,,,,,,,,2,,,,,,,,,,,,,,,52,336.707.922.081.463
580774,1,2,52,95,2,,,,,,,,2,,,,,,,,,,,,,,,52,336.707.922.081.463
580775,1,1,52,95,1,,1,2,,,130000,2,2,,,,,,,,,,,,,,,52,220.840.924.336.762
580775,1,2,52,95,2,,,,,,,,1,2,,2,,,,,,1200000,2,1,2,,2,52,220.840.924.336.762
580775,1,3,52,95,2,,,,,,,,1,2,,2,,,,,,2400000,2,1,2,,2,52,220.840.924.336.762
580776,1,1,52,95,1,,1,2,800000,,220000,1,2,,,,,,,,,,,,,,,52,201.069.630.164.061
580777,1,1,52,95,2,,,,,,,,1,2,,2,,,,,,300000,2,1,2,,2,52,117.035.581.860.717
580777,1,2,52,95,2,,,,,,,,1,2,,2,,,,,,1650000,2,1,2,,2,52,117.035.581.860.717
580777,1,4,52,95,2,,,,,,,,2,,,,,,,,,,,,,,,52,117.035.581.860.717
580778,1,1,52,95,2,,,,,,,,2,,,,,,,,,,,,,,,52,135.087.572.436.128
580778,1,2,52,95,2,,,,,,,,2,,,,,,,,,,,,,,,52,135.087.572.436.128
580778,1,3,52,95,2,,,,,,,,2,,,,,,,,,,,,,,,52,135.087.572.436.128
580778,1,4,52,95,2,,,,,,,,2,,,,,,,,,,,,,,,52,135.087.572.436.128
580778,1,5,52,95,2,,,,,,,,2,,,,,,,,,,,,,,,52,135.087.572.436.128
580778,2,1,52,95,2,,,,,,,,2,,,,,,,,,,,,,,,52,135.087.572.436.128
580778,2,2,52,95,2,,,,,,,,2,,,,,,,,,,,,,,,52,135.087.572.436.128
580780,1,1,52,95,2,,,,,,,,1,2,,2,,,,,,1600000,2,1,2,,2,52,287.473.576.264.085
580780,1,2,52,95,2,,,,,,,,2,,,,,,,,,,,,,,,52,287.473.576.264.085
580781,1,1,52,95,1,,2,1,,1500000,,2,2,,,,,,,,,,,,,,,52,101.270.151.073.778
580781,1,2,52,95,2,,,,,,,,2,,,,,,,,,,,,,,,52,101.270.151.073.778
580781,1,3,52,95,2,,,,,,,,2,,,,,,,,,,,,,,,52,101.270.151.073.778
580782,1,1,52,95,2,,,,,,,,1,2,,2,,,,,,3600000,2,1,2,,2,52,114.922.640.025.035
580783,1,1,52,95,2,,,,,,,,2,,,,,,,,,,,,,,,52,277.254.592.568.712
580783,1,2,52,95,2,,,,,,,,2,,,,,,,,,,,,,,,52,277.254.592.568.712
580784,1,1,52,95,2,,,,,,,,1,2,,2,,,,,,2000000,2,1,2,,2,52,193.081.246.034.773
580784,1,2,52,95,2,,,,,,,,2,,,,,,,,,,,,,,,52,193.081.246.034.773
580785,1,1,52,95,2,,,,,,,,1,2,,2,,,,,,5000000,2,1,2,,2,52,121.029.773.925.361
580785,1,2,52,95,2,,,,,,,,2,,,,,,,,,,,,,,,52,121.029.773.925.361
580787,1,1,54,95,2,,,,,,,,1,2,,2,,,,,,12000000,2,1,2,,2,54,295.523.176.205.402
580787,1,2,54,95,2,,,,,,,,2,,,,,,,,,,,,,,,54,295.523.176.205.402
580787,1,4,54,95,2,,,,,,,,2,,,,,,,,,,,,,,,54,295.523.176.205.402
580787,1,5,54,95,2,,,,,,,,2,,,,,,,,,,,,,,,54,295.523.176.205.402
580788,1,1,54,95,2,,,,,,,,2,,,,,,,,,,,,,,,54,318.421.732.041.715
580789,1,1,66,95,2,,,,,,,,2,,,,,,,,,,,,,,,66,275.139.214.800.519
580789,1,2,66,95,2,,,,,,,,2,,,,,,,,,,,,,,,66,275.139.214.800.519
580790,1,1,66,95,2,,,,,,,,2,,,,,,,,,,,,,,,66,278.284.387.478.716
580790,1,2,66,95,2,,,,,,,,2,,,,,,,,,,,,,,,66,278.284.387.478.716
580792,1,1,66,95,2,,,,,,,,2,,,,,,,,,,,,,,,66,235.738.483.715.538
580792,1,2,66,95,2,,,,,,,,2,,,,,,,,,,,,,,,66,235.738.483.715.538
580792,1,3,66,95,2,,,,,,,,2,,,,,,,,,,,,,,,66,235.738.483.715.538
580792,1,4,66,95,2,,,,,,,,2,,,,,,,,,,,,,,,66,235.738.483.715.538
580793,1,1,66,95,2,,,,,,,,2,,,,,,,,,,,,,,,66,293.429.374.196.279
580793,1,2,66,95,2,,,,,,,,2,,,,,,,,,,,,,,,66,293.429.374.196.279
580793,1,3,66,95,2,,,,,,,,2,,,,,,,,,,,,,,,66,293.429.374.196.279
580795,1,1,66,95,2,,,,,,,,2,,,,,,,,,,,,,,,66,255.698.909.131.205
580795,1,2,66,95,2,,,,,,,,2,,,,,,,,,,,,,,,66,255.698.909.131.205
580795,1,3,66,95,2,,,,,,,,2,,,,,,,,,,,,,,,66,255.698.909.131.205
580795,2,1,66,95,2,,,,,,,,2,,,,,,,,,,,,,,,66,255.698.909.131.205
580795,2,2,66,95,2,,,,,,,,2,,,,,,,,,,,,,,,66,255.698.909.131.205
580795,2,3,66,95,2,,,,,,,,2,,,,,,,,,,,,,,,66,255.698.909.131.205
580796,1,1,66,95,2,,,,,,,,2,,,,,,,,,,,,,,,66,223.565.748.020.408
580796,1,2,66,95,2,,,,,,,,2,,,,,,,,,,,,,,,66,223.565.748.020.408
580797,1,1,66,95,2,,,,,,,,2,,,,,,,,,,,,,,,66,244.409.193.238.334
580797,1,2,66,95,2,,,,,,,,1,2,,2,12000000,,,,,,2,2,1,,2,66,244.409.193.238.334
580798,1,1,66,95,2,,,,,,,,2,,,,,,,,,,,,,,,66,268.945.030.369.524
580798,1,2,66,95,2,,,,,,,,2,,,,,,,,,,,,,,,66,268.945.030.369.524
580798,1,3,66,95,2,,,,,,,,2,,,,,,,,,,,,,,,66,268.945.030.369.524
580799,1,1,66,95,2,,,,,,,,2,,,,,,,,,,,,,,,66,290.220.850.469.513
580799,1,2,66,95,2,,,,,,,,2,,,,,,,,,,,,,,,66,290.220.850.469.513
580799,1,3,66,95,2,,,,,,,,2,,,,,,,,,,,,,,,66,290.220.850.469.513
580799,1,4,66,95,2,,,,,,,,2,,,,,,,,,,,,,,,66,290.220.850.469.513
580800,1,1,68,95,2,,,,,,,,2,,,,,,,,,,,,,,,68,434.079.176.850.677
580800,1,2,68,95,2,,,,,,,,2,,,,,,,,,,,,,,,68,434.079.176.850.677
580800,1,4,68,95,2,,,,,,,,1,2,,2,,,,1200000,,,1,2,2,,2,68,434.079.176.850.677
580800,1,5,68,95,2,,,,,,,,2,,,,,,,,,,,,,,,68,434.079.176.850.677
580801,1,1,68,95,1,,1,2,,,250000,2,2,,,,,,,,,,,,,,,68,305.908.254.833.635
580801,1,2,68,95,2,,,,,,,,2,,,,,,,,,,,,,,,68,305.908.254.833.635
580801,1,3,68,95,2,,,,,,,,2,,,,,,,,,,,,,,,68,305.908.254.833.635
580802,1,1,68,95,2,,,,,,,,2,,,,,,,,,,,,,,,68,342.960.476.179.571
580802,1,2,68,95,2,,,,,,,,2,,,,,,,,,,,,,,,68,342.960.476.179.571
580803,1,1,68,95,2,,,,,,,,2,,,,,,,,,,,,,,,68,263.663.720.954.177
580803,2,1,68,95,2,,,,,,,,1,2,,2,,,,,,7200000,2,1,2,,2,68,263.663.720.954.177
580804,1,1,68,95,2,,,,,,,,2,,,,,,,,,,,,,,,68,325.768.346.888.497
580804,1,2,68,95,2,,,,,,,,2,,,,,,,,,,,,,,,68,325.768.346.888.497
580804,1,3,68,95,2,,,,,,,,2,,,,,,,,,,,,,,,68,325.768.346.888.497
580804,1,4,68,95,2,,,,,,,,2,,,,,,,,,,,,,,,68,325.768.346.888.497
580805,1,1,68,95,2,,,,,,,,2,,,,,,,,,,,,,,,68,305.908.254.833.635
580805,1,2,68,95,2,,,,,,,,2,,,,,,,,,,,,,,,68,305.908.254.833.635
580805,1,3,68,95,2,,,,,,,,2,,,,,,,,,,,,,,,68,305.908.254.833.635
580806,1,1,68,95,2,,,,,,,,2,,,,,,,,,,,,,,,68,387.519.579.604.116
580806,1,2,68,95,2,,,,,,,,2,,,,,,,,,,,,,,,68,387.519.579.604.116
580806,1,3,68,95,2,,,,,,,,2,,,,,,,,,,,,,,,68,387.519.579.604.116
580806,1,4,68,95,2,,,,,,,,2,,,,,,,,,,,,,,,68,387.519.579.604.116
580807,1,1,68,95,2,,,,,,,,1,2,,2,,,,,,3600000,2,1,2,,2,68,300.173.968.481.661
580807,1,2,68,95,2,,,,,,,,2,,,,,,,,,,,,,,,68,300.173.968.481.661
580807,1,3,68,95,2,,,,,,,,2,,,,,,,,,,,,,,,68,300.173.968.481.661
580808,1,1,68,95,2,,,,,,,,1,2,,2,,,,23000000,,600000,1,1,2,8000000,1,68,234.398.729.974.448
580808,1,2,68,95,2,,,,,,,,1,2,,2,,,,,,3500000,2,1,2,,2,68,234.398.729.974.448
580808,1,3,68,95,2,,,,,,,,1,2,,2,,,,,,3500000,2,1,2,,2,68,234.398.729.974.448
580809,1,1,68,95,2,,,,,,,,2,,,,,,,,,,,,,,,68,303.072.330.524.766
580809,1,2,68,95,2,,,,,,,,2,,,,,,,,,,,,,,,68,303.072.330.524.766
580809,1,3,68,95,1,,2,2,80000,,,1,1,2,,2,,,,,,360000,2,1,2,,2,68,303.072.330.524.766
580810,1,1,68,95,2,,,,,,,,2,,,,,,,,,,,,,,,68,335.173.245.813.364
580810,1,2,68,95,2,,,,,,,,2,,,,,,,,,,,,,,,68,335.173.245.813.364
580811,1,1,68,95,2,,,,,,,,2,,,,,,,,,,,,,,,68,316.010.054.744.929
580811,1,2,68,95,1,,2,1,,433700,,2,2,,,,,,,,,,,,,,,68,316.010.054.744.929
580811,1,3,68,95,2,,,,,,,,2,,,,,,,,,,,,,,,68,316.010.054.744.929
580811,1,4,68,95,2,,,,,,,,2,,,,,,,,,,,,,,,68,316.010.054.744.929
580812,1,1,68,95,2,,,,,,,,2,,,,,,,,,,,,,,,68,399.872.789.580.371
580812,1,2,68,95,2,,,,,,,,2,,,,,,,,,,,,,,,68,399.872.789.580.371
580813,1,1,68,95,1,,2,1,,900000,,2,2,,,,,,,,,,,,,,,68,448.989.619.718.265
580813,1,2,68,95,2,,,,,,,,2,,,,,,,,,,,,,,,68,448.989.619.718.265
580813,1,3,68,95,2,,,,,,,,2,,,,,,,,,,,,,,,68,448.989.619.718.265
580813,1,4,68,95,2,,,,,,,,1,2,,2,,,,,,,2,2,2,400000,1,68,448.989.619.718.265
580813,1,5,68,95,2,,,,,,,,2,,,,,,,,,,,,,,,68,448.989.619.718.265
580813,1,6,68,95,2,,,,,,,,2,,,,,,,,,,,,,,,68,448.989.619.718.265
580814,1,1,68,95,2,,,,,,,,2,,,,,,,,,,,,,,,68,485.508.120.142.447
580814,1,2,68,95,1,,2,2,200000,,,1,2,,,,,,,,,,,,,,,68,485.508.120.142.447
580814,1,3,68,95,2,,,,,,,,2,,,,,,,,,,,,,,,68,485.508.120.142.447
580816,1,1,68,95,2,,,,,,,,2,,,,,,,,,,,,,,,68,44.845.589.879.651
580816,1,2,68,95,2,,,,,,,,2,,,,,,,,,,,,,,,68,44.845.589.879.651
580816,1,3,68,95,2,,,,,,,,2,,,,,,,,,,,,,,,68,44.845.589.879.651
580816,1,6,68,95,2,,,,,,,,2,,,,,,,,,,,,,,,68,44.845.589.879.651
580817,1,1,68,95,2,,,,,,,,1,2,,1,,,72000,,,,2,2,2,,2,68,342.960.476.179.571
580817,1,2,68,95,2,,,,,,,,2,,,,,,,,,,,,,,,68,342.960.476.179.571
580818,1,1,68,95,2,,,,,,,,2,,,,,,,,,,,,,,,68,260.526.829.303.038
580818,1,2,68,95,2,,,,,,,,1,2,,2,,,,,,,2,2,2,800000,1,68,260.526.829.303.038
580818,1,3,68,95,2,,,,,,,,1,2,,2,,,,,,,2,2,2,500000,1,68,260.526.829.303.038
580818,1,4,68,95,2,,,,,,,,2,,,,,,,,,,,,,,,68,260.526.829.303.038
580818,1,5,68,95,2,,,,,,,,2,,,,,,,,,,,,,,,68,260.526.829.303.038
580818,1,6,68,95,2,,,,,,,,2,,,,,,,,,,,,,,,68,260.526.829.303.038
580819,1,1,68,95,2,,,,,,,,2,,,,,,,,,,,,,,,68,340.365.558.346.885
580819,1,2,68,95,2,,,,,,,,2,,,,,,,,,,,,,,,68,340.365.558.346.885
580819,1,3,68,95,2,,,,,,,,2,,,,,,,,,,,,,,,68,340.365.558.346.885
580819,1,4,68,95,2,,,,,,,,2,,,,,,,,,,,,,,,68,340.365.558.346.885
580820,1,1,68,95,2,,,,,,,,2,,,,,,,,,,,,,,,68,398.485.520.301.027
580821,1,1,68,95,1,,2,2,570000,,,1,2,,,,,,,,,,,,,,,68,300.173.968.481.661
580821,1,2,68,95,2,,,,,,,,2,,,,,,,,,,,,,,,68,300.173.968.481.661
580821,1,3,68,95,2,,,,,,,,2,,,,,,,,,,,,,,,68,300.173.968.481.661
580822,1,1,68,95,2,,,,,,,,2,,,,,,,,,,,,,,,68,328.896.985.642.938
580822,1,2,68,95,2,,,,,,,,2,,,,,,,,,,,,,,,68,328.896.985.642.938
580822,1,3,68,95,2,,,,,,,,2,,,,,,,,,,,,,,,68,328.896.985.642.938
580822,1,4,68,95,2,,,,,,,,2,,,,,,,,,,,,,,,68,328.896.985.642.938
580823,1,1,68,95,2,,,,,,,,2,,,,,,,,,,,,,,,68,207.452.362.566.223
580823,1,2,68,95,2,,,,,,,,2,,,,,,,,,,,,,,,68,207.452.362.566.223
580823,1,3,68,95,2,,,,,,,,1,2,,2,,,,,,,2,2,2,1200000,1,68,207.452.362.566.223
580823,1,4,68,95,2,,,,,,,,2,,,,,,,,,,,,,,,68,207.452.362.566.223
580823,1,5,68,95,2,,,,,,,,2,,,,,,,,,,,,,,,68,207.452.362.566.223
580824,1,1,68,95,1,,2,1,,1052000,,2,2,,,,,,,,,,,,,,,68,407.630.587.901.923
580824,1,2,68,95,2,,,,,,,,2,,,,,,,,,,,,,,,68,407.630.587.901.923
580824,2,1,68,95,2,,,,,,,,2,,,,,,,,,,,,,,,68,407.630.587.901.923
580824,2,2,68,95,2,,,,,,,,2,,,,,,,,,,,,,,,68,407.630.587.901.923
580825,1,1,68,95,1,,1,1,,2000000,190000,2,2,,,,,,,,,,,,,,,68,371.535.098.866.385
580825,1,2,68,95,2,,,,,,,,2,,,,,,,,,,,,,,,68,371.535.098.866.385
580825,1,3,68,95,2,,,,,,,,2,,,,,,,,,,,,,,,68,371.535.098.866.385
580826,1,1,68,95,1,,2,1,,1400000,,2,1,2,,2,,,,,,3600000,2,1,2,,2,68,373.070.762.620.192
580826,1,2,68,95,2,,,,,,,,1,2,,2,,,,,,3600000,2,1,2,,2,68,373.070.762.620.192
580826,1,3,68,95,2,,,,,,,,2,,,,,,,,,,,,,,,68,373.070.762.620.192
580826,1,4,68,95,2,,,,,,,,2,,,,,,,,,,,,,,,68,373.070.762.620.192
580827,1,1,68,95,2,,,,,,,,2,,,,,,,,,,,,,,,68,327.386.015.447.157
580827,1,2,68,95,2,,,,,,,,2,,,,,,,,,,,,,,,68,327.386.015.447.157
580828,1,1,68,95,2,,,,,,,,1,2,,2,,,,,,500000,2,1,2,,2,68,293.774.007.394.798
580828,1,2,68,95,2,,,,,,,,2,,,,,,,,,,,,,,,68,293.774.007.394.798
580828,2,1,68,95,2,,,,,,,,1,2,,2,,,,,,500000,2,1,2,,2,68,293.774.007.394.798
580828,2,2,68,95,2,,,,,,,,2,,,,,,,,,,,,,,,68,293.774.007.394.798
580829,1,1,68,95,2,,,,,,,,2,,,,,,,,,,,,,,,68,497.580.981.831.103
580829,1,3,68,95,2,,,,,,,,2,,,,,,,,,,,,,,,68,497.580.981.831.103
580829,1,4,68,95,2,,,,,,,,2,,,,,,,,,,,,,,,68,497.580.981.831.103
580829,1,5,68,95,2,,,,,,,,1,2,,2,,,,,,1000000,2,1,2,,2,68,497.580.981.831.103
580830,1,1,68,95,2,,,,,,,,2,,,,,,,,,,,,,,,68,390.668.857.890.165
580830,1,2,68,95,2,,,,,,,,1,2,,2,,,,2500000,,,1,2,2,2000000,1,68,390.668.857.890.165
580830,1,3,68,95,2,,,,,,,,2,,,,,,,,,,,,,,,68,390.668.857.890.165
580831,1,1,68,95,1,,2,1,,600000,,2,2,,,,,,,,,,,,,,,68,471.767.640.886.849
580831,1,2,68,95,2,,,,,,,,2,,,,,,,,,,,,,,,68,471.767.640.886.849
580831,1,3,68,95,2,,,,,,,,2,,,,,,,,,,,,,,,68,471.767.640.886.849
580831,1,4,68,95,2,,,,,,,,2,,,,,,,,,,,,,,,68,471.767.640.886.849
580832,1,1,68,95,2,,,,,,,,2,,,,,,,,,,,,,,,68,369.191.097.276.642
580832,1,2,68,95,2,,,,,,,,2,,,,,,,,,,,,,,,68,369.191.097.276.642
580832,1,3,68,95,2,,,,,,,,2,,,,,,,,,,,,,,,68,369.191.097.276.642
580832,1,4,68,95,1,,2,1,,500000,,2,2,,,,,,,,,,,,,,,68,369.191.097.276.642
580833,1,1,68,95,2,,,,,,,,1,2,,2,,,,,,300000,2,1,2,,2,68,503.880.942.810.357
580833,1,2,68,95,2,,,,,,,,1,2,,2,,,,,,2000000,2,1,2,,2,68,503.880.942.810.357
580833,1,3,68,95,2,,,,,,,,2,,,,,,,,,,,,,,,68,503.880.942.810.357
580833,1,4,68,95,2,,,,,,,,2,,,,,,,,,,,,,,,68,503.880.942.810.357
580833,1,5,68,95,2,,,,,,,,2,,,,,,,,,,,,,,,68,503.880.942.810.357
580833,1,6,68,95,2,,,,,,,,2,,,,,,,,,,,,,,,68,503.880.942.810.357
580834,1,1,68,95,2,,,,,,,,2,,,,,,,,,,,,,,,68,434.330.093.093.621
580834,1,2,68,95,2,,,,,,,,2,,,,,,,,,,,,,,,68,434.330.093.093.621
580834,1,4,68,95,2,,,,,,,,2,,,,,,,,,,,,,,,68,434.330.093.093.621
580835,1,1,68,95,1,,1,2,,,600000,2,2,,,,,,,,,,,,,,,68,352.959.754.322.385
580835,1,2,68,95,2,,,,,,,,2,,,,,,,,,,,,,,,68,352.959.754.322.385
580835,1,3,68,95,2,,,,,,,,2,,,,,,,,,,,,,,,68,352.959.754.322.385
580835,1,4,68,95,2,,,,,,,,2,,,,,,,,,,,,,,,68,352.959.754.322.385
580836,1,1,68,95,1,,2,1,,1000000,,2,1,2,,2,,,,,,1000000,2,1,2,,2,68,334.733.793.763.392
580836,1,2,68,95,2,,,,,,,,1,2,,2,,,,,,9600000,2,1,2,,2,68,334.733.793.763.392
580836,1,3,68,95,2,,,,,,,,1,2,,2,,,,,,9600000,2,1,2,,2,68,334.733.793.763.392
580837,1,1,68,95,2,,,,,,,,2,,,,,,,,,,,,,,,68,384.298.328.847.957
580837,1,2,68,95,2,,,,,,,,2,,,,,,,,,,,,,,,68,384.298.328.847.957
580838,1,1,68,95,2,,,,,,,,2,,,,,,,,,,,,,,,68,352.959.754.322.385
580838,1,2,68,95,2,,,,,,,,2,,,,,,,,,,,,,,,68,352.959.754.322.385
580838,1,3,68,95,2,,,,,,,,2,,,,,,,,,,,,,,,68,352.959.754.322.385
580838,1,4,68,95,2,,,,,,,,2,,,,,,,,,,,,,,,68,352.959.754.322.385
580839,1,1,68,95,2,,,,,,,,2,,,,,,,,,,,,,,,68,327.386.015.447.157
580839,1,2,68,95,2,,,,,,,,2,,,,,,,,,,,,,,,68,327.386.015.447.157
580840,1,1,68,95,2,,,,,,,,2,,,,,,,,,,,,,,,68,268.856.033.487.698
580840,1,2,68,95,2,,,,,,,,2,,,,,,,,,,,,,,,68,268.856.033.487.698
580840,1,3,68,95,2,,,,,,,,2,,,,,,,,,,,,,,,68,268.856.033.487.698
580840,1,4,68,95,2,,,,,,,,2,,,,,,,,,,,,,,,68,268.856.033.487.698
580841,1,1,68,95,1,,2,1,,2800000,,2,2,,,,,,,,,,,,,,,68,289.779.433.647.858
580841,1,2,68,95,2,,,,,,,,2,,,,,,,,,,,,,,,68,289.779.433.647.858
580842,1,1,68,95,1,,2,1,,1500000,,2,2,,,,,,,,,,,,,,,68,35.046.735.825.818
580842,1,2,68,95,2,,,,,,,,2,,,,,,,,,,,,,,,68,35.046.735.825.818
580842,1,3,68,95,2,,,,,,,,2,,,,,,,,,,,,,,,68,35.046.735.825.818
580842,1,4,68,95,2,,,,,,,,2,,,,,,,,,,,,,,,68,35.046.735.825.818
580842,1,5,68,95,2,,,,,,,,2,,,,,,,,,,,,,,,68,35.046.735.825.818
580843,1,1,68,95,2,,,,,,,,1,2,,2,,,,,,2400000,2,1,2,,2,68,337.226.189.827.598
580843,1,2,68,95,2,,,,,,,,2,,,,,,,,,,,,,,,68,337.226.189.827.598
580844,1,1,68,95,1,,1,2,,,140000,2,2,,,,,,,,,,,,,,,68,328.773.284.726.501
580844,1,2,68,95,2,,,,,,,,2,,,,,,,,,,,,,,,68,328.773.284.726.501
580844,2,1,68,95,2,,,,,,,,1,2,,2,,,,,,2400000,2,1,2,,2,68,328.773.284.726.501
580845,1,1,68,95,2,,,,,,,,2,,,,,,,,,,,,,,,68,428.595.806.741.648
580845,1,2,68,95,2,,,,,,,,2,,,,,,,,,,,,,,,68,428.595.806.741.648
580845,1,3,68,95,2,,,,,,,,2,,,,,,,,,,,,,,,68,428.595.806.741.648
580846,1,1,68,95,1,,1,2,,,380000,2,2,,,,,,,,,,,,,,,68,374.822.861.860.135
580846,2,1,68,95,2,,,,,,,,1,2,,2,,,,,,1200000,2,1,2,,2,68,374.822.861.860.135
580846,3,1,68,95,2,,,,,,,,2,,,,,,,,,,,,,,,68,374.822.861.860.135
580846,3,2,68,95,2,,,,,,,,2,,,,,,,,,,,,,,,68,374.822.861.860.135
580846,4,1,68,95,2,,,,,,,,2,,,,,,,,,,,,,,,68,374.822.861.860.135
580847,1,1,68,95,2,,,,,,,,2,,,,,,,,,,,,,,,68,305.908.254.833.635
580847,1,2,68,95,1,,2,1,,461500,,2,2,,,,,,,,,,,,,,,68,305.908.254.833.635
580847,1,3,68,95,2,,,,,,,,2,,,,,,,,,,,,,,,68,305.908.254.833.635
580848,1,1,68,95,2,,,,,,,,1,2,,2,,,,,,98,2,1,2,,2,68,392.085.559.214.164
580848,1,2,68,95,2,,,,,,,,2,,,,,,,,,,,,,,,68,392.085.559.214.164
580849,1,1,68,95,2,,,,,,,,2,,,,,,,,,,,,,,,68,289.779.433.647.858
580849,1,2,68,95,2,,,,,,,,1,2,,2,,,,,,1200000,2,1,2,,2,68,289.779.433.647.858
580850,1,1,68,95,2,,,,,,,,1,2,,2,,,,,,,2,2,2,900000,1,68,391.543.585.395.711
580850,1,2,68,95,2,,,,,,,,2,,,,,,,,,,,,,,,68,391.543.585.395.711
580850,1,3,68,95,2,,,,,,,,2,,,,,,,,,,,,,,,68,391.543.585.395.711
580850,1,4,68,95,2,,,,,,,,2,,,,,,,,,,,,,,,68,391.543.585.395.711
580851,1,1,68,95,2,,,,,,,,1,2,,2,,,,,,1000000,2,1,2,,2,68,400.258.116.027.662
580851,1,2,68,95,2,,,,,,,,1,2,,2,,,,,,98,2,1,2,,2,68,400.258.116.027.662
580851,1,3,68,95,2,,,,,,,,2,,,,,,,,,,,,,,,68,400.258.116.027.662
580851,1,4,68,95,2,,,,,,,,2,,,,,,,,,,,,,,,68,400.258.116.027.662
580852,1,1,68,95,1,,1,2,,,150000,2,1,2,,2,,,,,,98,2,1,2,,2,68,305.776.301.020.499
580852,1,2,68,95,2,,,,,,,,2,,,,,,,,,,,,,,,68,305.776.301.020.499
580852,2,1,68,95,2,,,,,,,,2,,,,,,,,,,,,,,,68,305.776.301.020.499
580852,2,2,68,95,2,,,,,,,,2,,,,,,,,,,,,,,,68,305.776.301.020.499
580852,2,3,68,95,2,,,,,,,,2,,,,,,,,,,,,,,,68,305.776.301.020.499
580852,2,4,68,95,2,,,,,,,,2,,,,,,,,,,,,,,,68,305.776.301.020.499
580853,1,1,68,95,1,,2,1,,433704,,2,1,2,,2,,,,,,4000000,2,1,2,,2,68,455.799.887.549.701
580854,1,1,68,95,1,,2,1,,2200000,,2,2,,,,,,,,,,,,,,,68,365.825.651.126.463
580854,1,2,68,95,1,,2,1,,2300000,,2,2,,,,,,,,,,,,,,,68,365.825.651.126.463
580855,1,1,68,95,2,,,,,,,,2,,,,,,,,,,,,,,,68,437.310.337.373.598
580855,1,2,68,95,2,,,,,,,,2,,,,,,,,,,,,,,,68,437.310.337.373.598
580855,1,3,68,95,2,,,,,,,,2,,,,,,,,,,,,,,,68,437.310.337.373.598
580856,1,1,68,95,2,,,,,,,,2,,,,,,,,,,,,,,,68,426.542.862.727.414
580856,1,2,68,95,2,,,,,,,,2,,,,,,,,,,,,,,,68,426.542.862.727.414
580856,1,5,68,95,2,,,,,,,,1,2,,2,,,,,,,2,2,2,1800000,1,68,426.542.862.727.414
580857,1,1,68,95,2,,,,,,,,1,2,,2,,,,,,3400000,2,1,2,,2,68,490.491.379.905.312
580857,1,2,68,95,2,,,,,,,,2,,,,,,,,,,,,,,,68,490.491.379.905.312
580857,1,3,68,95,2,,,,,,,,2,,,,,,,,,,,,,,,68,490.491.379.905.312
580858,1,1,68,95,2,,,,,,,,2,,,,,,,,,,,,,,,68,268.856.033.487.698
580858,1,2,68,95,2,,,,,,,,2,,,,,,,,,,,,,,,68,268.856.033.487.698
580858,1,3,68,95,2,,,,,,,,2,,,,,,,,,,,,,,,68,268.856.033.487.698
580858,1,4,68,95,2,,,,,,,,2,,,,,,,,,,,,,,,68,268.856.033.487.698
580859,1,1,68,95,1,,2,1,,1491000,,2,2,,,,,,,,,,,,,,,68,315.907.532.976.448
580859,1,2,68,95,2,,,,,,,,2,,,,,,,,,,,,,,,68,315.907.532.976.448
580859,1,3,68,95,2,,,,,,,,2,,,,,,,,,,,,,,,68,315.907.532.976.448
580859,1,4,68,95,2,,,,,,,,1,2,,2,,,,,,98,2,1,2,,2,68,315.907.532.976.448
580859,1,5,68,95,2,,,,,,,,2,,,,,,,,,,,,,,,68,315.907.532.976.448
580860,1,1,68,95,2,,,,,,,,2,,,,,,,,,,,,,,,68,36.143.329.895.509
580860,1,2,68,95,2,,,,,,,,2,,,,,,,,,,,,,,,68,36.143.329.895.509
580861,1,1,68,95,2,,,,,,,,2,,,,,,,,,,,,,,,68,325.768.346.888.497
580861,1,2,68,95,2,,,,,,,,1,2,,2,,,,,,1000000,2,1,2,,2,68,325.768.346.888.497
580861,1,3,68,95,2,,,,,,,,2,,,,,,,,,,,,,,,68,325.768.346.888.497
580861,1,4,68,95,2,,,,,,,,2,,,,,,,,,,,,,,,68,325.768.346.888.497
580862,1,1,68,95,2,,,,,,,,2,,,,,,,,,,,,,,,68,399.872.789.580.371
580862,1,2,68,95,2,,,,,,,,2,,,,,,,,,,,,,,,68,399.872.789.580.371
580863,1,1,68,95,2,,,,,,,,2,,,,,,,,,,,,,,,68,48.206.790.684.887
580863,1,2,68,95,2,,,,,,,,2,,,,,,,,,,,,,,,68,48.206.790.684.887
580864,1,1,68,95,2,,,,,,,,2,,,,,,,,,,,,,,,68,392.751.233.949.054
580865,1,1,68,95,2,,,,,,,,2,,,,,,,,,,,,,,,68,335.173.245.813.364
580865,1,2,68,95,2,,,,,,,,2,,,,,,,,,,,,,,,68,335.173.245.813.364
580866,1,1,68,95,2,,,,,,,,2,,,,,,,,,,,,,,,68,425.052.549.939.496
580867,1,1,68,95,1,,1,2,,,350000,2,2,,,,,,,,,,,,,,,68,437.307.595.373.075
580867,1,2,68,95,2,,,,,,,,2,,,,,,,,,,,,,,,68,437.307.595.373.075
580867,1,3,68,95,2,,,,,,,,1,2,,2,,,,,,3500000,2,1,2,,2,68,437.307.595.373.075
580868,1,1,68,95,1,,2,1,,800000,,2,1,2,,2,,,,,,8400000,2,1,2,,2,68,345.304.477.769.314
580869,1,1,68,95,2,,,,,,,,2,,,,,,,,,,,,,,,68,434.966.335.783.856
580869,1,2,68,95,2,,,,,,,,2,,,,,,,,,,,,,,,68,434.966.335.783.856
580869,1,3,68,95,2,,,,,,,,2,,,,,,,,,,,,,,,68,434.966.335.783.856
580869,1,4,68,95,1,,2,1,,410000,,2,2,,,,,,,,,,,,,,,68,434.966.335.783.856
580870,1,1,68,95,1,,2,1,,2860000,,2,2,,,,,,,,,,,,,,,68,289.779.433.647.858
580870,1,2,68,95,2,,,,,,,,2,,,,,,,,,,,,,,,68,289.779.433.647.858
580871,1,1,68,95,1,,1,1,,900000,350000,2,2,,,,,,,,,,,,,,,68,408.587.320.212.322
580871,1,2,68,95,2,,,,,,,,2,,,,,,,,,,,,,,,68,408.587.320.212.322
580872,1,1,68,95,2,,,,,,,,2,,,,,,,,,,,,,,,68,335.173.245.813.364
580872,1,2,68,95,2,,,,,,,,2,,,,,,,,,,,,,,,68,335.173.245.813.364
580873,1,1,68,95,2,,,,,,,,2,,,,,,,,,,,,,,,68,428.595.806.741.648
580873,1,2,68,95,2,,,,,,,,2,,,,,,,,,,,,,,,68,428.595.806.741.648
580873,1,3,68,95,2,,,,,,,,1,2,,2,,,,,,12000000,2,1,2,,2,68,428.595.806.741.648
580874,1,1,68,95,2,,,,,,,,2,,,,,,,,,,,,,,,68,396.463.631.841.882
580874,1,2,68,95,1,,2,1,,99,,2,2,,,,,,,,,,,,,,,68,396.463.631.841.882
580874,1,3,68,95,2,,,,,,,,2,,,,,,,,,,,,,,,68,396.463.631.841.882
580953,1,1,73,95,2,,,,,,,,2,,,,,,,,,,,,,,,73,162.513.042.141.985
580954,1,1,73,95,1,,1,2,,,300000,2,2,,,,,,,,,,,,,,,73,24.158.056.968.409
580955,1,1,73,95,2,,,,,,,,1,2,,2,,,,,,100000,2,1,2,,2,73,157.867.094.591.771
580955,1,2,73,95,2,,,,,,,,1,2,,2,,,,,,300000,2,1,2,,2,73,157.867.094.591.771
580955,1,3,73,95,2,,,,,,,,2,,,,,,,,,,,,,,,73,157.867.094.591.771
580955,1,4,73,95,2,,,,,,,,1,2,,2,,,,,,250000,2,1,2,,2,73,157.867.094.591.771
580956,1,1,73,95,2,,,,,,,,2,,,,,,,,,,,,,,,73,102.203.766.398.647
580956,1,2,73,95,2,,,,,,,,2,,,,,,,,,,,,,,,73,102.203.766.398.647
580956,1,3,73,95,2,,,,,,,,2,,,,,,,,,,,,,,,73,102.203.766.398.647
580956,1,4,73,95,2,,,,,,,,2,,,,,,,,,,,,,,,73,102.203.766.398.647
580957,1,1,73,95,2,,,,,,,,2,,,,,,,,,,,,,,,73,21.769.539.619.097
580957,1,2,73,95,2,,,,,,,,2,,,,,,,,,,,,,,,73,21.769.539.619.097
580957,1,3,73,95,2,,,,,,,,2,,,,,,,,,,,,,,,73,21.769.539.619.097
580957,1,4,73,95,1,,2,1,,433700,,2,2,,,,,,,,,,,,,,,73,21.769.539.619.097
580958,1,1,73,95,2,,,,,,,,2,,,,,,,,,,,,,,,73,245.955.807.299.458
580959,1,1,73,95,2,,,,,,,,2,,,,,,,,,,,,,,,73,222.774.056.800.295
580959,1,2,73,95,2,,,,,,,,1,2,,2,,,,,,400000,2,1,2,,2,73,222.774.056.800.295
580959,1,3,73,95,2,,,,,,,,2,,,,,,,,,,,,,,,73,222.774.056.800.295
580960,1,1,73,95,2,,,,,,,,1,2,,2,,,,,,1500000,2,1,2,,2,73,127.515.664.105.723
580960,1,2,73,95,2,,,,,,,,1,2,,2,,,,300000,,,1,2,2,,2,73,127.515.664.105.723
580960,1,3,73,95,2,,,,,,,,2,,,,,,,,,,,,,,,73,127.515.664.105.723
580961,1,1,73,95,2,,,,,,,,2,,,,,,,,,,,,,,,73,111.934.449.219.564
580961,1,2,73,95,2,,,,,,,,2,,,,,,,,,,,,,,,73,111.934.449.219.564
580961,1,3,73,95,2,,,,,,,,2,,,,,,,,,,,,,,,73,111.934.449.219.564
580961,1,4,73,95,2,,,,,,,,2,,,,,,,,,,,,,,,73,111.934.449.219.564
580961,1,5,73,95,2,,,,,,,,2,,,,,,,,,,,,,,,73,111.934.449.219.564
580965,1,1,73,95,1,,2,1,,1200000,,2,2,,,,,,,,,,,,,,,73,165.603.147.566.801
580965,1,2,73,95,2,,,,,,,,1,2,,2,,,,,,100000,2,1,2,,2,73,165.603.147.566.801
580965,1,3,73,95,2,,,,,,,,1,2,,2,,,,1000000,,,1,2,2,,2,73,165.603.147.566.801
580967,1,1,73,95,2,,,,,,,,2,,,,,,,,,,,,,,,73,213.762.004.889.387
580967,1,2,73,95,2,,,,,,,,1,2,,2,,,,,,870000,2,1,2,,2,73,213.762.004.889.387
580967,1,3,73,95,2,,,,,,,,2,,,,,,,,,,,,,,,73,213.762.004.889.387
580967,1,4,73,95,1,,2,1,,433700,,2,2,,,,,,,,,,,,,,,73,213.762.004.889.387
580968,1,1,73,95,2,,,,,,,,2,,,,,,,,,,,,,,,73,264.322.331.302.459
580968,1,2,73,95,2,,,,,,,,2,,,,,,,,,,,,,,,73,264.322.331.302.459
580968,1,3,73,95,2,,,,,,,,2,,,,,,,,,,,,,,,73,264.322.331.302.459
580968,1,4,73,95,2,,,,,,,,2,,,,,,,,,,,,,,,73,264.322.331.302.459
580969,1,1,73,95,1,,2,1,,1500000,,2,2,,,,,,,,,,,,,,,73,113.847.981.841.104
580969,1,2,73,95,2,,,,,,,,2,,,,,,,,,,,,,,,73,113.847.981.841.104
580970,1,1,73,95,1,,2,1,,553000,,2,1,2,,2,,,,,,4000000,2,1,2,,2,73,196.300.794.205.995
580970,1,2,73,95,2,,,,,,,,2,,,,,,,,,,,,,,,73,196.300.794.205.995
580971,1,1,73,95,2,,,,,,,,1,2,,2,,,,,,8000000,2,1,2,,2,73,139.415.931.115.796
580971,1,2,73,95,2,,,,,,,,2,,,,,,,,,,,,,,,73,139.415.931.115.796
580972,1,1,73,95,2,,,,,,,,1,2,,2,,,,,,3000000,2,1,2,,2,73,161.776.264.657.729
580972,1,3,73,95,2,,,,,,,,2,,,,,,,,,,,,,,,73,161.776.264.657.729
580973,1,1,73,95,2,,,,,,,,2,,,,,,,,,,,,,,,73,248.162.468.324.202
580973,1,2,73,95,2,,,,,,,,2,,,,,,,,,,,,,,,73,248.162.468.324.202
580975,1,1,73,95,2,,,,,,,,2,,,,,,,,,,,,,,,73,264.322.331.302.459
580975,1,2,73,95,2,,,,,,,,2,,,,,,,,,,,,,,,73,264.322.331.302.459
580975,1,3,73,95,2,,,,,,,,2,,,,,,,,,,,,,,,73,264.322.331.302.459
580975,1,4,73,95,2,,,,,,,,2,,,,,,,,,,,,,,,73,264.322.331.302.459
580976,1,1,73,95,2,,,,,,,,2,,,,,,,,,,,,,,,73,245.167.744.832.527
580976,1,2,73,95,2,,,,,,,,2,,,,,,,,,,,,,,,73,245.167.744.832.527
580976,1,3,73,95,2,,,,,,,,2,,,,,,,,,,,,,,,73,245.167.744.832.527
580977,1,1,73,95,2,,,,,,,,2,,,,,,,,,,,,,,,73,262.680.240.498.594
580977,1,2,73,95,2,,,,,,,,2,,,,,,,,,,,,,,,73,262.680.240.498.594
580977,1,3,73,95,2,,,,,,,,2,,,,,,,,,,,,,,,73,262.680.240.498.594
580977,1,4,73,95,2,,,,,,,,2,,,,,,,,,,,,,,,73,262.680.240.498.594
580978,1,1,73,95,2,,,,,,,,2,,,,,,,,,,,,,,,73,222.774.056.800.295
580978,1,2,73,95,2,,,,,,,,2,,,,,,,,,,,,,,,73,222.774.056.800.295
580978,1,3,73,95,2,,,,,,,,2,,,,,,,,,,,,,,,73,222.774.056.800.295
580979,1,1,73,95,2,,,,,,,,2,,,,,,,,,,,,,,,73,211.220.005.943.367
580979,1,2,73,95,2,,,,,,,,2,,,,,,,,,,,,,,,73,211.220.005.943.367
580980,1,1,73,95,1,,1,2,,,23000,2,1,2,,1,,,700000,,,400000,2,1,2,,2,73,158.128.671.271.942
580980,1,2,73,95,2,,,,,,,,2,,,,,,,,,,,,,,,73,158.128.671.271.942
580980,1,3,73,95,2,,,,,,,,2,,,,,,,,,,,,,,,73,158.128.671.271.942
580981,1,1,73,95,1,,2,1,,2300000,,2,2,,,,,,,,,,,,,,,73,237.849.068.708.158
580981,1,2,73,95,2,,,,,,,,2,,,,,,,,,,,,,,,73,237.849.068.708.158
580981,1,3,73,95,2,,,,,,,,2,,,,,,,,,,,,,,,73,237.849.068.708.158
580982,1,1,73,95,2,,,,,,,,2,,,,,,,,,,,,,,,73,147.142.850.836.152
580982,1,2,73,95,2,,,,,,,,2,,,,,,,,,,,,,,,73,147.142.850.836.152
580982,1,4,73,95,2,,,,,,,,2,,,,,,,,,,,,,,,73,147.142.850.836.152
580983,1,1,73,95,2,,,,,,,,2,,,,,,,,,,,,,,,73,210.873.789.790.222
580983,1,2,73,95,2,,,,,,,,2,,,,,,,,,,,,,,,73,210.873.789.790.222
580983,1,3,73,95,2,,,,,,,,2,,,,,,,,,,,,,,,73,210.873.789.790.222
580983,1,4,73,95,2,,,,,,,,2,,,,,,,,,,,,,,,73,210.873.789.790.222
580984,1,1,73,95,2,,,,,,,,2,,,,,,,,,,,,,,,73,158.339.694.852.268
580984,1,2,73,95,2,,,,,,,,2,,,,,,,,,,,,,,,73,158.339.694.852.268
580984,1,5,73,95,1,,2,1,,1200000,,2,2,,,,,,,,,,,,,,,73,158.339.694.852.268
580985,1,1,73,95,2,,,,,,,,2,,,,,,,,,,,,,,,73,22.576.878.029.197
580985,1,2,73,95,2,,,,,,,,1,2,,2,,,,,,40000,2,1,2,,2,73,22.576.878.029.197
580986,1,1,73,95,2,,,,,,,,2,,,,,,,,,,,,,,,73,236.965.624.308.086
580986,1,2,73,95,2,,,,,,,,2,,,,,,,,,,,,,,,73,236.965.624.308.086
580987,1,1,73,95,2,,,,,,,,2,,,,,,,,,,,,,,,73,236.965.624.308.086
580987,1,2,73,95,2,,,,,,,,2,,,,,,,,,,,,,,,73,236.965.624.308.086
580988,1,1,73,95,2,,,,,,,,2,,,,,,,,,,,,,,,73,135.946.006.820.036
580988,1,2,73,95,2,,,,,,,,1,2,,1,,,470000,,,,2,2,2,,2,73,135.946.006.820.036
580988,1,3,73,95,2,,,,,,,,1,2,,1,,,160000,,,,2,2,2,,2,73,135.946.006.820.036
580989,1,1,73,95,2,,,,,,,,2,,,,,,,,,,,,,,,73,255.416.787.784.061
580989,1,2,73,95,2,,,,,,,,2,,,,,,,,,,,,,,,73,255.416.787.784.061
580989,1,3,73,95,2,,,,,,,,2,,,,,,,,,,,,,,,73,255.416.787.784.061
580989,1,4,73,95,2,,,,,,,,2,,,,,,,,,,,,,,,73,255.416.787.784.061
580991,1,1,73,95,2,,,,,,,,1,2,,2,,,,,,500000,2,1,2,,2,73,236.915.071.208.241
580991,1,2,73,95,2,,,,,,,,2,,,,,,,,,,,,,,,73,236.915.071.208.241
580991,1,4,73,95,2,,,,,,,,1,2,,2,,,,,,600000,2,1,2,,2,73,236.915.071.208.241
580992,1,1,73,95,2,,,,,,,,2,,,,,,,,,,,,,,,73,142.064.438.454.326
580992,1,2,73,95,2,,,,,,,,1,2,,1,,,70000,,,,2,2,2,,2,73,142.064.438.454.326
580992,1,3,73,95,2,,,,,,,,1,2,,2,,,,,,2400000,2,1,2,,2,73,142.064.438.454.326
580993,1,1,73,95,2,,,,,,,,2,,,,,,,,,,,,,,,73,199.286.384.442.995
580993,1,2,73,95,2,,,,,,,,2,,,,,,,,,,,,,,,73,199.286.384.442.995
580993,1,4,73,95,2,,,,,,,,2,,,,,,,,,,,,,,,73,199.286.384.442.995
580994,1,1,73,95,2,,,,,,,,1,2,,2,,,,,,400000,2,1,2,,2,73,157.791.588.373.471
580994,1,2,73,95,2,,,,,,,,2,,,,,,,,,,,,,,,73,157.791.588.373.471
580994,1,3,73,95,2,,,,,,,,2,,,,,,,,,,,,,,,73,157.791.588.373.471
580995,1,1,73,95,2,,,,,,,,2,,,,,,,,,,,,,,,73,13.603.064.629.301
580995,1,2,73,95,2,,,,,,,,2,,,,,,,,,,,,,,,73,13.603.064.629.301
580996,1,1,73,95,2,,,,,,,,2,,,,,,,,,,,,,,,73,196.300.794.205.995
580996,1,2,73,95,1,,2,1,,716729,,2,2,,,,,,,,,,,,,,,73,196.300.794.205.995
580997,1,1,73,95,2,,,,,,,,1,2,,2,,,,,,4800000,2,1,2,,2,73,245.609.591.146.313
580997,1,2,73,95,2,,,,,,,,2,,,,,,,,,,,,,,,73,245.609.591.146.313
580997,1,3,73,95,2,,,,,,,,2,,,,,,,,,,,,,,,73,245.609.591.146.313
580998,1,1,73,95,2,,,,,,,,1,2,,2,,,,,,1000000,2,1,2,,2,73,225.853.419.764.944
580999,1,1,73,95,2,,,,,,,,1,2,,1,,,4000000,,,,2,2,2,,2,73,176.579.834.747.917
580999,1,2,73,95,2,,,,,,,,2,,,,,,,,,,,,,,,73,176.579.834.747.917
580999,1,3,73,95,2,,,,,,,,2,,,,,,,,,,,,,,,73,176.579.834.747.917
580999,1,4,73,95,2,,,,,,,,2,,,,,,,,,,,,,,,73,176.579.834.747.917
580999,1,5,73,95,2,,,,,,,,2,,,,,,,,,,,,,,,73,176.579.834.747.917
581000,1,1,73,95,1,,2,1,,1800000,,2,2,,,,,,,,,,,,,,,73,199.686.079.028.781
581000,1,2,73,95,2,,,,,,,,1,2,,2,,,,,,2000000,2,1,2,,2,73,199.686.079.028.781
581001,1,1,73,95,2,,,,,,,,2,,,,,,,,,,,,,,,73,241.234.353.530.945
581001,1,2,73,95,2,,,,,,,,2,,,,,,,,,,,,,,,73,241.234.353.530.945
581001,1,3,73,95,2,,,,,,,,2,,,,,,,,,,,,,,,73,241.234.353.530.945
581002,1,1,73,95,2,,,,,,,,2,,,,,,,,,,,,,,,73,158.044.031.798.968
581002,1,2,73,95,2,,,,,,,,2,,,,,,,,,,,,,,,73,158.044.031.798.968
581002,1,3,73,95,2,,,,,,,,2,,,,,,,,,,,,,,,73,158.044.031.798.968
581002,1,4,73,95,2,,,,,,,,1,2,,1,,,600000,,,,2,2,2,,2,73,158.044.031.798.968
581003,1,1,73,95,2,,,,,,,,2,,,,,,,,,,,,,,,73,162.513.042.141.985
581004,1,1,73,95,2,,,,,,,,1,2,,1,,,2000000,,,,2,2,2,,2,73,129.657.968.465.957
581004,1,2,73,95,2,,,,,,,,2,,,,,,,,,,,,,,,73,129.657.968.465.957
581004,1,3,73,95,2,,,,,,,,2,,,,,,,,,,,,,,,73,129.657.968.465.957
581004,1,4,73,95,2,,,,,,,,2,,,,,,,,,,,,,,,73,129.657.968.465.957
581004,1,5,73,95,2,,,,,,,,2,,,,,,,,,,,,,,,73,129.657.968.465.957
581004,1,7,73,95,2,,,,,,,,1,2,,2,,,,,,300000,2,1,2,,2,73,129.657.968.465.957
581005,1,1,73,95,2,,,,,,,,1,2,,2,,,,,,6000000,2,1,2,,2,73,177.578.920.795.174
581005,1,2,73,95,2,,,,,,,,1,2,,2,,,,,,1200000,2,1,2,,2,73,177.578.920.795.174
581005,1,3,73,95,2,,,,,,,,1,2,,2,,,,,,2000000,2,1,2,,2,73,177.578.920.795.174
581006,1,1,73,95,2,,,,,,,,2,,,,,,,,,,,,,,,73,333.305.939.755.623
581006,1,2,73,95,2,,,,,,,,2,,,,,,,,,,,,,,,73,333.305.939.755.623
581006,2,1,73,95,2,,,,,,,,1,2,,2,,,,,,2000000,2,1,2,,2,73,333.305.939.755.623
581006,2,2,73,95,2,,,,,,,,2,,,,,,,,,,,,,,,73,333.305.939.755.623
581007,1,1,73,95,1,,2,1,,2100000,,2,2,,,,,,,,,,,,,,,73,229.680.302.674.017
581007,1,2,73,95,2,,,,,,,,2,,,,,,,,,,,,,,,73,229.680.302.674.017
581008,1,1,73,95,2,,,,,,,,2,,,,,,,,,,,,,,,73,362.451.564.596.262
581008,1,2,73,95,2,,,,,,,,2,,,,,,,,,,,,,,,73,362.451.564.596.262
581009,1,1,73,95,2,,,,,,,,1,2,,2,,,,,,8000000,2,1,2,,2,73,646.283.072.554.126
581009,1,5,73,95,2,,,,,,,,2,,,,,,,,,,,,,,,73,646.283.072.554.126
581010,1,1,73,95,2,,,,,,,,2,,,,,,,,,,,,,,,73,183.960.538.315.127
581010,1,2,73,95,2,,,,,,,,2,,,,,,,,,,,,,,,73,183.960.538.315.127
581010,1,3,73,95,2,,,,,,,,2,,,,,,,,,,,,,,,73,183.960.538.315.127
581010,1,4,73,95,2,,,,,,,,2,,,,,,,,,,,,,,,73,183.960.538.315.127
581010,1,5,73,95,2,,,,,,,,2,,,,,,,,,,,,,,,73,183.960.538.315.127
581010,1,6,73,95,2,,,,,,,,2,,,,,,,,,,,,,,,73,183.960.538.315.127
581010,1,7,73,95,2,,,,,,,,2,,,,,,,,,,,,,,,73,183.960.538.315.127
581010,1,8,73,95,2,,,,,,,,2,,,,,,,,,,,,,,,73,183.960.538.315.127
581011,1,1,73,95,2,,,,,,,,2,,,,,,,,,,,,,,,73,24.530.186.652.091
581011,1,2,73,95,2,,,,,,,,2,,,,,,,,,,,,,,,73,24.530.186.652.091
581011,1,3,73,95,2,,,,,,,,2,,,,,,,,,,,,,,,73,24.530.186.652.091
581011,1,4,73,95,2,,,,,,,,2,,,,,,,,,,,,,,,73,24.530.186.652.091
581011,1,5,73,95,2,,,,,,,,2,,,,,,,,,,,,,,,73,24.530.186.652.091
581011,1,8,73,95,2,,,,,,,,2,,,,,,,,,,,,,,,73,24.530.186.652.091
581012,1,1,73,95,1,,2,1,,1500000,,2,2,,,,,,,,,,,,,,,73,102.203.766.398.647
581012,1,2,73,95,1,,2,1,,950000,,2,2,,,,,,,,,,,,,,,73,102.203.766.398.647
581012,1,3,73,95,1,,2,1,,1400000,,2,2,,,,,,,,,,,,,,,73,102.203.766.398.647
581013,1,1,73,95,2,,,,,,,,2,,,,,,,,,,,,,,,73,11.723.326.666.389
581013,1,2,73,95,2,,,,,,,,2,,,,,,,,,,,,,,,73,11.723.326.666.389
581014,1,1,73,95,2,,,,,,,,2,,,,,,,,,,,,,,,73,211.220.005.943.367
581014,1,2,73,95,2,,,,,,,,2,,,,,,,,,,,,,,,73,211.220.005.943.367
581015,1,1,73,95,2,,,,,,,,1,2,,2,,,,,,1200000,2,1,2,,2,73,13.867.915.363.154
581015,1,2,73,95,2,,,,,,,,2,,,,,,,,,,,,,,,73,13.867.915.363.154
581015,1,4,73,95,2,,,,,,,,2,,,,,,,,,,,,,,,73,13.867.915.363.154
581016,1,1,73,95,2,,,,,,,,2,,,,,,,,,,,,,,,73,192.422.626.314.247
581016,1,2,73,95,2,,,,,,,,2,,,,,,,,,,,,,,,73,192.422.626.314.247
581017,1,1,73,95,2,,,,,,,,2,,,,,,,,,,,,,,,73,274.138.661.194.882
581017,1,2,73,95,2,,,,,,,,2,,,,,,,,,,,,,,,73,274.138.661.194.882
581017,1,5,73,95,2,,,,,,,,2,,,,,,,,,,,,,,,73,274.138.661.194.882
581018,1,1,73,95,2,,,,,,,,2,,,,,,,,,,,,,,,73,362.451.564.596.262
581018,1,2,73,95,2,,,,,,,,2,,,,,,,,,,,,,,,73,362.451.564.596.262
581019,1,1,73,95,2,,,,,,,,2,,,,,,,,,,,,,,,73,35.568.099.495.069
581019,1,2,73,95,1,,2,1,,480000,,2,2,,,,,,,,,,,,,,,73,35.568.099.495.069
581020,1,1,73,95,2,,,,,,,,2,,,,,,,,,,,,,,,73,198.940.168.289.849
581020,1,2,73,95,2,,,,,,,,2,,,,,,,,,,,,,,,73,198.940.168.289.849
581020,1,3,73,95,2,,,,,,,,2,,,,,,,,,,,,,,,73,198.940.168.289.849
581020,1,5,73,95,2,,,,,,,,1,2,,2,,,,,,100000,2,1,2,,2,73,198.940.168.289.849
581020,1,6,73,95,2,,,,,,,,2,,,,,,,,,,,,,,,73,198.940.168.289.849
581021,1,1,73,95,2,,,,,,,,2,,,,,,,,,,,,,,,73,24.122.522.027.627
581021,1,2,73,95,2,,,,,,,,2,,,,,,,,,,,,,,,73,24.122.522.027.627
581021,1,3,73,95,2,,,,,,,,2,,,,,,,,,,,,,,,73,24.122.522.027.627
581021,1,4,73,95,2,,,,,,,,2,,,,,,,,,,,,,,,73,24.122.522.027.627
581021,1,5,73,95,2,,,,,,,,2,,,,,,,,,,,,,,,73,24.122.522.027.627
581022,1,1,73,95,1,,1,2,,,35000,2,2,,,,,,,,,,,,,,,73,11.723.326.666.389
581022,1,2,73,95,2,,,,,,,,2,,,,,,,,,,,,,,,73,11.723.326.666.389
581023,1,1,73,95,1,,2,1,,480000,,2,2,,,,,,,,,,,,,,,73,196.300.794.205.995
581023,1,2,73,95,2,,,,,,,,2,,,,,,,,,,,,,,,73,196.300.794.205.995
581024,1,1,73,95,2,,,,,,,,1,2,,2,,,,,,3000000,2,1,2,,2,73,209.704.547.474.354
581024,1,3,73,95,2,,,,,,,,1,2,,2,,,,,,400000,2,1,2,,2,73,209.704.547.474.354
581025,1,1,73,95,2,,,,,,,,2,,,,,,,,,,,,,,,73,102.203.766.398.647
581025,1,2,73,95,2,,,,,,,,2,,,,,,,,,,,,,,,73,102.203.766.398.647
581025,1,3,73,95,2,,,,,,,,2,,,,,,,,,,,,,,,73,102.203.766.398.647
581025,1,4,73,95,2,,,,,,,,2,,,,,,,,,,,,,,,73,102.203.766.398.647
581025,1,5,73,95,2,,,,,,,,2,,,,,,,,,,,,,,,73,102.203.766.398.647
581026,1,1,73,95,1,,2,1,,1132000,,2,2,,,,,,,,,,,,,,,73,196.300.794.205.995
581026,1,2,73,95,2,,,,,,,,2,,,,,,,,,,,,,,,73,196.300.794.205.995
581027,1,1,73,95,1,,2,1,,900000,,2,2,,,,,,,,,,,,,,,73,21.501.353.436.214
581027,1,2,73,95,2,,,,,,,,2,,,,,,,,,,,,,,,73,21.501.353.436.214
581027,1,3,73,95,2,,,,,,,,2,,,,,,,,,,,,,,,73,21.501.353.436.214
581028,1,1,73,95,2,,,,,,,,1,2,,2,,,,,,1200000,2,1,2,,2,73,21.825.288.415.194
581029,1,1,73,95,2,,,,,,,,2,,,,,,,,,,,,,,,73,24.158.056.968.409
581030,1,1,73,95,2,,,,,,,,1,2,,2,,,,,,1000000,2,1,2,,2,73,245.609.591.146.313
581030,1,2,73,95,2,,,,,,,,1,2,,2,,,,,,800000,2,1,2,,2,73,245.609.591.146.313
581030,1,3,73,95,2,,,,,,,,1,2,,2,,,,,,80000,2,1,2,,2,73,245.609.591.146.313
581032,1,1,73,95,2,,,,,,,,2,,,,,,,,,,,,,,,73,158.128.671.271.942
581032,1,2,73,95,2,,,,,,,,2,,,,,,,,,,,,,,,73,158.128.671.271.942
581032,1,3,73,95,2,,,,,,,,2,,,,,,,,,,,,,,,73,158.128.671.271.942
581033,1,1,73,95,2,,,,,,,,2,,,,,,,,,,,,,,,73,353.682.822.856.176
581033,1,2,73,95,2,,,,,,,,2,,,,,,,,,,,,,,,73,353.682.822.856.176
581033,1,3,73,95,2,,,,,,,,2,,,,,,,,,,,,,,,73,353.682.822.856.176
581033,1,4,73,95,2,,,,,,,,2,,,,,,,,,,,,,,,73,353.682.822.856.176
581034,1,1,73,95,2,,,,,,,,2,,,,,,,,,,,,,,,73,233.970.900.816.411
581034,1,2,73,95,2,,,,,,,,2,,,,,,,,,,,,,,,73,233.970.900.816.411
581034,1,3,73,95,2,,,,,,,,2,,,,,,,,,,,,,,,73,233.970.900.816.411
581035,1,1,73,95,2,,,,,,,,2,,,,,,,,,,,,,,,73,288.762.941.761.784
581035,1,2,73,95,2,,,,,,,,2,,,,,,,,,,,,,,,73,288.762.941.761.784
581035,1,3,73,95,2,,,,,,,,2,,,,,,,,,,,,,,,73,288.762.941.761.784
581035,1,4,73,95,2,,,,,,,,2,,,,,,,,,,,,,,,73,288.762.941.761.784
581036,1,1,73,95,2,,,,,,,,2,,,,,,,,,,,,,,,73,165.161.549.480.515
581036,1,3,73,95,2,,,,,,,,2,,,,,,,,,,,,,,,73,165.161.549.480.515
581037,1,1,73,95,2,,,,,,,,1,2,,2,,,,,,8400000,2,1,2,,2,73,392.308.094.453.771
581037,1,2,73,95,2,,,,,,,,2,,,,,,,,,,,,,,,73,392.308.094.453.771
581037,1,3,73,95,2,,,,,,,,2,,,,,,,,,,,,,,,73,392.308.094.453.771
581037,1,4,73,95,2,,,,,,,,2,,,,,,,,,,,,,,,73,392.308.094.453.771
581038,1,1,73,95,1,,1,2,,,450000,2,2,,,,,,,,,,,,,,,73,112.511.812.895.376
581038,1,2,73,95,2,,,,,,,,2,,,,,,,,,,,,,,,73,112.511.812.895.376
581038,1,3,73,95,2,,,,,,,,2,,,,,,,,,,,,,,,73,112.511.812.895.376
581038,1,4,73,95,2,,,,,,,,2,,,,,,,,,,,,,,,73,112.511.812.895.376
581039,1,1,73,95,2,,,,,,,,2,,,,,,,,,,,,,,,73,278.598.538.283.224
581039,1,2,73,95,2,,,,,,,,2,,,,,,,,,,,,,,,73,278.598.538.283.224
581040,1,1,73,95,2,,,,,,,,2,,,,,,,,,,,,,,,73,211.220.005.943.367
581040,1,2,73,95,2,,,,,,,,2,,,,,,,,,,,,,,,73,211.220.005.943.367
581041,1,1,73,95,2,,,,,,,,2,,,,,,,,,,,,,,,73,199.676.945.774.106
581041,1,2,73,95,2,,,,,,,,1,2,,2,,,,,,340000,2,1,2,,2,73,199.676.945.774.106
581041,1,3,73,95,2,,,,,,,,2,,,,,,,,,,,,,,,73,199.676.945.774.106
581041,1,4,73,95,2,,,,,,,,2,,,,,,,,,,,,,,,73,199.676.945.774.106
581042,1,1,73,95,1,,1,2,,,90000,2,2,,,,,,,,,,,,,,,73,135.031.560.245.753
581042,1,2,73,95,2,,,,,,,,2,,,,,,,,,,,,,,,73,135.031.560.245.753
581042,1,3,73,95,2,,,,,,,,2,,,,,,,,,,,,,,,73,135.031.560.245.753
581042,1,4,73,95,2,,,,,,,,2,,,,,,,,,,,,,,,73,135.031.560.245.753
581043,1,1,73,95,1,,1,2,,,200000,2,2,,,,,,,,,,,,,,,73,244.872.813.662.057
581043,1,2,73,95,2,,,,,,,,2,,,,,,,,,,,,,,,73,244.872.813.662.057
581043,1,3,73,95,2,,,,,,,,2,,,,,,,,,,,,,,,73,244.872.813.662.057
581043,1,5,73,95,2,,,,,,,,2,,,,,,,,,,,,,,,73,244.872.813.662.057
581260,1,1,13,95,2,,,,,,,,2,,,,,,,,,,,,,,,13,279.911.595.834.927
581261,1,1,13,95,1,,2,1,,760000,,2,2,,,,,,,,,,,,,,,13,315.824.843.289.725
581261,1,2,13,95,2,,,,,,,,2,,,,,,,,,,,,,,,13,315.824.843.289.725
581261,1,3,13,95,2,,,,,,,,2,,,,,,,,,,,,,,,13,315.824.843.289.725
581261,1,4,13,95,2,,,,,,,,2,,,,,,,,,,,,,,,13,315.824.843.289.725
581261,1,5,13,95,2,,,,,,,,2,,,,,,,,,,,,,,,13,315.824.843.289.725
581263,1,1,13,95,2,,,,,,,,2,,,,,,,,,,,,,,,13,259.811.423.492.493
581263,1,2,13,95,2,,,,,,,,2,,,,,,,,,,,,,,,13,259.811.423.492.493
581263,1,4,13,95,2,,,,,,,,2,,,,,,,,,,,,,,,13,259.811.423.492.493
581264,1,1,13,95,2,,,,,,,,1,2,,2,,,,,,100000,2,1,2,,2,13,263.068.654.322.436
581264,1,2,13,95,2,,,,,,,,2,,,,,,,,,,,,,,,13,263.068.654.322.436
581265,1,1,13,95,2,,,,,,,,1,2,,2,,,,,,400000,2,1,2,,2,13,26.187.025.046.188
581266,1,1,13,95,2,,,,,,,,2,,,,,,,,,,,,,,,13,258.749.488.709.854
581267,1,1,13,95,2,,,,,,,,2,,,,,,,,,,,,,,,13,294.650.674.643.384
581267,1,2,13,95,2,,,,,,,,2,,,,,,,,,,,,,,,13,294.650.674.643.384
581267,1,3,13,95,2,,,,,,,,2,,,,,,,,,,,,,,,13,294.650.674.643.384
581267,1,4,13,95,2,,,,,,,,2,,,,,,,,,,,,,,,13,294.650.674.643.384
581269,1,1,13,95,2,,,,,,,,2,,,,,,,,,,,,,,,13,292.703.952.509.317
581269,1,2,13,95,2,,,,,,,,2,,,,,,,,,,,,,,,13,292.703.952.509.317
581269,1,3,13,95,2,,,,,,,,2,,,,,,,,,,,,,,,13,292.703.952.509.317
581269,1,4,13,95,2,,,,,,,,2,,,,,,,,,,,,,,,13,292.703.952.509.317
581270,1,1,13,95,2,,,,,,,,2,,,,,,,,,,,,,,,13,242.944.825.479.465
581270,1,2,13,95,2,,,,,,,,2,,,,,,,,,,,,,,,13,242.944.825.479.465
581271,1,1,13,95,2,,,,,,,,2,,,,,,,,,,,,,,,13,253.080.883.577.648
581271,1,2,13,95,2,,,,,,,,2,,,,,,,,,,,,,,,13,253.080.883.577.648
581272,1,1,13,95,2,,,,,,,,2,,,,,,,,,,,,,,,13,300.254.697.178.721
581272,1,2,13,95,2,,,,,,,,2,,,,,,,,,,,,,,,13,300.254.697.178.721
581272,1,3,13,95,2,,,,,,,,2,,,,,,,,,,,,,,,13,300.254.697.178.721
581272,1,4,13,95,2,,,,,,,,2,,,,,,,,,,,,,,,13,300.254.697.178.721
581272,1,5,13,95,2,,,,,,,,2,,,,,,,,,,,,,,,13,300.254.697.178.721
581273,1,1,13,95,2,,,,,,,,2,,,,,,,,,,,,,,,13,253.080.883.577.648
581273,1,2,13,95,2,,,,,,,,2,,,,,,,,,,,,,,,13,253.080.883.577.648
581274,1,1,13,95,2,,,,,,,,2,,,,,,,,,,,,,,,13,257.614.118.113.774
581274,1,2,13,95,2,,,,,,,,2,,,,,,,,,,,,,,,13,257.614.118.113.774
581274,1,3,13,95,2,,,,,,,,2,,,,,,,,,,,,,,,13,257.614.118.113.774
581274,1,4,13,95,2,,,,,,,,2,,,,,,,,,,,,,,,13,257.614.118.113.774
581274,1,5,13,95,2,,,,,,,,2,,,,,,,,,,,,,,,13,257.614.118.113.774
581275,1,1,13,95,2,,,,,,,,2,,,,,,,,,,,,,,,13,258.749.488.709.854
581276,1,1,13,95,2,,,,,,,,2,,,,,,,,,,,,,,,13,289.434.903.403.897
581276,1,2,13,95,2,,,,,,,,2,,,,,,,,,,,,,,,13,289.434.903.403.897
581276,1,3,13,95,2,,,,,,,,2,,,,,,,,,,,,,,,13,289.434.903.403.897
581276,1,4,13,95,2,,,,,,,,2,,,,,,,,,,,,,,,13,289.434.903.403.897
581277,1,1,13,95,2,,,,,,,,2,,,,,,,,,,,,,,,13,285.153.207.839.913
581277,1,2,13,95,2,,,,,,,,2,,,,,,,,,,,,,,,13,285.153.207.839.913
581277,1,3,13,95,2,,,,,,,,2,,,,,,,,,,,,,,,13,285.153.207.839.913
581278,1,1,13,95,2,,,,,,,,2,,,,,,,,,,,,,,,13,329.025.740.168.077
581278,1,2,13,95,2,,,,,,,,2,,,,,,,,,,,,,,,13,329.025.740.168.077
581278,1,3,13,95,2,,,,,,,,2,,,,,,,,,,,,,,,13,329.025.740.168.077
581278,1,4,13,95,2,,,,,,,,2,,,,,,,,,,,,,,,13,329.025.740.168.077
581278,1,5,13,95,2,,,,,,,,2,,,,,,,,,,,,,,,13,329.025.740.168.077
581279,1,1,13,95,2,,,,,,,,2,,,,,,,,,,,,,,,13,277.326.282.406.148
581279,1,2,13,95,2,,,,,,,,2,,,,,,,,,,,,,,,13,277.326.282.406.148
581280,1,1,13,95,2,,,,,,,,2,,,,,,,,,,,,,,,13,278.945.010.442.314
581280,1,2,13,95,2,,,,,,,,2,,,,,,,,,,,,,,,13,278.945.010.442.314
581280,1,3,13,95,2,,,,,,,,2,,,,,,,,,,,,,,,13,278.945.010.442.314
581280,1,4,13,95,2,,,,,,,,2,,,,,,,,,,,,,,,13,278.945.010.442.314
581281,1,1,13,95,2,,,,,,,,2,,,,,,,,,,,,,,,13,212.375.397.363.669
581281,1,2,13,95,2,,,,,,,,2,,,,,,,,,,,,,,,13,212.375.397.363.669
581281,1,3,13,95,2,,,,,,,,2,,,,,,,,,,,,,,,13,212.375.397.363.669
581281,1,4,13,95,2,,,,,,,,2,,,,,,,,,,,,,,,13,212.375.397.363.669
581282,1,1,13,95,2,,,,,,,,2,,,,,,,,,,,,,,,13,259.207.282.934.062
581282,1,2,13,95,2,,,,,,,,2,,,,,,,,,,,,,,,13,259.207.282.934.062
581283,1,1,13,95,2,,,,,,,,1,2,,2,98,,,,,,2,2,1,,2,13,265.053.035.497.479
581283,1,2,13,95,2,,,,,,,,2,,,,,,,,,,,,,,,13,265.053.035.497.479
581283,1,3,13,95,2,,,,,,,,2,,,,,,,,,,,,,,,13,265.053.035.497.479
581283,1,4,13,95,2,,,,,,,,2,,,,,,,,,,,,,,,13,265.053.035.497.479
581283,1,5,13,95,2,,,,,,,,2,,,,,,,,,,,,,,,13,265.053.035.497.479
581284,1,1,13,95,2,,,,,,,,2,,,,,,,,,,,,,,,13,285.016.738.761.996
581284,1,2,13,95,2,,,,,,,,2,,,,,,,,,,,,,,,13,285.016.738.761.996
581284,1,3,13,95,2,,,,,,,,2,,,,,,,,,,,,,,,13,285.016.738.761.996
581284,1,4,13,95,2,,,,,,,,2,,,,,,,,,,,,,,,13,285.016.738.761.996
581286,1,1,13,95,2,,,,,,,,2,,,,,,,,,,,,,,,13,278.181.961.936.722
581286,1,2,13,95,2,,,,,,,,2,,,,,,,,,,,,,,,13,278.181.961.936.722
581286,1,3,13,95,2,,,,,,,,2,,,,,,,,,,,,,,,13,278.181.961.936.722
581286,1,4,13,95,2,,,,,,,,2,,,,,,,,,,,,,,,13,278.181.961.936.722
581286,1,5,13,95,2,,,,,,,,2,,,,,,,,,,,,,,,13,278.181.961.936.722
581288,1,1,13,95,2,,,,,,,,2,,,,,,,,,,,,,,,13,261.212.112.304.946
581288,1,2,13,95,2,,,,,,,,1,2,,2,,,,,,1200000,2,1,2,,2,13,261.212.112.304.946
581459,1,1,17,95,2,,,,,,,,2,,,,,,,,,,,,,,,17,131.429.355.930.227
581459,1,2,17,95,2,,,,,,,,2,,,,,,,,,,,,,,,17,131.429.355.930.227
581459,1,3,17,95,2,,,,,,,,2,,,,,,,,,,,,,,,17,131.429.355.930.227
581460,1,1,17,95,2,,,,,,,,2,,,,,,,,,,,,,,,17,217.443.721.705.274
581460,1,2,17,95,2,,,,,,,,2,,,,,,,,,,,,,,,17,217.443.721.705.274
581460,1,3,17,95,2,,,,,,,,2,,,,,,,,,,,,,,,17,217.443.721.705.274
581460,1,4,17,95,2,,,,,,,,2,,,,,,,,,,,,,,,17,217.443.721.705.274
581460,1,5,17,95,2,,,,,,,,2,,,,,,,,,,,,,,,17,217.443.721.705.274
581460,1,6,17,95,2,,,,,,,,2,,,,,,,,,,,,,,,17,217.443.721.705.274
581460,1,7,17,95,2,,,,,,,,2,,,,,,,,,,,,,,,17,217.443.721.705.274
581461,1,1,17,95,2,,,,,,,,1,2,,2,,,,,,1800000,2,1,2,,2,17,160.524.558.934.221
581461,1,2,17,95,2,,,,,,,,2,,,,,,,,,,,,,,,17,160.524.558.934.221
581462,1,1,17,95,2,,,,,,,,2,,,,,,,,,,,,,,,17,19.101.956.164.741
581462,1,2,17,95,2,,,,,,,,2,,,,,,,,,,,,,,,17,19.101.956.164.741
581463,1,1,17,95,2,,,,,,,,2,,,,,,,,,,,,,,,17,149.192.461.790.288
581463,1,2,17,95,2,,,,,,,,1,2,,2,,,,,,1120000,2,1,2,,2,17,149.192.461.790.288
581464,1,1,17,95,2,,,,,,,,2,,,,,,,,,,,,,,,17,165.178.117.639.968
581464,1,2,17,95,2,,,,,,,,2,,,,,,,,,,,,,,,17,165.178.117.639.968
581464,1,3,17,95,2,,,,,,,,2,,,,,,,,,,,,,,,17,165.178.117.639.968
581466,1,1,17,95,2,,,,,,,,1,2,,2,,,,,,1120000,2,1,2,,2,17,109.247.547.899.781
581467,1,1,17,95,2,,,,,,,,2,,,,,,,,,,,,,,,17,15.562.296.732.654
581468,1,1,17,95,2,,,,,,,,2,,,,,,,,,,,,,,,17,14.890.881.152.403
581468,1,2,17,95,2,,,,,,,,2,,,,,,,,,,,,,,,17,14.890.881.152.403
581470,1,1,17,95,2,,,,,,,,2,,,,,,,,,,,,,,,17,188.516.587.585.636
581470,1,2,17,95,2,,,,,,,,2,,,,,,,,,,,,,,,17,188.516.587.585.636
581470,1,3,17,95,2,,,,,,,,2,,,,,,,,,,,,,,,17,188.516.587.585.636
581472,1,1,17,95,1,,2,2,123000,,,1,1,2,,2,,,,,,7200000,2,1,2,,2,17,148.855.323.961.387
581472,1,2,17,95,2,,,,,,,,2,,,,,,,,,,,,,,,17,148.855.323.961.387
581473,1,1,17,95,2,,,,,,,,2,,,,,,,,,,,,,,,17,106.467.336.154.925
581473,1,2,17,95,2,,,,,,,,2,,,,,,,,,,,,,,,17,106.467.336.154.925
581473,1,3,17,95,2,,,,,,,,2,,,,,,,,,,,,,,,17,106.467.336.154.925
581473,1,4,17,95,2,,,,,,,,1,2,,2,,,,,,20400000,2,1,2,,2,17,106.467.336.154.925
581473,1,5,17,95,2,,,,,,,,1,2,,2,,,,,,20400000,2,1,2,,2,17,106.467.336.154.925
581474,1,1,17,95,2,,,,,,,,2,,,,,,,,,,,,,,,17,205.228.270.666.585
581474,1,2,17,95,2,,,,,,,,2,,,,,,,,,,,,,,,17,205.228.270.666.585
581474,1,3,17,95,2,,,,,,,,2,,,,,,,,,,,,,,,17,205.228.270.666.585
581474,1,4,17,95,2,,,,,,,,2,,,,,,,,,,,,,,,17,205.228.270.666.585
581474,1,5,17,95,2,,,,,,,,2,,,,,,,,,,,,,,,17,205.228.270.666.585
581475,1,1,17,95,1,,1,1,,1300000,180000,2,2,,,,,,,,,,,,,,,17,143.644.806.968.916
581475,1,2,17,95,1,,1,2,,,200000,2,2,,,,,,,,,,,,,,,17,143.644.806.968.916
581475,1,3,17,95,1,,2,2,100000,,,1,2,,,,,,,,,,,,,,,17,143.644.806.968.916
581475,1,4,17,95,2,,,,,,,,2,,,,,,,,,,,,,,,17,143.644.806.968.916
581475,1,5,17,95,2,,,,,,,,2,,,,,,,,,,,,,,,17,143.644.806.968.916
581476,1,1,17,95,2,,,,,,,,2,,,,,,,,,,,,,,,17,134.089.656.655.488
581476,1,2,17,95,2,,,,,,,,2,,,,,,,,,,,,,,,17,134.089.656.655.488
581476,1,3,17,95,2,,,,,,,,2,,,,,,,,,,,,,,,17,134.089.656.655.488
581477,1,1,17,95,2,,,,,,,,1,2,,2,,,,,,300000,2,1,2,200000,1,17,127.322.013.290.335
581477,1,2,17,95,2,,,,,,,,2,,,,,,,,,,,,,,,17,127.322.013.290.335
581477,1,3,17,95,2,,,,,,,,2,,,,,,,,,,,,,,,17,127.322.013.290.335
581477,1,4,17,95,2,,,,,,,,2,,,,,,,,,,,,,,,17,127.322.013.290.335
581478,1,1,17,95,2,,,,,,,,2,,,,,,,,,,,,,,,17,138.019.091.345.109
581478,1,2,17,95,2,,,,,,,,2,,,,,,,,,,,,,,,17,138.019.091.345.109
581478,1,5,17,95,2,,,,,,,,2,,,,,,,,,,,,,,,17,138.019.091.345.109
581479,1,1,17,95,1,,1,1,,433700,120000,2,2,,,,,,,,,,,,,,,17,921.587.176.975.222
581479,1,2,17,95,2,,,,,,,,2,,,,,,,,,,,,,,,17,921.587.176.975.222
581481,1,1,17,95,2,,,,,,,,2,,,,,,,,,,,,,,,17,194.921.818.003.356
581481,1,2,17,95,2,,,,,,,,1,2,,2,5020620,,,,,,2,2,1,,2,17,194.921.818.003.356
581481,1,3,17,95,2,,,,,,,,2,,,,,,,,,,,,,,,17,194.921.818.003.356
581481,1,4,17,95,2,,,,,,,,2,,,,,,,,,,,,,,,17,194.921.818.003.356
581481,1,5,17,95,2,,,,,,,,1,2,,2,800000,,,,,,2,2,1,,2,17,194.921.818.003.356
581481,1,7,17,95,2,,,,,,,,1,2,,2,,,,,,7000000,2,1,2,,2,17,194.921.818.003.356
581483,1,1,17,95,1,,1,1,,825000,900000,2,2,,,,,,,,,,,,,,,17,210.280.410.519.779
581483,1,2,17,95,2,,,,,,,,2,,,,,,,,,,,,,,,17,210.280.410.519.779
581484,1,1,17,95,2,,,,,,,,1,2,,2,,,,,,4800000,2,1,2,1000000,1,17,219.379.849.729.586
581484,1,2,17,95,2,,,,,,,,1,2,,2,,,,,,1858000,2,1,2,,2,17,219.379.849.729.586
581485,1,1,17,95,2,,,,,,,,2,,,,,,,,,,,,,,,17,268.179.313.310.977
581485,1,2,17,95,2,,,,,,,,2,,,,,,,,,,,,,,,17,268.179.313.310.977
581485,1,3,17,95,2,,,,,,,,2,,,,,,,,,,,,,,,17,268.179.313.310.977
581486,1,1,17,95,2,,,,,,,,2,,,,,,,,,,,,,,,17,137.576.714.380.097
581486,1,2,17,95,2,,,,,,,,2,,,,,,,,,,,,,,,17,137.576.714.380.097
581487,1,1,17,95,2,,,,,,,,2,,,,,,,,,,,,,,,17,143.540.967.868.073
581487,1,2,17,95,1,,1,2,,,600000,2,2,,,,,,,,,,,,,,,17,143.540.967.868.073
581487,1,3,17,95,2,,,,,,,,2,,,,,,,,,,,,,,,17,143.540.967.868.073
581487,1,5,17,95,2,,,,,,,,2,,,,,,,,,,,,,,,17,143.540.967.868.073
581488,1,1,17,95,2,,,,,,,,2,,,,,,,,,,,,,,,17,129.543.549.274.598
581488,1,2,17,95,2,,,,,,,,2,,,,,,,,,,,,,,,17,129.543.549.274.598
581489,1,1,17,95,2,,,,,,,,2,,,,,,,,,,,,,,,17,766.150.955.063.774
581489,1,2,17,95,2,,,,,,,,2,,,,,,,,,,,,,,,17,766.150.955.063.774
581489,1,3,17,95,2,,,,,,,,1,2,,2,,,,,,300000,2,1,2,,2,17,766.150.955.063.774
581490,1,1,17,95,1,,2,1,,433700,,2,2,,,,,,,,,,,,,,,17,110.374.984.440.322
581490,1,2,17,95,2,,,,,,,,1,2,,2,,,,,,340000,2,1,2,,2,17,110.374.984.440.322
581490,1,3,17,95,2,,,,,,,,2,,,,,,,,,,,,,,,17,110.374.984.440.322
581491,1,1,17,95,2,,,,,,,,2,,,,,,,,,,,,,,,17,111.796.570.553.742
581491,1,2,17,95,2,,,,,,,,2,,,,,,,,,,,,,,,17,111.796.570.553.742
581491,1,3,17,95,2,,,,,,,,2,,,,,,,,,,,,,,,17,111.796.570.553.742
581491,1,4,17,95,2,,,,,,,,2,,,,,,,,,,,,,,,17,111.796.570.553.742
581491,1,5,17,95,2,,,,,,,,2,,,,,,,,,,,,,,,17,111.796.570.553.742
581491,1,6,17,95,2,,,,,,,,2,,,,,,,,,,,,,,,17,111.796.570.553.742
581492,1,1,17,95,2,,,,,,,,2,,,,,,,,,,,,,,,17,937.942.565.623.224
581492,1,2,17,95,2,,,,,,,,2,,,,,,,,,,,,,,,17,937.942.565.623.224
581492,1,3,17,95,2,,,,,,,,2,,,,,,,,,,,,,,,17,937.942.565.623.224
581492,1,5,17,95,2,,,,,,,,2,,,,,,,,,,,,,,,17,937.942.565.623.224
581492,1,6,17,95,2,,,,,,,,2,,,,,,,,,,,,,,,17,937.942.565.623.224
581493,1,1,17,95,1,,1,2,,,180000,2,2,,,,,,,,,,,,,,,17,176.847.352.612.802
581493,1,2,17,95,2,,,,,,,,2,,,,,,,,,,,,,,,17,176.847.352.612.802
581493,1,3,17,95,2,,,,,,,,2,,,,,,,,,,,,,,,17,176.847.352.612.802
581494,1,1,17,95,2,,,,,,,,2,,,,,,,,,,,,,,,17,124.715.200.127.717
581494,1,2,17,95,2,,,,,,,,2,,,,,,,,,,,,,,,17,124.715.200.127.717
581494,1,3,17,95,2,,,,,,,,2,,,,,,,,,,,,,,,17,124.715.200.127.717
581494,1,5,17,95,2,,,,,,,,2,,,,,,,,,,,,,,,17,124.715.200.127.717
581495,1,1,17,95,1,,1,1,,433700,250000,2,2,,,,,,,,,,,,,,,17,134.089.656.655.488
581495,1,2,17,95,2,,,,,,,,2,,,,,,,,,,,,,,,17,134.089.656.655.488
581495,1,3,17,95,2,,,,,,,,2,,,,,,,,,,,,,,,17,134.089.656.655.488
581496,1,1,17,95,2,,,,,,,,2,,,,,,,,,,,,,,,17,125.570.341.578.362
581496,1,2,17,95,2,,,,,,,,2,,,,,,,,,,,,,,,17,125.570.341.578.362
581497,1,1,17,95,1,,2,1,,3200000,,2,2,,,,,,,,,,,,,,,17,134.089.656.655.488
581497,1,2,17,95,1,,1,2,,,400000,2,2,,,,,,,,,,,,,,,17,134.089.656.655.488
581497,1,3,17,95,1,,1,2,,,550000,2,2,,,,,,,,,,,,,,,17,134.089.656.655.488
581498,1,1,17,95,1,,1,2,,,300000,2,2,,,,,,,,,,,,,,,17,823.258.122.859.878
581498,1,2,17,95,2,,,,,,,,2,,,,,,,,,,,,,,,17,823.258.122.859.878
581498,1,3,17,95,2,,,,,,,,1,2,,2,,,,,,1200000,2,1,2,,2,17,823.258.122.859.878
581498,1,4,17,95,2,,,,,,,,2,,,,,,,,,,,,,,,17,823.258.122.859.878
581498,1,5,17,95,2,,,,,,,,2,,,,,,,,,,,,,,,17,823.258.122.859.878
581498,1,6,17,95,2,,,,,,,,2,,,,,,,,,,,,,,,17,823.258.122.859.878
581498,1,7,17,95,2,,,,,,,,2,,,,,,,,,,,,,,,17,823.258.122.859.878
581499,1,1,17,95,2,,,,,,,,1,2,,2,,,,,,2660000,2,1,2,,2,17,121.253.920.701.516
581500,1,1,17,95,2,,,,,,,,2,,,,,,,,,,,,,,,17,165.515.255.468.869
581500,1,2,17,95,2,,,,,,,,2,,,,,,,,,,,,,,,17,165.515.255.468.869
581500,1,3,17,95,2,,,,,,,,2,,,,,,,,,,,,,,,17,165.515.255.468.869
581501,1,1,17,95,2,,,,,,,,2,,,,,,,,,,,,,,,17,188.853.725.414.537
581501,1,2,17,95,2,,,,,,,,2,,,,,,,,,,,,,,,17,188.853.725.414.537
581501,1,6,17,95,2,,,,,,,,2,,,,,,,,,,,,,,,17,188.853.725.414.537
581502,1,1,17,95,2,,,,,,,,2,,,,,,,,,,,,,,,17,164.074.943.287.389
581502,2,1,17,95,2,,,,,,,,2,,,,,,,,,,,,,,,17,164.074.943.287.389
581502,3,1,17,95,1,,1,2,,,310000,2,2,,,,,,,,,,,,,,,17,164.074.943.287.389
581502,3,2,17,95,2,,,,,,,,2,,,,,,,,,,,,,,,17,164.074.943.287.389
581502,4,1,17,95,2,,,,,,,,2,,,,,,,,,,,,,,,17,164.074.943.287.389
581503,1,1,17,95,2,,,,,,,,2,,,,,,,,,,,,,,,17,176.847.352.612.802
581503,1,2,17,95,2,,,,,,,,2,,,,,,,,,,,,,,,17,176.847.352.612.802
581503,1,3,17,95,2,,,,,,,,2,,,,,,,,,,,,,,,17,176.847.352.612.802
581505,1,1,17,95,2,,,,,,,,2,,,,,,,,,,,,,,,17,125.907.479.407.263
581505,1,2,17,95,2,,,,,,,,1,2,,2,,,,,,300000,2,1,2,,2,17,125.907.479.407.263
581506,1,1,17,95,2,,,,,,,,2,,,,,,,,,,,,,,,17,139.742.550.612.971
581507,1,1,17,95,1,,2,1,,433700,,2,2,,,,,,,,,,,,,,,17,108.586.750.512.214
581507,1,2,17,95,2,,,,,,,,2,,,,,,,,,,,,,,,17,108.586.750.512.214
581507,1,3,17,95,2,,,,,,,,2,,,,,,,,,,,,,,,17,108.586.750.512.214
581507,1,4,17,95,2,,,,,,,,2,,,,,,,,,,,,,,,17,108.586.750.512.214
581508,1,1,17,95,2,,,,,,,,2,,,,,,,,,,,,,,,17,125.570.341.578.362
581508,1,2,17,95,2,,,,,,,,2,,,,,,,,,,,,,,,17,125.570.341.578.362
581509,1,1,17,95,2,,,,,,,,1,2,,2,,,,,,5000000,2,1,2,,2,17,126.012.718.543.374
581509,1,2,17,95,2,,,,,,,,1,2,,2,500000,,,,,,2,2,1,,2,17,126.012.718.543.374
581509,1,3,17,95,2,,,,,,,,2,,,,,,,,,,,,,,,17,126.012.718.543.374
581510,1,1,17,95,2,,,,,,,,2,,,,,,,,,,,,,,,17,107.524.088.631.919
581510,1,2,17,95,1,,1,2,,,700000,2,2,,,,,,,,,,,,,,,17,107.524.088.631.919
581510,1,5,17,95,2,,,,,,,,2,,,,,,,,,,,,,,,17,107.524.088.631.919
581511,1,1,17,95,2,,,,,,,,2,,,,,,,,,,,,,,,17,135.905.006.685.703
581511,1,2,17,95,2,,,,,,,,2,,,,,,,,,,,,,,,17,135.905.006.685.703
581511,1,4,17,95,2,,,,,,,,2,,,,,,,,,,,,,,,17,135.905.006.685.703
581511,1,5,17,95,2,,,,,,,,2,,,,,,,,,,,,,,,17,135.905.006.685.703
581511,1,6,17,95,2,,,,,,,,1,2,,2,,,,,,1000000,2,1,2,,2,17,135.905.006.685.703
581512,1,1,17,95,2,,,,,,,,2,,,,,,,,,,,,,,,17,113.045.965.154.883
581512,1,2,17,95,2,,,,,,,,2,,,,,,,,,,,,,,,17,113.045.965.154.883
581512,1,3,17,95,2,,,,,,,,2,,,,,,,,,,,,,,,17,113.045.965.154.883
581512,1,5,17,95,2,,,,,,,,2,,,,,,,,,,,,,,,17,113.045.965.154.883
581513,1,1,17,95,2,,,,,,,,2,,,,,,,,,,,,,,,17,195.230.743.388.146
581513,1,2,17,95,2,,,,,,,,2,,,,,,,,,,,,,,,17,195.230.743.388.146
581515,1,1,17,95,2,,,,,,,,2,,,,,,,,,,,,,,,17,137.239.576.551.196
581515,1,2,17,95,2,,,,,,,,2,,,,,,,,,,,,,,,17,137.239.576.551.196
581516,1,1,17,95,1,,1,1,,433700,230000,2,2,,,,,,,,,,,,,,,17,132.029.059.558.726
581516,1,2,17,95,2,,,,,,,,2,,,,,,,,,,,,,,,17,132.029.059.558.726
581516,2,1,17,95,1,,2,1,,433700,,2,1,2,,2,,,,450000,,,1,2,2,,2,17,132.029.059.558.726
581516,2,2,17,95,2,,,,,,,,2,,,,,,,,,,,,,,,17,132.029.059.558.726
581516,3,1,17,95,2,,,,,,,,2,,,,,,,,,,,,,,,17,132.029.059.558.726
581517,1,1,17,95,2,,,,,,,,2,,,,,,,,,,,,,,,17,13.812.433.048.122
581517,1,2,17,95,2,,,,,,,,2,,,,,,,,,,,,,,,17,13.812.433.048.122
581517,1,3,17,95,2,,,,,,,,2,,,,,,,,,,,,,,,17,13.812.433.048.122
581517,1,4,17,95,2,,,,,,,,2,,,,,,,,,,,,,,,17,13.812.433.048.122
581518,1,1,17,95,2,,,,,,,,2,,,,,,,,,,,,,,,17,166.062.871.569.992
581518,1,2,17,95,2,,,,,,,,2,,,,,,,,,,,,,,,17,166.062.871.569.992
581518,1,3,17,95,2,,,,,,,,2,,,,,,,,,,,,,,,17,166.062.871.569.992
581518,1,4,17,95,2,,,,,,,,2,,,,,,,,,,,,,,,17,166.062.871.569.992
581518,1,5,17,95,2,,,,,,,,2,,,,,,,,,,,,,,,17,166.062.871.569.992
581520,1,1,17,95,2,,,,,,,,2,,,,,,,,,,,,,,,17,133.132.233.911.304
581520,1,2,17,95,2,,,,,,,,2,,,,,,,,,,,,,,,17,133.132.233.911.304
581520,1,3,17,95,2,,,,,,,,2,,,,,,,,,,,,,,,17,133.132.233.911.304
581521,1,1,17,95,2,,,,,,,,2,,,,,,,,,,,,,,,17,126.012.718.543.374
581521,1,2,17,95,2,,,,,,,,2,,,,,,,,,,,,,,,17,126.012.718.543.374
581521,1,3,17,95,2,,,,,,,,2,,,,,,,,,,,,,,,17,126.012.718.543.374
581522,1,1,17,95,1,,2,1,,433700,,2,2,,,,,,,,,,,,,,,17,836.068.945.888.377
581522,1,2,17,95,2,,,,,,,,2,,,,,,,,,,,,,,,17,836.068.945.888.377
581522,1,3,17,95,2,,,,,,,,2,,,,,,,,,,,,,,,17,836.068.945.888.377
581522,1,4,17,95,2,,,,,,,,2,,,,,,,,,,,,,,,17,836.068.945.888.377
581523,1,1,17,95,2,,,,,,,,2,,,,,,,,,,,,,,,17,137.239.576.551.196
581523,1,2,17,95,2,,,,,,,,2,,,,,,,,,,,,,,,17,137.239.576.551.196
581524,1,1,17,95,1,,2,1,,1300000,,2,2,,,,,,,,,,,,,,,17,186.207.957.586.939
581524,1,2,17,95,2,,,,,,,,2,,,,,,,,,,,,,,,17,186.207.957.586.939
581524,1,3,17,95,2,,,,,,,,2,,,,,,,,,,,,,,,17,186.207.957.586.939
581524,1,4,17,95,2,,,,,,,,2,,,,,,,,,,,,,,,17,186.207.957.586.939
581524,1,6,17,95,2,,,,,,,,1,2,,2,12000000,,,,,7200000,2,1,1,,2,17,186.207.957.586.939
581525,1,1,17,95,2,,,,,,,,2,,,,,,,,,,,,,,,17,15.562.296.732.654
581526,1,1,17,95,2,,,,,,,,2,,,,,,,,,,,,,,,17,149.740.077.891.411
581526,1,2,17,95,2,,,,,,,,2,,,,,,,,,,,,,,,17,149.740.077.891.411
581526,1,3,17,95,2,,,,,,,,2,,,,,,,,,,,,,,,17,149.740.077.891.411
581526,1,4,17,95,2,,,,,,,,2,,,,,,,,,,,,,,,17,149.740.077.891.411
581527,1,1,17,95,2,,,,,,,,1,2,,2,6000000,,,,,,2,2,1,,2,17,110.132.301.829.805
581527,1,2,17,95,2,,,,,,,,1,2,,2,,,,,,3360000,2,1,2,,2,17,110.132.301.829.805
581527,1,3,17,95,2,,,,,,,,2,,,,,,,,,,,,,,,17,110.132.301.829.805
581528,1,1,17,95,2,,,,,,,,2,,,,,,,,,,,,,,,17,137.681.953.516.208
581528,1,2,17,95,2,,,,,,,,2,,,,,,,,,,,,,,,17,137.681.953.516.208
581528,1,3,17,95,2,,,,,,,,2,,,,,,,,,,,,,,,17,137.681.953.516.208
581529,1,1,17,95,2,,,,,,,,2,,,,,,,,,,,,,,,17,165.515.255.468.869
581529,1,2,17,95,1,,1,2,,,200000,2,2,,,,,,,,,,,,,,,17,165.515.255.468.869
581529,1,3,17,95,2,,,,,,,,2,,,,,,,,,,,,,,,17,165.515.255.468.869
581530,1,1,17,95,1,,2,1,,433700,,2,2,,,,,,,,,,,,,,,17,117.766.862.976.907
581530,1,2,17,95,2,,,,,,,,2,,,,,,,,,,,,,,,17,117.766.862.976.907
581531,1,1,17,95,1,,2,1,,433700,,2,2,,,,,,,,,,,,,,,17,235.533.725.953.815
581531,1,2,17,95,2,,,,,,,,2,,,,,,,,,,,,,,,17,235.533.725.953.815
581532,1,1,17,95,2,,,,,,,,2,,,,,,,,,,,,,,,17,31.124.593.465.308
581533,1,1,17,95,2,,,,,,,,2,,,,,,,,,,,,,,,17,242.925.997.876.941
581533,1,2,17,95,2,,,,,,,,2,,,,,,,,,,,,,,,17,242.925.997.876.941
581533,1,3,17,95,2,,,,,,,,2,,,,,,,,,,,,,,,17,242.925.997.876.941
581534,1,1,17,95,2,,,,,,,,2,,,,,,,,,,,,,,,17,148.855.323.961.387
581534,1,2,17,95,2,,,,,,,,2,,,,,,,,,,,,,,,17,148.855.323.961.387
581535,1,1,17,95,2,,,,,,,,2,,,,,,,,,,,,,,,17,156.065.344.291.552
581535,1,2,17,95,2,,,,,,,,2,,,,,,,,,,,,,,,17,156.065.344.291.552
581537,1,1,17,95,1,,2,1,,800000,,2,2,,,,,,,,,,,,,,,17,105.856.907.536.441
581537,1,2,17,95,2,,,,,,,,2,,,,,,,,,,,,,,,17,105.856.907.536.441
581537,1,3,17,95,2,,,,,,,,2,,,,,,,,,,,,,,,17,105.856.907.536.441
581537,1,4,17,95,2,,,,,,,,2,,,,,,,,,,,,,,,17,105.856.907.536.441
581538,1,1,17,95,2,,,,,,,,2,,,,,,,,,,,,,,,17,138.984.842.009.502
581538,1,2,17,95,2,,,,,,,,2,,,,,,,,,,,,,,,17,138.984.842.009.502
581538,1,3,17,95,2,,,,,,,,2,,,,,,,,,,,,,,,17,138.984.842.009.502
581539,1,1,17,95,2,,,,,,,,2,,,,,,,,,,,,,,,17,126.179.717.227.907
581539,1,2,17,95,1,,2,1,,433700,,2,2,,,,,,,,,,,,,,,17,126.179.717.227.907
581539,1,3,17,95,2,,,,,,,,2,,,,,,,,,,,,,,,17,126.179.717.227.907
581539,1,4,17,95,2,,,,,,,,2,,,,,,,,,,,,,,,17,126.179.717.227.907
581539,1,7,17,95,2,,,,,,,,2,,,,,,,,,,,,,,,17,126.179.717.227.907
581539,1,8,17,95,2,,,,,,,,2,,,,,,,,,,,,,,,17,126.179.717.227.907
581539,1,9,17,95,2,,,,,,,,2,,,,,,,,,,,,,,,17,126.179.717.227.907
581540,1,1,17,95,2,,,,,,,,2,,,,,,,,,,,,,,,17,150.519.592.685.323
581540,1,2,17,95,2,,,,,,,,2,,,,,,,,,,,,,,,17,150.519.592.685.323
581540,1,3,17,95,2,,,,,,,,2,,,,,,,,,,,,,,,17,150.519.592.685.323
581540,1,5,17,95,2,,,,,,,,2,,,,,,,,,,,,,,,17,150.519.592.685.323
581540,1,6,17,95,2,,,,,,,,2,,,,,,,,,,,,,,,17,150.519.592.685.323
581541,1,1,17,95,2,,,,,,,,2,,,,,,,,,,,,,,,17,126.244.617.236.164
581541,1,2,17,95,2,,,,,,,,2,,,,,,,,,,,,,,,17,126.244.617.236.164
581542,1,1,17,95,2,,,,,,,,2,,,,,,,,,,,,,,,17,121.800.136.767.371
581542,1,2,17,95,2,,,,,,,,2,,,,,,,,,,,,,,,17,121.800.136.767.371
581542,1,3,17,95,2,,,,,,,,2,,,,,,,,,,,,,,,17,121.800.136.767.371
581544,1,1,17,95,1,,2,1,,433700,,2,2,,,,,,,,,,,,,,,17,151.515.624.686.648
581544,1,2,17,95,2,,,,,,,,2,,,,,,,,,,,,,,,17,151.515.624.686.648
581545,1,1,17,95,1,,2,1,,8500000,,2,2,,,,,,,,,,,,,,,17,696.500.868.239.795
581545,1,2,17,95,2,,,,,,,,2,,,,,,,,,,,,,,,17,696.500.868.239.795
581545,1,3,17,95,2,,,,,,,,2,,,,,,,,,,,,,,,17,696.500.868.239.795
581545,1,4,17,95,2,,,,,,,,2,,,,,,,,,,,,,,,17,696.500.868.239.795
581546,1,1,17,95,1,,2,1,,917000,,2,2,,,,,,,,,,,,,,,17,134.089.656.655.488
581546,1,2,17,95,2,,,,,,,,2,,,,,,,,,,,,,,,17,134.089.656.655.488
581546,1,3,17,95,2,,,,,,,,1,2,,2,,,,,,200000,2,1,2,,2,17,134.089.656.655.488
581547,1,1,17,95,1,,2,1,,1100000,,2,2,,,,,,,,,,,,,,,17,918.215.798.686.213
581547,1,2,17,95,2,,,,,,,,1,2,,2,,,,,,500000,2,1,2,,2,17,918.215.798.686.213
581549,1,1,17,95,1,,2,1,,950000,,2,1,2,,2,350000,,,,,960000,2,1,1,,2,17,178.907.949.709.565
581550,1,1,17,95,2,,,,,,,,2,,,,,,,,,,,,,,,17,120.916.782.872.615
581551,1,1,17,95,2,,,,,,,,1,2,,2,,,,,,400000,2,1,2,,2,17,147.408.282.046.756
581551,1,2,17,95,2,,,,,,,,2,,,,,,,,,,,,,,,17,147.408.282.046.756
581551,1,3,17,95,2,,,,,,,,2,,,,,,,,,,,,,,,17,147.408.282.046.756
581552,1,1,17,95,2,,,,,,,,2,,,,,,,,,,,,,,,17,157.301.970.224.353
581552,1,2,17,95,2,,,,,,,,2,,,,,,,,,,,,,,,17,157.301.970.224.353
581552,1,3,17,95,2,,,,,,,,1,2,,2,20000000,,,,,,2,2,1,,2,17,157.301.970.224.353
581552,1,5,17,95,2,,,,,,,,2,,,,,,,,,,,,,,,17,157.301.970.224.353
581552,1,6,17,95,2,,,,,,,,2,,,,,,,,,,,,,,,17,157.301.970.224.353
581553,1,1,17,95,2,,,,,,,,2,,,,,,,,,,,,,,,17,177.289.729.577.814
581553,1,2,17,95,2,,,,,,,,2,,,,,,,,,,,,,,,17,177.289.729.577.814
581553,1,3,17,95,2,,,,,,,,2,,,,,,,,,,,,,,,17,177.289.729.577.814
581553,1,4,17,95,2,,,,,,,,2,,,,,,,,,,,,,,,17,177.289.729.577.814
581554,1,1,17,95,2,,,,,,,,2,,,,,,,,,,,,,,,17,31.124.593.465.308
581555,1,1,17,95,2,,,,,,,,2,,,,,,,,,,,,,,,17,299.269.677.510.599
581555,1,2,17,95,2,,,,,,,,2,,,,,,,,,,,,,,,17,299.269.677.510.599
581555,1,3,17,95,2,,,,,,,,2,,,,,,,,,,,,,,,17,299.269.677.510.599
581556,1,1,17,95,2,,,,,,,,1,2,,2,,,,,,200000,2,1,2,,2,17,240.511.970.970.097
581556,1,2,17,95,2,,,,,,,,2,,,,,,,,,,,,,,,17,240.511.970.970.097
581556,2,1,17,95,2,,,,,,,,2,,,,,,,,,,,,,,,17,240.511.970.970.097
581556,2,2,17,95,2,,,,,,,,2,,,,,,,,,,,,,,,17,240.511.970.970.097
581557,1,1,17,95,2,,,,,,,,2,,,,,,,,,,,,,,,17,358.700.653.349.153
581557,1,2,17,95,2,,,,,,,,1,2,,1,,,58000,,,,2,2,2,,2,17,358.700.653.349.153
581558,1,1,17,95,2,,,,,,,,2,,,,,,,,,,,,,,,17,110.574.678.794.817
581558,1,2,17,95,2,,,,,,,,2,,,,,,,,,,,,,,,17,110.574.678.794.817
581558,1,3,17,95,2,,,,,,,,2,,,,,,,,,,,,,,,17,110.574.678.794.817
581558,1,4,17,95,2,,,,,,,,2,,,,,,,,,,,,,,,17,110.574.678.794.817
581559,1,1,17,95,1,,2,1,,1400000,,2,2,,,,,,,,,,,,,,,17,151.515.624.686.648
581559,1,2,17,95,2,,,,,,,,2,,,,,,,,,,,,,,,17,151.515.624.686.648
581560,1,1,17,95,2,,,,,,,,1,2,,2,,,,,,600000,2,1,2,,2,17,135.192.831.008.067
581561,1,1,17,95,2,,,,,,,,2,,,,,,,,,,,,,,,17,335.469.158.528.772
581561,1,2,17,95,2,,,,,,,,2,,,,,,,,,,,,,,,17,335.469.158.528.772
581562,1,1,17,95,2,,,,,,,,2,,,,,,,,,,,,,,,17,194.532.087.874.082
581562,1,2,17,95,2,,,,,,,,2,,,,,,,,,,,,,,,17,194.532.087.874.082
581562,1,3,17,95,2,,,,,,,,2,,,,,,,,,,,,,,,17,194.532.087.874.082
581563,1,1,17,95,2,,,,,,,,2,,,,,,,,,,,,,,,17,185.249.740.414.407
581563,1,2,17,95,2,,,,,,,,2,,,,,,,,,,,,,,,17,185.249.740.414.407
581564,1,1,17,95,2,,,,,,,,1,2,,2,,,,,,4200000,2,1,2,,2,17,160.524.558.934.221
581564,1,2,17,95,2,,,,,,,,2,,,,,,,,,,,,,,,17,160.524.558.934.221
581566,1,1,17,95,2,,,,,,,,1,2,,2,,,,,,50000,2,1,2,,2,17,117.766.862.976.907
581566,1,2,17,95,2,,,,,,,,1,2,,2,,,,,,40000,2,1,2,,2,17,117.766.862.976.907
581567,1,1,17,95,2,,,,,,,,2,,,,,,,,,,,,,,,17,177.184.490.441.703
581567,1,2,17,95,2,,,,,,,,2,,,,,,,,,,,,,,,17,177.184.490.441.703
581567,1,3,17,95,2,,,,,,,,2,,,,,,,,,,,,,,,17,177.184.490.441.703
581568,1,1,17,95,1,,2,1,,433700,,2,2,,,,,,,,,,,,,,,17,117.766.862.976.907
581568,1,2,17,95,2,,,,,,,,2,,,,,,,,,,,,,,,17,117.766.862.976.907
581569,1,1,17,95,2,,,,,,,,2,,,,,,,,,,,,,,,17,177.732.106.542.826
581569,1,2,17,95,2,,,,,,,,2,,,,,,,,,,,,,,,17,177.732.106.542.826
581569,1,3,17,95,2,,,,,,,,1,2,,2,,,,,,1800000,2,1,2,,2,17,177.732.106.542.826
581569,1,5,17,95,2,,,,,,,,2,,,,,,,,,,,,,,,17,177.732.106.542.826
581569,1,6,17,95,2,,,,,,,,2,,,,,,,,,,,,,,,17,177.732.106.542.826
581570,1,1,17,95,2,,,,,,,,2,,,,,,,,,,,,,,,17,166.062.871.569.992
581570,1,2,17,95,2,,,,,,,,2,,,,,,,,,,,,,,,17,166.062.871.569.992
581570,1,3,17,95,2,,,,,,,,2,,,,,,,,,,,,,,,17,166.062.871.569.992
581570,1,4,17,95,2,,,,,,,,2,,,,,,,,,,,,,,,17,166.062.871.569.992
581570,1,5,17,95,2,,,,,,,,2,,,,,,,,,,,,,,,17,166.062.871.569.992
581571,1,1,17,95,1,,2,1,,433700,,2,2,,,,,,,,,,,,,,,17,121.874.205.616.799
581572,1,1,17,95,2,,,,,,,,2,,,,,,,,,,,,,,,17,109.247.547.899.781
581573,1,1,17,95,2,,,,,,,,2,,,,,,,,,,,,,,,17,15.562.296.732.654
581574,1,1,17,95,2,,,,,,,,2,,,,,,,,,,,,,,,17,117.766.862.976.907
581574,1,2,17,95,2,,,,,,,,2,,,,,,,,,,,,,,,17,117.766.862.976.907
581575,1,1,17,95,2,,,,,,,,2,,,,,,,,,,,,,,,17,117.766.862.976.907
581575,1,2,17,95,2,,,,,,,,2,,,,,,,,,,,,,,,17,117.766.862.976.907
581576,1,1,17,95,2,,,,,,,,2,,,,,,,,,,,,,,,17,15.562.296.732.654
581577,1,1,17,95,1,,1,2,,,700000,2,1,2,,2,,,,,,400000,2,1,2,,2,17,135.635.207.973.079
581577,1,2,17,95,2,,,,,,,,2,,,,,,,,,,,,,,,17,135.635.207.973.079
581578,1,1,17,95,2,,,,,,,,1,2,,2,14400000,,,,,,2,2,1,,2,17,109.247.547.899.781
581579,1,1,17,95,2,,,,,,,,2,,,,,,,,,,,,,,,17,143.361.659.882.534
581579,1,2,17,95,2,,,,,,,,2,,,,,,,,,,,,,,,17,143.361.659.882.534
581579,1,3,17,95,2,,,,,,,,2,,,,,,,,,,,,,,,17,143.361.659.882.534
581579,1,6,17,95,2,,,,,,,,2,,,,,,,,,,,,,,,17,143.361.659.882.534
581579,1,7,17,95,2,,,,,,,,2,,,,,,,,,,,,,,,17,143.361.659.882.534
581580,1,1,17,95,2,,,,,,,,2,,,,,,,,,,,,,,,17,126.349.856.372.275
581580,1,2,17,95,2,,,,,,,,2,,,,,,,,,,,,,,,17,126.349.856.372.275
581580,1,3,17,95,2,,,,,,,,2,,,,,,,,,,,,,,,17,126.349.856.372.275
581581,1,1,17,95,2,,,,,,,,2,,,,,,,,,,,,,,,17,150.412.450.334.069
581581,1,2,17,95,1,,2,1,,433700,,2,2,,,,,,,,,,,,,,,17,150.412.450.334.069
581581,1,3,17,95,2,,,,,,,,2,,,,,,,,,,,,,,,17,150.412.450.334.069
581581,1,4,17,95,2,,,,,,,,2,,,,,,,,,,,,,,,17,150.412.450.334.069
581582,1,1,17,95,2,,,,,,,,2,,,,,,,,,,,,,,,17,173.976.635.905.711
581582,1,2,17,95,2,,,,,,,,2,,,,,,,,,,,,,,,17,173.976.635.905.711
581582,1,3,17,95,2,,,,,,,,2,,,,,,,,,,,,,,,17,173.976.635.905.711
581582,1,5,17,95,2,,,,,,,,2,,,,,,,,,,,,,,,17,173.976.635.905.711
581582,2,1,17,95,2,,,,,,,,2,,,,,,,,,,,,,,,17,173.976.635.905.711
581582,2,2,17,95,2,,,,,,,,2,,,,,,,,,,,,,,,17,173.976.635.905.711
581582,2,3,17,95,2,,,,,,,,2,,,,,,,,,,,,,,,17,173.976.635.905.711
581583,1,1,17,95,1,,2,1,,2000000,,2,2,,,,,,,,,,,,,,,17,134.426.794.484.389
581583,1,2,17,95,2,,,,,,,,2,,,,,,,,,,,,,,,17,134.426.794.484.389
581583,1,3,17,95,2,,,,,,,,2,,,,,,,,,,,,,,,17,134.426.794.484.389
581584,1,1,17,95,2,,,,,,,,2,,,,,,,,,,,,,,,17,213.305.208.778.699
581584,1,2,17,95,2,,,,,,,,1,2,,2,,,,,,12000000,2,1,2,,2,17,213.305.208.778.699
581584,1,3,17,95,2,,,,,,,,2,,,,,,,,,,,,,,,17,213.305.208.778.699
581584,1,4,17,95,2,,,,,,,,2,,,,,,,,,,,,,,,17,213.305.208.778.699
581584,1,5,17,95,2,,,,,,,,2,,,,,,,,,,,,,,,17,213.305.208.778.699
581585,1,1,17,95,2,,,,,,,,2,,,,,,,,,,,,,,,17,108.586.750.512.214
581585,1,2,17,95,2,,,,,,,,2,,,,,,,,,,,,,,,17,108.586.750.512.214
581585,1,3,17,95,2,,,,,,,,2,,,,,,,,,,,,,,,17,108.586.750.512.214
581585,1,4,17,95,2,,,,,,,,2,,,,,,,,,,,,,,,17,108.586.750.512.214
581586,1,1,17,95,1,,2,1,,4000000,,2,2,,,,,,,,,,,,,,,17,135.529.968.836.968
581587,1,1,17,95,1,,2,1,,433700,,2,1,2,,2,,,,,,500000,2,1,2,,2,17,105.140.205.259.889
581587,1,2,17,95,2,,,,,,,,2,,,,,,,,,,,,,,,17,105.140.205.259.889
581588,1,1,17,95,2,,,,,,,,2,,,,,,,,,,,,,,,17,125.570.341.578.362
581588,1,2,17,95,2,,,,,,,,2,,,,,,,,,,,,,,,17,125.570.341.578.362
581589,1,1,17,95,1,,1,2,,,360000,2,2,,,,,,,,,,,,,,,17,918.215.798.686.213
581589,1,2,17,95,2,,,,,,,,2,,,,,,,,,,,,,,,17,918.215.798.686.213
581590,1,1,17,95,2,,,,,,,,2,,,,,,,,,,,,,,,17,125.570.341.578.362
581590,1,2,17,95,2,,,,,,,,2,,,,,,,,,,,,,,,17,125.570.341.578.362
581591,1,1,17,95,2,,,,,,,,2,,,,,,,,,,,,,,,17,160.524.558.934.221
581591,1,2,17,95,2,,,,,,,,2,,,,,,,,,,,,,,,17,160.524.558.934.221
581592,1,1,17,95,2,,,,,,,,2,,,,,,,,,,,,,,,17,15.562.296.732.654
581593,1,1,17,95,1,,1,2,,,590000,2,2,,,,,,,,,,,,,,,17,117.963.992.875.371
581593,1,2,17,95,2,,,,,,,,2,,,,,,,,,,,,,,,17,117.963.992.875.371
581593,1,3,17,95,2,,,,,,,,2,,,,,,,,,,,,,,,17,117.963.992.875.371
581593,1,6,17,95,2,,,,,,,,2,,,,,,,,,,,,,,,17,117.963.992.875.371
581593,1,7,17,95,2,,,,,,,,2,,,,,,,,,,,,,,,17,117.963.992.875.371
581593,1,8,17,95,2,,,,,,,,2,,,,,,,,,,,,,,,17,117.963.992.875.371
581593,1,9,17,95,2,,,,,,,,2,,,,,,,,,,,,,,,17,117.963.992.875.371
581594,1,1,17,95,2,,,,,,,,1,2,,2,,,,,,6000000,2,1,2,,2,17,220.054.125.387.388
581594,1,2,17,95,2,,,,,,,,1,2,,2,,,,,,5920000,2,1,2,,2,17,220.054.125.387.388
581596,1,1,17,95,2,,,,,,,,2,,,,,,,,,,,,,,,17,275.153.428.760.194
581596,1,2,17,95,2,,,,,,,,2,,,,,,,,,,,,,,,17,275.153.428.760.194
581597,1,1,17,95,2,,,,,,,,1,2,,2,,,,,,1800000,2,1,2,,2,17,109.247.547.899.781
581598,1,1,17,95,2,,,,,,,,2,,,,,,,,,,,,,,,17,826.494.718.446.537
581598,1,2,17,95,2,,,,,,,,2,,,,,,,,,,,,,,,17,826.494.718.446.537
581598,1,3,17,95,2,,,,,,,,2,,,,,,,,,,,,,,,17,826.494.718.446.537
581598,1,5,17,95,1,,2,1,,433700,,2,2,,,,,,,,,,,,,,,17,826.494.718.446.537
581599,1,1,17,95,2,,,,,,,,2,,,,,,,,,,,,,,,17,138.127.375.736.198
581599,1,2,17,95,2,,,,,,,,2,,,,,,,,,,,,,,,17,138.127.375.736.198
581600,1,1,17,95,2,,,,,,,,2,,,,,,,,,,,,,,,17,137.105.244.406.118
581600,1,2,17,95,2,,,,,,,,2,,,,,,,,,,,,,,,17,137.105.244.406.118
581600,1,4,17,95,2,,,,,,,,2,,,,,,,,,,,,,,,17,137.105.244.406.118
581600,1,5,17,95,2,,,,,,,,2,,,,,,,,,,,,,,,17,137.105.244.406.118
581600,1,7,17,95,2,,,,,,,,2,,,,,,,,,,,,,,,17,137.105.244.406.118
581600,1,8,17,95,2,,,,,,,,2,,,,,,,,,,,,,,,17,137.105.244.406.118
581601,1,1,17,95,2,,,,,,,,2,,,,,,,,,,,,,,,17,179.350.326.674.576
581601,1,2,17,95,2,,,,,,,,2,,,,,,,,,,,,,,,17,179.350.326.674.576
581602,1,1,17,95,1,,1,2,,,400000,2,2,,,,,,,,,,,,,,,17,136.452.622.786.826
581602,1,2,17,95,2,,,,,,,,2,,,,,,,,,,,,,,,17,136.452.622.786.826
581602,1,3,17,95,2,,,,,,,,2,,,,,,,,,,,,,,,17,136.452.622.786.826
581602,1,4,17,95,2,,,,,,,,2,,,,,,,,,,,,,,,17,136.452.622.786.826
581602,1,5,17,95,2,,,,,,,,2,,,,,,,,,,,,,,,17,136.452.622.786.826
581602,1,6,17,95,2,,,,,,,,2,,,,,,,,,,,,,,,17,136.452.622.786.826
581602,1,7,17,95,2,,,,,,,,2,,,,,,,,,,,,,,,17,136.452.622.786.826
581603,1,1,17,95,2,,,,,,,,2,,,,,,,,,,,,,,,17,137.576.714.380.097
581603,1,2,17,95,2,,,,,,,,2,,,,,,,,,,,,,,,17,137.576.714.380.097
581604,1,1,17,95,1,,1,2,,,150000,2,2,,,,,,,,,,,,,,,17,101.430.217.744.693
581604,1,2,17,95,2,,,,,,,,2,,,,,,,,,,,,,,,17,101.430.217.744.693
581604,1,3,17,95,2,,,,,,,,2,,,,,,,,,,,,,,,17,101.430.217.744.693
581604,1,4,17,95,2,,,,,,,,2,,,,,,,,,,,,,,,17,101.430.217.744.693
581605,1,1,17,95,2,,,,,,,,2,,,,,,,,,,,,,,,17,141.893.135.256.943
581605,1,2,17,95,2,,,,,,,,2,,,,,,,,,,,,,,,17,141.893.135.256.943
581605,1,3,17,95,2,,,,,,,,2,,,,,,,,,,,,,,,17,141.893.135.256.943
581606,1,1,17,95,2,,,,,,,,2,,,,,,,,,,,,,,,17,134.089.656.655.488
581606,1,2,17,95,2,,,,,,,,2,,,,,,,,,,,,,,,17,134.089.656.655.488
581606,1,3,17,95,2,,,,,,,,2,,,,,,,,,,,,,,,17,134.089.656.655.488
581607,1,1,17,95,1,,2,2,250000,,,1,2,,,,,,,,,,,,,,,17,105.140.205.259.889
581607,1,2,17,95,2,,,,,,,,2,,,,,,,,,,,,,,,17,105.140.205.259.889
581608,1,1,17,95,1,,1,2,,,750000,2,2,,,,,,,,,,,,,,,17,117.766.862.976.907
581608,1,2,17,95,2,,,,,,,,1,2,,2,,,,,,1800000,2,1,2,,2,17,117.766.862.976.907
581609,1,1,17,95,2,,,,,,,,1,2,,2,,,,,,4560000,2,1,2,,2,17,161.746.450.693.146
581609,1,2,17,95,2,,,,,,,,2,,,,,,,,,,,,,,,17,161.746.450.693.146
581609,1,3,17,95,2,,,,,,,,2,,,,,,,,,,,,,,,17,161.746.450.693.146
581609,1,4,17,95,2,,,,,,,,2,,,,,,,,,,,,,,,17,161.746.450.693.146
581611,1,1,17,95,2,,,,,,,,2,,,,,,,,,,,,,,,17,126.244.617.236.164
581611,1,2,17,95,2,,,,,,,,2,,,,,,,,,,,,,,,17,126.244.617.236.164
581612,1,1,17,95,2,,,,,,,,2,,,,,,,,,,,,,,,17,126.686.994.201.176
581612,1,2,17,95,2,,,,,,,,2,,,,,,,,,,,,,,,17,126.686.994.201.176
581612,1,3,17,95,2,,,,,,,,2,,,,,,,,,,,,,,,17,126.686.994.201.176
581613,1,1,17,95,1,,2,1,,428000,,2,2,,,,,,,,,,,,,,,17,739.844.051.591.326
581613,1,2,17,95,2,,,,,,,,2,,,,,,,,,,,,,,,17,739.844.051.591.326
581613,1,3,17,95,2,,,,,,,,2,,,,,,,,,,,,,,,17,739.844.051.591.326
581613,1,4,17,95,2,,,,,,,,2,,,,,,,,,,,,,,,17,739.844.051.591.326
581613,1,5,17,95,2,,,,,,,,2,,,,,,,,,,,,,,,17,739.844.051.591.326
581614,1,1,17,95,1,,2,1,,98,,2,1,2,,2,,,,,,24000000,2,1,2,,2,17,166.585.921.789.889
581614,1,2,17,95,2,,,,,,,,1,2,,2,,,,,,6000000,2,1,2,,2,17,166.585.921.789.889
581614,1,3,17,95,2,,,,,,,,1,2,,2,,,,,,6000000,2,1,2,,2,17,166.585.921.789.889
581614,1,4,17,95,1,,2,1,,360000,,2,2,,,,,,,,,,,,,,,17,166.585.921.789.889
581615,1,1,17,95,2,,,,,,,,1,2,,2,,,,,,98,2,1,2,,2,17,178.907.949.709.565
581616,1,1,17,95,2,,,,,,,,2,,,,,,,,,,,,,,,17,411.718.729.653.589
581616,1,2,17,95,2,,,,,,,,2,,,,,,,,,,,,,,,17,411.718.729.653.589
581619,1,1,17,95,2,,,,,,,,1,2,,2,,,,,,6600000,2,1,2,,2,17,421.881.913.628.985
581619,1,2,17,95,2,,,,,,,,1,2,,2,,,,,,7000000,2,1,2,,2,17,421.881.913.628.985
581619,1,3,17,95,2,,,,,,,,1,2,,2,,,,,,6800000,2,1,2,,2,17,421.881.913.628.985
581620,1,1,17,95,1,,2,1,,498000,,2,2,,,,,,,,,,,,,,,17,117.766.862.976.907
581620,1,2,17,95,2,,,,,,,,2,,,,,,,,,,,,,,,17,117.766.862.976.907
581621,1,1,17,95,2,,,,,,,,1,2,,1,,,45000,,,,2,2,2,,2,17,126.012.718.543.374
581621,1,2,17,95,2,,,,,,,,2,,,,,,,,,,,,,,,17,126.012.718.543.374
581621,1,3,17,95,2,,,,,,,,2,,,,,,,,,,,,,,,17,126.012.718.543.374
581622,1,1,17,95,1,,2,1,,1300000,,2,2,,,,,,,,,,,,,,,17,16.562.049.460.498
581622,1,2,17,95,2,,,,,,,,2,,,,,,,,,,,,,,,17,16.562.049.460.498
581622,1,3,17,95,2,,,,,,,,2,,,,,,,,,,,,,,,17,16.562.049.460.498
581622,1,4,17,95,2,,,,,,,,2,,,,,,,,,,,,,,,17,16.562.049.460.498
581623,1,1,17,95,2,,,,,,,,2,,,,,,,,,,,,,,,17,200.017.753.674.115
581623,1,2,17,95,2,,,,,,,,2,,,,,,,,,,,,,,,17,200.017.753.674.115
581623,1,3,17,95,2,,,,,,,,2,,,,,,,,,,,,,,,17,200.017.753.674.115
581623,1,4,17,95,1,,2,1,,433700,,2,2,,,,,,,,,,,,,,,17,200.017.753.674.115
581623,1,5,17,95,2,,,,,,,,2,,,,,,,,,,,,,,,17,200.017.753.674.115
581623,1,6,17,95,2,,,,,,,,2,,,,,,,,,,,,,,,17,200.017.753.674.115
581623,1,7,17,95,2,,,,,,,,2,,,,,,,,,,,,,,,17,200.017.753.674.115
581623,1,8,17,95,1,,2,1,,186000,,2,1,2,,2,2760000,,,,,,2,2,1,,2,17,200.017.753.674.115
581624,1,1,17,95,1,,1,2,,,170000,2,2,,,,,,,,,,,,,,,17,16.562.049.460.498
581624,1,2,17,95,2,,,,,,,,2,,,,,,,,,,,,,,,17,16.562.049.460.498
581624,1,3,17,95,2,,,,,,,,2,,,,,,,,,,,,,,,17,16.562.049.460.498
581624,1,4,17,95,2,,,,,,,,2,,,,,,,,,,,,,,,17,16.562.049.460.498
581625,1,1,17,95,1,,1,1,,450000,200000,2,2,,,,,,,,,,,,,,,17,117.766.862.976.907
581625,1,2,17,95,1,,1,1,,456000,200000,2,2,,,,,,,,,,,,,,,17,117.766.862.976.907
581626,1,1,17,95,2,,,,,,,,2,,,,,,,,,,,,,,,17,152.227.800.364.284
581626,1,2,17,95,2,,,,,,,,2,,,,,,,,,,,,,,,17,152.227.800.364.284
581626,1,3,17,95,2,,,,,,,,2,,,,,,,,,,,,,,,17,152.227.800.364.284
581626,1,4,17,95,1,,2,1,,469294,,2,2,,,,,,,,,,,,,,,17,152.227.800.364.284
581626,1,5,17,95,2,,,,,,,,2,,,,,,,,,,,,,,,17,152.227.800.364.284
581626,1,6,17,95,2,,,,,,,,2,,,,,,,,,,,,,,,17,152.227.800.364.284
581627,1,1,17,95,1,,1,2,,,98,2,2,,,,,,,,,,,,,,,17,15.450.647.884.588
581628,1,1,17,95,2,,,,,,,,1,2,,2,,,,,,3360000,2,1,2,,2,17,144.905.771.791.852
581628,1,2,17,95,2,,,,,,,,2,,,,,,,,,,,,,,,17,144.905.771.791.852
581628,1,3,17,95,2,,,,,,,,1,2,,2,3600000,,,,,,2,2,1,,2,17,144.905.771.791.852
581628,1,5,17,95,2,,,,,,,,2,,,,,,,,,,,,,,,17,144.905.771.791.852
581629,1,1,17,95,2,,,,,,,,2,,,,,,,,,,,,,,,17,125.570.341.578.362
581629,1,2,17,95,2,,,,,,,,2,,,,,,,,,,,,,,,17,125.570.341.578.362
581630,1,1,17,95,2,,,,,,,,1,2,,2,,,,,,14400000,2,1,2,,2,17,135.192.831.008.067
581631,1,1,17,95,2,,,,,,,,2,,,,,,,,,,,,,,,17,16.562.049.460.498
581631,1,2,17,95,2,,,,,,,,2,,,,,,,,,,,,,,,17,16.562.049.460.498
581631,1,3,17,95,2,,,,,,,,2,,,,,,,,,,,,,,,17,16.562.049.460.498
581631,1,4,17,95,2,,,,,,,,2,,,,,,,,,,,,,,,17,16.562.049.460.498
581632,1,1,17,95,2,,,,,,,,2,,,,,,,,,,,,,,,17,16.562.049.460.498
581632,1,2,17,95,2,,,,,,,,2,,,,,,,,,,,,,,,17,16.562.049.460.498
581632,1,3,17,95,2,,,,,,,,1,2,,2,,,,,,2800000,2,1,2,,2,17,16.562.049.460.498
581632,1,4,17,95,2,,,,,,,,2,,,,,,,,,,,,,,,17,16.562.049.460.498
581633,1,1,17,95,2,,,,,,,,2,,,,,,,,,,,,,,,17,177.289.729.577.814
581633,1,2,17,95,2,,,,,,,,2,,,,,,,,,,,,,,,17,177.289.729.577.814
581633,1,3,17,95,2,,,,,,,,2,,,,,,,,,,,,,,,17,177.289.729.577.814
581633,1,4,17,95,2,,,,,,,,2,,,,,,,,,,,,,,,17,177.289.729.577.814
581635,1,1,17,95,1,,2,1,,433700,,2,2,,,,,,,,,,,,,,,17,109.689.924.864.793
581635,1,2,17,95,2,,,,,,,,2,,,,,,,,,,,,,,,17,109.689.924.864.793
581636,1,1,17,95,2,,,,,,,,2,,,,,,,,,,,,,,,17,135.725.195.520.289
581636,1,2,17,95,2,,,,,,,,2,,,,,,,,,,,,,,,17,135.725.195.520.289
581636,1,3,17,95,2,,,,,,,,2,,,,,,,,,,,,,,,17,135.725.195.520.289
581636,1,4,17,95,2,,,,,,,,2,,,,,,,,,,,,,,,17,135.725.195.520.289
581636,1,5,17,95,2,,,,,,,,2,,,,,,,,,,,,,,,17,135.725.195.520.289
581636,1,7,17,95,2,,,,,,,,1,2,,2,,,,,,480000,2,1,2,,2,17,135.725.195.520.289
581858,1,1,23,95,2,,,,,,,,2,,,,,,,,,,,,,,,23,991.581.934.492.333
581858,1,2,23,95,2,,,,,,,,2,,,,,,,,,,,,,,,23,991.581.934.492.333
581858,1,3,23,95,2,,,,,,,,2,,,,,,,,,,,,,,,23,991.581.934.492.333
581858,1,4,23,95,2,,,,,,,,2,,,,,,,,,,,,,,,23,991.581.934.492.333
581859,1,1,23,95,2,,,,,,,,2,,,,,,,,,,,,,,,23,107.078.745.886.189
581859,1,2,23,95,2,,,,,,,,2,,,,,,,,,,,,,,,23,107.078.745.886.189
581860,1,1,23,95,2,,,,,,,,2,,,,,,,,,,,,,,,23,125.002.661.587.064
581860,1,2,23,95,2,,,,,,,,2,,,,,,,,,,,,,,,23,125.002.661.587.064
581860,1,4,23,95,2,,,,,,,,2,,,,,,,,,,,,,,,23,125.002.661.587.064
581861,1,1,23,95,2,,,,,,,,2,,,,,,,,,,,,,,,23,156.447.201.686.766
581861,1,2,23,95,2,,,,,,,,2,,,,,,,,,,,,,,,23,156.447.201.686.766
581861,2,1,23,95,2,,,,,,,,2,,,,,,,,,,,,,,,23,156.447.201.686.766
581861,2,2,23,95,2,,,,,,,,2,,,,,,,,,,,,,,,23,156.447.201.686.766
581861,3,1,23,95,2,,,,,,,,2,,,,,,,,,,,,,,,23,156.447.201.686.766
581861,4,1,23,95,2,,,,,,,,2,,,,,,,,,,,,,,,23,156.447.201.686.766
581862,1,1,23,95,1,,1,1,,1530000,620000,2,2,,,,,,,,,,,,,,,23,91.145.807.546.608
581862,1,2,23,95,2,,,,,,,,2,,,,,,,,,,,,,,,23,91.145.807.546.608
581862,1,3,23,95,2,,,,,,,,2,,,,,,,,,,,,,,,23,91.145.807.546.608
581863,1,1,23,95,1,,2,1,,738000,,2,2,,,,,,,,,,,,,,,23,124.315.353.162.606
581863,1,2,23,95,2,,,,,,,,2,,,,,,,,,,,,,,,23,124.315.353.162.606
581864,1,1,23,95,2,,,,,,,,2,,,,,,,,,,,,,,,23,121.115.697.300.755
581864,1,2,23,95,2,,,,,,,,2,,,,,,,,,,,,,,,23,121.115.697.300.755
581864,1,5,23,95,2,,,,,,,,2,,,,,,,,,,,,,,,23,121.115.697.300.755
581865,1,1,23,95,2,,,,,,,,2,,,,,,,,,,,,,,,23,132.609.433.993.013
581865,1,2,23,95,2,,,,,,,,2,,,,,,,,,,,,,,,23,132.609.433.993.013
581866,1,1,23,95,2,,,,,,,,2,,,,,,,,,,,,,,,23,133.412.014.659.478
581866,1,2,23,95,2,,,,,,,,2,,,,,,,,,,,,,,,23,133.412.014.659.478
581866,1,3,23,95,2,,,,,,,,2,,,,,,,,,,,,,,,23,133.412.014.659.478
581866,1,4,23,95,2,,,,,,,,2,,,,,,,,,,,,,,,23,133.412.014.659.478
581867,1,1,23,95,1,,2,1,,1500000,,2,2,,,,,,,,,,,,,,,23,115.091.131.788.815
581867,1,2,23,95,2,,,,,,,,2,,,,,,,,,,,,,,,23,115.091.131.788.815
581867,1,3,23,95,2,,,,,,,,2,,,,,,,,,,,,,,,23,115.091.131.788.815
581868,1,1,23,95,2,,,,,,,,2,,,,,,,,,,,,,,,23,13.156.864.273.458
581868,1,2,23,95,2,,,,,,,,2,,,,,,,,,,,,,,,23,13.156.864.273.458
581869,1,1,23,95,1,,1,2,,,240000,2,2,,,,,,,,,,,,,,,23,104.940.567.153.409
581869,1,2,23,95,2,,,,,,,,2,,,,,,,,,,,,,,,23,104.940.567.153.409
581870,1,1,23,95,2,,,,,,,,2,,,,,,,,,,,,,,,23,134.079.277.524.461
581870,1,2,23,95,2,,,,,,,,1,2,,2,,,,,,4500000,2,1,2,,2,23,134.079.277.524.461
581871,1,1,23,95,1,,2,1,,4000000,,2,2,,,,,,,,,,,,,,,23,983.990.971.185.817
581871,1,2,23,95,2,,,,,,,,2,,,,,,,,,,,,,,,23,983.990.971.185.817
581871,1,3,23,95,2,,,,,,,,2,,,,,,,,,,,,,,,23,983.990.971.185.817
581872,1,1,23,95,1,,1,2,,,80000,2,2,,,,,,,,,,,,,,,23,10.386.769.079.175
581872,1,2,23,95,1,,2,2,200000,,,1,2,,,,,,,,,,,,,,,23,10.386.769.079.175
581874,1,1,23,95,1,,1,2,,,150000,2,1,2,,2,,,,,,2400000,2,1,2,,2,23,90.061.531.952.361
581874,1,2,23,95,2,,,,,,,,2,,,,,,,,,,,,,,,23,90.061.531.952.361
581875,1,1,23,95,2,,,,,,,,1,2,,2,,,,,,3600000,2,1,2,,2,23,104.940.567.153.409
581875,1,2,23,95,2,,,,,,,,2,,,,,,,,,,,,,,,23,104.940.567.153.409
581876,1,1,23,95,2,,,,,,,,2,,,,,,,,,,,,,,,23,149.189.105.300.685
581876,1,2,23,95,2,,,,,,,,2,,,,,,,,,,,,,,,23,149.189.105.300.685
581876,1,4,23,95,2,,,,,,,,2,,,,,,,,,,,,,,,23,149.189.105.300.685
581877,1,1,23,95,2,,,,,,,,2,,,,,,,,,,,,,,,23,90.748.840.376.819
581877,1,2,23,95,2,,,,,,,,2,,,,,,,,,,,,,,,23,90.748.840.376.819
581877,1,4,23,95,2,,,,,,,,2,,,,,,,,,,,,,,,23,90.748.840.376.819
581878,1,1,23,95,1,,1,2,,,600000,2,2,,,,,,,,,,,,,,,23,115.758.394.653.797
581879,1,1,23,95,2,,,,,,,,2,,,,,,,,,,,,,,,23,133.412.014.659.478
581879,1,2,23,95,2,,,,,,,,2,,,,,,,,,,,,,,,23,133.412.014.659.478
581879,1,3,23,95,2,,,,,,,,2,,,,,,,,,,,,,,,23,133.412.014.659.478
581879,1,4,23,95,2,,,,,,,,2,,,,,,,,,,,,,,,23,133.412.014.659.478
581880,1,1,23,95,2,,,,,,,,2,,,,,,,,,,,,,,,23,1.167.301.829.899
581881,1,1,23,95,2,,,,,,,,2,,,,,,,,,,,,,,,23,183.148.805.781.925
581881,1,2,23,95,2,,,,,,,,2,,,,,,,,,,,,,,,23,183.148.805.781.925
581881,1,3,23,95,2,,,,,,,,2,,,,,,,,,,,,,,,23,183.148.805.781.925
581881,1,4,23,95,2,,,,,,,,2,,,,,,,,,,,,,,,23,183.148.805.781.925
581881,1,8,23,95,2,,,,,,,,2,,,,,,,,,,,,,,,23,183.148.805.781.925
581881,1,9,23,95,2,,,,,,,,2,,,,,,,,,,,,,,,23,183.148.805.781.925
581881,1,10,23,95,2,,,,,,,,2,,,,,,,,,,,,,,,23,183.148.805.781.925
581881,1,12,23,95,2,,,,,,,,2,,,,,,,,,,,,,,,23,183.148.805.781.925
581882,1,1,23,95,2,,,,,,,,2,,,,,,,,,,,,,,,23,116.832.343.351.806
581882,1,2,23,95,2,,,,,,,,2,,,,,,,,,,,,,,,23,116.832.343.351.806
581882,1,3,23,95,2,,,,,,,,2,,,,,,,,,,,,,,,23,116.832.343.351.806
581883,1,1,23,95,2,,,,,,,,2,,,,,,,,,,,,,,,23,966.333.744.429.013
581883,1,2,23,95,2,,,,,,,,2,,,,,,,,,,,,,,,23,966.333.744.429.013
581883,1,3,23,95,2,,,,,,,,2,,,,,,,,,,,,,,,23,966.333.744.429.013
581884,1,1,23,95,2,,,,,,,,2,,,,,,,,,,,,,,,23,118.970.522.084.587
581884,1,2,23,95,2,,,,,,,,2,,,,,,,,,,,,,,,23,118.970.522.084.587
581884,1,3,23,95,2,,,,,,,,2,,,,,,,,,,,,,,,23,118.970.522.084.587
581885,1,1,23,95,2,,,,,,,,2,,,,,,,,,,,,,,,23,108.786.315.672.188
581885,1,2,23,95,2,,,,,,,,2,,,,,,,,,,,,,,,23,108.786.315.672.188
581885,1,3,23,95,2,,,,,,,,2,,,,,,,,,,,,,,,23,108.786.315.672.188
581885,1,4,23,95,2,,,,,,,,2,,,,,,,,,,,,,,,23,108.786.315.672.188
581885,1,5,23,95,2,,,,,,,,2,,,,,,,,,,,,,,,23,108.786.315.672.188
581885,1,6,23,95,2,,,,,,,,2,,,,,,,,,,,,,,,23,108.786.315.672.188
581885,1,7,23,95,2,,,,,,,,1,2,,2,,,,,,4000000,2,1,2,,2,23,108.786.315.672.188
581886,1,1,23,95,2,,,,,,,,1,2,,2,,,,,,3600000,2,1,2,,2,23,143.460.418.932.977
581886,1,2,23,95,2,,,,,,,,2,,,,,,,,,,,,,,,23,143.460.418.932.977
581886,1,3,23,95,2,,,,,,,,2,,,,,,,,,,,,,,,23,143.460.418.932.977
581887,1,1,23,95,2,,,,,,,,2,,,,,,,,,,,,,,,23,123.398.324.499.322
581887,1,2,23,95,2,,,,,,,,2,,,,,,,,,,,,,,,23,123.398.324.499.322
581888,1,1,23,95,2,,,,,,,,1,2,,2,,,,,,3600000,2,1,2,,2,23,113.247.759.863.916
581889,1,1,23,95,2,,,,,,,,2,,,,,,,,,,,,,,,23,151.630.737.168.235
581889,1,2,23,95,2,,,,,,,,2,,,,,,,,,,,,,,,23,151.630.737.168.235
581889,1,4,23,95,2,,,,,,,,2,,,,,,,,,,,,,,,23,151.630.737.168.235
581890,1,1,23,95,2,,,,,,,,2,,,,,,,,,,,,,,,23,129.422.890.011.262
581890,1,2,23,95,2,,,,,,,,2,,,,,,,,,,,,,,,23,129.422.890.011.262
581891,1,1,23,95,2,,,,,,,,2,,,,,,,,,,,,,,,23,142.250.668.096.068
581891,1,2,23,95,2,,,,,,,,2,,,,,,,,,,,,,,,23,142.250.668.096.068
581891,2,1,23,95,2,,,,,,,,2,,,,,,,,,,,,,,,23,142.250.668.096.068
581891,2,2,23,95,2,,,,,,,,2,,,,,,,,,,,,,,,23,142.250.668.096.068
581892,1,1,23,95,2,,,,,,,,2,,,,,,,,,,,,,,,23,123.557.329.168.305
581892,1,2,23,95,2,,,,,,,,2,,,,,,,,,,,,,,,23,123.557.329.168.305
581892,1,3,23,95,2,,,,,,,,2,,,,,,,,,,,,,,,23,123.557.329.168.305
581893,1,1,23,95,2,,,,,,,,1,2,,2,,,,,,2400000,2,1,2,,2,23,104.940.567.153.409
581893,1,2,23,95,2,,,,,,,,2,,,,,,,,,,,,,,,23,104.940.567.153.409
581894,1,1,23,95,2,,,,,,,,2,,,,,,,,,,,,,,,23,101.610.647.042.221
581894,1,2,23,95,2,,,,,,,,2,,,,,,,,,,,,,,,23,101.610.647.042.221
581894,1,3,23,95,2,,,,,,,,2,,,,,,,,,,,,,,,23,101.610.647.042.221
581894,1,4,23,95,2,,,,,,,,2,,,,,,,,,,,,,,,23,101.610.647.042.221
581894,1,6,23,95,2,,,,,,,,1,2,,2,,,,,,4800000,2,1,2,,2,23,101.610.647.042.221
581895,1,1,23,95,2,,,,,,,,2,,,,,,,,,,,,,,,23,115.091.131.788.815
581895,1,2,23,95,2,,,,,,,,2,,,,,,,,,,,,,,,23,115.091.131.788.815
581895,1,3,23,95,2,,,,,,,,2,,,,,,,,,,,,,,,23,115.091.131.788.815
581896,1,1,23,95,2,,,,,,,,2,,,,,,,,,,,,,,,23,143.661.972.480.362
581896,1,2,23,95,2,,,,,,,,2,,,,,,,,,,,,,,,23,143.661.972.480.362
581896,2,1,23,95,2,,,,,,,,2,,,,,,,,,,,,,,,23,143.661.972.480.362
581896,2,2,23,95,2,,,,,,,,2,,,,,,,,,,,,,,,23,143.661.972.480.362
581896,3,1,23,95,2,,,,,,,,2,,,,,,,,,,,,,,,23,143.661.972.480.362
581896,3,2,23,95,2,,,,,,,,2,,,,,,,,,,,,,,,23,143.661.972.480.362
581896,3,3,23,95,2,,,,,,,,2,,,,,,,,,,,,,,,23,143.661.972.480.362
581896,3,4,23,95,2,,,,,,,,2,,,,,,,,,,,,,,,23,143.661.972.480.362
581896,3,5,23,95,2,,,,,,,,2,,,,,,,,,,,,,,,23,143.661.972.480.362
581896,3,6,23,95,2,,,,,,,,2,,,,,,,,,,,,,,,23,143.661.972.480.362
581897,1,1,23,95,1,,2,1,,433700,,2,2,,,,,,,,,,,,,,,23,102.337.163.440.447
581897,1,2,23,95,2,,,,,,,,2,,,,,,,,,,,,,,,23,102.337.163.440.447
581897,1,3,23,95,2,,,,,,,,2,,,,,,,,,,,,,,,23,102.337.163.440.447
581897,1,5,23,95,2,,,,,,,,2,,,,,,,,,,,,,,,23,102.337.163.440.447
581898,1,1,23,95,2,,,,,,,,2,,,,,,,,,,,,,,,23,855.440.407.446.576
581898,1,2,23,95,2,,,,,,,,2,,,,,,,,,,,,,,,23,855.440.407.446.576
581898,1,8,23,95,2,,,,,,,,1,2,,2,,,,,,2400000,2,1,2,,2,23,855.440.407.446.576
581898,1,9,23,95,2,,,,,,,,2,,,,,,,,,,,,,,,23,855.440.407.446.576
581899,1,1,23,95,2,,,,,,,,1,2,,2,,,,,,1200000,2,1,2,,2,23,129.268.692.156.387
581899,1,2,23,95,2,,,,,,,,2,,,,,,,,,,,,,,,23,129.268.692.156.387
581899,2,1,23,95,2,,,,,,,,2,,,,,,,,,,,,,,,23,129.268.692.156.387
581899,2,2,23,95,2,,,,,,,,2,,,,,,,,,,,,,,,23,129.268.692.156.387
581900,1,1,23,95,2,,,,,,,,2,,,,,,,,,,,,,,,23,141.719.207.369.986
581900,1,2,23,95,2,,,,,,,,2,,,,,,,,,,,,,,,23,141.719.207.369.986
581900,1,3,23,95,2,,,,,,,,2,,,,,,,,,,,,,,,23,141.719.207.369.986
581901,1,1,23,95,2,,,,,,,,2,,,,,,,,,,,,,,,23,114.685.518.292.138
581903,1,1,23,95,2,,,,,,,,2,,,,,,,,,,,,,,,23,162.020.336.640.798
581903,1,2,23,95,2,,,,,,,,2,,,,,,,,,,,,,,,23,162.020.336.640.798
581903,1,3,23,95,2,,,,,,,,2,,,,,,,,,,,,,,,23,162.020.336.640.798
581903,1,4,23,95,2,,,,,,,,2,,,,,,,,,,,,,,,23,162.020.336.640.798
581903,1,5,23,95,2,,,,,,,,2,,,,,,,,,,,,,,,23,162.020.336.640.798
581904,1,1,23,95,2,,,,,,,,2,,,,,,,,,,,,,,,23,162.284.130.681.805
581904,1,2,23,95,2,,,,,,,,2,,,,,,,,,,,,,,,23,162.284.130.681.805
581904,1,3,23,95,2,,,,,,,,2,,,,,,,,,,,,,,,23,162.284.130.681.805
581904,1,4,23,95,2,,,,,,,,2,,,,,,,,,,,,,,,23,162.284.130.681.805
581904,1,5,23,95,2,,,,,,,,2,,,,,,,,,,,,,,,23,162.284.130.681.805
581905,1,1,23,95,2,,,,,,,,2,,,,,,,,,,,,,,,23,108.819.957.449.181
581905,1,2,23,95,2,,,,,,,,2,,,,,,,,,,,,,,,23,108.819.957.449.181
581906,1,1,23,95,1,,2,1,,680000,,2,2,,,,,,,,,,,,,,,23,893.800.848.709.276
581906,1,2,23,95,2,,,,,,,,2,,,,,,,,,,,,,,,23,893.800.848.709.276
581906,1,3,23,95,2,,,,,,,,2,,,,,,,,,,,,,,,23,893.800.848.709.276
581907,1,1,23,95,2,,,,,,,,2,,,,,,,,,,,,,,,23,131.164.101.574.254
581907,1,2,23,95,2,,,,,,,,2,,,,,,,,,,,,,,,23,131.164.101.574.254
581908,1,1,23,95,2,,,,,,,,2,,,,,,,,,,,,,,,23,141.719.207.369.986
581908,1,2,23,95,2,,,,,,,,2,,,,,,,,,,,,,,,23,141.719.207.369.986
581908,1,3,23,95,2,,,,,,,,2,,,,,,,,,,,,,,,23,141.719.207.369.986
581909,1,1,23,95,2,,,,,,,,1,2,,2,,,,,,3600000,2,1,2,,2,23,113.247.759.863.916
581910,1,1,23,95,2,,,,,,,,2,,,,,,,,,,,,,,,23,140.248.291.502.187
581912,1,1,23,95,2,,,,,,,,2,,,,,,,,,,,,,,,23,109.466.690.417.271
581912,1,2,23,95,2,,,,,,,,2,,,,,,,,,,,,,,,23,109.466.690.417.271
581912,1,3,23,95,2,,,,,,,,2,,,,,,,,,,,,,,,23,109.466.690.417.271
581912,1,4,23,95,2,,,,,,,,2,,,,,,,,,,,,,,,23,109.466.690.417.271
581913,1,1,23,95,2,,,,,,,,2,,,,,,,,,,,,,,,23,142.546.547.240.301
581913,1,2,23,95,2,,,,,,,,2,,,,,,,,,,,,,,,23,142.546.547.240.301
581913,2,1,23,95,2,,,,,,,,2,,,,,,,,,,,,,,,23,142.546.547.240.301
581913,2,2,23,95,2,,,,,,,,2,,,,,,,,,,,,,,,23,142.546.547.240.301
581914,1,1,23,95,2,,,,,,,,2,,,,,,,,,,,,,,,23,137.530.439.792.407
581914,1,2,23,95,2,,,,,,,,2,,,,,,,,,,,,,,,23,137.530.439.792.407
581914,1,3,23,95,2,,,,,,,,2,,,,,,,,,,,,,,,23,137.530.439.792.407
581914,1,4,23,95,2,,,,,,,,2,,,,,,,,,,,,,,,23,137.530.439.792.407
581914,1,5,23,95,2,,,,,,,,2,,,,,,,,,,,,,,,23,137.530.439.792.407
581915,1,1,23,95,1,,2,1,,433700,,2,2,,,,,,,,,,,,,,,23,10.253.845.621.331
581915,1,2,23,95,2,,,,,,,,1,2,,2,,,,,,1680000,2,1,2,,2,23,10.253.845.621.331
581916,1,1,23,95,2,,,,,,,,1,2,,2,,,,,,2400000,2,1,2,,2,23,113.247.759.863.916
581917,1,1,23,95,2,,,,,,,,2,,,,,,,,,,,,,,,23,140.646.331.008.327
581917,1,2,23,95,2,,,,,,,,2,,,,,,,,,,,,,,,23,140.646.331.008.327
581917,1,3,23,95,2,,,,,,,,2,,,,,,,,,,,,,,,23,140.646.331.008.327
581918,1,1,23,95,2,,,,,,,,2,,,,,,,,,,,,,,,23,128.853.947.995.407
581918,1,2,23,95,2,,,,,,,,2,,,,,,,,,,,,,,,23,128.853.947.995.407
581918,1,3,23,95,2,,,,,,,,2,,,,,,,,,,,,,,,23,128.853.947.995.407
581918,1,4,23,95,2,,,,,,,,2,,,,,,,,,,,,,,,23,128.853.947.995.407
581918,1,5,23,95,2,,,,,,,,2,,,,,,,,,,,,,,,23,128.853.947.995.407
581918,1,8,23,95,2,,,,,,,,2,,,,,,,,,,,,,,,23,128.853.947.995.407
581918,1,9,23,95,2,,,,,,,,2,,,,,,,,,,,,,,,23,128.853.947.995.407
581919,1,1,23,95,2,,,,,,,,2,,,,,,,,,,,,,,,23,130.495.766.372.921
581919,1,2,23,95,2,,,,,,,,2,,,,,,,,,,,,,,,23,130.495.766.372.921
581920,1,1,23,95,2,,,,,,,,2,,,,,,,,,,,,,,,23,12.473.236.589.187
581920,1,2,23,95,2,,,,,,,,2,,,,,,,,,,,,,,,23,12.473.236.589.187
581920,1,3,23,95,2,,,,,,,,2,,,,,,,,,,,,,,,23,12.473.236.589.187
581920,1,4,23,95,2,,,,,,,,1,2,,2,,,,,,50000,2,1,2,,2,23,12.473.236.589.187
581920,1,5,23,95,2,,,,,,,,2,,,,,,,,,,,,,,,23,12.473.236.589.187
581921,1,1,23,95,2,,,,,,,,2,,,,,,,,,,,,,,,23,127.140.840.319.845
581921,1,2,23,95,2,,,,,,,,2,,,,,,,,,,,,,,,23,127.140.840.319.845
581921,1,3,23,95,2,,,,,,,,2,,,,,,,,,,,,,,,23,127.140.840.319.845
581922,1,1,23,95,2,,,,,,,,2,,,,,,,,,,,,,,,23,129.422.890.011.262
581922,1,2,23,95,2,,,,,,,,2,,,,,,,,,,,,,,,23,129.422.890.011.262
581923,1,1,23,95,2,,,,,,,,2,,,,,,,,,,,,,,,23,162.020.336.640.798
581923,1,2,23,95,2,,,,,,,,2,,,,,,,,,,,,,,,23,162.020.336.640.798
581923,1,3,23,95,2,,,,,,,,2,,,,,,,,,,,,,,,23,162.020.336.640.798
581923,1,4,23,95,2,,,,,,,,2,,,,,,,,,,,,,,,23,162.020.336.640.798
581923,1,5,23,95,2,,,,,,,,2,,,,,,,,,,,,,,,23,162.020.336.640.798
581924,1,1,23,95,2,,,,,,,,2,,,,,,,,,,,,,,,23,122.188.573.662.413
581924,1,2,23,95,2,,,,,,,,2,,,,,,,,,,,,,,,23,122.188.573.662.413
581924,1,3,23,95,2,,,,,,,,2,,,,,,,,,,,,,,,23,122.188.573.662.413
581925,1,1,23,95,2,,,,,,,,2,,,,,,,,,,,,,,,23,161.781.301.803.641
581925,1,2,23,95,2,,,,,,,,2,,,,,,,,,,,,,,,23,161.781.301.803.641
581925,1,3,23,95,2,,,,,,,,2,,,,,,,,,,,,,,,23,161.781.301.803.641
581925,1,4,23,95,2,,,,,,,,2,,,,,,,,,,,,,,,23,161.781.301.803.641
581926,1,1,23,95,2,,,,,,,,2,,,,,,,,,,,,,,,23,101.455.376.850.996
581926,1,2,23,95,2,,,,,,,,2,,,,,,,,,,,,,,,23,101.455.376.850.996
581926,1,3,23,95,2,,,,,,,,2,,,,,,,,,,,,,,,23,101.455.376.850.996
581926,1,4,23,95,2,,,,,,,,2,,,,,,,,,,,,,,,23,101.455.376.850.996
581926,1,7,23,95,2,,,,,,,,1,2,,2,,,,,,500000,2,1,2,,2,23,101.455.376.850.996
581927,1,1,23,95,2,,,,,,,,2,,,,,,,,,,,,,,,23,105.175.184.970.636
581927,1,2,23,95,2,,,,,,,,2,,,,,,,,,,,,,,,23,105.175.184.970.636
581927,1,3,23,95,2,,,,,,,,2,,,,,,,,,,,,,,,23,105.175.184.970.636
581927,1,8,23,95,2,,,,,,,,1,2,,2,,,,,,960000,2,1,2,,2,23,105.175.184.970.636
582074,1,1,50,95,1,,1,2,,,98,2,2,,,,,,,,,,,,,,,50,267.526.126.295.644
582074,1,2,50,95,1,,1,2,,,8000000,2,2,,,,,,,,,,,,,,,50,267.526.126.295.644
582074,1,3,50,95,1,,1,2,,,4000000,2,2,,,,,,,,,,,,,,,50,267.526.126.295.644
582075,1,1,50,95,2,,,,,,,,2,,,,,,,,,,,,,,,50,169.650.774.708.265
582075,1,2,50,95,2,,,,,,,,2,,,,,,,,,,,,,,,50,169.650.774.708.265
582075,1,3,50,95,2,,,,,,,,2,,,,,,,,,,,,,,,50,169.650.774.708.265
582075,1,4,50,95,2,,,,,,,,2,,,,,,,,,,,,,,,50,169.650.774.708.265
582076,1,1,50,95,1,,1,2,,,180000,2,1,2,,2,,,,,,8400000,2,1,2,,2,50,167.388.517.094.304
582076,1,2,50,95,2,,,,,,,,1,2,,2,,,,,,3000000,2,1,2,,2,50,167.388.517.094.304
582076,1,3,50,95,2,,,,,,,,2,,,,,,,,,,,,,,,50,167.388.517.094.304
582076,1,5,50,95,2,,,,,,,,2,,,,,,,,,,,,,,,50,167.388.517.094.304
582076,1,6,50,95,2,,,,,,,,2,,,,,,,,,,,,,,,50,167.388.517.094.304
582077,1,1,50,95,2,,,,,,,,2,,,,,,,,,,,,,,,50,122.350.427.099.987
582077,1,2,50,95,2,,,,,,,,2,,,,,,,,,,,,,,,50,122.350.427.099.987
582078,1,1,50,95,1,,2,1,,850000,,2,2,,,,,,,,,,,,,,,50,197.040.375.918.093
582078,1,2,50,95,1,,1,2,,,400000,2,2,,,,,,,,,,,,,,,50,197.040.375.918.093
582078,1,3,50,95,2,,,,,,,,2,,,,,,,,,,,,,,,50,197.040.375.918.093
582078,1,4,50,95,2,,,,,,,,2,,,,,,,,,,,,,,,50,197.040.375.918.093
582078,1,5,50,95,1,,1,2,,,250000,2,1,2,,2,,,,,,500000,2,1,2,,2,50,197.040.375.918.093
582078,2,1,50,95,2,,,,,,,,2,,,,,,,,,,,,,,,50,197.040.375.918.093
582078,2,2,50,95,2,,,,,,,,2,,,,,,,,,,,,,,,50,197.040.375.918.093
582079,1,1,50,95,2,,,,,,,,2,,,,,,,,,,,,,,,50,145.727.566.962.551
582079,1,2,50,95,2,,,,,,,,2,,,,,,,,,,,,,,,50,145.727.566.962.551
582079,1,3,50,95,2,,,,,,,,2,,,,,,,,,,,,,,,50,145.727.566.962.551
582079,1,4,50,95,2,,,,,,,,2,,,,,,,,,,,,,,,50,145.727.566.962.551
582080,1,1,50,95,2,,,,,,,,2,,,,,,,,,,,,,,,50,134.284.260.697.407
582081,1,1,50,95,2,,,,,,,,2,,,,,,,,,,,,,,,50,160.111.001.126.988
582081,1,2,50,95,2,,,,,,,,2,,,,,,,,,,,,,,,50,160.111.001.126.988
582081,1,3,50,95,2,,,,,,,,2,,,,,,,,,,,,,,,50,160.111.001.126.988
582081,1,4,50,95,2,,,,,,,,2,,,,,,,,,,,,,,,50,160.111.001.126.988
582082,1,1,50,95,2,,,,,,,,2,,,,,,,,,,,,,,,50,184.507.210.700.948
582082,1,2,50,95,2,,,,,,,,2,,,,,,,,,,,,,,,50,184.507.210.700.948
582082,1,5,50,95,2,,,,,,,,2,,,,,,,,,,,,,,,50,184.507.210.700.948
582082,1,6,50,95,2,,,,,,,,2,,,,,,,,,,,,,,,50,184.507.210.700.948
582083,1,1,50,95,2,,,,,,,,2,,,,,,,,,,,,,,,50,190.084.000.015.579
582083,1,2,50,95,2,,,,,,,,2,,,,,,,,,,,,,,,50,190.084.000.015.579
582083,1,3,50,95,2,,,,,,,,2,,,,,,,,,,,,,,,50,190.084.000.015.579
582083,1,4,50,95,2,,,,,,,,2,,,,,,,,,,,,,,,50,190.084.000.015.579
582084,1,1,50,95,1,,1,2,,,2000000,2,2,,,,,,,,,,,,,,,50,331.849.204.600.352
582084,1,2,50,95,1,,1,2,,,2000000,2,2,,,,,,,,,,,,,,,50,331.849.204.600.352
582084,1,3,50,95,1,,1,2,,,500000,2,2,,,,,,,,,,,,,,,50,331.849.204.600.352
582084,1,4,50,95,2,,,,,,,,2,,,,,,,,,,,,,,,50,331.849.204.600.352
582084,1,5,50,95,2,,,,,,,,2,,,,,,,,,,,,,,,50,331.849.204.600.352
582085,1,1,50,95,2,,,,,,,,2,,,,,,,,,,,,,,,50,242.454.974.000.846
582085,1,2,50,95,2,,,,,,,,2,,,,,,,,,,,,,,,50,242.454.974.000.846
582085,1,3,50,95,2,,,,,,,,2,,,,,,,,,,,,,,,50,242.454.974.000.846
582086,1,1,50,95,2,,,,,,,,2,,,,,,,,,,,,,,,50,177.339.251.575.799
582086,1,2,50,95,2,,,,,,,,2,,,,,,,,,,,,,,,50,177.339.251.575.799
582086,1,3,50,95,2,,,,,,,,2,,,,,,,,,,,,,,,50,177.339.251.575.799
582087,1,1,50,95,2,,,,,,,,2,,,,,,,,,,,,,,,50,110.698.976.308.913
582087,1,2,50,95,1,,1,2,,,400000,2,2,,,,,,,,,,,,,,,50,110.698.976.308.913
582088,1,1,50,95,2,,,,,,,,2,,,,,,,,,,,,,,,50,116.148.042.325.158
582088,1,2,50,95,2,,,,,,,,2,,,,,,,,,,,,,,,50,116.148.042.325.158
582088,1,3,50,95,2,,,,,,,,2,,,,,,,,,,,,,,,50,116.148.042.325.158
582088,1,4,50,95,2,,,,,,,,2,,,,,,,,,,,,,,,50,116.148.042.325.158
582088,1,5,50,95,2,,,,,,,,2,,,,,,,,,,,,,,,50,116.148.042.325.158
582088,1,6,50,95,2,,,,,,,,2,,,,,,,,,,,,,,,50,116.148.042.325.158
582089,1,1,50,95,2,,,,,,,,2,,,,,,,,,,,,,,,50,187.791.061.841.205
582089,1,2,50,95,2,,,,,,,,2,,,,,,,,,,,,,,,50,187.791.061.841.205
582089,1,3,50,95,2,,,,,,,,2,,,,,,,,,,,,,,,50,187.791.061.841.205
582089,1,4,50,95,2,,,,,,,,2,,,,,,,,,,,,,,,50,187.791.061.841.205
582090,1,1,50,95,2,,,,,,,,2,,,,,,,,,,,,,,,50,101.917.201.792.672
582090,2,1,50,95,1,,1,2,,,250000,2,2,,,,,,,,,,,,,,,50,101.917.201.792.672
582091,1,1,50,95,2,,,,,,,,2,,,,,,,,,,,,,,,50,125.137.961.367.329
582091,1,2,50,95,2,,,,,,,,2,,,,,,,,,,,,,,,50,125.137.961.367.329
582091,1,3,50,95,2,,,,,,,,2,,,,,,,,,,,,,,,50,125.137.961.367.329
582092,1,1,50,95,2,,,,,,,,2,,,,,,,,,,,,,,,50,175.854.187.249.545
582092,1,2,50,95,2,,,,,,,,2,,,,,,,,,,,,,,,50,175.854.187.249.545
582092,1,3,50,95,2,,,,,,,,2,,,,,,,,,,,,,,,50,175.854.187.249.545
582092,1,4,50,95,2,,,,,,,,2,,,,,,,,,,,,,,,50,175.854.187.249.545
582093,1,1,50,95,2,,,,,,,,2,,,,,,,,,,,,,,,50,116.147.014.558.707
582093,1,2,50,95,2,,,,,,,,2,,,,,,,,,,,,,,,50,116.147.014.558.707
582094,1,1,50,95,2,,,,,,,,1,2,,2,,,,,,400000,2,1,2,,2,50,134.284.260.697.407
582095,1,1,50,95,2,,,,,,,,2,,,,,,,,,,,,,,,50,125.165.590.590.398
582095,1,2,50,95,2,,,,,,,,2,,,,,,,,,,,,,,,50,125.165.590.590.398
582095,1,3,50,95,2,,,,,,,,2,,,,,,,,,,,,,,,50,125.165.590.590.398
582095,1,5,50,95,1,,1,2,,,70000,2,2,,,,,,,,,,,,,,,50,125.165.590.590.398
582096,1,1,50,95,2,,,,,,,,2,,,,,,,,,,,,,,,50,191.570.092.108.284
582096,1,2,50,95,2,,,,,,,,2,,,,,,,,,,,,,,,50,191.570.092.108.284
582096,1,3,50,95,2,,,,,,,,2,,,,,,,,,,,,,,,50,191.570.092.108.284
582096,1,4,50,95,2,,,,,,,,2,,,,,,,,,,,,,,,50,191.570.092.108.284
582096,1,5,50,95,2,,,,,,,,1,2,,2,,,,,,600000,2,1,2,,2,50,191.570.092.108.284
582096,2,1,50,95,2,,,,,,,,2,,,,,,,,,,,,,,,50,191.570.092.108.284
582096,2,2,50,95,2,,,,,,,,2,,,,,,,,,,,,,,,50,191.570.092.108.284
582097,1,1,50,95,1,,1,1,,1600000,150000,2,2,,,,,,,,,,,,,,,50,101.917.201.792.672
582097,1,2,50,95,2,,,,,,,,2,,,,,,,,,,,,,,,50,101.917.201.792.672
582098,1,1,50,95,1,,1,2,,,400000,2,2,,,,,,,,,,,,,,,50,104.366.812.702.795
582098,1,2,50,95,2,,,,,,,,2,,,,,,,,,,,,,,,50,104.366.812.702.795
582099,1,1,50,95,2,,,,,,,,2,,,,,,,,,,,,,,,50,104.366.812.702.795
582099,1,2,50,95,2,,,,,,,,2,,,,,,,,,,,,,,,50,104.366.812.702.795
582100,1,1,50,95,2,,,,,,,,2,,,,,,,,,,,,,,,50,173.223.325.717.951
582100,1,2,50,95,2,,,,,,,,2,,,,,,,,,,,,,,,50,173.223.325.717.951
582100,1,3,50,95,2,,,,,,,,2,,,,,,,,,,,,,,,50,173.223.325.717.951
582101,1,1,50,95,2,,,,,,,,2,,,,,,,,,,,,,,,50,171.056.962.752.765
582101,1,2,50,95,2,,,,,,,,2,,,,,,,,,,,,,,,50,171.056.962.752.765
582101,1,3,50,95,2,,,,,,,,1,2,,2,,,,,,900000,2,1,2,,2,50,171.056.962.752.765
582101,1,7,50,95,2,,,,,,,,2,,,,,,,,,,,,,,,50,171.056.962.752.765
582102,1,1,50,95,2,,,,,,,,2,,,,,,,,,,,,,,,50,196.441.033.955.263
582102,1,2,50,95,2,,,,,,,,2,,,,,,,,,,,,,,,50,196.441.033.955.263
582102,1,3,50,95,2,,,,,,,,2,,,,,,,,,,,,,,,50,196.441.033.955.263
582102,1,4,50,95,2,,,,,,,,2,,,,,,,,,,,,,,,50,196.441.033.955.263
582103,1,1,50,95,1,,1,2,,,250000,2,1,2,,2,,,,,,1200000,2,1,2,,2,50,166.497.687.860.634
582104,1,1,50,95,1,,1,1,,846000,100000,2,2,,,,,,,,,,,,,,,50,146.273.634.845.701
582104,1,2,50,95,2,,,,,,,,2,,,,,,,,,,,,,,,50,146.273.634.845.701
582106,1,1,50,95,2,,,,,,,,2,,,,,,,,,,,,,,,50,17.741.509.623.892
582106,1,2,50,95,2,,,,,,,,2,,,,,,,,,,,,,,,50,17.741.509.623.892
582106,1,3,50,95,2,,,,,,,,2,,,,,,,,,,,,,,,50,17.741.509.623.892
582107,1,1,50,95,1,,1,1,,433000,180000,2,2,,,,,,,,,,,,,,,50,126.286.130.102.814
582107,1,2,50,95,2,,,,,,,,2,,,,,,,,,,,,,,,50,126.286.130.102.814
582107,2,1,50,95,2,,,,,,,,2,,,,,,,,,,,,,,,50,126.286.130.102.814
582107,2,2,50,95,2,,,,,,,,2,,,,,,,,,,,,,,,50,126.286.130.102.814
582107,3,1,50,95,2,,,,,,,,2,,,,,,,,,,,,,,,50,126.286.130.102.814
582108,1,1,50,95,2,,,,,,,,2,,,,,,,,,,,,,,,50,11.205.631.733.678
582108,1,2,50,95,2,,,,,,,,2,,,,,,,,,,,,,,,50,11.205.631.733.678
582108,1,3,50,95,2,,,,,,,,2,,,,,,,,,,,,,,,50,11.205.631.733.678
582108,1,4,50,95,2,,,,,,,,2,,,,,,,,,,,,,,,50,11.205.631.733.678
582108,1,5,50,95,2,,,,,,,,2,,,,,,,,,,,,,,,50,11.205.631.733.678
582109,1,1,50,95,1,,1,2,,,100000,2,2,,,,,,,,,,,,,,,50,108.249.365.398.791
582109,2,1,50,95,2,,,,,,,,2,,,,,,,,,,,,,,,50,108.249.365.398.791
582110,1,1,50,95,1,,1,2,,,700000,2,2,,,,,,,,,,,,,,,50,221.397.952.617.826
582110,1,2,50,95,2,,,,,,,,2,,,,,,,,,,,,,,,50,221.397.952.617.826
582111,1,1,50,95,1,,1,2,,,300000,2,2,,,,,,,,,,,,,,,50,291.086.530.007.468
582111,1,2,50,95,2,,,,,,,,2,,,,,,,,,,,,,,,50,291.086.530.007.468
582111,1,5,50,95,2,,,,,,,,2,,,,,,,,,,,,,,,50,291.086.530.007.468
582112,1,1,50,95,2,,,,,,,,2,,,,,,,,,,,,,,,50,1.588.092.109.931
582112,1,2,50,95,2,,,,,,,,2,,,,,,,,,,,,,,,50,1.588.092.109.931
582113,1,1,50,95,2,,,,,,,,2,,,,,,,,,,,,,,,50,177.154.949.616.982
582113,1,2,50,95,2,,,,,,,,2,,,,,,,,,,,,,,,50,177.154.949.616.982
582114,1,1,50,95,1,,2,1,,600000,,2,2,,,,,,,,,,,,,,,50,163.109.438.809.765
582114,1,2,50,95,2,,,,,,,,2,,,,,,,,,,,,,,,50,163.109.438.809.765
582114,1,4,50,95,2,,,,,,,,1,2,,2,,,,,,1800000,2,1,2,,2,50,163.109.438.809.765
582115,1,1,50,95,2,,,,,,,,2,,,,,,,,,,,,,,,50,132.018.951.746.102
582115,1,2,50,95,2,,,,,,,,2,,,,,,,,,,,,,,,50,132.018.951.746.102
582116,1,1,50,95,1,,2,1,,1000000,,2,1,2,,2,,,,1500000,,,1,2,2,,2,50,139.549.024.754.835
582116,1,2,50,95,2,,,,,,,,1,2,,2,,,,,,1400000,2,1,2,,2,50,139.549.024.754.835
582116,1,3,50,95,2,,,,,,,,2,,,,,,,,,,,,,,,50,139.549.024.754.835
582116,1,4,50,95,2,,,,,,,,2,,,,,,,,,,,,,,,50,139.549.024.754.835
582117,1,1,50,95,2,,,,,,,,2,,,,,,,,,,,,,,,50,141.789.463.372.576
582117,1,2,50,95,2,,,,,,,,2,,,,,,,,,,,,,,,50,141.789.463.372.576
582117,1,4,50,95,2,,,,,,,,2,,,,,,,,,,,,,,,50,141.789.463.372.576
582118,1,1,50,95,2,,,,,,,,2,,,,,,,,,,,,,,,50,118.777.876.090.301
582118,1,2,50,95,2,,,,,,,,2,,,,,,,,,,,,,,,50,118.777.876.090.301
582118,1,3,50,95,2,,,,,,,,2,,,,,,,,,,,,,,,50,118.777.876.090.301
582119,1,1,50,95,1,,1,2,,,150000,2,2,,,,,,,,,,,,,,,50,104.366.812.702.795
582119,1,2,50,95,2,,,,,,,,1,2,,2,,,,,,3600000,2,1,2,,2,50,104.366.812.702.795
582120,1,1,50,95,2,,,,,,,,1,2,,1,,,2600000,,,,2,2,2,,2,50,148.695.324.084.914
582120,1,2,50,95,2,,,,,,,,2,,,,,,,,,,,,,,,50,148.695.324.084.914
582121,1,1,50,95,2,,,,,,,,2,,,,,,,,,,,,,,,50,169.466.472.749.448
582121,1,2,50,95,1,,1,2,,,250000,2,2,,,,,,,,,,,,,,,50,169.466.472.749.448
582121,1,3,50,95,2,,,,,,,,2,,,,,,,,,,,,,,,50,169.466.472.749.448
582122,1,1,50,95,2,,,,,,,,2,,,,,,,,,,,,,,,50,183.696.285.515.482
582122,1,2,50,95,2,,,,,,,,2,,,,,,,,,,,,,,,50,183.696.285.515.482
582122,1,3,50,95,2,,,,,,,,2,,,,,,,,,,,,,,,50,183.696.285.515.482
582123,1,1,50,95,2,,,,,,,,2,,,,,,,,,,,,,,,50,155.239.711.320.759
582123,1,2,50,95,2,,,,,,,,2,,,,,,,,,,,,,,,50,155.239.711.320.759
582123,1,3,50,95,2,,,,,,,,1,2,,2,,,,,,3600000,2,1,2,,2,50,155.239.711.320.759
582124,1,1,50,95,2,,,,,,,,2,,,,,,,,,,,,,,,50,17.079.894.344.375
582124,1,2,50,95,2,,,,,,,,2,,,,,,,,,,,,,,,50,17.079.894.344.375
582124,1,3,50,95,2,,,,,,,,2,,,,,,,,,,,,,,,50,17.079.894.344.375
582124,1,4,50,95,2,,,,,,,,2,,,,,,,,,,,,,,,50,17.079.894.344.375
582124,1,5,50,95,2,,,,,,,,1,2,,2,,,,,,700000,2,1,2,,2,50,17.079.894.344.375
582124,1,8,50,95,2,,,,,,,,2,,,,,,,,,,,,,,,50,17.079.894.344.375
582125,1,1,50,95,2,,,,,,,,2,,,,,,,,,,,,,,,50,134.284.260.697.407
582126,1,1,50,95,2,,,,,,,,1,2,,2,,,,,,3000000,2,1,2,,2,50,16.983.404.890.063
582127,1,1,50,95,2,,,,,,,,2,,,,,,,,,,,,,,,50,169.128.549.392.228
582127,1,2,50,95,2,,,,,,,,2,,,,,,,,,,,,,,,50,169.128.549.392.228
582128,1,1,50,95,2,,,,,,,,2,,,,,,,,,,,,,,,50,125.165.590.590.398
582128,1,2,50,95,2,,,,,,,,2,,,,,,,,,,,,,,,50,125.165.590.590.398
582128,1,3,50,95,2,,,,,,,,2,,,,,,,,,,,,,,,50,125.165.590.590.398
582128,1,4,50,95,2,,,,,,,,2,,,,,,,,,,,,,,,50,125.165.590.590.398
582129,1,1,50,95,1,,1,2,,,130000,2,2,,,,,,,,,,,,,,,50,240.797.467.008.292
582129,1,2,50,95,2,,,,,,,,2,,,,,,,,,,,,,,,50,240.797.467.008.292
582129,1,4,50,95,2,,,,,,,,2,,,,,,,,,,,,,,,50,240.797.467.008.292
582129,2,1,50,95,2,,,,,,,,2,,,,,,,,,,,,,,,50,240.797.467.008.292
582130,1,1,50,95,2,,,,,,,,2,,,,,,,,,,,,,,,50,12.141.178.895.924
582130,1,2,50,95,1,,1,2,,,60000,2,1,2,,2,,,,,,1200000,2,1,2,,2,50,12.141.178.895.924
582130,2,1,50,95,1,,2,1,,947000,,2,2,,,,,,,,,,,,,,,50,12.141.178.895.924
582130,2,2,50,95,2,,,,,,,,2,,,,,,,,,,,,,,,50,12.141.178.895.924
582131,1,1,50,95,2,,,,,,,,2,,,,,,,,,,,,,,,50,175.669.885.290.728
582131,1,2,50,95,2,,,,,,,,2,,,,,,,,,,,,,,,50,175.669.885.290.728
582131,1,4,50,95,2,,,,,,,,1,2,,2,,,,,,1000000,2,1,2,,2,50,175.669.885.290.728
582132,1,1,50,95,1,,1,2,,,500000,2,2,,,,,,,,,,,,,,,50,14.887.962.604.373
582132,1,2,50,95,2,,,,,,,,2,,,,,,,,,,,,,,,50,14.887.962.604.373
582132,1,3,50,95,2,,,,,,,,2,,,,,,,,,,,,,,,50,14.887.962.604.373
582133,1,1,50,95,1,,2,1,,450000,,2,2,,,,,,,,,,,,,,,50,121.227.487.000.423
582133,1,2,50,95,2,,,,,,,,1,2,,2,,,,,,1500000,2,1,2,,2,50,121.227.487.000.423
582133,1,3,50,95,2,,,,,,,,2,,,,,,,,,,,,,,,50,121.227.487.000.423
582134,1,1,50,95,2,,,,,,,,2,,,,,,,,,,,,,,,50,217.600.908.303.105
582134,1,2,50,95,2,,,,,,,,2,,,,,,,,,,,,,,,50,217.600.908.303.105
582135,1,1,50,95,1,,1,1,,1700000,170000,2,2,,,,,,,,,,,,,,,50,169.466.472.749.448
582135,1,2,50,95,2,,,,,,,,2,,,,,,,,,,,,,,,50,169.466.472.749.448
582135,1,3,50,95,2,,,,,,,,2,,,,,,,,,,,,,,,50,169.466.472.749.448
582136,1,1,50,95,2,,,,,,,,2,,,,,,,,,,,,,,,50,175.854.187.249.545
582136,1,2,50,95,2,,,,,,,,2,,,,,,,,,,,,,,,50,175.854.187.249.545
582136,1,3,50,95,2,,,,,,,,2,,,,,,,,,,,,,,,50,175.854.187.249.545
582136,1,4,50,95,2,,,,,,,,2,,,,,,,,,,,,,,,50,175.854.187.249.545
582137,1,1,50,95,2,,,,,,,,2,,,,,,,,,,,,,,,50,36.974.347.102.957
582137,1,2,50,95,2,,,,,,,,2,,,,,,,,,,,,,,,50,36.974.347.102.957
582138,1,1,50,95,1,,2,2,200000,,,1,2,,,,,,,,,,,,,,,50,323.615.297.351.753
582139,1,1,50,95,2,,,,,,,,2,,,,,,,,,,,,,,,50,380.843.846.745.599
582139,1,2,50,95,1,,1,2,,,80000,2,2,,,,,,,,,,,,,,,50,380.843.846.745.599
582139,1,3,50,95,2,,,,,,,,2,,,,,,,,,,,,,,,50,380.843.846.745.599
582139,1,4,50,95,2,,,,,,,,2,,,,,,,,,,,,,,,50,380.843.846.745.599
582139,1,5,50,95,2,,,,,,,,2,,,,,,,,,,,,,,,50,380.843.846.745.599
582140,1,1,50,95,2,,,,,,,,2,,,,,,,,,,,,,,,50,208.733.625.405.589
582140,1,2,50,95,2,,,,,,,,1,2,,2,,,,,,7200000,2,1,2,,2,50,208.733.625.405.589
582141,1,1,50,95,2,,,,,,,,1,2,,2,,,,,,,2,2,2,550000,1,50,193.236.059.096.759
582141,1,2,50,95,2,,,,,,,,2,,,,,,,,,,,,,,,50,193.236.059.096.759
582141,2,1,50,95,2,,,,,,,,2,,,,,,,,,,,,,,,50,193.236.059.096.759
582142,1,1,50,95,1,,2,1,,1500000,,2,2,,,,,,,,,,,,,,,50,143.459.499.121.741
582142,1,2,50,95,2,,,,,,,,2,,,,,,,,,,,,,,,50,143.459.499.121.741
582142,1,3,50,95,2,,,,,,,,2,,,,,,,,,,,,,,,50,143.459.499.121.741
582142,1,4,50,95,2,,,,,,,,2,,,,,,,,,,,,,,,50,143.459.499.121.741
582143,1,1,50,95,2,,,,,,,,2,,,,,,,,,,,,,,,50,148.695.324.084.914
582143,1,2,50,95,2,,,,,,,,2,,,,,,,,,,,,,,,50,148.695.324.084.914
582144,1,1,50,95,2,,,,,,,,2,,,,,,,,,,,,,,,50,169.466.472.749.448
582144,1,2,50,95,2,,,,,,,,1,2,,2,,,,,,1200000,2,1,2,,2,50,169.466.472.749.448
582144,1,3,50,95,2,,,,,,,,2,,,,,,,,,,,,,,,50,169.466.472.749.448
582145,1,1,50,95,2,,,,,,,,2,,,,,,,,,,,,,,,50,169.650.774.708.265
582145,1,2,50,95,2,,,,,,,,2,,,,,,,,,,,,,,,50,169.650.774.708.265
582145,1,3,50,95,2,,,,,,,,2,,,,,,,,,,,,,,,50,169.650.774.708.265
582145,1,4,50,95,2,,,,,,,,2,,,,,,,,,,,,,,,50,169.650.774.708.265
582146,1,1,50,95,2,,,,,,,,2,,,,,,,,,,,,,,,50,126.283.078.765.469
582146,1,2,50,95,2,,,,,,,,2,,,,,,,,,,,,,,,50,126.283.078.765.469
582146,1,3,50,95,2,,,,,,,,2,,,,,,,,,,,,,,,50,126.283.078.765.469
582146,1,4,50,95,2,,,,,,,,2,,,,,,,,,,,,,,,50,126.283.078.765.469
582146,1,5,50,95,2,,,,,,,,2,,,,,,,,,,,,,,,50,126.283.078.765.469
582147,1,1,50,95,1,,1,2,,,330000,2,2,,,,,,,,,,,,,,,50,148.330.799.271.076
582147,1,2,50,95,1,,2,1,,1200000,,2,2,,,,,,,,,,,,,,,50,148.330.799.271.076
582147,1,3,50,95,2,,,,,,,,2,,,,,,,,,,,,,,,50,148.330.799.271.076
582147,1,4,50,95,1,,1,2,,,1200000,2,2,,,,,,,,,,,,,,,50,148.330.799.271.076
582148,1,1,50,95,2,,,,,,,,1,2,,2,,,,,,1200000,2,1,2,,2,50,134.284.260.697.407
582149,1,1,50,95,2,,,,,,,,2,,,,,,,,,,,,,,,50,125.502.486.181.167
582150,1,1,50,95,2,,,,,,,,2,,,,,,,,,,,,,,,50,169.497.153.309.862
582150,1,2,50,95,2,,,,,,,,2,,,,,,,,,,,,,,,50,169.497.153.309.862
582150,1,3,50,95,2,,,,,,,,2,,,,,,,,,,,,,,,50,169.497.153.309.862
582150,1,4,50,95,2,,,,,,,,2,,,,,,,,,,,,,,,50,169.497.153.309.862
582152,1,1,50,95,2,,,,,,,,2,,,,,,,,,,,,,,,50,16.256.061.203.711
582152,1,2,50,95,2,,,,,,,,2,,,,,,,,,,,,,,,50,16.256.061.203.711
582152,1,3,50,95,2,,,,,,,,2,,,,,,,,,,,,,,,50,16.256.061.203.711
582152,1,5,50,95,2,,,,,,,,2,,,,,,,,,,,,,,,50,16.256.061.203.711
582153,1,1,50,95,2,,,,,,,,2,,,,,,,,,,,,,,,50,152.790.100.410.636
582153,1,2,50,95,2,,,,,,,,2,,,,,,,,,,,,,,,50,152.790.100.410.636
582153,1,3,50,95,2,,,,,,,,1,2,,2,,,,,,500000,2,1,2,,2,50,152.790.100.410.636
582154,1,1,50,95,2,,,,,,,,2,,,,,,,,,,,,,,,50,10.830.491.629.277
582154,1,2,50,95,2,,,,,,,,2,,,,,,,,,,,,,,,50,10.830.491.629.277
582154,1,3,50,95,2,,,,,,,,2,,,,,,,,,,,,,,,50,10.830.491.629.277
582155,1,1,50,95,2,,,,,,,,1,2,,2,,,,,,200000,2,1,2,,2,50,149.662.911.663.022
582155,1,2,50,95,2,,,,,,,,2,,,,,,,,,,,,,,,50,149.662.911.663.022
582155,1,3,50,95,2,,,,,,,,2,,,,,,,,,,,,,,,50,149.662.911.663.022
582155,1,5,50,95,2,,,,,,,,1,2,,2,,,,,,1200000,2,1,2,,2,50,149.662.911.663.022
582156,1,1,50,95,1,,2,1,,480000,,2,2,,,,,,,,,,,,,,,50,122.872.652.416.024
582156,1,2,50,95,2,,,,,,,,1,2,,2,,,,,,300000,2,1,2,,2,50,122.872.652.416.024
582156,1,3,50,95,2,,,,,,,,2,,,,,,,,,,,,,,,50,122.872.652.416.024
582156,1,4,50,95,2,,,,,,,,2,,,,,,,,,,,,,,,50,122.872.652.416.024
582157,1,1,50,95,2,,,,,,,,2,,,,,,,,,,,,,,,50,152.425.575.596.799
582157,1,2,50,95,2,,,,,,,,2,,,,,,,,,,,,,,,50,152.425.575.596.799
582157,1,3,50,95,2,,,,,,,,2,,,,,,,,,,,,,,,50,152.425.575.596.799
582157,1,4,50,95,2,,,,,,,,2,,,,,,,,,,,,,,,50,152.425.575.596.799
582157,1,5,50,95,2,,,,,,,,2,,,,,,,,,,,,,,,50,152.425.575.596.799
582158,1,1,50,95,2,,,,,,,,2,,,,,,,,,,,,,,,50,299.694.427.243.677
582158,1,2,50,95,2,,,,,,,,2,,,,,,,,,,,,,,,50,299.694.427.243.677
582158,1,3,50,95,2,,,,,,,,2,,,,,,,,,,,,,,,50,299.694.427.243.677
582158,1,4,50,95,2,,,,,,,,2,,,,,,,,,,,,,,,50,299.694.427.243.677
582158,1,5,50,95,2,,,,,,,,2,,,,,,,,,,,,,,,50,299.694.427.243.677
582159,1,1,50,95,2,,,,,,,,2,,,,,,,,,,,,,,,50,124.800.038.010.109
582159,1,2,50,95,2,,,,,,,,2,,,,,,,,,,,,,,,50,124.800.038.010.109
582160,1,1,50,95,2,,,,,,,,2,,,,,,,,,,,,,,,50,188.261.012.332.106
582160,1,2,50,95,2,,,,,,,,2,,,,,,,,,,,,,,,50,188.261.012.332.106
582160,1,3,50,95,2,,,,,,,,2,,,,,,,,,,,,,,,50,188.261.012.332.106
582160,1,4,50,95,2,,,,,,,,2,,,,,,,,,,,,,,,50,188.261.012.332.106
582161,1,1,50,95,1,,1,2,,,700000,2,2,,,,,,,,,,,,,,,50,118.777.876.090.301
582161,1,2,50,95,2,,,,,,,,2,,,,,,,,,,,,,,,50,118.777.876.090.301
582161,1,3,50,95,2,,,,,,,,2,,,,,,,,,,,,,,,50,118.777.876.090.301
582163,1,1,50,95,2,,,,,,,,1,2,,2,,,,,,660000,2,1,2,,2,50,138.038.062.328.565
582164,1,1,50,95,2,,,,,,,,2,,,,,,,,,,,,,,,50,155.083.038.585.011
582164,1,2,50,95,2,,,,,,,,2,,,,,,,,,,,,,,,50,155.083.038.585.011
582164,1,4,50,95,2,,,,,,,,2,,,,,,,,,,,,,,,50,155.083.038.585.011
582165,1,1,50,95,2,,,,,,,,2,,,,,,,,,,,,,,,50,132.203.253.704.919
582165,1,2,50,95,2,,,,,,,,2,,,,,,,,,,,,,,,50,132.203.253.704.919
582165,1,3,50,95,2,,,,,,,,2,,,,,,,,,,,,,,,50,132.203.253.704.919
582166,1,1,50,95,2,,,,,,,,2,,,,,,,,,,,,,,,50,169.835.076.667.082
582166,1,2,50,95,2,,,,,,,,2,,,,,,,,,,,,,,,50,169.835.076.667.082
582166,1,3,50,95,2,,,,,,,,2,,,,,,,,,,,,,,,50,169.835.076.667.082
582166,1,4,50,95,2,,,,,,,,2,,,,,,,,,,,,,,,50,169.835.076.667.082
582166,1,5,50,95,2,,,,,,,,1,2,,2,,,,,,3000000,2,1,2,,2,50,169.835.076.667.082
582167,1,1,50,95,2,,,,,,,,1,2,,2,,,,,,2400000,2,1,2,,2,50,3.176.184.219.862
582167,1,2,50,95,2,,,,,,,,2,,,,,,,,,,,,,,,50,3.176.184.219.862
582168,1,1,50,95,1,,1,2,,,300000,2,2,,,,,,,,,,,,,,,50,203.834.403.585.345
582168,1,2,50,95,2,,,,,,,,2,,,,,,,,,,,,,,,50,203.834.403.585.345
582169,1,1,50,95,2,,,,,,,,2,,,,,,,,,,,,,,,50,297.390.648.169.827
582169,1,2,50,95,2,,,,,,,,2,,,,,,,,,,,,,,,50,297.390.648.169.827
582170,1,1,50,95,2,,,,,,,,2,,,,,,,,,,,,,,,50,254.132.749.455.732
582170,1,2,50,95,2,,,,,,,,2,,,,,,,,,,,,,,,50,254.132.749.455.732
582170,1,3,50,95,2,,,,,,,,2,,,,,,,,,,,,,,,50,254.132.749.455.732
582170,1,4,50,95,2,,,,,,,,2,,,,,,,,,,,,,,,50,254.132.749.455.732
582170,1,6,50,95,2,,,,,,,,2,,,,,,,,,,,,,,,50,254.132.749.455.732
582171,1,1,50,95,2,,,,,,,,2,,,,,,,,,,,,,,,50,336.379.822.502.962
582171,1,2,50,95,2,,,,,,,,2,,,,,,,,,,,,,,,50,336.379.822.502.962
582171,1,3,50,95,2,,,,,,,,2,,,,,,,,,,,,,,,50,336.379.822.502.962
582171,1,4,50,95,2,,,,,,,,2,,,,,,,,,,,,,,,50,336.379.822.502.962
582172,1,1,50,95,2,,,,,,,,2,,,,,,,,,,,,,,,50,158.993.512.951.917
582172,1,2,50,95,2,,,,,,,,2,,,,,,,,,,,,,,,50,158.993.512.951.917
582172,1,3,50,95,2,,,,,,,,2,,,,,,,,,,,,,,,50,158.993.512.951.917
582173,1,1,50,95,2,,,,,,,,2,,,,,,,,,,,,,,,50,161.286.451.126.291
582173,1,2,50,95,2,,,,,,,,2,,,,,,,,,,,,,,,50,161.286.451.126.291
582173,1,3,50,95,2,,,,,,,,2,,,,,,,,,,,,,,,50,161.286.451.126.291
582174,1,1,52,95,2,,,,,,,,1,2,,2,,,,,,600000,2,1,2,,2,52,127.741.475.670.733
582174,1,2,52,95,2,,,,,,,,2,,,,,,,,,,,,,,,52,127.741.475.670.733
582174,1,3,52,95,2,,,,,,,,2,,,,,,,,,,,,,,,52,127.741.475.670.733
582175,1,1,52,95,2,,,,,,,,1,2,,2,,,,,,2400000,2,1,2,,2,52,125.023.965.990.004
582176,1,1,52,95,2,,,,,,,,2,,,,,,,,,,,,,,,52,671.278.359.515.249
582176,1,2,52,95,2,,,,,,,,2,,,,,,,,,,,,,,,52,671.278.359.515.249
582176,1,3,52,95,2,,,,,,,,2,,,,,,,,,,,,,,,52,671.278.359.515.249
582176,1,4,52,95,2,,,,,,,,2,,,,,,,,,,,,,,,52,671.278.359.515.249
582177,1,1,52,95,1,,1,2,,,120000,2,2,,,,,,,,,,,,,,,52,114.922.640.025.035
582178,1,1,52,95,2,,,,,,,,2,,,,,,,,,,,,,,,52,1.411.892.950.704
582178,1,2,52,95,2,,,,,,,,2,,,,,,,,,,,,,,,52,1.411.892.950.704
582178,1,3,52,95,2,,,,,,,,2,,,,,,,,,,,,,,,52,1.411.892.950.704
582178,1,4,52,95,2,,,,,,,,2,,,,,,,,,,,,,,,52,1.411.892.950.704
582178,1,5,52,95,2,,,,,,,,2,,,,,,,,,,,,,,,52,1.411.892.950.704
582179,1,1,52,95,1,,1,2,,,300000,2,2,,,,,,,,,,,,,,,52,125.666.624.191.069
582179,1,2,52,95,2,,,,,,,,2,,,,,,,,,,,,,,,52,125.666.624.191.069
582179,1,3,52,95,2,,,,,,,,2,,,,,,,,,,,,,,,52,125.666.624.191.069
582179,1,4,52,95,2,,,,,,,,2,,,,,,,,,,,,,,,52,125.666.624.191.069
582180,1,1,52,95,2,,,,,,,,1,2,,2,,,,,,12000000,2,1,2,2200000,1,52,125.023.965.990.004
582181,1,1,52,95,2,,,,,,,,2,,,,,,,,,,,,,,,52,110.143.953.311.738
582181,1,2,52,95,2,,,,,,,,2,,,,,,,,,,,,,,,52,110.143.953.311.738
582181,1,3,52,95,2,,,,,,,,2,,,,,,,,,,,,,,,52,110.143.953.311.738
582182,1,1,52,95,2,,,,,,,,1,2,,2,,,,7400000,,,1,2,2,,2,52,141.817.447.547.063
582182,1,2,52,95,2,,,,,,,,1,2,,2,,,,1200000,,,1,2,2,,2,52,141.817.447.547.063
582183,1,1,52,95,2,,,,,,,,1,2,,2,,,,,,12000000,2,1,2,,2,52,671.278.359.515.249
582183,1,2,52,95,2,,,,,,,,2,,,,,,,,,,,,,,,52,671.278.359.515.249
582185,1,1,52,95,2,,,,,,,,2,,,,,,,,,,,,,,,52,177.007.633.229.693
582185,1,2,52,95,2,,,,,,,,2,,,,,,,,,,,,,,,52,177.007.633.229.693
582185,1,3,52,95,2,,,,,,,,2,,,,,,,,,,,,,,,52,177.007.633.229.693
582186,1,1,52,95,2,,,,,,,,1,2,,2,,,,,,2400000,2,1,2,,2,52,134.608.689.091.605
582186,1,2,52,95,2,,,,,,,,2,,,,,,,,,,,,,,,52,134.608.689.091.605
582187,1,1,52,95,2,,,,,,,,2,,,,,,,,,,,,,,,52,161.855.393.108.733
582187,1,2,52,95,2,,,,,,,,2,,,,,,,,,,,,,,,52,161.855.393.108.733
582187,1,3,52,95,2,,,,,,,,2,,,,,,,,,,,,,,,52,161.855.393.108.733
582187,1,4,52,95,2,,,,,,,,1,2,,2,,,,,,600000,2,1,2,,2,52,161.855.393.108.733
582187,1,5,52,95,2,,,,,,,,2,,,,,,,,,,,,,,,52,161.855.393.108.733
582187,1,6,52,95,2,,,,,,,,1,2,,2,,,,,,2400000,2,1,2,,2,52,161.855.393.108.733
582188,1,1,52,95,2,,,,,,,,2,,,,,,,,,,,,,,,52,260.522.959.676.812
582189,1,1,52,95,2,,,,,,,,2,,,,,,,,,,,,,,,52,26.007.649.714.475
582189,1,2,52,95,2,,,,,,,,1,2,,2,,,,,,6000000,2,1,2,,2,52,26.007.649.714.475
582189,1,3,52,95,2,,,,,,,,2,,,,,,,,,,,,,,,52,26.007.649.714.475
582189,1,4,52,95,2,,,,,,,,2,,,,,,,,,,,,,,,52,26.007.649.714.475
582189,2,1,52,95,2,,,,,,,,2,,,,,,,,,,,,,,,52,26.007.649.714.475
582189,2,2,52,95,2,,,,,,,,2,,,,,,,,,,,,,,,52,26.007.649.714.475
582190,1,1,52,95,2,,,,,,,,1,2,,1,,,900000,,,1800000,2,1,2,,2,52,256.428.234.505.423
582191,1,1,52,95,2,,,,,,,,2,,,,,,,,,,,,,,,52,261.277.824.310.136
582191,1,2,52,95,2,,,,,,,,2,,,,,,,,,,,,,,,52,261.277.824.310.136
582191,1,3,52,95,2,,,,,,,,2,,,,,,,,,,,,,,,52,261.277.824.310.136
582191,1,4,52,95,2,,,,,,,,2,,,,,,,,,,,,,,,52,261.277.824.310.136
582192,1,1,52,95,2,,,,,,,,2,,,,,,,,,,,,,,,52,131.180.646.896.114
582192,1,2,52,95,1,,1,2,,,150000,2,2,,,,,,,,,,,,,,,52,131.180.646.896.114
582192,1,3,52,95,2,,,,,,,,2,,,,,,,,,,,,,,,52,131.180.646.896.114
582192,1,4,52,95,2,,,,,,,,2,,,,,,,,,,,,,,,52,131.180.646.896.114
582193,1,1,52,95,2,,,,,,,,1,2,,2,,,,,,2400000,2,1,2,,2,52,125.023.965.990.004
582194,1,1,52,95,2,,,,,,,,2,,,,,,,,,,,,,,,52,114.922.640.025.035
582195,1,1,52,95,2,,,,,,,,2,,,,,,,,,,,,,,,52,145.183.487.135.044
582195,1,2,52,95,2,,,,,,,,2,,,,,,,,,,,,,,,52,145.183.487.135.044
582195,1,3,52,95,2,,,,,,,,2,,,,,,,,,,,,,,,52,145.183.487.135.044
582195,1,4,52,95,2,,,,,,,,2,,,,,,,,,,,,,,,52,145.183.487.135.044
582196,1,1,52,95,2,,,,,,,,2,,,,,,,,,,,,,,,52,106.149.761.247.094
582196,1,2,52,95,2,,,,,,,,2,,,,,,,,,,,,,,,52,106.149.761.247.094
582196,1,3,52,95,2,,,,,,,,2,,,,,,,,,,,,,,,52,106.149.761.247.094
582196,1,4,52,95,2,,,,,,,,2,,,,,,,,,,,,,,,52,106.149.761.247.094
582197,1,1,52,95,2,,,,,,,,2,,,,,,,,,,,,,,,52,15.334.592.636.175
582197,1,2,52,95,2,,,,,,,,2,,,,,,,,,,,,,,,52,15.334.592.636.175
582197,1,3,52,95,2,,,,,,,,2,,,,,,,,,,,,,,,52,15.334.592.636.175
582197,1,4,52,95,2,,,,,,,,2,,,,,,,,,,,,,,,52,15.334.592.636.175
582198,1,1,52,95,2,,,,,,,,2,,,,,,,,,,,,,,,52,15.334.592.636.175
582198,1,2,52,95,2,,,,,,,,2,,,,,,,,,,,,,,,52,15.334.592.636.175
582198,1,3,52,95,2,,,,,,,,2,,,,,,,,,,,,,,,52,15.334.592.636.175
582198,1,4,52,95,2,,,,,,,,2,,,,,,,,,,,,,,,52,15.334.592.636.175
582199,1,1,52,95,2,,,,,,,,2,,,,,,,,,,,,,,,52,119.652.168.081.427
582199,1,2,52,95,2,,,,,,,,1,2,,2,,,,,,9600000,2,1,2,,2,52,119.652.168.081.427
582200,1,1,52,95,2,,,,,,,,2,,,,,,,,,,,,,,,52,138.627.296.284.356
582200,1,2,52,95,2,,,,,,,,2,,,,,,,,,,,,,,,52,138.627.296.284.356
582201,1,1,52,95,2,,,,,,,,2,,,,,,,,,,,,,,,52,114.138.145.376.382
582201,1,2,52,95,2,,,,,,,,2,,,,,,,,,,,,,,,52,114.138.145.376.382
582202,1,1,52,95,1,,2,1,,730000,,2,2,,,,,,,,,,,,,,,52,130.180.085.019.964
582202,1,2,52,95,1,,1,2,,,80000,2,1,2,,2,,,,,,360000,2,1,2,,2,52,130.180.085.019.964
582203,1,1,52,95,2,,,,,,,,2,,,,,,,,,,,,,,,52,146.968.776.174.452
582203,1,2,52,95,2,,,,,,,,2,,,,,,,,,,,,,,,52,146.968.776.174.452
582203,1,3,52,95,2,,,,,,,,2,,,,,,,,,,,,,,,52,146.968.776.174.452
582203,1,4,52,95,2,,,,,,,,2,,,,,,,,,,,,,,,52,146.968.776.174.452
582204,1,1,52,95,1,,1,2,,,250000,2,2,,,,,,,,,,,,,,,52,861.827.935.012.636
582204,1,2,52,95,2,,,,,,,,2,,,,,,,,,,,,,,,52,861.827.935.012.636
582204,1,3,52,95,2,,,,,,,,2,,,,,,,,,,,,,,,52,861.827.935.012.636
582204,1,4,52,95,2,,,,,,,,1,2,,2,,,,,,720000,2,1,2,,2,52,861.827.935.012.636
582204,1,5,52,95,2,,,,,,,,2,,,,,,,,,,,,,,,52,861.827.935.012.636
582205,1,1,52,95,1,,1,2,,,250000,2,2,,,,,,,,,,,,,,,52,104.321.544.771.041
582205,1,2,52,95,2,,,,,,,,1,2,,2,,,,,,1200000,2,1,2,,2,52,104.321.544.771.041
582205,1,3,52,95,2,,,,,,,,2,,,,,,,,,,,,,,,52,104.321.544.771.041
582205,1,4,52,95,2,,,,,,,,2,,,,,,,,,,,,,,,52,104.321.544.771.041
582206,1,1,52,95,1,,1,2,,,50000,2,2,,,,,,,,,,,,,,,52,166.306.598.455.037
582206,1,2,52,95,2,,,,,,,,2,,,,,,,,,,,,,,,52,166.306.598.455.037
582207,1,1,52,95,1,,2,1,,433700,,2,1,2,,2,,,,,,2500000,2,1,2,,2,52,955.896.081.470.208
582207,1,2,52,95,2,,,,,,,,2,,,,,,,,,,,,,,,52,955.896.081.470.208
582208,1,1,52,95,2,,,,,,,,2,,,,,,,,,,,,,,,52,283.634.895.094.125
582208,1,2,52,95,2,,,,,,,,2,,,,,,,,,,,,,,,52,283.634.895.094.125
582209,1,1,52,95,2,,,,,,,,1,2,,2,,,,,,1800000,2,1,2,,2,52,11.623.154.105.878
582209,1,2,52,95,2,,,,,,,,2,,,,,,,,,,,,,,,52,11.623.154.105.878
582209,1,3,52,95,2,,,,,,,,2,,,,,,,,,,,,,,,52,11.623.154.105.878
582209,1,4,52,95,2,,,,,,,,2,,,,,,,,,,,,,,,52,11.623.154.105.878
582210,1,1,52,95,2,,,,,,,,2,,,,,,,,,,,,,,,52,187.829.608.068.486
582210,1,2,52,95,2,,,,,,,,2,,,,,,,,,,,,,,,52,187.829.608.068.486
582210,1,3,52,95,2,,,,,,,,2,,,,,,,,,,,,,,,52,187.829.608.068.486
582210,1,4,52,95,2,,,,,,,,1,2,,2,,,,,,720000,2,1,2,,2,52,187.829.608.068.486
582211,1,1,52,95,1,,1,2,,,250000,2,2,,,,,,,,,,,,,,,52,154.149.967.163.687
582211,1,2,52,95,2,,,,,,,,2,,,,,,,,,,,,,,,52,154.149.967.163.687
582211,1,3,52,95,2,,,,,,,,2,,,,,,,,,,,,,,,52,154.149.967.163.687
582212,1,1,52,95,2,,,,,,,,2,,,,,,,,,,,,,,,52,133.255.498.375.778
582212,1,2,52,95,2,,,,,,,,1,2,,2,,,,,,300000,2,1,2,,2,52,133.255.498.375.778
582212,1,3,52,95,2,,,,,,,,2,,,,,,,,,,,,,,,52,133.255.498.375.778
582213,1,1,52,95,2,,,,,,,,2,,,,,,,,,,,,,,,52,112.063.293.896.718
582213,1,2,52,95,2,,,,,,,,2,,,,,,,,,,,,,,,52,112.063.293.896.718
582213,1,3,52,95,2,,,,,,,,2,,,,,,,,,,,,,,,52,112.063.293.896.718
582214,1,1,52,95,1,,1,2,,,650000,2,1,2,,2,,,,,,4800000,2,1,2,,2,52,189.524.938.685.283
582214,1,2,52,95,2,,,,,,,,1,2,,2,,,,,,480000,2,1,2,,2,52,189.524.938.685.283
582215,1,1,52,95,2,,,,,,,,1,2,,2,,,,9600000,,,1,2,2,,2,52,12.718.645.483.147
582215,1,2,52,95,2,,,,,,,,2,,,,,,,,,,,,,,,52,12.718.645.483.147
582215,1,3,52,95,2,,,,,,,,2,,,,,,,,,,,,,,,52,12.718.645.483.147
582215,1,4,52,95,2,,,,,,,,2,,,,,,,,,,,,,,,52,12.718.645.483.147
582215,1,5,52,95,2,,,,,,,,1,2,,2,,,,,,2400000,2,1,2,800000,1,52,12.718.645.483.147
582216,1,1,52,95,1,,2,1,,99,,2,2,,,,,,,,,,,,,,,52,126.136.734.298.414
582216,1,2,52,95,2,,,,,,,,2,,,,,,,,,,,,,,,52,126.136.734.298.414
582216,1,3,52,95,2,,,,,,,,2,,,,,,,,,,,,,,,52,126.136.734.298.414
582216,1,4,52,95,2,,,,,,,,2,,,,,,,,,,,,,,,52,126.136.734.298.414
582216,1,5,52,95,2,,,,,,,,1,2,,2,,,,,,800000,2,1,2,,2,52,126.136.734.298.414
582216,1,7,52,95,2,,,,,,,,2,,,,,,,,,,,,,,,52,126.136.734.298.414
582217,1,1,52,95,2,,,,,,,,2,,,,,,,,,,,,,,,52,250.802.796.613.333
582217,1,2,52,95,2,,,,,,,,2,,,,,,,,,,,,,,,52,250.802.796.613.333
582217,1,5,52,95,2,,,,,,,,1,2,,2,,,,,,800000,2,1,2,,2,52,250.802.796.613.333
582217,1,6,52,95,2,,,,,,,,1,2,,2,,,,,,1200000,2,1,2,,2,52,250.802.796.613.333
582218,1,1,52,95,2,,,,,,,,1,2,,2,,,,,,98,2,1,2,,2,52,188.044.879.082.125
582218,1,2,52,95,2,,,,,,,,1,2,,2,,,,,,960000,2,1,2,,2,52,188.044.879.082.125
582218,1,4,52,95,2,,,,,,,,2,,,,,,,,,,,,,,,52,188.044.879.082.125
582218,1,5,52,95,2,,,,,,,,2,,,,,,,,,,,,,,,52,188.044.879.082.125
582219,1,1,52,95,2,,,,,,,,1,2,,1,,,4000000,,,,2,2,2,,2,52,137.823.255.482.419
582219,1,2,52,95,2,,,,,,,,1,2,,2,,,,400000,,,1,2,2,,2,52,137.823.255.482.419
582219,1,3,52,95,2,,,,,,,,2,,,,,,,,,,,,,,,52,137.823.255.482.419
582220,1,1,52,95,1,,1,2,,,172000,2,1,2,,2,,,,,,100000,2,1,2,,2,52,119.652.168.081.427
582220,1,2,52,95,2,,,,,,,,1,2,,2,,,,,,50000,2,1,2,,2,52,119.652.168.081.427
582221,1,1,52,95,1,,1,2,,,450000,2,2,,,,,,,,,,,,,,,52,85.931.311.260.407
582221,1,2,52,95,2,,,,,,,,2,,,,,,,,,,,,,,,52,85.931.311.260.407
582221,1,3,52,95,2,,,,,,,,2,,,,,,,,,,,,,,,52,85.931.311.260.407
582222,1,1,52,95,2,,,,,,,,2,,,,,,,,,,,,,,,52,147.859.002.197.401
582223,1,1,52,95,2,,,,,,,,2,,,,,,,,,,,,,,,52,155.893.419.423.392
582224,1,1,52,95,2,,,,,,,,2,,,,,,,,,,,,,,,52,147.859.002.197.401
582225,1,1,52,95,2,,,,,,,,2,,,,,,,,,,,,,,,52,10.053.481.508.203
582226,1,1,52,95,1,,1,2,,,300000,2,2,,,,,,,,,,,,,,,52,175.538.304.368.082
582227,1,1,52,95,2,,,,,,,,2,,,,,,,,,,,,,,,52,141.817.447.547.063
582227,1,2,52,95,2,,,,,,,,2,,,,,,,,,,,,,,,52,141.817.447.547.063
582228,1,1,52,95,2,,,,,,,,2,,,,,,,,,,,,,,,52,10.053.481.508.203
582229,1,1,52,95,2,,,,,,,,2,,,,,,,,,,,,,,,52,339.345.276.086.036
582229,1,2,52,95,2,,,,,,,,2,,,,,,,,,,,,,,,52,339.345.276.086.036
582229,1,3,52,95,2,,,,,,,,2,,,,,,,,,,,,,,,52,339.345.276.086.036
582229,1,4,52,95,2,,,,,,,,2,,,,,,,,,,,,,,,52,339.345.276.086.036
582230,1,1,52,95,2,,,,,,,,2,,,,,,,,,,,,,,,52,247.494.567.212.179
582230,1,2,52,95,2,,,,,,,,2,,,,,,,,,,,,,,,52,247.494.567.212.179
582230,1,3,52,95,2,,,,,,,,2,,,,,,,,,,,,,,,52,247.494.567.212.179
582230,1,4,52,95,2,,,,,,,,2,,,,,,,,,,,,,,,52,247.494.567.212.179
582231,1,1,52,95,2,,,,,,,,2,,,,,,,,,,,,,,,52,142.601.942.195.716
582232,1,1,52,95,2,,,,,,,,2,,,,,,,,,,,,,,,52,107.569.058.780.749
582232,1,2,52,95,2,,,,,,,,1,2,,2,,,,2000000,,,1,2,2,,2,52,107.569.058.780.749
582232,1,3,52,95,2,,,,,,,,1,2,,2,,,,,,3000000,2,1,2,,2,52,107.569.058.780.749
582232,1,5,52,95,2,,,,,,,,2,,,,,,,,,,,,,,,52,107.569.058.780.749
582233,1,1,52,95,2,,,,,,,,2,,,,,,,,,,,,,,,52,174.309.488.308.726
582233,2,1,52,95,2,,,,,,,,2,,,,,,,,,,,,,,,52,174.309.488.308.726
582233,2,2,52,95,2,,,,,,,,2,,,,,,,,,,,,,,,52,174.309.488.308.726
582233,2,3,52,95,2,,,,,,,,2,,,,,,,,,,,,,,,52,174.309.488.308.726
582233,2,4,52,95,2,,,,,,,,2,,,,,,,,,,,,,,,52,174.309.488.308.726
582233,2,5,52,95,2,,,,,,,,2,,,,,,,,,,,,,,,52,174.309.488.308.726
582234,1,1,52,95,2,,,,,,,,2,,,,,,,,,,,,,,,52,134.633.104.219.712
582234,1,2,52,95,2,,,,,,,,2,,,,,,,,,,,,,,,52,134.633.104.219.712
582234,1,3,52,95,2,,,,,,,,2,,,,,,,,,,,,,,,52,134.633.104.219.712
582235,1,1,52,95,2,,,,,,,,2,,,,,,,,,,,,,,,52,134.633.104.219.712
582235,1,2,52,95,2,,,,,,,,2,,,,,,,,,,,,,,,52,134.633.104.219.712
582235,1,4,52,95,2,,,,,,,,2,,,,,,,,,,,,,,,52,134.633.104.219.712
582236,1,1,52,95,2,,,,,,,,2,,,,,,,,,,,,,,,52,151.703.094.633.413
582236,1,2,52,95,2,,,,,,,,2,,,,,,,,,,,,,,,52,151.703.094.633.413
582236,1,5,52,95,2,,,,,,,,2,,,,,,,,,,,,,,,52,151.703.094.633.413
582236,1,6,52,95,2,,,,,,,,1,2,,2,,,,,,1000000,2,1,2,,2,52,151.703.094.633.413
582237,1,1,52,95,2,,,,,,,,2,,,,,,,,,,,,,,,52,153.053.211.583.378
582237,1,2,52,95,2,,,,,,,,2,,,,,,,,,,,,,,,52,153.053.211.583.378
582237,1,3,52,95,2,,,,,,,,2,,,,,,,,,,,,,,,52,153.053.211.583.378
582237,1,4,52,95,2,,,,,,,,1,2,,2,,,,,,600000,2,1,2,,2,52,153.053.211.583.378
582237,1,6,52,95,2,,,,,,,,2,,,,,,,,,,,,,,,52,153.053.211.583.378
582238,1,1,52,95,2,,,,,,,,2,,,,,,,,,,,,,,,52,137.195.103.005.756
582238,1,2,52,95,2,,,,,,,,2,,,,,,,,,,,,,,,52,137.195.103.005.756
582238,1,3,52,95,2,,,,,,,,2,,,,,,,,,,,,,,,52,137.195.103.005.756
582238,1,4,52,95,2,,,,,,,,2,,,,,,,,,,,,,,,52,137.195.103.005.756
582238,1,5,52,95,2,,,,,,,,2,,,,,,,,,,,,,,,52,137.195.103.005.756
582238,1,6,52,95,2,,,,,,,,2,,,,,,,,,,,,,,,52,137.195.103.005.756
582239,1,1,52,95,2,,,,,,,,1,2,,2,,,,,,6000000,2,1,2,,2,52,128.525.970.319.387
582239,1,2,52,95,1,,2,1,,600000,,2,2,,,,,,,,,,,,,,,52,128.525.970.319.387
582241,1,1,52,95,1,,2,1,,1000000,,2,2,,,,,,,,,,,,,,,52,154.507.870.838.772
582241,1,2,52,95,2,,,,,,,,2,,,,,,,,,,,,,,,52,154.507.870.838.772
582242,1,1,52,95,1,,2,1,,400000,,2,2,,,,,,,,,,,,,,,52,995.346.415.547.584
582242,1,2,52,95,2,,,,,,,,2,,,,,,,,,,,,,,,52,995.346.415.547.584
582242,1,3,52,95,2,,,,,,,,2,,,,,,,,,,,,,,,52,995.346.415.547.584
582242,1,4,52,95,2,,,,,,,,2,,,,,,,,,,,,,,,52,995.346.415.547.584
582243,1,1,52,95,2,,,,,,,,2,,,,,,,,,,,,,,,52,953.172.182.240.835
582243,1,2,52,95,2,,,,,,,,2,,,,,,,,,,,,,,,52,953.172.182.240.835
582243,2,1,52,95,1,,2,1,,750000,,2,2,,,,,,,,,,,,,,,52,953.172.182.240.835
582243,2,2,52,95,2,,,,,,,,2,,,,,,,,,,,,,,,52,953.172.182.240.835
582243,2,3,52,95,2,,,,,,,,2,,,,,,,,,,,,,,,52,953.172.182.240.835
582243,2,4,52,95,2,,,,,,,,2,,,,,,,,,,,,,,,52,953.172.182.240.835
582243,2,5,52,95,2,,,,,,,,2,,,,,,,,,,,,,,,52,953.172.182.240.835
582243,2,6,52,95,2,,,,,,,,2,,,,,,,,,,,,,,,52,953.172.182.240.835
582243,2,7,52,95,2,,,,,,,,2,,,,,,,,,,,,,,,52,953.172.182.240.835
582243,2,8,52,95,2,,,,,,,,2,,,,,,,,,,,,,,,52,953.172.182.240.835
582244,1,1,52,95,2,,,,,,,,2,,,,,,,,,,,,,,,52,240.858.220.685.335
582244,1,2,52,95,2,,,,,,,,2,,,,,,,,,,,,,,,52,240.858.220.685.335
582244,1,3,52,95,2,,,,,,,,2,,,,,,,,,,,,,,,52,240.858.220.685.335
582244,1,4,52,95,2,,,,,,,,2,,,,,,,,,,,,,,,52,240.858.220.685.335
582245,1,1,52,95,2,,,,,,,,2,,,,,,,,,,,,,,,52,105.264.343.138.422
582245,1,2,52,95,2,,,,,,,,2,,,,,,,,,,,,,,,52,105.264.343.138.422
582246,1,1,52,95,2,,,,,,,,1,2,,2,,,,3600000,,,1,2,2,,2,52,145.357.542.232.462
582246,1,2,52,95,2,,,,,,,,1,2,,2,,,,,,2400000,2,1,2,,2,52,145.357.542.232.462
582246,1,3,52,95,2,,,,,,,,2,,,,,,,,,,,,,,,52,145.357.542.232.462
582246,1,4,52,95,2,,,,,,,,2,,,,,,,,,,,,,,,52,145.357.542.232.462
582246,1,5,52,95,2,,,,,,,,2,,,,,,,,,,,,,,,52,145.357.542.232.462
582246,1,6,52,95,2,,,,,,,,1,2,,2,,,,,,700000,2,1,2,,2,52,145.357.542.232.462
582247,1,1,52,95,2,,,,,,,,2,,,,,,,,,,,,,,,52,151.298.563.776.055
582247,1,2,52,95,2,,,,,,,,2,,,,,,,,,,,,,,,52,151.298.563.776.055
582247,1,3,52,95,2,,,,,,,,2,,,,,,,,,,,,,,,52,151.298.563.776.055
582247,1,5,52,95,2,,,,,,,,2,,,,,,,,,,,,,,,52,151.298.563.776.055
582248,1,1,52,95,2,,,,,,,,2,,,,,,,,,,,,,,,52,166.306.598.455.037
582248,1,2,52,95,2,,,,,,,,2,,,,,,,,,,,,,,,52,166.306.598.455.037
582249,1,1,52,95,2,,,,,,,,2,,,,,,,,,,,,,,,52,119.652.168.081.427
582249,1,2,52,95,1,,1,2,,,120000,2,2,,,,,,,,,,,,,,,52,119.652.168.081.427
582250,1,1,52,95,2,,,,,,,,1,2,,2,,,,,,,2,2,2,1000000,1,52,171.416.090.302.723
582250,1,2,52,95,2,,,,,,,,2,,,,,,,,,,,,,,,52,171.416.090.302.723
582251,1,1,52,95,2,,,,,,,,2,,,,,,,,,,,,,,,52,159.122.255.127.686
582251,1,2,52,95,2,,,,,,,,2,,,,,,,,,,,,,,,52,159.122.255.127.686
582251,1,3,52,95,2,,,,,,,,2,,,,,,,,,,,,,,,52,159.122.255.127.686
582252,1,1,52,95,2,,,,,,,,1,2,,2,,,,,,2400000,2,1,2,,2,52,147.859.002.197.401
582253,1,1,52,95,2,,,,,,,,2,,,,,,,,,,,,,,,52,129.660.816.255.713
582253,1,2,52,95,2,,,,,,,,2,,,,,,,,,,,,,,,52,129.660.816.255.713
582253,1,3,52,95,2,,,,,,,,2,,,,,,,,,,,,,,,52,129.660.816.255.713
582254,1,1,52,95,2,,,,,,,,2,,,,,,,,,,,,,,,52,823.366.291.403.418
582254,1,2,52,95,2,,,,,,,,2,,,,,,,,,,,,,,,52,823.366.291.403.418
582254,1,3,52,95,2,,,,,,,,2,,,,,,,,,,,,,,,52,823.366.291.403.418
582255,1,1,54,95,2,,,,,,,,2,,,,,,,,,,,,,,,54,422.031.322.960.818
582255,1,2,54,95,2,,,,,,,,2,,,,,,,,,,,,,,,54,422.031.322.960.818
582256,1,1,54,95,2,,,,,,,,2,,,,,,,,,,,,,,,54,314.783.877.834.731
582256,1,2,54,95,2,,,,,,,,2,,,,,,,,,,,,,,,54,314.783.877.834.731
582257,1,1,54,95,1,,2,1,,1200000,,2,2,,,,,,,,,,,,,,,54,276.947.331.163.686
582257,1,2,54,95,2,,,,,,,,2,,,,,,,,,,,,,,,54,276.947.331.163.686
582258,1,1,54,95,2,,,,,,,,2,,,,,,,,,,,,,,,54,266.993.930.543.082
582258,1,2,54,95,2,,,,,,,,2,,,,,,,,,,,,,,,54,266.993.930.543.082
582258,1,3,54,95,2,,,,,,,,2,,,,,,,,,,,,,,,54,266.993.930.543.082
582258,1,4,54,95,2,,,,,,,,2,,,,,,,,,,,,,,,54,266.993.930.543.082
582258,1,5,54,95,2,,,,,,,,1,2,,2,,,,,,2400000,2,1,2,,2,54,266.993.930.543.082
582259,1,1,54,95,2,,,,,,,,2,,,,,,,,,,,,,,,54,321.409.913.740.983
582259,1,2,54,95,2,,,,,,,,2,,,,,,,,,,,,,,,54,321.409.913.740.983
582260,1,1,54,95,2,,,,,,,,2,,,,,,,,,,,,,,,54,236.058.279.848.653
582260,1,2,54,95,2,,,,,,,,2,,,,,,,,,,,,,,,54,236.058.279.848.653
582260,1,3,54,95,2,,,,,,,,2,,,,,,,,,,,,,,,54,236.058.279.848.653
582260,1,4,54,95,2,,,,,,,,2,,,,,,,,,,,,,,,54,236.058.279.848.653
582260,1,5,54,95,2,,,,,,,,2,,,,,,,,,,,,,,,54,236.058.279.848.653
582260,1,6,54,95,2,,,,,,,,2,,,,,,,,,,,,,,,54,236.058.279.848.653
582260,1,8,54,95,2,,,,,,,,2,,,,,,,,,,,,,,,54,236.058.279.848.653
582260,1,9,54,95,2,,,,,,,,2,,,,,,,,,,,,,,,54,236.058.279.848.653
582260,1,10,54,95,2,,,,,,,,2,,,,,,,,,,,,,,,54,236.058.279.848.653
582260,1,12,54,95,2,,,,,,,,2,,,,,,,,,,,,,,,54,236.058.279.848.653
582261,1,1,54,95,2,,,,,,,,2,,,,,,,,,,,,,,,54,312.199.193.051.298
582261,1,2,54,95,2,,,,,,,,2,,,,,,,,,,,,,,,54,312.199.193.051.298
582261,1,3,54,95,2,,,,,,,,2,,,,,,,,,,,,,,,54,312.199.193.051.298
582261,1,4,54,95,2,,,,,,,,2,,,,,,,,,,,,,,,54,312.199.193.051.298
582261,2,1,54,95,2,,,,,,,,2,,,,,,,,,,,,,,,54,312.199.193.051.298
582261,2,2,54,95,2,,,,,,,,2,,,,,,,,,,,,,,,54,312.199.193.051.298
582262,1,1,54,95,2,,,,,,,,2,,,,,,,,,,,,,,,54,286.942.273.092.238
582262,1,2,54,95,2,,,,,,,,2,,,,,,,,,,,,,,,54,286.942.273.092.238
582262,1,3,54,95,2,,,,,,,,2,,,,,,,,,,,,,,,54,286.942.273.092.238
582262,1,4,54,95,2,,,,,,,,2,,,,,,,,,,,,,,,54,286.942.273.092.238
582262,1,5,54,95,2,,,,,,,,2,,,,,,,,,,,,,,,54,286.942.273.092.238
582263,1,1,54,95,2,,,,,,,,2,,,,,,,,,,,,,,,54,305.044.386.387.719
582263,1,2,54,95,2,,,,,,,,2,,,,,,,,,,,,,,,54,305.044.386.387.719
582264,1,1,54,95,2,,,,,,,,2,,,,,,,,,,,,,,,54,321.845.677.075.105
582264,1,2,54,95,2,,,,,,,,2,,,,,,,,,,,,,,,54,321.845.677.075.105
582264,1,3,54,95,2,,,,,,,,2,,,,,,,,,,,,,,,54,321.845.677.075.105
582265,1,1,54,95,1,,2,1,,500000,,2,2,,,,,,,,,,,,,,,54,269.345.991.395.838
582265,1,2,54,95,2,,,,,,,,2,,,,,,,,,,,,,,,54,269.345.991.395.838
582265,1,3,54,95,1,,1,2,,,200000,2,2,,,,,,,,,,,,,,,54,269.345.991.395.838
582265,1,4,54,95,2,,,,,,,,2,,,,,,,,,,,,,,,54,269.345.991.395.838
582265,1,5,54,95,2,,,,,,,,2,,,,,,,,,,,,,,,54,269.345.991.395.838
582266,1,1,54,95,2,,,,,,,,2,,,,,,,,,,,,,,,54,390.715.594.933.729
582266,1,2,54,95,1,,2,1,,400000,,2,2,,,,,,,,,,,,,,,54,390.715.594.933.729
582266,1,3,54,95,2,,,,,,,,2,,,,,,,,,,,,,,,54,390.715.594.933.729
582266,1,4,54,95,2,,,,,,,,2,,,,,,,,,,,,,,,54,390.715.594.933.729
582266,1,5,54,95,2,,,,,,,,2,,,,,,,,,,,,,,,54,390.715.594.933.729
582267,1,1,54,95,2,,,,,,,,2,,,,,,,,,,,,,,,54,280.168.823.381.517
582267,1,2,54,95,2,,,,,,,,2,,,,,,,,,,,,,,,54,280.168.823.381.517
582268,1,1,54,95,2,,,,,,,,2,,,,,,,,,,,,,,,54,353.021.636.389.827
582268,1,2,54,95,2,,,,,,,,2,,,,,,,,,,,,,,,54,353.021.636.389.827
582268,1,3,54,95,2,,,,,,,,2,,,,,,,,,,,,,,,54,353.021.636.389.827
582268,1,4,54,95,2,,,,,,,,2,,,,,,,,,,,,,,,54,353.021.636.389.827
582269,1,1,54,95,2,,,,,,,,2,,,,,,,,,,,,,,,54,388.775.869.588.066
582269,1,2,54,95,2,,,,,,,,2,,,,,,,,,,,,,,,54,388.775.869.588.066
582269,1,5,54,95,2,,,,,,,,2,,,,,,,,,,,,,,,54,388.775.869.588.066
582270,1,1,54,95,1,,1,2,,,300000,2,1,2,,2,,,,2000000,,,1,2,2,,2,54,318.421.732.041.715
582271,1,1,54,95,2,,,,,,,,2,,,,,,,,,,,,,,,54,320.540.474.132.056
582271,1,2,54,95,2,,,,,,,,2,,,,,,,,,,,,,,,54,320.540.474.132.056
582272,1,1,54,95,2,,,,,,,,2,,,,,,,,,,,,,,,54,266.394.978.913.416
582272,1,2,54,95,2,,,,,,,,1,2,,2,,,,,,700000,2,1,2,,2,54,266.394.978.913.416
582272,1,3,54,95,2,,,,,,,,2,,,,,,,,,,,,,,,54,266.394.978.913.416
582272,1,4,54,95,2,,,,,,,,2,,,,,,,,,,,,,,,54,266.394.978.913.416
582272,1,5,54,95,2,,,,,,,,2,,,,,,,,,,,,,,,54,266.394.978.913.416
582273,1,1,54,95,1,,1,2,,,100000,2,2,,,,,,,,,,,,,,,54,283.157.005.080.786
582273,1,2,54,95,2,,,,,,,,2,,,,,,,,,,,,,,,54,283.157.005.080.786
582273,1,3,54,95,2,,,,,,,,2,,,,,,,,,,,,,,,54,283.157.005.080.786
582274,1,1,54,95,2,,,,,,,,2,,,,,,,,,,,,,,,54,289.837.447.368.303
582274,1,2,54,95,2,,,,,,,,2,,,,,,,,,,,,,,,54,289.837.447.368.303
582274,1,3,54,95,2,,,,,,,,2,,,,,,,,,,,,,,,54,289.837.447.368.303
582275,1,1,54,95,2,,,,,,,,2,,,,,,,,,,,,,,,54,305.806.467.663.608
582275,1,2,54,95,2,,,,,,,,2,,,,,,,,,,,,,,,54,305.806.467.663.608
582275,1,3,54,95,2,,,,,,,,2,,,,,,,,,,,,,,,54,305.806.467.663.608
582275,1,4,54,95,2,,,,,,,,2,,,,,,,,,,,,,,,54,305.806.467.663.608
582275,1,5,54,95,2,,,,,,,,2,,,,,,,,,,,,,,,54,305.806.467.663.608
582276,1,1,54,95,2,,,,,,,,2,,,,,,,,,,,,,,,54,270.631.784.750.065
582276,1,2,54,95,1,,1,2,,,250000,2,2,,,,,,,,,,,,,,,54,270.631.784.750.065
582276,1,3,54,95,2,,,,,,,,1,2,,2,,,,,,3360000,2,1,2,,2,54,270.631.784.750.065
582276,1,4,54,95,1,,2,1,,470000,,2,1,2,,2,600000,,,,,,2,2,1,,2,54,270.631.784.750.065
582277,1,1,54,95,2,,,,,,,,2,,,,,,,,,,,,,,,54,321.409.913.740.983
582277,1,2,54,95,2,,,,,,,,2,,,,,,,,,,,,,,,54,321.409.913.740.983
582278,1,1,54,95,2,,,,,,,,2,,,,,,,,,,,,,,,54,293.475.301.575.287
582278,1,2,54,95,2,,,,,,,,2,,,,,,,,,,,,,,,54,293.475.301.575.287
582279,1,1,54,95,2,,,,,,,,2,,,,,,,,,,,,,,,54,287.159.755.161.666
582279,1,2,54,95,2,,,,,,,,2,,,,,,,,,,,,,,,54,287.159.755.161.666
582279,1,3,54,95,2,,,,,,,,2,,,,,,,,,,,,,,,54,287.159.755.161.666
582279,1,4,54,95,2,,,,,,,,2,,,,,,,,,,,,,,,54,287.159.755.161.666
582280,1,1,54,95,2,,,,,,,,2,,,,,,,,,,,,,,,54,400.528.692.458.975
582280,1,2,54,95,2,,,,,,,,1,2,,2,1200000,,,,,,2,2,1,,2,54,400.528.692.458.975
582280,1,3,54,95,2,,,,,,,,1,2,,2,,,,,,200000,2,1,2,,2,54,400.528.692.458.975
582280,1,4,54,95,2,,,,,,,,2,,,,,,,,,,,,,,,54,400.528.692.458.975
582280,1,6,54,95,2,,,,,,,,2,,,,,,,,,,,,,,,54,400.528.692.458.975
582280,1,10,54,95,2,,,,,,,,2,,,,,,,,,,,,,,,54,400.528.692.458.975
582281,1,1,54,95,2,,,,,,,,2,,,,,,,,,,,,,,,54,399.039.759.701.302
582281,1,2,54,95,2,,,,,,,,2,,,,,,,,,,,,,,,54,399.039.759.701.302
582282,1,1,54,95,2,,,,,,,,2,,,,,,,,,,,,,,,54,3.471.184.254.833
582282,1,2,54,95,2,,,,,,,,2,,,,,,,,,,,,,,,54,3.471.184.254.833
582282,1,3,54,95,2,,,,,,,,2,,,,,,,,,,,,,,,54,3.471.184.254.833
582282,1,6,54,95,2,,,,,,,,2,,,,,,,,,,,,,,,54,3.471.184.254.833
582283,1,1,54,95,2,,,,,,,,2,,,,,,,,,,,,,,,54,287.159.755.161.666
582283,1,2,54,95,2,,,,,,,,2,,,,,,,,,,,,,,,54,287.159.755.161.666
582283,1,3,54,95,2,,,,,,,,2,,,,,,,,,,,,,,,54,287.159.755.161.666
582283,1,4,54,95,2,,,,,,,,2,,,,,,,,,,,,,,,54,287.159.755.161.666
582284,1,1,54,95,2,,,,,,,,2,,,,,,,,,,,,,,,54,291.956.189.458.644
582284,1,2,54,95,2,,,,,,,,2,,,,,,,,,,,,,,,54,291.956.189.458.644
582284,2,1,54,95,2,,,,,,,,1,2,,2,,,,,,3600000,2,1,2,,2,54,291.956.189.458.644
582284,2,2,54,95,2,,,,,,,,2,,,,,,,,,,,,,,,54,291.956.189.458.644
582285,1,1,54,95,2,,,,,,,,2,,,,,,,,,,,,,,,54,262.213.324.695.238
582285,1,2,54,95,2,,,,,,,,1,2,,2,,,,,,150000,2,1,2,,2,54,262.213.324.695.238
582285,1,3,54,95,2,,,,,,,,2,,,,,,,,,,,,,,,54,262.213.324.695.238
582285,1,4,54,95,2,,,,,,,,2,,,,,,,,,,,,,,,54,262.213.324.695.238
582285,1,5,54,95,2,,,,,,,,2,,,,,,,,,,,,,,,54,262.213.324.695.238
582286,1,1,54,95,2,,,,,,,,2,,,,,,,,,,,,,,,54,321.212.286.602.749
582286,1,2,54,95,2,,,,,,,,2,,,,,,,,,,,,,,,54,321.212.286.602.749
582286,1,6,54,95,2,,,,,,,,2,,,,,,,,,,,,,,,54,321.212.286.602.749
582286,1,7,54,95,2,,,,,,,,2,,,,,,,,,,,,,,,54,321.212.286.602.749
582287,1,1,54,95,2,,,,,,,,2,,,,,,,,,,,,,,,54,321.409.913.740.983
582287,1,2,54,95,2,,,,,,,,2,,,,,,,,,,,,,,,54,321.409.913.740.983
582289,1,1,54,95,2,,,,,,,,2,,,,,,,,,,,,,,,54,243.166.078.653.278
582289,1,2,54,95,2,,,,,,,,2,,,,,,,,,,,,,,,54,243.166.078.653.278
582289,1,3,54,95,2,,,,,,,,2,,,,,,,,,,,,,,,54,243.166.078.653.278
582289,1,4,54,95,2,,,,,,,,2,,,,,,,,,,,,,,,54,243.166.078.653.278
582289,1,5,54,95,2,,,,,,,,2,,,,,,,,,,,,,,,54,243.166.078.653.278
582290,1,1,54,95,2,,,,,,,,2,,,,,,,,,,,,,,,54,334.661.985.553.488
582290,1,2,54,95,2,,,,,,,,2,,,,,,,,,,,,,,,54,334.661.985.553.488
582291,1,1,54,95,2,,,,,,,,1,2,,2,,,,,,500000,2,1,2,,2,54,238.694.422.503.488
582291,1,2,54,95,2,,,,,,,,2,,,,,,,,,,,,,,,54,238.694.422.503.488
582291,1,3,54,95,2,,,,,,,,2,,,,,,,,,,,,,,,54,238.694.422.503.488
582292,1,1,54,95,2,,,,,,,,1,2,,2,,,,,,6000000,2,1,2,,2,54,352.042.073.044.511
582292,1,2,54,95,2,,,,,,,,2,,,,,,,,,,,,,,,54,352.042.073.044.511
582293,1,1,54,95,1,,2,1,,433700,,2,2,,,,,,,,,,,,,,,54,280.168.823.381.517
582293,1,2,54,95,2,,,,,,,,2,,,,,,,,,,,,,,,54,280.168.823.381.517
582294,1,1,54,95,2,,,,,,,,2,,,,,,,,,,,,,,,54,318.732.221.534.346
582294,1,2,54,95,2,,,,,,,,2,,,,,,,,,,,,,,,54,318.732.221.534.346
582294,1,3,54,95,2,,,,,,,,2,,,,,,,,,,,,,,,54,318.732.221.534.346
582295,1,1,54,95,2,,,,,,,,1,2,,2,,,,,,480000,2,1,2,,2,54,289.401.684.034.181
582295,1,2,54,95,2,,,,,,,,2,,,,,,,,,,,,,,,54,289.401.684.034.181
582296,1,1,54,95,2,,,,,,,,2,,,,,,,,,,,,,,,54,309.428.493.421.457
582296,1,2,54,95,2,,,,,,,,2,,,,,,,,,,,,,,,54,309.428.493.421.457
582296,1,3,54,95,2,,,,,,,,2,,,,,,,,,,,,,,,54,309.428.493.421.457
582296,1,4,54,95,2,,,,,,,,2,,,,,,,,,,,,,,,54,309.428.493.421.457
582297,1,1,54,95,1,,1,2,,,900000,2,2,,,,,,,,,,,,,,,54,314.783.877.834.731
582297,1,2,54,95,2,,,,,,,,2,,,,,,,,,,,,,,,54,314.783.877.834.731
582298,1,1,54,95,2,,,,,,,,2,,,,,,,,,,,,,,,54,271.517.052.808.127
582298,1,2,54,95,2,,,,,,,,2,,,,,,,,,,,,,,,54,271.517.052.808.127
582298,1,3,54,95,2,,,,,,,,2,,,,,,,,,,,,,,,54,271.517.052.808.127
582298,1,4,54,95,2,,,,,,,,2,,,,,,,,,,,,,,,54,271.517.052.808.127
582300,1,1,54,95,2,,,,,,,,2,,,,,,,,,,,,,,,54,414.900.743.319.535
582300,1,2,54,95,2,,,,,,,,2,,,,,,,,,,,,,,,54,414.900.743.319.535
582300,1,7,54,95,2,,,,,,,,2,,,,,,,,,,,,,,,54,414.900.743.319.535
582300,1,8,54,95,2,,,,,,,,2,,,,,,,,,,,,,,,54,414.900.743.319.535
582301,1,1,54,95,2,,,,,,,,2,,,,,,,,,,,,,,,54,335.230.012.586.978
582301,1,2,54,95,2,,,,,,,,2,,,,,,,,,,,,,,,54,335.230.012.586.978
582301,1,3,54,95,2,,,,,,,,2,,,,,,,,,,,,,,,54,335.230.012.586.978
582301,1,4,54,95,2,,,,,,,,2,,,,,,,,,,,,,,,54,335.230.012.586.978
582301,1,5,54,95,2,,,,,,,,2,,,,,,,,,,,,,,,54,335.230.012.586.978
582301,1,6,54,95,2,,,,,,,,2,,,,,,,,,,,,,,,54,335.230.012.586.978
582301,1,8,54,95,2,,,,,,,,1,2,,2,,,,,,80000,2,1,2,,2,54,335.230.012.586.978
582301,1,10,54,95,2,,,,,,,,2,,,,,,,,,,,,,,,54,335.230.012.586.978
582301,1,13,54,95,2,,,,,,,,2,,,,,,,,,,,,,,,54,335.230.012.586.978
582303,1,1,54,95,2,,,,,,,,2,,,,,,,,,,,,,,,54,361.781.564.491.522
582303,1,2,54,95,2,,,,,,,,2,,,,,,,,,,,,,,,54,361.781.564.491.522
582304,1,1,54,95,2,,,,,,,,2,,,,,,,,,,,,,,,54,332.094.529.690.621
582304,1,2,54,95,2,,,,,,,,2,,,,,,,,,,,,,,,54,332.094.529.690.621
582304,1,4,54,95,2,,,,,,,,2,,,,,,,,,,,,,,,54,332.094.529.690.621
582304,1,6,54,95,2,,,,,,,,2,,,,,,,,,,,,,,,54,332.094.529.690.621
582304,2,1,54,95,2,,,,,,,,2,,,,,,,,,,,,,,,54,332.094.529.690.621
582305,1,1,54,95,2,,,,,,,,2,,,,,,,,,,,,,,,54,325.483.531.282.089
582305,1,2,54,95,2,,,,,,,,2,,,,,,,,,,,,,,,54,325.483.531.282.089
582306,1,1,54,95,2,,,,,,,,2,,,,,,,,,,,,,,,54,262.213.324.695.238
582306,1,2,54,95,2,,,,,,,,2,,,,,,,,,,,,,,,54,262.213.324.695.238
582306,1,3,54,95,2,,,,,,,,2,,,,,,,,,,,,,,,54,262.213.324.695.238
582306,1,4,54,95,2,,,,,,,,2,,,,,,,,,,,,,,,54,262.213.324.695.238
582306,1,5,54,95,2,,,,,,,,2,,,,,,,,,,,,,,,54,262.213.324.695.238
582307,1,1,54,95,2,,,,,,,,2,,,,,,,,,,,,,,,54,340.472.988.232.078
582307,1,2,54,95,2,,,,,,,,2,,,,,,,,,,,,,,,54,340.472.988.232.078
582308,1,1,54,95,1,,1,1,,465000,70000,2,2,,,,,,,,,,,,,,,54,242.261.409.250.246
582308,1,2,54,95,2,,,,,,,,2,,,,,,,,,,,,,,,54,242.261.409.250.246
582308,1,3,54,95,2,,,,,,,,2,,,,,,,,,,,,,,,54,242.261.409.250.246
582309,1,1,54,95,2,,,,,,,,1,2,,2,,,,,,1200000,2,1,2,,2,54,286.413.502.334.912
582310,1,1,54,95,2,,,,,,,,2,,,,,,,,,,,,,,,54,330.209.098.118.842
582310,1,2,54,95,2,,,,,,,,2,,,,,,,,,,,,,,,54,330.209.098.118.842
582310,1,3,54,95,2,,,,,,,,2,,,,,,,,,,,,,,,54,330.209.098.118.842
582311,1,1,54,95,2,,,,,,,,2,,,,,,,,,,,,,,,54,316.902.619.925.072
582311,1,2,54,95,2,,,,,,,,2,,,,,,,,,,,,,,,54,316.902.619.925.072
582311,1,3,54,95,2,,,,,,,,2,,,,,,,,,,,,,,,54,316.902.619.925.072
582312,1,1,54,95,2,,,,,,,,2,,,,,,,,,,,,,,,54,264.098.756.267.017
582312,1,2,54,95,2,,,,,,,,2,,,,,,,,,,,,,,,54,264.098.756.267.017
582312,1,3,54,95,2,,,,,,,,1,2,,1,,,200000,,,,2,2,2,,2,54,264.098.756.267.017
582312,1,4,54,95,2,,,,,,,,2,,,,,,,,,,,,,,,54,264.098.756.267.017
582312,1,6,54,95,2,,,,,,,,2,,,,,,,,,,,,,,,54,264.098.756.267.017
582312,1,7,54,95,2,,,,,,,,2,,,,,,,,,,,,,,,54,264.098.756.267.017
582312,1,8,54,95,2,,,,,,,,1,2,,1,,,480000,,,,2,2,2,,2,54,264.098.756.267.017
582313,1,1,54,95,2,,,,,,,,2,,,,,,,,,,,,,,,54,283.735.810.128.275
582313,1,2,54,95,2,,,,,,,,2,,,,,,,,,,,,,,,54,283.735.810.128.275
582314,1,1,54,95,2,,,,,,,,1,2,,2,,,,,,3600000,2,1,2,,2,54,348.093.729.344.895
582315,1,1,54,95,2,,,,,,,,2,,,,,,,,,,,,,,,54,293.475.301.575.287
582315,1,2,54,95,2,,,,,,,,2,,,,,,,,,,,,,,,54,293.475.301.575.287
582316,1,1,54,95,2,,,,,,,,1,2,,2,,,,,,3600000,2,1,2,,2,54,283.592.768.414.908
582316,1,2,54,95,2,,,,,,,,2,,,,,,,,,,,,,,,54,283.592.768.414.908
582316,1,3,54,95,2,,,,,,,,2,,,,,,,,,,,,,,,54,283.592.768.414.908
582316,1,4,54,95,2,,,,,,,,2,,,,,,,,,,,,,,,54,283.592.768.414.908
582317,1,1,54,95,2,,,,,,,,2,,,,,,,,,,,,,,,54,292.683.040.940.429
582317,1,2,54,95,2,,,,,,,,2,,,,,,,,,,,,,,,54,292.683.040.940.429
582317,1,3,54,95,2,,,,,,,,2,,,,,,,,,,,,,,,54,292.683.040.940.429
582317,1,6,54,95,1,,2,1,,433700,,2,2,,,,,,,,,,,,,,,54,292.683.040.940.429
582317,1,7,54,95,2,,,,,,,,2,,,,,,,,,,,,,,,54,292.683.040.940.429
582318,1,1,54,95,2,,,,,,,,2,,,,,,,,,,,,,,,54,286.561.548.769.207
582318,1,2,54,95,2,,,,,,,,2,,,,,,,,,,,,,,,54,286.561.548.769.207
582318,1,5,54,95,2,,,,,,,,2,,,,,,,,,,,,,,,54,286.561.548.769.207
582319,1,1,54,95,1,,1,1,,1500000,200000,2,2,,,,,,,,,,,,,,,54,329.792.736.129.689
582319,1,2,54,95,2,,,,,,,,2,,,,,,,,,,,,,,,54,329.792.736.129.689
582319,1,3,54,95,2,,,,,,,,2,,,,,,,,,,,,,,,54,329.792.736.129.689
582319,1,4,54,95,2,,,,,,,,2,,,,,,,,,,,,,,,54,329.792.736.129.689
582320,1,1,54,95,2,,,,,,,,2,,,,,,,,,,,,,,,54,342.036.361.345.811
582320,1,2,54,95,2,,,,,,,,2,,,,,,,,,,,,,,,54,342.036.361.345.811
582320,1,3,54,95,2,,,,,,,,2,,,,,,,,,,,,,,,54,342.036.361.345.811
582320,1,4,54,95,2,,,,,,,,2,,,,,,,,,,,,,,,54,342.036.361.345.811
582320,2,1,54,95,2,,,,,,,,2,,,,,,,,,,,,,,,54,342.036.361.345.811
582320,2,2,54,95,2,,,,,,,,2,,,,,,,,,,,,,,,54,342.036.361.345.811
582320,2,3,54,95,2,,,,,,,,2,,,,,,,,,,,,,,,54,342.036.361.345.811
582321,1,1,54,95,2,,,,,,,,2,,,,,,,,,,,,,,,54,269.275.123.935.613
582321,1,2,54,95,2,,,,,,,,2,,,,,,,,,,,,,,,54,269.275.123.935.613
582321,1,3,54,95,2,,,,,,,,2,,,,,,,,,,,,,,,54,269.275.123.935.613
582321,1,4,54,95,2,,,,,,,,2,,,,,,,,,,,,,,,54,269.275.123.935.613
582321,1,5,54,95,2,,,,,,,,2,,,,,,,,,,,,,,,54,269.275.123.935.613
582321,1,6,54,95,2,,,,,,,,2,,,,,,,,,,,,,,,54,269.275.123.935.613
582322,1,1,54,95,2,,,,,,,,2,,,,,,,,,,,,,,,54,299.835.108.985.998
582322,1,2,54,95,2,,,,,,,,2,,,,,,,,,,,,,,,54,299.835.108.985.998
582322,1,3,54,95,2,,,,,,,,2,,,,,,,,,,,,,,,54,299.835.108.985.998
582322,1,4,54,95,2,,,,,,,,2,,,,,,,,,,,,,,,54,299.835.108.985.998
582322,1,5,54,95,2,,,,,,,,2,,,,,,,,,,,,,,,54,299.835.108.985.998
582322,2,1,54,95,2,,,,,,,,2,,,,,,,,,,,,,,,54,299.835.108.985.998
582322,2,2,54,95,2,,,,,,,,2,,,,,,,,,,,,,,,54,299.835.108.985.998
582323,1,1,54,95,2,,,,,,,,2,,,,,,,,,,,,,,,54,312.324.466.892.788
582323,1,2,54,95,2,,,,,,,,2,,,,,,,,,,,,,,,54,312.324.466.892.788
582323,1,3,54,95,2,,,,,,,,2,,,,,,,,,,,,,,,54,312.324.466.892.788
582323,1,4,54,95,2,,,,,,,,2,,,,,,,,,,,,,,,54,312.324.466.892.788
582323,1,5,54,95,2,,,,,,,,2,,,,,,,,,,,,,,,54,312.324.466.892.788
582324,1,1,54,95,1,,1,2,,,200000,2,2,,,,,,,,,,,,,,,54,328.802.057.405.183
582324,1,2,54,95,2,,,,,,,,2,,,,,,,,,,,,,,,54,328.802.057.405.183
582324,1,3,54,95,2,,,,,,,,2,,,,,,,,,,,,,,,54,328.802.057.405.183
582324,1,4,54,95,2,,,,,,,,2,,,,,,,,,,,,,,,54,328.802.057.405.183
582324,1,5,54,95,2,,,,,,,,2,,,,,,,,,,,,,,,54,328.802.057.405.183
582324,1,7,54,95,2,,,,,,,,2,,,,,,,,,,,,,,,54,328.802.057.405.183
582325,1,1,54,95,2,,,,,,,,2,,,,,,,,,,,,,,,54,315.327.677.845.925
582325,1,2,54,95,2,,,,,,,,2,,,,,,,,,,,,,,,54,315.327.677.845.925
582325,1,3,54,95,2,,,,,,,,2,,,,,,,,,,,,,,,54,315.327.677.845.925
582326,1,1,54,95,2,,,,,,,,2,,,,,,,,,,,,,,,54,276.947.331.163.686
582326,1,2,54,95,2,,,,,,,,2,,,,,,,,,,,,,,,54,276.947.331.163.686
582327,1,1,54,95,2,,,,,,,,2,,,,,,,,,,,,,,,54,384.143.310.174.517
582327,1,2,54,95,2,,,,,,,,2,,,,,,,,,,,,,,,54,384.143.310.174.517
582327,1,3,54,95,2,,,,,,,,2,,,,,,,,,,,,,,,54,384.143.310.174.517
582327,1,6,54,95,2,,,,,,,,2,,,,,,,,,,,,,,,54,384.143.310.174.517
582327,1,7,54,95,2,,,,,,,,2,,,,,,,,,,,,,,,54,384.143.310.174.517
582328,1,1,54,95,2,,,,,,,,2,,,,,,,,,,,,,,,54,321.643.224.259.546
582329,1,1,54,95,2,,,,,,,,1,2,,2,,,,,,3600000,2,1,2,,2,54,305.044.386.387.719
582329,1,2,54,95,2,,,,,,,,2,,,,,,,,,,,,,,,54,305.044.386.387.719
582330,1,1,54,95,1,,1,2,,,820000,2,2,,,,,,,,,,,,,,,54,327.531.405.912.205
582330,1,2,54,95,2,,,,,,,,2,,,,,,,,,,,,,,,54,327.531.405.912.205
582330,1,3,54,95,2,,,,,,,,2,,,,,,,,,,,,,,,54,327.531.405.912.205
582330,1,4,54,95,2,,,,,,,,2,,,,,,,,,,,,,,,54,327.531.405.912.205
582331,1,1,54,95,2,,,,,,,,2,,,,,,,,,,,,,,,54,266.907.921.221.607
582331,1,2,54,95,2,,,,,,,,2,,,,,,,,,,,,,,,54,266.907.921.221.607
582331,1,3,54,95,2,,,,,,,,2,,,,,,,,,,,,,,,54,266.907.921.221.607
582331,1,4,54,95,2,,,,,,,,2,,,,,,,,,,,,,,,54,266.907.921.221.607
582331,1,5,54,95,2,,,,,,,,2,,,,,,,,,,,,,,,54,266.907.921.221.607
582331,1,6,54,95,2,,,,,,,,2,,,,,,,,,,,,,,,54,266.907.921.221.607
582331,1,7,54,95,2,,,,,,,,2,,,,,,,,,,,,,,,54,266.907.921.221.607
582331,1,9,54,95,2,,,,,,,,2,,,,,,,,,,,,,,,54,266.907.921.221.607
582331,1,10,54,95,2,,,,,,,,2,,,,,,,,,,,,,,,54,266.907.921.221.607
582843,1,1,66,95,2,,,,,,,,1,2,,2,,,,,,6000000,2,1,2,,2,66,249.708.535.689.276
582844,1,1,66,95,2,,,,,,,,1,2,,2,,,,,,6000000,2,1,2,,2,66,219.013.429.849.149
582845,1,1,66,95,2,,,,,,,,2,,,,,,,,,,,,,,,66,273.048.396.076.344
582845,1,2,66,95,2,,,,,,,,1,2,,2,,,,,,1200000,2,1,2,,2,66,273.048.396.076.344
582846,1,1,66,95,2,,,,,,,,1,2,,2,,,,,,2800000,2,1,2,,2,66,247.617.716.965.101
582847,1,1,66,95,2,,,,,,,,2,,,,,,,,,,,,,,,66,240.739.859.302.993
582847,1,2,66,95,2,,,,,,,,2,,,,,,,,,,,,,,,66,240.739.859.302.993
582847,1,3,66,95,2,,,,,,,,2,,,,,,,,,,,,,,,66,240.739.859.302.993
582848,1,1,66,95,2,,,,,,,,1,2,,2,,,,,,3000000,2,1,2,,2,66,250.591.519.925.194
582848,1,2,66,95,2,,,,,,,,2,,,,,,,,,,,,,,,66,250.591.519.925.194
582848,1,3,66,95,2,,,,,,,,2,,,,,,,,,,,,,,,66,250.591.519.925.194
582849,1,1,66,95,2,,,,,,,,2,,,,,,,,,,,,,,,66,248.051.748.736.579
582850,1,1,66,95,1,,2,1,,1400000,,2,2,,,,,,,,,,,,,,,66,198.912.544.492.986
582850,1,2,66,95,2,,,,,,,,2,,,,,,,,,,,,,,,66,198.912.544.492.986
582850,1,3,66,95,2,,,,,,,,1,2,,2,4800000,,,,,,2,2,1,,2,66,198.912.544.492.986
582850,1,5,66,95,2,,,,,,,,2,,,,,,,,,,,,,,,66,198.912.544.492.986
582851,1,1,66,95,1,,2,1,,2200000,,2,2,,,,,,,,,,,,,,,66,233.960.657.499.568
582851,1,2,66,95,2,,,,,,,,2,,,,,,,,,,,,,,,66,233.960.657.499.568
582852,1,1,66,95,2,,,,,,,,1,2,,2,,,,,,3600000,2,1,2,,2,66,289.299.230.052.363
582852,1,2,66,95,2,,,,,,,,2,,,,,,,,,,,,,,,66,289.299.230.052.363
582852,1,3,66,95,2,,,,,,,,2,,,,,,,,,,,,,,,66,289.299.230.052.363
582852,1,4,66,95,2,,,,,,,,2,,,,,,,,,,,,,,,66,289.299.230.052.363
582853,1,1,66,95,2,,,,,,,,2,,,,,,,,,,,,,,,66,27.052.354.558.069
582853,1,2,66,95,2,,,,,,,,2,,,,,,,,,,,,,,,66,27.052.354.558.069
582855,1,1,66,95,2,,,,,,,,2,,,,,,,,,,,,,,,66,31.621.154.761.271
582855,1,2,66,95,2,,,,,,,,2,,,,,,,,,,,,,,,66,31.621.154.761.271
582855,1,3,66,95,2,,,,,,,,2,,,,,,,,,,,,,,,66,31.621.154.761.271
582855,1,4,66,95,2,,,,,,,,2,,,,,,,,,,,,,,,66,31.621.154.761.271
582856,1,1,66,95,1,,2,1,,1000000,,2,2,,,,,,,,,,,,,,,66,187.072.788.443.263
582856,1,2,66,95,1,,2,1,,461500,,2,2,,,,,,,,,,,,,,,66,187.072.788.443.263
582856,1,3,66,95,2,,,,,,,,2,,,,,,,,,,,,,,,66,187.072.788.443.263
582856,1,4,66,95,2,,,,,,,,2,,,,,,,,,,,,,,,66,187.072.788.443.263
582856,1,5,66,95,2,,,,,,,,2,,,,,,,,,,,,,,,66,187.072.788.443.263
582856,1,6,66,95,2,,,,,,,,2,,,,,,,,,,,,,,,66,187.072.788.443.263
582856,1,7,66,95,2,,,,,,,,1,2,,2,6000000,,,,,,2,2,1,,2,66,187.072.788.443.263
582856,1,8,66,95,2,,,,,,,,2,,,,,,,,,,,,,,,66,187.072.788.443.263
582856,1,9,66,95,2,,,,,,,,2,,,,,,,,,,,,,,,66,187.072.788.443.263
582856,1,10,66,95,2,,,,,,,,2,,,,,,,,,,,,,,,66,187.072.788.443.263
582858,1,1,66,95,2,,,,,,,,2,,,,,,,,,,,,,,,66,23.914.476.650.945
582858,1,2,66,95,2,,,,,,,,2,,,,,,,,,,,,,,,66,23.914.476.650.945
582858,1,4,66,95,2,,,,,,,,2,,,,,,,,,,,,,,,66,23.914.476.650.945
582859,1,1,66,95,2,,,,,,,,2,,,,,,,,,,,,,,,66,23.914.476.650.945
582859,1,2,66,95,2,,,,,,,,2,,,,,,,,,,,,,,,66,23.914.476.650.945
582859,1,3,66,95,2,,,,,,,,2,,,,,,,,,,,,,,,66,23.914.476.650.945
582860,1,1,66,95,2,,,,,,,,2,,,,,,,,,,,,,,,66,257.734.549.658.113
582860,1,2,66,95,2,,,,,,,,2,,,,,,,,,,,,,,,66,257.734.549.658.113
582860,1,3,66,95,2,,,,,,,,2,,,,,,,,,,,,,,,66,257.734.549.658.113
582861,1,1,66,95,2,,,,,,,,2,,,,,,,,,,,,,,,66,246.039.201.753.935
582861,1,2,66,95,2,,,,,,,,2,,,,,,,,,,,,,,,66,246.039.201.753.935
582862,1,1,66,95,2,,,,,,,,1,2,,2,6000000,,,,,,2,2,1,,2,66,243.948.383.029.759
582862,1,2,66,95,2,,,,,,,,2,,,,,,,,,,,,,,,66,243.948.383.029.759
582863,1,1,66,95,1,,2,1,,433700,,2,1,2,,2,2000000,,,,,,2,2,1,,2,66,220.357.224.293.641
582863,1,2,66,95,2,,,,,,,,1,2,,2,1000000,,,,,,2,2,1,,2,66,220.357.224.293.641
582863,1,3,66,95,2,,,,,,,,2,,,,,,,,,,,,,,,66,220.357.224.293.641
582864,1,1,66,95,2,,,,,,,,2,,,,,,,,,,,,,,,66,278.284.387.478.716
582864,1,2,66,95,2,,,,,,,,2,,,,,,,,,,,,,,,66,278.284.387.478.716
582865,1,1,66,95,2,,,,,,,,2,,,,,,,,,,,,,,,66,244.816.446.572.716
582865,1,2,66,95,2,,,,,,,,2,,,,,,,,,,,,,,,66,244.816.446.572.716
582866,1,1,66,95,2,,,,,,,,2,,,,,,,,,,,,,,,66,27.670.587.226.755
582866,1,2,66,95,2,,,,,,,,2,,,,,,,,,,,,,,,66,27.670.587.226.755
582866,1,3,66,95,2,,,,,,,,2,,,,,,,,,,,,,,,66,27.670.587.226.755
582867,1,1,66,95,2,,,,,,,,1,2,,2,6000000,,,,,1000000,2,1,1,,2,66,274.615.053.543.374
582867,2,1,66,95,2,,,,,,,,1,2,,2,2000000,,,,,,2,2,1,,2,66,274.615.053.543.374
582867,3,1,66,95,2,,,,,,,,2,,,,,,,,,,,,,,,66,274.615.053.543.374
582868,1,1,66,95,2,,,,,,,,1,2,,2,2800000,,,,,,2,2,1,,2,66,259.930.877.034.386
582868,1,2,66,95,2,,,,,,,,1,2,,2,,,,,,600000,2,1,2,,2,66,259.930.877.034.386
582869,1,1,66,95,1,,1,1,,1300000,480000,2,2,,,,,,,,,,,,,,,66,261.852.836.057.894
582869,1,2,66,95,2,,,,,,,,2,,,,,,,,,,,,,,,66,261.852.836.057.894
582869,1,3,66,95,2,,,,,,,,2,,,,,,,,,,,,,,,66,261.852.836.057.894
582869,1,4,66,95,2,,,,,,,,1,2,,2,4000000,,,,,5000000,2,1,1,,2,66,261.852.836.057.894
582870,1,1,66,95,2,,,,,,,,2,,,,,,,,,,,,,,,66,275.075.863.751.949
582870,1,2,66,95,2,,,,,,,,2,,,,,,,,,,,,,,,66,275.075.863.751.949
582870,1,3,66,95,2,,,,,,,,1,2,,2,3000000,,,,,,2,2,1,,2,66,275.075.863.751.949
582871,1,1,66,95,1,,2,1,,433700,,2,2,,,,,,,,,,,,,,,66,219.013.429.849.149
582872,1,1,66,95,2,,,,,,,,2,,,,,,,,,,,,,,,66,205.356.370.383.615
582872,1,2,66,95,1,,2,1,,98,,2,2,,,,,,,,,,,,,,,66,205.356.370.383.615
582875,1,1,66,95,1,,2,1,,433700,,2,2,,,,,,,,,,,,,,,66,228.262.198.999.205
582875,1,2,66,95,2,,,,,,,,2,,,,,,,,,,,,,,,66,228.262.198.999.205
582875,1,3,66,95,2,,,,,,,,2,,,,,,,,,,,,,,,66,228.262.198.999.205
582876,1,1,66,95,2,,,,,,,,2,,,,,,,,,,,,,,,66,290.654.882.240.991
582876,1,2,66,95,2,,,,,,,,2,,,,,,,,,,,,,,,66,290.654.882.240.991
582876,1,3,66,95,2,,,,,,,,2,,,,,,,,,,,,,,,66,290.654.882.240.991
582876,1,4,66,95,2,,,,,,,,2,,,,,,,,,,,,,,,66,290.654.882.240.991
582877,1,1,66,95,2,,,,,,,,2,,,,,,,,,,,,,,,66,325.687.835.779.929
582877,1,2,66,95,1,,1,2,,,700000,2,2,,,,,,,,,,,,,,,66,325.687.835.779.929
582877,1,3,66,95,2,,,,,,,,2,,,,,,,,,,,,,,,66,325.687.835.779.929
582877,1,4,66,95,2,,,,,,,,2,,,,,,,,,,,,,,,66,325.687.835.779.929
582879,1,1,66,95,2,,,,,,,,2,,,,,,,,,,,,,,,66,219.013.429.849.149
582880,1,1,66,95,2,,,,,,,,2,,,,,,,,,,,,,,,66,266.854.211.645.349
582880,1,2,66,95,2,,,,,,,,2,,,,,,,,,,,,,,,66,266.854.211.645.349
582880,1,3,66,95,2,,,,,,,,2,,,,,,,,,,,,,,,66,266.854.211.645.349
582881,1,1,66,95,1,,2,1,,461500,,2,2,,,,,,,,,,,,,,,66,205.356.370.383.615
582881,1,2,66,95,2,,,,,,,,2,,,,,,,,,,,,,,,66,205.356.370.383.615
582882,1,1,66,95,1,,1,2,,,400000,2,2,,,,,,,,,,,,,,,66,273.732.069.307.457
582883,1,1,66,95,2,,,,,,,,2,,,,,,,,,,,,,,,66,281.719.000.647.384
582883,1,2,66,95,1,,1,2,,,400000,2,2,,,,,,,,,,,,,,,66,281.719.000.647.384
582883,1,3,66,95,2,,,,,,,,2,,,,,,,,,,,,,,,66,281.719.000.647.384
582883,1,4,66,95,2,,,,,,,,2,,,,,,,,,,,,,,,66,281.719.000.647.384
582884,1,1,66,95,2,,,,,,,,2,,,,,,,,,,,,,,,66,273.048.396.076.344
582884,1,2,66,95,2,,,,,,,,2,,,,,,,,,,,,,,,66,273.048.396.076.344
582885,1,1,66,95,2,,,,,,,,1,2,,2,7200000,,,,,,2,2,1,,2,66,241.235.585.233.625
582885,1,2,66,95,2,,,,,,,,2,,,,,,,,,,,,,,,66,241.235.585.233.625
582885,1,3,66,95,2,,,,,,,,2,,,,,,,,,,,,,,,66,241.235.585.233.625
582886,1,1,66,95,2,,,,,,,,1,2,,2,5000000,,,,,,2,2,1,,2,66,239.329.156.821.293
582886,1,4,66,95,2,,,,,,,,2,,,,,,,,,,,,,,,66,239.329.156.821.293
582886,2,1,66,95,2,,,,,,,,2,,,,,,,,,,,,,,,66,239.329.156.821.293
582886,2,2,66,95,2,,,,,,,,2,,,,,,,,,,,,,,,66,239.329.156.821.293
582887,1,1,66,95,2,,,,,,,,2,,,,,,,,,,,,,,,66,294.773.168.640.772
582887,1,2,66,95,2,,,,,,,,2,,,,,,,,,,,,,,,66,294.773.168.640.772
582887,1,3,66,95,2,,,,,,,,2,,,,,,,,,,,,,,,66,294.773.168.640.772
582887,1,4,66,95,2,,,,,,,,2,,,,,,,,,,,,,,,66,294.773.168.640.772
582887,1,5,66,95,2,,,,,,,,2,,,,,,,,,,,,,,,66,294.773.168.640.772
582888,1,1,66,95,1,,1,2,,,260000,2,2,,,,,,,,,,,,,,,66,269.323.778.991.979
582888,1,2,66,95,2,,,,,,,,1,2,,2,,,,,,2000000,2,1,2,,2,66,269.323.778.991.979
582888,1,3,66,95,2,,,,,,,,2,,,,,,,,,,,,,,,66,269.323.778.991.979
582888,2,1,66,95,1,,2,1,,880000,,2,2,,,,,,,,,,,,,,,66,269.323.778.991.979
582890,1,1,66,95,2,,,,,,,,2,,,,,,,,,,,,,,,66,226.026.788.994.023
582890,1,2,66,95,2,,,,,,,,2,,,,,,,,,,,,,,,66,226.026.788.994.023
582890,1,3,66,95,2,,,,,,,,2,,,,,,,,,,,,,,,66,226.026.788.994.023
582890,1,4,66,95,2,,,,,,,,2,,,,,,,,,,,,,,,66,226.026.788.994.023
582890,1,6,66,95,2,,,,,,,,2,,,,,,,,,,,,,,,66,226.026.788.994.023
582891,1,1,66,95,2,,,,,,,,2,,,,,,,,,,,,,,,66,266.854.211.645.349
582891,1,2,66,95,2,,,,,,,,2,,,,,,,,,,,,,,,66,266.854.211.645.349
582891,1,3,66,95,2,,,,,,,,1,2,,2,,,,,,600000,2,1,2,,2,66,266.854.211.645.349
582892,1,1,66,95,2,,,,,,,,2,,,,,,,,,,,,,,,66,27.052.354.558.069
582892,1,2,66,95,2,,,,,,,,2,,,,,,,,,,,,,,,66,27.052.354.558.069
582893,1,1,66,95,2,,,,,,,,2,,,,,,,,,,,,,,,66,268.945.030.369.524
582893,1,2,66,95,1,,1,2,,,220000,2,2,,,,,,,,,,,,,,,66,268.945.030.369.524
582893,1,3,66,95,2,,,,,,,,2,,,,,,,,,,,,,,,66,268.945.030.369.524
582894,1,1,66,95,2,,,,,,,,2,,,,,,,,,,,,,,,66,285.662.598.554.702
582894,1,2,66,95,2,,,,,,,,2,,,,,,,,,,,,,,,66,285.662.598.554.702
582894,1,3,66,95,2,,,,,,,,2,,,,,,,,,,,,,,,66,285.662.598.554.702
582895,1,1,66,95,1,,2,1,,461500,,2,2,,,,,,,,,,,,,,,66,263.618.909.481.485
582895,1,2,66,95,2,,,,,,,,2,,,,,,,,,,,,,,,66,263.618.909.481.485
582895,1,3,66,95,2,,,,,,,,2,,,,,,,,,,,,,,,66,263.618.909.481.485
582895,1,5,66,95,2,,,,,,,,2,,,,,,,,,,,,,,,66,263.618.909.481.485
582896,1,1,66,95,2,,,,,,,,1,2,,2,,,,,,1500000,2,1,2,,2,66,248.500.701.201.018
582896,1,2,66,95,2,,,,,,,,1,2,,2,,,,,,500000,2,1,2,,2,66,248.500.701.201.018
582896,1,3,66,95,2,,,,,,,,2,,,,,,,,,,,,,,,66,248.500.701.201.018
582897,1,1,66,95,2,,,,,,,,2,,,,,,,,,,,,,,,66,227.977.641.817.513
582897,1,2,66,95,2,,,,,,,,2,,,,,,,,,,,,,,,66,227.977.641.817.513
582897,1,3,66,95,2,,,,,,,,2,,,,,,,,,,,,,,,66,227.977.641.817.513
582897,1,5,66,95,2,,,,,,,,2,,,,,,,,,,,,,,,66,227.977.641.817.513
582898,1,1,66,95,1,,2,1,,433700,,2,2,,,,,,,,,,,,,,,66,173.543.559.540.897
582898,1,2,66,95,2,,,,,,,,2,,,,,,,,,,,,,,,66,173.543.559.540.897
582898,1,3,66,95,2,,,,,,,,2,,,,,,,,,,,,,,,66,173.543.559.540.897
582899,1,1,66,95,2,,,,,,,,2,,,,,,,,,,,,,,,66,274.705.183.029.041
582899,1,2,66,95,2,,,,,,,,2,,,,,,,,,,,,,,,66,274.705.183.029.041
582900,1,1,66,95,2,,,,,,,,2,,,,,,,,,,,,,,,66,278.284.387.478.716
582900,1,2,66,95,2,,,,,,,,2,,,,,,,,,,,,,,,66,278.284.387.478.716
582901,1,1,66,95,1,,1,2,,,150000,2,2,,,,,,,,,,,,,,,66,261.418.804.286.416
582901,1,2,66,95,2,,,,,,,,2,,,,,,,,,,,,,,,66,261.418.804.286.416
582901,1,3,66,95,2,,,,,,,,2,,,,,,,,,,,,,,,66,261.418.804.286.416
582901,1,4,66,95,2,,,,,,,,2,,,,,,,,,,,,,,,66,261.418.804.286.416
582902,1,1,66,95,2,,,,,,,,2,,,,,,,,,,,,,,,66,267.737.195.881.266
582902,1,2,66,95,2,,,,,,,,2,,,,,,,,,,,,,,,66,267.737.195.881.266
582902,1,3,66,95,2,,,,,,,,2,,,,,,,,,,,,,,,66,267.737.195.881.266
582902,1,4,66,95,2,,,,,,,,2,,,,,,,,,,,,,,,66,267.737.195.881.266
582902,1,5,66,95,2,,,,,,,,1,2,,2,,,,,,10000000,2,1,2,,2,66,267.737.195.881.266
582904,1,1,66,95,2,,,,,,,,2,,,,,,,,,,,,,,,66,204.238.665.381.024
582904,1,2,66,95,2,,,,,,,,2,,,,,,,,,,,,,,,66,204.238.665.381.024
582904,1,3,66,95,2,,,,,,,,2,,,,,,,,,,,,,,,66,204.238.665.381.024
582905,1,1,66,95,2,,,,,,,,2,,,,,,,,,,,,,,,66,270.749.635.022.592
582905,1,2,66,95,2,,,,,,,,2,,,,,,,,,,,,,,,66,270.749.635.022.592
582905,1,3,66,95,2,,,,,,,,2,,,,,,,,,,,,,,,66,270.749.635.022.592
582905,1,5,66,95,2,,,,,,,,1,2,,2,,,,,,252000,2,1,2,,2,66,270.749.635.022.592
582905,1,6,66,95,2,,,,,,,,2,,,,,,,,,,,,,,,66,270.749.635.022.592
582908,1,1,66,95,2,,,,,,,,1,2,,2,4800000,,,,,,2,2,1,,2,66,251.799.354.413.452
582909,1,1,66,95,2,,,,,,,,2,,,,,,,,,,,,,,,66,267.737.195.881.266
582909,1,2,66,95,2,,,,,,,,2,,,,,,,,,,,,,,,66,267.737.195.881.266
582909,1,3,66,95,2,,,,,,,,2,,,,,,,,,,,,,,,66,267.737.195.881.266
582909,1,4,66,95,2,,,,,,,,2,,,,,,,,,,,,,,,66,267.737.195.881.266
582909,1,5,66,95,2,,,,,,,,2,,,,,,,,,,,,,,,66,267.737.195.881.266
582911,1,1,66,95,2,,,,,,,,2,,,,,,,,,,,,,,,66,255.287.970.903.991
582911,1,2,66,95,2,,,,,,,,2,,,,,,,,,,,,,,,66,255.287.970.903.991
582911,1,3,66,95,2,,,,,,,,2,,,,,,,,,,,,,,,66,255.287.970.903.991
582911,1,5,66,95,2,,,,,,,,2,,,,,,,,,,,,,,,66,255.287.970.903.991
582912,1,1,66,95,1,,1,1,,867400,400000,2,1,2,,2,2400000,,,,,,2,2,1,,2,66,246.427.644.460.338
582912,1,2,66,95,2,,,,,,,,1,2,,2,24000000,,,,,,2,2,1,,2,66,246.427.644.460.338
582913,1,1,66,95,1,,1,1,,537000,200000,2,2,,,,,,,,,,,,,,,66,210.106.447.622.019
582913,1,2,66,95,1,,1,1,,1500000,200000,2,2,,,,,,,,,,,,,,,66,210.106.447.622.019
582913,1,3,66,95,2,,,,,,,,2,,,,,,,,,,,,,,,66,210.106.447.622.019
582914,1,1,66,95,2,,,,,,,,2,,,,,,,,,,,,,,,66,277.230.033.524.695
582914,1,2,66,95,2,,,,,,,,2,,,,,,,,,,,,,,,66,277.230.033.524.695
582915,1,1,66,95,2,,,,,,,,2,,,,,,,,,,,,,,,66,263.184.877.710.007
582915,1,2,66,95,2,,,,,,,,2,,,,,,,,,,,,,,,66,263.184.877.710.007
582915,1,3,66,95,2,,,,,,,,2,,,,,,,,,,,,,,,66,263.184.877.710.007
582915,1,4,66,95,2,,,,,,,,2,,,,,,,,,,,,,,,66,263.184.877.710.007
582916,1,1,66,95,2,,,,,,,,1,2,,2,,,,,,2400000,2,1,2,,2,66,242.369.867.818.593
582916,1,2,66,95,2,,,,,,,,2,,,,,,,,,,,,,,,66,242.369.867.818.593
582916,1,3,66,95,2,,,,,,,,2,,,,,,,,,,,,,,,66,242.369.867.818.593
582917,1,1,66,95,2,,,,,,,,2,,,,,,,,,,,,,,,66,275.139.214.800.519
582917,1,2,66,95,2,,,,,,,,2,,,,,,,,,,,,,,,66,275.139.214.800.519
582918,1,1,66,95,2,,,,,,,,2,,,,,,,,,,,,,,,66,265.275.696.434.182
582918,1,2,66,95,2,,,,,,,,2,,,,,,,,,,,,,,,66,265.275.696.434.182
582918,1,3,66,95,2,,,,,,,,2,,,,,,,,,,,,,,,66,265.275.696.434.182
582918,1,4,66,95,2,,,,,,,,2,,,,,,,,,,,,,,,66,265.275.696.434.182
582919,1,1,66,95,2,,,,,,,,2,,,,,,,,,,,,,,,66,207.134.196.599.586
582919,1,2,66,95,2,,,,,,,,2,,,,,,,,,,,,,,,66,207.134.196.599.586
582919,1,3,66,95,2,,,,,,,,2,,,,,,,,,,,,,,,66,207.134.196.599.586
582919,1,5,66,95,2,,,,,,,,2,,,,,,,,,,,,,,,66,207.134.196.599.586
582920,1,1,66,95,1,,1,2,,,80000,2,1,2,,2,,,,,,6000000,2,1,2,,2,66,275.075.863.751.949
582920,1,2,66,95,2,,,,,,,,2,,,,,,,,,,,,,,,66,275.075.863.751.949
582920,1,3,66,95,2,,,,,,,,2,,,,,,,,,,,,,,,66,275.075.863.751.949
582921,1,1,66,95,2,,,,,,,,1,2,,2,,,,,,1200000,2,1,2,,2,66,252.604.066.907.838
582921,1,2,66,95,2,,,,,,,,2,,,,,,,,,,,,,,,66,252.604.066.907.838
582922,1,1,66,95,2,,,,,,,,2,,,,,,,,,,,,,,,66,280.062.213.694.687
582922,1,2,66,95,2,,,,,,,,1,2,,2,400000,,,,,,2,2,1,,2,66,280.062.213.694.687
582922,1,3,66,95,2,,,,,,,,1,2,,2,7000000,,,,,,2,2,1,,2,66,280.062.213.694.687
582922,1,5,66,95,2,,,,,,,,2,,,,,,,,,,,,,,,66,280.062.213.694.687
582923,1,1,66,95,2,,,,,,,,2,,,,,,,,,,,,,,,66,266.854.211.645.349
582923,1,2,66,95,2,,,,,,,,2,,,,,,,,,,,,,,,66,266.854.211.645.349
582923,1,3,66,95,2,,,,,,,,2,,,,,,,,,,,,,,,66,266.854.211.645.349
582924,1,1,66,95,1,,1,2,,,400000,2,2,,,,,,,,,,,,,,,66,27.052.354.558.069
582924,1,2,66,95,2,,,,,,,,2,,,,,,,,,,,,,,,66,27.052.354.558.069
582925,1,1,66,95,2,,,,,,,,2,,,,,,,,,,,,,,,66,278.718.419.250.194
582925,1,2,66,95,2,,,,,,,,2,,,,,,,,,,,,,,,66,278.718.419.250.194
582926,1,1,66,95,2,,,,,,,,2,,,,,,,,,,,,,,,66,269.379.062.141.002
582926,1,2,66,95,2,,,,,,,,1,2,,2,2000000,,,,,,2,2,1,,2,66,269.379.062.141.002
582926,1,3,66,95,2,,,,,,,,2,,,,,,,,,,,,,,,66,269.379.062.141.002
582927,1,1,66,95,1,,2,1,,433700,,2,2,,,,,,,,,,,,,,,66,238.710.734.737.971
582927,1,2,66,95,2,,,,,,,,2,,,,,,,,,,,,,,,66,238.710.734.737.971
582927,1,3,66,95,2,,,,,,,,2,,,,,,,,,,,,,,,66,238.710.734.737.971
582928,1,1,66,95,2,,,,,,,,1,2,,2,,,,,,250000,2,1,2,,2,66,205.356.370.383.615
582928,1,2,66,95,2,,,,,,,,2,,,,,,,,,,,,,,,66,205.356.370.383.615
582930,1,1,66,95,2,,,,,,,,1,2,,1,,,200000,,,,2,2,2,,2,66,271.825.640.895.125
582930,1,2,66,95,2,,,,,,,,2,,,,,,,,,,,,,,,66,271.825.640.895.125
582931,1,1,66,95,2,,,,,,,,2,,,,,,,,,,,,,,,66,217.895.724.846.558
582931,1,3,66,95,2,,,,,,,,2,,,,,,,,,,,,,,,66,217.895.724.846.558
582932,1,1,66,95,2,,,,,,,,1,2,,2,,,,,,250000,2,1,2,,2,66,257.469.377.587.302
582933,1,1,66,95,2,,,,,,,,1,2,,2,,,,,,3300000,2,1,2,,2,66,266.854.211.645.349
582933,1,2,66,95,2,,,,,,,,2,,,,,,,,,,,,,,,66,266.854.211.645.349
582933,1,3,66,95,2,,,,,,,,2,,,,,,,,,,,,,,,66,266.854.211.645.349
582934,1,1,66,95,2,,,,,,,,2,,,,,,,,,,,,,,,66,238.461.093.278.337
582934,1,2,66,95,2,,,,,,,,2,,,,,,,,,,,,,,,66,238.461.093.278.337
582934,1,4,66,95,2,,,,,,,,2,,,,,,,,,,,,,,,66,238.461.093.278.337
582934,1,5,66,95,2,,,,,,,,2,,,,,,,,,,,,,,,66,238.461.093.278.337
582935,1,1,66,95,2,,,,,,,,2,,,,,,,,,,,,,,,66,215.344.095.913.807
582935,1,2,66,95,2,,,,,,,,2,,,,,,,,,,,,,,,66,215.344.095.913.807
582936,1,1,66,95,1,,2,1,,450000,,2,2,,,,,,,,,,,,,,,66,240.027.750.745.367
582936,1,2,66,95,2,,,,,,,,1,2,,2,100000,,,,,,2,2,1,,2,66,240.027.750.745.367
582936,1,3,66,95,2,,,,,,,,2,,,,,,,,,,,,,,,66,240.027.750.745.367
582936,1,4,66,95,2,,,,,,,,2,,,,,,,,,,,,,,,66,240.027.750.745.367
582936,1,6,66,95,2,,,,,,,,1,2,,2,300000,,,,,,2,2,1,,2,66,240.027.750.745.367
582937,1,1,66,95,2,,,,,,,,2,,,,,,,,,,,,,,,66,256.307.020.047.899
582937,1,2,66,95,2,,,,,,,,2,,,,,,,,,,,,,,,66,256.307.020.047.899
582937,1,3,66,95,2,,,,,,,,1,2,,2,60000,,,,,,2,2,1,,2,66,256.307.020.047.899
582937,1,4,66,95,2,,,,,,,,1,2,,2,,,,,,600000,2,1,2,,2,66,256.307.020.047.899
582937,1,5,66,95,2,,,,,,,,2,,,,,,,,,,,,,,,66,256.307.020.047.899
582937,1,6,66,95,2,,,,,,,,2,,,,,,,,,,,,,,,66,256.307.020.047.899
582938,1,1,66,95,2,,,,,,,,2,,,,,,,,,,,,,,,66,248.051.748.736.579
582939,1,1,66,95,2,,,,,,,,2,,,,,,,,,,,,,,,66,266.854.211.645.349
582939,1,2,66,95,2,,,,,,,,2,,,,,,,,,,,,,,,66,266.854.211.645.349
582939,1,3,66,95,1,,1,2,,,180000,2,2,,,,,,,,,,,,,,,66,266.854.211.645.349
582940,1,1,66,95,2,,,,,,,,2,,,,,,,,,,,,,,,66,249.527.818.244.474
582940,1,2,66,95,2,,,,,,,,2,,,,,,,,,,,,,,,66,249.527.818.244.474
582940,1,3,66,95,2,,,,,,,,1,2,,2,,,,,,150000,2,1,2,,2,66,249.527.818.244.474
582940,1,4,66,95,2,,,,,,,,2,,,,,,,,,,,,,,,66,249.527.818.244.474
582940,1,5,66,95,2,,,,,,,,2,,,,,,,,,,,,,,,66,249.527.818.244.474
582941,1,1,66,95,2,,,,,,,,1,2,,2,6000000,,,,,,2,2,1,,2,66,250.142.567.460.754
582942,1,1,66,95,1,,1,2,,,230000,2,2,,,,,,,,,,,,,,,66,271.391.609.123.646
582942,1,2,66,95,2,,,,,,,,2,,,,,,,,,,,,,,,66,271.391.609.123.646
582943,1,1,66,95,2,,,,,,,,2,,,,,,,,,,,,,,,66,254.923.096.003.296
582943,1,2,66,95,2,,,,,,,,2,,,,,,,,,,,,,,,66,254.923.096.003.296
582943,1,3,66,95,2,,,,,,,,2,,,,,,,,,,,,,,,66,254.923.096.003.296
582943,2,1,66,95,2,,,,,,,,2,,,,,,,,,,,,,,,66,254.923.096.003.296
582943,2,2,66,95,2,,,,,,,,2,,,,,,,,,,,,,,,66,254.923.096.003.296
582943,2,3,66,95,2,,,,,,,,2,,,,,,,,,,,,,,,66,254.923.096.003.296
582943,2,5,66,95,2,,,,,,,,2,,,,,,,,,,,,,,,66,254.923.096.003.296
582944,1,1,66,95,1,,1,2,,,120000,2,2,,,,,,,,,,,,,,,66,223.042.680.227.454
582944,1,2,66,95,2,,,,,,,,2,,,,,,,,,,,,,,,66,223.042.680.227.454
582944,1,3,66,95,2,,,,,,,,2,,,,,,,,,,,,,,,66,223.042.680.227.454
582944,2,1,66,95,2,,,,,,,,2,,,,,,,,,,,,,,,66,223.042.680.227.454
582944,2,2,66,95,2,,,,,,,,2,,,,,,,,,,,,,,,66,223.042.680.227.454
582944,2,3,66,95,2,,,,,,,,2,,,,,,,,,,,,,,,66,223.042.680.227.454
582944,2,4,66,95,2,,,,,,,,2,,,,,,,,,,,,,,,66,223.042.680.227.454
582944,2,5,66,95,2,,,,,,,,2,,,,,,,,,,,,,,,66,223.042.680.227.454
582945,1,1,66,95,2,,,,,,,,2,,,,,,,,,,,,,,,66,271.406.529.816.608
582945,1,2,66,95,2,,,,,,,,2,,,,,,,,,,,,,,,66,271.406.529.816.608
582945,1,3,66,95,2,,,,,,,,2,,,,,,,,,,,,,,,66,271.406.529.816.608
582945,1,4,66,95,2,,,,,,,,1,2,,2,,,,,,600000,2,1,2,,2,66,271.406.529.816.608
582946,1,1,66,95,2,,,,,,,,2,,,,,,,,,,,,,,,66,28.258.706.419.034
582946,1,2,66,95,2,,,,,,,,2,,,,,,,,,,,,,,,66,28.258.706.419.034
582946,1,3,66,95,2,,,,,,,,2,,,,,,,,,,,,,,,66,28.258.706.419.034
582946,1,7,66,95,2,,,,,,,,2,,,,,,,,,,,,,,,66,28.258.706.419.034
582947,1,1,66,95,2,,,,,,,,2,,,,,,,,,,,,,,,66,241.919.258.464.738
582947,1,2,66,95,2,,,,,,,,2,,,,,,,,,,,,,,,66,241.919.258.464.738
582948,1,1,66,95,2,,,,,,,,2,,,,,,,,,,,,,,,66,256.866.486.115.157
582948,1,2,66,95,2,,,,,,,,2,,,,,,,,,,,,,,,66,256.866.486.115.157
582948,1,3,66,95,1,,2,1,,445000,,2,2,,,,,,,,,,,,,,,66,256.866.486.115.157
582950,1,1,66,95,2,,,,,,,,2,,,,,,,,,,,,,,,66,271.406.529.816.608
582950,1,2,66,95,2,,,,,,,,1,2,,1,,,980000,,,,2,2,2,,2,66,271.406.529.816.608
582950,1,3,66,95,2,,,,,,,,1,2,,2,200000,,,,,,2,2,1,,2,66,271.406.529.816.608
582950,1,4,66,95,2,,,,,,,,2,,,,,,,,,,,,,,,66,271.406.529.816.608
582951,1,1,66,95,2,,,,,,,,2,,,,,,,,,,,,,,,66,272.614.364.304.866
582951,1,2,66,95,2,,,,,,,,2,,,,,,,,,,,,,,,66,272.614.364.304.866
582952,1,1,66,95,2,,,,,,,,1,2,,2,2500000,,,,,,2,2,1,,2,66,243.948.383.029.759
582952,1,2,66,95,2,,,,,,,,1,2,,2,2000000,,,,,,2,2,1,,2,66,243.948.383.029.759
582953,1,1,66,95,2,,,,,,,,2,,,,,,,,,,,,,,,66,271.496.659.302.275
582953,1,2,66,95,2,,,,,,,,2,,,,,,,,,,,,,,,66,271.496.659.302.275
582953,1,5,66,95,2,,,,,,,,2,,,,,,,,,,,,,,,66,271.496.659.302.275
582954,1,1,66,95,1,,1,2,,,130000,2,1,2,,2,,,,,,1000000,2,1,2,,2,66,219.013.429.849.149
582955,1,1,66,95,1,,2,1,,496800,,2,2,,,,,,,,,,,,,,,66,215.344.095.913.807
582955,1,2,66,95,2,,,,,,,,2,,,,,,,,,,,,,,,66,215.344.095.913.807
582956,1,1,66,95,2,,,,,,,,2,,,,,,,,,,,,,,,66,269.144.341.374.329
582956,1,2,66,95,2,,,,,,,,2,,,,,,,,,,,,,,,66,269.144.341.374.329
582956,1,3,66,95,2,,,,,,,,2,,,,,,,,,,,,,,,66,269.144.341.374.329
582956,1,4,66,95,2,,,,,,,,2,,,,,,,,,,,,,,,66,269.144.341.374.329
582956,1,5,66,95,2,,,,,,,,2,,,,,,,,,,,,,,,66,269.144.341.374.329
582956,1,7,66,95,1,,2,2,130000,,,1,1,2,,2,,,,,,2400000,2,1,2,,2,66,269.144.341.374.329
582957,1,1,66,95,2,,,,,,,,2,,,,,,,,,,,,,,,66,23.047.571.387.607
582957,1,2,66,95,2,,,,,,,,1,2,,2,,,,,,100000,2,1,2,,2,66,23.047.571.387.607
582957,1,3,66,95,2,,,,,,,,2,,,,,,,,,,,,,,,66,23.047.571.387.607
582957,1,4,66,95,2,,,,,,,,1,2,,2,,,,,,250000,2,1,2,,2,66,23.047.571.387.607
582959,1,1,66,95,2,,,,,,,,2,,,,,,,,,,,,,,,66,261.616.563.353.561
582959,1,2,66,95,2,,,,,,,,2,,,,,,,,,,,,,,,66,261.616.563.353.561
582959,1,3,66,95,2,,,,,,,,2,,,,,,,,,,,,,,,66,261.616.563.353.561
582959,1,4,66,95,2,,,,,,,,2,,,,,,,,,,,,,,,66,261.616.563.353.561
582960,1,1,66,95,2,,,,,,,,2,,,,,,,,,,,,,,,66,233.462.885.591.464
582960,1,2,66,95,2,,,,,,,,2,,,,,,,,,,,,,,,66,233.462.885.591.464
582960,1,3,66,95,2,,,,,,,,2,,,,,,,,,,,,,,,66,233.462.885.591.464
582960,1,4,66,95,2,,,,,,,,2,,,,,,,,,,,,,,,66,233.462.885.591.464
582960,1,6,66,95,2,,,,,,,,2,,,,,,,,,,,,,,,66,233.462.885.591.464
582961,1,1,66,95,2,,,,,,,,2,,,,,,,,,,,,,,,66,283.316.214.370.308
582961,1,2,66,95,2,,,,,,,,2,,,,,,,,,,,,,,,66,283.316.214.370.308
582961,1,3,66,95,2,,,,,,,,1,2,,2,,,,,,2400000,2,1,2,,2,66,283.316.214.370.308
582961,1,4,66,95,2,,,,,,,,2,,,,,,,,,,,,,,,66,283.316.214.370.308
582961,2,1,66,95,2,,,,,,,,2,,,,,,,,,,,,,,,66,283.316.214.370.308
582961,2,2,66,95,2,,,,,,,,2,,,,,,,,,,,,,,,66,283.316.214.370.308
582962,1,1,66,95,2,,,,,,,,2,,,,,,,,,,,,,,,66,206.437.113.686.678
582962,1,2,66,95,2,,,,,,,,2,,,,,,,,,,,,,,,66,206.437.113.686.678
582962,1,3,66,95,2,,,,,,,,2,,,,,,,,,,,,,,,66,206.437.113.686.678
582962,1,4,66,95,2,,,,,,,,2,,,,,,,,,,,,,,,66,206.437.113.686.678
582963,1,1,66,95,1,,1,1,,433700,300000,2,2,,,,,,,,,,,,,,,66,205.356.370.383.615
582963,1,2,66,95,2,,,,,,,,2,,,,,,,,,,,,,,,66,205.356.370.383.615
582964,1,1,66,95,2,,,,,,,,2,,,,,,,,,,,,,,,66,268.945.030.369.524
582964,1,2,66,95,2,,,,,,,,2,,,,,,,,,,,,,,,66,268.945.030.369.524
582964,1,3,66,95,2,,,,,,,,2,,,,,,,,,,,,,,,66,268.945.030.369.524
582965,1,1,66,95,2,,,,,,,,2,,,,,,,,,,,,,,,66,267.315.021.853.924
582965,1,2,66,95,2,,,,,,,,2,,,,,,,,,,,,,,,66,267.315.021.853.924
582965,1,3,66,95,2,,,,,,,,2,,,,,,,,,,,,,,,66,267.315.021.853.924
582966,1,1,66,95,2,,,,,,,,2,,,,,,,,,,,,,,,66,283.404.686.966.559
582966,1,2,66,95,2,,,,,,,,2,,,,,,,,,,,,,,,66,283.404.686.966.559
582966,1,4,66,95,2,,,,,,,,2,,,,,,,,,,,,,,,66,283.404.686.966.559
582966,1,5,66,95,1,,2,1,,632000,,2,2,,,,,,,,,,,,,,,66,283.404.686.966.559
582966,1,6,66,95,2,,,,,,,,2,,,,,,,,,,,,,,,66,283.404.686.966.559
582966,1,7,66,95,1,,2,1,,1000000,,2,2,,,,,,,,,,,,,,,66,283.404.686.966.559
582967,1,1,66,95,2,,,,,,,,2,,,,,,,,,,,,,,,66,237.169.181.226.334
582968,1,1,66,95,2,,,,,,,,2,,,,,,,,,,,,,,,66,256.722.353.307.619
582968,1,2,66,95,2,,,,,,,,2,,,,,,,,,,,,,,,66,256.722.353.307.619
582968,1,3,66,95,2,,,,,,,,2,,,,,,,,,,,,,,,66,256.722.353.307.619
582969,1,1,66,95,2,,,,,,,,1,2,,2,6000000,,,,,,2,2,1,,2,66,22.242.126.458.072
582969,1,2,66,95,2,,,,,,,,2,,,,,,,,,,,,,,,66,22.242.126.458.072
582969,1,3,66,95,2,,,,,,,,2,,,,,,,,,,,,,,,66,22.242.126.458.072
582970,1,1,66,95,1,,2,1,,433700,,2,2,,,,,,,,,,,,,,,66,241.235.585.233.625
582970,1,2,66,95,2,,,,,,,,2,,,,,,,,,,,,,,,66,241.235.585.233.625
582970,1,5,66,95,2,,,,,,,,2,,,,,,,,,,,,,,,66,241.235.585.233.625
582971,1,1,66,95,2,,,,,,,,2,,,,,,,,,,,,,,,66,189.110.720.285.803
582971,1,2,66,95,2,,,,,,,,2,,,,,,,,,,,,,,,66,189.110.720.285.803
582971,1,3,66,95,2,,,,,,,,2,,,,,,,,,,,,,,,66,189.110.720.285.803
582971,1,4,66,95,2,,,,,,,,2,,,,,,,,,,,,,,,66,189.110.720.285.803
582971,1,5,66,95,2,,,,,,,,2,,,,,,,,,,,,,,,66,189.110.720.285.803
582971,1,6,66,95,2,,,,,,,,2,,,,,,,,,,,,,,,66,189.110.720.285.803
582974,1,1,66,95,2,,,,,,,,2,,,,,,,,,,,,,,,66,263.357.410.277.715
582974,1,2,66,95,2,,,,,,,,2,,,,,,,,,,,,,,,66,263.357.410.277.715
582974,1,3,66,95,2,,,,,,,,2,,,,,,,,,,,,,,,66,263.357.410.277.715
582974,1,4,66,95,2,,,,,,,,2,,,,,,,,,,,,,,,66,263.357.410.277.715
582974,1,5,66,95,2,,,,,,,,2,,,,,,,,,,,,,,,66,263.357.410.277.715
582974,1,6,66,95,2,,,,,,,,2,,,,,,,,,,,,,,,66,263.357.410.277.715
582974,1,7,66,95,2,,,,,,,,2,,,,,,,,,,,,,,,66,263.357.410.277.715
582975,1,1,66,95,2,,,,,,,,2,,,,,,,,,,,,,,,66,27.052.354.558.069
582975,1,2,66,95,2,,,,,,,,2,,,,,,,,,,,,,,,66,27.052.354.558.069
582976,1,1,68,95,1,,1,2,,,140000,2,2,,,,,,,,,,,,,,,68,265.584.711.155.275
582976,1,2,68,95,2,,,,,,,,2,,,,,,,,,,,,,,,68,265.584.711.155.275
582976,1,3,68,95,2,,,,,,,,2,,,,,,,,,,,,,,,68,265.584.711.155.275
582976,1,4,68,95,2,,,,,,,,2,,,,,,,,,,,,,,,68,265.584.711.155.275
582976,1,6,68,95,2,,,,,,,,2,,,,,,,,,,,,,,,68,265.584.711.155.275
582977,1,1,68,95,2,,,,,,,,2,,,,,,,,,,,,,,,68,50.632.746.616.858
582977,1,2,68,95,2,,,,,,,,2,,,,,,,,,,,,,,,68,50.632.746.616.858
582977,1,3,68,95,2,,,,,,,,2,,,,,,,,,,,,,,,68,50.632.746.616.858
582977,1,4,68,95,2,,,,,,,,1,2,,2,,,,,,2400000,2,1,2,,2,68,50.632.746.616.858
582978,1,1,68,95,1,,2,1,,530000,,2,2,,,,,,,,,,,,,,,68,57.524.207.319.508
582978,1,2,68,95,2,,,,,,,,2,,,,,,,,,,,,,,,68,57.524.207.319.508
582978,1,3,68,95,2,,,,,,,,2,,,,,,,,,,,,,,,68,57.524.207.319.508
582978,1,4,68,95,2,,,,,,,,2,,,,,,,,,,,,,,,68,57.524.207.319.508
582978,1,5,68,95,2,,,,,,,,2,,,,,,,,,,,,,,,68,57.524.207.319.508
582978,1,6,68,95,1,,2,1,,800000,,2,2,,,,,,,,,,,,,,,68,57.524.207.319.508
582979,1,1,68,95,2,,,,,,,,2,,,,,,,,,,,,,,,68,313.666.053.155.187
582979,1,2,68,95,2,,,,,,,,2,,,,,,,,,,,,,,,68,313.666.053.155.187
582979,1,3,68,95,2,,,,,,,,2,,,,,,,,,,,,,,,68,313.666.053.155.187
582979,1,4,68,95,2,,,,,,,,2,,,,,,,,,,,,,,,68,313.666.053.155.187
582979,1,5,68,95,2,,,,,,,,2,,,,,,,,,,,,,,,68,313.666.053.155.187
582980,1,1,68,95,2,,,,,,,,2,,,,,,,,,,,,,,,68,399.872.789.580.371
582980,1,2,68,95,2,,,,,,,,2,,,,,,,,,,,,,,,68,399.872.789.580.371
582981,1,1,68,95,1,,1,2,,,170000,2,1,2,,2,,,,,,1200000,2,1,2,,2,68,371.683.493.340.848
582981,1,2,68,95,2,,,,,,,,2,,,,,,,,,,,,,,,68,371.683.493.340.848
582981,2,1,68,95,2,,,,,,,,2,,,,,,,,,,,,,,,68,371.683.493.340.848
582982,1,1,68,95,2,,,,,,,,2,,,,,,,,,,,,,,,68,464.805.209.494.841
582982,1,2,68,95,1,,1,2,,,450000,2,2,,,,,,,,,,,,,,,68,464.805.209.494.841
582982,1,3,68,95,2,,,,,,,,2,,,,,,,,,,,,,,,68,464.805.209.494.841
582982,1,4,68,95,2,,,,,,,,2,,,,,,,,,,,,,,,68,464.805.209.494.841
582982,1,5,68,95,2,,,,,,,,1,2,,2,,,,,,1800000,2,1,2,,2,68,464.805.209.494.841
582983,1,1,68,95,2,,,,,,,,2,,,,,,,,,,,,,,,68,408.484.798.443.841
582983,1,2,68,95,2,,,,,,,,2,,,,,,,,,,,,,,,68,408.484.798.443.841
582983,1,3,68,95,2,,,,,,,,2,,,,,,,,,,,,,,,68,408.484.798.443.841
582984,1,1,68,95,1,,2,1,,465000,,2,2,,,,,,,,,,,,,,,68,362.791.136.189.779
582984,1,2,68,95,2,,,,,,,,2,,,,,,,,,,,,,,,68,362.791.136.189.779
582984,1,3,68,95,2,,,,,,,,2,,,,,,,,,,,,,,,68,362.791.136.189.779
582984,2,1,68,95,2,,,,,,,,2,,,,,,,,,,,,,,,68,362.791.136.189.779
582984,2,2,68,95,2,,,,,,,,1,2,,2,,,,,,50000,2,1,2,,2,68,362.791.136.189.779
582985,1,1,68,95,1,,1,2,,,180000,2,2,,,,,,,,,,,,,,,68,355.567.058.789.981
582985,1,2,68,95,2,,,,,,,,2,,,,,,,,,,,,,,,68,355.567.058.789.981
582985,1,3,68,95,2,,,,,,,,2,,,,,,,,,,,,,,,68,355.567.058.789.981
582985,1,4,68,95,2,,,,,,,,2,,,,,,,,,,,,,,,68,355.567.058.789.981
582985,1,5,68,95,2,,,,,,,,2,,,,,,,,,,,,,,,68,355.567.058.789.981
582986,1,1,68,95,2,,,,,,,,2,,,,,,,,,,,,,,,68,357.496.301.887.778
582986,1,2,68,95,2,,,,,,,,2,,,,,,,,,,,,,,,68,357.496.301.887.778
582986,2,1,68,95,2,,,,,,,,1,2,,2,,,,,,480000,2,1,2,,2,68,357.496.301.887.778
582986,2,2,68,95,2,,,,,,,,2,,,,,,,,,,,,,,,68,357.496.301.887.778
582987,1,1,68,95,2,,,,,,,,2,,,,,,,,,,,,,,,68,391.543.585.395.711
582987,1,2,68,95,2,,,,,,,,1,2,,2,,,,,,3600000,2,1,2,,2,68,391.543.585.395.711
582987,1,3,68,95,2,,,,,,,,2,,,,,,,,,,,,,,,68,391.543.585.395.711
582987,1,4,68,95,2,,,,,,,,2,,,,,,,,,,,,,,,68,391.543.585.395.711
582988,1,1,68,95,2,,,,,,,,2,,,,,,,,,,,,,,,68,300.173.968.481.661
582988,1,2,68,95,2,,,,,,,,1,2,,2,,,,,,,2,2,2,1200000,1,68,300.173.968.481.661
582988,1,3,68,95,2,,,,,,,,2,,,,,,,,,,,,,,,68,300.173.968.481.661
582989,1,1,68,95,2,,,,,,,,2,,,,,,,,,,,,,,,68,366.419.885.290.385
582989,1,2,68,95,2,,,,,,,,2,,,,,,,,,,,,,,,68,366.419.885.290.385
582989,1,3,68,95,2,,,,,,,,2,,,,,,,,,,,,,,,68,366.419.885.290.385
582989,2,1,68,95,2,,,,,,,,2,,,,,,,,,,,,,,,68,366.419.885.290.385
582989,2,2,68,95,2,,,,,,,,2,,,,,,,,,,,,,,,68,366.419.885.290.385
582989,2,3,68,95,2,,,,,,,,2,,,,,,,,,,,,,,,68,366.419.885.290.385
582990,1,1,68,95,2,,,,,,,,2,,,,,,,,,,,,,,,68,447.171.151.285.647
582990,1,3,68,95,2,,,,,,,,1,2,,2,,,,,,2400000,2,1,2,,2,68,447.171.151.285.647
582991,1,1,68,95,1,,1,2,,,300000,2,2,,,,,,,,,,,,,,,68,289.779.433.647.858
582991,2,1,68,95,2,,,,,,,,1,2,,2,,,,,,500000,2,1,2,,2,68,289.779.433.647.858
582992,1,1,68,95,2,,,,,,,,2,,,,,,,,,,,,,,,68,398.485.520.301.027
582993,1,1,68,95,2,,,,,,,,2,,,,,,,,,,,,,,,68,305.908.254.833.635
582993,1,2,68,95,2,,,,,,,,2,,,,,,,,,,,,,,,68,305.908.254.833.635
582993,1,3,68,95,2,,,,,,,,2,,,,,,,,,,,,,,,68,305.908.254.833.635
582994,1,1,68,95,2,,,,,,,,2,,,,,,,,,,,,,,,68,443.044.623.725.572
582994,1,2,68,95,2,,,,,,,,2,,,,,,,,,,,,,,,68,443.044.623.725.572
582994,1,3,68,95,2,,,,,,,,1,2,,2,,,,,,,2,2,2,280000,1,68,443.044.623.725.572
582996,1,1,68,95,2,,,,,,,,2,,,,,,,,,,,,,,,68,390.877.910.660.821
582996,1,2,68,95,2,,,,,,,,2,,,,,,,,,,,,,,,68,390.877.910.660.821
582996,2,1,68,95,2,,,,,,,,2,,,,,,,,,,,,,,,68,390.877.910.660.821
582996,3,1,68,95,2,,,,,,,,2,,,,,,,,,,,,,,,68,390.877.910.660.821
582996,3,2,68,95,2,,,,,,,,1,2,,2,,,,,,800000,2,1,2,,2,68,390.877.910.660.821
582997,1,1,68,95,2,,,,,,,,2,,,,,,,,,,,,,,,68,408.484.798.443.841
582997,1,2,68,95,2,,,,,,,,2,,,,,,,,,,,,,,,68,408.484.798.443.841
582997,1,3,68,95,2,,,,,,,,2,,,,,,,,,,,,,,,68,408.484.798.443.841
582998,1,1,68,95,2,,,,,,,,2,,,,,,,,,,,,,,,68,400.406.510.502.125
582998,1,2,68,95,2,,,,,,,,2,,,,,,,,,,,,,,,68,400.406.510.502.125
582998,1,3,68,95,2,,,,,,,,2,,,,,,,,,,,,,,,68,400.406.510.502.125
582998,1,4,68,95,2,,,,,,,,2,,,,,,,,,,,,,,,68,400.406.510.502.125
582999,1,1,68,95,2,,,,,,,,2,,,,,,,,,,,,,,,68,398.485.520.301.027
583000,1,1,68,95,2,,,,,,,,1,2,,2,,,,,,500000,2,1,2,,2,68,297.579.050.648.975
583000,1,2,68,95,2,,,,,,,,1,2,,2,,,,,,500000,2,1,2,,2,68,297.579.050.648.975
583000,1,3,68,95,2,,,,,,,,2,,,,,,,,,,,,,,,68,297.579.050.648.975
583000,1,4,68,95,2,,,,,,,,2,,,,,,,,,,,,,,,68,297.579.050.648.975
583000,1,5,68,95,2,,,,,,,,2,,,,,,,,,,,,,,,68,297.579.050.648.975
583001,1,1,68,95,2,,,,,,,,2,,,,,,,,,,,,,,,68,259.425.756.544.594
583001,1,2,68,95,2,,,,,,,,2,,,,,,,,,,,,,,,68,259.425.756.544.594
583001,1,3,68,95,2,,,,,,,,2,,,,,,,,,,,,,,,68,259.425.756.544.594
583001,1,5,68,95,2,,,,,,,,2,,,,,,,,,,,,,,,68,259.425.756.544.594
583001,2,1,68,95,2,,,,,,,,2,,,,,,,,,,,,,,,68,259.425.756.544.594
583001,2,2,68,95,2,,,,,,,,2,,,,,,,,,,,,,,,68,259.425.756.544.594
583001,2,3,68,95,2,,,,,,,,2,,,,,,,,,,,,,,,68,259.425.756.544.594
583001,3,1,68,95,1,,1,2,,,150000,2,1,2,,2,,,,,,6000000,2,1,2,,2,68,259.425.756.544.594
583002,1,1,68,95,2,,,,,,,,2,,,,,,,,,,,,,,,68,326.649.329.282.554
583003,1,1,68,95,1,,2,1,,461500,,2,2,,,,,,,,,,,,,,,68,267.174.121.239.967
583003,1,2,68,95,1,,2,1,,600000,,2,2,,,,,,,,,,,,,,,68,267.174.121.239.967
583003,1,3,68,95,2,,,,,,,,2,,,,,,,,,,,,,,,68,267.174.121.239.967
583003,1,4,68,95,2,,,,,,,,2,,,,,,,,,,,,,,,68,267.174.121.239.967
583004,1,1,68,95,2,,,,,,,,2,,,,,,,,,,,,,,,68,533.562.775.505.358
583004,1,2,68,95,2,,,,,,,,2,,,,,,,,,,,,,,,68,533.562.775.505.358
583004,1,3,68,95,2,,,,,,,,2,,,,,,,,,,,,,,,68,533.562.775.505.358
583004,2,1,68,95,2,,,,,,,,2,,,,,,,,,,,,,,,68,533.562.775.505.358
583004,2,2,68,95,2,,,,,,,,2,,,,,,,,,,,,,,,68,533.562.775.505.358
583004,2,4,68,95,2,,,,,,,,2,,,,,,,,,,,,,,,68,533.562.775.505.358
583004,2,8,68,95,1,,2,1,,461500,,2,2,,,,,,,,,,,,,,,68,533.562.775.505.358
583005,1,1,68,95,2,,,,,,,,2,,,,,,,,,,,,,,,68,355.033.337.868.227
583005,1,2,68,95,2,,,,,,,,2,,,,,,,,,,,,,,,68,355.033.337.868.227
583005,1,3,68,95,2,,,,,,,,2,,,,,,,,,,,,,,,68,355.033.337.868.227
583006,1,1,68,95,2,,,,,,,,2,,,,,,,,,,,,,,,68,376.600.938.037.844
583006,1,2,68,95,2,,,,,,,,2,,,,,,,,,,,,,,,68,376.600.938.037.844
583006,1,3,68,95,2,,,,,,,,2,,,,,,,,,,,,,,,68,376.600.938.037.844
583007,1,1,68,95,1,,2,1,,1100000,,2,2,,,,,,,,,,,,,,,68,297.555.952.151.703
583007,1,2,68,95,2,,,,,,,,2,,,,,,,,,,,,,,,68,297.555.952.151.703
583007,1,3,68,95,2,,,,,,,,2,,,,,,,,,,,,,,,68,297.555.952.151.703
583007,1,4,68,95,2,,,,,,,,2,,,,,,,,,,,,,,,68,297.555.952.151.703
583007,1,5,68,95,2,,,,,,,,2,,,,,,,,,,,,,,,68,297.555.952.151.703
583008,1,1,68,95,2,,,,,,,,2,,,,,,,,,,,,,,,68,317.996.753.168.671
583008,1,2,68,95,2,,,,,,,,2,,,,,,,,,,,,,,,68,317.996.753.168.671
583008,1,3,68,95,2,,,,,,,,2,,,,,,,,,,,,,,,68,317.996.753.168.671
583009,1,1,68,95,1,,2,1,,4200000,,2,2,,,,,,,,,,,,,,,68,309.099.028.489.161
583009,1,2,68,95,2,,,,,,,,2,,,,,,,,,,,,,,,68,309.099.028.489.161
583010,1,1,68,95,2,,,,,,,,1,2,,2,,,,,,13200000,2,1,2,,2,68,368.325.927.302.194
583012,1,1,68,95,2,,,,,,,,2,,,,,,,,,,,,,,,68,365.698.290.745.931
583012,1,2,68,95,2,,,,,,,,2,,,,,,,,,,,,,,,68,365.698.290.745.931
583012,1,3,68,95,2,,,,,,,,2,,,,,,,,,,,,,,,68,365.698.290.745.931
583012,1,4,68,95,2,,,,,,,,2,,,,,,,,,,,,,,,68,365.698.290.745.931
583013,1,1,68,95,1,,1,2,,,100000,2,2,,,,,,,,,,,,,,,68,442.589.658.631.401
583013,1,2,68,95,2,,,,,,,,2,,,,,,,,,,,,,,,68,442.589.658.631.401
583013,1,3,68,95,2,,,,,,,,2,,,,,,,,,,,,,,,68,442.589.658.631.401
583013,2,1,68,95,2,,,,,,,,2,,,,,,,,,,,,,,,68,442.589.658.631.401
583013,2,2,68,95,2,,,,,,,,2,,,,,,,,,,,,,,,68,442.589.658.631.401
583013,3,1,68,95,2,,,,,,,,2,,,,,,,,,,,,,,,68,442.589.658.631.401
583013,3,2,68,95,2,,,,,,,,2,,,,,,,,,,,,,,,68,442.589.658.631.401
583014,1,1,68,95,1,,2,1,,433704,,2,2,,,,,,,,,,,,,,,68,379.792.424.146.824
583014,1,2,68,95,2,,,,,,,,2,,,,,,,,,,,,,,,68,379.792.424.146.824
583014,1,3,68,95,2,,,,,,,,2,,,,,,,,,,,,,,,68,379.792.424.146.824
583014,1,4,68,95,2,,,,,,,,1,2,,2,,,,,,98,2,1,2,,2,68,379.792.424.146.824
583015,1,1,68,95,2,,,,,,,,2,,,,,,,,,,,,,,,68,324.236.737.161.108
583015,1,2,68,95,2,,,,,,,,2,,,,,,,,,,,,,,,68,324.236.737.161.108
583015,1,3,68,95,2,,,,,,,,1,2,,2,,,,,,,2,2,2,1900000,1,68,324.236.737.161.108
583016,1,1,68,95,1,,1,2,,,200000,2,2,,,,,,,,,,,,,,,68,401.153.483.064.816
583016,1,2,68,95,2,,,,,,,,2,,,,,,,,,,,,,,,68,401.153.483.064.816
583016,2,1,68,95,2,,,,,,,,1,2,,2,,,,,,98,2,1,2,,2,68,401.153.483.064.816
583016,2,2,68,95,2,,,,,,,,2,,,,,,,,,,,,,,,68,401.153.483.064.816
583017,1,1,68,95,1,,1,2,,,150000,2,1,2,,2,,,,,,1800000,2,1,2,,2,68,418.316.180.311.235
583017,1,2,68,95,2,,,,,,,,1,2,,2,,,,,,98,2,1,2,,2,68,418.316.180.311.235
583017,2,1,68,95,2,,,,,,,,2,,,,,,,,,,,,,,,68,418.316.180.311.235
583017,2,2,68,95,2,,,,,,,,2,,,,,,,,,,,,,,,68,418.316.180.311.235
583018,1,1,68,95,2,,,,,,,,2,,,,,,,,,,,,,,,68,421.319.422.649.158
583018,1,2,68,95,2,,,,,,,,2,,,,,,,,,,,,,,,68,421.319.422.649.158
583018,1,3,68,95,2,,,,,,,,2,,,,,,,,,,,,,,,68,421.319.422.649.158
583018,1,4,68,95,2,,,,,,,,2,,,,,,,,,,,,,,,68,421.319.422.649.158
583018,1,5,68,95,2,,,,,,,,2,,,,,,,,,,,,,,,68,421.319.422.649.158
583019,1,1,68,95,2,,,,,,,,2,,,,,,,,,,,,,,,68,192.720.178.249.617
583019,1,2,68,95,2,,,,,,,,2,,,,,,,,,,,,,,,68,192.720.178.249.617
583019,1,3,68,95,2,,,,,,,,2,,,,,,,,,,,,,,,68,192.720.178.249.617
583019,2,1,68,95,2,,,,,,,,2,,,,,,,,,,,,,,,68,192.720.178.249.617
583019,2,2,68,95,2,,,,,,,,2,,,,,,,,,,,,,,,68,192.720.178.249.617
583019,2,3,68,95,2,,,,,,,,2,,,,,,,,,,,,,,,68,192.720.178.249.617
583019,2,4,68,95,2,,,,,,,,2,,,,,,,,,,,,,,,68,192.720.178.249.617
583019,2,5,68,95,2,,,,,,,,2,,,,,,,,,,,,,,,68,192.720.178.249.617
583020,1,1,68,95,2,,,,,,,,2,,,,,,,,,,,,,,,68,335.173.245.813.364
583020,1,2,68,95,1,,1,2,,,220000,2,2,,,,,,,,,,,,,,,68,335.173.245.813.364
583021,1,1,68,95,1,,2,2,420000,,,1,2,,,,,,,,,,,,,,,68,357.086.281.882.461
583021,1,2,68,95,2,,,,,,,,2,,,,,,,,,,,,,,,68,357.086.281.882.461
583021,1,3,68,95,2,,,,,,,,2,,,,,,,,,,,,,,,68,357.086.281.882.461
583022,1,1,68,95,2,,,,,,,,2,,,,,,,,,,,,,,,68,454.190.185.148.484
583022,1,2,68,95,2,,,,,,,,2,,,,,,,,,,,,,,,68,454.190.185.148.484
583022,1,3,68,95,2,,,,,,,,2,,,,,,,,,,,,,,,68,454.190.185.148.484
583022,1,6,68,95,2,,,,,,,,2,,,,,,,,,,,,,,,68,454.190.185.148.484
583023,1,1,68,95,2,,,,,,,,2,,,,,,,,,,,,,,,68,382.680.660.289.297
583023,1,2,68,95,2,,,,,,,,2,,,,,,,,,,,,,,,68,382.680.660.289.297
583023,1,3,68,95,2,,,,,,,,2,,,,,,,,,,,,,,,68,382.680.660.289.297
583023,1,4,68,95,2,,,,,,,,2,,,,,,,,,,,,,,,68,382.680.660.289.297
583247,1,1,76,95,2,,,,,,,,2,,,,,,,,,,,,,,,76,843.968.899.752.748
583247,1,2,76,95,2,,,,,,,,2,,,,,,,,,,,,,,,76,843.968.899.752.748
583248,1,1,76,95,2,,,,,,,,1,2,,2,98,,,,,,2,2,1,,2,76,749.910.207.761.263
583248,1,2,76,95,2,,,,,,,,2,,,,,,,,,,,,,,,76,749.910.207.761.263
583248,1,3,76,95,2,,,,,,,,2,,,,,,,,,,,,,,,76,749.910.207.761.263
583248,1,4,76,95,2,,,,,,,,2,,,,,,,,,,,,,,,76,749.910.207.761.263
583249,1,1,76,95,2,,,,,,,,2,,,,,,,,,,,,,,,76,739.075.205.815.208
583249,1,2,76,95,2,,,,,,,,1,2,,2,,,,98,,,1,2,2,,2,76,739.075.205.815.208
583249,1,4,76,95,2,,,,,,,,2,,,,,,,,,,,,,,,76,739.075.205.815.208
583249,2,1,76,95,2,,,,,,,,2,,,,,,,,,,,,,,,76,739.075.205.815.208
583250,1,1,76,95,2,,,,,,,,1,2,,2,5400000,,,,,,2,2,1,,2,76,769.380.162.261.438
583252,1,1,76,95,2,,,,,,,,1,2,,2,98,,,,,,2,2,1,,2,76,727.603.819.915.525
583252,1,2,76,95,2,,,,,,,,2,,,,,,,,,,,,,,,76,727.603.819.915.525
583252,1,5,76,95,2,,,,,,,,2,,,,,,,,,,,,,,,76,727.603.819.915.525
583253,1,1,76,95,2,,,,,,,,2,,,,,,,,,,,,,,,76,780.565.374.741.632
583253,1,2,76,95,2,,,,,,,,2,,,,,,,,,,,,,,,76,780.565.374.741.632
583254,1,1,76,95,2,,,,,,,,2,,,,,,,,,,,,,,,76,661.265.479.835.158
583254,1,2,76,95,2,,,,,,,,2,,,,,,,,,,,,,,,76,661.265.479.835.158
583254,1,3,76,95,2,,,,,,,,2,,,,,,,,,,,,,,,76,661.265.479.835.158
583254,1,4,76,95,2,,,,,,,,1,2,,2,,,,,,1680000,2,1,2,,2,76,661.265.479.835.158
583254,1,5,76,95,2,,,,,,,,2,,,,,,,,,,,,,,,76,661.265.479.835.158
583254,1,6,76,95,2,,,,,,,,2,,,,,,,,,,,,,,,76,661.265.479.835.158
583254,1,8,76,95,2,,,,,,,,1,2,,2,,,,,,1440000,2,1,2,,2,76,661.265.479.835.158
583255,1,1,76,95,1,,1,2,,,170000,2,2,,,,,,,,,,,,,,,76,790.737.662.322.722
583255,1,2,76,95,2,,,,,,,,1,2,,2,,,,,,98,2,1,2,,2,76,790.737.662.322.722
583255,1,3,76,95,2,,,,,,,,2,,,,,,,,,,,,,,,76,790.737.662.322.722
583255,1,4,76,95,2,,,,,,,,1,2,,2,150000,,,,,,2,2,1,,2,76,790.737.662.322.722
583255,2,1,76,95,2,,,,,,,,1,2,,2,,,,,,98,2,1,2,,2,76,790.737.662.322.722
583255,3,1,76,95,2,,,,,,,,2,,,,,,,,,,,,,,,76,790.737.662.322.722
583257,1,1,76,95,2,,,,,,,,1,2,,2,,,,,,98,2,1,2,,2,76,64.273.836.335.614
583260,1,1,76,95,1,,2,1,,1200000,,2,2,,,,,,,,,,,,,,,76,623.476.265.372.434
583260,1,2,76,95,2,,,,,,,,1,2,,2,,,,,,6000000,2,1,2,,2,76,623.476.265.372.434
583260,1,3,76,95,2,,,,,,,,2,,,,,,,,,,,,,,,76,623.476.265.372.434
583261,1,1,76,95,2,,,,,,,,1,2,,2,,,,,,98,2,1,2,,2,76,565.289.799.246.196
583261,1,2,76,95,1,,2,1,,98,,2,1,2,,2,,,,,,98,2,1,2,,2,76,565.289.799.246.196
583262,1,1,76,95,1,,1,2,,,250000,2,2,,,,,,,,,,,,,,,76,659.954.349.532.976
583264,1,1,76,95,2,,,,,,,,1,2,,2,600000,,,,,98,2,1,1,,2,76,84.412.220.714.617
583264,1,2,76,95,2,,,,,,,,1,2,,2,,,,,,180000,2,1,2,,2,76,84.412.220.714.617
583265,1,1,76,95,1,,1,2,,,98,2,2,,,,,,,,,,,,,,,76,615.193.923.053.294
583265,1,2,76,95,2,,,,,,,,2,,,,,,,,,,,,,,,76,615.193.923.053.294
583265,1,3,76,95,1,,2,2,1500000,,,1,2,,,,,,,,,,,,,,,76,615.193.923.053.294
583266,1,1,76,95,2,,,,,,,,2,,,,,,,,,,,,,,,76,478.914.812.192.083
583266,1,2,76,95,2,,,,,,,,2,,,,,,,,,,,,,,,76,478.914.812.192.083
583266,1,3,76,95,2,,,,,,,,2,,,,,,,,,,,,,,,76,478.914.812.192.083
583266,1,4,76,95,2,,,,,,,,2,,,,,,,,,,,,,,,76,478.914.812.192.083
583266,1,5,76,95,2,,,,,,,,2,,,,,,,,,,,,,,,76,478.914.812.192.083
583267,1,1,76,95,2,,,,,,,,2,,,,,,,,,,,,,,,76,662.533.691.739.146
583267,1,2,76,95,2,,,,,,,,2,,,,,,,,,,,,,,,76,662.533.691.739.146
583268,1,1,76,95,2,,,,,,,,1,2,,2,6000000,,,,,,2,2,1,5000000,1,76,715.638.333.274.997
583269,1,1,76,95,2,,,,,,,,2,,,,,,,,,,,,,,,76,722.633.127.988.511
583270,1,1,76,95,2,,,,,,,,2,,,,,,,,,,,,,,,76,662.787.169.883.804
583270,1,2,76,95,2,,,,,,,,2,,,,,,,,,,,,,,,76,662.787.169.883.804
583270,1,3,76,95,2,,,,,,,,2,,,,,,,,,,,,,,,76,662.787.169.883.804
583271,1,1,76,95,1,,1,2,,,400000,2,2,,,,,,,,,,,,,,,76,695.724.842.923.484
583271,1,2,76,95,2,,,,,,,,2,,,,,,,,,,,,,,,76,695.724.842.923.484
583271,1,3,76,95,2,,,,,,,,2,,,,,,,,,,,,,,,76,695.724.842.923.484
583272,1,1,76,95,1,,2,1,,1400000,,2,2,,,,,,,,,,,,,,,76,634.279.665.525.466
583272,1,2,76,95,2,,,,,,,,2,,,,,,,,,,,,,,,76,634.279.665.525.466
583273,1,1,76,95,2,,,,,,,,1,2,,2,4800000,,,,,,2,2,1,,2,76,7.339.882.546.245
583274,1,1,76,95,1,,1,2,,,60000,2,2,,,,,,,,,,,,,,,76,889.302.269.985.987
583274,1,2,76,95,2,,,,,,,,2,,,,,,,,,,,,,,,76,889.302.269.985.987
583274,1,3,76,95,2,,,,,,,,2,,,,,,,,,,,,,,,76,889.302.269.985.987
583275,1,1,76,95,2,,,,,,,,2,,,,,,,,,,,,,,,76,672.220.874.629.591
583276,1,1,76,95,2,,,,,,,,2,,,,,,,,,,,,,,,76,909.925.356.934.054
583276,1,2,76,95,2,,,,,,,,2,,,,,,,,,,,,,,,76,909.925.356.934.054
583276,1,5,76,95,2,,,,,,,,1,2,,2,,,,,,240000,2,1,2,,2,76,909.925.356.934.054
583277,1,1,76,95,2,,,,,,,,2,,,,,,,,,,,,,,,76,740.956.221.891.962
583277,1,2,76,95,2,,,,,,,,2,,,,,,,,,,,,,,,76,740.956.221.891.962
583279,1,1,76,95,2,,,,,,,,2,,,,,,,,,,,,,,,76,715.638.333.274.997
583280,1,1,76,95,2,,,,,,,,2,,,,,,,,,,,,,,,76,749.512.973.524.703
583280,1,2,76,95,2,,,,,,,,1,2,,2,,,,,,4000000,2,1,2,,2,76,749.512.973.524.703
583280,1,3,76,95,2,,,,,,,,2,,,,,,,,,,,,,,,76,749.512.973.524.703
583280,1,4,76,95,2,,,,,,,,2,,,,,,,,,,,,,,,76,749.512.973.524.703
583281,1,1,76,95,2,,,,,,,,1,2,,2,98,,,,,,2,2,1,,2,76,913.370.443.231.911
583281,1,2,76,95,2,,,,,,,,1,2,,2,400000,,,,,,2,2,1,,2,76,913.370.443.231.911
583281,1,3,76,95,2,,,,,,,,2,,,,,,,,,,,,,,,76,913.370.443.231.911
583281,1,4,76,95,2,,,,,,,,2,,,,,,,,,,,,,,,76,913.370.443.231.911
583281,1,6,76,95,2,,,,,,,,2,,,,,,,,,,,,,,,76,913.370.443.231.911
583281,1,7,76,95,2,,,,,,,,1,2,,2,,,,,,,2,2,2,2000000,1,76,913.370.443.231.911
583281,1,9,76,95,2,,,,,,,,1,2,,2,200000,,,,,,2,2,1,,2,76,913.370.443.231.911
583283,1,1,76,95,1,,1,2,,,220000,2,1,2,,2,,,,240000,,1200000,1,1,2,,2,76,773.514.139.842.158
583283,1,2,76,95,2,,,,,,,,2,,,,,,,,,,,,,,,76,773.514.139.842.158
583283,2,1,76,95,2,,,,,,,,2,,,,,,,,,,,,,,,76,773.514.139.842.158
583283,2,2,76,95,2,,,,,,,,1,2,,2,,,,,,,2,2,2,200000,1,76,773.514.139.842.158
583284,1,1,76,95,2,,,,,,,,2,,,,,,,,,,,,,,,76,675.535.623.074.808
583284,1,2,76,95,2,,,,,,,,2,,,,,,,,,,,,,,,76,675.535.623.074.808
583285,1,1,76,95,2,,,,,,,,2,,,,,,,,,,,,,,,76,705.284.527.047.261
583285,1,2,76,95,2,,,,,,,,1,2,,1,,,70000,,,,2,2,2,,2,76,705.284.527.047.261
583285,1,3,76,95,2,,,,,,,,1,2,,2,30000,,,,,,2,2,1,,2,76,705.284.527.047.261
583285,1,5,76,95,2,,,,,,,,2,,,,,,,,,,,,,,,76,705.284.527.047.261
583285,2,1,76,95,2,,,,,,,,2,,,,,,,,,,,,,,,76,705.284.527.047.261
583285,2,2,76,95,2,,,,,,,,2,,,,,,,,,,,,,,,76,705.284.527.047.261
583286,1,1,76,95,2,,,,,,,,2,,,,,,,,,,,,,,,76,708.842.300.207.837
583286,1,2,76,95,1,,2,1,,800000,,2,2,,,,,,,,,,,,,,,76,708.842.300.207.837
583286,1,3,76,95,2,,,,,,,,1,2,,2,,,,,,920000,2,1,2,,2,76,708.842.300.207.837
583286,1,4,76,95,2,,,,,,,,1,2,,2,,,,,,920000,2,1,2,,2,76,708.842.300.207.837
583286,1,5,76,95,2,,,,,,,,1,2,,2,,,,,,920000,2,1,2,,2,76,708.842.300.207.837
583286,1,7,76,95,1,,2,1,,800000,,2,2,,,,,,,,,,,,,,,76,708.842.300.207.837
583287,1,1,76,95,2,,,,,,,,2,,,,,,,,,,,,,,,76,662.533.691.739.146
583287,1,2,76,95,2,,,,,,,,2,,,,,,,,,,,,,,,76,662.533.691.739.146
583288,1,1,76,95,1,,2,1,,460000,,2,2,,,,,,,,,,,,,,,76,792.400.630.220.884
583288,1,2,76,95,2,,,,,,,,2,,,,,,,,,,,,,,,76,792.400.630.220.884
583288,1,3,76,95,2,,,,,,,,2,,,,,,,,,,,,,,,76,792.400.630.220.884
583288,1,4,76,95,2,,,,,,,,1,2,,2,,,,,,118000,2,1,2,,2,76,792.400.630.220.884
583288,1,5,76,95,2,,,,,,,,1,2,,2,400000,,,,,600000,2,1,1,,2,76,792.400.630.220.884
583289,1,1,76,95,2,,,,,,,,2,,,,,,,,,,,,,,,76,759.504.533.379.839
583289,1,2,76,95,2,,,,,,,,2,,,,,,,,,,,,,,,76,759.504.533.379.839
583289,1,3,76,95,2,,,,,,,,2,,,,,,,,,,,,,,,76,759.504.533.379.839
583289,2,1,76,95,2,,,,,,,,1,2,,2,,,,,,,2,2,2,400000,1,76,759.504.533.379.839
583290,1,1,76,95,2,,,,,,,,2,,,,,,,,,,,,,,,76,776.662.425.290.462
583290,1,2,76,95,2,,,,,,,,2,,,,,,,,,,,,,,,76,776.662.425.290.462
583291,1,1,76,95,2,,,,,,,,2,,,,,,,,,,,,,,,76,691.340.656.655.964
583291,1,2,76,95,2,,,,,,,,2,,,,,,,,,,,,,,,76,691.340.656.655.964
583292,1,1,76,95,2,,,,,,,,2,,,,,,,,,,,,,,,76,821.952.593.742.939
583292,1,2,76,95,2,,,,,,,,2,,,,,,,,,,,,,,,76,821.952.593.742.939
583293,1,1,76,95,2,,,,,,,,1,2,,2,,,,,,480000,2,1,2,,2,76,765.874.070.032.167
583293,2,1,76,95,2,,,,,,,,2,,,,,,,,,,,,,,,76,765.874.070.032.167
583294,1,1,76,95,2,,,,,,,,1,2,,2,6000000,,,,,6000000,2,1,1,,2,76,615.956.571.622.015
583295,1,1,76,95,2,,,,,,,,1,2,,1,2000000,,1200000,,,,2,2,1,,2,76,669.925.051.307.062
583295,1,2,76,95,2,,,,,,,,1,2,,1,,,3000000,,,,2,2,2,,2,76,669.925.051.307.062
583295,1,4,76,95,2,,,,,,,,2,,,,,,,,,,,,,,,76,669.925.051.307.062
583296,1,1,76,95,1,,1,2,,,98,2,1,2,,2,,,,,,,2,2,2,98,1,76,627.284.870.811.953
583296,1,2,76,95,2,,,,,,,,2,,,,,,,,,,,,,,,76,627.284.870.811.953
583297,1,1,76,95,2,,,,,,,,1,2,,1,,,98,2000000,,,1,2,2,,2,76,688.840.439.644.884
583297,1,2,76,95,2,,,,,,,,1,2,,2,1000000,,,,,1600000,2,1,1,,2,76,688.840.439.644.884
583297,1,3,76,95,2,,,,,,,,2,,,,,,,,,,,,,,,76,688.840.439.644.884
583297,1,4,76,95,2,,,,,,,,2,,,,,,,,,,,,,,,76,688.840.439.644.884
583299,1,1,76,95,2,,,,,,,,2,,,,,,,,,,,,,,,76,688.840.439.644.884
583299,1,2,76,95,2,,,,,,,,2,,,,,,,,,,,,,,,76,688.840.439.644.884
583299,1,3,76,95,2,,,,,,,,2,,,,,,,,,,,,,,,76,688.840.439.644.884
583299,1,4,76,95,2,,,,,,,,2,,,,,,,,,,,,,,,76,688.840.439.644.884
583300,1,1,76,95,2,,,,,,,,2,,,,,,,,,,,,,,,76,662.533.691.739.146
583300,1,2,76,95,2,,,,,,,,2,,,,,,,,,,,,,,,76,662.533.691.739.146
583301,1,1,76,95,2,,,,,,,,1,2,,2,,,,,,1000000,2,1,2,,2,76,71.404.173.467.481
583301,1,2,76,95,2,,,,,,,,1,2,,2,600000,,,,,,2,2,1,,2,76,71.404.173.467.481
583301,1,3,76,95,2,,,,,,,,1,2,,2,200000,,,,,,2,2,1,,2,76,71.404.173.467.481
583301,1,4,76,95,2,,,,,,,,2,,,,,,,,,,,,,,,76,71.404.173.467.481
583302,1,1,76,95,2,,,,,,,,2,,,,,,,,,,,,,,,76,661.777.314.307.792
583302,1,2,76,95,1,,1,2,,,120000,2,2,,,,,,,,,,,,,,,76,661.777.314.307.792
583302,1,3,76,95,2,,,,,,,,2,,,,,,,,,,,,,,,76,661.777.314.307.792
583302,1,6,76,95,1,,1,1,,379000,200000,2,2,,,,,,,,,,,,,,,76,661.777.314.307.792
583303,1,1,76,95,2,,,,,,,,2,,,,,,,,,,,,,,,76,888.396.256.924.365
583303,1,2,76,95,2,,,,,,,,1,2,,1,,,52000,,,,2,2,2,,2,76,888.396.256.924.365
583303,1,3,76,95,2,,,,,,,,2,,,,,,,,,,,,,,,76,888.396.256.924.365
583303,1,5,76,95,2,,,,,,,,2,,,,,,,,,,,,,,,76,888.396.256.924.365
583304,1,1,76,95,2,,,,,,,,2,,,,,,,,,,,,,,,76,734.020.236.255.948
583304,1,2,76,95,2,,,,,,,,1,2,,2,,,,,,,2,2,2,1300000,1,76,734.020.236.255.948
583304,1,3,76,95,2,,,,,,,,2,,,,,,,,,,,,,,,76,734.020.236.255.948
583305,1,1,76,95,2,,,,,,,,1,2,,2,,,,,,6000000,2,1,2,,2,76,745.427.961.557.854
583305,1,2,76,95,2,,,,,,,,2,,,,,,,,,,,,,,,76,745.427.961.557.854
583305,1,3,76,95,2,,,,,,,,2,,,,,,,,,,,,,,,76,745.427.961.557.854
583305,1,4,76,95,2,,,,,,,,1,2,,2,,,,,,2750000,2,1,2,,2,76,745.427.961.557.854
583306,1,1,76,95,2,,,,,,,,2,,,,,,,,,,,,,,,76,749.239.997.841.159
583306,1,2,76,95,2,,,,,,,,2,,,,,,,,,,,,,,,76,749.239.997.841.159
583306,1,3,76,95,2,,,,,,,,2,,,,,,,,,,,,,,,76,749.239.997.841.159
583307,1,1,76,95,2,,,,,,,,1,2,,2,,,,,,98,2,1,2,,2,76,626.943.929.180.162
583307,1,2,76,95,2,,,,,,,,2,,,,,,,,,,,,,,,76,626.943.929.180.162
583307,1,3,76,95,2,,,,,,,,2,,,,,,,,,,,,,,,76,626.943.929.180.162
583307,1,4,76,95,2,,,,,,,,2,,,,,,,,,,,,,,,76,626.943.929.180.162
583308,1,1,76,95,1,,1,2,,,370000,2,1,2,,2,,,,,,5000000,2,1,2,,2,76,565.289.799.246.196
583308,1,2,76,95,2,,,,,,,,2,,,,,,,,,,,,,,,76,565.289.799.246.196
583309,1,1,76,95,2,,,,,,,,1,2,,2,,,,,,3600000,2,1,2,,2,76,644.210.597.835.696
583310,1,1,76,95,2,,,,,,,,2,,,,,,,,,,,,,,,76,806.872.122.647.369
583310,1,2,76,95,2,,,,,,,,2,,,,,,,,,,,,,,,76,806.872.122.647.369
583310,1,3,76,95,2,,,,,,,,2,,,,,,,,,,,,,,,76,806.872.122.647.369
583310,1,4,76,95,2,,,,,,,,2,,,,,,,,,,,,,,,76,806.872.122.647.369
583311,1,1,76,95,2,,,,,,,,2,,,,,,,,,,,,,,,76,699.053.392.537.893
583311,1,2,76,95,2,,,,,,,,2,,,,,,,,,,,,,,,76,699.053.392.537.893
583311,1,3,76,95,2,,,,,,,,2,,,,,,,,,,,,,,,76,699.053.392.537.893
583312,1,1,76,95,2,,,,,,,,2,,,,,,,,,,,,,,,76,753.779.072.420.467
583312,1,2,76,95,2,,,,,,,,2,,,,,,,,,,,,,,,76,753.779.072.420.467
583312,1,3,76,95,2,,,,,,,,2,,,,,,,,,,,,,,,76,753.779.072.420.467
583312,1,4,76,95,2,,,,,,,,2,,,,,,,,,,,,,,,76,753.779.072.420.467
583313,1,1,76,95,2,,,,,,,,2,,,,,,,,,,,,,,,76,718.791.221.960.643
583313,1,2,76,95,2,,,,,,,,2,,,,,,,,,,,,,,,76,718.791.221.960.643
583313,1,3,76,95,2,,,,,,,,2,,,,,,,,,,,,,,,76,718.791.221.960.643
583313,1,4,76,95,2,,,,,,,,2,,,,,,,,,,,,,,,76,718.791.221.960.643
583314,1,1,76,95,2,,,,,,,,1,2,,2,6000000,,,,,,2,2,1,,2,76,558.449.324.365.959
583314,1,2,76,95,2,,,,,,,,1,2,,2,6000000,,,,,,2,2,1,,2,76,558.449.324.365.959
583314,1,4,76,95,2,,,,,,,,2,,,,,,,,,,,,,,,76,558.449.324.365.959
583314,1,5,76,95,2,,,,,,,,2,,,,,,,,,,,,,,,76,558.449.324.365.959
583315,1,1,76,95,2,,,,,,,,2,,,,,,,,,,,,,,,76,892.421.253.188.184
583315,1,2,76,95,2,,,,,,,,2,,,,,,,,,,,,,,,76,892.421.253.188.184
583315,1,3,76,95,2,,,,,,,,2,,,,,,,,,,,,,,,76,892.421.253.188.184
583315,1,4,76,95,2,,,,,,,,2,,,,,,,,,,,,,,,76,892.421.253.188.184
583315,1,6,76,95,2,,,,,,,,2,,,,,,,,,,,,,,,76,892.421.253.188.184
583316,1,1,76,95,2,,,,,,,,2,,,,,,,,,,,,,,,76,655.517.241.563.014
583316,1,2,76,95,2,,,,,,,,1,2,,2,2400000,,,,,,2,2,1,,2,76,655.517.241.563.014
583316,1,3,76,95,2,,,,,,,,2,,,,,,,,,,,,,,,76,655.517.241.563.014
583316,1,4,76,95,2,,,,,,,,2,,,,,,,,,,,,,,,76,655.517.241.563.014
583316,1,5,76,95,2,,,,,,,,2,,,,,,,,,,,,,,,76,655.517.241.563.014
583316,1,6,76,95,2,,,,,,,,2,,,,,,,,,,,,,,,76,655.517.241.563.014
583317,1,1,76,95,2,,,,,,,,1,2,,2,8400000,,,,,,2,2,1,,2,76,705.522.041.425.742
583318,1,1,76,95,1,,1,2,,,100000,2,2,,,,,,,,,,,,,,,76,816.689.246.958.452
583319,1,1,76,95,1,,1,2,,,700000,2,2,,,,,,,,,,,,,,,76,605.177.363.518.145
583319,1,2,76,95,2,,,,,,,,2,,,,,,,,,,,,,,,76,605.177.363.518.145
583319,1,3,76,95,2,,,,,,,,2,,,,,,,,,,,,,,,76,605.177.363.518.145
583319,1,4,76,95,2,,,,,,,,2,,,,,,,,,,,,,,,76,605.177.363.518.145
583319,1,5,76,95,2,,,,,,,,2,,,,,,,,,,,,,,,76,605.177.363.518.145
583319,1,6,76,95,2,,,,,,,,2,,,,,,,,,,,,,,,76,605.177.363.518.145
583319,1,7,76,95,2,,,,,,,,2,,,,,,,,,,,,,,,76,605.177.363.518.145
583320,1,1,76,95,2,,,,,,,,2,,,,,,,,,,,,,,,76,689.093.917.789.541
583320,1,2,76,95,2,,,,,,,,2,,,,,,,,,,,,,,,76,689.093.917.789.541
583320,1,3,76,95,2,,,,,,,,2,,,,,,,,,,,,,,,76,689.093.917.789.541
583320,1,4,76,95,2,,,,,,,,2,,,,,,,,,,,,,,,76,689.093.917.789.541
583320,1,5,76,95,2,,,,,,,,1,2,,2,,,,,,1800000,2,1,2,,2,76,689.093.917.789.541
583321,1,1,76,95,1,,2,1,,1500000,,2,2,,,,,,,,,,,,,,,76,627.284.870.811.953
583321,1,2,76,95,1,,2,1,,500000,,2,2,,,,,,,,,,,,,,,76,627.284.870.811.953
583322,1,1,76,95,2,,,,,,,,2,,,,,,,,,,,,,,,76,68.394.733.600.892
583322,1,2,76,95,2,,,,,,,,2,,,,,,,,,,,,,,,76,68.394.733.600.892
583324,1,1,76,95,2,,,,,,,,2,,,,,,,,,,,,,,,76,670.517.345.741.433
583324,2,1,76,95,2,,,,,,,,2,,,,,,,,,,,,,,,76,670.517.345.741.433
583324,2,2,76,95,2,,,,,,,,2,,,,,,,,,,,,,,,76,670.517.345.741.433
583325,1,1,76,95,2,,,,,,,,2,,,,,,,,,,,,,,,76,644.210.597.835.696
583326,1,1,76,95,2,,,,,,,,1,2,,2,,,,4000000,,1000000,1,1,2,,2,76,644.210.597.835.696
583328,1,1,76,95,2,,,,,,,,2,,,,,,,,,,,,,,,76,644.210.597.835.696
583329,1,1,76,95,2,,,,,,,,1,2,,2,1000000,,,3000000,,,1,2,1,,2,76,832.671.914.263.792
583329,1,2,76,95,2,,,,,,,,2,,,,,,,,,,,,,,,76,832.671.914.263.792
583329,1,3,76,95,2,,,,,,,,2,,,,,,,,,,,,,,,76,832.671.914.263.792
583329,1,4,76,95,2,,,,,,,,2,,,,,,,,,,,,,,,76,832.671.914.263.792
583330,1,1,76,95,2,,,,,,,,2,,,,,,,,,,,,,,,76,787.703.256.164.889
583330,1,2,76,95,2,,,,,,,,2,,,,,,,,,,,,,,,76,787.703.256.164.889
583332,1,1,76,95,2,,,,,,,,2,,,,,,,,,,,,,,,76,803.273.693.146.918
583332,1,2,76,95,2,,,,,,,,2,,,,,,,,,,,,,,,76,803.273.693.146.918
583332,1,5,76,95,2,,,,,,,,2,,,,,,,,,,,,,,,76,803.273.693.146.918
583333,1,1,76,95,2,,,,,,,,1,2,,2,,,,,,40000,2,1,2,,2,76,101.092.168.996.213
583333,1,2,76,95,2,,,,,,,,2,,,,,,,,,,,,,,,76,101.092.168.996.213
583336,1,1,76,95,2,,,,,,,,2,,,,,,,,,,,,,,,76,780.818.852.886.289
583336,1,2,76,95,1,,1,2,,,450000,2,2,,,,,,,,,,,,,,,76,780.818.852.886.289
583336,1,3,76,95,2,,,,,,,,2,,,,,,,,,,,,,,,76,780.818.852.886.289
583337,1,1,76,95,2,,,,,,,,2,,,,,,,,,,,,,,,76,684.200.814.153.577
583337,1,2,76,95,2,,,,,,,,1,2,,2,2000000,,,,,,2,2,1,,2,76,684.200.814.153.577
583337,1,3,76,95,2,,,,,,,,2,,,,,,,,,,,,,,,76,684.200.814.153.577
583338,1,1,76,95,2,,,,,,,,2,,,,,,,,,,,,,,,76,644.464.075.980.353
583338,1,2,76,95,2,,,,,,,,2,,,,,,,,,,,,,,,76,644.464.075.980.353
583339,1,1,76,95,2,,,,,,,,2,,,,,,,,,,,,,,,76,627.284.870.811.953
583339,1,2,76,95,2,,,,,,,,2,,,,,,,,,,,,,,,76,627.284.870.811.953
583340,1,1,76,95,1,,1,1,,2000000,1000000,2,1,2,,2,,,,,,6000000,2,1,2,,2,76,567.185.434.562.589
583340,1,2,76,95,1,,1,1,,379500,600000,2,2,,,,,,,,,,,,,,,76,567.185.434.562.589
583340,1,3,76,95,2,,,,,,,,2,,,,,,,,,,,,,,,76,567.185.434.562.589
583341,1,1,76,95,1,,2,1,,350000,,2,2,,,,,,,,,,,,,,,76,615.956.571.622.015
583342,1,1,76,95,1,,2,1,,98,,2,2,,,,,,,,,,,,,,,76,634.279.665.525.466
583342,1,2,76,95,2,,,,,,,,2,,,,,,,,,,,,,,,76,634.279.665.525.466
583343,1,1,76,95,2,,,,,,,,2,,,,,,,,,,,,,,,76,754.969.263.868.902
583343,1,2,76,95,2,,,,,,,,2,,,,,,,,,,,,,,,76,754.969.263.868.902
583343,1,3,76,95,2,,,,,,,,2,,,,,,,,,,,,,,,76,754.969.263.868.902
583343,1,4,76,95,2,,,,,,,,2,,,,,,,,,,,,,,,76,754.969.263.868.902
583343,1,5,76,95,2,,,,,,,,2,,,,,,,,,,,,,,,76,754.969.263.868.902
583344,1,1,76,95,2,,,,,,,,1,2,,2,,,,,,7200000,2,1,2,,2,76,76.224.228.083.818
583345,1,1,76,95,2,,,,,,,,2,,,,,,,,,,,,,,,76,644.210.597.835.696
583346,1,1,76,95,1,,2,1,,561000,,2,2,,,,,,,,,,,,,,,76,688.586.961.500.226
583346,1,2,76,95,2,,,,,,,,2,,,,,,,,,,,,,,,76,688.586.961.500.226
583346,1,3,76,95,2,,,,,,,,2,,,,,,,,,,,,,,,76,688.586.961.500.226
583347,1,1,76,95,2,,,,,,,,2,,,,,,,,,,,,,,,76,79.914.194.678.974
583347,1,2,76,95,2,,,,,,,,2,,,,,,,,,,,,,,,76,79.914.194.678.974
583347,1,3,76,95,2,,,,,,,,2,,,,,,,,,,,,,,,76,79.914.194.678.974
583347,1,4,76,95,2,,,,,,,,1,2,,2,,,,,,200000,2,1,2,,2,76,79.914.194.678.974
583348,1,1,76,95,2,,,,,,,,2,,,,,,,,,,,,,,,76,807.899.225.918.647
583348,1,2,76,95,2,,,,,,,,2,,,,,,,,,,,,,,,76,807.899.225.918.647
583348,1,3,76,95,2,,,,,,,,2,,,,,,,,,,,,,,,76,807.899.225.918.647
583348,1,4,76,95,2,,,,,,,,2,,,,,,,,,,,,,,,76,807.899.225.918.647
583349,1,1,76,95,2,,,,,,,,1,2,,2,,,,,,18000000,2,1,2,,2,76,737.111.593.939.712
583349,1,2,76,95,2,,,,,,,,2,,,,,,,,,,,,,,,76,737.111.593.939.712
583349,1,3,76,95,2,,,,,,,,2,,,,,,,,,,,,,,,76,737.111.593.939.712
583349,1,4,76,95,2,,,,,,,,2,,,,,,,,,,,,,,,76,737.111.593.939.712
583350,1,1,76,95,2,,,,,,,,2,,,,,,,,,,,,,,,76,892.366.634.209.624
583350,1,2,76,95,2,,,,,,,,2,,,,,,,,,,,,,,,76,892.366.634.209.624
583350,1,3,76,95,2,,,,,,,,2,,,,,,,,,,,,,,,76,892.366.634.209.624
583351,1,1,76,95,2,,,,,,,,2,,,,,,,,,,,,,,,76,641.399.510.496.563
583351,1,4,76,95,2,,,,,,,,2,,,,,,,,,,,,,,,76,641.399.510.496.563
583352,1,1,76,95,2,,,,,,,,2,,,,,,,,,,,,,,,76,74.563.556.611.928
583352,1,2,76,95,2,,,,,,,,1,2,,2,,,,200000,,,1,2,2,,2,76,74.563.556.611.928
583352,1,3,76,95,2,,,,,,,,2,,,,,,,,,,,,,,,76,74.563.556.611.928
583353,1,1,76,95,1,,2,1,,639000,,2,2,,,,,,,,,,,,,,,76,567.185.434.562.589
583353,1,2,76,95,1,,2,1,,736000,,2,2,,,,,,,,,,,,,,,76,567.185.434.562.589
583353,1,3,76,95,2,,,,,,,,2,,,,,,,,,,,,,,,76,567.185.434.562.589
583354,1,1,76,95,2,,,,,,,,2,,,,,,,,,,,,,,,76,707.163.533.548.335
583354,1,2,76,95,2,,,,,,,,2,,,,,,,,,,,,,,,76,707.163.533.548.335
583354,1,3,76,95,2,,,,,,,,2,,,,,,,,,,,,,,,76,707.163.533.548.335
583354,1,4,76,95,2,,,,,,,,2,,,,,,,,,,,,,,,76,707.163.533.548.335
583354,1,5,76,95,1,,1,2,,,400000,2,2,,,,,,,,,,,,,,,76,707.163.533.548.335
583356,1,1,76,95,1,,1,2,,,1800000,2,2,,,,,,,,,,,,,,,76,527.603.109.158.971
583356,1,2,76,95,2,,,,,,,,2,,,,,,,,,,,,,,,76,527.603.109.158.971
583357,1,1,76,95,1,,1,2,,,98,2,2,,,,,,,,,,,,,,,76,645.607.964.715.404
583357,1,2,76,95,2,,,,,,,,2,,,,,,,,,,,,,,,76,645.607.964.715.404
583357,1,3,76,95,2,,,,,,,,2,,,,,,,,,,,,,,,76,645.607.964.715.404
583358,1,1,76,95,1,,2,1,,1300000,,2,2,,,,,,,,,,,,,,,76,569.785.455.881.207
583358,1,2,76,95,2,,,,,,,,2,,,,,,,,,,,,,,,76,569.785.455.881.207
583358,1,3,76,95,2,,,,,,,,2,,,,,,,,,,,,,,,76,569.785.455.881.207
583358,1,4,76,95,1,,1,2,,,190000,2,2,,,,,,,,,,,,,,,76,569.785.455.881.207
583358,1,5,76,95,2,,,,,,,,2,,,,,,,,,,,,,,,76,569.785.455.881.207
583358,1,6,76,95,2,,,,,,,,2,,,,,,,,,,,,,,,76,569.785.455.881.207
583358,1,7,76,95,2,,,,,,,,2,,,,,,,,,,,,,,,76,569.785.455.881.207
583359,1,1,76,95,2,,,,,,,,2,,,,,,,,,,,,,,,76,662.533.691.739.146
583359,1,2,76,95,2,,,,,,,,2,,,,,,,,,,,,,,,76,662.533.691.739.146
583361,1,1,76,95,2,,,,,,,,1,2,,2,,,,98,,,1,2,2,,2,76,898.597.057.744.117
583361,1,2,76,95,2,,,,,,,,2,,,,,,,,,,,,,,,76,898.597.057.744.117
583362,1,1,76,95,2,,,,,,,,2,,,,,,,,,,,,,,,76,704.563.512.229.717
583363,1,1,76,95,2,,,,,,,,2,,,,,,,,,,,,,,,76,722.633.127.988.511
583364,1,1,76,95,2,,,,,,,,1,2,,2,500000,,,,,,2,2,1,,2,76,688.840.439.644.884
583364,1,2,76,95,2,,,,,,,,2,,,,,,,,,,,,,,,76,688.840.439.644.884
583364,1,3,76,95,2,,,,,,,,2,,,,,,,,,,,,,,,76,688.840.439.644.884
583364,1,4,76,95,2,,,,,,,,2,,,,,,,,,,,,,,,76,688.840.439.644.884
583365,1,1,76,95,1,,2,1,,700000,,2,2,,,,,,,,,,,,,,,76,714.640.231.261.306
583365,1,2,76,95,2,,,,,,,,2,,,,,,,,,,,,,,,76,714.640.231.261.306
583365,1,3,76,95,2,,,,,,,,2,,,,,,,,,,,,,,,76,714.640.231.261.306
583365,1,4,76,95,2,,,,,,,,2,,,,,,,,,,,,,,,76,714.640.231.261.306
583367,1,1,76,95,2,,,,,,,,2,,,,,,,,,,,,,,,76,795.116.093.983.533
583367,1,2,76,95,2,,,,,,,,2,,,,,,,,,,,,,,,76,795.116.093.983.533
583367,1,3,76,95,2,,,,,,,,2,,,,,,,,,,,,,,,76,795.116.093.983.533
583368,1,1,76,95,2,,,,,,,,1,2,,2,3600000,,,,,,2,2,1,,2,76,733.727.367.323.084
583368,1,2,76,95,2,,,,,,,,2,,,,,,,,,,,,,,,76,733.727.367.323.084
583369,1,1,76,95,2,,,,,,,,2,,,,,,,,,,,,,,,76,878.136.046.584.336
583369,1,2,76,95,2,,,,,,,,2,,,,,,,,,,,,,,,76,878.136.046.584.336
583371,1,1,76,95,1,,1,2,,,230000,2,1,2,,2,300000,,,,,,2,2,1,,2,76,724.736.922.565.158
583372,1,1,76,95,2,,,,,,,,2,,,,,,,,,,,,,,,76,6.398.158.244.408
583372,1,2,76,95,2,,,,,,,,2,,,,,,,,,,,,,,,76,6.398.158.244.408
583372,1,3,76,95,2,,,,,,,,2,,,,,,,,,,,,,,,76,6.398.158.244.408
583372,1,4,76,95,2,,,,,,,,2,,,,,,,,,,,,,,,76,6.398.158.244.408
583372,1,5,76,95,2,,,,,,,,2,,,,,,,,,,,,,,,76,6.398.158.244.408
583373,1,1,76,95,2,,,,,,,,2,,,,,,,,,,,,,,,76,653.338.140.573.033
583373,1,2,76,95,1,,2,1,,380000,,2,2,,,,,,,,,,,,,,,76,653.338.140.573.033
583373,1,3,76,95,2,,,,,,,,2,,,,,,,,,,,,,,,76,653.338.140.573.033
583374,1,1,76,95,1,,2,1,,900000,,2,2,,,,,,,,,,,,,,,76,627.284.870.811.953
583374,1,2,76,95,2,,,,,,,,2,,,,,,,,,,,,,,,76,627.284.870.811.953
583375,1,1,76,95,1,,1,1,,2400000,750000,2,1,2,,2,,,,145000000,,,1,2,2,,2,76,567.185.434.562.589
583375,1,2,76,95,2,,,,,,,,2,,,,,,,,,,,,,,,76,567.185.434.562.589
583375,1,3,76,95,2,,,,,,,,2,,,,,,,,,,,,,,,76,567.185.434.562.589
583379,1,1,76,95,2,,,,,,,,1,2,,2,,,,,,2400000,2,1,2,,2,76,769.380.162.261.438
583380,1,1,76,95,2,,,,,,,,2,,,,,,,,,,,,,,,76,780.565.374.741.632
583380,1,2,76,95,2,,,,,,,,2,,,,,,,,,,,,,,,76,780.565.374.741.632
583382,1,1,76,95,2,,,,,,,,2,,,,,,,,,,,,,,,76,681.110.263.787.255
583382,1,2,76,95,2,,,,,,,,2,,,,,,,,,,,,,,,76,681.110.263.787.255
583382,1,3,76,95,2,,,,,,,,2,,,,,,,,,,,,,,,76,681.110.263.787.255
583382,1,4,76,95,2,,,,,,,,2,,,,,,,,,,,,,,,76,681.110.263.787.255
583383,1,1,76,95,1,,2,1,,780000,,2,2,,,,,,,,,,,,,,,76,645.607.964.715.404
583383,1,2,76,95,2,,,,,,,,2,,,,,,,,,,,,,,,76,645.607.964.715.404
583383,1,3,76,95,2,,,,,,,,2,,,,,,,,,,,,,,,76,645.607.964.715.404
583385,1,1,76,95,2,,,,,,,,2,,,,,,,,,,,,,,,76,644.210.597.835.696
583386,1,1,76,95,2,,,,,,,,2,,,,,,,,,,,,,,,76,662.533.691.739.146
583386,1,2,76,95,2,,,,,,,,2,,,,,,,,,,,,,,,76,662.533.691.739.146
583387,1,1,76,95,2,,,,,,,,2,,,,,,,,,,,,,,,76,892.076.944.177.221
583387,1,2,76,95,2,,,,,,,,2,,,,,,,,,,,,,,,76,892.076.944.177.221
583388,1,1,76,95,1,,2,1,,540000,,2,2,,,,,,,,,,,,,,,76,5.341.978.186.643
583388,1,2,76,95,1,,2,1,,470000,,2,2,,,,,,,,,,,,,,,76,5.341.978.186.643
583388,1,3,76,95,2,,,,,,,,2,,,,,,,,,,,,,,,76,5.341.978.186.643
583388,1,4,76,95,2,,,,,,,,2,,,,,,,,,,,,,,,76,5.341.978.186.643
583388,1,5,76,95,2,,,,,,,,2,,,,,,,,,,,,,,,76,5.341.978.186.643
583388,1,6,76,95,2,,,,,,,,2,,,,,,,,,,,,,,,76,5.341.978.186.643
583388,1,7,76,95,2,,,,,,,,2,,,,,,,,,,,,,,,76,5.341.978.186.643
583388,1,8,76,95,2,,,,,,,,2,,,,,,,,,,,,,,,76,5.341.978.186.643
583389,1,1,76,95,2,,,,,,,,2,,,,,,,,,,,,,,,76,74.535.040.320.654
583389,1,2,76,95,2,,,,,,,,2,,,,,,,,,,,,,,,76,74.535.040.320.654
583390,1,1,76,95,2,,,,,,,,1,2,,2,6500000,,,,,,2,2,1,,2,76,754.046.851.046.372
583390,1,2,76,95,2,,,,,,,,1,2,,2,,,,,,450000,2,1,2,,2,76,754.046.851.046.372
583391,1,1,76,95,2,,,,,,,,2,,,,,,,,,,,,,,,76,10.189.518.065.633
583391,1,2,76,95,2,,,,,,,,2,,,,,,,,,,,,,,,76,10.189.518.065.633
583408,1,1,17,95,2,,,,,,,,2,,,,,,,,,,,,,,,17,13.220.887.072.414
583408,1,2,17,95,2,,,,,,,,2,,,,,,,,,,,,,,,17,13.220.887.072.414
583408,1,3,17,95,2,,,,,,,,2,,,,,,,,,,,,,,,17,13.220.887.072.414
583408,1,4,17,95,2,,,,,,,,2,,,,,,,,,,,,,,,17,13.220.887.072.414
583473,1,1,68,95,1,,1,2,,,98,2,2,,,,,,,,,,,,,,,68,45.678.510.298.117
583473,1,2,68,95,2,,,,,,,,2,,,,,,,,,,,,,,,68,45.678.510.298.117
583474,2,1,68,95,1,,2,1,,150000,,2,2,,,,,,,,,,,,,,,68,30.407.670.903.542
583474,2,2,68,95,2,,,,,,,,2,,,,,,,,,,,,,,,68,30.407.670.903.542
583474,2,3,68,95,2,,,,,,,,2,,,,,,,,,,,,,,,68,30.407.670.903.542
583474,3,1,68,95,1,,2,1,,758000,,2,2,,,,,,,,,,,,,,,68,30.407.670.903.542
583480,1,1,76,95,2,,,,,,,,1,2,,2,600000,,,,,,2,2,1,,2,76,729.507.491.554.654
583480,1,2,76,95,2,,,,,,,,2,,,,,,,,,,,,,,,76,729.507.491.554.654
583482,1,1,76,95,2,,,,,,,,2,,,,,,,,,,,,,,,76,73.457.024.174.649
583482,1,2,76,95,2,,,,,,,,2,,,,,,,,,,,,,,,76,73.457.024.174.649
583482,2,1,76,95,2,,,,,,,,2,,,,,,,,,,,,,,,76,73.457.024.174.649
583482,3,1,76,95,2,,,,,,,,2,,,,,,,,,,,,,,,76,73.457.024.174.649
583482,3,2,76,95,2,,,,,,,,2,,,,,,,,,,,,,,,76,73.457.024.174.649
583485,1,1,76,95,2,,,,,,,,2,,,,,,,,,,,,,,,76,720.465.938.492.267
583485,1,2,76,95,2,,,,,,,,2,,,,,,,,,,,,,,,76,720.465.938.492.267
583485,1,4,76,95,2,,,,,,,,2,,,,,,,,,,,,,,,76,720.465.938.492.267
583494,1,1,8,95,2,,,,,,,,2,,,,,,,,,,,,,,,8,542.894.043.656.697
583494,1,2,8,95,2,,,,,,,,2,,,,,,,,,,,,,,,8,542.894.043.656.697
583494,1,5,8,95,2,,,,,,,,2,,,,,,,,,,,,,,,8,542.894.043.656.697
583495,1,1,8,95,2,,,,,,,,2,,,,,,,,,,,,,,,8,420.996.726.831.158
583495,1,2,8,95,2,,,,,,,,2,,,,,,,,,,,,,,,8,420.996.726.831.158
583495,1,3,8,95,2,,,,,,,,2,,,,,,,,,,,,,,,8,420.996.726.831.158
583495,1,4,8,95,1,,2,1,,850000,,2,2,,,,,,,,,,,,,,,8,420.996.726.831.158
583495,1,5,8,95,1,,2,1,,550000,,2,2,,,,,,,,,,,,,,,8,420.996.726.831.158
583496,1,1,8,95,2,,,,,,,,2,,,,,,,,,,,,,,,8,58.557.143.191.569
583496,1,2,8,95,2,,,,,,,,2,,,,,,,,,,,,,,,8,58.557.143.191.569
583496,1,3,8,95,2,,,,,,,,2,,,,,,,,,,,,,,,8,58.557.143.191.569
583496,1,4,8,95,2,,,,,,,,2,,,,,,,,,,,,,,,8,58.557.143.191.569
583496,1,5,8,95,2,,,,,,,,2,,,,,,,,,,,,,,,8,58.557.143.191.569
583497,1,1,8,95,2,,,,,,,,2,,,,,,,,,,,,,,,8,479.461.804.012.245
583497,1,2,8,95,2,,,,,,,,2,,,,,,,,,,,,,,,8,479.461.804.012.245
583498,1,1,8,95,2,,,,,,,,2,,,,,,,,,,,,,,,8,4.505.723.284.484
583498,1,2,8,95,2,,,,,,,,2,,,,,,,,,,,,,,,8,4.505.723.284.484
583498,1,5,8,95,2,,,,,,,,2,,,,,,,,,,,,,,,8,4.505.723.284.484
583499,1,1,8,95,2,,,,,,,,2,,,,,,,,,,,,,,,8,603.041.875.772.287
583499,1,2,8,95,2,,,,,,,,2,,,,,,,,,,,,,,,8,603.041.875.772.287
583500,1,1,8,95,2,,,,,,,,2,,,,,,,,,,,,,,,8,561.216.048.674.175
583500,1,2,8,95,2,,,,,,,,2,,,,,,,,,,,,,,,8,561.216.048.674.175
583500,1,3,8,95,2,,,,,,,,2,,,,,,,,,,,,,,,8,561.216.048.674.175
583500,1,6,8,95,2,,,,,,,,2,,,,,,,,,,,,,,,8,561.216.048.674.175
583501,1,1,8,95,2,,,,,,,,2,,,,,,,,,,,,,,,8,498.564.840.808.923
583501,1,2,8,95,2,,,,,,,,2,,,,,,,,,,,,,,,8,498.564.840.808.923
583501,1,3,8,95,2,,,,,,,,2,,,,,,,,,,,,,,,8,498.564.840.808.923
583501,1,6,8,95,2,,,,,,,,2,,,,,,,,,,,,,,,8,498.564.840.808.923
583501,1,7,8,95,2,,,,,,,,2,,,,,,,,,,,,,,,8,498.564.840.808.923
583502,1,1,8,95,2,,,,,,,,2,,,,,,,,,,,,,,,8,441.236.399.824.083
583502,1,2,8,95,2,,,,,,,,2,,,,,,,,,,,,,,,8,441.236.399.824.083
583502,1,3,8,95,2,,,,,,,,2,,,,,,,,,,,,,,,8,441.236.399.824.083
583502,1,4,8,95,2,,,,,,,,2,,,,,,,,,,,,,,,8,441.236.399.824.083
583503,1,1,8,95,1,,1,2,,,190000,2,2,,,,,,,,,,,,,,,8,910.932.837.360.369
583503,1,2,8,95,2,,,,,,,,2,,,,,,,,,,,,,,,8,910.932.837.360.369
583503,1,3,8,95,2,,,,,,,,2,,,,,,,,,,,,,,,8,910.932.837.360.369
583503,2,1,8,95,2,,,,,,,,2,,,,,,,,,,,,,,,8,910.932.837.360.369
583503,2,2,8,95,2,,,,,,,,2,,,,,,,,,,,,,,,8,910.932.837.360.369
583503,2,3,8,95,2,,,,,,,,2,,,,,,,,,,,,,,,8,910.932.837.360.369
583503,2,4,8,95,2,,,,,,,,2,,,,,,,,,,,,,,,8,910.932.837.360.369
583503,3,1,8,95,2,,,,,,,,2,,,,,,,,,,,,,,,8,910.932.837.360.369
583503,3,2,8,95,2,,,,,,,,2,,,,,,,,,,,,,,,8,910.932.837.360.369
583503,3,3,8,95,2,,,,,,,,2,,,,,,,,,,,,,,,8,910.932.837.360.369
583503,3,4,8,95,2,,,,,,,,2,,,,,,,,,,,,,,,8,910.932.837.360.369
583503,4,1,8,95,2,,,,,,,,2,,,,,,,,,,,,,,,8,910.932.837.360.369
583503,4,2,8,95,2,,,,,,,,2,,,,,,,,,,,,,,,8,910.932.837.360.369
583503,4,3,8,95,2,,,,,,,,2,,,,,,,,,,,,,,,8,910.932.837.360.369
583503,4,4,8,95,2,,,,,,,,2,,,,,,,,,,,,,,,8,910.932.837.360.369
583503,4,5,8,95,2,,,,,,,,2,,,,,,,,,,,,,,,8,910.932.837.360.369
583503,5,1,8,95,2,,,,,,,,2,,,,,,,,,,,,,,,8,910.932.837.360.369
583503,5,2,8,95,2,,,,,,,,2,,,,,,,,,,,,,,,8,910.932.837.360.369
583504,1,1,8,95,2,,,,,,,,2,,,,,,,,,,,,,,,8,427.469.939.260.943
583504,1,2,8,95,2,,,,,,,,2,,,,,,,,,,,,,,,8,427.469.939.260.943
583504,1,3,8,95,2,,,,,,,,2,,,,,,,,,,,,,,,8,427.469.939.260.943
583504,1,4,8,95,2,,,,,,,,2,,,,,,,,,,,,,,,8,427.469.939.260.943
583504,1,5,8,95,2,,,,,,,,2,,,,,,,,,,,,,,,8,427.469.939.260.943
583505,1,1,8,95,2,,,,,,,,2,,,,,,,,,,,,,,,8,579.098.219.485.904
583505,1,2,8,95,1,,1,2,,,100000,2,2,,,,,,,,,,,,,,,8,579.098.219.485.904
583505,1,3,8,95,2,,,,,,,,2,,,,,,,,,,,,,,,8,579.098.219.485.904
583505,1,4,8,95,2,,,,,,,,2,,,,,,,,,,,,,,,8,579.098.219.485.904
583505,1,5,8,95,2,,,,,,,,1,2,,2,,,,,,1000000,2,1,2,,2,8,579.098.219.485.904
583506,1,1,8,95,2,,,,,,,,2,,,,,,,,,,,,,,,8,447.709.612.253.868
583506,1,2,8,95,2,,,,,,,,2,,,,,,,,,,,,,,,8,447.709.612.253.868
583506,1,3,8,95,2,,,,,,,,2,,,,,,,,,,,,,,,8,447.709.612.253.868
583506,1,4,8,95,2,,,,,,,,2,,,,,,,,,,,,,,,8,447.709.612.253.868
583507,1,1,8,95,2,,,,,,,,2,,,,,,,,,,,,,,,8,388.065.103.558.623
583507,1,2,8,95,2,,,,,,,,2,,,,,,,,,,,,,,,8,388.065.103.558.623
583507,1,3,8,95,2,,,,,,,,2,,,,,,,,,,,,,,,8,388.065.103.558.623
583507,1,4,8,95,2,,,,,,,,2,,,,,,,,,,,,,,,8,388.065.103.558.623
583507,1,5,8,95,2,,,,,,,,2,,,,,,,,,,,,,,,8,388.065.103.558.623
583508,1,1,8,95,2,,,,,,,,2,,,,,,,,,,,,,,,8,543.724.749.530.997
583508,1,2,8,95,2,,,,,,,,2,,,,,,,,,,,,,,,8,543.724.749.530.997
583508,1,3,8,95,2,,,,,,,,2,,,,,,,,,,,,,,,8,543.724.749.530.997
583509,1,1,8,95,2,,,,,,,,2,,,,,,,,,,,,,,,8,538.604.949.434.452
583509,1,2,8,95,2,,,,,,,,2,,,,,,,,,,,,,,,8,538.604.949.434.452
583509,1,3,8,95,2,,,,,,,,2,,,,,,,,,,,,,,,8,538.604.949.434.452
583510,1,1,8,95,2,,,,,,,,2,,,,,,,,,,,,,,,8,564.467.745.944.267
583510,1,2,8,95,2,,,,,,,,2,,,,,,,,,,,,,,,8,564.467.745.944.267
583511,1,1,8,95,1,,1,2,,,600000,2,1,2,,2,,,,,,10000000,2,1,2,,2,8,466.269.087.305.025
583511,1,2,8,95,2,,,,,,,,2,,,,,,,,,,,,,,,8,466.269.087.305.025
583511,1,3,8,95,2,,,,,,,,2,,,,,,,,,,,,,,,8,466.269.087.305.025
583512,1,1,8,95,2,,,,,,,,2,,,,,,,,,,,,,,,8,479.461.804.012.245
583512,1,2,8,95,2,,,,,,,,2,,,,,,,,,,,,,,,8,479.461.804.012.245
583513,1,1,8,95,2,,,,,,,,2,,,,,,,,,,,,,,,8,442.580.920.789.037
583513,1,2,8,95,2,,,,,,,,2,,,,,,,,,,,,,,,8,442.580.920.789.037
583514,1,1,8,95,1,,1,1,,98,98,2,2,,,,,,,,,,,,,,,8,460.833.271.827.393
583514,1,2,8,95,2,,,,,,,,2,,,,,,,,,,,,,,,8,460.833.271.827.393
583514,1,3,8,95,2,,,,,,,,2,,,,,,,,,,,,,,,8,460.833.271.827.393
583514,1,4,8,95,2,,,,,,,,2,,,,,,,,,,,,,,,8,460.833.271.827.393
583514,1,5,8,95,2,,,,,,,,2,,,,,,,,,,,,,,,8,460.833.271.827.393
583515,1,1,8,95,2,,,,,,,,1,2,,2,30000000,,,,,20000000,2,1,1,,2,8,385.868.254.976.336
583516,1,1,8,95,2,,,,,,,,2,,,,,,,,,,,,,,,8,566.929.572.510.663
583516,1,2,8,95,2,,,,,,,,2,,,,,,,,,,,,,,,8,566.929.572.510.663
583516,1,3,8,95,2,,,,,,,,2,,,,,,,,,,,,,,,8,566.929.572.510.663
583516,1,4,8,95,2,,,,,,,,2,,,,,,,,,,,,,,,8,566.929.572.510.663
583517,1,1,8,95,2,,,,,,,,2,,,,,,,,,,,,,,,8,461.405.652.381.433
583517,1,2,8,95,2,,,,,,,,2,,,,,,,,,,,,,,,8,461.405.652.381.433
583517,1,4,8,95,2,,,,,,,,2,,,,,,,,,,,,,,,8,461.405.652.381.433
583519,1,1,8,95,2,,,,,,,,2,,,,,,,,,,,,,,,8,519.369.366.289.482
583519,1,2,8,95,2,,,,,,,,2,,,,,,,,,,,,,,,8,519.369.366.289.482
583520,1,1,8,95,2,,,,,,,,2,,,,,,,,,,,,,,,8,507.006.758.611.135
583520,1,2,8,95,2,,,,,,,,2,,,,,,,,,,,,,,,8,507.006.758.611.135
583520,1,3,8,95,2,,,,,,,,2,,,,,,,,,,,,,,,8,507.006.758.611.135
583521,1,1,8,95,2,,,,,,,,2,,,,,,,,,,,,,,,8,563.637.040.069.967
583521,1,2,8,95,2,,,,,,,,2,,,,,,,,,,,,,,,8,563.637.040.069.967
583522,1,1,8,95,2,,,,,,,,2,,,,,,,,,,,,,,,8,639.175.034.320.492
583522,1,2,8,95,2,,,,,,,,2,,,,,,,,,,,,,,,8,639.175.034.320.492
583522,1,3,8,95,2,,,,,,,,2,,,,,,,,,,,,,,,8,639.175.034.320.492
583522,1,4,8,95,2,,,,,,,,2,,,,,,,,,,,,,,,8,639.175.034.320.492
583523,1,1,8,95,2,,,,,,,,2,,,,,,,,,,,,,,,8,519.369.366.289.482
583523,1,2,8,95,2,,,,,,,,2,,,,,,,,,,,,,,,8,519.369.366.289.482
583524,1,1,8,95,2,,,,,,,,2,,,,,,,,,,,,,,,8,623.539.874.085.472
583524,1,2,8,95,2,,,,,,,,2,,,,,,,,,,,,,,,8,623.539.874.085.472
583524,1,3,8,95,2,,,,,,,,2,,,,,,,,,,,,,,,8,623.539.874.085.472
583525,1,1,8,95,2,,,,,,,,2,,,,,,,,,,,,,,,8,463.323.917.202.307
583526,1,1,8,95,2,,,,,,,,2,,,,,,,,,,,,,,,8,498.041.537.504.555
583526,1,2,8,95,2,,,,,,,,2,,,,,,,,,,,,,,,8,498.041.537.504.555
583526,2,1,8,95,2,,,,,,,,2,,,,,,,,,,,,,,,8,498.041.537.504.555
583526,2,2,8,95,2,,,,,,,,2,,,,,,,,,,,,,,,8,498.041.537.504.555
583526,3,1,8,95,2,,,,,,,,2,,,,,,,,,,,,,,,8,498.041.537.504.555
583527,1,1,8,95,2,,,,,,,,2,,,,,,,,,,,,,,,8,501.139.233.839.587
583527,1,2,8,95,2,,,,,,,,2,,,,,,,,,,,,,,,8,501.139.233.839.587
583527,1,3,8,95,2,,,,,,,,2,,,,,,,,,,,,,,,8,501.139.233.839.587
583527,2,1,8,95,2,,,,,,,,2,,,,,,,,,,,,,,,8,501.139.233.839.587
583527,2,2,8,95,2,,,,,,,,2,,,,,,,,,,,,,,,8,501.139.233.839.587
583528,1,1,8,95,2,,,,,,,,2,,,,,,,,,,,,,,,8,420.738.401.510.898
583528,1,2,8,95,2,,,,,,,,2,,,,,,,,,,,,,,,8,420.738.401.510.898
583528,1,3,8,95,2,,,,,,,,2,,,,,,,,,,,,,,,8,420.738.401.510.898
583529,1,1,8,95,2,,,,,,,,2,,,,,,,,,,,,,,,8,483.821.915.515.492
583529,1,2,8,95,2,,,,,,,,2,,,,,,,,,,,,,,,8,483.821.915.515.492
583530,1,1,8,95,1,,2,1,,1500000,,2,2,,,,,,,,,,,,,,,8,459.292.551.454.895
583530,1,2,8,95,2,,,,,,,,2,,,,,,,,,,,,,,,8,459.292.551.454.895
583530,1,3,8,95,2,,,,,,,,2,,,,,,,,,,,,,,,8,459.292.551.454.895
583531,1,1,8,95,2,,,,,,,,2,,,,,,,,,,,,,,,8,483.821.915.515.492
583531,1,2,8,95,2,,,,,,,,2,,,,,,,,,,,,,,,8,483.821.915.515.492
583532,1,1,8,95,2,,,,,,,,2,,,,,,,,,,,,,,,8,31.549.278.658.595
583532,1,2,8,95,2,,,,,,,,2,,,,,,,,,,,,,,,8,31.549.278.658.595
583532,1,3,8,95,2,,,,,,,,2,,,,,,,,,,,,,,,8,31.549.278.658.595
583532,1,4,8,95,2,,,,,,,,2,,,,,,,,,,,,,,,8,31.549.278.658.595
583533,1,1,8,95,2,,,,,,,,2,,,,,,,,,,,,,,,8,454.358.696.095.728
583533,1,2,8,95,2,,,,,,,,2,,,,,,,,,,,,,,,8,454.358.696.095.728
583533,1,3,8,95,2,,,,,,,,2,,,,,,,,,,,,,,,8,454.358.696.095.728
583534,1,1,8,95,2,,,,,,,,2,,,,,,,,,,,,,,,8,545.078.161.864.238
583534,1,2,8,95,2,,,,,,,,2,,,,,,,,,,,,,,,8,545.078.161.864.238
583534,1,3,8,95,2,,,,,,,,2,,,,,,,,,,,,,,,8,545.078.161.864.238
583535,1,1,8,95,2,,,,,,,,2,,,,,,,,,,,,,,,8,486.263.762.197.865
583535,1,2,8,95,2,,,,,,,,2,,,,,,,,,,,,,,,8,486.263.762.197.865
583535,1,3,8,95,2,,,,,,,,2,,,,,,,,,,,,,,,8,486.263.762.197.865
583535,1,4,8,95,2,,,,,,,,2,,,,,,,,,,,,,,,8,486.263.762.197.865
583536,1,1,8,95,2,,,,,,,,2,,,,,,,,,,,,,,,8,475.101.692.508.998
583536,1,2,8,95,2,,,,,,,,2,,,,,,,,,,,,,,,8,475.101.692.508.998
583537,1,1,8,95,2,,,,,,,,2,,,,,,,,,,,,,,,8,518.879.370.089.312
583537,1,2,8,95,2,,,,,,,,2,,,,,,,,,,,,,,,8,518.879.370.089.312
583537,1,3,8,95,2,,,,,,,,2,,,,,,,,,,,,,,,8,518.879.370.089.312
583537,1,4,8,95,2,,,,,,,,2,,,,,,,,,,,,,,,8,518.879.370.089.312
583537,1,7,8,95,2,,,,,,,,2,,,,,,,,,,,,,,,8,518.879.370.089.312
583537,1,8,8,95,2,,,,,,,,2,,,,,,,,,,,,,,,8,518.879.370.089.312
583538,1,1,8,95,2,,,,,,,,2,,,,,,,,,,,,,,,8,421.499.453.406.075
583538,1,2,8,95,2,,,,,,,,2,,,,,,,,,,,,,,,8,421.499.453.406.075
583538,1,3,8,95,2,,,,,,,,2,,,,,,,,,,,,,,,8,421.499.453.406.075
583538,1,4,8,95,2,,,,,,,,2,,,,,,,,,,,,,,,8,421.499.453.406.075
583538,1,5,8,95,2,,,,,,,,1,2,,2,,,,,,150000,2,1,2,,2,8,421.499.453.406.075
583539,1,1,8,95,2,,,,,,,,2,,,,,,,,,,,,,,,8,479.461.804.012.245
583539,1,2,8,95,2,,,,,,,,2,,,,,,,,,,,,,,,8,479.461.804.012.245
583540,1,1,8,95,2,,,,,,,,2,,,,,,,,,,,,,,,8,436.876.288.320.835
583540,1,2,8,95,2,,,,,,,,1,2,,2,,,,,,120000,2,1,2,,2,8,436.876.288.320.835
583540,1,4,8,95,2,,,,,,,,1,2,,2,,,,,,100000,2,1,2,,2,8,436.876.288.320.835
583540,1,5,8,95,2,,,,,,,,2,,,,,,,,,,,,,,,8,436.876.288.320.835
583541,1,1,8,95,1,,2,1,,433000,,2,2,,,,,,,,,,,,,,,8,381.836.889.228.923
583541,1,2,8,95,2,,,,,,,,2,,,,,,,,,,,,,,,8,381.836.889.228.923
583541,1,3,8,95,2,,,,,,,,2,,,,,,,,,,,,,,,8,381.836.889.228.923
583542,1,1,8,95,2,,,,,,,,2,,,,,,,,,,,,,,,8,581.808.883.158.846
583542,1,2,8,95,2,,,,,,,,2,,,,,,,,,,,,,,,8,581.808.883.158.846
583542,1,3,8,95,2,,,,,,,,2,,,,,,,,,,,,,,,8,581.808.883.158.846
583542,2,1,8,95,2,,,,,,,,2,,,,,,,,,,,,,,,8,581.808.883.158.846
583542,2,2,8,95,2,,,,,,,,2,,,,,,,,,,,,,,,8,581.808.883.158.846
583542,3,1,8,95,2,,,,,,,,2,,,,,,,,,,,,,,,8,581.808.883.158.846
583542,3,2,8,95,2,,,,,,,,2,,,,,,,,,,,,,,,8,581.808.883.158.846
583543,1,1,8,95,2,,,,,,,,2,,,,,,,,,,,,,,,8,515.009.254.786.235
583543,1,2,8,95,2,,,,,,,,2,,,,,,,,,,,,,,,8,515.009.254.786.235
583544,1,1,8,95,1,,1,2,,,320000,2,2,,,,,,,,,,,,,,,8,363.206.993.742.191
583544,1,2,8,95,2,,,,,,,,2,,,,,,,,,,,,,,,8,363.206.993.742.191
583544,1,3,8,95,2,,,,,,,,2,,,,,,,,,,,,,,,8,363.206.993.742.191
583544,1,5,8,95,2,,,,,,,,2,,,,,,,,,,,,,,,8,363.206.993.742.191
583545,1,1,8,95,2,,,,,,,,1,2,,2,,,,,,4800000,2,1,2,,2,8,287.669.596.337.094
583545,1,2,8,95,2,,,,,,,,1,2,,2,,,,,,3600000,2,1,2,,2,8,287.669.596.337.094
583546,1,1,8,95,2,,,,,,,,1,2,,2,,,,,,4920000,2,1,2,,2,8,361.338.890.915.738
583546,1,2,8,95,2,,,,,,,,2,,,,,,,,,,,,,,,8,361.338.890.915.738
583547,1,1,8,95,2,,,,,,,,2,,,,,,,,,,,,,,,8,521.051.524.378.557
583547,1,2,8,95,2,,,,,,,,2,,,,,,,,,,,,,,,8,521.051.524.378.557
583547,1,5,8,95,2,,,,,,,,2,,,,,,,,,,,,,,,8,521.051.524.378.557
583547,1,6,8,95,2,,,,,,,,2,,,,,,,,,,,,,,,8,521.051.524.378.557
583551,1,1,8,95,2,,,,,,,,2,,,,,,,,,,,,,,,8,439.995.439.242.636
583551,1,2,8,95,2,,,,,,,,2,,,,,,,,,,,,,,,8,439.995.439.242.636
583551,1,3,8,95,2,,,,,,,,2,,,,,,,,,,,,,,,8,439.995.439.242.636
583551,1,7,8,95,2,,,,,,,,2,,,,,,,,,,,,,,,8,439.995.439.242.636
583552,1,1,8,95,1,,2,1,,433700,,2,2,,,,,,,,,,,,,,,8,385.868.254.976.336
583553,1,1,8,95,1,,2,1,,750000,,2,1,2,,2,,,,800000,,,1,2,2,,2,8,38.562.325.687.625
583553,1,2,8,95,2,,,,,,,,2,,,,,,,,,,,,,,,8,38.562.325.687.625
583553,1,3,8,95,2,,,,,,,,2,,,,,,,,,,,,,,,8,38.562.325.687.625
583554,1,1,8,95,2,,,,,,,,2,,,,,,,,,,,,,,,8,328.665.592.963.464
583554,1,2,8,95,2,,,,,,,,2,,,,,,,,,,,,,,,8,328.665.592.963.464
583554,1,3,8,95,2,,,,,,,,2,,,,,,,,,,,,,,,8,328.665.592.963.464
583554,1,4,8,95,2,,,,,,,,2,,,,,,,,,,,,,,,8,328.665.592.963.464
583555,1,1,8,95,1,,2,1,,1700000,,2,2,,,,,,,,,,,,,,,8,365.125.258.563.065
583555,1,2,8,95,2,,,,,,,,2,,,,,,,,,,,,,,,8,365.125.258.563.065
583556,1,1,8,95,2,,,,,,,,2,,,,,,,,,,,,,,,8,55.927.692.856.672
583556,1,2,8,95,2,,,,,,,,2,,,,,,,,,,,,,,,8,55.927.692.856.672
583557,1,1,8,95,2,,,,,,,,2,,,,,,,,,,,,,,,8,583.441.476.098.928
583557,1,2,8,95,2,,,,,,,,2,,,,,,,,,,,,,,,8,583.441.476.098.928
583557,1,3,8,95,2,,,,,,,,2,,,,,,,,,,,,,,,8,583.441.476.098.928
583557,1,4,8,95,2,,,,,,,,2,,,,,,,,,,,,,,,8,583.441.476.098.928
583557,1,5,8,95,2,,,,,,,,2,,,,,,,,,,,,,,,8,583.441.476.098.928
583557,2,1,8,95,2,,,,,,,,2,,,,,,,,,,,,,,,8,583.441.476.098.928
583557,2,2,8,95,2,,,,,,,,2,,,,,,,,,,,,,,,8,583.441.476.098.928
583557,3,1,8,95,2,,,,,,,,2,,,,,,,,,,,,,,,8,583.441.476.098.928
583557,3,2,8,95,2,,,,,,,,2,,,,,,,,,,,,,,,8,583.441.476.098.928
583557,3,3,8,95,2,,,,,,,,2,,,,,,,,,,,,,,,8,583.441.476.098.928
583557,4,1,8,95,2,,,,,,,,2,,,,,,,,,,,,,,,8,583.441.476.098.928
583557,4,2,8,95,2,,,,,,,,2,,,,,,,,,,,,,,,8,583.441.476.098.928
583557,4,3,8,95,2,,,,,,,,2,,,,,,,,,,,,,,,8,583.441.476.098.928
583558,1,1,8,95,2,,,,,,,,2,,,,,,,,,,,,,,,8,416.810.596.146.993
583558,1,2,8,95,2,,,,,,,,2,,,,,,,,,,,,,,,8,416.810.596.146.993
583558,1,6,8,95,1,,2,1,,433700,,2,2,,,,,,,,,,,,,,,8,416.810.596.146.993
583559,1,1,8,95,2,,,,,,,,2,,,,,,,,,,,,,,,8,521.308.486.396.938
583559,1,2,8,95,2,,,,,,,,2,,,,,,,,,,,,,,,8,521.308.486.396.938
583559,1,3,8,95,2,,,,,,,,2,,,,,,,,,,,,,,,8,521.308.486.396.938
583559,1,4,8,95,2,,,,,,,,2,,,,,,,,,,,,,,,8,521.308.486.396.938
583560,1,1,8,95,2,,,,,,,,2,,,,,,,,,,,,,,,8,562.889.315.394.964
583560,1,2,8,95,2,,,,,,,,2,,,,,,,,,,,,,,,8,562.889.315.394.964
583560,1,3,8,95,2,,,,,,,,2,,,,,,,,,,,,,,,8,562.889.315.394.964
583560,1,5,8,95,2,,,,,,,,2,,,,,,,,,,,,,,,8,562.889.315.394.964
583561,1,1,8,95,2,,,,,,,,2,,,,,,,,,,,,,,,8,577.353.935.484.113
583561,1,2,8,95,2,,,,,,,,2,,,,,,,,,,,,,,,8,577.353.935.484.113
583561,1,3,8,95,2,,,,,,,,2,,,,,,,,,,,,,,,8,577.353.935.484.113
583561,1,4,8,95,2,,,,,,,,2,,,,,,,,,,,,,,,8,577.353.935.484.113
583561,1,5,8,95,2,,,,,,,,2,,,,,,,,,,,,,,,8,577.353.935.484.113
583562,1,1,8,95,2,,,,,,,,2,,,,,,,,,,,,,,,8,425.293.349.119.809
583562,1,2,8,95,2,,,,,,,,2,,,,,,,,,,,,,,,8,425.293.349.119.809
583562,1,3,8,95,2,,,,,,,,2,,,,,,,,,,,,,,,8,425.293.349.119.809
583562,1,4,8,95,2,,,,,,,,2,,,,,,,,,,,,,,,8,425.293.349.119.809
583562,1,5,8,95,2,,,,,,,,2,,,,,,,,,,,,,,,8,425.293.349.119.809
583563,1,1,8,95,2,,,,,,,,2,,,,,,,,,,,,,,,8,551.818.590.982.569
583563,1,2,8,95,2,,,,,,,,2,,,,,,,,,,,,,,,8,551.818.590.982.569
583563,1,3,8,95,2,,,,,,,,2,,,,,,,,,,,,,,,8,551.818.590.982.569
583563,1,4,8,95,2,,,,,,,,2,,,,,,,,,,,,,,,8,551.818.590.982.569
583563,1,6,8,95,2,,,,,,,,2,,,,,,,,,,,,,,,8,551.818.590.982.569
583563,1,7,8,95,2,,,,,,,,2,,,,,,,,,,,,,,,8,551.818.590.982.569
583563,1,8,8,95,2,,,,,,,,2,,,,,,,,,,,,,,,8,551.818.590.982.569
583564,1,1,8,95,2,,,,,,,,2,,,,,,,,,,,,,,,8,487.372.773.276.448
583564,1,2,8,95,2,,,,,,,,2,,,,,,,,,,,,,,,8,487.372.773.276.448
583564,1,3,8,95,2,,,,,,,,2,,,,,,,,,,,,,,,8,487.372.773.276.448
583564,1,4,8,95,2,,,,,,,,2,,,,,,,,,,,,,,,8,487.372.773.276.448
583564,1,5,8,95,2,,,,,,,,2,,,,,,,,,,,,,,,8,487.372.773.276.448
583564,1,6,8,95,2,,,,,,,,2,,,,,,,,,,,,,,,8,487.372.773.276.448
583565,1,1,8,95,2,,,,,,,,2,,,,,,,,,,,,,,,8,525.668.597.900.185
583565,1,2,8,95,2,,,,,,,,2,,,,,,,,,,,,,,,8,525.668.597.900.185
583565,1,3,8,95,2,,,,,,,,2,,,,,,,,,,,,,,,8,525.668.597.900.185
583565,1,4,8,95,2,,,,,,,,2,,,,,,,,,,,,,,,8,525.668.597.900.185
583566,1,1,8,95,2,,,,,,,,2,,,,,,,,,,,,,,,8,406.121.255.189.435
583566,1,2,8,95,2,,,,,,,,2,,,,,,,,,,,,,,,8,406.121.255.189.435
583566,1,3,8,95,2,,,,,,,,2,,,,,,,,,,,,,,,8,406.121.255.189.435
583566,1,4,8,95,2,,,,,,,,2,,,,,,,,,,,,,,,8,406.121.255.189.435
583567,1,1,8,95,2,,,,,,,,2,,,,,,,,,,,,,,,8,479.461.804.012.245
583567,1,2,8,95,2,,,,,,,,2,,,,,,,,,,,,,,,8,479.461.804.012.245
583568,1,1,8,95,2,,,,,,,,2,,,,,,,,,,,,,,,8,69.857.514.176.108
583568,1,2,8,95,2,,,,,,,,2,,,,,,,,,,,,,,,8,69.857.514.176.108
583568,1,3,8,95,2,,,,,,,,2,,,,,,,,,,,,,,,8,69.857.514.176.108
583568,1,4,8,95,2,,,,,,,,2,,,,,,,,,,,,,,,8,69.857.514.176.108
583568,1,5,8,95,2,,,,,,,,2,,,,,,,,,,,,,,,8,69.857.514.176.108
583569,1,1,8,95,2,,,,,,,,2,,,,,,,,,,,,,,,8,554.916.817.063.473
583569,1,2,8,95,2,,,,,,,,2,,,,,,,,,,,,,,,8,554.916.817.063.473
583570,1,1,8,95,2,,,,,,,,2,,,,,,,,,,,,,,,8,400.498.728.517.973
583570,1,2,8,95,2,,,,,,,,2,,,,,,,,,,,,,,,8,400.498.728.517.973
583570,1,3,8,95,2,,,,,,,,2,,,,,,,,,,,,,,,8,400.498.728.517.973
583570,1,4,8,95,2,,,,,,,,2,,,,,,,,,,,,,,,8,400.498.728.517.973
583571,1,1,8,95,2,,,,,,,,2,,,,,,,,,,,,,,,8,402.089.889.442.023
583571,1,2,8,95,2,,,,,,,,2,,,,,,,,,,,,,,,8,402.089.889.442.023
583571,1,3,8,95,2,,,,,,,,2,,,,,,,,,,,,,,,8,402.089.889.442.023
583571,1,4,8,95,2,,,,,,,,2,,,,,,,,,,,,,,,8,402.089.889.442.023
583571,1,5,8,95,2,,,,,,,,2,,,,,,,,,,,,,,,8,402.089.889.442.023
583571,1,6,8,95,2,,,,,,,,2,,,,,,,,,,,,,,,8,402.089.889.442.023
583574,1,1,8,95,2,,,,,,,,2,,,,,,,,,,,,,,,8,52.372.947.779.273
583574,1,2,8,95,2,,,,,,,,2,,,,,,,,,,,,,,,8,52.372.947.779.273
583575,1,1,8,95,1,,1,1,,1500000,800000,2,2,,,,,,,,,,,,,,,8,340.350.896.402.383
583575,1,2,8,95,2,,,,,,,,2,,,,,,,,,,,,,,,8,340.350.896.402.383
583575,1,3,8,95,2,,,,,,,,2,,,,,,,,,,,,,,,8,340.350.896.402.383
583575,1,4,8,95,2,,,,,,,,2,,,,,,,,,,,,,,,8,340.350.896.402.383
583575,1,5,8,95,2,,,,,,,,2,,,,,,,,,,,,,,,8,340.350.896.402.383
583576,1,1,8,95,2,,,,,,,,2,,,,,,,,,,,,,,,8,400.191.604.505.171
583576,1,2,8,95,2,,,,,,,,2,,,,,,,,,,,,,,,8,400.191.604.505.171
583576,1,3,8,95,2,,,,,,,,2,,,,,,,,,,,,,,,8,400.191.604.505.171
583576,1,4,8,95,2,,,,,,,,2,,,,,,,,,,,,,,,8,400.191.604.505.171
583576,1,5,8,95,2,,,,,,,,2,,,,,,,,,,,,,,,8,400.191.604.505.171
583576,1,6,8,95,2,,,,,,,,2,,,,,,,,,,,,,,,8,400.191.604.505.171
583576,1,8,8,95,2,,,,,,,,2,,,,,,,,,,,,,,,8,400.191.604.505.171
583576,1,9,8,95,2,,,,,,,,2,,,,,,,,,,,,,,,8,400.191.604.505.171
583577,1,1,8,95,1,,1,2,,,230000,2,1,2,,2,,,,,,4200000,2,1,2,,2,8,446.389.507.024.825
583577,1,2,8,95,2,,,,,,,,2,,,,,,,,,,,,,,,8,446.389.507.024.825
583577,1,3,8,95,1,,2,1,,255000,,2,2,,,,,,,,,,,,,,,8,446.389.507.024.825
583577,1,4,8,95,2,,,,,,,,2,,,,,,,,,,,,,,,8,446.389.507.024.825
583577,1,5,8,95,2,,,,,,,,2,,,,,,,,,,,,,,,8,446.389.507.024.825
583577,1,6,8,95,2,,,,,,,,2,,,,,,,,,,,,,,,8,446.389.507.024.825
583577,2,1,8,95,2,,,,,,,,2,,,,,,,,,,,,,,,8,446.389.507.024.825
583577,2,2,8,95,2,,,,,,,,2,,,,,,,,,,,,,,,8,446.389.507.024.825
583578,1,1,8,95,2,,,,,,,,2,,,,,,,,,,,,,,,8,426.864.251.602.705
583578,1,2,8,95,2,,,,,,,,2,,,,,,,,,,,,,,,8,426.864.251.602.705
583578,1,3,8,95,2,,,,,,,,2,,,,,,,,,,,,,,,8,426.864.251.602.705
583579,1,1,8,95,2,,,,,,,,2,,,,,,,,,,,,,,,8,563.637.040.069.967
583579,1,2,8,95,2,,,,,,,,2,,,,,,,,,,,,,,,8,563.637.040.069.967
583580,1,1,8,95,2,,,,,,,,2,,,,,,,,,,,,,,,8,479.461.804.012.245
583580,1,2,8,95,1,,1,2,,,140000,2,1,2,,2,,,,,,1200000,2,1,2,,2,8,479.461.804.012.245
583581,1,1,8,95,2,,,,,,,,2,,,,,,,,,,,,,,,8,363.883.101.836.003
583581,1,2,8,95,2,,,,,,,,2,,,,,,,,,,,,,,,8,363.883.101.836.003
583581,1,3,8,95,2,,,,,,,,2,,,,,,,,,,,,,,,8,363.883.101.836.003
583581,1,4,8,95,2,,,,,,,,2,,,,,,,,,,,,,,,8,363.883.101.836.003
583581,1,5,8,95,2,,,,,,,,2,,,,,,,,,,,,,,,8,363.883.101.836.003
583581,1,6,8,95,2,,,,,,,,2,,,,,,,,,,,,,,,8,363.883.101.836.003
583582,1,1,8,95,2,,,,,,,,2,,,,,,,,,,,,,,,8,439.155.242.699.862
583582,1,2,8,95,2,,,,,,,,2,,,,,,,,,,,,,,,8,439.155.242.699.862
583582,1,3,8,95,2,,,,,,,,2,,,,,,,,,,,,,,,8,439.155.242.699.862
583582,1,4,8,95,2,,,,,,,,2,,,,,,,,,,,,,,,8,439.155.242.699.862
583582,1,5,8,95,2,,,,,,,,2,,,,,,,,,,,,,,,8,439.155.242.699.862
583582,1,6,8,95,2,,,,,,,,2,,,,,,,,,,,,,,,8,439.155.242.699.862
583583,1,1,8,95,2,,,,,,,,2,,,,,,,,,,,,,,,8,440.909.017.370.128
583583,1,2,8,95,2,,,,,,,,2,,,,,,,,,,,,,,,8,440.909.017.370.128
583583,1,3,8,95,2,,,,,,,,2,,,,,,,,,,,,,,,8,440.909.017.370.128
583583,1,4,8,95,2,,,,,,,,2,,,,,,,,,,,,,,,8,440.909.017.370.128
583584,1,1,8,95,2,,,,,,,,1,2,,2,,,,,,300000,2,1,2,,2,8,498.871.367.976.297
583585,1,1,8,95,2,,,,,,,,1,2,,2,,,,,,300000,2,1,2,,2,8,382.616.557.706.243
583585,1,2,8,95,2,,,,,,,,2,,,,,,,,,,,,,,,8,382.616.557.706.243
583585,1,5,8,95,2,,,,,,,,2,,,,,,,,,,,,,,,8,382.616.557.706.243
583586,1,1,8,95,2,,,,,,,,2,,,,,,,,,,,,,,,8,53.853.393.215.345
583586,1,2,8,95,2,,,,,,,,2,,,,,,,,,,,,,,,8,53.853.393.215.345
583586,1,5,8,95,2,,,,,,,,1,2,,2,,,,,,60000,2,1,2,,2,8,53.853.393.215.345
583587,1,1,8,95,2,,,,,,,,1,2,,2,1000000,,,,,,2,2,1,,2,8,365.125.258.563.065
583587,1,2,8,95,2,,,,,,,,2,,,,,,,,,,,,,,,8,365.125.258.563.065
583588,1,1,8,95,2,,,,,,,,2,,,,,,,,,,,,,,,8,568.018.006.859.795
583588,1,2,8,95,2,,,,,,,,2,,,,,,,,,,,,,,,8,568.018.006.859.795
583588,1,3,8,95,2,,,,,,,,2,,,,,,,,,,,,,,,8,568.018.006.859.795
583588,1,4,8,95,2,,,,,,,,2,,,,,,,,,,,,,,,8,568.018.006.859.795
583588,1,5,8,95,2,,,,,,,,2,,,,,,,,,,,,,,,8,568.018.006.859.795
583588,1,7,8,95,2,,,,,,,,2,,,,,,,,,,,,,,,8,568.018.006.859.795
583589,1,1,8,95,2,,,,,,,,2,,,,,,,,,,,,,,,8,38.562.325.687.625
583589,1,2,8,95,2,,,,,,,,2,,,,,,,,,,,,,,,8,38.562.325.687.625
583589,1,3,8,95,2,,,,,,,,2,,,,,,,,,,,,,,,8,38.562.325.687.625
583590,1,1,8,95,2,,,,,,,,2,,,,,,,,,,,,,,,8,421.241.724.931.243
583590,1,2,8,95,2,,,,,,,,2,,,,,,,,,,,,,,,8,421.241.724.931.243
583590,1,3,8,95,2,,,,,,,,2,,,,,,,,,,,,,,,8,421.241.724.931.243
583591,1,1,8,95,1,,2,1,,970000,,2,2,,,,,,,,,,,,,,,8,393.717.028.773.506
583591,1,2,8,95,2,,,,,,,,2,,,,,,,,,,,,,,,8,393.717.028.773.506
583591,1,3,8,95,2,,,,,,,,2,,,,,,,,,,,,,,,8,393.717.028.773.506
583591,1,4,8,95,2,,,,,,,,2,,,,,,,,,,,,,,,8,393.717.028.773.506
583591,1,5,8,95,2,,,,,,,,2,,,,,,,,,,,,,,,8,393.717.028.773.506
583591,1,6,8,95,2,,,,,,,,2,,,,,,,,,,,,,,,8,393.717.028.773.506
583592,1,1,8,95,1,,2,1,,1000000,,2,2,,,,,,,,,,,,,,,8,460.904.289.108.395
583592,1,2,8,95,2,,,,,,,,2,,,,,,,,,,,,,,,8,460.904.289.108.395
583592,1,3,8,95,2,,,,,,,,2,,,,,,,,,,,,,,,8,460.904.289.108.395
583592,1,4,8,95,2,,,,,,,,2,,,,,,,,,,,,,,,8,460.904.289.108.395
583592,1,5,8,95,2,,,,,,,,2,,,,,,,,,,,,,,,8,460.904.289.108.395
583594,1,1,8,95,2,,,,,,,,1,2,,2,,,,,,300000,2,1,2,,2,8,385.868.254.976.336
583595,1,1,8,95,2,,,,,,,,2,,,,,,,,,,,,,,,8,41.805.155.672.844
583595,1,2,8,95,2,,,,,,,,2,,,,,,,,,,,,,,,8,41.805.155.672.844
583595,1,3,8,95,2,,,,,,,,2,,,,,,,,,,,,,,,8,41.805.155.672.844
583596,1,1,8,95,2,,,,,,,,2,,,,,,,,,,,,,,,8,459.898.239.113.132
583596,1,2,8,95,2,,,,,,,,2,,,,,,,,,,,,,,,8,459.898.239.113.132
583596,1,3,8,95,2,,,,,,,,2,,,,,,,,,,,,,,,8,459.898.239.113.132
583596,1,4,8,95,2,,,,,,,,2,,,,,,,,,,,,,,,8,459.898.239.113.132
583596,1,5,8,95,2,,,,,,,,2,,,,,,,,,,,,,,,8,459.898.239.113.132
583597,1,1,8,95,2,,,,,,,,2,,,,,,,,,,,,,,,8,52.591.359.600.027
583597,1,2,8,95,2,,,,,,,,1,2,,2,,,,,,200000,2,1,2,,2,8,52.591.359.600.027
583598,1,1,8,95,2,,,,,,,,2,,,,,,,,,,,,,,,8,442.589.812.157.323
583598,1,2,8,95,2,,,,,,,,2,,,,,,,,,,,,,,,8,442.589.812.157.323
583598,1,3,8,95,2,,,,,,,,2,,,,,,,,,,,,,,,8,442.589.812.157.323
583598,1,4,8,95,2,,,,,,,,2,,,,,,,,,,,,,,,8,442.589.812.157.323
583599,1,1,8,95,2,,,,,,,,2,,,,,,,,,,,,,,,8,519.369.366.289.482
583599,1,2,8,95,2,,,,,,,,2,,,,,,,,,,,,,,,8,519.369.366.289.482
583600,1,1,8,95,2,,,,,,,,2,,,,,,,,,,,,,,,8,437.985.299.399.418
583600,1,2,8,95,2,,,,,,,,2,,,,,,,,,,,,,,,8,437.985.299.399.418
583600,1,3,8,95,2,,,,,,,,2,,,,,,,,,,,,,,,8,437.985.299.399.418
583600,1,4,8,95,2,,,,,,,,2,,,,,,,,,,,,,,,8,437.985.299.399.418
583600,1,6,8,95,2,,,,,,,,2,,,,,,,,,,,,,,,8,437.985.299.399.418
583600,1,7,8,95,2,,,,,,,,2,,,,,,,,,,,,,,,8,437.985.299.399.418
583601,1,1,8,95,2,,,,,,,,2,,,,,,,,,,,,,,,8,447.137.231.699.828
583601,1,2,8,95,2,,,,,,,,2,,,,,,,,,,,,,,,8,447.137.231.699.828
583601,1,3,8,95,2,,,,,,,,2,,,,,,,,,,,,,,,8,447.137.231.699.828
583601,1,5,8,95,2,,,,,,,,2,,,,,,,,,,,,,,,8,447.137.231.699.828
583601,1,6,8,95,2,,,,,,,,2,,,,,,,,,,,,,,,8,447.137.231.699.828
583601,1,8,8,95,2,,,,,,,,2,,,,,,,,,,,,,,,8,447.137.231.699.828
583602,1,1,8,95,2,,,,,,,,2,,,,,,,,,,,,,,,8,510.649.143.282.988
583602,1,2,8,95,2,,,,,,,,2,,,,,,,,,,,,,,,8,510.649.143.282.988
583603,1,1,8,95,2,,,,,,,,2,,,,,,,,,,,,,,,8,55.927.692.856.672
583603,1,2,8,95,2,,,,,,,,2,,,,,,,,,,,,,,,8,55.927.692.856.672
583604,1,1,8,95,2,,,,,,,,1,2,,2,,,,,,98,2,1,2,,2,8,408.828.079.855.916
583604,1,2,8,95,2,,,,,,,,2,,,,,,,,,,,,,,,8,408.828.079.855.916
583604,1,3,8,95,2,,,,,,,,2,,,,,,,,,,,,,,,8,408.828.079.855.916
583604,1,6,8,95,2,,,,,,,,2,,,,,,,,,,,,,,,8,408.828.079.855.916
583605,1,1,8,95,2,,,,,,,,2,,,,,,,,,,,,,,,8,452.685.429.374.938
583605,1,2,8,95,2,,,,,,,,2,,,,,,,,,,,,,,,8,452.685.429.374.938
583605,1,3,8,95,2,,,,,,,,2,,,,,,,,,,,,,,,8,452.685.429.374.938
583606,1,1,8,95,2,,,,,,,,1,2,,2,,,,,,100000,2,1,2,,2,8,538.778.930.253.535
583607,1,1,8,95,1,,2,1,,700000,,2,2,,,,,,,,,,,,,,,8,537.808.426.066.907
583607,1,2,8,95,2,,,,,,,,2,,,,,,,,,,,,,,,8,537.808.426.066.907
583607,1,3,8,95,2,,,,,,,,2,,,,,,,,,,,,,,,8,537.808.426.066.907
583607,1,4,8,95,2,,,,,,,,2,,,,,,,,,,,,,,,8,537.808.426.066.907
583607,1,5,8,95,2,,,,,,,,2,,,,,,,,,,,,,,,8,537.808.426.066.907
583607,1,6,8,95,2,,,,,,,,2,,,,,,,,,,,,,,,8,537.808.426.066.907
583607,1,7,8,95,2,,,,,,,,2,,,,,,,,,,,,,,,8,537.808.426.066.907
583607,1,10,8,95,2,,,,,,,,2,,,,,,,,,,,,,,,8,537.808.426.066.907
583607,1,11,8,95,2,,,,,,,,2,,,,,,,,,,,,,,,8,537.808.426.066.907
583607,1,12,8,95,2,,,,,,,,2,,,,,,,,,,,,,,,8,537.808.426.066.907
583607,1,13,8,95,2,,,,,,,,2,,,,,,,,,,,,,,,8,537.808.426.066.907
583608,1,1,8,95,2,,,,,,,,2,,,,,,,,,,,,,,,8,396.312.597.833.808
583608,1,2,8,95,2,,,,,,,,1,2,,2,,,,,,98,2,1,2,,2,8,396.312.597.833.808
583609,1,1,8,95,2,,,,,,,,2,,,,,,,,,,,,,,,8,382.945.303.462.078
583609,1,2,8,95,2,,,,,,,,2,,,,,,,,,,,,,,,8,382.945.303.462.078
583609,1,3,8,95,2,,,,,,,,2,,,,,,,,,,,,,,,8,382.945.303.462.078
583609,1,4,8,95,2,,,,,,,,2,,,,,,,,,,,,,,,8,382.945.303.462.078
583609,1,5,8,95,2,,,,,,,,2,,,,,,,,,,,,,,,8,382.945.303.462.078
583610,1,1,8,95,2,,,,,,,,2,,,,,,,,,,,,,,,8,426.966.615.840.598
583610,1,2,8,95,2,,,,,,,,2,,,,,,,,,,,,,,,8,426.966.615.840.598
583610,1,3,8,95,2,,,,,,,,2,,,,,,,,,,,,,,,8,426.966.615.840.598
583610,1,4,8,95,2,,,,,,,,2,,,,,,,,,,,,,,,8,426.966.615.840.598
583610,1,5,8,95,2,,,,,,,,2,,,,,,,,,,,,,,,8,426.966.615.840.598
583611,1,1,8,95,1,,2,1,,461500,,2,2,,,,,,,,,,,,,,,8,343.037.741.184.841
583611,1,2,8,95,2,,,,,,,,1,2,,2,,,,,,98,2,1,2,,2,8,343.037.741.184.841
583611,1,3,8,95,2,,,,,,,,2,,,,,,,,,,,,,,,8,343.037.741.184.841
583611,1,4,8,95,2,,,,,,,,2,,,,,,,,,,,,,,,8,343.037.741.184.841
583611,1,5,8,95,2,,,,,,,,2,,,,,,,,,,,,,,,8,343.037.741.184.841
583612,1,1,8,95,2,,,,,,,,1,2,,2,98,,,,,,2,2,1,,2,8,44.199.745.171.926
583612,1,2,8,95,2,,,,,,,,2,,,,,,,,,,,,,,,8,44.199.745.171.926
583612,1,3,8,95,2,,,,,,,,2,,,,,,,,,,,,,,,8,44.199.745.171.926
583612,1,4,8,95,2,,,,,,,,2,,,,,,,,,,,,,,,8,44.199.745.171.926
583612,1,5,8,95,2,,,,,,,,2,,,,,,,,,,,,,,,8,44.199.745.171.926
583612,1,6,8,95,2,,,,,,,,2,,,,,,,,,,,,,,,8,44.199.745.171.926
583613,1,1,8,95,1,,2,2,100000,,,1,2,,,,,,,,,,,,,,,8,463.262.388.135.018
583613,1,2,8,95,2,,,,,,,,2,,,,,,,,,,,,,,,8,463.262.388.135.018
583613,1,3,8,95,2,,,,,,,,2,,,,,,,,,,,,,,,8,463.262.388.135.018
583614,1,1,8,95,2,,,,,,,,2,,,,,,,,,,,,,,,8,695.826.171.065.905
583614,1,2,8,95,2,,,,,,,,2,,,,,,,,,,,,,,,8,695.826.171.065.905
583614,1,3,8,95,2,,,,,,,,2,,,,,,,,,,,,,,,8,695.826.171.065.905
583614,1,4,8,95,2,,,,,,,,2,,,,,,,,,,,,,,,8,695.826.171.065.905
583614,1,5,8,95,2,,,,,,,,2,,,,,,,,,,,,,,,8,695.826.171.065.905
583614,1,9,8,95,1,,2,2,90000,,,1,2,,,,,,,,,,,,,,,8,695.826.171.065.905
583614,1,11,8,95,2,,,,,,,,2,,,,,,,,,,,,,,,8,695.826.171.065.905
583615,1,1,8,95,2,,,,,,,,2,,,,,,,,,,,,,,,8,54.520.387.128.189
583615,1,2,8,95,2,,,,,,,,2,,,,,,,,,,,,,,,8,54.520.387.128.189
583615,2,1,8,95,2,,,,,,,,2,,,,,,,,,,,,,,,8,54.520.387.128.189
583615,2,2,8,95,2,,,,,,,,2,,,,,,,,,,,,,,,8,54.520.387.128.189
583615,3,1,8,95,2,,,,,,,,2,,,,,,,,,,,,,,,8,54.520.387.128.189
583615,3,2,8,95,2,,,,,,,,2,,,,,,,,,,,,,,,8,54.520.387.128.189
583616,1,1,8,95,2,,,,,,,,1,2,,2,,,,,,98,2,1,2,,2,8,340.595.894.502.468
583616,1,2,8,95,2,,,,,,,,1,2,,2,,,,,,98,2,1,2,,2,8,340.595.894.502.468
583616,1,3,8,95,2,,,,,,,,1,2,,2,,,,,,98,2,1,2,,2,8,340.595.894.502.468
583617,1,1,8,95,1,,2,1,,518000,,2,2,,,,,,,,,,,,,,,8,382.945.303.462.078
583617,1,2,8,95,2,,,,,,,,2,,,,,,,,,,,,,,,8,382.945.303.462.078
583617,1,3,8,95,2,,,,,,,,2,,,,,,,,,,,,,,,8,382.945.303.462.078
583617,1,4,8,95,2,,,,,,,,2,,,,,,,,,,,,,,,8,382.945.303.462.078
583617,1,5,8,95,2,,,,,,,,2,,,,,,,,,,,,,,,8,382.945.303.462.078
583618,1,1,8,95,2,,,,,,,,2,,,,,,,,,,,,,,,8,498.626.369.876.212
583618,1,2,8,95,2,,,,,,,,2,,,,,,,,,,,,,,,8,498.626.369.876.212
583618,1,3,8,95,2,,,,,,,,2,,,,,,,,,,,,,,,8,498.626.369.876.212
583619,1,1,8,95,1,,1,2,,,100000,2,2,,,,,,,,,,,,,,,8,581.211.320.412.442
583619,1,2,8,95,2,,,,,,,,2,,,,,,,,,,,,,,,8,581.211.320.412.442
583619,1,3,8,95,2,,,,,,,,2,,,,,,,,,,,,,,,8,581.211.320.412.442
583619,2,1,8,95,2,,,,,,,,2,,,,,,,,,,,,,,,8,581.211.320.412.442
583619,2,2,8,95,2,,,,,,,,2,,,,,,,,,,,,,,,8,581.211.320.412.442
583620,1,1,13,95,2,,,,,,,,1,2,,2,,,,400000,,,1,2,2,,2,13,290.015.387.461.791
583620,1,2,13,95,2,,,,,,,,2,,,,,,,,,,,,,,,13,290.015.387.461.791
583620,1,3,13,95,2,,,,,,,,1,2,,2,,,,,,1200000,2,1,2,,2,13,290.015.387.461.791
583621,1,1,13,95,2,,,,,,,,2,,,,,,,,,,,,,,,13,309.094.303.374.879
583621,1,2,13,95,2,,,,,,,,2,,,,,,,,,,,,,,,13,309.094.303.374.879
583621,1,3,13,95,2,,,,,,,,2,,,,,,,,,,,,,,,13,309.094.303.374.879
583621,1,4,13,95,2,,,,,,,,2,,,,,,,,,,,,,,,13,309.094.303.374.879
583623,1,1,13,95,1,,1,1,,400000,220000,2,2,,,,,,,,,,,,,,,13,51.348.931.867.794
583624,1,1,13,95,2,,,,,,,,2,,,,,,,,,,,,,,,13,27.430.877.227.287
583624,1,2,13,95,2,,,,,,,,2,,,,,,,,,,,,,,,13,27.430.877.227.287
583624,1,3,13,95,2,,,,,,,,2,,,,,,,,,,,,,,,13,27.430.877.227.287
583624,1,4,13,95,2,,,,,,,,2,,,,,,,,,,,,,,,13,27.430.877.227.287
583626,1,1,13,95,1,,1,2,,,750000,2,2,,,,,,,,,,,,,,,13,587.933.877.933.485
583626,1,2,13,95,2,,,,,,,,2,,,,,,,,,,,,,,,13,587.933.877.933.485
583626,1,3,13,95,2,,,,,,,,2,,,,,,,,,,,,,,,13,587.933.877.933.485
583627,1,1,13,95,2,,,,,,,,2,,,,,,,,,,,,,,,13,342.669.334.791.234
583627,1,2,13,95,2,,,,,,,,2,,,,,,,,,,,,,,,13,342.669.334.791.234
583627,1,3,13,95,2,,,,,,,,2,,,,,,,,,,,,,,,13,342.669.334.791.234
583627,1,4,13,95,2,,,,,,,,2,,,,,,,,,,,,,,,13,342.669.334.791.234
583627,1,5,13,95,2,,,,,,,,2,,,,,,,,,,,,,,,13,342.669.334.791.234
583628,1,1,13,95,2,,,,,,,,2,,,,,,,,,,,,,,,13,289.878.918.383.874
583628,1,2,13,95,1,,2,1,,600000,,2,2,,,,,,,,,,,,,,,13,289.878.918.383.874
583628,1,3,13,95,2,,,,,,,,2,,,,,,,,,,,,,,,13,289.878.918.383.874
583628,1,4,13,95,2,,,,,,,,2,,,,,,,,,,,,,,,13,289.878.918.383.874
583629,1,1,13,95,2,,,,,,,,2,,,,,,,,,,,,,,,13,319.402.281.157.767
583629,1,2,13,95,2,,,,,,,,2,,,,,,,,,,,,,,,13,319.402.281.157.767
583630,1,1,13,95,1,,1,2,,,600000,2,2,,,,,,,,,,,,,,,13,279.331.111.777.032
583630,1,2,13,95,2,,,,,,,,2,,,,,,,,,,,,,,,13,279.331.111.777.032
583631,1,1,13,95,2,,,,,,,,2,,,,,,,,,,,,,,,13,257.202.453.563.177
583631,1,2,13,95,2,,,,,,,,2,,,,,,,,,,,,,,,13,257.202.453.563.177
583632,1,1,13,95,2,,,,,,,,2,,,,,,,,,,,,,,,13,242.944.825.479.465
583632,1,2,13,95,2,,,,,,,,2,,,,,,,,,,,,,,,13,242.944.825.479.465
583633,1,1,13,95,1,,2,1,,391000,,2,2,,,,,,,,,,,,,,,13,520.334.330.142.468
583633,1,2,13,95,2,,,,,,,,2,,,,,,,,,,,,,,,13,520.334.330.142.468
583633,1,3,13,95,2,,,,,,,,2,,,,,,,,,,,,,,,13,520.334.330.142.468
583633,1,4,13,95,2,,,,,,,,2,,,,,,,,,,,,,,,13,520.334.330.142.468
583633,1,5,13,95,2,,,,,,,,2,,,,,,,,,,,,,,,13,520.334.330.142.468
583633,1,6,13,95,2,,,,,,,,2,,,,,,,,,,,,,,,13,520.334.330.142.468
583634,1,1,13,95,2,,,,,,,,2,,,,,,,,,,,,,,,13,507.774.618.175.952
583635,1,1,13,95,2,,,,,,,,1,1,,2,,,,,2400000,4800000,2,1,2,,2,13,5.375.257.139.487
583635,1,2,13,95,2,,,,,,,,2,,,,,,,,,,,,,,,13,5.375.257.139.487
583635,1,3,13,95,2,,,,,,,,2,,,,,,,,,,,,,,,13,5.375.257.139.487
583636,1,1,13,95,2,,,,,,,,2,,,,,,,,,,,,,,,13,299.208.550.971.728
583636,1,2,13,95,2,,,,,,,,2,,,,,,,,,,,,,,,13,299.208.550.971.728
583636,1,3,13,95,2,,,,,,,,2,,,,,,,,,,,,,,,13,299.208.550.971.728
583636,1,4,13,95,2,,,,,,,,2,,,,,,,,,,,,,,,13,299.208.550.971.728
583636,1,5,13,95,2,,,,,,,,1,2,,2,,,,,,3600000,2,1,2,,2,13,299.208.550.971.728
583637,1,1,13,95,2,,,,,,,,2,,,,,,,,,,,,,,,13,297.567.643.882.192
583637,1,2,13,95,2,,,,,,,,2,,,,,,,,,,,,,,,13,297.567.643.882.192
583637,1,3,13,95,2,,,,,,,,2,,,,,,,,,,,,,,,13,297.567.643.882.192
583637,1,4,13,95,2,,,,,,,,2,,,,,,,,,,,,,,,13,297.567.643.882.192
583638,1,1,13,95,2,,,,,,,,2,,,,,,,,,,,,,,,13,179.251.565.563.363
583638,1,2,13,95,2,,,,,,,,2,,,,,,,,,,,,,,,13,179.251.565.563.363
583638,1,3,13,95,2,,,,,,,,2,,,,,,,,,,,,,,,13,179.251.565.563.363
583638,1,4,13,95,2,,,,,,,,2,,,,,,,,,,,,,,,13,179.251.565.563.363
583638,1,5,13,95,2,,,,,,,,2,,,,,,,,,,,,,,,13,179.251.565.563.363
583638,1,6,13,95,2,,,,,,,,2,,,,,,,,,,,,,,,13,179.251.565.563.363
583638,1,10,13,95,2,,,,,,,,2,,,,,,,,,,,,,,,13,179.251.565.563.363
583638,1,11,13,95,2,,,,,,,,2,,,,,,,,,,,,,,,13,179.251.565.563.363
583638,1,14,13,95,2,,,,,,,,2,,,,,,,,,,,,,,,13,179.251.565.563.363
583638,2,1,13,95,2,,,,,,,,2,,,,,,,,,,,,,,,13,179.251.565.563.363
583638,2,2,13,95,2,,,,,,,,2,,,,,,,,,,,,,,,13,179.251.565.563.363
583638,2,3,13,95,2,,,,,,,,2,,,,,,,,,,,,,,,13,179.251.565.563.363
583638,2,4,13,95,2,,,,,,,,2,,,,,,,,,,,,,,,13,179.251.565.563.363
583638,2,7,13,95,2,,,,,,,,2,,,,,,,,,,,,,,,13,179.251.565.563.363
583638,2,8,13,95,2,,,,,,,,2,,,,,,,,,,,,,,,13,179.251.565.563.363
583639,1,1,13,95,2,,,,,,,,2,,,,,,,,,,,,,,,13,259.527.489.958.182
583639,1,2,13,95,2,,,,,,,,2,,,,,,,,,,,,,,,13,259.527.489.958.182
583639,2,1,13,95,2,,,,,,,,2,,,,,,,,,,,,,,,13,259.527.489.958.182
583639,2,2,13,95,2,,,,,,,,2,,,,,,,,,,,,,,,13,259.527.489.958.182
583640,1,1,13,95,2,,,,,,,,2,,,,,,,,,,,,,,,13,242.944.825.479.465
583640,1,2,13,95,2,,,,,,,,2,,,,,,,,,,,,,,,13,242.944.825.479.465
583641,1,1,13,95,2,,,,,,,,2,,,,,,,,,,,,,,,13,290.699.123.138.432
583641,1,2,13,95,2,,,,,,,,2,,,,,,,,,,,,,,,13,290.699.123.138.432
583641,1,3,13,95,2,,,,,,,,2,,,,,,,,,,,,,,,13,290.699.123.138.432
583641,1,4,13,95,2,,,,,,,,2,,,,,,,,,,,,,,,13,290.699.123.138.432
583642,1,1,13,95,2,,,,,,,,2,,,,,,,,,,,,,,,13,228.687.197.395.753
583642,1,2,13,95,2,,,,,,,,2,,,,,,,,,,,,,,,13,228.687.197.395.753
583644,1,1,13,95,1,,2,1,,2000000,,2,2,,,,,,,,,,,,,,,13,55.217.532.038.264
583644,1,2,13,95,1,,1,2,,,300000,2,2,,,,,,,,,,,,,,,13,55.217.532.038.264
583644,1,3,13,95,2,,,,,,,,2,,,,,,,,,,,,,,,13,55.217.532.038.264
583644,1,4,13,95,2,,,,,,,,2,,,,,,,,,,,,,,,13,55.217.532.038.264
583645,1,1,13,95,1,,1,2,,,700000,2,2,,,,,,,,,,,,,,,13,548.922.059.852.867
583645,1,2,13,95,2,,,,,,,,2,,,,,,,,,,,,,,,13,548.922.059.852.867
583645,1,3,13,95,2,,,,,,,,2,,,,,,,,,,,,,,,13,548.922.059.852.867
583645,1,4,13,95,2,,,,,,,,2,,,,,,,,,,,,,,,13,548.922.059.852.867
583645,1,5,13,95,2,,,,,,,,2,,,,,,,,,,,,,,,13,548.922.059.852.867
583647,1,1,13,95,2,,,,,,,,2,,,,,,,,,,,,,,,13,35.073.638.933.391
583647,1,2,13,95,1,,2,1,,433700,,2,2,,,,,,,,,,,,,,,13,35.073.638.933.391
583647,1,3,13,95,2,,,,,,,,2,,,,,,,,,,,,,,,13,35.073.638.933.391
583647,1,4,13,95,2,,,,,,,,2,,,,,,,,,,,,,,,13,35.073.638.933.391
583647,1,5,13,95,2,,,,,,,,2,,,,,,,,,,,,,,,13,35.073.638.933.391
583648,1,1,13,95,2,,,,,,,,2,,,,,,,,,,,,,,,13,309.099.267.153.661
583648,1,2,13,95,2,,,,,,,,2,,,,,,,,,,,,,,,13,309.099.267.153.661
583648,1,3,13,95,2,,,,,,,,2,,,,,,,,,,,,,,,13,309.099.267.153.661
583648,1,4,13,95,2,,,,,,,,2,,,,,,,,,,,,,,,13,309.099.267.153.661
583649,1,1,13,95,1,,2,1,,800000,,2,2,,,,,,,,,,,,,,,13,279.796.118.187.536
583649,1,2,13,95,2,,,,,,,,2,,,,,,,,,,,,,,,13,279.796.118.187.536
583649,1,3,13,95,2,,,,,,,,2,,,,,,,,,,,,,,,13,279.796.118.187.536
583650,1,1,13,95,2,,,,,,,,1,2,,2,,,,,,5000000,2,1,2,,2,13,316.645.048.044.283
583650,1,2,13,95,2,,,,,,,,2,,,,,,,,,,,,,,,13,316.645.048.044.283
583650,1,3,13,95,2,,,,,,,,2,,,,,,,,,,,,,,,13,316.645.048.044.283
583650,1,4,13,95,2,,,,,,,,2,,,,,,,,,,,,,,,13,316.645.048.044.283
583650,1,5,13,95,2,,,,,,,,2,,,,,,,,,,,,,,,13,316.645.048.044.283
583651,1,1,13,95,2,,,,,,,,2,,,,,,,,,,,,,,,13,287.067.663.502.661
583651,1,2,13,95,2,,,,,,,,2,,,,,,,,,,,,,,,13,287.067.663.502.661
583651,1,3,13,95,2,,,,,,,,2,,,,,,,,,,,,,,,13,287.067.663.502.661
583651,1,4,13,95,2,,,,,,,,2,,,,,,,,,,,,,,,13,287.067.663.502.661
583651,1,7,13,95,2,,,,,,,,2,,,,,,,,,,,,,,,13,287.067.663.502.661
583652,1,1,13,95,1,,2,1,,800000,,2,2,,,,,,,,,,,,,,,13,278.968.701.246.681
583652,1,2,13,95,2,,,,,,,,2,,,,,,,,,,,,,,,13,278.968.701.246.681
583652,1,3,13,95,2,,,,,,,,2,,,,,,,,,,,,,,,13,278.968.701.246.681
583653,1,1,13,95,2,,,,,,,,2,,,,,,,,,,,,,,,13,273.399.095.143.794
583653,1,2,13,95,2,,,,,,,,2,,,,,,,,,,,,,,,13,273.399.095.143.794
583653,1,3,13,95,2,,,,,,,,1,2,,2,,,,,,4500000,2,1,2,,2,13,273.399.095.143.794
583654,1,1,13,95,2,,,,,,,,2,,,,,,,,,,,,,,,13,299.663.229.109.409
583654,1,2,13,95,2,,,,,,,,2,,,,,,,,,,,,,,,13,299.663.229.109.409
583655,1,1,13,95,2,,,,,,,,2,,,,,,,,,,,,,,,13,257.202.453.563.177
583655,1,2,13,95,2,,,,,,,,2,,,,,,,,,,,,,,,13,257.202.453.563.177
583656,1,1,13,95,2,,,,,,,,2,,,,,,,,,,,,,,,13,348.845.265.717.514
583656,1,2,13,95,2,,,,,,,,2,,,,,,,,,,,,,,,13,348.845.265.717.514
583656,1,3,13,95,2,,,,,,,,2,,,,,,,,,,,,,,,13,348.845.265.717.514
583656,1,4,13,95,2,,,,,,,,2,,,,,,,,,,,,,,,13,348.845.265.717.514
583656,1,5,13,95,2,,,,,,,,2,,,,,,,,,,,,,,,13,348.845.265.717.514
583656,1,6,13,95,2,,,,,,,,2,,,,,,,,,,,,,,,13,348.845.265.717.514
583657,1,1,13,95,2,,,,,,,,2,,,,,,,,,,,,,,,13,249.071.224.835.879
583657,1,2,13,95,2,,,,,,,,2,,,,,,,,,,,,,,,13,249.071.224.835.879
583658,1,1,13,95,2,,,,,,,,2,,,,,,,,,,,,,,,13,261.212.112.304.946
583658,1,2,13,95,2,,,,,,,,2,,,,,,,,,,,,,,,13,261.212.112.304.946
583659,1,1,13,95,2,,,,,,,,2,,,,,,,,,,,,,,,13,502.152.108.413.527
583659,1,2,13,95,2,,,,,,,,2,,,,,,,,,,,,,,,13,502.152.108.413.527
583660,1,1,13,95,1,,2,1,,1700000,,2,2,,,,,,,,,,,,,,,13,621.166.462.569.478
583660,1,2,13,95,2,,,,,,,,2,,,,,,,,,,,,,,,13,621.166.462.569.478
583660,1,3,13,95,2,,,,,,,,2,,,,,,,,,,,,,,,13,621.166.462.569.478
583661,1,1,13,95,2,,,,,,,,2,,,,,,,,,,,,,,,13,521.263.256.494.104
583661,1,2,13,95,1,,2,1,,1200000,,2,2,,,,,,,,,,,,,,,13,521.263.256.494.104
583661,1,3,13,95,2,,,,,,,,2,,,,,,,,,,,,,,,13,521.263.256.494.104
583662,1,1,17,95,1,,1,2,,,1270000,2,2,,,,,,,,,,,,,,,17,190.462.603.360.687
583662,1,2,17,95,2,,,,,,,,2,,,,,,,,,,,,,,,17,190.462.603.360.687
583662,1,3,17,95,2,,,,,,,,2,,,,,,,,,,,,,,,17,190.462.603.360.687
583662,1,4,17,95,2,,,,,,,,2,,,,,,,,,,,,,,,17,190.462.603.360.687
583662,2,1,17,95,2,,,,,,,,1,2,,2,,,,,,6400000,2,1,2,,2,17,190.462.603.360.687
583662,3,1,17,95,2,,,,,,,,1,2,,2,,,,,,6000000,2,1,2,,2,17,190.462.603.360.687
583663,1,1,17,95,1,,1,2,,,150000,2,1,2,,2,,,,,,2000000,2,1,2,,2,17,131.429.355.930.227
583663,1,2,17,95,2,,,,,,,,2,,,,,,,,,,,,,,,17,131.429.355.930.227
583663,1,3,17,95,2,,,,,,,,2,,,,,,,,,,,,,,,17,131.429.355.930.227
583664,1,1,17,95,1,,1,2,,,220000,2,1,2,,2,,,,,,2000000,2,1,2,,2,17,135.192.831.008.067
583665,1,1,17,95,1,,2,1,,2000000,,2,2,,,,,,,,,,,,,,,17,117.766.862.976.907
583665,1,2,17,95,2,,,,,,,,2,,,,,,,,,,,,,,,17,117.766.862.976.907
583666,1,1,17,95,2,,,,,,,,1,2,,2,,,,,,2400000,2,1,2,,2,17,120.916.782.872.615
583667,1,1,17,95,1,,1,2,,,140000,2,1,2,,2,,,,,,12000000,2,1,2,,2,17,136.077.584.938.091
583667,1,2,17,95,2,,,,,,,,1,2,,2,,,,,,4800000,2,1,2,,2,17,136.077.584.938.091
583667,1,3,17,95,2,,,,,,,,2,,,,,,,,,,,,,,,17,136.077.584.938.091
583668,1,1,17,95,2,,,,,,,,2,,,,,,,,,,,,,,,17,150.804.978.940.757
583668,1,2,17,95,2,,,,,,,,2,,,,,,,,,,,,,,,17,150.804.978.940.757
583668,1,6,17,95,2,,,,,,,,2,,,,,,,,,,,,,,,17,150.804.978.940.757
583668,1,7,17,95,2,,,,,,,,1,2,,2,,,,,,1200000,2,1,2,,2,17,150.804.978.940.757
583669,1,1,17,95,2,,,,,,,,2,,,,,,,,,,,,,,,17,126.012.718.543.374
583669,1,2,17,95,2,,,,,,,,2,,,,,,,,,,,,,,,17,126.012.718.543.374
583669,1,3,17,95,2,,,,,,,,2,,,,,,,,,,,,,,,17,126.012.718.543.374
583670,1,1,17,95,1,,2,1,,1600000,,2,2,,,,,,,,,,,,,,,17,918.215.798.686.213
583670,1,2,17,95,2,,,,,,,,2,,,,,,,,,,,,,,,17,918.215.798.686.213
583671,1,1,17,95,2,,,,,,,,2,,,,,,,,,,,,,,,17,495.534.352.919.903
583671,1,2,17,95,2,,,,,,,,1,2,,2,15000000,,,,,,2,2,1,,2,17,495.534.352.919.903
583671,1,3,17,95,2,,,,,,,,2,,,,,,,,,,,,,,,17,495.534.352.919.903
583672,1,1,17,95,1,,1,2,,,500000,2,2,,,,,,,,,,,,,,,17,238.596.179.941.512
583672,1,2,17,95,2,,,,,,,,2,,,,,,,,,,,,,,,17,238.596.179.941.512
583673,1,1,17,95,1,,2,1,,525000,,2,2,,,,,,,,,,,,,,,17,263.142.711.686.188
583673,1,2,17,95,2,,,,,,,,2,,,,,,,,,,,,,,,17,263.142.711.686.188
583673,1,3,17,95,2,,,,,,,,2,,,,,,,,,,,,,,,17,263.142.711.686.188
583674,1,1,17,95,2,,,,,,,,1,2,,1,,,2100000,,,,2,2,2,,2,17,149.897.404.554.897
583674,1,2,17,95,2,,,,,,,,2,,,,,,,,,,,,,,,17,149.897.404.554.897
583674,1,3,17,95,2,,,,,,,,2,,,,,,,,,,,,,,,17,149.897.404.554.897
583674,1,4,17,95,2,,,,,,,,2,,,,,,,,,,,,,,,17,149.897.404.554.897
583674,1,6,17,95,1,,2,1,,433700,,2,2,,,,,,,,,,,,,,,17,149.897.404.554.897
583675,1,1,17,95,2,,,,,,,,2,,,,,,,,,,,,,,,17,108.071.704.733.042
583675,1,2,17,95,2,,,,,,,,2,,,,,,,,,,,,,,,17,108.071.704.733.042
583675,1,3,17,95,2,,,,,,,,2,,,,,,,,,,,,,,,17,108.071.704.733.042
583675,1,5,17,95,2,,,,,,,,2,,,,,,,,,,,,,,,17,108.071.704.733.042
583675,1,6,17,95,2,,,,,,,,2,,,,,,,,,,,,,,,17,108.071.704.733.042
583676,1,1,17,95,1,,1,1,,867400,200000,2,2,,,,,,,,,,,,,,,17,734.381.890.932.774
583676,1,2,17,95,2,,,,,,,,2,,,,,,,,,,,,,,,17,734.381.890.932.774
583676,1,3,17,95,2,,,,,,,,2,,,,,,,,,,,,,,,17,734.381.890.932.774
583677,1,1,17,95,1,,1,1,,433700,130000,2,2,,,,,,,,,,,,,,,17,115.032.493.402.218
583677,1,2,17,95,2,,,,,,,,1,2,,2,,,,,,1500000,2,1,2,,2,17,115.032.493.402.218
583677,1,3,17,95,2,,,,,,,,2,,,,,,,,,,,,,,,17,115.032.493.402.218
583677,1,4,17,95,2,,,,,,,,2,,,,,,,,,,,,,,,17,115.032.493.402.218
583678,1,1,17,95,2,,,,,,,,1,2,,2,,,,,,2400000,2,1,2,,2,17,148.855.323.961.387
583678,1,2,17,95,2,,,,,,,,1,2,,2,,,,,,1500000,2,1,2,,2,17,148.855.323.961.387
583679,1,1,17,95,1,,1,1,,1056000,230000,2,2,,,,,,,,,,,,,,,17,1.506.517.838.534
583679,1,2,17,95,2,,,,,,,,2,,,,,,,,,,,,,,,17,1.506.517.838.534
583679,1,3,17,95,2,,,,,,,,2,,,,,,,,,,,,,,,17,1.506.517.838.534
583681,1,1,17,95,2,,,,,,,,2,,,,,,,,,,,,,,,17,181.426.295.968.852
583681,1,2,17,95,2,,,,,,,,1,2,,2,,,,,,2000000,2,1,2,,2,17,181.426.295.968.852
583681,1,3,17,95,2,,,,,,,,2,,,,,,,,,,,,,,,17,181.426.295.968.852
583681,1,4,17,95,2,,,,,,,,2,,,,,,,,,,,,,,,17,181.426.295.968.852
583682,1,1,17,95,1,,1,2,,,1000000,2,1,2,,2,,,,,,,2,2,2,15000000,1,17,15.562.296.732.654
583683,1,1,17,95,2,,,,,,,,2,,,,,,,,,,,,,,,17,131.871.732.895.239
583683,1,2,17,95,2,,,,,,,,2,,,,,,,,,,,,,,,17,131.871.732.895.239
583683,1,3,17,95,2,,,,,,,,2,,,,,,,,,,,,,,,17,131.871.732.895.239
583683,1,4,17,95,2,,,,,,,,2,,,,,,,,,,,,,,,17,131.871.732.895.239
583684,1,1,17,95,2,,,,,,,,2,,,,,,,,,,,,,,,17,121.874.205.616.799
583685,1,1,17,95,2,,,,,,,,2,,,,,,,,,,,,,,,17,165.178.117.639.968
583685,1,2,17,95,2,,,,,,,,2,,,,,,,,,,,,,,,17,165.178.117.639.968
583685,1,3,17,95,2,,,,,,,,2,,,,,,,,,,,,,,,17,165.178.117.639.968
583686,1,1,17,95,1,,1,2,,,150000,2,2,,,,,,,,,,,,,,,17,126.455.095.508.386
583686,1,2,17,95,2,,,,,,,,2,,,,,,,,,,,,,,,17,126.455.095.508.386
583686,1,3,17,95,2,,,,,,,,2,,,,,,,,,,,,,,,17,126.455.095.508.386
583686,1,4,17,95,2,,,,,,,,2,,,,,,,,,,,,,,,17,126.455.095.508.386
583687,1,1,17,95,2,,,,,,,,2,,,,,,,,,,,,,,,17,122.137.274.596.272
583687,1,2,17,95,2,,,,,,,,1,2,,1,,,108000,,,,2,2,2,,2,17,122.137.274.596.272
583687,1,5,17,95,2,,,,,,,,2,,,,,,,,,,,,,,,17,122.137.274.596.272
583688,1,1,17,95,2,,,,,,,,2,,,,,,,,,,,,,,,17,109.247.547.899.781
583689,1,1,17,95,2,,,,,,,,1,2,,2,,,,,,500000,2,1,2,,2,17,121.696.297.666.528
583689,1,2,17,95,2,,,,,,,,2,,,,,,,,,,,,,,,17,121.696.297.666.528
583691,1,1,17,95,1,,2,1,,1300000,,2,2,,,,,,,,,,,,,,,17,112.634.758.476.554
583691,1,2,17,95,2,,,,,,,,2,,,,,,,,,,,,,,,17,112.634.758.476.554
583691,1,3,17,95,2,,,,,,,,2,,,,,,,,,,,,,,,17,112.634.758.476.554
583691,1,4,17,95,2,,,,,,,,2,,,,,,,,,,,,,,,17,112.634.758.476.554
583691,1,5,17,95,2,,,,,,,,2,,,,,,,,,,,,,,,17,112.634.758.476.554
583691,1,6,17,95,2,,,,,,,,2,,,,,,,,,,,,,,,17,112.634.758.476.554
583692,1,1,17,95,2,,,,,,,,2,,,,,,,,,,,,,,,17,126.455.095.508.386
583692,1,2,17,95,2,,,,,,,,2,,,,,,,,,,,,,,,17,126.455.095.508.386
583692,1,3,17,95,2,,,,,,,,2,,,,,,,,,,,,,,,17,126.455.095.508.386
583692,1,4,17,95,2,,,,,,,,2,,,,,,,,,,,,,,,17,126.455.095.508.386
583693,1,1,17,95,2,,,,,,,,2,,,,,,,,,,,,,,,17,177.732.106.542.826
583693,1,2,17,95,2,,,,,,,,2,,,,,,,,,,,,,,,17,177.732.106.542.826
583693,1,3,17,95,2,,,,,,,,2,,,,,,,,,,,,,,,17,177.732.106.542.826
583693,1,4,17,95,2,,,,,,,,2,,,,,,,,,,,,,,,17,177.732.106.542.826
583693,1,5,17,95,2,,,,,,,,2,,,,,,,,,,,,,,,17,177.732.106.542.826
583694,1,1,17,95,2,,,,,,,,2,,,,,,,,,,,,,,,17,204.785.893.701.573
583694,1,2,17,95,2,,,,,,,,2,,,,,,,,,,,,,,,17,204.785.893.701.573
583694,1,3,17,95,2,,,,,,,,2,,,,,,,,,,,,,,,17,204.785.893.701.573
583694,1,4,17,95,2,,,,,,,,2,,,,,,,,,,,,,,,17,204.785.893.701.573
583695,1,1,17,95,2,,,,,,,,2,,,,,,,,,,,,,,,17,141.893.135.256.943
583695,1,2,17,95,2,,,,,,,,2,,,,,,,,,,,,,,,17,141.893.135.256.943
583695,1,3,17,95,2,,,,,,,,2,,,,,,,,,,,,,,,17,141.893.135.256.943
583696,1,1,17,95,1,,1,2,,,100000,2,1,2,,2,,,,204000,,6000000,1,1,2,,2,17,105.582.582.224.901
583696,1,2,17,95,2,,,,,,,,1,1,,2,,,,,1728000,,2,2,2,,2,17,105.582.582.224.901
583696,1,3,17,95,1,,1,2,,,200000,2,2,,,,,,,,,,,,,,,17,105.582.582.224.901
583698,1,1,17,95,1,,2,1,,433700,,2,2,,,,,,,,,,,,,,,17,918.215.798.686.213
583698,1,2,17,95,2,,,,,,,,1,2,,2,,,,60000,,,1,2,2,,2,17,918.215.798.686.213
583699,1,1,17,95,1,,1,2,,,800000,2,2,,,,,,,,,,,,,,,17,121.905.375.903.482
583699,1,2,17,95,1,,1,2,,,1700000,2,2,,,,,,,,,,,,,,,17,121.905.375.903.482
583699,1,3,17,95,2,,,,,,,,2,,,,,,,,,,,,,,,17,121.905.375.903.482
583699,1,4,17,95,2,,,,,,,,2,,,,,,,,,,,,,,,17,121.905.375.903.482
583700,1,1,17,95,1,,1,2,,,3000000,2,1,2,,2,,,,24000000,,,1,2,2,,2,17,877.142.372.287.295
583700,1,2,17,95,2,,,,,,,,2,,,,,,,,,,,,,,,17,877.142.372.287.295
583700,1,3,17,95,2,,,,,,,,2,,,,,,,,,,,,,,,17,877.142.372.287.295
583701,1,1,17,95,1,,2,1,,1951000,,2,1,2,,1,,,14000000,,,,2,2,2,,2,17,119.813.608.520.036
583701,1,2,17,95,2,,,,,,,,2,,,,,,,,,,,,,,,17,119.813.608.520.036
583701,1,3,17,95,2,,,,,,,,2,,,,,,,,,,,,,,,17,119.813.608.520.036
583703,1,1,17,95,2,,,,,,,,1,2,,2,,,,1000000,,,1,2,2,,2,17,165.178.117.639.968
583703,1,2,17,95,1,,1,2,,,160000,2,2,,,,,,,,,,,,,,,17,165.178.117.639.968
583703,1,3,17,95,2,,,,,,,,2,,,,,,,,,,,,,,,17,165.178.117.639.968
583704,1,1,17,95,2,,,,,,,,1,2,,1,,,7000000,,,,2,2,2,,2,17,459.599.871.847.031
583704,1,2,17,95,2,,,,,,,,2,,,,,,,,,,,,,,,17,459.599.871.847.031
583704,1,3,17,95,2,,,,,,,,2,,,,,,,,,,,,,,,17,459.599.871.847.031
583704,1,4,17,95,2,,,,,,,,2,,,,,,,,,,,,,,,17,459.599.871.847.031
583704,1,5,17,95,2,,,,,,,,2,,,,,,,,,,,,,,,17,459.599.871.847.031
583704,1,6,17,95,2,,,,,,,,2,,,,,,,,,,,,,,,17,459.599.871.847.031
583704,1,7,17,95,2,,,,,,,,2,,,,,,,,,,,,,,,17,459.599.871.847.031
583705,1,1,17,95,2,,,,,,,,1,2,,2,8400000,,,,,,2,2,1,,2,17,330.396.905.489.415
583705,1,2,17,95,2,,,,,,,,2,,,,,,,,,,,,,,,17,330.396.905.489.415
583705,1,3,17,95,2,,,,,,,,2,,,,,,,,,,,,,,,17,330.396.905.489.415
583706,1,1,17,95,2,,,,,,,,1,2,,1,,,1000000,,,,2,2,2,,2,17,411.718.729.653.589
583706,1,2,17,95,2,,,,,,,,2,,,,,,,,,,,,,,,17,411.718.729.653.589
583707,1,1,17,95,2,,,,,,,,2,,,,,,,,,,,,,,,17,327.742.643.699.343
583708,1,1,17,95,1,,2,1,,1300000,,2,2,,,,,,,,,,,,,,,17,188.516.587.585.636
583708,1,2,17,95,2,,,,,,,,2,,,,,,,,,,,,,,,17,188.516.587.585.636
583708,1,3,17,95,2,,,,,,,,2,,,,,,,,,,,,,,,17,188.516.587.585.636
583709,1,1,17,95,1,,2,1,,530000,,2,2,,,,,,,,,,,,,,,17,696.500.868.239.795
583709,1,2,17,95,2,,,,,,,,2,,,,,,,,,,,,,,,17,696.500.868.239.795
583709,1,3,17,95,2,,,,,,,,2,,,,,,,,,,,,,,,17,696.500.868.239.795
583710,1,1,17,95,1,,1,2,,,200000,2,2,,,,,,,,,,,,,,,17,104.479.407.872.322
583710,1,2,17,95,2,,,,,,,,2,,,,,,,,,,,,,,,17,104.479.407.872.322
583710,1,3,17,95,2,,,,,,,,1,2,,1,,,800000,,,,2,2,2,,2,17,104.479.407.872.322
583710,1,4,17,95,2,,,,,,,,2,,,,,,,,,,,,,,,17,104.479.407.872.322
583710,1,5,17,95,2,,,,,,,,1,2,,2,900000,,,,,,2,2,1,,2,17,104.479.407.872.322
583711,1,1,17,95,1,,2,1,,433700,,2,2,,,,,,,,,,,,,,,17,877.142.372.287.295
583711,1,2,17,95,2,,,,,,,,2,,,,,,,,,,,,,,,17,877.142.372.287.295
583711,1,3,17,95,2,,,,,,,,2,,,,,,,,,,,,,,,17,877.142.372.287.295
583712,1,1,17,95,2,,,,,,,,2,,,,,,,,,,,,,,,17,116.148.642.845.157
583712,1,2,17,95,2,,,,,,,,2,,,,,,,,,,,,,,,17,116.148.642.845.157
583712,1,3,17,95,2,,,,,,,,2,,,,,,,,,,,,,,,17,116.148.642.845.157
583712,1,5,17,95,2,,,,,,,,2,,,,,,,,,,,,,,,17,116.148.642.845.157
583712,1,6,17,95,2,,,,,,,,2,,,,,,,,,,,,,,,17,116.148.642.845.157
583715,1,1,17,95,2,,,,,,,,1,2,,2,,,,500000,,,1,2,2,,2,17,124.854.652.592.744
583716,1,1,17,95,2,,,,,,,,2,,,,,,,,,,,,,,,17,108.071.704.733.042
583716,1,2,17,95,2,,,,,,,,2,,,,,,,,,,,,,,,17,108.071.704.733.042
583716,1,3,17,95,2,,,,,,,,2,,,,,,,,,,,,,,,17,108.071.704.733.042
583716,1,4,17,95,2,,,,,,,,2,,,,,,,,,,,,,,,17,108.071.704.733.042
583716,1,6,17,95,2,,,,,,,,2,,,,,,,,,,,,,,,17,108.071.704.733.042
583718,1,1,17,95,1,,1,2,,,550000,2,2,,,,,,,,,,,,,,,17,135.635.207.973.079
583718,1,2,17,95,2,,,,,,,,2,,,,,,,,,,,,,,,17,135.635.207.973.079
583719,1,1,17,95,2,,,,,,,,1,2,,2,,,,,,7200000,2,1,2,,2,17,200.132.334.995.826
583719,1,2,17,95,2,,,,,,,,1,2,,2,1080000,,,,,,2,2,1,,2,17,200.132.334.995.826
583719,1,3,17,95,2,,,,,,,,1,2,,2,180000,,,,,,2,2,1,,2,17,200.132.334.995.826
583720,1,1,17,95,1,,1,1,,433700,170000,2,2,,,,,,,,,,,,,,,17,104.374.168.736.211
583720,1,2,17,95,2,,,,,,,,1,2,,2,,,,500000,,,1,2,2,,2,17,104.374.168.736.211
583720,1,3,17,95,2,,,,,,,,1,2,,1,900000,,60000,,,,2,2,1,,2,17,104.374.168.736.211
583720,1,4,17,95,2,,,,,,,,1,2,,1,,,500000,,,,2,2,2,,2,17,104.374.168.736.211
583721,1,1,17,95,2,,,,,,,,2,,,,,,,,,,,,,,,17,100.340.894.945.748
583721,1,2,17,95,2,,,,,,,,1,2,,2,,,,,,300000,2,1,2,,2,17,100.340.894.945.748
583721,1,3,17,95,2,,,,,,,,2,,,,,,,,,,,,,,,17,100.340.894.945.748
583722,1,1,17,95,2,,,,,,,,2,,,,,,,,,,,,,,,17,161.357.561.290.777
583722,1,2,17,95,2,,,,,,,,2,,,,,,,,,,,,,,,17,161.357.561.290.777
583722,1,3,17,95,2,,,,,,,,2,,,,,,,,,,,,,,,17,161.357.561.290.777
583723,1,1,17,95,2,,,,,,,,2,,,,,,,,,,,,,,,17,16.562.049.460.498
583723,1,2,17,95,2,,,,,,,,2,,,,,,,,,,,,,,,17,16.562.049.460.498
583723,1,3,17,95,2,,,,,,,,2,,,,,,,,,,,,,,,17,16.562.049.460.498
583723,1,4,17,95,2,,,,,,,,2,,,,,,,,,,,,,,,17,16.562.049.460.498
583724,1,1,17,95,2,,,,,,,,1,2,,2,,,,12000000,,,1,2,2,,2,17,105.582.582.224.901
583724,1,2,17,95,2,,,,,,,,1,2,,2,,,,2000000,,,1,2,2,,2,17,105.582.582.224.901
583724,1,3,17,95,2,,,,,,,,2,,,,,,,,,,,,,,,17,105.582.582.224.901
583725,1,1,17,95,1,,2,1,,700000,,2,2,,,,,,,,,,,,,,,17,150.412.450.334.069
583725,1,2,17,95,2,,,,,,,,2,,,,,,,,,,,,,,,17,150.412.450.334.069
583725,1,3,17,95,2,,,,,,,,2,,,,,,,,,,,,,,,17,150.412.450.334.069
583725,1,4,17,95,2,,,,,,,,2,,,,,,,,,,,,,,,17,150.412.450.334.069
583726,1,1,17,95,2,,,,,,,,2,,,,,,,,,,,,,,,17,16.562.049.460.498
583726,1,2,17,95,2,,,,,,,,2,,,,,,,,,,,,,,,17,16.562.049.460.498
583726,1,3,17,95,2,,,,,,,,2,,,,,,,,,,,,,,,17,16.562.049.460.498
583726,1,4,17,95,2,,,,,,,,2,,,,,,,,,,,,,,,17,16.562.049.460.498
583727,1,1,17,95,1,,1,1,,620000,250000,2,2,,,,,,,,,,,,,,,17,131.429.355.930.227
583727,1,2,17,95,2,,,,,,,,2,,,,,,,,,,,,,,,17,131.429.355.930.227
583727,1,3,17,95,2,,,,,,,,1,2,,2,,,,,,3600000,2,1,2,,2,17,131.429.355.930.227
583728,1,1,17,95,2,,,,,,,,1,2,,2,4000000,,,,,,2,2,1,,2,17,734.381.890.932.774
583728,1,3,17,95,1,,2,1,,510000,,2,2,,,,,,,,,,,,,,,17,734.381.890.932.774
583728,1,4,17,95,2,,,,,,,,1,2,,2,,,,,,1200000,2,1,2,,2,17,734.381.890.932.774
583729,1,1,17,95,1,,2,1,,433700,,2,2,,,,,,,,,,,,,,,17,104.374.168.736.211
583729,1,2,17,95,2,,,,,,,,2,,,,,,,,,,,,,,,17,104.374.168.736.211
583729,1,3,17,95,2,,,,,,,,2,,,,,,,,,,,,,,,17,104.374.168.736.211
583729,1,4,17,95,2,,,,,,,,2,,,,,,,,,,,,,,,17,104.374.168.736.211
583730,1,1,17,95,2,,,,,,,,2,,,,,,,,,,,,,,,17,131.871.732.895.239
583730,1,2,17,95,1,,2,1,,1200000,,2,2,,,,,,,,,,,,,,,17,131.871.732.895.239
583730,1,3,17,95,2,,,,,,,,2,,,,,,,,,,,,,,,17,131.871.732.895.239
583730,1,4,17,95,2,,,,,,,,2,,,,,,,,,,,,,,,17,131.871.732.895.239
583731,1,1,17,95,2,,,,,,,,2,,,,,,,,,,,,,,,17,125.907.479.407.263
583731,1,2,17,95,2,,,,,,,,2,,,,,,,,,,,,,,,17,125.907.479.407.263
583732,1,1,17,95,2,,,,,,,,2,,,,,,,,,,,,,,,17,1.345.320.336.205
583732,1,2,17,95,1,,2,1,,1400000,,2,2,,,,,,,,,,,,,,,17,1.345.320.336.205
583732,1,3,17,95,2,,,,,,,,2,,,,,,,,,,,,,,,17,1.345.320.336.205
583732,1,4,17,95,2,,,,,,,,2,,,,,,,,,,,,,,,17,1.345.320.336.205
583733,1,1,17,95,2,,,,,,,,2,,,,,,,,,,,,,,,17,161.407.912.828.977
583733,1,2,17,95,2,,,,,,,,2,,,,,,,,,,,,,,,17,161.407.912.828.977
583733,1,3,17,95,2,,,,,,,,2,,,,,,,,,,,,,,,17,161.407.912.828.977
583733,1,5,17,95,2,,,,,,,,2,,,,,,,,,,,,,,,17,161.407.912.828.977
583734,1,1,17,95,1,,2,1,,600000,,2,2,,,,,,,,,,,,,,,17,108.144.373.547.202
583734,1,2,17,95,2,,,,,,,,2,,,,,,,,,,,,,,,17,108.144.373.547.202
583734,1,3,17,95,2,,,,,,,,2,,,,,,,,,,,,,,,17,108.144.373.547.202
583735,1,1,17,95,2,,,,,,,,2,,,,,,,,,,,,,,,17,156.402.482.120.453
583735,1,2,17,95,2,,,,,,,,2,,,,,,,,,,,,,,,17,156.402.482.120.453
583736,1,1,17,95,2,,,,,,,,2,,,,,,,,,,,,,,,17,113.659.520.337.016
583736,1,2,17,95,2,,,,,,,,2,,,,,,,,,,,,,,,17,113.659.520.337.016
583736,1,3,17,95,2,,,,,,,,2,,,,,,,,,,,,,,,17,113.659.520.337.016
583737,1,1,17,95,2,,,,,,,,2,,,,,,,,,,,,,,,17,380.376.700.011.861
583737,1,2,17,95,2,,,,,,,,2,,,,,,,,,,,,,,,17,380.376.700.011.861
583737,1,3,17,95,2,,,,,,,,2,,,,,,,,,,,,,,,17,380.376.700.011.861
583737,1,4,17,95,2,,,,,,,,2,,,,,,,,,,,,,,,17,380.376.700.011.861
583738,1,1,17,95,2,,,,,,,,1,2,,2,,,,,,15600000,2,1,2,,2,17,380.934.437.184.851
583738,1,2,17,95,1,,2,1,,700000,,2,2,,,,,,,,,,,,,,,17,380.934.437.184.851
583738,1,3,17,95,1,,2,1,,433700,,2,2,,,,,,,,,,,,,,,17,380.934.437.184.851
583739,1,1,17,95,1,,2,1,,600000,,2,2,,,,,,,,,,,,,,,17,32.544.453.412.831
583739,1,2,17,95,2,,,,,,,,2,,,,,,,,,,,,,,,17,32.544.453.412.831
583739,1,3,17,95,2,,,,,,,,2,,,,,,,,,,,,,,,17,32.544.453.412.831
583740,1,1,17,95,2,,,,,,,,2,,,,,,,,,,,,,,,17,137.576.714.380.097
583740,1,2,17,95,2,,,,,,,,2,,,,,,,,,,,,,,,17,137.576.714.380.097
583741,1,1,17,95,1,,2,1,,1050000,,2,2,,,,,,,,,,,,,,,17,11.769.952.386.063
583741,1,2,17,95,2,,,,,,,,2,,,,,,,,,,,,,,,17,11.769.952.386.063
583741,1,3,17,95,2,,,,,,,,2,,,,,,,,,,,,,,,17,11.769.952.386.063
583741,1,4,17,95,2,,,,,,,,2,,,,,,,,,,,,,,,17,11.769.952.386.063
583741,1,5,17,95,2,,,,,,,,2,,,,,,,,,,,,,,,17,11.769.952.386.063
583742,1,1,17,95,2,,,,,,,,2,,,,,,,,,,,,,,,17,866.110.628.761.507
583742,1,2,17,95,1,,2,1,,433700,,2,2,,,,,,,,,,,,,,,17,866.110.628.761.507
583742,1,3,17,95,2,,,,,,,,2,,,,,,,,,,,,,,,17,866.110.628.761.507
583742,1,4,17,95,2,,,,,,,,2,,,,,,,,,,,,,,,17,866.110.628.761.507
583742,1,5,17,95,2,,,,,,,,2,,,,,,,,,,,,,,,17,866.110.628.761.507
583743,1,1,17,95,2,,,,,,,,2,,,,,,,,,,,,,,,17,167.734.579.264.386
583743,1,2,17,95,2,,,,,,,,2,,,,,,,,,,,,,,,17,167.734.579.264.386
583744,1,1,17,95,2,,,,,,,,2,,,,,,,,,,,,,,,17,105.140.205.259.889
583744,1,2,17,95,2,,,,,,,,2,,,,,,,,,,,,,,,17,105.140.205.259.889
583745,1,1,17,95,2,,,,,,,,2,,,,,,,,,,,,,,,17,13.835.622.917.401
583745,1,2,17,95,2,,,,,,,,2,,,,,,,,,,,,,,,17,13.835.622.917.401
583745,1,3,17,95,2,,,,,,,,2,,,,,,,,,,,,,,,17,13.835.622.917.401
583746,1,1,17,95,2,,,,,,,,2,,,,,,,,,,,,,,,17,199.772.621.795.646
583746,1,2,17,95,2,,,,,,,,2,,,,,,,,,,,,,,,17,199.772.621.795.646
583748,1,1,17,95,1,,2,1,,433700,,2,2,,,,,,,,,,,,,,,17,134.591.037.021.788
583748,1,2,17,95,2,,,,,,,,2,,,,,,,,,,,,,,,17,134.591.037.021.788
583749,1,1,17,95,1,,1,2,,,230000,2,1,1,,2,,,,,9600000,,2,2,2,,2,17,121.359.159.837.627
583749,1,3,17,95,2,,,,,,,,2,,,,,,,,,,,,,,,17,121.359.159.837.627
583750,1,1,17,95,2,,,,,,,,2,,,,,,,,,,,,,,,17,15.562.296.732.654
583751,1,1,17,95,2,,,,,,,,1,2,,2,10800000,,,,,,2,2,1,,2,17,154.519.792.973.961
583751,1,2,17,95,2,,,,,,,,2,,,,,,,,,,,,,,,17,154.519.792.973.961
583751,1,3,17,95,2,,,,,,,,1,2,,2,6000000,,,,,,2,2,1,,2,17,154.519.792.973.961
583752,1,1,17,95,2,,,,,,,,2,,,,,,,,,,,,,,,17,205.228.270.666.585
583752,1,2,17,95,2,,,,,,,,2,,,,,,,,,,,,,,,17,205.228.270.666.585
583752,1,3,17,95,2,,,,,,,,2,,,,,,,,,,,,,,,17,205.228.270.666.585
583752,1,4,17,95,2,,,,,,,,2,,,,,,,,,,,,,,,17,205.228.270.666.585
583752,1,5,17,95,2,,,,,,,,2,,,,,,,,,,,,,,,17,205.228.270.666.585
583753,1,1,17,95,2,,,,,,,,2,,,,,,,,,,,,,,,17,125.907.479.407.263
583753,1,2,17,95,2,,,,,,,,2,,,,,,,,,,,,,,,17,125.907.479.407.263
583754,1,1,17,95,2,,,,,,,,2,,,,,,,,,,,,,,,17,137.576.714.380.097
583754,1,2,17,95,2,,,,,,,,2,,,,,,,,,,,,,,,17,137.576.714.380.097
583755,1,1,17,95,2,,,,,,,,1,2,,2,,,,,,1200000,2,1,2,,2,17,13.812.433.048.122
583755,1,2,17,95,2,,,,,,,,2,,,,,,,,,,,,,,,17,13.812.433.048.122
583755,1,3,17,95,2,,,,,,,,2,,,,,,,,,,,,,,,17,13.812.433.048.122
583755,1,4,17,95,2,,,,,,,,1,2,,2,,,,,,80000,2,1,2,,2,17,13.812.433.048.122
583756,1,1,17,95,1,,2,1,,433700,,2,1,2,,2,4800000,,,,,,2,2,1,,2,17,171.968.643.751.349
583756,1,2,17,95,2,,,,,,,,2,,,,,,,,,,,,,,,17,171.968.643.751.349
583756,1,3,17,95,2,,,,,,,,2,,,,,,,,,,,,,,,17,171.968.643.751.349
583756,1,5,17,95,2,,,,,,,,1,2,,2,3600000,,,,,,2,2,1,,2,17,171.968.643.751.349
583756,1,8,17,95,2,,,,,,,,1,2,,2,1200,,,,,,2,2,1,,2,17,171.968.643.751.349
583774,1,1,54,95,2,,,,,,,,2,,,,,,,,,,,,,,,54,289.401.684.034.181
583774,1,2,54,95,2,,,,,,,,2,,,,,,,,,,,,,,,54,289.401.684.034.181
583775,1,1,54,95,2,,,,,,,,2,,,,,,,,,,,,,,,54,170.342.151.779.149
583775,1,2,54,95,2,,,,,,,,1,2,,2,,,,,,960000,2,1,2,,2,54,170.342.151.779.149
583775,1,3,54,95,2,,,,,,,,2,,,,,,,,,,,,,,,54,170.342.151.779.149
583775,1,4,54,95,2,,,,,,,,2,,,,,,,,,,,,,,,54,170.342.151.779.149
583775,1,5,54,95,2,,,,,,,,2,,,,,,,,,,,,,,,54,170.342.151.779.149
583775,1,6,54,95,2,,,,,,,,2,,,,,,,,,,,,,,,54,170.342.151.779.149
583775,1,7,54,95,2,,,,,,,,2,,,,,,,,,,,,,,,54,170.342.151.779.149
583775,1,8,54,95,2,,,,,,,,2,,,,,,,,,,,,,,,54,170.342.151.779.149
583775,1,9,54,95,2,,,,,,,,2,,,,,,,,,,,,,,,54,170.342.151.779.149
583776,1,1,54,95,2,,,,,,,,1,2,,1,,,10000000,,,,2,2,2,,2,54,332.744.202.198.336
583776,1,2,54,95,2,,,,,,,,1,2,,2,,,,,,1500000,2,1,2,,2,54,332.744.202.198.336
583776,1,3,54,95,2,,,,,,,,2,,,,,,,,,,,,,,,54,332.744.202.198.336
583777,1,1,54,95,2,,,,,,,,2,,,,,,,,,,,,,,,54,335.715.154.977.039
583777,1,2,54,95,2,,,,,,,,2,,,,,,,,,,,,,,,54,335.715.154.977.039
583777,1,3,54,95,2,,,,,,,,1,2,,2,,,,,,1200000,2,1,2,,2,54,335.715.154.977.039
583777,1,4,54,95,2,,,,,,,,2,,,,,,,,,,,,,,,54,335.715.154.977.039
583777,1,7,54,95,2,,,,,,,,1,2,,2,,,,,,1200000,2,1,2,,2,54,335.715.154.977.039
583778,1,1,54,95,2,,,,,,,,2,,,,,,,,,,,,,,,54,271.517.052.808.127
583778,1,2,54,95,2,,,,,,,,2,,,,,,,,,,,,,,,54,271.517.052.808.127
583778,1,3,54,95,2,,,,,,,,2,,,,,,,,,,,,,,,54,271.517.052.808.127
583778,1,4,54,95,2,,,,,,,,2,,,,,,,,,,,,,,,54,271.517.052.808.127
583780,1,1,54,95,2,,,,,,,,2,,,,,,,,,,,,,,,54,260.150.299.960.021
583780,1,2,54,95,2,,,,,,,,1,2,,2,,,,,,99,2,1,2,,2,54,260.150.299.960.021
583780,1,3,54,95,2,,,,,,,,2,,,,,,,,,,,,,,,54,260.150.299.960.021
583780,1,4,54,95,2,,,,,,,,2,,,,,,,,,,,,,,,54,260.150.299.960.021
583780,1,5,54,95,2,,,,,,,,1,2,,2,,,,,,3000000,2,1,2,,2,54,260.150.299.960.021
583780,1,6,54,95,2,,,,,,,,2,,,,,,,,,,,,,,,54,260.150.299.960.021
583781,1,1,54,95,1,,1,2,,,90000,2,2,,,,,,,,,,,,,,,54,254.989.082.396.527
583781,1,3,54,95,2,,,,,,,,2,,,,,,,,,,,,,,,54,254.989.082.396.527
583781,2,1,54,95,2,,,,,,,,2,,,,,,,,,,,,,,,54,254.989.082.396.527
583781,2,2,54,95,2,,,,,,,,2,,,,,,,,,,,,,,,54,254.989.082.396.527
583783,1,1,54,95,2,,,,,,,,1,2,,2,,,,,,99,2,1,2,,2,54,321.643.224.259.546
583784,1,1,54,95,2,,,,,,,,2,,,,,,,,,,,,,,,54,337.165.024.862.696
583784,1,2,54,95,2,,,,,,,,2,,,,,,,,,,,,,,,54,337.165.024.862.696
583784,1,3,54,95,2,,,,,,,,2,,,,,,,,,,,,,,,54,337.165.024.862.696
583784,1,4,54,95,2,,,,,,,,2,,,,,,,,,,,,,,,54,337.165.024.862.696
583784,1,5,54,95,2,,,,,,,,2,,,,,,,,,,,,,,,54,337.165.024.862.696
583784,1,6,54,95,2,,,,,,,,2,,,,,,,,,,,,,,,54,337.165.024.862.696
583784,1,7,54,95,2,,,,,,,,2,,,,,,,,,,,,,,,54,337.165.024.862.696
583785,1,1,54,95,2,,,,,,,,2,,,,,,,,,,,,,,,54,318.732.221.534.346
583785,1,2,54,95,2,,,,,,,,2,,,,,,,,,,,,,,,54,318.732.221.534.346
583785,1,3,54,95,2,,,,,,,,2,,,,,,,,,,,,,,,54,318.732.221.534.346
583786,1,1,54,95,1,,1,2,,,70000,2,2,,,,,,,,,,,,,,,54,318.406.694.543.994
583786,1,2,54,95,2,,,,,,,,2,,,,,,,,,,,,,,,54,318.406.694.543.994
583786,1,5,54,95,2,,,,,,,,2,,,,,,,,,,,,,,,54,318.406.694.543.994
583786,2,1,54,95,2,,,,,,,,1,2,,2,,,,,,99,2,1,2,,2,54,318.406.694.543.994
583787,1,1,54,95,2,,,,,,,,1,2,,2,,,,,,1200000,2,1,2,,2,54,35.515.552.858.527
583787,1,3,54,95,2,,,,,,,,2,,,,,,,,,,,,,,,54,35.515.552.858.527
583789,1,1,54,95,2,,,,,,,,2,,,,,,,,,,,,,,,54,251.265.218.868.069
583789,1,2,54,95,2,,,,,,,,2,,,,,,,,,,,,,,,54,251.265.218.868.069
583789,1,3,54,95,2,,,,,,,,2,,,,,,,,,,,,,,,54,251.265.218.868.069
583789,1,4,54,95,2,,,,,,,,2,,,,,,,,,,,,,,,54,251.265.218.868.069
583789,1,5,54,95,2,,,,,,,,2,,,,,,,,,,,,,,,54,251.265.218.868.069
583789,1,8,54,95,2,,,,,,,,2,,,,,,,,,,,,,,,54,251.265.218.868.069
583789,1,9,54,95,2,,,,,,,,2,,,,,,,,,,,,,,,54,251.265.218.868.069
583789,1,10,54,95,2,,,,,,,,2,,,,,,,,,,,,,,,54,251.265.218.868.069
583789,1,11,54,95,2,,,,,,,,2,,,,,,,,,,,,,,,54,251.265.218.868.069
583790,1,1,54,95,2,,,,,,,,2,,,,,,,,,,,,,,,54,321.643.224.259.546
583791,1,1,54,95,2,,,,,,,,2,,,,,,,,,,,,,,,54,280.168.823.381.517
583791,1,2,54,95,2,,,,,,,,1,2,,2,,,,,,99,2,1,2,,2,54,280.168.823.381.517
583792,1,1,54,95,2,,,,,,,,2,,,,,,,,,,,,,,,54,317.862.781.925.419
583792,1,2,54,95,2,,,,,,,,1,2,,2,,,,,,1356000,2,1,2,,2,54,317.862.781.925.419
583792,1,3,54,95,2,,,,,,,,2,,,,,,,,,,,,,,,54,317.862.781.925.419
583793,1,1,54,95,2,,,,,,,,2,,,,,,,,,,,,,,,54,274.798.409.714.375
583793,1,2,54,95,2,,,,,,,,2,,,,,,,,,,,,,,,54,274.798.409.714.375
583793,1,3,54,95,2,,,,,,,,2,,,,,,,,,,,,,,,54,274.798.409.714.375
583793,1,4,54,95,2,,,,,,,,2,,,,,,,,,,,,,,,54,274.798.409.714.375
583793,1,7,54,95,2,,,,,,,,2,,,,,,,,,,,,,,,54,274.798.409.714.375
583793,1,8,54,95,2,,,,,,,,2,,,,,,,,,,,,,,,54,274.798.409.714.375
583793,1,9,54,95,2,,,,,,,,2,,,,,,,,,,,,,,,54,274.798.409.714.375
583794,1,1,54,95,1,,1,2,,,450000,2,2,,,,,,,,,,,,,,,54,30.846.833.142.111
583794,1,2,54,95,2,,,,,,,,2,,,,,,,,,,,,,,,54,30.846.833.142.111
583794,1,3,54,95,2,,,,,,,,2,,,,,,,,,,,,,,,54,30.846.833.142.111
583794,1,4,54,95,2,,,,,,,,2,,,,,,,,,,,,,,,54,30.846.833.142.111
583795,1,1,54,95,2,,,,,,,,2,,,,,,,,,,,,,,,54,35.686.194.341.237
583795,1,2,54,95,2,,,,,,,,2,,,,,,,,,,,,,,,54,35.686.194.341.237
583795,1,3,54,95,2,,,,,,,,2,,,,,,,,,,,,,,,54,35.686.194.341.237
583795,1,4,54,95,2,,,,,,,,2,,,,,,,,,,,,,,,54,35.686.194.341.237
583795,1,5,54,95,2,,,,,,,,2,,,,,,,,,,,,,,,54,35.686.194.341.237
583796,1,1,54,95,2,,,,,,,,2,,,,,,,,,,,,,,,54,294.167.148.020.776
583796,1,2,54,95,2,,,,,,,,2,,,,,,,,,,,,,,,54,294.167.148.020.776
583796,1,3,54,95,2,,,,,,,,2,,,,,,,,,,,,,,,54,294.167.148.020.776
583796,1,4,54,95,2,,,,,,,,2,,,,,,,,,,,,,,,54,294.167.148.020.776
583796,1,5,54,95,2,,,,,,,,2,,,,,,,,,,,,,,,54,294.167.148.020.776
583797,1,1,54,95,1,,2,1,,500000,,2,2,,,,,,,,,,,,,,,54,30.846.833.142.111
583797,1,2,54,95,2,,,,,,,,2,,,,,,,,,,,,,,,54,30.846.833.142.111
583797,1,3,54,95,2,,,,,,,,2,,,,,,,,,,,,,,,54,30.846.833.142.111
583797,1,4,54,95,2,,,,,,,,2,,,,,,,,,,,,,,,54,30.846.833.142.111
583798,1,1,54,95,2,,,,,,,,2,,,,,,,,,,,,,,,54,296.463.483.274.555
583798,1,2,54,95,2,,,,,,,,2,,,,,,,,,,,,,,,54,296.463.483.274.555
583798,1,3,54,95,2,,,,,,,,1,2,,2,,,,,,120000,2,1,2,,2,54,296.463.483.274.555
583799,1,1,54,95,2,,,,,,,,2,,,,,,,,,,,,,,,54,35.515.552.858.527
583799,1,2,54,95,2,,,,,,,,1,2,,2,,,,,,,2,2,2,1600000,1,54,35.515.552.858.527
583800,1,1,54,95,2,,,,,,,,2,,,,,,,,,,,,,,,54,318.421.732.041.715
583801,1,1,54,95,2,,,,,,,,1,2,,2,,,,,,1200000,2,1,2,,2,54,244.939.101.456.883
583801,1,2,54,95,2,,,,,,,,2,,,,,,,,,,,,,,,54,244.939.101.456.883
583802,1,1,54,95,2,,,,,,,,2,,,,,,,,,,,,,,,54,280.371.276.197.077
583802,1,2,54,95,2,,,,,,,,2,,,,,,,,,,,,,,,54,280.371.276.197.077
583802,1,3,54,95,2,,,,,,,,2,,,,,,,,,,,,,,,54,280.371.276.197.077
583802,1,4,54,95,2,,,,,,,,1,2,,2,,,,,,,2,2,2,600000,1,54,280.371.276.197.077
583804,1,1,54,95,2,,,,,,,,1,2,,2,,,,,,2500000,2,1,2,,2,54,288.717.468.320.248
583804,1,2,54,95,2,,,,,,,,2,,,,,,,,,,,,,,,54,288.717.468.320.248
583804,1,3,54,95,2,,,,,,,,2,,,,,,,,,,,,,,,54,288.717.468.320.248
583804,1,6,54,95,2,,,,,,,,1,2,,2,,,,,,,2,2,2,500000,1,54,288.717.468.320.248
583804,1,7,54,95,2,,,,,,,,2,,,,,,,,,,,,,,,54,288.717.468.320.248
583805,1,1,54,95,2,,,,,,,,1,2,,2,500000,,,,,,2,2,1,,2,54,266.124.499.178.007
583805,1,2,54,95,2,,,,,,,,1,2,,2,250000,,,,,,2,2,1,690000,1,54,266.124.499.178.007
583805,1,3,54,95,2,,,,,,,,2,,,,,,,,,,,,,,,54,266.124.499.178.007
583805,1,4,54,95,2,,,,,,,,1,2,,2,500000,,,,,,2,2,1,,2,54,266.124.499.178.007
583805,1,5,54,95,2,,,,,,,,1,2,,2,600000,,,,,,2,2,1,,2,54,266.124.499.178.007
583806,1,1,54,95,2,,,,,,,,1,2,,2,,,,,,99,2,1,2,,2,54,317.323.241.397.946
583806,1,2,54,95,2,,,,,,,,2,,,,,,,,,,,,,,,54,317.323.241.397.946
583806,1,3,54,95,2,,,,,,,,2,,,,,,,,,,,,,,,54,317.323.241.397.946
583806,1,4,54,95,2,,,,,,,,2,,,,,,,,,,,,,,,54,317.323.241.397.946
583806,1,5,54,95,2,,,,,,,,2,,,,,,,,,,,,,,,54,317.323.241.397.946
583806,1,7,54,95,2,,,,,,,,2,,,,,,,,,,,,,,,54,317.323.241.397.946
583806,1,8,54,95,2,,,,,,,,2,,,,,,,,,,,,,,,54,317.323.241.397.946
583807,1,1,54,95,2,,,,,,,,2,,,,,,,,,,,,,,,54,324.631.405.958.814
583807,1,2,54,95,2,,,,,,,,2,,,,,,,,,,,,,,,54,324.631.405.958.814
583808,1,1,54,95,2,,,,,,,,1,2,,2,,,,,,,2,2,2,1600000,1,54,328.035.949.647.236
583808,1,2,54,95,2,,,,,,,,2,,,,,,,,,,,,,,,54,328.035.949.647.236
583809,1,1,54,95,2,,,,,,,,2,,,,,,,,,,,,,,,54,27.365.923.096.935
583809,1,2,54,95,2,,,,,,,,2,,,,,,,,,,,,,,,54,27.365.923.096.935
583809,1,3,54,95,2,,,,,,,,1,2,,2,,,,,,,2,2,2,1500000,1,54,27.365.923.096.935
583809,1,4,54,95,2,,,,,,,,1,2,,2,,,,,,,2,2,2,1100000,1,54,27.365.923.096.935
583809,1,5,54,95,2,,,,,,,,2,,,,,,,,,,,,,,,54,27.365.923.096.935
583809,1,6,54,95,2,,,,,,,,2,,,,,,,,,,,,,,,54,27.365.923.096.935
583809,1,7,54,95,2,,,,,,,,1,2,,2,,,,,,,2,2,2,700000,1,54,27.365.923.096.935
583809,1,8,54,95,2,,,,,,,,1,2,,2,,,,,,,2,2,2,607000,1,54,27.365.923.096.935
583810,1,1,54,95,2,,,,,,,,2,,,,,,,,,,,,,,,54,361.781.564.491.522
583810,1,2,54,95,2,,,,,,,,1,2,,2,,,,,,,2,2,2,57000,1,54,361.781.564.491.522
583811,1,1,54,95,2,,,,,,,,2,,,,,,,,,,,,,,,54,336.835.134.025.094
583811,1,2,54,95,2,,,,,,,,2,,,,,,,,,,,,,,,54,336.835.134.025.094
583811,1,3,54,95,2,,,,,,,,2,,,,,,,,,,,,,,,54,336.835.134.025.094
583812,1,1,54,95,2,,,,,,,,2,,,,,,,,,,,,,,,54,293.475.301.575.287
583812,1,2,54,95,2,,,,,,,,2,,,,,,,,,,,,,,,54,293.475.301.575.287
583813,1,1,54,95,2,,,,,,,,2,,,,,,,,,,,,,,,54,325.358.257.440.599
583813,1,2,54,95,2,,,,,,,,1,2,,1,,,480000,,,,2,2,2,1014000,1,54,325.358.257.440.599
583813,1,3,54,95,2,,,,,,,,2,,,,,,,,,,,,,,,54,325.358.257.440.599
583814,1,1,54,95,2,,,,,,,,1,2,,2,,,,,,200000,2,1,2,,2,54,276.947.331.163.686
583814,1,2,54,95,1,,2,1,,870000,,2,2,,,,,,,,,,,,,,,54,276.947.331.163.686
583815,1,1,54,95,1,,2,2,230000,,,1,1,2,,2,,,,,,500000,2,1,2,,2,54,296.463.483.274.555
583815,1,2,54,95,2,,,,,,,,2,,,,,,,,,,,,,,,54,296.463.483.274.555
583815,1,3,54,95,2,,,,,,,,2,,,,,,,,,,,,,,,54,296.463.483.274.555
583816,1,1,54,95,2,,,,,,,,2,,,,,,,,,,,,,,,54,300.101.337.481.539
583816,1,2,54,95,2,,,,,,,,2,,,,,,,,,,,,,,,54,300.101.337.481.539
583817,1,1,54,95,2,,,,,,,,2,,,,,,,,,,,,,,,54,302.366.694.181.082
583817,1,2,54,95,2,,,,,,,,2,,,,,,,,,,,,,,,54,302.366.694.181.082
583817,1,3,54,95,2,,,,,,,,2,,,,,,,,,,,,,,,54,302.366.694.181.082
583818,1,1,54,95,2,,,,,,,,2,,,,,,,,,,,,,,,54,321.409.913.740.983
583818,1,2,54,95,2,,,,,,,,2,,,,,,,,,,,,,,,54,321.409.913.740.983
583819,1,1,54,95,1,,1,2,,,100000,2,2,,,,,,,,,,,,,,,54,317.629.471.406.856
583819,1,2,54,95,2,,,,,,,,1,2,,2,,,,,,1500000,2,1,2,,2,54,317.629.471.406.856
583819,2,1,54,95,2,,,,,,,,2,,,,,,,,,,,,,,,54,317.629.471.406.856
583819,2,2,54,95,2,,,,,,,,2,,,,,,,,,,,,,,,54,317.629.471.406.856
583820,1,1,54,95,2,,,,,,,,2,,,,,,,,,,,,,,,54,344.455.875.137.911
583820,1,2,54,95,2,,,,,,,,2,,,,,,,,,,,,,,,54,344.455.875.137.911
583821,1,1,54,95,1,,1,2,,,100000,2,2,,,,,,,,,,,,,,,54,335.766.822.740.295
583821,2,1,54,95,2,,,,,,,,2,,,,,,,,,,,,,,,54,335.766.822.740.295
583821,3,1,54,95,2,,,,,,,,2,,,,,,,,,,,,,,,54,335.766.822.740.295
583822,1,1,54,95,2,,,,,,,,2,,,,,,,,,,,,,,,54,25.864.633.794.848
583822,1,2,54,95,2,,,,,,,,2,,,,,,,,,,,,,,,54,25.864.633.794.848
583822,1,3,54,95,2,,,,,,,,2,,,,,,,,,,,,,,,54,25.864.633.794.848
583822,1,4,54,95,1,,2,1,,433700,,2,2,,,,,,,,,,,,,,,54,25.864.633.794.848
583822,1,5,54,95,2,,,,,,,,2,,,,,,,,,,,,,,,54,25.864.633.794.848
583823,1,1,54,95,1,,2,1,,500000,,2,2,,,,,,,,,,,,,,,54,262.284.192.155.464
583823,1,2,54,95,2,,,,,,,,2,,,,,,,,,,,,,,,54,262.284.192.155.464
583823,1,3,54,95,2,,,,,,,,2,,,,,,,,,,,,,,,54,262.284.192.155.464
583823,1,4,54,95,2,,,,,,,,2,,,,,,,,,,,,,,,54,262.284.192.155.464
583825,1,1,54,95,2,,,,,,,,2,,,,,,,,,,,,,,,54,293.785.791.067.918
583825,1,2,54,95,2,,,,,,,,2,,,,,,,,,,,,,,,54,293.785.791.067.918
583825,1,3,54,95,2,,,,,,,,2,,,,,,,,,,,,,,,54,293.785.791.067.918
583825,1,5,54,95,2,,,,,,,,1,2,,2,,,,,,99,2,1,2,,2,54,293.785.791.067.918
583826,1,1,54,95,2,,,,,,,,2,,,,,,,,,,,,,,,54,361.781.564.491.522
583826,1,2,54,95,2,,,,,,,,2,,,,,,,,,,,,,,,54,361.781.564.491.522
583827,1,1,54,95,2,,,,,,,,2,,,,,,,,,,,,,,,54,280.168.823.381.517
583827,1,2,54,95,2,,,,,,,,2,,,,,,,,,,,,,,,54,280.168.823.381.517
583828,1,1,54,95,2,,,,,,,,2,,,,,,,,,,,,,,,54,371.831.545.431.165
583828,1,2,54,95,2,,,,,,,,2,,,,,,,,,,,,,,,54,371.831.545.431.165
583828,2,1,54,95,2,,,,,,,,2,,,,,,,,,,,,,,,54,371.831.545.431.165
583828,2,2,54,95,2,,,,,,,,2,,,,,,,,,,,,,,,54,371.831.545.431.165
583829,1,1,54,95,2,,,,,,,,2,,,,,,,,,,,,,,,54,365.438.820.043.475
583829,1,2,54,95,2,,,,,,,,2,,,,,,,,,,,,,,,54,365.438.820.043.475
583829,1,3,54,95,2,,,,,,,,2,,,,,,,,,,,,,,,54,365.438.820.043.475
583830,1,1,54,95,2,,,,,,,,2,,,,,,,,,,,,,,,54,293.785.791.067.918
583830,1,2,54,95,2,,,,,,,,2,,,,,,,,,,,,,,,54,293.785.791.067.918
583830,1,3,54,95,2,,,,,,,,2,,,,,,,,,,,,,,,54,293.785.791.067.918
583830,1,4,54,95,2,,,,,,,,2,,,,,,,,,,,,,,,54,293.785.791.067.918
583831,1,1,54,95,2,,,,,,,,2,,,,,,,,,,,,,,,54,28.400.913.040.406
583831,1,2,54,95,2,,,,,,,,2,,,,,,,,,,,,,,,54,28.400.913.040.406
583831,1,3,54,95,2,,,,,,,,2,,,,,,,,,,,,,,,54,28.400.913.040.406
583832,1,1,54,95,1,,1,2,,,600000,2,2,,,,,,,,,,,,,,,54,314.783.877.834.731
583832,1,2,54,95,2,,,,,,,,2,,,,,,,,,,,,,,,54,314.783.877.834.731
583833,1,1,54,95,2,,,,,,,,1,2,,2,,,,,,3600000,2,1,2,,2,54,348.093.729.344.895
583834,1,1,54,95,2,,,,,,,,2,,,,,,,,,,,,,,,54,3.613.458.011.574
583835,1,1,54,95,2,,,,,,,,2,,,,,,,,,,,,,,,54,314.783.877.834.731
583835,1,2,54,95,2,,,,,,,,2,,,,,,,,,,,,,,,54,314.783.877.834.731
583836,1,1,54,95,2,,,,,,,,2,,,,,,,,,,,,,,,54,345.416.037.138.258
583836,1,2,54,95,2,,,,,,,,2,,,,,,,,,,,,,,,54,345.416.037.138.258
583837,1,1,54,95,1,,1,2,,,80000,2,1,2,,2,,,,,,120000,2,1,2,,2,54,186.936.730.167.254
583837,1,2,54,95,2,,,,,,,,2,,,,,,,,,,,,,,,54,186.936.730.167.254
583837,1,3,54,95,2,,,,,,,,2,,,,,,,,,,,,,,,54,186.936.730.167.254
583838,1,1,54,95,2,,,,,,,,2,,,,,,,,,,,,,,,54,287.433.075.437.451
583838,1,2,54,95,2,,,,,,,,2,,,,,,,,,,,,,,,54,287.433.075.437.451
583838,1,3,54,95,2,,,,,,,,2,,,,,,,,,,,,,,,54,287.433.075.437.451
583838,1,4,54,95,2,,,,,,,,2,,,,,,,,,,,,,,,54,287.433.075.437.451
583838,1,5,54,95,2,,,,,,,,2,,,,,,,,,,,,,,,54,287.433.075.437.451
583839,1,1,54,95,2,,,,,,,,2,,,,,,,,,,,,,,,54,268.910.228.061.716
583839,1,2,54,95,2,,,,,,,,2,,,,,,,,,,,,,,,54,268.910.228.061.716
583839,1,3,54,95,2,,,,,,,,2,,,,,,,,,,,,,,,54,268.910.228.061.716
583839,1,4,54,95,2,,,,,,,,2,,,,,,,,,,,,,,,54,268.910.228.061.716
583847,1,1,5,95,2,,,,,,,,2,,,,,,,,,,,,,,,5,78.872.855.611.027
583847,1,2,5,95,2,,,,,,,,2,,,,,,,,,,,,,,,5,78.872.855.611.027
583848,1,1,5,95,1,,2,1,,10000000,,2,1,2,,2,,,,24000000,,,1,2,2,,2,5,901.127.364.598.738
583848,1,2,5,95,2,,,,,,,,1,2,,1,,,170000,,,,2,2,2,,2,5,901.127.364.598.738
583848,1,3,5,95,2,,,,,,,,2,,,,,,,,,,,,,,,5,901.127.364.598.738
583848,1,4,5,95,2,,,,,,,,1,2,,2,,,,,,3600000,2,1,2,,2,5,901.127.364.598.738
583849,1,1,5,95,2,,,,,,,,1,2,,2,,,,99,,,1,2,2,,2,5,919.487.786.816.848
583849,1,2,5,95,2,,,,,,,,2,,,,,,,,,,,,,,,5,919.487.786.816.848
583849,1,3,5,95,2,,,,,,,,2,,,,,,,,,,,,,,,5,919.487.786.816.848
583849,1,4,5,95,2,,,,,,,,2,,,,,,,,,,,,,,,5,919.487.786.816.848
583849,1,5,5,95,2,,,,,,,,2,,,,,,,,,,,,,,,5,919.487.786.816.848
583849,1,6,5,95,1,,2,1,,1400000,,2,2,,,,,,,,,,,,,,,5,919.487.786.816.848
583849,1,7,5,95,2,,,,,,,,2,,,,,,,,,,,,,,,5,919.487.786.816.848
583850,1,1,5,95,2,,,,,,,,1,2,,2,,,,,,8400000,2,1,2,,2,5,709.219.504.718.438
583851,1,1,5,95,2,,,,,,,,2,,,,,,,,,,,,,,,5,110.386.818.743.184
583851,1,2,5,95,2,,,,,,,,2,,,,,,,,,,,,,,,5,110.386.818.743.184
583851,1,3,5,95,2,,,,,,,,2,,,,,,,,,,,,,,,5,110.386.818.743.184
583852,1,1,5,95,2,,,,,,,,1,2,,1,,,60000,,,,2,2,2,,2,5,11.064.102.064.942
583852,1,2,5,95,2,,,,,,,,1,2,,1,,,180000,,,,2,2,2,,2,5,11.064.102.064.942
583852,1,3,5,95,2,,,,,,,,2,,,,,,,,,,,,,,,5,11.064.102.064.942
583853,1,1,5,95,1,,1,1,,433700,160000,2,2,,,,,,,,,,,,,,,5,932.471.720.744.369
583853,1,2,5,95,2,,,,,,,,2,,,,,,,,,,,,,,,5,932.471.720.744.369
583854,1,1,5,95,2,,,,,,,,2,,,,,,,,,,,,,,,5,102.819.727.355.885
583854,1,2,5,95,2,,,,,,,,2,,,,,,,,,,,,,,,5,102.819.727.355.885
583855,1,1,5,95,2,,,,,,,,1,2,,1,,,88000,,,,2,2,2,,2,5,918.639.984.477.877
583855,1,2,5,95,2,,,,,,,,2,,,,,,,,,,,,,,,5,918.639.984.477.877
583855,1,3,5,95,2,,,,,,,,2,,,,,,,,,,,,,,,5,918.639.984.477.877
583856,1,1,5,95,2,,,,,,,,2,,,,,,,,,,,,,,,5,843.812.773.867.532
583856,1,2,5,95,2,,,,,,,,1,2,,1,,,100000,,,,2,2,2,,2,5,843.812.773.867.532
583856,1,5,5,95,2,,,,,,,,1,2,,1,,,300000,,,,2,2,2,,2,5,843.812.773.867.532
583857,1,1,5,95,2,,,,,,,,2,,,,,,,,,,,,,,,5,125.525.069.597.239
583857,1,2,5,95,2,,,,,,,,2,,,,,,,,,,,,,,,5,125.525.069.597.239
583857,1,3,5,95,2,,,,,,,,2,,,,,,,,,,,,,,,5,125.525.069.597.239
583857,1,4,5,95,2,,,,,,,,2,,,,,,,,,,,,,,,5,125.525.069.597.239
583858,1,1,5,95,2,,,,,,,,1,2,,1,,,56000,,,,2,2,2,,2,5,965.508.561.267.592
583858,1,2,5,95,2,,,,,,,,2,,,,,,,,,,,,,,,5,965.508.561.267.592
583858,1,3,5,95,2,,,,,,,,2,,,,,,,,,,,,,,,5,965.508.561.267.592
583858,1,4,5,95,2,,,,,,,,2,,,,,,,,,,,,,,,5,965.508.561.267.592
583858,1,6,5,95,2,,,,,,,,2,,,,,,,,,,,,,,,5,965.508.561.267.592
583858,1,7,5,95,2,,,,,,,,2,,,,,,,,,,,,,,,5,965.508.561.267.592
583859,1,1,5,95,2,,,,,,,,1,2,,2,,,,,,8200000,2,1,2,,2,5,639.074.134.889.579
583859,1,2,5,95,2,,,,,,,,1,2,,2,,,,,,3600000,2,1,2,,2,5,639.074.134.889.579
583860,1,1,5,95,2,,,,,,,,2,,,,,,,,,,,,,,,5,953.370.062.948.508
583860,1,2,5,95,2,,,,,,,,1,2,,1,,,600000,,,,2,2,2,,2,5,953.370.062.948.508
583861,1,1,5,95,1,,2,1,,600000,,2,2,,,,,,,,,,,,,,,5,108.279.393.161.938
583862,1,1,5,95,2,,,,,,,,1,2,,1,,,40000,,,,2,2,2,,2,5,138.101.158.872.911
583864,1,1,5,95,1,,2,1,,2400000,,2,2,,,,,,,,,,,,,,,5,168.319.624.736.936
583864,1,2,5,95,2,,,,,,,,2,,,,,,,,,,,,,,,5,168.319.624.736.936
583864,1,3,5,95,2,,,,,,,,2,,,,,,,,,,,,,,,5,168.319.624.736.936
583866,1,1,5,95,2,,,,,,,,1,2,,1,,,70000,,,,2,2,2,,2,5,101.107.332.768.053
583866,1,2,5,95,2,,,,,,,,1,2,,1,,,340000,,,,2,2,2,,2,5,101.107.332.768.053
583866,1,3,5,95,2,,,,,,,,2,,,,,,,,,,,,,,,5,101.107.332.768.053
583867,1,1,5,95,1,,1,2,,,700000,2,2,,,,,,,,,,,,,,,5,119.159.287.979.122
583867,1,2,5,95,2,,,,,,,,2,,,,,,,,,,,,,,,5,119.159.287.979.122
583868,1,1,5,95,2,,,,,,,,1,2,,2,,,,,,5400000,2,1,2,,2,5,958.078.713.791.781
583868,1,2,5,95,2,,,,,,,,2,,,,,,,,,,,,,,,5,958.078.713.791.781
583868,1,3,5,95,2,,,,,,,,2,,,,,,,,,,,,,,,5,958.078.713.791.781
583870,1,1,5,95,2,,,,,,,,1,2,,1,,,58000,,,,2,2,2,,2,5,101.107.332.768.053
583870,1,2,5,95,2,,,,,,,,2,,,,,,,,,,,,,,,5,101.107.332.768.053
583870,1,3,5,95,2,,,,,,,,2,,,,,,,,,,,,,,,5,101.107.332.768.053
583871,1,1,8,95,2,,,,,,,,2,,,,,,,,,,,,,,,8,58.474.072.604.139
583871,1,2,8,95,2,,,,,,,,1,2,,2,,,,,,1200000,2,1,2,,2,8,58.474.072.604.139
583871,1,3,8,95,2,,,,,,,,2,,,,,,,,,,,,,,,8,58.474.072.604.139
583871,1,4,8,95,2,,,,,,,,2,,,,,,,,,,,,,,,8,58.474.072.604.139
583871,1,5,8,95,2,,,,,,,,2,,,,,,,,,,,,,,,8,58.474.072.604.139
583872,1,1,8,95,1,,1,1,,462000,80000,2,2,,,,,,,,,,,,,,,8,43.879.455.314.171
583872,2,1,8,95,2,,,,,,,,2,,,,,,,,,,,,,,,8,43.879.455.314.171
583873,1,1,8,95,1,,2,1,,500000,,2,2,,,,,,,,,,,,,,,8,361.338.890.915.738
583873,1,2,8,95,2,,,,,,,,2,,,,,,,,,,,,,,,8,361.338.890.915.738
583874,1,1,8,95,2,,,,,,,,2,,,,,,,,,,,,,,,8,504.925.601.486.915
583874,1,2,8,95,2,,,,,,,,2,,,,,,,,,,,,,,,8,504.925.601.486.915
583874,1,3,8,95,1,,2,1,,402000,,2,2,,,,,,,,,,,,,,,8,504.925.601.486.915
583874,1,4,8,95,2,,,,,,,,2,,,,,,,,,,,,,,,8,504.925.601.486.915
583874,1,5,8,95,2,,,,,,,,2,,,,,,,,,,,,,,,8,504.925.601.486.915
583875,1,1,8,95,2,,,,,,,,2,,,,,,,,,,,,,,,8,279.033.120.986.349
583875,1,2,8,95,2,,,,,,,,2,,,,,,,,,,,,,,,8,279.033.120.986.349
583875,1,3,8,95,2,,,,,,,,2,,,,,,,,,,,,,,,8,279.033.120.986.349
583875,1,4,8,95,2,,,,,,,,2,,,,,,,,,,,,,,,8,279.033.120.986.349
583875,1,5,8,95,2,,,,,,,,1,2,,2,30480000,,,,,,2,2,1,,2,8,279.033.120.986.349
583875,1,7,8,95,2,,,,,,,,2,,,,,,,,,,,,,,,8,279.033.120.986.349
583876,1,1,8,95,2,,,,,,,,2,,,,,,,,,,,,,,,8,558.600.221.172.719
583876,1,2,8,95,2,,,,,,,,2,,,,,,,,,,,,,,,8,558.600.221.172.719
583876,1,3,8,95,2,,,,,,,,2,,,,,,,,,,,,,,,8,558.600.221.172.719
583876,1,4,8,95,2,,,,,,,,2,,,,,,,,,,,,,,,8,558.600.221.172.719
583877,1,1,8,95,2,,,,,,,,2,,,,,,,,,,,,,,,8,483.821.915.515.492
583877,1,2,8,95,2,,,,,,,,2,,,,,,,,,,,,,,,8,483.821.915.515.492
583878,1,1,8,95,2,,,,,,,,2,,,,,,,,,,,,,,,8,483.821.915.515.492
583878,1,2,8,95,2,,,,,,,,2,,,,,,,,,,,,,,,8,483.821.915.515.492
583879,1,1,8,95,2,,,,,,,,2,,,,,,,,,,,,,,,8,583.632.311.808.235
583879,1,2,8,95,2,,,,,,,,2,,,,,,,,,,,,,,,8,583.632.311.808.235
583879,1,3,8,95,2,,,,,,,,2,,,,,,,,,,,,,,,8,583.632.311.808.235
583880,1,1,8,95,2,,,,,,,,2,,,,,,,,,,,,,,,8,747.140.801.132.095
583880,1,2,8,95,2,,,,,,,,2,,,,,,,,,,,,,,,8,747.140.801.132.095
583880,1,3,8,95,2,,,,,,,,2,,,,,,,,,,,,,,,8,747.140.801.132.095
583880,1,4,8,95,2,,,,,,,,2,,,,,,,,,,,,,,,8,747.140.801.132.095
583880,2,1,8,95,2,,,,,,,,2,,,,,,,,,,,,,,,8,747.140.801.132.095
583880,2,2,8,95,2,,,,,,,,2,,,,,,,,,,,,,,,8,747.140.801.132.095
583880,2,6,8,95,2,,,,,,,,2,,,,,,,,,,,,,,,8,747.140.801.132.095
583881,1,1,8,95,2,,,,,,,,2,,,,,,,,,,,,,,,8,479.461.804.012.245
583881,1,2,8,95,2,,,,,,,,2,,,,,,,,,,,,,,,8,479.461.804.012.245
583882,1,1,8,95,2,,,,,,,,2,,,,,,,,,,,,,,,8,52.617.192.132.053
583882,1,2,8,95,2,,,,,,,,2,,,,,,,,,,,,,,,8,52.617.192.132.053
583882,1,3,8,95,2,,,,,,,,2,,,,,,,,,,,,,,,8,52.617.192.132.053
583882,1,4,8,95,2,,,,,,,,2,,,,,,,,,,,,,,,8,52.617.192.132.053
583883,1,1,8,95,1,,2,1,,98,,2,2,,,,,,,,,,,,,,,8,343.282.739.284.926
583883,1,2,8,95,2,,,,,,,,1,2,,2,,,,,,98,2,1,2,,2,8,343.282.739.284.926
583883,1,3,8,95,2,,,,,,,,2,,,,,,,,,,,,,,,8,343.282.739.284.926
583886,1,1,8,95,2,,,,,,,,2,,,,,,,,,,,,,,,8,40.636.625.328.952
583886,1,2,8,95,2,,,,,,,,2,,,,,,,,,,,,,,,8,40.636.625.328.952
583887,1,1,8,95,2,,,,,,,,2,,,,,,,,,,,,,,,8,413.886.281.330.856
583887,1,2,8,95,2,,,,,,,,2,,,,,,,,,,,,,,,8,413.886.281.330.856
583887,1,3,8,95,2,,,,,,,,2,,,,,,,,,,,,,,,8,413.886.281.330.856
583887,1,4,8,95,2,,,,,,,,2,,,,,,,,,,,,,,,8,413.886.281.330.856
583887,1,7,8,95,2,,,,,,,,2,,,,,,,,,,,,,,,8,413.886.281.330.856
583888,1,1,8,95,2,,,,,,,,1,2,,2,,,,,,1500000,2,1,2,,2,8,458.398.953.211.426
583888,1,2,8,95,2,,,,,,,,2,,,,,,,,,,,,,,,8,458.398.953.211.426
583888,1,3,8,95,2,,,,,,,,2,,,,,,,,,,,,,,,8,458.398.953.211.426
583889,1,1,8,95,2,,,,,,,,2,,,,,,,,,,,,,,,8,56.010.763.444.102
583889,1,2,8,95,2,,,,,,,,2,,,,,,,,,,,,,,,8,56.010.763.444.102
583890,1,1,8,95,2,,,,,,,,2,,,,,,,,,,,,,,,8,480.035.547.868.165
583890,1,2,8,95,2,,,,,,,,2,,,,,,,,,,,,,,,8,480.035.547.868.165
583891,1,1,8,95,2,,,,,,,,2,,,,,,,,,,,,,,,8,539.352.674.109.455
583892,1,1,8,95,2,,,,,,,,2,,,,,,,,,,,,,,,8,477.954.390.743.944
583892,1,2,8,95,2,,,,,,,,2,,,,,,,,,,,,,,,8,477.954.390.743.944
583892,1,3,8,95,2,,,,,,,,2,,,,,,,,,,,,,,,8,477.954.390.743.944
583892,1,4,8,95,2,,,,,,,,2,,,,,,,,,,,,,,,8,477.954.390.743.944
583893,1,1,8,95,2,,,,,,,,2,,,,,,,,,,,,,,,8,504.564.911.928.762
583895,1,1,8,95,1,,2,1,,2000000,,2,2,,,,,,,,,,,,,,,8,343.037.741.184.841
583895,1,2,8,95,2,,,,,,,,2,,,,,,,,,,,,,,,8,343.037.741.184.841
583895,1,3,8,95,2,,,,,,,,2,,,,,,,,,,,,,,,8,343.037.741.184.841
583895,1,4,8,95,2,,,,,,,,2,,,,,,,,,,,,,,,8,343.037.741.184.841
583895,1,5,8,95,2,,,,,,,,2,,,,,,,,,,,,,,,8,343.037.741.184.841
583896,1,1,8,95,2,,,,,,,,2,,,,,,,,,,,,,,,8,479.461.804.012.245
583896,1,2,8,95,2,,,,,,,,2,,,,,,,,,,,,,,,8,479.461.804.012.245
583897,1,1,8,95,2,,,,,,,,2,,,,,,,,,,,,,,,8,5.207.027.987.387
583897,1,2,8,95,2,,,,,,,,2,,,,,,,,,,,,,,,8,5.207.027.987.387
583898,1,1,8,95,1,,1,2,,,160000,2,1,2,,2,,,,,,200000,2,1,2,,2,8,396.138.617.014.725
583898,1,2,8,95,2,,,,,,,,2,,,,,,,,,,,,,,,8,396.138.617.014.725
583898,1,3,8,95,2,,,,,,,,2,,,,,,,,,,,,,,,8,396.138.617.014.725
583898,1,4,8,95,2,,,,,,,,2,,,,,,,,,,,,,,,8,396.138.617.014.725
583899,1,1,8,95,2,,,,,,,,2,,,,,,,,,,,,,,,8,521.637.232.152.772
583899,1,2,8,95,2,,,,,,,,2,,,,,,,,,,,,,,,8,521.637.232.152.772
583899,1,3,8,95,2,,,,,,,,2,,,,,,,,,,,,,,,8,521.637.232.152.772
583899,1,4,8,95,2,,,,,,,,2,,,,,,,,,,,,,,,8,521.637.232.152.772
583899,2,1,8,95,2,,,,,,,,2,,,,,,,,,,,,,,,8,521.637.232.152.772
583899,3,1,8,95,2,,,,,,,,2,,,,,,,,,,,,,,,8,521.637.232.152.772
583900,1,1,8,95,2,,,,,,,,2,,,,,,,,,,,,,,,8,365.125.258.563.065
583900,1,2,8,95,2,,,,,,,,2,,,,,,,,,,,,,,,8,365.125.258.563.065
583901,1,1,8,95,2,,,,,,,,2,,,,,,,,,,,,,,,8,483.821.915.515.492
583901,1,2,8,95,2,,,,,,,,2,,,,,,,,,,,,,,,8,483.821.915.515.492
583902,1,1,8,95,2,,,,,,,,2,,,,,,,,,,,,,,,8,447.709.612.253.868
583902,1,2,8,95,2,,,,,,,,2,,,,,,,,,,,,,,,8,447.709.612.253.868
583902,1,3,8,95,2,,,,,,,,2,,,,,,,,,,,,,,,8,447.709.612.253.868
583902,1,4,8,95,2,,,,,,,,2,,,,,,,,,,,,,,,8,447.709.612.253.868
583903,1,1,8,95,2,,,,,,,,2,,,,,,,,,,,,,,,8,583.129.585.233.317
583903,1,2,8,95,2,,,,,,,,2,,,,,,,,,,,,,,,8,583.129.585.233.317
583903,1,3,8,95,2,,,,,,,,2,,,,,,,,,,,,,,,8,583.129.585.233.317
583904,1,1,8,95,2,,,,,,,,2,,,,,,,,,,,,,,,8,459.292.551.454.895
583904,1,2,8,95,1,,2,1,,433700,,2,2,,,,,,,,,,,,,,,8,459.292.551.454.895
583904,1,3,8,95,1,,2,1,,433700,,2,2,,,,,,,,,,,,,,,8,459.292.551.454.895
583905,1,1,8,95,1,,1,2,,,400000,2,1,1,,2,,,,,75000,,2,2,2,,2,8,242.033.456.807.789
583905,1,2,8,95,2,,,,,,,,2,,,,,,,,,,,,,,,8,242.033.456.807.789
583905,1,3,8,95,1,,2,1,,4666000,,2,2,,,,,,,,,,,,,,,8,242.033.456.807.789
583905,1,4,8,95,2,,,,,,,,2,,,,,,,,,,,,,,,8,242.033.456.807.789
583905,1,5,8,95,2,,,,,,,,1,1,,2,,,,,75000,,2,2,2,,2,8,242.033.456.807.789
583906,1,1,8,95,2,,,,,,,,2,,,,,,,,,,,,,,,8,561.042.067.855.092
583906,1,2,8,95,2,,,,,,,,2,,,,,,,,,,,,,,,8,561.042.067.855.092
583906,1,3,8,95,2,,,,,,,,2,,,,,,,,,,,,,,,8,561.042.067.855.092
583906,1,4,8,95,2,,,,,,,,2,,,,,,,,,,,,,,,8,561.042.067.855.092
583906,1,5,8,95,2,,,,,,,,2,,,,,,,,,,,,,,,8,561.042.067.855.092
583906,1,6,8,95,1,,2,1,,1200000,,2,2,,,,,,,,,,,,,,,8,561.042.067.855.092
583907,1,1,8,95,2,,,,,,,,2,,,,,,,,,,,,,,,8,600.118.924.258.029
583907,1,2,8,95,2,,,,,,,,2,,,,,,,,,,,,,,,8,600.118.924.258.029
583907,1,4,8,95,2,,,,,,,,2,,,,,,,,,,,,,,,8,600.118.924.258.029
583907,1,5,8,95,2,,,,,,,,2,,,,,,,,,,,,,,,8,600.118.924.258.029
583907,1,7,8,95,2,,,,,,,,2,,,,,,,,,,,,,,,8,600.118.924.258.029
583907,1,8,8,95,2,,,,,,,,2,,,,,,,,,,,,,,,8,600.118.924.258.029
583910,1,1,8,95,2,,,,,,,,2,,,,,,,,,,,,,,,8,45.953.754.955.498
583911,1,1,8,95,2,,,,,,,,2,,,,,,,,,,,,,,,8,515.009.254.786.235
583911,1,2,8,95,2,,,,,,,,2,,,,,,,,,,,,,,,8,515.009.254.786.235
583912,1,1,8,95,2,,,,,,,,1,2,,2,,,,,,340000,2,1,2,,2,8,49.451.125.647.305
583913,1,1,8,95,1,,2,1,,900000,,2,2,,,,,,,,,,,,,,,8,420.738.401.510.898
583913,1,2,8,95,1,,1,2,,,1200000,2,2,,,,,,,,,,,,,,,8,420.738.401.510.898
583913,1,3,8,95,2,,,,,,,,2,,,,,,,,,,,,,,,8,420.738.401.510.898
583915,1,1,8,95,2,,,,,,,,2,,,,,,,,,,,,,,,8,440.920.981.288.423
583915,1,2,8,95,2,,,,,,,,2,,,,,,,,,,,,,,,8,440.920.981.288.423
583915,1,3,8,95,2,,,,,,,,2,,,,,,,,,,,,,,,8,440.920.981.288.423
583915,1,4,8,95,2,,,,,,,,2,,,,,,,,,,,,,,,8,440.920.981.288.423
583915,1,5,8,95,2,,,,,,,,2,,,,,,,,,,,,,,,8,440.920.981.288.423
583915,1,7,8,95,2,,,,,,,,2,,,,,,,,,,,,,,,8,440.920.981.288.423
583916,1,1,8,95,2,,,,,,,,2,,,,,,,,,,,,,,,8,498.626.369.876.212
583916,1,2,8,95,2,,,,,,,,2,,,,,,,,,,,,,,,8,498.626.369.876.212
583916,1,5,8,95,2,,,,,,,,2,,,,,,,,,,,,,,,8,498.626.369.876.212
583917,1,1,8,95,1,,2,1,,98,,2,2,,,,,,,,,,,,,,,8,340.595.894.502.468
583917,1,2,8,95,2,,,,,,,,2,,,,,,,,,,,,,,,8,340.595.894.502.468
583917,1,3,8,95,2,,,,,,,,2,,,,,,,,,,,,,,,8,340.595.894.502.468
583919,1,1,17,95,2,,,,,,,,2,,,,,,,,,,,,,,,17,119.245.075.178.221
583919,1,2,17,95,2,,,,,,,,2,,,,,,,,,,,,,,,17,119.245.075.178.221
583919,1,3,17,95,2,,,,,,,,1,2,,2,,,,,,1200000,2,1,2,,2,17,119.245.075.178.221
583919,1,4,17,95,2,,,,,,,,2,,,,,,,,,,,,,,,17,119.245.075.178.221
583920,1,1,17,95,2,,,,,,,,1,2,,2,,,,,,3000000,2,1,2,,2,17,111.038.476.180.397
583920,1,5,17,95,2,,,,,,,,1,2,,2,,,,,,4000000,2,1,2,,2,17,111.038.476.180.397
583921,1,1,17,95,2,,,,,,,,2,,,,,,,,,,,,,,,17,125.570.341.578.362
583921,1,2,17,95,2,,,,,,,,2,,,,,,,,,,,,,,,17,125.570.341.578.362
583922,1,1,17,95,1,,1,2,,,200000,2,2,,,,,,,,,,,,,,,17,121.874.205.616.799
583923,1,1,17,95,2,,,,,,,,2,,,,,,,,,,,,,,,17,964.856.609.516.024
583923,1,2,17,95,2,,,,,,,,2,,,,,,,,,,,,,,,17,964.856.609.516.024
583923,1,3,17,95,2,,,,,,,,2,,,,,,,,,,,,,,,17,964.856.609.516.024
583924,1,1,17,95,2,,,,,,,,2,,,,,,,,,,,,,,,17,22.526.448.307.173
583924,1,2,17,95,2,,,,,,,,2,,,,,,,,,,,,,,,17,22.526.448.307.173
583924,1,3,17,95,2,,,,,,,,2,,,,,,,,,,,,,,,17,22.526.448.307.173
583924,1,4,17,95,2,,,,,,,,2,,,,,,,,,,,,,,,17,22.526.448.307.173
583925,1,1,17,95,1,,2,1,,480000,,2,1,2,,2,3000000,,,,,,2,2,1,,2,17,129.543.549.274.598
583925,1,2,17,95,2,,,,,,,,2,,,,,,,,,,,,,,,17,129.543.549.274.598
583926,1,1,17,95,2,,,,,,,,1,2,,2,1560000,,,,,,2,2,1,,2,17,135.635.207.973.079
583926,1,2,17,95,2,,,,,,,,2,,,,,,,,,,,,,,,17,135.635.207.973.079
583927,1,1,17,95,2,,,,,,,,2,,,,,,,,,,,,,,,17,13.512.549.189.179
583927,1,2,17,95,2,,,,,,,,2,,,,,,,,,,,,,,,17,13.512.549.189.179
583927,1,3,17,95,2,,,,,,,,2,,,,,,,,,,,,,,,17,13.512.549.189.179
583927,1,4,17,95,2,,,,,,,,2,,,,,,,,,,,,,,,17,13.512.549.189.179
583928,1,1,17,95,2,,,,,,,,2,,,,,,,,,,,,,,,17,126.349.856.372.275
583928,1,2,17,95,2,,,,,,,,2,,,,,,,,,,,,,,,17,126.349.856.372.275
583928,1,3,17,95,2,,,,,,,,2,,,,,,,,,,,,,,,17,126.349.856.372.275
583929,1,1,17,95,2,,,,,,,,1,2,,2,9600000,,,,,,2,2,1,,2,17,109.584.685.728.682
583931,1,1,17,95,2,,,,,,,,2,,,,,,,,,,,,,,,17,198.031.728.606.655
583931,1,2,17,95,2,,,,,,,,2,,,,,,,,,,,,,,,17,198.031.728.606.655
583931,1,3,17,95,2,,,,,,,,2,,,,,,,,,,,,,,,17,198.031.728.606.655
583931,1,4,17,95,2,,,,,,,,2,,,,,,,,,,,,,,,17,198.031.728.606.655
583931,2,1,17,95,2,,,,,,,,2,,,,,,,,,,,,,,,17,198.031.728.606.655
583931,2,2,17,95,2,,,,,,,,2,,,,,,,,,,,,,,,17,198.031.728.606.655
583931,2,3,17,95,2,,,,,,,,2,,,,,,,,,,,,,,,17,198.031.728.606.655
583931,2,4,17,95,2,,,,,,,,2,,,,,,,,,,,,,,,17,198.031.728.606.655
583932,1,1,17,95,2,,,,,,,,1,2,,2,,,,,,4500000,2,1,2,,2,17,204.785.893.701.573
583932,1,2,17,95,2,,,,,,,,2,,,,,,,,,,,,,,,17,204.785.893.701.573
583932,1,3,17,95,2,,,,,,,,2,,,,,,,,,,,,,,,17,204.785.893.701.573
583932,1,4,17,95,2,,,,,,,,2,,,,,,,,,,,,,,,17,204.785.893.701.573
583934,1,1,17,95,2,,,,,,,,2,,,,,,,,,,,,,,,17,115.706.265.880.145
583934,1,2,17,95,2,,,,,,,,2,,,,,,,,,,,,,,,17,115.706.265.880.145
583934,1,3,17,95,2,,,,,,,,2,,,,,,,,,,,,,,,17,115.706.265.880.145
583934,1,4,17,95,2,,,,,,,,2,,,,,,,,,,,,,,,17,115.706.265.880.145
583936,1,1,17,95,2,,,,,,,,2,,,,,,,,,,,,,,,17,177.289.729.577.814
583936,1,2,17,95,2,,,,,,,,2,,,,,,,,,,,,,,,17,177.289.729.577.814
583936,1,3,17,95,2,,,,,,,,2,,,,,,,,,,,,,,,17,177.289.729.577.814
583936,1,4,17,95,2,,,,,,,,2,,,,,,,,,,,,,,,17,177.289.729.577.814
583937,1,1,17,95,2,,,,,,,,2,,,,,,,,,,,,,,,17,696.500.868.239.795
583937,1,2,17,95,2,,,,,,,,2,,,,,,,,,,,,,,,17,696.500.868.239.795
583937,1,3,17,95,2,,,,,,,,2,,,,,,,,,,,,,,,17,696.500.868.239.795
583937,1,4,17,95,2,,,,,,,,2,,,,,,,,,,,,,,,17,696.500.868.239.795
583937,1,5,17,95,2,,,,,,,,2,,,,,,,,,,,,,,,17,696.500.868.239.795
583937,1,6,17,95,2,,,,,,,,2,,,,,,,,,,,,,,,17,696.500.868.239.795
583938,1,1,17,95,2,,,,,,,,2,,,,,,,,,,,,,,,17,143.098.590.903.061
583938,1,2,17,95,2,,,,,,,,2,,,,,,,,,,,,,,,17,143.098.590.903.061
583938,1,3,17,95,2,,,,,,,,2,,,,,,,,,,,,,,,17,143.098.590.903.061
583939,1,1,17,95,2,,,,,,,,2,,,,,,,,,,,,,,,17,151.515.624.686.648
583939,1,2,17,95,2,,,,,,,,2,,,,,,,,,,,,,,,17,151.515.624.686.648
583940,1,1,17,95,1,,1,1,,490000,750000,2,1,2,,2,800000,,,,,,2,2,1,,2,17,877.142.372.287.295
583940,1,2,17,95,2,,,,,,,,2,,,,,,,,,,,,,,,17,877.142.372.287.295
583940,1,3,17,95,2,,,,,,,,2,,,,,,,,,,,,,,,17,877.142.372.287.295
583941,1,1,17,95,2,,,,,,,,2,,,,,,,,,,,,,,,17,125.907.479.407.263
583941,1,2,17,95,2,,,,,,,,2,,,,,,,,,,,,,,,17,125.907.479.407.263
583942,1,1,17,95,2,,,,,,,,2,,,,,,,,,,,,,,,17,927.063.337.986.452
583942,1,2,17,95,2,,,,,,,,2,,,,,,,,,,,,,,,17,927.063.337.986.452
583942,1,3,17,95,2,,,,,,,,2,,,,,,,,,,,,,,,17,927.063.337.986.452
583942,1,4,17,95,2,,,,,,,,2,,,,,,,,,,,,,,,17,927.063.337.986.452
583943,1,1,17,95,1,,2,1,,461700,,2,2,,,,,,,,,,,,,,,17,159.863.761.546.654
583943,1,2,17,95,2,,,,,,,,2,,,,,,,,,,,,,,,17,159.863.761.546.654
583943,1,3,17,95,2,,,,,,,,2,,,,,,,,,,,,,,,17,159.863.761.546.654
583943,1,4,17,95,2,,,,,,,,2,,,,,,,,,,,,,,,17,159.863.761.546.654
583943,1,6,17,95,2,,,,,,,,2,,,,,,,,,,,,,,,17,159.863.761.546.654
583944,1,1,17,95,1,,2,1,,461700,,2,2,,,,,,,,,,,,,,,17,918.215.798.686.213
583944,1,2,17,95,2,,,,,,,,2,,,,,,,,,,,,,,,17,918.215.798.686.213
583945,1,1,17,95,2,,,,,,,,2,,,,,,,,,,,,,,,17,137.239.576.551.196
583945,1,2,17,95,2,,,,,,,,2,,,,,,,,,,,,,,,17,137.239.576.551.196
583946,1,1,17,95,2,,,,,,,,2,,,,,,,,,,,,,,,17,181.500.911.318.549
583946,1,2,17,95,2,,,,,,,,2,,,,,,,,,,,,,,,17,181.500.911.318.549
583946,1,3,17,95,1,,2,1,,461700,,2,2,,,,,,,,,,,,,,,17,181.500.911.318.549
583946,1,4,17,95,2,,,,,,,,2,,,,,,,,,,,,,,,17,181.500.911.318.549
583948,1,1,17,95,2,,,,,,,,2,,,,,,,,,,,,,,,17,766.150.955.063.774
583948,1,2,17,95,2,,,,,,,,2,,,,,,,,,,,,,,,17,766.150.955.063.774
583948,1,3,17,95,2,,,,,,,,2,,,,,,,,,,,,,,,17,766.150.955.063.774
583949,1,1,17,95,2,,,,,,,,2,,,,,,,,,,,,,,,17,148.638.041.080.969
583949,1,2,17,95,2,,,,,,,,2,,,,,,,,,,,,,,,17,148.638.041.080.969
583949,1,3,17,95,2,,,,,,,,2,,,,,,,,,,,,,,,17,148.638.041.080.969
583949,1,4,17,95,2,,,,,,,,2,,,,,,,,,,,,,,,17,148.638.041.080.969
583951,1,1,17,95,2,,,,,,,,1,2,,1,,,98,,,,2,2,2,,2,17,165.178.117.639.968
583951,1,2,17,95,2,,,,,,,,2,,,,,,,,,,,,,,,17,165.178.117.639.968
583951,1,3,17,95,2,,,,,,,,1,2,,2,,,,,,80000,2,1,2,,2,17,165.178.117.639.968
583952,1,1,17,95,1,,2,1,,2000000,,2,2,,,,,,,,,,,,,,,17,214.408.383.131.278
583952,1,2,17,95,2,,,,,,,,2,,,,,,,,,,,,,,,17,214.408.383.131.278
583952,1,3,17,95,2,,,,,,,,2,,,,,,,,,,,,,,,17,214.408.383.131.278
583953,1,1,17,95,2,,,,,,,,1,2,,2,,,,,,9600000,2,1,2,,2,17,867.568.144.845.455
583953,1,2,17,95,2,,,,,,,,2,,,,,,,,,,,,,,,17,867.568.144.845.455
583953,1,3,17,95,2,,,,,,,,1,2,,2,,,,,,4000000,2,1,2,,2,17,867.568.144.845.455
583954,1,1,17,95,2,,,,,,,,2,,,,,,,,,,,,,,,17,126.012.718.543.374
583954,1,2,17,95,2,,,,,,,,2,,,,,,,,,,,,,,,17,126.012.718.543.374
583954,1,3,17,95,2,,,,,,,,2,,,,,,,,,,,,,,,17,126.012.718.543.374
583955,1,1,17,95,1,,2,1,,1800000,,2,2,,,,,,,,,,,,,,,17,836.068.945.888.377
583955,1,2,17,95,2,,,,,,,,2,,,,,,,,,,,,,,,17,836.068.945.888.377
583955,1,3,17,95,2,,,,,,,,2,,,,,,,,,,,,,,,17,836.068.945.888.377
583955,1,4,17,95,2,,,,,,,,2,,,,,,,,,,,,,,,17,836.068.945.888.377
583956,1,1,17,95,2,,,,,,,,2,,,,,,,,,,,,,,,17,130.424.690.980.609
583956,1,2,17,95,2,,,,,,,,2,,,,,,,,,,,,,,,17,130.424.690.980.609
583956,1,3,17,95,2,,,,,,,,2,,,,,,,,,,,,,,,17,130.424.690.980.609
583956,1,4,17,95,2,,,,,,,,2,,,,,,,,,,,,,,,17,130.424.690.980.609
583956,1,5,17,95,2,,,,,,,,2,,,,,,,,,,,,,,,17,130.424.690.980.609
583957,1,1,17,95,2,,,,,,,,2,,,,,,,,,,,,,,,17,121.034.100.243.693
583957,1,2,17,95,2,,,,,,,,2,,,,,,,,,,,,,,,17,121.034.100.243.693
583957,1,3,17,95,2,,,,,,,,2,,,,,,,,,,,,,,,17,121.034.100.243.693
583957,1,4,17,95,2,,,,,,,,2,,,,,,,,,,,,,,,17,121.034.100.243.693
583957,1,5,17,95,2,,,,,,,,2,,,,,,,,,,,,,,,17,121.034.100.243.693
583958,1,1,17,95,1,,2,1,,461500,,2,2,,,,,,,,,,,,,,,17,216.455.128.674.407
583958,1,2,17,95,2,,,,,,,,2,,,,,,,,,,,,,,,17,216.455.128.674.407
583958,1,3,17,95,2,,,,,,,,2,,,,,,,,,,,,,,,17,216.455.128.674.407
583958,1,4,17,95,2,,,,,,,,2,,,,,,,,,,,,,,,17,216.455.128.674.407
583959,1,1,17,95,2,,,,,,,,2,,,,,,,,,,,,,,,17,176.847.352.612.802
583959,1,2,17,95,2,,,,,,,,2,,,,,,,,,,,,,,,17,176.847.352.612.802
583959,1,3,17,95,2,,,,,,,,2,,,,,,,,,,,,,,,17,176.847.352.612.802
583960,1,1,17,95,2,,,,,,,,2,,,,,,,,,,,,,,,17,126.455.095.508.386
583960,1,2,17,95,2,,,,,,,,2,,,,,,,,,,,,,,,17,126.455.095.508.386
583960,1,3,17,95,2,,,,,,,,2,,,,,,,,,,,,,,,17,126.455.095.508.386
583960,1,4,17,95,2,,,,,,,,2,,,,,,,,,,,,,,,17,126.455.095.508.386
583961,1,1,17,95,1,,2,1,,461500,,2,1,2,,2,,,,,,3840000,2,1,2,,2,17,829.671.890.746.736
583961,1,2,17,95,2,,,,,,,,2,,,,,,,,,,,,,,,17,829.671.890.746.736
583961,1,3,17,95,2,,,,,,,,2,,,,,,,,,,,,,,,17,829.671.890.746.736
583962,1,1,17,95,2,,,,,,,,1,2,,2,,,,,,4200000,2,1,2,,2,17,129.543.549.274.598
583962,1,2,17,95,2,,,,,,,,2,,,,,,,,,,,,,,,17,129.543.549.274.598
583963,1,1,17,95,2,,,,,,,,2,,,,,,,,,,,,,,,17,201.459.465.890.862
583963,1,2,17,95,2,,,,,,,,2,,,,,,,,,,,,,,,17,201.459.465.890.862
583963,1,3,17,95,2,,,,,,,,2,,,,,,,,,,,,,,,17,201.459.465.890.862
583963,1,4,17,95,2,,,,,,,,2,,,,,,,,,,,,,,,17,201.459.465.890.862
583963,1,5,17,95,2,,,,,,,,2,,,,,,,,,,,,,,,17,201.459.465.890.862
583963,1,6,17,95,2,,,,,,,,2,,,,,,,,,,,,,,,17,201.459.465.890.862
583964,1,1,17,95,2,,,,,,,,2,,,,,,,,,,,,,,,17,126.349.856.372.275
583964,1,2,17,95,2,,,,,,,,2,,,,,,,,,,,,,,,17,126.349.856.372.275
583964,1,3,17,95,2,,,,,,,,2,,,,,,,,,,,,,,,17,126.349.856.372.275
583965,1,1,17,95,2,,,,,,,,2,,,,,,,,,,,,,,,17,16.562.049.460.498
583965,1,2,17,95,2,,,,,,,,2,,,,,,,,,,,,,,,17,16.562.049.460.498
583965,1,3,17,95,2,,,,,,,,2,,,,,,,,,,,,,,,17,16.562.049.460.498
583965,1,4,17,95,2,,,,,,,,2,,,,,,,,,,,,,,,17,16.562.049.460.498
583966,1,1,17,95,1,,2,1,,2700000,,2,2,,,,,,,,,,,,,,,17,918.215.798.686.213
583966,1,2,17,95,2,,,,,,,,2,,,,,,,,,,,,,,,17,918.215.798.686.213
583967,1,1,17,95,2,,,,,,,,2,,,,,,,,,,,,,,,17,179.687.464.503.477
583967,1,2,17,95,1,,1,2,,,300000,2,2,,,,,,,,,,,,,,,17,179.687.464.503.477
583969,1,1,17,95,2,,,,,,,,2,,,,,,,,,,,,,,,17,177.289.729.577.814
583969,1,2,17,95,2,,,,,,,,2,,,,,,,,,,,,,,,17,177.289.729.577.814
583969,1,3,17,95,2,,,,,,,,2,,,,,,,,,,,,,,,17,177.289.729.577.814
583969,1,4,17,95,2,,,,,,,,1,2,,2,,,,,,600000,2,1,2,,2,17,177.289.729.577.814
583970,1,1,17,95,2,,,,,,,,2,,,,,,,,,,,,,,,17,109.689.924.864.793
583970,1,2,17,95,2,,,,,,,,2,,,,,,,,,,,,,,,17,109.689.924.864.793
583971,1,1,17,95,2,,,,,,,,1,2,,2,,,,,,2400000,2,1,2,,2,17,118.651.616.906.931
583971,1,2,17,95,2,,,,,,,,1,2,,2,,,,,,1200000,2,1,2,,2,17,118.651.616.906.931
583971,1,3,17,95,2,,,,,,,,1,2,,2,,,,,,1800000,2,1,2,,2,17,118.651.616.906.931
583971,1,4,17,95,2,,,,,,,,2,,,,,,,,,,,,,,,17,118.651.616.906.931
583972,1,1,17,95,2,,,,,,,,2,,,,,,,,,,,,,,,17,944.145.414.776.054
583972,1,2,17,95,2,,,,,,,,2,,,,,,,,,,,,,,,17,944.145.414.776.054
583972,1,3,17,95,2,,,,,,,,2,,,,,,,,,,,,,,,17,944.145.414.776.054
583972,1,4,17,95,2,,,,,,,,2,,,,,,,,,,,,,,,17,944.145.414.776.054
583972,1,5,17,95,2,,,,,,,,2,,,,,,,,,,,,,,,17,944.145.414.776.054
583978,1,1,5,95,2,,,,,,,,1,2,,1,,,20000,,,,2,2,2,,2,5,876.480.058.531.436
583981,1,1,5,95,2,,,,,,,,2,,,,,,,,,,,,,,,5,227.404.047.077.936
583981,1,2,5,95,2,,,,,,,,2,,,,,,,,,,,,,,,5,227.404.047.077.936
583981,1,3,5,95,2,,,,,,,,2,,,,,,,,,,,,,,,5,227.404.047.077.936
583983,1,1,5,95,2,,,,,,,,1,2,,2,,,,,,7200000,2,1,2,,2,5,108.928.626.061.588
583983,1,2,5,95,2,,,,,,,,2,,,,,,,,,,,,,,,5,108.928.626.061.588
583983,1,3,5,95,2,,,,,,,,2,,,,,,,,,,,,,,,5,108.928.626.061.588
583983,1,4,5,95,2,,,,,,,,2,,,,,,,,,,,,,,,5,108.928.626.061.588
583984,1,1,5,95,2,,,,,,,,1,2,,1,,,99,,,,2,2,2,,2,5,112.063.061.676.151
583984,1,2,5,95,2,,,,,,,,2,,,,,,,,,,,,,,,5,112.063.061.676.151
583991,1,1,5,95,2,,,,,,,,2,,,,,,,,,,,,,,,5,120.838.211.918.267
583992,1,1,5,95,2,,,,,,,,2,,,,,,,,,,,,,,,5,939.631.839.395.184
583992,1,2,5,95,2,,,,,,,,2,,,,,,,,,,,,,,,5,939.631.839.395.184
583992,1,3,5,95,2,,,,,,,,2,,,,,,,,,,,,,,,5,939.631.839.395.184
583992,1,4,5,95,2,,,,,,,,2,,,,,,,,,,,,,,,5,939.631.839.395.184
583993,1,1,5,95,2,,,,,,,,2,,,,,,,,,,,,,,,5,12.770.564.826.322
583993,1,2,5,95,2,,,,,,,,2,,,,,,,,,,,,,,,5,12.770.564.826.322
583993,1,3,5,95,2,,,,,,,,2,,,,,,,,,,,,,,,5,12.770.564.826.322
583993,1,4,5,95,2,,,,,,,,2,,,,,,,,,,,,,,,5,12.770.564.826.322
583994,1,1,5,95,2,,,,,,,,2,,,,,,,,,,,,,,,5,865.645.370.589.128
583994,1,2,5,95,2,,,,,,,,2,,,,,,,,,,,,,,,5,865.645.370.589.128
583994,1,3,5,95,2,,,,,,,,2,,,,,,,,,,,,,,,5,865.645.370.589.128
583995,1,1,5,95,2,,,,,,,,2,,,,,,,,,,,,,,,5,112.401.633.908.651
583995,1,2,5,95,2,,,,,,,,2,,,,,,,,,,,,,,,5,112.401.633.908.651
583995,1,3,5,95,2,,,,,,,,2,,,,,,,,,,,,,,,5,112.401.633.908.651
583996,1,1,5,95,2,,,,,,,,2,,,,,,,,,,,,,,,5,988.463.382.957.303
583996,1,2,5,95,2,,,,,,,,2,,,,,,,,,,,,,,,5,988.463.382.957.303
583996,1,3,5,95,2,,,,,,,,2,,,,,,,,,,,,,,,5,988.463.382.957.303
583997,1,1,5,95,2,,,,,,,,2,,,,,,,,,,,,,,,5,100.639.148.689.904
583997,1,2,5,95,2,,,,,,,,2,,,,,,,,,,,,,,,5,100.639.148.689.904
583998,1,1,5,95,2,,,,,,,,2,,,,,,,,,,,,,,,5,108.928.626.061.588
583998,1,2,5,95,2,,,,,,,,2,,,,,,,,,,,,,,,5,108.928.626.061.588
583998,1,3,5,95,2,,,,,,,,2,,,,,,,,,,,,,,,5,108.928.626.061.588
583998,1,4,5,95,2,,,,,,,,2,,,,,,,,,,,,,,,5,108.928.626.061.588
583999,1,1,5,95,2,,,,,,,,2,,,,,,,,,,,,,,,5,103.287.911.434.034
583999,1,2,5,95,2,,,,,,,,2,,,,,,,,,,,,,,,5,103.287.911.434.034
583999,1,3,5,95,2,,,,,,,,2,,,,,,,,,,,,,,,5,103.287.911.434.034
584000,1,1,5,95,2,,,,,,,,2,,,,,,,,,,,,,,,5,14.357.434.380.213
584000,1,2,5,95,2,,,,,,,,2,,,,,,,,,,,,,,,5,14.357.434.380.213
584000,1,3,5,95,2,,,,,,,,2,,,,,,,,,,,,,,,5,14.357.434.380.213
584001,1,1,5,95,1,,2,1,,1200000,,2,2,,,,,,,,,,,,,,,5,119.159.287.979.122
584001,1,2,5,95,2,,,,,,,,2,,,,,,,,,,,,,,,5,119.159.287.979.122
584003,1,1,5,95,2,,,,,,,,2,,,,,,,,,,,,,,,5,388.390.478.216.326
584003,1,2,5,95,2,,,,,,,,2,,,,,,,,,,,,,,,5,388.390.478.216.326
584004,1,1,5,95,2,,,,,,,,1,2,,2,,,,,,60000,2,1,2,,2,5,448.262.970.729.317
584004,1,2,5,95,2,,,,,,,,1,2,,2,,,,,,98,2,1,2,,2,5,448.262.970.729.317
584005,1,1,5,95,2,,,,,,,,2,,,,,,,,,,,,,,,5,360.606.415.439.822
584005,1,2,5,95,2,,,,,,,,2,,,,,,,,,,,,,,,5,360.606.415.439.822
584005,1,3,5,95,2,,,,,,,,2,,,,,,,,,,,,,,,5,360.606.415.439.822
584005,1,4,5,95,2,,,,,,,,2,,,,,,,,,,,,,,,5,360.606.415.439.822
584006,1,1,5,95,2,,,,,,,,2,,,,,,,,,,,,,,,5,876.480.058.531.436
584007,1,1,5,95,2,,,,,,,,2,,,,,,,,,,,,,,,5,674.489.426.247.807
584007,1,2,5,95,2,,,,,,,,2,,,,,,,,,,,,,,,5,674.489.426.247.807
584008,1,1,5,95,2,,,,,,,,2,,,,,,,,,,,,,,,5,953.370.062.948.508
584008,1,2,5,95,2,,,,,,,,2,,,,,,,,,,,,,,,5,953.370.062.948.508
584009,1,1,5,95,1,,2,1,,415000,,2,2,,,,,,,,,,,,,,,5,119.159.287.979.122
584009,1,2,5,95,2,,,,,,,,2,,,,,,,,,,,,,,,5,119.159.287.979.122
584010,1,1,5,95,2,,,,,,,,1,2,,2,,,,,,1000000,2,1,2,,2,5,102.819.727.355.885
584010,1,2,5,95,2,,,,,,,,1,2,,2,,,,,,,2,2,2,1000000,1,5,102.819.727.355.885
584011,1,1,5,95,2,,,,,,,,2,,,,,,,,,,,,,,,5,859.690.819.139.988
584011,1,2,5,95,2,,,,,,,,1,2,,2,,,,,,98,2,1,2,,2,5,859.690.819.139.988
584012,1,1,5,95,2,,,,,,,,1,2,,1,,,433700,,,,2,2,2,,2,5,117.662.227.897.444
584012,1,2,5,95,2,,,,,,,,1,2,,2,,,,3000000,,500000,1,1,2,,2,5,117.662.227.897.444
584012,1,3,5,95,2,,,,,,,,1,2,,2,,,,,,845000,2,1,2,,2,5,117.662.227.897.444
584014,1,1,5,95,2,,,,,,,,2,,,,,,,,,,,,,,,5,112.291.671.642.744
584014,1,2,5,95,2,,,,,,,,2,,,,,,,,,,,,,,,5,112.291.671.642.744
584015,1,1,5,95,2,,,,,,,,2,,,,,,,,,,,,,,,5,120.838.211.918.267
584016,1,1,5,95,2,,,,,,,,1,2,,2,,,,,,1200000,2,1,2,,2,5,745.451.689.277.525
584016,1,2,5,95,2,,,,,,,,2,,,,,,,,,,,,,,,5,745.451.689.277.525
584017,1,1,5,95,2,,,,,,,,2,,,,,,,,,,,,,,,5,813.791.346.240.174
584017,1,2,5,95,2,,,,,,,,1,2,,1,,,49000,,,,2,2,2,,2,5,813.791.346.240.174
584017,1,3,5,95,2,,,,,,,,2,,,,,,,,,,,,,,,5,813.791.346.240.174
584017,1,4,5,95,2,,,,,,,,2,,,,,,,,,,,,,,,5,813.791.346.240.174
584017,1,5,5,95,2,,,,,,,,2,,,,,,,,,,,,,,,5,813.791.346.240.174
584018,1,1,5,95,2,,,,,,,,1,2,,1,,,50000,,,,2,2,2,,2,5,86.141.890.645.984
584018,1,2,5,95,2,,,,,,,,2,,,,,,,,,,,,,,,5,86.141.890.645.984
584018,1,3,5,95,2,,,,,,,,2,,,,,,,,,,,,,,,5,86.141.890.645.984
584019,1,1,5,95,1,,2,2,60000,,,1,2,,,,,,,,,,,,,,,5,482.115.780.476.301
584019,1,4,5,95,1,,2,2,150000,,,1,2,,,,,,,,,,,,,,,5,482.115.780.476.301
584020,1,1,5,95,1,,2,1,,1000000,,2,2,,,,,,,,,,,,,,,5,102.022.322.316.554
584021,1,1,5,95,2,,,,,,,,2,,,,,,,,,,,,,,,5,947.969.131.326.667
584021,1,2,5,95,2,,,,,,,,2,,,,,,,,,,,,,,,5,947.969.131.326.667
584021,1,3,5,95,2,,,,,,,,2,,,,,,,,,,,,,,,5,947.969.131.326.667
584021,1,4,5,95,2,,,,,,,,2,,,,,,,,,,,,,,,5,947.969.131.326.667
584021,1,5,5,95,2,,,,,,,,2,,,,,,,,,,,,,,,5,947.969.131.326.667
584021,1,6,5,95,2,,,,,,,,2,,,,,,,,,,,,,,,5,947.969.131.326.667
584021,1,7,5,95,2,,,,,,,,1,2,,1,,,49000,,,,2,2,2,,2,5,947.969.131.326.667
584022,1,1,5,95,2,,,,,,,,2,,,,,,,,,,,,,,,5,953.370.062.948.508
584022,1,2,5,95,2,,,,,,,,2,,,,,,,,,,,,,,,5,953.370.062.948.508
584023,1,1,5,95,2,,,,,,,,2,,,,,,,,,,,,,,,5,104.580.340.615.116
584023,1,2,5,95,2,,,,,,,,1,2,,1,,,49000,,,,2,2,2,,2,5,104.580.340.615.116
584024,1,1,5,95,1,,1,2,,,150000,2,1,2,,1,,,156000,,,,2,2,2,,2,5,119.884.354.969.685
584024,1,2,5,95,2,,,,,,,,2,,,,,,,,,,,,,,,5,119.884.354.969.685
584024,1,3,5,95,2,,,,,,,,2,,,,,,,,,,,,,,,5,119.884.354.969.685
584025,1,1,5,95,2,,,,,,,,1,2,,1,,,150000,,,,2,2,2,,2,5,845.135.702.385.805
584025,1,2,5,95,2,,,,,,,,2,,,,,,,,,,,,,,,5,845.135.702.385.805
584025,1,3,5,95,2,,,,,,,,2,,,,,,,,,,,,,,,5,845.135.702.385.805
584026,1,1,5,95,2,,,,,,,,1,2,,2,36000000,,,,,,2,2,1,,2,5,769.826.305.061.476
584026,1,2,5,95,2,,,,,,,,2,,,,,,,,,,,,,,,5,769.826.305.061.476
584027,1,1,5,95,1,,2,2,350000,,,1,1,2,,1,,,300000,,,,2,2,2,,2,5,320.661.139.168.436
584028,1,1,5,95,1,,2,1,,800000,,2,2,,,,,,,,,,,,,,,5,34.305.780.405.361
584028,1,2,5,95,2,,,,,,,,1,2,,1,,,78000,,,,2,2,2,,2,5,34.305.780.405.361
584029,1,1,5,95,2,,,,,,,,2,,,,,,,,,,,,,,,5,418.321.362.460.464
584029,1,2,5,95,2,,,,,,,,1,2,,1,,,240000,,,,2,2,2,,2,5,418.321.362.460.464
584030,1,1,5,95,2,,,,,,,,2,,,,,,,,,,,,,,,5,358.459.593.972.188
584030,1,2,5,95,2,,,,,,,,2,,,,,,,,,,,,,,,5,358.459.593.972.188
584031,1,1,5,95,1,,2,1,,433700,,2,2,,,,,,,,,,,,,,,5,354.762.781.732.572
584031,1,2,5,95,2,,,,,,,,2,,,,,,,,,,,,,,,5,354.762.781.732.572
584031,1,3,5,95,2,,,,,,,,2,,,,,,,,,,,,,,,5,354.762.781.732.572
584031,1,4,5,95,2,,,,,,,,2,,,,,,,,,,,,,,,5,354.762.781.732.572
584031,1,5,5,95,1,,2,2,2000000,,,1,2,,,,,,,,,,,,,,,5,354.762.781.732.572
584032,1,1,5,95,1,,2,1,,433700,,2,2,,,,,,,,,,,,,,,5,947.442.321.561.154
584033,1,1,5,95,2,,,,,,,,1,2,,1,,,49000,,,,2,2,2,,2,5,76.692.276.945.046
584033,1,2,5,95,2,,,,,,,,2,,,,,,,,,,,,,,,5,76.692.276.945.046
584034,1,1,5,95,2,,,,,,,,2,,,,,,,,,,,,,,,5,131.625.890.545.368
584034,1,2,5,95,2,,,,,,,,2,,,,,,,,,,,,,,,5,131.625.890.545.368
584034,1,3,5,95,2,,,,,,,,1,2,,1,,,60000,,,,2,2,2,,2,5,131.625.890.545.368
584034,1,4,5,95,2,,,,,,,,2,,,,,,,,,,,,,,,5,131.625.890.545.368
584034,1,5,5,95,2,,,,,,,,2,,,,,,,,,,,,,,,5,131.625.890.545.368
584034,1,6,5,95,1,,2,1,,433700,,2,2,,,,,,,,,,,,,,,5,131.625.890.545.368
584035,1,1,5,95,1,,1,1,,433700,250000,2,2,,,,,,,,,,,,,,,5,166.310.475.685.992
584035,1,2,5,95,2,,,,,,,,1,2,,2,,,,,,2000000,2,1,2,,2,5,166.310.475.685.992
584035,1,3,5,95,2,,,,,,,,1,2,,2,,,,,,2000000,2,1,2,,2,5,166.310.475.685.992
584035,1,4,5,95,2,,,,,,,,1,2,,2,,,,,,2000000,2,1,2,,2,5,166.310.475.685.992
584035,1,5,5,95,2,,,,,,,,1,2,,1,,,84000,,,,2,2,2,,2,5,166.310.475.685.992
584037,1,1,5,95,1,,2,2,400000,,,1,2,,,,,,,,,,,,,,,5,112.063.061.676.151
584037,1,2,5,95,2,,,,,,,,1,2,,1,,,102000,,,,2,2,2,,2,5,112.063.061.676.151
584038,1,1,5,95,2,,,,,,,,1,2,,1,,,96000,,,,2,2,2,,2,5,131.858.979.612.203
584038,1,2,5,95,2,,,,,,,,2,,,,,,,,,,,,,,,5,131.858.979.612.203
584039,1,1,5,95,1,,2,1,,1100000,,2,2,,,,,,,,,,,,,,,5,114.900.924.097.498
584039,1,2,5,95,2,,,,,,,,2,,,,,,,,,,,,,,,5,114.900.924.097.498
584039,1,3,5,95,2,,,,,,,,2,,,,,,,,,,,,,,,5,114.900.924.097.498
584039,1,4,5,95,2,,,,,,,,2,,,,,,,,,,,,,,,5,114.900.924.097.498
584039,1,5,5,95,2,,,,,,,,2,,,,,,,,,,,,,,,5,114.900.924.097.498
584040,1,1,5,95,1,,1,2,,,2000000,2,1,2,,2,,,,2500000,,,1,2,2,,2,5,14.357.434.380.213
584040,1,2,5,95,1,,1,2,,,2000000,2,2,,,,,,,,,,,,,,,5,14.357.434.380.213
584040,1,3,5,95,2,,,,,,,,2,,,,,,,,,,,,,,,5,14.357.434.380.213
584041,1,1,5,95,2,,,,,,,,2,,,,,,,,,,,,,,,5,657.365.480.369.483
584041,1,2,5,95,2,,,,,,,,2,,,,,,,,,,,,,,,5,657.365.480.369.483
584041,1,3,5,95,2,,,,,,,,2,,,,,,,,,,,,,,,5,657.365.480.369.483
584042,1,1,5,95,2,,,,,,,,1,2,,2,,,,,,,2,2,2,300000,1,5,620.923.799.379.764
584042,1,2,5,95,2,,,,,,,,2,,,,,,,,,,,,,,,5,620.923.799.379.764
584042,1,3,5,95,1,,2,2,1800000,,,1,2,,,,,,,,,,,,,,,5,620.923.799.379.764
584042,1,5,5,95,2,,,,,,,,2,,,,,,,,,,,,,,,5,620.923.799.379.764
584044,1,1,5,95,2,,,,,,,,1,2,,2,,,,,,1200000,2,1,2,,2,5,726.825.637.310.745
584045,1,1,5,95,2,,,,,,,,2,,,,,,,,,,,,,,,5,13.166.475.794.545
584045,1,2,5,95,2,,,,,,,,2,,,,,,,,,,,,,,,5,13.166.475.794.545
584045,1,3,5,95,2,,,,,,,,2,,,,,,,,,,,,,,,5,13.166.475.794.545
584045,1,4,5,95,2,,,,,,,,2,,,,,,,,,,,,,,,5,13.166.475.794.545
584045,1,5,5,95,2,,,,,,,,2,,,,,,,,,,,,,,,5,13.166.475.794.545
584045,1,6,5,95,2,,,,,,,,2,,,,,,,,,,,,,,,5,13.166.475.794.545
584046,1,1,5,95,2,,,,,,,,2,,,,,,,,,,,,,,,5,709.219.504.718.438
584047,1,1,5,95,1,,1,2,,,130000,2,1,2,,1,,,80000,,,,2,2,2,,2,5,859.690.819.139.988
584047,1,2,5,95,2,,,,,,,,2,,,,,,,,,,,,,,,5,859.690.819.139.988
584048,1,1,5,95,2,,,,,,,,2,,,,,,,,,,,,,,,5,760.287.735.575.655
584048,1,2,5,95,2,,,,,,,,2,,,,,,,,,,,,,,,5,760.287.735.575.655
584048,1,3,5,95,2,,,,,,,,1,2,,2,,,,,,,2,2,2,270000,1,5,760.287.735.575.655
584048,1,5,5,95,2,,,,,,,,1,2,,2,,,,,,500000,2,1,2,,2,5,760.287.735.575.655
584049,1,1,5,95,2,,,,,,,,2,,,,,,,,,,,,,,,5,133.343.681.884.595
584049,1,2,5,95,2,,,,,,,,2,,,,,,,,,,,,,,,5,133.343.681.884.595
584049,1,3,5,95,2,,,,,,,,2,,,,,,,,,,,,,,,5,133.343.681.884.595
584049,1,4,5,95,2,,,,,,,,2,,,,,,,,,,,,,,,5,133.343.681.884.595
584049,1,5,5,95,2,,,,,,,,2,,,,,,,,,,,,,,,5,133.343.681.884.595
584050,1,1,5,95,2,,,,,,,,2,,,,,,,,,,,,,,,5,904.901.760.924.554
584050,1,2,5,95,2,,,,,,,,2,,,,,,,,,,,,,,,5,904.901.760.924.554
584050,1,3,5,95,2,,,,,,,,2,,,,,,,,,,,,,,,5,904.901.760.924.554
584050,1,4,5,95,2,,,,,,,,2,,,,,,,,,,,,,,,5,904.901.760.924.554
584050,1,5,5,95,2,,,,,,,,2,,,,,,,,,,,,,,,5,904.901.760.924.554
584051,1,1,5,95,2,,,,,,,,2,,,,,,,,,,,,,,,5,100.343.398.377.409
584051,1,2,5,95,2,,,,,,,,2,,,,,,,,,,,,,,,5,100.343.398.377.409
584052,1,1,5,95,1,,1,2,,,40000,2,1,2,,2,,,,,,40000000,2,1,2,,2,5,262.946.192.147.793
584052,1,2,5,95,2,,,,,,,,2,,,,,,,,,,,,,,,5,262.946.192.147.793
584052,1,3,5,95,2,,,,,,,,2,,,,,,,,,,,,,,,5,262.946.192.147.793
584053,1,1,5,95,2,,,,,,,,1,2,,1,,,348000,,,,2,2,2,,2,5,419.675.651.390.464
584053,1,2,5,95,2,,,,,,,,2,,,,,,,,,,,,,,,5,419.675.651.390.464
584053,1,3,5,95,2,,,,,,,,2,,,,,,,,,,,,,,,5,419.675.651.390.464
584054,1,1,5,95,1,,1,2,,,46000,2,2,,,,,,,,,,,,,,,5,418.321.362.460.464
584054,1,2,5,95,2,,,,,,,,1,2,,2,,,,450000,,,1,2,2,2700000,1,5,418.321.362.460.464
584056,1,1,5,95,2,,,,,,,,1,2,,1,,,228000,,,,2,2,2,,2,5,306.769.107.780.184
584056,1,2,5,95,2,,,,,,,,1,2,,2,,,,,,9800000,2,1,2,,2,5,306.769.107.780.184
584059,1,1,5,95,2,,,,,,,,2,,,,,,,,,,,,,,,5,102.022.322.316.554
584061,1,1,5,95,1,,2,1,,433700,,2,2,,,,,,,,,,,,,,,5,101.148.189.569.825
584061,1,2,5,95,2,,,,,,,,2,,,,,,,,,,,,,,,5,101.148.189.569.825
584061,1,3,5,95,2,,,,,,,,2,,,,,,,,,,,,,,,5,101.148.189.569.825
584062,1,1,5,95,2,,,,,,,,1,2,,1,,,116000,,,,2,2,2,800000,1,5,153.246.777.915.864
584062,1,2,5,95,2,,,,,,,,2,,,,,,,,,,,,,,,5,153.246.777.915.864
584062,1,3,5,95,2,,,,,,,,1,2,,2,,,,,,1200000,2,1,2,,2,5,153.246.777.915.864
584062,1,4,5,95,2,,,,,,,,1,2,,2,,,,60000,,1200000,1,1,2,120000,1,5,153.246.777.915.864
584065,1,1,5,95,2,,,,,,,,2,,,,,,,,,,,,,,,5,9.233.293.499.577
584065,1,2,5,95,2,,,,,,,,2,,,,,,,,,,,,,,,5,9.233.293.499.577
584065,1,5,5,95,2,,,,,,,,2,,,,,,,,,,,,,,,5,9.233.293.499.577
584066,1,1,5,95,2,,,,,,,,2,,,,,,,,,,,,,,,5,10.004.337.952.262
584066,1,2,5,95,2,,,,,,,,2,,,,,,,,,,,,,,,5,10.004.337.952.262
584066,1,3,5,95,2,,,,,,,,1,2,,2,,,,,,800000,2,1,2,,2,5,10.004.337.952.262
584067,1,1,5,95,1,,1,2,,,2300000,2,2,,,,,,,,,,,,,,,5,100.343.616.124.398
584067,1,2,5,95,1,,2,1,,3100000,,2,2,,,,,,,,,,,,,,,5,100.343.616.124.398
584067,1,3,5,95,2,,,,,,,,2,,,,,,,,,,,,,,,5,100.343.616.124.398
584067,1,4,5,95,2,,,,,,,,2,,,,,,,,,,,,,,,5,100.343.616.124.398
584067,1,5,5,95,2,,,,,,,,2,,,,,,,,,,,,,,,5,100.343.616.124.398
584067,1,6,5,95,1,,2,1,,600000,,2,2,,,,,,,,,,,,,,,5,100.343.616.124.398
584068,1,1,5,95,2,,,,,,,,2,,,,,,,,,,,,,,,5,90.006.977.150.128
584068,1,2,5,95,2,,,,,,,,2,,,,,,,,,,,,,,,5,90.006.977.150.128
584068,1,3,5,95,2,,,,,,,,2,,,,,,,,,,,,,,,5,90.006.977.150.128
584069,1,1,5,95,1,,1,2,,,160000,2,2,,,,,,,,,,,,,,,5,11.064.102.064.942
584069,1,2,5,95,2,,,,,,,,2,,,,,,,,,,,,,,,5,11.064.102.064.942
584069,1,3,5,95,2,,,,,,,,2,,,,,,,,,,,,,,,5,11.064.102.064.942
584070,1,1,5,95,1,,2,1,,380000,,2,2,,,,,,,,,,,,,,,5,901.850.745.086.429
584070,1,2,5,95,2,,,,,,,,2,,,,,,,,,,,,,,,5,901.850.745.086.429
584070,1,3,5,95,2,,,,,,,,2,,,,,,,,,,,,,,,5,901.850.745.086.429
584070,1,4,5,95,2,,,,,,,,2,,,,,,,,,,,,,,,5,901.850.745.086.429
584071,1,1,5,95,2,,,,,,,,2,,,,,,,,,,,,,,,5,995.190.254.384.419
584071,1,2,5,95,2,,,,,,,,2,,,,,,,,,,,,,,,5,995.190.254.384.419
584071,1,3,5,95,2,,,,,,,,2,,,,,,,,,,,,,,,5,995.190.254.384.419
584072,1,1,5,95,1,,2,1,,380000,,2,2,,,,,,,,,,,,,,,5,943.045.686.331.235
584072,1,2,5,95,2,,,,,,,,2,,,,,,,,,,,,,,,5,943.045.686.331.235
584072,1,3,5,95,2,,,,,,,,2,,,,,,,,,,,,,,,5,943.045.686.331.235
584072,1,4,5,95,1,,1,2,,,480000,2,2,,,,,,,,,,,,,,,5,943.045.686.331.235
584072,1,5,5,95,2,,,,,,,,2,,,,,,,,,,,,,,,5,943.045.686.331.235
584072,1,6,5,95,2,,,,,,,,2,,,,,,,,,,,,,,,5,943.045.686.331.235
584073,1,1,5,95,2,,,,,,,,1,2,,2,,,,,,200000,2,1,2,,2,5,730.694.630.137.036
584073,1,2,5,95,2,,,,,,,,2,,,,,,,,,,,,,,,5,730.694.630.137.036
584074,1,1,5,95,1,,2,1,,6700000,,2,2,,,,,,,,,,,,,,,5,111.897.797.508.256
584074,1,2,5,95,2,,,,,,,,2,,,,,,,,,,,,,,,5,111.897.797.508.256
584074,1,3,5,95,2,,,,,,,,2,,,,,,,,,,,,,,,5,111.897.797.508.256
584076,1,1,5,95,1,,2,1,,380000,,2,2,,,,,,,,,,,,,,,5,859.690.819.139.988
584076,1,2,5,95,2,,,,,,,,2,,,,,,,,,,,,,,,5,859.690.819.139.988
584077,1,1,5,95,2,,,,,,,,2,,,,,,,,,,,,,,,5,901.462.071.085.614
584077,1,2,5,95,2,,,,,,,,2,,,,,,,,,,,,,,,5,901.462.071.085.614
584077,1,3,5,95,2,,,,,,,,2,,,,,,,,,,,,,,,5,901.462.071.085.614
584077,1,4,5,95,2,,,,,,,,2,,,,,,,,,,,,,,,5,901.462.071.085.614
584078,1,1,5,95,2,,,,,,,,2,,,,,,,,,,,,,,,5,936.246.117.070.185
584078,1,2,5,95,2,,,,,,,,2,,,,,,,,,,,,,,,5,936.246.117.070.185
584078,1,3,5,95,2,,,,,,,,1,2,,2,180000,,,,,,2,2,1,,2,5,936.246.117.070.185
584079,1,1,5,95,1,,2,1,,1100000,,2,2,,,,,,,,,,,,,,,5,109.687.163.700.838
584079,1,2,5,95,2,,,,,,,,2,,,,,,,,,,,,,,,5,109.687.163.700.838
584079,1,3,5,95,2,,,,,,,,2,,,,,,,,,,,,,,,5,109.687.163.700.838
584079,1,4,5,95,2,,,,,,,,1,2,,2,140000,,,,,,2,2,1,,2,5,109.687.163.700.838
584079,1,5,5,95,2,,,,,,,,2,,,,,,,,,,,,,,,5,109.687.163.700.838
584081,1,1,5,95,2,,,,,,,,2,,,,,,,,,,,,,,,5,119.224.138.671.268
584081,1,2,5,95,2,,,,,,,,2,,,,,,,,,,,,,,,5,119.224.138.671.268
584081,1,3,5,95,2,,,,,,,,2,,,,,,,,,,,,,,,5,119.224.138.671.268
584082,1,1,5,95,2,,,,,,,,2,,,,,,,,,,,,,,,5,179.467.929.752.662
584082,1,2,5,95,2,,,,,,,,2,,,,,,,,,,,,,,,5,179.467.929.752.662
584082,1,3,5,95,2,,,,,,,,2,,,,,,,,,,,,,,,5,179.467.929.752.662
584086,1,1,5,95,2,,,,,,,,2,,,,,,,,,,,,,,,5,986.669.941.100.621
584086,1,2,5,95,2,,,,,,,,2,,,,,,,,,,,,,,,5,986.669.941.100.621
584086,1,3,5,95,2,,,,,,,,2,,,,,,,,,,,,,,,5,986.669.941.100.621
584086,1,4,5,95,2,,,,,,,,2,,,,,,,,,,,,,,,5,986.669.941.100.621
584086,1,5,5,95,1,,2,1,,380000,,2,2,,,,,,,,,,,,,,,5,986.669.941.100.621
584087,1,1,5,95,2,,,,,,,,2,,,,,,,,,,,,,,,5,103.571.117.849.752
584087,1,2,5,95,2,,,,,,,,2,,,,,,,,,,,,,,,5,103.571.117.849.752
584089,1,1,5,95,2,,,,,,,,1,2,,2,,,,,,200000,2,1,2,,2,5,120.894.078.748.243
584090,1,1,5,95,2,,,,,,,,2,,,,,,,,,,,,,,,5,104.580.340.615.116
584090,1,2,5,95,2,,,,,,,,2,,,,,,,,,,,,,,,5,104.580.340.615.116
584091,1,1,5,95,2,,,,,,,,2,,,,,,,,,,,,,,,5,119.159.287.979.122
584091,1,2,5,95,2,,,,,,,,2,,,,,,,,,,,,,,,5,119.159.287.979.122
584093,1,1,5,95,2,,,,,,,,1,2,,1,,,55000,,,,2,2,2,,2,5,108.928.626.061.588
584093,1,2,5,95,2,,,,,,,,2,,,,,,,,,,,,,,,5,108.928.626.061.588
584093,1,3,5,95,2,,,,,,,,2,,,,,,,,,,,,,,,5,108.928.626.061.588
584093,1,4,5,95,2,,,,,,,,2,,,,,,,,,,,,,,,5,108.928.626.061.588
584094,1,1,5,95,2,,,,,,,,2,,,,,,,,,,,,,,,5,111.109.204.727.569
584094,1,2,5,95,2,,,,,,,,2,,,,,,,,,,,,,,,5,111.109.204.727.569
584094,1,3,5,95,2,,,,,,,,2,,,,,,,,,,,,,,,5,111.109.204.727.569
584094,1,4,5,95,2,,,,,,,,2,,,,,,,,,,,,,,,5,111.109.204.727.569
584095,1,1,5,95,2,,,,,,,,1,2,,1,,,45000,,,,2,2,2,,2,5,996.852.917.413.222
584095,1,2,5,95,2,,,,,,,,1,2,,1,,,45000,,,,2,2,2,,2,5,996.852.917.413.222
584095,1,3,5,95,2,,,,,,,,2,,,,,,,,,,,,,,,5,996.852.917.413.222
584095,1,5,5,95,2,,,,,,,,1,2,,2,,,,,,200000,2,1,2,,2,5,996.852.917.413.222
584098,1,1,5,95,2,,,,,,,,2,,,,,,,,,,,,,,,5,134.492.868.150.209
584098,1,2,5,95,2,,,,,,,,2,,,,,,,,,,,,,,,5,134.492.868.150.209
584099,1,1,5,95,2,,,,,,,,2,,,,,,,,,,,,,,,5,175.997.998.925.068
584099,1,2,5,95,2,,,,,,,,2,,,,,,,,,,,,,,,5,175.997.998.925.068
584099,1,3,5,95,2,,,,,,,,1,2,,1,,,65000,,,,2,2,2,,2,5,175.997.998.925.068
584101,1,1,5,95,2,,,,,,,,2,,,,,,,,,,,,,,,5,124.285.511.036.135
584101,1,2,5,95,2,,,,,,,,2,,,,,,,,,,,,,,,5,124.285.511.036.135
584101,1,3,5,95,2,,,,,,,,2,,,,,,,,,,,,,,,5,124.285.511.036.135
584101,1,4,5,95,2,,,,,,,,2,,,,,,,,,,,,,,,5,124.285.511.036.135
584103,1,1,5,95,2,,,,,,,,2,,,,,,,,,,,,,,,5,125.429.247.971.761
584103,1,2,5,95,2,,,,,,,,2,,,,,,,,,,,,,,,5,125.429.247.971.761
584104,1,1,5,95,2,,,,,,,,2,,,,,,,,,,,,,,,5,179.467.929.752.662
584104,1,2,5,95,2,,,,,,,,2,,,,,,,,,,,,,,,5,179.467.929.752.662
584104,1,3,5,95,2,,,,,,,,2,,,,,,,,,,,,,,,5,179.467.929.752.662
584105,1,1,5,95,2,,,,,,,,1,2,,1,,,75000,,,,2,2,2,,2,5,102.864.303.957.924
584105,1,2,5,95,2,,,,,,,,1,2,,1,,,45000,,,,2,2,2,,2,5,102.864.303.957.924
584105,1,3,5,95,2,,,,,,,,2,,,,,,,,,,,,,,,5,102.864.303.957.924
584106,1,1,5,95,1,,1,2,,,800000,2,1,2,,1,,,300000,,,,2,2,2,,2,5,979.885.712.243.017
584106,1,2,5,95,2,,,,,,,,2,,,,,,,,,,,,,,,5,979.885.712.243.017
584106,1,4,5,95,2,,,,,,,,2,,,,,,,,,,,,,,,5,979.885.712.243.017
584108,1,1,5,95,2,,,,,,,,2,,,,,,,,,,,,,,,5,127.877.044.915.514
584108,1,2,5,95,2,,,,,,,,2,,,,,,,,,,,,,,,5,127.877.044.915.514
584108,1,3,5,95,2,,,,,,,,2,,,,,,,,,,,,,,,5,127.877.044.915.514
584109,1,1,5,95,2,,,,,,,,2,,,,,,,,,,,,,,,5,769.422.343.611.427
584109,1,2,5,95,2,,,,,,,,2,,,,,,,,,,,,,,,5,769.422.343.611.427
584109,1,3,5,95,2,,,,,,,,2,,,,,,,,,,,,,,,5,769.422.343.611.427
584109,1,4,5,95,2,,,,,,,,2,,,,,,,,,,,,,,,5,769.422.343.611.427
584109,1,6,5,95,2,,,,,,,,2,,,,,,,,,,,,,,,5,769.422.343.611.427
584110,1,1,5,95,1,,1,2,,,670000,2,2,,,,,,,,,,,,,,,5,12.685.959.432.417
584110,1,2,5,95,1,,1,2,,,2000000,2,2,,,,,,,,,,,,,,,5,12.685.959.432.417
584110,1,3,5,95,2,,,,,,,,2,,,,,,,,,,,,,,,5,12.685.959.432.417
584110,1,4,5,95,2,,,,,,,,2,,,,,,,,,,,,,,,5,12.685.959.432.417
584110,1,5,5,95,2,,,,,,,,2,,,,,,,,,,,,,,,5,12.685.959.432.417
584111,1,1,5,95,1,,2,1,,379000,,2,2,,,,,,,,,,,,,,,5,716.742.864.907.417
584111,1,2,5,95,2,,,,,,,,2,,,,,,,,,,,,,,,5,716.742.864.907.417
584111,1,3,5,95,2,,,,,,,,2,,,,,,,,,,,,,,,5,716.742.864.907.417
584111,1,4,5,95,2,,,,,,,,2,,,,,,,,,,,,,,,5,716.742.864.907.417
584111,1,5,5,95,2,,,,,,,,2,,,,,,,,,,,,,,,5,716.742.864.907.417
584112,1,1,5,95,2,,,,,,,,2,,,,,,,,,,,,,,,5,918.639.984.477.877
584112,1,2,5,95,2,,,,,,,,2,,,,,,,,,,,,,,,5,918.639.984.477.877
584112,1,3,5,95,2,,,,,,,,2,,,,,,,,,,,,,,,5,918.639.984.477.877
584113,1,1,5,95,2,,,,,,,,1,2,,2,,,,,,600000,2,1,2,,2,5,876.480.058.531.436
584115,1,1,5,95,2,,,,,,,,1,2,,1,,,45000,,,,2,2,2,,2,5,820.046.918.998.154
584115,1,2,5,95,2,,,,,,,,2,,,,,,,,,,,,,,,5,820.046.918.998.154
584115,1,3,5,95,2,,,,,,,,2,,,,,,,,,,,,,,,5,820.046.918.998.154
584115,1,4,5,95,2,,,,,,,,2,,,,,,,,,,,,,,,5,820.046.918.998.154
584116,1,1,5,95,2,,,,,,,,2,,,,,,,,,,,,,,,5,111.387.695.236.451
584116,1,2,5,95,2,,,,,,,,2,,,,,,,,,,,,,,,5,111.387.695.236.451
584117,1,1,5,95,2,,,,,,,,2,,,,,,,,,,,,,,,5,715.289.233.082.154
584117,1,2,5,95,2,,,,,,,,2,,,,,,,,,,,,,,,5,715.289.233.082.154
584117,1,3,5,95,2,,,,,,,,2,,,,,,,,,,,,,,,5,715.289.233.082.154
584118,1,1,5,95,2,,,,,,,,2,,,,,,,,,,,,,,,5,704.926.770.456.846
584118,1,2,5,95,2,,,,,,,,1,2,,1,,,45000,,,,2,2,2,,2,5,704.926.770.456.846
584118,1,4,5,95,2,,,,,,,,1,2,,1,,,55000,,,,2,2,2,,2,5,704.926.770.456.846
584118,1,5,5,95,2,,,,,,,,2,,,,,,,,,,,,,,,5,704.926.770.456.846
584118,1,6,5,95,2,,,,,,,,2,,,,,,,,,,,,,,,5,704.926.770.456.846
584121,1,1,5,95,1,,2,1,,433000,,2,2,,,,,,,,,,,,,,,5,133.656.635.744.953
584122,1,1,5,95,2,,,,,,,,1,2,,2,,,,,,7800000,2,1,2,,2,5,748.975.036.154.347
584125,1,1,5,95,2,,,,,,,,2,,,,,,,,,,,,,,,5,788.202.277.063.664
584125,1,2,5,95,1,,1,2,,,5000000,2,2,,,,,,,,,,,,,,,5,788.202.277.063.664
584125,1,3,5,95,2,,,,,,,,2,,,,,,,,,,,,,,,5,788.202.277.063.664
584125,1,4,5,95,2,,,,,,,,2,,,,,,,,,,,,,,,5,788.202.277.063.664
584125,1,6,5,95,2,,,,,,,,2,,,,,,,,,,,,,,,5,788.202.277.063.664
584126,1,1,5,95,2,,,,,,,,1,2,,2,24000000,,,,,,2,2,1,,2,5,934.914.984.033.726
584127,1,1,5,95,2,,,,,,,,2,,,,,,,,,,,,,,,5,116.190.897.561.114
584127,1,2,5,95,2,,,,,,,,2,,,,,,,,,,,,,,,5,116.190.897.561.114
584127,1,3,5,95,2,,,,,,,,2,,,,,,,,,,,,,,,5,116.190.897.561.114
584127,1,4,5,95,2,,,,,,,,2,,,,,,,,,,,,,,,5,116.190.897.561.114
584128,1,1,5,95,1,,2,1,,2600000,,2,2,,,,,,,,,,,,,,,5,136.219.783.832.928
584128,1,2,5,95,1,,1,2,,,3500000,2,2,,,,,,,,,,,,,,,5,136.219.783.832.928
584128,1,3,5,95,2,,,,,,,,2,,,,,,,,,,,,,,,5,136.219.783.832.928
584128,1,4,5,95,2,,,,,,,,2,,,,,,,,,,,,,,,5,136.219.783.832.928
584129,1,1,5,95,2,,,,,,,,2,,,,,,,,,,,,,,,5,90.006.977.150.128
584129,1,2,5,95,2,,,,,,,,2,,,,,,,,,,,,,,,5,90.006.977.150.128
584129,1,5,5,95,2,,,,,,,,2,,,,,,,,,,,,,,,5,90.006.977.150.128
584130,1,1,5,95,2,,,,,,,,2,,,,,,,,,,,,,,,5,112.931.139.356.363
584131,1,1,5,95,2,,,,,,,,2,,,,,,,,,,,,,,,5,94.951.714.180.886
584133,1,1,5,95,1,,2,1,,433000,,2,2,,,,,,,,,,,,,,,5,135.154.576.188.936
584133,1,2,5,95,2,,,,,,,,2,,,,,,,,,,,,,,,5,135.154.576.188.936
584133,1,3,5,95,2,,,,,,,,2,,,,,,,,,,,,,,,5,135.154.576.188.936
584134,1,1,5,95,2,,,,,,,,2,,,,,,,,,,,,,,,5,102.819.727.355.885
584134,1,2,5,95,2,,,,,,,,2,,,,,,,,,,,,,,,5,102.819.727.355.885
584135,1,1,5,95,2,,,,,,,,2,,,,,,,,,,,,,,,5,102.819.727.355.885
584135,1,2,5,95,2,,,,,,,,2,,,,,,,,,,,,,,,5,102.819.727.355.885
584136,1,1,5,95,2,,,,,,,,2,,,,,,,,,,,,,,,5,108.928.626.061.588
584136,1,2,5,95,2,,,,,,,,2,,,,,,,,,,,,,,,5,108.928.626.061.588
584136,1,3,5,95,2,,,,,,,,2,,,,,,,,,,,,,,,5,108.928.626.061.588
584136,1,4,5,95,2,,,,,,,,2,,,,,,,,,,,,,,,5,108.928.626.061.588
584137,1,1,5,95,2,,,,,,,,1,2,,2,,,,36000000,,,1,2,2,,2,5,859.690.819.139.988
584137,1,2,5,95,2,,,,,,,,1,2,,2,,,,,,,2,2,2,433700,1,5,859.690.819.139.988
584138,1,1,5,95,1,,1,1,,2100000,1400000,2,2,,,,,,,,,,,,,,,5,930.653.082.169.706
584138,1,2,5,95,2,,,,,,,,2,,,,,,,,,,,,,,,5,930.653.082.169.706
584139,1,1,5,95,2,,,,,,,,1,2,,2,,,,6000000,,,1,2,2,,2,5,865.618.560.527.342
584139,1,2,5,95,2,,,,,,,,1,2,,2,,,,5000000,,,1,2,2,,2,5,865.618.560.527.342
584139,1,5,5,95,2,,,,,,,,1,2,,1,,,48960,,,,2,2,2,,2,5,865.618.560.527.342
584140,1,1,5,95,2,,,,,,,,2,,,,,,,,,,,,,,,5,112.063.061.676.151
584140,1,2,5,95,2,,,,,,,,2,,,,,,,,,,,,,,,5,112.063.061.676.151
584141,1,1,5,95,2,,,,,,,,2,,,,,,,,,,,,,,,5,120.838.211.918.267
584142,1,1,5,95,2,,,,,,,,1,2,,2,,,,,,480000,2,1,2,,2,5,10.256.552.544.965
584142,1,2,5,95,2,,,,,,,,1,2,,2,,,,,,,2,2,2,300000,1,5,10.256.552.544.965
584143,1,1,5,95,2,,,,,,,,1,2,,2,,,,,,3600000,2,1,2,700000,1,5,845.135.702.385.805
584143,1,2,5,95,2,,,,,,,,2,,,,,,,,,,,,,,,5,845.135.702.385.805
584143,1,3,5,95,2,,,,,,,,2,,,,,,,,,,,,,,,5,845.135.702.385.805
584144,1,1,5,95,2,,,,,,,,2,,,,,,,,,,,,,,,5,674.489.426.247.807
584144,1,2,5,95,2,,,,,,,,1,2,,2,2100000,,,,,,2,2,1,,2,5,674.489.426.247.807
584145,1,1,5,95,2,,,,,,,,2,,,,,,,,,,,,,,,5,843.330.587.153.548
584145,1,2,5,95,2,,,,,,,,2,,,,,,,,,,,,,,,5,843.330.587.153.548
584146,1,1,5,95,2,,,,,,,,1,2,,2,,,,,,,2,2,2,1200000,1,5,110.384.137.737.006
584146,1,2,5,95,2,,,,,,,,2,,,,,,,,,,,,,,,5,110.384.137.737.006
584146,1,3,5,95,2,,,,,,,,2,,,,,,,,,,,,,,,5,110.384.137.737.006
584147,1,1,5,95,2,,,,,,,,1,2,,2,,,,,,720000,2,1,2,,2,5,660.269.015.980.499
584147,1,2,5,95,2,,,,,,,,2,,,,,,,,,,,,,,,5,660.269.015.980.499
584147,1,3,5,95,2,,,,,,,,2,,,,,,,,,,,,,,,5,660.269.015.980.499
584148,1,1,5,95,2,,,,,,,,2,,,,,,,,,,,,,,,5,110.384.137.737.006
584148,1,2,5,95,2,,,,,,,,1,2,,2,,,,,,,2,2,2,550000,1,5,110.384.137.737.006
584148,1,3,5,95,2,,,,,,,,2,,,,,,,,,,,,,,,5,110.384.137.737.006
584149,1,1,5,95,2,,,,,,,,1,2,,1,,,99,,,,2,2,2,,2,5,107.503.904.028.678
584149,1,2,5,95,2,,,,,,,,2,,,,,,,,,,,,,,,5,107.503.904.028.678
584149,1,3,5,95,2,,,,,,,,1,2,,1,,,55000,,,,2,2,2,,2,5,107.503.904.028.678
584149,1,4,5,95,2,,,,,,,,1,2,,1,,,71000,,,,2,2,2,,2,5,107.503.904.028.678
584149,1,5,5,95,2,,,,,,,,1,2,,1,,,78000,,,,2,2,2,,2,5,107.503.904.028.678
584150,1,1,5,95,2,,,,,,,,2,,,,,,,,,,,,,,,5,108.887.077.655.327
584150,1,2,5,95,2,,,,,,,,2,,,,,,,,,,,,,,,5,108.887.077.655.327
584150,1,3,5,95,2,,,,,,,,2,,,,,,,,,,,,,,,5,108.887.077.655.327
584150,1,4,5,95,2,,,,,,,,1,2,,2,,,,,,,2,2,2,400000,1,5,108.887.077.655.327
584151,1,1,5,95,2,,,,,,,,1,2,,1,,,90000,,,,2,2,2,,2,5,100.169.399.969.324
584152,1,1,5,95,2,,,,,,,,2,,,,,,,,,,,,,,,5,876.485.356.294.152
584152,1,2,5,95,2,,,,,,,,1,2,,2,,,,,,1200000,2,1,2,,2,5,876.485.356.294.152
584153,1,1,5,95,2,,,,,,,,1,2,,1,,,167000,,,,2,2,2,,2,5,128.072.390.667.205
584153,1,2,5,95,2,,,,,,,,1,2,,2,,,,,,1400000,2,1,2,800000,1,5,128.072.390.667.205
584154,1,1,5,95,2,,,,,,,,1,2,,2,,,,100000000,,,1,2,2,,2,5,252.141.888.771.339
584154,1,2,5,95,2,,,,,,,,2,,,,,,,,,,,,,,,5,252.141.888.771.339
584155,1,1,5,95,2,,,,,,,,1,2,,2,,,,,,4800000,2,1,2,,2,5,172.557.623.126.353
584155,1,2,5,95,2,,,,,,,,1,2,,2,300000,,,,,,2,2,1,,2,5,172.557.623.126.353
584156,1,1,5,95,2,,,,,,,,2,,,,,,,,,,,,,,,5,193.710.761.942.817
584156,1,2,5,95,2,,,,,,,,1,2,,2,1200000,,,,,,2,2,1,,2,5,193.710.761.942.817
584157,1,1,5,95,2,,,,,,,,2,,,,,,,,,,,,,,,5,954.692.991.466.781
584157,1,2,5,95,2,,,,,,,,2,,,,,,,,,,,,,,,5,954.692.991.466.781
584158,1,1,5,95,1,,1,1,,379500,200000,2,2,,,,,,,,,,,,,,,5,100.343.398.377.409
584158,1,2,5,95,2,,,,,,,,2,,,,,,,,,,,,,,,5,100.343.398.377.409
584159,1,1,5,95,2,,,,,,,,1,2,,2,,,,,,,2,2,2,248000,1,5,876.480.058.531.436
584160,1,1,5,95,1,,1,2,,,180000,2,2,,,,,,,,,,,,,,,5,100.343.398.377.409
584160,1,2,5,95,1,,2,1,,900000,,2,2,,,,,,,,,,,,,,,5,100.343.398.377.409
584161,1,1,5,95,2,,,,,,,,1,2,,2,,,,,,,2,2,2,1200000,1,5,112.063.061.676.151
584161,1,2,5,95,2,,,,,,,,2,,,,,,,,,,,,,,,5,112.063.061.676.151
584162,1,1,5,95,2,,,,,,,,1,2,,2,,,,,,3000000,2,1,2,,2,5,784.046.715.328.783
584163,1,1,5,95,2,,,,,,,,2,,,,,,,,,,,,,,,5,119.884.354.969.685
584163,1,2,5,95,2,,,,,,,,1,2,,2,,,,,,360000,2,1,2,,2,5,119.884.354.969.685
584163,1,3,5,95,2,,,,,,,,2,,,,,,,,,,,,,,,5,119.884.354.969.685
584164,1,1,5,95,2,,,,,,,,1,2,,2,,,,,,,2,2,2,200000,1,5,136.478.117.499.158
584164,1,2,5,95,1,,2,1,,379500,,2,2,,,,,,,,,,,,,,,5,136.478.117.499.158
584164,1,3,5,95,2,,,,,,,,2,,,,,,,,,,,,,,,5,136.478.117.499.158
584165,1,1,5,95,2,,,,,,,,1,2,,2,,,,,,195000,2,1,2,210000,1,5,935.763.930.356.201
584165,1,2,5,95,2,,,,,,,,2,,,,,,,,,,,,,,,5,935.763.930.356.201
584167,1,1,5,95,1,,2,1,,2000000,,2,2,,,,,,,,,,,,,,,5,865.314.763.178.577
584167,1,2,5,95,1,,2,1,,3000000,,2,2,,,,,,,,,,,,,,,5,865.314.763.178.577
584167,1,3,5,95,1,,2,1,,2900000,,2,2,,,,,,,,,,,,,,,5,865.314.763.178.577
584167,1,4,5,95,1,,2,1,,1800000,,2,2,,,,,,,,,,,,,,,5,865.314.763.178.577
584167,1,5,5,95,2,,,,,,,,2,,,,,,,,,,,,,,,5,865.314.763.178.577
584167,1,6,5,95,2,,,,,,,,2,,,,,,,,,,,,,,,5,865.314.763.178.577
584168,1,1,5,95,1,,1,1,,14000000,4000000,2,1,2,,2,,,,700000,,,1,2,2,,2,5,993.895.414.288.266
584168,1,2,5,95,1,,2,1,,6000000,,2,2,,,,,,,,,,,,,,,5,993.895.414.288.266
584168,1,3,5,95,2,,,,,,,,2,,,,,,,,,,,,,,,5,993.895.414.288.266
584168,1,4,5,95,2,,,,,,,,2,,,,,,,,,,,,,,,5,993.895.414.288.266
584169,1,1,5,95,2,,,,,,,,1,2,,2,,,,,,,2,2,2,500000,1,5,86.141.890.645.984
584169,1,2,5,95,2,,,,,,,,2,,,,,,,,,,,,,,,5,86.141.890.645.984
584169,1,3,5,95,2,,,,,,,,2,,,,,,,,,,,,,,,5,86.141.890.645.984
584170,1,1,5,95,2,,,,,,,,2,,,,,,,,,,,,,,,5,870.090.904.878.197
584170,1,2,5,95,2,,,,,,,,2,,,,,,,,,,,,,,,5,870.090.904.878.197
584170,1,3,5,95,2,,,,,,,,2,,,,,,,,,,,,,,,5,870.090.904.878.197
584170,1,4,5,95,2,,,,,,,,2,,,,,,,,,,,,,,,5,870.090.904.878.197
584170,1,5,5,95,2,,,,,,,,2,,,,,,,,,,,,,,,5,870.090.904.878.197
584170,1,7,5,95,2,,,,,,,,2,,,,,,,,,,,,,,,5,870.090.904.878.197
584171,1,1,5,95,2,,,,,,,,2,,,,,,,,,,,,,,,5,128.659.505.211.802
584171,1,2,5,95,2,,,,,,,,1,2,,2,,,,,,60000,2,1,2,,2,5,128.659.505.211.802
584172,1,1,5,95,2,,,,,,,,2,,,,,,,,,,,,,,,5,954.692.991.466.781
584172,1,2,5,95,2,,,,,,,,2,,,,,,,,,,,,,,,5,954.692.991.466.781
584173,1,1,5,95,2,,,,,,,,2,,,,,,,,,,,,,,,5,936.246.117.070.185
584173,1,2,5,95,1,,1,2,,,130000,2,2,,,,,,,,,,,,,,,5,936.246.117.070.185
584173,1,3,5,95,2,,,,,,,,1,2,,1,1200000,,52044,,,,2,2,1,,2,5,936.246.117.070.185
584174,1,1,5,95,2,,,,,,,,1,2,,1,,,96000,,,,2,2,2,,2,5,112.063.061.676.151
584174,1,2,5,95,2,,,,,,,,1,2,,1,,,90000,,,,2,2,2,,2,5,112.063.061.676.151
584175,1,1,5,95,2,,,,,,,,1,2,,1,,,103200,,,,2,2,2,,2,5,108.928.626.061.588
584175,1,2,5,95,2,,,,,,,,1,2,,1,,,182160,,,,2,2,2,,2,5,108.928.626.061.588
584175,1,3,5,95,2,,,,,,,,1,2,,2,,,,160000,,,1,2,2,,2,5,108.928.626.061.588
584175,1,4,5,95,2,,,,,,,,2,,,,,,,,,,,,,,,5,108.928.626.061.588
584176,1,1,5,95,2,,,,,,,,2,,,,,,,,,,,,,,,5,621.468.002.297.272
584176,1,2,5,95,2,,,,,,,,1,2,,1,,,52044,,,700000,2,1,2,,2,5,621.468.002.297.272
584177,1,1,5,95,2,,,,,,,,2,,,,,,,,,,,,,,,5,980.063.678.021.775
584177,1,2,5,95,2,,,,,,,,1,2,,1,,,52044,,,,2,2,2,,2,5,980.063.678.021.775
584177,1,3,5,95,2,,,,,,,,1,2,,2,,,,,,120000,2,1,2,,2,5,980.063.678.021.775
584177,1,4,5,95,2,,,,,,,,1,2,,2,,,,,,120000,2,1,2,,2,5,980.063.678.021.775
584177,1,6,5,95,2,,,,,,,,1,2,,1,,,69600,,,,2,2,2,,2,5,980.063.678.021.775
584178,1,1,5,95,2,,,,,,,,2,,,,,,,,,,,,,,,5,109.225.649.887.827
584178,1,2,5,95,1,,2,1,,1500000,,2,2,,,,,,,,,,,,,,,5,109.225.649.887.827
584178,1,3,5,95,2,,,,,,,,2,,,,,,,,,,,,,,,5,109.225.649.887.827
584178,1,4,5,95,2,,,,,,,,1,2,,1,,,52044,,,,2,2,2,,2,5,109.225.649.887.827
584178,1,5,5,95,2,,,,,,,,2,,,,,,,,,,,,,,,5,109.225.649.887.827
584179,1,1,5,95,2,,,,,,,,1,2,,2,200000,,,,,,2,2,1,,2,5,102.022.322.316.554
584180,1,1,5,95,2,,,,,,,,1,2,,1,,,264000,,,,2,2,2,,2,5,145.253.267.741.274
584180,1,2,5,95,2,,,,,,,,2,,,,,,,,,,,,,,,5,145.253.267.741.274
584181,1,1,5,95,2,,,,,,,,1,2,,1,,,384000,,,,2,2,2,,2,5,103.290.592.440.213
584181,1,2,5,95,2,,,,,,,,1,2,,2,,,,,,3960000,2,1,2,,2,5,103.290.592.440.213
584181,1,3,5,95,2,,,,,,,,1,2,,2,,,,,,3960000,2,1,2,,2,5,103.290.592.440.213
584183,1,1,5,95,2,,,,,,,,2,,,,,,,,,,,,,,,5,249.126.097.431.388
584183,1,2,5,95,2,,,,,,,,2,,,,,,,,,,,,,,,5,249.126.097.431.388
584183,1,3,5,95,2,,,,,,,,1,2,,2,,,,,,200000,2,1,2,,2,5,249.126.097.431.388
584183,1,5,5,95,2,,,,,,,,1,2,,2,80000,,,,,200000,2,1,1,,2,5,249.126.097.431.388
584184,1,1,5,95,1,,1,2,,,340000,2,2,,,,,,,,,,,,,,,5,115.057.464.817.227
584184,1,2,5,95,1,,1,2,,,350000,2,2,,,,,,,,,,,,,,,5,115.057.464.817.227
584184,1,3,5,95,2,,,,,,,,2,,,,,,,,,,,,,,,5,115.057.464.817.227
584184,1,5,5,95,2,,,,,,,,1,2,,2,,,,,,200000,2,1,2,,2,5,115.057.464.817.227
584184,1,6,5,95,2,,,,,,,,1,2,,2,,,,,,200000,2,1,2,,2,5,115.057.464.817.227
584185,1,1,5,95,2,,,,,,,,1,2,,1,3000000,,114960,,,12000000,2,1,1,,2,5,252.141.888.771.339
584185,1,2,5,95,2,,,,,,,,1,2,,2,,,,1200000,,,1,2,2,,2,5,252.141.888.771.339
584186,1,1,5,95,2,,,,,,,,2,,,,,,,,,,,,,,,5,944.238.522.047.803
584186,1,2,5,95,2,,,,,,,,2,,,,,,,,,,,,,,,5,944.238.522.047.803
584186,1,3,5,95,2,,,,,,,,2,,,,,,,,,,,,,,,5,944.238.522.047.803
584187,1,1,5,95,2,,,,,,,,2,,,,,,,,,,,,,,,5,109.108.043.222.772
584187,1,2,5,95,2,,,,,,,,1,2,,1,,,65400,,,,2,2,2,,2,5,109.108.043.222.772
584188,1,1,5,95,2,,,,,,,,1,2,,1,,,108000,,,,2,2,2,,2,5,935.763.930.356.201
584188,1,2,5,95,2,,,,,,,,2,,,,,,,,,,,,,,,5,935.763.930.356.201
584189,1,1,5,95,2,,,,,,,,1,2,,1,,,103200,,,,2,2,2,4000000,1,5,155.693.319.010.394
584189,1,2,5,95,2,,,,,,,,2,,,,,,,,,,,,,,,5,155.693.319.010.394
584189,1,3,5,95,2,,,,,,,,2,,,,,,,,,,,,,,,5,155.693.319.010.394
584189,1,5,5,95,1,,2,1,,379500,,2,2,,,,,,,,,,,,,,,5,155.693.319.010.394
584189,1,6,5,95,2,,,,,,,,2,,,,,,,,,,,,,,,5,155.693.319.010.394
584189,1,7,5,95,2,,,,,,,,1,2,,2,,,,,,,2,2,2,200000,1,5,155.693.319.010.394
584189,1,8,5,95,2,,,,,,,,1,2,,2,,,,,,2000000,2,1,2,,2,5,155.693.319.010.394
584190,1,1,5,95,2,,,,,,,,2,,,,,,,,,,,,,,,5,102.819.727.355.885
584190,1,2,5,95,2,,,,,,,,2,,,,,,,,,,,,,,,5,102.819.727.355.885
584191,1,1,5,95,2,,,,,,,,1,2,,2,600000,,,,,1200000,2,1,1,,2,5,112.063.061.676.151
584191,1,2,5,95,2,,,,,,,,2,,,,,,,,,,,,,,,5,112.063.061.676.151
584192,1,1,5,95,2,,,,,,,,2,,,,,,,,,,,,,,,5,102.819.727.355.885
584192,1,2,5,95,2,,,,,,,,1,2,,1,,,84000,,,,2,2,2,,2,5,102.819.727.355.885
584193,1,1,5,95,2,,,,,,,,2,,,,,,,,,,,,,,,5,996.852.917.413.222
584193,1,2,5,95,2,,,,,,,,2,,,,,,,,,,,,,,,5,996.852.917.413.222
584193,1,3,5,95,2,,,,,,,,2,,,,,,,,,,,,,,,5,996.852.917.413.222
584193,1,4,5,95,2,,,,,,,,2,,,,,,,,,,,,,,,5,996.852.917.413.222
584194,1,1,5,95,1,,2,1,,493000,,2,2,,,,,,,,,,,,,,,5,915.682.481.352.921
584194,1,2,5,95,2,,,,,,,,2,,,,,,,,,,,,,,,5,915.682.481.352.921
584194,1,3,5,95,2,,,,,,,,1,2,,1,,,65160,,,,2,2,2,,2,5,915.682.481.352.921
584195,1,1,5,95,1,,2,1,,450000,,2,2,,,,,,,,,,,,,,,5,675.306.319.448.666
584195,1,2,5,95,2,,,,,,,,1,2,,2,,,,,,3600000,2,1,2,,2,5,675.306.319.448.666
584195,1,3,5,95,2,,,,,,,,2,,,,,,,,,,,,,,,5,675.306.319.448.666
584196,1,1,5,95,2,,,,,,,,1,2,,1,,,52044,,,,2,2,2,600000,1,5,69.243.026.532.699
584196,1,2,5,95,2,,,,,,,,2,,,,,,,,,,,,,,,5,69.243.026.532.699
584303,1,1,11,95,1,,2,1,,4000000,,2,2,,,,,,,,,,,,,,,11,25.641.760.436.484
584303,1,2,11,95,2,,,,,,,,2,,,,,,,,,,,,,,,11,25.641.760.436.484
584303,1,3,11,95,2,,,,,,,,2,,,,,,,,,,,,,,,11,25.641.760.436.484
584303,1,4,11,95,2,,,,,,,,2,,,,,,,,,,,,,,,11,25.641.760.436.484
584304,1,1,11,95,2,,,,,,,,2,,,,,,,,,,,,,,,11,230.445.251.711.799
584304,1,2,11,95,2,,,,,,,,2,,,,,,,,,,,,,,,11,230.445.251.711.799
584304,1,3,11,95,2,,,,,,,,2,,,,,,,,,,,,,,,11,230.445.251.711.799
584305,1,1,11,95,1,,1,2,,,2000000,2,2,,,,,,,,,,,,,,,11,199.683.460.550.661
584305,1,2,11,95,1,,2,1,,700000,,2,2,,,,,,,,,,,,,,,11,199.683.460.550.661
584306,1,1,11,95,2,,,,,,,,2,,,,,,,,,,,,,,,11,255.284.880.204.683
584306,1,2,11,95,2,,,,,,,,2,,,,,,,,,,,,,,,11,255.284.880.204.683
584306,1,3,11,95,2,,,,,,,,2,,,,,,,,,,,,,,,11,255.284.880.204.683
584306,1,4,11,95,2,,,,,,,,1,2,,1,,,116000,,,,2,2,2,,2,11,255.284.880.204.683
584307,1,1,11,95,1,,2,1,,1600000,,2,2,,,,,,,,,,,,,,,11,199.683.460.550.661
584307,1,2,11,95,2,,,,,,,,2,,,,,,,,,,,,,,,11,199.683.460.550.661
584308,1,1,11,95,1,,1,2,,,340000,2,1,2,,1,,,3000000,5000000,,,1,2,2,,2,11,313.237.290.648.791
584308,1,2,11,95,2,,,,,,,,2,,,,,,,,,,,,,,,11,313.237.290.648.791
584308,1,3,11,95,2,,,,,,,,2,,,,,,,,,,,,,,,11,313.237.290.648.791
584309,1,1,11,95,1,,1,2,,,500000,2,2,,,,,,,,,,,,,,,11,127.715.013.140.838
584309,2,1,11,95,2,,,,,,,,2,,,,,,,,,,,,,,,11,127.715.013.140.838
584309,3,1,11,95,2,,,,,,,,2,,,,,,,,,,,,,,,11,127.715.013.140.838
584309,3,2,11,95,2,,,,,,,,2,,,,,,,,,,,,,,,11,127.715.013.140.838
584309,4,1,11,95,2,,,,,,,,2,,,,,,,,,,,,,,,11,127.715.013.140.838
584309,5,1,11,95,2,,,,,,,,2,,,,,,,,,,,,,,,11,127.715.013.140.838
584310,1,1,11,95,2,,,,,,,,2,,,,,,,,,,,,,,,11,264.799.510.296.908
584310,1,2,11,95,2,,,,,,,,2,,,,,,,,,,,,,,,11,264.799.510.296.908
584311,1,1,11,95,2,,,,,,,,1,2,,1,,,8000000,,,,2,2,2,,2,11,232.801.976.938.325
584311,1,2,11,95,2,,,,,,,,2,,,,,,,,,,,,,,,11,232.801.976.938.325
584311,1,3,11,95,2,,,,,,,,2,,,,,,,,,,,,,,,11,232.801.976.938.325
584311,1,4,11,95,2,,,,,,,,2,,,,,,,,,,,,,,,11,232.801.976.938.325
584312,1,1,11,95,2,,,,,,,,2,,,,,,,,,,,,,,,11,356.961.620.547.622
584312,1,2,11,95,2,,,,,,,,2,,,,,,,,,,,,,,,11,356.961.620.547.622
584313,1,1,11,95,2,,,,,,,,1,2,,1,,,70000,,,,2,2,2,,2,11,284.809.088.091.978
584314,1,1,11,95,2,,,,,,,,2,,,,,,,,,,,,,,,11,264.799.510.296.908
584314,1,2,11,95,2,,,,,,,,2,,,,,,,,,,,,,,,11,264.799.510.296.908
584315,1,1,11,95,2,,,,,,,,2,,,,,,,,,,,,,,,11,265.787.675.678.561
584315,1,2,11,95,1,,1,2,,,600000,2,2,,,,,,,,,,,,,,,11,265.787.675.678.561
584315,1,3,11,95,2,,,,,,,,2,,,,,,,,,,,,,,,11,265.787.675.678.561
584315,1,4,11,95,2,,,,,,,,2,,,,,,,,,,,,,,,11,265.787.675.678.561
584316,1,1,11,95,2,,,,,,,,2,,,,,,,,,,,,,,,11,264.799.510.296.908
584316,1,2,11,95,2,,,,,,,,2,,,,,,,,,,,,,,,11,264.799.510.296.908
584318,1,1,11,95,2,,,,,,,,2,,,,,,,,,,,,,,,11,339.618.168.541.243
584318,1,2,11,95,2,,,,,,,,2,,,,,,,,,,,,,,,11,339.618.168.541.243
584319,1,1,11,95,1,,2,1,,2300000,,2,2,,,,,,,,,,,,,,,11,210.422.091.709.256
584320,1,1,11,95,2,,,,,,,,2,,,,,,,,,,,,,,,11,235.269.567.973.173
584321,1,1,11,95,1,,2,1,,98,,2,2,,,,,,,,,,,,,,,11,199.683.460.550.661
584321,1,2,11,95,2,,,,,,,,2,,,,,,,,,,,,,,,11,199.683.460.550.661
584322,1,1,11,95,2,,,,,,,,2,,,,,,,,,,,,,,,11,185.588.197.652.811
584322,2,1,11,95,2,,,,,,,,2,,,,,,,,,,,,,,,11,185.588.197.652.811
584322,2,2,11,95,2,,,,,,,,2,,,,,,,,,,,,,,,11,185.588.197.652.811
584322,2,3,11,95,2,,,,,,,,2,,,,,,,,,,,,,,,11,185.588.197.652.811
584323,1,1,11,95,2,,,,,,,,2,,,,,,,,,,,,,,,11,271.838.701.583.252
584323,1,2,11,95,2,,,,,,,,2,,,,,,,,,,,,,,,11,271.838.701.583.252
584323,1,3,11,95,2,,,,,,,,2,,,,,,,,,,,,,,,11,271.838.701.583.252
584323,1,4,11,95,2,,,,,,,,2,,,,,,,,,,,,,,,11,271.838.701.583.252
584324,1,1,11,95,1,,1,1,,450000,70000,2,2,,,,,,,,,,,,,,,11,21.994.245.623.792
584324,1,2,11,95,2,,,,,,,,2,,,,,,,,,,,,,,,11,21.994.245.623.792
584324,1,3,11,95,2,,,,,,,,2,,,,,,,,,,,,,,,11,21.994.245.623.792
584325,1,1,11,95,1,,1,2,,,600000,2,2,,,,,,,,,,,,,,,11,235.269.567.973.173
584326,1,1,11,95,2,,,,,,,,2,,,,,,,,,,,,,,,11,229.213.402.874.396
584326,1,2,11,95,2,,,,,,,,2,,,,,,,,,,,,,,,11,229.213.402.874.396
584326,1,3,11,95,2,,,,,,,,2,,,,,,,,,,,,,,,11,229.213.402.874.396
584327,1,1,11,95,2,,,,,,,,2,,,,,,,,,,,,,,,11,19.609.099.312.669
584327,1,2,11,95,2,,,,,,,,2,,,,,,,,,,,,,,,11,19.609.099.312.669
584327,1,3,11,95,2,,,,,,,,2,,,,,,,,,,,,,,,11,19.609.099.312.669
584327,1,4,11,95,2,,,,,,,,2,,,,,,,,,,,,,,,11,19.609.099.312.669
584328,1,1,11,95,2,,,,,,,,2,,,,,,,,,,,,,,,11,215.259.990.178.102
584328,1,2,11,95,2,,,,,,,,2,,,,,,,,,,,,,,,11,215.259.990.178.102
584329,1,1,11,95,2,,,,,,,,1,2,,2,,,,30000000,,,1,2,2,,2,11,284.809.088.091.978
584330,1,1,11,95,2,,,,,,,,2,,,,,,,,,,,,,,,11,264.799.510.296.908
584330,1,2,11,95,2,,,,,,,,2,,,,,,,,,,,,,,,11,264.799.510.296.908
584331,1,1,11,95,1,,2,1,,1400000,,2,2,,,,,,,,,,,,,,,11,154.826.406.491.673
584331,1,2,11,95,2,,,,,,,,2,,,,,,,,,,,,,,,11,154.826.406.491.673
584331,1,3,11,95,2,,,,,,,,2,,,,,,,,,,,,,,,11,154.826.406.491.673
584332,1,1,11,95,2,,,,,,,,1,2,,2,,,,,,98,2,1,2,,2,11,210.422.091.709.256
584333,1,1,11,95,1,,2,1,,525000,,2,2,,,,,,,,,,,,,,,11,210.422.091.709.256
584334,1,1,11,95,2,,,,,,,,2,,,,,,,,,,,,,,,11,324.631.441.761.389
584334,1,2,11,95,2,,,,,,,,2,,,,,,,,,,,,,,,11,324.631.441.761.389
584334,1,3,11,95,2,,,,,,,,2,,,,,,,,,,,,,,,11,324.631.441.761.389
584335,1,1,11,95,2,,,,,,,,1,2,,2,,,,300000,,,1,2,2,,2,11,210.867.335.778.341
584335,1,2,11,95,1,,2,1,,480000,,2,2,,,,,,,,,,,,,,,11,210.867.335.778.341
584335,1,3,11,95,2,,,,,,,,2,,,,,,,,,,,,,,,11,210.867.335.778.341
584335,1,4,11,95,2,,,,,,,,1,2,,2,,,,,,1200000,2,1,2,,2,11,210.867.335.778.341
584336,1,1,11,95,2,,,,,,,,2,,,,,,,,,,,,,,,11,232.801.976.938.325
584336,1,2,11,95,2,,,,,,,,2,,,,,,,,,,,,,,,11,232.801.976.938.325
584336,1,3,11,95,2,,,,,,,,2,,,,,,,,,,,,,,,11,232.801.976.938.325
584336,1,4,11,95,2,,,,,,,,2,,,,,,,,,,,,,,,11,232.801.976.938.325
584338,1,1,11,95,2,,,,,,,,2,,,,,,,,,,,,,,,11,295.893.838.642.412
584338,1,2,11,95,2,,,,,,,,1,2,,2,,,,2200000,,,1,2,2,,2,11,295.893.838.642.412
584338,1,3,11,95,2,,,,,,,,2,,,,,,,,,,,,,,,11,295.893.838.642.412
584339,1,1,11,95,2,,,,,,,,2,,,,,,,,,,,,,,,11,345.123.958.199.053
584339,1,2,11,95,2,,,,,,,,2,,,,,,,,,,,,,,,11,345.123.958.199.053
584339,1,3,11,95,2,,,,,,,,2,,,,,,,,,,,,,,,11,345.123.958.199.053
584339,1,4,11,95,2,,,,,,,,2,,,,,,,,,,,,,,,11,345.123.958.199.053
584339,1,6,11,95,2,,,,,,,,2,,,,,,,,,,,,,,,11,345.123.958.199.053
584340,1,1,11,95,2,,,,,,,,2,,,,,,,,,,,,,,,11,24.788.772.015.214
584340,1,4,11,95,2,,,,,,,,2,,,,,,,,,,,,,,,11,24.788.772.015.214
584341,1,1,11,95,2,,,,,,,,2,,,,,,,,,,,,,,,11,276.526.306.837.156
584341,1,2,11,95,2,,,,,,,,2,,,,,,,,,,,,,,,11,276.526.306.837.156
584341,1,3,11,95,2,,,,,,,,2,,,,,,,,,,,,,,,11,276.526.306.837.156
584342,1,1,11,95,1,,1,1,,2000000,2000000,2,2,,,,,,,,,,,,,,,11,210.422.091.709.256
584343,1,1,11,95,1,,1,1,,1700000,380000,2,2,,,,,,,,,,,,,,,11,210.422.091.709.256
584344,1,1,11,95,2,,,,,,,,2,,,,,,,,,,,,,,,11,127.639.572.884.122
584344,1,2,11,95,2,,,,,,,,1,2,,2,,,,,,3000000,2,1,2,,2,11,127.639.572.884.122
584344,1,3,11,95,2,,,,,,,,1,2,,2,,,,,,1800000,2,1,2,,2,11,127.639.572.884.122
584344,1,4,11,95,2,,,,,,,,2,,,,,,,,,,,,,,,11,127.639.572.884.122
584344,1,5,11,95,2,,,,,,,,2,,,,,,,,,,,,,,,11,127.639.572.884.122
584345,1,1,11,95,2,,,,,,,,2,,,,,,,,,,,,,,,11,173.600.242.089.299
584345,1,2,11,95,2,,,,,,,,2,,,,,,,,,,,,,,,11,173.600.242.089.299
584345,1,3,11,95,2,,,,,,,,2,,,,,,,,,,,,,,,11,173.600.242.089.299
584345,1,4,11,95,2,,,,,,,,2,,,,,,,,,,,,,,,11,173.600.242.089.299
584345,1,5,11,95,2,,,,,,,,2,,,,,,,,,,,,,,,11,173.600.242.089.299
584346,1,1,11,95,1,,2,1,,5500000,,2,2,,,,,,,,,,,,,,,11,209.203.825.079.326
584346,1,2,11,95,2,,,,,,,,2,,,,,,,,,,,,,,,11,209.203.825.079.326
584346,1,3,11,95,2,,,,,,,,2,,,,,,,,,,,,,,,11,209.203.825.079.326
584346,1,4,11,95,2,,,,,,,,2,,,,,,,,,,,,,,,11,209.203.825.079.326
584347,1,1,11,95,2,,,,,,,,2,,,,,,,,,,,,,,,11,238.733.767.403.061
584347,1,2,11,95,1,,2,1,,3500000,,2,2,,,,,,,,,,,,,,,11,238.733.767.403.061
584347,1,3,11,95,2,,,,,,,,2,,,,,,,,,,,,,,,11,238.733.767.403.061
584347,1,4,11,95,2,,,,,,,,2,,,,,,,,,,,,,,,11,238.733.767.403.061
584347,1,5,11,95,2,,,,,,,,2,,,,,,,,,,,,,,,11,238.733.767.403.061
584348,1,1,11,95,2,,,,,,,,1,2,,1,,,2600000,,,,2,2,2,,2,11,182.030.607.982.117
584348,1,2,11,95,2,,,,,,,,1,2,,1,,,1200000,,,,2,2,2,,2,11,182.030.607.982.117
584348,1,3,11,95,2,,,,,,,,2,,,,,,,,,,,,,,,11,182.030.607.982.117
584348,1,4,11,95,1,,2,1,,400000,,2,1,2,,2,,,,,,99,2,1,2,,2,11,182.030.607.982.117
584349,1,1,11,95,2,,,,,,,,2,,,,,,,,,,,,,,,11,239.952.034.032.991
584349,1,2,11,95,2,,,,,,,,2,,,,,,,,,,,,,,,11,239.952.034.032.991
584350,1,1,11,95,1,,2,1,,516000,,2,2,,,,,,,,,,,,,,,11,211.410.257.090.909
584350,1,2,11,95,2,,,,,,,,2,,,,,,,,,,,,,,,11,211.410.257.090.909
584350,1,3,11,95,2,,,,,,,,2,,,,,,,,,,,,,,,11,211.410.257.090.909
584351,1,1,11,95,2,,,,,,,,2,,,,,,,,,,,,,,,11,235.269.567.973.173
584352,1,1,11,95,2,,,,,,,,2,,,,,,,,,,,,,,,11,209.203.825.079.326
584352,1,2,11,95,2,,,,,,,,2,,,,,,,,,,,,,,,11,209.203.825.079.326
584352,1,3,11,95,2,,,,,,,,2,,,,,,,,,,,,,,,11,209.203.825.079.326
584352,1,4,11,95,1,,1,2,,,1000000,2,2,,,,,,,,,,,,,,,11,209.203.825.079.326
584353,1,1,11,95,1,,1,2,,,650000,2,2,,,,,,,,,,,,,,,11,279.984.771.830.605
584353,1,2,11,95,2,,,,,,,,2,,,,,,,,,,,,,,,11,279.984.771.830.605
584353,1,3,11,95,2,,,,,,,,2,,,,,,,,,,,,,,,11,279.984.771.830.605
584354,1,1,11,95,1,,2,1,,433700,,2,2,,,,,,,,,,,,,,,11,145.555.459.855.198
584354,1,2,11,95,1,,2,1,,4800000,,2,2,,,,,,,,,,,,,,,11,145.555.459.855.198
584354,1,3,11,95,2,,,,,,,,2,,,,,,,,,,,,,,,11,145.555.459.855.198
584355,1,1,11,95,2,,,,,,,,1,2,,2,,,,,,38000000,2,1,2,,2,11,210.422.091.709.256
584356,1,1,11,95,2,,,,,,,,1,2,,1,,,2500000,,,,2,2,2,,2,11,356.961.620.547.622
584356,1,2,11,95,1,,1,2,,,300000,2,1,2,,1,,,200000,,,,2,2,2,,2,11,356.961.620.547.622
584357,1,1,11,95,2,,,,,,,,2,,,,,,,,,,,,,,,11,28.402.248.332.366
584357,1,2,11,95,2,,,,,,,,2,,,,,,,,,,,,,,,11,28.402.248.332.366
584357,1,5,11,95,1,,2,1,,480000,,2,2,,,,,,,,,,,,,,,11,28.402.248.332.366
584357,1,6,11,95,1,,2,1,,480000,,2,2,,,,,,,,,,,,,,,11,28.402.248.332.366
584358,1,1,11,95,2,,,,,,,,2,,,,,,,,,,,,,,,11,259.182.854.830.777
584358,1,2,11,95,2,,,,,,,,2,,,,,,,,,,,,,,,11,259.182.854.830.777
584358,1,3,11,95,2,,,,,,,,2,,,,,,,,,,,,,,,11,259.182.854.830.777
584359,1,1,11,95,2,,,,,,,,2,,,,,,,,,,,,,,,11,239.952.034.032.991
584359,1,2,11,95,2,,,,,,,,2,,,,,,,,,,,,,,,11,239.952.034.032.991
584360,1,1,13,95,2,,,,,,,,2,,,,,,,,,,,,,,,13,288.007.804.140.865
584360,1,2,13,95,2,,,,,,,,2,,,,,,,,,,,,,,,13,288.007.804.140.865
584361,1,1,13,95,1,,2,1,,600000,,2,2,,,,,,,,,,,,,,,13,267.956.431.464.022
584361,1,2,13,95,2,,,,,,,,2,,,,,,,,,,,,,,,13,267.956.431.464.022
584361,1,3,13,95,2,,,,,,,,2,,,,,,,,,,,,,,,13,267.956.431.464.022
584361,1,4,13,95,2,,,,,,,,2,,,,,,,,,,,,,,,13,267.956.431.464.022
584363,1,1,13,95,2,,,,,,,,2,,,,,,,,,,,,,,,13,261.212.112.304.946
584363,1,2,13,95,2,,,,,,,,2,,,,,,,,,,,,,,,13,261.212.112.304.946
584364,1,1,13,95,1,,1,2,,,350000,2,2,,,,,,,,,,,,,,,13,257.943.063.199.526
584364,1,2,13,95,2,,,,,,,,2,,,,,,,,,,,,,,,13,257.943.063.199.526
584365,1,1,13,95,2,,,,,,,,2,,,,,,,,,,,,,,,13,299.105.316.093.107
584365,1,2,13,95,2,,,,,,,,2,,,,,,,,,,,,,,,13,299.105.316.093.107
584367,1,1,13,95,2,,,,,,,,2,,,,,,,,,,,,,,,13,304.078.632.822.327
584367,1,2,13,95,2,,,,,,,,1,2,,2,520000,,,,,,2,2,1,,2,13,304.078.632.822.327
584368,1,1,13,95,2,,,,,,,,2,,,,,,,,,,,,,,,13,262.682.552.987.717
584368,1,2,13,95,2,,,,,,,,2,,,,,,,,,,,,,,,13,262.682.552.987.717
584368,1,3,13,95,2,,,,,,,,2,,,,,,,,,,,,,,,13,262.682.552.987.717
584368,1,4,13,95,2,,,,,,,,2,,,,,,,,,,,,,,,13,262.682.552.987.717
584370,1,1,13,95,2,,,,,,,,2,,,,,,,,,,,,,,,13,251.076.054.206.763
584370,1,2,13,95,2,,,,,,,,2,,,,,,,,,,,,,,,13,251.076.054.206.763
584371,1,1,13,95,2,,,,,,,,2,,,,,,,,,,,,,,,13,307.089.474.003.995
584371,1,2,13,95,2,,,,,,,,2,,,,,,,,,,,,,,,13,307.089.474.003.995
584371,1,3,13,95,2,,,,,,,,2,,,,,,,,,,,,,,,13,307.089.474.003.995
584371,1,4,13,95,2,,,,,,,,2,,,,,,,,,,,,,,,13,307.089.474.003.995
584372,1,1,13,95,2,,,,,,,,2,,,,,,,,,,,,,,,13,251.373.688.548.686
584372,1,2,13,95,2,,,,,,,,2,,,,,,,,,,,,,,,13,251.373.688.548.686
584372,1,5,13,95,2,,,,,,,,2,,,,,,,,,,,,,,,13,251.373.688.548.686
584372,1,6,13,95,2,,,,,,,,2,,,,,,,,,,,,,,,13,251.373.688.548.686
584372,1,8,13,95,2,,,,,,,,1,2,,2,,,,,,150000,2,1,2,,2,13,251.373.688.548.686
584373,1,1,13,95,2,,,,,,,,2,,,,,,,,,,,,,,,13,279.911.595.834.927
584374,1,1,13,95,2,,,,,,,,2,,,,,,,,,,,,,,,13,261.212.112.304.946
584374,1,2,13,95,2,,,,,,,,2,,,,,,,,,,,,,,,13,261.212.112.304.946
584375,1,1,13,95,2,,,,,,,,2,,,,,,,,,,,,,,,13,337.219.828.073.649
584375,1,2,13,95,2,,,,,,,,2,,,,,,,,,,,,,,,13,337.219.828.073.649
584375,1,4,13,95,2,,,,,,,,2,,,,,,,,,,,,,,,13,337.219.828.073.649
584376,1,1,13,95,2,,,,,,,,2,,,,,,,,,,,,,,,13,272.166.011.000.772
584376,1,2,13,95,1,,1,2,,,50000,2,2,,,,,,,,,,,,,,,13,272.166.011.000.772
584377,1,1,13,95,2,,,,,,,,2,,,,,,,,,,,,,,,13,294.169.926.088.203
584377,1,2,13,95,2,,,,,,,,2,,,,,,,,,,,,,,,13,294.169.926.088.203
584377,1,3,13,95,2,,,,,,,,2,,,,,,,,,,,,,,,13,294.169.926.088.203
584378,1,1,13,95,2,,,,,,,,2,,,,,,,,,,,,,,,13,261.075.643.227.029
584378,1,2,13,95,2,,,,,,,,2,,,,,,,,,,,,,,,13,261.075.643.227.029
584378,1,3,13,95,2,,,,,,,,2,,,,,,,,,,,,,,,13,261.075.643.227.029
584379,1,1,13,95,2,,,,,,,,2,,,,,,,,,,,,,,,13,244.949.654.850.349
584379,1,2,13,95,2,,,,,,,,2,,,,,,,,,,,,,,,13,244.949.654.850.349
584380,1,1,13,95,2,,,,,,,,2,,,,,,,,,,,,,,,13,290.827.016.549.398
584380,1,2,13,95,2,,,,,,,,2,,,,,,,,,,,,,,,13,290.827.016.549.398
584380,1,3,13,95,2,,,,,,,,2,,,,,,,,,,,,,,,13,290.827.016.549.398
584380,1,4,13,95,2,,,,,,,,2,,,,,,,,,,,,,,,13,290.827.016.549.398
584381,1,1,13,95,2,,,,,,,,1,2,,2,,,,,,3600000,2,1,2,,2,13,292.478.011.056.883
584381,1,2,13,95,2,,,,,,,,2,,,,,,,,,,,,,,,13,292.478.011.056.883
584381,1,3,13,95,2,,,,,,,,2,,,,,,,,,,,,,,,13,292.478.011.056.883
584381,1,4,13,95,2,,,,,,,,2,,,,,,,,,,,,,,,13,292.478.011.056.883
584382,1,1,13,95,2,,,,,,,,2,,,,,,,,,,,,,,,13,304.754.466.270.248
584382,1,2,13,95,2,,,,,,,,2,,,,,,,,,,,,,,,13,304.754.466.270.248
584382,1,3,13,95,2,,,,,,,,2,,,,,,,,,,,,,,,13,304.754.466.270.248
584382,1,4,13,95,2,,,,,,,,2,,,,,,,,,,,,,,,13,304.754.466.270.248
584382,2,1,13,95,2,,,,,,,,2,,,,,,,,,,,,,,,13,304.754.466.270.248
584382,2,2,13,95,2,,,,,,,,2,,,,,,,,,,,,,,,13,304.754.466.270.248
584383,1,1,13,95,2,,,,,,,,2,,,,,,,,,,,,,,,13,269.018.366.246.661
584383,1,2,13,95,2,,,,,,,,2,,,,,,,,,,,,,,,13,269.018.366.246.661
584383,1,3,13,95,2,,,,,,,,2,,,,,,,,,,,,,,,13,269.018.366.246.661
584383,1,4,13,95,2,,,,,,,,2,,,,,,,,,,,,,,,13,269.018.366.246.661
584383,1,5,13,95,2,,,,,,,,2,,,,,,,,,,,,,,,13,269.018.366.246.661
584383,1,8,13,95,2,,,,,,,,2,,,,,,,,,,,,,,,13,269.018.366.246.661
584384,1,1,13,95,2,,,,,,,,2,,,,,,,,,,,,,,,13,290.699.123.138.432
584384,1,2,13,95,2,,,,,,,,2,,,,,,,,,,,,,,,13,290.699.123.138.432
584384,1,3,13,95,2,,,,,,,,2,,,,,,,,,,,,,,,13,290.699.123.138.432
584384,1,5,13,95,2,,,,,,,,2,,,,,,,,,,,,,,,13,290.699.123.138.432
584385,1,1,13,95,2,,,,,,,,2,,,,,,,,,,,,,,,13,251.076.054.206.763
584385,1,2,13,95,2,,,,,,,,2,,,,,,,,,,,,,,,13,251.076.054.206.763
584386,1,1,13,95,2,,,,,,,,2,,,,,,,,,,,,,,,13,233.686.885.781.099
584386,1,2,13,95,2,,,,,,,,2,,,,,,,,,,,,,,,13,233.686.885.781.099
584386,2,1,13,95,2,,,,,,,,2,,,,,,,,,,,,,,,13,233.686.885.781.099
584386,2,2,13,95,2,,,,,,,,2,,,,,,,,,,,,,,,13,233.686.885.781.099
584389,1,1,13,95,2,,,,,,,,2,,,,,,,,,,,,,,,13,27.501.714.974.173
584389,1,2,13,95,2,,,,,,,,2,,,,,,,,,,,,,,,13,27.501.714.974.173
584389,1,3,13,95,2,,,,,,,,2,,,,,,,,,,,,,,,13,27.501.714.974.173
584501,1,1,17,95,1,,2,1,,900000,,2,1,2,,2,,,,,,1800000,2,1,2,,2,17,135.192.831.008.067
584502,1,1,17,95,2,,,,,,,,2,,,,,,,,,,,,,,,17,15.562.296.732.654
584503,1,1,17,95,2,,,,,,,,2,,,,,,,,,,,,,,,17,176.847.352.612.802
584503,1,2,17,95,2,,,,,,,,2,,,,,,,,,,,,,,,17,176.847.352.612.802
584503,1,3,17,95,2,,,,,,,,2,,,,,,,,,,,,,,,17,176.847.352.612.802
584504,1,1,17,95,2,,,,,,,,2,,,,,,,,,,,,,,,17,22.026.460.365.961
584504,1,2,17,95,2,,,,,,,,2,,,,,,,,,,,,,,,17,22.026.460.365.961
584504,1,3,17,95,2,,,,,,,,1,2,,2,,,,,,3000000,2,1,2,,2,17,22.026.460.365.961
584505,1,1,17,95,1,,2,1,,1200000,,2,2,,,,,,,,,,,,,,,17,158.389.844.303.206
584505,1,2,17,95,2,,,,,,,,1,2,,1,,,90000,,,1000000,2,1,2,,2,17,158.389.844.303.206
584507,1,1,17,95,2,,,,,,,,2,,,,,,,,,,,,,,,17,107.186.950.803.018
584507,1,2,17,95,2,,,,,,,,2,,,,,,,,,,,,,,,17,107.186.950.803.018
584507,1,3,17,95,2,,,,,,,,1,2,,2,,,,,,2640000,2,1,2,,2,17,107.186.950.803.018
584508,1,1,17,95,1,,2,1,,600000,,2,2,,,,,,,,,,,,,,,17,574.579.227.875.664
584508,1,2,17,95,2,,,,,,,,2,,,,,,,,,,,,,,,17,574.579.227.875.664
584508,1,3,17,95,2,,,,,,,,2,,,,,,,,,,,,,,,17,574.579.227.875.664
584508,1,4,17,95,2,,,,,,,,1,2,,2,,,,,,4800000,2,1,2,,2,17,574.579.227.875.664
584508,1,5,17,95,2,,,,,,,,2,,,,,,,,,,,,,,,17,574.579.227.875.664
584509,1,1,17,95,2,,,,,,,,2,,,,,,,,,,,,,,,17,502.281.366.313.448
584509,1,2,17,95,2,,,,,,,,2,,,,,,,,,,,,,,,17,502.281.366.313.448
584510,1,1,17,95,2,,,,,,,,2,,,,,,,,,,,,,,,17,540.501.967.567.159
584510,1,2,17,95,2,,,,,,,,2,,,,,,,,,,,,,,,17,540.501.967.567.159
584510,1,3,17,95,2,,,,,,,,2,,,,,,,,,,,,,,,17,540.501.967.567.159
584510,1,4,17,95,2,,,,,,,,2,,,,,,,,,,,,,,,17,540.501.967.567.159
584511,1,1,17,95,2,,,,,,,,2,,,,,,,,,,,,,,,17,550.306.857.520.389
584511,1,2,17,95,2,,,,,,,,2,,,,,,,,,,,,,,,17,550.306.857.520.389
584512,1,1,17,95,2,,,,,,,,1,2,,2,24000000,,,,,,2,2,1,,2,17,438.338.742.914.728
584513,1,1,17,95,2,,,,,,,,2,,,,,,,,,,,,,,,17,197.252.213.812.742
584513,1,2,17,95,2,,,,,,,,2,,,,,,,,,,,,,,,17,197.252.213.812.742
584513,1,3,17,95,2,,,,,,,,2,,,,,,,,,,,,,,,17,197.252.213.812.742
584513,1,5,17,95,2,,,,,,,,2,,,,,,,,,,,,,,,17,197.252.213.812.742
584513,1,6,17,95,2,,,,,,,,2,,,,,,,,,,,,,,,17,197.252.213.812.742
584513,1,7,17,95,2,,,,,,,,2,,,,,,,,,,,,,,,17,197.252.213.812.742
584513,1,8,17,95,2,,,,,,,,2,,,,,,,,,,,,,,,17,197.252.213.812.742
584514,1,1,17,95,2,,,,,,,,2,,,,,,,,,,,,,,,17,177.184.490.441.703
584514,1,2,17,95,2,,,,,,,,2,,,,,,,,,,,,,,,17,177.184.490.441.703
584514,1,3,17,95,2,,,,,,,,2,,,,,,,,,,,,,,,17,177.184.490.441.703
584515,1,1,17,95,2,,,,,,,,2,,,,,,,,,,,,,,,17,16.562.049.460.498
584515,1,2,17,95,2,,,,,,,,2,,,,,,,,,,,,,,,17,16.562.049.460.498
584515,1,3,17,95,2,,,,,,,,2,,,,,,,,,,,,,,,17,16.562.049.460.498
584515,1,4,17,95,2,,,,,,,,2,,,,,,,,,,,,,,,17,16.562.049.460.498
584516,1,1,17,95,2,,,,,,,,2,,,,,,,,,,,,,,,17,16.562.049.460.498
584516,1,2,17,95,2,,,,,,,,2,,,,,,,,,,,,,,,17,16.562.049.460.498
584516,1,3,17,95,2,,,,,,,,2,,,,,,,,,,,,,,,17,16.562.049.460.498
584516,1,4,17,95,2,,,,,,,,2,,,,,,,,,,,,,,,17,16.562.049.460.498
584517,1,1,17,95,2,,,,,,,,2,,,,,,,,,,,,,,,17,15.562.296.732.654
584519,1,1,17,95,2,,,,,,,,2,,,,,,,,,,,,,,,17,124.289.259.275.512
584519,1,2,17,95,2,,,,,,,,2,,,,,,,,,,,,,,,17,124.289.259.275.512
584519,1,3,17,95,2,,,,,,,,2,,,,,,,,,,,,,,,17,124.289.259.275.512
584519,1,4,17,95,2,,,,,,,,2,,,,,,,,,,,,,,,17,124.289.259.275.512
584519,1,5,17,95,2,,,,,,,,2,,,,,,,,,,,,,,,17,124.289.259.275.512
584520,1,1,17,95,2,,,,,,,,2,,,,,,,,,,,,,,,17,125.570.341.578.362
584520,1,2,17,95,2,,,,,,,,2,,,,,,,,,,,,,,,17,125.570.341.578.362
584521,1,1,17,95,1,,2,1,,1800000,,2,2,,,,,,,,,,,,,,,17,169.590.090.077.202
584521,1,2,17,95,2,,,,,,,,2,,,,,,,,,,,,,,,17,169.590.090.077.202
584521,1,3,17,95,2,,,,,,,,2,,,,,,,,,,,,,,,17,169.590.090.077.202
584521,1,4,17,95,2,,,,,,,,2,,,,,,,,,,,,,,,17,169.590.090.077.202
584521,1,5,17,95,2,,,,,,,,2,,,,,,,,,,,,,,,17,169.590.090.077.202
584524,1,1,17,95,2,,,,,,,,2,,,,,,,,,,,,,,,17,274.479.153.102.392
584524,1,2,17,95,2,,,,,,,,1,2,,2,14400000,,,,,,2,2,1,,2,17,274.479.153.102.392
584525,1,1,17,95,2,,,,,,,,2,,,,,,,,,,,,,,,17,765.426.797.905.246
584525,1,2,17,95,2,,,,,,,,2,,,,,,,,,,,,,,,17,765.426.797.905.246
584526,1,1,17,95,2,,,,,,,,2,,,,,,,,,,,,,,,17,734.381.890.932.774
584526,1,2,17,95,2,,,,,,,,2,,,,,,,,,,,,,,,17,734.381.890.932.774
584526,1,3,17,95,2,,,,,,,,1,2,,2,,,,,,1536000,2,1,2,,2,17,734.381.890.932.774
584527,1,1,17,95,2,,,,,,,,2,,,,,,,,,,,,,,,17,126.686.994.201.176
584527,1,2,17,95,2,,,,,,,,2,,,,,,,,,,,,,,,17,126.686.994.201.176
584527,1,3,17,95,2,,,,,,,,1,2,,2,,,,,,100000,2,1,2,,2,17,126.686.994.201.176
584528,1,1,17,95,2,,,,,,,,1,2,,2,,,,,,300000,2,1,2,100000,1,17,14.890.881.152.403
584528,1,2,17,95,2,,,,,,,,2,,,,,,,,,,,,,,,17,14.890.881.152.403
584529,1,1,17,95,2,,,,,,,,1,2,,2,,,,,,1000000,2,1,2,,2,17,148.855.323.961.387
584529,1,2,17,95,2,,,,,,,,2,,,,,,,,,,,,,,,17,148.855.323.961.387
584530,1,1,17,95,2,,,,,,,,1,2,,2,,,,,,1000000,2,1,2,500000,1,17,922.639.568.336.332
584530,1,2,17,95,2,,,,,,,,1,2,,2,,,,,,600000,2,1,2,,2,17,922.639.568.336.332
584530,1,3,17,95,2,,,,,,,,1,2,,2,,,,,,300000,2,1,2,,2,17,922.639.568.336.332
584531,1,1,17,95,1,,1,2,,,600000,2,2,,,,,,,,,,,,,,,17,15.562.296.732.654
584532,1,1,17,95,1,,1,2,,,500000,2,2,,,,,,,,,,,,,,,17,363.456.628.497.749
584532,1,2,17,95,2,,,,,,,,2,,,,,,,,,,,,,,,17,363.456.628.497.749
584533,1,1,17,95,1,,2,1,,433700,,2,2,,,,,,,,,,,,,,,17,744.267.821.241.446
584533,1,2,17,95,2,,,,,,,,2,,,,,,,,,,,,,,,17,744.267.821.241.446
584533,1,3,17,95,2,,,,,,,,2,,,,,,,,,,,,,,,17,744.267.821.241.446
584533,1,4,17,95,2,,,,,,,,2,,,,,,,,,,,,,,,17,744.267.821.241.446
584533,1,5,17,95,2,,,,,,,,2,,,,,,,,,,,,,,,17,744.267.821.241.446
584533,1,6,17,95,2,,,,,,,,2,,,,,,,,,,,,,,,17,744.267.821.241.446
584534,1,1,17,95,2,,,,,,,,2,,,,,,,,,,,,,,,17,615.598.032.234.713
584534,1,2,17,95,1,,1,2,,,420000,2,1,2,,1,,,770000,,,,2,2,2,,2,17,615.598.032.234.713
584534,1,5,17,95,2,,,,,,,,2,,,,,,,,,,,,,,,17,615.598.032.234.713
584535,1,1,17,95,2,,,,,,,,2,,,,,,,,,,,,,,,17,595.635.246.096.121
584535,1,2,17,95,2,,,,,,,,2,,,,,,,,,,,,,,,17,595.635.246.096.121
584536,1,1,17,95,1,,1,2,,,1000000,2,2,,,,,,,,,,,,,,,17,56.934.204.888.782
584536,1,2,17,95,2,,,,,,,,2,,,,,,,,,,,,,,,17,56.934.204.888.782
584536,1,3,17,95,2,,,,,,,,2,,,,,,,,,,,,,,,17,56.934.204.888.782
584536,1,4,17,95,2,,,,,,,,2,,,,,,,,,,,,,,,17,56.934.204.888.782
584537,1,1,17,95,2,,,,,,,,2,,,,,,,,,,,,,,,17,195.673.120.353.158
584537,1,2,17,95,2,,,,,,,,2,,,,,,,,,,,,,,,17,195.673.120.353.158
584537,1,3,17,95,2,,,,,,,,2,,,,,,,,,,,,,,,17,195.673.120.353.158
584538,1,1,17,95,2,,,,,,,,2,,,,,,,,,,,,,,,17,144.477.809.325.473
584538,1,2,17,95,2,,,,,,,,2,,,,,,,,,,,,,,,17,144.477.809.325.473
584538,1,3,17,95,2,,,,,,,,2,,,,,,,,,,,,,,,17,144.477.809.325.473
584538,1,4,17,95,2,,,,,,,,2,,,,,,,,,,,,,,,17,144.477.809.325.473
584538,1,6,17,95,2,,,,,,,,1,2,,1,,,170000,,,,2,2,2,,2,17,144.477.809.325.473
584538,1,7,17,95,2,,,,,,,,2,,,,,,,,,,,,,,,17,144.477.809.325.473
584541,1,1,17,95,2,,,,,,,,2,,,,,,,,,,,,,,,17,251.140.683.156.724
584541,1,2,17,95,2,,,,,,,,2,,,,,,,,,,,,,,,17,251.140.683.156.724
584542,1,1,17,95,2,,,,,,,,2,,,,,,,,,,,,,,,17,126.349.856.372.275
584542,1,2,17,95,2,,,,,,,,2,,,,,,,,,,,,,,,17,126.349.856.372.275
584542,1,4,17,95,2,,,,,,,,2,,,,,,,,,,,,,,,17,126.349.856.372.275
584544,1,1,17,95,2,,,,,,,,1,2,,2,,,,,,1200000,2,1,2,,2,17,139.742.550.612.971
584545,1,1,17,95,1,,1,2,,,320000,2,2,,,,,,,,,,,,,,,17,125.570.341.578.362
584545,1,2,17,95,2,,,,,,,,2,,,,,,,,,,,,,,,17,125.570.341.578.362
584546,1,1,17,95,1,,1,2,,,250000,2,2,,,,,,,,,,,,,,,17,377.600.475.703.786
584546,1,2,17,95,2,,,,,,,,2,,,,,,,,,,,,,,,17,377.600.475.703.786
584546,1,3,17,95,2,,,,,,,,2,,,,,,,,,,,,,,,17,377.600.475.703.786
584547,1,1,17,95,2,,,,,,,,2,,,,,,,,,,,,,,,17,231.510.691.603.772
584547,1,2,17,95,2,,,,,,,,2,,,,,,,,,,,,,,,17,231.510.691.603.772
584547,1,3,17,95,2,,,,,,,,2,,,,,,,,,,,,,,,17,231.510.691.603.772
584547,1,5,17,95,2,,,,,,,,2,,,,,,,,,,,,,,,17,231.510.691.603.772
584547,1,6,17,95,2,,,,,,,,2,,,,,,,,,,,,,,,17,231.510.691.603.772
584548,1,1,17,95,1,,2,1,,1600000,,2,2,,,,,,,,,,,,,,,17,685.918.035.827.377
584548,1,2,17,95,2,,,,,,,,2,,,,,,,,,,,,,,,17,685.918.035.827.377
584548,1,3,17,95,2,,,,,,,,2,,,,,,,,,,,,,,,17,685.918.035.827.377
584548,1,4,17,95,2,,,,,,,,2,,,,,,,,,,,,,,,17,685.918.035.827.377
584548,1,5,17,95,2,,,,,,,,2,,,,,,,,,,,,,,,17,685.918.035.827.377
584549,1,1,17,95,2,,,,,,,,2,,,,,,,,,,,,,,,17,504.978.468.944.656
584549,1,2,17,95,2,,,,,,,,1,2,,1,,,300000,,,,2,2,2,,2,17,504.978.468.944.656
584550,1,1,17,95,2,,,,,,,,1,2,,1,,,350000,,,,2,2,2,,2,17,708.737.961.766.811
584550,1,2,17,95,2,,,,,,,,2,,,,,,,,,,,,,,,17,708.737.961.766.811
584550,1,3,17,95,2,,,,,,,,2,,,,,,,,,,,,,,,17,708.737.961.766.811
584551,1,1,17,95,1,,2,1,,461500,,2,2,,,,,,,,,,,,,,,17,595.421.295.845.546
584551,1,2,17,95,2,,,,,,,,2,,,,,,,,,,,,,,,17,595.421.295.845.546
584552,1,1,17,95,1,,1,2,,,450000,2,2,,,,,,,,,,,,,,,17,502.281.366.313.448
584552,1,2,17,95,2,,,,,,,,2,,,,,,,,,,,,,,,17,502.281.366.313.448
584553,1,1,17,95,2,,,,,,,,2,,,,,,,,,,,,,,,17,150.234.542.383.798
584553,1,2,17,95,2,,,,,,,,2,,,,,,,,,,,,,,,17,150.234.542.383.798
584553,1,4,17,95,2,,,,,,,,2,,,,,,,,,,,,,,,17,150.234.542.383.798
584553,1,5,17,95,2,,,,,,,,2,,,,,,,,,,,,,,,17,150.234.542.383.798
584553,1,6,17,95,2,,,,,,,,2,,,,,,,,,,,,,,,17,150.234.542.383.798
584554,1,1,17,95,2,,,,,,,,2,,,,,,,,,,,,,,,17,167.838.418.365.229
584554,1,2,17,95,2,,,,,,,,2,,,,,,,,,,,,,,,17,167.838.418.365.229
584554,1,3,17,95,2,,,,,,,,2,,,,,,,,,,,,,,,17,167.838.418.365.229
584555,1,1,17,95,2,,,,,,,,2,,,,,,,,,,,,,,,17,125.570.341.578.362
584555,1,2,17,95,2,,,,,,,,2,,,,,,,,,,,,,,,17,125.570.341.578.362
584556,1,1,17,95,1,,2,1,,950000,,2,2,,,,,,,,,,,,,,,17,157.374.639.038.513
584556,1,2,17,95,1,,2,1,,1300000,,2,2,,,,,,,,,,,,,,,17,157.374.639.038.513
584556,1,3,17,95,2,,,,,,,,2,,,,,,,,,,,,,,,17,157.374.639.038.513
584557,1,1,17,95,2,,,,,,,,2,,,,,,,,,,,,,,,17,438.759.699.459.172
584557,1,2,17,95,2,,,,,,,,2,,,,,,,,,,,,,,,17,438.759.699.459.172
584558,1,1,17,95,2,,,,,,,,2,,,,,,,,,,,,,,,17,548.958.306.204.785
584558,1,2,17,95,2,,,,,,,,2,,,,,,,,,,,,,,,17,548.958.306.204.785
584559,1,1,17,95,2,,,,,,,,2,,,,,,,,,,,,,,,17,383.419.414.636.341
584559,1,2,17,95,2,,,,,,,,2,,,,,,,,,,,,,,,17,383.419.414.636.341
584559,1,4,17,95,2,,,,,,,,2,,,,,,,,,,,,,,,17,383.419.414.636.341
584560,1,1,17,95,2,,,,,,,,2,,,,,,,,,,,,,,,17,662.481.978.419.918
584560,1,2,17,95,2,,,,,,,,2,,,,,,,,,,,,,,,17,662.481.978.419.918
584560,1,3,17,95,2,,,,,,,,2,,,,,,,,,,,,,,,17,662.481.978.419.918
584560,1,4,17,95,2,,,,,,,,2,,,,,,,,,,,,,,,17,662.481.978.419.918
584561,1,1,17,95,1,,2,1,,433700,,2,2,,,,,,,,,,,,,,,17,138.991.248.263.169
584561,1,2,17,95,2,,,,,,,,2,,,,,,,,,,,,,,,17,138.991.248.263.169
584561,1,3,17,95,2,,,,,,,,1,2,,2,,,,,,1200000,2,1,2,,2,17,138.991.248.263.169
584561,1,4,17,95,2,,,,,,,,2,,,,,,,,,,,,,,,17,138.991.248.263.169
584562,1,1,17,95,1,,2,1,,433700,,2,2,,,,,,,,,,,,,,,17,104.037.030.907.311
584562,1,2,17,95,1,,2,1,,433700,,2,2,,,,,,,,,,,,,,,17,104.037.030.907.311
584562,1,3,17,95,2,,,,,,,,2,,,,,,,,,,,,,,,17,104.037.030.907.311
584562,1,4,17,95,2,,,,,,,,2,,,,,,,,,,,,,,,17,104.037.030.907.311
584563,1,1,17,95,2,,,,,,,,2,,,,,,,,,,,,,,,17,159.421.384.581.642
584563,1,2,17,95,1,,1,2,,,250000,2,2,,,,,,,,,,,,,,,17,159.421.384.581.642
584563,1,3,17,95,2,,,,,,,,2,,,,,,,,,,,,,,,17,159.421.384.581.642
584563,1,4,17,95,2,,,,,,,,2,,,,,,,,,,,,,,,17,159.421.384.581.642
584565,1,1,17,95,2,,,,,,,,2,,,,,,,,,,,,,,,17,251.814.958.814.526
584565,1,2,17,95,2,,,,,,,,2,,,,,,,,,,,,,,,17,251.814.958.814.526
584566,1,1,17,95,2,,,,,,,,2,,,,,,,,,,,,,,,17,267.149.221.752.633
584566,1,2,17,95,2,,,,,,,,2,,,,,,,,,,,,,,,17,267.149.221.752.633
584566,1,3,17,95,2,,,,,,,,2,,,,,,,,,,,,,,,17,267.149.221.752.633
584566,1,5,17,95,2,,,,,,,,2,,,,,,,,,,,,,,,17,267.149.221.752.633
584567,1,1,17,95,1,,2,1,,433700,,2,2,,,,,,,,,,,,,,,17,114.603.091.527.566
584567,1,2,17,95,2,,,,,,,,2,,,,,,,,,,,,,,,17,114.603.091.527.566
584567,1,3,17,95,2,,,,,,,,2,,,,,,,,,,,,,,,17,114.603.091.527.566
584567,1,4,17,95,2,,,,,,,,2,,,,,,,,,,,,,,,17,114.603.091.527.566
584567,1,5,17,95,2,,,,,,,,2,,,,,,,,,,,,,,,17,114.603.091.527.566
584567,1,6,17,95,2,,,,,,,,2,,,,,,,,,,,,,,,17,114.603.091.527.566
584568,1,1,17,95,2,,,,,,,,2,,,,,,,,,,,,,,,17,109.921.823.557.583
584570,1,1,17,95,1,,2,1,,433700,,2,2,,,,,,,,,,,,,,,17,151.515.624.686.648
584570,1,2,17,95,2,,,,,,,,2,,,,,,,,,,,,,,,17,151.515.624.686.648
584571,1,1,17,95,2,,,,,,,,2,,,,,,,,,,,,,,,17,16.562.049.460.498
584571,1,2,17,95,2,,,,,,,,2,,,,,,,,,,,,,,,17,16.562.049.460.498
584571,1,3,17,95,2,,,,,,,,2,,,,,,,,,,,,,,,17,16.562.049.460.498
584571,1,4,17,95,2,,,,,,,,2,,,,,,,,,,,,,,,17,16.562.049.460.498
584574,1,1,17,95,2,,,,,,,,2,,,,,,,,,,,,,,,17,796.372.991.166.152
584574,1,2,17,95,2,,,,,,,,2,,,,,,,,,,,,,,,17,796.372.991.166.152
584574,1,3,17,95,2,,,,,,,,2,,,,,,,,,,,,,,,17,796.372.991.166.152
584576,1,1,17,95,2,,,,,,,,2,,,,,,,,,,,,,,,17,120.916.782.872.615
584577,1,1,17,95,2,,,,,,,,2,,,,,,,,,,,,,,,17,125.907.479.407.263
584577,1,2,17,95,2,,,,,,,,2,,,,,,,,,,,,,,,17,125.907.479.407.263
584578,1,1,17,95,2,,,,,,,,2,,,,,,,,,,,,,,,17,137.239.576.551.196
584578,1,2,17,95,2,,,,,,,,2,,,,,,,,,,,,,,,17,137.239.576.551.196
584579,1,1,17,95,2,,,,,,,,1,2,,2,,,,,,43200000,2,1,2,,2,17,121.591.058.530.417
584580,1,1,17,95,2,,,,,,,,2,,,,,,,,,,,,,,,17,14.890.881.152.403
584580,1,2,17,95,2,,,,,,,,2,,,,,,,,,,,,,,,17,14.890.881.152.403
584581,1,1,17,95,2,,,,,,,,2,,,,,,,,,,,,,,,17,16.562.049.460.498
584581,1,2,17,95,2,,,,,,,,2,,,,,,,,,,,,,,,17,16.562.049.460.498
584581,1,3,17,95,2,,,,,,,,2,,,,,,,,,,,,,,,17,16.562.049.460.498
584581,1,4,17,95,2,,,,,,,,2,,,,,,,,,,,,,,,17,16.562.049.460.498
584582,1,1,17,95,2,,,,,,,,2,,,,,,,,,,,,,,,17,135.192.831.008.067
584583,1,1,17,95,2,,,,,,,,2,,,,,,,,,,,,,,,17,1.496.348.387.553
584583,1,2,17,95,2,,,,,,,,2,,,,,,,,,,,,,,,17,1.496.348.387.553
584583,1,4,17,95,2,,,,,,,,1,2,,2,,,,,,2400000,2,1,2,,2,17,1.496.348.387.553
584584,1,1,17,95,2,,,,,,,,2,,,,,,,,,,,,,,,17,174.733.267.953.395
584584,1,2,17,95,2,,,,,,,,2,,,,,,,,,,,,,,,17,174.733.267.953.395
584584,1,3,17,95,2,,,,,,,,2,,,,,,,,,,,,,,,17,174.733.267.953.395
584584,1,4,17,95,2,,,,,,,,2,,,,,,,,,,,,,,,17,174.733.267.953.395
584584,2,1,17,95,2,,,,,,,,1,2,,2,,,,,,2040000,2,1,2,,2,17,174.733.267.953.395
584585,1,1,17,95,2,,,,,,,,2,,,,,,,,,,,,,,,17,137.239.576.551.196
584585,1,2,17,95,2,,,,,,,,1,2,,1,,,34000,,,,2,2,2,,2,17,137.239.576.551.196
584586,1,1,17,95,1,,1,2,,,240000,2,2,,,,,,,,,,,,,,,17,138.127.375.736.198
584586,1,2,17,95,2,,,,,,,,2,,,,,,,,,,,,,,,17,138.127.375.736.198
584587,1,1,17,95,1,,1,1,,461500,280000,2,2,,,,,,,,,,,,,,,17,120.658.917.351.272
584587,1,2,17,95,2,,,,,,,,2,,,,,,,,,,,,,,,17,120.658.917.351.272
584588,1,1,17,95,2,,,,,,,,1,2,,2,,,,,,6000000,2,1,2,,2,17,133.609.298.832.317
584588,1,2,17,95,2,,,,,,,,2,,,,,,,,,,,,,,,17,133.609.298.832.317
584588,1,3,17,95,2,,,,,,,,2,,,,,,,,,,,,,,,17,133.609.298.832.317
584589,1,1,17,95,2,,,,,,,,2,,,,,,,,,,,,,,,17,165.178.117.639.968
584589,1,2,17,95,2,,,,,,,,2,,,,,,,,,,,,,,,17,165.178.117.639.968
584589,1,3,17,95,2,,,,,,,,2,,,,,,,,,,,,,,,17,165.178.117.639.968
584590,1,1,17,95,1,,1,1,,2900000,250000,2,2,,,,,,,,,,,,,,,17,927.063.337.986.452
584590,1,2,17,95,2,,,,,,,,2,,,,,,,,,,,,,,,17,927.063.337.986.452
584590,1,3,17,95,2,,,,,,,,2,,,,,,,,,,,,,,,17,927.063.337.986.452
584590,1,4,17,95,2,,,,,,,,2,,,,,,,,,,,,,,,17,927.063.337.986.452
584591,1,1,17,95,2,,,,,,,,1,2,,2,,,,,,6000000,2,1,2,,2,17,1.843.557.573.831
584591,1,2,17,95,2,,,,,,,,2,,,,,,,,,,,,,,,17,1.843.557.573.831
584591,1,3,17,95,2,,,,,,,,2,,,,,,,,,,,,,,,17,1.843.557.573.831
584591,1,4,17,95,2,,,,,,,,2,,,,,,,,,,,,,,,17,1.843.557.573.831
584592,1,1,17,95,1,,2,1,,2600000,,2,2,,,,,,,,,,,,,,,17,13.819.699.929.538
584592,1,2,17,95,2,,,,,,,,2,,,,,,,,,,,,,,,17,13.819.699.929.538
585149,1,1,23,95,2,,,,,,,,2,,,,,,,,,,,,,,,23,355.554.750.057.038
585149,1,2,23,95,2,,,,,,,,2,,,,,,,,,,,,,,,23,355.554.750.057.038
585149,1,3,23,95,2,,,,,,,,2,,,,,,,,,,,,,,,23,355.554.750.057.038
585149,1,4,23,95,2,,,,,,,,2,,,,,,,,,,,,,,,23,355.554.750.057.038
585149,1,5,23,95,2,,,,,,,,2,,,,,,,,,,,,,,,23,355.554.750.057.038
585151,1,1,23,95,2,,,,,,,,2,,,,,,,,,,,,,,,23,118.146.339.184.879
585151,1,2,23,95,2,,,,,,,,2,,,,,,,,,,,,,,,23,118.146.339.184.879
585151,1,3,23,95,2,,,,,,,,2,,,,,,,,,,,,,,,23,118.146.339.184.879
585152,1,1,23,95,1,,2,1,,433700,,2,1,2,,2,,,,,,3600000,2,1,2,,2,23,106.764.965.855.182
585152,1,2,23,95,2,,,,,,,,2,,,,,,,,,,,,,,,23,106.764.965.855.182
585152,1,3,23,95,2,,,,,,,,2,,,,,,,,,,,,,,,23,106.764.965.855.182
585153,1,1,23,95,2,,,,,,,,2,,,,,,,,,,,,,,,23,14.091.662.670.352
585155,1,1,23,95,2,,,,,,,,2,,,,,,,,,,,,,,,23,116.008.160.452.098
585155,1,2,23,95,2,,,,,,,,2,,,,,,,,,,,,,,,23,116.008.160.452.098
585155,1,3,23,95,2,,,,,,,,2,,,,,,,,,,,,,,,23,116.008.160.452.098
585156,1,1,23,95,2,,,,,,,,2,,,,,,,,,,,,,,,23,125.002.661.587.064
585156,1,2,23,95,2,,,,,,,,2,,,,,,,,,,,,,,,23,125.002.661.587.064
585156,1,3,23,95,2,,,,,,,,2,,,,,,,,,,,,,,,23,125.002.661.587.064
585157,1,1,23,95,2,,,,,,,,2,,,,,,,,,,,,,,,23,126.067.963.958.186
585157,1,2,23,95,2,,,,,,,,2,,,,,,,,,,,,,,,23,126.067.963.958.186
585157,1,5,23,95,2,,,,,,,,2,,,,,,,,,,,,,,,23,126.067.963.958.186
585158,1,1,23,95,2,,,,,,,,2,,,,,,,,,,,,,,,23,125.104.821.948.971
585158,1,2,23,95,2,,,,,,,,2,,,,,,,,,,,,,,,23,125.104.821.948.971
585158,1,3,23,95,2,,,,,,,,2,,,,,,,,,,,,,,,23,125.104.821.948.971
585158,1,4,23,95,2,,,,,,,,2,,,,,,,,,,,,,,,23,125.104.821.948.971
585158,1,5,23,95,2,,,,,,,,2,,,,,,,,,,,,,,,23,125.104.821.948.971
585159,1,1,23,95,2,,,,,,,,2,,,,,,,,,,,,,,,23,158.070.307.615.677
585159,1,2,23,95,2,,,,,,,,2,,,,,,,,,,,,,,,23,158.070.307.615.677
585159,1,3,23,95,2,,,,,,,,2,,,,,,,,,,,,,,,23,158.070.307.615.677
585159,1,4,23,95,2,,,,,,,,2,,,,,,,,,,,,,,,23,158.070.307.615.677
585159,1,5,23,95,2,,,,,,,,2,,,,,,,,,,,,,,,23,158.070.307.615.677
585159,1,6,23,95,2,,,,,,,,2,,,,,,,,,,,,,,,23,158.070.307.615.677
585159,1,7,23,95,2,,,,,,,,2,,,,,,,,,,,,,,,23,158.070.307.615.677
585159,1,10,23,95,2,,,,,,,,2,,,,,,,,,,,,,,,23,158.070.307.615.677
585159,1,11,23,95,2,,,,,,,,2,,,,,,,,,,,,,,,23,158.070.307.615.677
585160,1,1,23,95,1,,1,2,,,50000,2,1,2,,2,,,,,,4500000,2,1,2,,2,23,968.971.684.839.083
585160,1,2,23,95,2,,,,,,,,2,,,,,,,,,,,,,,,23,968.971.684.839.083
585160,1,8,23,95,2,,,,,,,,1,2,,2,,,,,,720000,2,1,2,,2,23,968.971.684.839.083
585165,1,1,23,95,1,,2,2,110000,,,1,2,,,,,,,,,,,,,,,23,115.657.306.628.241
585166,1,1,23,95,2,,,,,,,,1,2,,2,,,,,,1000000,2,1,2,,2,23,107.837.842.216.841
585166,1,2,23,95,1,,2,2,150000,,,1,2,,,,,,,,,,,,,,,23,107.837.842.216.841
585166,1,3,23,95,2,,,,,,,,2,,,,,,,,,,,,,,,23,107.837.842.216.841
585167,1,1,23,95,2,,,,,,,,2,,,,,,,,,,,,,,,23,143.562.579.294.884
585167,1,2,23,95,2,,,,,,,,2,,,,,,,,,,,,,,,23,143.562.579.294.884
585167,1,3,23,95,2,,,,,,,,2,,,,,,,,,,,,,,,23,143.562.579.294.884
585167,1,4,23,95,2,,,,,,,,2,,,,,,,,,,,,,,,23,143.562.579.294.884
585167,1,5,23,95,2,,,,,,,,2,,,,,,,,,,,,,,,23,143.562.579.294.884
585168,1,1,23,95,2,,,,,,,,2,,,,,,,,,,,,,,,23,115.622.592.514.898
585168,1,2,23,95,2,,,,,,,,2,,,,,,,,,,,,,,,23,115.622.592.514.898
585168,1,4,23,95,2,,,,,,,,2,,,,,,,,,,,,,,,23,115.622.592.514.898
585168,1,5,23,95,2,,,,,,,,2,,,,,,,,,,,,,,,23,115.622.592.514.898
585169,1,1,23,95,2,,,,,,,,2,,,,,,,,,,,,,,,23,132.236.977.935.912
585169,1,2,23,95,2,,,,,,,,2,,,,,,,,,,,,,,,23,132.236.977.935.912
585170,1,1,23,95,2,,,,,,,,2,,,,,,,,,,,,,,,23,221.648.721.045.124
585170,1,2,23,95,2,,,,,,,,2,,,,,,,,,,,,,,,23,221.648.721.045.124
585170,1,3,23,95,2,,,,,,,,2,,,,,,,,,,,,,,,23,221.648.721.045.124
585170,1,4,23,95,2,,,,,,,,2,,,,,,,,,,,,,,,23,221.648.721.045.124
585170,1,5,23,95,2,,,,,,,,2,,,,,,,,,,,,,,,23,221.648.721.045.124
585170,1,9,23,95,2,,,,,,,,2,,,,,,,,,,,,,,,23,221.648.721.045.124
585171,1,1,23,95,2,,,,,,,,2,,,,,,,,,,,,,,,23,23.913.398.781.884
585171,1,2,23,95,2,,,,,,,,2,,,,,,,,,,,,,,,23,23.913.398.781.884
585171,1,3,23,95,2,,,,,,,,2,,,,,,,,,,,,,,,23,23.913.398.781.884
585171,1,4,23,95,2,,,,,,,,2,,,,,,,,,,,,,,,23,23.913.398.781.884
585172,1,1,23,95,2,,,,,,,,2,,,,,,,,,,,,,,,23,135.413.318.917.009
585172,1,2,23,95,2,,,,,,,,2,,,,,,,,,,,,,,,23,135.413.318.917.009
585172,1,3,23,95,2,,,,,,,,2,,,,,,,,,,,,,,,23,135.413.318.917.009
585172,1,4,23,95,2,,,,,,,,2,,,,,,,,,,,,,,,23,135.413.318.917.009
585172,1,5,23,95,2,,,,,,,,2,,,,,,,,,,,,,,,23,135.413.318.917.009
585173,1,1,23,95,2,,,,,,,,2,,,,,,,,,,,,,,,23,126.056.564.725.598
585173,1,2,23,95,2,,,,,,,,2,,,,,,,,,,,,,,,23,126.056.564.725.598
585174,1,1,23,95,2,,,,,,,,2,,,,,,,,,,,,,,,23,129.422.890.011.262
585174,1,2,23,95,2,,,,,,,,2,,,,,,,,,,,,,,,23,129.422.890.011.262
585175,1,1,23,95,1,,1,2,,,200000,2,2,,,,,,,,,,,,,,,23,162.937.365.304.081
585175,1,2,23,95,2,,,,,,,,2,,,,,,,,,,,,,,,23,162.937.365.304.081
585175,1,3,23,95,2,,,,,,,,2,,,,,,,,,,,,,,,23,162.937.365.304.081
585175,1,4,23,95,2,,,,,,,,2,,,,,,,,,,,,,,,23,162.937.365.304.081
585175,1,5,23,95,2,,,,,,,,2,,,,,,,,,,,,,,,23,162.937.365.304.081
585176,1,1,23,95,2,,,,,,,,2,,,,,,,,,,,,,,,23,13.156.864.273.458
585176,1,2,23,95,2,,,,,,,,2,,,,,,,,,,,,,,,23,13.156.864.273.458
585177,1,1,23,95,2,,,,,,,,2,,,,,,,,,,,,,,,23,230.500.272.915.595
585177,1,2,23,95,2,,,,,,,,2,,,,,,,,,,,,,,,23,230.500.272.915.595
585177,1,3,23,95,2,,,,,,,,2,,,,,,,,,,,,,,,23,230.500.272.915.595
585177,1,6,23,95,2,,,,,,,,2,,,,,,,,,,,,,,,23,230.500.272.915.595
585178,1,1,23,95,2,,,,,,,,2,,,,,,,,,,,,,,,23,168.307.366.011.047
585178,1,2,23,95,2,,,,,,,,2,,,,,,,,,,,,,,,23,168.307.366.011.047
585178,1,3,23,95,2,,,,,,,,2,,,,,,,,,,,,,,,23,168.307.366.011.047
585178,1,4,23,95,2,,,,,,,,2,,,,,,,,,,,,,,,23,168.307.366.011.047
585178,1,6,23,95,1,,2,1,,2000000,,2,2,,,,,,,,,,,,,,,23,168.307.366.011.047
585178,1,7,23,95,2,,,,,,,,2,,,,,,,,,,,,,,,23,168.307.366.011.047
585179,1,1,23,95,2,,,,,,,,2,,,,,,,,,,,,,,,23,152.004.675.986.783
585179,1,2,23,95,2,,,,,,,,2,,,,,,,,,,,,,,,23,152.004.675.986.783
585179,1,3,23,95,2,,,,,,,,2,,,,,,,,,,,,,,,23,152.004.675.986.783
585179,1,4,23,95,2,,,,,,,,2,,,,,,,,,,,,,,,23,152.004.675.986.783
585179,1,5,23,95,1,,1,1,,2000000,1000000,2,2,,,,,,,,,,,,,,,23,152.004.675.986.783
585179,1,6,23,95,2,,,,,,,,2,,,,,,,,,,,,,,,23,152.004.675.986.783
585179,1,7,23,95,2,,,,,,,,2,,,,,,,,,,,,,,,23,152.004.675.986.783
585180,1,1,23,95,2,,,,,,,,2,,,,,,,,,,,,,,,23,250.799.257.513.706
585180,1,2,23,95,2,,,,,,,,2,,,,,,,,,,,,,,,23,250.799.257.513.706
585180,1,3,23,95,2,,,,,,,,2,,,,,,,,,,,,,,,23,250.799.257.513.706
585182,1,1,23,95,2,,,,,,,,2,,,,,,,,,,,,,,,23,182.291.615.093.216
585182,1,2,23,95,1,,1,2,,,600000,2,2,,,,,,,,,,,,,,,23,182.291.615.093.216
585182,1,3,23,95,2,,,,,,,,2,,,,,,,,,,,,,,,23,182.291.615.093.216
585183,1,1,23,95,2,,,,,,,,2,,,,,,,,,,,,,,,23,239.340.729.763.991
585183,1,2,23,95,2,,,,,,,,2,,,,,,,,,,,,,,,23,239.340.729.763.991
585183,1,6,23,95,2,,,,,,,,2,,,,,,,,,,,,,,,23,239.340.729.763.991
585184,1,1,23,95,1,,1,2,3000000,,450000,1,2,,,,,,,,,,,,,,,23,161.374.648.446.439
585184,1,2,23,95,2,,,,,,,,2,,,,,,,,,,,,,,,23,161.374.648.446.439
585184,1,4,23,95,2,,,,,,,,2,,,,,,,,,,,,,,,23,161.374.648.446.439
585184,1,6,23,95,2,,,,,,,,2,,,,,,,,,,,,,,,23,161.374.648.446.439
585184,1,7,23,95,2,,,,,,,,2,,,,,,,,,,,,,,,23,161.374.648.446.439
585185,1,1,23,95,2,,,,,,,,1,2,,2,,,,,,7200000,2,1,2,,2,23,1.063.093.226.593
585185,1,3,23,95,2,,,,,,,,2,,,,,,,,,,,,,,,23,1.063.093.226.593
585186,1,1,23,95,1,,2,1,,800000,,2,2,,,,,,,,,,,,,,,23,936.575.146.728.394
585186,1,2,23,95,2,,,,,,,,2,,,,,,,,,,,,,,,23,936.575.146.728.394
585186,1,4,23,95,2,,,,,,,,2,,,,,,,,,,,,,,,23,936.575.146.728.394
585186,2,1,23,95,2,,,,,,,,2,,,,,,,,,,,,,,,23,936.575.146.728.394
585186,2,2,23,95,2,,,,,,,,1,2,,2,,,,,,1000000,2,1,2,,2,23,936.575.146.728.394
585188,1,1,23,95,2,,,,,,,,1,2,,2,,,,,,3600000,2,1,2,,2,23,13.207.797.326.693
585189,1,1,23,95,2,,,,,,,,1,2,,2,,,,,,4800000,2,1,2,,2,23,13.207.797.326.693
585190,1,1,23,95,2,,,,,,,,2,,,,,,,,,,,,,,,23,164.932.317.558
585190,1,2,23,95,1,,1,2,,,5000000,2,2,,,,,,,,,,,,,,,23,164.932.317.558
585190,1,3,23,95,2,,,,,,,,2,,,,,,,,,,,,,,,23,164.932.317.558
585190,1,4,23,95,2,,,,,,,,2,,,,,,,,,,,,,,,23,164.932.317.558
585191,1,1,23,95,1,,1,2,,,5000000,2,1,2,,2,,,,,,72000000,2,1,2,,2,23,181.548.847.651.716
585191,1,2,23,95,2,,,,,,,,2,,,,,,,,,,,,,,,23,181.548.847.651.716
585191,1,5,23,95,2,,,,,,,,2,,,,,,,,,,,,,,,23,181.548.847.651.716
585191,1,6,23,95,2,,,,,,,,2,,,,,,,,,,,,,,,23,181.548.847.651.716
585191,1,7,23,95,2,,,,,,,,2,,,,,,,,,,,,,,,23,181.548.847.651.716
585804,1,1,50,95,2,,,,,,,,2,,,,,,,,,,,,,,,50,169.650.774.708.265
585804,1,2,50,95,2,,,,,,,,2,,,,,,,,,,,,,,,50,169.650.774.708.265
585804,1,3,50,95,2,,,,,,,,2,,,,,,,,,,,,,,,50,169.650.774.708.265
585804,1,4,50,95,2,,,,,,,,2,,,,,,,,,,,,,,,50,169.650.774.708.265
585805,1,1,50,95,2,,,,,,,,2,,,,,,,,,,,,,,,50,104.551.114.661.612
585805,1,2,50,95,2,,,,,,,,2,,,,,,,,,,,,,,,50,104.551.114.661.612
585805,1,3,50,95,2,,,,,,,,2,,,,,,,,,,,,,,,50,104.551.114.661.612
585806,1,1,50,95,2,,,,,,,,2,,,,,,,,,,,,,,,50,173.376.947.116.354
585806,1,2,50,95,2,,,,,,,,2,,,,,,,,,,,,,,,50,173.376.947.116.354
585806,1,3,50,95,2,,,,,,,,2,,,,,,,,,,,,,,,50,173.376.947.116.354
585807,1,1,50,95,2,,,,,,,,2,,,,,,,,,,,,,,,50,195.275.908.888.077
585807,1,2,50,95,2,,,,,,,,2,,,,,,,,,,,,,,,50,195.275.908.888.077
585807,1,3,50,95,2,,,,,,,,1,2,,2,,,,,,2000000,2,1,2,,2,50,195.275.908.888.077
585807,1,5,50,95,2,,,,,,,,2,,,,,,,,,,,,,,,50,195.275.908.888.077
585808,1,1,50,95,1,,1,2,,,80000,2,2,,,,,,,,,,,,,,,50,108.783.283.153.964
585808,1,2,50,95,2,,,,,,,,1,2,,2,,,,,,2400000,2,1,2,,2,50,108.783.283.153.964
585808,2,1,50,95,2,,,,,,,,2,,,,,,,,,,,,,,,50,108.783.283.153.964
585809,1,1,50,95,2,,,,,,,,2,,,,,,,,,,,,,,,50,205.020.340.056.467
585809,1,2,50,95,2,,,,,,,,2,,,,,,,,,,,,,,,50,205.020.340.056.467
585809,1,3,50,95,2,,,,,,,,2,,,,,,,,,,,,,,,50,205.020.340.056.467
585809,1,4,50,95,2,,,,,,,,2,,,,,,,,,,,,,,,50,205.020.340.056.467
585809,1,5,50,95,2,,,,,,,,2,,,,,,,,,,,,,,,50,205.020.340.056.467
585809,1,6,50,95,2,,,,,,,,2,,,,,,,,,,,,,,,50,205.020.340.056.467
585809,1,8,50,95,2,,,,,,,,2,,,,,,,,,,,,,,,50,205.020.340.056.467
585810,1,1,50,95,1,,1,2,,,160000,2,2,,,,,,,,,,,,,,,50,163.293.740.768.581
585810,1,2,50,95,2,,,,,,,,2,,,,,,,,,,,,,,,50,163.293.740.768.581
585810,1,3,50,95,2,,,,,,,,2,,,,,,,,,,,,,,,50,163.293.740.768.581
585810,1,4,50,95,2,,,,,,,,2,,,,,,,,,,,,,,,50,163.293.740.768.581
585811,1,1,50,95,2,,,,,,,,2,,,,,,,,,,,,,,,50,146.273.634.845.701
585811,1,2,50,95,2,,,,,,,,2,,,,,,,,,,,,,,,50,146.273.634.845.701
585812,1,1,50,95,2,,,,,,,,1,2,,2,,,,,,6000000,2,1,2,,2,50,317.987.025.903.833
585812,1,2,50,95,2,,,,,,,,2,,,,,,,,,,,,,,,50,317.987.025.903.833
585812,1,3,50,95,2,,,,,,,,2,,,,,,,,,,,,,,,50,317.987.025.903.833
585813,1,1,50,95,2,,,,,,,,2,,,,,,,,,,,,,,,50,232.294.029.117.413
585813,1,2,50,95,2,,,,,,,,2,,,,,,,,,,,,,,,50,232.294.029.117.413
585814,1,1,50,95,1,,1,1,,1100000,200000,2,2,,,,,,,,,,,,,,,50,28.472.632.095.759
585814,2,1,50,95,2,,,,,,,,2,,,,,,,,,,,,,,,50,28.472.632.095.759
585815,1,1,50,95,2,,,,,,,,2,,,,,,,,,,,,,,,50,297.390.648.169.827
585815,1,2,50,95,2,,,,,,,,2,,,,,,,,,,,,,,,50,297.390.648.169.827
585816,1,1,50,95,2,,,,,,,,2,,,,,,,,,,,,,,,50,203.834.403.585.345
585816,1,2,50,95,2,,,,,,,,2,,,,,,,,,,,,,,,50,203.834.403.585.345
585817,1,1,50,95,1,,1,1,,8000000,4000000,2,2,,,,,,,,,,,,,,,50,916.786.429.234.442
585817,1,2,50,95,1,,1,2,,,4000000,2,2,,,,,,,,,,,,,,,50,916.786.429.234.442
585817,1,3,50,95,2,,,,,,,,2,,,,,,,,,,,,,,,50,916.786.429.234.442
585817,1,4,50,95,2,,,,,,,,2,,,,,,,,,,,,,,,50,916.786.429.234.442
585817,1,5,50,95,2,,,,,,,,2,,,,,,,,,,,,,,,50,916.786.429.234.442
585817,1,6,50,95,2,,,,,,,,2,,,,,,,,,,,,,,,50,916.786.429.234.442
585818,1,1,50,95,2,,,,,,,,2,,,,,,,,,,,,,,,50,163.109.438.809.765
585818,1,2,50,95,2,,,,,,,,2,,,,,,,,,,,,,,,50,163.109.438.809.765
585818,1,3,50,95,2,,,,,,,,1,2,,2,,,,,,4200000,2,1,2,,2,50,163.109.438.809.765
585819,1,1,50,95,1,,2,1,,433700,,2,2,,,,,,,,,,,,,,,50,134.284.260.697.407
585820,1,1,50,95,2,,,,,,,,2,,,,,,,,,,,,,,,50,104.551.114.661.612
585820,1,2,50,95,2,,,,,,,,2,,,,,,,,,,,,,,,50,104.551.114.661.612
585820,1,3,50,95,2,,,,,,,,2,,,,,,,,,,,,,,,50,104.551.114.661.612
585821,1,1,50,95,2,,,,,,,,2,,,,,,,,,,,,,,,50,134.284.260.697.407
585822,1,1,50,95,2,,,,,,,,2,,,,,,,,,,,,,,,50,165.016.702.638.176
585822,1,2,50,95,2,,,,,,,,2,,,,,,,,,,,,,,,50,165.016.702.638.176
585822,1,3,50,95,2,,,,,,,,2,,,,,,,,,,,,,,,50,165.016.702.638.176
585822,1,4,50,95,2,,,,,,,,2,,,,,,,,,,,,,,,50,165.016.702.638.176
585822,1,5,50,95,2,,,,,,,,2,,,,,,,,,,,,,,,50,165.016.702.638.176
585822,1,8,50,95,2,,,,,,,,1,2,,2,,,,,,1000000,2,1,2,,2,50,165.016.702.638.176
585823,1,1,50,95,1,,1,2,,,3000000,2,2,,,,,,,,,,,,,,,50,913.100.390.058.106
585823,1,2,50,95,2,,,,,,,,1,2,,2,,,,,,3600000,2,1,2,,2,50,913.100.390.058.106
585823,1,3,50,95,2,,,,,,,,1,2,,2,,,,2400000,,,1,2,2,1900000,1,50,913.100.390.058.106
585823,1,4,50,95,2,,,,,,,,2,,,,,,,,,,,,,,,50,913.100.390.058.106
585824,1,1,50,95,2,,,,,,,,2,,,,,,,,,,,,,,,50,172.280.608.473.408
585825,1,1,50,95,2,,,,,,,,2,,,,,,,,,,,,,,,50,190.237.621.413.983
585825,1,2,50,95,2,,,,,,,,2,,,,,,,,,,,,,,,50,190.237.621.413.983
585825,1,3,50,95,2,,,,,,,,2,,,,,,,,,,,,,,,50,190.237.621.413.983
585825,1,4,50,95,2,,,,,,,,2,,,,,,,,,,,,,,,50,190.237.621.413.983
585826,1,1,50,95,1,,1,2,,,280000,2,2,,,,,,,,,,,,,,,50,175.669.885.290.728
585826,1,2,50,95,2,,,,,,,,2,,,,,,,,,,,,,,,50,175.669.885.290.728
585826,1,3,50,95,2,,,,,,,,2,,,,,,,,,,,,,,,50,175.669.885.290.728
585827,1,1,50,95,2,,,,,,,,2,,,,,,,,,,,,,,,50,154.898.736.626.194
585827,1,2,50,95,2,,,,,,,,2,,,,,,,,,,,,,,,50,154.898.736.626.194
585828,1,1,50,95,2,,,,,,,,2,,,,,,,,,,,,,,,50,118.413.351.276.463
585828,1,2,50,95,1,,1,2,,,100000,2,2,,,,,,,,,,,,,,,50,118.413.351.276.463
585828,1,3,50,95,2,,,,,,,,2,,,,,,,,,,,,,,,50,118.413.351.276.463
585828,1,4,50,95,2,,,,,,,,2,,,,,,,,,,,,,,,50,118.413.351.276.463
585828,2,1,50,95,1,,2,1,,670000,,2,1,2,,2,,,,,,500000,2,1,2,,2,50,118.413.351.276.463
585829,1,1,50,95,2,,,,,,,,2,,,,,,,,,,,,,,,50,19.662.533.591.408
585829,1,2,50,95,2,,,,,,,,2,,,,,,,,,,,,,,,50,19.662.533.591.408
585829,1,3,50,95,2,,,,,,,,2,,,,,,,,,,,,,,,50,19.662.533.591.408
585829,1,4,50,95,2,,,,,,,,2,,,,,,,,,,,,,,,50,19.662.533.591.408
585829,1,5,50,95,2,,,,,,,,2,,,,,,,,,,,,,,,50,19.662.533.591.408
585830,1,1,50,95,2,,,,,,,,2,,,,,,,,,,,,,,,50,170.591.342.443.512
585830,1,2,50,95,2,,,,,,,,2,,,,,,,,,,,,,,,50,170.591.342.443.512
585830,1,3,50,95,2,,,,,,,,2,,,,,,,,,,,,,,,50,170.591.342.443.512
585831,1,1,50,95,2,,,,,,,,2,,,,,,,,,,,,,,,50,11.210.892.197.194
585831,1,2,50,95,2,,,,,,,,2,,,,,,,,,,,,,,,50,11.210.892.197.194
585832,1,1,50,95,2,,,,,,,,2,,,,,,,,,,,,,,,50,186.244.136.486.149
585832,1,2,50,95,2,,,,,,,,2,,,,,,,,,,,,,,,50,186.244.136.486.149
585832,1,3,50,95,2,,,,,,,,2,,,,,,,,,,,,,,,50,186.244.136.486.149
585833,1,1,50,95,2,,,,,,,,2,,,,,,,,,,,,,,,50,125.502.486.181.167
585834,1,1,50,95,2,,,,,,,,2,,,,,,,,,,,,,,,50,189.141.282.771.036
585834,1,2,50,95,2,,,,,,,,2,,,,,,,,,,,,,,,50,189.141.282.771.036
585835,1,1,50,95,2,,,,,,,,2,,,,,,,,,,,,,,,50,267.526.126.295.644
585835,1,2,50,95,1,,2,1,,1500000,,2,2,,,,,,,,,,,,,,,50,267.526.126.295.644
585835,1,4,50,95,1,,2,1,,460000,,2,2,,,,,,,,,,,,,,,50,267.526.126.295.644
585836,1,1,50,95,1,,1,2,,,98,2,2,,,,,,,,,,,,,,,50,151.144.934.995.036
585836,1,2,50,95,2,,,,,,,,2,,,,,,,,,,,,,,,50,151.144.934.995.036
585837,1,1,50,95,2,,,,,,,,2,,,,,,,,,,,,,,,50,807.815.283.143.004
585837,1,2,50,95,2,,,,,,,,2,,,,,,,,,,,,,,,50,807.815.283.143.004
585837,1,3,50,95,1,,1,2,,,700000,2,2,,,,,,,,,,,,,,,50,807.815.283.143.004
585838,1,1,50,95,2,,,,,,,,2,,,,,,,,,,,,,,,50,133.763.063.147.822
585838,1,2,50,95,2,,,,,,,,2,,,,,,,,,,,,,,,50,133.763.063.147.822
585838,1,4,50,95,1,,1,2,,,400000,2,2,,,,,,,,,,,,,,,50,133.763.063.147.822
585839,1,1,50,95,1,,2,1,,900000,,2,1,2,,2,,,,,,6000000,2,1,2,,2,50,142.363.160.478.795
585839,1,2,50,95,2,,,,,,,,2,,,,,,,,,,,,,,,50,142.363.160.478.795
585840,1,1,50,95,2,,,,,,,,2,,,,,,,,,,,,,,,50,199.096.096.356.327
585840,1,2,50,95,2,,,,,,,,2,,,,,,,,,,,,,,,50,199.096.096.356.327
585840,1,3,50,95,2,,,,,,,,2,,,,,,,,,,,,,,,50,199.096.096.356.327
585840,1,5,50,95,2,,,,,,,,2,,,,,,,,,,,,,,,50,199.096.096.356.327
585841,1,1,50,95,2,,,,,,,,2,,,,,,,,,,,,,,,50,172.280.608.473.408
585842,1,1,50,95,2,,,,,,,,1,2,,2,,,,,,960000,2,1,2,,2,50,783.319.174.041.781
585842,1,2,50,95,2,,,,,,,,2,,,,,,,,,,,,,,,50,783.319.174.041.781
585842,1,3,50,95,2,,,,,,,,2,,,,,,,,,,,,,,,50,783.319.174.041.781
585843,1,1,50,95,2,,,,,,,,2,,,,,,,,,,,,,,,50,100.091.813.522.051
585843,1,2,50,95,2,,,,,,,,1,2,,2,,,,,,1800000,2,1,2,,2,50,100.091.813.522.051
585843,1,3,50,95,2,,,,,,,,2,,,,,,,,,,,,,,,50,100.091.813.522.051
585843,1,4,50,95,2,,,,,,,,2,,,,,,,,,,,,,,,50,100.091.813.522.051
585844,1,1,50,95,2,,,,,,,,2,,,,,,,,,,,,,,,50,169.101.947.935.611
585844,1,2,50,95,2,,,,,,,,2,,,,,,,,,,,,,,,50,169.101.947.935.611
585844,1,3,50,95,2,,,,,,,,2,,,,,,,,,,,,,,,50,169.101.947.935.611
585844,1,4,50,95,2,,,,,,,,2,,,,,,,,,,,,,,,50,169.101.947.935.611
585844,1,5,50,95,1,,2,1,,900000,,2,2,,,,,,,,,,,,,,,50,169.101.947.935.611
585845,1,1,50,95,2,,,,,,,,2,,,,,,,,,,,,,,,50,183.358.362.158.262
585845,1,2,50,95,2,,,,,,,,2,,,,,,,,,,,,,,,50,183.358.362.158.262
585846,1,1,50,95,1,,2,1,,848000,,2,2,,,,,,,,,,,,,,,50,783.319.174.041.781
585846,1,2,50,95,2,,,,,,,,2,,,,,,,,,,,,,,,50,783.319.174.041.781
585846,1,3,50,95,2,,,,,,,,2,,,,,,,,,,,,,,,50,783.319.174.041.781
585847,1,1,50,95,2,,,,,,,,2,,,,,,,,,,,,,,,50,189.141.282.771.036
585847,1,2,50,95,2,,,,,,,,2,,,,,,,,,,,,,,,50,189.141.282.771.036
585848,1,1,50,95,1,,1,2,,,85000,2,2,,,,,,,,,,,,,,,50,153.232.769.637.719
585848,1,2,50,95,2,,,,,,,,2,,,,,,,,,,,,,,,50,153.232.769.637.719
585848,1,3,50,95,2,,,,,,,,2,,,,,,,,,,,,,,,50,153.232.769.637.719
585848,1,5,50,95,2,,,,,,,,2,,,,,,,,,,,,,,,50,153.232.769.637.719
585848,2,1,50,95,2,,,,,,,,2,,,,,,,,,,,,,,,50,153.232.769.637.719
585848,2,2,50,95,2,,,,,,,,2,,,,,,,,,,,,,,,50,153.232.769.637.719
585849,1,1,50,95,1,,1,2,,,80000,2,2,,,,,,,,,,,,,,,50,169.939.474.577.693
585849,1,2,50,95,2,,,,,,,,2,,,,,,,,,,,,,,,50,169.939.474.577.693
585849,2,1,50,95,2,,,,,,,,2,,,,,,,,,,,,,,,50,169.939.474.577.693
585850,1,1,50,95,1,,2,1,,1050000,,2,2,,,,,,,,,,,,,,,50,169.650.774.708.265
585850,1,2,50,95,2,,,,,,,,2,,,,,,,,,,,,,,,50,169.650.774.708.265
585850,1,3,50,95,2,,,,,,,,2,,,,,,,,,,,,,,,50,169.650.774.708.265
585850,1,4,50,95,2,,,,,,,,2,,,,,,,,,,,,,,,50,169.650.774.708.265
585851,1,1,50,95,2,,,,,,,,2,,,,,,,,,,,,,,,50,933.171.044.616.991
585851,1,2,50,95,2,,,,,,,,2,,,,,,,,,,,,,,,50,933.171.044.616.991
585851,1,3,50,95,2,,,,,,,,2,,,,,,,,,,,,,,,50,933.171.044.616.991
585852,1,1,50,95,2,,,,,,,,2,,,,,,,,,,,,,,,50,172.280.608.473.408
585853,1,1,50,95,2,,,,,,,,1,2,,2,,,,,,6000000,2,1,2,,2,50,203.834.403.585.345
585853,1,2,50,95,2,,,,,,,,2,,,,,,,,,,,,,,,50,203.834.403.585.345
585854,1,1,50,95,2,,,,,,,,2,,,,,,,,,,,,,,,50,208.733.625.405.589
585854,1,2,50,95,1,,1,2,,,600000,2,2,,,,,,,,,,,,,,,50,208.733.625.405.589
585855,1,1,50,95,2,,,,,,,,2,,,,,,,,,,,,,,,50,262.626.904.475.399
585855,1,2,50,95,1,,1,2,,,240000,2,2,,,,,,,,,,,,,,,50,262.626.904.475.399
585855,1,3,50,95,2,,,,,,,,2,,,,,,,,,,,,,,,50,262.626.904.475.399
585857,1,1,50,95,1,,1,2,,,300000,2,2,,,,,,,,,,,,,,,50,169.466.472.749.448
585857,1,2,50,95,1,,2,1,,1500000,,2,2,,,,,,,,,,,,,,,50,169.466.472.749.448
585857,1,3,50,95,2,,,,,,,,2,,,,,,,,,,,,,,,50,169.466.472.749.448
585858,1,1,50,95,2,,,,,,,,2,,,,,,,,,,,,,,,50,154.898.736.626.194
585858,1,2,50,95,2,,,,,,,,2,,,,,,,,,,,,,,,50,154.898.736.626.194
585859,1,1,50,95,2,,,,,,,,2,,,,,,,,,,,,,,,50,172.464.910.432.225
585859,1,2,50,95,2,,,,,,,,1,2,,2,,,,,,3000000,2,1,2,,2,50,172.464.910.432.225
585860,1,1,50,95,2,,,,,,,,2,,,,,,,,,,,,,,,50,154.898.736.626.194
585860,1,2,50,95,2,,,,,,,,2,,,,,,,,,,,,,,,50,154.898.736.626.194
585861,1,1,50,95,2,,,,,,,,2,,,,,,,,,,,,,,,50,338.932.945.498.896
585861,1,2,50,95,1,,1,2,,,400000,2,2,,,,,,,,,,,,,,,50,338.932.945.498.896
585861,1,3,50,95,2,,,,,,,,2,,,,,,,,,,,,,,,50,338.932.945.498.896
585862,1,1,50,95,2,,,,,,,,2,,,,,,,,,,,,,,,50,310.166.077.170.021
585862,1,2,50,95,1,,1,2,,,300000,2,2,,,,,,,,,,,,,,,50,310.166.077.170.021
585862,1,3,50,95,2,,,,,,,,2,,,,,,,,,,,,,,,50,310.166.077.170.021
585863,1,1,50,95,2,,,,,,,,1,2,,2,,,,1000000,,,1,2,2,,2,50,325.850.273.701.896
585863,1,2,50,95,2,,,,,,,,2,,,,,,,,,,,,,,,50,325.850.273.701.896
585864,1,1,50,95,2,,,,,,,,2,,,,,,,,,,,,,,,50,33.930.154.941.653
585864,1,2,50,95,1,,1,2,,,500000,2,2,,,,,,,,,,,,,,,50,33.930.154.941.653
585864,1,3,50,95,2,,,,,,,,2,,,,,,,,,,,,,,,50,33.930.154.941.653
585864,1,4,50,95,2,,,,,,,,2,,,,,,,,,,,,,,,50,33.930.154.941.653
585865,1,1,50,95,1,,1,1,,3500000,4000000,2,2,,,,,,,,,,,,,,,50,121.227.487.000.423
585865,1,2,50,95,1,,1,2,,,700000,2,2,,,,,,,,,,,,,,,50,121.227.487.000.423
585865,1,3,50,95,2,,,,,,,,2,,,,,,,,,,,,,,,50,121.227.487.000.423
585866,1,1,50,95,2,,,,,,,,2,,,,,,,,,,,,,,,50,169.128.549.392.228
585866,1,2,50,95,2,,,,,,,,2,,,,,,,,,,,,,,,50,169.128.549.392.228
585867,1,1,50,95,2,,,,,,,,2,,,,,,,,,,,,,,,50,169.312.851.351.045
585867,1,2,50,95,2,,,,,,,,2,,,,,,,,,,,,,,,50,169.312.851.351.045
585867,1,3,50,95,2,,,,,,,,2,,,,,,,,,,,,,,,50,169.312.851.351.045
585868,1,1,50,95,2,,,,,,,,2,,,,,,,,,,,,,,,50,161.286.451.126.291
585868,1,2,50,95,2,,,,,,,,2,,,,,,,,,,,,,,,50,161.286.451.126.291
585868,1,5,50,95,2,,,,,,,,1,2,,2,,,,,,1200000,2,1,2,,2,50,161.286.451.126.291
585869,1,1,50,95,2,,,,,,,,2,,,,,,,,,,,,,,,50,176.375.384.799.131
585869,1,2,50,95,2,,,,,,,,2,,,,,,,,,,,,,,,50,176.375.384.799.131
585870,1,1,50,95,2,,,,,,,,2,,,,,,,,,,,,,,,50,189.899.698.056.763
585870,1,2,50,95,2,,,,,,,,2,,,,,,,,,,,,,,,50,189.899.698.056.763
585870,1,3,50,95,2,,,,,,,,2,,,,,,,,,,,,,,,50,189.899.698.056.763
585871,1,1,50,95,2,,,,,,,,2,,,,,,,,,,,,,,,50,134.525.494.369.705
585871,1,2,50,95,2,,,,,,,,2,,,,,,,,,,,,,,,50,134.525.494.369.705
585871,1,3,50,95,2,,,,,,,,2,,,,,,,,,,,,,,,50,134.525.494.369.705
585871,1,4,50,95,2,,,,,,,,2,,,,,,,,,,,,,,,50,134.525.494.369.705
585871,1,5,50,95,2,,,,,,,,2,,,,,,,,,,,,,,,50,134.525.494.369.705
585872,1,1,50,95,2,,,,,,,,2,,,,,,,,,,,,,,,50,202.065.914.067.031
585872,1,2,50,95,2,,,,,,,,2,,,,,,,,,,,,,,,50,202.065.914.067.031
585872,1,3,50,95,2,,,,,,,,2,,,,,,,,,,,,,,,50,202.065.914.067.031
585873,1,1,50,95,2,,,,,,,,2,,,,,,,,,,,,,,,50,172.280.608.473.408
585874,1,1,50,95,2,,,,,,,,2,,,,,,,,,,,,,,,50,189.325.584.729.853
585874,1,2,50,95,2,,,,,,,,2,,,,,,,,,,,,,,,50,189.325.584.729.853
585874,1,3,50,95,2,,,,,,,,2,,,,,,,,,,,,,,,50,189.325.584.729.853
585875,1,1,50,95,2,,,,,,,,2,,,,,,,,,,,,,,,50,171.946.764.219.984
585875,1,2,50,95,2,,,,,,,,1,2,,2,,,,4000000,,,1,2,2,,2,50,171.946.764.219.984
585875,1,3,50,95,2,,,,,,,,2,,,,,,,,,,,,,,,50,171.946.764.219.984
585875,1,6,50,95,2,,,,,,,,2,,,,,,,,,,,,,,,50,171.946.764.219.984
585876,1,1,50,95,1,,1,2,,,150000,2,1,2,,2,,,,,,2400000,2,1,2,,2,50,104.551.114.661.612
585876,1,2,50,95,2,,,,,,,,2,,,,,,,,,,,,,,,50,104.551.114.661.612
585876,1,3,50,95,2,,,,,,,,2,,,,,,,,,,,,,,,50,104.551.114.661.612
585877,1,1,50,95,2,,,,,,,,2,,,,,,,,,,,,,,,50,208.517.952.169.497
585877,1,2,50,95,2,,,,,,,,2,,,,,,,,,,,,,,,50,208.517.952.169.497
585878,1,1,50,95,1,,1,2,,,160000,2,2,,,,,,,,,,,,,,,50,141.998.635.664.958
585878,1,2,50,95,2,,,,,,,,2,,,,,,,,,,,,,,,50,141.998.635.664.958
585878,1,3,50,95,2,,,,,,,,2,,,,,,,,,,,,,,,50,141.998.635.664.958
585878,1,4,50,95,2,,,,,,,,2,,,,,,,,,,,,,,,50,141.998.635.664.958
585879,1,1,50,95,2,,,,,,,,2,,,,,,,,,,,,,,,50,104.551.114.661.612
585879,1,2,50,95,2,,,,,,,,1,2,,2,,,,,,1500000,2,1,2,,2,50,104.551.114.661.612
585879,1,3,50,95,2,,,,,,,,2,,,,,,,,,,,,,,,50,104.551.114.661.612
585880,1,1,50,95,2,,,,,,,,2,,,,,,,,,,,,,,,50,15.260.579.845.182
585880,1,2,50,95,2,,,,,,,,2,,,,,,,,,,,,,,,50,15.260.579.845.182
585881,1,1,50,95,2,,,,,,,,2,,,,,,,,,,,,,,,50,190.421.923.372.799
585881,1,2,50,95,2,,,,,,,,2,,,,,,,,,,,,,,,50,190.421.923.372.799
585881,1,3,50,95,2,,,,,,,,2,,,,,,,,,,,,,,,50,190.421.923.372.799
585881,1,4,50,95,2,,,,,,,,2,,,,,,,,,,,,,,,50,190.421.923.372.799
585881,1,5,50,95,2,,,,,,,,2,,,,,,,,,,,,,,,50,190.421.923.372.799
585882,1,1,50,95,2,,,,,,,,2,,,,,,,,,,,,,,,50,131.369.003.131.678
585882,1,2,50,95,1,,1,2,,,150000,2,2,,,,,,,,,,,,,,,50,131.369.003.131.678
585882,1,3,50,95,2,,,,,,,,2,,,,,,,,,,,,,,,50,131.369.003.131.678
585882,1,4,50,95,2,,,,,,,,2,,,,,,,,,,,,,,,50,131.369.003.131.678
585883,1,1,50,95,2,,,,,,,,2,,,,,,,,,,,,,,,50,134.284.260.697.407
585884,1,1,52,95,2,,,,,,,,1,2,,2,,,,,,2400000,2,1,2,,2,52,171.544.112.303.438
585884,1,2,52,95,2,,,,,,,,1,2,,2,,,,,,1200000,2,1,2,,2,52,171.544.112.303.438
585885,1,1,52,95,2,,,,,,,,2,,,,,,,,,,,,,,,52,125.759.301.981.752
585885,1,2,52,95,2,,,,,,,,2,,,,,,,,,,,,,,,52,125.759.301.981.752
585885,1,3,52,95,2,,,,,,,,2,,,,,,,,,,,,,,,52,125.759.301.981.752
585886,1,1,52,95,2,,,,,,,,2,,,,,,,,,,,,,,,52,166.306.598.455.037
585886,1,2,52,95,2,,,,,,,,2,,,,,,,,,,,,,,,52,166.306.598.455.037
585888,1,1,52,95,2,,,,,,,,2,,,,,,,,,,,,,,,52,898.107.479.064.516
585888,1,2,52,95,2,,,,,,,,2,,,,,,,,,,,,,,,52,898.107.479.064.516
585888,1,3,52,95,2,,,,,,,,2,,,,,,,,,,,,,,,52,898.107.479.064.516
585888,1,4,52,95,2,,,,,,,,2,,,,,,,,,,,,,,,52,898.107.479.064.516
585888,1,5,52,95,2,,,,,,,,1,2,,2,,,,1200000,,,1,2,2,1000000,1,52,898.107.479.064.516
585888,1,6,52,95,2,,,,,,,,2,,,,,,,,,,,,,,,52,898.107.479.064.516
585888,1,7,52,95,2,,,,,,,,2,,,,,,,,,,,,,,,52,898.107.479.064.516
585889,1,1,52,95,2,,,,,,,,1,2,,2,,,,,,1800000,2,1,2,,2,52,128.214.117.252.711
585890,1,1,52,95,2,,,,,,,,1,2,,2,,,,,,600000,2,1,2,,2,52,108.881.085.374.697
585890,1,2,52,95,2,,,,,,,,1,2,,2,,,,,,600000,2,1,2,,2,52,108.881.085.374.697
585891,1,1,52,95,2,,,,,,,,2,,,,,,,,,,,,,,,52,193.985.900.625.718
585891,1,2,52,95,2,,,,,,,,2,,,,,,,,,,,,,,,52,193.985.900.625.718
585892,1,1,52,95,2,,,,,,,,2,,,,,,,,,,,,,,,52,159.895.463.190.456
585892,1,2,52,95,2,,,,,,,,2,,,,,,,,,,,,,,,52,159.895.463.190.456
585892,1,3,52,95,2,,,,,,,,2,,,,,,,,,,,,,,,52,159.895.463.190.456
585894,1,1,52,95,1,,2,1,,480000,,2,2,,,,,,,,,,,,,,,52,137.823.255.482.419
585894,1,2,52,95,2,,,,,,,,2,,,,,,,,,,,,,,,52,137.823.255.482.419
585894,1,3,52,95,2,,,,,,,,1,2,,2,,,,,,400000,2,1,2,,2,52,137.823.255.482.419
585895,1,1,52,95,2,,,,,,,,2,,,,,,,,,,,,,,,52,16.311.644.719.233
585895,1,2,52,95,2,,,,,,,,2,,,,,,,,,,,,,,,52,16.311.644.719.233
585896,1,1,52,95,1,,2,1,,410000,,2,2,,,,,,,,,,,,,,,52,133.255.498.375.778
585896,1,2,52,95,2,,,,,,,,2,,,,,,,,,,,,,,,52,133.255.498.375.778
585896,1,3,52,95,2,,,,,,,,2,,,,,,,,,,,,,,,52,133.255.498.375.778
585898,1,1,52,95,1,,2,1,,433700,,2,2,,,,,,,,,,,,,,,52,171.090.592.818.835
585898,1,2,52,95,2,,,,,,,,2,,,,,,,,,,,,,,,52,171.090.592.818.835
585898,1,3,52,95,2,,,,,,,,2,,,,,,,,,,,,,,,52,171.090.592.818.835
585898,1,4,52,95,2,,,,,,,,2,,,,,,,,,,,,,,,52,171.090.592.818.835
585898,1,5,52,95,2,,,,,,,,1,2,,2,,,,,,3000000,2,1,2,,2,52,171.090.592.818.835
585898,1,8,52,95,2,,,,,,,,2,,,,,,,,,,,,,,,52,171.090.592.818.835
585898,1,10,52,95,2,,,,,,,,2,,,,,,,,,,,,,,,52,171.090.592.818.835
585899,1,1,52,95,2,,,,,,,,1,2,,2,,,,,,240000,2,1,2,,2,52,812.017.832.040.158
585899,1,2,52,95,2,,,,,,,,2,,,,,,,,,,,,,,,52,812.017.832.040.158
585900,1,1,52,95,2,,,,,,,,2,,,,,,,,,,,,,,,52,181.829.269.334.368
585900,1,2,52,95,2,,,,,,,,2,,,,,,,,,,,,,,,52,181.829.269.334.368
585900,1,3,52,95,2,,,,,,,,1,2,,2,,,,,,10000,2,1,2,,2,52,181.829.269.334.368
585901,1,1,52,95,2,,,,,,,,2,,,,,,,,,,,,,,,52,166.036.349.653.459
585901,1,2,52,95,2,,,,,,,,2,,,,,,,,,,,,,,,52,166.036.349.653.459
585901,1,3,52,95,2,,,,,,,,2,,,,,,,,,,,,,,,52,166.036.349.653.459
585901,1,4,52,95,2,,,,,,,,2,,,,,,,,,,,,,,,52,166.036.349.653.459
585902,1,1,52,95,2,,,,,,,,1,2,,2,,,,,,2400000,2,1,2,,2,52,925.464.309.527.428
585902,1,2,52,95,2,,,,,,,,2,,,,,,,,,,,,,,,52,925.464.309.527.428
585902,1,3,52,95,2,,,,,,,,2,,,,,,,,,,,,,,,52,925.464.309.527.428
585903,1,1,52,95,2,,,,,,,,1,2,,2,,,,,,720000,2,1,2,,2,52,115.792.260.076.959
585903,1,4,52,95,2,,,,,,,,2,,,,,,,,,,,,,,,52,115.792.260.076.959
585904,1,1,52,95,2,,,,,,,,2,,,,,,,,,,,,,,,52,145.183.487.135.044
585904,1,2,52,95,2,,,,,,,,2,,,,,,,,,,,,,,,52,145.183.487.135.044
585904,1,3,52,95,2,,,,,,,,2,,,,,,,,,,,,,,,52,145.183.487.135.044
585904,1,4,52,95,2,,,,,,,,2,,,,,,,,,,,,,,,52,145.183.487.135.044
585905,1,1,52,95,1,,1,2,,,250000,2,1,2,,2,,,,,,1200000,2,1,2,,2,52,209.481.082.611.079
585905,1,3,52,95,2,,,,,,,,2,,,,,,,,,,,,,,,52,209.481.082.611.079
585905,1,4,52,95,2,,,,,,,,2,,,,,,,,,,,,,,,52,209.481.082.611.079
585905,1,5,52,95,2,,,,,,,,2,,,,,,,,,,,,,,,52,209.481.082.611.079
585906,1,1,52,95,2,,,,,,,,2,,,,,,,,,,,,,,,52,15.352.975.742.771
585906,1,2,52,95,2,,,,,,,,2,,,,,,,,,,,,,,,52,15.352.975.742.771
585906,1,4,52,95,2,,,,,,,,2,,,,,,,,,,,,,,,52,15.352.975.742.771
585906,1,5,52,95,2,,,,,,,,2,,,,,,,,,,,,,,,52,15.352.975.742.771
585906,1,6,52,95,2,,,,,,,,2,,,,,,,,,,,,,,,52,15.352.975.742.771
585908,1,1,52,95,2,,,,,,,,2,,,,,,,,,,,,,,,52,125.666.624.191.069
585908,1,2,52,95,1,,1,2,,,200000,2,2,,,,,,,,,,,,,,,52,125.666.624.191.069
585908,1,3,52,95,2,,,,,,,,2,,,,,,,,,,,,,,,52,125.666.624.191.069
585908,1,4,52,95,2,,,,,,,,2,,,,,,,,,,,,,,,52,125.666.624.191.069
585909,1,1,52,95,2,,,,,,,,2,,,,,,,,,,,,,,,52,106.149.761.247.094
585909,1,2,52,95,2,,,,,,,,2,,,,,,,,,,,,,,,52,106.149.761.247.094
585909,1,3,52,95,2,,,,,,,,2,,,,,,,,,,,,,,,52,106.149.761.247.094
585909,1,4,52,95,2,,,,,,,,2,,,,,,,,,,,,,,,52,106.149.761.247.094
585910,1,1,52,95,2,,,,,,,,2,,,,,,,,,,,,,,,52,139.362.632.276.103
585910,1,2,52,95,2,,,,,,,,2,,,,,,,,,,,,,,,52,139.362.632.276.103
585910,1,3,52,95,2,,,,,,,,2,,,,,,,,,,,,,,,52,139.362.632.276.103
585910,1,4,52,95,2,,,,,,,,2,,,,,,,,,,,,,,,52,139.362.632.276.103
585911,1,1,52,95,1,,1,1,,2200000,300000,2,2,,,,,,,,,,,,,,,52,150.155.775.099.043
585911,1,2,52,95,2,,,,,,,,2,,,,,,,,,,,,,,,52,150.155.775.099.043
585911,1,3,52,95,2,,,,,,,,2,,,,,,,,,,,,,,,52,150.155.775.099.043
585911,1,5,52,95,2,,,,,,,,2,,,,,,,,,,,,,,,52,150.155.775.099.043
585912,1,1,52,95,1,,2,1,,570000,,2,2,,,,,,,,,,,,,,,52,955.896.081.470.208
585912,1,2,52,95,2,,,,,,,,2,,,,,,,,,,,,,,,52,955.896.081.470.208
585913,1,1,52,95,2,,,,,,,,2,,,,,,,,,,,,,,,52,138.627.296.284.356
585913,1,2,52,95,2,,,,,,,,2,,,,,,,,,,,,,,,52,138.627.296.284.356
585914,1,1,52,95,1,,2,1,,1300000,,2,2,,,,,,,,,,,,,,,52,117.490.050.077.133
585914,1,2,52,95,1,,2,1,,1300000,,2,2,,,,,,,,,,,,,,,52,117.490.050.077.133
585914,1,3,52,95,2,,,,,,,,2,,,,,,,,,,,,,,,52,117.490.050.077.133
585914,1,4,52,95,2,,,,,,,,1,2,,2,,,,,,3000000,2,1,2,,2,52,117.490.050.077.133
585914,1,5,52,95,2,,,,,,,,2,,,,,,,,,,,,,,,52,117.490.050.077.133
585914,1,7,52,95,2,,,,,,,,2,,,,,,,,,,,,,,,52,117.490.050.077.133
585914,1,8,52,95,1,,1,2,,,400000,2,2,,,,,,,,,,,,,,,52,117.490.050.077.133
585915,1,1,52,95,1,,2,1,,700000,,2,2,,,,,,,,,,,,,,,52,140.817.274.019.791
585915,1,2,52,95,2,,,,,,,,2,,,,,,,,,,,,,,,52,140.817.274.019.791
585915,1,3,52,95,2,,,,,,,,2,,,,,,,,,,,,,,,52,140.817.274.019.791
585915,1,4,52,95,2,,,,,,,,2,,,,,,,,,,,,,,,52,140.817.274.019.791
585915,1,5,52,95,2,,,,,,,,2,,,,,,,,,,,,,,,52,140.817.274.019.791
585916,1,1,52,95,1,,2,1,,433700,,2,2,,,,,,,,,,,,,,,52,671.278.359.515.249
585916,1,2,52,95,1,,2,1,,635000,,2,2,,,,,,,,,,,,,,,52,671.278.359.515.249
585916,1,3,52,95,1,,1,2,,,100000,2,2,,,,,,,,,,,,,,,52,671.278.359.515.249
585916,1,4,52,95,1,,2,1,,500000,,2,2,,,,,,,,,,,,,,,52,671.278.359.515.249
585917,1,1,52,95,2,,,,,,,,2,,,,,,,,,,,,,,,52,183.876.631.920.062
585917,1,2,52,95,2,,,,,,,,2,,,,,,,,,,,,,,,52,183.876.631.920.062
585917,1,3,52,95,2,,,,,,,,2,,,,,,,,,,,,,,,52,183.876.631.920.062
585918,1,1,52,95,2,,,,,,,,2,,,,,,,,,,,,,,,52,211.290.708.206.341
585918,1,2,52,95,2,,,,,,,,2,,,,,,,,,,,,,,,52,211.290.708.206.341
585918,1,3,52,95,2,,,,,,,,2,,,,,,,,,,,,,,,52,211.290.708.206.341
585919,1,1,52,95,1,,1,2,,,480000,2,2,,,,,,,,,,,,,,,52,114.922.640.025.035
585920,1,1,52,95,2,,,,,,,,1,2,,2,,,,,,500000,2,1,2,,2,52,10.053.481.508.203
585921,1,1,52,95,2,,,,,,,,2,,,,,,,,,,,,,,,52,149.778.342.782.381
585922,1,1,52,95,2,,,,,,,,2,,,,,,,,,,,,,,,52,149.778.342.782.381
585923,1,1,52,95,2,,,,,,,,2,,,,,,,,,,,,,,,52,116.057.485.961.361
585923,1,2,52,95,2,,,,,,,,2,,,,,,,,,,,,,,,52,116.057.485.961.361
585924,1,1,52,95,2,,,,,,,,2,,,,,,,,,,,,,,,52,145.276.164.925.726
585924,1,2,52,95,2,,,,,,,,2,,,,,,,,,,,,,,,52,145.276.164.925.726
585924,1,3,52,95,2,,,,,,,,1,2,,2,,,,,,960000,2,1,2,,2,52,145.276.164.925.726
585925,1,1,52,95,1,,2,1,,900000,,2,2,,,,,,,,,,,,,,,52,16.238.149.954.946
585925,1,2,52,95,1,,1,2,,,300000,2,2,,,,,,,,,,,,,,,52,16.238.149.954.946
585925,1,3,52,95,2,,,,,,,,2,,,,,,,,,,,,,,,52,16.238.149.954.946
585925,1,4,52,95,2,,,,,,,,2,,,,,,,,,,,,,,,52,16.238.149.954.946
585925,1,5,52,95,2,,,,,,,,2,,,,,,,,,,,,,,,52,16.238.149.954.946
585926,1,1,52,95,1,,2,1,,2600000,,2,2,,,,,,,,,,,,,,,52,135.174.838.960.758
585926,1,2,52,95,2,,,,,,,,2,,,,,,,,,,,,,,,52,135.174.838.960.758
585926,1,3,52,95,2,,,,,,,,2,,,,,,,,,,,,,,,52,135.174.838.960.758
585927,1,1,52,95,2,,,,,,,,1,2,,2,,,,,,3600000,2,1,2,,2,52,130.261.479.838.406
585928,1,1,52,95,1,,1,2,,,400000,2,2,,,,,,,,,,,,,,,52,119.652.168.081.427
585928,1,2,52,95,1,,1,2,,,400000,2,2,,,,,,,,,,,,,,,52,119.652.168.081.427
585930,1,1,52,95,2,,,,,,,,2,,,,,,,,,,,,,,,52,138.985.199.959.441
585931,1,1,52,95,2,,,,,,,,1,2,,2,,,,,,400000,2,1,2,,2,52,138.857.160.447.019
585931,1,2,52,95,2,,,,,,,,2,,,,,,,,,,,,,,,52,138.857.160.447.019
585931,1,4,52,95,2,,,,,,,,2,,,,,,,,,,,,,,,52,138.857.160.447.019
585931,1,5,52,95,2,,,,,,,,2,,,,,,,,,,,,,,,52,138.857.160.447.019
585931,1,7,52,95,2,,,,,,,,2,,,,,,,,,,,,,,,52,138.857.160.447.019
585932,1,1,52,95,2,,,,,,,,2,,,,,,,,,,,,,,,52,114.138.145.376.382
585932,1,2,52,95,2,,,,,,,,2,,,,,,,,,,,,,,,52,114.138.145.376.382
585933,1,1,52,95,2,,,,,,,,1,2,,2,,,,100000,,,1,2,2,,2,52,114.138.145.376.382
585933,1,2,52,95,2,,,,,,,,1,2,,2,,,,,,3000000,2,1,2,,2,52,114.138.145.376.382
585934,1,1,52,95,1,,2,1,,1000000,,2,2,,,,,,,,,,,,,,,52,812.017.832.040.158
585934,1,2,52,95,2,,,,,,,,1,2,,2,,,,,,720000,2,1,2,,2,52,812.017.832.040.158
585936,1,1,52,95,2,,,,,,,,2,,,,,,,,,,,,,,,52,10.053.481.508.203
585937,1,1,52,95,2,,,,,,,,1,2,,2,,,,,,3600000,2,1,2,,2,52,121.029.773.925.361
585937,1,2,52,95,2,,,,,,,,1,2,,2,,,,,,1000000,2,1,2,,2,52,121.029.773.925.361
585938,1,1,52,95,1,,2,1,,1000000,,2,2,,,,,,,,,,,,,,,52,116.057.485.961.361
585938,1,2,52,95,2,,,,,,,,2,,,,,,,,,,,,,,,52,116.057.485.961.361
585939,1,1,52,95,2,,,,,,,,2,,,,,,,,,,,,,,,52,141.817.447.547.063
585939,1,2,52,95,1,,1,2,,,300000,2,1,2,,2,,,,,,6000000,2,1,2,,2,52,141.817.447.547.063
585940,1,1,52,95,2,,,,,,,,1,2,,2,,,,,,3000000,2,1,2,,2,52,137.823.255.482.419
585940,1,2,52,95,2,,,,,,,,2,,,,,,,,,,,,,,,52,137.823.255.482.419
585940,1,3,52,95,2,,,,,,,,2,,,,,,,,,,,,,,,52,137.823.255.482.419
585941,1,1,52,95,2,,,,,,,,2,,,,,,,,,,,,,,,52,85.931.311.260.407
585941,1,2,52,95,2,,,,,,,,2,,,,,,,,,,,,,,,52,85.931.311.260.407
585941,1,3,52,95,2,,,,,,,,2,,,,,,,,,,,,,,,52,85.931.311.260.407
585942,1,1,52,95,2,,,,,,,,2,,,,,,,,,,,,,,,52,145.183.487.135.044
585942,1,2,52,95,2,,,,,,,,2,,,,,,,,,,,,,,,52,145.183.487.135.044
585942,1,3,52,95,2,,,,,,,,2,,,,,,,,,,,,,,,52,145.183.487.135.044
585942,1,4,52,95,2,,,,,,,,2,,,,,,,,,,,,,,,52,145.183.487.135.044
585943,1,1,52,95,2,,,,,,,,2,,,,,,,,,,,,,,,52,10.053.481.508.203
585944,1,1,52,95,1,,2,1,,500000,,2,2,,,,,,,,,,,,,,,52,114.138.145.376.382
585944,1,2,52,95,2,,,,,,,,2,,,,,,,,,,,,,,,52,114.138.145.376.382
585945,1,1,52,95,1,,1,2,,,400000,2,2,,,,,,,,,,,,,,,52,128.525.970.319.387
585945,1,2,52,95,2,,,,,,,,2,,,,,,,,,,,,,,,52,128.525.970.319.387
585946,1,1,52,95,1,,2,1,,413000,,2,1,2,,2,,,,,,3600000,2,1,2,,2,52,114.922.640.025.035
585947,1,1,52,95,1,,2,1,,1400000,,2,2,,,,,,,,,,,,,,,52,133.255.498.375.778
585947,1,2,52,95,1,,2,1,,750000,,2,2,,,,,,,,,,,,,,,52,133.255.498.375.778
585947,1,3,52,95,2,,,,,,,,2,,,,,,,,,,,,,,,52,133.255.498.375.778
585948,1,1,52,95,1,,2,1,,400000,,2,2,,,,,,,,,,,,,,,52,671.278.359.515.249
585948,1,2,52,95,2,,,,,,,,1,2,,2,,,,,,,2,2,2,99,1,52,671.278.359.515.249
585948,1,3,52,95,2,,,,,,,,1,2,,2,,,,,,,2,2,2,600000,1,52,671.278.359.515.249
585948,1,4,52,95,2,,,,,,,,2,,,,,,,,,,,,,,,52,671.278.359.515.249
585948,1,5,52,95,2,,,,,,,,1,2,,2,,,,,,3600000,2,1,2,,2,52,671.278.359.515.249
585948,1,6,52,95,2,,,,,,,,2,,,,,,,,,,,,,,,52,671.278.359.515.249
585949,1,1,52,95,1,,1,2,,,220000,2,2,,,,,,,,,,,,,,,52,106.149.761.247.094
585949,1,2,52,95,2,,,,,,,,2,,,,,,,,,,,,,,,52,106.149.761.247.094
585949,1,3,52,95,2,,,,,,,,1,2,,2,,,,99,,,1,2,2,,2,52,106.149.761.247.094
585949,1,4,52,95,2,,,,,,,,2,,,,,,,,,,,,,,,52,106.149.761.247.094
585950,1,1,52,95,1,,2,1,,450000,,2,2,,,,,,,,,,,,,,,52,115.057.312.434.089
585950,1,2,52,95,1,,1,2,50000,,135000,1,2,,,,,,,,,,,,,,,52,115.057.312.434.089
585950,1,3,52,95,2,,,,,,,,2,,,,,,,,,,,,,,,52,115.057.312.434.089
585950,1,4,52,95,2,,,,,,,,2,,,,,,,,,,,,,,,52,115.057.312.434.089
585950,1,5,52,95,2,,,,,,,,1,2,,2,,,,,,800000,2,1,2,,2,52,115.057.312.434.089
585951,1,1,52,95,1,,1,1,,400000,180000,2,2,,,,,,,,,,,,,,,52,948.051.134.983.673
585951,1,2,52,95,2,,,,,,,,1,2,,2,,,,2000000,,,1,2,2,,2,52,948.051.134.983.673
585951,1,3,52,95,2,,,,,,,,1,2,,1,,,160000,,,,2,2,2,,2,52,948.051.134.983.673
585952,1,1,52,95,2,,,,,,,,2,,,,,,,,,,,,,,,52,150.697.509.840.088
585952,1,2,52,95,2,,,,,,,,2,,,,,,,,,,,,,,,52,150.697.509.840.088
585952,1,3,52,95,2,,,,,,,,2,,,,,,,,,,,,,,,52,150.697.509.840.088
585952,1,4,52,95,2,,,,,,,,2,,,,,,,,,,,,,,,52,150.697.509.840.088
585953,1,1,52,95,2,,,,,,,,2,,,,,,,,,,,,,,,52,146.189.071.928.369
585953,1,2,52,95,2,,,,,,,,2,,,,,,,,,,,,,,,52,146.189.071.928.369
585953,2,1,52,95,2,,,,,,,,2,,,,,,,,,,,,,,,52,146.189.071.928.369
585953,2,2,52,95,2,,,,,,,,2,,,,,,,,,,,,,,,52,146.189.071.928.369
585955,1,1,54,95,2,,,,,,,,2,,,,,,,,,,,,,,,54,283.735.810.128.275
585955,1,2,54,95,2,,,,,,,,2,,,,,,,,,,,,,,,54,283.735.810.128.275
586062,1,1,66,95,2,,,,,,,,1,2,,2,,,,,,7200000,2,1,2,,2,66,25.217.003.513.636
586062,1,2,66,95,2,,,,,,,,2,,,,,,,,,,,,,,,66,25.217.003.513.636
586063,1,1,66,95,2,,,,,,,,2,,,,,,,,,,,,,,,66,267.737.195.881.266
586063,1,2,66,95,2,,,,,,,,2,,,,,,,,,,,,,,,66,267.737.195.881.266
586063,1,3,66,95,2,,,,,,,,2,,,,,,,,,,,,,,,66,267.737.195.881.266
586063,1,4,66,95,2,,,,,,,,2,,,,,,,,,,,,,,,66,267.737.195.881.266
586063,1,5,66,95,2,,,,,,,,2,,,,,,,,,,,,,,,66,267.737.195.881.266
586065,1,1,66,95,2,,,,,,,,1,2,,2,,,,,,1400000,2,1,2,,2,66,219.013.429.849.149
586066,1,1,66,95,2,,,,,,,,2,,,,,,,,,,,,,,,66,273.497.348.540.783
586066,1,2,66,95,2,,,,,,,,2,,,,,,,,,,,,,,,66,273.497.348.540.783
586066,1,3,66,95,2,,,,,,,,1,2,,2,,,,,,3600000,2,1,2,,2,66,273.497.348.540.783
586066,1,4,66,95,2,,,,,,,,1,2,,2,,,,,,3600000,2,1,2,,2,66,273.497.348.540.783
586069,1,1,66,95,2,,,,,,,,1,2,,2,,,,,,4800000,2,1,2,,2,66,269.379.062.141.002
586069,1,2,66,95,2,,,,,,,,1,2,,2,,,,,,2000000,2,1,2,,2,66,269.379.062.141.002
586069,1,3,66,95,2,,,,,,,,2,,,,,,,,,,,,,,,66,269.379.062.141.002
586070,1,1,66,95,2,,,,,,,,1,2,,2,,,,,,7200000,2,1,2,,2,66,228.262.198.999.205
586070,1,2,66,95,2,,,,,,,,2,,,,,,,,,,,,,,,66,228.262.198.999.205
586070,1,3,66,95,2,,,,,,,,2,,,,,,,,,,,,,,,66,228.262.198.999.205
586071,1,1,66,95,2,,,,,,,,2,,,,,,,,,,,,,,,66,241.919.258.464.738
586071,1,2,66,95,2,,,,,,,,2,,,,,,,,,,,,,,,66,241.919.258.464.738
586072,1,1,66,95,2,,,,,,,,2,,,,,,,,,,,,,,,66,275.075.863.751.949
586072,1,2,66,95,2,,,,,,,,2,,,,,,,,,,,,,,,66,275.075.863.751.949
586072,1,3,66,95,2,,,,,,,,2,,,,,,,,,,,,,,,66,275.075.863.751.949
586073,1,1,66,95,2,,,,,,,,1,2,,2,6000000,,,,,1200000,2,1,1,,2,66,243.948.383.029.759
586073,1,2,66,95,2,,,,,,,,2,,,,,,,,,,,,,,,66,243.948.383.029.759
586075,1,1,66,95,1,,1,2,,,200000,2,1,2,,2,4800000,,,,,,2,2,1,,2,66,206.763.515.876.678
586075,1,2,66,95,2,,,,,,,,2,,,,,,,,,,,,,,,66,206.763.515.876.678
586075,1,3,66,95,2,,,,,,,,2,,,,,,,,,,,,,,,66,206.763.515.876.678
586076,1,1,66,95,2,,,,,,,,1,2,,2,3600000,,,,,,2,2,1,,2,66,249.708.535.689.276
586077,1,1,66,95,2,,,,,,,,2,,,,,,,,,,,,,,,66,236.485.507.995.221
586077,1,2,66,95,2,,,,,,,,2,,,,,,,,,,,,,,,66,236.485.507.995.221
586078,1,1,66,95,2,,,,,,,,2,,,,,,,,,,,,,,,66,27.052.354.558.069
586078,1,2,66,95,2,,,,,,,,1,2,,2,4000000,,,,,,2,2,1,,2,66,27.052.354.558.069
586079,1,1,66,95,2,,,,,,,,1,2,,2,15600000,,,,,,2,2,1,,2,66,211.674.761.978.465
586079,1,2,66,95,2,,,,,,,,2,,,,,,,,,,,,,,,66,211.674.761.978.465
586079,1,3,66,95,2,,,,,,,,2,,,,,,,,,,,,,,,66,211.674.761.978.465
586080,1,1,66,95,2,,,,,,,,1,2,,2,2400000,,,,,,2,2,1,,2,66,273.732.069.307.457
586127,1,1,68,95,1,,1,2,,,150000,2,2,,,,,,,,,,,,,,,68,340.159.832.148.658
586127,1,2,68,95,2,,,,,,,,2,,,,,,,,,,,,,,,68,340.159.832.148.658
586127,1,3,68,95,2,,,,,,,,2,,,,,,,,,,,,,,,68,340.159.832.148.658
586127,1,4,68,95,2,,,,,,,,1,2,,2,,,,,,1200000,2,1,2,,2,68,340.159.832.148.658
586127,2,1,68,95,2,,,,,,,,2,,,,,,,,,,,,,,,68,340.159.832.148.658
586127,2,2,68,95,2,,,,,,,,2,,,,,,,,,,,,,,,68,340.159.832.148.658
586128,1,1,68,95,2,,,,,,,,2,,,,,,,,,,,,,,,68,372.819.846.377.248
586128,1,2,68,95,1,,1,2,,,50000,2,2,,,,,,,,,,,,,,,68,372.819.846.377.248
586128,1,4,68,95,2,,,,,,,,2,,,,,,,,,,,,,,,68,372.819.846.377.248
586128,1,5,68,95,2,,,,,,,,2,,,,,,,,,,,,,,,68,372.819.846.377.248
586128,2,1,68,95,2,,,,,,,,2,,,,,,,,,,,,,,,68,372.819.846.377.248
586129,1,1,68,95,1,,1,2,,,98,2,1,2,,2,,,,,,2400000,2,1,2,,2,68,525.051.205.187.043
586129,1,2,68,95,2,,,,,,,,2,,,,,,,,,,,,,,,68,525.051.205.187.043
586129,2,1,68,95,2,,,,,,,,2,,,,,,,,,,,,,,,68,525.051.205.187.043
586130,1,1,68,95,1,,1,2,,,120000,2,1,2,,2,,,,,,10800000,2,1,2,,2,68,50.595.625.708.973
586130,2,1,68,95,2,,,,,,,,2,,,,,,,,,,,,,,,68,50.595.625.708.973
586131,1,1,68,95,1,,2,1,,450000,,2,2,,,,,,,,,,,,,,,68,427.311.059.230.784
586132,1,1,68,95,2,,,,,,,,2,,,,,,,,,,,,,,,68,284.840.514.225.429
586132,1,2,68,95,2,,,,,,,,2,,,,,,,,,,,,,,,68,284.840.514.225.429
586132,1,3,68,95,2,,,,,,,,2,,,,,,,,,,,,,,,68,284.840.514.225.429
586132,1,4,68,95,2,,,,,,,,2,,,,,,,,,,,,,,,68,284.840.514.225.429
586132,1,5,68,95,2,,,,,,,,2,,,,,,,,,,,,,,,68,284.840.514.225.429
586133,1,1,68,95,2,,,,,,,,1,2,,2,,,,,,9600000,2,1,2,,2,68,300.715.942.300.114
586134,1,1,68,95,1,,1,2,,,150000,2,2,,,,,,,,,,,,,,,68,574.870.864.116.231
586134,1,2,68,95,2,,,,,,,,2,,,,,,,,,,,,,,,68,574.870.864.116.231
586134,2,1,68,95,2,,,,,,,,2,,,,,,,,,,,,,,,68,574.870.864.116.231
586135,1,1,68,95,1,,1,1,,1500000,400000,2,2,,,,,,,,,,,,,,,68,562.900.458.926.396
586135,1,2,68,95,2,,,,,,,,2,,,,,,,,,,,,,,,68,562.900.458.926.396
586135,1,3,68,95,2,,,,,,,,2,,,,,,,,,,,,,,,68,562.900.458.926.396
586135,1,4,68,95,2,,,,,,,,2,,,,,,,,,,,,,,,68,562.900.458.926.396
586136,1,1,68,95,2,,,,,,,,2,,,,,,,,,,,,,,,68,865.885.647.628.554
586136,1,2,68,95,2,,,,,,,,2,,,,,,,,,,,,,,,68,865.885.647.628.554
586137,1,1,68,95,2,,,,,,,,2,,,,,,,,,,,,,,,68,408.587.320.212.322
586137,1,2,68,95,2,,,,,,,,1,2,,2,,,,,,8400000,2,1,2,,2,68,408.587.320.212.322
586138,1,1,68,95,1,,1,2,,,150000,2,1,2,,2,,,,,,100000,2,1,2,,2,68,357.620.002.804.215
586138,1,2,68,95,2,,,,,,,,2,,,,,,,,,,,,,,,68,357.620.002.804.215
586138,1,3,68,95,2,,,,,,,,2,,,,,,,,,,,,,,,68,357.620.002.804.215
586138,1,4,68,95,2,,,,,,,,1,2,,2,,,,,,500000,2,1,2,,2,68,357.620.002.804.215
586138,2,1,68,95,2,,,,,,,,1,2,,2,,,,,,8000000,2,1,2,,2,68,357.620.002.804.215
586139,1,1,68,95,2,,,,,,,,2,,,,,,,,,,,,,,,68,226.054.857.059.461
586139,1,2,68,95,2,,,,,,,,2,,,,,,,,,,,,,,,68,226.054.857.059.461
586139,1,3,68,95,2,,,,,,,,1,2,,2,,,,,,4000000,2,1,2,,2,68,226.054.857.059.461
586139,1,4,68,95,2,,,,,,,,2,,,,,,,,,,,,,,,68,226.054.857.059.461
586139,2,1,68,95,2,,,,,,,,2,,,,,,,,,,,,,,,68,226.054.857.059.461
586139,2,2,68,95,2,,,,,,,,2,,,,,,,,,,,,,,,68,226.054.857.059.461
586139,2,3,68,95,2,,,,,,,,2,,,,,,,,,,,,,,,68,226.054.857.059.461
586139,2,5,68,95,1,,2,1,,98,,2,2,,,,,,,,,,,,,,,68,226.054.857.059.461
586139,2,6,68,95,2,,,,,,,,2,,,,,,,,,,,,,,,68,226.054.857.059.461
586140,1,1,68,95,1,,1,2,,,280000,2,2,,,,,,,,,,,,,,,68,297.579.050.648.975
586140,1,2,68,95,2,,,,,,,,2,,,,,,,,,,,,,,,68,297.579.050.648.975
586140,1,3,68,95,2,,,,,,,,2,,,,,,,,,,,,,,,68,297.579.050.648.975
586140,1,4,68,95,2,,,,,,,,2,,,,,,,,,,,,,,,68,297.579.050.648.975
586140,1,5,68,95,2,,,,,,,,2,,,,,,,,,,,,,,,68,297.579.050.648.975
586141,1,1,68,95,2,,,,,,,,1,2,,2,,,,,,,2,2,2,300000,1,68,371.683.493.340.848
586141,1,2,68,95,2,,,,,,,,2,,,,,,,,,,,,,,,68,371.683.493.340.848
586141,1,3,68,95,2,,,,,,,,2,,,,,,,,,,,,,,,68,371.683.493.340.848
586142,1,1,68,95,1,,1,2,,,130000,2,1,2,,2,,,,,,2000000,2,1,2,,2,68,390.668.857.890.165
586142,2,1,68,95,2,,,,,,,,2,,,,,,,,,,,,,,,68,390.668.857.890.165
586142,2,2,68,95,2,,,,,,,,2,,,,,,,,,,,,,,,68,390.668.857.890.165
586143,1,1,68,95,2,,,,,,,,1,2,,2,900000,,,,,,2,2,1,670000,1,68,300.173.968.481.661
586143,1,2,68,95,2,,,,,,,,2,,,,,,,,,,,,,,,68,300.173.968.481.661
586143,1,3,68,95,2,,,,,,,,2,,,,,,,,,,,,,,,68,300.173.968.481.661
586144,1,1,68,95,1,,2,1,,1200000,,2,2,,,,,,,,,,,,,,,68,394.933.849.681.006
586144,1,2,68,95,1,,1,2,,,600000,2,2,,,,,,,,,,,,,,,68,394.933.849.681.006
586144,1,3,68,95,2,,,,,,,,1,2,,2,,,,,,5400000,2,1,2,,2,68,394.933.849.681.006
586144,1,4,68,95,2,,,,,,,,2,,,,,,,,,,,,,,,68,394.933.849.681.006
586144,1,5,68,95,2,,,,,,,,2,,,,,,,,,,,,,,,68,394.933.849.681.006
586145,1,1,68,95,2,,,,,,,,2,,,,,,,,,,,,,,,68,670.346.491.626.728
586145,1,2,68,95,2,,,,,,,,2,,,,,,,,,,,,,,,68,670.346.491.626.728
586146,1,1,68,95,2,,,,,,,,2,,,,,,,,,,,,,,,68,784.171.118.428.327
586146,1,2,68,95,2,,,,,,,,1,1,,2,,,,250000,500000,,1,2,2,,2,68,784.171.118.428.327
586147,1,1,68,95,2,,,,,,,,2,,,,,,,,,,,,,,,68,327.386.015.447.157
586147,1,2,68,95,2,,,,,,,,2,,,,,,,,,,,,,,,68,327.386.015.447.157
586148,1,1,68,95,2,,,,,,,,2,,,,,,,,,,,,,,,68,363.896.262.974.641
586148,1,2,68,95,2,,,,,,,,2,,,,,,,,,,,,,,,68,363.896.262.974.641
586148,1,3,68,95,2,,,,,,,,2,,,,,,,,,,,,,,,68,363.896.262.974.641
586149,1,1,68,95,2,,,,,,,,1,2,,2,,,,,,4800000,2,1,2,,2,68,263.663.720.954.177
586149,1,3,68,95,2,,,,,,,,2,,,,,,,,,,,,,,,68,263.663.720.954.177
586150,1,1,68,95,2,,,,,,,,1,2,,2,18000000,,,,,10600000,2,1,1,,2,68,817.174.640.424.643
586150,1,2,68,95,2,,,,,,,,2,,,,,,,,,,,,,,,68,817.174.640.424.643
586151,1,1,68,95,2,,,,,,,,2,,,,,,,,,,,,,,,68,408.587.320.212.322
586151,1,2,68,95,2,,,,,,,,2,,,,,,,,,,,,,,,68,408.587.320.212.322
586153,1,1,68,95,1,,1,2,100000,,220000,1,1,2,,2,,,,,,1500000,2,1,2,,2,68,199.809.472.648.062
586153,1,2,68,95,2,,,,,,,,2,,,,,,,,,,,,,,,68,199.809.472.648.062
586153,1,3,68,95,2,,,,,,,,2,,,,,,,,,,,,,,,68,199.809.472.648.062
586153,2,1,68,95,1,,2,2,70000,,,1,2,,,,,,,,,,,,,,,68,199.809.472.648.062
586153,2,2,68,95,2,,,,,,,,2,,,,,,,,,,,,,,,68,199.809.472.648.062
586154,1,1,68,95,2,,,,,,,,1,2,,2,,,,,,500000,2,1,2,,2,68,424.716.141.398.098
586154,1,2,68,95,2,,,,,,,,2,,,,,,,,,,,,,,,68,424.716.141.398.098
586154,1,3,68,95,2,,,,,,,,2,,,,,,,,,,,,,,,68,424.716.141.398.098
586155,1,1,68,95,2,,,,,,,,2,,,,,,,,,,,,,,,68,320.034.060.536.524
586155,1,2,68,95,2,,,,,,,,2,,,,,,,,,,,,,,,68,320.034.060.536.524
586155,2,1,68,95,2,,,,,,,,2,,,,,,,,,,,,,,,68,320.034.060.536.524
586155,2,2,68,95,2,,,,,,,,2,,,,,,,,,,,,,,,68,320.034.060.536.524
586156,1,1,68,95,1,,1,2,,,60000,2,1,2,,1,,,60000,,,1000000,2,1,2,,2,68,299.778.711.790.672
586156,1,2,68,95,2,,,,,,,,2,,,,,,,,,,,,,,,68,299.778.711.790.672
586156,1,3,68,95,2,,,,,,,,1,2,,2,,,,,,600000,2,1,2,,2,68,299.778.711.790.672
586156,2,1,68,95,1,,2,1,,805000,,2,2,,,,,,,,,,,,,,,68,299.778.711.790.672
586157,1,1,68,95,1,,1,2,,,800000,2,1,2,,2,,,,,,4800000,2,1,2,,2,68,427.311.059.230.784
586158,1,1,68,95,2,,,,,,,,1,2,,2,,,,,,1500000,2,1,2,,2,68,337.226.189.827.598
586158,1,2,68,95,2,,,,,,,,2,,,,,,,,,,,,,,,68,337.226.189.827.598
586160,1,1,68,95,2,,,,,,,,1,2,,2,,,,,,8400000,2,1,2,,2,68,600.347.936.963.322
586160,2,1,68,95,2,,,,,,,,2,,,,,,,,,,,,,,,68,600.347.936.963.322
586160,3,1,68,95,2,,,,,,,,2,,,,,,,,,,,,,,,68,600.347.936.963.322
586161,1,1,68,95,1,,2,1,,2000000,,2,2,,,,,,,,,,,,,,,68,377.417.779.692.822
586161,1,2,68,95,2,,,,,,,,2,,,,,,,,,,,,,,,68,377.417.779.692.822
586161,1,3,68,95,2,,,,,,,,2,,,,,,,,,,,,,,,68,377.417.779.692.822
586162,1,1,68,95,1,,2,1,,3500000,,2,2,,,,,,,,,,,,,,,68,252.727.212.301.921
586162,1,2,68,95,2,,,,,,,,2,,,,,,,,,,,,,,,68,252.727.212.301.921
586162,1,3,68,95,2,,,,,,,,2,,,,,,,,,,,,,,,68,252.727.212.301.921
586163,1,1,68,95,2,,,,,,,,2,,,,,,,,,,,,,,,68,327.386.015.447.157
586163,1,2,68,95,2,,,,,,,,2,,,,,,,,,,,,,,,68,327.386.015.447.157
586164,1,1,68,95,1,,2,1,,1000000,,2,2,,,,,,,,,,,,,,,68,307.680.850.560.269
586164,1,2,68,95,2,,,,,,,,1,2,,2,,,,,,6000000,2,1,2,,2,68,307.680.850.560.269
586164,1,3,68,95,2,,,,,,,,2,,,,,,,,,,,,,,,68,307.680.850.560.269
586164,1,4,68,95,2,,,,,,,,2,,,,,,,,,,,,,,,68,307.680.850.560.269
586164,1,5,68,95,2,,,,,,,,2,,,,,,,,,,,,,,,68,307.680.850.560.269
586164,1,6,68,95,2,,,,,,,,1,2,,2,,,,,,800000,2,1,2,,2,68,307.680.850.560.269
586165,1,1,68,95,2,,,,,,,,1,2,,2,,,,1500000,,,1,2,2,,2,68,392.077.306.317.465
586165,1,2,68,95,2,,,,,,,,1,2,,2,,,,,,1000000,2,1,2,,2,68,392.077.306.317.465
586165,1,3,68,95,2,,,,,,,,2,,,,,,,,,,,,,,,68,392.077.306.317.465
586165,1,4,68,95,2,,,,,,,,2,,,,,,,,,,,,,,,68,392.077.306.317.465
586165,1,5,68,95,2,,,,,,,,2,,,,,,,,,,,,,,,68,392.077.306.317.465
586165,1,6,68,95,2,,,,,,,,2,,,,,,,,,,,,,,,68,392.077.306.317.465
586166,1,1,68,95,2,,,,,,,,2,,,,,,,,,,,,,,,68,726.708.578.312.376
586166,1,2,68,95,2,,,,,,,,2,,,,,,,,,,,,,,,68,726.708.578.312.376
586166,1,3,68,95,2,,,,,,,,2,,,,,,,,,,,,,,,68,726.708.578.312.376
586166,1,4,68,95,2,,,,,,,,2,,,,,,,,,,,,,,,68,726.708.578.312.376
586166,1,5,68,95,2,,,,,,,,2,,,,,,,,,,,,,,,68,726.708.578.312.376
586167,1,1,68,95,2,,,,,,,,2,,,,,,,,,,,,,,,68,727.792.525.949.282
586167,1,2,68,95,2,,,,,,,,2,,,,,,,,,,,,,,,68,727.792.525.949.282
586167,1,3,68,95,2,,,,,,,,2,,,,,,,,,,,,,,,68,727.792.525.949.282
586168,1,1,68,95,2,,,,,,,,1,2,,2,,,,,,300000,2,1,2,,2,68,489.297.848.720.411
586168,1,2,68,95,2,,,,,,,,1,2,,2,,,,,,3600000,2,1,2,,2,68,489.297.848.720.411
586168,1,3,68,95,2,,,,,,,,1,2,,2,,,,,,4200000,2,1,2,,2,68,489.297.848.720.411
586168,1,4,68,95,2,,,,,,,,1,2,,2,,,,,,4200000,2,1,2,,2,68,489.297.848.720.411
586169,1,1,68,95,2,,,,,,,,1,2,,2,,,,,,36000000,2,1,2,,2,68,297.579.050.648.975
586169,1,2,68,95,2,,,,,,,,2,,,,,,,,,,,,,,,68,297.579.050.648.975
586169,1,3,68,95,2,,,,,,,,2,,,,,,,,,,,,,,,68,297.579.050.648.975
586169,1,4,68,95,2,,,,,,,,2,,,,,,,,,,,,,,,68,297.579.050.648.975
586169,1,5,68,95,2,,,,,,,,2,,,,,,,,,,,,,,,68,297.579.050.648.975
586170,1,1,68,95,1,,1,2,,,650000,2,1,2,,2,,,,1200000,,,1,2,2,,2,68,427.311.059.230.784
586172,1,1,68,95,2,,,,,,,,2,,,,,,,,,,,,,,,68,337.226.189.827.598
586172,1,2,68,95,2,,,,,,,,2,,,,,,,,,,,,,,,68,337.226.189.827.598
586173,1,1,68,95,2,,,,,,,,2,,,,,,,,,,,,,,,68,308.503.172.666.321
586174,1,1,68,95,1,,2,1,,920000,,2,2,,,,,,,,,,,,,,,68,427.311.059.230.784
586175,1,1,68,95,2,,,,,,,,2,,,,,,,,,,,,,,,68,513.346.500.031.416
586175,1,2,68,95,2,,,,,,,,2,,,,,,,,,,,,,,,68,513.346.500.031.416
586175,1,3,68,95,2,,,,,,,,2,,,,,,,,,,,,,,,68,513.346.500.031.416
586175,1,4,68,95,2,,,,,,,,2,,,,,,,,,,,,,,,68,513.346.500.031.416
586175,1,5,68,95,2,,,,,,,,2,,,,,,,,,,,,,,,68,513.346.500.031.416
586175,1,6,68,95,2,,,,,,,,2,,,,,,,,,,,,,,,68,513.346.500.031.416
586176,1,1,68,95,1,,2,1,,2400000,,2,2,,,,,,,,,,,,,,,68,319.889.720.088.479
586176,1,2,68,95,2,,,,,,,,2,,,,,,,,,,,,,,,68,319.889.720.088.479
586176,1,3,68,95,2,,,,,,,,2,,,,,,,,,,,,,,,68,319.889.720.088.479
586176,1,5,68,95,2,,,,,,,,2,,,,,,,,,,,,,,,68,319.889.720.088.479
586177,1,1,68,95,2,,,,,,,,2,,,,,,,,,,,,,,,68,336.018.541.274.255
586177,1,2,68,95,2,,,,,,,,2,,,,,,,,,,,,,,,68,336.018.541.274.255
586177,1,3,68,95,2,,,,,,,,2,,,,,,,,,,,,,,,68,336.018.541.274.255
586177,1,5,68,95,2,,,,,,,,2,,,,,,,,,,,,,,,68,336.018.541.274.255
586177,1,6,68,95,2,,,,,,,,2,,,,,,,,,,,,,,,68,336.018.541.274.255
586178,1,1,68,95,2,,,,,,,,2,,,,,,,,,,,,,,,68,439.149.445.337.824
586178,1,2,68,95,2,,,,,,,,2,,,,,,,,,,,,,,,68,439.149.445.337.824
586178,1,3,68,95,2,,,,,,,,2,,,,,,,,,,,,,,,68,439.149.445.337.824
586178,1,4,68,95,2,,,,,,,,2,,,,,,,,,,,,,,,68,439.149.445.337.824
586178,2,1,68,95,2,,,,,,,,2,,,,,,,,,,,,,,,68,439.149.445.337.824
586178,2,2,68,95,2,,,,,,,,2,,,,,,,,,,,,,,,68,439.149.445.337.824
586179,1,1,68,95,2,,,,,,,,2,,,,,,,,,,,,,,,68,298.121.024.467.428
586179,1,3,68,95,2,,,,,,,,2,,,,,,,,,,,,,,,68,298.121.024.467.428
586179,1,4,68,95,2,,,,,,,,2,,,,,,,,,,,,,,,68,298.121.024.467.428
586180,1,1,68,95,2,,,,,,,,2,,,,,,,,,,,,,,,68,400.406.510.502.125
586180,1,2,68,95,2,,,,,,,,2,,,,,,,,,,,,,,,68,400.406.510.502.125
586180,1,3,68,95,2,,,,,,,,2,,,,,,,,,,,,,,,68,400.406.510.502.125
586180,1,4,68,95,2,,,,,,,,2,,,,,,,,,,,,,,,68,400.406.510.502.125
586181,1,1,68,95,2,,,,,,,,1,2,,2,,,,,,4800000,2,1,2,,2,68,263.121.747.135.724
586181,1,2,68,95,2,,,,,,,,1,2,,2,,,,,,1000000,2,1,2,,2,68,263.121.747.135.724
586181,1,3,68,95,2,,,,,,,,1,2,,2,,,,,,500000,2,1,2,,2,68,263.121.747.135.724
586181,1,4,68,95,2,,,,,,,,1,2,,2,,,,,,500000,2,1,2,,2,68,263.121.747.135.724
586182,1,1,68,95,2,,,,,,,,2,,,,,,,,,,,,,,,68,426.542.862.727.414
586182,1,2,68,95,2,,,,,,,,2,,,,,,,,,,,,,,,68,426.542.862.727.414
586182,1,5,68,95,2,,,,,,,,2,,,,,,,,,,,,,,,68,426.542.862.727.414
586183,1,1,68,95,2,,,,,,,,2,,,,,,,,,,,,,,,68,426.000.888.908.961
586183,1,2,68,95,2,,,,,,,,2,,,,,,,,,,,,,,,68,426.000.888.908.961
586183,1,3,68,95,2,,,,,,,,2,,,,,,,,,,,,,,,68,426.000.888.908.961
586183,2,1,68,95,2,,,,,,,,2,,,,,,,,,,,,,,,68,426.000.888.908.961
586183,2,2,68,95,2,,,,,,,,2,,,,,,,,,,,,,,,68,426.000.888.908.961
586184,1,1,68,95,2,,,,,,,,2,,,,,,,,,,,,,,,68,403.500.752.853.207
586184,1,2,68,95,1,,2,1,,1200000,,2,2,,,,,,,,,,,,,,,68,403.500.752.853.207
586184,1,3,68,95,2,,,,,,,,2,,,,,,,,,,,,,,,68,403.500.752.853.207
586185,1,1,68,95,2,,,,,,,,2,,,,,,,,,,,,,,,68,365.949.206.988.875
586185,1,2,68,95,2,,,,,,,,2,,,,,,,,,,,,,,,68,365.949.206.988.875
586185,1,3,68,95,2,,,,,,,,2,,,,,,,,,,,,,,,68,365.949.206.988.875
586186,1,1,68,95,2,,,,,,,,2,,,,,,,,,,,,,,,68,399.937.626.407.498
586186,1,2,68,95,1,,2,1,,461500,,2,2,,,,,,,,,,,,,,,68,399.937.626.407.498
586186,1,3,68,95,2,,,,,,,,2,,,,,,,,,,,,,,,68,399.937.626.407.498
586186,1,4,68,95,2,,,,,,,,2,,,,,,,,,,,,,,,68,399.937.626.407.498
586186,1,5,68,95,2,,,,,,,,2,,,,,,,,,,,,,,,68,399.937.626.407.498
586186,1,6,68,95,2,,,,,,,,2,,,,,,,,,,,,,,,68,399.937.626.407.498
586186,1,7,68,95,2,,,,,,,,1,2,,2,,,,,,50000,2,1,2,,2,68,399.937.626.407.498
586187,1,1,68,95,2,,,,,,,,2,,,,,,,,,,,,,,,68,329.158.611.173.792
586187,1,2,68,95,2,,,,,,,,2,,,,,,,,,,,,,,,68,329.158.611.173.792
586187,1,3,68,95,2,,,,,,,,2,,,,,,,,,,,,,,,68,329.158.611.173.792
586187,1,4,68,95,2,,,,,,,,2,,,,,,,,,,,,,,,68,329.158.611.173.792
586187,1,6,68,95,2,,,,,,,,1,2,,2,,,,,,98,2,1,2,,2,68,329.158.611.173.792
586188,1,1,68,95,2,,,,,,,,2,,,,,,,,,,,,,,,68,397.914.114.437.919
586188,1,2,68,95,2,,,,,,,,2,,,,,,,,,,,,,,,68,397.914.114.437.919
586188,1,3,68,95,2,,,,,,,,2,,,,,,,,,,,,,,,68,397.914.114.437.919
586188,1,4,68,95,2,,,,,,,,2,,,,,,,,,,,,,,,68,397.914.114.437.919
586188,1,5,68,95,2,,,,,,,,2,,,,,,,,,,,,,,,68,397.914.114.437.919
586189,1,1,68,95,1,,1,2,,,110000,2,2,,,,,,,,,,,,,,,68,392.179.828.085.946
586189,2,1,68,95,2,,,,,,,,2,,,,,,,,,,,,,,,68,392.179.828.085.946
586189,2,2,68,95,2,,,,,,,,2,,,,,,,,,,,,,,,68,392.179.828.085.946
586189,2,3,68,95,2,,,,,,,,2,,,,,,,,,,,,,,,68,392.179.828.085.946
586189,2,4,68,95,2,,,,,,,,2,,,,,,,,,,,,,,,68,392.179.828.085.946
586190,1,1,68,95,1,,1,2,,,1100000,2,1,2,,2,3800000,,,,,,2,2,1,,2,68,488.356.717.152.494
586191,1,1,68,95,2,,,,,,,,2,,,,,,,,,,,,,,,68,345.304.477.769.314
586192,1,1,68,95,2,,,,,,,,2,,,,,,,,,,,,,,,68,390.258.837.884.848
586192,1,2,68,95,2,,,,,,,,2,,,,,,,,,,,,,,,68,390.258.837.884.848
586193,1,1,68,95,2,,,,,,,,1,2,,1,,,60000,,,,2,2,2,,2,68,405.753.400.516.082
586193,1,2,68,95,2,,,,,,,,2,,,,,,,,,,,,,,,68,405.753.400.516.082
586193,1,5,68,95,2,,,,,,,,2,,,,,,,,,,,,,,,68,405.753.400.516.082
586194,1,1,68,95,1,,2,1,,750000,,2,2,,,,,,,,,,,,,,,68,473.154.910.166.192
586194,1,2,68,95,2,,,,,,,,2,,,,,,,,,,,,,,,68,473.154.910.166.192
586194,1,3,68,95,2,,,,,,,,2,,,,,,,,,,,,,,,68,473.154.910.166.192
586194,1,4,68,95,2,,,,,,,,1,2,,2,,,,,,400000,2,1,2,,2,68,473.154.910.166.192
586194,1,6,68,95,2,,,,,,,,1,2,,2,,,,,,1200000,2,1,2,,2,68,473.154.910.166.192
586195,1,1,68,95,2,,,,,,,,2,,,,,,,,,,,,,,,68,475.257.925.756.689
586195,1,2,68,95,1,,2,2,100000,,,1,2,,,,,,,,,,,,,,,68,475.257.925.756.689
586196,1,1,68,95,2,,,,,,,,1,2,,2,,,,,,98,2,1,2,,2,68,327.386.015.447.157
586196,1,2,68,95,2,,,,,,,,2,,,,,,,,,,,,,,,68,327.386.015.447.157
586197,1,1,68,95,1,,1,2,,,130000,2,1,2,,2,,,,,,98,2,1,2,,2,68,345.304.477.769.314
586198,1,1,68,95,1,,1,1,,461000,98,2,2,,,,,,,,,,,,,,,68,182.014.108.393.888
586198,1,2,68,95,2,,,,,,,,2,,,,,,,,,,,,,,,68,182.014.108.393.888
586198,1,3,68,95,2,,,,,,,,2,,,,,,,,,,,,,,,68,182.014.108.393.888
586198,1,4,68,95,2,,,,,,,,2,,,,,,,,,,,,,,,68,182.014.108.393.888
586198,1,5,68,95,2,,,,,,,,2,,,,,,,,,,,,,,,68,182.014.108.393.888
586199,1,1,68,95,2,,,,,,,,2,,,,,,,,,,,,,,,68,329.438.959.461.391
586199,1,2,68,95,2,,,,,,,,2,,,,,,,,,,,,,,,68,329.438.959.461.391
586200,1,1,68,95,2,,,,,,,,2,,,,,,,,,,,,,,,68,325.768.346.888.497
586200,1,2,68,95,2,,,,,,,,2,,,,,,,,,,,,,,,68,325.768.346.888.497
586200,1,3,68,95,2,,,,,,,,2,,,,,,,,,,,,,,,68,325.768.346.888.497
586200,1,4,68,95,2,,,,,,,,2,,,,,,,,,,,,,,,68,325.768.346.888.497
586201,1,1,68,95,2,,,,,,,,2,,,,,,,,,,,,,,,68,35.046.735.825.818
586201,1,2,68,95,2,,,,,,,,1,2,,2,,,,,,1200000,2,1,2,,2,68,35.046.735.825.818
586201,1,3,68,95,2,,,,,,,,2,,,,,,,,,,,,,,,68,35.046.735.825.818
586201,1,4,68,95,2,,,,,,,,2,,,,,,,,,,,,,,,68,35.046.735.825.818
586201,1,5,68,95,2,,,,,,,,2,,,,,,,,,,,,,,,68,35.046.735.825.818
586202,1,1,68,95,2,,,,,,,,2,,,,,,,,,,,,,,,68,345.172.523.956.178
586202,1,2,68,95,2,,,,,,,,2,,,,,,,,,,,,,,,68,345.172.523.956.178
586202,1,3,68,95,2,,,,,,,,2,,,,,,,,,,,,,,,68,345.172.523.956.178
586202,1,5,68,95,2,,,,,,,,2,,,,,,,,,,,,,,,68,345.172.523.956.178
586203,1,1,68,95,2,,,,,,,,2,,,,,,,,,,,,,,,68,308.503.172.666.321
586204,1,1,68,95,2,,,,,,,,2,,,,,,,,,,,,,,,68,439.199.188.107.176
586204,1,2,68,95,2,,,,,,,,2,,,,,,,,,,,,,,,68,439.199.188.107.176
586205,1,1,68,95,2,,,,,,,,2,,,,,,,,,,,,,,,68,338.613.459.106.942
586205,1,2,68,95,2,,,,,,,,2,,,,,,,,,,,,,,,68,338.613.459.106.942
586205,1,4,68,95,2,,,,,,,,2,,,,,,,,,,,,,,,68,338.613.459.106.942
586206,1,1,68,95,2,,,,,,,,2,,,,,,,,,,,,,,,68,37.651.109.848.175
586206,1,2,68,95,2,,,,,,,,2,,,,,,,,,,,,,,,68,37.651.109.848.175
586207,1,1,68,95,1,,1,2,,,180000,2,2,,,,,,,,,,,,,,,68,371.683.493.340.848
586207,1,2,68,95,2,,,,,,,,2,,,,,,,,,,,,,,,68,371.683.493.340.848
586207,1,3,68,95,2,,,,,,,,2,,,,,,,,,,,,,,,68,371.683.493.340.848
586208,1,1,68,95,2,,,,,,,,2,,,,,,,,,,,,,,,68,327.386.015.447.157
586208,1,2,68,95,2,,,,,,,,2,,,,,,,,,,,,,,,68,327.386.015.447.157
586209,1,1,68,95,1,,1,2,,,100000,2,1,2,,2,,,,,,200000,2,1,2,,2,68,379.744.735.872.819
586209,1,2,68,95,2,,,,,,,,2,,,,,,,,,,,,,,,68,379.744.735.872.819
586209,1,3,68,95,2,,,,,,,,2,,,,,,,,,,,,,,,68,379.744.735.872.819
586209,2,1,68,95,2,,,,,,,,2,,,,,,,,,,,,,,,68,379.744.735.872.819
586209,2,2,68,95,2,,,,,,,,2,,,,,,,,,,,,,,,68,379.744.735.872.819
586209,3,1,68,95,2,,,,,,,,2,,,,,,,,,,,,,,,68,379.744.735.872.819
586209,3,2,68,95,2,,,,,,,,2,,,,,,,,,,,,,,,68,379.744.735.872.819
586210,1,1,68,95,2,,,,,,,,2,,,,,,,,,,,,,,,68,302.094.958.682.759
586210,2,1,68,95,2,,,,,,,,2,,,,,,,,,,,,,,,68,302.094.958.682.759
586210,2,2,68,95,2,,,,,,,,2,,,,,,,,,,,,,,,68,302.094.958.682.759
586210,2,3,68,95,2,,,,,,,,2,,,,,,,,,,,,,,,68,302.094.958.682.759
586210,2,4,68,95,2,,,,,,,,2,,,,,,,,,,,,,,,68,302.094.958.682.759
586210,2,5,68,95,2,,,,,,,,2,,,,,,,,,,,,,,,68,302.094.958.682.759
586211,1,1,68,95,2,,,,,,,,2,,,,,,,,,,,,,,,68,371.945.118.871.702
586211,1,2,68,95,2,,,,,,,,2,,,,,,,,,,,,,,,68,371.945.118.871.702
586211,2,1,68,95,2,,,,,,,,2,,,,,,,,,,,,,,,68,371.945.118.871.702
586211,2,2,68,95,2,,,,,,,,2,,,,,,,,,,,,,,,68,371.945.118.871.702
586212,1,1,68,95,2,,,,,,,,2,,,,,,,,,,,,,,,68,309.890.441.945.665
586212,1,2,68,95,2,,,,,,,,2,,,,,,,,,,,,,,,68,309.890.441.945.665
586268,1,1,73,95,2,,,,,,,,2,,,,,,,,,,,,,,,73,22.312.027.295.344
586269,1,1,73,95,1,,2,1,,433700,,2,2,,,,,,,,,,,,,,,73,199.686.079.028.781
586269,1,2,73,95,2,,,,,,,,2,,,,,,,,,,,,,,,73,199.686.079.028.781
586270,1,1,73,95,2,,,,,,,,2,,,,,,,,,,,,,,,73,120.618.551.486.676
586270,1,2,73,95,2,,,,,,,,2,,,,,,,,,,,,,,,73,120.618.551.486.676
586272,1,1,73,95,2,,,,,,,,2,,,,,,,,,,,,,,,73,240.834.658.945.159
586272,1,2,73,95,2,,,,,,,,2,,,,,,,,,,,,,,,73,240.834.658.945.159
586272,1,3,73,95,2,,,,,,,,1,2,,2,,,,,,200000,2,1,2,,2,73,240.834.658.945.159
586272,1,4,73,95,2,,,,,,,,1,2,,2,,,,,,50000,2,1,2,,2,73,240.834.658.945.159
586273,1,1,73,95,1,,1,2,,,150000,2,1,2,,2,,,,,,100000,2,1,2,,2,73,113.847.981.841.104
586273,2,1,73,95,1,,2,1,,433700,,2,2,,,,,,,,,,,,,,,73,113.847.981.841.104
586274,1,1,73,95,2,,,,,,,,2,,,,,,,,,,,,,,,73,162.513.042.141.985
586275,1,1,73,95,2,,,,,,,,2,,,,,,,,,,,,,,,73,102.356.349.109.717
586275,1,2,73,95,2,,,,,,,,2,,,,,,,,,,,,,,,73,102.356.349.109.717
586275,1,3,73,95,2,,,,,,,,2,,,,,,,,,,,,,,,73,102.356.349.109.717
586275,1,4,73,95,2,,,,,,,,2,,,,,,,,,,,,,,,73,102.356.349.109.717
586275,1,5,73,95,2,,,,,,,,2,,,,,,,,,,,,,,,73,102.356.349.109.717
586275,1,6,73,95,2,,,,,,,,2,,,,,,,,,,,,,,,73,102.356.349.109.717
586275,1,7,73,95,2,,,,,,,,2,,,,,,,,,,,,,,,73,102.356.349.109.717
586275,2,1,73,95,2,,,,,,,,1,2,,2,,,,,,200000,2,1,2,,2,73,102.356.349.109.717
586275,2,2,73,95,2,,,,,,,,1,2,,2,,,,,,300000,2,1,2,,2,73,102.356.349.109.717
586275,2,3,73,95,2,,,,,,,,1,2,,2,,,,,,400000,2,1,2,,2,73,102.356.349.109.717
586275,2,4,73,95,2,,,,,,,,2,,,,,,,,,,,,,,,73,102.356.349.109.717
586276,1,1,73,95,1,,2,1,,1600000,,2,2,,,,,,,,,,,,,,,73,282.782.628.033.108
586276,1,2,73,95,2,,,,,,,,2,,,,,,,,,,,,,,,73,282.782.628.033.108
586276,1,3,73,95,2,,,,,,,,1,2,,2,,,,,,,2,2,2,2500000,1,73,282.782.628.033.108
586276,1,4,73,95,2,,,,,,,,2,,,,,,,,,,,,,,,73,282.782.628.033.108
586277,1,1,73,95,2,,,,,,,,2,,,,,,,,,,,,,,,73,113.847.981.841.104
586277,1,2,73,95,1,,1,2,,,300000,2,2,,,,,,,,,,,,,,,73,113.847.981.841.104
586279,1,1,73,95,2,,,,,,,,2,,,,,,,,,,,,,,,73,202.882.692.846.107
586279,1,2,73,95,2,,,,,,,,2,,,,,,,,,,,,,,,73,202.882.692.846.107
586279,1,6,73,95,2,,,,,,,,2,,,,,,,,,,,,,,,73,202.882.692.846.107
586280,1,1,73,95,2,,,,,,,,2,,,,,,,,,,,,,,,73,24.456.615.992.109
586280,1,2,73,95,2,,,,,,,,2,,,,,,,,,,,,,,,73,24.456.615.992.109
586281,1,1,73,95,1,,2,1,,433700,,2,1,2,,2,4000000,,,,,,2,2,1,,2,73,229.334.086.520.872
586281,1,2,73,95,2,,,,,,,,2,,,,,,,,,,,,,,,73,229.334.086.520.872
586281,1,3,73,95,2,,,,,,,,2,,,,,,,,,,,,,,,73,229.334.086.520.872
586281,1,4,73,95,2,,,,,,,,2,,,,,,,,,,,,,,,73,229.334.086.520.872
586283,1,1,73,95,2,,,,,,,,2,,,,,,,,,,,,,,,73,200.023.161.927.251
586283,1,2,73,95,2,,,,,,,,2,,,,,,,,,,,,,,,73,200.023.161.927.251
586284,1,1,73,95,2,,,,,,,,1,2,,2,,,,,,3000000,2,1,2,3000000,1,73,102.203.766.398.647
586284,1,2,73,95,1,,2,1,,461500,,2,2,,,,,,,,,,,,,,,73,102.203.766.398.647
586284,1,3,73,95,1,,2,1,,461500,,2,2,,,,,,,,,,,,,,,73,102.203.766.398.647
586284,1,4,73,95,2,,,,,,,,1,2,,2,,,,,,1200000,2,1,2,,2,73,102.203.766.398.647
586284,1,5,73,95,2,,,,,,,,1,2,,1,,,80000,,,2000000,2,1,2,,2,73,102.203.766.398.647
586285,1,1,73,95,1,,1,2,,,230000,2,2,,,,,,,,,,,,,,,73,199.676.945.774.106
586285,1,2,73,95,2,,,,,,,,2,,,,,,,,,,,,,,,73,199.676.945.774.106
586285,1,3,73,95,2,,,,,,,,2,,,,,,,,,,,,,,,73,199.676.945.774.106
586285,1,4,73,95,2,,,,,,,,2,,,,,,,,,,,,,,,73,199.676.945.774.106
586286,1,1,73,95,2,,,,,,,,1,2,,1,,,52000,,,,2,2,2,,2,73,198.949.301.544.524
586286,1,2,73,95,2,,,,,,,,2,,,,,,,,,,,,,,,73,198.949.301.544.524
586286,1,3,73,95,2,,,,,,,,1,2,,2,,,,,,700000,2,1,2,,2,73,198.949.301.544.524
586287,1,1,73,95,2,,,,,,,,1,2,,2,,,,,,1000000,2,1,2,,2,73,159.127.757.319.199
586288,1,1,73,95,1,,2,1,,1867660,,2,2,,,,,,,,,,,,,,,73,159.127.757.319.199
586289,1,1,73,95,1,,2,1,,1946180,,2,2,,,,,,,,,,,,,,,73,237.502.852.555.013
586289,1,2,73,95,1,,2,1,,2048000,,2,2,,,,,,,,,,,,,,,73,237.502.852.555.013
586289,1,3,73,95,2,,,,,,,,1,2,,2,500000,,,,,,2,2,1,,2,73,237.502.852.555.013
586289,1,4,73,95,2,,,,,,,,1,2,,2,,,,,,1000000,2,1,2,,2,73,237.502.852.555.013
586289,1,5,73,95,2,,,,,,,,1,2,,2,,,,,,300000,2,1,2,,2,73,237.502.852.555.013
586290,1,1,73,95,2,,,,,,,,2,,,,,,,,,,,,,,,73,308.865.329.296.298
586290,1,2,73,95,2,,,,,,,,2,,,,,,,,,,,,,,,73,308.865.329.296.298
586290,1,3,73,95,2,,,,,,,,2,,,,,,,,,,,,,,,73,308.865.329.296.298
586290,1,4,73,95,2,,,,,,,,2,,,,,,,,,,,,,,,73,308.865.329.296.298
586291,1,1,73,95,2,,,,,,,,2,,,,,,,,,,,,,,,73,24.721.466.725.962
586291,1,2,73,95,2,,,,,,,,2,,,,,,,,,,,,,,,73,24.721.466.725.962
586291,1,3,73,95,2,,,,,,,,2,,,,,,,,,,,,,,,73,24.721.466.725.962
586292,1,1,73,95,2,,,,,,,,2,,,,,,,,,,,,,,,73,205.761.774.690.597
586292,1,2,73,95,2,,,,,,,,2,,,,,,,,,,,,,,,73,205.761.774.690.597
586292,1,3,73,95,2,,,,,,,,2,,,,,,,,,,,,,,,73,205.761.774.690.597
586292,1,4,73,95,2,,,,,,,,2,,,,,,,,,,,,,,,73,205.761.774.690.597
586292,1,6,73,95,2,,,,,,,,2,,,,,,,,,,,,,,,73,205.761.774.690.597
586293,1,1,73,95,1,,2,1,,1961500,,2,2,,,,,,,,,,,,,,,73,108.463.046.945.744
586293,1,2,73,95,1,,1,1,,461500,200000,2,2,,,,,,,,,,,,,,,73,108.463.046.945.744
586293,1,3,73,95,2,,,,,,,,1,2,,1,,,110000,,,,2,2,2,,2,73,108.463.046.945.744
586293,1,4,73,95,2,,,,,,,,2,,,,,,,,,,,,,,,73,108.463.046.945.744
586293,1,5,73,95,2,,,,,,,,2,,,,,,,,,,,,,,,73,108.463.046.945.744
586293,1,6,73,95,2,,,,,,,,2,,,,,,,,,,,,,,,73,108.463.046.945.744
586293,1,7,73,95,2,,,,,,,,1,2,,2,,,,,,1000000,2,1,2,35000000,1,73,108.463.046.945.744
586293,1,10,73,95,2,,,,,,,,2,,,,,,,,,,,,,,,73,108.463.046.945.744
586293,2,1,73,95,2,,,,,,,,1,2,,2,,,,,,3500000,2,1,2,,2,73,108.463.046.945.744
586293,2,2,73,95,2,,,,,,,,2,,,,,,,,,,,,,,,73,108.463.046.945.744
586293,2,3,73,95,2,,,,,,,,2,,,,,,,,,,,,,,,73,108.463.046.945.744
586293,2,4,73,95,2,,,,,,,,2,,,,,,,,,,,,,,,73,108.463.046.945.744
586294,1,1,73,95,1,,1,1,,2500000,4000000,2,1,2,,2,,,,,,,2,2,2,14000000,1,73,102.203.766.398.647
586294,1,2,73,95,2,,,,,,,,2,,,,,,,,,,,,,,,73,102.203.766.398.647
586294,1,3,73,95,1,,1,2,,,600000,2,1,2,,2,,,,46500000,,,1,2,2,,2,73,102.203.766.398.647
586294,1,4,73,95,2,,,,,,,,1,2,,1,100000,,47000,,,,2,2,1,,2,73,102.203.766.398.647
586294,1,5,73,95,2,,,,,,,,2,,,,,,,,,,,,,,,73,102.203.766.398.647
586294,1,6,73,95,2,,,,,,,,1,2,,2,1500000,,,,,,2,2,1,,2,73,102.203.766.398.647
586294,1,7,73,95,2,,,,,,,,1,1,,2,,,,,320000,,2,2,2,,2,73,102.203.766.398.647
586295,1,1,73,95,1,,1,2,,,200000,2,1,2,,2,,,,,,700000,2,1,2,,2,73,15.439.717.029.601
586295,2,1,73,95,2,,,,,,,,2,,,,,,,,,,,,,,,73,15.439.717.029.601
586295,2,2,73,95,2,,,,,,,,2,,,,,,,,,,,,,,,73,15.439.717.029.601
586295,2,3,73,95,2,,,,,,,,1,2,,1,,,44000,,,,2,2,2,,2,73,15.439.717.029.601
586295,2,4,73,95,2,,,,,,,,2,,,,,,,,,,,,,,,73,15.439.717.029.601
586296,1,1,73,95,2,,,,,,,,2,,,,,,,,,,,,,,,73,162.513.042.141.985
586297,1,1,73,95,2,,,,,,,,1,2,,1,,,1050000,5000000,,1800000,1,1,2,,2,73,149.920.342.825.621
586297,1,2,73,95,2,,,,,,,,2,,,,,,,,,,,,,,,73,149.920.342.825.621
586297,1,3,73,95,2,,,,,,,,1,2,,1,,,200000,,,,2,2,2,,2,73,149.920.342.825.621
586297,1,4,73,95,2,,,,,,,,2,,,,,,,,,,,,,,,73,149.920.342.825.621
586297,1,5,73,95,2,,,,,,,,1,2,,2,,,,,,140000,2,1,2,,2,73,149.920.342.825.621
586297,1,6,73,95,2,,,,,,,,1,2,,2,,,,,,140000,2,1,2,,2,73,149.920.342.825.621
586298,1,1,73,95,2,,,,,,,,1,2,,1,,,270000,,,,2,2,2,,2,73,215.258.160.660.265
586298,1,2,73,95,2,,,,,,,,2,,,,,,,,,,,,,,,73,215.258.160.660.265
586299,1,1,73,95,2,,,,,,,,1,2,,2,6000000,,,,,,2,2,1,,2,73,21.825.288.415.194
586300,1,1,73,95,2,,,,,,,,2,,,,,,,,,,,,,,,73,218.398.819.184.927
586300,1,2,73,95,2,,,,,,,,2,,,,,,,,,,,,,,,73,218.398.819.184.927
586300,1,3,73,95,2,,,,,,,,2,,,,,,,,,,,,,,,73,218.398.819.184.927
586301,1,1,73,95,2,,,,,,,,2,,,,,,,,,,,,,,,73,2.734.865.231.836
586301,1,2,73,95,2,,,,,,,,2,,,,,,,,,,,,,,,73,2.734.865.231.836
586301,1,3,73,95,2,,,,,,,,2,,,,,,,,,,,,,,,73,2.734.865.231.836
586302,1,1,73,95,1,,2,1,,2000000,,2,2,,,,,,,,,,,,,,,73,11.723.326.666.389
586302,1,2,73,95,2,,,,,,,,2,,,,,,,,,,,,,,,73,11.723.326.666.389
586303,1,1,73,95,1,,1,2,,,2200000,2,2,,,,,,,,,,,,,,,73,13.603.064.629.301
586303,1,2,73,95,2,,,,,,,,2,,,,,,,,,,,,,,,73,13.603.064.629.301
586304,1,1,73,95,2,,,,,,,,2,,,,,,,,,,,,,,,73,102.203.766.398.647
586304,1,2,73,95,1,,2,1,,1200000,,2,2,,,,,,,,,,,,,,,73,102.203.766.398.647
586304,1,3,73,95,2,,,,,,,,2,,,,,,,,,,,,,,,73,102.203.766.398.647
586305,1,1,73,95,1,,2,1,,2000000,,2,2,,,,,,,,,,,,,,,73,17.285.746.702.666
586305,1,2,73,95,1,,2,1,,1700000,,2,2,,,,,,,,,,,,,,,73,17.285.746.702.666
586305,1,3,73,95,2,,,,,,,,2,,,,,,,,,,,,,,,73,17.285.746.702.666
586305,1,4,73,95,2,,,,,,,,2,,,,,,,,,,,,,,,73,17.285.746.702.666
586305,1,5,73,95,2,,,,,,,,2,,,,,,,,,,,,,,,73,17.285.746.702.666
586306,1,1,73,95,1,,2,1,,467000,,2,2,,,,,,,,,,,,,,,73,198.940.168.289.849
586306,1,2,73,95,2,,,,,,,,2,,,,,,,,,,,,,,,73,198.940.168.289.849
586306,1,3,73,95,2,,,,,,,,2,,,,,,,,,,,,,,,73,198.940.168.289.849
586306,1,4,73,95,2,,,,,,,,2,,,,,,,,,,,,,,,73,198.940.168.289.849
586306,1,5,73,95,2,,,,,,,,2,,,,,,,,,,,,,,,73,198.940.168.289.849
586307,1,1,73,95,2,,,,,,,,2,,,,,,,,,,,,,,,73,211.220.005.943.367
586307,1,2,73,95,2,,,,,,,,2,,,,,,,,,,,,,,,73,211.220.005.943.367
586308,1,1,73,95,2,,,,,,,,2,,,,,,,,,,,,,,,73,177.840.497.475.345
586308,1,2,73,95,2,,,,,,,,2,,,,,,,,,,,,,,,73,177.840.497.475.345
586309,1,1,73,95,2,,,,,,,,2,,,,,,,,,,,,,,,73,270.556.156.356.434
586309,1,2,73,95,2,,,,,,,,2,,,,,,,,,,,,,,,73,270.556.156.356.434
586310,1,1,73,95,2,,,,,,,,2,,,,,,,,,,,,,,,73,270.311.778.285.809
586310,1,2,73,95,2,,,,,,,,2,,,,,,,,,,,,,,,73,270.311.778.285.809
586312,1,1,73,95,1,,1,2,,,2400000,2,2,,,,,,,,,,,,,,,73,162.513.042.141.985
586313,1,1,73,95,2,,,,,,,,1,2,,2,,,,,,1000000,2,1,2,,2,73,159.127.757.319.199
586314,1,1,73,95,2,,,,,,,,2,,,,,,,,,,,,,,,73,169.325.515.288.058
586314,1,2,73,95,2,,,,,,,,2,,,,,,,,,,,,,,,73,169.325.515.288.058
586314,1,3,73,95,2,,,,,,,,1,2,,2,,,,,,200000,2,1,2,,2,73,169.325.515.288.058
586315,1,1,73,95,1,,2,1,,1700000,,2,2,,,,,,,,,,,,,,,73,10.912.652.807.259
586315,1,2,73,95,1,,2,1,,461500,,2,2,,,,,,,,,,,,,,,73,10.912.652.807.259
586315,1,3,73,95,2,,,,,,,,2,,,,,,,,,,,,,,,73,10.912.652.807.259
586315,1,4,73,95,1,,2,1,,461500,,2,2,,,,,,,,,,,,,,,73,10.912.652.807.259
586316,1,1,73,95,2,,,,,,,,2,,,,,,,,,,,,,,,73,24.158.056.968.409
586317,1,1,73,95,2,,,,,,,,2,,,,,,,,,,,,,,,73,258.809.889.734.219
586317,1,2,73,95,2,,,,,,,,2,,,,,,,,,,,,,,,73,258.809.889.734.219
586317,1,3,73,95,2,,,,,,,,2,,,,,,,,,,,,,,,73,258.809.889.734.219
586317,1,4,73,95,2,,,,,,,,2,,,,,,,,,,,,,,,73,258.809.889.734.219
586317,1,6,73,95,2,,,,,,,,2,,,,,,,,,,,,,,,73,258.809.889.734.219
586317,1,7,73,95,2,,,,,,,,2,,,,,,,,,,,,,,,73,258.809.889.734.219
586318,1,1,73,95,1,,1,2,,,340000,2,2,,,,,,,,,,,,,,,73,264.322.331.302.459
586318,1,2,73,95,2,,,,,,,,2,,,,,,,,,,,,,,,73,264.322.331.302.459
586318,1,3,73,95,2,,,,,,,,2,,,,,,,,,,,,,,,73,264.322.331.302.459
586318,1,4,73,95,2,,,,,,,,2,,,,,,,,,,,,,,,73,264.322.331.302.459
586319,1,1,73,95,2,,,,,,,,2,,,,,,,,,,,,,,,73,343.257.078.221.664
586319,1,2,73,95,2,,,,,,,,2,,,,,,,,,,,,,,,73,343.257.078.221.664
586319,1,3,73,95,2,,,,,,,,2,,,,,,,,,,,,,,,73,343.257.078.221.664
586319,1,4,73,95,2,,,,,,,,2,,,,,,,,,,,,,,,73,343.257.078.221.664
586319,1,6,73,95,2,,,,,,,,2,,,,,,,,,,,,,,,73,343.257.078.221.664
586319,2,1,73,95,2,,,,,,,,2,,,,,,,,,,,,,,,73,343.257.078.221.664
586319,3,1,73,95,2,,,,,,,,2,,,,,,,,,,,,,,,73,343.257.078.221.664
586319,4,1,73,95,2,,,,,,,,2,,,,,,,,,,,,,,,73,343.257.078.221.664
586319,5,1,73,95,2,,,,,,,,2,,,,,,,,,,,,,,,73,343.257.078.221.664
586320,1,1,73,95,2,,,,,,,,2,,,,,,,,,,,,,,,73,248.162.468.324.202
586320,1,2,73,95,2,,,,,,,,2,,,,,,,,,,,,,,,73,248.162.468.324.202
586321,1,1,73,95,2,,,,,,,,2,,,,,,,,,,,,,,,73,214.470.098.193.334
586321,1,2,73,95,2,,,,,,,,2,,,,,,,,,,,,,,,73,214.470.098.193.334
586321,1,3,73,95,2,,,,,,,,2,,,,,,,,,,,,,,,73,214.470.098.193.334
586321,1,4,73,95,2,,,,,,,,2,,,,,,,,,,,,,,,73,214.470.098.193.334
586322,1,1,73,95,2,,,,,,,,1,2,,2,,,,,,3800000,2,1,2,,2,73,204.061.316.644.149
586322,1,2,73,95,2,,,,,,,,2,,,,,,,,,,,,,,,73,204.061.316.644.149
586323,1,1,73,95,1,,2,1,,1200000,,2,2,,,,,,,,,,,,,,,73,236.849.982.660.901
586323,1,2,73,95,2,,,,,,,,2,,,,,,,,,,,,,,,73,236.849.982.660.901
586323,1,3,73,95,2,,,,,,,,2,,,,,,,,,,,,,,,73,236.849.982.660.901
586323,1,4,73,95,2,,,,,,,,2,,,,,,,,,,,,,,,73,236.849.982.660.901
586323,1,5,73,95,2,,,,,,,,2,,,,,,,,,,,,,,,73,236.849.982.660.901
586324,1,1,73,95,2,,,,,,,,2,,,,,,,,,,,,,,,73,22.312.027.295.344
586325,1,1,73,95,1,,1,2,,,200000,2,2,,,,,,,,,,,,,,,73,102.203.766.398.647
586325,1,2,73,95,2,,,,,,,,2,,,,,,,,,,,,,,,73,102.203.766.398.647
586325,1,3,73,95,2,,,,,,,,2,,,,,,,,,,,,,,,73,102.203.766.398.647
586326,1,1,73,95,1,,2,1,,1200000,,2,2,,,,,,,,,,,,,,,73,159.127.757.319.199
586328,1,1,73,95,2,,,,,,,,2,,,,,,,,,,,,,,,73,262.941.817.178.766
586328,1,2,73,95,2,,,,,,,,2,,,,,,,,,,,,,,,73,262.941.817.178.766
586328,1,3,73,95,2,,,,,,,,2,,,,,,,,,,,,,,,73,262.941.817.178.766
586329,1,1,73,95,2,,,,,,,,2,,,,,,,,,,,,,,,73,24.456.615.992.109
586329,1,2,73,95,2,,,,,,,,2,,,,,,,,,,,,,,,73,24.456.615.992.109
586330,1,1,73,95,2,,,,,,,,1,2,,2,,,,,,7200000,2,1,2,,2,73,159.127.757.319.199
586331,1,1,73,95,1,,2,1,,2401776,,2,2,,,,,,,,,,,,,,,73,255.425.921.038.736
586331,1,2,73,95,2,,,,,,,,1,2,,2,,,,,,600000,2,1,2,,2,73,255.425.921.038.736
586332,1,1,73,95,2,,,,,,,,2,,,,,,,,,,,,,,,73,24.456.615.992.109
586332,1,2,73,95,2,,,,,,,,1,2,,1,,,50000,,,,2,2,2,,2,73,24.456.615.992.109
586333,1,1,73,95,2,,,,,,,,1,2,,2,,,,,,2400000,2,1,2,,2,73,21.501.353.436.214
586333,1,2,73,95,2,,,,,,,,2,,,,,,,,,,,,,,,73,21.501.353.436.214
586333,1,3,73,95,2,,,,,,,,2,,,,,,,,,,,,,,,73,21.501.353.436.214
586334,1,1,73,95,2,,,,,,,,2,,,,,,,,,,,,,,,73,213.868.513.281.897
586334,1,2,73,95,2,,,,,,,,2,,,,,,,,,,,,,,,73,213.868.513.281.897
586334,1,3,73,95,2,,,,,,,,2,,,,,,,,,,,,,,,73,213.868.513.281.897
586335,1,1,73,95,2,,,,,,,,1,2,,2,,,,,,600000,2,1,2,,2,73,127.515.664.105.723
586335,1,2,73,95,2,,,,,,,,2,,,,,,,,,,,,,,,73,127.515.664.105.723
586335,1,3,73,95,2,,,,,,,,2,,,,,,,,,,,,,,,73,127.515.664.105.723
586336,1,1,73,95,2,,,,,,,,1,2,,1,,,433700,,,,2,2,2,,2,73,22.576.878.029.197
586336,1,2,73,95,2,,,,,,,,2,,,,,,,,,,,,,,,73,22.576.878.029.197
586337,1,1,73,95,2,,,,,,,,1,2,,2,,,,,,7200000,2,1,2,,2,73,192.507.265.787.221
586338,1,1,73,95,1,,2,1,,461500,,2,2,,,,,,,,,,,,,,,73,172.973.108.673.845
586338,2,1,73,95,2,,,,,,,,1,2,,2,,,,,,900000,2,1,2,,2,73,172.973.108.673.845
586339,1,1,73,95,2,,,,,,,,2,,,,,,,,,,,,,,,73,232.319.676.757.872
586339,1,2,73,95,2,,,,,,,,2,,,,,,,,,,,,,,,73,232.319.676.757.872
586339,1,3,73,95,2,,,,,,,,2,,,,,,,,,,,,,,,73,232.319.676.757.872
586339,1,6,73,95,2,,,,,,,,2,,,,,,,,,,,,,,,73,232.319.676.757.872
586339,1,7,73,95,2,,,,,,,,2,,,,,,,,,,,,,,,73,232.319.676.757.872
586340,1,1,73,95,2,,,,,,,,2,,,,,,,,,,,,,,,73,180.185.276.405.704
586340,1,2,73,95,1,,1,2,,,800000,2,2,,,,,,,,,,,,,,,73,180.185.276.405.704
586340,1,3,73,95,2,,,,,,,,2,,,,,,,,,,,,,,,73,180.185.276.405.704
586341,1,1,73,95,2,,,,,,,,1,2,,2,,,,,,9600000,2,1,2,,2,73,196.300.794.205.995
586341,1,2,73,95,2,,,,,,,,2,,,,,,,,,,,,,,,73,196.300.794.205.995
586342,1,1,73,95,1,,1,2,,,360000,2,1,2,,2,,,,,,1200000,2,1,2,,2,73,173.203.683.179.805
586342,1,2,73,95,2,,,,,,,,1,2,,2,,,,,,1200000,2,1,2,,2,73,173.203.683.179.805
586342,1,3,73,95,2,,,,,,,,1,2,,2,,,,,,1200000,2,1,2,,2,73,173.203.683.179.805
586343,1,1,73,95,2,,,,,,,,2,,,,,,,,,,,,,,,73,199.286.384.442.995
586343,1,2,73,95,2,,,,,,,,2,,,,,,,,,,,,,,,73,199.286.384.442.995
586343,1,4,73,95,2,,,,,,,,2,,,,,,,,,,,,,,,73,199.286.384.442.995
586344,1,1,73,95,2,,,,,,,,2,,,,,,,,,,,,,,,73,288.762.941.761.784
586344,1,2,73,95,2,,,,,,,,1,2,,1,,,300000,,,,2,2,2,,2,73,288.762.941.761.784
586344,1,3,73,95,2,,,,,,,,2,,,,,,,,,,,,,,,73,288.762.941.761.784
586344,1,4,73,95,2,,,,,,,,2,,,,,,,,,,,,,,,73,288.762.941.761.784
586345,1,1,73,95,2,,,,,,,,1,2,,1,,,660000,,,,2,2,2,,2,73,218.398.819.184.927
586345,1,2,73,95,2,,,,,,,,2,,,,,,,,,,,,,,,73,218.398.819.184.927
586345,1,3,73,95,2,,,,,,,,1,2,,1,,,200000,,,,2,2,2,,2,73,218.398.819.184.927
586346,1,1,73,95,1,,1,1,,1000000,500000,2,2,,,,,,,,,,,,,,,73,177.840.497.475.345
586346,1,2,73,95,2,,,,,,,,2,,,,,,,,,,,,,,,73,177.840.497.475.345
586347,1,1,73,95,2,,,,,,,,2,,,,,,,,,,,,,,,73,18.096.420.561.796
586347,1,2,73,95,2,,,,,,,,2,,,,,,,,,,,,,,,73,18.096.420.561.796
586347,1,3,73,95,2,,,,,,,,2,,,,,,,,,,,,,,,73,18.096.420.561.796
586348,1,1,73,95,2,,,,,,,,2,,,,,,,,,,,,,,,73,132.560.721.997.249
586348,1,2,73,95,2,,,,,,,,2,,,,,,,,,,,,,,,73,132.560.721.997.249
586348,1,3,73,95,2,,,,,,,,2,,,,,,,,,,,,,,,73,132.560.721.997.249
586349,1,1,73,95,1,,1,2,,,90000,2,1,2,,2,,,,,,400000,2,1,2,,2,73,135.946.006.820.036
586349,1,2,73,95,2,,,,,,,,2,,,,,,,,,,,,,,,73,135.946.006.820.036
586349,1,3,73,95,2,,,,,,,,2,,,,,,,,,,,,,,,73,135.946.006.820.036
586350,1,1,73,95,1,,2,1,,1200000,,2,2,,,,,,,,,,,,,,,73,282.782.628.033.108
586350,1,2,73,95,2,,,,,,,,2,,,,,,,,,,,,,,,73,282.782.628.033.108
586350,1,3,73,95,2,,,,,,,,2,,,,,,,,,,,,,,,73,282.782.628.033.108
586350,1,4,73,95,2,,,,,,,,2,,,,,,,,,,,,,,,73,282.782.628.033.108
586352,1,1,73,95,2,,,,,,,,2,,,,,,,,,,,,,,,73,192.422.626.314.247
586352,1,2,73,95,2,,,,,,,,2,,,,,,,,,,,,,,,73,192.422.626.314.247
586355,1,1,73,95,2,,,,,,,,2,,,,,,,,,,,,,,,73,169.325.515.288.058
586355,1,2,73,95,2,,,,,,,,2,,,,,,,,,,,,,,,73,169.325.515.288.058
586355,1,3,73,95,2,,,,,,,,2,,,,,,,,,,,,,,,73,169.325.515.288.058
586356,1,1,73,95,1,,2,1,,850000,,2,2,,,,,,,,,,,,,,,73,175.852.190.518.335
586356,1,2,73,95,1,,2,1,,850000,,2,2,,,,,,,,,,,,,,,73,175.852.190.518.335
586356,1,3,73,95,2,,,,,,,,2,,,,,,,,,,,,,,,73,175.852.190.518.335
586356,1,4,73,95,2,,,,,,,,2,,,,,,,,,,,,,,,73,175.852.190.518.335
586357,1,1,73,95,1,,2,1,,2000000,,2,2,,,,,,,,,,,,,,,73,159.127.757.319.199
586358,1,1,73,95,1,,2,1,,2300000,,2,2,,,,,,,,,,,,,,,73,196.300.794.205.995
586358,1,2,73,95,2,,,,,,,,2,,,,,,,,,,,,,,,73,196.300.794.205.995
586360,1,1,73,95,2,,,,,,,,2,,,,,,,,,,,,,,,73,199.676.945.774.106
586360,1,2,73,95,2,,,,,,,,2,,,,,,,,,,,,,,,73,199.676.945.774.106
586360,1,3,73,95,2,,,,,,,,2,,,,,,,,,,,,,,,73,199.676.945.774.106
586360,1,4,73,95,2,,,,,,,,2,,,,,,,,,,,,,,,73,199.676.945.774.106
586361,1,1,73,95,1,,2,1,,461500,,2,1,2,,2,,,,,,8000000,2,1,2,,2,73,180.573.644.286.849
586361,1,2,73,95,2,,,,,,,,2,,,,,,,,,,,,,,,73,180.573.644.286.849
586362,1,1,73,95,2,,,,,,,,1,2,,2,,,,,,2200000,2,1,2,,2,73,204.061.316.644.149
586362,1,2,73,95,2,,,,,,,,2,,,,,,,,,,,,,,,73,204.061.316.644.149
586363,1,1,73,95,1,,2,1,,434000,,2,2,,,,,,,,,,,,,,,73,191.831.783.862.977
586363,1,2,73,95,1,,2,1,,200000,,2,2,,,,,,,,,,,,,,,73,191.831.783.862.977
586363,1,3,73,95,2,,,,,,,,2,,,,,,,,,,,,,,,73,191.831.783.862.977
586363,1,4,73,95,2,,,,,,,,2,,,,,,,,,,,,,,,73,191.831.783.862.977
586363,1,5,73,95,2,,,,,,,,2,,,,,,,,,,,,,,,73,191.831.783.862.977
586364,1,1,73,95,2,,,,,,,,2,,,,,,,,,,,,,,,73,408.122.633.288.298
586364,1,2,73,95,2,,,,,,,,2,,,,,,,,,,,,,,,73,408.122.633.288.298
586365,1,1,73,95,2,,,,,,,,2,,,,,,,,,,,,,,,73,179.574.558.239.592
586365,1,2,73,95,2,,,,,,,,2,,,,,,,,,,,,,,,73,179.574.558.239.592
586365,1,3,73,95,2,,,,,,,,2,,,,,,,,,,,,,,,73,179.574.558.239.592
586365,1,4,73,95,2,,,,,,,,2,,,,,,,,,,,,,,,73,179.574.558.239.592
586366,1,1,73,95,2,,,,,,,,1,2,,2,60000,,,,,,2,2,1,,2,73,13.603.064.629.301
586366,1,2,73,95,2,,,,,,,,2,,,,,,,,,,,,,,,73,13.603.064.629.301
586367,1,1,73,95,2,,,,,,,,2,,,,,,,,,,,,,,,73,146.228.404.261.869
586367,1,2,73,95,2,,,,,,,,2,,,,,,,,,,,,,,,73,146.228.404.261.869
586367,1,3,73,95,2,,,,,,,,2,,,,,,,,,,,,,,,73,146.228.404.261.869
586367,1,4,73,95,2,,,,,,,,2,,,,,,,,,,,,,,,73,146.228.404.261.869
586368,1,1,73,95,1,,2,1,,650000,,2,2,,,,,,,,,,,,,,,73,283.128.844.186.254
586368,1,2,73,95,2,,,,,,,,1,2,,2,,,,,,1200000,2,1,2,,2,73,283.128.844.186.254
586369,1,1,73,95,1,,2,1,,1600000,,2,2,,,,,,,,,,,,,,,73,252.431.197.547.061
586369,1,2,73,95,2,,,,,,,,2,,,,,,,,,,,,,,,73,252.431.197.547.061
586369,1,3,73,95,2,,,,,,,,2,,,,,,,,,,,,,,,73,252.431.197.547.061
586371,1,1,73,95,2,,,,,,,,1,2,,2,,,,,,2200000,2,1,2,,2,73,13.867.915.363.154
586371,1,2,73,95,2,,,,,,,,1,2,,2,,,,,,2400000,2,1,2,,2,73,13.867.915.363.154
586371,1,4,73,95,2,,,,,,,,2,,,,,,,,,,,,,,,73,13.867.915.363.154
586372,1,1,73,95,1,,2,1,,2000000,,2,2,,,,,,,,,,,,,,,73,24.158.056.968.409
586373,1,1,73,95,2,,,,,,,,2,,,,,,,,,,,,,,,73,181.225.782.298.131
586373,1,2,73,95,2,,,,,,,,2,,,,,,,,,,,,,,,73,181.225.782.298.131
586374,1,1,73,95,2,,,,,,,,1,2,,2,,,,,,7200000,2,1,2,,2,73,139.415.931.115.796
586374,1,2,73,95,2,,,,,,,,2,,,,,,,,,,,,,,,73,139.415.931.115.796
586375,1,1,73,95,2,,,,,,,,2,,,,,,,,,,,,,,,73,169.325.515.288.058
586375,1,2,73,95,2,,,,,,,,2,,,,,,,,,,,,,,,73,169.325.515.288.058
586375,1,3,73,95,2,,,,,,,,2,,,,,,,,,,,,,,,73,169.325.515.288.058
586376,1,1,73,95,2,,,,,,,,2,,,,,,,,,,,,,,,73,177.840.497.475.345
586376,1,2,73,95,2,,,,,,,,2,,,,,,,,,,,,,,,73,177.840.497.475.345
586377,1,1,73,95,2,,,,,,,,2,,,,,,,,,,,,,,,73,249.778.535.125.175
586377,1,2,73,95,2,,,,,,,,2,,,,,,,,,,,,,,,73,249.778.535.125.175
586377,1,3,73,95,2,,,,,,,,2,,,,,,,,,,,,,,,73,249.778.535.125.175
586377,1,4,73,95,2,,,,,,,,2,,,,,,,,,,,,,,,73,249.778.535.125.175
586377,1,5,73,95,2,,,,,,,,2,,,,,,,,,,,,,,,73,249.778.535.125.175
586378,1,1,73,95,2,,,,,,,,2,,,,,,,,,,,,,,,73,264.668.547.455.604
586378,1,2,73,95,2,,,,,,,,2,,,,,,,,,,,,,,,73,264.668.547.455.604
586380,1,1,73,95,1,,1,2,,,150000,2,2,,,,,,,,,,,,,,,73,157.391.893.787.686
586380,1,2,73,95,2,,,,,,,,1,2,,2,,,,,,7200000,2,1,2,,2,73,157.391.893.787.686
586380,2,1,73,95,2,,,,,,,,2,,,,,,,,,,,,,,,73,157.391.893.787.686
586380,2,2,73,95,2,,,,,,,,2,,,,,,,,,,,,,,,73,157.391.893.787.686
586381,1,1,73,95,2,,,,,,,,2,,,,,,,,,,,,,,,73,22.576.878.029.197
586381,1,2,73,95,2,,,,,,,,2,,,,,,,,,,,,,,,73,22.576.878.029.197
586382,1,1,73,95,1,,1,2,,,350000,2,2,,,,,,,,,,,,,,,73,24.122.522.027.627
586382,1,2,73,95,2,,,,,,,,2,,,,,,,,,,,,,,,73,24.122.522.027.627
586382,1,3,73,95,2,,,,,,,,1,2,,2,,,,,,1200000,2,1,2,,2,73,24.122.522.027.627
586382,1,4,73,95,2,,,,,,,,2,,,,,,,,,,,,,,,73,24.122.522.027.627
586382,1,5,73,95,2,,,,,,,,2,,,,,,,,,,,,,,,73,24.122.522.027.627
586385,1,1,73,95,2,,,,,,,,2,,,,,,,,,,,,,,,73,264.322.331.302.459
586385,1,2,73,95,2,,,,,,,,1,2,,2,,,,,,220000,2,1,2,,2,73,264.322.331.302.459
586385,1,3,73,95,2,,,,,,,,2,,,,,,,,,,,,,,,73,264.322.331.302.459
586385,1,4,73,95,2,,,,,,,,2,,,,,,,,,,,,,,,73,264.322.331.302.459
586386,1,1,73,95,2,,,,,,,,2,,,,,,,,,,,,,,,73,222.512.480.120.124
586386,1,2,73,95,2,,,,,,,,2,,,,,,,,,,,,,,,73,222.512.480.120.124
586386,1,3,73,95,2,,,,,,,,2,,,,,,,,,,,,,,,73,222.512.480.120.124
586386,1,4,73,95,2,,,,,,,,2,,,,,,,,,,,,,,,73,222.512.480.120.124
586387,1,1,73,95,2,,,,,,,,1,2,,2,,,,,,6200000,2,1,2,,2,73,207.056.040.135.824
586388,1,1,73,95,2,,,,,,,,1,2,,2,,,,,,1200000,2,1,2,,2,73,139.415.931.115.796
586388,1,2,73,95,2,,,,,,,,2,,,,,,,,,,,,,,,73,139.415.931.115.796
586389,1,1,73,95,1,,2,1,,600000,,2,2,,,,,,,,,,,,,,,73,113.847.981.841.104
586389,1,2,73,95,2,,,,,,,,1,2,,2,,,,,,2000000,2,1,2,,2,73,113.847.981.841.104
586390,1,1,73,95,2,,,,,,,,2,,,,,,,,,,,,,,,73,224.032.916.760.457
586390,1,2,73,95,2,,,,,,,,2,,,,,,,,,,,,,,,73,224.032.916.760.457
586390,1,3,73,95,2,,,,,,,,2,,,,,,,,,,,,,,,73,224.032.916.760.457
586390,1,5,73,95,2,,,,,,,,2,,,,,,,,,,,,,,,73,224.032.916.760.457
586390,1,6,73,95,2,,,,,,,,1,2,,2,,,,,,9200000,2,1,2,,2,73,224.032.916.760.457
586391,1,1,73,95,2,,,,,,,,2,,,,,,,,,,,,,,,73,196.300.794.205.995
586391,1,2,73,95,1,,1,2,,,400000,2,2,,,,,,,,,,,,,,,73,196.300.794.205.995
586392,1,1,73,95,2,,,,,,,,2,,,,,,,,,,,,,,,73,181.225.782.298.131
586392,1,2,73,95,2,,,,,,,,2,,,,,,,,,,,,,,,73,181.225.782.298.131
586393,1,1,73,95,2,,,,,,,,2,,,,,,,,,,,,,,,73,203.619.470.330.363
586393,1,2,73,95,2,,,,,,,,2,,,,,,,,,,,,,,,73,203.619.470.330.363
586394,1,1,73,95,2,,,,,,,,2,,,,,,,,,,,,,,,73,245.609.591.146.313
586394,1,2,73,95,2,,,,,,,,2,,,,,,,,,,,,,,,73,245.609.591.146.313
586394,1,3,73,95,2,,,,,,,,2,,,,,,,,,,,,,,,73,245.609.591.146.313
586395,1,1,73,95,1,,2,1,,467000,,2,1,2,,2,,,,,,2200000,2,1,2,,2,73,102.203.766.398.647
586395,1,2,73,95,2,,,,,,,,2,,,,,,,,,,,,,,,73,102.203.766.398.647
586395,1,3,73,95,2,,,,,,,,2,,,,,,,,,,,,,,,73,102.203.766.398.647
586396,1,1,73,95,1,,1,1,,1400000,180000,2,2,,,,,,,,,,,,,,,73,226.210.378.378.257
586396,1,2,73,95,2,,,,,,,,1,2,,2,,,,,,100000,2,1,2,,2,73,226.210.378.378.257
586396,1,3,73,95,2,,,,,,,,2,,,,,,,,,,,,,,,73,226.210.378.378.257
586397,1,1,73,95,2,,,,,,,,1,2,,2,,,,,,8000000,2,1,2,,2,73,203.619.470.330.363
586397,1,4,73,95,2,,,,,,,,2,,,,,,,,,,,,,,,73,203.619.470.330.363
586399,1,1,73,95,1,,1,1,,1800000,250000,2,2,,,,,,,,,,,,,,,73,130.962.976.371.351
586399,1,2,73,95,2,,,,,,,,1,2,,2,1000000,,,,,,2,2,1,,2,73,130.962.976.371.351
586399,1,3,73,95,2,,,,,,,,2,,,,,,,,,,,,,,,73,130.962.976.371.351
586399,1,4,73,95,2,,,,,,,,2,,,,,,,,,,,,,,,73,130.962.976.371.351
586399,1,5,73,95,2,,,,,,,,1,2,,2,,,,,,1800000,2,1,2,,2,73,130.962.976.371.351
586399,1,6,73,95,2,,,,,,,,1,2,,2,,,,,,960000,2,1,2,,2,73,130.962.976.371.351
586400,1,1,73,95,2,,,,,,,,2,,,,,,,,,,,,,,,73,162.513.042.141.985
586401,1,1,73,95,2,,,,,,,,2,,,,,,,,,,,,,,,73,264.322.331.302.459
586401,1,2,73,95,2,,,,,,,,2,,,,,,,,,,,,,,,73,264.322.331.302.459
586401,1,3,73,95,2,,,,,,,,2,,,,,,,,,,,,,,,73,264.322.331.302.459
586401,1,4,73,95,2,,,,,,,,2,,,,,,,,,,,,,,,73,264.322.331.302.459
586402,1,1,73,95,2,,,,,,,,1,2,,2,,,,,,,2,2,2,12000000,1,73,180.016.156.325.878
586402,1,2,73,95,2,,,,,,,,2,,,,,,,,,,,,,,,73,180.016.156.325.878
586402,1,3,73,95,2,,,,,,,,2,,,,,,,,,,,,,,,73,180.016.156.325.878
586402,1,4,73,95,2,,,,,,,,2,,,,,,,,,,,,,,,73,180.016.156.325.878
586402,1,6,73,95,2,,,,,,,,1,2,,2,,,,,,2400000,2,1,2,,2,73,180.016.156.325.878
586403,1,1,73,95,2,,,,,,,,2,,,,,,,,,,,,,,,73,22.576.878.029.197
586403,1,2,73,95,2,,,,,,,,2,,,,,,,,,,,,,,,73,22.576.878.029.197
586404,1,1,73,95,1,,2,1,,1200000,,2,2,,,,,,,,,,,,,,,73,135.031.560.245.753
586404,1,2,73,95,2,,,,,,,,2,,,,,,,,,,,,,,,73,135.031.560.245.753
586404,1,3,73,95,2,,,,,,,,2,,,,,,,,,,,,,,,73,135.031.560.245.753
586404,1,4,73,95,2,,,,,,,,2,,,,,,,,,,,,,,,73,135.031.560.245.753
586405,1,1,73,95,2,,,,,,,,1,2,,2,,,,,,3600000,2,1,2,,2,73,177.840.497.475.345
586405,1,2,73,95,2,,,,,,,,2,,,,,,,,,,,,,,,73,177.840.497.475.345
586406,1,1,73,95,2,,,,,,,,2,,,,,,,,,,,,,,,73,222.774.056.800.295
586406,1,2,73,95,2,,,,,,,,2,,,,,,,,,,,,,,,73,222.774.056.800.295
586406,1,3,73,95,2,,,,,,,,1,2,,2,,,,,,400000,2,1,2,,2,73,222.774.056.800.295
586407,1,1,76,95,1,,2,1,,480000,,2,2,,,,,,,,,,,,,,,76,627.284.870.811.953
586407,1,2,76,95,2,,,,,,,,1,2,,2,98,,,,,,2,2,1,,2,76,627.284.870.811.953
586408,1,1,76,95,2,,,,,,,,2,,,,,,,,,,,,,,,76,101.357.296.899.005
586408,1,2,76,95,2,,,,,,,,2,,,,,,,,,,,,,,,76,101.357.296.899.005
586408,1,3,76,95,2,,,,,,,,2,,,,,,,,,,,,,,,76,101.357.296.899.005
586408,1,4,76,95,2,,,,,,,,2,,,,,,,,,,,,,,,76,101.357.296.899.005
586408,1,5,76,95,2,,,,,,,,2,,,,,,,,,,,,,,,76,101.357.296.899.005
586408,1,6,76,95,2,,,,,,,,2,,,,,,,,,,,,,,,76,101.357.296.899.005
586409,1,1,76,95,2,,,,,,,,2,,,,,,,,,,,,,,,76,8.512.484.863.119
586409,1,2,76,95,2,,,,,,,,2,,,,,,,,,,,,,,,76,8.512.484.863.119
586409,1,3,76,95,2,,,,,,,,2,,,,,,,,,,,,,,,76,8.512.484.863.119
586409,1,4,76,95,2,,,,,,,,1,2,,2,,,,,,98,2,1,2,,2,76,8.512.484.863.119
586409,1,6,76,95,2,,,,,,,,2,,,,,,,,,,,,,,,76,8.512.484.863.119
586409,1,7,76,95,2,,,,,,,,2,,,,,,,,,,,,,,,76,8.512.484.863.119
586410,1,1,76,95,2,,,,,,,,2,,,,,,,,,,,,,,,76,795.433.432.022.518
586410,1,2,76,95,2,,,,,,,,2,,,,,,,,,,,,,,,76,795.433.432.022.518
586411,1,1,76,95,2,,,,,,,,2,,,,,,,,,,,,,,,76,620.757.349.393.233
586411,1,2,76,95,2,,,,,,,,2,,,,,,,,,,,,,,,76,620.757.349.393.233
586411,1,3,76,95,2,,,,,,,,1,2,,2,,,,,,600000,2,1,2,,2,76,620.757.349.393.233
586411,1,4,76,95,2,,,,,,,,2,,,,,,,,,,,,,,,76,620.757.349.393.233
586412,1,1,76,95,1,,2,1,,400000,,2,2,,,,,,,,,,,,,,,76,140.741.699.385.154
586412,1,2,76,95,2,,,,,,,,2,,,,,,,,,,,,,,,76,140.741.699.385.154
586412,1,3,76,95,2,,,,,,,,2,,,,,,,,,,,,,,,76,140.741.699.385.154
586412,1,4,76,95,2,,,,,,,,1,2,,2,,,,,,98,2,1,2,,2,76,140.741.699.385.154
586413,1,1,76,95,1,,2,1,,403900,,2,2,,,,,,,,,,,,,,,76,126.855.933.105.093
586413,1,2,76,95,2,,,,,,,,2,,,,,,,,,,,,,,,76,126.855.933.105.093
586414,1,1,76,95,2,,,,,,,,2,,,,,,,,,,,,,,,76,101.417.199.662.645
586414,1,2,76,95,2,,,,,,,,2,,,,,,,,,,,,,,,76,101.417.199.662.645
586414,1,3,76,95,2,,,,,,,,2,,,,,,,,,,,,,,,76,101.417.199.662.645
586414,1,4,76,95,2,,,,,,,,1,2,,1,,,98,,,,2,2,2,,2,76,101.417.199.662.645
586415,1,1,76,95,2,,,,,,,,2,,,,,,,,,,,,,,,76,787.703.256.164.889
586415,1,2,76,95,2,,,,,,,,2,,,,,,,,,,,,,,,76,787.703.256.164.889
586416,1,1,76,95,1,,2,2,400000,,,1,1,2,,2,400000,,,,,,2,2,1,,2,76,465.302.916.457.006
586416,1,2,76,95,2,,,,,,,,2,,,,,,,,,,,,,,,76,465.302.916.457.006
586416,1,3,76,95,2,,,,,,,,2,,,,,,,,,,,,,,,76,465.302.916.457.006
586416,1,4,76,95,1,,2,1,,400000,,2,2,,,,,,,,,,,,,,,76,465.302.916.457.006
586418,1,1,76,95,2,,,,,,,,1,2,,1,,,250000,,,,2,2,2,,2,76,688.586.961.500.226
586418,1,2,76,95,2,,,,,,,,1,2,,2,600000,,,,,,2,2,1,,2,76,688.586.961.500.226
586418,1,3,76,95,2,,,,,,,,2,,,,,,,,,,,,,,,76,688.586.961.500.226
586419,1,1,76,95,1,,1,2,,,200000,2,1,2,,2,,,,,,98,2,1,2,,2,76,154.948.080.537.843
586419,1,2,76,95,2,,,,,,,,2,,,,,,,,,,,,,,,76,154.948.080.537.843
586419,1,3,76,95,2,,,,,,,,2,,,,,,,,,,,,,,,76,154.948.080.537.843
586419,2,1,76,95,2,,,,,,,,1,2,,1,,,20000,,,,2,2,2,,2,76,154.948.080.537.843
586419,3,1,76,95,2,,,,,,,,2,,,,,,,,,,,,,,,76,154.948.080.537.843
586419,3,2,76,95,2,,,,,,,,1,2,,2,,,,,,4000000,2,1,2,,2,76,154.948.080.537.843
586420,1,1,76,95,2,,,,,,,,2,,,,,,,,,,,,,,,76,143.689.367.070.788
586420,1,2,76,95,2,,,,,,,,2,,,,,,,,,,,,,,,76,143.689.367.070.788
586420,1,3,76,95,2,,,,,,,,2,,,,,,,,,,,,,,,76,143.689.367.070.788
586420,1,5,76,95,2,,,,,,,,2,,,,,,,,,,,,,,,76,143.689.367.070.788
586421,1,1,76,95,2,,,,,,,,2,,,,,,,,,,,,,,,76,649.434.767.907.368
586421,1,2,76,95,2,,,,,,,,1,2,,1,,,98,,,,2,2,2,,2,76,649.434.767.907.368
586421,1,3,76,95,2,,,,,,,,2,,,,,,,,,,,,,,,76,649.434.767.907.368
586421,1,6,76,95,2,,,,,,,,2,,,,,,,,,,,,,,,76,649.434.767.907.368
586422,1,1,76,95,1,,1,1,,404000,100000,2,2,,,,,,,,,,,,,,,76,615.956.571.622.015
586423,1,1,76,95,2,,,,,,,,1,2,,2,,,,,,7200000,2,1,2,,2,76,85.578.634.641.654
586423,1,2,76,95,2,,,,,,,,1,2,,2,12000000,,,,,,2,2,1,,2,76,85.578.634.641.654
586424,1,1,76,95,2,,,,,,,,2,,,,,,,,,,,,,,,76,722.633.127.988.511
586425,1,1,76,95,2,,,,,,,,2,,,,,,,,,,,,,,,76,680.856.785.642.598
586425,1,2,76,95,2,,,,,,,,2,,,,,,,,,,,,,,,76,680.856.785.642.598
586425,1,3,76,95,2,,,,,,,,2,,,,,,,,,,,,,,,76,680.856.785.642.598
586426,1,1,76,95,1,,1,2,,,98,2,2,,,,,,,,,,,,,,,76,567.185.434.562.589
586426,1,2,76,95,2,,,,,,,,2,,,,,,,,,,,,,,,76,567.185.434.562.589
586426,1,3,76,95,2,,,,,,,,1,2,,1,,,300000,,,,2,2,2,,2,76,567.185.434.562.589
586427,1,1,76,95,2,,,,,,,,2,,,,,,,,,,,,,,,76,102.376.662.216.986
586427,1,2,76,95,2,,,,,,,,2,,,,,,,,,,,,,,,76,102.376.662.216.986
586428,1,1,76,95,2,,,,,,,,2,,,,,,,,,,,,,,,76,695.978.321.068.142
586428,1,2,76,95,2,,,,,,,,2,,,,,,,,,,,,,,,76,695.978.321.068.142
586428,1,3,76,95,2,,,,,,,,2,,,,,,,,,,,,,,,76,695.978.321.068.142
586428,1,4,76,95,2,,,,,,,,2,,,,,,,,,,,,,,,76,695.978.321.068.142
586429,1,1,76,95,2,,,,,,,,1,2,,2,,,,2500000,,,1,2,2,,2,76,623.094.453.045.273
586430,1,1,76,95,2,,,,,,,,2,,,,,,,,,,,,,,,76,778.618.096.433.689
586430,1,2,76,95,2,,,,,,,,1,2,,2,,,,,,70000,2,1,2,,2,76,778.618.096.433.689
586430,1,3,76,95,2,,,,,,,,2,,,,,,,,,,,,,,,76,778.618.096.433.689
586430,1,5,76,95,2,,,,,,,,1,2,,2,,,,,,98,2,1,2,,2,76,778.618.096.433.689
586431,1,1,76,95,2,,,,,,,,2,,,,,,,,,,,,,,,76,658.993.316.971.526
586431,1,2,76,95,2,,,,,,,,2,,,,,,,,,,,,,,,76,658.993.316.971.526
586431,1,3,76,95,2,,,,,,,,2,,,,,,,,,,,,,,,76,658.993.316.971.526
586432,1,1,76,95,2,,,,,,,,1,2,,1,,,98,,,,2,2,2,,2,76,833.645.272.166.375
586432,1,2,76,95,2,,,,,,,,2,,,,,,,,,,,,,,,76,833.645.272.166.375
586432,1,5,76,95,2,,,,,,,,2,,,,,,,,,,,,,,,76,833.645.272.166.375
586432,2,1,76,95,2,,,,,,,,2,,,,,,,,,,,,,,,76,833.645.272.166.375
586432,2,2,76,95,2,,,,,,,,2,,,,,,,,,,,,,,,76,833.645.272.166.375
586432,2,3,76,95,2,,,,,,,,2,,,,,,,,,,,,,,,76,833.645.272.166.375
586433,1,1,76,95,2,,,,,,,,2,,,,,,,,,,,,,,,76,667.724.294.854.461
586433,1,2,76,95,2,,,,,,,,2,,,,,,,,,,,,,,,76,667.724.294.854.461
586433,1,3,76,95,2,,,,,,,,2,,,,,,,,,,,,,,,76,667.724.294.854.461
586433,1,4,76,95,2,,,,,,,,2,,,,,,,,,,,,,,,76,667.724.294.854.461
586434,1,1,76,95,2,,,,,,,,2,,,,,,,,,,,,,,,76,669.671.573.162.404
586434,1,2,76,95,2,,,,,,,,2,,,,,,,,,,,,,,,76,669.671.573.162.404
586435,1,1,76,95,2,,,,,,,,2,,,,,,,,,,,,,,,76,688.586.961.500.226
586435,1,2,76,95,2,,,,,,,,2,,,,,,,,,,,,,,,76,688.586.961.500.226
586435,1,3,76,95,2,,,,,,,,2,,,,,,,,,,,,,,,76,688.586.961.500.226
586439,1,1,76,95,2,,,,,,,,1,2,,2,120000,,,,,,2,2,1,,2,76,681.110.263.787.255
586439,1,2,76,95,2,,,,,,,,2,,,,,,,,,,,,,,,76,681.110.263.787.255
586439,1,3,76,95,2,,,,,,,,1,2,,2,,,,,,1200000,2,1,2,,2,76,681.110.263.787.255
586439,1,4,76,95,2,,,,,,,,2,,,,,,,,,,,,,,,76,681.110.263.787.255
586440,1,1,76,95,1,,2,1,,300000,,2,2,,,,,,,,,,,,,,,76,627.284.870.811.953
586440,1,2,76,95,2,,,,,,,,2,,,,,,,,,,,,,,,76,627.284.870.811.953
586441,1,1,76,95,2,,,,,,,,1,2,,2,,,,1500000,,1400000,1,1,2,,2,76,76.224.228.083.818
586442,1,1,76,95,2,,,,,,,,1,2,,2,500000,,,,,,2,2,1,,2,76,669.671.573.162.404
586442,1,2,76,95,2,,,,,,,,2,,,,,,,,,,,,,,,76,669.671.573.162.404
586443,1,1,76,95,2,,,,,,,,2,,,,,,,,,,,,,,,76,164.562.929.747.582
586443,1,2,76,95,2,,,,,,,,2,,,,,,,,,,,,,,,76,164.562.929.747.582
586443,1,3,76,95,2,,,,,,,,2,,,,,,,,,,,,,,,76,164.562.929.747.582
586443,1,4,76,95,2,,,,,,,,2,,,,,,,,,,,,,,,76,164.562.929.747.582
586443,1,5,76,95,2,,,,,,,,2,,,,,,,,,,,,,,,76,164.562.929.747.582
586443,1,6,76,95,2,,,,,,,,2,,,,,,,,,,,,,,,76,164.562.929.747.582
586443,1,7,76,95,2,,,,,,,,2,,,,,,,,,,,,,,,76,164.562.929.747.582
586443,1,8,76,95,2,,,,,,,,2,,,,,,,,,,,,,,,76,164.562.929.747.582
586444,1,1,76,95,2,,,,,,,,2,,,,,,,,,,,,,,,76,169.176.897.579.461
586444,1,2,76,95,2,,,,,,,,2,,,,,,,,,,,,,,,76,169.176.897.579.461
586444,1,3,76,95,2,,,,,,,,2,,,,,,,,,,,,,,,76,169.176.897.579.461
586445,1,1,76,95,1,,1,2,,,200000,2,2,,,,,,,,,,,,,,,76,155.054.495.117.361
586446,1,1,76,95,2,,,,,,,,2,,,,,,,,,,,,,,,76,788.549.028.743.918
586446,1,2,76,95,2,,,,,,,,2,,,,,,,,,,,,,,,76,788.549.028.743.918
586446,1,3,76,95,2,,,,,,,,2,,,,,,,,,,,,,,,76,788.549.028.743.918
586448,1,1,76,95,1,,1,2,,,175000,2,2,,,,,,,,,,,,,,,76,615.956.571.622.015
586449,1,1,76,95,2,,,,,,,,1,2,,2,,,,,,98,2,1,2,,2,76,715.638.333.274.997
586451,1,1,76,95,2,,,,,,,,1,2,,2,1000000,,,,,,2,2,1,,2,76,780.565.374.741.632
586451,1,2,76,95,2,,,,,,,,2,,,,,,,,,,,,,,,76,780.565.374.741.632
586452,1,1,76,95,1,,1,2,,,450000,2,2,,,,,,,,,,,,,,,76,780.565.374.741.632
586452,1,2,76,95,2,,,,,,,,1,2,,1,,,60000,,,,2,2,2,,2,76,780.565.374.741.632
586453,1,1,76,95,2,,,,,,,,2,,,,,,,,,,,,,,,76,669.671.573.162.404
586453,1,2,76,95,2,,,,,,,,1,2,,2,,,,,,6000000,2,1,2,,2,76,669.671.573.162.404
586455,1,1,76,95,2,,,,,,,,2,,,,,,,,,,,,,,,76,627.284.870.811.953
586455,1,2,76,95,2,,,,,,,,1,2,,2,98,,,,,1500000,2,1,1,,2,76,627.284.870.811.953
586456,1,1,76,95,2,,,,,,,,1,2,,2,,,,500000,,,1,2,2,,2,76,780.565.374.741.632
586456,1,2,76,95,2,,,,,,,,2,,,,,,,,,,,,,,,76,780.565.374.741.632
586457,1,1,76,95,2,,,,,,,,1,2,,2,,,,,,4600000,2,1,2,,2,76,772.572.478.014.427
586457,1,2,76,95,2,,,,,,,,2,,,,,,,,,,,,,,,76,772.572.478.014.427
586457,1,3,76,95,2,,,,,,,,2,,,,,,,,,,,,,,,76,772.572.478.014.427
586457,1,4,76,95,2,,,,,,,,2,,,,,,,,,,,,,,,76,772.572.478.014.427
586457,1,6,76,95,2,,,,,,,,2,,,,,,,,,,,,,,,76,772.572.478.014.427
586458,1,1,76,95,2,,,,,,,,2,,,,,,,,,,,,,,,76,157.540.651.232.978
586458,1,2,76,95,2,,,,,,,,2,,,,,,,,,,,,,,,76,157.540.651.232.978
586459,1,1,76,95,2,,,,,,,,2,,,,,,,,,,,,,,,76,169.228.491.841.465
586459,1,2,76,95,2,,,,,,,,2,,,,,,,,,,,,,,,76,169.228.491.841.465
586459,1,3,76,95,2,,,,,,,,2,,,,,,,,,,,,,,,76,169.228.491.841.465
586459,2,1,76,95,2,,,,,,,,1,2,,2,,,,,,98,2,1,2,,2,76,169.228.491.841.465
586459,3,1,76,95,2,,,,,,,,2,,,,,,,,,,,,,,,76,169.228.491.841.465
586460,1,1,76,95,2,,,,,,,,1,2,,2,,,,,,3600000,2,1,2,,2,76,139.688.373.582.049
586460,1,2,76,95,2,,,,,,,,2,,,,,,,,,,,,,,,76,139.688.373.582.049
586460,1,3,76,95,2,,,,,,,,2,,,,,,,,,,,,,,,76,139.688.373.582.049
586461,1,1,76,95,2,,,,,,,,2,,,,,,,,,,,,,,,76,142.032.990.662.956
586461,1,2,76,95,2,,,,,,,,2,,,,,,,,,,,,,,,76,142.032.990.662.956
586462,1,1,76,95,2,,,,,,,,2,,,,,,,,,,,,,,,76,198.091.264.438.449
586462,1,6,76,95,2,,,,,,,,2,,,,,,,,,,,,,,,76,198.091.264.438.449
586462,1,7,76,95,2,,,,,,,,2,,,,,,,,,,,,,,,76,198.091.264.438.449
586462,1,8,76,95,2,,,,,,,,2,,,,,,,,,,,,,,,76,198.091.264.438.449
586464,1,1,76,95,2,,,,,,,,1,2,,1,,,79000,,,,2,2,2,,2,76,721.778.112.684.564
586464,1,2,76,95,2,,,,,,,,2,,,,,,,,,,,,,,,76,721.778.112.684.564
586464,1,3,76,95,2,,,,,,,,2,,,,,,,,,,,,,,,76,721.778.112.684.564
586464,1,4,76,95,2,,,,,,,,2,,,,,,,,,,,,,,,76,721.778.112.684.564
586465,1,1,76,95,2,,,,,,,,1,2,,2,,,,,,98,2,1,2,,2,76,615.956.571.622.015
586466,1,1,76,95,2,,,,,,,,1,2,,2,,,,,,98,2,1,2,,2,76,581.571.588.844.017
586466,1,2,76,95,2,,,,,,,,2,,,,,,,,,,,,,,,76,581.571.588.844.017
586466,2,1,76,95,2,,,,,,,,2,,,,,,,,,,,,,,,76,581.571.588.844.017
586466,2,2,76,95,2,,,,,,,,2,,,,,,,,,,,,,,,76,581.571.588.844.017
586467,1,1,76,95,2,,,,,,,,1,2,,1,,,680000,,,400000,2,1,2,,2,76,781.072.331.030.946
586467,1,2,76,95,2,,,,,,,,2,,,,,,,,,,,,,,,76,781.072.331.030.946
586467,1,3,76,95,2,,,,,,,,2,,,,,,,,,,,,,,,76,781.072.331.030.946
586467,1,5,76,95,2,,,,,,,,2,,,,,,,,,,,,,,,76,781.072.331.030.946
586468,1,1,76,95,2,,,,,,,,1,2,,2,,,,,,2000000,2,1,2,,2,76,581.910.405.133.731
586468,1,2,76,95,2,,,,,,,,2,,,,,,,,,,,,,,,76,581.910.405.133.731
586468,1,3,76,95,2,,,,,,,,2,,,,,,,,,,,,,,,76,581.910.405.133.731
586469,1,1,76,95,2,,,,,,,,2,,,,,,,,,,,,,,,76,669.671.573.162.404
586469,1,2,76,95,2,,,,,,,,2,,,,,,,,,,,,,,,76,669.671.573.162.404
586472,1,1,76,95,1,,2,1,,460000,,2,1,2,,2,300000,,,,,,2,2,1,,2,76,595.439.460.776.269
586472,1,2,76,95,2,,,,,,,,2,,,,,,,,,,,,,,,76,595.439.460.776.269
586472,1,3,76,95,2,,,,,,,,1,2,,2,8400000,,,,,,2,2,1,,2,76,595.439.460.776.269
586473,1,1,76,95,2,,,,,,,,2,,,,,,,,,,,,,,,76,647.317.575.443.628
586473,1,2,76,95,2,,,,,,,,2,,,,,,,,,,,,,,,76,647.317.575.443.628
586473,1,3,76,95,2,,,,,,,,2,,,,,,,,,,,,,,,76,647.317.575.443.628
586473,1,4,76,95,2,,,,,,,,2,,,,,,,,,,,,,,,76,647.317.575.443.628
586473,1,5,76,95,2,,,,,,,,2,,,,,,,,,,,,,,,76,647.317.575.443.628
586473,1,6,76,95,2,,,,,,,,2,,,,,,,,,,,,,,,76,647.317.575.443.628
586473,1,7,76,95,2,,,,,,,,2,,,,,,,,,,,,,,,76,647.317.575.443.628
586474,1,1,76,95,2,,,,,,,,2,,,,,,,,,,,,,,,76,725.995.357.897.296
586474,1,2,76,95,2,,,,,,,,2,,,,,,,,,,,,,,,76,725.995.357.897.296
586474,1,3,76,95,2,,,,,,,,2,,,,,,,,,,,,,,,76,725.995.357.897.296
586474,1,5,76,95,2,,,,,,,,2,,,,,,,,,,,,,,,76,725.995.357.897.296
586476,1,1,76,95,2,,,,,,,,2,,,,,,,,,,,,,,,76,133.985.010.261.412
586476,1,2,76,95,2,,,,,,,,2,,,,,,,,,,,,,,,76,133.985.010.261.412
586476,1,3,76,95,2,,,,,,,,2,,,,,,,,,,,,,,,76,133.985.010.261.412
586477,1,1,76,95,2,,,,,,,,2,,,,,,,,,,,,,,,76,117.101.705.693.208
586477,1,2,76,95,2,,,,,,,,2,,,,,,,,,,,,,,,76,117.101.705.693.208
586477,1,3,76,95,2,,,,,,,,2,,,,,,,,,,,,,,,76,117.101.705.693.208
586477,1,4,76,95,2,,,,,,,,2,,,,,,,,,,,,,,,76,117.101.705.693.208
586478,1,1,76,95,2,,,,,,,,1,2,,2,1200000,,,,,600000,2,1,1,300000,1,76,657.826.929.500.589
586478,1,2,76,95,1,,2,1,,1600000,,2,2,,,,,,,,,,,,,,,76,657.826.929.500.589
586478,1,3,76,95,2,,,,,,,,1,2,,2,,,,,,600000,2,1,2,,2,76,657.826.929.500.589
586478,1,4,76,95,2,,,,,,,,1,2,,2,,,,,,1200000,2,1,2,,2,76,657.826.929.500.589
586478,1,5,76,95,2,,,,,,,,2,,,,,,,,,,,,,,,76,657.826.929.500.589
586478,1,6,76,95,2,,,,,,,,2,,,,,,,,,,,,,,,76,657.826.929.500.589
586479,1,1,76,95,1,,2,1,,550000,,2,2,,,,,,,,,,,,,,,76,645.607.964.715.404
586479,1,2,76,95,1,,2,1,,1500000,,2,2,,,,,,,,,,,,,,,76,645.607.964.715.404
586479,1,3,76,95,2,,,,,,,,2,,,,,,,,,,,,,,,76,645.607.964.715.404
586480,1,1,76,95,2,,,,,,,,2,,,,,,,,,,,,,,,76,750.117.331.585.656
586480,1,2,76,95,2,,,,,,,,2,,,,,,,,,,,,,,,76,750.117.331.585.656
586480,1,3,76,95,2,,,,,,,,2,,,,,,,,,,,,,,,76,750.117.331.585.656
586480,1,4,76,95,2,,,,,,,,2,,,,,,,,,,,,,,,76,750.117.331.585.656
586480,1,6,76,95,1,,1,2,,,80000,2,2,,,,,,,,,,,,,,,76,750.117.331.585.656
586481,1,1,76,95,1,,1,2,,,400000,2,2,,,,,,,,,,,,,,,76,143.071.695.756.795
586481,1,2,76,95,2,,,,,,,,2,,,,,,,,,,,,,,,76,143.071.695.756.795
586481,1,3,76,95,2,,,,,,,,2,,,,,,,,,,,,,,,76,143.071.695.756.795
586483,1,1,76,95,2,,,,,,,,2,,,,,,,,,,,,,,,76,664.184.536.763.512
586483,1,2,76,95,2,,,,,,,,2,,,,,,,,,,,,,,,76,664.184.536.763.512
586483,1,3,76,95,2,,,,,,,,2,,,,,,,,,,,,,,,76,664.184.536.763.512
586483,1,4,76,95,2,,,,,,,,2,,,,,,,,,,,,,,,76,664.184.536.763.512
586483,1,5,76,95,2,,,,,,,,2,,,,,,,,,,,,,,,76,664.184.536.763.512
586484,1,1,76,95,2,,,,,,,,2,,,,,,,,,,,,,,,76,685.217.117.565.074
586484,1,2,76,95,1,,1,2,,,250000,2,2,,,,,,,,,,,,,,,76,685.217.117.565.074
586484,1,3,76,95,2,,,,,,,,2,,,,,,,,,,,,,,,76,685.217.117.565.074
586485,1,1,76,95,1,,1,2,,,180000,2,2,,,,,,,,,,,,,,,76,593.492.182.468.326
586485,1,2,76,95,2,,,,,,,,1,2,,2,,,,,,6000000,2,1,2,,2,76,593.492.182.468.326
586485,1,3,76,95,2,,,,,,,,2,,,,,,,,,,,,,,,76,593.492.182.468.326
586485,2,1,76,95,2,,,,,,,,2,,,,,,,,,,,,,,,76,593.492.182.468.326
586485,2,2,76,95,2,,,,,,,,2,,,,,,,,,,,,,,,76,593.492.182.468.326
586486,1,1,76,95,2,,,,,,,,2,,,,,,,,,,,,,,,76,555.857.135.372.651
586486,1,2,76,95,2,,,,,,,,2,,,,,,,,,,,,,,,76,555.857.135.372.651
586487,1,1,76,95,2,,,,,,,,2,,,,,,,,,,,,,,,76,688.586.961.500.226
586487,1,2,76,95,2,,,,,,,,2,,,,,,,,,,,,,,,76,688.586.961.500.226
586487,1,3,76,95,2,,,,,,,,2,,,,,,,,,,,,,,,76,688.586.961.500.226
586488,1,1,76,95,1,,2,1,,1900000,,2,2,,,,,,,,,,,,,,,76,508.483.365.192.934
586488,1,2,76,95,2,,,,,,,,2,,,,,,,,,,,,,,,76,508.483.365.192.934
586488,1,3,76,95,2,,,,,,,,2,,,,,,,,,,,,,,,76,508.483.365.192.934
586488,1,4,76,95,2,,,,,,,,2,,,,,,,,,,,,,,,76,508.483.365.192.934
586488,1,5,76,95,2,,,,,,,,2,,,,,,,,,,,,,,,76,508.483.365.192.934
586488,1,6,76,95,2,,,,,,,,2,,,,,,,,,,,,,,,76,508.483.365.192.934
586489,1,1,76,95,1,,2,1,,500000,,2,2,,,,,,,,,,,,,,,76,676.809.454.585.662
586489,1,2,76,95,2,,,,,,,,1,2,,2,,,,,,3000000,2,1,2,,2,76,676.809.454.585.662
586490,1,1,76,95,2,,,,,,,,2,,,,,,,,,,,,,,,76,62.753.834.895.661
586490,1,2,76,95,1,,1,1,,1300000,250000,2,2,,,,,,,,,,,,,,,76,62.753.834.895.661
586490,1,3,76,95,2,,,,,,,,2,,,,,,,,,,,,,,,76,62.753.834.895.661
586491,1,1,76,95,2,,,,,,,,2,,,,,,,,,,,,,,,76,512.133.514.718.795
586491,1,2,76,95,2,,,,,,,,2,,,,,,,,,,,,,,,76,512.133.514.718.795
586491,1,3,76,95,2,,,,,,,,2,,,,,,,,,,,,,,,76,512.133.514.718.795
586491,1,4,76,95,2,,,,,,,,2,,,,,,,,,,,,,,,76,512.133.514.718.795
586491,1,5,76,95,2,,,,,,,,2,,,,,,,,,,,,,,,76,512.133.514.718.795
586491,1,6,76,95,1,,2,1,,400000,,2,2,,,,,,,,,,,,,,,76,512.133.514.718.795
586492,1,1,76,95,2,,,,,,,,2,,,,,,,,,,,,,,,76,615.956.571.622.015
586493,1,1,76,95,2,,,,,,,,2,,,,,,,,,,,,,,,76,780.818.852.886.289
586493,1,2,76,95,2,,,,,,,,2,,,,,,,,,,,,,,,76,780.818.852.886.289
586493,1,3,76,95,2,,,,,,,,2,,,,,,,,,,,,,,,76,780.818.852.886.289
586494,1,1,76,95,2,,,,,,,,1,2,,2,,,,,,200000,2,1,2,,2,76,582.917.329.992.671
586494,2,1,76,95,2,,,,,,,,2,,,,,,,,,,,,,,,76,582.917.329.992.671
586494,2,2,76,95,2,,,,,,,,2,,,,,,,,,,,,,,,76,582.917.329.992.671
586494,2,3,76,95,2,,,,,,,,2,,,,,,,,,,,,,,,76,582.917.329.992.671
586494,3,1,76,95,2,,,,,,,,2,,,,,,,,,,,,,,,76,582.917.329.992.671
586494,3,2,76,95,2,,,,,,,,2,,,,,,,,,,,,,,,76,582.917.329.992.671
586495,1,1,76,95,2,,,,,,,,1,2,,2,4000000,,,,,,2,2,1,,2,76,652.602.759.428.917
586495,1,2,76,95,2,,,,,,,,2,,,,,,,,,,,,,,,76,652.602.759.428.917
586495,1,3,76,95,2,,,,,,,,1,2,,2,98,,,,,,2,2,1,,2,76,652.602.759.428.917
586496,1,1,76,95,2,,,,,,,,1,2,,2,,,,,,4800000,2,1,2,,2,76,662.533.691.739.146
586496,1,2,76,95,2,,,,,,,,2,,,,,,,,,,,,,,,76,662.533.691.739.146
586497,1,1,76,95,1,,2,1,,1180000,,2,2,,,,,,,,,,,,,,,76,715.638.333.274.997
586498,1,1,76,95,2,,,,,,,,2,,,,,,,,,,,,,,,76,645.607.964.715.404
586498,1,2,76,95,2,,,,,,,,1,2,,2,,,,5000000,,,1,2,2,,2,76,645.607.964.715.404
586498,1,3,76,95,2,,,,,,,,2,,,,,,,,,,,,,,,76,645.607.964.715.404
586499,1,1,76,95,2,,,,,,,,2,,,,,,,,,,,,,,,76,727.266.822.745.719
586499,1,2,76,95,2,,,,,,,,2,,,,,,,,,,,,,,,76,727.266.822.745.719
586499,1,3,76,95,2,,,,,,,,2,,,,,,,,,,,,,,,76,727.266.822.745.719
586499,1,4,76,95,2,,,,,,,,2,,,,,,,,,,,,,,,76,727.266.822.745.719
586499,1,5,76,95,2,,,,,,,,2,,,,,,,,,,,,,,,76,727.266.822.745.719
586500,1,1,76,95,2,,,,,,,,2,,,,,,,,,,,,,,,76,685.890.772.742.618
586500,1,2,76,95,2,,,,,,,,2,,,,,,,,,,,,,,,76,685.890.772.742.618
586500,1,4,76,95,2,,,,,,,,2,,,,,,,,,,,,,,,76,685.890.772.742.618
586501,1,1,76,95,2,,,,,,,,1,2,,2,,,,,,2000000,2,1,2,,2,76,744.736.885.925.453
586501,1,2,76,95,2,,,,,,,,2,,,,,,,,,,,,,,,76,744.736.885.925.453
586502,1,1,76,95,2,,,,,,,,2,,,,,,,,,,,,,,,76,586.288.802.626.375
586502,1,2,76,95,2,,,,,,,,2,,,,,,,,,,,,,,,76,586.288.802.626.375
586502,1,3,76,95,2,,,,,,,,2,,,,,,,,,,,,,,,76,586.288.802.626.375
586502,1,4,76,95,2,,,,,,,,2,,,,,,,,,,,,,,,76,586.288.802.626.375
586502,1,7,76,95,2,,,,,,,,2,,,,,,,,,,,,,,,76,586.288.802.626.375
586503,1,1,76,95,2,,,,,,,,1,2,,2,5000000,,,,,,2,2,1,,2,76,634.279.665.525.466
586503,1,2,76,95,2,,,,,,,,2,,,,,,,,,,,,,,,76,634.279.665.525.466
586504,1,1,76,95,1,,2,1,,550000,,2,1,2,,2,300000,,,,,,2,2,1,,2,76,615.956.571.622.015
586506,1,1,76,95,1,,1,2,,,200000,2,2,,,,,,,,,,,,,,,76,681.592.166.786.713
586506,1,2,76,95,2,,,,,,,,2,,,,,,,,,,,,,,,76,681.592.166.786.713
586506,1,3,76,95,2,,,,,,,,1,2,,2,3000000,,,,,200000,2,1,1,,2,76,681.592.166.786.713
586507,1,1,76,95,2,,,,,,,,2,,,,,,,,,,,,,,,76,651.601.957.403.611
586507,1,3,76,95,2,,,,,,,,2,,,,,,,,,,,,,,,76,651.601.957.403.611
586508,1,1,76,95,2,,,,,,,,2,,,,,,,,,,,,,,,76,695.724.842.923.484
586508,1,2,76,95,2,,,,,,,,2,,,,,,,,,,,,,,,76,695.724.842.923.484
586508,1,3,76,95,2,,,,,,,,2,,,,,,,,,,,,,,,76,695.724.842.923.484
586509,1,1,76,95,1,,1,1,,1150000,400000,2,2,,,,,,,,,,,,,,,76,545.383.031.144.493
586509,1,2,76,95,2,,,,,,,,2,,,,,,,,,,,,,,,76,545.383.031.144.493
586509,1,3,76,95,2,,,,,,,,2,,,,,,,,,,,,,,,76,545.383.031.144.493
586509,1,4,76,95,2,,,,,,,,2,,,,,,,,,,,,,,,76,545.383.031.144.493
586509,2,1,76,95,2,,,,,,,,2,,,,,,,,,,,,,,,76,545.383.031.144.493
586509,2,2,76,95,2,,,,,,,,2,,,,,,,,,,,,,,,76,545.383.031.144.493
586509,2,3,76,95,2,,,,,,,,2,,,,,,,,,,,,,,,76,545.383.031.144.493
586509,2,4,76,95,2,,,,,,,,2,,,,,,,,,,,,,,,76,545.383.031.144.493
586509,3,1,76,95,2,,,,,,,,2,,,,,,,,,,,,,,,76,545.383.031.144.493
586510,1,1,76,95,2,,,,,,,,2,,,,,,,,,,,,,,,76,704.563.512.229.717
586511,1,1,76,95,2,,,,,,,,2,,,,,,,,,,,,,,,76,721.778.112.684.564
586511,1,2,76,95,2,,,,,,,,2,,,,,,,,,,,,,,,76,721.778.112.684.564
586511,1,3,76,95,2,,,,,,,,2,,,,,,,,,,,,,,,76,721.778.112.684.564
586511,1,4,76,95,2,,,,,,,,2,,,,,,,,,,,,,,,76,721.778.112.684.564
586512,1,1,76,95,2,,,,,,,,2,,,,,,,,,,,,,,,76,662.676.778.448.891
586512,1,2,76,95,2,,,,,,,,1,2,,2,,,,,,1440000,2,1,2,,2,76,662.676.778.448.891
586513,1,1,76,95,2,,,,,,,,2,,,,,,,,,,,,,,,76,695.724.842.923.484
586513,1,2,76,95,2,,,,,,,,2,,,,,,,,,,,,,,,76,695.724.842.923.484
586513,1,3,76,95,2,,,,,,,,2,,,,,,,,,,,,,,,76,695.724.842.923.484
586514,1,1,76,95,2,,,,,,,,2,,,,,,,,,,,,,,,76,753.717.538.252.909
586514,1,2,76,95,2,,,,,,,,2,,,,,,,,,,,,,,,76,753.717.538.252.909
586514,1,3,76,95,2,,,,,,,,2,,,,,,,,,,,,,,,76,753.717.538.252.909
586514,1,4,76,95,2,,,,,,,,2,,,,,,,,,,,,,,,76,753.717.538.252.909
586514,2,1,76,95,2,,,,,,,,2,,,,,,,,,,,,,,,76,753.717.538.252.909
586514,2,2,76,95,2,,,,,,,,2,,,,,,,,,,,,,,,76,753.717.538.252.909
586514,2,3,76,95,2,,,,,,,,2,,,,,,,,,,,,,,,76,753.717.538.252.909
586514,2,4,76,95,2,,,,,,,,2,,,,,,,,,,,,,,,76,753.717.538.252.909
586514,2,5,76,95,2,,,,,,,,2,,,,,,,,,,,,,,,76,753.717.538.252.909
586514,2,8,76,95,2,,,,,,,,2,,,,,,,,,,,,,,,76,753.717.538.252.909
586515,1,1,76,95,2,,,,,,,,2,,,,,,,,,,,,,,,76,740.693.501.022.386
586515,1,2,76,95,2,,,,,,,,2,,,,,,,,,,,,,,,76,740.693.501.022.386
586515,1,3,76,95,2,,,,,,,,2,,,,,,,,,,,,,,,76,740.693.501.022.386
586515,1,4,76,95,2,,,,,,,,2,,,,,,,,,,,,,,,76,740.693.501.022.386
586515,1,5,76,95,2,,,,,,,,2,,,,,,,,,,,,,,,76,740.693.501.022.386
586516,1,1,76,95,1,,1,2,,,95000,2,2,,,,,,,,,,,,,,,76,366.024.459.168.732
586516,1,2,76,95,2,,,,,,,,2,,,,,,,,,,,,,,,76,366.024.459.168.732
586516,1,4,76,95,2,,,,,,,,2,,,,,,,,,,,,,,,76,366.024.459.168.732
586516,1,5,76,95,2,,,,,,,,1,2,,2,,,,,,100000,2,1,2,,2,76,366.024.459.168.732
586516,2,1,76,95,2,,,,,,,,2,,,,,,,,,,,,,,,76,366.024.459.168.732
586516,2,2,76,95,2,,,,,,,,2,,,,,,,,,,,,,,,76,366.024.459.168.732
586516,2,3,76,95,2,,,,,,,,2,,,,,,,,,,,,,,,76,366.024.459.168.732
586517,1,1,76,95,1,,1,1,,370000,350000,2,2,,,,,,,,,,,,,,,76,611.729.938.226.721
586517,1,2,76,95,2,,,,,,,,2,,,,,,,,,,,,,,,76,611.729.938.226.721
586517,1,3,76,95,2,,,,,,,,2,,,,,,,,,,,,,,,76,611.729.938.226.721
586517,1,4,76,95,2,,,,,,,,2,,,,,,,,,,,,,,,76,611.729.938.226.721
586517,1,5,76,95,2,,,,,,,,2,,,,,,,,,,,,,,,76,611.729.938.226.721
586517,2,1,76,95,2,,,,,,,,2,,,,,,,,,,,,,,,76,611.729.938.226.721
586517,2,2,76,95,2,,,,,,,,2,,,,,,,,,,,,,,,76,611.729.938.226.721
586517,2,3,76,95,2,,,,,,,,2,,,,,,,,,,,,,,,76,611.729.938.226.721
586518,1,1,76,95,1,,1,1,,1000000,230000,2,2,,,,,,,,,,,,,,,76,527.603.109.158.971
586518,1,2,76,95,1,,2,1,,380000,,2,2,,,,,,,,,,,,,,,76,527.603.109.158.971
586519,1,1,76,95,2,,,,,,,,1,2,,2,,,,,,24000000,2,1,2,,2,76,954.419.781.323.185
586519,1,2,76,95,2,,,,,,,,1,2,,2,1000000,,,,,,2,2,1,,2,76,954.419.781.323.185
586519,1,3,76,95,2,,,,,,,,2,,,,,,,,,,,,,,,76,954.419.781.323.185
586519,1,5,76,95,2,,,,,,,,2,,,,,,,,,,,,,,,76,954.419.781.323.185
586519,1,6,76,95,2,,,,,,,,2,,,,,,,,,,,,,,,76,954.419.781.323.185
586519,1,7,76,95,2,,,,,,,,2,,,,,,,,,,,,,,,76,954.419.781.323.185
586521,1,1,76,95,2,,,,,,,,2,,,,,,,,,,,,,,,76,752.009.753.084.675
586521,1,2,76,95,2,,,,,,,,2,,,,,,,,,,,,,,,76,752.009.753.084.675
586523,1,1,76,95,1,,1,1,,505615,370000,2,2,,,,,,,,,,,,,,,76,771.031.007.285.804
586523,1,2,76,95,2,,,,,,,,2,,,,,,,,,,,,,,,76,771.031.007.285.804
586523,1,3,76,95,2,,,,,,,,2,,,,,,,,,,,,,,,76,771.031.007.285.804
586523,1,4,76,95,2,,,,,,,,2,,,,,,,,,,,,,,,76,771.031.007.285.804
586524,1,1,76,95,2,,,,,,,,1,2,,2,12000000,,,,,,2,2,1,,2,76,705.070.468.519.032
586524,1,2,76,95,2,,,,,,,,2,,,,,,,,,,,,,,,76,705.070.468.519.032
586524,1,3,76,95,2,,,,,,,,2,,,,,,,,,,,,,,,76,705.070.468.519.032
586525,1,1,76,95,1,,1,2,,,250000,2,2,,,,,,,,,,,,,,,76,695.724.842.923.484
586525,1,2,76,95,1,,1,2,,,250000,2,2,,,,,,,,,,,,,,,76,695.724.842.923.484
586525,1,3,76,95,2,,,,,,,,2,,,,,,,,,,,,,,,76,695.724.842.923.484
586526,1,1,76,95,1,,2,1,,385000,,2,2,,,,,,,,,,,,,,,76,621.180.741.693.687
586526,1,2,76,95,2,,,,,,,,2,,,,,,,,,,,,,,,76,621.180.741.693.687
586526,1,5,76,95,2,,,,,,,,1,2,,2,3600000,,,,,,2,2,1,,2,76,621.180.741.693.687
586526,1,6,76,95,2,,,,,,,,2,,,,,,,,,,,,,,,76,621.180.741.693.687
586527,1,1,76,95,1,,1,2,,,150000,2,2,,,,,,,,,,,,,,,76,556.110.613.517.308
586527,1,2,76,95,2,,,,,,,,2,,,,,,,,,,,,,,,76,556.110.613.517.308
586527,1,3,76,95,2,,,,,,,,2,,,,,,,,,,,,,,,76,556.110.613.517.308
586528,1,1,76,95,2,,,,,,,,2,,,,,,,,,,,,,,,76,695.978.321.068.142
586528,1,2,76,95,2,,,,,,,,2,,,,,,,,,,,,,,,76,695.978.321.068.142
586528,1,4,76,95,2,,,,,,,,2,,,,,,,,,,,,,,,76,695.978.321.068.142
586528,1,5,76,95,2,,,,,,,,2,,,,,,,,,,,,,,,76,695.978.321.068.142
586529,1,1,76,95,1,,1,2,,,300000,2,2,,,,,,,,,,,,,,,76,643.440.775.219.161
586529,1,2,76,95,2,,,,,,,,2,,,,,,,,,,,,,,,76,643.440.775.219.161
586529,1,3,76,95,2,,,,,,,,2,,,,,,,,,,,,,,,76,643.440.775.219.161
586529,1,4,76,95,2,,,,,,,,2,,,,,,,,,,,,,,,76,643.440.775.219.161
586529,1,5,76,95,2,,,,,,,,2,,,,,,,,,,,,,,,76,643.440.775.219.161
586530,1,1,76,95,2,,,,,,,,2,,,,,,,,,,,,,,,76,669.671.573.162.404
586530,1,2,76,95,2,,,,,,,,2,,,,,,,,,,,,,,,76,669.671.573.162.404
586531,1,1,76,95,2,,,,,,,,2,,,,,,,,,,,,,,,76,548.117.716.790.104
586531,1,2,76,95,2,,,,,,,,2,,,,,,,,,,,,,,,76,548.117.716.790.104
586531,1,3,76,95,2,,,,,,,,2,,,,,,,,,,,,,,,76,548.117.716.790.104
586531,1,4,76,95,2,,,,,,,,2,,,,,,,,,,,,,,,76,548.117.716.790.104
586531,1,5,76,95,2,,,,,,,,2,,,,,,,,,,,,,,,76,548.117.716.790.104
586531,1,6,76,95,2,,,,,,,,2,,,,,,,,,,,,,,,76,548.117.716.790.104
586532,1,1,76,95,2,,,,,,,,2,,,,,,,,,,,,,,,76,696.317.137.357.855
586532,1,2,76,95,2,,,,,,,,2,,,,,,,,,,,,,,,76,696.317.137.357.855
586532,1,3,76,95,2,,,,,,,,2,,,,,,,,,,,,,,,76,696.317.137.357.855
586533,1,1,76,95,2,,,,,,,,2,,,,,,,,,,,,,,,76,722.633.127.988.511
586534,1,1,76,95,1,,2,1,,260000,,2,2,,,,,,,,,,,,,,,76,103.407.192.977.735
586534,1,2,76,95,2,,,,,,,,2,,,,,,,,,,,,,,,76,103.407.192.977.735
586534,1,3,76,95,2,,,,,,,,2,,,,,,,,,,,,,,,76,103.407.192.977.735
586534,1,4,76,95,2,,,,,,,,2,,,,,,,,,,,,,,,76,103.407.192.977.735
586534,1,5,76,95,2,,,,,,,,2,,,,,,,,,,,,,,,76,103.407.192.977.735
586534,1,6,76,95,1,,2,2,250000,,,1,2,,,,,,,,,,,,,,,76,103.407.192.977.735
586534,1,9,76,95,2,,,,,,,,2,,,,,,,,,,,,,,,76,103.407.192.977.735
586534,1,10,76,95,2,,,,,,,,2,,,,,,,,,,,,,,,76,103.407.192.977.735
586534,1,12,76,95,2,,,,,,,,2,,,,,,,,,,,,,,,76,103.407.192.977.735
586534,1,13,76,95,2,,,,,,,,2,,,,,,,,,,,,,,,76,103.407.192.977.735
586534,2,1,76,95,2,,,,,,,,2,,,,,,,,,,,,,,,76,103.407.192.977.735
586534,2,2,76,95,2,,,,,,,,2,,,,,,,,,,,,,,,76,103.407.192.977.735
586534,2,4,76,95,2,,,,,,,,2,,,,,,,,,,,,,,,76,103.407.192.977.735
586534,2,5,76,95,2,,,,,,,,2,,,,,,,,,,,,,,,76,103.407.192.977.735
586535,1,1,76,95,2,,,,,,,,1,2,,2,,,,6000000,,,1,2,2,,2,76,615.956.571.622.015
586536,1,1,76,95,2,,,,,,,,2,,,,,,,,,,,,,,,76,567.185.434.562.589
586536,1,2,76,95,1,,1,2,,,180000,2,2,,,,,,,,,,,,,,,76,567.185.434.562.589
586536,1,3,76,95,2,,,,,,,,2,,,,,,,,,,,,,,,76,567.185.434.562.589
586537,1,1,76,95,1,,2,1,,1900000,,2,2,,,,,,,,,,,,,,,76,602.577.342.199.527
586537,1,2,76,95,2,,,,,,,,2,,,,,,,,,,,,,,,76,602.577.342.199.527
586537,1,3,76,95,2,,,,,,,,2,,,,,,,,,,,,,,,76,602.577.342.199.527
586538,1,1,76,95,1,,2,2,6500000,,,1,2,,,,,,,,,,,,,,,76,744.736.885.925.453
586538,1,2,76,95,2,,,,,,,,2,,,,,,,,,,,,,,,76,744.736.885.925.453
586539,1,1,76,95,2,,,,,,,,2,,,,,,,,,,,,,,,76,638.136.379.625.034
586539,1,2,76,95,2,,,,,,,,1,2,,2,,,,24000000,,,1,2,2,,2,76,638.136.379.625.034
586539,1,4,76,95,2,,,,,,,,2,,,,,,,,,,,,,,,76,638.136.379.625.034
586540,1,1,76,95,1,,2,2,600000,,,1,1,2,,2,,,,7200000,,,1,2,2,,2,76,744.736.885.925.453
586540,1,2,76,95,2,,,,,,,,2,,,,,,,,,,,,,,,76,744.736.885.925.453
586541,1,1,76,95,1,,1,2,,,230000,2,2,,,,,,,,,,,,,,,76,695.978.321.068.142
586541,1,2,76,95,2,,,,,,,,2,,,,,,,,,,,,,,,76,695.978.321.068.142
586541,1,3,76,95,2,,,,,,,,2,,,,,,,,,,,,,,,76,695.978.321.068.142
586541,1,4,76,95,2,,,,,,,,2,,,,,,,,,,,,,,,76,695.978.321.068.142
586542,1,1,76,95,2,,,,,,,,2,,,,,,,,,,,,,,,76,662.533.691.739.146
586542,1,2,76,95,2,,,,,,,,2,,,,,,,,,,,,,,,76,662.533.691.739.146
586543,1,1,76,95,2,,,,,,,,2,,,,,,,,,,,,,,,76,689.093.917.789.541
586543,1,2,76,95,2,,,,,,,,2,,,,,,,,,,,,,,,76,689.093.917.789.541
586543,1,3,76,95,2,,,,,,,,2,,,,,,,,,,,,,,,76,689.093.917.789.541
586543,1,4,76,95,2,,,,,,,,2,,,,,,,,,,,,,,,76,689.093.917.789.541
586543,1,5,76,95,2,,,,,,,,2,,,,,,,,,,,,,,,76,689.093.917.789.541
586544,1,1,76,95,2,,,,,,,,2,,,,,,,,,,,,,,,76,78.829.555.059.926
586544,1,3,76,95,2,,,,,,,,2,,,,,,,,,,,,,,,76,78.829.555.059.926
586545,1,1,76,95,2,,,,,,,,2,,,,,,,,,,,,,,,76,692.185.084.832.536
586545,1,2,76,95,2,,,,,,,,2,,,,,,,,,,,,,,,76,692.185.084.832.536
586545,1,3,76,95,2,,,,,,,,2,,,,,,,,,,,,,,,76,692.185.084.832.536
586545,1,4,76,95,2,,,,,,,,2,,,,,,,,,,,,,,,76,692.185.084.832.536
586546,1,1,76,95,2,,,,,,,,2,,,,,,,,,,,,,,,76,915.802.270.016.401
586546,1,2,76,95,2,,,,,,,,2,,,,,,,,,,,,,,,76,915.802.270.016.401
586546,2,1,76,95,2,,,,,,,,2,,,,,,,,,,,,,,,76,915.802.270.016.401
586546,2,2,76,95,2,,,,,,,,2,,,,,,,,,,,,,,,76,915.802.270.016.401
586546,2,3,76,95,2,,,,,,,,2,,,,,,,,,,,,,,,76,915.802.270.016.401
586546,3,1,76,95,2,,,,,,,,2,,,,,,,,,,,,,,,76,915.802.270.016.401
586546,3,2,76,95,2,,,,,,,,2,,,,,,,,,,,,,,,76,915.802.270.016.401
586546,3,3,76,95,2,,,,,,,,2,,,,,,,,,,,,,,,76,915.802.270.016.401
586546,3,4,76,95,2,,,,,,,,2,,,,,,,,,,,,,,,76,915.802.270.016.401
586546,3,5,76,95,2,,,,,,,,2,,,,,,,,,,,,,,,76,915.802.270.016.401
586546,4,1,76,95,2,,,,,,,,2,,,,,,,,,,,,,,,76,915.802.270.016.401
586546,4,2,76,95,2,,,,,,,,2,,,,,,,,,,,,,,,76,915.802.270.016.401
586547,1,1,76,95,2,,,,,,,,2,,,,,,,,,,,,,,,76,689.347.395.934.199
586547,1,2,76,95,2,,,,,,,,2,,,,,,,,,,,,,,,76,689.347.395.934.199
586547,1,3,76,95,2,,,,,,,,2,,,,,,,,,,,,,,,76,689.347.395.934.199
586547,1,4,76,95,2,,,,,,,,2,,,,,,,,,,,,,,,76,689.347.395.934.199
586547,1,5,76,95,2,,,,,,,,2,,,,,,,,,,,,,,,76,689.347.395.934.199
586547,1,6,76,95,2,,,,,,,,2,,,,,,,,,,,,,,,76,689.347.395.934.199
586548,1,1,76,95,2,,,,,,,,2,,,,,,,,,,,,,,,76,787.703.256.164.889
586548,1,2,76,95,2,,,,,,,,2,,,,,,,,,,,,,,,76,787.703.256.164.889
586549,1,1,76,95,1,,1,2,,,120000,2,2,,,,,,,,,,,,,,,76,679.052.594.044.399
586549,1,2,76,95,2,,,,,,,,2,,,,,,,,,,,,,,,76,679.052.594.044.399
586549,1,3,76,95,2,,,,,,,,2,,,,,,,,,,,,,,,76,679.052.594.044.399
586549,1,4,76,95,2,,,,,,,,2,,,,,,,,,,,,,,,76,679.052.594.044.399
586549,1,5,76,95,2,,,,,,,,2,,,,,,,,,,,,,,,76,679.052.594.044.399
586550,1,1,76,95,2,,,,,,,,1,2,,1,,,750000,450000,,,1,2,2,,2,76,562.995.016.795.909
586550,1,3,76,95,2,,,,,,,,1,2,,2,,,,,,7500000,2,1,2,,2,76,562.995.016.795.909
586551,1,1,76,95,2,,,,,,,,1,2,,2,,,,,,7500000,2,1,2,,2,76,634.279.665.525.466
586551,1,2,76,95,2,,,,,,,,2,,,,,,,,,,,,,,,76,634.279.665.525.466
586552,1,1,76,95,1,,1,2,,,350000,2,2,,,,,,,,,,,,,,,76,680.856.785.642.598
586552,1,2,76,95,2,,,,,,,,2,,,,,,,,,,,,,,,76,680.856.785.642.598
586552,1,3,76,95,2,,,,,,,,2,,,,,,,,,,,,,,,76,680.856.785.642.598
586557,1,1,76,95,2,,,,,,,,2,,,,,,,,,,,,,,,76,627.284.870.811.953
586557,1,2,76,95,2,,,,,,,,2,,,,,,,,,,,,,,,76,627.284.870.811.953
586558,1,1,76,95,2,,,,,,,,1,2,,2,,,,,,4200000,2,1,2,,2,76,722.633.127.988.511
586560,1,1,76,95,2,,,,,,,,2,,,,,,,,,,,,,,,76,669.671.573.162.404
586560,1,2,76,95,2,,,,,,,,2,,,,,,,,,,,,,,,76,669.671.573.162.404
586561,1,1,76,95,2,,,,,,,,2,,,,,,,,,,,,,,,76,806.872.122.647.369
586561,1,2,76,95,2,,,,,,,,2,,,,,,,,,,,,,,,76,806.872.122.647.369
586561,1,3,76,95,2,,,,,,,,2,,,,,,,,,,,,,,,76,806.872.122.647.369
586561,1,4,76,95,2,,,,,,,,2,,,,,,,,,,,,,,,76,806.872.122.647.369
586562,1,1,76,95,2,,,,,,,,2,,,,,,,,,,,,,,,76,846.947.677.110.307
586562,1,2,76,95,2,,,,,,,,2,,,,,,,,,,,,,,,76,846.947.677.110.307
586562,1,3,76,95,2,,,,,,,,2,,,,,,,,,,,,,,,76,846.947.677.110.307
586562,1,4,76,95,2,,,,,,,,2,,,,,,,,,,,,,,,76,846.947.677.110.307
586563,1,1,76,95,2,,,,,,,,2,,,,,,,,,,,,,,,76,688.586.961.500.226
586563,1,2,76,95,2,,,,,,,,2,,,,,,,,,,,,,,,76,688.586.961.500.226
586563,1,3,76,95,2,,,,,,,,2,,,,,,,,,,,,,,,76,688.586.961.500.226
586564,1,1,76,95,1,,2,1,,1400000,,2,2,,,,,,,,,,,,,,,76,595.439.460.776.269
586564,1,2,76,95,2,,,,,,,,2,,,,,,,,,,,,,,,76,595.439.460.776.269
586564,1,3,76,95,2,,,,,,,,2,,,,,,,,,,,,,,,76,595.439.460.776.269
586565,1,1,76,95,2,,,,,,,,2,,,,,,,,,,,,,,,76,699.349.793.701.845
586565,1,2,76,95,2,,,,,,,,2,,,,,,,,,,,,,,,76,699.349.793.701.845
586565,1,3,76,95,2,,,,,,,,2,,,,,,,,,,,,,,,76,699.349.793.701.845
586566,1,1,76,95,2,,,,,,,,2,,,,,,,,,,,,,,,76,722.633.127.988.511
586567,1,1,76,95,1,,1,2,,,200000,2,2,,,,,,,,,,,,,,,76,680.856.785.642.598
586567,1,2,76,95,2,,,,,,,,2,,,,,,,,,,,,,,,76,680.856.785.642.598
586567,1,3,76,95,2,,,,,,,,2,,,,,,,,,,,,,,,76,680.856.785.642.598
586568,1,1,76,95,2,,,,,,,,1,2,,2,,,,,,2400000,2,1,2,,2,76,670.517.345.741.433
586568,1,2,76,95,2,,,,,,,,2,,,,,,,,,,,,,,,76,670.517.345.741.433
586568,1,3,76,95,2,,,,,,,,2,,,,,,,,,,,,,,,76,670.517.345.741.433
586569,1,1,76,95,1,,1,2,,,230000,2,1,2,,2,14000000,,,,,,2,2,1,,2,76,729.761.766.686.851
586569,1,2,76,95,2,,,,,,,,2,,,,,,,,,,,,,,,76,729.761.766.686.851
586569,1,3,76,95,2,,,,,,,,2,,,,,,,,,,,,,,,76,729.761.766.686.851
586569,1,5,76,95,2,,,,,,,,2,,,,,,,,,,,,,,,76,729.761.766.686.851
586569,1,6,76,95,2,,,,,,,,2,,,,,,,,,,,,,,,76,729.761.766.686.851
586570,1,1,76,95,2,,,,,,,,2,,,,,,,,,,,,,,,76,670.517.345.741.433
586570,1,2,76,95,2,,,,,,,,2,,,,,,,,,,,,,,,76,670.517.345.741.433
586570,1,3,76,95,2,,,,,,,,2,,,,,,,,,,,,,,,76,670.517.345.741.433
586571,1,1,76,95,2,,,,,,,,2,,,,,,,,,,,,,,,76,720.719.416.636.925
586571,1,2,76,95,2,,,,,,,,2,,,,,,,,,,,,,,,76,720.719.416.636.925
586571,1,3,76,95,2,,,,,,,,2,,,,,,,,,,,,,,,76,720.719.416.636.925
586571,1,4,76,95,2,,,,,,,,2,,,,,,,,,,,,,,,76,720.719.416.636.925
586574,1,1,76,95,2,,,,,,,,1,2,,2,84000000,,,,,,2,2,1,,2,76,757.258.860.615.614
586574,1,2,76,95,2,,,,,,,,2,,,,,,,,,,,,,,,76,757.258.860.615.614
586574,1,3,76,95,2,,,,,,,,2,,,,,,,,,,,,,,,76,757.258.860.615.614
586574,1,6,76,95,2,,,,,,,,2,,,,,,,,,,,,,,,76,757.258.860.615.614
586575,1,1,76,95,2,,,,,,,,2,,,,,,,,,,,,,,,76,60.737.138.046.044
586575,1,2,76,95,2,,,,,,,,2,,,,,,,,,,,,,,,76,60.737.138.046.044
586575,1,3,76,95,2,,,,,,,,1,2,,2,,,,,,6500000,2,1,2,,2,76,60.737.138.046.044
586575,1,4,76,95,2,,,,,,,,2,,,,,,,,,,,,,,,76,60.737.138.046.044
586576,1,1,76,95,2,,,,,,,,2,,,,,,,,,,,,,,,76,669.671.573.162.404
586576,1,2,76,95,2,,,,,,,,2,,,,,,,,,,,,,,,76,669.671.573.162.404
586577,1,1,76,95,2,,,,,,,,1,2,,2,2400000,,,,,,2,2,1,,2,76,756.077.757.317.506
586577,1,2,76,95,2,,,,,,,,2,,,,,,,,,,,,,,,76,756.077.757.317.506
586577,1,4,76,95,2,,,,,,,,2,,,,,,,,,,,,,,,76,756.077.757.317.506
586578,1,1,76,95,2,,,,,,,,2,,,,,,,,,,,,,,,76,574.180.229.276.102
586578,1,2,76,95,2,,,,,,,,1,2,,2,,,,,,7500000,2,1,2,,2,76,574.180.229.276.102
586578,1,3,76,95,2,,,,,,,,1,2,,2,,,,,,8500000,2,1,2,,2,76,574.180.229.276.102
586689,2,1,5,95,2,,,,,,,,2,,,,,,,,,,,,,,,5,108.889.758.661.506
586689,2,2,5,95,2,,,,,,,,2,,,,,,,,,,,,,,,5,108.889.758.661.506
586689,2,3,5,95,2,,,,,,,,2,,,,,,,,,,,,,,,5,108.889.758.661.506
586689,2,4,5,95,2,,,,,,,,2,,,,,,,,,,,,,,,5,108.889.758.661.506
586703,1,1,5,95,2,,,,,,,,2,,,,,,,,,,,,,,,5,821.706.850.461.854
586703,1,2,5,95,2,,,,,,,,2,,,,,,,,,,,,,,,5,821.706.850.461.854
586703,1,3,5,95,2,,,,,,,,2,,,,,,,,,,,,,,,5,821.706.850.461.854
586722,1,1,5,95,2,,,,,,,,1,2,,1,,,550000,,,,2,2,2,,2,5,100.314.529.069.944
586722,1,2,5,95,2,,,,,,,,1,2,,1,,,312000,,,,2,2,2,,2,5,100.314.529.069.944
586722,1,4,5,95,2,,,,,,,,2,,,,,,,,,,,,,,,5,100.314.529.069.944
586737,1,1,5,95,2,,,,,,,,2,,,,,,,,,,,,,,,5,133.119.690.533.876
586737,1,2,5,95,2,,,,,,,,2,,,,,,,,,,,,,,,5,133.119.690.533.876
586740,1,1,5,95,2,,,,,,,,2,,,,,,,,,,,,,,,5,107.469.547.638.597
586740,1,2,5,95,2,,,,,,,,2,,,,,,,,,,,,,,,5,107.469.547.638.597
586740,1,3,5,95,2,,,,,,,,1,2,,1,,,150000,,,,2,2,2,,2,5,107.469.547.638.597
586740,1,4,5,95,2,,,,,,,,1,2,,1,,,120000,,,,2,2,2,,2,5,107.469.547.638.597
586741,1,1,5,95,2,,,,,,,,1,2,,1,,,72000,,,,2,2,2,,2,5,133.665.645.562.651
586741,1,2,5,95,2,,,,,,,,1,2,,1,300000,,85000,,,,2,2,1,,2,5,133.665.645.562.651
586742,1,1,5,95,2,,,,,,,,1,2,,1,,,120000,,,,2,2,2,,2,5,111.759.806.488.198
586742,1,2,5,95,2,,,,,,,,2,,,,,,,,,,,,,,,5,111.759.806.488.198
586778,1,1,5,95,2,,,,,,,,2,,,,,,,,,,,,,,,5,133.665.645.562.651
586778,1,2,5,95,2,,,,,,,,2,,,,,,,,,,,,,,,5,133.665.645.562.651
586794,1,1,11,95,2,,,,,,,,2,,,,,,,,,,,,,,,11,257.635.870.994.769
586871,1,1,76,95,1,,2,1,,433000,,2,2,,,,,,,,,,,,,,,76,128.589.577.206.682
586871,1,2,76,95,2,,,,,,,,2,,,,,,,,,,,,,,,76,128.589.577.206.682
586871,1,3,76,95,2,,,,,,,,2,,,,,,,,,,,,,,,76,128.589.577.206.682
586871,1,4,76,95,2,,,,,,,,2,,,,,,,,,,,,,,,76,128.589.577.206.682
586871,1,5,76,95,2,,,,,,,,2,,,,,,,,,,,,,,,76,128.589.577.206.682
586872,1,1,76,95,2,,,,,,,,2,,,,,,,,,,,,,,,76,646.810.619.154.313
586872,1,2,76,95,2,,,,,,,,2,,,,,,,,,,,,,,,76,646.810.619.154.313
586872,1,3,76,95,2,,,,,,,,2,,,,,,,,,,,,,,,76,646.810.619.154.313
586872,1,4,76,95,2,,,,,,,,2,,,,,,,,,,,,,,,76,646.810.619.154.313
586872,1,5,76,95,2,,,,,,,,2,,,,,,,,,,,,,,,76,646.810.619.154.313
586873,1,1,76,95,1,,1,2,300000,,130000,1,2,,,,,,,,,,,,,,,76,788.717.168.743.519
586873,1,2,76,95,2,,,,,,,,1,2,,2,2500000,,,,,,2,2,1,,2,76,788.717.168.743.519
586873,1,3,76,95,2,,,,,,,,2,,,,,,,,,,,,,,,76,788.717.168.743.519
586873,1,5,76,95,2,,,,,,,,1,2,,2,,,,,,200000,2,1,2,,2,76,788.717.168.743.519
586873,1,6,76,95,2,,,,,,,,2,,,,,,,,,,,,,,,76,788.717.168.743.519
586873,1,7,76,95,2,,,,,,,,2,,,,,,,,,,,,,,,76,788.717.168.743.519
586875,1,1,76,95,2,,,,,,,,2,,,,,,,,,,,,,,,76,645.607.964.715.404
586875,1,2,76,95,1,,1,2,,,680000,2,2,,,,,,,,,,,,,,,76,645.607.964.715.404
586875,1,3,76,95,1,,1,2,,,380000,2,2,,,,,,,,,,,,,,,76,645.607.964.715.404
586879,1,1,5,95,2,,,,,,,,1,2,,2,,,,,,1800000,2,1,2,,2,5,123.269.367.843.766
586879,1,2,5,95,2,,,,,,,,2,,,,,,,,,,,,,,,5,123.269.367.843.766
586880,1,1,5,95,2,,,,,,,,1,2,,1,,,130000,,,,2,2,2,,2,5,132.922.033.110.094
586881,1,1,5,95,2,,,,,,,,1,2,,2,,,,,,4000000,2,1,2,,2,5,69.161.337.212.613
586882,1,1,5,95,2,,,,,,,,2,,,,,,,,,,,,,,,5,954.692.991.466.781
586882,1,2,5,95,2,,,,,,,,2,,,,,,,,,,,,,,,5,954.692.991.466.781
586883,1,1,5,95,2,,,,,,,,2,,,,,,,,,,,,,,,5,859.690.819.139.988
586883,1,2,5,95,2,,,,,,,,2,,,,,,,,,,,,,,,5,859.690.819.139.988
586884,1,1,5,95,2,,,,,,,,2,,,,,,,,,,,,,,,5,954.186.956.149.368
586884,1,2,5,95,2,,,,,,,,2,,,,,,,,,,,,,,,5,954.186.956.149.368
586884,1,3,5,95,2,,,,,,,,2,,,,,,,,,,,,,,,5,954.186.956.149.368
586886,1,1,5,95,2,,,,,,,,2,,,,,,,,,,,,,,,5,845.135.702.385.805
586886,1,2,5,95,2,,,,,,,,2,,,,,,,,,,,,,,,5,845.135.702.385.805
586886,1,3,5,95,2,,,,,,,,2,,,,,,,,,,,,,,,5,845.135.702.385.805
586887,1,1,5,95,2,,,,,,,,2,,,,,,,,,,,,,,,5,876.480.058.531.436
586889,1,1,5,95,2,,,,,,,,2,,,,,,,,,,,,,,,5,157.357.222.542.155
586889,1,2,5,95,2,,,,,,,,2,,,,,,,,,,,,,,,5,157.357.222.542.155
586891,1,1,5,95,2,,,,,,,,2,,,,,,,,,,,,,,,5,638.529.931.972.072
586891,1,2,5,95,2,,,,,,,,2,,,,,,,,,,,,,,,5,638.529.931.972.072
586891,1,3,5,95,2,,,,,,,,2,,,,,,,,,,,,,,,5,638.529.931.972.072
586891,1,4,5,95,2,,,,,,,,2,,,,,,,,,,,,,,,5,638.529.931.972.072
586892,1,1,5,95,2,,,,,,,,2,,,,,,,,,,,,,,,5,102.819.727.355.885
586892,1,2,5,95,2,,,,,,,,2,,,,,,,,,,,,,,,5,102.819.727.355.885
586894,1,1,5,95,2,,,,,,,,2,,,,,,,,,,,,,,,5,104.580.340.615.116
586894,1,2,5,95,2,,,,,,,,2,,,,,,,,,,,,,,,5,104.580.340.615.116
586895,1,1,5,95,2,,,,,,,,2,,,,,,,,,,,,,,,5,103.281.439.029.401
586895,1,2,5,95,2,,,,,,,,2,,,,,,,,,,,,,,,5,103.281.439.029.401
586896,1,1,5,95,2,,,,,,,,2,,,,,,,,,,,,,,,5,120.367.934.757.517
586896,1,2,5,95,2,,,,,,,,2,,,,,,,,,,,,,,,5,120.367.934.757.517
586896,1,3,5,95,2,,,,,,,,2,,,,,,,,,,,,,,,5,120.367.934.757.517
586896,1,4,5,95,2,,,,,,,,2,,,,,,,,,,,,,,,5,120.367.934.757.517
586897,1,1,5,95,2,,,,,,,,2,,,,,,,,,,,,,,,5,939.183.723.327.786
586897,1,2,5,95,2,,,,,,,,2,,,,,,,,,,,,,,,5,939.183.723.327.786
586897,1,3,5,95,2,,,,,,,,2,,,,,,,,,,,,,,,5,939.183.723.327.786
586898,1,1,5,95,2,,,,,,,,2,,,,,,,,,,,,,,,5,862.259.648.264.128
586898,1,2,5,95,2,,,,,,,,2,,,,,,,,,,,,,,,5,862.259.648.264.128
586899,1,1,5,95,2,,,,,,,,2,,,,,,,,,,,,,,,5,77.318.521.732.469
586899,1,2,5,95,2,,,,,,,,2,,,,,,,,,,,,,,,5,77.318.521.732.469
586899,1,3,5,95,2,,,,,,,,2,,,,,,,,,,,,,,,5,77.318.521.732.469
586900,1,1,5,95,1,,2,1,,800000,,2,2,,,,,,,,,,,,,,,5,102.626.859.735.105
586900,1,2,5,95,1,,2,1,,800000,,2,2,,,,,,,,,,,,,,,5,102.626.859.735.105
586900,1,3,5,95,2,,,,,,,,2,,,,,,,,,,,,,,,5,102.626.859.735.105
586900,1,4,5,95,2,,,,,,,,1,2,,2,,,,,,1500000,2,1,2,,2,5,102.626.859.735.105
586901,1,1,5,95,2,,,,,,,,1,2,,2,,,,,,1000000,2,1,2,,2,5,67.906.737.040.629
586901,1,2,5,95,2,,,,,,,,1,2,,2,,,,,,1000000,2,1,2,,2,5,67.906.737.040.629
586902,1,1,5,95,2,,,,,,,,2,,,,,,,,,,,,,,,5,93.159.537.599.782
586902,1,2,5,95,2,,,,,,,,2,,,,,,,,,,,,,,,5,93.159.537.599.782
586902,1,3,5,95,2,,,,,,,,1,2,,2,,,,,,500000,2,1,2,,2,5,93.159.537.599.782
586902,1,4,5,95,2,,,,,,,,2,,,,,,,,,,,,,,,5,93.159.537.599.782
586902,1,5,5,95,2,,,,,,,,2,,,,,,,,,,,,,,,5,93.159.537.599.782
586902,1,6,5,95,2,,,,,,,,2,,,,,,,,,,,,,,,5,93.159.537.599.782
586902,1,7,5,95,2,,,,,,,,2,,,,,,,,,,,,,,,5,93.159.537.599.782
586902,1,8,5,95,2,,,,,,,,2,,,,,,,,,,,,,,,5,93.159.537.599.782
586903,1,1,5,95,2,,,,,,,,1,2,,1,,,52000,,,,2,2,2,,2,5,964.128.064.384.579
586904,1,1,5,95,2,,,,,,,,2,,,,,,,,,,,,,,,5,11.037.773.821.515
586904,1,2,5,95,2,,,,,,,,1,2,,2,,,,,,1200000,2,1,2,,2,5,11.037.773.821.515
586905,1,1,5,95,2,,,,,,,,2,,,,,,,,,,,,,,,5,10.298.707.287.772
586905,1,2,5,95,2,,,,,,,,2,,,,,,,,,,,,,,,5,10.298.707.287.772
586905,1,3,5,95,2,,,,,,,,2,,,,,,,,,,,,,,,5,10.298.707.287.772
586907,1,1,5,95,2,,,,,,,,2,,,,,,,,,,,,,,,5,826.688.827.989.208
586907,1,2,5,95,2,,,,,,,,2,,,,,,,,,,,,,,,5,826.688.827.989.208
586907,1,3,5,95,2,,,,,,,,2,,,,,,,,,,,,,,,5,826.688.827.989.208
586907,1,4,5,95,2,,,,,,,,2,,,,,,,,,,,,,,,5,826.688.827.989.208
586908,1,1,5,95,2,,,,,,,,1,2,,2,,,,,,1000000,2,1,2,,2,5,840.038.377.541.716
586908,1,2,5,95,2,,,,,,,,2,,,,,,,,,,,,,,,5,840.038.377.541.716
586909,1,1,5,95,2,,,,,,,,2,,,,,,,,,,,,,,,5,102.399.761.949.135
586909,1,2,5,95,2,,,,,,,,2,,,,,,,,,,,,,,,5,102.399.761.949.135
586910,1,1,5,95,2,,,,,,,,2,,,,,,,,,,,,,,,5,120.838.211.918.267
586911,1,1,5,95,1,,1,2,,,600000,2,2,,,,,,,,,,,,,,,5,108.164.691.670.943
586911,1,2,5,95,2,,,,,,,,2,,,,,,,,,,,,,,,5,108.164.691.670.943
586911,1,3,5,95,2,,,,,,,,2,,,,,,,,,,,,,,,5,108.164.691.670.943
586912,1,1,5,95,2,,,,,,,,2,,,,,,,,,,,,,,,5,843.812.773.867.532
586912,1,2,5,95,2,,,,,,,,2,,,,,,,,,,,,,,,5,843.812.773.867.532
586912,1,3,5,95,2,,,,,,,,2,,,,,,,,,,,,,,,5,843.812.773.867.532
586914,1,1,5,95,2,,,,,,,,1,2,,1,,,55000,,,,2,2,2,,2,5,901.516.038.599.554
586914,1,2,5,95,2,,,,,,,,2,,,,,,,,,,,,,,,5,901.516.038.599.554
586914,1,3,5,95,2,,,,,,,,2,,,,,,,,,,,,,,,5,901.516.038.599.554
586914,1,4,5,95,2,,,,,,,,2,,,,,,,,,,,,,,,5,901.516.038.599.554
586915,1,1,5,95,2,,,,,,,,1,2,,1,,,60000,,,500000,2,1,2,,2,5,106.748.047.395.607
586915,1,2,5,95,2,,,,,,,,2,,,,,,,,,,,,,,,5,106.748.047.395.607
586915,1,3,5,95,2,,,,,,,,2,,,,,,,,,,,,,,,5,106.748.047.395.607
586915,1,4,5,95,2,,,,,,,,2,,,,,,,,,,,,,,,5,106.748.047.395.607
586916,1,1,5,95,2,,,,,,,,1,2,,2,,,,,,3500000,2,1,2,,2,5,112.931.139.356.363
586917,1,1,5,95,1,,2,1,,461500,,2,2,,,,,,,,,,,,,,,5,114.770.758.506.712
586917,1,2,5,95,2,,,,,,,,2,,,,,,,,,,,,,,,5,114.770.758.506.712
586917,1,3,5,95,2,,,,,,,,1,2,,2,,,,,,1200000,2,1,2,,2,5,114.770.758.506.712
586919,1,1,5,95,2,,,,,,,,2,,,,,,,,,,,,,,,5,164.011.435.534.846
586919,1,2,5,95,2,,,,,,,,2,,,,,,,,,,,,,,,5,164.011.435.534.846
586919,1,3,5,95,2,,,,,,,,2,,,,,,,,,,,,,,,5,164.011.435.534.846
586919,1,4,5,95,2,,,,,,,,2,,,,,,,,,,,,,,,5,164.011.435.534.846
586920,1,1,5,95,2,,,,,,,,1,2,,1,,,49000,,,,2,2,2,,2,5,112.063.061.676.151
586920,1,2,5,95,2,,,,,,,,2,,,,,,,,,,,,,,,5,112.063.061.676.151
586921,1,1,5,95,2,,,,,,,,1,2,,2,,,,,,300000,2,1,2,,2,5,119.159.287.979.122
586921,1,2,5,95,2,,,,,,,,2,,,,,,,,,,,,,,,5,119.159.287.979.122
586922,1,1,5,95,2,,,,,,,,1,2,,1,,,50000,,,,2,2,2,,2,5,953.370.062.948.508
586922,1,2,5,95,2,,,,,,,,1,2,,1,,,49000,,,,2,2,2,,2,5,953.370.062.948.508
586923,1,1,5,95,2,,,,,,,,1,2,,1,,,60000,,,,2,2,2,,2,5,716.742.864.907.417
586923,1,2,5,95,2,,,,,,,,2,,,,,,,,,,,,,,,5,716.742.864.907.417
586923,1,3,5,95,2,,,,,,,,2,,,,,,,,,,,,,,,5,716.742.864.907.417
586923,1,4,5,95,2,,,,,,,,2,,,,,,,,,,,,,,,5,716.742.864.907.417
586923,1,5,5,95,2,,,,,,,,2,,,,,,,,,,,,,,,5,716.742.864.907.417
586924,1,1,5,95,2,,,,,,,,1,2,,2,,,,,,2000000,2,1,2,,2,5,100.297.548.796.605
586924,1,2,5,95,2,,,,,,,,2,,,,,,,,,,,,,,,5,100.297.548.796.605
586925,1,1,5,95,1,,2,1,,660000,,2,2,,,,,,,,,,,,,,,5,977.535.330.843.649
586925,1,2,5,95,2,,,,,,,,1,2,,2,,,,,,1500000,2,1,2,,2,5,977.535.330.843.649
586926,1,1,5,95,1,,2,1,,950000,,2,2,,,,,,,,,,,,,,,5,100.297.548.796.605
586926,1,2,5,95,2,,,,,,,,1,2,,1,,,52000,,,,2,2,2,,2,5,100.297.548.796.605
586927,1,1,5,95,2,,,,,,,,1,2,,1,,,66000,,,,2,2,2,,2,5,932.471.720.744.369
586927,1,2,5,95,2,,,,,,,,2,,,,,,,,,,,,,,,5,932.471.720.744.369
586928,1,1,5,95,1,,2,2,2500000,,,1,2,,,,,,,,,,,,,,,5,723.102.028.406.432
586928,1,2,5,95,2,,,,,,,,1,2,,1,,,22000,,,,2,2,2,,2,5,723.102.028.406.432
586928,1,3,5,95,2,,,,,,,,2,,,,,,,,,,,,,,,5,723.102.028.406.432
586929,1,1,5,95,2,,,,,,,,2,,,,,,,,,,,,,,,5,482.115.780.476.301
586929,1,2,5,95,2,,,,,,,,2,,,,,,,,,,,,,,,5,482.115.780.476.301
586929,1,3,5,95,1,,2,2,250000,,,1,1,2,,1,,,65000,,,,2,2,2,,2,5,482.115.780.476.301
586929,1,6,5,95,2,,,,,,,,1,2,,1,,,52000,,,,2,2,2,,2,5,482.115.780.476.301
586930,1,1,5,95,1,,2,1,,461500,,2,2,,,,,,,,,,,,,,,5,121.705.122.714.362
586930,1,2,5,95,2,,,,,,,,1,2,,2,,,,,,,2,2,2,180000,1,5,121.705.122.714.362
586930,1,3,5,95,2,,,,,,,,2,,,,,,,,,,,,,,,5,121.705.122.714.362
586931,1,1,5,95,2,,,,,,,,1,2,,1,,,70000,,,,2,2,2,200000,1,5,111.590.495.500.608
586931,1,2,5,95,2,,,,,,,,2,,,,,,,,,,,,,,,5,111.590.495.500.608
586931,1,3,5,95,2,,,,,,,,2,,,,,,,,,,,,,,,5,111.590.495.500.608
586931,1,5,5,95,2,,,,,,,,2,,,,,,,,,,,,,,,5,111.590.495.500.608
586932,1,1,5,95,2,,,,,,,,1,2,,2,,,,,,4800000,2,1,2,,2,5,948.485.613.090.541
586932,1,2,5,95,2,,,,,,,,2,,,,,,,,,,,,,,,5,948.485.613.090.541
586933,1,1,5,95,2,,,,,,,,1,2,,2,,,,,,,2,2,2,300000,1,5,564.932.137.166.831
586933,1,2,5,95,2,,,,,,,,2,,,,,,,,,,,,,,,5,564.932.137.166.831
586933,1,3,5,95,2,,,,,,,,1,2,,2,,,,,,300000,2,1,2,,2,5,564.932.137.166.831
586934,1,1,5,95,2,,,,,,,,2,,,,,,,,,,,,,,,5,119.159.287.979.122
586934,1,2,5,95,2,,,,,,,,2,,,,,,,,,,,,,,,5,119.159.287.979.122
586937,1,1,5,95,2,,,,,,,,2,,,,,,,,,,,,,,,5,123.264.075.124.916
586937,1,2,5,95,2,,,,,,,,2,,,,,,,,,,,,,,,5,123.264.075.124.916
586937,1,3,5,95,2,,,,,,,,2,,,,,,,,,,,,,,,5,123.264.075.124.916
586937,1,4,5,95,2,,,,,,,,2,,,,,,,,,,,,,,,5,123.264.075.124.916
586938,1,1,5,95,2,,,,,,,,2,,,,,,,,,,,,,,,5,947.442.321.561.154
586939,1,1,5,95,1,,1,1,,461500,190000,2,2,,,,,,,,,,,,,,,5,100.343.398.377.409
586939,1,2,5,95,2,,,,,,,,2,,,,,,,,,,,,,,,5,100.343.398.377.409
586940,1,1,5,95,2,,,,,,,,2,,,,,,,,,,,,,,,5,130.740.612.165.715
586940,1,2,5,95,2,,,,,,,,1,2,,1,,,156000,,,,2,2,2,,2,5,130.740.612.165.715
586941,1,1,5,95,1,,2,1,,1600000,,2,2,,,,,,,,,,,,,,,5,809.902.961.850.538
586941,1,2,5,95,2,,,,,,,,2,,,,,,,,,,,,,,,5,809.902.961.850.538
586942,1,1,5,95,2,,,,,,,,1,2,,2,,,,,,,2,2,2,65000,1,5,104.580.340.615.116
586942,1,2,5,95,2,,,,,,,,2,,,,,,,,,,,,,,,5,104.580.340.615.116
586943,1,1,5,95,2,,,,,,,,2,,,,,,,,,,,,,,,5,876.480.058.531.436
586944,1,1,5,95,2,,,,,,,,1,2,,1,,,52000,200000,,200000,1,1,2,600000,1,5,490.104.926.556.485
586944,1,2,5,95,2,,,,,,,,1,2,,1,,,327000,,,,2,2,2,516500,1,5,490.104.926.556.485
586944,1,4,5,95,2,,,,,,,,2,,,,,,,,,,,,,,,5,490.104.926.556.485
586945,1,1,5,95,2,,,,,,,,1,2,,2,,,,,,9000000,2,1,2,,2,5,819.628.681.069.714
586945,1,2,5,95,2,,,,,,,,1,2,,2,,,,,,3600000,2,1,2,,2,5,819.628.681.069.714
586946,1,1,5,95,2,,,,,,,,2,,,,,,,,,,,,,,,5,996.852.917.413.222
586946,1,2,5,95,2,,,,,,,,2,,,,,,,,,,,,,,,5,996.852.917.413.222
586946,1,4,5,95,2,,,,,,,,1,2,,1,,,40000,,,,2,2,2,,2,5,996.852.917.413.222
586946,1,5,5,95,2,,,,,,,,2,,,,,,,,,,,,,,,5,996.852.917.413.222
586947,1,1,5,95,2,,,,,,,,2,,,,,,,,,,,,,,,5,104.559.390.972.053
586947,1,2,5,95,2,,,,,,,,2,,,,,,,,,,,,,,,5,104.559.390.972.053
586947,1,4,5,95,1,,1,2,,,80000,2,2,,,,,,,,,,,,,,,5,104.559.390.972.053
586947,1,5,5,95,2,,,,,,,,2,,,,,,,,,,,,,,,5,104.559.390.972.053
586948,1,1,5,95,2,,,,,,,,2,,,,,,,,,,,,,,,5,104.580.340.615.116
586948,1,2,5,95,2,,,,,,,,2,,,,,,,,,,,,,,,5,104.580.340.615.116
586949,1,1,5,95,2,,,,,,,,1,2,,1,,,80000,,,,2,2,2,,2,5,143.348.234.850.289
586949,1,2,5,95,2,,,,,,,,2,,,,,,,,,,,,,,,5,143.348.234.850.289
586949,1,3,5,95,2,,,,,,,,1,2,,1,,,700000,,,,2,2,2,,2,5,143.348.234.850.289
586949,1,4,5,95,2,,,,,,,,2,,,,,,,,,,,,,,,5,143.348.234.850.289
586949,1,5,5,95,2,,,,,,,,2,,,,,,,,,,,,,,,5,143.348.234.850.289
586949,1,6,5,95,2,,,,,,,,2,,,,,,,,,,,,,,,5,143.348.234.850.289
586950,1,1,5,95,2,,,,,,,,2,,,,,,,,,,,,,,,5,144.413.104.675.507
586950,1,2,5,95,2,,,,,,,,2,,,,,,,,,,,,,,,5,144.413.104.675.507
586950,1,3,5,95,2,,,,,,,,1,2,,1,,,45000,,,,2,2,2,,2,5,144.413.104.675.507
586950,1,4,5,95,2,,,,,,,,1,2,,1,,,20000,,,,2,2,2,,2,5,144.413.104.675.507
586950,1,5,5,95,2,,,,,,,,2,,,,,,,,,,,,,,,5,144.413.104.675.507
586951,1,1,5,95,2,,,,,,,,2,,,,,,,,,,,,,,,5,136.753.692.047.782
586951,1,2,5,95,2,,,,,,,,2,,,,,,,,,,,,,,,5,136.753.692.047.782
586955,1,1,5,95,1,,2,1,,650000,,2,2,,,,,,,,,,,,,,,5,128.732.351.924.482
586955,1,2,5,95,2,,,,,,,,2,,,,,,,,,,,,,,,5,128.732.351.924.482
586955,1,3,5,95,2,,,,,,,,2,,,,,,,,,,,,,,,5,128.732.351.924.482
586955,1,4,5,95,2,,,,,,,,2,,,,,,,,,,,,,,,5,128.732.351.924.482
586956,1,1,5,95,2,,,,,,,,1,2,,2,,,,,,7200000,2,1,2,,2,5,831.193.041.407.193
586956,1,2,5,95,2,,,,,,,,1,2,,2,300000,,,,,,2,2,1,,2,5,831.193.041.407.193
586957,1,1,5,95,2,,,,,,,,2,,,,,,,,,,,,,,,5,113.295.020.398.574
586957,1,2,5,95,2,,,,,,,,2,,,,,,,,,,,,,,,5,113.295.020.398.574
586958,1,1,5,95,2,,,,,,,,2,,,,,,,,,,,,,,,5,104.580.340.615.116
586958,1,2,5,95,2,,,,,,,,2,,,,,,,,,,,,,,,5,104.580.340.615.116
586961,1,1,5,95,2,,,,,,,,2,,,,,,,,,,,,,,,5,104.580.340.615.116
586961,1,2,5,95,2,,,,,,,,2,,,,,,,,,,,,,,,5,104.580.340.615.116
586962,1,1,5,95,2,,,,,,,,2,,,,,,,,,,,,,,,5,626.355.830.710.728
586962,1,2,5,95,2,,,,,,,,2,,,,,,,,,,,,,,,5,626.355.830.710.728
586962,1,3,5,95,2,,,,,,,,2,,,,,,,,,,,,,,,5,626.355.830.710.728
586962,1,4,5,95,2,,,,,,,,2,,,,,,,,,,,,,,,5,626.355.830.710.728
586962,1,6,5,95,2,,,,,,,,2,,,,,,,,,,,,,,,5,626.355.830.710.728
586963,1,1,5,95,2,,,,,,,,1,2,,1,,,65000,,,,2,2,2,,2,5,127.115.690.603.113
586963,1,2,5,95,2,,,,,,,,2,,,,,,,,,,,,,,,5,127.115.690.603.113
586964,1,1,5,95,2,,,,,,,,2,,,,,,,,,,,,,,,5,111.236.282.492.827
586964,1,2,5,95,2,,,,,,,,2,,,,,,,,,,,,,,,5,111.236.282.492.827
586964,1,3,5,95,2,,,,,,,,2,,,,,,,,,,,,,,,5,111.236.282.492.827
586964,1,6,5,95,2,,,,,,,,2,,,,,,,,,,,,,,,5,111.236.282.492.827
586964,1,7,5,95,2,,,,,,,,2,,,,,,,,,,,,,,,5,111.236.282.492.827
586965,1,1,5,95,2,,,,,,,,2,,,,,,,,,,,,,,,5,137.092.627.075.423
586965,1,2,5,95,2,,,,,,,,2,,,,,,,,,,,,,,,5,137.092.627.075.423
586966,1,1,5,95,1,,1,2,,,260000,2,2,,,,,,,,,,,,,,,5,13.602.942.301.433
586967,1,1,5,95,2,,,,,,,,2,,,,,,,,,,,,,,,5,157.357.222.542.155
586967,1,2,5,95,2,,,,,,,,2,,,,,,,,,,,,,,,5,157.357.222.542.155
586971,1,1,5,95,2,,,,,,,,2,,,,,,,,,,,,,,,5,113.295.020.398.574
586971,1,2,5,95,2,,,,,,,,2,,,,,,,,,,,,,,,5,113.295.020.398.574
586972,1,1,5,95,2,,,,,,,,1,2,,1,,,45000,,,,2,2,2,,2,5,101.374.113.867.278
586972,1,2,5,95,2,,,,,,,,2,,,,,,,,,,,,,,,5,101.374.113.867.278
586973,1,1,5,95,2,,,,,,,,2,,,,,,,,,,,,,,,5,769.203.730.957.912
586973,1,2,5,95,1,,1,2,,,120000,2,2,,,,,,,,,,,,,,,5,769.203.730.957.912
586974,1,1,5,95,2,,,,,,,,1,2,,1,,,95000,,,,2,2,2,,2,5,113.295.020.398.574
586974,1,2,5,95,2,,,,,,,,1,2,,1,,,640000,,,,2,2,2,,2,5,113.295.020.398.574
586975,1,1,5,95,2,,,,,,,,2,,,,,,,,,,,,,,,5,947.442.321.561.154
586976,1,1,5,95,2,,,,,,,,2,,,,,,,,,,,,,,,5,114.407.713.206.219
586976,1,2,5,95,2,,,,,,,,2,,,,,,,,,,,,,,,5,114.407.713.206.219
586977,1,1,5,95,2,,,,,,,,2,,,,,,,,,,,,,,,5,120.588.975.088.218
586977,1,2,5,95,2,,,,,,,,2,,,,,,,,,,,,,,,5,120.588.975.088.218
586977,1,3,5,95,2,,,,,,,,2,,,,,,,,,,,,,,,5,120.588.975.088.218
586977,1,4,5,95,2,,,,,,,,2,,,,,,,,,,,,,,,5,120.588.975.088.218
586978,1,1,5,95,1,,1,2,,,170000,2,1,2,,1,,,54320,,,,2,2,2,,2,5,134.809.439.999.628
586978,1,2,5,95,2,,,,,,,,1,2,,1,,,54320,,,,2,2,2,,2,5,134.809.439.999.628
586978,1,3,5,95,2,,,,,,,,2,,,,,,,,,,,,,,,5,134.809.439.999.628
586979,1,1,5,95,2,,,,,,,,2,,,,,,,,,,,,,,,5,137.092.627.075.423
586979,1,2,5,95,2,,,,,,,,2,,,,,,,,,,,,,,,5,137.092.627.075.423
586980,1,1,5,95,2,,,,,,,,2,,,,,,,,,,,,,,,5,131.234.152.262.556
586980,1,2,5,95,1,,1,2,,,235000,2,2,,,,,,,,,,,,,,,5,131.234.152.262.556
586980,1,3,5,95,2,,,,,,,,2,,,,,,,,,,,,,,,5,131.234.152.262.556
586982,1,1,5,95,2,,,,,,,,1,2,,2,,,,,,18000000,2,1,2,,2,5,103.424.755.844.571
586982,1,2,5,95,2,,,,,,,,2,,,,,,,,,,,,,,,5,103.424.755.844.571
586983,1,1,5,95,1,,1,2,,,100000,2,2,,,,,,,,,,,,,,,5,881.604.579.122.367
586983,1,2,5,95,2,,,,,,,,2,,,,,,,,,,,,,,,5,881.604.579.122.367
586983,1,3,5,95,2,,,,,,,,2,,,,,,,,,,,,,,,5,881.604.579.122.367
586983,1,4,5,95,2,,,,,,,,2,,,,,,,,,,,,,,,5,881.604.579.122.367
586983,1,5,5,95,2,,,,,,,,2,,,,,,,,,,,,,,,5,881.604.579.122.367
586984,1,1,5,95,1,,1,2,,,300000,2,2,,,,,,,,,,,,,,,5,900.155.463.410.731
586984,1,2,5,95,2,,,,,,,,2,,,,,,,,,,,,,,,5,900.155.463.410.731
586984,1,3,5,95,2,,,,,,,,2,,,,,,,,,,,,,,,5,900.155.463.410.731
586984,1,5,5,95,2,,,,,,,,1,2,,2,,,,,,6000000,2,1,2,,2,5,900.155.463.410.731
586985,1,1,5,95,2,,,,,,,,2,,,,,,,,,,,,,,,5,549.496.254.374.801
586985,1,2,5,95,2,,,,,,,,2,,,,,,,,,,,,,,,5,549.496.254.374.801
586986,1,1,5,95,2,,,,,,,,2,,,,,,,,,,,,,,,5,630.558.816.445.307
586986,1,3,5,95,1,,1,2,,,100000,2,2,,,,,,,,,,,,,,,5,630.558.816.445.307
586987,1,1,5,95,2,,,,,,,,1,2,,1,,,600000,,,,2,2,2,,2,5,859.690.819.139.988
586987,1,2,5,95,2,,,,,,,,2,,,,,,,,,,,,,,,5,859.690.819.139.988
586989,1,1,5,95,1,,1,2,,,250000,2,2,,,,,,,,,,,,,,,5,211.660.891.252.944
586989,1,2,5,95,2,,,,,,,,1,2,,1,,,156000,,,,2,2,2,,2,5,211.660.891.252.944
586989,1,3,5,95,2,,,,,,,,2,,,,,,,,,,,,,,,5,211.660.891.252.944
586989,1,4,5,95,2,,,,,,,,2,,,,,,,,,,,,,,,5,211.660.891.252.944
586990,1,1,5,95,2,,,,,,,,2,,,,,,,,,,,,,,,5,137.092.627.075.423
586990,1,2,5,95,2,,,,,,,,2,,,,,,,,,,,,,,,5,137.092.627.075.423
586991,1,1,5,95,1,,1,1,,2300000,200000,2,2,,,,,,,,,,,,,,,5,109.206.324.861.207
586991,1,2,5,95,1,,2,1,,1200000,,2,2,,,,,,,,,,,,,,,5,109.206.324.861.207
586991,1,3,5,95,2,,,,,,,,2,,,,,,,,,,,,,,,5,109.206.324.861.207
586992,1,1,5,95,2,,,,,,,,1,2,,2,,,,,,2400000,2,1,2,,2,5,76.692.276.945.046
586992,1,2,5,95,2,,,,,,,,2,,,,,,,,,,,,,,,5,76.692.276.945.046
586993,1,1,5,95,2,,,,,,,,2,,,,,,,,,,,,,,,5,147.520.992.062.491
586993,1,2,5,95,2,,,,,,,,2,,,,,,,,,,,,,,,5,147.520.992.062.491
586993,1,3,5,95,2,,,,,,,,2,,,,,,,,,,,,,,,5,147.520.992.062.491
586994,1,1,5,95,1,,2,1,,1500000,,2,2,,,,,,,,,,,,,,,5,100.317.087.891.538
586995,1,1,5,95,1,,1,1,,6500000,1200000,2,1,2,,2,,,,10000000,,,1,2,2,,2,5,106.245.597.069.968
586995,1,2,5,95,2,,,,,,,,2,,,,,,,,,,,,,,,5,106.245.597.069.968
586996,1,1,5,95,1,,2,1,,850000,,2,2,,,,,,,,,,,,,,,5,108.023.275.315.213
586997,1,1,5,95,1,,2,1,,379500,,2,1,2,,2,,,,,,150000,2,1,2,,2,5,100.317.087.891.538
586998,1,1,5,95,2,,,,,,,,1,2,,1,,,99,,,,2,2,2,,2,5,991.316.113.676.253
586998,1,2,5,95,1,,1,2,,,280000,2,1,2,,2,,,,,,,2,2,2,2000000,1,5,991.316.113.676.253
586998,1,3,5,95,2,,,,,,,,2,,,,,,,,,,,,,,,5,991.316.113.676.253
586999,1,1,5,95,2,,,,,,,,1,2,,2,,,,,,3600000,2,1,2,,2,5,100.317.087.891.538
587000,1,1,5,95,2,,,,,,,,2,,,,,,,,,,,,,,,5,703.806.345.181.407
587000,1,2,5,95,2,,,,,,,,2,,,,,,,,,,,,,,,5,703.806.345.181.407
587000,1,3,5,95,2,,,,,,,,2,,,,,,,,,,,,,,,5,703.806.345.181.407
587000,1,4,5,95,2,,,,,,,,2,,,,,,,,,,,,,,,5,703.806.345.181.407
587000,1,5,5,95,2,,,,,,,,2,,,,,,,,,,,,,,,5,703.806.345.181.407
587001,1,1,5,95,2,,,,,,,,1,2,,1,,,2500000,5000000,,,1,2,2,,2,5,115.672.193.275.371
587001,1,2,5,95,2,,,,,,,,1,2,,1,,,2000000,,,,2,2,2,,2,5,115.672.193.275.371
587004,1,1,5,95,1,,1,2,,,170000,2,2,,,,,,,,,,,,,,,5,859.690.819.139.988
587004,1,2,5,95,2,,,,,,,,1,2,,1,,,70000,,,,2,2,2,,2,5,859.690.819.139.988
587005,1,1,5,95,2,,,,,,,,1,2,,2,,,,,,,2,2,2,1000000,1,5,858.059.994.196.625
587005,1,2,5,95,2,,,,,,,,2,,,,,,,,,,,,,,,5,858.059.994.196.625
587006,1,1,5,95,2,,,,,,,,2,,,,,,,,,,,,,,,5,876.480.058.531.436
587008,1,1,5,95,2,,,,,,,,2,,,,,,,,,,,,,,,5,102.022.322.316.554
587009,1,1,5,95,2,,,,,,,,1,2,,1,,,180000,,,,2,2,2,,2,5,1.010.174.589.234
587009,1,2,5,95,2,,,,,,,,1,2,,1,,,250000,,,,2,2,2,,2,5,1.010.174.589.234
587010,1,1,5,95,1,,1,1,,911000,50000,2,1,2,,2,,,,1000000,,,1,2,2,9600000,1,5,106.886.185.093.204
587010,1,2,5,95,2,,,,,,,,1,2,,2,,,,,,,2,2,2,9600000,1,5,106.886.185.093.204
587010,1,3,5,95,2,,,,,,,,1,2,,2,,,,,,,2,2,2,9600000,1,5,106.886.185.093.204
587011,1,1,5,95,2,,,,,,,,1,2,,2,,,,,,7200000,2,1,2,,2,5,129.088.831.446.423
587011,1,2,5,95,2,,,,,,,,1,2,,1,,,99,,,,2,2,2,,2,5,129.088.831.446.423
587012,1,1,5,95,2,,,,,,,,2,,,,,,,,,,,,,,,5,113.295.020.398.574
587012,1,2,5,95,2,,,,,,,,2,,,,,,,,,,,,,,,5,113.295.020.398.574
587013,1,1,5,95,2,,,,,,,,2,,,,,,,,,,,,,,,5,126.070.944.385.669
587013,1,2,5,95,2,,,,,,,,2,,,,,,,,,,,,,,,5,126.070.944.385.669
587014,1,1,5,95,1,,2,1,,379500,,2,1,2,,2,,,,,,433700,2,1,2,,2,5,10.658.726.117.563
587016,1,1,5,95,1,,2,1,,379500,,2,1,2,,2,,,,100000,,,1,2,2,,2,5,117.928.969.087.801
587016,1,2,5,95,1,,2,1,,800000,,2,1,2,,2,500000,,,,,,2,2,1,,2,5,117.928.969.087.801
587016,1,3,5,95,2,,,,,,,,1,2,,2,,,,432000,,,1,2,2,1000000,1,5,117.928.969.087.801
587016,1,4,5,95,2,,,,,,,,1,2,,1,,,160000,120000,,,1,2,2,10000000,1,5,117.928.969.087.801
587016,1,5,5,95,2,,,,,,,,1,2,,1,,,70000,,,,2,2,2,,2,5,117.928.969.087.801
587017,1,1,5,95,2,,,,,,,,1,2,,2,,,,,,10000000,2,1,2,,2,5,123.272.316.950.562
587017,1,2,5,95,2,,,,,,,,1,2,,2,,,,,,10000000,2,1,2,,2,5,123.272.316.950.562
587018,1,1,5,95,2,,,,,,,,1,2,,1,,,48960,,,,2,2,2,,2,5,123.269.367.843.766
587018,1,2,5,95,2,,,,,,,,2,,,,,,,,,,,,,,,5,123.269.367.843.766
587019,1,1,5,95,1,,1,2,,,99,2,2,,,,,,,,,,,,,,,5,951.581.793.370.818
587019,1,2,5,95,2,,,,,,,,2,,,,,,,,,,,,,,,5,951.581.793.370.818
587019,1,3,5,95,2,,,,,,,,2,,,,,,,,,,,,,,,5,951.581.793.370.818
587019,1,4,5,95,2,,,,,,,,2,,,,,,,,,,,,,,,5,951.581.793.370.818
587019,1,5,5,95,1,,2,1,,379500,,2,2,,,,,,,,,,,,,,,5,951.581.793.370.818
587020,1,1,5,95,2,,,,,,,,2,,,,,,,,,,,,,,,5,955.530.080.761.157
587020,1,2,5,95,2,,,,,,,,2,,,,,,,,,,,,,,,5,955.530.080.761.157
587020,1,3,5,95,2,,,,,,,,2,,,,,,,,,,,,,,,5,955.530.080.761.157
587020,1,4,5,95,2,,,,,,,,1,2,,2,,,,,,,2,2,2,500000,1,5,955.530.080.761.157
587021,1,1,5,95,2,,,,,,,,1,2,,2,,,,,,18000000,2,1,2,,2,5,916.549.332.699.109
587022,1,1,5,95,2,,,,,,,,1,2,,2,,,,,,2400000,2,1,2,,2,5,104.539.300.694.933
587023,1,1,5,95,1,,1,2,,,800000,2,1,2,,1,,,384000,7000000,,,1,2,2,3500000,1,5,130.907.660.117.416
587024,1,1,5,95,2,,,,,,,,1,2,,2,,,,,,2400000,2,1,2,,2,5,110.731.756.250.097
587024,1,2,5,95,2,,,,,,,,1,2,,2,,,,,,7200000,2,1,2,,2,5,110.731.756.250.097
587025,1,1,5,95,2,,,,,,,,1,2,,1,,,268440,,,6000000,2,1,2,,2,5,812.033.166.749.536
587025,1,2,5,95,2,,,,,,,,1,2,,2,,,,,,400000,2,1,2,,2,5,812.033.166.749.536
587026,1,1,5,95,2,,,,,,,,1,2,,1,,,52044,,,,2,2,2,,2,5,119.013.098.015.157
587026,1,2,5,95,2,,,,,,,,2,,,,,,,,,,,,,,,5,119.013.098.015.157
587026,1,3,5,95,2,,,,,,,,2,,,,,,,,,,,,,,,5,119.013.098.015.157
587027,1,1,5,95,2,,,,,,,,1,2,,1,,,78000,,,,2,2,2,,2,5,118.654.610.963.942
587027,1,2,5,95,2,,,,,,,,1,2,,1,,,84000,,,,2,2,2,,2,5,118.654.610.963.942
587028,1,1,5,95,1,,1,1,,430000,300000,2,2,,,,,,,,,,,,,,,5,126.168.237.298.054
587028,1,2,5,95,1,,1,2,,,400000,2,1,2,,1,,,120000,,,,2,2,2,3000000,1,5,126.168.237.298.054
587029,1,1,5,95,2,,,,,,,,1,2,,2,,,,,,300000,2,1,2,,2,5,100.317.087.891.538
587030,1,1,5,95,2,,,,,,,,2,,,,,,,,,,,,,,,5,510.473.830.683.917
587030,1,2,5,95,2,,,,,,,,2,,,,,,,,,,,,,,,5,510.473.830.683.917
587030,1,3,5,95,2,,,,,,,,1,2,,2,,,,,,,2,2,2,300000,1,5,510.473.830.683.917
587030,1,4,5,95,2,,,,,,,,2,,,,,,,,,,,,,,,5,510.473.830.683.917
587030,1,5,5,95,2,,,,,,,,2,,,,,,,,,,,,,,,5,510.473.830.683.917
587030,1,8,5,95,2,,,,,,,,2,,,,,,,,,,,,,,,5,510.473.830.683.917
587030,1,9,5,95,2,,,,,,,,2,,,,,,,,,,,,,,,5,510.473.830.683.917
587031,1,1,5,95,1,,1,2,,,7000000,2,1,2,,2,,,,,,,2,2,2,70000000,1,5,103.346.998.253.761
587031,1,2,5,95,2,,,,,,,,2,,,,,,,,,,,,,,,5,103.346.998.253.761
587031,1,4,5,95,2,,,,,,,,1,2,,2,,,,,,300000,2,1,2,,2,5,103.346.998.253.761
587032,1,1,5,95,1,,2,1,,403900,,2,1,2,,2,,,,,,,2,2,2,13000000,1,5,124.182.154.954.132
587032,1,2,5,95,2,,,,,,,,1,2,,1,,,672000,,,,2,2,2,630000,1,5,124.182.154.954.132
587032,1,3,5,95,2,,,,,,,,2,,,,,,,,,,,,,,,5,124.182.154.954.132
587033,1,1,5,95,1,,2,1,,2000000,,2,1,2,,1,,,240000,,,,2,2,2,,2,5,925.778.735.621.317
587033,1,2,5,95,2,,,,,,,,1,2,,1,,,84000,,,,2,2,2,,2,5,925.778.735.621.317
587033,1,3,5,95,2,,,,,,,,1,2,,2,,,,,,2000000,2,1,2,,2,5,925.778.735.621.317
587034,1,1,5,95,1,,1,2,,,470000,2,1,2,,2,,,,,,,2,2,2,80800000,1,5,130.907.660.117.416
587035,1,1,5,95,2,,,,,,,,1,2,,2,,,,,,600000,2,1,2,,2,5,13.697.340.485.993
587035,1,2,5,95,2,,,,,,,,2,,,,,,,,,,,,,,,5,13.697.340.485.993
587036,1,1,5,95,1,,1,2,,,800000,2,2,,,,,,,,,,,,,,,5,99.198.630.252.406
587036,1,2,5,95,2,,,,,,,,2,,,,,,,,,,,,,,,5,99.198.630.252.406
587036,1,3,5,95,2,,,,,,,,2,,,,,,,,,,,,,,,5,99.198.630.252.406
587037,1,1,5,95,1,,2,1,,461500,,2,1,2,,2,,,,,,200000,2,1,2,,2,5,108.705.013.764.198
587037,1,2,5,95,1,,2,1,,1200000,,2,2,,,,,,,,,,,,,,,5,108.705.013.764.198
587038,1,1,5,95,1,,2,1,,1500000,,2,2,,,,,,,,,,,,,,,5,103.729.681.752.119
587038,1,2,5,95,2,,,,,,,,2,,,,,,,,,,,,,,,5,103.729.681.752.119
587038,1,3,5,95,2,,,,,,,,1,2,,1,,,192000,,,,2,2,2,,2,5,103.729.681.752.119
587038,1,4,5,95,2,,,,,,,,2,,,,,,,,,,,,,,,5,103.729.681.752.119
587038,1,5,5,95,2,,,,,,,,2,,,,,,,,,,,,,,,5,103.729.681.752.119
587040,1,1,5,95,2,,,,,,,,2,,,,,,,,,,,,,,,5,144.299.410.792.692
587040,1,2,5,95,2,,,,,,,,2,,,,,,,,,,,,,,,5,144.299.410.792.692
587040,1,3,5,95,2,,,,,,,,2,,,,,,,,,,,,,,,5,144.299.410.792.692
587040,1,4,5,95,2,,,,,,,,2,,,,,,,,,,,,,,,5,144.299.410.792.692
587041,1,1,5,95,2,,,,,,,,1,2,,1,,,60000,,,2800000,2,1,2,5000000,1,5,879.865.780.856.436
587041,1,2,5,95,2,,,,,,,,1,2,,2,,,,,,200000,2,1,2,,2,5,879.865.780.856.436
587042,1,1,5,95,2,,,,,,,,1,2,,1,,,108000,,,,2,2,2,,2,5,936.246.117.070.185
587042,1,2,5,95,2,,,,,,,,2,,,,,,,,,,,,,,,5,936.246.117.070.185
587042,1,3,5,95,2,,,,,,,,1,2,,2,,,,,,200000,2,1,2,,2,5,936.246.117.070.185
587043,1,1,5,95,2,,,,,,,,1,2,,2,,,,,,250000,2,1,2,120000,1,5,932.887.204.806.971
587043,1,2,5,95,2,,,,,,,,1,2,,2,,,,,,250000,2,1,2,900000,1,5,932.887.204.806.971
587044,1,1,5,95,1,,2,1,,497347,,2,1,2,,2,528000,,,,,200000,2,1,1,,2,5,96.479.620.083.183
587044,1,2,5,95,2,,,,,,,,2,,,,,,,,,,,,,,,5,96.479.620.083.183
587044,1,3,5,95,2,,,,,,,,1,2,,2,,,,,,100000,2,1,2,,2,5,96.479.620.083.183
587044,1,4,5,95,2,,,,,,,,2,,,,,,,,,,,,,,,5,96.479.620.083.183
587046,1,1,5,95,2,,,,,,,,2,,,,,,,,,,,,,,,5,117.377.148.888.281
587046,1,2,5,95,2,,,,,,,,1,2,,1,,,108000,,,,2,2,2,,2,5,117.377.148.888.281
587046,1,3,5,95,2,,,,,,,,1,2,,1,,,52044,,,,2,2,2,,2,5,117.377.148.888.281
587046,1,4,5,95,2,,,,,,,,2,,,,,,,,,,,,,,,5,117.377.148.888.281
587048,1,1,5,95,2,,,,,,,,2,,,,,,,,,,,,,,,5,112.224.554.548.209
587049,1,1,5,95,2,,,,,,,,1,2,,1,,,168000,,,,2,2,2,,2,5,11.374.574.936.406
587049,1,2,5,95,2,,,,,,,,2,,,,,,,,,,,,,,,5,11.374.574.936.406
587049,1,3,5,95,2,,,,,,,,2,,,,,,,,,,,,,,,5,11.374.574.936.406
587050,1,1,5,95,2,,,,,,,,2,,,,,,,,,,,,,,,5,115.672.193.275.371
587050,1,2,5,95,2,,,,,,,,2,,,,,,,,,,,,,,,5,115.672.193.275.371
587051,1,1,5,95,2,,,,,,,,1,2,,2,,,,,,450000,2,1,2,,2,5,883.173.828.910.368
587051,1,2,5,95,2,,,,,,,,1,2,,2,,,,,,,2,2,2,160000,1,5,883.173.828.910.368
587051,1,3,5,95,2,,,,,,,,2,,,,,,,,,,,,,,,5,883.173.828.910.368
587051,1,4,5,95,2,,,,,,,,2,,,,,,,,,,,,,,,5,883.173.828.910.368
587052,1,1,5,95,2,,,,,,,,1,2,,2,,,,,,1220000,2,1,2,,2,5,106.886.779.171.863
587053,1,1,5,95,1,,1,2,,,600000,2,1,2,,2,,,,,,,2,2,2,3000000,1,5,180.074.318.442.981
587053,1,2,5,95,2,,,,,,,,2,,,,,,,,,,,,,,,5,180.074.318.442.981
587053,1,3,5,95,2,,,,,,,,2,,,,,,,,,,,,,,,5,180.074.318.442.981
587053,1,4,5,95,2,,,,,,,,2,,,,,,,,,,,,,,,5,180.074.318.442.981
587054,1,1,5,95,2,,,,,,,,2,,,,,,,,,,,,,,,5,117.911.455.248.264
587054,1,2,5,95,2,,,,,,,,1,2,,2,,,,,,300000,2,1,2,,2,5,117.911.455.248.264
587054,1,3,5,95,2,,,,,,,,2,,,,,,,,,,,,,,,5,117.911.455.248.264
587054,1,4,5,95,2,,,,,,,,1,2,,2,,,,,,200000,2,1,2,,2,5,117.911.455.248.264
587054,1,5,5,95,2,,,,,,,,1,2,,2,,,,,,4800000,2,1,2,,2,5,117.911.455.248.264
587055,1,1,5,95,1,,1,2,,,250000,2,2,,,,,,,,,,,,,,,5,12.552.238.859.106
587055,1,2,5,95,2,,,,,,,,2,,,,,,,,,,,,,,,5,12.552.238.859.106
587055,1,3,5,95,2,,,,,,,,2,,,,,,,,,,,,,,,5,12.552.238.859.106
587055,1,4,5,95,2,,,,,,,,2,,,,,,,,,,,,,,,5,12.552.238.859.106
587056,1,1,5,95,2,,,,,,,,1,2,,1,,,50000,,,,2,2,2,,2,5,806.125.192.271.945
587056,1,2,5,95,2,,,,,,,,2,,,,,,,,,,,,,,,5,806.125.192.271.945
587056,1,3,5,95,2,,,,,,,,2,,,,,,,,,,,,,,,5,806.125.192.271.945
587056,1,4,5,95,2,,,,,,,,1,2,,1,,,204000,,,,2,2,2,,2,5,806.125.192.271.945
587057,1,1,5,95,1,,2,1,,433700,,2,2,,,,,,,,,,,,,,,5,108.889.758.661.506
587057,1,2,5,95,2,,,,,,,,2,,,,,,,,,,,,,,,5,108.889.758.661.506
587057,1,3,5,95,2,,,,,,,,2,,,,,,,,,,,,,,,5,108.889.758.661.506
587057,1,4,5,95,2,,,,,,,,2,,,,,,,,,,,,,,,5,108.889.758.661.506
587058,1,1,5,95,2,,,,,,,,2,,,,,,,,,,,,,,,5,730.694.630.137.036
587058,1,2,5,95,2,,,,,,,,2,,,,,,,,,,,,,,,5,730.694.630.137.036
587059,1,1,5,95,1,,2,1,,2000000,,2,2,,,,,,,,,,,,,,,5,915.110.754.116.076
587059,1,2,5,95,2,,,,,,,,2,,,,,,,,,,,,,,,5,915.110.754.116.076
587059,1,3,5,95,2,,,,,,,,2,,,,,,,,,,,,,,,5,915.110.754.116.076
587060,1,1,5,95,2,,,,,,,,1,2,,1,,,57000,,,,2,2,2,,2,5,117.652.883.192.006
587060,1,2,5,95,2,,,,,,,,2,,,,,,,,,,,,,,,5,117.652.883.192.006
587061,1,1,5,95,2,,,,,,,,2,,,,,,,,,,,,,,,5,975.309.175.176.317
587061,1,2,5,95,2,,,,,,,,2,,,,,,,,,,,,,,,5,975.309.175.176.317
587061,1,3,5,95,2,,,,,,,,2,,,,,,,,,,,,,,,5,975.309.175.176.317
587062,1,1,5,95,1,,2,1,,461500,,2,2,,,,,,,,,,,,,,,5,11.393.457.042.755
587062,1,2,5,95,2,,,,,,,,2,,,,,,,,,,,,,,,5,11.393.457.042.755
587062,1,3,5,95,2,,,,,,,,2,,,,,,,,,,,,,,,5,11.393.457.042.755
587062,1,4,5,95,2,,,,,,,,2,,,,,,,,,,,,,,,5,11.393.457.042.755
587062,1,6,5,95,2,,,,,,,,2,,,,,,,,,,,,,,,5,11.393.457.042.755
587062,1,7,5,95,2,,,,,,,,1,2,,1,,,50000,,,,2,2,2,,2,5,11.393.457.042.755
587062,1,8,5,95,2,,,,,,,,2,,,,,,,,,,,,,,,5,11.393.457.042.755
587062,2,1,5,95,2,,,,,,,,1,2,,1,,,25000,,,,2,2,2,,2,5,11.393.457.042.755
587062,2,2,5,95,2,,,,,,,,1,2,,1,,,65900,,,,2,2,2,,2,5,11.393.457.042.755
587062,2,3,5,95,2,,,,,,,,2,,,,,,,,,,,,,,,5,11.393.457.042.755
587063,1,1,5,95,2,,,,,,,,2,,,,,,,,,,,,,,,5,949.384.195.611.486
587063,1,2,5,95,2,,,,,,,,2,,,,,,,,,,,,,,,5,949.384.195.611.486
587063,1,3,5,95,2,,,,,,,,2,,,,,,,,,,,,,,,5,949.384.195.611.486
587064,1,1,5,95,2,,,,,,,,2,,,,,,,,,,,,,,,5,104.218.655.371.727
587065,1,1,5,95,2,,,,,,,,1,2,,1,,,65000,,,,2,2,2,,2,5,807.681.033.265.212
587065,1,2,5,95,2,,,,,,,,2,,,,,,,,,,,,,,,5,807.681.033.265.212
587065,1,3,5,95,2,,,,,,,,2,,,,,,,,,,,,,,,5,807.681.033.265.212
587065,1,4,5,95,2,,,,,,,,2,,,,,,,,,,,,,,,5,807.681.033.265.212
587067,1,1,5,95,2,,,,,,,,2,,,,,,,,,,,,,,,5,122.805.441.897.126
587067,1,2,5,95,2,,,,,,,,2,,,,,,,,,,,,,,,5,122.805.441.897.126
587067,1,3,5,95,2,,,,,,,,2,,,,,,,,,,,,,,,5,122.805.441.897.126
587067,1,4,5,95,2,,,,,,,,2,,,,,,,,,,,,,,,5,122.805.441.897.126
587068,1,1,5,95,1,,1,2,,,100000,2,2,,,,,,,,,,,,,,,5,101.440.451.670.739
587068,1,2,5,95,2,,,,,,,,1,2,,2,,,,,,2400000,2,1,2,,2,5,101.440.451.670.739
587068,1,3,5,95,2,,,,,,,,2,,,,,,,,,,,,,,,5,101.440.451.670.739
587069,1,1,5,95,1,,2,1,,2070000,,2,1,2,,2,,,,130000,,,1,2,2,,2,5,108.023.275.315.213
587070,1,1,5,95,1,,2,1,,1200000,,2,2,,,,,,,,,,,,,,,5,69.638.611.184.725
587070,1,2,5,95,2,,,,,,,,2,,,,,,,,,,,,,,,5,69.638.611.184.725
587070,1,3,5,95,2,,,,,,,,2,,,,,,,,,,,,,,,5,69.638.611.184.725
587071,1,1,5,95,1,,2,1,,99,,2,2,,,,,,,,,,,,,,,5,9.426.206.615.402
587071,1,2,5,95,2,,,,,,,,2,,,,,,,,,,,,,,,5,9.426.206.615.402
587072,1,1,5,95,1,,2,1,,2500000,,2,2,,,,,,,,,,,,,,,5,110.997.533.743.047
587072,1,2,5,95,2,,,,,,,,2,,,,,,,,,,,,,,,5,110.997.533.743.047
587072,1,3,5,95,2,,,,,,,,1,2,,1,,,48600,,,,2,2,2,,2,5,110.997.533.743.047
587073,1,1,5,95,2,,,,,,,,1,2,,1,,,1200000,,,,2,2,2,,2,5,103.829.979.516.587
587073,1,2,5,95,2,,,,,,,,2,,,,,,,,,,,,,,,5,103.829.979.516.587
587073,1,3,5,95,2,,,,,,,,2,,,,,,,,,,,,,,,5,103.829.979.516.587
587073,1,4,5,95,2,,,,,,,,2,,,,,,,,,,,,,,,5,103.829.979.516.587
587074,1,1,5,95,2,,,,,,,,2,,,,,,,,,,,,,,,5,14.357.434.380.213
587074,1,2,5,95,2,,,,,,,,2,,,,,,,,,,,,,,,5,14.357.434.380.213
587074,1,3,5,95,2,,,,,,,,2,,,,,,,,,,,,,,,5,14.357.434.380.213
587075,1,1,5,95,2,,,,,,,,2,,,,,,,,,,,,,,,5,10.988.248.301.017
587075,1,2,5,95,2,,,,,,,,2,,,,,,,,,,,,,,,5,10.988.248.301.017
587076,1,1,11,95,1,,1,2,,,350000,2,1,2,,2,,,,,,4000000,2,1,2,,2,11,210.422.091.709.256
587077,1,1,11,95,2,,,,,,,,2,,,,,,,,,,,,,,,11,284.809.088.091.978
587078,1,1,11,95,2,,,,,,,,2,,,,,,,,,,,,,,,11,249.472.398.561.656
587078,1,2,11,95,1,,1,2,,,530000,2,2,,,,,,,,,,,,,,,11,249.472.398.561.656
587078,1,3,11,95,2,,,,,,,,1,2,,1,,,60000,,,,2,2,2,,2,11,249.472.398.561.656
587078,1,4,11,95,1,,1,2,,,400000,2,1,2,,1,,,250000,,,,2,2,2,,2,11,249.472.398.561.656
587079,1,1,11,95,2,,,,,,,,2,,,,,,,,,,,,,,,11,339.618.168.541.243
587079,1,2,11,95,2,,,,,,,,2,,,,,,,,,,,,,,,11,339.618.168.541.243
587080,1,1,11,95,2,,,,,,,,2,,,,,,,,,,,,,,,11,250.454.829.506.869
587080,1,2,11,95,2,,,,,,,,2,,,,,,,,,,,,,,,11,250.454.829.506.869
587081,1,1,11,95,2,,,,,,,,2,,,,,,,,,,,,,,,11,276.526.306.837.156
587081,1,2,11,95,2,,,,,,,,2,,,,,,,,,,,,,,,11,276.526.306.837.156
587081,1,4,11,95,2,,,,,,,,2,,,,,,,,,,,,,,,11,276.526.306.837.156
587082,1,1,11,95,1,,2,1,,1600000,,2,1,2,,2,,,,4000000,,,1,2,2,,2,11,199.683.460.550.661
587082,1,2,11,95,1,,2,1,,650000,,2,2,,,,,,,,,,,,,,,11,199.683.460.550.661
587085,1,1,11,95,2,,,,,,,,2,,,,,,,,,,,,,,,11,310.880.565.422.265
587085,1,2,11,95,1,,1,2,,,110000,2,2,,,,,,,,,,,,,,,11,310.880.565.422.265
587086,1,1,11,95,2,,,,,,,,2,,,,,,,,,,,,,,,11,293.537.113.415.886
587086,1,2,11,95,2,,,,,,,,2,,,,,,,,,,,,,,,11,293.537.113.415.886
587087,1,1,11,95,2,,,,,,,,2,,,,,,,,,,,,,,,11,284.809.088.091.978
587088,1,1,11,95,1,,1,2,,,350000,2,2,,,,,,,,,,,,,,,11,255.284.880.204.683
587088,1,2,11,95,2,,,,,,,,2,,,,,,,,,,,,,,,11,255.284.880.204.683
587088,1,3,11,95,2,,,,,,,,2,,,,,,,,,,,,,,,11,255.284.880.204.683
587088,1,5,11,95,2,,,,,,,,2,,,,,,,,,,,,,,,11,255.284.880.204.683
587089,1,1,11,95,1,,2,1,,433000,,2,2,,,,,,,,,,,,,,,11,244.540.514.609.648
587090,1,1,11,95,2,,,,,,,,1,2,,1,,,2500000,,,,2,2,2,,2,11,28.135.062.309.853
587091,1,1,11,95,2,,,,,,,,1,2,,2,,,,,,4800000,2,1,2,,2,11,250.454.829.506.869
587091,2,1,11,95,1,,1,2,,,500000,2,2,,,,,,,,,,,,,,,11,250.454.829.506.869
587092,1,1,11,95,2,,,,,,,,2,,,,,,,,,,,,,,,11,284.809.088.091.978
587093,1,1,11,95,2,,,,,,,,2,,,,,,,,,,,,,,,11,147.676.349.397.008
587093,1,2,11,95,2,,,,,,,,2,,,,,,,,,,,,,,,11,147.676.349.397.008
587093,1,3,11,95,2,,,,,,,,2,,,,,,,,,,,,,,,11,147.676.349.397.008
587093,1,4,11,95,2,,,,,,,,2,,,,,,,,,,,,,,,11,147.676.349.397.008
587093,1,5,11,95,2,,,,,,,,2,,,,,,,,,,,,,,,11,147.676.349.397.008
587095,1,1,11,95,1,,1,2,,,98,2,1,2,,2,10000000,,,,,5000000,2,1,1,,2,11,17.967.388.275.559
587095,1,2,11,95,2,,,,,,,,2,,,,,,,,,,,,,,,11,17.967.388.275.559
587095,1,3,11,95,2,,,,,,,,2,,,,,,,,,,,,,,,11,17.967.388.275.559
587096,1,1,11,95,2,,,,,,,,2,,,,,,,,,,,,,,,11,265.937.968.893.504
587096,1,2,11,95,2,,,,,,,,2,,,,,,,,,,,,,,,11,265.937.968.893.504
587096,1,3,11,95,2,,,,,,,,2,,,,,,,,,,,,,,,11,265.937.968.893.504
587096,2,1,11,95,2,,,,,,,,2,,,,,,,,,,,,,,,11,265.937.968.893.504
587096,2,2,11,95,2,,,,,,,,2,,,,,,,,,,,,,,,11,265.937.968.893.504
587096,3,1,11,95,1,,2,1,,1000000,,2,2,,,,,,,,,,,,,,,11,265.937.968.893.504
587097,1,1,11,95,1,,2,1,,450000,,2,2,,,,,,,,,,,,,,,11,192.769.239.140.712
587097,1,2,11,95,2,,,,,,,,2,,,,,,,,,,,,,,,11,192.769.239.140.712
587097,1,3,11,95,2,,,,,,,,2,,,,,,,,,,,,,,,11,192.769.239.140.712
587098,1,1,11,95,2,,,,,,,,1,2,,2,,,,,,4200000,2,1,2,,2,11,154.573.095.239.442
587098,1,2,11,95,2,,,,,,,,2,,,,,,,,,,,,,,,11,154.573.095.239.442
587098,1,3,11,95,2,,,,,,,,1,2,,2,,,,,,12000000,2,1,2,,2,11,154.573.095.239.442
587098,1,4,11,95,2,,,,,,,,1,2,,2,,,,,,6000000,2,1,2,,2,11,154.573.095.239.442
587099,1,1,11,95,2,,,,,,,,2,,,,,,,,,,,,,,,11,253.268.539.933.556
587099,1,2,11,95,2,,,,,,,,2,,,,,,,,,,,,,,,11,253.268.539.933.556
587100,1,1,11,95,2,,,,,,,,2,,,,,,,,,,,,,,,11,24.788.772.015.214
587100,1,2,11,95,2,,,,,,,,2,,,,,,,,,,,,,,,11,24.788.772.015.214
587101,1,1,11,95,2,,,,,,,,2,,,,,,,,,,,,,,,11,266.023.511.363.277
587101,1,2,11,95,2,,,,,,,,2,,,,,,,,,,,,,,,11,266.023.511.363.277
587101,1,3,11,95,2,,,,,,,,2,,,,,,,,,,,,,,,11,266.023.511.363.277
587103,1,1,11,95,2,,,,,,,,2,,,,,,,,,,,,,,,11,36.835.577.166.022
587103,1,2,11,95,2,,,,,,,,2,,,,,,,,,,,,,,,11,36.835.577.166.022
587104,1,1,11,95,1,,1,1,,450000,3500000,2,2,,,,,,,,,,,,,,,11,188.401.908.079.498
587104,1,2,11,95,2,,,,,,,,2,,,,,,,,,,,,,,,11,188.401.908.079.498
587104,1,3,11,95,2,,,,,,,,2,,,,,,,,,,,,,,,11,188.401.908.079.498
587104,1,5,11,95,2,,,,,,,,2,,,,,,,,,,,,,,,11,188.401.908.079.498
587105,1,1,11,95,1,,2,1,,1000000,,2,2,,,,,,,,,,,,,,,11,147.676.349.397.008
587105,1,2,11,95,2,,,,,,,,2,,,,,,,,,,,,,,,11,147.676.349.397.008
587105,1,3,11,95,2,,,,,,,,2,,,,,,,,,,,,,,,11,147.676.349.397.008
587105,1,4,11,95,2,,,,,,,,2,,,,,,,,,,,,,,,11,147.676.349.397.008
587105,1,5,11,95,2,,,,,,,,2,,,,,,,,,,,,,,,11,147.676.349.397.008
587106,1,1,11,95,2,,,,,,,,2,,,,,,,,,,,,,,,11,313.237.290.648.791
587106,1,2,11,95,2,,,,,,,,2,,,,,,,,,,,,,,,11,313.237.290.648.791
587106,1,3,11,95,2,,,,,,,,2,,,,,,,,,,,,,,,11,313.237.290.648.791
587107,1,1,11,95,2,,,,,,,,2,,,,,,,,,,,,,,,11,230.445.251.711.799
587107,1,2,11,95,2,,,,,,,,2,,,,,,,,,,,,,,,11,230.445.251.711.799
587107,1,3,11,95,2,,,,,,,,2,,,,,,,,,,,,,,,11,230.445.251.711.799
587108,1,1,11,95,1,,2,1,,800000,,2,2,,,,,,,,,,,,,,,11,210.422.091.709.256
587109,1,1,11,95,2,,,,,,,,2,,,,,,,,,,,,,,,11,235.269.567.973.173
587111,1,1,11,95,1,,2,1,,98,,2,2,,,,,,,,,,,,,,,11,165.565.037.650.268
587111,1,2,11,95,1,,1,2,,,400000,2,2,,,,,,,,,,,,,,,11,165.565.037.650.268
587112,1,1,11,95,2,,,,,,,,2,,,,,,,,,,,,,,,11,259.182.854.830.777
587112,1,2,11,95,1,,1,2,,,500000,2,2,,,,,,,,,,,,,,,11,259.182.854.830.777
587112,1,3,11,95,2,,,,,,,,2,,,,,,,,,,,,,,,11,259.182.854.830.777
587113,1,1,11,95,1,,2,1,,5000000,,2,2,,,,,,,,,,,,,,,11,226.887.662.041.104
587113,1,2,11,95,2,,,,,,,,2,,,,,,,,,,,,,,,11,226.887.662.041.104
587113,1,3,11,95,2,,,,,,,,2,,,,,,,,,,,,,,,11,226.887.662.041.104
587114,1,1,11,95,1,,2,1,,433700,,2,2,,,,,,,,,,,,,,,11,162.021.030.187.046
587114,1,2,11,95,2,,,,,,,,2,,,,,,,,,,,,,,,11,162.021.030.187.046
587114,1,3,11,95,2,,,,,,,,2,,,,,,,,,,,,,,,11,162.021.030.187.046
587114,1,4,11,95,2,,,,,,,,2,,,,,,,,,,,,,,,11,162.021.030.187.046
587114,1,5,11,95,2,,,,,,,,2,,,,,,,,,,,,,,,11,162.021.030.187.046
587115,1,1,11,95,2,,,,,,,,2,,,,,,,,,,,,,,,11,258.743.345.198.131
587115,1,2,11,95,1,,2,1,,1800000,,2,2,,,,,,,,,,,,,,,11,258.743.345.198.131
587115,1,3,11,95,2,,,,,,,,2,,,,,,,,,,,,,,,11,258.743.345.198.131
587115,1,4,11,95,2,,,,,,,,2,,,,,,,,,,,,,,,11,258.743.345.198.131
587116,1,1,11,95,2,,,,,,,,2,,,,,,,,,,,,,,,11,190.412.513.914.185
587116,1,2,11,95,2,,,,,,,,2,,,,,,,,,,,,,,,11,190.412.513.914.185
587118,1,1,11,95,2,,,,,,,,2,,,,,,,,,,,,,,,11,127.639.572.884.122
587118,1,2,11,95,2,,,,,,,,2,,,,,,,,,,,,,,,11,127.639.572.884.122
587118,1,3,11,95,2,,,,,,,,2,,,,,,,,,,,,,,,11,127.639.572.884.122
587118,1,4,11,95,2,,,,,,,,2,,,,,,,,,,,,,,,11,127.639.572.884.122
587118,1,6,11,95,2,,,,,,,,2,,,,,,,,,,,,,,,11,127.639.572.884.122
587118,1,7,11,95,2,,,,,,,,2,,,,,,,,,,,,,,,11,127.639.572.884.122
587118,1,8,11,95,1,,2,2,500000,,,1,2,,,,,,,,,,,,,,,11,127.639.572.884.122
587118,1,9,11,95,2,,,,,,,,2,,,,,,,,,,,,,,,11,127.639.572.884.122
587118,1,10,11,95,1,,2,1,,2000000,,2,2,,,,,,,,,,,,,,,11,127.639.572.884.122
587119,1,1,11,95,2,,,,,,,,2,,,,,,,,,,,,,,,11,24.399.759.329.708
587119,1,3,11,95,2,,,,,,,,2,,,,,,,,,,,,,,,11,24.399.759.329.708
587120,1,1,11,95,2,,,,,,,,2,,,,,,,,,,,,,,,11,299.011.918.680.461
587120,1,2,11,95,2,,,,,,,,2,,,,,,,,,,,,,,,11,299.011.918.680.461
587120,1,3,11,95,2,,,,,,,,2,,,,,,,,,,,,,,,11,299.011.918.680.461
587120,1,4,11,95,2,,,,,,,,2,,,,,,,,,,,,,,,11,299.011.918.680.461
587121,1,1,11,95,2,,,,,,,,2,,,,,,,,,,,,,,,11,215.259.990.178.102
587121,1,2,11,95,2,,,,,,,,2,,,,,,,,,,,,,,,11,215.259.990.178.102
587122,1,1,11,95,1,,2,1,,1200000,,2,2,,,,,,,,,,,,,,,11,200.128.704.619.746
587122,1,2,11,95,2,,,,,,,,2,,,,,,,,,,,,,,,11,200.128.704.619.746
587122,1,3,11,95,2,,,,,,,,2,,,,,,,,,,,,,,,11,200.128.704.619.746
587122,1,5,11,95,2,,,,,,,,1,2,,2,,,,,,150000,2,1,2,,2,11,200.128.704.619.746
587122,1,7,11,95,2,,,,,,,,1,2,,2,,,,,,150000,2,1,2,,2,11,200.128.704.619.746
587123,1,1,11,95,2,,,,,,,,2,,,,,,,,,,,,,,,11,293.537.113.415.886
587123,1,2,11,95,2,,,,,,,,2,,,,,,,,,,,,,,,11,293.537.113.415.886
587124,1,1,11,95,2,,,,,,,,2,,,,,,,,,,,,,,,11,278.883.032.063.682
587124,1,2,11,95,2,,,,,,,,2,,,,,,,,,,,,,,,11,278.883.032.063.682
587124,1,3,11,95,2,,,,,,,,2,,,,,,,,,,,,,,,11,278.883.032.063.682
587124,1,4,11,95,2,,,,,,,,2,,,,,,,,,,,,,,,11,278.883.032.063.682
587125,1,1,11,95,1,,1,2,,,3500000,2,2,,,,,,,,,,,,,,,11,199.683.460.550.661
587125,1,2,11,95,2,,,,,,,,2,,,,,,,,,,,,,,,11,199.683.460.550.661
587126,1,1,11,95,1,,2,1,,753000,,2,2,,,,,,,,,,,,,,,11,210.422.091.709.256
587127,1,1,11,95,2,,,,,,,,2,,,,,,,,,,,,,,,11,215.259.990.178.102
587127,1,2,11,95,2,,,,,,,,2,,,,,,,,,,,,,,,11,215.259.990.178.102
587128,1,1,11,95,2,,,,,,,,2,,,,,,,,,,,,,,,11,26.400.717.109.215
587129,1,1,11,95,2,,,,,,,,2,,,,,,,,,,,,,,,11,24.354.634.253.336
587129,1,2,11,95,2,,,,,,,,2,,,,,,,,,,,,,,,11,24.354.634.253.336
587129,1,3,11,95,2,,,,,,,,2,,,,,,,,,,,,,,,11,24.354.634.253.336
587129,1,4,11,95,2,,,,,,,,2,,,,,,,,,,,,,,,11,24.354.634.253.336
587129,2,1,11,95,2,,,,,,,,2,,,,,,,,,,,,,,,11,24.354.634.253.336
587129,2,2,11,95,2,,,,,,,,2,,,,,,,,,,,,,,,11,24.354.634.253.336
587129,2,4,11,95,2,,,,,,,,2,,,,,,,,,,,,,,,11,24.354.634.253.336
587130,1,1,11,95,2,,,,,,,,1,2,,1,,,750000,,,,2,2,2,,2,11,425.252.105.646.189
587130,1,2,11,95,2,,,,,,,,2,,,,,,,,,,,,,,,11,425.252.105.646.189
587130,1,3,11,95,2,,,,,,,,2,,,,,,,,,,,,,,,11,425.252.105.646.189
587130,1,6,11,95,1,,2,1,,433700,,2,2,,,,,,,,,,,,,,,11,425.252.105.646.189
587130,2,1,11,95,2,,,,,,,,2,,,,,,,,,,,,,,,11,425.252.105.646.189
587130,2,2,11,95,2,,,,,,,,1,2,,2,,,,,,1200000,2,1,2,,2,11,425.252.105.646.189
587130,3,1,11,95,2,,,,,,,,1,2,,1,,,53083,,,,2,2,2,,2,11,425.252.105.646.189
587130,3,2,11,95,2,,,,,,,,2,,,,,,,,,,,,,,,11,425.252.105.646.189
587131,1,1,11,95,2,,,,,,,,1,2,,2,,,,,,2400000,2,1,2,,2,11,294.008.675.966.392
587131,1,2,11,95,2,,,,,,,,1,2,,1,,,30000,,,3600000,2,1,2,,2,11,294.008.675.966.392
587132,1,1,11,95,2,,,,,,,,2,,,,,,,,,,,,,,,11,181.953.826.359.279
587132,1,2,11,95,2,,,,,,,,2,,,,,,,,,,,,,,,11,181.953.826.359.279
587132,1,3,11,95,2,,,,,,,,2,,,,,,,,,,,,,,,11,181.953.826.359.279
587132,1,4,11,95,2,,,,,,,,2,,,,,,,,,,,,,,,11,181.953.826.359.279
587132,1,5,11,95,2,,,,,,,,2,,,,,,,,,,,,,,,11,181.953.826.359.279
587133,1,1,11,95,2,,,,,,,,2,,,,,,,,,,,,,,,11,273.266.376.597.551
587133,1,2,11,95,2,,,,,,,,2,,,,,,,,,,,,,,,11,273.266.376.597.551
587133,1,3,11,95,2,,,,,,,,2,,,,,,,,,,,,,,,11,273.266.376.597.551
587133,1,4,11,95,2,,,,,,,,2,,,,,,,,,,,,,,,11,273.266.376.597.551
587133,1,5,11,95,2,,,,,,,,2,,,,,,,,,,,,,,,11,273.266.376.597.551
587134,1,1,11,95,2,,,,,,,,2,,,,,,,,,,,,,,,11,294.329.452.620.643
587134,1,2,11,95,2,,,,,,,,1,2,,1,,,1450000,,,,2,2,2,,2,11,294.329.452.620.643
587134,1,3,11,95,2,,,,,,,,2,,,,,,,,,,,,,,,11,294.329.452.620.643
587135,1,1,11,95,1,,1,2,,,120000,2,1,2,,2,,,,,,1200000,2,1,2,,2,11,326.481.693.003.757
587135,1,2,11,95,2,,,,,,,,2,,,,,,,,,,,,,,,11,326.481.693.003.757
587135,1,3,11,95,2,,,,,,,,2,,,,,,,,,,,,,,,11,326.481.693.003.757
587135,2,1,11,95,2,,,,,,,,2,,,,,,,,,,,,,,,11,326.481.693.003.757
587135,2,2,11,95,2,,,,,,,,1,2,,1,,,500000,,,,2,2,2,,2,11,326.481.693.003.757
587136,1,1,11,95,2,,,,,,,,2,,,,,,,,,,,,,,,11,270.131.682.707.977
587136,1,2,11,95,2,,,,,,,,1,2,,1,,,99,,,,2,2,2,,2,11,270.131.682.707.977
587136,1,4,11,95,2,,,,,,,,1,2,,2,,,,,,480000,2,1,2,,2,11,270.131.682.707.977
587137,1,1,11,95,2,,,,,,,,1,2,,2,,,,,,400000,2,1,2,,2,11,26.400.717.109.215
587138,1,1,11,95,2,,,,,,,,2,,,,,,,,,,,,,,,11,22.328.161.240.966
587138,1,2,11,95,2,,,,,,,,2,,,,,,,,,,,,,,,11,22.328.161.240.966
587140,1,1,11,95,1,,2,1,,949794,,2,2,,,,,,,,,,,,,,,11,242.308.759.259.517
587140,1,2,11,95,2,,,,,,,,2,,,,,,,,,,,,,,,11,242.308.759.259.517
587140,1,3,11,95,2,,,,,,,,2,,,,,,,,,,,,,,,11,242.308.759.259.517
587142,1,1,11,95,1,,2,1,,1013000,,2,2,,,,,,,,,,,,,,,11,235.158.702.164.852
587142,1,2,11,95,2,,,,,,,,2,,,,,,,,,,,,,,,11,235.158.702.164.852
587142,1,3,11,95,2,,,,,,,,2,,,,,,,,,,,,,,,11,235.158.702.164.852
587142,1,4,11,95,2,,,,,,,,2,,,,,,,,,,,,,,,11,235.158.702.164.852
587142,1,5,11,95,2,,,,,,,,2,,,,,,,,,,,,,,,11,235.158.702.164.852
587143,1,1,11,95,2,,,,,,,,2,,,,,,,,,,,,,,,11,313.237.290.648.791
587143,1,2,11,95,2,,,,,,,,2,,,,,,,,,,,,,,,11,313.237.290.648.791
587143,1,3,11,95,2,,,,,,,,2,,,,,,,,,,,,,,,11,313.237.290.648.791
587144,1,1,11,95,2,,,,,,,,2,,,,,,,,,,,,,,,11,276.526.306.837.156
587144,1,2,11,95,2,,,,,,,,2,,,,,,,,,,,,,,,11,276.526.306.837.156
587144,1,3,11,95,2,,,,,,,,2,,,,,,,,,,,,,,,11,276.526.306.837.156
587145,1,1,11,95,2,,,,,,,,2,,,,,,,,,,,,,,,11,276.526.306.837.156
587145,1,2,11,95,2,,,,,,,,2,,,,,,,,,,,,,,,11,276.526.306.837.156
587145,1,3,11,95,2,,,,,,,,2,,,,,,,,,,,,,,,11,276.526.306.837.156
587146,1,1,11,95,2,,,,,,,,2,,,,,,,,,,,,,,,11,235.008.408.949.908
587146,1,2,11,95,2,,,,,,,,2,,,,,,,,,,,,,,,11,235.008.408.949.908
587146,1,3,11,95,2,,,,,,,,1,2,,2,,,,,,1200000,2,1,2,,2,11,235.008.408.949.908
587147,1,1,11,95,2,,,,,,,,2,,,,,,,,,,,,,,,11,295.893.838.642.412
587147,1,2,11,95,2,,,,,,,,2,,,,,,,,,,,,,,,11,295.893.838.642.412
587147,1,3,11,95,2,,,,,,,,2,,,,,,,,,,,,,,,11,295.893.838.642.412
587148,1,1,11,95,2,,,,,,,,2,,,,,,,,,,,,,,,11,341.974.893.767.769
587148,1,2,11,95,2,,,,,,,,2,,,,,,,,,,,,,,,11,341.974.893.767.769
587148,1,3,11,95,2,,,,,,,,2,,,,,,,,,,,,,,,11,341.974.893.767.769
587149,1,1,11,95,2,,,,,,,,1,2,,2,,,,50000,,,1,2,2,,2,11,295.893.838.642.412
587149,1,2,11,95,2,,,,,,,,2,,,,,,,,,,,,,,,11,295.893.838.642.412
587149,1,3,11,95,2,,,,,,,,2,,,,,,,,,,,,,,,11,295.893.838.642.412
587150,1,1,11,95,2,,,,,,,,2,,,,,,,,,,,,,,,11,267.156.235.523.434
587150,1,2,11,95,2,,,,,,,,2,,,,,,,,,,,,,,,11,267.156.235.523.434
587150,1,3,11,95,2,,,,,,,,2,,,,,,,,,,,,,,,11,267.156.235.523.434
587151,1,1,11,95,2,,,,,,,,2,,,,,,,,,,,,,,,11,210.422.091.709.256
587152,1,1,11,95,1,,2,1,,650000,,2,2,,,,,,,,,,,,,,,11,239.952.034.032.991
587152,1,2,11,95,2,,,,,,,,1,2,,1,,,200000,,,,2,2,2,,2,11,239.952.034.032.991
587153,1,1,11,95,2,,,,,,,,2,,,,,,,,,,,,,,,11,232.801.976.938.325
587153,1,2,11,95,1,,1,2,,,600000,2,2,,,,,,,,,,,,,,,11,232.801.976.938.325
587153,1,3,11,95,2,,,,,,,,2,,,,,,,,,,,,,,,11,232.801.976.938.325
587153,1,4,11,95,2,,,,,,,,2,,,,,,,,,,,,,,,11,232.801.976.938.325
587154,1,1,11,95,2,,,,,,,,2,,,,,,,,,,,,,,,11,215.259.990.178.102
587154,1,2,11,95,2,,,,,,,,1,2,,2,,,,,,12000000,2,1,2,,2,11,215.259.990.178.102
587155,1,1,11,95,1,,2,1,,2200000,,2,2,,,,,,,,,,,,,,,11,233.802.090.319.071
587156,1,1,11,95,2,,,,,,,,2,,,,,,,,,,,,,,,11,211.307.208.947.545
587156,1,2,11,95,1,,2,1,,1000000,,2,2,,,,,,,,,,,,,,,11,211.307.208.947.545
587156,1,3,11,95,2,,,,,,,,2,,,,,,,,,,,,,,,11,211.307.208.947.545
587157,1,1,11,95,1,,2,1,,1500000,,2,2,,,,,,,,,,,,,,,11,225.857.590.380.617
587157,1,2,11,95,2,,,,,,,,2,,,,,,,,,,,,,,,11,225.857.590.380.617
587157,1,3,11,95,2,,,,,,,,1,2,,2,,,,,,2400000,2,1,2,,2,11,225.857.590.380.617
587158,1,1,11,95,2,,,,,,,,2,,,,,,,,,,,,,,,11,266.060.067.363.734
587158,1,2,11,95,2,,,,,,,,2,,,,,,,,,,,,,,,11,266.060.067.363.734
587158,1,3,11,95,2,,,,,,,,2,,,,,,,,,,,,,,,11,266.060.067.363.734
587158,1,4,11,95,2,,,,,,,,2,,,,,,,,,,,,,,,11,266.060.067.363.734
587159,1,1,11,95,2,,,,,,,,1,2,,1,,,600000,,,,2,2,2,,2,11,420.979.077.199.599
587159,1,2,11,95,2,,,,,,,,2,,,,,,,,,,,,,,,11,420.979.077.199.599
587160,1,1,11,95,2,,,,,,,,2,,,,,,,,,,,,,,,11,276.526.306.837.156
587160,1,2,11,95,2,,,,,,,,2,,,,,,,,,,,,,,,11,276.526.306.837.156
587160,1,3,11,95,2,,,,,,,,2,,,,,,,,,,,,,,,11,276.526.306.837.156
587161,1,1,11,95,2,,,,,,,,1,2,,2,15000000,,,,,,2,2,1,,2,11,186.570.628.598.025
587161,1,2,11,95,2,,,,,,,,2,,,,,,,,,,,,,,,11,186.570.628.598.025
587162,1,1,11,95,2,,,,,,,,1,2,,1,,,144000,,,,2,2,2,,2,11,205.342.093.646.054
587162,1,2,11,95,2,,,,,,,,2,,,,,,,,,,,,,,,11,205.342.093.646.054
587162,1,3,11,95,2,,,,,,,,1,2,,1,,,144000,,,,2,2,2,,2,11,205.342.093.646.054
587163,1,1,11,95,2,,,,,,,,2,,,,,,,,,,,,,,,11,17.967.388.275.559
587163,1,2,11,95,2,,,,,,,,2,,,,,,,,,,,,,,,11,17.967.388.275.559
587163,1,3,11,95,2,,,,,,,,2,,,,,,,,,,,,,,,11,17.967.388.275.559
587164,1,1,11,95,2,,,,,,,,1,2,,2,,,,,,12000000,2,1,2,,2,11,200.915.309.388.064
587164,1,2,11,95,2,,,,,,,,1,2,,2,2000000,,,,,12000000,2,1,1,,2,11,200.915.309.388.064
587167,1,1,11,95,2,,,,,,,,2,,,,,,,,,,,,,,,11,181.659.195.504.994
587167,1,2,11,95,1,,2,1,,1200000,,2,2,,,,,,,,,,,,,,,11,181.659.195.504.994
587167,1,3,11,95,2,,,,,,,,2,,,,,,,,,,,,,,,11,181.659.195.504.994
587167,1,4,11,95,2,,,,,,,,2,,,,,,,,,,,,,,,11,181.659.195.504.994
587168,1,1,11,95,1,,1,1,,433700,230000,2,2,,,,,,,,,,,,,,,11,17.967.388.275.559
587168,1,2,11,95,2,,,,,,,,2,,,,,,,,,,,,,,,11,17.967.388.275.559
587168,1,3,11,95,2,,,,,,,,2,,,,,,,,,,,,,,,11,17.967.388.275.559
587169,1,1,11,95,2,,,,,,,,2,,,,,,,,,,,,,,,11,232.801.976.938.325
587169,1,2,11,95,2,,,,,,,,2,,,,,,,,,,,,,,,11,232.801.976.938.325
587169,1,3,11,95,2,,,,,,,,2,,,,,,,,,,,,,,,11,232.801.976.938.325
587169,1,4,11,95,2,,,,,,,,2,,,,,,,,,,,,,,,11,232.801.976.938.325
587170,1,1,11,95,2,,,,,,,,2,,,,,,,,,,,,,,,11,127.639.572.884.122
587170,1,2,11,95,2,,,,,,,,2,,,,,,,,,,,,,,,11,127.639.572.884.122
587170,1,3,11,95,2,,,,,,,,2,,,,,,,,,,,,,,,11,127.639.572.884.122
587170,1,4,11,95,2,,,,,,,,2,,,,,,,,,,,,,,,11,127.639.572.884.122
587170,1,5,11,95,2,,,,,,,,2,,,,,,,,,,,,,,,11,127.639.572.884.122
587170,1,6,11,95,2,,,,,,,,2,,,,,,,,,,,,,,,11,127.639.572.884.122
587171,1,1,11,95,2,,,,,,,,2,,,,,,,,,,,,,,,11,264.799.510.296.908
587171,1,2,11,95,2,,,,,,,,1,2,,2,,,,,,500000,2,1,2,,2,11,264.799.510.296.908
587172,1,1,11,95,1,,2,1,,433700,,2,2,,,,,,,,,,,,,,,11,263.307.714.011.148
587172,1,2,11,95,2,,,,,,,,2,,,,,,,,,,,,,,,11,263.307.714.011.148
587172,1,3,11,95,2,,,,,,,,2,,,,,,,,,,,,,,,11,263.307.714.011.148
587172,1,4,11,95,2,,,,,,,,2,,,,,,,,,,,,,,,11,263.307.714.011.148
587173,1,1,11,95,2,,,,,,,,2,,,,,,,,,,,,,,,11,353.631.409.217.678
587173,1,2,11,95,2,,,,,,,,2,,,,,,,,,,,,,,,11,353.631.409.217.678
587174,1,1,11,95,2,,,,,,,,2,,,,,,,,,,,,,,,11,279.192.432.625.847
587174,1,2,11,95,2,,,,,,,,2,,,,,,,,,,,,,,,11,279.192.432.625.847
587176,1,1,11,95,2,,,,,,,,2,,,,,,,,,,,,,,,11,318.855.925.907.521
587176,1,2,11,95,2,,,,,,,,2,,,,,,,,,,,,,,,11,318.855.925.907.521
587176,1,3,11,95,2,,,,,,,,2,,,,,,,,,,,,,,,11,318.855.925.907.521
587177,1,1,11,95,2,,,,,,,,2,,,,,,,,,,,,,,,11,291.937.909.446.532
587177,1,2,11,95,2,,,,,,,,2,,,,,,,,,,,,,,,11,291.937.909.446.532
587177,1,3,11,95,2,,,,,,,,1,2,,2,,,,,,,2,2,2,1200000,1,11,291.937.909.446.532
587178,1,1,11,95,2,,,,,,,,2,,,,,,,,,,,,,,,11,327.780.506.192.673
587178,1,2,11,95,2,,,,,,,,2,,,,,,,,,,,,,,,11,327.780.506.192.673
587178,1,3,11,95,2,,,,,,,,2,,,,,,,,,,,,,,,11,327.780.506.192.673
587178,1,4,11,95,2,,,,,,,,2,,,,,,,,,,,,,,,11,327.780.506.192.673
587178,1,5,11,95,2,,,,,,,,2,,,,,,,,,,,,,,,11,327.780.506.192.673
587179,1,1,11,95,1,,2,1,,1000000,,2,2,,,,,,,,,,,,,,,11,210.435.673.916.729
587179,1,2,11,95,2,,,,,,,,2,,,,,,,,,,,,,,,11,210.435.673.916.729
587179,1,3,11,95,2,,,,,,,,2,,,,,,,,,,,,,,,11,210.435.673.916.729
587179,1,4,11,95,2,,,,,,,,2,,,,,,,,,,,,,,,11,210.435.673.916.729
587180,1,1,11,95,1,,2,1,,1057000,,2,2,,,,,,,,,,,,,,,11,232.801.976.938.325
587180,1,2,11,95,2,,,,,,,,2,,,,,,,,,,,,,,,11,232.801.976.938.325
587180,1,3,11,95,2,,,,,,,,2,,,,,,,,,,,,,,,11,232.801.976.938.325
587180,1,4,11,95,2,,,,,,,,2,,,,,,,,,,,,,,,11,232.801.976.938.325
587181,1,1,11,95,2,,,,,,,,2,,,,,,,,,,,,,,,11,190.176.678.229.469
587181,1,2,11,95,2,,,,,,,,2,,,,,,,,,,,,,,,11,190.176.678.229.469
587181,1,3,11,95,2,,,,,,,,2,,,,,,,,,,,,,,,11,190.176.678.229.469
587182,1,1,11,95,2,,,,,,,,1,2,,2,,,,,,720000,2,1,2,,2,11,22.398.801.550.201
587182,1,2,11,95,1,,2,2,200000,,,1,1,2,,1,,,670000,,,,2,2,2,,2,11,22.398.801.550.201
587182,1,4,11,95,2,,,,,,,,1,2,,2,,,,,,,2,2,2,150000,1,11,22.398.801.550.201
587183,1,1,11,95,2,,,,,,,,2,,,,,,,,,,,,,,,11,296.981.128.701.311
587183,1,2,11,95,2,,,,,,,,2,,,,,,,,,,,,,,,11,296.981.128.701.311
587183,1,3,11,95,2,,,,,,,,2,,,,,,,,,,,,,,,11,296.981.128.701.311
587183,1,4,11,95,2,,,,,,,,2,,,,,,,,,,,,,,,11,296.981.128.701.311
587183,1,5,11,95,2,,,,,,,,1,2,,1,,,65000,,,,2,2,2,1200000,1,11,296.981.128.701.311
587184,1,1,11,95,2,,,,,,,,2,,,,,,,,,,,,,,,11,264.799.510.296.908
587184,1,2,11,95,2,,,,,,,,2,,,,,,,,,,,,,,,11,264.799.510.296.908
587185,1,1,11,95,2,,,,,,,,1,2,,2,,,,,,15000000,2,1,2,,2,11,201.220.883.764.262
587185,1,2,11,95,2,,,,,,,,2,,,,,,,,,,,,,,,11,201.220.883.764.262
587186,1,1,11,95,2,,,,,,,,2,,,,,,,,,,,,,,,11,26.401.290.552.859
587186,1,2,11,95,2,,,,,,,,1,2,,2,,,,,,600000,2,1,2,,2,11,26.401.290.552.859
587186,1,3,11,95,2,,,,,,,,2,,,,,,,,,,,,,,,11,26.401.290.552.859
587186,1,5,11,95,2,,,,,,,,2,,,,,,,,,,,,,,,11,26.401.290.552.859
587186,1,6,11,95,2,,,,,,,,2,,,,,,,,,,,,,,,11,26.401.290.552.859
587187,1,1,11,95,1,,1,2,,,380000,2,1,2,,2,,,,,,,2,2,2,6000000,1,11,237.626.293.199.699
587187,1,2,11,95,1,,1,2,,,160000,2,2,,,,,,,,,,,,,,,11,237.626.293.199.699
587188,1,1,11,95,2,,,,,,,,2,,,,,,,,,,,,,,,11,250.454.829.506.869
587188,1,2,11,95,2,,,,,,,,1,2,,2,,,,,,,2,2,2,893000,1,11,250.454.829.506.869
587189,1,1,11,95,2,,,,,,,,2,,,,,,,,,,,,,,,11,267.156.235.523.434
587189,1,2,11,95,2,,,,,,,,2,,,,,,,,,,,,,,,11,267.156.235.523.434
587189,1,3,11,95,2,,,,,,,,2,,,,,,,,,,,,,,,11,267.156.235.523.434
587193,1,1,11,95,2,,,,,,,,2,,,,,,,,,,,,,,,11,284.809.088.091.978
587196,1,1,11,95,2,,,,,,,,2,,,,,,,,,,,,,,,11,215.259.990.178.102
587196,1,2,11,95,2,,,,,,,,2,,,,,,,,,,,,,,,11,215.259.990.178.102
587197,1,1,11,95,2,,,,,,,,1,2,,2,,,,,,4200000,2,1,2,,2,11,278.282.865.613.378
587197,1,2,11,95,1,,2,1,,760000,,2,1,2,,2,,,,,,4560000,2,1,2,,2,11,278.282.865.613.378
587198,1,1,11,95,2,,,,,,,,2,,,,,,,,,,,,,,,11,287.980.661.831.024
587198,1,2,11,95,2,,,,,,,,2,,,,,,,,,,,,,,,11,287.980.661.831.024
587198,1,3,11,95,2,,,,,,,,2,,,,,,,,,,,,,,,11,287.980.661.831.024
587199,1,1,11,95,2,,,,,,,,2,,,,,,,,,,,,,,,11,185.067.649.157.671
587199,1,2,11,95,2,,,,,,,,2,,,,,,,,,,,,,,,11,185.067.649.157.671
587199,1,3,11,95,2,,,,,,,,2,,,,,,,,,,,,,,,11,185.067.649.157.671
587200,1,1,11,95,2,,,,,,,,1,2,,2,,,,,,6600000,2,1,2,,2,11,207.300.491.141.552
587200,1,2,11,95,2,,,,,,,,1,2,,2,,,,,,10800000,2,1,2,,2,11,207.300.491.141.552
587201,1,1,11,95,2,,,,,,,,2,,,,,,,,,,,,,,,11,208.411.485.874.568
587201,1,2,11,95,2,,,,,,,,2,,,,,,,,,,,,,,,11,208.411.485.874.568
587201,1,3,11,95,2,,,,,,,,2,,,,,,,,,,,,,,,11,208.411.485.874.568
587202,1,1,11,95,2,,,,,,,,1,2,,2,,,,,,,2,2,2,33000000,1,11,293.537.113.415.886
587202,1,2,11,95,2,,,,,,,,1,2,,1,,,68000,,,,2,2,2,,2,11,293.537.113.415.886
587203,1,1,11,95,2,,,,,,,,2,,,,,,,,,,,,,,,11,318.855.925.907.521
587203,1,2,11,95,2,,,,,,,,1,2,,2,150000,,,,,,2,2,1,,2,11,318.855.925.907.521
587203,1,3,11,95,2,,,,,,,,2,,,,,,,,,,,,,,,11,318.855.925.907.521
587204,1,1,11,95,2,,,,,,,,2,,,,,,,,,,,,,,,11,235.158.702.164.852
587204,1,2,11,95,2,,,,,,,,2,,,,,,,,,,,,,,,11,235.158.702.164.852
587204,1,3,11,95,2,,,,,,,,2,,,,,,,,,,,,,,,11,235.158.702.164.852
587204,1,4,11,95,2,,,,,,,,2,,,,,,,,,,,,,,,11,235.158.702.164.852
587204,1,5,11,95,2,,,,,,,,2,,,,,,,,,,,,,,,11,235.158.702.164.852
587205,1,1,11,95,2,,,,,,,,2,,,,,,,,,,,,,,,11,310.880.565.422.265
587205,1,2,11,95,2,,,,,,,,2,,,,,,,,,,,,,,,11,310.880.565.422.265
587206,1,1,11,95,2,,,,,,,,2,,,,,,,,,,,,,,,11,232.801.976.938.325
587206,1,2,11,95,2,,,,,,,,2,,,,,,,,,,,,,,,11,232.801.976.938.325
587206,1,3,11,95,2,,,,,,,,2,,,,,,,,,,,,,,,11,232.801.976.938.325
587206,1,4,11,95,2,,,,,,,,2,,,,,,,,,,,,,,,11,232.801.976.938.325
587207,1,1,11,95,2,,,,,,,,1,2,,1,,,5000000,,,,2,2,2,,2,11,232.801.976.938.325
587207,1,2,11,95,2,,,,,,,,2,,,,,,,,,,,,,,,11,232.801.976.938.325
587207,1,3,11,95,2,,,,,,,,2,,,,,,,,,,,,,,,11,232.801.976.938.325
587207,1,4,11,95,2,,,,,,,,2,,,,,,,,,,,,,,,11,232.801.976.938.325
587208,1,1,11,95,2,,,,,,,,2,,,,,,,,,,,,,,,11,267.156.235.523.434
587208,1,2,11,95,2,,,,,,,,2,,,,,,,,,,,,,,,11,267.156.235.523.434
587208,1,3,11,95,2,,,,,,,,2,,,,,,,,,,,,,,,11,267.156.235.523.434
587209,1,1,11,95,2,,,,,,,,2,,,,,,,,,,,,,,,11,383.182.125.663.258
587209,1,2,11,95,2,,,,,,,,2,,,,,,,,,,,,,,,11,383.182.125.663.258
587209,1,3,11,95,2,,,,,,,,2,,,,,,,,,,,,,,,11,383.182.125.663.258
587209,1,7,11,95,2,,,,,,,,1,2,,2,,,,,,1200000,2,1,2,,2,11,383.182.125.663.258
587210,1,1,11,95,1,,2,1,,449000,,2,2,,,,,,,,,,,,,,,11,231.332.354.821.256
587210,1,2,11,95,1,,2,1,,99000,,2,2,,,,,,,,,,,,,,,11,231.332.354.821.256
587210,1,3,11,95,1,,2,1,,99000,,2,2,,,,,,,,,,,,,,,11,231.332.354.821.256
587210,1,4,11,95,1,,2,1,,99000,,2,2,,,,,,,,,,,,,,,11,231.332.354.821.256
587211,1,1,11,95,2,,,,,,,,2,,,,,,,,,,,,,,,11,28.704.473.749.593
587211,1,2,11,95,2,,,,,,,,2,,,,,,,,,,,,,,,11,28.704.473.749.593
587211,1,3,11,95,2,,,,,,,,1,2,,2,,,,,,,2,2,2,250000,1,11,28.704.473.749.593
587211,1,4,11,95,2,,,,,,,,2,,,,,,,,,,,,,,,11,28.704.473.749.593
587211,1,5,11,95,2,,,,,,,,2,,,,,,,,,,,,,,,11,28.704.473.749.593
587211,1,6,11,95,2,,,,,,,,2,,,,,,,,,,,,,,,11,28.704.473.749.593
587212,1,1,11,95,2,,,,,,,,1,2,,2,,,,,,3600000,2,1,2,,2,11,236.724.853.172.912
587213,1,1,11,95,1,,2,1,,2000000,,2,2,,,,,,,,,,,,,,,11,275.231.772.196.909
587213,1,2,11,95,2,,,,,,,,2,,,,,,,,,,,,,,,11,275.231.772.196.909
587213,1,3,11,95,2,,,,,,,,2,,,,,,,,,,,,,,,11,275.231.772.196.909
587214,1,1,11,95,2,,,,,,,,1,2,,2,,,,,,,2,2,2,700000,1,11,302.457.538.036.559
587214,1,2,11,95,2,,,,,,,,2,,,,,,,,,,,,,,,11,302.457.538.036.559
587215,1,1,11,95,2,,,,,,,,2,,,,,,,,,,,,,,,11,284.809.088.091.978
587216,1,1,11,95,1,,1,1,,1000000,300000,2,2,,,,,,,,,,,,,,,11,209.203.825.079.326
587216,1,2,11,95,2,,,,,,,,2,,,,,,,,,,,,,,,11,209.203.825.079.326
587216,1,3,11,95,2,,,,,,,,2,,,,,,,,,,,,,,,11,209.203.825.079.326
587216,1,4,11,95,2,,,,,,,,2,,,,,,,,,,,,,,,11,209.203.825.079.326
587219,1,1,11,95,1,,2,1,,950000,,2,2,,,,,,,,,,,,,,,11,232.801.976.938.325
587219,1,2,11,95,2,,,,,,,,2,,,,,,,,,,,,,,,11,232.801.976.938.325
587219,1,3,11,95,2,,,,,,,,2,,,,,,,,,,,,,,,11,232.801.976.938.325
587219,1,4,11,95,2,,,,,,,,2,,,,,,,,,,,,,,,11,232.801.976.938.325
587220,1,1,11,95,2,,,,,,,,2,,,,,,,,,,,,,,,11,339.618.168.541.243
587220,1,2,11,95,2,,,,,,,,2,,,,,,,,,,,,,,,11,339.618.168.541.243
587221,1,1,11,95,2,,,,,,,,2,,,,,,,,,,,,,,,11,224.530.936.814.578
587221,1,2,11,95,2,,,,,,,,2,,,,,,,,,,,,,,,11,224.530.936.814.578
587222,1,1,11,95,2,,,,,,,,2,,,,,,,,,,,,,,,11,348.235.328.056.829
587222,1,2,11,95,2,,,,,,,,2,,,,,,,,,,,,,,,11,348.235.328.056.829
587222,2,1,11,95,2,,,,,,,,2,,,,,,,,,,,,,,,11,348.235.328.056.829
587222,2,2,11,95,2,,,,,,,,1,2,,2,,,,,,,2,2,2,1200000,1,11,348.235.328.056.829
587222,2,3,11,95,2,,,,,,,,2,,,,,,,,,,,,,,,11,348.235.328.056.829
587222,2,4,11,95,2,,,,,,,,2,,,,,,,,,,,,,,,11,348.235.328.056.829
587222,2,5,11,95,2,,,,,,,,2,,,,,,,,,,,,,,,11,348.235.328.056.829
587223,1,1,11,95,2,,,,,,,,2,,,,,,,,,,,,,,,11,237.626.293.199.699
587223,1,2,11,95,2,,,,,,,,2,,,,,,,,,,,,,,,11,237.626.293.199.699
587224,1,1,11,95,2,,,,,,,,2,,,,,,,,,,,,,,,11,484.431.168.768.538
587224,1,2,11,95,2,,,,,,,,2,,,,,,,,,,,,,,,11,484.431.168.768.538
587224,2,1,11,95,2,,,,,,,,2,,,,,,,,,,,,,,,11,484.431.168.768.538
587224,2,2,11,95,2,,,,,,,,2,,,,,,,,,,,,,,,11,484.431.168.768.538
587225,1,1,11,95,2,,,,,,,,1,2,,2,,,,,,1200000,2,1,2,,2,11,242.308.759.259.517
587225,1,2,11,95,2,,,,,,,,2,,,,,,,,,,,,,,,11,242.308.759.259.517
587225,1,3,11,95,2,,,,,,,,2,,,,,,,,,,,,,,,11,242.308.759.259.517
587226,1,1,11,95,2,,,,,,,,2,,,,,,,,,,,,,,,11,210.422.091.709.256
587227,1,1,11,95,2,,,,,,,,2,,,,,,,,,,,,,,,11,284.809.088.091.978
587228,1,1,11,95,2,,,,,,,,2,,,,,,,,,,,,,,,11,410.650.564.651.443
587228,1,2,11,95,1,,1,2,,,260000,2,2,,,,,,,,,,,,,,,11,410.650.564.651.443
587228,1,3,11,95,2,,,,,,,,2,,,,,,,,,,,,,,,11,410.650.564.651.443
587229,1,1,11,95,2,,,,,,,,1,2,,2,3000000,,,,,,2,2,1,,2,11,19.609.099.312.669
587229,1,2,11,95,2,,,,,,,,1,2,,1,,,56000,,,,2,2,2,,2,11,19.609.099.312.669
587229,1,3,11,95,2,,,,,,,,2,,,,,,,,,,,,,,,11,19.609.099.312.669
587229,1,4,11,95,2,,,,,,,,2,,,,,,,,,,,,,,,11,19.609.099.312.669
587230,1,1,11,95,2,,,,,,,,2,,,,,,,,,,,,,,,11,310.880.565.422.265
587230,1,2,11,95,2,,,,,,,,1,2,,1,,,90000,,,,2,2,2,,2,11,310.880.565.422.265
587231,1,1,11,95,2,,,,,,,,1,2,,2,18000000,,,,,,2,2,1,,2,11,210.422.091.709.256
587232,1,1,11,95,2,,,,,,,,1,2,,1,,,100000,,,,2,2,2,,2,11,335.471.825.438.479
587232,1,2,11,95,2,,,,,,,,1,2,,1,,,506200,,,,2,2,2,,2,11,335.471.825.438.479
587235,1,1,11,95,1,,1,2,,,500000,2,1,2,,2,,,,98,,2400000,1,1,2,,2,11,244.540.514.609.648
587236,1,1,11,95,2,,,,,,,,1,2,,1,,,5000000,,,,2,2,2,,2,11,284.809.088.091.978
587237,1,1,11,95,2,,,,,,,,1,2,,2,4000000,,,,,4800000,2,1,1,,2,11,212.778.816.935.782
587237,1,2,11,95,2,,,,,,,,1,2,,2,6000000,,,,,,2,2,1,,2,11,212.778.816.935.782
587238,1,1,11,95,2,,,,,,,,1,2,,2,,,,,,15600000,2,1,2,,2,11,289.522.538.545.031
587238,1,2,11,95,2,,,,,,,,1,2,,2,,,,,,8400000,2,1,2,,2,11,289.522.538.545.031
587238,1,3,11,95,2,,,,,,,,2,,,,,,,,,,,,,,,11,289.522.538.545.031
587239,1,1,11,95,2,,,,,,,,2,,,,,,,,,,,,,,,11,264.799.510.296.908
587239,1,2,11,95,2,,,,,,,,2,,,,,,,,,,,,,,,11,264.799.510.296.908
587240,1,1,11,95,1,,2,1,,1600000,,2,2,,,,,,,,,,,,,,,11,261.410.369.670.672
587241,1,1,11,95,2,,,,,,,,1,2,,2,,,,,,3000000,2,1,2,,2,11,266.647.531.603.563
587241,1,2,11,95,2,,,,,,,,2,,,,,,,,,,,,,,,11,266.647.531.603.563
587241,1,3,11,95,2,,,,,,,,2,,,,,,,,,,,,,,,11,266.647.531.603.563
587242,1,1,11,95,2,,,,,,,,2,,,,,,,,,,,,,,,11,338.165.232.430.867
587242,1,2,11,95,2,,,,,,,,2,,,,,,,,,,,,,,,11,338.165.232.430.867
587242,1,3,11,95,2,,,,,,,,2,,,,,,,,,,,,,,,11,338.165.232.430.867
587244,1,1,11,95,2,,,,,,,,2,,,,,,,,,,,,,,,11,267.156.235.523.434
587244,1,2,11,95,2,,,,,,,,2,,,,,,,,,,,,,,,11,267.156.235.523.434
587244,1,3,11,95,2,,,,,,,,2,,,,,,,,,,,,,,,11,267.156.235.523.434
587245,1,1,11,95,1,,1,2,,,200000,2,2,,,,,,,,,,,,,,,11,313.237.290.648.791
587245,1,2,11,95,2,,,,,,,,2,,,,,,,,,,,,,,,11,313.237.290.648.791
587245,1,3,11,95,2,,,,,,,,2,,,,,,,,,,,,,,,11,313.237.290.648.791
587246,1,1,11,95,1,,2,1,,460000,,2,2,,,,,,,,,,,,,,,11,190.412.513.914.185
587246,1,2,11,95,2,,,,,,,,2,,,,,,,,,,,,,,,11,190.412.513.914.185
587247,1,1,11,95,2,,,,,,,,2,,,,,,,,,,,,,,,11,232.801.976.938.325
587247,1,2,11,95,2,,,,,,,,2,,,,,,,,,,,,,,,11,232.801.976.938.325
587247,1,3,11,95,2,,,,,,,,2,,,,,,,,,,,,,,,11,232.801.976.938.325
587247,1,4,11,95,2,,,,,,,,2,,,,,,,,,,,,,,,11,232.801.976.938.325
587248,1,1,11,95,2,,,,,,,,2,,,,,,,,,,,,,,,11,269.512.960.749.961
587248,1,2,11,95,2,,,,,,,,2,,,,,,,,,,,,,,,11,269.512.960.749.961
587248,1,3,11,95,2,,,,,,,,2,,,,,,,,,,,,,,,11,269.512.960.749.961
587248,1,4,11,95,2,,,,,,,,2,,,,,,,,,,,,,,,11,269.512.960.749.961
587249,1,1,11,95,2,,,,,,,,2,,,,,,,,,,,,,,,11,293.537.113.415.886
587249,1,2,11,95,2,,,,,,,,2,,,,,,,,,,,,,,,11,293.537.113.415.886
587250,1,1,11,95,2,,,,,,,,2,,,,,,,,,,,,,,,11,339.618.168.541.243
587250,1,2,11,95,2,,,,,,,,2,,,,,,,,,,,,,,,11,339.618.168.541.243
587251,1,1,11,95,1,,1,1,,500000,350000,2,2,,,,,,,,,,,,,,,11,136.937.718.238.413
587251,1,2,11,95,2,,,,,,,,2,,,,,,,,,,,,,,,11,136.937.718.238.413
587251,1,3,11,95,2,,,,,,,,2,,,,,,,,,,,,,,,11,136.937.718.238.413
587251,1,4,11,95,1,,1,2,,,1000000,2,2,,,,,,,,,,,,,,,11,136.937.718.238.413
587251,1,5,11,95,2,,,,,,,,2,,,,,,,,,,,,,,,11,136.937.718.238.413
587251,1,6,11,95,2,,,,,,,,2,,,,,,,,,,,,,,,11,136.937.718.238.413
587256,1,1,11,95,2,,,,,,,,2,,,,,,,,,,,,,,,11,232.801.976.938.325
587256,1,2,11,95,2,,,,,,,,2,,,,,,,,,,,,,,,11,232.801.976.938.325
587256,1,3,11,95,2,,,,,,,,2,,,,,,,,,,,,,,,11,232.801.976.938.325
587256,1,4,11,95,2,,,,,,,,2,,,,,,,,,,,,,,,11,232.801.976.938.325
587257,1,1,11,95,2,,,,,,,,2,,,,,,,,,,,,,,,11,215.259.990.178.102
587257,1,2,11,95,2,,,,,,,,2,,,,,,,,,,,,,,,11,215.259.990.178.102
587258,1,1,11,95,2,,,,,,,,2,,,,,,,,,,,,,,,11,29.027.718.317.628
587258,1,2,11,95,2,,,,,,,,2,,,,,,,,,,,,,,,11,29.027.718.317.628
587258,1,3,11,95,2,,,,,,,,2,,,,,,,,,,,,,,,11,29.027.718.317.628
587258,1,4,11,95,2,,,,,,,,2,,,,,,,,,,,,,,,11,29.027.718.317.628
587259,1,1,11,95,2,,,,,,,,1,2,,1,,,98,,,,2,2,2,,2,11,264.799.510.296.908
587259,1,2,11,95,2,,,,,,,,1,2,,1,,,50000,,,,2,2,2,,2,11,264.799.510.296.908
587260,1,1,11,95,2,,,,,,,,2,,,,,,,,,,,,,,,11,220.924.887.183.134
587261,1,1,11,95,2,,,,,,,,1,2,,2,,,,,,1200000,2,1,2,,2,11,252.019.215.528.638
587261,1,2,11,95,2,,,,,,,,2,,,,,,,,,,,,,,,11,252.019.215.528.638
587262,1,1,11,95,1,,1,2,,,98,2,2,,,,,,,,,,,,,,,11,210.422.091.709.256
587263,1,1,11,95,2,,,,,,,,2,,,,,,,,,,,,,,,11,210.422.091.709.256
587264,1,1,11,95,1,,2,2,2250000,,,1,2,,,,,,,,,,,,,,,11,28.135.062.309.853
587265,1,1,11,95,2,,,,,,,,2,,,,,,,,,,,,,,,11,232.801.976.938.325
587265,1,2,11,95,2,,,,,,,,2,,,,,,,,,,,,,,,11,232.801.976.938.325
587265,1,3,11,95,2,,,,,,,,2,,,,,,,,,,,,,,,11,232.801.976.938.325
587265,1,4,11,95,2,,,,,,,,2,,,,,,,,,,,,,,,11,232.801.976.938.325
587266,1,1,11,95,2,,,,,,,,2,,,,,,,,,,,,,,,11,275.294.457.999.753
587266,1,2,11,95,2,,,,,,,,2,,,,,,,,,,,,,,,11,275.294.457.999.753
587266,1,3,11,95,2,,,,,,,,2,,,,,,,,,,,,,,,11,275.294.457.999.753
587267,1,1,11,95,2,,,,,,,,2,,,,,,,,,,,,,,,11,17.967.388.275.559
587267,1,2,11,95,2,,,,,,,,1,2,,2,,,,,,10200000,2,1,2,,2,11,17.967.388.275.559
587267,1,3,11,95,2,,,,,,,,2,,,,,,,,,,,,,,,11,17.967.388.275.559
587268,1,1,11,95,1,,1,1,,700000,350000,2,2,,,,,,,,,,,,,,,11,190.412.513.914.185
587268,1,2,11,95,2,,,,,,,,1,2,,1,,,98,,,,2,2,2,,2,11,190.412.513.914.185
587269,1,1,11,95,1,,1,2,,,500000,2,1,2,,2,,,,,,2500000,2,1,2,,2,11,20.697.720.892.328
587269,1,2,11,95,2,,,,,,,,2,,,,,,,,,,,,,,,11,20.697.720.892.328
587269,1,3,11,95,2,,,,,,,,2,,,,,,,,,,,,,,,11,20.697.720.892.328
587269,1,4,11,95,1,,2,2,3000000,,,1,2,,,,,,,,,,,,,,,11,20.697.720.892.328
587270,1,1,11,95,1,,2,1,,1450000,,2,2,,,,,,,,,,,,,,,11,239.952.034.032.991
587270,1,2,11,95,2,,,,,,,,2,,,,,,,,,,,,,,,11,239.952.034.032.991
587271,1,1,11,95,1,,1,1,,500000,500000,2,2,,,,,,,,,,,,,,,11,229.213.402.874.396
587271,1,2,11,95,1,,2,1,,433700,,2,2,,,,,,,,,,,,,,,11,229.213.402.874.396
587271,1,3,11,95,2,,,,,,,,2,,,,,,,,,,,,,,,11,229.213.402.874.396
587272,1,1,11,95,1,,2,1,,433700,,2,2,,,,,,,,,,,,,,,11,17.967.388.275.559
587272,1,2,11,95,1,,2,1,,855000,,2,2,,,,,,,,,,,,,,,11,17.967.388.275.559
587272,1,3,11,95,2,,,,,,,,2,,,,,,,,,,,,,,,11,17.967.388.275.559
587273,1,1,11,95,1,,1,1,,1200000,300000,2,2,,,,,,,,,,,,,,,11,199.683.460.550.661
587273,1,2,11,95,2,,,,,,,,2,,,,,,,,,,,,,,,11,199.683.460.550.661
587274,1,1,11,95,2,,,,,,,,2,,,,,,,,,,,,,,,11,132.206.792.217.846
587274,1,2,11,95,2,,,,,,,,2,,,,,,,,,,,,,,,11,132.206.792.217.846
587274,1,3,11,95,2,,,,,,,,2,,,,,,,,,,,,,,,11,132.206.792.217.846
587274,1,4,11,95,2,,,,,,,,1,2,,2,,,,,,600000,2,1,2,,2,11,132.206.792.217.846
587275,1,1,11,95,2,,,,,,,,2,,,,,,,,,,,,,,,11,276.526.306.837.156
587275,1,2,11,95,2,,,,,,,,2,,,,,,,,,,,,,,,11,276.526.306.837.156
587275,1,3,11,95,2,,,,,,,,2,,,,,,,,,,,,,,,11,276.526.306.837.156
587276,1,1,11,95,1,,1,2,,,950000,2,2,,,,,,,,,,,,,,,11,283.707.348.325.056
587276,1,2,11,95,2,,,,,,,,2,,,,,,,,,,,,,,,11,283.707.348.325.056
587277,1,1,11,95,1,,1,1,,900000,500000,2,2,,,,,,,,,,,,,,,11,237.941.428.198.303
587277,1,2,11,95,2,,,,,,,,2,,,,,,,,,,,,,,,11,237.941.428.198.303
587277,1,3,11,95,2,,,,,,,,2,,,,,,,,,,,,,,,11,237.941.428.198.303
587277,1,4,11,95,2,,,,,,,,2,,,,,,,,,,,,,,,11,237.941.428.198.303
587281,1,1,11,95,1,,2,1,,2800000,,2,2,,,,,,,,,,,,,,,11,199.683.460.550.661
587281,1,2,11,95,2,,,,,,,,2,,,,,,,,,,,,,,,11,199.683.460.550.661
587282,1,1,11,95,1,,1,1,,862976,200000,2,2,,,,,,,,,,,,,,,11,164.346.771.020.338
587282,1,2,11,95,1,,1,2,,,380000,2,2,,,,,,,,,,,,,,,11,164.346.771.020.338
587282,1,3,11,95,2,,,,,,,,2,,,,,,,,,,,,,,,11,164.346.771.020.338
587282,1,4,11,95,2,,,,,,,,2,,,,,,,,,,,,,,,11,164.346.771.020.338
587282,1,5,11,95,2,,,,,,,,2,,,,,,,,,,,,,,,11,164.346.771.020.338
587283,1,1,11,95,2,,,,,,,,2,,,,,,,,,,,,,,,11,356.961.620.547.622
587283,1,2,11,95,1,,1,2,,,320000,2,2,,,,,,,,,,,,,,,11,356.961.620.547.622
587284,1,1,11,95,2,,,,,,,,2,,,,,,,,,,,,,,,11,267.156.235.523.434
587284,1,2,11,95,2,,,,,,,,2,,,,,,,,,,,,,,,11,267.156.235.523.434
587284,1,3,11,95,2,,,,,,,,2,,,,,,,,,,,,,,,11,267.156.235.523.434
587285,1,1,13,95,2,,,,,,,,2,,,,,,,,,,,,,,,13,312.632.454.645.653
587285,1,3,13,95,2,,,,,,,,2,,,,,,,,,,,,,,,13,312.632.454.645.653
587285,1,4,13,95,2,,,,,,,,2,,,,,,,,,,,,,,,13,312.632.454.645.653
587286,1,1,13,95,1,,1,2,,,250000,2,2,,,,,,,,,,,,,,,13,27.280.483.184.167
587286,1,2,13,95,2,,,,,,,,2,,,,,,,,,,,,,,,13,27.280.483.184.167
587286,1,3,13,95,2,,,,,,,,2,,,,,,,,,,,,,,,13,27.280.483.184.167
587287,1,1,13,95,2,,,,,,,,2,,,,,,,,,,,,,,,13,259.207.282.934.062
587287,1,2,13,95,2,,,,,,,,2,,,,,,,,,,,,,,,13,259.207.282.934.062
587288,1,1,13,95,2,,,,,,,,2,,,,,,,,,,,,,,,13,243.390.039.432.722
587288,1,2,13,95,2,,,,,,,,2,,,,,,,,,,,,,,,13,243.390.039.432.722
587288,1,3,13,95,2,,,,,,,,2,,,,,,,,,,,,,,,13,243.390.039.432.722
587288,1,4,13,95,2,,,,,,,,2,,,,,,,,,,,,,,,13,243.390.039.432.722
587288,1,5,13,95,2,,,,,,,,2,,,,,,,,,,,,,,,13,243.390.039.432.722
587288,1,6,13,95,2,,,,,,,,2,,,,,,,,,,,,,,,13,243.390.039.432.722
587289,1,1,13,95,2,,,,,,,,2,,,,,,,,,,,,,,,13,291.572.552.213.405
587289,1,2,13,95,2,,,,,,,,2,,,,,,,,,,,,,,,13,291.572.552.213.405
587289,1,3,13,95,2,,,,,,,,2,,,,,,,,,,,,,,,13,291.572.552.213.405
587289,1,4,13,95,2,,,,,,,,2,,,,,,,,,,,,,,,13,291.572.552.213.405
587289,1,5,13,95,2,,,,,,,,2,,,,,,,,,,,,,,,13,291.572.552.213.405
587289,2,1,13,95,2,,,,,,,,2,,,,,,,,,,,,,,,13,291.572.552.213.405
587289,2,2,13,95,2,,,,,,,,2,,,,,,,,,,,,,,,13,291.572.552.213.405
587289,3,1,13,95,2,,,,,,,,2,,,,,,,,,,,,,,,13,291.572.552.213.405
587289,3,2,13,95,2,,,,,,,,2,,,,,,,,,,,,,,,13,291.572.552.213.405
587290,1,1,13,95,2,,,,,,,,2,,,,,,,,,,,,,,,13,300.254.697.178.721
587290,1,2,13,95,2,,,,,,,,2,,,,,,,,,,,,,,,13,300.254.697.178.721
587290,1,3,13,95,2,,,,,,,,2,,,,,,,,,,,,,,,13,300.254.697.178.721
587290,1,4,13,95,2,,,,,,,,2,,,,,,,,,,,,,,,13,300.254.697.178.721
587290,1,5,13,95,2,,,,,,,,2,,,,,,,,,,,,,,,13,300.254.697.178.721
587291,1,1,13,95,2,,,,,,,,2,,,,,,,,,,,,,,,13,268.890.750.385.316
587291,1,2,13,95,2,,,,,,,,2,,,,,,,,,,,,,,,13,268.890.750.385.316
587291,1,3,13,95,2,,,,,,,,2,,,,,,,,,,,,,,,13,268.890.750.385.316
587292,1,1,13,95,2,,,,,,,,2,,,,,,,,,,,,,,,13,195.023.698.986.602
587292,1,2,13,95,2,,,,,,,,2,,,,,,,,,,,,,,,13,195.023.698.986.602
587292,1,3,13,95,2,,,,,,,,2,,,,,,,,,,,,,,,13,195.023.698.986.602
587292,2,1,13,95,2,,,,,,,,2,,,,,,,,,,,,,,,13,195.023.698.986.602
587292,2,2,13,95,2,,,,,,,,2,,,,,,,,,,,,,,,13,195.023.698.986.602
587292,3,1,13,95,2,,,,,,,,2,,,,,,,,,,,,,,,13,195.023.698.986.602
587293,1,1,13,95,2,,,,,,,,2,,,,,,,,,,,,,,,13,25.031.888.271.668
587293,1,2,13,95,2,,,,,,,,2,,,,,,,,,,,,,,,13,25.031.888.271.668
587293,1,3,13,95,2,,,,,,,,2,,,,,,,,,,,,,,,13,25.031.888.271.668
587293,1,4,13,95,2,,,,,,,,2,,,,,,,,,,,,,,,13,25.031.888.271.668
587293,1,5,13,95,2,,,,,,,,2,,,,,,,,,,,,,,,13,25.031.888.271.668
587293,1,7,13,95,2,,,,,,,,2,,,,,,,,,,,,,,,13,25.031.888.271.668
587293,1,8,13,95,2,,,,,,,,2,,,,,,,,,,,,,,,13,25.031.888.271.668
587294,1,1,13,95,2,,,,,,,,2,,,,,,,,,,,,,,,13,292.478.011.056.883
587294,1,2,13,95,2,,,,,,,,2,,,,,,,,,,,,,,,13,292.478.011.056.883
587294,1,3,13,95,2,,,,,,,,2,,,,,,,,,,,,,,,13,292.478.011.056.883
587294,1,4,13,95,2,,,,,,,,2,,,,,,,,,,,,,,,13,292.478.011.056.883
587295,1,1,13,95,2,,,,,,,,2,,,,,,,,,,,,,,,13,296.397.512.050.487
587295,1,2,13,95,2,,,,,,,,2,,,,,,,,,,,,,,,13,296.397.512.050.487
587295,1,3,13,95,2,,,,,,,,2,,,,,,,,,,,,,,,13,296.397.512.050.487
587296,1,1,13,95,2,,,,,,,,1,2,,2,,,,,,2500000,2,1,2,,2,13,302.228.929.504.171
587297,1,1,13,95,2,,,,,,,,2,,,,,,,,,,,,,,,13,339.689.717.713.121
587297,1,2,13,95,2,,,,,,,,2,,,,,,,,,,,,,,,13,339.689.717.713.121
587297,1,3,13,95,2,,,,,,,,2,,,,,,,,,,,,,,,13,339.689.717.713.121
587298,1,1,13,95,2,,,,,,,,2,,,,,,,,,,,,,,,13,277.093.672.002.103
587298,1,2,13,95,2,,,,,,,,2,,,,,,,,,,,,,,,13,277.093.672.002.103
587298,1,3,13,95,2,,,,,,,,2,,,,,,,,,,,,,,,13,277.093.672.002.103
587298,1,4,13,95,2,,,,,,,,2,,,,,,,,,,,,,,,13,277.093.672.002.103
587298,1,5,13,95,2,,,,,,,,2,,,,,,,,,,,,,,,13,277.093.672.002.103
587298,1,6,13,95,2,,,,,,,,2,,,,,,,,,,,,,,,13,277.093.672.002.103
587299,1,1,13,95,2,,,,,,,,2,,,,,,,,,,,,,,,13,301.897.116.019.254
587299,1,2,13,95,2,,,,,,,,2,,,,,,,,,,,,,,,13,301.897.116.019.254
587299,1,3,13,95,2,,,,,,,,2,,,,,,,,,,,,,,,13,301.897.116.019.254
587299,1,4,13,95,2,,,,,,,,2,,,,,,,,,,,,,,,13,301.897.116.019.254
587299,1,5,13,95,1,,2,1,,461000,,2,2,,,,,,,,,,,,,,,13,301.897.116.019.254
587299,1,6,13,95,2,,,,,,,,2,,,,,,,,,,,,,,,13,301.897.116.019.254
587300,1,1,13,95,2,,,,,,,,2,,,,,,,,,,,,,,,13,236.818.426.123.051
587300,1,2,13,95,2,,,,,,,,2,,,,,,,,,,,,,,,13,236.818.426.123.051
587301,1,1,13,95,2,,,,,,,,2,,,,,,,,,,,,,,,13,273.399.095.143.794
587301,1,2,13,95,2,,,,,,,,2,,,,,,,,,,,,,,,13,273.399.095.143.794
587301,1,3,13,95,2,,,,,,,,2,,,,,,,,,,,,,,,13,273.399.095.143.794
587302,1,1,13,95,2,,,,,,,,2,,,,,,,,,,,,,,,13,253.080.883.577.648
587302,1,2,13,95,2,,,,,,,,2,,,,,,,,,,,,,,,13,253.080.883.577.648
587303,1,1,13,95,1,,2,1,,461000,,2,2,,,,,,,,,,,,,,,13,280.690.680.901.594
587303,1,2,13,95,2,,,,,,,,2,,,,,,,,,,,,,,,13,280.690.680.901.594
587303,1,3,13,95,2,,,,,,,,2,,,,,,,,,,,,,,,13,280.690.680.901.594
587303,1,4,13,95,2,,,,,,,,2,,,,,,,,,,,,,,,13,280.690.680.901.594
587303,1,5,13,95,2,,,,,,,,1,2,,2,,,,,,2400000,2,1,2,,2,13,280.690.680.901.594
587303,1,6,13,95,2,,,,,,,,2,,,,,,,,,,,,,,,13,280.690.680.901.594
587303,1,10,13,95,2,,,,,,,,2,,,,,,,,,,,,,,,13,280.690.680.901.594
587304,1,1,13,95,2,,,,,,,,2,,,,,,,,,,,,,,,13,286.642.135.749.772
587304,1,2,13,95,2,,,,,,,,2,,,,,,,,,,,,,,,13,286.642.135.749.772
587305,1,1,13,95,2,,,,,,,,2,,,,,,,,,,,,,,,13,325.710.595.692.876
587305,1,2,13,95,2,,,,,,,,1,2,,2,,,,,,3000000,2,1,2,,2,13,325.710.595.692.876
587305,1,3,13,95,2,,,,,,,,2,,,,,,,,,,,,,,,13,325.710.595.692.876
587305,1,4,13,95,2,,,,,,,,2,,,,,,,,,,,,,,,13,325.710.595.692.876
587306,1,1,13,95,2,,,,,,,,2,,,,,,,,,,,,,,,13,281.437.201.857.282
587306,1,2,13,95,2,,,,,,,,2,,,,,,,,,,,,,,,13,281.437.201.857.282
587306,1,3,13,95,2,,,,,,,,2,,,,,,,,,,,,,,,13,281.437.201.857.282
587306,1,4,13,95,2,,,,,,,,2,,,,,,,,,,,,,,,13,281.437.201.857.282
587306,1,5,13,95,2,,,,,,,,2,,,,,,,,,,,,,,,13,281.437.201.857.282
587306,1,6,13,95,2,,,,,,,,2,,,,,,,,,,,,,,,13,281.437.201.857.282
587306,1,9,13,95,2,,,,,,,,2,,,,,,,,,,,,,,,13,281.437.201.857.282
587306,1,10,13,95,2,,,,,,,,2,,,,,,,,,,,,,,,13,281.437.201.857.282
587308,1,1,13,95,2,,,,,,,,2,,,,,,,,,,,,,,,13,279.138.719.727.259
587308,1,2,13,95,2,,,,,,,,2,,,,,,,,,,,,,,,13,279.138.719.727.259
587308,1,3,13,95,2,,,,,,,,2,,,,,,,,,,,,,,,13,279.138.719.727.259
587309,1,1,13,95,2,,,,,,,,2,,,,,,,,,,,,,,,13,302.073.803.451.443
587309,1,2,13,95,2,,,,,,,,2,,,,,,,,,,,,,,,13,302.073.803.451.443
587310,1,1,13,95,2,,,,,,,,2,,,,,,,,,,,,,,,13,281.779.956.127.894
587310,1,2,13,95,2,,,,,,,,2,,,,,,,,,,,,,,,13,281.779.956.127.894
587311,1,1,13,95,2,,,,,,,,2,,,,,,,,,,,,,,,13,275.267.455.436.762
587311,1,2,13,95,2,,,,,,,,2,,,,,,,,,,,,,,,13,275.267.455.436.762
587311,1,3,13,95,2,,,,,,,,2,,,,,,,,,,,,,,,13,275.267.455.436.762
587311,1,4,13,95,2,,,,,,,,2,,,,,,,,,,,,,,,13,275.267.455.436.762
587312,1,1,13,95,2,,,,,,,,2,,,,,,,,,,,,,,,13,264.674.836.391.482
587312,1,2,13,95,2,,,,,,,,2,,,,,,,,,,,,,,,13,264.674.836.391.482
587312,1,3,13,95,2,,,,,,,,2,,,,,,,,,,,,,,,13,264.674.836.391.482
587312,1,4,13,95,2,,,,,,,,2,,,,,,,,,,,,,,,13,264.674.836.391.482
587313,1,1,13,95,2,,,,,,,,2,,,,,,,,,,,,,,,13,304.432.190.136.106
587313,1,2,13,95,2,,,,,,,,2,,,,,,,,,,,,,,,13,304.432.190.136.106
587313,1,3,13,95,2,,,,,,,,2,,,,,,,,,,,,,,,13,304.432.190.136.106
587313,1,4,13,95,2,,,,,,,,2,,,,,,,,,,,,,,,13,304.432.190.136.106
587313,1,5,13,95,2,,,,,,,,1,2,,2,,,,,,600000,2,1,2,,2,13,304.432.190.136.106
587314,1,1,13,95,1,,2,1,,433700,,2,2,,,,,,,,,,,,,,,13,273.114.338.712.482
587314,1,2,13,95,2,,,,,,,,2,,,,,,,,,,,,,,,13,273.114.338.712.482
587314,1,3,13,95,2,,,,,,,,2,,,,,,,,,,,,,,,13,273.114.338.712.482
587314,1,4,13,95,2,,,,,,,,2,,,,,,,,,,,,,,,13,273.114.338.712.482
587315,1,1,13,95,1,,2,1,,433700,,2,2,,,,,,,,,,,,,,,13,208.078.233.884.914
587315,1,2,13,95,2,,,,,,,,2,,,,,,,,,,,,,,,13,208.078.233.884.914
587315,1,3,13,95,2,,,,,,,,2,,,,,,,,,,,,,,,13,208.078.233.884.914
587315,1,4,13,95,2,,,,,,,,2,,,,,,,,,,,,,,,13,208.078.233.884.914
587315,2,1,13,95,2,,,,,,,,2,,,,,,,,,,,,,,,13,208.078.233.884.914
587315,2,2,13,95,2,,,,,,,,2,,,,,,,,,,,,,,,13,208.078.233.884.914
587315,3,1,13,95,2,,,,,,,,2,,,,,,,,,,,,,,,13,208.078.233.884.914
587315,3,2,13,95,2,,,,,,,,2,,,,,,,,,,,,,,,13,208.078.233.884.914
587316,1,1,13,95,2,,,,,,,,2,,,,,,,,,,,,,,,13,255.157.405.838.021
587316,1,2,13,95,2,,,,,,,,2,,,,,,,,,,,,,,,13,255.157.405.838.021
587316,1,3,13,95,2,,,,,,,,2,,,,,,,,,,,,,,,13,255.157.405.838.021
587316,2,1,13,95,2,,,,,,,,2,,,,,,,,,,,,,,,13,255.157.405.838.021
587316,2,2,13,95,2,,,,,,,,2,,,,,,,,,,,,,,,13,255.157.405.838.021
587539,1,1,23,95,2,,,,,,,,1,2,,2,,,,,,600000,2,1,2,,2,23,10.954.433.966.649
587539,1,2,23,95,2,,,,,,,,2,,,,,,,,,,,,,,,23,10.954.433.966.649
587539,1,3,23,95,2,,,,,,,,2,,,,,,,,,,,,,,,23,10.954.433.966.649
587539,1,4,23,95,2,,,,,,,,2,,,,,,,,,,,,,,,23,10.954.433.966.649
587539,1,5,23,95,2,,,,,,,,2,,,,,,,,,,,,,,,23,10.954.433.966.649
587539,1,6,23,95,2,,,,,,,,2,,,,,,,,,,,,,,,23,10.954.433.966.649
587540,1,1,23,95,2,,,,,,,,2,,,,,,,,,,,,,,,23,11.003.130.858.293
587540,1,2,23,95,2,,,,,,,,2,,,,,,,,,,,,,,,23,11.003.130.858.293
587540,1,3,23,95,2,,,,,,,,2,,,,,,,,,,,,,,,23,11.003.130.858.293
587540,1,5,23,95,2,,,,,,,,2,,,,,,,,,,,,,,,23,11.003.130.858.293
587540,1,6,23,95,2,,,,,,,,2,,,,,,,,,,,,,,,23,11.003.130.858.293
587540,1,7,23,95,2,,,,,,,,2,,,,,,,,,,,,,,,23,11.003.130.858.293
587540,1,8,23,95,2,,,,,,,,1,2,,2,,,,,,600000,2,1,2,,2,23,11.003.130.858.293
587541,1,1,23,95,2,,,,,,,,2,,,,,,,,,,,,,,,23,130.495.766.372.921
587541,1,2,23,95,2,,,,,,,,2,,,,,,,,,,,,,,,23,130.495.766.372.921
587542,1,1,23,95,2,,,,,,,,2,,,,,,,,,,,,,,,23,287.090.686.020.426
587542,1,2,23,95,2,,,,,,,,2,,,,,,,,,,,,,,,23,287.090.686.020.426
587543,1,1,23,95,2,,,,,,,,1,2,,1,,,150000,,,,2,2,2,,2,23,234.699.913.176.081
587543,1,2,23,95,2,,,,,,,,2,,,,,,,,,,,,,,,23,234.699.913.176.081
587544,1,1,23,95,1,,1,2,,,120000,2,2,,,,,,,,,,,,,,,23,813.932.824.173.413
587544,1,2,23,95,2,,,,,,,,2,,,,,,,,,,,,,,,23,813.932.824.173.413
587544,1,3,23,95,2,,,,,,,,2,,,,,,,,,,,,,,,23,813.932.824.173.413
587544,1,4,23,95,2,,,,,,,,2,,,,,,,,,,,,,,,23,813.932.824.173.413
587545,1,1,23,95,2,,,,,,,,2,,,,,,,,,,,,,,,23,130.495.766.372.921
587545,1,2,23,95,2,,,,,,,,2,,,,,,,,,,,,,,,23,130.495.766.372.921
587546,1,1,23,95,2,,,,,,,,2,,,,,,,,,,,,,,,23,142.091.663.427.086
587546,1,2,23,95,2,,,,,,,,2,,,,,,,,,,,,,,,23,142.091.663.427.086
587546,1,3,23,95,2,,,,,,,,2,,,,,,,,,,,,,,,23,142.091.663.427.086
587547,1,1,23,95,2,,,,,,,,2,,,,,,,,,,,,,,,23,142.387.542.571.318
587547,1,2,23,95,1,,1,2,,,120000,2,2,,,,,,,,,,,,,,,23,142.387.542.571.318
587547,1,3,23,95,2,,,,,,,,2,,,,,,,,,,,,,,,23,142.387.542.571.318
587548,1,1,23,95,2,,,,,,,,1,2,,2,,,,,,1000000,2,1,2,,2,23,152.277.470.136.325
587548,1,2,23,95,2,,,,,,,,2,,,,,,,,,,,,,,,23,152.277.470.136.325
587548,1,3,23,95,2,,,,,,,,2,,,,,,,,,,,,,,,23,152.277.470.136.325
587548,2,1,23,95,2,,,,,,,,2,,,,,,,,,,,,,,,23,152.277.470.136.325
587548,2,2,23,95,2,,,,,,,,2,,,,,,,,,,,,,,,23,152.277.470.136.325
587549,1,1,23,95,1,,2,2,200000,,,1,2,,,,,,,,,,,,,,,23,265.635.130.736.039
587549,1,3,23,95,2,,,,,,,,2,,,,,,,,,,,,,,,23,265.635.130.736.039
587549,1,4,23,95,2,,,,,,,,2,,,,,,,,,,,,,,,23,265.635.130.736.039
587550,1,1,23,95,2,,,,,,,,2,,,,,,,,,,,,,,,23,133.921.345.191.829
587550,1,2,23,95,2,,,,,,,,2,,,,,,,,,,,,,,,23,133.921.345.191.829
587550,1,3,23,95,2,,,,,,,,2,,,,,,,,,,,,,,,23,133.921.345.191.829
587551,1,1,23,95,2,,,,,,,,2,,,,,,,,,,,,,,,23,315.837.674.448.745
587551,1,2,23,95,2,,,,,,,,2,,,,,,,,,,,,,,,23,315.837.674.448.745
587551,1,3,23,95,2,,,,,,,,2,,,,,,,,,,,,,,,23,315.837.674.448.745
587551,1,4,23,95,2,,,,,,,,2,,,,,,,,,,,,,,,23,315.837.674.448.745
587551,1,5,23,95,2,,,,,,,,2,,,,,,,,,,,,,,,23,315.837.674.448.745
587552,1,1,23,95,1,,1,2,,,250000,2,1,2,,2,,,,,,500000,2,1,2,,2,23,254.668.468.238.354
587553,1,1,23,95,1,,1,2,,,70000,2,2,,,,,,,,,,,,,,,23,27.418.645.216.592
587553,1,2,23,95,2,,,,,,,,2,,,,,,,,,,,,,,,23,27.418.645.216.592
587553,1,4,23,95,2,,,,,,,,2,,,,,,,,,,,,,,,23,27.418.645.216.592
587554,1,1,23,95,2,,,,,,,,2,,,,,,,,,,,,,,,23,298.210.425.462.969
587554,1,2,23,95,2,,,,,,,,2,,,,,,,,,,,,,,,23,298.210.425.462.969
587554,1,3,23,95,2,,,,,,,,2,,,,,,,,,,,,,,,23,298.210.425.462.969
587554,1,4,23,95,2,,,,,,,,2,,,,,,,,,,,,,,,23,298.210.425.462.969
587555,1,1,23,95,2,,,,,,,,1,2,,2,,,,,,120000,2,1,2,,2,23,109.037.638.144.257
587555,1,2,23,95,1,,2,2,410000,,,1,2,,,,,,,,,,,,,,,23,109.037.638.144.257
587555,1,5,23,95,1,,2,2,200000,,,1,2,,,,,,,,,,,,,,,23,109.037.638.144.257
587555,1,8,23,95,2,,,,,,,,2,,,,,,,,,,,,,,,23,109.037.638.144.257
587556,1,1,23,95,1,,2,2,150000,,,1,2,,,,,,,,,,,,,,,23,116.832.343.351.806
587556,1,3,23,95,1,,2,2,50000,,,1,2,,,,,,,,,,,,,,,23,116.832.343.351.806
587556,1,4,23,95,2,,,,,,,,2,,,,,,,,,,,,,,,23,116.832.343.351.806
587557,1,1,23,95,2,,,,,,,,2,,,,,,,,,,,,,,,23,140.805.335.677.309
587557,1,2,23,95,2,,,,,,,,2,,,,,,,,,,,,,,,23,140.805.335.677.309
587557,1,3,23,95,2,,,,,,,,2,,,,,,,,,,,,,,,23,140.805.335.677.309
587557,1,4,23,95,2,,,,,,,,2,,,,,,,,,,,,,,,23,140.805.335.677.309
587558,1,1,23,95,2,,,,,,,,2,,,,,,,,,,,,,,,23,955.604.980.812.425
587558,1,3,23,95,2,,,,,,,,2,,,,,,,,,,,,,,,23,955.604.980.812.425
587558,1,4,23,95,2,,,,,,,,2,,,,,,,,,,,,,,,23,955.604.980.812.425
587559,1,1,23,95,2,,,,,,,,2,,,,,,,,,,,,,,,23,123.242.476.800.947
587559,1,2,23,95,2,,,,,,,,2,,,,,,,,,,,,,,,23,123.242.476.800.947
587560,1,1,23,95,2,,,,,,,,2,,,,,,,,,,,,,,,23,112.635.333.512.248
587560,1,2,23,95,2,,,,,,,,2,,,,,,,,,,,,,,,23,112.635.333.512.248
587560,1,6,23,95,2,,,,,,,,2,,,,,,,,,,,,,,,23,112.635.333.512.248
587560,1,7,23,95,2,,,,,,,,2,,,,,,,,,,,,,,,23,112.635.333.512.248
587560,1,8,23,95,2,,,,,,,,2,,,,,,,,,,,,,,,23,112.635.333.512.248
587561,1,1,23,95,2,,,,,,,,2,,,,,,,,,,,,,,,23,136.320.688.955.499
587561,1,2,23,95,2,,,,,,,,2,,,,,,,,,,,,,,,23,136.320.688.955.499
587561,1,3,23,95,2,,,,,,,,2,,,,,,,,,,,,,,,23,136.320.688.955.499
587561,1,4,23,95,2,,,,,,,,2,,,,,,,,,,,,,,,23,136.320.688.955.499
587561,1,5,23,95,2,,,,,,,,2,,,,,,,,,,,,,,,23,136.320.688.955.499
587561,1,6,23,95,2,,,,,,,,2,,,,,,,,,,,,,,,23,136.320.688.955.499
587562,1,1,23,95,2,,,,,,,,2,,,,,,,,,,,,,,,23,136.792.277.423.555
587562,1,2,23,95,2,,,,,,,,1,2,,2,,,,,,1000000,2,1,2,,2,23,136.792.277.423.555
587563,1,1,23,95,2,,,,,,,,2,,,,,,,,,,,,,,,23,13.515.322.622.247
587563,1,2,23,95,2,,,,,,,,2,,,,,,,,,,,,,,,23,13.515.322.622.247
587563,1,3,23,95,2,,,,,,,,2,,,,,,,,,,,,,,,23,13.515.322.622.247
587563,1,4,23,95,2,,,,,,,,2,,,,,,,,,,,,,,,23,13.515.322.622.247
587564,1,1,23,95,2,,,,,,,,2,,,,,,,,,,,,,,,23,143.460.418.932.977
587564,1,2,23,95,2,,,,,,,,2,,,,,,,,,,,,,,,23,143.460.418.932.977
587564,1,3,23,95,2,,,,,,,,2,,,,,,,,,,,,,,,23,143.460.418.932.977
587565,1,1,23,95,2,,,,,,,,2,,,,,,,,,,,,,,,23,116.008.160.452.098
587565,1,2,23,95,2,,,,,,,,2,,,,,,,,,,,,,,,23,116.008.160.452.098
587565,1,3,23,95,2,,,,,,,,2,,,,,,,,,,,,,,,23,116.008.160.452.098
587566,1,1,23,95,2,,,,,,,,2,,,,,,,,,,,,,,,23,134.319.384.697.968
587566,1,2,23,95,2,,,,,,,,2,,,,,,,,,,,,,,,23,134.319.384.697.968
587566,1,3,23,95,2,,,,,,,,2,,,,,,,,,,,,,,,23,134.319.384.697.968
587566,1,4,23,95,2,,,,,,,,2,,,,,,,,,,,,,,,23,134.319.384.697.968
587566,1,5,23,95,2,,,,,,,,2,,,,,,,,,,,,,,,23,134.319.384.697.968
587567,1,1,23,95,2,,,,,,,,2,,,,,,,,,,,,,,,23,139.064.124.114.318
587567,1,2,23,95,2,,,,,,,,2,,,,,,,,,,,,,,,23,139.064.124.114.318
587567,1,3,23,95,2,,,,,,,,2,,,,,,,,,,,,,,,23,139.064.124.114.318
587567,1,4,23,95,2,,,,,,,,2,,,,,,,,,,,,,,,23,139.064.124.114.318
587568,1,1,23,95,2,,,,,,,,2,,,,,,,,,,,,,,,23,962.419.451.626.759
587568,1,2,23,95,2,,,,,,,,2,,,,,,,,,,,,,,,23,962.419.451.626.759
587569,1,1,23,95,2,,,,,,,,2,,,,,,,,,,,,,,,23,117.229.310.521.595
587569,1,2,23,95,2,,,,,,,,2,,,,,,,,,,,,,,,23,117.229.310.521.595
587569,1,3,23,95,2,,,,,,,,2,,,,,,,,,,,,,,,23,117.229.310.521.595
587570,1,1,23,95,1,,2,1,,660000,,2,2,,,,,,,,,,,,,,,23,990.327.182.065.714
587570,1,2,23,95,2,,,,,,,,2,,,,,,,,,,,,,,,23,990.327.182.065.714
587570,1,3,23,95,2,,,,,,,,2,,,,,,,,,,,,,,,23,990.327.182.065.714
587570,1,4,23,95,2,,,,,,,,1,2,,2,,,,,,500000,2,1,2,,2,23,990.327.182.065.714
587570,1,6,23,95,2,,,,,,,,2,,,,,,,,,,,,,,,23,990.327.182.065.714
587570,1,7,23,95,2,,,,,,,,2,,,,,,,,,,,,,,,23,990.327.182.065.714
587571,1,1,23,95,2,,,,,,,,2,,,,,,,,,,,,,,,23,122.147.935.402.034
587571,1,2,23,95,2,,,,,,,,2,,,,,,,,,,,,,,,23,122.147.935.402.034
587571,1,3,23,95,2,,,,,,,,2,,,,,,,,,,,,,,,23,122.147.935.402.034
587571,1,4,23,95,2,,,,,,,,2,,,,,,,,,,,,,,,23,122.147.935.402.034
587571,1,5,23,95,2,,,,,,,,2,,,,,,,,,,,,,,,23,122.147.935.402.034
587571,1,6,23,95,2,,,,,,,,2,,,,,,,,,,,,,,,23,122.147.935.402.034
587571,1,7,23,95,2,,,,,,,,2,,,,,,,,,,,,,,,23,122.147.935.402.034
587571,1,8,23,95,2,,,,,,,,2,,,,,,,,,,,,,,,23,122.147.935.402.034
587572,1,1,23,95,2,,,,,,,,2,,,,,,,,,,,,,,,23,151.869.772.005.392
587572,1,2,23,95,2,,,,,,,,2,,,,,,,,,,,,,,,23,151.869.772.005.392
587572,1,3,23,95,2,,,,,,,,2,,,,,,,,,,,,,,,23,151.869.772.005.392
587572,1,4,23,95,2,,,,,,,,2,,,,,,,,,,,,,,,23,151.869.772.005.392
587573,1,1,23,95,1,,2,1,,2000000,,2,2,,,,,,,,,,,,,,,23,107.078.745.886.189
587573,1,2,23,95,2,,,,,,,,2,,,,,,,,,,,,,,,23,107.078.745.886.189
587574,1,1,23,95,2,,,,,,,,2,,,,,,,,,,,,,,,23,183.961.045.073.184
587574,1,2,23,95,2,,,,,,,,2,,,,,,,,,,,,,,,23,183.961.045.073.184
587574,1,3,23,95,2,,,,,,,,2,,,,,,,,,,,,,,,23,183.961.045.073.184
587574,1,4,23,95,2,,,,,,,,2,,,,,,,,,,,,,,,23,183.961.045.073.184
587574,1,5,23,95,2,,,,,,,,2,,,,,,,,,,,,,,,23,183.961.045.073.184
587574,1,6,23,95,2,,,,,,,,2,,,,,,,,,,,,,,,23,183.961.045.073.184
587574,1,7,23,95,2,,,,,,,,2,,,,,,,,,,,,,,,23,183.961.045.073.184
587574,1,8,23,95,2,,,,,,,,2,,,,,,,,,,,,,,,23,183.961.045.073.184
587574,1,9,23,95,2,,,,,,,,1,2,,2,,,,,,2400000,2,1,2,,2,23,183.961.045.073.184
587575,1,1,23,95,2,,,,,,,,2,,,,,,,,,,,,,,,23,139.436.580.171.418
587575,1,2,23,95,2,,,,,,,,1,2,,2,,,,,,500000,2,1,2,,2,23,139.436.580.171.418
587575,1,3,23,95,2,,,,,,,,2,,,,,,,,,,,,,,,23,139.436.580.171.418
587575,1,4,23,95,2,,,,,,,,2,,,,,,,,,,,,,,,23,139.436.580.171.418
587576,1,1,23,95,2,,,,,,,,2,,,,,,,,,,,,,,,23,981.042.903.106.996
587576,1,2,23,95,2,,,,,,,,2,,,,,,,,,,,,,,,23,981.042.903.106.996
587576,1,3,23,95,2,,,,,,,,2,,,,,,,,,,,,,,,23,981.042.903.106.996
587576,1,4,23,95,2,,,,,,,,2,,,,,,,,,,,,,,,23,981.042.903.106.996
587576,1,5,23,95,2,,,,,,,,2,,,,,,,,,,,,,,,23,981.042.903.106.996
587577,1,1,23,95,2,,,,,,,,2,,,,,,,,,,,,,,,23,119.467.268.697.327
587577,1,2,23,95,2,,,,,,,,2,,,,,,,,,,,,,,,23,119.467.268.697.327
587577,1,3,23,95,2,,,,,,,,2,,,,,,,,,,,,,,,23,119.467.268.697.327
587577,1,4,23,95,2,,,,,,,,2,,,,,,,,,,,,,,,23,119.467.268.697.327
587577,1,6,23,95,2,,,,,,,,1,2,,2,,,,,,150000,2,1,2,,2,23,119.467.268.697.327
587577,1,8,23,95,2,,,,,,,,2,,,,,,,,,,,,,,,23,119.467.268.697.327
587577,1,9,23,95,2,,,,,,,,2,,,,,,,,,,,,,,,23,119.467.268.697.327
587578,1,1,23,95,2,,,,,,,,2,,,,,,,,,,,,,,,23,141.719.207.369.986
587578,1,2,23,95,2,,,,,,,,2,,,,,,,,,,,,,,,23,141.719.207.369.986
587578,1,3,23,95,2,,,,,,,,2,,,,,,,,,,,,,,,23,141.719.207.369.986
587579,1,1,23,95,2,,,,,,,,2,,,,,,,,,,,,,,,23,129.280.091.388.976
587579,1,2,23,95,2,,,,,,,,2,,,,,,,,,,,,,,,23,129.280.091.388.976
587579,1,3,23,95,2,,,,,,,,2,,,,,,,,,,,,,,,23,129.280.091.388.976
587579,1,4,23,95,2,,,,,,,,2,,,,,,,,,,,,,,,23,129.280.091.388.976
587579,1,5,23,95,1,,2,2,100000,,,1,2,,,,,,,,,,,,,,,23,129.280.091.388.976
587580,1,1,23,95,2,,,,,,,,1,2,,2,,,,,,3600000,2,1,2,,2,23,160.310.385.935.842
587580,1,2,23,95,2,,,,,,,,2,,,,,,,,,,,,,,,23,160.310.385.935.842
587581,1,1,23,95,2,,,,,,,,2,,,,,,,,,,,,,,,23,143.460.418.932.977
587581,1,2,23,95,2,,,,,,,,2,,,,,,,,,,,,,,,23,143.460.418.932.977
587581,1,3,23,95,2,,,,,,,,2,,,,,,,,,,,,,,,23,143.460.418.932.977
587582,1,1,23,95,2,,,,,,,,2,,,,,,,,,,,,,,,23,105.236.446.297.641
587582,1,2,23,95,2,,,,,,,,2,,,,,,,,,,,,,,,23,105.236.446.297.641
587583,1,1,23,95,2,,,,,,,,2,,,,,,,,,,,,,,,23,113.881.380.951.906
587583,1,2,23,95,2,,,,,,,,2,,,,,,,,,,,,,,,23,113.881.380.951.906
587583,1,3,23,95,2,,,,,,,,2,,,,,,,,,,,,,,,23,113.881.380.951.906
587583,1,4,23,95,2,,,,,,,,2,,,,,,,,,,,,,,,23,113.881.380.951.906
587584,1,1,23,95,2,,,,,,,,2,,,,,,,,,,,,,,,23,108.819.957.449.181
587584,1,2,23,95,2,,,,,,,,2,,,,,,,,,,,,,,,23,108.819.957.449.181
587585,1,1,23,95,2,,,,,,,,2,,,,,,,,,,,,,,,23,113.247.759.863.916
587586,1,1,23,95,2,,,,,,,,2,,,,,,,,,,,,,,,23,143.460.418.932.977
587586,1,2,23,95,2,,,,,,,,2,,,,,,,,,,,,,,,23,143.460.418.932.977
587586,1,3,23,95,2,,,,,,,,2,,,,,,,,,,,,,,,23,143.460.418.932.977
587587,1,1,23,95,2,,,,,,,,1,2,,2,,,,,,9600000,2,1,2,,2,23,118.732.559.583.781
587587,1,4,23,95,2,,,,,,,,1,2,,2,,,,,,3600000,2,1,2,,2,23,118.732.559.583.781
587587,1,6,23,95,2,,,,,,,,2,,,,,,,,,,,,,,,23,118.732.559.583.781
587587,1,7,23,95,2,,,,,,,,2,,,,,,,,,,,,,,,23,118.732.559.583.781
587588,1,1,23,95,1,,2,1,,461500,,2,2,,,,,,,,,,,,,,,23,832.252.551.096.517
587588,1,2,23,95,2,,,,,,,,1,2,,2,,,,,,4200000,2,1,2,,2,23,832.252.551.096.517
587588,1,3,23,95,2,,,,,,,,2,,,,,,,,,,,,,,,23,832.252.551.096.517
587588,1,4,23,95,2,,,,,,,,2,,,,,,,,,,,,,,,23,832.252.551.096.517
587588,1,5,23,95,2,,,,,,,,2,,,,,,,,,,,,,,,23,832.252.551.096.517
587589,1,1,23,95,2,,,,,,,,1,2,,2,,,,,,2400000,2,1,2,,2,23,962.419.451.626.759
587589,1,2,23,95,2,,,,,,,,1,2,,2,,,,,,4800000,2,1,2,,2,23,962.419.451.626.759
587590,1,1,23,95,2,,,,,,,,2,,,,,,,,,,,,,,,23,130.495.766.372.921
587590,1,2,23,95,2,,,,,,,,2,,,,,,,,,,,,,,,23,130.495.766.372.921
587591,1,1,23,95,2,,,,,,,,2,,,,,,,,,,,,,,,23,108.388.276.166.049
587591,1,2,23,95,2,,,,,,,,2,,,,,,,,,,,,,,,23,108.388.276.166.049
587591,1,3,23,95,2,,,,,,,,1,2,,2,,,,,,1460000,2,1,2,,2,23,108.388.276.166.049
587591,1,5,23,95,2,,,,,,,,1,2,,2,,,,,,2400000,2,1,2,,2,23,108.388.276.166.049
587591,1,6,23,95,2,,,,,,,,1,2,,2,,,,,,2400000,2,1,2,,2,23,108.388.276.166.049
587592,1,1,23,95,2,,,,,,,,2,,,,,,,,,,,,,,,23,124.031.945.587.312
587592,1,2,23,95,2,,,,,,,,2,,,,,,,,,,,,,,,23,124.031.945.587.312
587592,1,3,23,95,2,,,,,,,,2,,,,,,,,,,,,,,,23,124.031.945.587.312
587592,1,5,23,95,2,,,,,,,,2,,,,,,,,,,,,,,,23,124.031.945.587.312
587592,1,6,23,95,2,,,,,,,,2,,,,,,,,,,,,,,,23,124.031.945.587.312
587593,1,1,23,95,1,,1,2,,,100000,2,1,2,,2,,,,,,100000,2,1,2,,2,23,109.206.597.722.732
587593,2,1,23,95,2,,,,,,,,1,2,,2,,,,,,1680000,2,1,2,,2,23,109.206.597.722.732
587593,2,2,23,95,2,,,,,,,,1,2,,2,,,,,,200000,2,1,2,,2,23,109.206.597.722.732
587594,1,1,23,95,2,,,,,,,,2,,,,,,,,,,,,,,,23,143.323.544.457.727
587594,1,2,23,95,2,,,,,,,,2,,,,,,,,,,,,,,,23,143.323.544.457.727
587594,1,3,23,95,2,,,,,,,,2,,,,,,,,,,,,,,,23,143.323.544.457.727
587594,1,5,23,95,2,,,,,,,,2,,,,,,,,,,,,,,,23,143.323.544.457.727
587595,1,1,23,95,2,,,,,,,,2,,,,,,,,,,,,,,,23,111.102.007.140.599
587596,1,1,23,95,2,,,,,,,,2,,,,,,,,,,,,,,,23,11.774.937.201.509
587596,1,2,23,95,2,,,,,,,,2,,,,,,,,,,,,,,,23,11.774.937.201.509
587596,1,4,23,95,1,,2,1,,538000,,2,2,,,,,,,,,,,,,,,23,11.774.937.201.509
587597,1,1,23,95,2,,,,,,,,2,,,,,,,,,,,,,,,23,197.297.725.833.766
587597,1,2,23,95,2,,,,,,,,2,,,,,,,,,,,,,,,23,197.297.725.833.766
587597,1,3,23,95,2,,,,,,,,2,,,,,,,,,,,,,,,23,197.297.725.833.766
587597,1,4,23,95,2,,,,,,,,2,,,,,,,,,,,,,,,23,197.297.725.833.766
587597,1,5,23,95,2,,,,,,,,2,,,,,,,,,,,,,,,23,197.297.725.833.766
587598,1,1,23,95,2,,,,,,,,2,,,,,,,,,,,,,,,23,231.901.113.524.711
587598,1,2,23,95,2,,,,,,,,2,,,,,,,,,,,,,,,23,231.901.113.524.711
587598,1,4,23,95,2,,,,,,,,2,,,,,,,,,,,,,,,23,231.901.113.524.711
587598,1,5,23,95,2,,,,,,,,2,,,,,,,,,,,,,,,23,231.901.113.524.711
587599,1,1,23,95,2,,,,,,,,2,,,,,,,,,,,,,,,23,108.413.859.615.088
587599,1,2,23,95,2,,,,,,,,2,,,,,,,,,,,,,,,23,108.413.859.615.088
587599,1,3,23,95,2,,,,,,,,2,,,,,,,,,,,,,,,23,108.413.859.615.088
587599,1,5,23,95,2,,,,,,,,2,,,,,,,,,,,,,,,23,108.413.859.615.088
587599,1,7,23,95,2,,,,,,,,2,,,,,,,,,,,,,,,23,108.413.859.615.088
587599,1,8,23,95,2,,,,,,,,2,,,,,,,,,,,,,,,23,108.413.859.615.088
587599,1,9,23,95,2,,,,,,,,2,,,,,,,,,,,,,,,23,108.413.859.615.088
587713,1,1,52,95,2,,,,,,,,2,,,,,,,,,,,,,,,52,108.069.101.832.074
587713,1,2,52,95,2,,,,,,,,2,,,,,,,,,,,,,,,52,108.069.101.832.074
587713,1,3,52,95,2,,,,,,,,2,,,,,,,,,,,,,,,52,108.069.101.832.074
587713,1,4,52,95,2,,,,,,,,2,,,,,,,,,,,,,,,52,108.069.101.832.074
587714,1,1,52,95,2,,,,,,,,2,,,,,,,,,,,,,,,52,183.100.080.012.095
587714,1,2,52,95,2,,,,,,,,2,,,,,,,,,,,,,,,52,183.100.080.012.095
587714,1,5,52,95,2,,,,,,,,2,,,,,,,,,,,,,,,52,183.100.080.012.095
587715,1,1,52,95,2,,,,,,,,2,,,,,,,,,,,,,,,52,174.910.151.891.419
587715,1,2,52,95,2,,,,,,,,2,,,,,,,,,,,,,,,52,174.910.151.891.419
587715,1,3,52,95,2,,,,,,,,2,,,,,,,,,,,,,,,52,174.910.151.891.419
587715,1,4,52,95,2,,,,,,,,2,,,,,,,,,,,,,,,52,174.910.151.891.419
587716,1,1,52,95,2,,,,,,,,2,,,,,,,,,,,,,,,52,133.829.063.417.775
587716,1,2,52,95,2,,,,,,,,2,,,,,,,,,,,,,,,52,133.829.063.417.775
587716,1,3,52,95,2,,,,,,,,1,2,,2,,,,,,600000,2,1,2,,2,52,133.829.063.417.775
587716,1,5,52,95,2,,,,,,,,2,,,,,,,,,,,,,,,52,133.829.063.417.775
587717,1,1,52,95,2,,,,,,,,2,,,,,,,,,,,,,,,52,128.525.970.319.387
587717,1,2,52,95,2,,,,,,,,2,,,,,,,,,,,,,,,52,128.525.970.319.387
587718,1,1,52,95,1,,2,1,,810000,,2,2,,,,,,,,,,,,,,,52,166.191.860.548.144
587718,1,2,52,95,2,,,,,,,,2,,,,,,,,,,,,,,,52,166.191.860.548.144
587718,1,3,52,95,2,,,,,,,,2,,,,,,,,,,,,,,,52,166.191.860.548.144
587719,1,1,52,95,1,,2,1,,700000,,2,2,,,,,,,,,,,,,,,52,137.985.026.432.169
587719,1,2,52,95,2,,,,,,,,2,,,,,,,,,,,,,,,52,137.985.026.432.169
587719,1,3,52,95,2,,,,,,,,2,,,,,,,,,,,,,,,52,137.985.026.432.169
587719,1,4,52,95,2,,,,,,,,2,,,,,,,,,,,,,,,52,137.985.026.432.169
587720,1,1,52,95,2,,,,,,,,2,,,,,,,,,,,,,,,52,116.057.485.961.361
587720,1,2,52,95,2,,,,,,,,2,,,,,,,,,,,,,,,52,116.057.485.961.361
587721,1,1,52,95,2,,,,,,,,2,,,,,,,,,,,,,,,52,185.019.420.597.075
587721,1,2,52,95,2,,,,,,,,2,,,,,,,,,,,,,,,52,185.019.420.597.075
587721,1,3,52,95,2,,,,,,,,2,,,,,,,,,,,,,,,52,185.019.420.597.075
587722,1,1,52,95,2,,,,,,,,2,,,,,,,,,,,,,,,52,183.884.574.660.749
587722,1,2,52,95,1,,1,2,,,700000,2,2,,,,,,,,,,,,,,,52,183.884.574.660.749
587723,1,1,52,95,2,,,,,,,,2,,,,,,,,,,,,,,,52,127.213.943.725.439
587723,1,2,52,95,2,,,,,,,,2,,,,,,,,,,,,,,,52,127.213.943.725.439
587723,1,4,52,95,2,,,,,,,,2,,,,,,,,,,,,,,,52,127.213.943.725.439
587723,1,5,52,95,1,,1,2,,,300000,2,2,,,,,,,,,,,,,,,52,127.213.943.725.439
587724,1,1,52,95,2,,,,,,,,2,,,,,,,,,,,,,,,52,171.462.717.484.996
587724,1,2,52,95,2,,,,,,,,2,,,,,,,,,,,,,,,52,171.462.717.484.996
587724,1,3,52,95,2,,,,,,,,2,,,,,,,,,,,,,,,52,171.462.717.484.996
587725,1,1,52,95,1,,1,2,,,150000,2,2,,,,,,,,,,,,,,,52,136.309.684.897.083
587725,1,2,52,95,2,,,,,,,,2,,,,,,,,,,,,,,,52,136.309.684.897.083
587725,1,3,52,95,2,,,,,,,,2,,,,,,,,,,,,,,,52,136.309.684.897.083
587725,1,4,52,95,2,,,,,,,,2,,,,,,,,,,,,,,,52,136.309.684.897.083
587726,1,1,52,95,2,,,,,,,,2,,,,,,,,,,,,,,,52,166.306.598.455.037
587726,1,2,52,95,2,,,,,,,,2,,,,,,,,,,,,,,,52,166.306.598.455.037
587727,1,1,52,95,2,,,,,,,,1,2,,2,,,,,,1200000,2,1,2,,2,52,203.439.527.960.741
587727,1,2,52,95,2,,,,,,,,2,,,,,,,,,,,,,,,52,203.439.527.960.741
587727,1,3,52,95,2,,,,,,,,2,,,,,,,,,,,,,,,52,203.439.527.960.741
587727,1,4,52,95,2,,,,,,,,2,,,,,,,,,,,,,,,52,203.439.527.960.741
587727,1,5,52,95,2,,,,,,,,2,,,,,,,,,,,,,,,52,203.439.527.960.741
587728,1,1,52,95,2,,,,,,,,2,,,,,,,,,,,,,,,52,138.627.296.284.356
587728,1,2,52,95,2,,,,,,,,2,,,,,,,,,,,,,,,52,138.627.296.284.356
587729,1,1,52,95,1,,1,2,,,720000,2,2,,,,,,,,,,,,,,,52,114.922.640.025.035
587730,1,1,52,95,2,,,,,,,,2,,,,,,,,,,,,,,,52,141.817.447.547.063
587730,1,2,52,95,2,,,,,,,,2,,,,,,,,,,,,,,,52,141.817.447.547.063
587731,1,1,52,95,1,,1,2,,,3500000,2,1,2,,2,,,,48000000,,,1,2,2,,2,52,138.985.199.959.441
587732,1,1,52,95,2,,,,,,,,2,,,,,,,,,,,,,,,52,955.404.494.901.146
587732,1,2,52,95,2,,,,,,,,2,,,,,,,,,,,,,,,52,955.404.494.901.146
587732,1,3,52,95,2,,,,,,,,2,,,,,,,,,,,,,,,52,955.404.494.901.146
587732,1,4,52,95,2,,,,,,,,1,2,,2,,,,,,,2,2,2,6000000,1,52,955.404.494.901.146
587732,1,5,52,95,2,,,,,,,,2,,,,,,,,,,,,,,,52,955.404.494.901.146
587733,1,1,52,95,2,,,,,,,,2,,,,,,,,,,,,,,,52,15.334.592.636.175
587733,1,2,52,95,2,,,,,,,,2,,,,,,,,,,,,,,,52,15.334.592.636.175
587733,1,3,52,95,2,,,,,,,,2,,,,,,,,,,,,,,,52,15.334.592.636.175
587733,1,4,52,95,2,,,,,,,,2,,,,,,,,,,,,,,,52,15.334.592.636.175
587734,1,1,52,95,2,,,,,,,,2,,,,,,,,,,,,,,,52,134.390.344.312.104
587734,1,2,52,95,2,,,,,,,,2,,,,,,,,,,,,,,,52,134.390.344.312.104
587734,1,3,52,95,2,,,,,,,,2,,,,,,,,,,,,,,,52,134.390.344.312.104
587734,1,4,52,95,2,,,,,,,,2,,,,,,,,,,,,,,,52,134.390.344.312.104
587735,1,1,52,95,2,,,,,,,,2,,,,,,,,,,,,,,,52,114.138.145.376.382
587735,1,2,52,95,2,,,,,,,,2,,,,,,,,,,,,,,,52,114.138.145.376.382
587736,1,1,52,95,2,,,,,,,,1,2,,1,,,780000,,,,2,2,2,,2,52,948.051.134.983.673
587736,1,2,52,95,2,,,,,,,,1,2,,2,,,,,,4800000,2,1,2,,2,52,948.051.134.983.673
587736,2,1,52,95,2,,,,,,,,2,,,,,,,,,,,,,,,52,948.051.134.983.673
587737,1,1,52,95,2,,,,,,,,2,,,,,,,,,,,,,,,52,125.666.624.191.069
587737,1,2,52,95,2,,,,,,,,2,,,,,,,,,,,,,,,52,125.666.624.191.069
587737,1,3,52,95,2,,,,,,,,2,,,,,,,,,,,,,,,52,125.666.624.191.069
587737,1,4,52,95,2,,,,,,,,2,,,,,,,,,,,,,,,52,125.666.624.191.069
587738,1,1,52,95,2,,,,,,,,2,,,,,,,,,,,,,,,52,141.817.447.547.063
587738,1,2,52,95,2,,,,,,,,2,,,,,,,,,,,,,,,52,141.817.447.547.063
587739,1,1,52,95,2,,,,,,,,2,,,,,,,,,,,,,,,52,134.633.104.219.712
587739,1,2,52,95,2,,,,,,,,2,,,,,,,,,,,,,,,52,134.633.104.219.712
587739,1,3,52,95,2,,,,,,,,2,,,,,,,,,,,,,,,52,134.633.104.219.712
587740,1,1,52,95,2,,,,,,,,1,2,,2,,,,,,10000000,2,1,2,,2,52,152.703.268.160.685
587900,1,1,54,95,2,,,,,,,,2,,,,,,,,,,,,,,,54,318.421.732.041.715
587901,1,1,54,95,2,,,,,,,,2,,,,,,,,,,,,,,,54,318.421.732.041.715
587902,1,1,54,95,2,,,,,,,,2,,,,,,,,,,,,,,,54,361.641.148.788.783
587902,1,2,54,95,2,,,,,,,,2,,,,,,,,,,,,,,,54,361.641.148.788.783
587902,1,5,54,95,2,,,,,,,,2,,,,,,,,,,,,,,,54,361.641.148.788.783
587902,1,6,54,95,2,,,,,,,,2,,,,,,,,,,,,,,,54,361.641.148.788.783
587902,1,10,54,95,2,,,,,,,,1,2,,2,,,,,,300000,2,1,2,,2,54,361.641.148.788.783
587902,1,11,54,95,2,,,,,,,,2,,,,,,,,,,,,,,,54,361.641.148.788.783
587903,1,1,54,95,2,,,,,,,,2,,,,,,,,,,,,,,,54,265.688.735.843.885
587903,1,2,54,95,2,,,,,,,,2,,,,,,,,,,,,,,,54,265.688.735.843.885
587903,1,3,54,95,2,,,,,,,,2,,,,,,,,,,,,,,,54,265.688.735.843.885
587903,1,5,54,95,2,,,,,,,,2,,,,,,,,,,,,,,,54,265.688.735.843.885
587904,1,1,54,95,2,,,,,,,,2,,,,,,,,,,,,,,,54,352.477.836.378.633
587904,1,2,54,95,2,,,,,,,,2,,,,,,,,,,,,,,,54,352.477.836.378.633
587904,1,3,54,95,2,,,,,,,,1,2,,2,,,,,,120000,2,1,2,,2,54,352.477.836.378.633
587905,1,1,54,95,2,,,,,,,,1,2,,1,,,1840000,,,,2,2,2,,2,54,35.515.552.858.527
587905,1,2,54,95,2,,,,,,,,2,,,,,,,,,,,,,,,54,35.515.552.858.527
587906,1,1,54,95,2,,,,,,,,2,,,,,,,,,,,,,,,54,318.732.221.534.346
587906,1,2,54,95,2,,,,,,,,2,,,,,,,,,,,,,,,54,318.732.221.534.346
587906,1,3,54,95,2,,,,,,,,2,,,,,,,,,,,,,,,54,318.732.221.534.346
587907,1,1,54,95,2,,,,,,,,2,,,,,,,,,,,,,,,54,259.535.632.488.601
587907,1,2,54,95,2,,,,,,,,2,,,,,,,,,,,,,,,54,259.535.632.488.601
587907,1,3,54,95,2,,,,,,,,1,2,,2,,,,,,200000,2,1,2,,2,54,259.535.632.488.601
587907,1,4,54,95,2,,,,,,,,2,,,,,,,,,,,,,,,54,259.535.632.488.601
587907,1,5,54,95,2,,,,,,,,2,,,,,,,,,,,,,,,54,259.535.632.488.601
587907,1,6,54,95,2,,,,,,,,1,2,,2,,,,,,200000,2,1,2,,2,54,259.535.632.488.601
587908,1,1,54,95,2,,,,,,,,1,2,,1,,,1320000,,,,2,2,2,,2,54,279.935.512.862.955
587908,1,2,54,95,2,,,,,,,,1,2,,1,,,400000,,,,2,2,2,,2,54,279.935.512.862.955
587908,1,4,54,95,2,,,,,,,,1,2,,2,,,,,,240000,2,1,2,,2,54,279.935.512.862.955
587909,1,1,54,95,2,,,,,,,,2,,,,,,,,,,,,,,,54,35.405.277.845.778
587909,1,2,54,95,2,,,,,,,,1,2,,1,,,1500000,,,,2,2,2,,2,54,35.405.277.845.778
587909,1,3,54,95,2,,,,,,,,2,,,,,,,,,,,,,,,54,35.405.277.845.778
587910,1,1,54,95,2,,,,,,,,2,,,,,,,,,,,,,,,54,321.409.913.740.983
587910,1,2,54,95,2,,,,,,,,2,,,,,,,,,,,,,,,54,321.409.913.740.983
587912,1,1,54,95,2,,,,,,,,2,,,,,,,,,,,,,,,54,290.199.402.976.191
587912,1,4,54,95,2,,,,,,,,2,,,,,,,,,,,,,,,54,290.199.402.976.191
587913,1,1,54,95,1,,1,2,,,80000,2,1,2,,2,,,,,,1800000,2,1,2,,2,54,266.247.677.716.328
587913,1,2,54,95,2,,,,,,,,2,,,,,,,,,,,,,,,54,266.247.677.716.328
587914,1,1,54,95,2,,,,,,,,2,,,,,,,,,,,,,,,54,276.947.331.163.686
587914,1,2,54,95,2,,,,,,,,1,2,,2,,,,,,3600000,2,1,2,,2,54,276.947.331.163.686
587915,1,1,54,95,2,,,,,,,,2,,,,,,,,,,,,,,,54,290.639.530.157.561
587915,1,2,54,95,2,,,,,,,,1,2,,2,,,,,,1080000,2,1,2,,2,54,290.639.530.157.561
587915,1,3,54,95,2,,,,,,,,2,,,,,,,,,,,,,,,54,290.639.530.157.561
587915,1,4,54,95,2,,,,,,,,1,2,,2,,,,,,1330000,2,1,2,,2,54,290.639.530.157.561
587915,1,7,54,95,2,,,,,,,,1,2,,1,,,459000,,,,2,2,2,,2,54,290.639.530.157.561
587915,1,8,54,95,2,,,,,,,,2,,,,,,,,,,,,,,,54,290.639.530.157.561
587915,1,9,54,95,2,,,,,,,,1,2,,2,,,,,,80000,2,1,2,,2,54,290.639.530.157.561
587915,1,10,54,95,2,,,,,,,,1,2,,2,,,,,,720000,2,1,2,,2,54,290.639.530.157.561
587916,1,1,54,95,2,,,,,,,,2,,,,,,,,,,,,,,,54,353.748.487.871.611
587916,1,2,54,95,2,,,,,,,,2,,,,,,,,,,,,,,,54,353.748.487.871.611
587916,1,3,54,95,2,,,,,,,,2,,,,,,,,,,,,,,,54,353.748.487.871.611
587916,1,4,54,95,2,,,,,,,,2,,,,,,,,,,,,,,,54,353.748.487.871.611
587916,1,5,54,95,2,,,,,,,,2,,,,,,,,,,,,,,,54,353.748.487.871.611
587917,1,1,54,95,2,,,,,,,,2,,,,,,,,,,,,,,,54,275.590.670.349.233
587917,1,2,54,95,2,,,,,,,,2,,,,,,,,,,,,,,,54,275.590.670.349.233
587917,1,3,54,95,2,,,,,,,,2,,,,,,,,,,,,,,,54,275.590.670.349.233
587917,1,4,54,95,2,,,,,,,,2,,,,,,,,,,,,,,,54,275.590.670.349.233
587918,1,1,54,95,2,,,,,,,,1,2,,2,,,,,,3600000,2,1,2,,2,54,287.159.755.161.666
587918,1,2,54,95,2,,,,,,,,2,,,,,,,,,,,,,,,54,287.159.755.161.666
587918,1,3,54,95,2,,,,,,,,2,,,,,,,,,,,,,,,54,287.159.755.161.666
587918,1,4,54,95,2,,,,,,,,2,,,,,,,,,,,,,,,54,287.159.755.161.666
587919,1,1,54,95,2,,,,,,,,2,,,,,,,,,,,,,,,54,283.592.768.414.908
587919,1,2,54,95,2,,,,,,,,2,,,,,,,,,,,,,,,54,283.592.768.414.908
587919,1,3,54,95,2,,,,,,,,2,,,,,,,,,,,,,,,54,283.592.768.414.908
587919,1,4,54,95,2,,,,,,,,1,2,,2,,,,,,200000,2,1,2,,2,54,283.592.768.414.908
587920,1,1,54,95,2,,,,,,,,2,,,,,,,,,,,,,,,54,358.579.473.618.661
587920,1,2,54,95,2,,,,,,,,2,,,,,,,,,,,,,,,54,358.579.473.618.661
587920,1,3,54,95,2,,,,,,,,2,,,,,,,,,,,,,,,54,358.579.473.618.661
587920,1,5,54,95,2,,,,,,,,2,,,,,,,,,,,,,,,54,358.579.473.618.661
587921,1,1,54,95,2,,,,,,,,2,,,,,,,,,,,,,,,54,395.527.179.335.808
587921,1,2,54,95,2,,,,,,,,2,,,,,,,,,,,,,,,54,395.527.179.335.808
587922,1,1,54,95,2,,,,,,,,2,,,,,,,,,,,,,,,54,267.207.839.716.674
587922,1,2,54,95,2,,,,,,,,2,,,,,,,,,,,,,,,54,267.207.839.716.674
587923,1,1,54,95,2,,,,,,,,1,2,,2,,,,,,6000000,2,1,2,,2,54,345.416.037.138.258
587923,1,2,54,95,2,,,,,,,,2,,,,,,,,,,,,,,,54,345.416.037.138.258
587924,1,1,54,95,2,,,,,,,,2,,,,,,,,,,,,,,,54,296.463.483.274.555
587924,1,2,54,95,2,,,,,,,,2,,,,,,,,,,,,,,,54,296.463.483.274.555
587924,1,3,54,95,2,,,,,,,,2,,,,,,,,,,,,,,,54,296.463.483.274.555
587925,1,1,54,95,2,,,,,,,,2,,,,,,,,,,,,,,,54,361.781.564.491.522
587925,1,2,54,95,2,,,,,,,,2,,,,,,,,,,,,,,,54,361.781.564.491.522
587926,1,1,54,95,1,,2,1,,1100000,,2,2,,,,,,,,,,,,,,,54,314.783.877.834.731
587926,1,2,54,95,1,,2,1,,1100000,,2,1,2,,2,,,,,,500000,2,1,2,,2,54,314.783.877.834.731
587927,1,1,54,95,2,,,,,,,,2,,,,,,,,,,,,,,,54,264.891.016.901.875
587927,1,2,54,95,2,,,,,,,,2,,,,,,,,,,,,,,,54,264.891.016.901.875
587927,1,3,54,95,2,,,,,,,,2,,,,,,,,,,,,,,,54,264.891.016.901.875
587927,1,4,54,95,2,,,,,,,,1,2,,2,,,,,,500000,2,1,2,,2,54,264.891.016.901.875
587929,1,1,54,95,2,,,,,,,,2,,,,,,,,,,,,,,,54,315.744.039.835.078
587929,1,2,54,95,2,,,,,,,,2,,,,,,,,,,,,,,,54,315.744.039.835.078
587930,1,1,54,95,2,,,,,,,,2,,,,,,,,,,,,,,,54,340.694.842.392.607
587930,1,2,54,95,2,,,,,,,,2,,,,,,,,,,,,,,,54,340.694.842.392.607
587930,1,3,54,95,2,,,,,,,,2,,,,,,,,,,,,,,,54,340.694.842.392.607
587930,1,4,54,95,2,,,,,,,,2,,,,,,,,,,,,,,,54,340.694.842.392.607
587930,1,5,54,95,2,,,,,,,,2,,,,,,,,,,,,,,,54,340.694.842.392.607
587930,1,7,54,95,2,,,,,,,,2,,,,,,,,,,,,,,,54,340.694.842.392.607
587931,1,1,54,95,2,,,,,,,,2,,,,,,,,,,,,,,,54,270.215.422.760.913
587931,1,2,54,95,2,,,,,,,,2,,,,,,,,,,,,,,,54,270.215.422.760.913
587931,1,3,54,95,2,,,,,,,,2,,,,,,,,,,,,,,,54,270.215.422.760.913
587931,1,4,54,95,2,,,,,,,,2,,,,,,,,,,,,,,,54,270.215.422.760.913
587931,1,5,54,95,2,,,,,,,,2,,,,,,,,,,,,,,,54,270.215.422.760.913
587932,1,1,54,95,2,,,,,,,,2,,,,,,,,,,,,,,,54,325.358.257.440.599
587932,1,2,54,95,2,,,,,,,,2,,,,,,,,,,,,,,,54,325.358.257.440.599
587932,1,3,54,95,2,,,,,,,,2,,,,,,,,,,,,,,,54,325.358.257.440.599
587933,1,1,54,95,2,,,,,,,,2,,,,,,,,,,,,,,,54,402.153.215.242.061
587933,1,2,54,95,2,,,,,,,,2,,,,,,,,,,,,,,,54,402.153.215.242.061
587934,1,1,54,95,2,,,,,,,,2,,,,,,,,,,,,,,,54,245.995.843.776.269
587934,1,2,54,95,2,,,,,,,,2,,,,,,,,,,,,,,,54,245.995.843.776.269
587934,1,3,54,95,2,,,,,,,,2,,,,,,,,,,,,,,,54,245.995.843.776.269
587934,1,4,54,95,2,,,,,,,,2,,,,,,,,,,,,,,,54,245.995.843.776.269
587934,1,5,54,95,2,,,,,,,,1,2,,2,,,,,,300000,2,1,2,,2,54,245.995.843.776.269
587934,1,6,54,95,2,,,,,,,,2,,,,,,,,,,,,,,,54,245.995.843.776.269
587934,1,7,54,95,2,,,,,,,,2,,,,,,,,,,,,,,,54,245.995.843.776.269
587935,1,1,54,95,2,,,,,,,,2,,,,,,,,,,,,,,,54,267.207.839.716.674
587935,1,2,54,95,2,,,,,,,,2,,,,,,,,,,,,,,,54,267.207.839.716.674
587936,1,1,54,95,2,,,,,,,,2,,,,,,,,,,,,,,,54,37.058.074.886.938
587936,1,2,54,95,2,,,,,,,,2,,,,,,,,,,,,,,,54,37.058.074.886.938
587936,1,3,54,95,2,,,,,,,,2,,,,,,,,,,,,,,,54,37.058.074.886.938
587937,1,1,54,95,2,,,,,,,,2,,,,,,,,,,,,,,,54,293.856.658.528.144
587937,1,2,54,95,2,,,,,,,,2,,,,,,,,,,,,,,,54,293.856.658.528.144
587937,1,3,54,95,1,,2,1,,461500,,2,2,,,,,,,,,,,,,,,54,293.856.658.528.144
587938,1,1,54,95,1,,1,2,,,380000,2,2,,,,,,,,,,,,,,,54,314.783.877.834.731
587938,1,2,54,95,2,,,,,,,,2,,,,,,,,,,,,,,,54,314.783.877.834.731
587939,1,1,54,95,2,,,,,,,,2,,,,,,,,,,,,,,,54,375.033.636.304.027
587939,1,2,54,95,2,,,,,,,,1,2,,2,,,,,,1200000,2,1,2,,2,54,375.033.636.304.027
587940,1,1,54,95,2,,,,,,,,2,,,,,,,,,,,,,,,54,309.972.293.432.651
587940,1,2,54,95,2,,,,,,,,2,,,,,,,,,,,,,,,54,309.972.293.432.651
587940,1,3,54,95,2,,,,,,,,2,,,,,,,,,,,,,,,54,309.972.293.432.651
587940,1,4,54,95,2,,,,,,,,2,,,,,,,,,,,,,,,54,309.972.293.432.651
587940,1,5,54,95,2,,,,,,,,2,,,,,,,,,,,,,,,54,309.972.293.432.651
587941,1,1,54,95,2,,,,,,,,2,,,,,,,,,,,,,,,54,327.912.762.865.062
587941,1,2,54,95,2,,,,,,,,2,,,,,,,,,,,,,,,54,327.912.762.865.062
587941,2,1,54,95,2,,,,,,,,2,,,,,,,,,,,,,,,54,327.912.762.865.062
587941,2,2,54,95,2,,,,,,,,2,,,,,,,,,,,,,,,54,327.912.762.865.062
587941,2,3,54,95,2,,,,,,,,2,,,,,,,,,,,,,,,54,327.912.762.865.062
587942,1,1,54,95,2,,,,,,,,2,,,,,,,,,,,,,,,54,264.891.016.901.875
587942,1,2,54,95,2,,,,,,,,2,,,,,,,,,,,,,,,54,264.891.016.901.875
587942,1,3,54,95,2,,,,,,,,2,,,,,,,,,,,,,,,54,264.891.016.901.875
587942,1,4,54,95,2,,,,,,,,2,,,,,,,,,,,,,,,54,264.891.016.901.875
587943,1,1,54,95,2,,,,,,,,2,,,,,,,,,,,,,,,54,311.689.823.638.941
587943,1,2,54,95,2,,,,,,,,2,,,,,,,,,,,,,,,54,311.689.823.638.941
587943,1,3,54,95,2,,,,,,,,2,,,,,,,,,,,,,,,54,311.689.823.638.941
587943,1,4,54,95,2,,,,,,,,2,,,,,,,,,,,,,,,54,311.689.823.638.941
587944,1,1,54,95,2,,,,,,,,2,,,,,,,,,,,,,,,54,450.857.316.725.953
587944,1,2,54,95,2,,,,,,,,2,,,,,,,,,,,,,,,54,450.857.316.725.953
587944,1,3,54,95,2,,,,,,,,2,,,,,,,,,,,,,,,54,450.857.316.725.953
587944,2,1,54,95,2,,,,,,,,2,,,,,,,,,,,,,,,54,450.857.316.725.953
587944,2,2,54,95,2,,,,,,,,2,,,,,,,,,,,,,,,54,450.857.316.725.953
587945,1,1,54,95,2,,,,,,,,1,2,,1,,,2000000,,,12000000,2,1,2,,2,54,282.775.648.127.928
587945,1,2,54,95,2,,,,,,,,2,,,,,,,,,,,,,,,54,282.775.648.127.928
587946,1,1,54,95,1,,1,1,,1000000,500000,2,2,,,,,,,,,,,,,,,54,262.609.823.509.344
587946,1,2,54,95,2,,,,,,,,2,,,,,,,,,,,,,,,54,262.609.823.509.344
587946,1,3,54,95,2,,,,,,,,2,,,,,,,,,,,,,,,54,262.609.823.509.344
587947,1,1,54,95,2,,,,,,,,2,,,,,,,,,,,,,,,54,321.643.224.259.546
587948,1,1,54,95,2,,,,,,,,2,,,,,,,,,,,,,,,54,288.734.697.240.813
587948,1,2,54,95,2,,,,,,,,2,,,,,,,,,,,,,,,54,288.734.697.240.813
587948,1,4,54,95,1,,1,2,,,90000,2,2,,,,,,,,,,,,,,,54,288.734.697.240.813
587948,1,5,54,95,2,,,,,,,,2,,,,,,,,,,,,,,,54,288.734.697.240.813
587949,1,1,54,95,2,,,,,,,,2,,,,,,,,,,,,,,,54,380.844.638.982.617
587949,1,2,54,95,2,,,,,,,,2,,,,,,,,,,,,,,,54,380.844.638.982.617
587950,1,1,54,95,2,,,,,,,,2,,,,,,,,,,,,,,,54,276.530.969.174.533
587950,1,2,54,95,2,,,,,,,,1,2,,2,,,,,,1200000,2,1,2,,2,54,276.530.969.174.533
587950,1,3,54,95,2,,,,,,,,2,,,,,,,,,,,,,,,54,276.530.969.174.533
587952,1,1,54,95,2,,,,,,,,2,,,,,,,,,,,,,,,54,262.757.124.706.432
587952,1,2,54,95,2,,,,,,,,2,,,,,,,,,,,,,,,54,262.757.124.706.432
587952,1,3,54,95,2,,,,,,,,2,,,,,,,,,,,,,,,54,262.757.124.706.432
587952,1,4,54,95,2,,,,,,,,2,,,,,,,,,,,,,,,54,262.757.124.706.432
587952,1,5,54,95,2,,,,,,,,2,,,,,,,,,,,,,,,54,262.757.124.706.432
587952,1,6,54,95,2,,,,,,,,2,,,,,,,,,,,,,,,54,262.757.124.706.432
587953,1,1,54,95,2,,,,,,,,2,,,,,,,,,,,,,,,54,302.366.694.181.082
587953,1,2,54,95,2,,,,,,,,2,,,,,,,,,,,,,,,54,302.366.694.181.082
587953,1,3,54,95,2,,,,,,,,2,,,,,,,,,,,,,,,54,302.366.694.181.082
587954,1,1,54,95,2,,,,,,,,1,2,,1,,,600000,,,,2,2,2,,2,54,258.575.470.488.254
587954,1,2,54,95,2,,,,,,,,2,,,,,,,,,,,,,,,54,258.575.470.488.254
587954,1,3,54,95,2,,,,,,,,2,,,,,,,,,,,,,,,54,258.575.470.488.254
587954,1,4,54,95,2,,,,,,,,2,,,,,,,,,,,,,,,54,258.575.470.488.254
587954,1,5,54,95,2,,,,,,,,2,,,,,,,,,,,,,,,54,258.575.470.488.254
587954,1,6,54,95,2,,,,,,,,2,,,,,,,,,,,,,,,54,258.575.470.488.254
587955,1,1,54,95,2,,,,,,,,1,2,,2,,,,,,12000000,2,1,2,,2,54,282.775.648.127.928
587955,1,2,54,95,2,,,,,,,,2,,,,,,,,,,,,,,,54,282.775.648.127.928
587956,1,1,54,95,2,,,,,,,,1,2,,1,,,700000,,,,2,2,2,,2,54,290.361.846.034.528
587956,1,2,54,95,2,,,,,,,,2,,,,,,,,,,,,,,,54,290.361.846.034.528
587957,1,1,54,95,2,,,,,,,,2,,,,,,,,,,,,,,,54,361.781.564.491.522
587957,1,2,54,95,2,,,,,,,,2,,,,,,,,,,,,,,,54,361.781.564.491.522
587958,1,1,54,95,2,,,,,,,,2,,,,,,,,,,,,,,,54,256.039.513.202.069
587958,1,2,54,95,2,,,,,,,,2,,,,,,,,,,,,,,,54,256.039.513.202.069
587958,1,3,54,95,1,,2,1,,461500,,2,2,,,,,,,,,,,,,,,54,256.039.513.202.069
587958,1,4,54,95,2,,,,,,,,2,,,,,,,,,,,,,,,54,256.039.513.202.069
587958,1,5,54,95,2,,,,,,,,2,,,,,,,,,,,,,,,54,256.039.513.202.069
587959,1,1,54,95,2,,,,,,,,2,,,,,,,,,,,,,,,54,293.475.301.575.287
587959,1,2,54,95,2,,,,,,,,1,2,,1,,,800000,,,,2,2,2,,2,54,293.475.301.575.287
587960,1,1,54,95,2,,,,,,,,2,,,,,,,,,,,,,,,54,35.515.552.858.527
587960,1,2,54,95,2,,,,,,,,2,,,,,,,,,,,,,,,54,35.515.552.858.527
587961,1,1,54,95,1,,2,1,,1000000,,2,2,,,,,,,,,,,,,,,54,254.989.082.396.527
587961,1,2,54,95,2,,,,,,,,2,,,,,,,,,,,,,,,54,254.989.082.396.527
587961,1,3,54,95,2,,,,,,,,2,,,,,,,,,,,,,,,54,254.989.082.396.527
587961,1,5,54,95,2,,,,,,,,2,,,,,,,,,,,,,,,54,254.989.082.396.527
587963,1,1,54,95,2,,,,,,,,2,,,,,,,,,,,,,,,54,318.421.732.041.715
587964,1,1,54,95,2,,,,,,,,2,,,,,,,,,,,,,,,54,293.785.791.067.918
587964,1,2,54,95,2,,,,,,,,2,,,,,,,,,,,,,,,54,293.785.791.067.918
587964,1,3,54,95,2,,,,,,,,2,,,,,,,,,,,,,,,54,293.785.791.067.918
587964,1,4,54,95,2,,,,,,,,2,,,,,,,,,,,,,,,54,293.785.791.067.918
587965,1,1,54,95,2,,,,,,,,1,2,,2,4800000,,,,,,2,2,1,,2,54,287.490.099.585.491
587965,1,2,54,95,2,,,,,,,,2,,,,,,,,,,,,,,,54,287.490.099.585.491
587965,1,3,54,95,2,,,,,,,,2,,,,,,,,,,,,,,,54,287.490.099.585.491
587965,1,4,54,95,2,,,,,,,,2,,,,,,,,,,,,,,,54,287.490.099.585.491
587965,1,5,54,95,2,,,,,,,,2,,,,,,,,,,,,,,,54,287.490.099.585.491
587965,1,6,54,95,2,,,,,,,,2,,,,,,,,,,,,,,,54,287.490.099.585.491
587965,1,8,54,95,2,,,,,,,,1,2,,2,,,,,,99,2,1,2,,2,54,287.490.099.585.491
587966,1,1,54,95,2,,,,,,,,2,,,,,,,,,,,,,,,54,290.654.567.655.282
587966,1,2,54,95,1,,2,1,,461500,,2,2,,,,,,,,,,,,,,,54,290.654.567.655.282
587966,1,3,54,95,2,,,,,,,,2,,,,,,,,,,,,,,,54,290.654.567.655.282
587966,1,4,54,95,2,,,,,,,,2,,,,,,,,,,,,,,,54,290.654.567.655.282
587966,1,5,54,95,2,,,,,,,,2,,,,,,,,,,,,,,,54,290.654.567.655.282
587967,1,1,54,95,2,,,,,,,,1,2,,2,,,,,,4800000,2,1,2,,2,54,269.885.531.923.311
587968,1,1,54,95,2,,,,,,,,2,,,,,,,,,,,,,,,54,318.732.221.534.346
587968,1,2,54,95,2,,,,,,,,2,,,,,,,,,,,,,,,54,318.732.221.534.346
587968,1,3,54,95,2,,,,,,,,2,,,,,,,,,,,,,,,54,318.732.221.534.346
587969,1,1,54,95,1,,2,1,,900000,,2,2,,,,,,,,,,,,,,,54,290.381.247.379.497
587969,1,2,54,95,2,,,,,,,,2,,,,,,,,,,,,,,,54,290.381.247.379.497
587969,1,3,54,95,2,,,,,,,,2,,,,,,,,,,,,,,,54,290.381.247.379.497
587969,1,4,54,95,2,,,,,,,,2,,,,,,,,,,,,,,,54,290.381.247.379.497
587970,1,1,54,95,1,,1,1,,900000,200000,2,2,,,,,,,,,,,,,,,54,213.677.124.576.835
587970,1,2,54,95,2,,,,,,,,1,2,,2,,,,,,7000000,2,1,2,,2,54,213.677.124.576.835
587970,1,3,54,95,2,,,,,,,,2,,,,,,,,,,,,,,,54,213.677.124.576.835
587970,1,4,54,95,2,,,,,,,,2,,,,,,,,,,,,,,,54,213.677.124.576.835
587970,1,5,54,95,2,,,,,,,,1,2,,2,,,,,,99,2,1,2,,2,54,213.677.124.576.835
587971,1,1,54,95,1,,2,1,,5000000,,2,2,,,,,,,,,,,,,,,54,280.168.823.381.517
587971,1,2,54,95,2,,,,,,,,2,,,,,,,,,,,,,,,54,280.168.823.381.517
587972,1,1,54,95,2,,,,,,,,2,,,,,,,,,,,,,,,54,240.904.748.435.794
587972,1,2,54,95,2,,,,,,,,2,,,,,,,,,,,,,,,54,240.904.748.435.794
587972,1,3,54,95,2,,,,,,,,2,,,,,,,,,,,,,,,54,240.904.748.435.794
587972,1,4,54,95,2,,,,,,,,2,,,,,,,,,,,,,,,54,240.904.748.435.794
587972,1,5,54,95,1,,1,2,,,720000,2,2,,,,,,,,,,,,,,,54,240.904.748.435.794
587973,1,1,54,95,2,,,,,,,,2,,,,,,,,,,,,,,,54,237.663.393.042.916
587973,1,2,54,95,2,,,,,,,,2,,,,,,,,,,,,,,,54,237.663.393.042.916
587973,1,3,54,95,2,,,,,,,,2,,,,,,,,,,,,,,,54,237.663.393.042.916
587973,1,4,54,95,2,,,,,,,,2,,,,,,,,,,,,,,,54,237.663.393.042.916
587974,1,1,54,95,2,,,,,,,,2,,,,,,,,,,,,,,,54,307.722.078.594.356
587977,1,1,54,95,2,,,,,,,,2,,,,,,,,,,,,,,,54,286.057.005.034.176
587977,1,2,54,95,2,,,,,,,,1,2,,2,,,,,,,2,2,2,1500000,1,54,286.057.005.034.176
587977,1,4,54,95,2,,,,,,,,2,,,,,,,,,,,,,,,54,286.057.005.034.176
587977,1,5,54,95,2,,,,,,,,1,2,,2,,,,,,1000000,2,1,2,,2,54,286.057.005.034.176
587977,1,6,54,95,2,,,,,,,,1,2,,2,,,,,,500000,2,1,2,,2,54,286.057.005.034.176
587978,1,1,54,95,2,,,,,,,,1,2,,2,,,,,,4200000,2,1,2,,2,54,267.207.839.716.674
587978,1,2,54,95,2,,,,,,,,2,,,,,,,,,,,,,,,54,267.207.839.716.674
587979,1,1,54,95,2,,,,,,,,1,2,,2,2000000,,,,,,2,2,1,,2,54,224.848.403.782.246
587979,1,2,54,95,2,,,,,,,,1,2,,2,1000000,,,,,,2,2,1,,2,54,224.848.403.782.246
587979,1,3,54,95,1,,1,2,,,280000,2,1,2,,2,,,,,,2000000,2,1,2,,2,54,224.848.403.782.246
587979,1,4,54,95,2,,,,,,,,2,,,,,,,,,,,,,,,54,224.848.403.782.246
587979,2,1,54,95,2,,,,,,,,1,2,,2,,,,,,600000,2,1,2,,2,54,224.848.403.782.246
587979,3,1,54,95,2,,,,,,,,1,2,,2,,,,,,1600000,2,1,2,,2,54,224.848.403.782.246
587979,4,1,54,95,2,,,,,,,,1,2,,2,,,,,,1200000,2,1,2,,2,54,224.848.403.782.246
587980,1,1,54,95,2,,,,,,,,2,,,,,,,,,,,,,,,54,318.005.370.052.562
587980,1,2,54,95,2,,,,,,,,2,,,,,,,,,,,,,,,54,318.005.370.052.562
587981,1,1,54,95,2,,,,,,,,1,2,,2,,,,,,1000000,2,1,2,,2,54,352.477.836.378.633
587981,1,2,54,95,2,,,,,,,,2,,,,,,,,,,,,,,,54,352.477.836.378.633
587981,1,3,54,95,2,,,,,,,,2,,,,,,,,,,,,,,,54,352.477.836.378.633
587982,1,1,54,95,2,,,,,,,,2,,,,,,,,,,,,,,,54,329.015.512.992.552
587982,1,2,54,95,2,,,,,,,,2,,,,,,,,,,,,,,,54,329.015.512.992.552
587982,1,3,54,95,2,,,,,,,,2,,,,,,,,,,,,,,,54,329.015.512.992.552
587982,1,5,54,95,2,,,,,,,,2,,,,,,,,,,,,,,,54,329.015.512.992.552
587983,1,1,54,95,2,,,,,,,,2,,,,,,,,,,,,,,,54,302.366.694.181.082
587983,1,2,54,95,2,,,,,,,,2,,,,,,,,,,,,,,,54,302.366.694.181.082
587983,1,3,54,95,2,,,,,,,,2,,,,,,,,,,,,,,,54,302.366.694.181.082
587984,1,1,54,95,2,,,,,,,,1,2,,2,,,,,,,2,2,2,1000000,1,54,37.058.074.886.938
587984,1,2,54,95,2,,,,,,,,2,,,,,,,,,,,,,,,54,37.058.074.886.938
587984,1,3,54,95,2,,,,,,,,2,,,,,,,,,,,,,,,54,37.058.074.886.938
587985,1,1,54,95,2,,,,,,,,2,,,,,,,,,,,,,,,54,332.750.401.104.799
587985,1,2,54,95,2,,,,,,,,2,,,,,,,,,,,,,,,54,332.750.401.104.799
587985,1,3,54,95,2,,,,,,,,2,,,,,,,,,,,,,,,54,332.750.401.104.799
587985,1,4,54,95,2,,,,,,,,2,,,,,,,,,,,,,,,54,332.750.401.104.799
587985,1,5,54,95,2,,,,,,,,2,,,,,,,,,,,,,,,54,332.750.401.104.799
587985,1,6,54,95,2,,,,,,,,2,,,,,,,,,,,,,,,54,332.750.401.104.799
587985,1,7,54,95,2,,,,,,,,2,,,,,,,,,,,,,,,54,332.750.401.104.799
587986,1,1,54,95,2,,,,,,,,2,,,,,,,,,,,,,,,54,314.783.877.834.731
587986,1,2,54,95,2,,,,,,,,2,,,,,,,,,,,,,,,54,314.783.877.834.731
587987,1,1,54,95,1,,2,1,,1800000,,2,2,,,,,,,,,,,,,,,54,327.912.762.865.062
587987,1,2,54,95,2,,,,,,,,2,,,,,,,,,,,,,,,54,327.912.762.865.062
587987,1,3,54,95,2,,,,,,,,2,,,,,,,,,,,,,,,54,327.912.762.865.062
587987,1,4,54,95,2,,,,,,,,1,2,,1,,,100000,,,,2,2,2,,2,54,327.912.762.865.062
587987,1,5,54,95,2,,,,,,,,2,,,,,,,,,,,,,,,54,327.912.762.865.062
587988,1,1,54,95,2,,,,,,,,1,2,,1,,,800000,,,,2,2,2,,2,54,35.515.552.858.527
587988,1,2,54,95,2,,,,,,,,2,,,,,,,,,,,,,,,54,35.515.552.858.527
587989,1,1,54,95,1,,2,1,,467700,,2,1,2,,2,,,,,,1200000,2,1,2,,2,54,276.947.331.163.686
587989,1,2,54,95,2,,,,,,,,2,,,,,,,,,,,,,,,54,276.947.331.163.686
587992,1,1,54,95,2,,,,,,,,2,,,,,,,,,,,,,,,54,273.309.476.956.702
587992,1,2,54,95,2,,,,,,,,2,,,,,,,,,,,,,,,54,273.309.476.956.702
587992,1,3,54,95,2,,,,,,,,2,,,,,,,,,,,,,,,54,273.309.476.956.702
587993,1,1,54,95,2,,,,,,,,2,,,,,,,,,,,,,,,54,352.260.354.309.205
587993,1,2,54,95,2,,,,,,,,2,,,,,,,,,,,,,,,54,352.260.354.309.205
587993,1,3,54,95,2,,,,,,,,2,,,,,,,,,,,,,,,54,352.260.354.309.205
587993,1,4,54,95,2,,,,,,,,2,,,,,,,,,,,,,,,54,352.260.354.309.205
587994,1,1,54,95,2,,,,,,,,2,,,,,,,,,,,,,,,54,279.935.512.862.955
587994,1,2,54,95,2,,,,,,,,2,,,,,,,,,,,,,,,54,279.935.512.862.955
587994,1,3,54,95,2,,,,,,,,2,,,,,,,,,,,,,,,54,279.935.512.862.955
587995,1,1,54,95,2,,,,,,,,2,,,,,,,,,,,,,,,54,358.143.710.284.538
587995,1,2,54,95,2,,,,,,,,2,,,,,,,,,,,,,,,54,358.143.710.284.538
587995,1,3,54,95,2,,,,,,,,2,,,,,,,,,,,,,,,54,358.143.710.284.538
587996,1,1,54,95,2,,,,,,,,2,,,,,,,,,,,,,,,54,287.159.755.161.666
587996,1,2,54,95,2,,,,,,,,2,,,,,,,,,,,,,,,54,287.159.755.161.666
587996,1,3,54,95,2,,,,,,,,2,,,,,,,,,,,,,,,54,287.159.755.161.666
587996,1,4,54,95,2,,,,,,,,2,,,,,,,,,,,,,,,54,287.159.755.161.666
587997,1,1,54,95,2,,,,,,,,2,,,,,,,,,,,,,,,54,319.167.984.868.468
587997,1,2,54,95,2,,,,,,,,2,,,,,,,,,,,,,,,54,319.167.984.868.468
587997,1,3,54,95,2,,,,,,,,2,,,,,,,,,,,,,,,54,319.167.984.868.468
587997,1,4,54,95,2,,,,,,,,2,,,,,,,,,,,,,,,54,319.167.984.868.468
587998,1,1,54,95,1,,2,1,,500000,,2,2,,,,,,,,,,,,,,,54,276.530.969.174.533
587998,1,2,54,95,2,,,,,,,,2,,,,,,,,,,,,,,,54,276.530.969.174.533
587998,1,3,54,95,2,,,,,,,,2,,,,,,,,,,,,,,,54,276.530.969.174.533
587999,1,1,54,95,1,,2,1,,800000,,2,1,2,,2,,,,,,600000,2,1,2,,2,54,262.284.192.155.464
587999,1,2,54,95,2,,,,,,,,2,,,,,,,,,,,,,,,54,262.284.192.155.464
587999,1,3,54,95,2,,,,,,,,2,,,,,,,,,,,,,,,54,262.284.192.155.464
587999,1,4,54,95,2,,,,,,,,2,,,,,,,,,,,,,,,54,262.284.192.155.464
588000,1,1,54,95,2,,,,,,,,2,,,,,,,,,,,,,,,54,321.643.224.259.546
588001,1,1,54,95,2,,,,,,,,2,,,,,,,,,,,,,,,54,333.721.678.484.335
588001,1,2,54,95,2,,,,,,,,2,,,,,,,,,,,,,,,54,333.721.678.484.335
588001,1,6,54,95,2,,,,,,,,2,,,,,,,,,,,,,,,54,333.721.678.484.335
588002,1,1,54,95,2,,,,,,,,2,,,,,,,,,,,,,,,54,318.421.732.041.715
588003,1,1,54,95,2,,,,,,,,2,,,,,,,,,,,,,,,54,314.783.877.834.731
588003,1,2,54,95,2,,,,,,,,2,,,,,,,,,,,,,,,54,314.783.877.834.731
588004,1,1,54,95,2,,,,,,,,2,,,,,,,,,,,,,,,54,287.159.755.161.666
588004,1,2,54,95,2,,,,,,,,2,,,,,,,,,,,,,,,54,287.159.755.161.666
588004,1,3,54,95,2,,,,,,,,2,,,,,,,,,,,,,,,54,287.159.755.161.666
588004,1,4,54,95,2,,,,,,,,2,,,,,,,,,,,,,,,54,287.159.755.161.666
588005,1,1,54,95,2,,,,,,,,2,,,,,,,,,,,,,,,54,280.097.955.921.291
588005,1,2,54,95,2,,,,,,,,2,,,,,,,,,,,,,,,54,280.097.955.921.291
588005,1,3,54,95,2,,,,,,,,2,,,,,,,,,,,,,,,54,280.097.955.921.291
588006,1,1,54,95,1,,2,1,,1200000,,2,2,,,,,,,,,,,,,,,54,269.885.531.923.311
588007,1,1,54,95,2,,,,,,,,2,,,,,,,,,,,,,,,54,293.475.301.575.287
588007,1,2,54,95,2,,,,,,,,2,,,,,,,,,,,,,,,54,293.475.301.575.287
588008,1,1,54,95,2,,,,,,,,2,,,,,,,,,,,,,,,54,307.163.136.721.914
588008,1,2,54,95,2,,,,,,,,2,,,,,,,,,,,,,,,54,307.163.136.721.914
588008,1,4,54,95,2,,,,,,,,1,2,,1,,,99,,,,2,2,2,,2,54,307.163.136.721.914
588026,1,1,66,95,1,,1,1,,461500,170000,2,2,,,,,,,,,,,,,,,66,198.017.702.512.932
588026,1,2,66,95,2,,,,,,,,2,,,,,,,,,,,,,,,66,198.017.702.512.932
588026,1,3,66,95,2,,,,,,,,2,,,,,,,,,,,,,,,66,198.017.702.512.932
588026,1,4,66,95,2,,,,,,,,1,2,,2,,,,,,400000,2,1,2,,2,66,198.017.702.512.932
588027,1,1,66,95,2,,,,,,,,2,,,,,,,,,,,,,,,66,272.614.364.304.866
588027,1,2,66,95,2,,,,,,,,2,,,,,,,,,,,,,,,66,272.614.364.304.866
588028,1,1,66,95,2,,,,,,,,2,,,,,,,,,,,,,,,66,272.614.364.304.866
588028,1,2,66,95,2,,,,,,,,2,,,,,,,,,,,,,,,66,272.614.364.304.866
588029,1,1,66,95,2,,,,,,,,1,2,,2,,,,,,4800000,2,1,2,,2,66,255.378.558.863.126
588030,1,1,66,95,2,,,,,,,,2,,,,,,,,,,,,,,,66,265.139.526.574.436
588030,1,2,66,95,2,,,,,,,,2,,,,,,,,,,,,,,,66,265.139.526.574.436
588030,1,3,66,95,2,,,,,,,,2,,,,,,,,,,,,,,,66,265.139.526.574.436
588030,1,4,66,95,2,,,,,,,,2,,,,,,,,,,,,,,,66,265.139.526.574.436
588030,1,5,66,95,2,,,,,,,,2,,,,,,,,,,,,,,,66,265.139.526.574.436
588030,1,6,66,95,2,,,,,,,,2,,,,,,,,,,,,,,,66,265.139.526.574.436
588030,1,7,66,95,2,,,,,,,,2,,,,,,,,,,,,,,,66,265.139.526.574.436
588030,1,8,66,95,2,,,,,,,,2,,,,,,,,,,,,,,,66,265.139.526.574.436
588031,1,1,66,95,2,,,,,,,,2,,,,,,,,,,,,,,,66,245.858.484.309.132
588031,1,2,66,95,2,,,,,,,,2,,,,,,,,,,,,,,,66,245.858.484.309.132
588031,1,3,66,95,2,,,,,,,,2,,,,,,,,,,,,,,,66,245.858.484.309.132
588031,1,4,66,95,2,,,,,,,,2,,,,,,,,,,,,,,,66,245.858.484.309.132
588031,1,5,66,95,2,,,,,,,,2,,,,,,,,,,,,,,,66,245.858.484.309.132
588031,1,6,66,95,2,,,,,,,,1,2,,2,,,,,,2800000,2,1,2,,2,66,245.858.484.309.132
588032,1,1,66,95,2,,,,,,,,1,2,,2,,,,,,2400000,2,1,2,,2,66,302.597.361.587.368
588032,1,2,66,95,2,,,,,,,,2,,,,,,,,,,,,,,,66,302.597.361.587.368
588032,2,1,66,95,2,,,,,,,,2,,,,,,,,,,,,,,,66,302.597.361.587.368
588032,2,2,66,95,2,,,,,,,,2,,,,,,,,,,,,,,,66,302.597.361.587.368
588034,1,1,66,95,2,,,,,,,,2,,,,,,,,,,,,,,,66,27.052.354.558.069
588034,1,2,66,95,2,,,,,,,,2,,,,,,,,,,,,,,,66,27.052.354.558.069
588035,1,1,66,95,2,,,,,,,,1,2,,2,1800000,,,,,,2,2,1,,2,66,273.732.069.307.457
588036,1,1,66,95,2,,,,,,,,2,,,,,,,,,,,,,,,66,260.259.400.153.767
588036,1,2,66,95,2,,,,,,,,2,,,,,,,,,,,,,,,66,260.259.400.153.767
588036,1,7,66,95,2,,,,,,,,2,,,,,,,,,,,,,,,66,260.259.400.153.767
588037,1,1,66,95,2,,,,,,,,2,,,,,,,,,,,,,,,66,271.391.609.123.646
588037,1,2,66,95,2,,,,,,,,2,,,,,,,,,,,,,,,66,271.391.609.123.646
588038,1,1,66,95,2,,,,,,,,1,2,,2,,,,,,7200000,2,1,2,,2,66,259.681.235.574.751
588038,1,2,66,95,2,,,,,,,,2,,,,,,,,,,,,,,,66,259.681.235.574.751
588038,1,3,66,95,2,,,,,,,,2,,,,,,,,,,,,,,,66,259.681.235.574.751
588039,1,1,66,95,1,,1,2,,,100000,2,2,,,,,,,,,,,,,,,66,282.601.984.883.301
588039,1,2,66,95,2,,,,,,,,2,,,,,,,,,,,,,,,66,282.601.984.883.301
588039,1,3,66,95,2,,,,,,,,2,,,,,,,,,,,,,,,66,282.601.984.883.301
588039,1,4,66,95,2,,,,,,,,2,,,,,,,,,,,,,,,66,282.601.984.883.301
588039,1,5,66,95,2,,,,,,,,2,,,,,,,,,,,,,,,66,282.601.984.883.301
588039,1,6,66,95,2,,,,,,,,2,,,,,,,,,,,,,,,66,282.601.984.883.301
588040,1,1,66,95,2,,,,,,,,2,,,,,,,,,,,,,,,66,272.614.364.304.866
588040,1,2,66,95,2,,,,,,,,2,,,,,,,,,,,,,,,66,272.614.364.304.866
588041,1,1,66,95,2,,,,,,,,2,,,,,,,,,,,,,,,66,251.709.224.927.785
588041,1,2,66,95,2,,,,,,,,2,,,,,,,,,,,,,,,66,251.709.224.927.785
588042,1,1,66,95,2,,,,,,,,1,2,,2,,,,,,6000000,2,1,2,,2,66,273.732.069.307.457
588043,1,1,66,95,2,,,,,,,,2,,,,,,,,,,,,,,,66,243.263.052.909.231
588043,1,2,66,95,2,,,,,,,,2,,,,,,,,,,,,,,,66,243.263.052.909.231
588043,1,3,66,95,2,,,,,,,,2,,,,,,,,,,,,,,,66,243.263.052.909.231
588043,1,4,66,95,2,,,,,,,,2,,,,,,,,,,,,,,,66,243.263.052.909.231
588044,1,1,66,95,2,,,,,,,,2,,,,,,,,,,,,,,,66,25.397.297.087.422
588044,1,2,66,95,2,,,,,,,,2,,,,,,,,,,,,,,,66,25.397.297.087.422
588044,1,3,66,95,2,,,,,,,,2,,,,,,,,,,,,,,,66,25.397.297.087.422
588044,1,4,66,95,2,,,,,,,,2,,,,,,,,,,,,,,,66,25.397.297.087.422
588044,1,5,66,95,2,,,,,,,,2,,,,,,,,,,,,,,,66,25.397.297.087.422
588044,2,1,66,95,2,,,,,,,,2,,,,,,,,,,,,,,,66,25.397.297.087.422
588044,2,2,66,95,2,,,,,,,,2,,,,,,,,,,,,,,,66,25.397.297.087.422
588044,2,4,66,95,2,,,,,,,,2,,,,,,,,,,,,,,,66,25.397.297.087.422
588045,1,1,66,95,2,,,,,,,,2,,,,,,,,,,,,,,,66,286.090.706.325.596
588045,1,2,66,95,2,,,,,,,,2,,,,,,,,,,,,,,,66,286.090.706.325.596
588045,1,3,66,95,2,,,,,,,,2,,,,,,,,,,,,,,,66,286.090.706.325.596
588045,1,4,66,95,2,,,,,,,,2,,,,,,,,,,,,,,,66,286.090.706.325.596
588045,1,5,66,95,2,,,,,,,,2,,,,,,,,,,,,,,,66,286.090.706.325.596
588046,1,1,66,95,1,,2,1,,461500,,2,2,,,,,,,,,,,,,,,66,237.169.181.226.334
588047,1,1,66,95,2,,,,,,,,2,,,,,,,,,,,,,,,66,276.960.861.075.929
588047,1,2,66,95,2,,,,,,,,2,,,,,,,,,,,,,,,66,276.960.861.075.929
588047,1,3,66,95,2,,,,,,,,2,,,,,,,,,,,,,,,66,276.960.861.075.929
588047,2,1,66,95,2,,,,,,,,2,,,,,,,,,,,,,,,66,276.960.861.075.929
588047,2,2,66,95,2,,,,,,,,2,,,,,,,,,,,,,,,66,276.960.861.075.929
588047,3,1,66,95,2,,,,,,,,2,,,,,,,,,,,,,,,66,276.960.861.075.929
588047,3,2,66,95,2,,,,,,,,2,,,,,,,,,,,,,,,66,276.960.861.075.929
588047,3,3,66,95,2,,,,,,,,2,,,,,,,,,,,,,,,66,276.960.861.075.929
588048,1,1,66,95,2,,,,,,,,2,,,,,,,,,,,,,,,66,271.391.609.123.646
588048,1,2,66,95,2,,,,,,,,2,,,,,,,,,,,,,,,66,271.391.609.123.646
588049,1,1,66,95,2,,,,,,,,2,,,,,,,,,,,,,,,66,264.590.366.313.654
588049,1,2,66,95,2,,,,,,,,2,,,,,,,,,,,,,,,66,264.590.366.313.654
588049,1,3,66,95,2,,,,,,,,2,,,,,,,,,,,,,,,66,264.590.366.313.654
588049,1,4,66,95,2,,,,,,,,2,,,,,,,,,,,,,,,66,264.590.366.313.654
588049,1,6,66,95,2,,,,,,,,2,,,,,,,,,,,,,,,66,264.590.366.313.654
588049,1,7,66,95,2,,,,,,,,2,,,,,,,,,,,,,,,66,264.590.366.313.654
588051,1,1,66,95,2,,,,,,,,2,,,,,,,,,,,,,,,66,2.014.523.156.816
588051,1,2,66,95,2,,,,,,,,2,,,,,,,,,,,,,,,66,2.014.523.156.816
588051,1,3,66,95,2,,,,,,,,2,,,,,,,,,,,,,,,66,2.014.523.156.816
588051,1,5,66,95,2,,,,,,,,2,,,,,,,,,,,,,,,66,2.014.523.156.816
588051,1,6,66,95,1,,2,1,,461000,,2,1,2,,2,,,,,,1200000,2,1,2,,2,66,2.014.523.156.816
588051,1,7,66,95,2,,,,,,,,2,,,,,,,,,,,,,,,66,2.014.523.156.816
588052,1,1,66,95,2,,,,,,,,2,,,,,,,,,,,,,,,66,296.637.897.923.046
588052,1,2,66,95,2,,,,,,,,1,2,,2,6000000,,,,,,2,2,1,,2,66,296.637.897.923.046
588053,1,1,66,95,2,,,,,,,,1,2,,2,9600000,,,,,,2,2,1,,2,66,219.013.429.849.149
588054,1,1,66,95,2,,,,,,,,2,,,,,,,,,,,,,,,66,286.524.738.097.074
588054,1,2,66,95,2,,,,,,,,2,,,,,,,,,,,,,,,66,286.524.738.097.074
588054,2,1,66,95,2,,,,,,,,2,,,,,,,,,,,,,,,66,286.524.738.097.074
588054,2,2,66,95,2,,,,,,,,2,,,,,,,,,,,,,,,66,286.524.738.097.074
588054,2,3,66,95,2,,,,,,,,2,,,,,,,,,,,,,,,66,286.524.738.097.074
588055,1,1,66,95,2,,,,,,,,2,,,,,,,,,,,,,,,66,292.745.700.965.167
588055,1,2,66,95,2,,,,,,,,2,,,,,,,,,,,,,,,66,292.745.700.965.167
588055,2,1,66,95,2,,,,,,,,2,,,,,,,,,,,,,,,66,292.745.700.965.167
588055,2,2,66,95,2,,,,,,,,2,,,,,,,,,,,,,,,66,292.745.700.965.167
588056,1,1,66,95,2,,,,,,,,2,,,,,,,,,,,,,,,66,269.405.840.578.099
588056,1,2,66,95,2,,,,,,,,2,,,,,,,,,,,,,,,66,269.405.840.578.099
588056,1,3,66,95,2,,,,,,,,2,,,,,,,,,,,,,,,66,269.405.840.578.099
588057,1,1,66,95,2,,,,,,,,2,,,,,,,,,,,,,,,66,257.734.549.658.113
588057,1,2,66,95,2,,,,,,,,2,,,,,,,,,,,,,,,66,257.734.549.658.113
588057,1,5,66,95,2,,,,,,,,2,,,,,,,,,,,,,,,66,257.734.549.658.113
588058,1,1,66,95,1,,1,2,,,200000,2,2,,,,,,,,,,,,,,,66,229.605.993.443.697
588058,1,2,66,95,2,,,,,,,,2,,,,,,,,,,,,,,,66,229.605.993.443.697
588058,1,3,66,95,2,,,,,,,,2,,,,,,,,,,,,,,,66,229.605.993.443.697
588058,1,4,66,95,2,,,,,,,,2,,,,,,,,,,,,,,,66,229.605.993.443.697
588058,1,5,66,95,2,,,,,,,,2,,,,,,,,,,,,,,,66,229.605.993.443.697
588059,1,1,66,95,2,,,,,,,,2,,,,,,,,,,,,,,,66,261.274.671.478.878
588059,1,2,66,95,2,,,,,,,,1,2,,2,,,,,,7200000,2,1,2,,2,66,261.274.671.478.878
588059,1,3,66,95,2,,,,,,,,2,,,,,,,,,,,,,,,66,261.274.671.478.878
588059,1,4,66,95,2,,,,,,,,2,,,,,,,,,,,,,,,66,261.274.671.478.878
588060,1,1,66,95,2,,,,,,,,2,,,,,,,,,,,,,,,66,273.732.069.307.457
588061,1,1,66,95,2,,,,,,,,2,,,,,,,,,,,,,,,66,273.048.396.076.344
588061,1,2,66,95,2,,,,,,,,2,,,,,,,,,,,,,,,66,273.048.396.076.344
588062,1,1,66,95,2,,,,,,,,2,,,,,,,,,,,,,,,66,270.288.824.814.017
588062,1,2,66,95,2,,,,,,,,2,,,,,,,,,,,,,,,66,270.288.824.814.017
588062,1,3,66,95,2,,,,,,,,2,,,,,,,,,,,,,,,66,270.288.824.814.017
588062,1,4,66,95,2,,,,,,,,2,,,,,,,,,,,,,,,66,270.288.824.814.017
588062,1,5,66,95,2,,,,,,,,2,,,,,,,,,,,,,,,66,270.288.824.814.017
588063,1,1,66,95,2,,,,,,,,2,,,,,,,,,,,,,,,66,272.614.364.304.866
588063,1,2,66,95,2,,,,,,,,2,,,,,,,,,,,,,,,66,272.614.364.304.866
588064,1,1,66,95,2,,,,,,,,1,2,,2,6000000,,,,,,2,2,1,,2,66,201.687.036.448.274
588064,1,2,66,95,1,,2,1,,850000,,2,2,,,,,,,,,,,,,,,66,201.687.036.448.274
588064,1,3,66,95,2,,,,,,,,2,,,,,,,,,,,,,,,66,201.687.036.448.274
588065,1,1,66,95,2,,,,,,,,2,,,,,,,,,,,,,,,66,267.315.021.853.924
588065,1,2,66,95,2,,,,,,,,2,,,,,,,,,,,,,,,66,267.315.021.853.924
588065,1,3,66,95,2,,,,,,,,2,,,,,,,,,,,,,,,66,267.315.021.853.924
588066,1,1,66,95,2,,,,,,,,2,,,,,,,,,,,,,,,66,27.848.369.848.352
588066,1,2,66,95,2,,,,,,,,2,,,,,,,,,,,,,,,66,27.848.369.848.352
588066,1,3,66,95,2,,,,,,,,2,,,,,,,,,,,,,,,66,27.848.369.848.352
588066,1,4,66,95,2,,,,,,,,2,,,,,,,,,,,,,,,66,27.848.369.848.352
588066,1,5,66,95,2,,,,,,,,2,,,,,,,,,,,,,,,66,27.848.369.848.352
588067,1,1,66,95,2,,,,,,,,1,2,,2,,,,,,1000000,2,1,2,,2,66,229.064.401.476.154
588067,1,2,66,95,2,,,,,,,,2,,,,,,,,,,,,,,,66,229.064.401.476.154
588067,1,3,66,95,2,,,,,,,,2,,,,,,,,,,,,,,,66,229.064.401.476.154
588067,1,5,66,95,2,,,,,,,,1,2,,2,,,,,,3960000,2,1,2,,2,66,229.064.401.476.154
588068,1,1,66,95,1,,1,2,,,550000,2,2,,,,,,,,,,,,,,,66,178.095.877.712.156
588068,1,2,66,95,2,,,,,,,,2,,,,,,,,,,,,,,,66,178.095.877.712.156
588068,1,3,66,95,1,,2,1,,433700,,2,2,,,,,,,,,,,,,,,66,178.095.877.712.156
588068,1,4,66,95,2,,,,,,,,2,,,,,,,,,,,,,,,66,178.095.877.712.156
588069,1,1,66,95,2,,,,,,,,2,,,,,,,,,,,,,,,66,196.449.388.156.486
588069,1,2,66,95,2,,,,,,,,2,,,,,,,,,,,,,,,66,196.449.388.156.486
588069,1,3,66,95,2,,,,,,,,2,,,,,,,,,,,,,,,66,196.449.388.156.486
588069,1,4,66,95,1,,1,1,,1000000,1900000,2,2,,,,,,,,,,,,,,,66,196.449.388.156.486
588070,1,1,66,95,1,,2,1,,457000,,2,1,2,,2,,,,,,500000,2,1,2,,2,66,231.908.363.771.497
588070,1,2,66,95,2,,,,,,,,2,,,,,,,,,,,,,,,66,231.908.363.771.497
588071,1,1,66,95,2,,,,,,,,2,,,,,,,,,,,,,,,66,270.487.872.298.924
588071,1,2,66,95,2,,,,,,,,2,,,,,,,,,,,,,,,66,270.487.872.298.924
588071,1,3,66,95,2,,,,,,,,2,,,,,,,,,,,,,,,66,270.487.872.298.924
588071,1,4,66,95,2,,,,,,,,2,,,,,,,,,,,,,,,66,270.487.872.298.924
588072,1,1,66,95,2,,,,,,,,2,,,,,,,,,,,,,,,66,295.835.505.707.635
588072,1,2,66,95,2,,,,,,,,2,,,,,,,,,,,,,,,66,295.835.505.707.635
588073,1,1,66,95,2,,,,,,,,2,,,,,,,,,,,,,,,66,277.166.682.476.125
588073,1,2,66,95,2,,,,,,,,2,,,,,,,,,,,,,,,66,277.166.682.476.125
588073,1,3,66,95,2,,,,,,,,1,2,,2,3600000,,,,,,2,2,1,,2,66,277.166.682.476.125
588074,1,1,66,95,1,,1,2,,,180000,2,2,,,,,,,,,,,,,,,66,236.051.476.223.743
588074,1,2,66,95,2,,,,,,,,2,,,,,,,,,,,,,,,66,236.051.476.223.743
588075,1,1,66,95,2,,,,,,,,1,2,,2,500000,,,,,,2,2,1,,2,66,273.235.849.337.013
588075,1,2,66,95,2,,,,,,,,2,,,,,,,,,,,,,,,66,273.235.849.337.013
588075,1,3,66,95,2,,,,,,,,2,,,,,,,,,,,,,,,66,273.235.849.337.013
588075,1,4,66,95,2,,,,,,,,2,,,,,,,,,,,,,,,66,273.235.849.337.013
588075,1,5,66,95,2,,,,,,,,2,,,,,,,,,,,,,,,66,273.235.849.337.013
588075,1,6,66,95,2,,,,,,,,2,,,,,,,,,,,,,,,66,273.235.849.337.013
588075,1,7,66,95,2,,,,,,,,2,,,,,,,,,,,,,,,66,273.235.849.337.013
588076,1,1,66,95,1,,2,1,,1200000,,2,2,,,,,,,,,,,,,,,66,228.262.198.999.205
588076,1,2,66,95,2,,,,,,,,2,,,,,,,,,,,,,,,66,228.262.198.999.205
588076,1,3,66,95,2,,,,,,,,1,1,,2,,,,,1200000,,2,2,2,,2,66,228.262.198.999.205
588077,1,1,66,95,2,,,,,,,,2,,,,,,,,,,,,,,,66,203.030.830.892.767
588077,1,2,66,95,2,,,,,,,,2,,,,,,,,,,,,,,,66,203.030.830.892.767
588077,1,3,66,95,2,,,,,,,,2,,,,,,,,,,,,,,,66,203.030.830.892.767
588077,1,4,66,95,2,,,,,,,,1,2,,2,600000,,,,,,2,2,1,,2,66,203.030.830.892.767
588077,1,5,66,95,2,,,,,,,,2,,,,,,,,,,,,,,,66,203.030.830.892.767
588078,1,1,66,95,2,,,,,,,,2,,,,,,,,,,,,,,,66,202.581.878.428.327
588078,1,2,66,95,1,,1,2,,,240000,2,2,,,,,,,,,,,,,,,66,202.581.878.428.327
588078,1,3,66,95,2,,,,,,,,2,,,,,,,,,,,,,,,66,202.581.878.428.327
588079,1,1,66,95,1,,2,1,,457000,,2,2,,,,,,,,,,,,,,,66,212.433.539.050.528
588079,1,2,66,95,2,,,,,,,,2,,,,,,,,,,,,,,,66,212.433.539.050.528
588079,1,3,66,95,2,,,,,,,,2,,,,,,,,,,,,,,,66,212.433.539.050.528
588080,1,1,66,95,1,,2,1,,1000000,,2,2,,,,,,,,,,,,,,,66,21.279.569.340.042
588080,1,2,66,95,2,,,,,,,,2,,,,,,,,,,,,,,,66,21.279.569.340.042
588080,1,3,66,95,2,,,,,,,,2,,,,,,,,,,,,,,,66,21.279.569.340.042
588080,1,4,66,95,2,,,,,,,,2,,,,,,,,,,,,,,,66,21.279.569.340.042
588080,1,6,66,95,2,,,,,,,,1,2,,2,600000,,,,,,2,2,1,,2,66,21.279.569.340.042
588080,1,7,66,95,2,,,,,,,,2,,,,,,,,,,,,,,,66,21.279.569.340.042
588081,1,1,66,95,2,,,,,,,,1,2,,2,7000000,,,,,,2,2,1,,2,66,245.820.127.346.224
588081,1,2,66,95,2,,,,,,,,2,,,,,,,,,,,,,,,66,245.820.127.346.224
588081,1,3,66,95,2,,,,,,,,2,,,,,,,,,,,,,,,66,245.820.127.346.224
588082,1,1,66,95,2,,,,,,,,2,,,,,,,,,,,,,,,66,299.690.022.563.578
588082,1,2,66,95,2,,,,,,,,2,,,,,,,,,,,,,,,66,299.690.022.563.578
588083,1,1,66,95,2,,,,,,,,1,2,,2,,,,,,1800000,2,1,2,,2,66,260.527.687.825.846
588083,1,2,66,95,2,,,,,,,,2,,,,,,,,,,,,,,,66,260.527.687.825.846
588084,1,1,66,95,1,,1,2,,,200000,2,2,,,,,,,,,,,,,,,66,266.854.211.645.349
588084,1,2,66,95,2,,,,,,,,2,,,,,,,,,,,,,,,66,266.854.211.645.349
588084,1,3,66,95,2,,,,,,,,2,,,,,,,,,,,,,,,66,266.854.211.645.349
588085,1,1,66,95,2,,,,,,,,2,,,,,,,,,,,,,,,66,277.166.682.476.125
588085,1,2,66,95,2,,,,,,,,2,,,,,,,,,,,,,,,66,277.166.682.476.125
588085,1,3,66,95,2,,,,,,,,2,,,,,,,,,,,,,,,66,277.166.682.476.125
588086,1,1,66,95,2,,,,,,,,2,,,,,,,,,,,,,,,66,271.406.529.816.608
588086,1,2,66,95,2,,,,,,,,2,,,,,,,,,,,,,,,66,271.406.529.816.608
588086,1,3,66,95,2,,,,,,,,2,,,,,,,,,,,,,,,66,271.406.529.816.608
588086,1,4,66,95,2,,,,,,,,2,,,,,,,,,,,,,,,66,271.406.529.816.608
588087,1,1,66,95,2,,,,,,,,2,,,,,,,,,,,,,,,66,238.142.294.947.918
588087,1,2,66,95,2,,,,,,,,2,,,,,,,,,,,,,,,66,238.142.294.947.918
588088,1,1,66,95,2,,,,,,,,2,,,,,,,,,,,,,,,66,275.573.246.571.997
588088,1,2,66,95,2,,,,,,,,2,,,,,,,,,,,,,,,66,275.573.246.571.997
588089,1,1,66,95,1,,2,1,,390000,,2,2,,,,,,,,,,,,,,,66,233.960.657.499.568
588089,1,2,66,95,2,,,,,,,,2,,,,,,,,,,,,,,,66,233.960.657.499.568
588090,1,1,66,95,1,,1,2,,,220000,2,2,,,,,,,,,,,,,,,66,237.169.181.226.334
588091,1,1,66,95,2,,,,,,,,2,,,,,,,,,,,,,,,66,291.799.634.202.097
588091,1,2,66,95,2,,,,,,,,1,2,,2,,,,,,120000,2,1,2,,2,66,291.799.634.202.097
588092,1,1,66,95,2,,,,,,,,2,,,,,,,,,,,,,,,66,266.664.471.754.056
588093,1,1,66,95,2,,,,,,,,2,,,,,,,,,,,,,,,66,292.267.051.697.437
588093,1,2,66,95,2,,,,,,,,2,,,,,,,,,,,,,,,66,292.267.051.697.437
588094,1,1,66,95,2,,,,,,,,2,,,,,,,,,,,,,,,66,29.670.211.668.709
588094,1,2,66,95,2,,,,,,,,2,,,,,,,,,,,,,,,66,29.670.211.668.709
588094,1,3,66,95,2,,,,,,,,2,,,,,,,,,,,,,,,66,29.670.211.668.709
588095,1,1,66,95,2,,,,,,,,1,2,,2,,,,,,600000,2,1,2,,2,66,209.422.774.390.906
588095,1,2,66,95,2,,,,,,,,2,,,,,,,,,,,,,,,66,209.422.774.390.906
588095,1,3,66,95,2,,,,,,,,2,,,,,,,,,,,,,,,66,209.422.774.390.906
588095,1,6,66,95,2,,,,,,,,2,,,,,,,,,,,,,,,66,209.422.774.390.906
588096,1,1,66,95,2,,,,,,,,2,,,,,,,,,,,,,,,66,271.406.529.816.608
588096,1,2,66,95,2,,,,,,,,2,,,,,,,,,,,,,,,66,271.406.529.816.608
588096,1,3,66,95,2,,,,,,,,2,,,,,,,,,,,,,,,66,271.406.529.816.608
588096,1,4,66,95,2,,,,,,,,2,,,,,,,,,,,,,,,66,271.406.529.816.608
588097,1,1,66,95,2,,,,,,,,2,,,,,,,,,,,,,,,66,273.482.427.847.822
588097,1,2,66,95,2,,,,,,,,2,,,,,,,,,,,,,,,66,273.482.427.847.822
588098,1,1,66,95,2,,,,,,,,2,,,,,,,,,,,,,,,66,30.932.128.024.177
588098,1,2,66,95,2,,,,,,,,2,,,,,,,,,,,,,,,66,30.932.128.024.177
588098,1,3,66,95,2,,,,,,,,2,,,,,,,,,,,,,,,66,30.932.128.024.177
588098,1,4,66,95,2,,,,,,,,2,,,,,,,,,,,,,,,66,30.932.128.024.177
588098,1,5,66,95,2,,,,,,,,2,,,,,,,,,,,,,,,66,30.932.128.024.177
588098,1,7,66,95,2,,,,,,,,2,,,,,,,,,,,,,,,66,30.932.128.024.177
588099,1,1,66,95,2,,,,,,,,2,,,,,,,,,,,,,,,66,272.614.364.304.866
588099,1,2,66,95,2,,,,,,,,2,,,,,,,,,,,,,,,66,272.614.364.304.866
588100,1,1,66,95,2,,,,,,,,2,,,,,,,,,,,,,,,66,273.732.069.307.457
588102,1,1,66,95,1,,1,2,,,300000,2,2,,,,,,,,,,,,,,,66,202.147.846.656.849
588102,1,2,66,95,2,,,,,,,,2,,,,,,,,,,,,,,,66,202.147.846.656.849
588102,1,3,66,95,2,,,,,,,,2,,,,,,,,,,,,,,,66,202.147.846.656.849
588103,1,1,66,95,2,,,,,,,,2,,,,,,,,,,,,,,,66,270.957.577.352.168
588103,1,2,66,95,2,,,,,,,,2,,,,,,,,,,,,,,,66,270.957.577.352.168
588104,1,1,66,95,2,,,,,,,,1,2,,2,2400000,,,,,,2,2,1,,2,66,21.923.951.929.105
588104,1,2,66,95,2,,,,,,,,2,,,,,,,,,,,,,,,66,21.923.951.929.105
588104,1,3,66,95,1,,2,1,,460000,,2,2,,,,,,,,,,,,,,,66,21.923.951.929.105
588104,1,4,66,95,2,,,,,,,,1,2,,2,12000000,,,,,,2,2,1,,2,66,21.923.951.929.105
588105,1,1,66,95,2,,,,,,,,2,,,,,,,,,,,,,,,66,291.799.634.202.097
588105,1,2,66,95,2,,,,,,,,2,,,,,,,,,,,,,,,66,291.799.634.202.097
588106,1,1,66,95,2,,,,,,,,2,,,,,,,,,,,,,,,66,296.234.699.191.749
588106,1,2,66,95,2,,,,,,,,2,,,,,,,,,,,,,,,66,296.234.699.191.749
588106,1,3,66,95,2,,,,,,,,2,,,,,,,,,,,,,,,66,296.234.699.191.749
588107,1,1,66,95,2,,,,,,,,2,,,,,,,,,,,,,,,66,272.148.002.106.676
588107,1,2,66,95,2,,,,,,,,2,,,,,,,,,,,,,,,66,272.148.002.106.676
588107,1,3,66,95,2,,,,,,,,2,,,,,,,,,,,,,,,66,272.148.002.106.676
588107,1,4,66,95,2,,,,,,,,2,,,,,,,,,,,,,,,66,272.148.002.106.676
588107,1,5,66,95,2,,,,,,,,2,,,,,,,,,,,,,,,66,272.148.002.106.676
588107,1,6,66,95,2,,,,,,,,2,,,,,,,,,,,,,,,66,272.148.002.106.676
588108,1,1,66,95,2,,,,,,,,2,,,,,,,,,,,,,,,66,241.712.973.024.577
588108,1,2,66,95,2,,,,,,,,2,,,,,,,,,,,,,,,66,241.712.973.024.577
588108,1,4,66,95,2,,,,,,,,2,,,,,,,,,,,,,,,66,241.712.973.024.577
588108,2,1,66,95,2,,,,,,,,1,2,,2,,,,,,3000000,2,1,2,,2,66,241.712.973.024.577
588109,1,1,66,95,2,,,,,,,,2,,,,,,,,,,,,,,,66,307.149.679.758.627
588109,1,2,66,95,2,,,,,,,,2,,,,,,,,,,,,,,,66,307.149.679.758.627
588109,1,3,66,95,2,,,,,,,,2,,,,,,,,,,,,,,,66,307.149.679.758.627
588109,1,5,66,95,2,,,,,,,,2,,,,,,,,,,,,,,,66,307.149.679.758.627
588109,1,6,66,95,2,,,,,,,,2,,,,,,,,,,,,,,,66,307.149.679.758.627
588110,1,1,66,95,2,,,,,,,,2,,,,,,,,,,,,,,,66,24.650.001.196.251
588110,1,2,66,95,2,,,,,,,,2,,,,,,,,,,,,,,,66,24.650.001.196.251
588111,1,1,66,95,2,,,,,,,,2,,,,,,,,,,,,,,,66,205.356.370.383.615
588111,1,2,66,95,2,,,,,,,,1,2,,2,,,,,,3600000,2,1,2,,2,66,205.356.370.383.615
588112,1,1,66,95,1,,1,1,,460000,300000,2,2,,,,,,,,,,,,,,,66,219.896.414.085.066
588112,1,2,66,95,2,,,,,,,,1,2,,2,2400000,,,,,,2,2,1,,2,66,219.896.414.085.066
588112,1,3,66,95,2,,,,,,,,2,,,,,,,,,,,,,,,66,219.896.414.085.066
588113,1,1,66,95,2,,,,,,,,2,,,,,,,,,,,,,,,66,269.054.211.888.662
588113,1,2,66,95,2,,,,,,,,2,,,,,,,,,,,,,,,66,269.054.211.888.662
588113,1,3,66,95,2,,,,,,,,2,,,,,,,,,,,,,,,66,269.054.211.888.662
588113,1,5,66,95,2,,,,,,,,2,,,,,,,,,,,,,,,66,269.054.211.888.662
588113,1,6,66,95,2,,,,,,,,2,,,,,,,,,,,,,,,66,269.054.211.888.662
588113,1,7,66,95,2,,,,,,,,2,,,,,,,,,,,,,,,66,269.054.211.888.662
588113,1,8,66,95,2,,,,,,,,2,,,,,,,,,,,,,,,66,269.054.211.888.662
588114,1,1,66,95,2,,,,,,,,2,,,,,,,,,,,,,,,66,272.614.364.304.866
588114,1,2,66,95,2,,,,,,,,2,,,,,,,,,,,,,,,66,272.614.364.304.866
588115,1,1,66,95,1,,1,2,,,500000,2,2,,,,,,,,,,,,,,,66,278.284.387.478.716
588115,1,2,66,95,1,,2,1,,460000,,2,2,,,,,,,,,,,,,,,66,278.284.387.478.716
588335,1,1,68,95,1,,1,2,,,170000,2,1,2,,2,,,,,,4800000,2,1,2,,2,68,394.693.017.257.022
588335,1,2,68,95,2,,,,,,,,2,,,,,,,,,,,,,,,68,394.693.017.257.022
588335,1,3,68,95,2,,,,,,,,2,,,,,,,,,,,,,,,68,394.693.017.257.022
588335,2,1,68,95,1,,1,2,,,580000,2,2,,,,,,,,,,,,,,,68,394.693.017.257.022
588336,1,1,68,95,1,,1,2,,,520000,2,1,2,,2,,,,,,2400000,2,1,2,,2,68,385.175.578.014.374
588336,2,1,68,95,2,,,,,,,,2,,,,,,,,,,,,,,,68,385.175.578.014.374
588336,3,1,68,95,2,,,,,,,,1,1,,2,,,,,1800000,,2,2,2,,2,68,385.175.578.014.374
588336,4,1,68,95,2,,,,,,,,2,,,,,,,,,,,,,,,68,385.175.578.014.374
588336,4,2,68,95,2,,,,,,,,2,,,,,,,,,,,,,,,68,385.175.578.014.374
588337,1,1,68,95,1,,2,1,,800000,,2,2,,,,,,,,,,,,,,,68,42.080.857.637.544
588337,1,2,68,95,2,,,,,,,,2,,,,,,,,,,,,,,,68,42.080.857.637.544
588337,1,3,68,95,2,,,,,,,,2,,,,,,,,,,,,,,,68,42.080.857.637.544
588338,1,1,68,95,1,,2,1,,800000,,2,2,,,,,,,,,,,,,,,68,459.921.175.482.011
588338,1,2,68,95,2,,,,,,,,2,,,,,,,,,,,,,,,68,459.921.175.482.011
588338,1,3,68,95,2,,,,,,,,2,,,,,,,,,,,,,,,68,459.921.175.482.011
588338,1,4,68,95,1,,2,1,,1500000,,2,2,,,,,,,,,,,,,,,68,459.921.175.482.011
588338,1,5,68,95,2,,,,,,,,2,,,,,,,,,,,,,,,68,459.921.175.482.011
588338,1,6,68,95,2,,,,,,,,2,,,,,,,,,,,,,,,68,459.921.175.482.011
588339,1,1,68,95,2,,,,,,,,2,,,,,,,,,,,,,,,68,481.628.454.798.898
588339,1,2,68,95,2,,,,,,,,2,,,,,,,,,,,,,,,68,481.628.454.798.898
588339,1,3,68,95,2,,,,,,,,2,,,,,,,,,,,,,,,68,481.628.454.798.898
588340,1,1,68,95,2,,,,,,,,2,,,,,,,,,,,,,,,68,300.173.968.481.661
588340,1,2,68,95,2,,,,,,,,2,,,,,,,,,,,,,,,68,300.173.968.481.661
588340,1,3,68,95,2,,,,,,,,2,,,,,,,,,,,,,,,68,300.173.968.481.661
588341,1,1,68,95,2,,,,,,,,2,,,,,,,,,,,,,,,68,355.699.012.603.117
588341,1,2,68,95,2,,,,,,,,1,2,,2,,,,,,1000000,2,1,2,,2,68,355.699.012.603.117
588342,1,1,68,95,2,,,,,,,,2,,,,,,,,,,,,,,,68,335.173.245.813.364
588342,1,2,68,95,2,,,,,,,,2,,,,,,,,,,,,,,,68,335.173.245.813.364
588343,1,1,68,95,2,,,,,,,,2,,,,,,,,,,,,,,,68,353.062.276.090.866
588343,1,2,68,95,1,,2,1,,1260000,,2,2,,,,,,,,,,,,,,,68,353.062.276.090.866
588343,1,3,68,95,2,,,,,,,,2,,,,,,,,,,,,,,,68,353.062.276.090.866
588344,1,1,68,95,2,,,,,,,,2,,,,,,,,,,,,,,,68,349.610.308.119.168
588344,1,2,68,95,2,,,,,,,,2,,,,,,,,,,,,,,,68,349.610.308.119.168
588344,1,3,68,95,2,,,,,,,,2,,,,,,,,,,,,,,,68,349.610.308.119.168
588345,1,1,68,95,2,,,,,,,,2,,,,,,,,,,,,,,,68,500.774.134.636.319
588345,1,2,68,95,2,,,,,,,,2,,,,,,,,,,,,,,,68,500.774.134.636.319
588345,1,3,68,95,2,,,,,,,,2,,,,,,,,,,,,,,,68,500.774.134.636.319
588345,1,4,68,95,2,,,,,,,,2,,,,,,,,,,,,,,,68,500.774.134.636.319
588345,1,5,68,95,2,,,,,,,,2,,,,,,,,,,,,,,,68,500.774.134.636.319
588346,1,1,68,95,2,,,,,,,,2,,,,,,,,,,,,,,,68,258.580.461.083.703
588346,1,2,68,95,2,,,,,,,,2,,,,,,,,,,,,,,,68,258.580.461.083.703
588346,1,3,68,95,2,,,,,,,,2,,,,,,,,,,,,,,,68,258.580.461.083.703
588346,1,4,68,95,2,,,,,,,,2,,,,,,,,,,,,,,,68,258.580.461.083.703
588346,1,5,68,95,2,,,,,,,,2,,,,,,,,,,,,,,,68,258.580.461.083.703
588347,1,1,68,95,1,,2,1,,1140000,,2,2,,,,,,,,,,,,,,,68,347.225.467.970.412
588347,1,2,68,95,2,,,,,,,,2,,,,,,,,,,,,,,,68,347.225.467.970.412
588347,1,3,68,95,1,,2,2,80000,,,1,2,,,,,,,,,,,,,,,68,347.225.467.970.412
588347,1,4,68,95,2,,,,,,,,2,,,,,,,,,,,,,,,68,347.225.467.970.412
588538,1,1,5,95,1,,1,2,,,220000,2,2,,,,,,,,,,,,,,,5,181.119.127.954.594
588538,1,2,5,95,2,,,,,,,,2,,,,,,,,,,,,,,,5,181.119.127.954.594
588538,1,4,5,95,2,,,,,,,,2,,,,,,,,,,,,,,,5,181.119.127.954.594
588538,1,5,5,95,2,,,,,,,,1,2,,1,,,30000,,,,2,2,2,700000,1,5,181.119.127.954.594
588538,1,7,5,95,2,,,,,,,,2,,,,,,,,,,,,,,,5,181.119.127.954.594
588538,1,8,5,95,2,,,,,,,,2,,,,,,,,,,,,,,,5,181.119.127.954.594
588538,2,1,5,95,2,,,,,,,,2,,,,,,,,,,,,,,,5,181.119.127.954.594
588538,2,2,5,95,2,,,,,,,,2,,,,,,,,,,,,,,,5,181.119.127.954.594
588538,3,1,5,95,2,,,,,,,,1,2,,1,,,42000,,,,2,2,2,560000,1,5,181.119.127.954.594
588567,1,1,5,95,2,,,,,,,,2,,,,,,,,,,,,,,,5,146.885.177.908.797
588567,1,2,5,95,2,,,,,,,,2,,,,,,,,,,,,,,,5,146.885.177.908.797
588571,1,1,5,95,2,,,,,,,,1,2,,2,,,,,,900000,2,1,2,,2,5,988.018.115.018.226
588578,1,1,5,95,2,,,,,,,,2,,,,,,,,,,,,,,,5,149.400.337.192.536
588578,1,2,5,95,2,,,,,,,,2,,,,,,,,,,,,,,,5,149.400.337.192.536
588580,1,1,5,95,1,,1,2,,,260000,2,2,,,,,,,,,,,,,,,5,145.746.028.991.759
588581,1,1,5,95,1,,2,1,,1300000,,2,2,,,,,,,,,,,,,,,5,158.058.442.869.142
588581,1,2,5,95,2,,,,,,,,2,,,,,,,,,,,,,,,5,158.058.442.869.142
588581,1,3,5,95,2,,,,,,,,2,,,,,,,,,,,,,,,5,158.058.442.869.142
588598,1,1,5,95,1,,2,1,,461500,,2,2,,,,,,,,,,,,,,,5,13.379.086.335.855
588598,1,2,5,95,2,,,,,,,,2,,,,,,,,,,,,,,,5,13.379.086.335.855
588599,1,1,5,95,2,,,,,,,,1,2,,2,,,,,,960000,2,1,2,,2,5,115.076.584.503.151
588599,1,2,5,95,2,,,,,,,,2,,,,,,,,,,,,,,,5,115.076.584.503.151
588599,1,4,5,95,2,,,,,,,,1,2,,2,,,,,,1800000,2,1,2,,2,5,115.076.584.503.151
588600,1,1,5,95,1,,2,1,,1000000,,2,2,,,,,,,,,,,,,,,5,180.183.237.264.131
588600,1,2,5,95,2,,,,,,,,2,,,,,,,,,,,,,,,5,180.183.237.264.131
588600,1,3,5,95,2,,,,,,,,1,2,,1,,,90000,,,,2,2,2,,2,5,180.183.237.264.131
588600,1,4,5,95,2,,,,,,,,2,,,,,,,,,,,,,,,5,180.183.237.264.131
588600,1,6,5,95,2,,,,,,,,2,,,,,,,,,,,,,,,5,180.183.237.264.131
588601,1,1,5,95,2,,,,,,,,2,,,,,,,,,,,,,,,5,130.674.830.381.677
588601,1,2,5,95,2,,,,,,,,2,,,,,,,,,,,,,,,5,130.674.830.381.677
588601,1,3,5,95,2,,,,,,,,2,,,,,,,,,,,,,,,5,130.674.830.381.677
588601,2,1,5,95,2,,,,,,,,1,2,,1,,,60000,,,,2,2,2,,2,5,130.674.830.381.677
588601,2,2,5,95,2,,,,,,,,2,,,,,,,,,,,,,,,5,130.674.830.381.677
588608,1,1,11,95,1,,2,1,,3225000,,2,2,,,,,,,,,,,,,,,11,156.058.255.329.076
588608,1,2,11,95,2,,,,,,,,2,,,,,,,,,,,,,,,11,156.058.255.329.076
588608,1,3,11,95,2,,,,,,,,2,,,,,,,,,,,,,,,11,156.058.255.329.076
588609,1,1,11,95,2,,,,,,,,1,2,,1,,,74000,,,2400000,2,1,2,,2,11,235.269.567.973.173
588647,2,1,66,95,2,,,,,,,,2,,,,,,,,,,,,,,,66,273.732.069.307.457
588650,1,1,66,95,2,,2,,,,,,2,,,,,,,,,,,,,,,66,27.052.354.558.069
588650,1,2,66,95,2,,,,,,,,2,,,,,,,,,,,,,,,66,27.052.354.558.069
588670,1,1,8,95,2,,,,,,,,2,,,,,,,,,,,,,,,8,442.580.920.789.037
588670,1,2,8,95,2,,,,,,,,2,,,,,,,,,,,,,,,8,442.580.920.789.037
588671,1,1,8,95,2,,,,,,,,2,,,,,,,,,,,,,,,8,340.022.150.646.548
588671,1,2,8,95,2,,,,,,,,2,,,,,,,,,,,,,,,8,340.022.150.646.548
588671,1,3,8,95,2,,,,,,,,2,,,,,,,,,,,,,,,8,340.022.150.646.548
588672,1,1,8,95,1,,2,1,,433700,,2,2,,,,,,,,,,,,,,,8,281.053.750.045.115
588672,1,2,8,95,1,,2,1,,600000,,2,2,,,,,,,,,,,,,,,8,281.053.750.045.115
588672,1,3,8,95,2,,,,,,,,2,,,,,,,,,,,,,,,8,281.053.750.045.115
588672,1,4,8,95,2,,,,,,,,2,,,,,,,,,,,,,,,8,281.053.750.045.115
588672,1,5,8,95,2,,,,,,,,2,,,,,,,,,,,,,,,8,281.053.750.045.115
588672,1,6,8,95,2,,,,,,,,2,,,,,,,,,,,,,,,8,281.053.750.045.115
588673,1,1,8,95,2,,,,,,,,2,,,,,,,,,,,,,,,8,336.235.782.999.221
588673,1,2,8,95,2,,,,,,,,2,,,,,,,,,,,,,,,8,336.235.782.999.221
588673,1,3,8,95,2,,,,,,,,1,2,,2,,,,,,4200000,2,1,2,,2,8,336.235.782.999.221
588674,1,1,8,95,2,,,,,,,,2,,,,,,,,,,,,,,,8,583.129.585.233.317
588674,1,2,8,95,2,,,,,,,,2,,,,,,,,,,,,,,,8,583.129.585.233.317
588674,1,3,8,95,2,,,,,,,,2,,,,,,,,,,,,,,,8,583.129.585.233.317
588675,1,1,8,95,2,,,,,,,,2,,,,,,,,,,,,,,,8,390.765.275.561.256
588675,1,2,8,95,2,,,,,,,,2,,,,,,,,,,,,,,,8,390.765.275.561.256
588675,1,3,8,95,2,,,,,,,,2,,,,,,,,,,,,,,,8,390.765.275.561.256
588675,1,4,8,95,2,,,,,,,,2,,,,,,,,,,,,,,,8,390.765.275.561.256
588675,1,5,8,95,2,,,,,,,,2,,,,,,,,,,,,,,,8,390.765.275.561.256
588675,1,6,8,95,2,,,,,,,,2,,,,,,,,,,,,,,,8,390.765.275.561.256
588675,1,7,8,95,2,,,,,,,,2,,,,,,,,,,,,,,,8,390.765.275.561.256
588675,1,8,8,95,2,,,,,,,,2,,,,,,,,,,,,,,,8,390.765.275.561.256
588675,1,9,8,95,2,,,,,,,,2,,,,,,,,,,,,,,,8,390.765.275.561.256
588676,1,1,8,95,2,,,,,,,,1,2,,2,1200000,,,,,,2,2,1,,2,8,505.170.599.587
588676,1,2,8,95,2,,,,,,,,2,,,,,,,,,,,,,,,8,505.170.599.587
588676,1,3,8,95,2,,,,,,,,2,,,,,,,,,,,,,,,8,505.170.599.587
588677,1,1,8,95,2,,,,,,,,2,,,,,,,,,,,,,,,8,378.710.901.376.483
588677,1,2,8,95,2,,,,,,,,1,2,,2,,,,,,3000000,2,1,2,,2,8,378.710.901.376.483
588677,1,3,8,95,2,,,,,,,,2,,,,,,,,,,,,,,,8,378.710.901.376.483
588677,1,4,8,95,2,,,,,,,,2,,,,,,,,,,,,,,,8,378.710.901.376.483
588677,2,1,8,95,2,,,,,,,,2,,,,,,,,,,,,,,,8,378.710.901.376.483
588677,2,2,8,95,2,,,,,,,,2,,,,,,,,,,,,,,,8,378.710.901.376.483
588677,3,1,8,95,2,,,,,,,,2,,,,,,,,,,,,,,,8,378.710.901.376.483
588677,3,2,8,95,2,,,,,,,,2,,,,,,,,,,,,,,,8,378.710.901.376.483
588678,1,1,8,95,2,,,,,,,,1,2,,2,,,,,,3000000,2,1,2,,2,8,505.170.599.587
588678,1,2,8,95,2,,,,,,,,2,,,,,,,,,,,,,,,8,505.170.599.587
588678,1,3,8,95,2,,,,,,,,2,,,,,,,,,,,,,,,8,505.170.599.587
588679,1,1,8,95,2,,,,,,,,2,,,,,,,,,,,,,,,8,639.175.034.320.492
588679,1,2,8,95,2,,,,,,,,2,,,,,,,,,,,,,,,8,639.175.034.320.492
588679,1,3,8,95,2,,,,,,,,2,,,,,,,,,,,,,,,8,639.175.034.320.492
588679,1,4,8,95,2,,,,,,,,2,,,,,,,,,,,,,,,8,639.175.034.320.492
588680,1,1,8,95,2,,,,,,,,2,,,,,,,,,,,,,,,8,579.098.219.485.904
588680,1,2,8,95,2,,,,,,,,2,,,,,,,,,,,,,,,8,579.098.219.485.904
588680,1,3,8,95,2,,,,,,,,2,,,,,,,,,,,,,,,8,579.098.219.485.904
588680,1,4,8,95,2,,,,,,,,2,,,,,,,,,,,,,,,8,579.098.219.485.904
588680,1,5,8,95,2,,,,,,,,2,,,,,,,,,,,,,,,8,579.098.219.485.904
588681,1,1,8,95,2,,,,,,,,2,,,,,,,,,,,,,,,8,505.170.599.587
588681,1,2,8,95,2,,,,,,,,2,,,,,,,,,,,,,,,8,505.170.599.587
588681,1,3,8,95,2,,,,,,,,2,,,,,,,,,,,,,,,8,505.170.599.587
588682,1,1,8,95,2,,,,,,,,2,,,,,,,,,,,,,,,8,44.343.324.840.637
588682,1,2,8,95,2,,,,,,,,2,,,,,,,,,,,,,,,8,44.343.324.840.637
588682,1,3,8,95,2,,,,,,,,2,,,,,,,,,,,,,,,8,44.343.324.840.637
588682,1,4,8,95,2,,,,,,,,2,,,,,,,,,,,,,,,8,44.343.324.840.637
588682,1,5,8,95,2,,,,,,,,2,,,,,,,,,,,,,,,8,44.343.324.840.637
588682,1,6,8,95,2,,,,,,,,2,,,,,,,,,,,,,,,8,44.343.324.840.637
588682,1,7,8,95,2,,,,,,,,2,,,,,,,,,,,,,,,8,44.343.324.840.637
588682,1,8,8,95,2,,,,,,,,2,,,,,,,,,,,,,,,8,44.343.324.840.637
588683,1,1,8,95,1,,2,1,,600000,,2,2,,,,,,,,,,,,,,,8,43.879.455.314.171
588683,1,2,8,95,2,,,,,,,,2,,,,,,,,,,,,,,,8,43.879.455.314.171
588684,1,1,8,95,1,,2,1,,433700,,2,2,,,,,,,,,,,,,,,8,52.078.654.639.445
588684,1,2,8,95,2,,,,,,,,2,,,,,,,,,,,,,,,8,52.078.654.639.445
588684,1,3,8,95,2,,,,,,,,2,,,,,,,,,,,,,,,8,52.078.654.639.445
588684,1,4,8,95,2,,,,,,,,2,,,,,,,,,,,,,,,8,52.078.654.639.445
588684,1,5,8,95,2,,,,,,,,2,,,,,,,,,,,,,,,8,52.078.654.639.445
588684,1,6,8,95,2,,,,,,,,2,,,,,,,,,,,,,,,8,52.078.654.639.445
588685,1,1,8,95,2,,,,,,,,2,,,,,,,,,,,,,,,8,483.821.915.515.492
588685,1,2,8,95,2,,,,,,,,2,,,,,,,,,,,,,,,8,483.821.915.515.492
588686,1,1,8,95,2,,,,,,,,2,,,,,,,,,,,,,,,8,340.595.894.502.468
588686,1,2,8,95,2,,,,,,,,2,,,,,,,,,,,,,,,8,340.595.894.502.468
588686,1,3,8,95,2,,,,,,,,2,,,,,,,,,,,,,,,8,340.595.894.502.468
588688,1,1,8,95,2,,,,,,,,2,,,,,,,,,,,,,,,8,498.871.367.976.297
588689,1,1,8,95,1,,2,1,,437000,,2,2,,,,,,,,,,,,,,,8,365.125.258.563.065
588689,1,2,8,95,2,,,,,,,,2,,,,,,,,,,,,,,,8,365.125.258.563.065
588690,1,1,8,95,2,,,,,,,,2,,,,,,,,,,,,,,,8,583.632.311.808.235
588690,1,2,8,95,2,,,,,,,,2,,,,,,,,,,,,,,,8,583.632.311.808.235
588690,1,3,8,95,2,,,,,,,,2,,,,,,,,,,,,,,,8,583.632.311.808.235
588691,1,1,8,95,2,,,,,,,,2,,,,,,,,,,,,,,,8,242.033.456.807.789
588691,1,2,8,95,2,,,,,,,,2,,,,,,,,,,,,,,,8,242.033.456.807.789
588691,1,3,8,95,2,,,,,,,,1,2,,2,600000,,,,,,2,2,1,,2,8,242.033.456.807.789
588691,1,4,8,95,2,,,,,,,,2,,,,,,,,,,,,,,,8,242.033.456.807.789
588691,1,5,8,95,2,,,,,,,,2,,,,,,,,,,,,,,,8,242.033.456.807.789
588692,1,1,8,95,2,,,,,,,,2,,,,,,,,,,,,,,,8,574.738.107.982.657
588692,1,2,8,95,2,,,,,,,,2,,,,,,,,,,,,,,,8,574.738.107.982.657
588692,1,3,8,95,2,,,,,,,,2,,,,,,,,,,,,,,,8,574.738.107.982.657
588692,1,4,8,95,2,,,,,,,,2,,,,,,,,,,,,,,,8,574.738.107.982.657
588692,1,5,8,95,2,,,,,,,,2,,,,,,,,,,,,,,,8,574.738.107.982.657
588693,1,1,8,95,2,,,,,,,,2,,,,,,,,,,,,,,,8,544.833.163.764.152
588693,1,2,8,95,2,,,,,,,,2,,,,,,,,,,,,,,,8,544.833.163.764.152
588693,1,3,8,95,2,,,,,,,,2,,,,,,,,,,,,,,,8,544.833.163.764.152
588693,1,5,8,95,2,,,,,,,,2,,,,,,,,,,,,,,,8,544.833.163.764.152
588693,1,6,8,95,2,,,,,,,,2,,,,,,,,,,,,,,,8,544.833.163.764.152
588694,1,1,8,95,2,,,,,,,,2,,,,,,,,,,,,,,,8,599.267.472.043.255
588694,1,2,8,95,2,,,,,,,,2,,,,,,,,,,,,,,,8,599.267.472.043.255
588694,1,3,8,95,2,,,,,,,,2,,,,,,,,,,,,,,,8,599.267.472.043.255
588694,1,4,8,95,2,,,,,,,,2,,,,,,,,,,,,,,,8,599.267.472.043.255
588695,1,1,8,95,2,,,,,,,,2,,,,,,,,,,,,,,,8,46.576.576.388.468
588695,1,2,8,95,2,,,,,,,,2,,,,,,,,,,,,,,,8,46.576.576.388.468
588695,1,3,8,95,2,,,,,,,,2,,,,,,,,,,,,,,,8,46.576.576.388.468
588696,1,1,8,95,2,,,,,,,,2,,,,,,,,,,,,,,,8,565.576.160.177.422
588696,1,2,8,95,2,,,,,,,,2,,,,,,,,,,,,,,,8,565.576.160.177.422
588696,1,3,8,95,2,,,,,,,,2,,,,,,,,,,,,,,,8,565.576.160.177.422
588696,1,4,8,95,2,,,,,,,,2,,,,,,,,,,,,,,,8,565.576.160.177.422
588697,1,1,8,95,2,,,,,,,,2,,,,,,,,,,,,,,,8,422.851.502.437.436
588697,1,2,8,95,2,,,,,,,,2,,,,,,,,,,,,,,,8,422.851.502.437.436
588697,1,3,8,95,2,,,,,,,,2,,,,,,,,,,,,,,,8,422.851.502.437.436
588698,1,1,8,95,2,,,,,,,,2,,,,,,,,,,,,,,,8,361.093.892.815.653
588698,1,2,8,95,2,,,,,,,,2,,,,,,,,,,,,,,,8,361.093.892.815.653
588698,1,3,8,95,2,,,,,,,,2,,,,,,,,,,,,,,,8,361.093.892.815.653
588698,1,4,8,95,2,,,,,,,,2,,,,,,,,,,,,,,,8,361.093.892.815.653
588699,1,1,8,95,2,,,,,,,,2,,,,,,,,,,,,,,,8,455.506.183.807.567
588699,1,2,8,95,2,,,,,,,,2,,,,,,,,,,,,,,,8,455.506.183.807.567
588699,1,3,8,95,2,,,,,,,,2,,,,,,,,,,,,,,,8,455.506.183.807.567
588700,1,1,8,95,1,,2,1,,1800000,,2,2,,,,,,,,,,,,,,,8,538.870.802.821.118
588700,1,2,8,95,2,,,,,,,,2,,,,,,,,,,,,,,,8,538.870.802.821.118
588700,1,4,8,95,2,,,,,,,,2,,,,,,,,,,,,,,,8,538.870.802.821.118
588700,1,5,8,95,2,,,,,,,,2,,,,,,,,,,,,,,,8,538.870.802.821.118
588700,1,6,8,95,2,,,,,,,,2,,,,,,,,,,,,,,,8,538.870.802.821.118
588701,1,1,8,95,2,,,,,,,,2,,,,,,,,,,,,,,,8,445.267.765.571.495
588701,1,2,8,95,2,,,,,,,,2,,,,,,,,,,,,,,,8,445.267.765.571.495
588702,1,1,8,95,2,,,,,,,,2,,,,,,,,,,,,,,,8,515.009.254.786.235
588702,1,2,8,95,2,,,,,,,,2,,,,,,,,,,,,,,,8,515.009.254.786.235
588703,1,1,8,95,2,,,,,,,,2,,,,,,,,,,,,,,,8,521.308.486.396.938
588703,1,2,8,95,2,,,,,,,,2,,,,,,,,,,,,,,,8,521.308.486.396.938
588703,1,3,8,95,2,,,,,,,,2,,,,,,,,,,,,,,,8,521.308.486.396.938
588703,1,4,8,95,2,,,,,,,,2,,,,,,,,,,,,,,,8,521.308.486.396.938
588704,1,1,8,95,2,,,,,,,,2,,,,,,,,,,,,,,,8,350.014.277.034.971
588704,1,2,8,95,2,,,,,,,,2,,,,,,,,,,,,,,,8,350.014.277.034.971
588704,1,3,8,95,2,,,,,,,,2,,,,,,,,,,,,,,,8,350.014.277.034.971
588704,1,4,8,95,2,,,,,,,,2,,,,,,,,,,,,,,,8,350.014.277.034.971
588704,1,5,8,95,2,,,,,,,,2,,,,,,,,,,,,,,,8,350.014.277.034.971
588705,1,1,8,95,2,,,,,,,,1,2,,2,,,,,,300000,2,1,2,,2,8,478.702.115.418.947
588705,1,3,8,95,2,,,,,,,,2,,,,,,,,,,,,,,,8,478.702.115.418.947
588706,1,1,8,95,2,,,,,,,,1,2,,2,,,,,,200000,2,1,2,,2,8,380.503.456.779.705
588706,1,2,8,95,2,,,,,,,,2,,,,,,,,,,,,,,,8,380.503.456.779.705
588706,1,3,8,95,2,,,,,,,,2,,,,,,,,,,,,,,,8,380.503.456.779.705
588707,1,1,8,95,1,,2,1,,460000,,2,2,,,,,,,,,,,,,,,8,242.033.456.807.789
588707,1,2,8,95,2,,,,,,,,1,1,,2,,,,,900000,,2,2,2,,2,8,242.033.456.807.789
588707,1,3,8,95,2,,,,,,,,1,1,,2,,,,,900000,,2,2,2,,2,8,242.033.456.807.789
588708,1,1,8,95,2,,,,,,,,2,,,,,,,,,,,,,,,8,388.310.101.658.708
588708,1,2,8,95,2,,,,,,,,2,,,,,,,,,,,,,,,8,388.310.101.658.708
588708,1,3,8,95,2,,,,,,,,2,,,,,,,,,,,,,,,8,388.310.101.658.708
588709,1,1,8,95,2,,,,,,,,2,,,,,,,,,,,,,,,8,367.812.103.345.523
588709,1,2,8,95,2,,,,,,,,2,,,,,,,,,,,,,,,8,367.812.103.345.523
588710,1,1,8,95,2,,,,,,,,2,,,,,,,,,,,,,,,8,454.358.696.095.728
588710,1,2,8,95,2,,,,,,,,2,,,,,,,,,,,,,,,8,454.358.696.095.728
588710,1,5,8,95,2,,,,,,,,2,,,,,,,,,,,,,,,8,454.358.696.095.728
588711,1,1,8,95,2,,,,,,,,2,,,,,,,,,,,,,,,8,461.405.652.381.433
588711,1,2,8,95,2,,,,,,,,2,,,,,,,,,,,,,,,8,461.405.652.381.433
588711,1,4,8,95,2,,,,,,,,2,,,,,,,,,,,,,,,8,461.405.652.381.433
588712,1,1,8,95,2,,,,,,,,2,,,,,,,,,,,,,,,8,361.093.892.815.653
588712,1,2,8,95,2,,,,,,,,2,,,,,,,,,,,,,,,8,361.093.892.815.653
588712,1,3,8,95,2,,,,,,,,2,,,,,,,,,,,,,,,8,361.093.892.815.653
588712,1,4,8,95,2,,,,,,,,2,,,,,,,,,,,,,,,8,361.093.892.815.653
588713,1,1,8,95,2,,,,,,,,1,2,,2,,,,,,1500000,2,1,2,,2,8,361.338.890.915.738
588713,1,2,8,95,2,,,,,,,,2,,,,,,,,,,,,,,,8,361.338.890.915.738
588714,1,1,8,95,2,,,,,,,,1,2,,2,,,,,,12000000,2,1,2,,2,8,518.866.639.714.565
588714,1,2,8,95,2,,,,,,,,2,,,,,,,,,,,,,,,8,518.866.639.714.565
588715,1,1,8,95,2,,,,,,,,2,,,,,,,,,,,,,,,8,420.738.401.510.898
588715,1,2,8,95,2,,,,,,,,2,,,,,,,,,,,,,,,8,420.738.401.510.898
588715,1,3,8,95,2,,,,,,,,2,,,,,,,,,,,,,,,8,420.738.401.510.898
588716,1,1,8,95,2,,,,,,,,2,,,,,,,,,,,,,,,8,522.069.538.292.115
588716,1,2,8,95,2,,,,,,,,2,,,,,,,,,,,,,,,8,522.069.538.292.115
588716,1,3,8,95,2,,,,,,,,2,,,,,,,,,,,,,,,8,522.069.538.292.115
588716,1,4,8,95,2,,,,,,,,2,,,,,,,,,,,,,,,8,522.069.538.292.115
588716,1,5,8,95,2,,,,,,,,2,,,,,,,,,,,,,,,8,522.069.538.292.115
588716,1,6,8,95,2,,,,,,,,2,,,,,,,,,,,,,,,8,522.069.538.292.115
588717,1,1,8,95,2,,,,,,,,2,,,,,,,,,,,,,,,8,41.805.155.672.844
588717,1,2,8,95,2,,,,,,,,2,,,,,,,,,,,,,,,8,41.805.155.672.844
588717,1,3,8,95,2,,,,,,,,2,,,,,,,,,,,,,,,8,41.805.155.672.844
588718,1,1,8,95,2,,,,,,,,2,,,,,,,,,,,,,,,8,564.222.747.844.182
588718,1,2,8,95,2,,,,,,,,2,,,,,,,,,,,,,,,8,564.222.747.844.182
588718,1,3,8,95,2,,,,,,,,2,,,,,,,,,,,,,,,8,564.222.747.844.182
588718,1,4,8,95,2,,,,,,,,2,,,,,,,,,,,,,,,8,564.222.747.844.182
588719,1,1,8,95,2,,,,,,,,2,,,,,,,,,,,,,,,8,950.203.385.017.995
588719,1,2,8,95,2,,,,,,,,2,,,,,,,,,,,,,,,8,950.203.385.017.995
588720,1,1,8,95,2,,,,,,,,2,,,,,,,,,,,,,,,8,111.810.557.150.643
588720,1,2,8,95,2,,,,,,,,2,,,,,,,,,,,,,,,8,111.810.557.150.643
588720,2,1,8,95,2,,,,,,,,2,,,,,,,,,,,,,,,8,111.810.557.150.643
588720,2,2,8,95,2,,,,,,,,2,,,,,,,,,,,,,,,8,111.810.557.150.643
588720,2,3,8,95,2,,,,,,,,2,,,,,,,,,,,,,,,8,111.810.557.150.643
588720,2,4,8,95,2,,,,,,,,2,,,,,,,,,,,,,,,8,111.810.557.150.643
588720,3,1,8,95,2,,,,,,,,2,,,,,,,,,,,,,,,8,111.810.557.150.643
588720,4,1,8,95,2,,,,,,,,2,,,,,,,,,,,,,,,8,111.810.557.150.643
588721,1,1,8,95,2,,,,,,,,2,,,,,,,,,,,,,,,8,722.677.781.831.476
588721,1,2,8,95,2,,,,,,,,2,,,,,,,,,,,,,,,8,722.677.781.831.476
588722,1,1,8,95,2,,,,,,,,2,,,,,,,,,,,,,,,8,510.557.019.526.663
588722,1,2,8,95,2,,,,,,,,2,,,,,,,,,,,,,,,8,510.557.019.526.663
588722,1,3,8,95,2,,,,,,,,2,,,,,,,,,,,,,,,8,510.557.019.526.663
588722,1,4,8,95,2,,,,,,,,2,,,,,,,,,,,,,,,8,510.557.019.526.663
588722,1,5,8,95,2,,,,,,,,2,,,,,,,,,,,,,,,8,510.557.019.526.663
588722,1,6,8,95,2,,,,,,,,2,,,,,,,,,,,,,,,8,510.557.019.526.663
588722,1,7,8,95,2,,,,,,,,2,,,,,,,,,,,,,,,8,510.557.019.526.663
588723,1,1,8,95,2,,,,,,,,1,2,,2,,,,,,6000000,2,1,2,,2,8,463.323.917.202.307
588724,1,1,8,95,2,,,,,,,,2,,,,,,,,,,,,,,,8,548.887.344.945.453
588724,1,2,8,95,2,,,,,,,,2,,,,,,,,,,,,,,,8,548.887.344.945.453
588724,1,3,8,95,2,,,,,,,,2,,,,,,,,,,,,,,,8,548.887.344.945.453
588724,2,1,8,95,2,,,,,,,,2,,,,,,,,,,,,,,,8,548.887.344.945.453
588724,2,2,8,95,2,,,,,,,,2,,,,,,,,,,,,,,,8,548.887.344.945.453
588724,2,3,8,95,2,,,,,,,,2,,,,,,,,,,,,,,,8,548.887.344.945.453
588724,2,4,8,95,2,,,,,,,,2,,,,,,,,,,,,,,,8,548.887.344.945.453
588724,2,5,8,95,2,,,,,,,,2,,,,,,,,,,,,,,,8,548.887.344.945.453
588724,2,6,8,95,2,,,,,,,,2,,,,,,,,,,,,,,,8,548.887.344.945.453
588725,1,1,8,95,2,,,,,,,,1,2,,2,,,,,,3600000,2,1,2,,2,8,446.879.503.224.996
588725,1,2,8,95,2,,,,,,,,1,2,,2,,,,,,1200000,2,1,2,,2,8,446.879.503.224.996
588725,1,3,8,95,2,,,,,,,,2,,,,,,,,,,,,,,,8,446.879.503.224.996
588725,1,4,8,95,2,,,,,,,,2,,,,,,,,,,,,,,,8,446.879.503.224.996
588726,1,1,8,95,2,,,,,,,,2,,,,,,,,,,,,,,,8,476.211.470.044.032
588726,1,2,8,95,2,,,,,,,,2,,,,,,,,,,,,,,,8,476.211.470.044.032
588726,1,3,8,95,2,,,,,,,,2,,,,,,,,,,,,,,,8,476.211.470.044.032
588726,1,4,8,95,2,,,,,,,,2,,,,,,,,,,,,,,,8,476.211.470.044.032
588726,1,7,8,95,2,,,,,,,,2,,,,,,,,,,,,,,,8,476.211.470.044.032
588726,1,8,8,95,2,,,,,,,,2,,,,,,,,,,,,,,,8,476.211.470.044.032
588728,1,1,8,95,2,,,,,,,,2,,,,,,,,,,,,,,,8,427.469.939.260.943
588728,1,2,8,95,2,,,,,,,,2,,,,,,,,,,,,,,,8,427.469.939.260.943
588728,1,3,8,95,2,,,,,,,,2,,,,,,,,,,,,,,,8,427.469.939.260.943
588728,1,4,8,95,2,,,,,,,,2,,,,,,,,,,,,,,,8,427.469.939.260.943
588728,1,5,8,95,2,,,,,,,,2,,,,,,,,,,,,,,,8,427.469.939.260.943
588729,1,1,8,95,1,,2,1,,1600000,,2,2,,,,,,,,,,,,,,,8,420.738.401.510.898
588729,1,2,8,95,2,,,,,,,,2,,,,,,,,,,,,,,,8,420.738.401.510.898
588729,1,3,8,95,2,,,,,,,,2,,,,,,,,,,,,,,,8,420.738.401.510.898
588730,1,1,8,95,2,,,,,,,,2,,,,,,,,,,,,,,,8,486.297.069.302.063
588730,1,2,8,95,2,,,,,,,,2,,,,,,,,,,,,,,,8,486.297.069.302.063
588730,1,3,8,95,2,,,,,,,,2,,,,,,,,,,,,,,,8,486.297.069.302.063
588730,1,4,8,95,2,,,,,,,,2,,,,,,,,,,,,,,,8,486.297.069.302.063
588730,1,6,8,95,2,,,,,,,,2,,,,,,,,,,,,,,,8,486.297.069.302.063
588730,2,1,8,95,2,,,,,,,,2,,,,,,,,,,,,,,,8,486.297.069.302.063
588730,2,2,8,95,2,,,,,,,,2,,,,,,,,,,,,,,,8,486.297.069.302.063
588730,2,3,8,95,2,,,,,,,,2,,,,,,,,,,,,,,,8,486.297.069.302.063
588731,1,1,8,95,2,,,,,,,,2,,,,,,,,,,,,,,,8,338.677.629.681.593
588731,1,2,8,95,2,,,,,,,,2,,,,,,,,,,,,,,,8,338.677.629.681.593
588731,1,3,8,95,2,,,,,,,,2,,,,,,,,,,,,,,,8,338.677.629.681.593
588731,1,4,8,95,2,,,,,,,,2,,,,,,,,,,,,,,,8,338.677.629.681.593
588731,1,6,8,95,2,,,,,,,,2,,,,,,,,,,,,,,,8,338.677.629.681.593
588733,1,1,8,95,2,,,,,,,,2,,,,,,,,,,,,,,,8,426.864.251.602.705
588733,1,2,8,95,2,,,,,,,,2,,,,,,,,,,,,,,,8,426.864.251.602.705
588733,1,3,8,95,2,,,,,,,,2,,,,,,,,,,,,,,,8,426.864.251.602.705
588734,1,1,8,95,2,,,,,,,,2,,,,,,,,,,,,,,,8,639.175.034.320.492
588734,1,2,8,95,2,,,,,,,,2,,,,,,,,,,,,,,,8,639.175.034.320.492
588734,1,3,8,95,2,,,,,,,,2,,,,,,,,,,,,,,,8,639.175.034.320.492
588734,1,4,8,95,2,,,,,,,,2,,,,,,,,,,,,,,,8,639.175.034.320.492
588735,1,1,8,95,2,,,,,,,,2,,,,,,,,,,,,,,,8,498.626.369.876.212
588735,1,2,8,95,2,,,,,,,,2,,,,,,,,,,,,,,,8,498.626.369.876.212
588735,1,4,8,95,2,,,,,,,,2,,,,,,,,,,,,,,,8,498.626.369.876.212
588736,1,1,8,95,2,,,,,,,,2,,,,,,,,,,,,,,,8,525.668.597.900.185
588736,1,2,8,95,2,,,,,,,,2,,,,,,,,,,,,,,,8,525.668.597.900.185
588736,1,3,8,95,2,,,,,,,,2,,,,,,,,,,,,,,,8,525.668.597.900.185
588736,1,4,8,95,2,,,,,,,,2,,,,,,,,,,,,,,,8,525.668.597.900.185
588737,1,1,8,95,2,,,,,,,,2,,,,,,,,,,,,,,,8,479.461.804.012.245
588737,1,2,8,95,2,,,,,,,,2,,,,,,,,,,,,,,,8,479.461.804.012.245
588738,1,1,8,95,2,,,,,,,,2,,,,,,,,,,,,,,,8,384.626.098.249.273
588738,1,2,8,95,2,,,,,,,,2,,,,,,,,,,,,,,,8,384.626.098.249.273
588738,1,3,8,95,2,,,,,,,,2,,,,,,,,,,,,,,,8,384.626.098.249.273
588738,1,4,8,95,2,,,,,,,,2,,,,,,,,,,,,,,,8,384.626.098.249.273
588738,1,5,8,95,2,,,,,,,,2,,,,,,,,,,,,,,,8,384.626.098.249.273
588740,1,1,8,95,2,,,,,,,,1,2,,2,,,,,,6000000,2,1,2,,2,8,487.372.773.276.448
588740,1,2,8,95,2,,,,,,,,2,,,,,,,,,,,,,,,8,487.372.773.276.448
588740,1,3,8,95,2,,,,,,,,2,,,,,,,,,,,,,,,8,487.372.773.276.448
588740,1,4,8,95,2,,,,,,,,2,,,,,,,,,,,,,,,8,487.372.773.276.448
588740,1,5,8,95,2,,,,,,,,2,,,,,,,,,,,,,,,8,487.372.773.276.448
588740,1,6,8,95,2,,,,,,,,2,,,,,,,,,,,,,,,8,487.372.773.276.448
588741,1,1,8,95,1,,2,1,,433700,,2,1,2,,2,100000,,,,,,2,2,1,,2,8,506.176.649.582.263
588741,1,2,8,95,2,,,,,,,,1,2,,2,,,,,,1000000,2,1,2,,2,8,506.176.649.582.263
588741,1,3,8,95,2,,,,,,,,2,,,,,,,,,,,,,,,8,506.176.649.582.263
588742,1,1,8,95,2,,,,,,,,2,,,,,,,,,,,,,,,8,586.319.156.590.692
588742,1,2,8,95,2,,,,,,,,2,,,,,,,,,,,,,,,8,586.319.156.590.692
588742,1,4,8,95,2,,,,,,,,2,,,,,,,,,,,,,,,8,586.319.156.590.692
588743,1,1,8,95,2,,,,,,,,1,2,,2,,,,,,6000000,2,1,2,,2,8,442.580.920.789.037
588743,1,2,8,95,2,,,,,,,,2,,,,,,,,,,,,,,,8,442.580.920.789.037
588744,1,1,8,95,2,,,,,,,,2,,,,,,,,,,,,,,,8,505.673.326.161.918
588744,1,2,8,95,2,,,,,,,,2,,,,,,,,,,,,,,,8,505.673.326.161.918
588744,1,3,8,95,2,,,,,,,,2,,,,,,,,,,,,,,,8,505.673.326.161.918
588745,1,1,8,95,2,,,,,,,,2,,,,,,,,,,,,,,,8,641.616.881.002.865
588745,1,2,8,95,2,,,,,,,,2,,,,,,,,,,,,,,,8,641.616.881.002.865
588745,1,3,8,95,2,,,,,,,,2,,,,,,,,,,,,,,,8,641.616.881.002.865
588745,1,4,8,95,2,,,,,,,,2,,,,,,,,,,,,,,,8,641.616.881.002.865
588745,1,5,8,95,2,,,,,,,,2,,,,,,,,,,,,,,,8,641.616.881.002.865
588745,1,6,8,95,2,,,,,,,,2,,,,,,,,,,,,,,,8,641.616.881.002.865
588746,1,1,8,95,2,,,,,,,,2,,,,,,,,,,,,,,,8,439.658.566.120.207
588746,1,2,8,95,2,,,,,,,,2,,,,,,,,,,,,,,,8,439.658.566.120.207
588746,1,3,8,95,2,,,,,,,,2,,,,,,,,,,,,,,,8,439.658.566.120.207
588746,1,4,8,95,2,,,,,,,,2,,,,,,,,,,,,,,,8,439.658.566.120.207
588746,1,5,8,95,2,,,,,,,,2,,,,,,,,,,,,,,,8,439.658.566.120.207
588746,1,6,8,95,2,,,,,,,,2,,,,,,,,,,,,,,,8,439.658.566.120.207
588747,1,1,8,95,2,,,,,,,,1,2,,2,,,,,,6000000,2,1,2,,2,8,103.773.327.942.913
588747,1,2,8,95,2,,,,,,,,2,,,,,,,,,,,,,,,8,103.773.327.942.913
588748,1,1,8,95,2,,,,,,,,2,,,,,,,,,,,,,,,8,104.645.350.243.562
588748,1,2,8,95,2,,,,,,,,2,,,,,,,,,,,,,,,8,104.645.350.243.562
588749,1,1,8,95,2,,,,,,,,2,,,,,,,,,,,,,,,8,9.208.019.313.761
588749,1,2,8,95,2,,,,,,,,2,,,,,,,,,,,,,,,8,9.208.019.313.761
588749,1,3,8,95,2,,,,,,,,2,,,,,,,,,,,,,,,8,9.208.019.313.761
588749,1,4,8,95,2,,,,,,,,2,,,,,,,,,,,,,,,8,9.208.019.313.761
588749,1,5,8,95,2,,,,,,,,2,,,,,,,,,,,,,,,8,9.208.019.313.761
588750,1,1,8,95,2,,,,,,,,2,,,,,,,,,,,,,,,8,456.215.431.849.313
588750,1,2,8,95,2,,,,,,,,1,2,,2,,,,,,1200000,2,1,2,,2,8,456.215.431.849.313
588750,1,3,8,95,2,,,,,,,,2,,,,,,,,,,,,,,,8,456.215.431.849.313
588751,1,1,8,95,2,,,,,,,,2,,,,,,,,,,,,,,,8,46.576.576.388.468
588751,1,2,8,95,2,,,,,,,,2,,,,,,,,,,,,,,,8,46.576.576.388.468
588751,1,3,8,95,2,,,,,,,,1,2,,2,,,,,,3000000,2,1,2,,2,8,46.576.576.388.468
588752,1,1,8,95,1,,2,1,,3200000,,2,2,,,,,,,,,,,,,,,8,35.362.352.175.889
588752,1,2,8,95,2,,,,,,,,2,,,,,,,,,,,,,,,8,35.362.352.175.889
588752,1,3,8,95,2,,,,,,,,2,,,,,,,,,,,,,,,8,35.362.352.175.889
588752,1,4,8,95,2,,,,,,,,2,,,,,,,,,,,,,,,8,35.362.352.175.889
588752,1,5,8,95,1,,2,1,,7000000,,2,2,,,,,,,,,,,,,,,8,35.362.352.175.889
588752,1,6,8,95,2,,,,,,,,2,,,,,,,,,,,,,,,8,35.362.352.175.889
588753,1,1,8,95,1,,2,1,,1000000,,2,2,,,,,,,,,,,,,,,8,382.700.305.361.993
588753,1,2,8,95,2,,,,,,,,2,,,,,,,,,,,,,,,8,382.700.305.361.993
588753,1,3,8,95,2,,,,,,,,2,,,,,,,,,,,,,,,8,382.700.305.361.993
588753,1,4,8,95,2,,,,,,,,2,,,,,,,,,,,,,,,8,382.700.305.361.993
588753,1,5,8,95,2,,,,,,,,2,,,,,,,,,,,,,,,8,382.700.305.361.993
588753,1,6,8,95,2,,,,,,,,2,,,,,,,,,,,,,,,8,382.700.305.361.993
588753,1,7,8,95,2,,,,,,,,2,,,,,,,,,,,,,,,8,382.700.305.361.993
588754,1,1,8,95,2,,,,,,,,2,,,,,,,,,,,,,,,8,483.821.915.515.492
588754,1,2,8,95,2,,,,,,,,2,,,,,,,,,,,,,,,8,483.821.915.515.492
588755,1,1,8,95,2,,,,,,,,2,,,,,,,,,,,,,,,8,429.653.460.623.056
588755,1,2,8,95,2,,,,,,,,2,,,,,,,,,,,,,,,8,429.653.460.623.056
588755,1,3,8,95,2,,,,,,,,2,,,,,,,,,,,,,,,8,429.653.460.623.056
588755,1,4,8,95,2,,,,,,,,2,,,,,,,,,,,,,,,8,429.653.460.623.056
588755,1,5,8,95,2,,,,,,,,2,,,,,,,,,,,,,,,8,429.653.460.623.056
588756,1,1,8,95,2,,,,,,,,2,,,,,,,,,,,,,,,8,361.338.890.915.738
588756,1,2,8,95,2,,,,,,,,1,2,,2,,,,,,70000,2,1,2,,2,8,361.338.890.915.738
588757,1,1,8,95,2,,,,,,,,2,,,,,,,,,,,,,,,8,579.272.200.304.987
588757,1,2,8,95,2,,,,,,,,2,,,,,,,,,,,,,,,8,579.272.200.304.987
588757,1,3,8,95,2,,,,,,,,2,,,,,,,,,,,,,,,8,579.272.200.304.987
588758,1,1,8,95,1,,2,1,,461500,,2,2,,,,,,,,,,,,,,,8,356.733.781.312.406
588758,1,2,8,95,2,,,,,,,,2,,,,,,,,,,,,,,,8,356.733.781.312.406
588758,1,3,8,95,2,,,,,,,,2,,,,,,,,,,,,,,,8,356.733.781.312.406
588758,1,4,8,95,2,,,,,,,,2,,,,,,,,,,,,,,,8,356.733.781.312.406
588759,1,1,8,95,2,,,,,,,,2,,,,,,,,,,,,,,,8,420.996.726.831.158
588759,1,2,8,95,2,,,,,,,,2,,,,,,,,,,,,,,,8,420.996.726.831.158
588759,1,3,8,95,2,,,,,,,,2,,,,,,,,,,,,,,,8,420.996.726.831.158
588759,1,4,8,95,2,,,,,,,,2,,,,,,,,,,,,,,,8,420.996.726.831.158
588759,1,5,8,95,2,,,,,,,,2,,,,,,,,,,,,,,,8,420.996.726.831.158
588761,1,1,8,95,2,,,,,,,,2,,,,,,,,,,,,,,,8,95.892.360.802.449
588761,1,2,8,95,2,,,,,,,,2,,,,,,,,,,,,,,,8,95.892.360.802.449
588762,1,1,8,95,2,,,,,,,,2,,,,,,,,,,,,,,,8,104.645.350.243.562
588762,1,2,8,95,2,,,,,,,,2,,,,,,,,,,,,,,,8,104.645.350.243.562
588763,1,1,8,95,2,,,,,,,,2,,,,,,,,,,,,,,,8,116.242.264.082.489
588763,1,2,8,95,2,,,,,,,,2,,,,,,,,,,,,,,,8,116.242.264.082.489
588763,1,3,8,95,2,,,,,,,,2,,,,,,,,,,,,,,,8,116.242.264.082.489
588763,1,5,8,95,2,,,,,,,,2,,,,,,,,,,,,,,,8,116.242.264.082.489
588763,1,6,8,95,2,,,,,,,,2,,,,,,,,,,,,,,,8,116.242.264.082.489
588764,1,1,8,95,2,,,,,,,,2,,,,,,,,,,,,,,,8,361.288.728.921.316
588764,1,2,8,95,2,,,,,,,,2,,,,,,,,,,,,,,,8,361.288.728.921.316
588764,2,1,8,95,2,,,,,,,,1,2,,2,,,,,,300000,2,1,2,,2,8,361.288.728.921.316
588764,3,1,8,95,1,,1,2,,,30000,2,2,,,,,,,,,,,,,,,8,361.288.728.921.316
588764,3,2,8,95,2,,,,,,,,2,,,,,,,,,,,,,,,8,361.288.728.921.316
588764,3,3,8,95,2,,,,,,,,2,,,,,,,,,,,,,,,8,361.288.728.921.316
588765,1,1,8,95,2,,,,,,,,2,,,,,,,,,,,,,,,8,44.736.224.991.589
588765,1,2,8,95,2,,,,,,,,2,,,,,,,,,,,,,,,8,44.736.224.991.589
588765,1,3,8,95,2,,,,,,,,2,,,,,,,,,,,,,,,8,44.736.224.991.589
588765,1,4,8,95,2,,,,,,,,2,,,,,,,,,,,,,,,8,44.736.224.991.589
588766,1,1,8,95,1,,2,1,,695000,,2,2,,,,,,,,,,,,,,,8,52.997.991.071.089
588766,1,2,8,95,2,,,,,,,,2,,,,,,,,,,,,,,,8,52.997.991.071.089
588766,1,3,8,95,2,,,,,,,,2,,,,,,,,,,,,,,,8,52.997.991.071.089
588766,1,4,8,95,2,,,,,,,,2,,,,,,,,,,,,,,,8,52.997.991.071.089
588766,1,5,8,95,2,,,,,,,,2,,,,,,,,,,,,,,,8,52.997.991.071.089
588766,1,6,8,95,2,,,,,,,,2,,,,,,,,,,,,,,,8,52.997.991.071.089
588766,1,8,8,95,2,,,,,,,,2,,,,,,,,,,,,,,,8,52.997.991.071.089
588766,2,1,8,95,2,,,,,,,,2,,,,,,,,,,,,,,,8,52.997.991.071.089
588766,2,2,8,95,2,,,,,,,,2,,,,,,,,,,,,,,,8,52.997.991.071.089
588766,2,4,8,95,2,,,,,,,,2,,,,,,,,,,,,,,,8,52.997.991.071.089
588767,1,1,8,95,2,,,,,,,,2,,,,,,,,,,,,,,,8,543.724.749.530.997
588767,1,2,8,95,2,,,,,,,,2,,,,,,,,,,,,,,,8,543.724.749.530.997
588767,1,3,8,95,2,,,,,,,,2,,,,,,,,,,,,,,,8,543.724.749.530.997
588768,1,1,8,95,2,,,,,,,,2,,,,,,,,,,,,,,,8,448.212.935.674.213
588768,1,2,8,95,2,,,,,,,,2,,,,,,,,,,,,,,,8,448.212.935.674.213
588768,1,3,8,95,2,,,,,,,,2,,,,,,,,,,,,,,,8,448.212.935.674.213
588768,1,4,8,95,2,,,,,,,,2,,,,,,,,,,,,,,,8,448.212.935.674.213
588769,1,1,8,95,2,,,,,,,,2,,,,,,,,,,,,,,,8,45.982.722.183.213
588769,1,2,8,95,2,,,,,,,,2,,,,,,,,,,,,,,,8,45.982.722.183.213
588769,1,4,8,95,2,,,,,,,,2,,,,,,,,,,,,,,,8,45.982.722.183.213
588769,1,5,8,95,2,,,,,,,,2,,,,,,,,,,,,,,,8,45.982.722.183.213
588769,1,6,8,95,2,,,,,,,,2,,,,,,,,,,,,,,,8,45.982.722.183.213
588770,1,1,8,95,2,,,,,,,,2,,,,,,,,,,,,,,,8,505.673.326.161.918
588770,1,2,8,95,2,,,,,,,,2,,,,,,,,,,,,,,,8,505.673.326.161.918
588770,1,3,8,95,2,,,,,,,,2,,,,,,,,,,,,,,,8,505.673.326.161.918
588771,1,1,8,95,2,,,,,,,,2,,,,,,,,,,,,,,,8,505.673.326.161.918
588771,1,2,8,95,2,,,,,,,,2,,,,,,,,,,,,,,,8,505.673.326.161.918
588771,1,3,8,95,2,,,,,,,,2,,,,,,,,,,,,,,,8,505.673.326.161.918
588772,1,1,8,95,1,,2,1,,500000,,2,2,,,,,,,,,,,,,,,8,340.595.894.502.468
588772,1,2,8,95,2,,,,,,,,2,,,,,,,,,,,,,,,8,340.595.894.502.468
588772,1,3,8,95,2,,,,,,,,2,,,,,,,,,,,,,,,8,340.595.894.502.468
588773,1,1,8,95,2,,,,,,,,2,,,,,,,,,,,,,,,8,558.600.221.172.719
588773,1,2,8,95,2,,,,,,,,2,,,,,,,,,,,,,,,8,558.600.221.172.719
588773,1,3,8,95,2,,,,,,,,2,,,,,,,,,,,,,,,8,558.600.221.172.719
588773,1,4,8,95,2,,,,,,,,2,,,,,,,,,,,,,,,8,558.600.221.172.719
588774,1,1,8,95,2,,,,,,,,2,,,,,,,,,,,,,,,8,543.724.749.530.997
588774,1,2,8,95,2,,,,,,,,2,,,,,,,,,,,,,,,8,543.724.749.530.997
588774,1,3,8,95,2,,,,,,,,2,,,,,,,,,,,,,,,8,543.724.749.530.997
588775,1,1,8,95,2,,,,,,,,1,2,,2,,,,,,300000,2,1,2,,2,8,40.636.625.328.952
588775,1,2,8,95,2,,,,,,,,2,,,,,,,,,,,,,,,8,40.636.625.328.952
588776,1,1,8,95,1,,2,1,,461500,,2,2,,,,,,,,,,,,,,,8,441.494.725.144.343
588776,1,2,8,95,2,,,,,,,,2,,,,,,,,,,,,,,,8,441.494.725.144.343
588776,1,3,8,95,2,,,,,,,,2,,,,,,,,,,,,,,,8,441.494.725.144.343
588776,1,4,8,95,2,,,,,,,,2,,,,,,,,,,,,,,,8,441.494.725.144.343
588776,1,5,8,95,2,,,,,,,,2,,,,,,,,,,,,,,,8,441.494.725.144.343
588776,1,6,8,95,2,,,,,,,,2,,,,,,,,,,,,,,,8,441.494.725.144.343
588777,1,1,8,95,2,,,,,,,,2,,,,,,,,,,,,,,,8,505.345.943.707.963
588777,1,2,8,95,2,,,,,,,,2,,,,,,,,,,,,,,,8,505.345.943.707.963
588777,1,6,8,95,2,,,,,,,,2,,,,,,,,,,,,,,,8,505.345.943.707.963
588778,1,1,8,95,2,,,,,,,,1,2,,2,,,,,,98,2,1,2,,2,8,558.600.221.172.719
588778,1,2,8,95,2,,,,,,,,2,,,,,,,,,,,,,,,8,558.600.221.172.719
588778,1,3,8,95,2,,,,,,,,2,,,,,,,,,,,,,,,8,558.600.221.172.719
588778,1,4,8,95,2,,,,,,,,2,,,,,,,,,,,,,,,8,558.600.221.172.719
588779,1,1,8,95,2,,,,,,,,2,,,,,,,,,,,,,,,8,505.170.599.587
588779,1,2,8,95,2,,,,,,,,2,,,,,,,,,,,,,,,8,505.170.599.587
588779,1,3,8,95,2,,,,,,,,2,,,,,,,,,,,,,,,8,505.170.599.587
588780,1,1,8,95,1,,2,1,,461500,,2,1,2,,2,,,,,,200000,2,1,2,,2,8,367.812.103.345.523
588780,1,2,8,95,2,,,,,,,,2,,,,,,,,,,,,,,,8,367.812.103.345.523
588781,1,1,8,95,1,,2,1,,800000,,2,2,,,,,,,,,,,,,,,8,437.134.613.641.095
588781,1,2,8,95,2,,,,,,,,2,,,,,,,,,,,,,,,8,437.134.613.641.095
588781,1,3,8,95,2,,,,,,,,2,,,,,,,,,,,,,,,8,437.134.613.641.095
588781,1,4,8,95,2,,,,,,,,2,,,,,,,,,,,,,,,8,437.134.613.641.095
588781,1,5,8,95,2,,,,,,,,2,,,,,,,,,,,,,,,8,437.134.613.641.095
588781,1,6,8,95,2,,,,,,,,2,,,,,,,,,,,,,,,8,437.134.613.641.095
588782,1,1,8,95,2,,,,,,,,1,2,,2,,,,,,150000,2,1,2,,2,8,385.419.093.946.769
588782,1,2,8,95,2,,,,,,,,2,,,,,,,,,,,,,,,8,385.419.093.946.769
588782,1,3,8,95,2,,,,,,,,2,,,,,,,,,,,,,,,8,385.419.093.946.769
588782,1,4,8,95,2,,,,,,,,2,,,,,,,,,,,,,,,8,385.419.093.946.769
588782,1,6,8,95,2,,,,,,,,2,,,,,,,,,,,,,,,8,385.419.093.946.769
588782,1,7,8,95,2,,,,,,,,2,,,,,,,,,,,,,,,8,385.419.093.946.769
588782,1,8,8,95,2,,,,,,,,2,,,,,,,,,,,,,,,8,385.419.093.946.769
588782,1,9,8,95,2,,,,,,,,2,,,,,,,,,,,,,,,8,385.419.093.946.769
588782,1,10,8,95,2,,,,,,,,2,,,,,,,,,,,,,,,8,385.419.093.946.769
588783,1,1,8,95,2,,,,,,,,2,,,,,,,,,,,,,,,8,662.260.568.617.725
588783,1,2,8,95,2,,,,,,,,2,,,,,,,,,,,,,,,8,662.260.568.617.725
588783,2,1,8,95,2,,,,,,,,2,,,,,,,,,,,,,,,8,662.260.568.617.725
588783,2,2,8,95,2,,,,,,,,2,,,,,,,,,,,,,,,8,662.260.568.617.725
588783,3,1,8,95,2,,,,,,,,2,,,,,,,,,,,,,,,8,662.260.568.617.725
588783,3,2,8,95,2,,,,,,,,2,,,,,,,,,,,,,,,8,662.260.568.617.725
588783,3,3,8,95,2,,,,,,,,2,,,,,,,,,,,,,,,8,662.260.568.617.725
588783,3,4,8,95,2,,,,,,,,2,,,,,,,,,,,,,,,8,662.260.568.617.725
588783,3,5,8,95,2,,,,,,,,2,,,,,,,,,,,,,,,8,662.260.568.617.725
588783,4,1,8,95,2,,,,,,,,2,,,,,,,,,,,,,,,8,662.260.568.617.725
588784,1,1,8,95,2,,,,,,,,2,,,,,,,,,,,,,,,8,110.111.341.112.045
588784,1,2,8,95,2,,,,,,,,2,,,,,,,,,,,,,,,8,110.111.341.112.045
588785,1,1,8,95,2,,,,,,,,2,,,,,,,,,,,,,,,8,112.614.437.516.467
588785,1,2,8,95,2,,,,,,,,2,,,,,,,,,,,,,,,8,112.614.437.516.467
588785,1,3,8,95,2,,,,,,,,2,,,,,,,,,,,,,,,8,112.614.437.516.467
588785,1,4,8,95,2,,,,,,,,2,,,,,,,,,,,,,,,8,112.614.437.516.467
588786,1,1,13,95,1,,2,1,,1400000,,2,2,,,,,,,,,,,,,,,13,292.419.903.820.065
588786,1,2,13,95,2,,,,,,,,2,,,,,,,,,,,,,,,13,292.419.903.820.065
588786,1,3,13,95,2,,,,,,,,2,,,,,,,,,,,,,,,13,292.419.903.820.065
588786,1,4,13,95,2,,,,,,,,2,,,,,,,,,,,,,,,13,292.419.903.820.065
588787,1,1,13,95,2,,,,,,,,2,,,,,,,,,,,,,,,13,251.076.054.206.763
588787,1,2,13,95,2,,,,,,,,2,,,,,,,,,,,,,,,13,251.076.054.206.763
588788,1,1,13,95,2,,,,,,,,2,,,,,,,,,,,,,,,13,240.066.992.728.801
588788,1,2,13,95,2,,,,,,,,2,,,,,,,,,,,,,,,13,240.066.992.728.801
588788,1,3,13,95,2,,,,,,,,2,,,,,,,,,,,,,,,13,240.066.992.728.801
588788,1,4,13,95,2,,,,,,,,2,,,,,,,,,,,,,,,13,240.066.992.728.801
588788,1,5,13,95,1,,2,1,,1500000,,2,2,,,,,,,,,,,,,,,13,240.066.992.728.801
588788,1,6,13,95,2,,,,,,,,2,,,,,,,,,,,,,,,13,240.066.992.728.801
588788,1,7,13,95,2,,,,,,,,2,,,,,,,,,,,,,,,13,240.066.992.728.801
588788,1,9,13,95,2,,,,,,,,2,,,,,,,,,,,,,,,13,240.066.992.728.801
588789,1,1,13,95,2,,,,,,,,1,2,,2,,,,,,12000000,2,1,2,,2,13,280.137.537.287.361
588791,1,1,13,95,2,,,,,,,,2,,,,,,,,,,,,,,,13,364.623.229.643.872
588791,1,2,13,95,2,,,,,,,,2,,,,,,,,,,,,,,,13,364.623.229.643.872
588796,1,1,13,95,2,,,,,,,,2,,,,,,,,,,,,,,,13,285.804.677.045.235
588796,1,2,13,95,2,,,,,,,,2,,,,,,,,,,,,,,,13,285.804.677.045.235
588796,1,3,13,95,2,,,,,,,,2,,,,,,,,,,,,,,,13,285.804.677.045.235
588796,1,5,13,95,2,,,,,,,,2,,,,,,,,,,,,,,,13,285.804.677.045.235
588796,1,6,13,95,2,,,,,,,,2,,,,,,,,,,,,,,,13,285.804.677.045.235
588796,1,8,13,95,2,,,,,,,,2,,,,,,,,,,,,,,,13,285.804.677.045.235
588797,1,1,13,95,1,,2,1,,433800,,2,2,,,,,,,,,,,,,,,13,457.802.532.638.595
588797,1,2,13,95,2,,,,,,,,2,,,,,,,,,,,,,,,13,457.802.532.638.595
588797,1,3,13,95,2,,,,,,,,2,,,,,,,,,,,,,,,13,457.802.532.638.595
588797,1,4,13,95,2,,,,,,,,1,2,,2,1200000,,,,,,2,2,1,,2,13,457.802.532.638.595
588798,1,1,13,95,2,,,,,,,,2,,,,,,,,,,,,,,,13,521.263.256.494.104
588798,1,2,13,95,2,,,,,,,,2,,,,,,,,,,,,,,,13,521.263.256.494.104
588798,1,3,13,95,2,,,,,,,,2,,,,,,,,,,,,,,,13,521.263.256.494.104
588799,1,1,13,95,2,,,,,,,,2,,,,,,,,,,,,,,,13,522.424.224.609.892
588799,1,2,13,95,2,,,,,,,,2,,,,,,,,,,,,,,,13,522.424.224.609.892
588800,1,1,13,95,1,,2,1,,461500,,2,2,,,,,,,,,,,,,,,13,336.817.150.109.271
588800,1,2,13,95,2,,,,,,,,2,,,,,,,,,,,,,,,13,336.817.150.109.271
588800,1,3,13,95,2,,,,,,,,2,,,,,,,,,,,,,,,13,336.817.150.109.271
588800,1,5,13,95,2,,,,,,,,1,2,,2,,,,,,600000,2,1,2,,2,13,336.817.150.109.271
588801,1,1,13,95,2,,,,,,,,2,,,,,,,,,,,,,,,13,313.088.527.053.264
588801,1,2,13,95,2,,,,,,,,2,,,,,,,,,,,,,,,13,313.088.527.053.264
588802,1,1,13,95,2,,,,,,,,2,,,,,,,,,,,,,,,13,224.995.421.465.361
588802,1,2,13,95,2,,,,,,,,2,,,,,,,,,,,,,,,13,224.995.421.465.361
588802,1,3,13,95,2,,,,,,,,2,,,,,,,,,,,,,,,13,224.995.421.465.361
588802,1,4,13,95,2,,,,,,,,2,,,,,,,,,,,,,,,13,224.995.421.465.361
588802,1,5,13,95,2,,,,,,,,1,2,,2,,,,,,1800000,2,1,2,,2,13,224.995.421.465.361
588802,1,6,13,95,2,,,,,,,,2,,,,,,,,,,,,,,,13,224.995.421.465.361
588802,1,7,13,95,2,,,,,,,,2,,,,,,,,,,,,,,,13,224.995.421.465.361
588802,1,10,13,95,2,,,,,,,,1,2,,2,,,,,,2400000,2,1,2,,2,13,224.995.421.465.361
588805,1,1,13,95,2,,,,,,,,2,,,,,,,,,,,,,,,13,340.863.106.429.123
588805,1,2,13,95,2,,,,,,,,2,,,,,,,,,,,,,,,13,340.863.106.429.123
588805,1,3,13,95,2,,,,,,,,2,,,,,,,,,,,,,,,13,340.863.106.429.123
588805,1,4,13,95,2,,,,,,,,2,,,,,,,,,,,,,,,13,340.863.106.429.123
588805,1,7,13,95,2,,,,,,,,2,,,,,,,,,,,,,,,13,340.863.106.429.123
588805,1,8,13,95,2,,,,,,,,2,,,,,,,,,,,,,,,13,340.863.106.429.123
588805,1,10,13,95,2,,,,,,,,2,,,,,,,,,,,,,,,13,340.863.106.429.123
588805,1,11,13,95,2,,,,,,,,2,,,,,,,,,,,,,,,13,340.863.106.429.123
588805,1,12,13,95,2,,,,,,,,2,,,,,,,,,,,,,,,13,340.863.106.429.123
588805,1,13,13,95,2,,,,,,,,2,,,,,,,,,,,,,,,13,340.863.106.429.123
588805,1,14,13,95,2,,,,,,,,2,,,,,,,,,,,,,,,13,340.863.106.429.123
588805,1,16,13,95,2,,,,,,,,2,,,,,,,,,,,,,,,13,340.863.106.429.123
588806,1,1,13,95,2,,,,,,,,2,,,,,,,,,,,,,,,13,251.076.054.206.763
588806,1,2,13,95,2,,,,,,,,2,,,,,,,,,,,,,,,13,251.076.054.206.763
588807,1,1,13,95,1,,2,1,,461000,,2,2,,,,,,,,,,,,,,,13,281.723.998.852.208
588807,1,2,13,95,2,,,,,,,,2,,,,,,,,,,,,,,,13,281.723.998.852.208
588807,1,3,13,95,2,,,,,,,,2,,,,,,,,,,,,,,,13,281.723.998.852.208
588807,1,4,13,95,2,,,,,,,,2,,,,,,,,,,,,,,,13,281.723.998.852.208
588807,1,5,13,95,2,,,,,,,,2,,,,,,,,,,,,,,,13,281.723.998.852.208
588810,1,1,13,95,2,,,,,,,,2,,,,,,,,,,,,,,,13,34.828.959.469.707
588810,1,2,13,95,2,,,,,,,,2,,,,,,,,,,,,,,,13,34.828.959.469.707
588810,1,3,13,95,2,,,,,,,,2,,,,,,,,,,,,,,,13,34.828.959.469.707
588811,1,1,13,95,2,,,,,,,,2,,,,,,,,,,,,,,,13,312.757.953.896.462
588811,1,2,13,95,2,,,,,,,,2,,,,,,,,,,,,,,,13,312.757.953.896.462
588811,1,3,13,95,2,,,,,,,,2,,,,,,,,,,,,,,,13,312.757.953.896.462
588813,1,1,13,95,2,,,,,,,,2,,,,,,,,,,,,,,,13,315.824.843.289.725
588813,1,2,13,95,2,,,,,,,,2,,,,,,,,,,,,,,,13,315.824.843.289.725
588813,1,3,13,95,2,,,,,,,,2,,,,,,,,,,,,,,,13,315.824.843.289.725
588813,1,4,13,95,2,,,,,,,,2,,,,,,,,,,,,,,,13,315.824.843.289.725
588813,1,5,13,95,2,,,,,,,,2,,,,,,,,,,,,,,,13,315.824.843.289.725
588814,1,1,13,95,2,,,,,,,,2,,,,,,,,,,,,,,,13,234.381.400.047.667
588814,1,2,13,95,2,,,,,,,,1,2,,2,,,,,,3600000,2,1,2,,2,13,234.381.400.047.667
588814,1,4,13,95,2,,,,,,,,2,,,,,,,,,,,,,,,13,234.381.400.047.667
588815,1,1,13,95,1,,1,2,,,500000,2,2,,,,,,,,,,,,,,,13,549.373.942.757.735
588815,1,2,13,95,2,,,,,,,,2,,,,,,,,,,,,,,,13,549.373.942.757.735
588815,1,3,13,95,2,,,,,,,,2,,,,,,,,,,,,,,,13,549.373.942.757.735
588815,1,4,13,95,2,,,,,,,,2,,,,,,,,,,,,,,,13,549.373.942.757.735
588815,1,5,13,95,2,,,,,,,,2,,,,,,,,,,,,,,,13,549.373.942.757.735
588816,1,1,13,95,2,,,,,,,,2,,,,,,,,,,,,,,,13,504.925.858.942.313
588816,1,2,13,95,2,,,,,,,,2,,,,,,,,,,,,,,,13,504.925.858.942.313
588816,1,3,13,95,2,,,,,,,,2,,,,,,,,,,,,,,,13,504.925.858.942.313
588817,1,1,13,95,2,,,,,,,,2,,,,,,,,,,,,,,,13,510.395.248.384.585
588817,1,2,13,95,2,,,,,,,,2,,,,,,,,,,,,,,,13,510.395.248.384.585
588818,1,1,13,95,2,,,,,,,,2,,,,,,,,,,,,,,,13,267.230.620.995.868
588818,1,2,13,95,2,,,,,,,,2,,,,,,,,,,,,,,,13,267.230.620.995.868
588818,1,4,13,95,2,,,,,,,,2,,,,,,,,,,,,,,,13,267.230.620.995.868
588819,1,1,13,95,2,,,,,,,,2,,,,,,,,,,,,,,,13,343.157.975.567.366
588819,1,2,13,95,2,,,,,,,,2,,,,,,,,,,,,,,,13,343.157.975.567.366
588819,1,3,13,95,2,,,,,,,,2,,,,,,,,,,,,,,,13,343.157.975.567.366
588819,1,4,13,95,2,,,,,,,,2,,,,,,,,,,,,,,,13,343.157.975.567.366
588819,1,5,13,95,2,,,,,,,,2,,,,,,,,,,,,,,,13,343.157.975.567.366
588820,1,1,13,95,2,,,,,,,,2,,,,,,,,,,,,,,,13,261.212.112.304.946
588820,1,2,13,95,1,,1,2,,,1500000,2,2,,,,,,,,,,,,,,,13,261.212.112.304.946
588821,1,1,13,95,2,,,,,,,,1,2,,2,,,,,,3600000,2,1,2,,2,13,245.756.080.360.678
588825,1,1,13,95,2,,,,,,,,1,2,,2,,,,,,24000000,2,1,2,,2,13,319.289.150.312.189
588825,1,2,13,95,2,,,,,,,,1,2,,2,,,,,,12000000,2,1,2,,2,13,319.289.150.312.189
588826,1,1,13,95,2,,,,,,,,2,,,,,,,,,,,,,,,13,321.355.525.898.085
588826,1,2,13,95,2,,,,,,,,2,,,,,,,,,,,,,,,13,321.355.525.898.085
588826,1,3,13,95,2,,,,,,,,2,,,,,,,,,,,,,,,13,321.355.525.898.085
588826,1,4,13,95,2,,,,,,,,2,,,,,,,,,,,,,,,13,321.355.525.898.085
588826,1,6,13,95,2,,,,,,,,2,,,,,,,,,,,,,,,13,321.355.525.898.085
588826,1,7,13,95,2,,,,,,,,2,,,,,,,,,,,,,,,13,321.355.525.898.085
588828,1,1,13,95,2,,,,,,,,2,,,,,,,,,,,,,,,13,257.202.453.563.177
588828,1,2,13,95,2,,,,,,,,2,,,,,,,,,,,,,,,13,257.202.453.563.177
588829,1,1,13,95,2,,,,,,,,2,,,,,,,,,,,,,,,13,597.916.490.553.393
588829,1,2,13,95,2,,,,,,,,2,,,,,,,,,,,,,,,13,597.916.490.553.393
588829,1,3,13,95,2,,,,,,,,2,,,,,,,,,,,,,,,13,597.916.490.553.393
588829,1,4,13,95,2,,,,,,,,2,,,,,,,,,,,,,,,13,597.916.490.553.393
588830,1,1,13,95,2,,,,,,,,2,,,,,,,,,,,,,,,13,526.160.945.195.827
588830,1,2,13,95,2,,,,,,,,2,,,,,,,,,,,,,,,13,526.160.945.195.827
588830,1,3,13,95,2,,,,,,,,2,,,,,,,,,,,,,,,13,526.160.945.195.827
588831,1,1,13,95,2,,,,,,,,1,2,,2,,,,,,3600000,2,1,2,,2,13,490.351.192.605.567
588831,1,4,13,95,2,,,,,,,,2,,,,,,,,,,,,,,,13,490.351.192.605.567
588832,1,1,13,95,1,,1,2,,,600000,2,2,,,,,,,,,,,,,,,13,705.998.135.741.065
588832,1,2,13,95,2,,,,,,,,2,,,,,,,,,,,,,,,13,705.998.135.741.065
588832,1,3,13,95,2,,,,,,,,2,,,,,,,,,,,,,,,13,705.998.135.741.065
588832,1,4,13,95,2,,,,,,,,2,,,,,,,,,,,,,,,13,705.998.135.741.065
588832,1,5,13,95,2,,,,,,,,2,,,,,,,,,,,,,,,13,705.998.135.741.065
588832,1,6,13,95,2,,,,,,,,2,,,,,,,,,,,,,,,13,705.998.135.741.065
588832,1,7,13,95,2,,,,,,,,1,2,,2,,,,,,2500000,2,1,2,,2,13,705.998.135.741.065
588833,1,1,13,95,2,,,,,,,,2,,,,,,,,,,,,,,,13,311.012.573.248.145
588834,1,1,13,95,2,,,,,,,,2,,,,,,,,,,,,,,,13,343.437.771.422.862
588834,1,2,13,95,2,,,,,,,,2,,,,,,,,,,,,,,,13,343.437.771.422.862
588834,1,3,13,95,2,,,,,,,,2,,,,,,,,,,,,,,,13,343.437.771.422.862
588834,1,4,13,95,2,,,,,,,,2,,,,,,,,,,,,,,,13,343.437.771.422.862
588835,1,1,13,95,2,,,,,,,,2,,,,,,,,,,,,,,,13,2.609.037.354.873
588835,1,2,13,95,2,,,,,,,,1,2,,2,,,,,,1000000,2,1,2,,2,13,2.609.037.354.873
588836,1,1,13,95,2,,,,,,,,2,,,,,,,,,,,,,,,13,333.865.710.198.261
588837,1,1,13,95,1,,2,1,,433700,,2,2,,,,,,,,,,,,,,,13,250.611.591.030.945
588837,1,2,13,95,2,,,,,,,,2,,,,,,,,,,,,,,,13,250.611.591.030.945
588837,1,3,13,95,2,,,,,,,,2,,,,,,,,,,,,,,,13,250.611.591.030.945
588837,1,4,13,95,2,,,,,,,,2,,,,,,,,,,,,,,,13,250.611.591.030.945
588837,1,5,13,95,2,,,,,,,,2,,,,,,,,,,,,,,,13,250.611.591.030.945
588838,1,1,13,95,2,,,,,,,,2,,,,,,,,,,,,,,,13,254.699.611.613.814
588838,1,2,13,95,2,,,,,,,,2,,,,,,,,,,,,,,,13,254.699.611.613.814
588838,1,3,13,95,2,,,,,,,,2,,,,,,,,,,,,,,,13,254.699.611.613.814
588838,1,4,13,95,2,,,,,,,,2,,,,,,,,,,,,,,,13,254.699.611.613.814
589922,1,1,11,95,2,,,,,,,,2,,,,,,,,,,,,,,,11,264.799.510.296.908
589922,1,2,11,95,2,,,,,,,,2,,,,,,,,,,,,,,,11,264.799.510.296.908
589923,1,1,11,95,2,,,,,,,,2,,,,,,,,,,,,,,,11,232.801.976.938.325
589923,1,2,11,95,2,,,,,,,,2,,,,,,,,,,,,,,,11,232.801.976.938.325
589923,1,3,11,95,2,,,,,,,,2,,,,,,,,,,,,,,,11,232.801.976.938.325
589923,1,4,11,95,2,,,,,,,,2,,,,,,,,,,,,,,,11,232.801.976.938.325
589924,1,1,11,95,2,,,,,,,,1,2,,2,,,,,,4800000,2,1,2,,2,11,217.657.582.119.371
589924,1,2,11,95,2,,,,,,,,2,,,,,,,,,,,,,,,11,217.657.582.119.371
589925,1,1,11,95,2,,,,,,,,1,2,,2,,,,,,960000,2,1,2,,2,11,307.348.681.660.983
589925,1,2,11,95,2,,,,,,,,2,,,,,,,,,,,,,,,11,307.348.681.660.983
589926,1,1,11,95,1,,1,1,,461000,500000,2,2,,,,,,,,,,,,,,,11,179.106.084.365.341
589926,1,2,11,95,2,,,,,,,,2,,,,,,,,,,,,,,,11,179.106.084.365.341
589926,1,3,11,95,2,,,,,,,,2,,,,,,,,,,,,,,,11,179.106.084.365.341
589927,1,1,11,95,2,,,,,,,,2,,,,,,,,,,,,,,,11,180.440.583.166.365
589927,1,2,11,95,2,,,,,,,,2,,,,,,,,,,,,,,,11,180.440.583.166.365
589927,1,3,11,95,2,,,,,,,,2,,,,,,,,,,,,,,,11,180.440.583.166.365
589928,1,1,11,95,2,,,,,,,,1,2,,2,,,,,,600000,2,1,2,,2,11,170.281.202.084.277
589928,1,2,11,95,1,,2,1,,430000,,2,2,,,,,,,,,,,,,,,11,170.281.202.084.277
589928,1,3,11,95,2,,,,,,,,2,,,,,,,,,,,,,,,11,170.281.202.084.277
589928,1,4,11,95,2,,,,,,,,2,,,,,,,,,,,,,,,11,170.281.202.084.277
589932,1,1,11,95,2,,,,,,,,2,,,,,,,,,,,,,,,11,308.542.229.402.683
589933,1,1,11,95,2,,,,,,,,2,,,,,,,,,,,,,,,11,293.537.113.415.886
589933,1,2,11,95,2,,,,,,,,2,,,,,,,,,,,,,,,11,293.537.113.415.886
589934,1,1,11,95,2,,,,,,,,2,,,,,,,,,,,,,,,11,336.786.242.938.902
589934,1,2,11,95,2,,,,,,,,2,,,,,,,,,,,,,,,11,336.786.242.938.902
589936,1,1,11,95,1,,1,2,,,280000,2,2,,,,,,,,,,,,,,,11,199.140.539.238.092
589936,1,2,11,95,2,,,,,,,,2,,,,,,,,,,,,,,,11,199.140.539.238.092
589936,1,3,11,95,2,,,,,,,,2,,,,,,,,,,,,,,,11,199.140.539.238.092
589937,1,1,11,95,1,,1,2,,,1500000,2,2,,,,,,,,,,,,,,,11,313.237.290.648.791
589937,1,2,11,95,2,,,,,,,,2,,,,,,,,,,,,,,,11,313.237.290.648.791
589937,1,3,11,95,2,,,,,,,,2,,,,,,,,,,,,,,,11,313.237.290.648.791
589938,1,1,11,95,2,,,,,,,,2,,,,,,,,,,,,,,,11,269.362.667.535.017
589938,1,3,11,95,2,,,,,,,,1,2,,2,,,,,,300000,2,1,2,,2,11,269.362.667.535.017
589939,1,1,11,95,1,,1,1,,98,150000,2,2,,,,,,,,,,,,,,,11,244.540.514.609.648
589940,1,1,11,95,2,,,,,,,,2,,,,,,,,,,,,,,,11,305.263.909.956.134
589940,1,2,11,95,2,,,,,,,,2,,,,,,,,,,,,,,,11,305.263.909.956.134
589940,1,5,11,95,2,,,,,,,,2,,,,,,,,,,,,,,,11,305.263.909.956.134
589941,1,1,11,95,1,,1,2,,,250000,2,1,2,,2,,,,,,960000,2,1,2,,2,11,210.422.091.709.256
589942,1,1,11,95,2,,,,,,,,2,,,,,,,,,,,,,,,11,218.457.296.148.287
589942,1,2,11,95,2,,,,,,,,2,,,,,,,,,,,,,,,11,218.457.296.148.287
589942,1,3,11,95,2,,,,,,,,2,,,,,,,,,,,,,,,11,218.457.296.148.287
589942,1,4,11,95,2,,,,,,,,2,,,,,,,,,,,,,,,11,218.457.296.148.287
589943,1,1,11,95,2,,,,,,,,2,,,,,,,,,,,,,,,11,261.539.580.057.303
589943,1,2,11,95,2,,,,,,,,2,,,,,,,,,,,,,,,11,261.539.580.057.303
589943,1,3,11,95,2,,,,,,,,2,,,,,,,,,,,,,,,11,261.539.580.057.303
589943,1,4,11,95,2,,,,,,,,2,,,,,,,,,,,,,,,11,261.539.580.057.303
589944,1,1,11,95,2,,,,,,,,1,2,,2,,,,,,3600000,2,1,2,,2,11,34.716.070.999.898
589944,1,2,11,95,2,,,,,,,,2,,,,,,,,,,,,,,,11,34.716.070.999.898
589945,1,1,11,95,2,,,,,,,,2,,,,,,,,,,,,,,,11,342.616.939.757.583
589945,1,2,11,95,2,,,,,,,,2,,,,,,,,,,,,,,,11,342.616.939.757.583
589946,1,1,11,95,1,,1,1,,330000,350008,2,2,,,,,,,,,,,,,,,11,244.540.514.609.648
589947,1,1,11,95,2,,,,,,,,2,,,,,,,,,,,,,,,11,21.994.245.623.792
589947,1,2,11,95,2,,,,,,,,2,,,,,,,,,,,,,,,11,21.994.245.623.792
589947,1,3,11,95,2,,,,,,,,2,,,,,,,,,,,,,,,11,21.994.245.623.792
589948,1,1,11,95,2,,,,,,,,2,,,,,,,,,,,,,,,11,276.526.306.837.156
589948,1,2,11,95,2,,,,,,,,2,,,,,,,,,,,,,,,11,276.526.306.837.156
589948,1,3,11,95,2,,,,,,,,2,,,,,,,,,,,,,,,11,276.526.306.837.156
589949,1,1,11,95,2,,,,,,,,2,,,,,,,,,,,,,,,11,254.060.879.138.313
589949,1,2,11,95,2,,,,,,,,2,,,,,,,,,,,,,,,11,254.060.879.138.313
589949,1,3,11,95,2,,,,,,,,2,,,,,,,,,,,,,,,11,254.060.879.138.313
589950,1,1,11,95,2,,,,,,,,2,,,,,,,,,,,,,,,11,276.526.306.837.156
589950,1,2,11,95,2,,,,,,,,2,,,,,,,,,,,,,,,11,276.526.306.837.156
589950,1,3,11,95,2,,,,,,,,2,,,,,,,,,,,,,,,11,276.526.306.837.156
589951,1,1,11,95,1,,1,2,,,160000,2,1,2,,2,,,,,,98,2,1,2,,2,11,238.850.294.266.069
589951,2,1,11,95,2,,,,,,,,1,2,,1,,,98,,,,2,2,2,,2,11,238.850.294.266.069
589951,2,2,11,95,2,,,,,,,,2,,,,,,,,,,,,,,,11,238.850.294.266.069
589952,1,1,11,95,2,,,,,,,,2,,,,,,,,,,,,,,,11,244.540.514.609.648
589953,1,1,11,95,2,,,,,,,,1,2,,2,,,,,,300000,2,1,2,,2,11,257.635.870.994.769
589955,1,1,11,95,1,,1,2,,,180000,2,1,2,,1,,,150000,,,,2,2,2,,2,11,37.735.314.324.786
589955,1,2,11,95,2,,,,,,,,2,,,,,,,,,,,,,,,11,37.735.314.324.786
589956,1,1,11,95,2,,,,,,,,2,,,,,,,,,,,,,,,11,326.152.022.087.525
589956,1,2,11,95,2,,,,,,,,2,,,,,,,,,,,,,,,11,326.152.022.087.525
589957,1,1,11,95,2,,,,,,,,2,,,,,,,,,,,,,,,11,326.152.022.087.525
589957,1,2,11,95,2,,,,,,,,2,,,,,,,,,,,,,,,11,326.152.022.087.525
589958,1,1,11,95,2,,,,,,,,1,2,,2,,,,,,1500000,2,1,2,,2,11,307.251.144.789.832
589958,1,2,11,95,2,,,,,,,,2,,,,,,,,,,,,,,,11,307.251.144.789.832
589958,1,3,11,95,2,,,,,,,,2,,,,,,,,,,,,,,,11,307.251.144.789.832
589959,1,1,11,95,1,,1,2,4000000,,880000,1,1,2,,2,,,,,,400000,2,1,2,,2,11,212.778.816.935.782
589959,1,2,11,95,2,,,,,,,,2,,,,,,,,,,,,,,,11,212.778.816.935.782
589960,1,1,11,95,2,,,,,,,,2,,,,,,,,,,,,,,,11,339.618.168.541.243
589960,1,2,11,95,2,,,,,,,,2,,,,,,,,,,,,,,,11,339.618.168.541.243
589961,1,1,11,95,2,,,,,,,,1,2,,2,,,,,,900000,2,1,2,,2,11,239.952.034.032.991
589961,1,2,11,95,2,,,,,,,,2,,,,,,,,,,,,,,,11,239.952.034.032.991
589962,1,1,11,95,2,,,,,,,,2,,,,,,,,,,,,,,,11,199.683.460.550.661
589962,1,2,11,95,2,,,,,,,,2,,,,,,,,,,,,,,,11,199.683.460.550.661
589963,1,1,11,95,1,,1,2,,,300000,2,2,,,,,,,,,,,,,,,11,244.540.514.609.648
589964,1,1,11,95,2,,,,,,,,2,,,,,,,,,,,,,,,11,344.331.618.994.295
589964,1,2,11,95,2,,,,,,,,1,2,,2,,,,,,300000,2,1,2,,2,11,344.331.618.994.295
589964,1,3,11,95,2,,,,,,,,2,,,,,,,,,,,,,,,11,344.331.618.994.295
589964,1,4,11,95,2,,,,,,,,2,,,,,,,,,,,,,,,11,344.331.618.994.295
589965,1,1,11,95,1,,2,1,,730000,,2,2,,,,,,,,,,,,,,,11,206.279.588.698.654
589965,1,2,11,95,2,,,,,,,,2,,,,,,,,,,,,,,,11,206.279.588.698.654
589966,1,1,11,95,2,,,,,,,,2,,,,,,,,,,,,,,,11,286.865.253.489.949
589966,1,2,11,95,2,,,,,,,,2,,,,,,,,,,,,,,,11,286.865.253.489.949
589967,1,1,11,95,2,,,,,,,,1,2,,2,,,,,,200000,2,1,2,,2,11,291.971.475.769.255
589967,1,2,11,95,2,,,,,,,,2,,,,,,,,,,,,,,,11,291.971.475.769.255
589967,1,3,11,95,2,,,,,,,,2,,,,,,,,,,,,,,,11,291.971.475.769.255
589967,1,4,11,95,2,,,,,,,,2,,,,,,,,,,,,,,,11,291.971.475.769.255
589968,1,1,11,95,2,,,,,,,,2,,,,,,,,,,,,,,,11,21.498.436.672.359
589968,1,2,11,95,2,,,,,,,,2,,,,,,,,,,,,,,,11,21.498.436.672.359
589968,1,3,11,95,2,,,,,,,,1,1,,2,,,,,1308000,,2,2,2,,2,11,21.498.436.672.359
589968,1,4,11,95,2,,,,,,,,2,,,,,,,,,,,,,,,11,21.498.436.672.359
589968,1,5,11,95,2,,,,,,,,2,,,,,,,,,,,,,,,11,21.498.436.672.359
589969,1,1,11,95,2,,,,,,,,2,,,,,,,,,,,,,,,11,276.557.769.272.139
589969,1,2,11,95,2,,,,,,,,2,,,,,,,,,,,,,,,11,276.557.769.272.139
589969,1,3,11,95,2,,,,,,,,2,,,,,,,,,,,,,,,11,276.557.769.272.139
589969,1,4,11,95,2,,,,,,,,2,,,,,,,,,,,,,,,11,276.557.769.272.139
589973,1,1,11,95,2,,,,,,,,2,,,,,,,,,,,,,,,11,216.998.287.359.198
589973,1,2,11,95,2,,,,,,,,2,,,,,,,,,,,,,,,11,216.998.287.359.198
589973,1,3,11,95,2,,,,,,,,2,,,,,,,,,,,,,,,11,216.998.287.359.198
589974,1,1,11,95,2,,,,,,,,2,,,,,,,,,,,,,,,11,345.422.505.046.333
589974,1,2,11,95,2,,,,,,,,2,,,,,,,,,,,,,,,11,345.422.505.046.333
589975,1,1,11,95,1,,1,2,,,150000,2,2,,,,,,,,,,,,,,,11,294.701.007.697.053
589975,1,2,11,95,2,,,,,,,,1,2,,2,,,,,,80000,2,1,2,,2,11,294.701.007.697.053
589976,1,1,11,95,1,,1,2,,,200000,2,2,,,,,,,,,,,,,,,11,345.422.505.046.333
589976,1,2,11,95,2,,,,,,,,2,,,,,,,,,,,,,,,11,345.422.505.046.333
589977,1,1,11,95,2,,,,,,,,2,,,,,,,,,,,,,,,11,244.540.514.609.648
589978,1,1,11,95,2,,,,,,,,2,,,,,,,,,,,,,,,11,341.974.893.767.769
589978,1,2,11,95,2,,,,,,,,2,,,,,,,,,,,,,,,11,341.974.893.767.769
589978,1,3,11,95,2,,,,,,,,2,,,,,,,,,,,,,,,11,341.974.893.767.769
589985,1,1,11,95,2,,,,,,,,2,,,,,,,,,,,,,,,11,230.445.251.711.799
589985,1,2,11,95,2,,,,,,,,2,,,,,,,,,,,,,,,11,230.445.251.711.799
589985,1,3,11,95,2,,,,,,,,2,,,,,,,,,,,,,,,11,230.445.251.711.799
589986,1,1,11,95,2,,,,,,,,2,,,,,,,,,,,,,,,11,322.953.481.354.352
589986,1,2,11,95,2,,,,,,,,2,,,,,,,,,,,,,,,11,322.953.481.354.352
589986,1,3,11,95,2,,,,,,,,1,2,,2,,,,,,1200000,2,1,2,,2,11,322.953.481.354.352
589986,1,4,11,95,2,,,,,,,,2,,,,,,,,,,,,,,,11,322.953.481.354.352
589986,1,8,11,95,2,,,,,,,,2,,,,,,,,,,,,,,,11,322.953.481.354.352
589986,1,9,11,95,2,,,,,,,,2,,,,,,,,,,,,,,,11,322.953.481.354.352
589987,1,1,11,95,2,,,,,,,,1,2,,2,,,,,,2500000,2,1,2,,2,11,210.422.091.709.256
589990,1,1,11,95,2,,,,,,,,2,,,,,,,,,,,,,,,11,475.252.586.399.398
589990,1,2,11,95,2,,,,,,,,2,,,,,,,,,,,,,,,11,475.252.586.399.398
589991,1,1,11,95,2,,,,,,,,2,,,,,,,,,,,,,,,11,267.156.235.523.434
589991,1,2,11,95,2,,,,,,,,2,,,,,,,,,,,,,,,11,267.156.235.523.434
589991,1,3,11,95,2,,,,,,,,2,,,,,,,,,,,,,,,11,267.156.235.523.434
589992,1,1,11,95,2,,,,,,,,2,,,,,,,,,,,,,,,11,529.599.020.593.816
589992,1,2,11,95,2,,,,,,,,1,2,,1,,,150000,,,,2,2,2,,2,11,529.599.020.593.816
589993,1,1,11,95,2,,,,,,,,2,,,,,,,,,,,,,,,11,187.944.922.879.338
589993,1,2,11,95,2,,,,,,,,2,,,,,,,,,,,,,,,11,187.944.922.879.338
589993,2,1,11,95,2,,,,,,,,1,2,,2,,,,,,1500000,2,1,2,,2,11,187.944.922.879.338
589993,2,2,11,95,2,,,,,,,,1,2,,1,,,60000,,,,2,2,2,,2,11,187.944.922.879.338
589993,2,3,11,95,2,,,,,,,,2,,,,,,,,,,,,,,,11,187.944.922.879.338
589994,1,1,11,95,1,,2,1,,1500000,,2,2,,,,,,,,,,,,,,,11,209.203.825.079.326
589994,1,2,11,95,2,,,,,,,,2,,,,,,,,,,,,,,,11,209.203.825.079.326
589994,1,3,11,95,2,,,,,,,,1,2,,1,,,12000000,,,,2,2,2,1000000,1,11,209.203.825.079.326
589994,1,4,11,95,2,,,,,,,,1,2,,1,,,180000,,,,2,2,2,,2,11,209.203.825.079.326
589995,1,1,11,95,1,,2,1,,433700,,2,1,2,,2,,,,,,600000,2,1,2,,2,11,190.412.513.914.185
589995,1,2,11,95,2,,,,,,,,2,,,,,,,,,,,,,,,11,190.412.513.914.185
589999,1,1,11,95,2,,,,,,,,2,,,,,,,,,,,,,,,11,235.269.567.973.173
590104,1,1,73,95,1,,1,2,,,650000,2,2,,,,,,,,,,,,,,,73,127.177.265.079.949
590104,1,2,73,95,2,,,,,,,,2,,,,,,,,,,,,,,,73,127.177.265.079.949
590104,1,3,73,95,2,,,,,,,,2,,,,,,,,,,,,,,,73,127.177.265.079.949
590104,1,4,73,95,2,,,,,,,,2,,,,,,,,,,,,,,,73,127.177.265.079.949
590104,1,5,73,95,2,,,,,,,,2,,,,,,,,,,,,,,,73,127.177.265.079.949
590104,1,6,73,95,2,,,,,,,,2,,,,,,,,,,,,,,,73,127.177.265.079.949
590104,1,7,73,95,2,,,,,,,,2,,,,,,,,,,,,,,,73,127.177.265.079.949
590105,1,1,73,95,2,,,,,,,,1,2,,2,,,,,,200000,2,1,2,,2,73,22.312.027.295.344
590106,1,1,73,95,2,,,,,,,,1,2,,2,,,,1700000,,,1,2,2,,2,73,181.225.782.298.131
590106,1,2,73,95,2,,,,,,,,1,2,,2,,,,,,300000,2,1,2,,2,73,181.225.782.298.131
590107,1,1,73,95,2,,,,,,,,2,,,,,,,,,,,,,,,73,153.261.282.470.442
590107,1,2,73,95,2,,,,,,,,2,,,,,,,,,,,,,,,73,153.261.282.470.442
590107,1,4,73,95,2,,,,,,,,2,,,,,,,,,,,,,,,73,153.261.282.470.442
590108,1,1,73,95,1,,2,1,,433700,,2,2,,,,,,,,,,,,,,,73,199.938.522.454.277
590108,1,2,73,95,2,,,,,,,,2,,,,,,,,,,,,,,,73,199.938.522.454.277
590108,1,3,73,95,2,,,,,,,,2,,,,,,,,,,,,,,,73,199.938.522.454.277
590109,1,1,73,95,2,,,,,,,,1,2,,2,,,,600000,,,1,2,2,,2,73,34.629.080.960.859
590109,1,2,73,95,2,,,,,,,,2,,,,,,,,,,,,,,,73,34.629.080.960.859
590109,1,3,73,95,2,,,,,,,,2,,,,,,,,,,,,,,,73,34.629.080.960.859
590109,1,4,73,95,2,,,,,,,,2,,,,,,,,,,,,,,,73,34.629.080.960.859
590109,2,1,73,95,2,,,,,,,,2,,,,,,,,,,,,,,,73,34.629.080.960.859
590109,3,1,73,95,2,,,,,,,,2,,,,,,,,,,,,,,,73,34.629.080.960.859
590110,1,1,73,95,2,,,,,,,,1,2,,2,,,,,,800000,2,1,2,,2,73,279.200.123.194.661
590110,1,2,73,95,2,,,,,,,,2,,,,,,,,,,,,,,,73,279.200.123.194.661
590110,1,3,73,95,2,,,,,,,,2,,,,,,,,,,,,,,,73,279.200.123.194.661
590111,1,1,73,95,2,,,,,,,,2,,,,,,,,,,,,,,,73,28.139.298.065.474
590111,1,2,73,95,2,,,,,,,,2,,,,,,,,,,,,,,,73,28.139.298.065.474
590111,1,3,73,95,2,,,,,,,,2,,,,,,,,,,,,,,,73,28.139.298.065.474
590111,2,1,73,95,2,,,,,,,,2,,,,,,,,,,,,,,,73,28.139.298.065.474
590111,2,2,73,95,2,,,,,,,,2,,,,,,,,,,,,,,,73,28.139.298.065.474
590114,1,1,73,95,1,,1,2,,,250000,2,2,,,,,,,,,,,,,,,73,22.312.027.295.344
590116,1,1,73,95,2,,,,,,,,1,2,,2,,,,,,600000,2,1,2,,2,73,562.494.091.243.508
590116,1,4,73,95,2,,,,,,,,1,2,,2,,,,,,,2,2,2,12500000,1,73,562.494.091.243.508
590116,1,5,73,95,2,,,,,,,,1,2,,2,,,,,,250000,2,1,2,,2,73,562.494.091.243.508
590117,1,1,73,95,1,,1,2,,,200000,2,2,,,,,,,,,,,,,,,73,421.747.579.580.444
590117,1,2,73,95,2,,,,,,,,2,,,,,,,,,,,,,,,73,421.747.579.580.444
590117,1,3,73,95,2,,,,,,,,1,2,,2,,,,1600000,,,1,2,2,,2,73,421.747.579.580.444
590117,1,4,73,95,2,,,,,,,,2,,,,,,,,,,,,,,,73,421.747.579.580.444
590118,1,1,73,95,2,,,,,,,,2,,,,,,,,,,,,,,,73,399.353.891.548.212
590118,1,2,73,95,2,,,,,,,,2,,,,,,,,,,,,,,,73,399.353.891.548.212
590118,1,3,73,95,2,,,,,,,,2,,,,,,,,,,,,,,,73,399.353.891.548.212
590118,1,4,73,95,2,,,,,,,,2,,,,,,,,,,,,,,,73,399.353.891.548.212
590119,1,1,73,95,2,,,,,,,,1,2,,2,,,,,,1000000,2,1,2,,2,73,173.203.683.179.805
590119,1,2,73,95,2,,,,,,,,2,,,,,,,,,,,,,,,73,173.203.683.179.805
590119,1,3,73,95,2,,,,,,,,2,,,,,,,,,,,,,,,73,173.203.683.179.805
590120,1,1,73,95,2,,,,,,,,1,2,,2,,,,,,1000000,2,1,2,440000,1,73,260.293.309.840.236
590120,1,2,73,95,2,,,,,,,,1,2,,2,,,,,,1000000,2,1,2,,2,73,260.293.309.840.236
590121,1,1,73,95,2,,,,,,,,2,,,,,,,,,,,,,,,73,102.203.766.398.647
590121,1,2,73,95,1,,2,1,,1100000,,2,1,2,,2,4800000,,,,,,2,2,1,,2,73,102.203.766.398.647
590121,1,3,73,95,2,,,,,,,,2,,,,,,,,,,,,,,,73,102.203.766.398.647
590121,1,4,73,95,2,,,,,,,,2,,,,,,,,,,,,,,,73,102.203.766.398.647
590121,1,5,73,95,2,,,,,,,,1,2,,2,1800000,,,,,,2,2,1,,2,73,102.203.766.398.647
590121,1,6,73,95,1,,2,1,,450000,,2,2,,,,,,,,,,,,,,,73,102.203.766.398.647
590122,1,1,73,95,2,,,,,,,,1,2,,2,2200000,,,,,,2,2,1,,2,73,221.469.048.894.901
590122,1,2,73,95,2,,,,,,,,2,,,,,,,,,,,,,,,73,221.469.048.894.901
590122,1,4,73,95,2,,,,,,,,2,,,,,,,,,,,,,,,73,221.469.048.894.901
590123,1,1,73,95,2,,,,,,,,2,,,,,,,,,,,,,,,73,202.671.669.265.781
590123,1,2,73,95,2,,,,,,,,2,,,,,,,,,,,,,,,73,202.671.669.265.781
590123,1,3,73,95,2,,,,,,,,2,,,,,,,,,,,,,,,73,202.671.669.265.781
590124,1,1,73,95,1,,2,1,,1500000,,2,2,,,,,,,,,,,,,,,73,176.841.411.428.088
590124,1,2,73,95,2,,,,,,,,2,,,,,,,,,,,,,,,73,176.841.411.428.088
590124,1,3,73,95,2,,,,,,,,2,,,,,,,,,,,,,,,73,176.841.411.428.088
590124,1,4,73,95,2,,,,,,,,2,,,,,,,,,,,,,,,73,176.841.411.428.088
590125,1,1,73,95,2,,,,,,,,1,2,,2,,,,,,6000000,2,1,2,,2,73,159.127.757.319.199
590127,1,1,73,95,2,,,,,,,,2,,,,,,,,,,,,,,,73,301.580.007.662.229
590127,1,2,73,95,2,,,,,,,,2,,,,,,,,,,,,,,,73,301.580.007.662.229
590127,1,3,73,95,2,,,,,,,,2,,,,,,,,,,,,,,,73,301.580.007.662.229
590127,1,4,73,95,2,,,,,,,,2,,,,,,,,,,,,,,,73,301.580.007.662.229
590128,1,1,73,95,2,,,,,,,,2,,,,,,,,,,,,,,,73,297.466.346.727.031
590128,1,2,73,95,2,,,,,,,,2,,,,,,,,,,,,,,,73,297.466.346.727.031
590128,1,3,73,95,2,,,,,,,,2,,,,,,,,,,,,,,,73,297.466.346.727.031
590129,1,1,73,95,2,,,,,,,,2,,,,,,,,,,,,,,,73,139.069.714.962.651
590129,1,2,73,95,2,,,,,,,,2,,,,,,,,,,,,,,,73,139.069.714.962.651
590129,1,3,73,95,2,,,,,,,,2,,,,,,,,,,,,,,,73,139.069.714.962.651
590129,1,4,73,95,2,,,,,,,,2,,,,,,,,,,,,,,,73,139.069.714.962.651
590130,1,1,73,95,2,,,,,,,,1,2,,2,,,,,,500000,2,1,2,,2,73,259.097.735.660.147
590130,1,2,73,95,2,,,,,,,,2,,,,,,,,,,,,,,,73,259.097.735.660.147
590130,1,3,73,95,2,,,,,,,,2,,,,,,,,,,,,,,,73,259.097.735.660.147
590131,1,1,73,95,2,,,,,,,,2,,,,,,,,,,,,,,,73,308.161.906.302.341
590131,1,2,73,95,2,,,,,,,,2,,,,,,,,,,,,,,,73,308.161.906.302.341
590131,1,3,73,95,2,,,,,,,,2,,,,,,,,,,,,,,,73,308.161.906.302.341
590131,1,4,73,95,2,,,,,,,,2,,,,,,,,,,,,,,,73,308.161.906.302.341
590131,1,8,73,95,2,,,,,,,,2,,,,,,,,,,,,,,,73,308.161.906.302.341
590132,1,1,73,95,2,,,,,,,,2,,,,,,,,,,,,,,,73,21.501.353.436.214
590132,1,2,73,95,2,,,,,,,,2,,,,,,,,,,,,,,,73,21.501.353.436.214
590132,1,3,73,95,2,,,,,,,,2,,,,,,,,,,,,,,,73,21.501.353.436.214
590134,1,1,73,95,2,,,,,,,,2,,,,,,,,,,,,,,,73,22.576.878.029.197
590134,1,2,73,95,2,,,,,,,,2,,,,,,,,,,,,,,,73,22.576.878.029.197
590135,1,1,73,95,2,,,,,,,,2,,,,,,,,,,,,,,,73,135.031.560.245.753
590135,1,2,73,95,2,,,,,,,,2,,,,,,,,,,,,,,,73,135.031.560.245.753
590135,1,3,73,95,2,,,,,,,,2,,,,,,,,,,,,,,,73,135.031.560.245.753
590135,1,4,73,95,2,,,,,,,,2,,,,,,,,,,,,,,,73,135.031.560.245.753
590136,1,1,73,95,2,,,,,,,,2,,,,,,,,,,,,,,,73,1.774.942.813.222
590136,1,2,73,95,2,,,,,,,,2,,,,,,,,,,,,,,,73,1.774.942.813.222
590136,1,3,73,95,2,,,,,,,,2,,,,,,,,,,,,,,,73,1.774.942.813.222
590136,1,4,73,95,2,,,,,,,,2,,,,,,,,,,,,,,,73,1.774.942.813.222
590137,1,1,73,95,2,,,,,,,,1,2,,2,,,,,,3000000,2,1,2,,2,73,215.258.160.660.265
590137,1,3,73,95,2,,,,,,,,2,,,,,,,,,,,,,,,73,215.258.160.660.265
590138,1,1,73,95,2,,,,,,,,2,,,,,,,,,,,,,,,73,177.840.497.475.345
590138,1,2,73,95,2,,,,,,,,2,,,,,,,,,,,,,,,73,177.840.497.475.345
590139,1,1,73,95,2,,,,,,,,2,,,,,,,,,,,,,,,73,236.965.624.308.086
590139,1,2,73,95,2,,,,,,,,2,,,,,,,,,,,,,,,73,236.965.624.308.086
590140,1,1,73,95,2,,,,,,,,2,,,,,,,,,,,,,,,73,158.128.671.271.942
590140,1,2,73,95,2,,,,,,,,2,,,,,,,,,,,,,,,73,158.128.671.271.942
590140,1,3,73,95,2,,,,,,,,2,,,,,,,,,,,,,,,73,158.128.671.271.942
590141,1,1,73,95,2,,,,,,,,1,2,,2,,,,,,8400000,2,1,2,,2,73,192.507.265.787.221
590142,1,1,73,95,2,,,,,,,,1,2,,1,,,200000,,,,2,2,2,,2,73,139.415.931.115.796
590142,1,2,73,95,2,,,,,,,,1,2,,1,,,800000,,,1800000,2,1,2,,2,73,139.415.931.115.796
590143,1,1,73,95,2,,,,,,,,2,,,,,,,,,,,,,,,73,236.756.209.933.252
590143,1,2,73,95,2,,,,,,,,2,,,,,,,,,,,,,,,73,236.756.209.933.252
590143,1,3,73,95,2,,,,,,,,1,2,,1,,,200000,,,,2,2,2,,2,73,236.756.209.933.252
590143,1,4,73,95,2,,,,,,,,2,,,,,,,,,,,,,,,73,236.756.209.933.252
590143,1,5,73,95,2,,,,,,,,2,,,,,,,,,,,,,,,73,236.756.209.933.252
590143,1,6,73,95,2,,,,,,,,1,2,,1,,,433700,,,,2,2,2,,2,73,236.756.209.933.252
590143,1,7,73,95,2,,,,,,,,2,,,,,,,,,,,,,,,73,236.756.209.933.252
590143,1,8,73,95,2,,,,,,,,2,,,,,,,,,,,,,,,73,236.756.209.933.252
590144,1,1,73,95,2,,,,,,,,2,,,,,,,,,,,,,,,73,271.143.937.703.207
590144,1,2,73,95,2,,,,,,,,2,,,,,,,,,,,,,,,73,271.143.937.703.207
590144,1,3,73,95,2,,,,,,,,2,,,,,,,,,,,,,,,73,271.143.937.703.207
590144,1,5,73,95,1,,1,2,,,120000,2,2,,,,,,,,,,,,,,,73,271.143.937.703.207
590146,1,1,73,95,2,,,,,,,,1,2,,2,,,,,,2400000,2,1,2,,2,73,259.801.158.654.104
590146,1,2,73,95,2,,,,,,,,2,,,,,,,,,,,,,,,73,259.801.158.654.104
590147,1,1,73,95,2,,,,,,,,2,,,,,,,,,,,,,,,73,192.422.626.314.247
590147,1,2,73,95,2,,,,,,,,1,2,,1,,,433700,,,,2,2,2,,2,73,192.422.626.314.247
590148,1,1,73,95,2,,,,,,,,2,,,,,,,,,,,,,,,73,24.456.615.992.109
590148,1,2,73,95,2,,,,,,,,2,,,,,,,,,,,,,,,73,24.456.615.992.109
590149,1,1,73,95,2,,,,,,,,2,,,,,,,,,,,,,,,73,203.619.470.330.363
590149,1,2,73,95,2,,,,,,,,2,,,,,,,,,,,,,,,73,203.619.470.330.363
590151,1,1,73,95,2,,,,,,,,2,,,,,,,,,,,,,,,73,22.312.027.295.344
590152,1,1,73,95,2,,,,,,,,2,,,,,,,,,,,,,,,73,262.618.385.048.992
590152,1,2,73,95,2,,,,,,,,2,,,,,,,,,,,,,,,73,262.618.385.048.992
590152,1,3,73,95,2,,,,,,,,2,,,,,,,,,,,,,,,73,262.618.385.048.992
590152,1,4,73,95,2,,,,,,,,1,2,,2,,,,,,840000,2,1,2,,2,73,262.618.385.048.992
590153,1,1,73,95,2,,,,,,,,2,,,,,,,,,,,,,,,73,362.451.564.596.262
590153,1,2,73,95,2,,,,,,,,2,,,,,,,,,,,,,,,73,362.451.564.596.262
590154,1,1,73,95,1,,2,1,,1169568,,2,2,,,,,,,,,,,,,,,73,399.372.158.057.561
590154,1,2,73,95,2,,,,,,,,2,,,,,,,,,,,,,,,73,399.372.158.057.561
590155,1,1,73,95,1,,1,1,,433700,250000,2,2,,,,,,,,,,,,,,,73,48.316.113.936.818
590157,1,1,73,95,2,,,,,,,,2,,,,,,,,,,,,,,,73,268.871.577.807.596
590157,1,2,73,95,2,,,,,,,,2,,,,,,,,,,,,,,,73,268.871.577.807.596
590157,1,3,73,95,2,,,,,,,,2,,,,,,,,,,,,,,,73,268.871.577.807.596
590157,2,1,73,95,1,,2,2,120000,,,1,1,2,,2,,,,,,800000,2,1,2,,2,73,268.871.577.807.596
590158,1,1,73,95,2,,,,,,,,2,,,,,,,,,,,,,,,73,267.317.054.794.134
590158,1,2,73,95,2,,,,,,,,2,,,,,,,,,,,,,,,73,267.317.054.794.134
590158,1,3,73,95,2,,,,,,,,2,,,,,,,,,,,,,,,73,267.317.054.794.134
590159,1,1,73,95,1,,2,1,,1800000,,2,2,,,,,,,,,,,,,,,73,173.119.043.706.831
590159,1,2,73,95,2,,,,,,,,2,,,,,,,,,,,,,,,73,173.119.043.706.831
590159,1,3,73,95,2,,,,,,,,2,,,,,,,,,,,,,,,73,173.119.043.706.831
590159,1,4,73,95,2,,,,,,,,2,,,,,,,,,,,,,,,73,173.119.043.706.831
590160,1,1,73,95,2,,,,,,,,1,2,,2,,,,,,400000,2,1,2,,2,73,13.603.064.629.301
590160,1,2,73,95,2,,,,,,,,2,,,,,,,,,,,,,,,73,13.603.064.629.301
590161,1,1,73,95,1,,1,2,,,400000,2,2,,,,,,,,,,,,,,,73,204.061.316.644.149
590161,1,2,73,95,2,,,,,,,,2,,,,,,,,,,,,,,,73,204.061.316.644.149
590162,1,1,73,95,2,,,,,,,,2,,,,,,,,,,,,,,,73,199.887.969.354.432
590162,1,2,73,95,2,,,,,,,,2,,,,,,,,,,,,,,,73,199.887.969.354.432
590162,1,3,73,95,2,,,,,,,,2,,,,,,,,,,,,,,,73,199.887.969.354.432
590162,1,4,73,95,2,,,,,,,,2,,,,,,,,,,,,,,,73,199.887.969.354.432
590165,1,1,73,95,1,,1,1,,433700,200000,2,2,,,,,,,,,,,,,,,73,173.203.683.179.805
590165,1,2,73,95,1,,2,1,,1600000,,2,2,,,,,,,,,,,,,,,73,173.203.683.179.805
590165,1,3,73,95,2,,,,,,,,2,,,,,,,,,,,,,,,73,173.203.683.179.805
590167,1,1,73,95,2,,,,,,,,1,2,,2,,,,,,1200000,2,1,2,,2,73,159.127.757.319.199
590168,1,1,73,95,2,,,,,,,,1,2,,2,,,,,,1500000,2,1,2,,2,73,251.041.550.168.693
590168,1,2,73,95,2,,,,,,,,2,,,,,,,,,,,,,,,73,251.041.550.168.693
590168,1,3,73,95,2,,,,,,,,2,,,,,,,,,,,,,,,73,251.041.550.168.693
590168,1,4,73,95,2,,,,,,,,2,,,,,,,,,,,,,,,73,251.041.550.168.693
590169,1,1,73,95,2,,,,,,,,2,,,,,,,,,,,,,,,73,192.422.626.314.247
590169,1,2,73,95,2,,,,,,,,2,,,,,,,,,,,,,,,73,192.422.626.314.247
590170,1,1,73,95,2,,,,,,,,2,,,,,,,,,,,,,,,73,158.781.541.166.054
590170,1,2,73,95,2,,,,,,,,1,2,,2,,,,,,2400000,2,1,2,,2,73,158.781.541.166.054
590170,1,3,73,95,2,,,,,,,,2,,,,,,,,,,,,,,,73,158.781.541.166.054
590171,1,1,73,95,2,,,,,,,,2,,,,,,,,,,,,,,,73,222.774.056.800.295
590171,1,2,73,95,2,,,,,,,,2,,,,,,,,,,,,,,,73,222.774.056.800.295
590171,1,3,73,95,2,,,,,,,,1,1,,2,,,,,240000,,2,2,2,,2,73,222.774.056.800.295
590172,1,1,73,95,2,,,,,,,,2,,,,,,,,,,,,,,,73,200.676.031.821.363
590172,1,2,73,95,2,,,,,,,,2,,,,,,,,,,,,,,,73,200.676.031.821.363
590173,1,1,73,95,2,,,,,,,,2,,,,,,,,,,,,,,,73,196.300.794.205.995
590173,1,2,73,95,2,,,,,,,,1,2,,2,,,,,,2700000,2,1,2,,2,73,196.300.794.205.995
590686,1,1,11,95,2,,,,,,,,2,,,,,,,,,,,,,,,11,131.210.779.065.159
590686,1,2,11,95,2,,,,,,,,2,,,,,,,,,,,,,,,11,131.210.779.065.159
590686,1,3,11,95,2,,,,,,,,2,,,,,,,,,,,,,,,11,131.210.779.065.159
590687,1,1,11,95,2,,,,,,,,2,,,,,,,,,,,,,,,11,332.145.128.676.939
590687,1,2,11,95,2,,,,,,,,2,,,,,,,,,,,,,,,11,332.145.128.676.939
590687,1,3,11,95,2,,,,,,,,2,,,,,,,,,,,,,,,11,332.145.128.676.939
590688,1,1,11,95,1,,1,2,,,500000,2,2,,,,,,,,,,,,,,,11,220.831.496.942.328
590688,1,2,11,95,2,,,,,,,,2,,,,,,,,,,,,,,,11,220.831.496.942.328
590688,1,3,11,95,2,,,,,,,,2,,,,,,,,,,,,,,,11,220.831.496.942.328
590688,1,4,11,95,2,,,,,,,,2,,,,,,,,,,,,,,,11,220.831.496.942.328
590688,1,5,11,95,2,,,,,,,,2,,,,,,,,,,,,,,,11,220.831.496.942.328
590689,1,1,11,95,2,,,,,,,,2,,,,,,,,,,,,,,,11,246.996.364.513.421
590689,1,2,11,95,2,,,,,,,,1,2,,2,,,,,,1050000,2,1,2,,2,11,246.996.364.513.421
590690,1,1,11,95,2,,,,,,,,2,,,,,,,,,,,,,,,11,305.263.909.956.134
590690,1,2,11,95,2,,,,,,,,2,,,,,,,,,,,,,,,11,305.263.909.956.134
590690,1,5,11,95,2,,,,,,,,2,,,,,,,,,,,,,,,11,305.263.909.956.134
590691,1,1,11,95,2,,,,,,,,2,,,,,,,,,,,,,,,11,361.675.071.000.675
590691,1,2,11,95,2,,,,,,,,2,,,,,,,,,,,,,,,11,361.675.071.000.675
590691,1,3,11,95,2,,,,,,,,2,,,,,,,,,,,,,,,11,361.675.071.000.675
590691,1,4,11,95,2,,,,,,,,2,,,,,,,,,,,,,,,11,361.675.071.000.675
590692,1,1,11,95,1,,2,1,,450000,,2,2,,,,,,,,,,,,,,,11,127.639.572.884.122
590692,1,2,11,95,2,,,,,,,,2,,,,,,,,,,,,,,,11,127.639.572.884.122
590692,1,3,11,95,2,,,,,,,,2,,,,,,,,,,,,,,,11,127.639.572.884.122
590693,1,1,11,95,2,,,,,,,,2,,,,,,,,,,,,,,,11,218.246.912.020.084
590693,1,2,11,95,2,,,,,,,,2,,,,,,,,,,,,,,,11,218.246.912.020.084
590693,1,3,11,95,2,,,,,,,,2,,,,,,,,,,,,,,,11,218.246.912.020.084
590693,1,4,11,95,2,,,,,,,,2,,,,,,,,,,,,,,,11,218.246.912.020.084
590693,1,6,11,95,2,,,,,,,,1,2,,2,,,,,,150000,2,1,2,,2,11,218.246.912.020.084
590694,1,1,11,95,2,,,,,,,,1,2,,1,,,900000,,,,2,2,2,,2,11,339.618.168.541.243
590694,1,2,11,95,2,,,,,,,,2,,,,,,,,,,,,,,,11,339.618.168.541.243
590695,1,1,11,95,2,,,,,,,,2,,,,,,,,,,,,,,,11,107.088.486.164.287
590695,1,2,11,95,2,,,,,,,,2,,,,,,,,,,,,,,,11,107.088.486.164.287
590696,1,1,11,95,2,,,,,,,,2,,,,,,,,,,,,,,,11,932.641.696.266.795
590696,1,2,11,95,2,,,,,,,,2,,,,,,,,,,,,,,,11,932.641.696.266.795
590697,1,1,11,95,2,,,,,,,,2,,,,,,,,,,,,,,,11,222.299.181.464.447
590697,1,2,11,95,2,,,,,,,,2,,,,,,,,,,,,,,,11,222.299.181.464.447
590697,1,3,11,95,2,,,,,,,,2,,,,,,,,,,,,,,,11,222.299.181.464.447
590697,1,4,11,95,2,,,,,,,,2,,,,,,,,,,,,,,,11,222.299.181.464.447
590698,1,1,11,95,2,,,,,,,,2,,,,,,,,,,,,,,,11,197.655.379.148.459
590698,1,2,11,95,2,,,,,,,,2,,,,,,,,,,,,,,,11,197.655.379.148.459
590698,2,1,11,95,2,,,,,,,,2,,,,,,,,,,,,,,,11,197.655.379.148.459
590698,2,2,11,95,2,,,,,,,,2,,,,,,,,,,,,,,,11,197.655.379.148.459
590699,1,1,11,95,2,,,,,,,,2,,,,,,,,,,,,,,,11,284.809.088.091.978
590700,1,1,11,95,2,,,,,,,,2,,,,,,,,,,,,,,,11,230.445.251.711.799
590700,1,2,11,95,2,,,,,,,,2,,,,,,,,,,,,,,,11,230.445.251.711.799
590700,1,3,11,95,2,,,,,,,,2,,,,,,,,,,,,,,,11,230.445.251.711.799
590701,1,1,11,95,2,,,,,,,,2,,,,,,,,,,,,,,,11,220.924.887.183.134
590702,1,1,11,95,2,,,,,,,,2,,,,,,,,,,,,,,,11,293.537.113.415.886
590702,1,2,11,95,2,,,,,,,,2,,,,,,,,,,,,,,,11,293.537.113.415.886
590703,1,1,11,95,1,,2,1,,414000,,2,2,,,,,,,,,,,,,,,11,229.213.402.874.396
590703,1,2,11,95,1,,1,2,,,200000,2,2,,,,,,,,,,,,,,,11,229.213.402.874.396
590703,1,3,11,95,2,,,,,,,,2,,,,,,,,,,,,,,,11,229.213.402.874.396
590704,1,1,11,95,2,,,,,,,,2,,,,,,,,,,,,,,,11,219.150.117.033.163
590704,1,2,11,95,2,,,,,,,,2,,,,,,,,,,,,,,,11,219.150.117.033.163
590705,1,1,11,95,1,,2,1,,2000000,,2,2,,,,,,,,,,,,,,,11,190.176.678.229.469
590705,1,2,11,95,2,,,,,,,,2,,,,,,,,,,,,,,,11,190.176.678.229.469
590705,1,3,11,95,2,,,,,,,,2,,,,,,,,,,,,,,,11,190.176.678.229.469
590706,1,1,11,95,2,,,,,,,,2,,,,,,,,,,,,,,,11,546.389.197.978.089
590706,1,2,11,95,2,,,,,,,,2,,,,,,,,,,,,,,,11,546.389.197.978.089
590706,1,3,11,95,2,,,,,,,,1,2,,2,,,,,,1140000,2,1,2,,2,11,546.389.197.978.089
590706,1,5,11,95,2,,,,,,,,2,,,,,,,,,,,,,,,11,546.389.197.978.089
590707,1,1,11,95,2,,,,,,,,1,2,,1,,,1300000,,,,2,2,2,,2,11,98.334.151.857.802
590707,1,2,11,95,2,,,,,,,,2,,,,,,,,,,,,,,,11,98.334.151.857.802
590707,1,3,11,95,2,,,,,,,,2,,,,,,,,,,,,,,,11,98.334.151.857.802
590707,1,5,11,95,2,,,,,,,,2,,,,,,,,,,,,,,,11,98.334.151.857.802
590707,1,6,11,95,2,,,,,,,,1,2,,2,,,,,,,2,2,2,420000,1,11,98.334.151.857.802
590708,1,1,11,95,2,,,,,,,,1,2,,2,,,,,,2500000,2,1,2,,2,11,239.505.814.220.072
590708,1,2,11,95,2,,,,,,,,2,,,,,,,,,,,,,,,11,239.505.814.220.072
590708,2,1,11,95,2,,,,,,,,1,2,,1,,,72000,,,,2,2,2,,2,11,239.505.814.220.072
590708,2,2,11,95,2,,,,,,,,2,,,,,,,,,,,,,,,11,239.505.814.220.072
590709,1,1,11,95,2,,,,,,,,2,,,,,,,,,,,,,,,11,288.712.797.154.512
590709,1,2,11,95,2,,,,,,,,2,,,,,,,,,,,,,,,11,288.712.797.154.512
590709,1,3,11,95,2,,,,,,,,2,,,,,,,,,,,,,,,11,288.712.797.154.512
590709,1,4,11,95,2,,,,,,,,2,,,,,,,,,,,,,,,11,288.712.797.154.512
590710,1,1,11,95,1,,1,2,,,350000,2,2,,,,,,,,,,,,,,,11,239.952.034.032.991
590710,1,2,11,95,2,,,,,,,,1,2,,2,,,,,,,2,2,2,900000,1,11,239.952.034.032.991
590711,1,1,11,95,2,,,,,,,,2,,,,,,,,,,,,,,,11,352.596.998.063.356
590711,1,2,11,95,2,,,,,,,,2,,,,,,,,,,,,,,,11,352.596.998.063.356
590711,1,4,11,95,2,,,,,,,,2,,,,,,,,,,,,,,,11,352.596.998.063.356
590711,1,5,11,95,2,,,,,,,,2,,,,,,,,,,,,,,,11,352.596.998.063.356
590712,1,1,11,95,2,,,,,,,,2,,,,,,,,,,,,,,,11,239.952.034.032.991
590712,1,2,11,95,2,,,,,,,,2,,,,,,,,,,,,,,,11,239.952.034.032.991
590713,1,1,11,95,1,,1,2,,,550000,2,2,,,,,,,,,,,,,,,11,239.952.034.032.991
590713,1,2,11,95,2,,,,,,,,2,,,,,,,,,,,,,,,11,239.952.034.032.991
590714,1,1,11,95,2,,,,,,,,2,,,,,,,,,,,,,,,11,381.667.246.609.984
590714,1,2,11,95,2,,,,,,,,2,,,,,,,,,,,,,,,11,381.667.246.609.984
590714,1,3,11,95,2,,,,,,,,2,,,,,,,,,,,,,,,11,381.667.246.609.984
590714,1,4,11,95,2,,,,,,,,2,,,,,,,,,,,,,,,11,381.667.246.609.984
590714,2,1,11,95,2,,,,,,,,2,,,,,,,,,,,,,,,11,381.667.246.609.984
590715,1,1,11,95,2,,,,,,,,1,2,,2,,,,,,2000000,2,1,2,800000,1,11,229.652.912.507.041
590715,1,2,11,95,2,,,,,,,,2,,,,,,,,,,,,,,,11,229.652.912.507.041
590716,1,1,11,95,2,,,,,,,,2,,,,,,,,,,,,,,,11,229.213.402.874.396
590716,1,2,11,95,2,,,,,,,,2,,,,,,,,,,,,,,,11,229.213.402.874.396
590716,1,3,11,95,2,,,,,,,,2,,,,,,,,,,,,,,,11,229.213.402.874.396
590717,1,1,11,95,2,,,,,,,,2,,,,,,,,,,,,,,,11,199.683.460.550.661
590717,1,2,11,95,2,,,,,,,,2,,,,,,,,,,,,,,,11,199.683.460.550.661
590718,1,1,11,95,2,,,,,,,,2,,,,,,,,,,,,,,,11,310.880.565.422.265
590718,1,2,11,95,2,,,,,,,,2,,,,,,,,,,,,,,,11,310.880.565.422.265
590719,1,1,11,95,2,,,,,,,,2,,,,,,,,,,,,,,,11,77.754.856.449.233
590719,1,2,11,95,2,,,,,,,,2,,,,,,,,,,,,,,,11,77.754.856.449.233
590719,1,3,11,95,2,,,,,,,,2,,,,,,,,,,,,,,,11,77.754.856.449.233
590720,1,1,11,95,2,,,,,,,,2,,,,,,,,,,,,,,,11,829.578.920.511.468
590720,1,2,11,95,2,,,,,,,,2,,,,,,,,,,,,,,,11,829.578.920.511.468
590720,1,3,11,95,2,,,,,,,,2,,,,,,,,,,,,,,,11,829.578.920.511.468
590721,1,1,11,95,2,,,,,,,,2,,,,,,,,,,,,,,,11,932.641.696.266.795
590721,1,2,11,95,2,,,,,,,,2,,,,,,,,,,,,,,,11,932.641.696.266.795
590722,1,1,11,95,2,,,,,,,,2,,,,,,,,,,,,,,,11,645.779.970.534.307
590722,1,2,11,95,2,,,,,,,,2,,,,,,,,,,,,,,,11,645.779.970.534.307
590723,1,1,11,95,2,,,,,,,,2,,,,,,,,,,,,,,,11,829.578.920.511.468
590723,1,2,11,95,2,,,,,,,,2,,,,,,,,,,,,,,,11,829.578.920.511.468
590723,1,4,11,95,2,,,,,,,,2,,,,,,,,,,,,,,,11,829.578.920.511.468
590724,1,1,11,95,2,,,,,,,,2,,,,,,,,,,,,,,,11,101.885.450.562.373
590724,1,2,11,95,2,,,,,,,,2,,,,,,,,,,,,,,,11,101.885.450.562.373
590725,1,1,11,95,1,,2,1,,98,,2,2,,,,,,,,,,,,,,,11,202.040.185.777.187
590725,1,2,11,95,2,,,,,,,,2,,,,,,,,,,,,,,,11,202.040.185.777.187
590725,1,3,11,95,2,,,,,,,,2,,,,,,,,,,,,,,,11,202.040.185.777.187
590726,1,1,11,95,2,,,,,,,,2,,,,,,,,,,,,,,,11,24.788.772.015.214
590726,2,1,11,95,2,,,,,,,,2,,,,,,,,,,,,,,,11,24.788.772.015.214
590727,1,1,11,95,2,,,,,,,,2,,,,,,,,,,,,,,,11,269.362.667.535.017
590727,1,2,11,95,2,,,,,,,,2,,,,,,,,,,,,,,,11,269.362.667.535.017
590737,1,1,11,95,2,,,,,,,,2,,,,,,,,,,,,,,,11,570.530.034.688.407
590737,1,2,11,95,2,,,,,,,,2,,,,,,,,,,,,,,,11,570.530.034.688.407
590737,1,3,11,95,2,,,,,,,,2,,,,,,,,,,,,,,,11,570.530.034.688.407
590738,1,1,11,95,2,,,,,,,,1,2,,2,,,,900000,,,1,2,2,,2,11,837.577.297.877.541
590738,1,2,11,95,2,,,,,,,,2,,,,,,,,,,,,,,,11,837.577.297.877.541
590740,1,1,11,95,2,,,,,,,,2,,,,,,,,,,,,,,,11,287.165.813.318.505
590740,1,2,11,95,2,,,,,,,,2,,,,,,,,,,,,,,,11,287.165.813.318.505
590741,1,1,11,95,2,,,,,,,,2,,,,,,,,,,,,,,,11,199.683.460.550.661
590741,1,2,11,95,1,,1,2,,,250000,2,2,,,,,,,,,,,,,,,11,199.683.460.550.661
590744,1,1,11,95,2,,,,,,,,2,,,,,,,,,,,,,,,11,261.539.580.057.303
590744,1,2,11,95,2,,,,,,,,2,,,,,,,,,,,,,,,11,261.539.580.057.303
590744,1,3,11,95,2,,,,,,,,2,,,,,,,,,,,,,,,11,261.539.580.057.303
590744,1,4,11,95,2,,,,,,,,2,,,,,,,,,,,,,,,11,261.539.580.057.303
