DIRECTORIO;SECUENCIA_P;P5000;P5010;P5020;P5030;P5040;P5050;P5070;P5080;P5090;P5090S1;P5100;P5110;P5130;P5140;P5210S1;P5210S2;P5210S3;P5210S4;P5210S5;P5210S6;P5210S7;P5210S8;P5210S9;P5210S10;P5210S11;P5210S14;P5210S15;P5210S16;P5210S17;P5210S18;P5210S19;P5210S20;P5210S21;P5210S22;P5210S24;P5220;P5220S1;P6008;P6007;P6007S1;HOGAR;P4000;P4010;P4020;P4030S1;P4030S1A1;P4030S2;P4030S3;P4030S4;P4030S4A1;P4030S5;P4040;REGIS;AREA;MES;DPTO;fex_c_2011
4658854;1;1;1;5;1;1;1;1;3;3; ; ; ; ;320000;2;1;2;2;2;2;1;2;2;2;1;2;2;2;2;2;2;2;2;2;2;2; ;1;2; ;1;2;1;4;1;1;1;1;1;2;1;1;01;05;07;05;1076,18373218285
4658855;1;2;2;3;1;1;1;1;4;3; ; ; ; ;270000;2;1;2;1;1;1;1;2;2;2;1;2;1;2;2;2;2;2;2;2;2;1;2;4;2; ;1;2;1;2;1;1;2;1;1;3;1;1;01;05;07;05;1290,49223636341
4658856;1;5;2;1;1;1;1;1;3;2; ;650000;98;650000; ;1;1;1;1;1;1;1;2;2;2;1;2;2;1;2;2;1;2;2;1;2;1;2;2;2; ;1;1;1;4;1;2;1;1;1;2;1;1;01;05;07;05;1226,85176954135
4658857;1;4;3;1;1;1;1;1;4;4; ; ; ;400000; ;1;2;1;1;1;1;1;2;2;2;1;2;1;2;2;2;2;2;2;2;2;1;2;4;2; ;1;2;1;4;1;2;2;1;1;2;1;1;01;05;07;05;1245,47737272859
4658858;1;3;1;1;2;1;1;1;3;1; ; ;100000000;200000; ;2;2;2;2;1;2;1;2;2;2;2;2;2;2;2;2;2;2;2;2;2;2; ;1;2; ;1;2;1;4;1;2;1;1;1;2;1;1;01;05;07;05;1463,39054505098
4658858;2;2;2;1;2;1;1;1;4;3; ; ; ; ;200000;2;2;2;2;2;2;1;2;2;2;1;2;2;2;2;2;2;1;2;2;2;1;1;3;2; ;2;2;1;4;1;2;1;1;1;2;1;1;01;05;07;05;1463,39054505098
4658858;3;2;2;1;2;1;1;1;3;3; ; ; ; ;240000;2;2;2;2;2;2;1;2;2;2;1;2;2;2;2;2;2;2;2;2;2;1;2;2;2; ;3;2;1;4;1;2;1;1;1;2;1;1;01;05;07;05;1463,39054505098
4658859;1;2;1;1;1;1;1;3;3;4; ; ; ;350000; ;1;2;2;1;1;1;1;1;2;2;1;2;1;2;2;2;2;2;2;2;2;1;2;2;2; ;1;2;1;4;1;2;1;1;1;2;1;1;01;05;07;05;1168,373834668
4658860;1;4;3;1;1;1;1;1;3;3; ; ; ; ;650000;1;1;1;1;1;1;1;2;2;1;1;2;1;1;2;2;1;2;1;2;2;1;3;3;2; ;1;2;1;4;1;3;1;1;1;2;1;1;01;05;07;05;1086,66855074226
4658861;1;5;4;3;1;1;1;1;4;1; ; ;60000000;450000; ;1;1;1;1;1;1;1;1;1;1;1;1;2;2;2;2;2;2;1;2;2;1;3;5;2; ;1;2;1;6;1;1;2;2;1;3;1;1;01;05;07;05;970,53026691869
4658862;1;3;2;1;1;1;1;1;1;3; ; ; ; ;370000;2;1;2;2;1;1;1;2;2;2;1;2;2;2;2;2;2;2;2;2;2;1;1;4;2; ;1;2;1;4;1;2;2;1;1;2;1;1;01;05;07;05;1500,13009638359
4658863;1;4;2;1;1;1;1;1;3;1; ; ;98;98; ;1;2;2;2;1;1;1;2;2;2;1;2;2;2;2;2;2;2;2;2;2;2; ;2;2; ;1;2;1;4;1;2;1;1;1;3;1;1;01;05;07;05;1168,373834668
4658864;1;3;2;1;1;1;1;1;3;3; ; ; ; ;160000;2;1;2;1;1;2;1;2;2;2;1;2;2;2;2;2;2;2;2;2;2;1;1;5;2; ;1;1;1;4;1;2;1;1;1;2;1;1;01;05;07;05;1053,87516933778
4658865;1;3;2;1;1;1;1;1;3;4; ; ; ;350000; ;1;1;1;1;1;1;1;2;1;1;1;1;1;1;2;2;1;2;1;2;2;1;4;4;2; ;1;1;1;4;1;2;1;1;1;2;1;1;01;05;07;05;895,741893855846
4658866;1;4;3;1;1;1;1;1;3;1; ; ;70000000;450000; ;2;1;2;1;1;1;1;2;2;2;1;2;2;2;2;2;2;2;2;2;2;1;2;3;2; ;1;1;1;4;1;2;1;1;1;2;1;1;01;05;07;05;1072,52993299933
4658867;1;4;3;1;1;1;1;1;4;1; ; ;80000000;400000; ;1;1;2;1;1;1;1;1;1;2;1;1;1;2;2;2;2;2;2;2;2;1;1;4;2; ;1;2;1;4;1;2;2;1;1;2;1;1;01;05;07;05;1318,95627207998
4658868;1;3;2;1;2;1;1;1;3;4; ; ; ;400000; ;1;1;1;1;1;1;1;2;2;2;1;2;1;1;2;2;2;2;2;2;2;1;2;4;2; ;1;2;1;2;1;2;1;1;1;2;1;1;01;05;07;05;1599,00117845924
4658869;1;2;1;1;1;1;1;1;3;3; ; ; ; ;400000;2;1;1;2;1;1;1;2;2;2;1;2;2;2;2;2;2;2;2;2;2;1;2;2;2; ;1;2;1;4;1;2;1;1;1;2;1;1;01;05;07;05;1182,51245241093
4658870;1;2;1;1;2;1;1;1;3;1; ; ;40000000;300000; ;1;1;1;1;1;1;1;2;2;2;1;1;1;2;2;2;2;2;2;2;2;1;2;2;2; ;1;2;1;2;1;1;1;1;1;2;1;1;01;05;07;05;1168,373834668
4658871;1;2;1;1;1;1;1;1;4;4; ; ; ;400000; ;2;1;2;1;1;2;1;2;2;2;1;2;2;2;2;2;2;2;2;2;2;1;1;1;2; ;1;2;1;2;1;2;2;1;1;2;1;1;01;05;07;05;981,100976965104
4658872;1;3;1;1;1;1;1;1;4;3; ; ; ; ;70000;2;2;2;1;1;1;1;2;1;2;1;1;2;2;2;2;2;2;2;2;2;1;1;3;2; ;1;2;1;2;1;2;2;1;1;2;1;1;01;05;07;05;1397,58970301342
4658873;1;3;2;1;1;1;1;1;3;4; ; ; ;450000; ;2;1;1;1;1;1;1;1;1;2;1;1;1;1;2;2;2;2;2;2;2;2; ;2;2; ;1;1;1;4;1;2;1;1;1;2;1;1;01;05;07;05;1199,91418183323
4658874;1;2;2;1;1;1;1;1;1;3; ; ; ; ;350000;1;1;1;2;1;2;1;2;2;2;1;2;2;2;2;2;2;2;2;2;2;1;2;7;2; ;1;2;1;2;1;2;2;1;1;2;1;1;01;05;07;05;1173,59280608892
4658875;1;3;2;1;1;1;1;1;3;4; ; ; ;350000; ;2;1;2;1;1;1;1;2;1;2;1;2;1;2;2;2;2;2;2;2;2;1;4;4;2; ;1;2;1;2;1;2;1;1;1;2;1;1;01;05;07;05;990,824649073591
4658876;1;4;1;1;1;1;1;1;3;1; ; ;98;400000; ;1;1;2;2;1;1;1;2;2;2;1;1;1;2;2;2;2;2;2;2;2;1;2;2;2; ;1;2;1;2;1;2;1;1;1;2;1;1;01;05;07;05;1168,373834668
4658877;1;4;3;1;1;1;1;1;4;1; ; ;98;200000; ;1;1;1;1;1;1;1;2;2;2;1;2;1;2;2;2;2;2;2;2;2;1;3;5;2; ;1;1;1;4;1;2;2;1;1;2;1;1;01;05;07;05;1209,49896784691
4658878;1;4;1;1;1;1;1;1;4;4; ; ; ;700000; ;2;1;1;1;1;1;1;2;2;2;1;2;2;2;2;2;2;1;2;2;2;1;2;3;2; ;1;2;1;4;1;3;2;1;1;3;1;1;01;05;07;05;1142,93697935842
4658879;1;2;1;1;1;1;1;1;4;1; ; ;70000000;4000000; ;2;2;2;1;1;1;2;2;2;2;2;2;2;2;2;2;2;2;2;2;2;1;2;2;2; ;1;2;1;2;1;2;2;1;1;2;1;1;01;05;07;05;1209,45004011905
4658880;1;4;3;1;1;1;1;1;4;3; ; ; ; ;500000;1;1;1;1;1;1;1;2;2;1;1;1;1;1;2;2;2;2;2;2;2;1;5;5;2; ;1;2;1;4;1;3;2;1;1;2;1;1;01;05;07;05;873,376891538564
4658881;1;3;2;1;1;1;1;1;3;1; ; ;25000000;300000; ;2;2;2;1;1;1;1;2;1;2;1;2;1;1;2;2;2;1;2;2;2;1;1;2;2; ;1;2;1;4;1;2;1;1;1;2;1;1;01;05;07;05;972,874592390749
4658882;1;2;1;1;1;1;1;1;3;3; ; ; ; ;350000;2;2;2;1;1;1;1;1;2;1;1;2;1;1;2;2;2;2;1;2;2;1;2;2;2; ;1;2;1;4;1;2;1;1;1;2;1;1;01;05;07;05;1182,51245241093
4658883;1;3;3;1;1;1;1;1;3;3; ; ; ; ;350000;2;1;2;2;1;1;1;2;2;2;1;2;1;2;2;2;2;2;2;2;2;1;3;3;2; ;1;1;1;2;1;2;1;1;1;2;1;1;01;05;07;05;1131,00786787269
4658884;1;3;2;1;1;1;1;1;4;3; ; ; ; ;340000;2;2;2;1;1;1;1;1;2;2;1;1;1;2;2;2;2;2;2;2;2;1;2;3;2; ;1;2;1;2;1;2;2;1;1;2;1;1;01;05;07;05;1158,6210020852
4658885;1;1;1;1;1;1;1;1;4;4; ; ; ;300000; ;2;1;1;2;1;1;1;2;2;2;1;1;1;1;2;2;2;2;2;2;2;1;2;3;2; ;1;2;1;4;1;2;2;1;1;2;1;1;01;05;07;05;1341,32127439726
4658886;1;2;1;1;1;1;1;1;3;3; ; ; ; ;300000;2;1;2;1;1;1;1;2;2;2;1;1;1;1;2;2;2;2;2;2;2;1;2;3;2; ;1;2;1;4;1;2;1;1;1;2;1;1;01;05;07;05;1341,32127439726
4658887;1;6;2;1;1;1;1;1;1;1; ; ;98;600000; ;1;1;2;2;1;1;1;2;2;2;1;2;2;2;2;2;2;2;2;2;2;1;1;2;2; ;1;1;3;4;1;2;2;1;1;2;1;1;01;05;07;05;1226,85176954135
4658888;1;6;4;1;1;1;1;1;3;1; ; ;200000000;500000; ;1;1;1;1;1;1;1;1;1;1;1;2;1;1;2;2;2;2;2;2;2;1;5;6;2; ;1;2;1;4;1;2;1;1;1;2;1;1;01;05;07;05;710,063368864666
4658889;1;4;3;1;1;1;1;1;3;3; ; ; ; ;500000;2;1;2;1;1;1;1;2;2;2;1;2;1;2;2;2;2;2;2;2;2;1;2;4;2; ;1;2;1;4;1;2;1;1;1;2;1;1;01;05;07;05;1417,82735415563
4658890;1;2;2;1;1;1;1;1;3;1; ; ;900000000;450000; ;1;1;1;1;1;1;1;2;1;1;1;1;1;1;2;2;1;2;1;2;2;1;2;2;2; ;1;1;1;4;1;2;1;1;1;2;1;1;01;05;07;05;1150,97210524569
4658891;1;4;3;1;1;1;1;1;4;3; ; ; ; ;540000;1;1;1;1;1;1;1;2;1;1;1;2;1;1;2;2;1;2;1;2;1;1;3;4;2; ;1;2;1;4;1;3;2;1;1;3;1;1;01;05;07;05;1344,34845480424
4658892;1;3;2;1;1;1;1;1;4;4; ; ; ;300000; ;1;1;2;2;2;2;2;2;2;2;1;2;2;2;2;2;2;2;2;2;2;1;1;2;2; ;1;2;1;4;1;2;2;1;1;2;1;1;01;05;07;05;980,339830514181
4658894;1;4;1;1;1;1;1;1;3;3; ; ; ; ;700000;1;1;1;1;1;1;1;1;1;1;1;1;2;1;1;2;1;2;1;2;2;1;1;1;2; ;1;2;1;4;1;3;1;1;1;3;1;1;01;05;07;05;1163,80124927716
4658895;1;3;2;1;1;1;1;1;4;1; ; ;98;350000; ;1;1;1;1;1;1;1;2;2;2;1;1;1;1;2;2;2;2;2;2;2;1;1;2;1;1;1;2;1;4;1;2;2;1;1;2;1;1;01;05;07;05;972,874592390749
4658896;1;4;1;1;1;1;1;1;4;1; ; ;98;350000; ;1;1;2;1;1;1;1;1;1;1;1;2;2;2;2;2;2;2;2;2;2;1;2;2;2; ;1;2;1;4;1;2;2;1;1;2;1;1;01;05;07;05;1168,373834668
4658897;1;4;3;1;1;1;1;1;3;3; ; ; ; ;450000;2;2;1;1;1;1;1;2;2;2;2;2;2;2;2;2;2;2;1;2;2;1;4;4;2; ;1;1;1;4;1;2;1;1;1;2;1;1;01;05;07;05;1249,26569958649
4658898;1;5;3;1;1;1;1;1;3;3; ; ; ; ;465000;1;1;1;1;1;1;1;2;1;1;1;1;2;1;2;2;2;1;2;2;2;1;2;3;2; ;1;1;1;4;1;2;1;1;1;2;1;1;01;05;07;05;1457,59408589521
4658899;1;3;2;1;1;1;1;1;3;3; ; ; ; ;735000;1;1;1;2;1;2;1;2;2;1;1;1;1;2;2;2;2;2;2;2;2;1;2;2;2; ;1;2;1;4;1;2;1;1;1;2;1;1;01;05;07;05;1092,49417037234
4658900;1;8;5;1;1;1;1;1;3;1; ; ;117000000;600000; ;1;2;2;1;1;1;1;2;2;2;1;2;2;2;2;2;2;2;2;2;2;1;1;5;2; ;1;1;1;2;1;2;1;1;1;2;1;1;01;05;07;05;1124,95330374489
4658901;1;3;2;1;1;1;1;1;3;1; ; ;20000000;300000; ;1;1;1;1;1;1;1;2;2;2;1;2;1;2;2;2;2;2;2;2;2;1;2;2;2; ;1;2;1;4;1;2;1;1;1;2;1;1;01;05;07;05;1168,373834668
4658902;1;4;3;1;1;1;1;1;3;3; ; ; ; ;800000;2;1;1;1;1;1;1;1;2;1;1;2;1;2;2;2;1;2;2;2;2;1;2;3;2; ;1;2;1;4;1;3;1;1;1;2;1;1;01;05;07;05;1274,89381358316
4658903;1;4;3;1;1;1;1;1;3;1; ; ;100000000;600000; ;1;1;1;1;1;1;1;1;1;1;1;1;1;1;2;2;2;2;2;2;2;1;3;7;2; ;1;2;1;4;1;2;1;1;1;2;1;1;01;05;07;05;796,244193003661
4658904;1;4;3;1;1;1;1;1;3;4; ; ; ;98; ;1;1;1;1;1;1;1;2;1;2;1;2;2;1;2;2;1;1;2;2;2;1;2;3;2; ;1;2;1;4;1;3;1;1;1;2;1;1;01;05;07;05;1325,63725167047
4658905;1;3;2;1;1;1;1;3;3;3; ; ; ; ;650000;1;1;1;1;1;1;1;1;1;1;1;2;1;2;2;2;2;2;2;2;2;1;2;2;2; ;1;2;1;4;1;3;1;1;1;2;1;1;01;05;07;05;1092,49417037234
4658906;1;4;1;1;1;1;1;1;3;3; ; ; ; ;800000;2;1;1;1;1;2;1;2;1;1;1;2;2;1;2;2;2;2;2;1;2;1;1;1;2; ;1;1;1;4;1;3;1;1;1;2;1;1;01;05;07;05;1190,73883698528
4658907;1;4;3;1;1;1;1;1;3;3; ; ; ; ;700000;1;1;2;1;1;1;1;2;1;1;1;1;1;1;2;2;1;1;2;2;2;1;2;3;2; ;1;2;1;4;1;3;1;1;1;2;1;1;01;05;07;05;1245,56297267512
4658908;1;3;2;1;1;1;1;1;3;3; ; ; ; ;360000;2;2;1;1;1;1;1;1;2;2;1;2;1;2;2;2;2;1;2;1;2;1;1;2;2; ;1;2;1;4;1;2;1;1;1;2;1;1;01;05;07;05;1139,90979895144
4658909;1;2;1;1;1;1;1;1;3;3; ; ; ; ;430000;2;2;2;1;1;1;1;2;2;2;1;2;2;1;2;2;2;2;1;2;2;1;2;2;2; ;1;2;1;4;1;2;1;1;1;2;1;1;01;05;07;05;1182,51245241093
4658910;1;4;3;1;1;1;1;1;3;2; ;300000;30000000;600000; ;1;1;1;1;1;1;1;2;1;1;1;2;2;1;2;2;2;2;2;2;2;1;4;4;2; ;1;2;1;4;1;3;1;1;1;2;1;1;01;05;07;05;990,824649073591
4658911;1;4;2;1;1;1;1;1;3;1; ; ;150000000;800000; ;1;1;1;2;1;1;1;1;1;1;1;1;1;1;2;2;2;2;2;2;2;1;2;2;2; ;1;1;1;4;1;3;1;1;1;2;1;1;01;05;07;05;1067,95734760849
4658912;1;4;2;1;1;1;1;1;3;3; ; ; ; ;600000;1;1;1;1;1;1;1;1;2;2;1;1;1;1;2;2;1;2;2;2;2;1;3;3;2; ;1;2;1;4;1;3;1;1;1;2;1;1;01;05;07;05;1187,08503780176
4658913;1;4;2;1;1;1;1;1;3;3; ; ; ; ;700000;2;1;2;1;1;1;1;2;2;1;1;2;2;1;2;2;2;1;1;2;2;1;2;3;1;1;1;2;1;4;1;3;1;1;1;2;1;1;01;05;07;05;1358,72300381957
4658914;1;5;3;1;1;1;1;1;3;1; ; ;98;98; ;1;1;1;1;1;1;1;1;1;1;1;1;2;1;2;2;2;2;2;2;2;1;3;6;2; ;1;2;1;4;1;2;1;1;1;2;1;1;01;05;07;05;1428,31217271504
4658915;1;6;3;1;1;1;1;3;3;1; ; ;300000000;1200000; ;1;1;1;1;1;1;1;1;1;1;1;1;2;2;2;2;1;2;2;1;2;1;4;4;2; ;1;2;1;4;1;3;1;1;1;2;1;1;01;05;07;05;1120,38071835406
4658916;1;4;2;1;1;1;1;1;3;1; ; ;200000000;1000000; ;1;1;1;1;1;1;1;2;1;1;1;1;1;1;2;2;2;2;2;2;2;1;2;2;2; ;1;2;1;4;1;3;1;1;1;2;1;1;01;05;07;05;1168,373834668
4658917;1;3;1;1;1;1;1;1;3;3; ; ; ; ;900000;1;2;2;2;1;1;1;1;1;1;1;2;2;2;2;2;2;2;2;2;2;1;1;1;2; ;1;2;1;4;1;3;1;1;1;2;1;1;01;05;07;05;1208,14056640759
4658918;1;3;1;1;1;1;1;1;3;1; ; ;125000000;700000; ;1;1;1;1;1;1;1;2;1;2;1;1;1;1;2;2;2;2;1;1;2;1;2;2;2; ;1;2;1;4;1;2;1;1;1;2;1;1;01;05;07;05;1182,51245241093
4658919;1;2;1;1;1;1;1;1;3;3; ; ; ; ;620000;2;1;2;1;1;1;1;1;1;1;1;1;1;1;2;2;1;2;2;2;2;1;1;1;2; ;1;2;1;4;1;3;1;1;1;2;1;1;01;05;07;05;1190,73883698528
4658920;1;3;1;1;1;1;1;1;3;3; ; ; ; ;300000;2;1;2;1;1;1;1;2;2;2;1;1;1;2;2;2;2;2;2;2;2;1;2;2;2; ;1;2;1;2;1;3;1;1;1;2;1;1;01;05;07;05;1124,03451753757
4658921;1;3;2;1;1;1;1;1;3;4; ; ; ;600000; ;2;2;2;1;1;1;1;1;1;2;1;2;1;2;2;2;2;2;1;2;2;1;3;5;2; ;1;2;1;4;1;2;1;1;1;2;1;1;01;05;07;05;1476,21968908245
4658922;1;3;1;1;1;1;1;3;3;4; ; ; ;800000; ;1;1;1;1;1;1;1;2;1;1;1;2;2;1;2;2;1;2;1;2;2;1;2;2;2; ;1;2;1;4;1;3;1;1;1;2;1;1;01;05;07;05;1124,03451753757
4658923;1;4;3;1;1;1;1;1;3;2; ;900000;120000000;600000; ;1;1;2;1;1;1;1;2;2;2;1;2;1;1;2;2;2;2;2;2;2;1;2;3;2; ;1;2;1;4;1;2;1;1;1;2;1;1;01;05;07;05;1236,02711438931
4658924;1;4;1;1;1;1;1;1;1;1; ; ;98;600000; ;1;1;1;1;1;1;1;1;1;1;1;2;1;1;2;2;2;2;2;2;2;1;2;2;2; ;1;2;1;4;1;2;1;1;1;2;1;1;01;05;07;05;1168,373834668
4658925;1;1;1;1;1;1;1;1;4;3; ; ; ; ;200000;2;1;2;2;1;1;1;2;1;2;1;1;1;2;2;2;2;2;2;2;2;1;1;1;2; ;1;2;1;2;1;3;2;1;1;2;1;1;01;05;07;05;1163,80124927716
4658926;1;5;2;1;1;1;1;1;1;1; ; ;99;99; ;1;1;2;1;1;1;1;2;2;2;1;2;1;2;2;2;2;2;2;2;2;1;2;3;2; ;1;2;1;4;1;3;2;1;1;3;1;1;01;05;07;05;1128,60710292841
4658927;1;8;1;1;1;1;1;1;1;1; ; ;700000000;2500000; ;1;1;1;1;1;1;1;1;1;1;1;1;1;1;1;1;1;1;2;1;2;1;2;2;2; ;1;1;1;4;1;5;2;1;1;2;1;1;01;05;07;05;1124,03451753757
4658928;1;2;1;1;1;1;1;1;3;3; ; ; ; ;600000;2;2;1;2;1;1;1;2;2;2;1;2;2;1;2;2;2;2;2;2;2;1;2;2;2; ;1;2;1;4;1;3;1;1;1;3;1;1;01;05;07;05;999,812180098869
4658929;1;5;3;1;1;1;1;1;4;3; ; ; ; ;530000;1;1;1;1;1;1;1;2;2;2;1;1;1;1;2;2;1;1;2;1;2;1;3;4;2; ;1;2;1;4;1;3;2;1;1;3;1;1;01;05;07;05;1249,26569958649
4658930;1;4;2;1;1;1;1;1;3;1; ; ;98;300000; ;1;1;1;1;1;1;1;1;1;2;1;1;1;2;2;2;2;2;2;2;2;1;2;2;2; ;1;2;1;4;1;2;1;1;1;2;1;1;01;05;07;05;1226,85176954135
4658931;1;4;1;1;1;1;1;1;4;3; ; ; ; ;200000;2;1;2;1;1;1;1;2;2;2;1;1;1;2;2;2;2;2;2;2;2;1;1;1;2; ;1;2;1;4;1;2;2;1;1;2;1;1;01;05;07;05;1190,73883698528
4658932;1;4;1;1;1;1;1;3;3;1; ; ;220000000;1200000; ;1;1;1;1;1;1;1;2;1;2;1;2;2;2;2;2;2;2;2;2;2;1;1;1;2; ;1;2;1;4;1;3;1;1;1;3;1;1;01;05;07;05;1208,14056640759
4658933;1;3;2;1;1;1;1;1;3;3; ; ; ; ;1300000;2;2;1;1;1;1;1;1;2;1;1;1;2;1;2;2;1;1;2;1;2;1;2;2;2; ;1;2;1;4;1;5;1;1;1;2;1;1;01;05;07;05;1226,85176954135
4658934;1;4;2;1;1;1;1;1;3;2; ;420000;400000000;1000000; ;1;1;1;1;1;1;1;1;1;2;1;2;2;1;2;2;2;2;1;2;2;1;2;3;2; ;1;2;1;4;1;3;1;1;1;3;1;1;01;05;07;05;1440,19235647291
4658935;1;2;1;1;1;1;1;1;3;3; ; ; ; ;150000;2;1;2;1;1;1;1;2;2;2;1;2;2;2;2;2;2;2;2;2;2;1;1;1;2; ;1;2;1;4;1;2;1;1;1;2;1;1;01;05;07;05;1208,14056640759
4658936;1;4;3;1;1;1;1;1;3;1; ; ;98;600000; ;1;1;1;1;1;1;1;1;1;1;1;2;2;2;2;2;2;2;2;2;2;2; ;3;2; ;1;2;1;4;1;2;1;1;1;2;1;1;01;05;07;05;1160,14745009364
4658937;1;4;1;1;1;1;1;1;3;3; ; ; ; ;900000;1;1;1;1;1;1;1;2;1;1;1;2;1;1;2;2;2;2;2;2;2;1;1;1;2; ;1;2;1;4;1;3;1;1;1;3;1;1;01;05;07;05;1190,73883698528
4658938;1;3;2;1;1;1;1;1;4;3; ; ; ; ;380000;1;1;2;1;1;1;1;2;1;1;1;2;1;2;2;2;1;1;2;2;2;1;2;2;2; ;1;2;1;4;1;3;2;1;1;3;1;1;01;05;07;05;1199,91418183323
4658939;1;4;3;1;1;1;1;1;3;4; ; ; ;480000; ;2;2;1;1;1;1;1;2;2;2;1;1;1;1;2;2;2;2;1;2;2;1;3;3;2; ;1;2;1;2;1;2;1;1;1;2;1;1;01;05;07;05;694,330418410023
4658940;1;2;2;1;1;1;1;1;4;3; ; ; ; ;380000;1;1;1;1;1;1;1;2;2;2;1;2;2;2;2;2;1;1;2;2;2;1;3;3;2; ;1;2;1;4;1;3;2;1;1;3;1;1;01;05;07;05;826,287252634762
4658941;1;4;3;1;1;1;1;1;3;3; ; ; ; ;800000;1;1;1;1;1;1;1;1;1;1;1;1;1;1;2;2;2;2;2;1;2;1;3;3;2; ;1;2;1;4;1;3;1;1;1;3;1;1;01;05;07;05;991,585795524514
4658942;1;4;3;1;1;1;1;1;4;3; ; ; ; ;450000;1;1;1;1;1;1;1;1;2;1;1;1;1;1;2;2;2;2;1;2;2;1;3;4;2; ;1;2;1;4;1;3;2;1;1;3;1;1;01;05;07;05;1010,29699865828
4658943;1;3;1;1;1;1;1;3;3;3; ; ; ; ;550000;1;1;1;1;1;1;1;2;2;2;1;1;2;1;2;2;2;2;1;2;2;1;2;2;2; ;1;2;1;4;1;3;1;1;1;3;1;1;01;05;07;05;1182,51245241093
4658944;1;3;1;1;1;1;1;1;3;1; ; ;150000000;700000; ;1;1;1;1;1;1;1;1;1;1;1;2;1;2;2;2;2;2;2;2;2;1;2;2;2; ;1;2;1;4;1;3;1;1;1;3;1;1;01;05;07;05;1168,373834668
4658945;1;3;1;1;1;1;1;6; ;3; ; ; ; ;350000;2;2;2;2;2;2;2;2;2;2;2;2;2;2;2;2;2;2;2;2;2;1;1;1;2; ;1;2;1;4;1;2;1;1;1;2;1;1;01;05;07;05;1190,73883698528
4658946;1;4;2;1;1;1;1;1;3;1; ; ;70000000;550000; ;1;1;1;1;1;1;1;1;1;1;1;1;2;1;2;2;2;1;2;2;2;1;2;2;2; ;1;2;1;4;1;2;1;1;1;2;1;1;01;05;07;05;999,812180098869
4658947;1;3;2;1;1;1;1;1;3;3; ; ; ; ;750000;2;1;1;1;1;1;1;2;1;1;1;1;2;1;2;2;1;2;2;2;2;1;2;2;2; ;1;2;1;4;1;3;1;1;1;2;1;1;01;05;07;05;1322,61007126349
4658948;1;5;1;1;1;1;1;1;3;1; ; ;290000000;1000000; ;1;1;1;1;1;1;1;2;2;1;1;2;2;2;2;2;2;2;2;2;2;2; ;1;2; ;1;2;1;4;1;4;1;1;1;2;1;1;01;05;07;05;1208,14056640759
4658949;1;5;3;1;1;1;1;1;3;2; ;1450000;200000000;1000000; ;1;2;1;1;1;1;1;1;2;1;2;2;2;1;2;2;2;1;2;2;2;1;2;4;2; ;1;2;1;4;1;4;1;1;1;2;1;1;01;05;07;05;1599,00117845924
4658950;1;5;2;1;1;1;1;1;3;1; ; ;98;1300000; ;1;1;1;1;1;1;1;1;1;1;1;2;2;2;2;2;2;2;2;2;2;1;2;3;2; ;1;2;1;4;1;4;1;1;1;2;1;1;01;05;07;05;1187,08503780176
4658951;1;4;3;1;1;1;1;1;3;1; ; ;350000000;1500000; ;1;2;1;1;1;1;1;1;1;1;1;2;1;2;2;2;1;1;1;1;2;1;3;3;2; ;1;2;1;4;1;4;1;1;1;2;1;1;01;05;07;05;1187,08503780176
4658952;1;5;3;1;1;1;1;1;3;1; ; ;250000000;1200000; ;1;1;1;1;1;1;1;1;1;1;1;2;1;1;2;2;2;2;2;1;2;1;3;3;2; ;1;2;1;4;1;4;1;1;1;2;1;1;01;05;07;05;1191,68779725888
4658953;1;6;2;1;1;1;1;1;4;1; ; ;98;1300000; ;1;1;1;1;1;1;1;1;1;1;1;1;1;1;2;2;2;2;2;1;1;1;2;2;2; ;1;2;1;4;1;4;2;1;1;2;1;1;01;05;07;05;1168,373834668
4658954;1;4;3;1;1;1;1;1;3;1; ; ;98;98; ;1;1;1;1;1;1;1;1;1;1;1;2;2;2;2;2;2;2;2;2;2;1;2;3;2; ;1;2;1;4;1;4;1;1;1;2;1;1;01;05;07;05;504,49376247341
4658955;1;3;2;1;1;1;1;1;4;3; ; ; ; ;600000;2;2;2;2;2;1;1;2;2;2;2;2;2;2;2;2;2;2;2;2;2;1;1;2;2; ;1;2;1;4;1;5;2;1;1;2;1;1;01;05;07;05;885,257075296436
4658956;1;3;2;1;1;1;1;1;3;3; ; ; ; ;310000;2;1;1;1;1;1;1;2;1;2;1;1;1;1;2;2;2;2;1;2;2;1;4;4;2; ;1;2;1;2;1;1;1;1;1;2;1;1;01;05;07;05;1134,71059478406
4658957;1;3;2;1;1;1;1;1;3;1; ; ;40000000;350000; ;1;1;1;1;1;1;2;2;2;1;1;2;1;2;2;2;2;2;2;2;2;1;3;5;2; ;1;2;1;2;1;1;1;1;1;2;1;1;01;05;07;05;1506,94560364848
4658958;1;3;2;1;1;1;1;1;1;3; ; ; ; ;450000;1;1;1;1;1;1;1;2;2;2;1;1;1;1;2;2;2;1;1;2;2;1;4;4;2; ;1;2;1;4;1;2;2;1;1;2;1;1;01;05;07;05;895,741893855846
4658959;1;3;1;1;1;1;1;1;3;3; ; ; ; ;330000;2;2;2;1;1;1;1;1;2;1;1;1;2;1;2;2;2;2;1;2;2;1;1;1;2; ;1;2;1;2;1;1;1;1;1;2;1;1;01;05;07;05;1190,73883698528
4658960;1;3;2;1;1;1;1;1;3;4; ; ; ;300000; ;1;2;2;1;1;1;1;2;2;1;1;2;2;2;2;2;2;1;2;2;2;1;5;7;2; ;1;2;1;2;1;1;1;1;1;2;1;1;01;05;07;05;796,244193003661
4658961;1;3;2;1;1;1;1;1;3;3; ; ; ; ;400000;2;2;2;1;1;1;2;2;1;1;1;2;2;2;2;2;2;2;2;2;2;1;3;3;2; ;1;2;1;4;1;1;1;1;1;2;1;1;01;05;07;05;1086,66855074226
4658962;1;3;2;1;1;1;1;1;4;3; ; ; ; ;300000;2;1;2;2;1;2;1;2;2;2;1;1;2;2;2;2;2;2;2;2;2;1;2;4;2; ;1;2;1;2;1;1;2;1;1;2;1;1;01;05;07;05;895,741893855846
4658963;1;5;4;1;1;1;1;1;3;3; ; ; ; ;500000;1;1;1;1;1;1;1;2;2;2;1;2;2;2;2;2;2;2;2;2;2;1;3;12;2; ;1;2;1;4;1;1;1;1;1;2;1;1;01;05;07;05;2003,6661602219
4658964;1;2;2;1;1;1;1;1;4;3; ; ; ; ;330000;2;1;2;2;1;1;1;2;2;2;1;1;1;2;2;2;2;2;2;2;2;2; ;3;2; ;1;2;1;4;1;3;2;1;1;2;1;1;01;05;07;05;1440,19235647291
4658965;1;3;2;1;1;1;1;1;3;3; ; ; ; ;300000;2;1;2;2;1;1;1;2;2;1;1;2;2;2;2;2;2;2;2;2;2;1;3;5;2; ;1;2;1;2;1;3;1;1;1;2;1;1;01;05;07;05;1100,41648098105
4658966;1;3;2;1;1;1;1;1;3;3; ; ; ; ;350000;2;2;2;2;2;1;1;2;2;2;1;2;2;2;2;2;2;2;2;2;2;1;2;4;2; ;1;2;1;2;1;1;1;1;1;2;1;1;01;05;07;05;1377,43420695333
4658967;1;3;2;1;1;1;1;1;3;3; ; ; ; ;320000;2;1;2;2;1;1;1;2;1;2;1;2;2;2;2;2;2;1;2;2;2;1;2;4;2; ;1;2;1;2;1;3;1;1;1;2;1;1;01;05;07;05;1500,13009638359
4658968;1;4;2;1;1;1;1;1;3;1; ; ;210000000;800000; ;1;1;1;1;1;1;1;1;1;1;1;1;1;1;1;2;1;1;2;1;2;1;2;2;2; ;1;2;1;4;1;3;1;1;1;3;1;1;01;05;07;05;1182,51245241093
4658969;1;4;2;1;1;1;1;3;3;2; ;900000;240000000;1000000; ;2;1;2;1;1;1;1;2;1;1;1;2;2;1;2;2;2;1;2;1;2;1;2;2;2; ;1;2;1;4;1;3;1;1;1;3;1;1;01;05;07;05;1322,61007126349
4658970;1;4;3;1;1;1;1;1;3;1; ; ;100000000;600000; ;1;1;1;1;1;1;1;1;1;2;1;2;1;1;2;2;2;2;2;2;2;1;2;3;1;1;1;2;1;4;1;1;1;1;1;2;1;1;01;05;07;05;1325,63725167047
4658971;1;4;2;1;1;1;1;1;3;3; ; ; ; ;620000;1;1;1;1;1;1;1;1;2;2;1;1;1;1;2;2;2;2;2;2;2;1;3;3;2; ;1;2;1;4;1;3;1;1;1;3;1;1;01;05;07;05;1086,66855074226
4658972;1;2;2;1;1;1;1;1;4;3; ; ; ; ;552000;2;2;1;1;1;1;1;2;2;2;1;2;2;1;2;2;1;1;2;2;2;1;2;2;2; ;1;2;1;4;1;5;2;1;1;2;1;1;01;05;07;05;1182,51245241093
4658973;1;3;2;1;1;1;1;1;3;3; ; ; ; ;350000;1;1;1;1;1;1;1;1;2;1;1;1;1;1;2;2;2;1;1;2;2;1;3;4;2; ;1;2;1;4;1;3;1;1;1;2;1;1;01;05;07;05;990,824649073591
4658976;1;3;2;1;1;1;1;1;3;3; ; ; ; ;320000;2;1;2;2;1;2;1;2;1;2;1;2;2;2;2;2;2;2;2;2;2;1;2;4;2; ;1;2;1;2;1;3;1;1;1;2;1;1;01;05;07;05;1317,42982407153
4658977;1;3;1;3;1;1;1;1;3;3; ; ; ; ;340000;2;1;1;1;1;1;1;2;2;1;1;2;1;2;2;2;2;2;1;2;2;1;2;2;2; ;1;2;1;4;1;1;1;2;1;2;1;1;01;05;07;05;999,812180098869
4658978;1;2;1;1;1;1;1;1;3;3; ; ; ; ;300000;2;1;2;1;1;1;1;2;2;2;1;1;1;2;2;2;2;2;1;2;2;1;1;1;2; ;1;2;1;4;1;3;1;1;1;2;1;1;01;05;07;05;1190,73883698528
4658979;1;2;1;1;1;1;1;1;3;3; ; ; ; ;320000;2;2;1;1;1;1;1;2;2;2;1;2;2;1;2;2;2;2;1;2;2;1;3;3;2; ;1;2;1;4;1;1;1;1;1;2;1;1;01;05;07;05;991,585795524514
4658980;1;2;2;1;1;1;1;1;4;3; ; ; ; ;250000;1;1;1;1;1;1;1;2;2;2;1;2;1;1;2;2;2;2;2;2;2;1;1;4;2; ;1;2;1;4;1;3;2;1;1;2;1;1;01;05;07;05;1484,44607365681
4658981;1;1;1;1;1;1;1;6; ;3; ; ; ; ;200000;2;1;2;2;1;2;1;2;2;2;1;1;1;2;2;2;2;2;2;2;2;1;1;1;2; ;1;2;1;2;1;3;1;1;1;2;1;1;01;05;07;05;1163,80124927716
4658982;1;2;2;1;1;1;1;1;3;3; ; ; ; ;300000;2;1;2;1;2;2;1;2;2;2;1;1;1;2;2;2;2;1;2;2;2;1;1;2;2; ;1;2;1;4;1;3;1;1;1;2;1;1;01;05;07;05;1421,48115333914
4658983;1;4;2;1;1;1;1;1;3;1; ; ;98;600000; ;1;1;1;1;1;1;1;1;2;2;1;2;2;1;2;2;1;2;2;2;2;1;3;3;2; ;1;2;1;3;1;2;1;1;1;3;1;1;01;05;07;05;1086,66855074226
4658984;1;5;3;1;1;1;1;1;3;1; ; ;80000000;460000; ;2;1;1;1;1;1;1;2;1;2;1;1;1;1;2;2;2;2;1;2;2;1;3;3;2; ;1;2;1;4;1;3;1;1;1;2;1;1;01;05;07;05;991,585795524514
4658985;1;5;4;1;1;1;1;1;3;3; ; ; ; ;500000;1;1;1;1;1;2;1;2;1;1;1;1;2;2;2;2;2;2;1;2;2;1;4;5;2; ;1;2;1;4;1;2;1;1;1;3;1;1;01;05;07;05;1038,86669311539
4658986;1;1;1;1;1;1;1;1;4;3; ; ; ; ;350000;2;2;2;2;1;2;1;2;2;2;1;2;2;2;2;2;2;2;2;2;2;1;1;3;2; ;1;2;1;4;1;3;1;1;1;2;1;1;01;05;07;05;991,585795524514
4658987;1;4;2;1;1;1;1;1;3;3; ; ; ; ;540000;1;1;1;1;1;1;1;2;1;1;1;1;1;1;2;2;2;2;1;2;2;1;3;3;2; ;1;2;1;3;1;2;1;1;1;3;1;1;01;05;07;05;1440,19235647291
4658988;1;2;1;1;1;1;1;1;3;3; ; ; ; ;320000;2;2;2;1;1;1;1;2;2;2;1;1;1;2;2;2;2;2;2;2;2;1;1;1;2; ;1;2;1;2;1;3;1;1;1;2;1;1;01;05;07;05;1190,73883698528
4658995;1;5;2;1;1;1;1;1;3;1; ; ;99;2000000; ;1;1;1;1;1;1;1;1;1;1;1;2;1;1;2;2;2;2;2;2;2;1;3;3;2; ;1;2;1;4;1;5;1;1;1;2;1;1;01;05;07;05;1204,48676722407
4658996;1;4;3;1;1;1;1;1;3;1; ; ;500000000;2000000; ;1;1;1;1;1;1;1;1;2;1;1;1;1;1;2;2;1;2;2;2;2;1;1;3;2; ;1;2;1;4;1;5;1;1;1;2;1;1;01;05;07;05;1128,60710292841
4658997;1;3;2;1;1;1;1;1;3;3; ; ; ; ;430000;2;1;2;2;1;1;1;2;1;2;1;2;1;1;2;2;2;1;2;2;2;1;3;5;2; ;1;2;1;4;1;2;1;1;1;2;1;1;01;05;07;05;1248,50455313557
4658999;1;4;2;1;1;1;1;1;3;3; ; ; ; ;600000;1;1;1;1;1;1;1;1;1;2;1;2;1;1;2;2;2;2;1;2;2;1;2;3;1;3;1;2;1;4;1;2;1;1;1;2;1;1;01;05;07;05;1706,09864510924
4659000;1;2;1;1;1;1;1;1;3;3; ; ; ; ;430000;2;1;2;2;1;1;1;2;2;1;1;2;2;2;2;2;2;2;2;2;2;1;1;1;2; ;1;2;1;4;1;3;1;1;1;2;1;1;01;05;07;05;1163,80124927716
4659001;1;3;2;1;1;1;1;1;3;3; ; ; ; ;450000;1;1;1;1;1;1;1;2;1;2;1;1;1;1;2;2;2;2;2;2;2;1;2;3;2; ;1;2;1;4;1;2;1;1;1;2;1;1;01;05;07;05;1059,73096303414
4659002;1;3;2;1;1;1;1;1;3;3; ; ; ; ;450000;1;1;1;2;1;1;1;2;2;2;1;2;1;2;2;2;2;2;2;2;2;1;2;3;2; ;1;2;1;4;1;2;1;1;1;2;1;1;01;05;07;05;1257,49208416085
4659008;1;5;2;1;1;1;1;1;3;1; ; ;100000000;1300000; ;1;1;1;1;1;1;1;1;1;2;1;1;1;1;1;1;1;1;2;1;1;1;3;3;2; ;1;1;1;4;1;4;1;1;1;3;1;1;01;08;07;08;506,610369045659
4659009;1;2;1;1;1;1;1;1;3;3; ; ; ; ;760000;1;1;1;1;1;1;1;1;1;2;1;1;1;1;2;2;1;2;1;2;2;1;2;2;2; ;1;2;1;4;1;4;1;1;1;3;1;1;01;08;07;08;543,703803230037
4659010;1;3;1;1;1;1;1;1;3;3; ; ; ; ;900000;2;2;2;1;1;1;1;2;2;2;1;2;2;2;2;2;1;2;2;2;2;1;1;1;2; ;1;2;1;4;1;4;1;1;1;3;1;1;01;08;07;08;501,92178759965
4659011;1;5;4;1;1;1;1;1;3;1; ; ;100000000;1300000; ;1;1;1;1;1;1;1;2;1;2;1;1;1;1;2;2;1;1;1;1;2;1;3;5;2; ;1;1;1;4;1;3;1;1;1;3;1;1;01;08;07;08;493,155238390175
4659012;1;4;1;1;1;1;1;1;3;1; ; ;99;900000; ;1;1;1;1;1;1;1;2;2;2;1;2;2;2;2;1;1;2;2;2;2;1;2;2;2; ;1;2;1;4;1;3;1;1;1;3;1;1;01;08;07;08;557,248686485081
4659013;1;4;3;1;1;1;1;1;3;1; ; ;80000000;500000; ;2;2;2;1;1;1;1;2;2;2;1;2;1;2;2;2;1;1;2;2;2;1;2;8;2; ;1;1;1;4;1;1;1;1;1;3;1;1;01;08;07;08;369,202036589115
4659014;1;2;1;1;1;1;1;1;3;4; ; ; ;500000; ;2;1;1;1;1;1;1;2;2;2;1;1;2;2;2;2;1;1;2;2;2;1;2;4;2; ;1;2;1;2;1;1;1;1;1;3;1;1;01;08;07;08;561,181311806172
4659015;1;3;2;1;1;1;1;1;3;1; ; ;100000000;400000; ;2;2;2;2;1;1;1;2;2;2;1;2;2;2;2;2;1;2;2;2;2;1;2;7;2; ;1;1;1;4;1;1;1;1;1;3;1;1;01;08;07;08;496,472785375935
4659016;1;5;2;1;1;1;1;1;3;1; ; ;98;700000; ;1;1;1;1;1;1;1;2;2;1;1;1;1;1;1;2;2;2;2;1;2;1;4;4;2; ;1;2;1;4;1;3;1;1;1;3;1;1;01;11;07;11;2677,90289510263
4659017;1;4;3;1;1;1;1;1;1;1; ; ;98;1700000; ;1;1;1;1;1;1;1;2;1;1;1;2;2;1;1;2;2;1;2;1;2;1;4;5;2; ;1;1;1;4;1;4;2;1;1;3;1;1;01;11;07;11;2519,71875814222
4659018;1;1;1;1;1;1;1;1;4;6;PROMESA DE COMPRAVENTA; ; ;200000; ;2;2;2;2;2;2;1;2;2;2;1;2;2;2;2;2;2;1;2;2;2;1;1;1;2; ;1;1;8;2;1;1;2;1;1;3;1;1;01;11;07;11;3327,08391615903
4659019;1;3;2;1;1;1;1;3;3;1; ; ;60000000;500000; ;1;1;1;1;1;1;1;1;2;2;1;2;1;2;2;2;1;2;2;2;2;1;2;2;2; ;1;2;1;4;1;2;1;1;1;3;1;1;01;13;07;13;409,83729708208
4659020;1;3;2;1;1;1;1;3;3;1; ; ;98;98; ;1;1;1;1;1;1;1;1;1;2;1;2;1;1;2;2;1;2;2;2;2;1;3;3;2; ;1;2;1;4;1;2;1;1;1;3;1;1;01;13;07;13;325,102950011307
4659021;1;3;2;1;1;1;1;3;3;1; ; ;65000000;500000; ;2;1;1;1;1;1;1;2;2;2;1;2;1;2;2;2;1;2;2;2;2;1;2;3;2; ;1;2;1;4;1;2;1;1;1;3;1;1;01;13;07;13;405,627517639482
4659022;1;3;2;1;1;1;1;3;3;3; ; ; ; ;530000;2;2;2;1;1;1;1;1;2;2;1;2;2;2;2;2;1;2;2;2;2;1;2;3;2; ;1;2;1;4;1;2;1;1;1;3;1;1;01;13;07;13;305,687432200968
4659023;1;5;2;1;1;1;1;3;3;1; ; ;98;98; ;2;2;2;1;1;1;1;1;2;2;1;2;1;2;2;2;1;2;2;2;2;1;2;2;2; ;1;2;1;2;1;2;1;1;1;3;1;1;01;13;07;13;378,523937476902
4659024;1;3;2;1;1;1;1;3;3;3; ; ; ; ;315000;2;1;2;1;1;1;1;2;2;2;1;2;2;2;2;2;1;2;2;2;2;1;3;5;2; ;1;2;1;2;1;2;1;1;1;3;1;1;01;13;07;13;307,426145686604
4659025;1;3;2;1;1;1;1;3;3;3; ; ; ; ;350000;2;2;2;1;1;1;1;2;2;2;1;2;2;2;2;2;1;2;2;2;2;1;2;7;2; ;1;2;1;2;1;2;1;1;1;3;1;1;01;13;07;13;473,000530497357
4659026;1;3;2;1;1;1;1;3;3;3; ; ; ; ;400000;2;1;1;1;1;1;1;1;2;2;1;2;1;1;2;2;1;2;2;1;2;1;2;3;2; ;1;2;1;4;1;2;1;1;1;3;1;1;01;13;07;13;349,143162570545
4659027;1;2;1;1;1;1;1;3;3;4; ; ; ;400000; ;2;1;2;2;1;1;1;2;2;2;1;2;2;2;2;2;1;2;2;2;2;2; ;3;2; ;1;2;1;4;1;2;1;1;1;3;1;1;01;13;07;13;422,481728978181
4659028;1;3;2;1;1;1;1;1;3;3; ; ; ; ;350000;2;2;2;2;1;1;1;2;2;2;1;2;2;2;2;2;1;2;2;2;2;1;3;5;2; ;1;2;1;4;1;1;1;1;1;3;1;1;01;13;07;13;372,272893823541
4659029;1;2;1;2;1;1;1;1;3;1; ; ;30000000;150000; ;2;2;2;2;1;1;1;2;2;2;1;2;2;2;2;2;2;2;2;2;2;1;3;3;2; ;1;1;1;4;1;1;1;2;1;3;1;1;01;13;07;13;389,949698148244
4659030;1;4;1;2;1;1;1;1;3;1; ; ;50000000;600000; ;2;2;2;1;1;1;1;1;2;2;1;2;2;2;2;2;1;2;2;2;2;2; ;1;2; ;1;1;1;4;1;1;1;2;1;3;1;1;01;13;07;13;382,733716919501
4659031;1;4;1;1;1;1;1;1;3;1; ; ;98;700000; ;1;1;1;1;1;1;1;2;1;2;1;2;2;1;2;1;1;2;2;1;2;1;2;2;2; ;1;2;1;4;1;3;1;1;1;3;1;1;01;13;07;13;409,83729708208
4659032;1;3;2;1;1;1;1;3;3;3; ; ; ; ;570000;2;1;1;1;1;1;1;2;2;2;1;2;2;2;2;2;1;2;2;2;2;1;2;2;2; ;1;2;1;4;1;2;1;1;1;3;1;1;01;13;07;13;409,83729708208
4659033;1;3;2;1;1;1;1;3;3;4; ; ; ;570000; ;2;2;2;1;1;1;1;1;2;2;1;2;1;2;2;2;1;2;2;2;2;1;1;2;2; ;1;2;1;4;1;2;1;1;1;3;1;1;01;13;07;13;340,60178472926
4659034;1;1;1;1;2;1;1;2;3;3; ; ; ; ;120000;2;1;2;2;1;1;1;2;2;2;1;2;2;2;2;2;1;2;2;2;2;1;1;2;2; ;1;3;5;2;1;1;1;1;1;3;1;1;01;13;07;13;340,60178472926
4659035;1;5;4;1;2;1;1;3;3;4; ; ; ;150000; ;1;1;1;1;1;1;1;1;2;2;1;2;2;2;2;2;1;2;2;2;2;1;3;9;2; ;1;3;5;2;1;1;1;1;1;3;1;1;01;13;07;13;312,131439497542
4659036;1;2;1;1;1;1;1;1;3;1; ; ;98;350000; ;2;2;2;2;1;1;1;2;2;2;1;2;2;2;2;2;1;2;2;2;2;1;2;3;2; ;1;1;5;2;1;1;1;1;1;7;1;1;01;13;07;13;365,056912594797
4659037;1;3;2;1;1;1;1;3;3;1; ; ;98;400000; ;2;2;2;2;1;1;1;2;2;2;1;2;2;2;2;2;1;2;2;2;2;1;1;4;2; ;1;1;5;4;1;1;1;1;1;3;1;1;01;13;07;13;414,404826013781
4659038;1;4;2;1;1;1;1;3;3;4; ; ; ;98; ;2;2;2;1;1;2;1;1;2;2;1;2;1;2;2;2;1;2;2;2;2;1;2;3;2; ;1;2;5;2;1;1;1;1;1;3;1;1;01;13;07;13;336,392005286662
4659039;1;1;1;1;2;1;1;2;4;4; ; ; ;180000; ;2;2;2;2;2;2;1;2;2;2;1;2;2;2;2;2;1;2;2;2;2;1;2;2;2; ;1;3;5;1;1;1;2;1;1;7;1;1;01;13;07;13;339,585879811336
4659040;1;2;1;1;1;1;1;3;4;4; ; ; ;98; ;2;2;2;1;1;2;1;2;2;2;1;2;2;2;2;2;1;2;1;2;2;1;1;4;2; ;1;3;5;2;1;1;2;1;1;3;1;1;01;13;07;13;375,735040148785
4659041;1;4;2;1;1;1;1;1;3;1; ; ;250000000;900000; ;1;1;1;1;1;1;1;1;2;2;1;2;1;1;2;1;1;2;2;1;2;1;2;2;2; ;1;1;1;4;1;3;1;1;1;3;1;1;01;13;07;13;344,210574560235
4659042;1;3;2;1;1;1;1;1;3;4; ; ; ;700000; ;2;1;1;1;1;1;1;1;2;2;1;2;2;2;2;2;1;2;1;2;2;1;3;5;2; ;1;2;1;4;1;3;1;1;1;3;1;1;01;13;07;13;414,809803210338
4659043;1;3;2;1;1;1;1;1;3;1; ; ;98;600000; ;1;1;1;1;1;1;1;2;2;2;1;2;2;1;2;2;1;2;1;2;2;1;2;3;2; ;1;2;1;4;1;3;1;1;1;3;1;1;01;13;07;13;344,615551756791
4659044;1;4;3;1;1;1;1;1;3;1; ; ;98;700000; ;1;1;1;1;1;1;1;2;2;2;1;2;2;1;2;2;1;2;2;2;2;1;4;4;2; ;1;2;1;4;1;3;1;1;1;3;1;1;01;13;07;13;455,99133597639
4659045;1;4;3;1;1;1;1;1;3;3; ; ; ; ;700000;1;1;1;1;1;1;1;2;2;2;1;2;2;1;2;2;1;2;2;2;2;1;2;5;2; ;1;1;1;4;1;3;1;1;1;3;1;1;01;13;07;13;291,609479597497
4659046;1;3;1;1;1;1;1;1;3;1; ; ;98;420000; ;2;1;1;1;1;1;1;1;2;2;1;1;1;1;2;1;1;2;2;2;2;1;1;1;2; ;1;2;1;4;1;1;1;1;1;3;1;1;01;13;07;13;378,109022170602
4659047;1;4;1;1;1;1;1;1;3;3; ; ; ; ;1800000;1;1;1;1;1;1;1;2;2;2;1;2;1;1;2;1;1;2;2;1;2;1;2;3;2; ;1;2;1;4;1;5;1;1;1;3;1;1;01;13;07;13;336,392005286662
4659048;1;3;1;1;1;1;1;1;3;1; ; ;98;2000000; ;1;1;2;1;1;1;1;1;2;2;1;2;1;2;2;1;1;2;2;1;2;1;2;2;2; ;1;2;1;4;1;5;1;1;1;3;1;1;01;13;07;13;409,83729708208
4659283;1;4;3;1;1;1;1;1;3;1; ; ;40000000;380000; ;1;1;1;1;1;1;1;2;2;2;1;2;1;2;2;2;1;1;1;2;2;1;5;8;2; ;1;1;1;2;1;1;1;1;1;3;1;1;01;23;07;23;211,507109352807
4659284;1;4;3;1;1;1;1;1;3;1; ; ;60000000;600000; ;2;1;2;1;1;1;1;2;1;2;1;2;1;2;2;2;1;2;1;2;2;1;3;4;2; ;1;1;1;4;1;1;1;1;1;3;1;1;01;23;07;23;122,797557855683
4659285;1;3;2;1;1;1;1;1;3;1; ; ;65000000;450000; ;2;2;2;1;1;2;1;1;2;2;1;2;1;2;2;2;1;1;2;2;2;1;2;5;2; ;1;1;1;2;1;1;1;1;1;3;1;1;01;23;07;23;119,048408498505
4659286;1;3;2;1;1;1;1;1;3;1; ; ;40000000;400000; ;2;1;2;1;1;1;1;2;2;2;1;2;2;2;2;2;1;2;1;2;2;1;2;4;2; ;1;1;1;2;1;1;1;1;1;3;1;1;01;23;07;23;127,202074223119
4659287;1;4;2;1;1;1;1;1;3;1; ; ;40000000;300000; ;2;1;2;1;1;1;1;2;2;2;1;2;2;2;2;2;1;1;2;2;2;1;2;7;2; ;1;1;1;4;1;1;1;1;1;3;1;1;01;23;07;23;138,677717155793
4659288;1;3;2;1;1;1;1;1;3;1; ; ;37000000;300000; ;2;1;2;1;1;1;1;1;2;2;1;2;2;2;2;2;1;2;1;2;2;1;3;3;2; ;1;1;1;4;1;1;1;1;1;3;1;1;01;23;07;23;113,442057548286
4659289;1;4;2;1;1;1;1;1;3;1; ; ;60000000;450000; ;2;1;1;1;1;1;1;2;2;2;1;2;2;2;2;2;1;1;2;2;2;1;2;3;2; ;1;1;1;2;1;2;1;1;1;3;1;1;01;23;07;23;113,442057548286
4659290;1;3;1;1;1;1;1;1;3;1; ; ;70000000;550000; ;2;1;2;2;1;1;1;2;2;2;1;2;2;2;2;2;1;2;2;2;2;1;1;1;2; ;1;1;1;4;1;2;1;1;1;3;1;1;01;23;07;23;139,611428352334
4659291;1;4;2;1;1;1;1;1;3;1; ; ;75000000;500000; ;2;1;2;2;1;1;1;1;2;2;1;2;2;2;2;2;1;2;2;2;2;1;2;2;2; ;1;1;1;2;1;2;1;1;1;3;1;1;01;23;07;23;107,105577452006
4659292;1;4;3;1;1;1;1;1;3;1; ; ;75000000;600000; ;2;1;2;1;1;1;1;2;2;2;1;2;2;2;2;2;1;2;2;2;2;1;3;5;2; ;1;1;1;4;1;2;1;1;1;3;1;1;01;23;07;23;88,4251060680212
4659293;1;3;2;1;1;1;1;1;3;1; ; ;80000000;500000; ;2;1;1;1;1;1;1;1;2;2;1;1;1;2;2;2;1;2;2;2;2;1;3;5;2; ;1;1;1;4;1;2;1;1;1;3;1;1;01;23;07;23;113,208140539629
4659294;1;4;3;1;1;1;1;1;3;1; ; ;100000000;600000; ;2;1;1;1;1;1;1;1;2;2;1;1;1;1;2;2;1;1;1;2;2;1;4;5;2; ;1;1;1;4;1;2;1;1;1;3;1;1;01;23;07;23;137,353066518089
4659295;1;3;2;1;1;1;1;3;3;4; ; ; ;350000; ;2;1;1;1;1;1;1;1;1;2;1;2;2;2;2;2;1;1;2;2;2;1;2;4;2; ;1;2;1;2;1;1;1;1;1;3;1;1;01;23;07;23;185,443084914988
4659296;1;3;1;1;1;1;1;1;3;1; ; ;60000000;350000; ;2;1;1;1;1;1;1;2;2;2;1;2;1;2;2;1;1;2;1;2;2;1;2;2;2; ;1;1;1;4;1;1;1;1;1;3;1;1;01;23;07;23;157,185957225857
4659297;1;4;3;1;1;1;1;1;3;1; ; ;45000000;400000; ;2;1;2;1;1;1;1;1;2;2;1;2;2;2;2;2;1;2;2;2;2;1;2;4;1;2;1;1;1;4;1;1;1;1;1;3;1;1;01;23;07;23;105,891822034436
4659298;1;2;1;1;1;1;1;1;3;4; ; ; ;300000; ;2;1;2;1;2;1;1;2;2;2;1;2;2;2;2;2;1;1;2;2;2;1;1;4;2; ;1;2;1;2;1;1;1;1;1;3;1;1;01;23;07;23;166,044405219728
4659299;1;4;2;1;1;1;1;1;3;3; ; ; ; ;400000;2;1;2;1;1;1;1;2;2;2;1;2;1;1;2;1;1;2;1;2;2;1;2;4;2; ;1;1;1;4;1;1;1;1;1;3;1;1;01;23;07;23;163,304467895992
4659300;1;2;1;1;2;1;1;1;3;3; ; ; ; ;150000;2;2;2;1;1;1;1;2;2;2;2;2;2;2;2;2;1;2;2;2;2;1;1;3;2; ;1;2;1;4;1;1;1;1;1;3;1;1;01;23;07;23;192,91603675254
4659300;2;2;1;1;2;1;1;1;3;3; ; ; ; ;150000;2;1;2;2;1;1;1;2;2;2;1;2;2;2;2;2;1;2;2;2;2;1;1;3;2; ;2;2;1;4;1;1;1;1;1;3;1;1;01;23;07;23;192,91603675254
4659301;1;2;1;1;1;1;1;3;3;3; ; ; ; ;250000;2;1;2;1;1;2;1;2;2;2;1;2;2;2;2;2;1;2;1;2;2;1;2;4;2; ;1;2;1;2;1;1;1;1;1;3;1;1;01;23;07;23;126,676488461186
4659302;1;2;1;1;1;1;1;1;3;3; ; ; ; ;300000;2;1;2;1;1;1;1;2;2;2;1;2;2;2;2;2;1;2;2;2;2;1;1;1;2; ;1;2;1;4;1;1;1;1;1;3;1;1;01;23;07;23;170,760316544752
4659303;1;4;3;1;1;1;1;1;3;1; ; ;50000000;200000; ;2;2;2;2;1;1;1;2;2;2;1;2;2;2;2;2;1;1;2;2;2;1;2;4;2; ;1;1;1;2;1;1;1;1;1;3;1;1;01;23;07;23;178,531708056352
4659304;1;4;3;1;1;1;1;1;3;3; ; ; ; ;250000;2;1;1;1;1;1;1;2;2;2;1;1;1;1;2;2;1;2;1;2;2;1;3;4;2; ;1;1;1;4;1;1;1;1;1;3;1;1;01;23;07;23;192,78877704471
4659305;1;3;1;1;2;1;1;1;3;3; ; ; ; ;250000;2;1;2;1;1;1;1;2;2;2;1;2;2;2;2;2;1;2;2;2;2;1;2;2;1;2;1;2;1;2;1;1;1;1;1;3;1;1;01;23;07;23;180,804651538896
4659305;2;3;2;1;2;1;1;1;3;3; ; ; ; ;250000;2;1;2;1;1;1;1;2;2;2;1;1;2;2;2;2;1;2;2;2;2;1;4;4;2; ;2;2;1;2;1;1;1;1;1;3;1;1;01;23;07;23;180,804651538896
4659306;1;3;2;1;1;1;1;1;3;3; ; ; ; ;330000;2;2;2;1;1;1;1;2;2;2;1;2;2;2;2;2;1;2;2;2;2;1;2;2;2; ;1;1;1;2;1;1;1;1;1;3;1;1;01;23;07;23;188,334845418274
4659494;1;4;3;1;1;1;1;1;3;4; ; ; ;3000000; ;2;1;2;1;1;1;1;1;1;2;1;1;1;1;2;2;1;2;2;2;2;1;2;2;2; ;1;1;1;4;1;6;1;1;1;3;1;1;01;50;07;50;137,449806076798
4659495;1;5;3;1;1;1;1;1;3;1; ; ;250000000;1800000; ;1;1;1;1;1;1;1;1;1;1;1;1;1;1;2;2;1;2;2;1;2;1;3;3;2; ;1;1;1;4;1;6;1;1;1;3;1;1;01;50;07;50;162,250061690791
4659496;1;3;2;1;1;1;1;1;3;3; ; ; ; ;300000;2;2;1;1;1;1;1;1;2;2;1;1;1;1;2;2;2;1;2;2;2;1;3;3;2; ;1;1;1;4;1;3;1;1;1;3;1;1;01;50;07;50;237,37923397557
4659498;1;8;2;1;1;1;1;1;3;1; ; ;600000000;1000000; ;1;2;2;1;1;1;1;2;2;2;1;2;2;2;2;2;1;2;2;1;2;1;2;2;2; ;1;1;1;4;1;6;1;1;1;3;1;2;01;50;07;50;160,10071219895
4659499;1;2;1;1;1;1;1;1;3;3; ; ; ; ;1100000;2;1;1;1;1;1;1;2;1;1;1;2;2;1;2;1;1;1;2;1;2;1;1;1;2; ;1;2;1;4;1;6;1;1;1;3;1;1;01;50;07;50;233,617716792675
4659500;1;3;1;1;1;1;1;1;3;1; ; ;98;600000; ;2;2;2;1;1;1;1;2;2;2;1;2;2;2;2;2;2;2;2;2;2;1;1;1;2; ;1;2;1;4;1;3;1;1;1;3;1;2;01;50;07;50;157,951362707108
4659501;1;2;1;1;1;1;1;6; ;3; ; ; ; ;99;1;1;1;1;1;1;1;1;2;2;1;2;1;2;2;2;1;2;2;2;2;1;1;1;2; ;1;2;1;4;1;6;1;1;1;3;1;2;01;50;07;50;235,229884483729
4659501;2;2;1;1;1;1;1;6; ;3; ; ; ; ;1000000;1;1;1;1;1;1;1;2;2;2;1;2;2;1;2;2;1;2;2;2;2;1;1;1;2; ;2;2;1;4;1;6;1;1;1;3;1;2;01;50;07;50;235,229884483729
4659502;1;1;1;1;2;1;1;1;3;3; ; ; ; ;150000;2;2;2;2;1;1;1;2;2;2;1;2;2;2;2;2;2;1;2;2;2;1;1;2;2; ;1;1;1;4;1;2;1;1;1;3;1;1;01;50;07;50;193,412927301524
4659502;2;2;1;1;2;1;1;1;3;1; ; ;45000000;400000; ;2;2;2;2;1;1;1;1;2;2;1;2;2;2;2;2;1;2;2;2;2;1;3;3;2; ;2;1;1;4;1;2;1;1;1;3;1;1;01;50;07;50;193,412927301524
4659502;3;2;1;1;2;1;1;1;3;3; ; ; ; ;150000;2;1;2;1;1;1;1;2;2;2;1;2;1;2;2;2;1;2;1;2;2;1;2;3;2; ;3;1;1;4;1;2;1;1;1;3;1;1;01;50;07;50;193,412927301524
4659503;1;4;3;1;1;1;1;1;3;3; ; ; ; ;250000;1;1;1;2;1;1;1;2;2;2;1;2;1;2;2;2;1;2;2;2;2;1;3;8;2; ;1;1;1;4;1;1;1;1;1;3;1;1;01;50;07;50;255,900281779042
4659504;1;3;2;5;1;1;1;1;3;4; ; ; ;200000; ;2;2;2;2;1;1;1;2;2;2;2;2;2;2;2;2;1;2;2;2;2;1;2;2;2; ;1;1;1;4;1;1;1;2;1;3;1;2;01;50;07;50;170,517533108039
4659505;1;6;4;1;1;1;1;1;3;1; ; ;98;4000000; ;1;1;1;1;1;1;1;1;1;1;1;1;1;1;1;1;1;2;2;1;1;2; ;4;2; ;1;1;1;4;1;6;1;1;1;3;1;1;01;50;07;50;216,87767734526
4659506;1;4;2;1;1;1;1;1;3;1; ; ;98;1500000; ;1;1;1;1;1;1;1;1;1;1;1;2;2;1;2;2;1;2;2;1;2;1;2;2;2; ;1;1;1;4;1;5;1;1;1;3;1;2;01;50;07;50;170,13696908164
4659507;1;4;4;1;1;1;1;1;3;1; ; ;85000000;450000; ;2;1;1;1;1;1;1;2;2;2;1;2;1;2;2;2;1;1;2;2;2;1;4;5;2; ;1;1;1;4;1;2;1;1;1;3;1;2;01;50;07;50;186,688602917476
4659508;1;4;3;1;1;1;1;1;3;3; ; ; ; ;600000;2;2;2;1;1;1;1;2;2;2;1;1;1;2;2;2;1;2;1;2;2;1;3;7;2; ;1;1;1;4;1;2;1;1;1;3;1;1;01;50;07;50;214,043981411216
4659509;1;5;1;1;1;1;1;1;3;1; ; ;99;2000000; ;1;1;1;1;1;1;1;1;1;2;1;2;1;2;2;2;1;2;2;1;2;1;2;2;2; ;1;1;1;4;1;6;1;1;1;3;1;2;01;50;07;50;170,517533108039
4659510;1;5;3;1;1;1;1;1;3;3; ; ; ; ;1270000;2;1;2;1;1;1;1;1;1;2;1;1;2;1;2;1;1;2;2;2;2;1;2;3;2; ;1;1;1;4;1;6;1;1;1;3;1;1;01;50;07;50;172,286318573482
4659511;1;5;1;1;1;1;1;1;3;1; ; ;98;1200000; ;2;1;1;1;1;1;1;2;1;2;1;2;1;1;2;2;2;2;2;2;2;1;1;1;2; ;1;1;1;4;1;6;1;1;1;3;1;2;01;50;07;50;157,951362707108
4659512;1;3;2;1;1;1;1;1;3;3; ; ; ; ;350000;2;2;2;1;1;1;1;2;2;2;1;2;1;1;2;2;1;2;1;2;2;1;4;4;2; ;1;1;1;2;1;2;1;1;1;3;1;2;01;50;07;50;216,87767734526
4659513;1;4;3;1;1;1;1;1;3;3; ; ; ; ;100000;2;1;2;1;1;1;1;2;2;2;1;2;2;1;2;2;1;2;1;2;2;1;2;3;2; ;1;1;1;4;1;2;1;1;1;3;1;2;01;50;07;50;273,555919584694
4659514;1;5;3;1;1;1;1;1;3;2; ;99;99;99; ;2;1;1;1;1;1;1;1;1;2;1;1;1;1;2;2;1;1;2;1;2;1;2;4;2; ;1;1;1;4;1;6;1;1;1;3;1;2;01;50;07;50;219,195163809767
4659515;1;3;1;1;1;1;1;1;3;5; ; ; ;280000; ;2;2;2;1;1;1;1;2;2;2;1;2;2;2;2;2;1;2;2;2;2;1;1;1;2; ;1;1;1;4;1;2;1;1;1;3;1;1;01;50;07;50;157,951362707108
4659516;1;4;2;1;1;1;1;1;3;4; ; ; ;150000; ;2;2;2;1;1;1;1;2;2;2;1;1;2;2;2;2;2;2;2;2;2;1;1;2;1;3;1;2;1;4;1;2;1;1;1;3;1;1;01;50;07;50;202,542721478887
4659517;1;2;1;1;1;1;1;1;3;3; ; ; ; ;350000;2;2;2;2;1;1;1;2;2;2;1;2;2;2;2;2;2;2;2;2;2;1;1;2;2; ;1;1;1;4;1;2;1;1;1;3;1;1;01;50;07;50;238,719407088011
4659518;1;4;3;1;1;1;1;1;3;3; ; ; ; ;450000;1;2;1;1;1;1;1;2;2;2;1;1;1;1;2;2;2;1;2;2;2;1;3;4;2; ;1;2;1;4;1;2;1;1;1;3;1;2;01;50;07;50;239,371965693023
4659519;1;2;1;1;1;1;1;1;3;3; ; ; ; ;200000;2;2;2;2;2;2;2;2;2;2;2;2;2;2;2;2;2;2;2;2;2;1;1;3;2; ;1;2;1;4;1;2;1;1;1;3;1;1;01;50;07;50;231,821332247505
4659520;1;4;3;1;1;1;1;1;3;1; ; ;350000000;1000000; ;1;1;1;2;1;1;1;2;2;2;1;2;2;1;2;2;1;1;1;2;2;1;4;4;2; ;1;1;1;4;1;4;1;1;1;3;1;2;01;50;07;50;151,784761943171
4659521;1;4;3;1;1;1;1;1;3;1; ; ;99;700000; ;1;1;1;1;1;1;1;1;2;2;1;1;1;1;2;2;1;1;2;1;2;1;6;6;2; ;1;1;1;4;1;3;1;1;1;3;1;2;01;50;07;50;221,556940355342
4659522;1;4;1;1;1;1;1;6; ;3; ; ; ; ;450000;2;1;2;1;2;1;1;2;2;2;1;2;2;1;2;2;1;1;2;1;2;1;1;1;2; ;1;2;1;4;1;2;1;1;1;3;1;2;01;50;07;50;233,237152766276
4659524;1;3;2;1;1;1;1;1;3;3; ; ; ; ;550000;1;1;1;1;1;1;1;2;2;1;1;2;2;2;2;2;2;1;2;2;2;1;3;4;2; ;1;2;1;4;1;4;1;1;1;3;1;1;01;50;07;50;253,054362954384
4659525;1;4;2;1;1;1;1;1;3;1; ; ;200000000;600000; ;2;1;1;1;1;1;1;2;2;2;1;1;1;2;2;2;1;2;2;2;2;1;2;2;2; ;1;2;1;4;1;4;1;1;1;3;1;1;01;50;07;50;225,350245375427
4659526;1;3;2;1;1;1;1;1;4;4; ; ; ;400000; ;2;1;2;1;1;1;1;2;2;2;1;1;1;2;2;2;1;1;2;2;2;1;2;5;2; ;1;1;1;2;1;1;2;1;1;3;1;1;01;50;07;50;245,999670339489
4659527;1;2;1;1;1;1;1;1;3;3; ; ; ; ;430000;2;2;1;2;1;1;1;2;2;2;1;1;1;2;2;2;1;2;1;2;2;1;1;2;2; ;1;2;1;4;1;4;1;1;1;3;1;2;01;50;07;50;227,511114065545
4659528;1;4;3;1;1;1;1;1;3;3; ; ; ; ;500000;2;1;1;1;1;1;1;2;2;2;1;2;1;2;2;2;1;1;2;2;2;1;4;4;2; ;1;2;1;4;1;2;1;1;1;3;1;1;01;50;07;50;162,20158285226
4659529;1;3;2;1;1;1;1;1;3;1; ; ;90000000;600000; ;1;1;1;1;1;1;1;2;2;2;1;2;2;1;2;2;1;2;1;2;2;1;2;2;2; ;1;2;1;4;1;2;1;1;1;3;1;2;01;50;07;50;159,944094424561
4659530;1;1;1;1;2;1;1;6; ;3; ; ; ; ;150000;2;2;2;2;2;2;2;2;2;2;2;2;2;2;2;2;2;2;2;2;2;1;1;1;2; ;1;3;1;4;1;1;1;1;1;3;1;2;01;50;07;50;233,617716792675
4659531;1;2;1;1;1;1;1;1;3;3; ; ; ; ;300000;2;1;2;1;1;1;1;2;2;2;1;1;1;2;2;2;1;2;1;2;2;1;1;3;2; ;1;2;1;4;1;2;1;1;1;3;1;1;01;50;07;50;231,821332247505
4659532;1;1;1;1;1;1;1;1;3;3; ; ; ; ;190000;2;2;2;2;1;2;1;2;2;2;2;2;2;2;2;2;2;1;2;2;2;1;1;2;2; ;1;3;1;2;1;2;1;1;1;3;1;1;01;50;07;50;202,542721478887
4659533;1;1;1;1;2;1;1;1;3;1; ; ;150000000;200000; ;2;2;1;2;1;1;1;2;2;2;1;2;2;2;2;2;2;2;2;2;2;1;1;2;2; ;1;3;1;4;1;2;1;1;1;3;1;2;01;50;07;50;225,193627601038
4659534;1;1;1;1;2;1;1;6; ;3; ; ; ; ;150000;2;2;2;2;1;2;2;2;2;2;2;2;2;2;2;2;1;2;2;2;2;1;1;1;2; ;1;3;1;2;1;2;2;1;1;3;1;1;01;50;07;50;233,617716792675
4659535;1;1;1;1;2;1;1;1;3;3; ; ; ; ;260000;2;2;2;2;1;1;1;2;2;2;1;2;2;2;2;2;1;1;2;2;2;1;1;3;2; ;1;3;1;2;1;2;1;1;1;3;1;1;01;50;07;50;182,322575456172
4659536;1;1;1;1;2;1;1;6; ;3; ; ; ; ;130000;2;1;2;2;2;2;2;2;2;2;1;2;2;2;2;2;1;2;2;2;2;1;1;1;2; ;1;3;1;2;1;2;2;1;1;3;1;1;01;50;07;50;233,617716792675
4659537;1;1;1;1;2;1;1;6; ;3; ; ; ; ;170000;2;1;2;2;2;2;2;2;2;2;1;2;2;1;2;2;2;2;2;2;2;1;1;1;2; ;1;3;1;4;1;2;1;1;1;3;1;2;01;50;07;50;233,617716792675
4659538;1;2;1;1;1;1;1;1;3;3; ; ; ; ;300000;2;2;1;1;1;1;1;2;2;2;1;2;2;1;2;2;1;2;1;2;2;1;2;3;2; ;1;2;1;4;1;1;1;1;1;3;1;1;01;50;07;50;239,696720440077
4659539;1;3;2;5;1;1;1;1;3;1; ; ;35000000;400000; ;1;1;1;1;1;1;1;2;2;2;1;2;1;1;2;2;1;2;1;2;2;1;3;3;2; ;1;2;1;4;1;1;1;2;1;3;1;2;01;50;07;50;214,884945627807
4659540;1;1;1;1;1;1;1;1;4;4; ; ; ;240000; ;1;1;1;1;1;1;1;2;2;2;1;2;1;1;2;2;1;2;1;2;2;1;3;3;2; ;1;2;1;2;1;2;2;1;1;3;1;2;01;50;07;50;214,884945627807
4659541;1;3;2;5;1;1;1;1;3;3; ; ; ; ;350000;2;1;2;1;1;1;1;2;2;2;1;2;2;2;2;2;2;2;2;2;2;1;1;4;2; ;1;2;1;4;1;2;1;2;1;3;1;2;01;50;07;50;278,246701793053
4659542;1;1;1;1;1;1;1;1;4;3; ; ; ; ;280000;2;1;1;2;1;1;1;2;2;2;1;1;2;2;2;2;2;2;2;2;2;1;2;3;2; ;1;2;1;4;1;3;2;1;1;3;1;1;01;50;07;50;206,852939660846
4659543;1;3;2;1;1;1;1;1;3;3; ; ; ; ;400000;2;2;2;1;1;1;1;1;2;2;1;2;1;2;2;2;1;2;2;2;2;1;2;3;2; ;1;2;1;4;1;1;1;1;1;3;1;2;01;50;07;50;273,555919584694
4659544;1;4;3;1;1;1;1;1;3;1; ; ;140000000;900000; ;1;1;1;1;1;1;1;2;2;2;1;2;1;1;2;2;2;1;1;2;2;1;3;4;2; ;1;1;1;4;1;3;1;1;1;3;1;1;01;50;07;50;241,68945215753
4659545;1;4;2;1;1;1;1;1;3;2; ;270000;90000000;400000; ;2;1;2;1;1;1;1;2;2;2;1;2;1;2;2;2;1;2;1;2;2;1;2;3;2; ;1;2;1;4;1;1;1;1;1;3;1;2;01;50;07;50;239,696720440077
4659546;1;3;1;1;1;1;1;1;3;1; ; ;180000000;600000; ;1;1;1;1;1;1;1;2;2;2;1;2;1;2;2;2;1;2;2;2;2;1;1;1;2; ;1;1;1;4;1;3;1;1;1;3;1;2;01;50;07;50;223,200895883586
4659547;1;4;2;1;1;1;1;1;3;4; ; ; ;650000; ;2;1;1;1;1;1;1;2;2;2;1;2;2;2;2;2;1;2;2;2;2;1;1;2;2; ;1;1;1;4;1;3;1;1;1;3;1;1;01;50;07;50;170,517533108039
4659548;1;4;2;1;1;1;1;1;3;1; ; ;98;600000; ;1;1;1;1;1;1;1;2;2;2;1;1;1;1;2;2;1;1;1;1;2;1;2;3;2; ;1;1;1;4;1;3;1;1;1;3;1;1;01;50;07;50;239,696720440077
4659549;1;4;3;1;1;1;1;1;3;3; ; ; ; ;550000;2;1;1;2;1;1;1;2;2;2;1;2;2;1;2;2;1;2;2;2;2;1;3;3;2; ;1;1;1;4;1;3;1;1;1;3;1;1;01;50;07;50;237,37923397557
4659550;1;4;2;1;1;1;1;1;3;2; ;1040000;75000000;400000; ;2;2;1;1;1;1;1;2;2;2;1;2;1;1;2;2;1;1;1;2;2;1;2;4;2; ;1;1;1;4;1;2;1;1;1;3;1;2;01;50;07;50;311,725336911271
4659551;1;1;1;1;1;1;1;1;3;4; ; ; ;120000; ;2;2;2;2;1;1;1;2;2;2;1;1;2;2;2;2;1;2;2;2;2;1;1;2;2; ;1;2;1;4;1;3;1;1;1;3;1;1;01;50;07;50;238,719407088011
4659552;1;4;4;1;1;1;1;1;3;3; ; ; ; ;450000;2;1;2;1;1;1;1;2;2;2;1;1;2;1;2;2;1;2;2;2;2;1;4;4;2; ;1;1;1;4;1;2;1;1;1;3;1;2;01;50;07;50;194,888745857103
4659553;1;5;3;1;1;1;1;1;3;3; ; ; ; ;550000;2;2;2;1;1;1;1;2;1;2;1;1;1;2;2;2;1;1;2;2;2;1;2;5;2; ;1;2;1;4;1;2;1;1;1;3;1;2;01;50;07;50;316,035555093231
4659554;1;4;3;1;1;1;1;1;3;1; ; ;98;550000; ;2;2;2;1;1;1;1;2;2;2;1;2;1;2;2;2;1;2;1;2;2;1;3;5;2; ;1;1;1;4;1;2;1;1;1;3;1;1;01;50;07;50;280,015487258495
4659555;1;3;2;1;1;1;1;1;3;3; ; ; ; ;400000;2;2;1;2;2;1;1;2;2;2;1;1;2;1;2;2;2;2;1;2;2;1;2;4;2; ;1;2;1;2;1;3;1;1;1;3;1;1;01;50;07;50;267,673263109575
4659556;1;2;1;1;1;1;1;1;3;3; ; ; ; ;330000;2;1;2;2;1;1;1;2;2;2;1;2;2;2;2;2;1;2;2;2;2;1;2;2;2; ;1;2;1;4;1;2;1;1;1;3;1;2;01;50;07;50;202,542721478887
4659557;1;1;1;1;1;1;1;1;3;3; ; ; ; ;300000;2;1;2;2;1;1;1;2;2;2;1;2;2;2;2;2;1;2;2;2;2;1;2;3;2; ;1;2;1;4;1;2;1;1;1;3;1;2;01;50;07;50;250,905013462543
4659558;1;1;1;1;1;1;1;6; ;3; ; ; ; ;250000;2;2;2;2;2;2;2;2;2;2;1;2;2;2;2;2;1;1;1;2;2;1;1;1;2; ;1;4;1;4;1;2;1;1;1;3;1;2;01;50;07;50;233,617716792675
4659559;1;4;1;1;1;1;1;1;3;1; ; ;45000000;550000; ;2;1;1;1;1;1;1;2;2;2;1;2;1;2;2;2;1;2;2;1;2;1;2;2;2; ;1;2;1;4;1;3;1;1;1;3;1;1;01;50;07;50;170,517533108039
4659560;1;4;1;1;1;1;1;1;3;1; ; ;150000000;800000; ;2;1;2;1;1;1;1;2;2;2;1;2;1;2;2;2;2;2;1;2;2;1;2;2;2; ;1;1;1;4;1;3;1;1;1;3;1;2;01;50;07;50;170,13696908164
4659561;1;4;3;1;1;1;1;1;3;1; ; ;98;600000; ;2;1;1;1;1;1;1;2;2;2;1;1;1;1;2;2;1;2;1;2;2;1;3;3;2; ;1;1;1;4;1;3;1;1;1;3;1;2;01;50;07;50;182,703139482571
4659562;1;5;2;1;1;1;1;1;3;1; ; ;180000000;800000; ;2;1;1;2;1;1;1;2;2;2;1;2;1;2;2;2;2;1;2;2;2;1;2;2;2; ;1;1;1;4;1;3;1;1;1;3;1;1;01;50;07;50;225,193627601038
4659563;1;1;1;1;1;1;1;1;3;4; ; ; ;400000; ;2;2;2;1;1;1;1;1;2;2;1;2;2;2;2;2;1;2;2;2;2;1;2;2;2; ;1;2;1;2;1;1;1;1;1;3;1;1;01;50;07;50;170,517533108039
4659564;1;4;3;1;1;1;1;1;3;3; ; ; ; ;700000;2;2;2;1;1;1;1;2;2;2;1;2;2;2;2;2;1;1;2;1;2;1;2;4;2; ;1;1;1;4;1;3;1;1;1;3;1;2;01;50;07;50;233,814063964958
4659565;1;3;2;1;1;1;1;1;3;1; ; ;98;450000; ;1;2;1;2;1;2;1;1;2;2;1;2;2;2;2;2;1;2;1;2;2;1;1;2;2; ;1;1;1;4;1;1;1;1;1;3;1;2;01;50;07;50;225,193627601038
4659566;1;4;2;1;1;1;1;1;4;5; ; ; ;500000; ;2;2;1;1;1;1;1;2;2;2;1;2;2;2;2;2;1;2;1;1;2;1;3;3;2; ;1;1;1;4;1;1;2;1;1;3;1;1;01;50;07;50;247,57210863265
4659567;1;3;2;1;1;1;1;1;3;3; ; ; ; ;500000;2;2;2;1;1;1;1;2;2;2;1;2;2;2;2;2;1;2;2;2;2;1;2;1;2; ;1;2;1;4;1;3;1;1;1;3;1;1;01;50;07;50;157,951362707108
4659568;1;4;3;1;2;1;1;1;3;3; ; ; ; ;400000;2;2;2;2;1;1;1;2;2;2;1;2;1;2;2;2;1;2;1;2;2;1;3;3;2; ;1;1;1;2;1;1;1;1;1;3;1;1;01;50;07;50;184,347132114806
4659568;2;2;1;1;2;1;1;1;3;3; ; ; ; ;150000;2;2;1;2;1;1;1;2;2;2;1;2;1;2;2;2;2;2;2;2;2;1;1;1;2; ;2;1;1;2;1;1;1;1;1;3;1;1;01;50;07;50;184,347132114806
4659569;1;3;2;1;1;1;1;1;4;1; ; ;80000000;300000; ;2;2;2;1;1;1;1;2;2;2;1;1;1;2;2;2;1;2;1;2;2;1;3;3;2; ;1;1;1;2;1;2;2;1;1;3;1;2;01;50;07;50;182,322575456172
4659572;1;4;2;1;1;1;1;1;3;3; ; ; ; ;400000;1;2;1;2;1;1;1;2;2;2;1;1;1;1;2;2;1;1;2;2;2;1;2;5;2; ;1;1;1;4;1;1;1;1;1;3;1;1;01;50;07;50;496,634313607993
4659573;1;4;2;1;1;1;1;1;3;3; ; ; ; ;450000;2;1;2;1;1;1;1;2;2;2;1;2;2;2;2;2;1;1;1;2;2;1;2;3;2; ;1;1;1;4;1;1;1;1;1;3;1;1;01;50;07;50;547,111839169389
4659574;1;4;3;1;1;1;1;1;3;3; ; ; ; ;700000;2;1;1;1;1;1;1;2;2;2;1;1;1;1;2;2;1;2;1;2;2;1;2;5;2; ;1;1;1;4;1;3;1;1;1;3;1;1;01;50;07;50;179,761304612669
4659575;1;3;1;1;1;1;1;1;3;3; ; ; ; ;350000;2;1;1;2;1;1;1;2;2;2;1;2;2;1;2;2;1;2;1;2;2;1;2;2;2; ;1;1;1;4;1;1;1;1;1;3;1;1;01;50;07;50;405,085442957773
4659576;1;4;1;1;1;1;1;1;3;1; ; ;96000000;800000; ;2;1;1;1;1;1;1;2;2;2;1;2;2;2;2;2;2;1;2;2;2;1;1;1;2; ;1;1;1;4;1;3;1;1;1;3;1;1;01;50;07;50;233,237152766276
4659577;1;4;2;1;1;1;1;1;3;1; ; ;98;300000; ;2;2;2;2;1;1;1;2;2;2;1;2;2;2;2;2;2;2;2;2;2;1;2;3;2; ;1;1;1;4;1;1;1;1;1;3;1;2;01;50;07;50;345,020529650983
4659578;1;4;2;1;1;1;1;1;3;1; ; ;180000000;700000; ;2;2;1;1;1;1;1;2;2;2;1;1;1;1;2;2;1;1;2;1;2;1;2;2;2; ;1;1;1;4;1;3;1;1;1;3;1;1;01;50;07;50;202,699339253275
4659579;1;4;3;1;1;1;1;1;3;1; ; ;90000000;700000; ;2;1;1;1;1;1;1;1;2;2;1;2;1;1;2;2;1;2;2;1;2;1;5;5;2; ;1;1;1;4;1;3;1;1;1;3;1;1;01;50;07;50;196,37612071495
4659580;1;3;1;1;1;1;1;1;3;3; ; ; ; ;900000;2;1;1;1;1;1;1;1;1;2;2;2;2;2;2;1;1;2;1;1;2;1;2;3;2; ;1;1;1;4;1;3;1;1;1;3;1;1;01;50;07;50;239,696720440077
4659582;1;4;1;1;1;1;1;1;3;4; ; ; ;300000; ;2;2;1;1;1;1;1;2;2;2;1;2;2;2;2;2;2;2;2;1;2;2; ;1;2; ;1;1;1;4;1;3;1;1;1;3;1;1;01;50;07;50;200,549989761434
4659583;1;3;2;1;1;1;1;1;3;3; ; ; ; ;850000;2;1;1;1;1;1;1;2;2;2;1;2;2;2;2;2;1;1;2;2;2;1;3;5;2; ;1;2;1;4;1;3;1;1;1;3;1;1;01;50;07;50;204,573079424939
4659584;1;2;2;1;1;1;1;1;4;3; ; ; ; ;390000;1;1;1;1;1;1;1;2;2;2;1;1;1;1;2;2;2;1;1;2;2;1;1;2;2; ;1;2;1;4;1;3;2;1;1;3;1;1;01;50;07;50;235,386502258118
4659585;1;6;1;1;1;1;1;1;3;1; ; ;98;2000000; ;1;2;1;1;1;1;1;2;2;2;1;2;1;1;1;2;1;2;2;1;2;1;2;2;2; ;1;1;1;4;1;6;1;1;1;3;1;2;01;50;07;50;170,517533108039
4659586;1;3;1;1;1;1;1;1;3;1; ; ;200000000;1000000; ;2;1;2;1;1;1;1;1;2;2;1;2;2;2;2;2;2;2;2;1;1;1;1;1;2; ;1;2;1;4;1;6;1;1;1;3;1;1;01;50;07;50;233,617716792675
4659587;1;4;3;1;1;1;1;1;3;3; ; ; ; ;700000;2;1;1;1;1;1;1;2;1;2;1;1;2;2;2;2;1;2;2;1;2;1;3;3;2; ;1;2;1;4;1;5;1;1;1;3;1;2;01;50;07;50;149,63541245133
4659588;1;4;1;1;1;1;1;1;3;1; ; ;230000000;1200000; ;2;1;1;1;1;1;1;2;2;2;1;2;2;2;2;2;2;2;2;1;2;1;1;1;2; ;1;2;1;4;1;6;1;1;1;3;1;1;01;50;07;50;233,617716792675
4659589;1;3;2;1;1;1;1;1;3;3; ; ; ; ;400000;1;1;1;1;1;1;1;2;2;2;1;1;1;1;2;2;1;2;2;2;2;1;4;5;2; ;1;2;1;4;1;3;1;1;1;3;1;1;01;50;07;50;232,552806324074
4659590;1;2;1;1;1;1;1;1;3;3; ; ; ; ;380000;2;1;2;1;1;1;1;2;2;1;1;1;2;2;2;2;1;2;2;2;2;1;2;2;2; ;1;2;1;4;1;3;1;1;1;3;1;1;01;50;07;50;235,386502258118
4659591;1;2;1;1;1;1;1;1;4;3; ; ; ; ;455000;2;2;1;1;1;1;1;2;2;2;1;2;2;2;2;2;2;2;2;2;2;1;2;2;2; ;1;2;1;4;1;3;2;1;1;3;1;1;01;50;07;50;235,767066284516
4659592;1;4;3;1;1;1;1;1;3;1; ; ;200000000;1000000; ;2;1;1;1;1;1;1;2;2;2;1;1;1;2;2;2;1;2;2;2;2;1;3;3;2; ;1;2;1;4;1;5;1;1;1;3;1;2;01;50;07;50;237,916415776358
4659593;1;3;2;1;1;1;1;1;3;1; ; ;200000000;800000; ;1;1;1;1;1;1;1;1;1;1;1;1;1;1;2;2;1;2;1;2;2;1;2;3;2; ;1;1;1;4;1;3;1;1;1;3;1;1;01;50;07;50;273,555919584694
4659594;1;1;1;1;1;1;1;6; ;3; ; ; ; ;300000;2;1;1;1;1;1;1;2;1;2;1;2;2;1;2;2;2;2;2;2;2;1;1;1;2; ;1;2;1;4;1;3;2;1;1;3;1;1;01;50;07;50;157,951362707108
4659596;1;3;2;1;1;1;1;1;3;3; ; ; ; ;600000;1;1;1;1;1;1;1;2;2;2;1;1;1;1;2;1;1;2;1;2;2;1;2;2;2; ;1;2;1;4;1;4;1;1;1;3;1;1;01;50;07;50;160,10071219895
4659597;1;1;1;1;1;1;1;1;3;3; ; ; ; ;200000;2;2;1;1;1;1;1;2;2;2;1;1;2;2;2;2;1;2;2;2;2;1;1;3;2; ;1;2;1;4;1;3;1;1;1;3;1;1;01;50;07;50;275,716788274813
4659598;1;2;1;1;1;1;1;1;3;3; ; ; ; ;650000;2;2;2;1;1;1;1;2;2;2;1;1;2;2;2;2;2;2;2;2;2;1;1;1;2; ;1;2;1;4;1;3;1;1;1;3;1;1;01;50;07;50;223,044278109197
4659599;1;3;1;1;1;1;1;1;3;3; ; ; ; ;750000;2;1;1;1;1;1;1;2;2;2;1;2;2;2;2;2;1;2;2;2;2;1;1;1;2; ;1;2;1;4;1;3;1;1;1;3;1;1;01;50;07;50;233,237152766276
4659600;1;3;1;1;1;1;1;1;3;3; ; ; ; ;600000;2;1;2;1;1;1;1;2;2;2;1;1;2;2;2;2;1;2;1;2;2;2; ;2;2; ;1;2;1;4;1;3;1;1;1;3;1;1;01;50;07;50;235,386502258118
4659601;1;3;2;1;1;1;1;1;3;3; ; ; ; ;400000;2;2;2;1;1;1;1;2;2;2;1;1;1;2;2;2;1;2;1;2;2;1;2;3;2; ;1;2;1;2;1;1;1;1;1;3;1;1;01;50;07;50;273,555919584694
4659602;1;4;1;1;1;1;1;1;3;4; ; ; ;500000; ;2;2;2;1;1;1;1;2;2;2;1;2;1;2;2;2;1;1;2;2;2;1;1;1;2; ;1;1;1;4;1;2;1;1;1;3;1;2;01;50;07;50;233,617716792675
4659603;1;4;3;1;1;1;1;1;3;3; ; ; ; ;700000;2;1;1;1;1;1;1;1;2;2;1;1;1;2;2;2;1;1;1;2;2;1;3;6;2; ;1;2;1;4;1;1;1;1;1;3;1;2;01;50;07;50;225,498113709179
4659604;1;5;2;1;1;1;1;1;3;3; ; ; ; ;550000;1;1;1;1;1;1;1;2;2;2;1;2;1;1;2;2;1;2;1;2;2;1;2;3;2; ;1;1;1;4;1;1;1;1;1;3;1;2;01;50;07;50;214,884945627807
4659605;1;4;2;1;1;1;1;1;3;3; ; ; ; ;400000;2;2;2;2;1;1;1;2;2;2;1;2;2;1;2;2;1;2;2;2;2;1;1;4;2; ;1;2;1;4;1;1;1;1;1;3;1;1;01;50;07;50;269,990749574082
4659606;1;5;2;1;1;1;1;1;3;3; ; ; ; ;450000;2;1;1;1;1;1;1;2;2;2;1;1;2;1;2;2;1;1;1;1;2;1;4;4;2; ;1;2;1;4;1;1;1;1;1;3;1;2;01;50;07;50;277,866137766654
4659607;1;5;4;1;1;1;1;1;3;3; ; ; ; ;450000;2;2;2;2;1;1;1;2;2;2;1;1;2;2;2;2;1;2;2;2;2;1;4;6;2; ;1;2;1;4;1;1;1;1;1;3;1;1;01;50;07;50;127,718035302248
4659608;1;4;3;1;1;1;1;1;3;1; ; ;98;400000; ;1;1;1;1;1;1;1;2;2;2;1;2;2;2;2;2;1;2;1;2;2;1;2;3;2; ;1;1;1;4;1;1;1;1;1;3;1;1;01;50;07;50;172,286318573482
4659609;1;4;3;1;1;1;1;1;3;3; ; ; ; ;500000;2;2;1;2;1;1;1;2;2;2;1;2;2;1;2;2;1;2;1;2;2;1;4;5;2; ;1;1;1;4;1;1;1;1;1;3;1;2;01;50;07;50;155,938362350742
4659610;1;4;3;1;1;1;1;1;3;3; ; ; ; ;550000;2;2;2;1;1;1;1;2;2;2;1;2;2;2;2;2;1;2;1;2;2;1;3;4;2; ;1;1;1;4;1;1;1;1;1;3;1;2;01;50;07;50;119,602955797935
4659612;1;4;3;1;1;1;1;1;3;3; ; ; ; ;2000000;1;1;1;1;1;1;1;2;2;2;1;2;1;2;2;2;2;2;2;2;2;1;3;3;2; ;1;1;1;4;1;6;1;1;1;3;1;1;01;50;07;50;172,66688259988
4659613;1;3;2;1;1;1;1;1;3;3; ; ; ; ;750000;2;1;1;1;1;1;1;2;2;2;1;2;2;1;2;2;1;2;1;1;2;1;2;2;2; ;1;2;1;4;1;2;1;1;1;3;1;1;01;50;07;50;204,692070970728
4659613;2;1;1;1;1;1;1;1;3;3; ; ; ; ;250000;2;2;2;2;2;2;2;2;2;2;2;2;2;2;2;2;2;2;2;2;2;1;1;1;2; ;2;2;1;4;1;2;1;1;1;3;1;1;01;50;07;50;204,692070970728
4659614;1;6;3;1;1;1;1;1;3;1; ; ;180000000;750000; ;2;1;1;1;1;1;1;1;2;2;1;2;1;1;2;2;1;2;2;1;2;1;3;3;2; ;1;1;1;4;1;3;1;1;1;3;1;1;01;50;07;50;182,197782622965
4659615;1;6;5;1;1;1;1;1;3;1; ; ;300000000;1200000; ;2;1;1;1;1;1;1;2;2;2;1;2;2;1;2;2;1;1;1;2;2;1;4;6;2; ;1;2;1;4;1;3;1;1;1;3;1;2;01;50;07;50;194,264397451708
4659616;1;4;1;1;1;1;1;1;3;3; ; ; ; ;470000;2;1;1;1;1;1;1;2;2;2;1;1;1;2;2;2;2;2;1;2;2;1;2;2;2; ;1;1;1;4;1;1;1;1;1;3;1;1;01;50;07;50;245,422759140808
4659617;1;4;3;1;1;1;1;1;3;3; ; ; ; ;650000;2;1;1;1;1;1;1;2;2;2;1;2;2;2;2;2;1;2;2;2;2;1;4;3;2; ;1;1;1;4;1;3;1;1;1;3;1;1;01;50;07;50;204,692070970728
4659618;1;4;3;1;1;1;1;1;3;3; ; ; ; ;500000;2;1;1;1;1;1;1;2;2;2;1;2;2;1;2;2;1;2;2;2;2;1;2;5;2; ;1;1;1;4;1;1;1;1;1;3;1;2;01;50;07;50;291,067162506572
4659619;1;4;3;1;1;1;1;1;3;1; ; ;98;500000; ;1;1;1;1;1;1;1;2;2;2;1;1;1;1;2;2;1;2;2;2;2;1;3;4;2; ;1;1;1;4;1;1;1;1;1;3;1;2;01;50;07;50;229,179091035944
4659620;1;4;3;1;1;1;1;1;3;3; ; ; ; ;700000;2;1;1;1;1;1;1;2;2;2;1;2;1;1;2;2;1;1;1;1;2;1;2;3;2; ;1;2;1;4;1;3;1;1;1;3;1;2;01;50;07;50;204,692070970728
4659621;1;4;2;1;1;1;1;1;3;1; ; ;160000000;650000; ;1;1;1;1;1;1;1;2;2;2;1;2;2;1;2;2;1;2;1;2;2;1;2;3;2; ;1;1;1;4;1;3;1;1;1;3;1;1;01;50;07;50;182,703139482571
4659622;1;4;3;1;1;1;1;1;3;1; ; ;140000000;500000; ;1;1;1;1;1;1;1;2;2;2;1;1;1;1;2;2;1;1;1;2;2;1;4;5;2; ;1;2;1;4;1;3;1;1;1;3;1;1;01;50;07;50;210,99502087014
4659623;1;4;3;1;1;1;1;1;3;1; ; ;140000000;600000; ;2;2;1;1;1;1;1;2;2;2;1;2;2;1;2;2;1;1;1;2;2;1;3;3;2; ;1;1;1;4;1;3;1;1;1;3;1;2;01;50;07;50;204,692070970728
4659624;1;4;1;1;1;1;1;1;3;1; ; ;30000000;350000; ;2;2;2;1;1;1;1;2;2;2;1;1;2;2;2;2;1;1;1;2;2;2; ;2;2; ;1;1;1;2;1;1;1;1;1;3;1;1;01;50;07;50;470,773004516235
4659625;1;4;3;1;1;1;1;1;3;3; ; ; ; ;450000;2;1;2;1;1;1;1;2;2;2;1;2;1;2;2;2;1;2;1;2;2;1;4;5;2; ;1;2;1;4;1;1;1;1;1;3;1;1;01;50;07;50;465,105612648147
4659626;1;4;3;1;1;1;1;1;3;5; ; ; ;400000; ;1;1;1;1;1;1;1;2;2;2;1;2;2;1;2;2;1;2;1;2;2;1;3;5;2; ;1;2;1;4;1;1;1;1;1;3;1;1;01;50;07;50;465,105612648147
4659627;1;4;3;1;1;1;1;1;3;3; ; ; ; ;600000;2;1;1;1;1;1;1;1;2;2;1;1;1;1;2;2;1;2;2;1;2;1;2;3;2; ;1;1;1;4;1;3;1;1;1;3;1;1;01;50;07;50;263,519662702004
4659628;1;4;3;1;1;1;1;1;3;1; ; ;50000000;350000; ;2;2;2;1;1;1;1;2;2;2;1;2;2;2;2;2;1;1;2;2;2;1;2;6;2; ;1;1;1;4;1;1;1;1;1;3;1;1;01;50;07;50;557,525129172502
4659629;1;4;1;1;1;1;1;1;3;3; ; ; ; ;300000;2;1;1;1;1;1;1;2;2;2;1;1;1;2;2;2;1;2;2;2;2;1;1;1;2; ;1;2;1;2;1;1;1;1;1;3;1;2;01;50;07;50;446,401791767172
4659630;1;4;3;1;1;1;1;1;3;3; ; ; ; ;450000;2;2;1;1;1;1;1;2;2;2;1;1;1;2;2;2;1;2;1;2;2;1;3;4;2; ;1;1;1;4;1;1;1;1;1;3;1;2;01;50;07;50;479,818294987621
4659631;1;4;3;1;1;1;1;1;3;3; ; ; ; ;900000;2;1;1;1;1;1;1;2;2;2;1;1;2;1;2;2;1;1;1;1;2;1;4;5;2; ;1;1;1;4;1;3;1;1;1;3;1;2;01;50;07;50;210,99502087014
4659632;1;4;3;1;1;1;1;1;3;1; ; ;98;98; ;1;1;1;1;1;1;1;2;2;2;1;2;1;1;2;2;1;1;2;1;2;1;3;4;2; ;1;1;1;4;1;3;1;1;1;3;1;2;01;50;07;50;239,371965693023
4659633;1;2;1;1;1;1;1;1;3;3; ; ; ; ;300000;2;2;2;1;1;1;1;2;2;2;1;2;2;2;2;2;2;2;2;2;2;2; ;2;2; ;1;1;1;2;1;1;1;1;1;3;1;1;01;50;07;50;162,261580889068
4659634;1;3;1;1;1;1;1;1;3;1; ; ;70000000;350000; ;1;1;1;1;1;1;1;1;2;2;1;2;2;1;2;2;1;1;2;2;2;1;2;2;2; ;1;2;1;2;1;1;1;1;1;3;1;1;01;50;07;50;235,767066284516
4659635;1;4;2;1;1;1;1;1;3;1; ; ;150000000;500000; ;2;2;2;1;1;1;1;2;2;2;1;2;2;1;2;2;1;2;2;2;2;1;2;2;2; ;1;1;1;4;1;1;1;1;1;3;1;1;01;50;07;50;159,944094424561
4659636;1;5;2;1;1;1;1;1;3;3; ; ; ; ;700000;1;1;1;1;1;1;1;2;2;2;1;1;1;1;1;2;1;2;2;2;2;1;2;2;2; ;1;1;1;4;1;3;1;1;1;3;1;2;01;50;07;50;202,699339253275
4659637;1;5;3;1;1;1;1;1;3;3; ; ; ; ;700000;2;1;1;1;1;1;1;2;2;2;1;2;2;1;2;2;1;1;1;1;2;1;3;4;2; ;1;1;1;4;1;3;1;1;1;3;1;1;01;50;07;50;277,866137766654
4659638;1;4;3;1;1;1;1;1;3;3; ; ; ; ;850000;1;1;1;1;1;1;1;2;2;2;1;2;2;2;2;2;1;1;2;1;2;1;2;3;2; ;1;1;1;4;1;3;1;1;1;3;1;2;01;50;07;50;214,884945627807
4659639;1;3;1;1;1;1;1;1;3;3; ; ; ; ;450000;2;2;2;1;1;1;1;2;2;2;1;2;2;2;2;2;1;2;2;2;2;1;2;2;2; ;1;2;1;4;1;2;1;1;1;3;1;2;01;50;07;50;225,193627601038
4659640;1;4;2;1;1;1;1;1;3;2; ;1200000;98;400000; ;2;1;1;1;1;1;1;2;2;2;1;1;1;2;2;2;1;2;1;2;2;1;2;4;2; ;1;2;1;4;1;2;1;1;1;3;1;1;01;50;07;50;311,725336911271
4659641;1;4;2;1;1;1;1;1;3;3; ; ; ; ;700000;2;1;1;1;1;1;1;2;1;2;1;1;1;1;2;2;1;1;2;1;2;1;4;4;2; ;1;1;1;4;1;3;1;1;1;3;1;1;01;50;07;50;194,383388997497
4659642;1;2;1;1;1;1;1;1;3;3; ; ; ; ;300000;2;1;1;1;2;2;1;2;2;2;2;2;2;1;2;2;1;2;1;2;2;1;1;1;2; ;1;2;1;4;1;1;1;1;1;3;1;2;01;50;07;50;223,044278109197
4659643;1;3;2;1;1;1;1;1;3;3; ; ; ; ;600000;2;1;1;2;1;1;1;2;2;2;1;2;2;2;2;2;2;2;2;2;2;1;3;3;2; ;1;2;1;4;1;4;1;1;1;3;1;2;01;50;07;50;150,015976477728
4659644;1;2;1;1;1;1;1;6; ;3; ; ; ; ;700000;2;1;1;1;1;1;1;2;2;2;1;1;2;1;2;2;2;2;2;2;2;1;1;1;2; ;1;2;1;4;1;3;1;1;1;3;1;2;01;50;07;50;223,200895883586
4659648;1;10;1;1;1;1;1;1;4;1; ; ;700000000;800000; ;1;2;2;2;1;1;1;2;2;1;1;2;2;2;2;2;2;2;2;2;1;2; ;1;2; ;1;1;1;4;1;5;2;1;1;3;1;1;01;52;07;52;160,448605369787
4659649;1;4;2;1;1;1;1;1;4;1; ; ;98;800000; ;1;1;1;1;1;1;1;1;1;1;1;1;1;2;2;2;2;2;2;1;2;1;3;3;2; ;1;2;1;4;1;5;2;1;1;3;1;1;01;52;07;52;99,3511192087471
4659650;1;3;2;1;1;1;1;1;4;1; ; ;200000000;1000000; ;1;1;1;1;1;1;1;1;1;1;1;2;1;1;2;2;2;2;2;2;2;1;2;3;2; ;1;2;1;4;1;5;2;1;1;3;1;1;01;52;07;52;205,304306832092
4659651;1;1;1;1;1;1;1;1;4;4; ; ; ;200000; ;2;2;2;2;2;1;1;2;2;2;1;2;1;2;2;2;2;2;2;2;2;1;1;1;2; ;1;1;1;2;1;1;2;1;1;3;1;1;01;52;07;52;214,111718416747
4659652;1;3;2;1;1;1;1;1;4;4; ; ; ;450000; ;2;1;1;2;1;1;1;2;2;1;1;2;2;1;2;2;2;2;1;2;2;1;3;4;2; ;1;2;1;4;1;2;2;1;1;3;1;1;01;52;07;52;220,713786831344
4659654;1;4;2;1;1;1;1;1;4;4; ; ; ;300000; ;2;1;1;2;2;1;1;2;2;2;1;1;1;1;2;2;2;2;1;2;2;1;2;2;2; ;1;1;1;2;1;2;2;1;1;3;1;1;01;52;07;52;229,521198416
4659655;1;4;3;1;1;1;1;1;4;1; ; ;98;1000000; ;1;1;1;1;1;1;1;1;1;1;1;2;1;1;1;2;2;1;2;1;2;1;3;3;2; ;1;1;1;4;1;5;2;1;1;3;1;1;01;52;07;52;99,3511192087471
4659656;1;3;2;1;1;1;1;1;4;4; ; ; ;300000; ;1;1;1;2;1;2;1;2;2;2;1;2;1;1;2;2;2;1;1;2;2;1;2;2;2; ;1;1;1;4;1;2;2;1;1;3;1;1;01;52;07;52;229,521198416
4659657;1;2;2;1;1;1;1;1;4;4; ; ; ;100000; ;2;2;2;2;2;1;1;2;2;2;1;2;2;2;2;2;2;2;2;2;2;1;1;4;2; ;1;1;5;1;1;1;2;1;1;3;1;1;01;52;07;52;197,328043260489
4659658;1;6;1;1;1;1;1;1;3;1; ; ;200000000;800000; ;1;1;1;1;1;1;1;2;2;1;1;2;2;1;2;2;2;2;2;2;2;1;1;1;2; ;1;1;1;4;1;2;1;1;1;3;1;1;01;52;07;52;160,448605369787
4659659;1;3;2;1;1;1;1;1;4;1; ; ;99;200000; ;2;1;2;2;1;1;1;2;2;2;1;2;1;2;2;2;2;1;1;2;2;1;3;3;2; ;1;1;1;4;1;1;2;1;1;3;1;1;01;52;07;52;181,142264242078
4659660;1;7;5;1;1;1;1;1;4;1; ; ;98;250000; ;2;1;2;2;1;1;1;2;2;2;1;2;2;2;2;2;2;1;2;2;2;1;4;5;2; ;1;1;1;4;1;2;2;1;1;3;1;1;01;52;07;52;104,53200260788
4659661;1;3;2;1;1;1;1;1;4;4; ; ; ;120000; ;2;2;2;2;2;1;1;2;2;2;1;2;2;2;2;2;2;2;2;2;2;1;3;4;2; ;1;1;5;2;1;1;2;1;1;3;1;1;01;52;07;52;220,610791292561
4659662;1;2;1;1;1;1;1;1;4;3; ; ; ; ;180000;2;1;1;2;2;2;1;2;2;2;1;2;1;2;2;2;2;2;2;2;2;1;1;1;2; ;1;2;1;4;1;1;2;1;1;3;1;1;01;52;07;52;214,111718416747
4659663;1;2;2;1;1;1;1;1;3;3; ; ; ; ;130000;2;1;2;2;2;2;1;2;2;2;1;2;2;2;2;2;2;2;2;2;2;1;1;5;2; ;1;4;1;2;1;1;1;1;1;3;1;1;01;52;07;52;222,862824385956
4659664;1;3;2;1;1;1;1;1;4;4; ; ; ;350000; ;2;2;1;1;1;1;1;2;2;2;1;1;2;1;2;2;2;2;2;2;2;1;1;2;2; ;1;2;1;4;1;2;2;1;1;3;1;1;01;52;07;52;248,062689133086
4659665;1;2;1;1;1;1;1;1;4;3; ; ; ; ;200000;2;1;1;2;2;2;1;2;2;2;1;2;2;2;2;2;2;2;2;2;2;1;1;3;2; ;1;2;1;4;1;1;2;1;1;3;1;1;01;52;07;52;209,809056085379
4659666;1;3;3;1;1;1;1;1;4;3; ; ; ; ;350000;2;2;2;2;1;1;1;2;2;1;1;2;2;2;2;2;2;2;2;2;2;1;2;4;2; ;1;2;1;4;1;2;2;1;1;3;1;1;01;52;07;52;160,70560653286
4659667;1;4;3;1;1;1;1;1;4;1; ; ;100000000;500000; ;1;1;1;2;1;1;2;2;2;2;1;1;1;1;2;2;2;2;2;2;2;1;3;8;2; ;1;1;1;4;1;2;2;1;1;3;1;1;01;52;07;52;238,767961481114
4659668;1;5;4;1;1;1;1;1;4;3; ; ; ; ;500000;2;1;1;1;1;1;1;2;1;2;1;2;1;1;2;2;2;2;2;2;2;1;4;8;2; ;1;2;1;4;1;2;2;1;1;3;1;1;01;52;07;52;264,16776527903
4659669;1;1;1;1;1;1;1;2;4;1; ; ;10000000;200000; ;2;2;2;2;2;1;1;2;2;2;1;2;2;2;2;2;2;2;2;2;2;1;2;4;2; ;1;1;1;1;1;1;2;1;1;3;1;1;01;52;07;52;232,133911277748
4659670;1;3;3;1;2;1;1;1;4;3; ; ; ; ;150000;2;2;2;2;1;1;1;2;2;2;1;2;2;2;2;2;2;2;2;2;2;1;1;5;2; ;1;4;1;2;1;2;2;1;1;3;1;1;01;52;07;52;222,246583017868
4659671;1;2;1;1;1;1;1;1;4;3; ; ; ; ;200000;2;2;2;2;1;1;1;2;2;1;1;2;1;2;2;2;2;1;2;2;2;1;1;1;2; ;1;2;1;3;1;1;2;1;1;3;1;1;01;52;07;52;214,111718416747
4659672;1;1;1;1;1;1;1;6; ;3; ; ; ; ;100000;2;2;2;2;2;2;2;2;2;2;1;2;2;2;2;2;2;2;2;2;2;1;1;2;2; ;1;1;1;2;1;1;2;1;1;3;1;1;01;52;07;52;215,64451460327
4659673;1;1;1;1;1;1;1;1;4;2; ;120000;98;98; ;2;2;2;2;1;1;1;2;2;2;1;2;1;2;2;2;2;2;2;2;2;1;3;3;2; ;1;1;1;4;1;2;2;1;1;3;1;1;01;52;07;52;174,123893510178
4659674;1;3;1;1;1;1;1;1;4;1; ; ;98;350000; ;2;2;2;2;1;1;1;2;2;2;1;1;2;2;2;2;2;2;2;2;2;1;1;1;2; ;1;1;1;4;1;2;1;1;1;3;1;1;01;52;07;52;160,448605369787
4659675;1;1;1;1;1;1;1;2;4;1; ; ;40000000;100000; ;2;2;2;2;2;1;1;2;2;2;1;2;2;2;2;2;2;2;2;2;2;1;1;2;2; ;1;1;1;1;1;0;2;1;1;3;1;1;01;52;07;52;105,051300463966
4659676;1;1;1;1;1;1;1;1;4;3; ; ; ; ;150000;2;2;2;2;1;1;1;2;2;2;1;2;2;2;2;2;2;2;2;2;2;1;2;4;2; ;1;1;1;2;1;1;2;1;1;3;1;1;01;52;07;52;280,434247169909
4659677;1;2;2;1;1;1;1;1;3;1; ; ;98;300000; ;2;2;1;2;2;1;1;2;2;2;1;2;2;2;2;2;2;2;2;2;2;1;2;3;2; ;1;1;1;2;1;1;1;1;1;3;1;1;01;52;07;52;174,123893510178
4659678;1;4;1;1;1;1;1;1;3;1; ; ;80000000;250000; ;2;1;1;1;1;1;1;2;2;2;1;2;2;2;2;2;2;2;2;2;2;1;1;1;2; ;1;2;1;4;1;1;1;1;1;3;1;1;01;52;07;52;160,448605369787
4659679;1;4;4;1;1;1;1;1;4;1; ; ;98;400000; ;2;2;2;1;1;1;1;2;2;1;1;2;2;2;2;2;2;2;1;2;2;1;4;4;2; ;1;2;1;4;1;2;2;1;1;3;1;1;01;52;07;52;190,30967252859
4659680;1;3;2;1;1;1;1;1;3;2; ;500000;250000000;400000; ;2;1;1;1;1;1;1;1;1;2;1;2;1;1;2;2;2;2;1;2;2;1;2;3;2; ;1;2;1;4;1;2;1;1;1;3;1;1;01;52;07;52;198,182940561409
4659681;1;4;2;1;1;1;1;1;4;3; ; ; ; ;200000;2;2;1;2;1;1;1;2;2;1;1;1;2;1;2;2;2;2;2;2;2;1;2;4;2; ;1;2;1;4;1;2;2;1;1;3;1;1;01;52;07;52;220,610791292561
4659682;1;4;3;1;1;1;1;1;4;3; ; ; ; ;200000;2;2;1;2;1;1;1;2;2;2;1;1;1;1;2;2;2;2;2;1;2;1;3;5;2; ;1;1;1;2;1;1;2;1;1;3;1;1;01;52;07;52;225,997965704383
4659683;1;1;1;1;1;1;1;1;4;3; ; ; ; ;200000;2;2;2;2;2;1;1;2;2;2;1;2;2;2;2;2;2;2;2;2;2;1;1;2;2; ;1;2;1;2;1;1;2;1;1;3;1;1;01;52;07;52;159,490712530084
4659684;1;5;3;1;1;1;1;1;4;1; ; ;70000000;200000; ;2;2;2;1;2;1;1;2;2;2;1;1;1;2;2;2;2;2;2;2;2;1;2;3;2; ;1;2;1;4;1;2;2;1;1;3;1;1;01;52;07;52;177,390881555563
4659685;1;3;2;1;1;1;1;1;4;3; ; ; ; ;500000;1;1;1;1;1;1;1;1;1;1;1;2;2;1;2;2;2;2;1;2;2;1;2;3;2; ;1;2;1;4;1;2;2;1;1;3;1;1;01;52;07;52;198,182940561409
4659686;1;5;2;1;1;1;1;1;4;1; ; ;98;1000000; ;1;1;1;1;1;1;1;2;1;1;1;1;1;1;1;2;2;1;2;1;2;1;2;2;2; ;1;1;1;6;1;5;2;1;1;3;1;1;01;52;07;52;105,051300463966
4659687;1;4;3;1;1;1;1;1;4;3; ; ; ; ;280000;2;1;2;2;1;1;1;2;2;2;1;2;2;2;2;2;2;2;2;2;2;1;4;5;2; ;1;2;1;4;1;2;2;1;1;3;1;1;01;52;07;52;227,527631290313
4659688;1;1;1;1;2;1;1;6; ;3; ; ; ; ;250000;2;2;1;2;2;2;2;2;2;1;1;2;2;1;2;2;2;2;2;2;2;1;1;1;2; ;1;4;1;4;1;5;2;1;1;3;1;1;01;52;07;52;214,111718416747
4659689;1;1;1;1;1;1;1;2;4;1; ; ;16000000;100000; ;2;2;2;2;2;2;1;2;2;2;1;2;2;2;2;2;2;2;2;2;2;1;1;1;2; ;1;1;1;1;1;0;2;1;1;3;1;1;01;52;07;52;200,235034604018
4659690;1;4;3;1;1;1;1;1;4;1; ; ;98;400000; ;2;1;1;1;1;1;1;2;2;1;1;2;1;1;2;2;2;1;1;1;2;1;3;4;2; ;1;2;1;4;1;2;2;1;1;3;1;1;01;52;07;52;146,052623700972
4659691;1;1;1;1;1;1;1;1;4;3; ; ; ; ;250000;2;2;2;2;2;1;1;2;2;2;1;2;2;2;2;2;2;2;2;2;2;1;1;1;2; ;1;2;1;4;1;2;2;1;1;3;1;1;01;52;07;52;221,130089148647
4659692;1;1;1;1;1;1;1;1;4;4; ; ; ;200000; ;2;2;2;2;2;1;1;2;2;2;1;2;2;2;2;2;2;1;2;2;2;1;2;4;2; ;1;2;1;2;1;1;2;1;1;3;1;1;01;52;07;52;302,940696182822
4659693;1;3;1;1;2;1;1;1;4;2; ;335000;70000000;350000; ;2;1;1;1;1;1;1;1;1;1;1;1;1;1;2;2;2;2;1;2;2;1;1;1;2; ;1;2;1;4;1;2;2;1;1;3;1;1;01;52;07;52;237,651467611892
4659693;2;2;1;1;2;1;1;1;4;3; ; ; ; ;150000;2;1;1;2;1;1;1;2;1;1;1;2;2;2;2;2;2;2;2;2;2;1;1;3;2; ;2;2;1;4;1;2;2;1;1;3;1;1;01;52;07;52;237,651467611892
4659694;1;5;1;1;1;1;1;1;4;1; ; ;350000000;1000000; ;2;1;1;1;1;1;1;1;1;1;1;1;1;1;2;2;2;2;2;1;2;1;2;2;2; ;1;1;1;4;1;4;2;1;1;3;1;1;01;52;07;52;161,98140155631
4659695;1;3;2;1;1;1;1;1;4;3; ; ; ; ;160000;2;1;1;2;1;1;1;2;1;1;1;1;1;1;2;2;2;2;2;2;2;1;3;3;2; ;1;2;1;4;1;2;2;1;1;3;1;1;01;52;07;52;174,900192529337
4659696;1;4;3;1;1;1;1;1;4;1; ; ;98;98; ;2;1;2;2;2;1;1;2;2;1;1;2;1;1;2;2;2;2;1;2;2;1;2;3;2; ;1;2;1;4;1;2;2;1;1;3;1;1;01;52;07;52;177,390881555563
4659697;1;2;1;1;1;1;1;1;4;1; ; ;100000000;800000; ;2;2;2;2;2;1;1;2;2;2;1;2;2;2;2;2;2;2;2;2;2;2; ;1;2; ;1;1;1;2;1;2;2;1;1;3;1;1;01;52;07;52;160,448605369787
4659698;1;1;1;1;2;1;1;1;4;3; ; ; ; ;80000;2;2;2;2;2;1;1;2;2;2;1;2;1;2;2;2;2;2;2;2;2;1;1;1;2; ;1;4;1;4;1;2;2;1;1;3;1;1;01;52;07;52;143,304933511673
4659699;1;5;4;1;1;1;1;1;4;1; ; ;150000000;800000; ;2;2;1;1;1;1;1;2;2;2;1;2;1;1;2;2;2;1;2;2;2;1;3;5;2; ;1;1;1;4;1;2;2;1;1;3;1;1;01;52;07;52;250,810379322385
4659700;1;6;5;1;1;1;1;1;3;1; ; ;30000000;500000; ;1;2;1;2;1;1;1;2;2;2;1;2;2;1;2;2;2;2;1;2;2;1;5;6;2; ;1;1;1;4;1;2;1;1;1;3;1;1;01;52;07;52;128,810551709304
4659701;1;4;2;1;1;1;1;1;3;2; ;530000;160000000;600000; ;2;1;1;1;1;1;1;2;2;1;1;2;1;1;1;2;2;1;1;2;2;1;2;2;2; ;1;2;1;4;1;3;1;1;1;3;1;1;01;52;07;52;144,837729698196
4659702;1;4;2;1;1;1;1;1;3;1; ; ;98;800000; ;1;2;1;1;1;1;1;1;2;1;1;2;1;1;2;2;2;2;2;2;2;1;2;2;2; ;1;2;1;4;1;3;1;1;1;3;1;1;01;52;07;52;105,051300463966
4659703;1;2;1;1;1;1;1;1;4;3; ; ; ; ;280000;2;1;2;2;1;1;1;2;2;2;1;2;1;2;2;2;2;1;2;2;2;1;2;2;2; ;1;2;1;4;1;2;2;1;1;3;1;1;01;52;07;52;144,837729698196
4659704;1;3;1;1;1;1;1;1;4;1; ; ;50000000;300000; ;2;2;2;2;1;1;1;2;2;2;1;2;2;2;2;2;2;2;1;2;2;1;2;2;2; ;1;2;1;4;1;2;2;1;1;3;1;1;01;52;07;52;161,98140155631
4659705;1;4;3;1;1;1;1;1;4;3; ; ; ; ;470000;2;1;1;1;1;1;1;2;1;1;1;2;2;1;2;2;2;2;2;1;2;1;3;4;2; ;1;2;1;4;1;3;2;1;1;3;1;1;01;52;07;52;197,328043260489
4659706;1;4;3;1;1;1;1;1;4;1; ; ;98;600000; ;2;1;1;1;1;1;1;2;1;1;1;1;1;1;2;2;2;2;2;2;2;1;3;4;2; ;1;1;1;4;1;2;2;1;1;3;1;1;01;52;07;52;207,453344386704
4659707;1;4;3;1;1;1;1;1;4;3; ; ; ; ;700000;2;1;1;1;1;1;1;2;1;1;1;1;1;1;2;2;2;2;2;2;2;1;3;4;2; ;1;2;1;4;1;3;2;1;1;3;1;1;01;52;07;52;232,236906816531
4659708;1;2;1;1;1;1;1;1;4;3; ; ; ; ;250000;2;2;2;2;1;1;1;2;1;2;1;1;1;1;2;2;2;1;2;2;2;1;2;4;2; ;1;1;1;4;1;2;2;1;1;3;1;1;01;52;07;52;237,651467611892
4659709;1;3;2;1;1;1;1;1;4;3; ; ; ; ;250000;2;1;2;2;1;1;1;2;2;1;1;2;2;2;2;2;2;1;1;2;2;1;2;4;2; ;1;2;1;4;1;2;2;1;1;3;1;1;01;52;07;52;380,765851819796
4659710;1;1;1;1;1;1;1;1;4;3; ; ; ; ;200000;2;2;2;2;2;1;1;2;2;1;1;2;2;2;2;2;2;2;2;2;2;1;2;3;2; ;1;2;1;4;1;2;2;1;1;3;1;1;01;52;07;52;198,959239580568
4659711;1;3;1;1;1;1;1;1;3;3; ; ; ; ;600000;2;1;2;2;1;1;1;2;2;1;1;2;2;2;2;2;2;2;2;1;2;1;1;1;2; ;1;2;1;3;1;3;1;1;1;3;1;1;01;52;07;52;214,111718416747
4659712;1;4;1;1;1;1;1;1;4;3; ; ; ; ;450000;2;1;2;1;1;1;1;2;2;1;1;2;1;2;2;2;2;2;2;2;2;1;1;1;2; ;1;2;1;4;1;3;2;1;1;3;1;1;01;52;07;52;160,448605369787
4659713;1;4;2;1;1;1;1;1;4;3; ; ; ; ;500000;1;2;2;1;1;1;1;2;2;2;1;2;2;2;2;2;2;2;2;2;2;1;2;3;2; ;1;2;1;4;1;2;2;1;1;3;1;1;01;52;07;52;198,182940561409
4659714;1;5;5;1;1;1;1;1;3;1; ; ;100000000;400000; ;2;2;1;2;2;1;1;2;2;1;1;2;2;1;2;2;2;2;2;2;2;1;4;7;2; ;1;2;1;4;1;2;1;1;1;3;1;1;01;52;07;52;253,738846496749
4659715;1;3;2;1;1;1;1;1;4;1; ; ;70000000;200000; ;2;1;1;2;1;1;1;2;2;2;1;2;2;1;2;2;2;2;2;1;2;1;3;4;2; ;1;2;1;4;1;2;2;1;1;3;1;1;01;52;07;52;146,052623700972
4659716;1;1;1;1;1;1;1;1;4;3; ; ; ; ;200000;2;1;2;2;2;2;1;2;2;2;1;2;2;2;2;2;2;1;2;2;2;1;2;3;2; ;1;2;1;2;1;1;2;1;1;3;1;1;01;52;07;52;263,472169132339
4659717;1;1;1;1;1;1;1;1;4;3; ; ; ; ;300000;2;1;2;2;2;1;1;2;2;2;1;2;2;2;2;2;2;2;2;2;2;1;2;2;2; ;1;2;1;4;1;2;2;1;1;3;1;1;01;52;07;52;165,732784242825
4659718;1;1;1;1;1;1;1;1;4;3; ; ; ; ;3000000;2;1;2;2;1;1;1;2;2;2;1;2;2;2;2;2;2;2;2;2;2;1;1;1;2; ;1;2;1;4;1;2;2;1;1;3;1;1;01;52;07;52;143,304933511673
4659719;1;3;2;1;1;1;1;1;4;1; ; ;250000000;1000000; ;1;1;1;1;1;1;1;2;1;1;1;2;2;1;2;2;2;1;1;1;2;1;2;2;2; ;1;1;1;4;1;2;2;1;1;3;1;1;01;52;07;52;158,714413510926
4659720;1;4;3;1;1;1;1;1;3;1; ; ;98;500000; ;2;1;1;1;1;1;1;2;1;1;1;2;1;1;2;2;2;2;1;2;2;1;2;3;2; ;1;1;1;4;1;2;1;1;1;3;1;1;01;52;07;52;120,460780463218
4659721;1;2;1;1;1;1;1;1;3;3; ; ; ; ;320000;2;1;1;2;1;1;1;2;2;2;1;2;2;2;2;2;2;1;2;2;2;1;2;3;2; ;1;2;1;4;1;2;1;1;1;3;1;1;01;52;07;52;276,784395217541
4659722;1;6;5;1;1;1;1;1;3;1; ; ;70000000;400000; ;1;2;1;1;1;1;1;2;2;2;1;2;1;1;2;2;2;1;2;2;2;1;6;8;2; ;1;1;1;4;1;2;1;1;1;3;1;1;01;52;07;52;151,696799275867
4659723;1;4;3;1;1;1;1;1;4;3; ; ; ; ;500000;2;1;1;1;1;1;1;2;2;2;1;1;1;2;2;2;2;2;2;2;2;1;4;4;2; ;1;1;1;4;1;2;1;1;1;3;1;1;01;52;07;52;135,870260462471
4659724;1;3;2;1;1;1;1;1;4;3; ; ; ; ;700000;2;1;1;1;1;1;1;2;2;2;1;2;2;2;2;2;2;1;1;2;2;1;3;3;2; ;1;2;1;4;1;2;2;1;1;3;1;1;01;52;07;52;177,390881555563
4659725;1;3;2;1;1;1;1;1;3;3; ; ; ; ;430000;2;1;1;1;1;1;1;1;2;2;1;2;2;2;2;2;2;2;1;2;2;1;1;3;2; ;1;2;1;4;1;2;1;1;1;3;1;1;01;52;07;52;263,472169132339
4659726;1;6;3;1;1;1;1;1;4;1; ; ;700000000;1000000; ;1;1;1;1;1;1;1;2;2;2;1;1;1;1;2;2;2;2;2;2;2;1;3;3;2; ;1;1;1;4;1;4;2;1;1;3;1;1;01;52;07;52;167,265580429349
4659727;1;5;3;1;1;1;1;1;4;1; ; ;150000000;400000; ;1;1;2;1;1;1;1;2;2;2;1;2;2;2;2;2;2;1;2;2;2;1;5;7;2; ;1;1;1;4;1;2;2;1;1;3;1;1;01;52;07;52;99,3511192087471
4659728;1;5;2;1;1;1;1;1;3;1; ; ;150000000;450000; ;2;2;1;1;1;1;1;2;1;1;1;2;1;2;2;2;2;2;2;1;2;1;2;3;2; ;1;2;1;4;1;2;1;1;1;3;1;1;01;52;07;52;120,460780463218
4659729;1;3;1;1;1;1;1;1;1;4; ; ; ;400000; ;2;1;2;1;1;1;1;1;1;1;1;2;2;2;2;2;2;2;2;2;2;1;1;1;2; ;1;1;1;4;1;2;2;1;1;3;1;1;01;52;07;52;160,448605369787
4659730;1;6;4;1;1;1;1;1;4;1; ; ;98;98; ;1;1;1;1;1;1;1;1;1;1;1;2;1;1;1;2;2;2;2;1;1;1;4;5;2; ;1;1;1;4;1;4;2;1;1;3;1;1;01;52;07;52;287,432816050015
4659731;1;3;2;1;1;1;1;1;4;1; ; ;99;100000; ;1;1;1;2;1;1;1;2;2;2;1;2;2;2;2;2;2;2;2;2;2;1;2;3;2; ;1;2;1;4;1;2;2;1;1;3;1;1;01;52;07;52;178,167180574721
4659733;1;3;3;1;1;1;1;1;4;3; ; ; ; ;250000;2;1;1;2;1;1;1;2;1;2;1;2;2;2;2;2;2;2;2;2;2;1;5;5;2; ;1;2;1;4;1;2;2;1;1;3;1;1;01;52;07;52;212,737523259742
4659734;1;3;1;1;1;1;1;1;4;1; ; ;50000000;300000; ;1;1;1;1;1;1;1;2;2;2;1;2;1;2;2;2;2;2;1;2;2;1;2;2;2; ;1;2;1;4;1;2;2;1;1;3;1;1;01;52;07;52;161,98140155631
4659735;1;1;1;1;1;1;1;1;4;3; ; ; ; ;300000;2;1;2;2;2;1;1;2;2;2;1;2;2;2;2;2;2;2;1;2;2;1;2;3;2; ;1;2;1;4;1;2;2;1;1;3;1;1;01;52;07;52;263,472169132339
4659736;1;3;2;1;1;1;1;1;3;1; ; ;60000000;250000; ;1;1;1;1;1;1;1;2;2;1;1;2;2;1;2;2;2;2;2;2;2;1;3;3;2; ;1;2;1;4;1;2;1;1;1;3;1;1;01;52;07;52;106,584096650489
4659737;1;2;1;1;1;1;1;2;4;3; ; ; ; ;200000;2;1;2;2;2;2;1;2;2;2;2;2;2;2;2;2;2;2;2;2;2;1;1;2;2; ;1;2;1;4;1;1;2;1;1;3;1;1;01;52;07;52;248,062689133086
4659738;1;2;1;1;1;1;1;1;4;3; ; ; ; ;300000;2;2;2;2;1;2;1;2;2;1;1;1;1;1;2;2;2;2;1;2;2;1;1;1;2; ;1;2;1;2;1;1;2;1;1;3;1;1;01;52;07;52;214,111718416747
4659739;1;1;1;1;2;1;1;2;4;3; ; ; ; ;200000;2;2;2;2;2;2;1;2;2;2;1;1;2;2;2;2;2;2;1;2;2;1;1;1;2; ;1;4;1;2;1;1;2;1;1;3;1;1;01;52;07;52;214,111718416747
4659740;1;1;1;1;1;1;1;2;4;3; ; ; ; ;120000;2;2;2;2;2;1;1;2;2;2;1;1;1;2;2;2;2;2;2;2;2;1;1;2;2; ;1;4;1;2;1;1;2;1;1;3;1;1;01;52;07;52;248,062689133086
4659741;1;3;2;1;1;1;1;1;4;3; ; ; ; ;250000;2;1;1;2;1;1;1;1;1;1;1;1;1;1;2;2;2;2;1;2;2;1;2;2;2; ;1;2;1;4;1;2;2;1;1;3;1;1;01;52;07;52;165,732784242825
4659742;1;2;1;1;1;1;1;1;4;3; ; ; ; ;360000;2;1;1;1;2;1;1;2;2;1;1;2;2;1;2;2;2;2;1;2;2;1;1;1;2; ;1;2;1;4;1;2;2;1;1;3;1;1;01;52;07;52;214,888017435905
4659743;1;1;1;1;1;1;1;2;4;4; ; ; ;98; ;2;1;2;2;2;2;1;2;2;2;1;2;2;2;2;2;2;2;2;2;2;1;1;1;2; ;1;1;2;2;1;1;2;1;1;3;1;1;01;52;07;52;160,448605369787
4659744;1;3;2;1;1;1;1;1;4;3; ; ; ; ;550000;2;2;2;1;1;1;1;2;2;2;1;2;2;1;2;2;2;2;2;2;2;1;1;2;2; ;1;2;1;4;1;5;2;1;1;3;1;1;01;52;07;52;182,773460562156
4659745;1;1;1;1;2;1;1;1;4;3; ; ; ; ;250000;2;2;1;2;2;2;1;2;2;2;1;2;2;1;2;2;2;2;2;2;2;1;1;1;2; ;1;4;1;4;1;5;2;1;1;3;1;1;01;52;07;52;221,130089148647
4659746;1;3;2;1;1;1;1;1;4;3; ; ; ; ;300000;1;2;2;2;1;1;1;2;2;1;1;2;2;2;2;2;2;2;2;2;2;1;2;2;2; ;1;2;1;4;1;5;2;1;1;3;1;1;01;52;07;52;182,876456100939
4659747;1;1;1;1;1;1;1;6; ;3; ; ; ; ;270000;2;2;1;2;2;2;2;2;2;1;2;2;2;1;2;2;2;2;2;2;2;1;1;1;2; ;1;4;1;3;1;5;2;1;1;3;1;1;01;52;07;52;214,111718416747
4659748;1;3;2;1;2;1;1;1;4;3; ; ; ; ;200000;2;1;1;2;2;1;1;2;2;2;1;1;1;1;2;2;2;2;1;2;2;1;3;3;2; ;1;4;1;4;1;2;2;1;1;3;1;1;01;52;07;52;181,918563261237
4659749;1;5;1;1;1;1;1;1;3;1; ; ;98;300000; ;2;2;2;2;2;1;1;2;2;1;1;2;2;2;2;2;2;2;2;2;2;1;1;2;2; ;1;1;1;4;1;2;1;1;1;3;1;1;01;52;07;52;182,773460562156
4659750;1;5;1;1;1;1;1;1;4;4; ; ; ;98; ;2;2;2;2;2;2;1;2;2;1;1;2;2;2;2;2;2;2;2;1;2;1;1;1;2; ;1;1;1;4;1;5;2;1;1;3;1;1;01;52;07;52;160,448605369787
4659751;1;5;2;1;1;1;1;1;3;1; ; ;70000000;500000; ;1;2;1;1;1;1;1;2;1;2;1;1;1;1;2;2;1;1;2;2;2;1;3;3;2; ;1;1;1;4;1;2;1;1;1;3;1;2;01;54;07;54;378,879048162106
4659752;1;2;2;1;1;1;1;1;4;3; ; ; ; ;350000;2;2;2;2;1;1;1;2;2;2;1;2;2;2;2;2;1;2;2;2;2;1;2;4;2; ;1;1;1;2;1;2;2;1;1;3;1;2;01;54;07;54;448,797415709759
4659753;1;3;2;1;1;1;1;1;4;3; ; ; ; ;400000;2;2;2;2;1;1;1;2;2;2;1;2;2;2;2;2;1;2;2;2;2;1;1;2;1;1;1;2;1;4;1;2;1;1;1;3;1;2;01;54;07;54;323,81578113207
4659756;1;4;3;1;1;1;1;1;3;5; ; ; ;200000; ;2;1;2;2;1;1;1;2;2;2;1;2;1;2;2;2;1;2;2;2;2;1;3;6;2; ;1;1;1;2;1;1;1;1;1;3;1;2;01;54;07;54;334,927105929251
4659757;1;3;2;1;1;1;1;1;4;3; ; ; ; ;150000;2;2;1;2;2;2;1;2;2;2;2;2;2;2;2;2;1;2;2;2;2;2; ;6;2; ;1;1;5;2;1;1;2;1;1;3;1;2;01;54;07;54;633,300614213645
4659757;2;1;1;1;1;1;1;1;4;3; ; ; ; ;75000;2;2;2;2;2;2;2;2;2;2;2;2;2;2;2;2;1;2;2;2;2;2; ;3;2; ;2;1;5;2;1;1;2;1;1;3;1;2;01;54;07;54;633,300614213645
4659758;1;3;1;1;1;1;1;1;3;1; ; ;98;800000; ;2;2;1;1;1;1;1;1;1;2;1;2;2;1;2;1;2;2;1;1;2;1;2;2;2; ;1;2;1;4;1;5;1;1;1;3;1;2;01;54;07;54;457,238996321613
4659759;1;4;2;1;1;1;1;1;4;4; ; ; ;300000; ;2;1;2;1;1;1;1;2;2;2;1;2;1;2;2;2;1;1;1;2;2;1;2;3;2; ;1;2;1;4;1;2;2;1;1;3;1;2;01;54;07;54;358,52573713872
4659760;1;4;1;1;1;1;1;1;3;1; ; ;98;1500000; ;1;1;1;1;1;1;1;1;1;1;1;1;1;1;1;1;1;2;2;1;2;1;2;2;2; ;1;2;1;4;1;5;1;1;1;3;1;2;01;54;07;54;349,356858033031
4659761;1;2;1;1;1;1;1;1;3;1; ; ;98;800000; ;1;1;1;1;1;1;1;1;1;2;1;2;1;1;2;2;1;2;2;1;2;1;2;5;2; ;1;2;1;4;1;5;1;1;1;3;1;2;01;54;07;54;470,1292596671
4659762;1;6;2;1;1;1;1;1;4;4; ; ; ;2000000; ;2;1;1;1;1;1;1;1;2;1;1;1;1;1;1;1;1;1;2;2;2;1;2;2;2; ;1;1;1;4;1;5;2;1;1;3;1;2;01;54;07;54;419,696840549146
4659763;1;4;2;1;1;1;1;6; ;4; ; ; ;400000; ;2;1;1;1;1;2;2;2;2;2;1;2;2;2;2;2;1;2;1;2;2;2; ;2;2; ;1;1;1;4;1;2;1;1;1;3;1;2;01;54;07;54;443,12239003815
4659764;1;5;1;1;1;1;1;1;4;5; ; ; ;200000; ;2;1;2;2;1;1;1;2;2;2;1;2;2;1;2;2;1;2;2;2;2;2; ;5;2; ;1;1;1;2;1;1;2;1;1;3;1;2;01;54;07;54;434,419498860189
4659765;1;2;1;1;1;1;1;1;3;3; ; ; ; ;630000;1;1;1;1;1;1;1;1;1;2;1;1;1;1;2;2;1;1;2;1;2;1;2;2;2; ;1;2;1;4;1;5;1;1;1;3;1;2;01;54;07;54;297,536209996955
4659767;1;3;1;1;1;1;1;1;3;3; ; ; ; ;400000;2;2;1;2;1;2;1;2;2;2;1;2;1;2;2;2;1;2;1;2;2;1;1;1;2; ;1;1;1;4;1;1;1;1;1;3;1;2;01;54;07;54;413,600199909075
4659768;1;3;2;1;1;1;1;1;3;1; ; ;70000000;400000; ;1;1;1;2;1;1;1;1;2;2;1;1;1;1;2;2;1;2;2;2;2;1;1;2;1;3;1;1;1;4;1;1;1;1;1;3;1;2;01;54;07;54;466,167836727502
4659769;1;4;2;1;1;1;1;1;4;4; ; ; ;300000; ;2;2;1;1;1;1;1;2;2;2;1;2;2;2;2;2;1;1;2;1;2;1;2;5;2; ;1;1;1;4;1;1;2;1;1;3;1;2;01;54;07;54;520,677404057057
4659771;1;3;2;1;1;1;1;1;4;5; ; ; ;200000; ;2;2;2;2;1;1;1;2;2;2;1;2;2;2;2;2;1;2;2;2;2;1;3;3;2; ;1;1;1;2;1;1;2;1;1;3;1;2;01;54;07;54;412,680129406258
4659772;1;3;2;1;1;1;1;1;3;4; ; ; ;300000; ;1;2;1;1;1;1;1;2;2;2;1;2;2;1;2;2;1;1;2;2;2;1;1;2;2; ;1;2;1;4;1;2;1;1;1;3;1;2;01;54;07;54;293,101014193752
4659772;2;5;4;1;1;1;1;1;3;4; ; ; ;500000; ;1;1;1;1;1;1;1;1;2;2;1;2;1;1;1;2;1;1;1;2;2;1;3;5;2; ;2;2;1;4;1;2;1;1;1;3;1;2;01;54;07;54;293,101014193752
4659773;1;5;3;1;1;1;1;1;4;5; ; ; ;98; ;1;1;2;1;1;1;1;2;2;2;1;2;2;2;2;2;1;2;1;2;2;1;3;8;2; ;1;1;1;4;1;2;2;1;1;3;1;2;01;54;07;54;512,346636310914
4659774;1;2;1;1;1;1;1;6; ;1; ; ;28000000;300000; ;1;2;2;2;1;1;1;2;2;2;1;2;2;2;2;2;1;2;2;2;2;2; ;1;2; ;1;2;1;4;1;2;2;1;1;3;1;2;01;54;07;54;343,260217392959
4659775;1;5;2;1;1;1;1;1;3;3; ; ; ; ;400000;2;2;2;1;1;1;1;1;2;2;1;1;2;2;2;2;2;1;1;2;2;1;2;3;2; ;1;1;1;4;1;2;1;1;1;3;1;2;01;54;07;54;375,375118602039
4659776;1;3;2;1;1;1;1;1;3;4; ; ; ;300000; ;2;1;2;1;1;1;1;2;2;2;1;2;2;2;2;2;1;2;2;2;2;1;2;3;2; ;1;2;1;4;1;2;1;1;1;3;1;2;01;54;07;54;384,06681403968
4659777;1;4;3;1;1;1;1;1;4;5; ; ; ;300000; ;1;1;1;2;1;1;1;2;2;2;1;2;1;1;2;2;1;2;2;2;2;1;2;5;2; ;1;2;1;2;1;2;2;1;1;3;1;2;01;54;07;54;471,581551833004
4659778;1;4;2;1;1;1;1;1;3;5; ; ; ;250000; ;2;2;2;2;1;1;1;2;2;2;2;2;2;2;2;2;1;2;2;2;2;1;1;2;2; ;1;1;1;4;1;2;1;1;1;3;1;2;01;54;07;54;349,356858033031
4659779;1;3;2;1;1;1;1;1;3;3; ; ; ; ;350000;2;2;2;1;1;1;1;2;2;2;2;2;2;2;2;2;1;2;1;2;2;1;3;8;2; ;1;1;1;4;1;2;1;1;1;3;1;2;01;54;07;54;457,955099075129
4659780;1;2;1;1;1;1;1;6; ;4; ; ; ;150000; ;2;2;2;2;2;2;2;2;2;2;1;2;2;2;2;2;1;1;2;2;2;2; ;1;2; ;1;2;1;2;1;2;2;1;1;3;1;2;01;54;07;54;413,600199909075
4659781;1;1;1;1;2;1;1;1;3;3; ; ; ; ;50000;2;1;2;2;2;2;1;2;2;2;1;2;2;2;2;2;1;2;2;2;2;1;1;6;2; ;1;3;1;4;1;2;1;1;1;3;1;2;01;54;07;54;289,343162633098
4659782;1;3;1;1;1;1;1;1;4;3; ; ; ; ;300000;2;2;2;1;2;2;1;2;2;2;2;2;2;2;2;2;1;2;2;2;2;1;1;1;2; ;1;1;1;2;1;2;2;1;1;3;1;2;01;54;07;54;413,600199909075
4659783;1;1;1;1;2;1;1;6; ;3; ; ; ; ;50000;2;2;2;2;2;2;2;2;2;2;1;2;2;2;2;2;1;2;2;2;2;2; ;1;2; ;1;3;1;4;1;2;2;1;1;3;1;2;01;54;07;54;413,600199909075
4659784;1;2;1;1;1;1;1;1;3;4; ; ; ;200000; ;2;2;2;2;2;1;1;2;2;2;1;2;2;2;2;2;1;2;2;2;2;1;1;1;2; ;1;1;1;4;1;2;1;1;1;3;1;2;01;54;07;54;413,600199909075
4659785;1;3;1;1;2;1;1;1;4;1; ; ;99;350000; ;2;2;2;2;1;1;1;2;2;2;1;2;2;2;2;2;1;2;2;2;2;2; ;1;2; ;1;1;1;4;1;2;2;1;1;2;1;2;01;54;07;54;384,986884542497
4659786;1;3;2;1;1;1;1;1;3;3; ; ; ; ;300000;2;2;2;2;1;1;1;2;2;2;1;2;2;2;2;2;1;1;2;2;2;1;3;4;2; ;1;1;1;4;1;2;1;1;1;2;1;2;01;54;07;54;404,897308731114
4659787;1;4;3;1;1;1;1;1;3;1; ; ;98;550000; ;2;1;1;1;1;1;1;2;2;2;1;2;2;1;2;2;1;2;1;2;2;1;3;5;2; ;1;1;1;4;1;3;1;1;1;3;1;2;01;54;07;54;369,267282221648
4659790;1;5;3;1;1;1;1;3;4;4; ; ; ;600000; ;1;1;1;1;1;1;1;2;2;2;1;2;2;1;2;2;1;1;2;2;2;1;4;6;2; ;1;1;1;4;1;3;2;1;1;3;1;2;01;54;07;54;670,51450244067
4659791;1;4;3;1;1;1;1;1;3;3; ; ; ; ;400000;2;2;2;1;1;1;1;1;2;2;1;1;2;1;2;2;1;1;1;2;1;1;4;4;2; ;1;1;1;4;1;3;1;1;1;3;1;2;01;54;07;54;375,884962416143
4659792;1;4;1;1;1;1;1;1;3;5; ; ; ;500000; ;2;1;2;1;1;1;1;2;2;2;1;2;2;2;2;2;1;1;2;2;2;1;1;4;2; ;1;2;1;4;1;3;1;1;1;3;1;2;01;54;07;54;360,836897350113
4659793;1;3;1;1;1;1;1;1;3;3; ; ; ; ;300000;2;2;2;2;1;1;1;2;2;2;1;1;2;2;2;2;1;2;1;2;2;1;2;2;2; ;1;1;1;4;1;2;1;1;1;3;1;2;01;54;07;54;302,72397587453
4659794;1;5;2;1;1;1;1;1;3;1; ; ;98;500000; ;2;1;1;1;1;1;1;2;2;2;1;2;1;2;2;2;1;2;2;2;2;1;1;2;2; ;1;1;1;4;1;3;1;1;1;3;1;2;01;54;07;54;232,383993358414
4659798;1;3;2;1;1;1;1;1;3;3; ; ; ; ;250000;2;1;2;2;1;1;1;2;2;2;1;2;1;2;2;2;1;2;2;2;2;1;2;5;2; ;1;1;1;2;1;1;1;1;1;3;1;2;01;54;07;54;391,290546261755
4659799;1;3;2;1;1;1;1;1;3;1; ; ;50000000;400000; ;1;1;1;1;1;1;1;2;2;2;1;2;2;2;2;2;1;1;2;2;2;1;2;3;2; ;1;2;1;4;1;1;1;1;1;3;1;2;01;54;07;54;191,847751839984
4659800;1;3;2;1;1;1;1;1;3;5; ; ; ;200000; ;2;1;2;2;1;1;1;2;2;2;1;2;2;2;2;2;1;1;2;2;2;1;2;3;2; ;1;1;1;2;1;1;1;1;1;3;1;2;01;54;07;54;317,74945692049
4659801;1;3;2;1;1;1;1;4;4;3; ; ; ; ;200000;2;2;2;1;1;1;1;2;2;2;1;2;2;2;2;2;1;2;2;2;2;1;2;3;2; ;1;1;1;2;1;1;2;1;1;3;1;2;01;54;07;54;507,852991708229
4659802;1;3;2;1;1;1;1;1;3;3; ; ; ; ;200000;2;1;2;1;1;1;1;2;2;2;1;2;2;2;2;2;1;1;2;2;2;1;3;5;2; ;1;1;1;4;1;1;1;1;1;3;1;2;01;54;07;54;282,359469110824
4659805;1;2;1;1;1;1;1;1;3;1; ; ;98;98; ;2;2;2;2;1;1;1;2;2;2;1;2;2;2;2;2;1;2;2;2;2;2; ;2;2; ;1;1;1;4;1;2;1;1;1;3;1;2;01;54;07;54;349,356858033031
4659806;1;2;1;1;1;1;1;1;4;1; ; ;40000000;150000; ;2;2;2;2;2;2;1;2;2;2;2;2;2;2;2;2;2;1;2;2;2;2; ;2;2; ;1;1;3;2;1;2;2;1;1;3;1;2;01;54;07;54;377,970173399609
4659807;1;4;3;1;1;1;1;1;3;5; ; ; ;350000; ;2;1;1;1;1;1;1;2;2;2;1;1;1;1;2;2;1;1;1;2;2;1;4;4;2; ;1;1;1;4;1;2;1;1;1;3;1;2;01;54;07;54;189,445121951213
4659808;1;3;1;1;1;1;1;3;3;3; ; ; ; ;300000;2;1;1;1;1;1;1;2;2;2;1;2;1;1;2;2;1;2;2;2;2;1;1;1;2; ;1;2;1;4;1;1;1;1;1;3;1;2;01;54;07;54;268,01401986788
4659809;1;3;2;1;1;1;1;1;3;4; ; ; ;300000; ;2;2;2;2;1;2;1;2;2;2;1;2;1;2;2;2;1;1;2;2;2;1;2;5;2; ;1;2;1;4;1;2;1;1;1;3;1;2;01;54;07;54;462,652711427115
4659810;1;3;2;1;1;1;1;1;3;5; ; ; ;300000; ;1;1;1;1;1;1;1;2;2;2;1;2;1;2;2;2;1;2;1;2;2;1;3;3;2; ;1;1;1;4;1;2;1;1;1;3;1;2;01;54;07;54;189,445121951213
4659811;1;3;2;1;1;1;1;1;4;5; ; ; ;200000; ;2;2;2;2;2;1;1;2;2;2;1;2;2;2;2;2;1;1;2;2;2;2; ;2;2; ;1;1;1;2;1;2;2;1;1;3;1;2;01;54;07;54;302,72397587453
4659812;1;1;1;1;1;1;1;5;4;5; ; ; ;300000; ;2;1;2;1;1;1;1;2;2;2;1;2;1;2;2;2;1;1;1;2;2;1;2;5;2; ;1;1;1;2;1;1;2;1;1;3;1;2;01;54;07;54;658,343043040821
4659813;1;1;1;1;1;1;1;1;4;5; ; ; ;300000; ;2;1;1;2;1;1;1;2;2;2;1;1;1;2;2;2;1;1;1;2;2;1;2;3;2; ;1;2;1;4;1;2;2;1;1;3;1;2;01;54;07;54;358,52573713872
4659814;1;3;2;1;1;1;1;1;3;4; ; ; ;200000; ;2;1;1;1;1;1;1;1;2;2;1;2;1;2;2;1;1;1;1;2;2;1;2;4;2; ;1;1;1;4;1;2;1;1;1;3;1;2;01;54;07;54;388,047927267795
4659815;1;3;2;1;1;1;1;1;3;5; ; ; ;250000; ;2;1;2;1;1;1;1;2;2;2;1;2;2;2;2;2;1;1;2;2;2;1;2;4;2; ;1;1;1;2;1;2;1;1;1;3;1;2;01;54;07;54;402,164533551258
4659816;1;3;2;1;1;1;1;3;4;4; ; ; ;300000; ;2;2;2;1;1;1;1;2;2;2;1;1;1;2;2;2;1;2;2;2;2;1;2;2;2; ;1;1;1;4;1;2;2;1;1;3;1;2;01;54;07;54;311,652816280418
4659818;1;3;2;1;1;1;1;1;4;5; ; ; ;200000; ;2;1;2;1;1;1;1;2;2;2;1;2;1;2;2;2;1;1;1;2;2;1;3;4;2; ;1;1;1;2;1;1;2;1;1;3;1;2;01;54;07;54;413,826149137003
4659819;1;2;2;1;1;1;2;5;3;1; ; ;30000000;250000; ;2;2;2;2;1;1;1;2;2;2;1;2;2;2;2;2;1;2;1;2;2;1;4;5;2; ;1;1;1;4;1;2;1;1;1;3;2; ;01;54;07;54;323,804585391751
4659821;1;3;2;1;2;1;1;1;3;1; ; ;98;300000; ;2;1;2;2;1;1;1;2;2;2;1;2;2;2;2;2;1;2;2;2;2;2; ;2;2; ;1;1;1;2;1;2;1;1;1;3;1;2;01;54;07;54;412,680129406258
4659821;2;1;1;1;2;1;1;6; ;3; ; ; ; ;120000;2;2;2;2;2;2;2;2;2;2;2;2;2;2;2;2;1;2;2;2;2;2; ;1;2; ;2;1;1;2;1;2;1;1;1;3;1;2;01;54;07;54;412,680129406258
4659822;1;4;3;1;1;1;1;1;3;1; ; ;98;300000; ;1;1;1;1;1;1;1;2;2;2;1;2;2;2;2;2;1;2;2;2;2;1;3;4;2; ;1;1;1;4;1;2;1;1;1;3;1;2;01;54;07;54;192,756626602482
4659932;1;3;2;1;1;1;1;1;3;3; ; ; ; ;650000;1;1;1;1;1;1;1;2;1;1;1;2;1;1;2;2;2;1;1;1;2;1;2;2;2; ;1;1;1;4;1;3;1;1;1;2;1;1;01;66;07;66;309,229163819405
4659933;1;4;3;1;1;1;1;1;3;3; ; ; ; ;650000;1;1;1;1;1;1;1;1;2;2;1;2;2;2;2;2;2;2;2;1;2;1;3;4;2; ;1;1;1;4;1;3;1;1;1;2;1;1;01;66;07;66;351,486480042828
4659934;1;4;3;1;1;1;1;3;3;3; ; ; ; ;870000;2;1;1;1;1;1;1;1;2;1;1;1;1;1;2;2;1;1;2;1;2;1;2;4;2; ;1;1;1;4;1;3;1;1;1;2;1;1;01;66;07;66;390,443867847919
4659935;1;3;1;1;1;1;1;1;3;2; ;98;98;750000; ;1;1;1;1;1;1;1;2;1;1;1;1;1;2;2;2;2;2;2;2;2;1;1;1;2; ;1;1;1;4;1;3;1;1;1;2;1;1;01;66;07;66;311,276002746899
4659936;1;4;3;1;1;1;1;1;3;1; ; ;220000000;800000; ;1;1;1;1;1;1;1;1;2;2;1;2;2;2;2;2;2;2;2;1;2;1;3;5;2; ;1;1;1;4;1;3;1;1;1;2;1;1;01;66;07;66;407,798456970074
4659937;1;4;3;1;1;1;1;1;3;2; ;1750000;220000000;900000; ;1;1;1;1;1;1;1;1;1;1;1;1;1;1;2;2;1;1;2;1;1;1;4;4;2; ;1;1;1;4;1;3;1;1;1;2;1;1;01;66;07;66;267,285006622743
4659938;1;5;3;1;1;1;1;1;3;3; ; ; ; ;500000;1;1;1;1;1;1;1;2;2;2;1;2;1;2;2;2;2;2;2;2;2;1;1;3;2; ;1;1;1;4;1;3;1;1;1;2;1;1;01;66;07;66;332,914936408317
4659939;1;4;2;1;1;1;1;1;3;3; ; ; ; ;800000;1;1;1;1;1;1;1;1;1;1;1;1;1;1;2;2;1;1;1;1;2;1;2;3;2; ;1;1;1;4;1;3;1;1;1;2;1;1;01;66;07;66;337,919133479816
4659940;1;5;4;1;1;1;1;1;3;1; ; ;110000000;800000; ;1;1;1;1;1;1;1;1;2;1;1;1;1;2;2;2;2;1;2;2;2;1;2;5;2; ;1;1;1;4;1;3;1;1;1;2;1;1;01;66;07;66;372,188155860439
4659941;1;4;1;1;1;1;1;1;3;4; ; ; ;800000; ;1;1;1;1;1;1;1;1;1;2;1;1;1;1;2;2;2;1;2;1;2;1;1;1;2; ;1;1;1;4;1;3;1;1;1;2;1;1;01;66;07;66;291,874574697251
4659942;1;4;1;1;1;1;1;3;3;2; ;650000;160000000;700000; ;1;1;1;1;1;1;1;1;2;2;1;1;1;1;2;2;2;2;2;1;2;1;1;1;2; ;1;1;1;4;1;3;1;1;1;2;1;1;01;66;07;66;291,874574697251
4659943;1;4;2;1;1;1;1;1;3;1; ; ;160000000;800000; ;1;1;1;1;1;1;1;1;1;1;1;1;1;1;2;2;1;1;1;1;1;1;2;2;2; ;1;2;1;4;1;6;1;1;1;2;1;1;01;66;07;66;236,583148869419
4659944;1;4;1;1;1;1;1;1;3;3; ; ; ; ;1100000;1;1;1;1;1;1;1;2;1;1;1;1;1;1;2;2;2;2;2;1;2;1;2;2;2; ;1;2;1;4;1;6;1;1;1;2;1;1;01;66;07;66;241,251194501447
4659945;1;4;1;1;1;1;1;1;3;1; ; ;220000000;700000; ;1;1;1;1;1;1;1;1;1;1;1;1;1;1;2;2;2;2;2;1;2;1;1;1;2; ;1;2;1;4;1;6;1;1;1;2;1;1;01;66;07;66;311,276002746899
4659946;1;4;1;1;1;1;1;1;3;1; ; ;230000000;1000000; ;1;1;1;1;1;1;1;1;1;1;1;2;1;2;2;2;2;1;2;1;2;1;1;1;2; ;1;2;1;4;1;6;1;1;1;2;1;1;01;66;07;66;223,896605379292
4659947;1;2;1;1;1;1;1;1;3;3; ; ; ; ;600000;2;1;1;1;1;1;1;2;2;1;1;2;1;1;2;2;2;2;2;1;2;1;1;1;2; ;1;2;1;4;1;6;1;1;1;2;1;1;01;66;07;66;291,874574697251
4659948;1;3;1;1;1;1;1;1;3;3; ; ; ; ;500000;1;1;1;1;1;1;1;1;2;1;1;1;1;1;2;2;1;2;1;1;2;1;1;1;2; ;1;2;1;4;1;6;1;1;1;2;1;1;01;66;07;66;291,874574697251
4659949;1;4;2;1;1;1;1;1;3;1; ; ;130000000;550000; ;1;1;1;1;1;1;1;1;2;1;1;1;1;2;2;2;2;2;2;2;2;1;2;2;2; ;1;2;1;4;1;4;1;1;1;2;1;1;01;66;07;66;241,251194501447
4659950;1;3;1;1;1;1;1;1;4;4; ; ; ;650000; ;1;1;1;1;1;1;1;1;2;1;1;2;1;1;2;2;2;2;2;2;2;1;1;1;2; ;1;2;1;4;1;4;2;1;1;2;1;1;01;66;07;66;223,896605379292
4659951;1;4;1;1;1;1;1;1;3;4; ; ; ;500000; ;2;2;2;1;1;1;1;2;2;2;1;2;2;2;2;2;2;2;2;2;2;1;1;1;2; ;1;2;1;4;1;4;1;1;1;2;1;1;01;66;07;66;311,276002746899
4659952;1;4;3;1;1;1;1;1;3;3; ; ; ; ;650000;1;1;1;1;1;1;1;1;2;1;1;2;2;2;2;2;2;2;2;2;2;1;2;4;2; ;1;2;1;4;1;4;1;1;1;2;1;1;01;66;07;66;414,849492969065
4659953;1;4;2;1;1;1;1;1;3;1; ; ;11000000;700000; ;1;1;1;1;1;1;1;1;1;1;1;2;2;1;2;2;2;2;2;1;2;1;2;2;2; ;1;2;1;4;1;4;1;1;1;2;1;1;01;66;07;66;324,843349309911
4659954;1;5;3;1;1;1;1;1;3;3; ; ; ; ;370000;2;1;2;1;1;1;1;2;2;2;1;2;1;2;2;2;2;2;1;2;2;1;3;4;2; ;1;1;1;4;1;2;1;1;1;2;1;1;01;66;07;66;282,627707651984
4659955;1;3;2;1;1;1;1;1;3;3; ; ; ; ;380000;2;2;2;1;1;1;1;2;2;2;1;2;2;2;2;2;2;1;2;2;2;1;1;3;2; ;1;2;1;4;1;2;1;1;1;2;1;1;01;66;07;66;357,100483597621
4659956;1;5;4;1;1;1;1;1;3;3; ; ; ; ;400000;2;1;1;1;1;1;1;2;2;2;1;1;1;1;2;2;1;1;1;2;2;1;4;7;2; ;1;1;1;4;1;3;1;1;1;2;1;1;01;66;07;66;378,484388492617
4659957;1;3;1;1;1;1;1;1;3;1; ; ;98;98; ;1;1;2;1;1;1;1;2;2;2;1;2;2;2;2;2;2;2;2;2;2;1;1;2;2; ;1;1;1;4;1;2;1;1;1;2;1;1;01;66;07;66;241,251194501447
4659958;1;6;3;1;1;1;1;1;3;1; ; ;80000000;400000; ;1;1;1;1;1;1;1;2;2;2;1;2;2;1;2;2;2;2;1;2;2;1;2;4;2; ;1;1;1;4;1;2;1;1;1;2;1;1;01;66;07;66;271,072249181886
4659959;1;5;4;1;1;1;1;1;3;1; ; ;100000000;400000; ;1;1;1;1;1;1;1;2;2;2;1;1;1;1;2;2;1;1;2;2;2;1;4;4;2; ;1;1;1;4;1;3;1;1;1;2;1;1;01;66;07;66;271,292327113729
4659960;1;4;3;1;1;1;1;1;3;3; ; ; ; ;400000;2;1;1;1;1;1;1;1;2;2;1;1;1;1;2;2;2;2;2;2;2;1;3;4;2; ;1;2;1;4;1;2;1;1;1;2;1;1;01;66;07;66;327,080854921681
4659961;1;3;2;1;1;1;1;1;3;3; ; ; ; ;350000;2;1;2;2;1;1;1;2;2;2;1;2;1;2;2;2;1;1;2;2;2;1;2;4;2; ;1;1;1;4;1;3;1;1;1;2;1;1;01;66;07;66;330,648019548981
4659962;1;4;2;1;1;1;1;1;3;1; ; ;80000000;700000; ;1;1;1;1;1;1;1;1;1;1;1;2;1;2;2;2;2;2;2;2;2;1;2;3;2; ;1;2;1;4;1;3;1;1;1;2;1;1;01;66;07;66;326,58375294156
4659963;1;4;3;1;1;1;1;1;3;3; ; ; ; ;600000;2;1;1;1;1;1;1;2;2;2;1;2;2;1;2;2;2;2;2;1;2;1;3;5;2; ;1;2;1;4;1;4;1;1;1;2;1;1;01;66;07;66;348,002608671136
4659964;1;3;1;1;1;1;1;1;3;3; ; ; ; ;320000;2;1;1;1;1;1;1;1;2;2;1;1;1;1;2;2;2;1;1;2;2;1;1;1;2; ;1;2;1;4;1;3;1;1;1;2;1;1;01;66;07;66;291,874574697251
4659965;1;4;3;1;1;1;1;1;3;1; ; ;90000000;700000; ;1;1;1;1;1;1;1;2;2;1;1;2;2;2;2;2;2;2;2;2;2;1;3;4;2; ;1;2;1;4;1;4;1;1;1;2;1;1;01;66;07;66;203,094279863927
4659966;1;5;4;1;1;1;1;1;3;3; ; ; ; ;550000;1;1;2;1;1;1;1;2;2;1;1;2;1;2;2;2;2;2;2;2;2;1;5;5;2; ;1;2;1;4;1;4;1;1;1;2;1;1;01;66;07;66;146,960706812372
4659967;1;2;1;1;1;1;1;1;3;3; ; ; ; ;720000;2;1;1;1;1;1;1;2;2;2;1;2;2;1;2;2;2;2;2;1;2;1;2;2;2; ;1;2;1;4;1;6;1;1;1;2;1;1;01;66;07;66;236,583148869419
4659968;1;5;2;1;1;1;1;1;3;1; ; ;100000000;500000; ;1;1;1;1;1;1;1;2;2;2;1;2;1;1;2;2;2;1;2;2;2;1;2;3;2; ;1;1;1;4;1;3;1;1;1;2;1;1;01;66;07;66;258,385705691758
4659969;1;5;2;1;1;1;1;1;3;1; ; ;280000000;1200000; ;1;1;1;1;1;1;1;1;1;1;1;1;1;1;1;2;1;1;2;2;2;1;2;2;2; ;1;2;1;4;1;6;1;1;1;2;1;1;01;66;07;66;241,251194501447
4659970;1;4;3;1;1;1;1;1;3;4; ; ; ;600000; ;1;1;1;1;1;1;1;2;1;2;1;2;1;2;1;2;2;2;2;1;2;1;4;6;2; ;1;2;1;4;1;4;1;1;1;2;1;1;01;66;07;66;229,957488528687
4659971;1;3;2;1;1;1;1;1;3;3; ; ; ; ;440000;1;2;1;1;1;1;1;2;2;2;1;2;2;1;2;2;1;2;2;2;2;1;2;3;2; ;1;2;1;4;1;3;1;1;1;2;1;1;01;66;07;66;337,919133479816
4659972;1;4;1;1;1;1;1;1;3;2; ;1417000;140000000;1000000; ;1;1;1;1;1;1;1;1;1;1;1;2;1;2;1;2;2;2;2;1;2;1;1;1;2; ;1;2;1;4;1;6;1;1;1;2;1;1;01;66;07;66;311,276002746899
4659973;1;2;1;1;1;1;1;1;3;3; ; ; ; ;330000;2;1;2;1;1;1;1;2;1;2;1;1;2;2;2;2;1;2;2;2;2;1;1;1;2; ;1;2;1;4;1;3;1;1;1;2;1;1;01;66;07;66;291,874574697251
4659974;1;5;2;1;1;1;1;1;3;1; ; ;220000000;1300000; ;2;1;1;1;1;1;1;1;1;1;1;1;1;1;1;2;1;1;2;1;2;1;2;2;2; ;1;2;1;4;1;6;1;1;1;2;1;1;01;66;07;66;305,441921260263
4659975;1;3;1;1;1;1;1;1;3;3; ; ; ; ;800000;2;1;1;1;1;1;1;2;2;1;1;2;2;1;2;2;2;2;2;2;2;1;1;1;2; ;1;2;1;4;1;6;1;1;1;2;1;1;01;66;07;66;238,629987796913
4659976;1;4;1;1;1;1;1;1;3;3; ; ; ; ;500000;1;1;1;1;1;1;1;1;2;1;1;1;2;1;2;2;2;2;2;2;2;1;1;1;2; ;1;2;1;4;1;4;1;1;1;2;1;1;01;66;07;66;311,276002746899
4659977;1;5;2;1;1;1;1;1;3;3; ; ; ; ;450000;2;1;1;1;1;1;1;2;1;2;1;1;1;2;2;2;1;1;1;1;2;1;2;3;2; ;1;1;1;4;1;3;1;1;1;2;1;1;01;66;07;66;337,919133479816
4659978;1;3;1;1;1;1;1;1;3;3; ; ; ; ;330000;2;1;1;1;1;1;1;2;2;2;1;2;1;1;2;2;2;2;1;2;2;1;1;1;2; ;1;2;1;4;1;3;1;1;1;2;1;1;01;66;07;66;311,276002746899
4659979;1;4;3;1;1;1;1;1;3;3; ; ; ; ;550000;1;1;1;1;1;1;1;1;2;1;1;2;2;1;2;2;2;2;1;1;2;1;3;3;2; ;1;1;1;4;1;4;1;1;1;2;1;1;01;66;07;66;166,558340623967
4659980;1;4;2;1;1;1;1;1;3;3; ; ; ; ;550000;1;2;1;1;1;1;1;1;2;2;1;2;2;2;2;2;2;2;2;2;2;1;2;3;2; ;1;1;1;4;1;4;1;1;1;2;1;1;01;66;07;66;313,513508358669
4659981;1;2;2;1;1;1;1;2;3;4; ; ; ;160000; ;2;2;2;2;2;2;1;2;2;2;1;2;2;2;2;2;2;2;2;2;2;2; ;4;2; ;1;2;7;2;1;1;1;1;1;2;1;1;01;66;07;66;286,466356740548
4659982;1;2;2;1;1;1;1;1;3;4; ; ; ;350000; ;2;2;2;2;1;2;1;2;2;2;2;2;2;2;2;2;2;2;2;2;2;1;1;6;2; ;1;2;4;2;1;1;1;1;1;2;1;1;01;66;07;66;441,98418609509
4659983;1;3;2;1;1;1;1;1;3;2; ;340000;80000000;350000; ;1;1;1;1;1;1;1;2;2;2;1;2;2;2;2;2;2;2;2;2;2;1;1;3;2; ;1;1;1;4;1;2;1;1;1;2;1;1;01;66;07;66;357,320561529464
4659984;1;3;2;1;1;1;1;1;3;1; ; ;75000000;400000; ;1;1;1;1;1;1;1;2;2;2;1;2;1;2;2;2;2;2;1;2;2;1;4;4;2; ;1;1;1;4;1;2;1;1;1;2;1;1;01;66;07;66;248,103656504938
4659985;1;3;1;1;1;1;1;1;3;1; ; ;80000000;400000; ;2;2;2;1;1;1;1;2;2;2;1;2;2;2;2;2;2;2;2;2;2;1;1;1;2; ;1;1;1;4;1;2;1;1;1;2;1;1;01;66;07;66;238,629987796913
4659986;1;5;3;1;1;1;1;1;3;2; ;1600000;160000000;800000; ;1;1;1;1;1;1;1;2;2;1;1;1;1;1;2;2;2;1;2;1;2;1;4;4;2; ;1;1;1;4;1;3;1;1;1;2;1;1;01;66;07;66;327,080854921681
4659987;1;4;2;1;1;1;1;1;3;3; ; ; ; ;550000;1;1;1;1;1;1;1;1;2;2;1;1;1;1;2;2;2;2;1;2;2;1;2;4;2; ;1;1;1;4;1;2;1;1;1;2;1;1;01;66;07;66;414,849492969065
4659988;1;4;2;1;1;1;1;1;3;3; ; ; ; ;280000;2;2;2;1;1;1;1;2;2;2;1;1;1;2;2;2;2;2;1;2;2;1;2;3;2; ;1;2;1;4;1;2;1;1;1;2;1;1;01;66;07;66;307,182324891912
4659989;1;3;2;1;1;1;1;1;3;1; ; ;60000000;400000; ;1;1;1;1;1;1;1;2;2;1;1;2;2;2;2;2;2;2;1;2;2;1;3;3;2; ;1;2;1;4;1;2;1;1;1;2;1;1;01;66;07;66;250,150495432431
4659990;1;4;2;1;1;1;1;1;3;1; ; ;120000000;700000; ;1;1;1;1;1;1;1;2;2;2;1;1;1;1;2;2;1;2;1;2;2;1;2;2;2; ;1;1;1;4;1;3;1;1;1;2;1;1;01;66;07;66;252,197334359925
4659991;1;3;2;1;1;1;1;1;3;1; ; ;30000000;300000; ;1;1;2;1;1;2;1;2;2;2;1;1;1;2;2;2;2;1;1;2;2;1;3;3;2; ;1;2;1;4;1;2;1;1;1;2;1;1;01;66;07;66;307,182324891912
4659992;1;4;3;1;1;1;1;1;3;3; ; ; ; ;470000;2;1;1;1;1;1;1;2;2;2;1;2;2;2;2;2;2;2;1;2;2;1;5;7;2; ;1;2;1;4;1;3;1;1;1;2;1;1;01;66;07;66;455,551532658102
4659993;1;4;2;1;1;1;1;1;3;3; ; ; ; ;600000;1;1;1;1;1;1;1;1;1;1;1;1;1;1;2;2;1;1;2;1;2;1;3;3;2; ;1;2;1;4;1;3;1;1;1;2;1;1;01;66;07;66;269,55192348208
4659994;1;3;1;1;1;1;1;1;3;2; ;90000000;450000;500000; ;2;1;1;1;1;1;1;1;2;2;1;1;1;1;2;2;2;1;1;2;2;1;2;2;2; ;1;2;1;4;1;2;1;1;1;2;1;1;01;66;07;66;236,583148869419
4659995;1;3;2;1;1;1;1;1;3;3; ; ; ; ;450000;1;1;1;1;1;1;1;1;1;2;1;1;1;1;2;2;2;1;1;2;2;1;2;4;2; ;1;2;1;4;1;3;1;1;1;2;1;1;01;66;07;66;390,443867847919
4659996;1;2;1;1;1;1;1;1;4;1; ; ;40000000;280000; ;2;2;2;1;1;1;1;2;2;2;1;2;1;2;2;2;2;2;2;2;2;1;1;2;2; ;1;1;1;4;1;3;2;1;1;2;1;1;01;66;07;66;315,560347286162
4659997;1;3;2;1;1;1;1;1;3;1; ; ;130000000;600000; ;1;1;1;1;1;1;1;1;1;1;1;2;1;2;2;2;2;2;2;1;2;1;2;3;2; ;1;1;1;4;1;3;1;1;1;2;1;1;01;66;07;66;410,565148429802
4659998;1;3;2;1;1;1;1;1;3;1; ; ;45000000;260000; ;2;2;2;1;1;1;1;2;2;2;1;2;2;2;2;2;2;2;2;2;2;1;2;2;2; ;1;1;1;4;1;3;1;1;1;2;1;1;01;66;07;66;324,843349309911
4659999;1;5;3;1;1;1;1;1;3;1; ; ;95000000;700000; ;1;1;1;1;1;1;1;2;1;1;1;1;1;1;2;2;2;2;1;1;2;1;4;4;2; ;1;2;1;4;1;3;1;1;1;2;1;1;01;66;07;66;263,717841995444
4660000;1;4;2;1;1;1;1;1;3;3; ; ; ; ;370000;1;1;1;1;1;1;1;2;2;2;1;2;1;1;2;2;1;1;1;2;2;1;2;3;2; ;1;2;1;4;1;2;1;1;1;2;1;1;01;66;07;66;357,100483597621
4660001;1;4;2;1;1;1;1;1;3;3; ; ; ; ;470000;2;1;1;1;1;1;1;2;2;1;1;1;1;1;2;2;2;2;2;1;2;1;1;2;2; ;1;2;1;4;1;3;1;1;1;2;1;1;01;66;07;66;309,229163819405
4660002;1;4;2;1;1;1;1;1;3;3; ; ; ; ;450000;2;1;1;1;1;1;1;2;2;2;1;1;1;2;2;2;2;1;1;2;2;1;2;3;2; ;1;2;1;4;1;2;1;1;1;2;1;1;01;66;07;66;185,739690741772
4660003;1;3;1;1;1;1;1;1;3;3; ; ; ; ;350000;1;1;1;2;1;1;1;2;2;2;1;2;1;2;2;2;1;2;2;2;2;1;1;2;2; ;1;2;1;4;1;2;1;1;1;2;1;1;01;66;07;66;255,764498987224
4660004;1;4;3;1;1;1;1;1;3;3; ; ; ; ;350000;2;1;1;2;1;1;1;2;1;2;1;2;1;1;2;2;2;2;1;2;2;1;3;4;2; ;1;2;1;4;1;2;1;1;1;2;1;1;01;66;07;66;199,307037304784
4660005;1;3;1;1;1;1;1;1;3;1; ; ;99;350000; ;2;2;2;2;1;1;1;2;2;2;2;2;2;2;2;2;2;2;2;2;2;1;1;2;2; ;1;2;1;4;1;1;1;1;1;3;1;1;01;68;07;68;1077,22104045722
4660006;1;3;2;1;1;1;1;1;3;3; ; ; ; ;300000;1;1;2;1;1;1;1;2;2;2;1;2;2;2;2;2;2;2;1;2;2;1;3;3;2; ;1;2;1;4;1;1;1;1;1;3;1;1;01;68;07;68;814,847617790039
4660007;1;3;2;1;1;1;1;1;3;1; ; ;40000000;300000; ;2;1;2;1;1;1;1;2;2;2;1;2;1;2;2;2;2;2;2;2;2;1;3;6;2; ;1;2;1;4;1;1;1;1;1;3;1;1;01;68;07;68;936,604932442127
4660008;1;3;2;1;1;1;1;1;3;3; ; ; ; ;380000;2;1;1;1;1;1;1;2;2;2;1;2;1;2;2;2;2;2;2;2;2;1;3;3;2; ;1;2;1;4;1;2;1;1;1;3;1;1;01;68;07;68;928,071724825469
4660009;1;3;2;1;1;1;1;1;3;3; ; ; ; ;380000;1;1;1;1;1;1;1;2;2;2;1;2;1;1;2;2;1;1;2;2;2;1;2;3;2; ;1;2;1;4;1;1;1;1;1;3;1;1;01;68;07;68;919,106858468847
4660010;1;3;2;1;1;1;1;1;3;3; ; ; ; ;350000;1;1;1;1;1;1;1;2;2;2;1;2;2;2;2;2;2;1;1;2;2;1;2;5;2; ;1;2;1;4;1;1;1;1;1;3;1;1;01;68;07;68;1189,06628948839
4660011;1;5;4;1;1;1;1;1;3;1; ; ;98;600000; ;1;1;1;1;1;1;1;1;2;2;1;1;1;1;2;2;2;2;1;2;2;1;4;4;1;1;1;1;1;4;1;3;1;1;1;3;1;1;01;68;07;68;562,42524253851
4660012;1;3;2;1;1;1;1;1;3;2; ;230000;98;700000; ;1;1;1;1;1;1;1;2;1;2;1;1;1;1;2;2;1;1;1;2;2;1;3;3;2; ;1;1;1;4;1;2;1;1;1;3;1;1;01;68;07;68;599,884098216296
4660013;1;3;1;1;1;1;1;1;3;3; ; ; ; ;300000;2;2;2;1;1;1;1;2;2;2;1;2;1;2;2;2;2;2;2;2;2;1;2;4;2; ;1;2;1;4;1;1;1;1;1;3;1;1;01;68;07;68;1250,99065346267
4660014;1;3;1;1;1;1;1;1;3;4; ; ; ;600000; ;1;2;2;1;1;1;1;2;2;2;1;2;2;2;2;2;2;2;2;2;2;1;1;2;2; ;1;1;1;4;1;3;1;1;1;3;1;1;01;68;07;68;426,585878005594
4660015;1;3;2;1;1;1;1;1;3;1; ; ;40000000;300000; ;1;1;1;2;1;1;1;2;2;2;1;2;2;2;2;2;2;1;2;2;2;1;5;7;2; ;1;2;1;4;1;1;1;1;1;3;1;1;01;68;07;68;804,711856210975
4660016;1;5;4;1;1;1;1;1;3;3; ; ; ; ;700000;1;1;2;1;1;1;1;1;1;2;1;2;1;2;2;2;2;2;1;2;2;1;2;7;2; ;1;1;1;4;1;3;1;1;1;3;1;1;01;68;07;68;498,195150727712
4660017;1;4;2;1;1;1;1;1;3;3; ; ; ; ;650000;1;1;1;2;1;1;1;2;2;2;1;1;2;2;2;2;1;2;2;1;2;1;2;3;2; ;1;1;1;4;1;3;1;1;1;3;1;1;01;68;07;68;459,371773555491
4660018;1;3;2;1;1;1;1;1;3;1; ; ;60000000;350000; ;2;1;2;1;1;1;1;2;2;2;1;2;1;2;2;2;2;2;2;2;2;1;1;4;2; ;1;2;1;4;1;1;1;1;1;3;1;1;01;68;07;68;1250,99065346267
4660019;1;4;2;1;2;1;1;1;3;1; ; ;120000000;750000; ;1;1;1;1;1;1;1;2;2;2;1;1;1;1;2;2;1;1;1;2;2;1;3;4;2; ;1;1;1;4;1;3;1;1;1;3;1;1;01;68;07;68;609,501834271663
4660019;2;1;1;1;2;1;1;6; ;3; ; ; ; ;150000;2;1;1;1;2;2;2;2;2;2;1;2;2;2;2;2;2;2;1;2;2;1;1;1;2; ;2;1;1;4;1;3;1;1;1;3;1;1;01;68;07;68;609,501834271663
4660020;1;4;1;1;1;1;1;1;3;1; ; ;99;99; ;1;1;1;1;1;1;1;1;2;2;1;1;1;2;2;2;2;1;2;2;2;2; ;2;2; ;1;1;1;4;1;3;1;1;1;3;1;1;01;68;07;68;426,585878005594
4660021;1;5;3;1;1;1;1;1;3;1; ; ;98;700000; ;1;1;1;1;1;1;1;1;2;2;1;2;2;2;2;2;2;2;2;2;2;1;4;4;2; ;1;1;1;4;1;3;1;1;1;3;1;1;01;68;07;68;590,549613618435
4660022;1;3;2;1;1;1;1;1;3;1; ; ;99;350000; ;2;1;2;1;1;1;1;2;2;2;1;2;2;2;2;2;2;2;2;2;2;1;2;2;2; ;1;2;1;4;1;1;1;1;1;3;1;1;01;68;07;68;889,76532914561
4660023;1;3;2;1;1;1;1;1;3;4; ; ; ;300000; ;2;2;2;2;1;1;1;2;2;2;1;2;1;2;2;2;2;2;2;2;2;1;1;2;2; ;1;2;1;4;1;1;1;1;1;3;1;1;01;68;07;68;853,171756011189
4660024;1;3;2;1;1;1;1;1;3;1; ; ;160000000;700000; ;2;1;2;1;1;1;1;1;2;2;1;1;1;1;2;2;2;2;2;2;2;1;3;3;2; ;1;2;1;4;1;3;1;1;1;3;1;1;01;68;07;68;599,884098216296
4660025;1;3;2;1;1;1;1;1;3;3; ; ; ; ;300000;2;1;2;2;1;2;1;2;2;2;1;2;2;2;2;2;2;2;2;2;2;1;2;3;2; ;1;2;1;4;1;1;1;1;1;3;1;1;01;68;07;68;1330,24854286862
4660026;1;4;3;1;1;1;1;1;3;1; ; ;120000000;600000; ;1;1;1;1;1;1;1;2;2;2;1;1;1;1;2;2;1;1;2;2;2;1;3;3;2; ;1;1;1;4;1;3;1;1;1;3;1;1;01;68;07;68;407,42380889502
4660027;1;5;2;1;1;1;1;1;3;1; ; ;98;1000000; ;1;1;1;1;1;1;1;1;1;2;1;2;1;1;2;2;1;2;2;2;2;1;3;3;2; ;1;1;1;4;1;2;1;1;1;3;1;1;01;68;07;68;417,251393407733
4660028;1;3;1;1;1;1;1;1;3;1; ; ;98;98; ;2;2;2;1;1;1;1;2;2;2;1;2;2;2;2;2;2;2;2;2;2;1;2;3;2; ;1;2;1;4;1;1;1;1;1;3;1;1;01;68;07;68;673,631492618944
4660029;1;3;2;1;1;1;1;1;3;1; ; ;50000000;350000; ;2;1;2;1;1;2;1;2;2;2;1;2;2;2;2;2;2;1;2;2;2;1;3;3;2; ;1;2;1;4;1;1;1;1;1;3;1;1;01;68;07;68;834,502786815467
4660030;1;4;2;1;1;1;1;1;3;1; ; ;50000000;600000; ;1;1;1;1;1;1;1;2;1;1;1;1;1;1;1;2;1;2;1;2;2;1;2;2;2; ;1;1;1;4;1;2;1;1;1;3;1;1;01;68;07;68;538,610520228609
4660031;1;3;2;1;1;1;1;1;3;3; ; ; ; ;380000;1;1;1;2;1;1;1;1;2;2;1;2;2;1;2;2;2;2;2;2;2;1;2;4;2; ;1;2;1;4;1;1;1;1;1;3;1;1;01;68;07;68;909,36411261421
4660032;1;6;3;1;1;1;1;1;3;1; ; ;200000000;700000; ;1;1;1;1;1;1;1;1;2;2;1;1;2;2;2;2;2;2;1;1;2;1;4;4;2; ;1;1;1;4;1;3;1;1;1;3;1;1;01;68;07;68;638,196800779528
4660033;1;4;3;1;1;1;1;1;3;1; ; ;130000000;600000; ;1;1;1;1;1;1;1;2;2;2;1;2;2;1;2;2;2;2;2;2;2;1;2;4;2; ;1;1;1;4;1;3;1;1;1;3;1;1;01;68;07;68;450,03728895763
4660034;1;3;1;1;1;1;1;1;3;1; ; ;98;98; ;2;2;2;2;1;2;1;2;2;2;1;2;2;2;2;2;2;2;2;2;2;2; ;2;2; ;1;1;4;4;1;1;1;1;1;3;1;1;01;68;07;68;1099,01043321896
4660035;1;3;2;1;1;1;1;1;3;1; ; ;99;400000; ;2;1;2;1;1;1;1;2;2;2;1;2;2;2;2;2;2;2;2;2;2;1;2;4;2; ;1;2;1;4;1;1;1;1;1;3;1;1;01;68;07;68;1194,41724296049
4660036;1;3;2;1;1;1;1;1;3;1; ; ;98;450000; ;2;2;2;1;1;1;1;1;2;2;1;2;2;2;2;2;2;2;1;2;2;1;3;3;2; ;1;1;1;4;1;2;1;1;1;3;1;1;01;68;07;68;599,884098216296
4660037;1;3;1;1;1;1;1;1;3;1; ; ;150000000;600000; ;1;1;1;1;1;1;1;1;2;2;1;1;1;1;2;2;2;2;2;2;2;1;1;1;2; ;1;1;1;4;1;2;1;1;1;3;1;1;01;68;07;68;412,096769022909
4660038;1;5;1;1;1;1;1;1;3;1; ; ;70000000;500000; ;2;1;2;2;1;2;1;1;2;2;1;1;2;2;2;2;2;2;2;2;2;1;1;1;2; ;1;1;1;4;1;2;1;1;1;3;1;1;01;68;07;68;535,016107626794
4660039;1;3;2;1;1;1;1;1;4;1; ; ;98;98; ;2;1;2;2;2;1;1;2;2;2;1;2;2;2;2;2;2;2;2;2;2;1;1;3;2; ;1;2;1;2;1;1;2;1;1;3;1;1;01;68;07;68;871,459671307754
4660040;1;3;2;1;1;1;1;1;3;3; ; ; ; ;700000;2;1;2;1;1;1;1;2;2;2;1;2;2;2;2;2;2;2;2;2;2;1;3;3;2; ;1;1;1;4;1;2;1;1;1;3;1;1;01;68;07;68;459,553429234424
4660041;1;4;3;1;1;1;1;1;3;1; ; ;98;600000; ;1;1;1;1;1;1;1;1;2;2;1;2;2;2;2;2;2;2;2;2;2;1;4;7;2; ;1;1;1;4;1;2;1;1;1;3;1;1;01;68;07;68;472,104341667892
4660042;1;4;2;1;1;1;1;1;3;3; ; ; ; ;480000;1;1;1;1;1;1;1;1;2;2;1;1;2;2;2;2;1;1;2;2;2;1;3;3;2; ;1;1;1;4;1;2;1;1;1;3;1;1;01;68;07;68;599,884098216296
4660043;1;4;2;1;1;1;1;1;3;3; ; ; ; ;550000;1;1;1;1;1;1;1;2;2;2;1;2;2;1;2;2;2;2;1;2;2;1;3;3;2; ;1;1;1;4;1;3;1;1;1;3;1;1;01;68;07;68;417,251393407733
4660044;1;4;3;1;1;1;1;1;3;3; ; ; ; ;700000;1;1;1;1;1;1;1;2;2;2;1;2;1;1;2;2;1;2;2;2;2;1;4;4;2; ;1;2;1;4;1;3;1;1;1;3;1;1;01;68;07;68;260,263499322054
4660045;1;5;3;1;1;1;1;1;3;1; ; ;98;700000; ;1;1;1;1;1;1;1;1;2;2;1;2;2;2;2;2;1;2;2;2;2;1;3;5;2; ;1;2;1;4;1;2;1;1;1;3;1;1;01;68;07;68;440,683482852
4660046;1;3;1;1;1;1;1;1;3;1; ; ;98;1500000; ;1;1;1;1;1;1;1;2;2;2;1;2;2;2;2;2;1;1;2;1;2;1;2;2;2; ;1;1;1;4;1;4;1;1;1;3;1;1;01;68;07;68;348,447722877174
4660046;2;4;3;1;1;1;1;1;3;1; ; ;390000000;1800000; ;1;1;1;1;1;1;1;2;2;2;1;2;2;1;2;2;1;1;2;1;2;1;2;3;2; ;2;1;1;4;1;4;1;1;1;3;1;1;01;68;07;68;348,447722877174
4660047;1;4;2;1;1;1;1;1;3;1; ; ;98;650000; ;1;1;1;1;1;1;1;2;2;2;1;2;1;1;2;2;1;2;2;2;2;1;3;3;2; ;1;1;1;4;1;2;1;1;1;3;1;1;01;68;07;68;529,276035630748
4660048;1;5;1;1;1;1;1;1;3;3; ; ; ; ;1200000;1;2;1;1;1;1;1;1;1;2;1;1;1;1;2;1;1;2;2;2;2;1;1;1;2; ;1;2;1;4;1;6;1;1;1;6;1;1;01;68;07;68;482,704831608457
4660049;1;5;1;1;1;1;1;1;3;1; ; ;99;1200000; ;1;1;2;1;1;1;1;2;2;1;1;2;2;2;2;2;1;2;2;2;2;1;1;2;2; ;1;2;1;4;1;6;1;1;1;6;1;1;01;68;07;68;303,666539401709
4660050;1;6;2;1;1;1;1;1;3;4; ; ; ;800000; ;1;1;1;1;1;1;1;2;2;2;1;2;2;1;2;2;2;2;2;2;2;1;2;4;2; ;1;2;1;4;1;3;1;1;1;3;1;1;01;68;07;68;566,045462306405
4660050;2;1;1;1;1;1;1;1;3;3; ; ; ; ;400000;2;1;1;1;1;1;1;1;2;2;1;2;2;1;2;2;2;2;2;2;2;1;1;1;2; ;2;2;1;4;1;3;1;1;1;3;1;1;01;68;07;68;566,045462306405
4660051;1;5;1;1;1;1;1;1;3;1; ; ;98;1000000; ;1;1;1;1;1;1;1;1;2;2;1;1;1;1;2;2;2;2;2;1;2;1;2;2;2; ;1;2;1;4;1;3;1;1;1;3;1;1;01;68;07;68;426,585878005594
4660052;1;4;2;1;1;1;1;1;3;3; ; ; ; ;800000;1;1;2;1;1;1;1;2;2;1;1;2;2;2;2;2;2;2;2;2;2;1;1;2;2; ;1;1;4;4;1;3;1;1;1;3;1;1;01;68;07;68;303,666539401709
4660053;1;3;1;1;1;1;1;1;3;1; ; ;99;900000; ;1;1;1;1;1;1;1;1;2;1;1;1;2;1;2;2;1;2;2;2;2;1;1;1;2; ;1;2;1;4;1;6;1;1;1;6;1;1;01;68;07;68;412,096769022909
4660054;1;4;2;1;1;1;1;1;3;1; ; ;300000000;900000; ;1;1;2;1;1;1;1;1;2;2;1;2;2;2;2;2;1;2;2;1;1;1;2;2;2; ;1;2;1;4;1;6;1;1;1;6;1;1;01;68;07;68;426,585878005594
4660055;1;5;1;1;1;1;1;1;3;3; ; ; ; ;1450000;2;1;2;1;1;1;1;1;1;1;1;2;1;1;2;2;2;2;2;1;1;1;2;2;2; ;1;2;1;4;1;6;1;1;1;6;1;1;01;68;07;68;426,585878005594
4660056;1;4;3;1;1;1;1;1;3;2; ;900000;150000000;800000; ;1;1;1;1;1;1;1;1;2;2;1;2;2;2;2;2;2;2;2;2;2;1;2;4;2; ;1;2;1;4;1;2;1;1;1;3;1;1;01;68;07;68;625,495326731335
4660057;1;3;1;1;1;1;1;1;3;1; ; ;250000000;500000; ;2;1;2;1;1;1;1;2;2;1;1;1;1;2;2;2;1;2;2;2;2;1;2;2;2; ;1;2;1;4;1;2;1;1;1;3;1;1;01;68;07;68;426,585878005594
4660058;1;4;3;1;1;1;1;1;3;3; ; ; ; ;650000;1;1;1;1;1;1;1;2;2;2;1;1;1;1;2;2;1;2;2;2;2;1;4;4;2; ;1;2;1;4;1;4;1;1;1;3;1;1;01;68;07;68;562,243586859577
4660059;1;5;3;1;1;1;1;1;3;3; ; ; ; ;1200000;1;1;1;1;1;1;1;1;1;1;1;1;1;1;1;2;2;2;1;1;2;1;5;5;2; ;1;2;1;4;1;6;1;1;1;6;1;1;01;68;07;68;717,063364824135
4660060;1;3;2;1;1;1;1;1;3;3; ; ; ; ;500000;1;1;1;1;1;1;1;1;2;2;1;2;2;2;2;2;2;2;2;2;2;1;2;2;2; ;1;2;1;4;1;2;1;1;1;3;1;1;01;68;07;68;609,218582814157
4660061;1;5;3;1;1;1;1;1;3;1; ; ;99;800000; ;1;1;1;1;1;1;1;2;2;1;1;1;2;1;2;2;2;2;2;2;2;1;2;4;2; ;1;2;1;4;1;4;1;1;1;3;1;1;01;68;07;68;407,715931623171
4660062;1;4;2;1;1;1;1;1;3;3; ; ; ; ;860000;2;1;1;1;1;1;1;1;1;1;1;1;2;1;2;2;1;1;2;2;2;1;2;2;2; ;1;2;1;4;1;4;1;1;1;3;1;1;01;68;07;68;374,45625766619
4660063;1;4;2;1;1;1;1;1;3;1; ; ;120000000;800000; ;1;1;1;1;1;1;1;1;1;2;1;1;1;1;1;2;1;1;2;1;2;1;2;4;2; ;1;2;1;4;1;3;1;1;1;3;1;1;01;68;07;68;625,495326731335
4660064;1;4;2;1;1;1;1;1;3;3; ; ; ; ;1100000;2;1;1;1;1;1;1;1;1;2;1;2;2;2;2;2;2;2;2;2;2;1;2;2;2; ;1;2;1;4;1;6;1;1;1;3;1;1;01;68;07;68;501,657052261685
4660065;1;3;2;1;1;1;1;1;3;3; ; ; ; ;950000;1;1;1;1;1;1;1;1;2;2;1;2;2;2;2;2;2;2;2;1;2;1;2;2;2; ;1;2;1;4;1;6;1;1;1;3;1;1;01;68;07;68;538,610520228609
4660066;1;4;3;1;1;1;1;1;3;3; ; ; ; ;850000;1;1;1;1;1;1;1;2;2;2;1;2;2;1;2;2;1;1;1;1;1;1;4;5;2; ;1;1;1;4;1;4;1;1;1;3;1;1;01;68;07;68;531,26208336467
4660067;1;4;2;1;1;1;1;1;3;2; ;1500000;110000000;600000; ;1;1;1;1;1;1;1;2;2;2;1;2;1;1;2;2;2;2;2;1;2;1;3;3;2; ;1;1;1;4;1;4;1;1;1;3;1;1;01;68;07;68;553,099629211295
4660068;1;2;1;1;1;1;1;1;3;3; ; ; ; ;230000;2;2;2;2;1;1;1;2;2;2;1;2;2;2;2;2;1;2;2;2;2;1;2;5;2; ;1;2;1;2;1;2;1;1;1;3;1;1;01;68;07;68;487,153269870657
4660069;1;4;2;1;1;1;1;1;3;1; ; ;210000000;800000; ;1;1;1;1;1;1;1;1;1;2;1;2;1;1;2;1;1;2;2;2;2;1;2;2;1;1;1;1;1;4;1;4;1;1;1;3;1;1;01;68;07;68;374,45625766619
4660070;1;4;1;1;1;1;1;1;3;2; ;2500000;400000000;1200000; ;1;1;1;1;1;1;1;1;1;1;1;1;1;1;1;2;1;2;2;1;2;1;2;2;2; ;1;2;1;4;1;6;1;1;1;3;1;1;01;68;07;68;497,193940591142
4660071;1;3;2;1;1;1;1;1;3;3; ; ; ; ;650000;1;1;1;1;1;1;1;2;1;2;1;2;1;1;2;2;1;2;1;2;2;1;2;2;2; ;1;1;1;4;1;4;1;1;1;2;1;1;01;68;07;68;609,40023849309
4660072;1;3;1;1;1;1;1;1;3;3; ; ; ; ;530000;2;2;2;1;1;2;1;2;2;2;1;2;2;2;2;2;2;2;1;2;2;1;1;1;2; ;1;1;1;4;1;2;1;1;1;3;1;1;01;68;07;68;647,040749849809
4660073;1;4;2;1;1;1;1;1;3;3; ; ; ; ;500000;1;1;1;1;1;1;1;2;2;2;1;2;2;1;2;2;2;2;2;2;2;1;2;4;2; ;1;2;1;4;1;3;1;1;1;3;1;1;01;68;07;68;618,836318869524
4660074;1;4;2;1;1;1;1;1;3;1; ; ;450000000;1800000; ;1;1;1;1;1;1;1;1;1;1;1;1;1;1;1;1;1;1;2;1;1;1;3;3;2; ;1;2;1;4;1;6;1;1;1;6;1;1;01;68;07;68;553,099629211295
4660075;1;3;2;1;1;1;1;1;3;1; ; ;98;600000; ;1;1;1;1;1;1;1;1;2;2;1;2;2;2;2;2;2;2;2;2;2;1;1;2;1;1;1;1;1;4;1;2;1;1;1;3;1;1;01;68;07;68;501,657052261685
4660076;1;4;1;1;1;1;1;1;3;1; ; ;98;600000; ;2;1;1;1;1;1;1;1;2;2;1;2;2;2;2;2;2;2;2;2;2;1;2;2;2; ;1;1;1;4;1;2;1;1;1;3;1;1;01;68;07;68;426,585878005594
4660077;1;4;3;1;1;1;1;1;3;1; ; ;98;700000; ;1;1;1;1;1;1;1;1;2;2;1;2;2;2;2;2;2;2;2;2;2;1;2;3;2; ;1;1;1;4;1;2;1;1;1;3;1;1;01;68;07;68;393,226822640485
4660078;1;4;3;1;1;1;1;1;3;1; ; ;180000000;900000; ;1;1;1;1;1;1;1;1;1;2;1;2;2;1;2;2;1;1;1;1;2;1;3;3;1;1;1;1;1;4;1;4;1;1;1;3;1;1;01;68;07;68;407,42380889502
4660079;1;5;2;1;1;1;1;1;3;4; ; ; ;1000000; ;2;1;1;1;1;1;1;1;1;1;1;1;1;1;2;2;1;1;2;1;2;1;3;3;1;1;1;2;1;4;1;6;1;1;1;3;1;1;01;68;07;68;477,353878136357
4660080;1;3;1;1;1;1;1;1;3;4; ; ; ;300000; ;2;1;2;2;2;1;1;2;2;2;1;2;2;2;2;2;2;2;2;1;2;1;1;1;2; ;1;2;1;4;1;2;1;1;1;3;1;1;01;68;07;68;647,040749849809
4660081;1;4;2;1;1;1;1;1;3;1; ; ;99;700000; ;1;1;1;1;1;1;1;1;2;1;1;2;1;1;2;2;1;2;1;2;2;1;3;3;2; ;1;1;1;4;1;4;1;1;1;3;1;1;01;68;07;68;599,884098216296
4660082;1;5;3;1;1;1;1;1;3;1; ; ;220000000;1000000; ;1;1;1;1;1;1;1;1;2;2;1;1;2;1;2;2;1;1;2;1;2;1;3;5;2; ;1;1;1;4;1;4;1;1;1;3;1;1;01;68;07;68;517,065097110136
4660083;1;4;2;1;1;1;1;1;3;3; ; ; ; ;510000;2;1;2;1;1;1;1;2;2;2;1;1;1;2;2;2;1;2;1;2;2;1;2;3;2; ;1;2;1;4;1;3;1;1;1;3;1;1;01;68;07;68;606,543106078107
4660084;1;4;1;1;1;1;1;1;3;3; ; ; ; ;1000000;2;1;1;1;1;1;1;1;2;1;1;1;1;1;2;2;2;2;2;1;2;1;2;2;2; ;1;2;1;4;1;6;1;1;1;3;1;1;01;68;07;68;609,218582814157
4660085;1;4;1;1;1;1;1;1;3;3; ; ; ; ;900000;1;1;1;1;1;1;1;2;2;1;1;2;2;1;2;2;1;2;2;2;2;1;1;1;2; ;1;2;1;4;1;6;1;1;1;6;1;1;01;68;07;68;511,192514046247
4660086;1;4;3;1;1;1;1;1;3;3; ; ; ; ;1100000;1;1;1;1;1;1;1;1;2;2;1;2;2;1;2;2;2;2;2;1;2;1;4;4;2; ;1;2;1;4;1;6;1;1;1;3;1;1;01;68;07;68;478,505649887652
4660087;1;3;2;1;1;1;1;1;3;1; ; ;500000000;1000000; ;1;1;1;1;1;1;1;1;2;2;1;2;2;2;2;2;2;1;2;1;2;1;3;4;2; ;1;1;1;4;1;2;1;1;1;3;1;1;01;68;07;68;633,325427852209
4660087;2;1;1;1;1;1;1;6; ;3; ; ; ; ;200000;2;1;2;2;2;2;2;2;2;2;1;2;2;2;2;2;1;2;2;2;2;1;1;1;2; ;2;1;1;4;1;2;1;1;1;3;1;1;01;68;07;68;633,325427852209
4660088;1;5;1;1;1;1;1;1;3;3; ; ; ; ;1350000;2;1;2;2;1;1;1;1;1;1;1;2;1;2;1;1;1;2;2;1;2;1;1;1;2; ;1;2;1;4;1;6;1;1;1;6;1;1;01;68;07;68;535,016107626794
4660089;1;5;4;1;1;1;1;1;3;4; ; ; ;600000; ;1;2;1;1;1;1;1;2;2;2;1;2;2;1;2;2;2;2;1;2;2;1;3;7;2; ;1;2;1;4;1;1;1;1;1;3;1;1;01;68;07;68;478,788901345157
4660090;1;4;1;1;1;1;1;1;3;4; ; ; ;600000; ;1;1;1;1;1;1;1;1;2;2;1;2;2;2;2;2;1;2;2;2;2;1;1;2;2; ;1;2;1;4;1;3;1;1;1;3;1;1;01;68;07;68;426,585878005594
4660091;1;1;1;1;1;1;1;1;3;3; ; ; ; ;350000;2;1;1;1;1;1;1;2;2;2;1;2;2;2;2;2;1;2;1;2;2;1;1;1;2; ;1;3;1;4;1;3;1;1;1;3;1;1;01;68;07;68;511,192514046247
4660092;1;4;2;1;1;1;1;1;3;2; ;2800000;450000000;1800000; ;1;1;1;1;1;1;1;1;1;1;1;1;1;1;1;2;1;1;2;1;2;1;1;2;2; ;1;2;1;4;1;6;1;1;1;3;1;1;01;68;07;68;445,064320251738
4660093;1;6;2;1;1;1;1;1;3;2; ;1100000;400000000;1500000; ;1;1;1;1;1;1;1;2;1;2;1;2;1;1;2;2;1;1;1;2;2;1;2;2;2; ;1;1;1;4;1;4;1;1;1;3;1;1;01;68;07;68;444,882664572805
4660094;1;3;2;1;1;1;1;1;3;1; ; ;180000000;1000000; ;2;1;1;1;1;1;1;1;2;1;1;1;2;1;2;2;1;1;2;1;2;1;3;3;2; ;1;2;1;4;1;6;1;1;1;3;1;1;01;68;07;68;571,578071457438
4660095;1;6;1;1;1;1;1;1;3;2; ;2200000;300000000;1200000; ;1;1;1;1;1;1;1;1;2;1;1;1;2;1;2;1;1;2;2;1;2;1;2;2;2; ;1;1;1;4;1;4;1;1;1;3;1;1;01;68;07;68;426,585878005594
4660096;1;7;4;1;1;1;1;1;3;1; ; ;230000000;12000000; ;1;1;1;1;1;1;1;1;1;2;1;1;1;1;2;1;1;1;2;1;2;1;5;5;2; ;1;1;1;4;1;4;1;1;1;3;1;1;01;68;07;68;505,942977577782
4660097;1;3;2;1;1;1;1;1;3;2; ;3500000;110000000;350000; ;1;2;1;1;1;1;1;2;2;2;1;1;2;1;2;2;2;1;2;1;2;1;3;3;2; ;1;1;1;4;1;2;1;1;1;3;1;1;01;68;07;68;571,578071457438
4660098;1;4;3;1;1;1;1;1;3;1; ; ;98;700000; ;2;1;2;1;1;1;1;1;1;2;1;2;2;1;2;2;1;2;1;2;2;1;4;6;2; ;1;2;1;4;1;2;1;1;1;3;1;1;01;68;07;68;556,710977708544
4660099;1;6;1;1;1;1;1;1;3;1; ; ;230000000;1000000; ;1;1;1;1;1;1;1;2;2;2;1;2;1;1;2;2;2;2;2;1;2;1;1;1;2; ;1;1;1;4;1;4;1;1;1;3;1;1;01;68;07;68;412,096769022909
4660100;1;4;2;1;1;1;1;1;3;3; ; ; ; ;650000;1;1;1;1;1;1;1;2;2;2;1;2;2;1;2;2;1;1;2;2;2;1;2;3;2; ;1;1;1;4;1;2;1;1;1;3;1;1;01;68;07;68;628,170803467385
4660101;1;5;1;1;1;1;1;1;3;3; ; ; ; ;1300000;2;1;1;1;1;1;1;1;1;1;1;1;2;2;2;2;1;2;2;1;2;1;1;1;2; ;1;2;1;4;1;6;1;1;1;6;1;1;01;68;07;68;647,040749849809
4660102;1;4;3;1;1;1;1;1;3;3; ; ; ; ;750000;1;1;1;1;1;1;1;2;2;2;1;2;2;2;2;2;2;2;2;2;2;1;4;4;2; ;1;2;1;4;1;2;1;1;1;3;1;1;01;68;07;68;426,395351056016
4660103;1;6;4;1;1;1;1;1;3;1; ; ;99;800000; ;2;1;1;1;1;1;1;2;2;1;1;2;1;1;2;2;1;2;2;1;2;1;4;4;2; ;1;1;1;4;1;4;1;1;1;3;1;1;01;68;07;68;614,373207198981
4660104;1;4;2;1;1;1;1;1;3;1; ; ;98;700000; ;1;1;1;1;1;1;1;1;2;1;1;1;2;2;2;2;2;2;2;1;2;1;2;3;2; ;1;2;1;4;1;2;1;1;1;3;1;1;01;68;07;68;628,170803467385
4660105;1;3;2;1;1;1;1;1;3;3; ; ; ; ;700000;2;1;1;1;1;1;1;2;1;1;1;1;2;1;2;2;2;2;1;2;2;1;2;3;2; ;1;2;1;4;1;4;1;1;1;3;1;1;01;68;07;68;628,170803467385
4660106;1;4;1;1;1;1;1;1;3;3; ; ; ; ;900000;1;1;1;1;1;1;1;1;1;1;1;2;2;1;2;1;2;2;2;1;2;1;2;2;2; ;1;2;1;4;1;6;1;1;1;6;1;1;01;68;07;68;609,218582814157
4660107;1;8;6;1;1;1;1;1;3;1; ; ;150000000;800000; ;1;1;1;1;1;1;1;2;1;1;1;1;1;2;2;2;1;2;1;2;2;1;6;12;2; ;1;1;1;4;1;3;1;1;1;3;1;1;01;68;07;68;638,138784897792
4660108;1;3;2;1;2;1;1;1;3;3; ; ; ; ;500000;1;1;1;1;1;1;1;2;2;2;1;2;2;2;2;2;2;2;2;2;2;1;2;4;2; ;1;2;1;4;1;3;1;1;1;3;1;1;01;68;07;68;531,080427685737
4660108;2;1;1;1;2;1;1;1;3;3; ; ; ; ;250000;2;1;2;1;1;1;1;2;2;2;2;2;2;2;2;2;2;2;2;2;2;1;1;1;2; ;2;2;1;4;1;3;1;1;1;3;1;1;01;68;07;68;531,080427685737
4660109;1;4;3;1;1;1;1;1;3;1; ; ;120000000;500000; ;1;1;1;1;1;1;1;1;2;2;1;1;2;1;2;2;2;1;2;2;2;1;4;4;2; ;1;2;1;4;1;3;1;1;1;3;1;1;01;68;07;68;515,459117854576
4660110;1;8;2;1;1;1;1;1;3;1; ; ;650000000;3000000; ;1;1;1;1;1;1;1;1;1;1;1;1;1;1;1;2;1;1;2;1;2;1;3;3;2; ;1;2;1;4;1;6;1;1;1;6;1;1;01;68;07;68;459,553429234424
4660111;1;4;2;1;1;1;1;1;3;3; ; ; ; ;871000;1;1;1;1;1;1;1;1;2;1;1;1;2;1;2;2;1;2;2;2;2;1;2;3;2; ;1;2;1;4;1;4;1;1;1;3;1;1;01;68;07;68;494,518463855092
4660112;1;4;2;1;1;1;1;1;3;3; ; ; ; ;900000;1;1;1;1;1;1;1;1;2;1;1;2;1;1;2;2;1;2;2;1;2;1;2;2;1;1;1;2;1;4;1;4;1;1;1;3;1;1;01;68;07;68;480,029354872407
4660113;1;5;2;1;1;1;1;1;3;2; ;600000;140000000;700000; ;1;1;1;1;1;1;1;1;2;2;1;2;2;1;2;2;1;2;2;2;2;1;1;2;2; ;1;1;1;4;1;2;1;1;1;3;1;1;01;68;07;68;501,657052261685
4660155;1;4;3;1;1;1;1;1;3;1; ; ;98;400000; ;1;2;2;1;1;1;1;1;1;2;1;2;1;1;2;2;2;2;1;2;2;1;2;4;2; ;1;1;1;4;1;2;1;1;1;3;1;1;01;73;07;73;287,365503230949
4660156;1;3;2;1;1;1;1;1;3;3; ; ; ; ;220000;2;1;2;2;1;1;1;2;2;2;1;2;2;2;2;2;2;1;2;2;2;1;3;3;2; ;1;2;1;2;1;2;1;1;1;3;1;1;01;73;07;73;224,509208171581
4660157;1;3;2;1;1;1;1;1;3;3; ; ; ; ;390000;2;1;1;1;1;1;1;2;2;2;1;1;2;2;2;2;1;1;1;2;2;1;1;4;2; ;1;2;1;4;1;2;1;1;1;3;1;1;01;73;07;73;332,105541480943
4660158;1;4;2;1;1;1;10;3;3;3; ; ; ; ;380000;2;1;1;2;1;1;1;2;2;2;1;1;2;1;2;2;2;2;2;2;2;1;2;3;2; ;1;2;1;4;1;2;1;1;1;3;1;2;01;73;07;73;277,584804201451
4660159;1;4;3;1;1;1;1;1;3;1; ; ;50000000;300000; ;2;1;2;1;1;1;1;2;2;2;1;2;1;2;2;2;2;1;1;2;2;1;3;6;2; ;1;1;1;2;1;2;1;1;1;3;1;1;01;73;07;73;353,496626511053
4660160;1;3;2;1;1;1;1;1;3;3; ; ; ; ;420000;2;2;2;1;1;1;1;2;2;2;1;2;2;2;2;2;2;2;1;2;2;1;3;6;2; ;1;2;1;4;1;2;1;1;1;2;1;1;01;73;07;73;304,364629522895
4660161;1;2;1;1;1;1;1;1;3;1; ; ;98;250000; ;2;2;2;2;2;2;1;2;2;2;2;2;2;2;2;2;2;2;2;2;2;2; ;1;2; ;1;2;1;2;1;1;1;1;1;3;1;1;01;73;07;73;231,380335153257
4660162;1;3;1;1;1;1;10;1;3;1; ; ;150000000;400000; ;1;2;2;2;1;1;1;2;2;2;1;2;2;2;2;2;2;2;2;2;2;1;1;1;2; ;1;2;1;2;1;2;1;1;1;3;1;1;01;73;07;73;290,793390137876
4660163;1;3;2;1;1;1;1;1;3;1; ; ;200000000;600000; ;1;1;1;1;1;1;1;2;2;2;1;2;1;2;2;2;2;2;2;2;2;1;2;2;2; ;1;2;1;4;1;2;1;1;1;2;1;1;01;73;07;73;252,628127767992
4660164;1;2;1;1;1;1;1;1;3;3; ; ; ; ;350000;2;2;1;1;1;2;1;2;2;2;1;2;1;2;2;2;1;2;1;2;2;1;2;3;2; ;1;1;1;4;1;1;1;1;1;3;1;1;01;73;07;73;277,584804201451
4660165;1;3;2;1;1;1;1;1;3;4; ; ; ;380000; ;1;2;2;1;1;1;1;2;2;2;1;2;2;2;2;2;2;2;2;2;2;1;1;2;1;2;1;2;1;2;1;2;1;1;1;3;1;1;01;73;07;73;190,149840346986
4660166;1;2;2;1;2;1;1;1;3;3; ; ; ; ;150000;2;2;2;2;2;1;1;2;2;2;1;2;2;2;2;2;2;2;2;2;2;1;2;4;2; ;1;2;1;2;1;1;1;1;1;3;1;1;01;73;07;73;363,27732554055
4660166;2;2;2;1;2;1;1;1;3;4; ; ; ;50000; ;2;2;2;2;2;2;1;2;2;2;1;2;2;2;2;2;2;2;2;2;2;2; ;3;2; ;2;2;1;2;1;1;1;1;1;3;1;1;01;73;07;73;363,27732554055
4660167;1;2;1;1;1;1;1;1;3;3; ; ; ; ;400000;2;2;2;2;1;2;1;2;2;2;1;2;2;2;2;2;2;2;2;2;2;1;1;1;2; ;1;2;1;4;1;2;1;1;1;2;1;1;01;73;07;73;290,793390137876
4660168;1;3;2;1;1;1;1;1;4;1; ; ;7000000;150000; ;2;2;2;1;1;1;1;2;2;2;1;2;1;2;2;2;2;2;2;2;2;1;3;5;2; ;1;1;1;2;1;1;2;1;1;3;1;2;01;73;07;73;352,410203351215
4660169;1;1;1;1;2;1;1;1;3;1; ; ;98;300000; ;2;2;2;1;1;1;1;2;2;2;1;2;1;2;2;2;1;2;2;2;2;1;1;1;2; ;1;4;1;4;1;2;1;1;1;3;1;2;01;73;07;73;231,380335153257
4660170;1;4;3;1;1;1;1;1;3;3; ; ; ; ;300000;2;2;2;1;1;1;1;2;2;2;1;2;1;2;2;2;2;2;1;2;2;1;3;3;2; ;1;2;1;4;1;1;1;1;1;3;1;2;01;73;07;73;229,779533515071
4660171;1;3;2;1;1;1;1;1;3;3; ; ; ; ;600000;2;1;2;1;1;1;1;2;2;2;1;2;1;1;2;2;2;2;1;1;2;1;2;3;2; ;1;1;1;4;1;3;1;1;1;3;1;1;01;73;07;73;277,584804201451
4660172;1;3;2;1;1;1;1;1;3;1; ; ;98;1000000; ;1;1;1;1;1;1;1;1;1;2;1;1;2;1;1;2;2;2;2;1;2;1;2;3;2; ;1;1;1;4;1;3;1;1;1;3;1;1;01;73;07;73;279,229285826074
4660173;1;3;1;1;1;1;1;1;3;1; ; ;98;98; ;1;1;2;1;1;1;1;2;2;2;1;2;2;2;2;2;2;2;2;2;2;1;1;1;2; ;1;2;1;4;1;3;1;1;1;3;1;2;01;73;07;73;231,380335153257
4660174;1;4;3;1;1;1;1;1;3;4; ; ; ;98; ;1;1;1;1;1;1;1;2;2;2;1;2;1;1;2;2;2;2;2;2;2;1;2;3;2; ;1;1;1;4;1;3;1;1;1;3;1;1;01;73;07;73;264,473228991591
4660176;1;3;1;1;1;1;1;1;3;3; ; ; ; ;550000;2;2;1;1;1;1;1;2;1;2;1;2;2;1;2;2;2;2;2;2;2;1;1;1;2; ;1;1;1;4;1;3;1;1;1;3;1;1;01;73;07;73;190,349180721988
4660177;1;1;1;1;2;1;1;1;4;3; ; ; ; ;250000;2;2;2;2;2;2;1;2;2;2;1;1;1;2;2;2;1;2;2;2;2;1;1;1;2; ;1;3;1;4;1;3;2;1;1;3;1;1;01;73;07;73;190,349180721988
4660178;1;1;1;1;2;1;1;1;3;3; ; ; ; ;200000;2;1;2;2;1;1;1;2;2;2;1;2;1;1;2;2;2;1;2;2;2;1;1;2;2; ;1;4;1;4;1;2;1;1;1;3;1;1;01;73;07;73;243,225436376856
4660179;1;1;1;1;1;1;1;1;4;3; ; ; ; ;210000;2;2;2;2;1;2;1;2;2;2;1;1;2;2;2;2;2;2;2;2;2;1;1;1;2; ;1;2;1;4;1;3;2;1;1;3;1;2;01;73;07;73;231,380335153257
4660180;1;1;1;1;2;1;10;1;4;3; ; ; ; ;220000;2;1;2;2;2;2;1;2;2;2;1;2;2;2;2;2;1;2;2;2;2;1;1;1;2; ;1;3;1;4;1;3;2;1;1;3;1;2;01;73;07;73;190,349180721988
4660181;1;1;1;1;2;1;1;1;3;3; ; ; ; ;200000;2;2;2;2;2;2;1;2;2;2;1;1;1;2;2;2;1;2;2;2;2;1;1;1;2; ;1;4;1;4;1;2;1;1;1;3;1;1;01;73;07;73;306,970197784122
4660182;1;4;1;1;1;1;1;1;3;1; ; ;100000000;500000; ;1;2;2;1;2;1;1;1;1;2;1;2;1;1;2;2;2;2;1;1;2;1;1;1;2; ;1;1;1;4;1;2;1;1;1;3;1;2;01;73;07;73;290,793390137876
4660183;1;4;3;1;1;1;1;1;3;1; ; ;98;300000; ;2;1;2;1;1;1;1;2;2;2;1;2;2;2;2;2;1;2;2;2;2;1;2;4;2; ;1;1;1;4;1;2;1;1;1;3;1;1;01;73;07;73;187,605907964337
4660184;1;4;3;1;1;1;1;1;3;3; ; ; ; ;400000;1;1;1;1;1;1;1;2;2;2;1;2;1;2;2;2;2;2;1;2;2;1;2;4;2; ;1;2;1;4;1;2;1;1;1;3;1;1;01;73;07;73;300,477078440809
4660185;1;4;3;1;1;1;1;1;3;3; ; ; ; ;150000;2;1;1;1;1;1;1;2;2;2;1;1;1;2;2;2;2;2;2;2;2;1;3;3;2; ;1;1;1;4;1;2;1;1;1;3;1;1;01;73;07;73;348,522652269129
4660186;1;4;3;1;1;1;1;1;3;2; ;99;60000000;300000; ;1;2;2;1;1;1;1;2;2;2;2;2;1;2;2;2;2;2;2;2;2;2; ;4;2; ;1;1;1;4;1;1;1;1;1;3;1;2;01;73;07;73;187,605907964337
4660187;1;3;2;1;1;1;1;3;3;4; ; ; ;300000; ;1;1;1;1;1;1;1;1;2;2;1;2;1;1;2;2;1;1;1;2;2;1;2;2;2; ;1;2;1;2;1;2;1;1;1;3;1;2;01;73;07;73;211,596973336722
4660188;1;2;1;1;1;1;1;1;3;3; ; ; ; ;350000;2;2;2;2;1;1;1;1;2;2;1;1;2;1;2;2;2;2;1;2;2;1;2;3;2; ;1;2;1;2;1;2;1;1;1;3;1;2;01;73;07;73;259,067916371177
4660189;1;6;2;1;1;1;1;1;3;1; ; ;98;400000; ;1;1;1;1;1;1;1;2;2;2;1;1;1;1;2;2;1;2;2;2;2;1;3;3;2; ;1;2;1;4;1;2;1;1;1;3;1;1;01;73;07;73;304,083632611097
4660190;1;3;1;1;1;1;1;1;3;1; ; ;90000000;350000; ;2;2;2;1;1;1;1;2;1;2;1;2;1;1;2;2;2;2;1;2;2;1;1;1;1;1;1;1;1;4;1;2;1;1;1;3;1;2;01;73;07;73;190,349180721988
4660191;1;4;3;1;1;1;1;1;3;3; ; ; ; ;450000;2;1;2;2;1;1;1;2;2;2;1;2;1;2;2;2;2;2;1;2;2;1;5;7;2; ;1;2;1;4;1;2;1;1;1;3;1;1;01;73;07;73;304,50792193827
4660192;1;3;1;1;1;1;1;3;3;1; ; ;160000000;500000; ;1;1;2;1;1;1;1;2;2;2;1;2;1;2;2;2;1;2;2;2;2;1;2;2;2; ;1;1;1;4;1;2;1;1;1;3;1;2;01;73;07;73;249,562895331605
4660193;1;3;1;1;1;1;1;1;3;4; ; ; ;300000; ;1;1;1;1;1;1;1;2;2;2;1;2;2;1;2;2;2;2;2;2;2;1;1;1;2; ;1;2;1;4;1;2;1;1;1;3;1;2;01;73;07;73;190,349180721988
4660194;1;4;1;1;1;1;1;1;3;1; ; ;80000000;500000; ;2;1;2;1;1;1;1;2;2;2;1;2;1;2;2;2;2;2;2;1;2;1;1;2;2; ;1;2;1;2;1;2;1;1;1;3;1;2;01;73;07;73;249,562895331605
4660195;1;4;3;1;1;1;1;1;3;3; ; ; ; ;400000;2;1;1;1;1;1;1;1;2;2;1;2;2;1;2;2;2;2;2;2;2;1;1;4;2; ;1;2;1;4;1;2;1;1;1;3;1;2;01;73;07;73;254,092558566192
4660196;1;2;2;1;1;1;1;1;3;1; ; ;5000000;350000; ;2;2;2;2;1;1;1;2;2;2;1;1;1;2;2;2;1;2;2;2;2;1;1;3;2; ;1;1;1;2;1;1;1;1;1;3;1;2;01;73;07;73;269,867557201877
4660197;1;3;2;1;1;1;1;1;3;3; ; ; ; ;500000;1;1;1;1;1;1;1;2;2;2;1;2;1;2;2;2;2;1;1;2;2;1;3;3;2; ;1;2;1;4;1;2;1;1;1;3;1;2;01;73;07;73;277,584804201451
4660198;1;4;3;1;1;1;1;1;3;1; ; ;70000000;500000; ;2;1;1;1;1;1;1;2;1;2;1;2;2;1;2;2;2;2;2;1;2;1;4;4;2; ;1;2;1;4;1;3;1;1;1;3;1;1;01;76;07;76;1525,77732336216
4660199;1;4;1;1;1;1;1;1;3;3; ; ; ; ;319000;2;1;1;2;1;1;1;2;1;2;1;2;1;2;2;2;2;2;2;1;2;1;2;2;2; ;1;2;1;4;1;3;1;1;1;3;1;1;01;76;07;76;1135,62764593935
4660200;1;4;1;1;1;1;1;1;3;1; ; ;90000000;400000; ;1;1;2;1;1;1;1;2;2;2;1;1;1;2;2;2;1;2;2;2;2;1;2;2;2; ;1;2;1;4;1;3;1;1;1;3;1;1;01;76;07;76;865,076366957132
4660201;1;3;2;1;1;1;1;3;3;3; ; ; ; ;180000;2;2;2;2;2;1;1;2;2;2;1;1;2;2;2;2;2;1;2;2;2;1;1;4;2; ;1;2;1;4;1;2;1;1;1;3;1;1;01;76;07;76;1274,56296895698
4660202;1;4;3;1;1;1;1;1;3;5; ; ; ;200000; ;2;1;2;2;1;1;1;2;2;2;1;2;2;2;2;2;2;2;2;2;2;1;4;7;2; ;1;1;1;2;1;1;1;1;1;3;1;1;01;76;07;76;1304,90685121315
4660203;1;3;2;1;1;1;1;4;3;4; ; ; ;200000; ;2;2;2;2;1;1;1;2;2;2;2;2;2;2;2;2;2;2;2;2;2;1;1;4;2; ;1;1;1;2;1;0;1;1;1;3;1;1;01;76;07;76;966,405936449093
4660204;1;3;2;1;1;1;1;1;3;3; ; ; ; ;250000;1;1;1;2;1;1;1;2;2;2;1;2;1;2;2;2;2;2;2;2;2;1;2;3;2; ;1;2;1;4;1;2;1;1;1;3;1;1;01;76;07;76;1098,35765509436
4660205;1;3;2;1;1;1;1;1;3;3; ; ; ; ;230000;1;1;2;1;1;1;1;2;2;2;1;1;1;2;2;2;1;2;1;2;2;1;2;2;2; ;1;1;1;4;1;1;1;1;1;3;1;1;01;76;07;76;1135,62764593935
4660206;1;4;2;1;2;1;1;1;3;1; ; ;98;300000; ;2;2;2;2;1;1;1;2;2;2;2;2;2;2;2;2;2;1;2;2;2;1;1;2;2; ;1;1;1;2;1;2;1;1;1;3;1;1;01;76;07;76;1241,87920199507
4660206;2;1;1;1;2;1;1;1;3;3; ; ; ; ;70000;2;2;2;2;2;2;1;2;2;2;2;2;2;2;2;2;2;1;2;2;2;1;1;1;2; ;2;1;1;2;1;2;1;1;1;3;1;1;01;76;07;76;1241,87920199507
4660207;1;6;3;1;1;1;1;1;3;4; ; ; ;98; ;2;2;2;1;1;1;1;2;2;2;1;2;2;2;2;2;2;2;1;2;2;1;2;3;2; ;1;1;1;2;1;1;1;1;1;3;1;1;01;76;07;76;1280,02186012746
4660208;1;1;1;1;2;1;1;2;1;4; ; ; ;120000; ;2;2;2;2;2;2;2;2;2;2;2;2;2;2;2;2;2;2;2;2;2;2; ;1;2; ;1;4;1;4;1;9;2;1;1;3;1;1;01;76;07;76;943,631912414132
4660209;1;3;2;1;1;1;1;1;3;3; ; ; ; ;200000;2;1;2;1;1;1;1;2;2;2;1;2;2;2;2;2;2;1;1;2;2;1;2;4;2; ;1;1;1;2;1;1;1;1;1;3;1;1;01;76;07;76;966,405936449093
4660210;1;2;1;1;1;1;1;1;4;3; ; ; ; ;180000;2;1;2;2;1;2;1;2;2;2;1;1;1;2;2;2;1;2;2;2;2;1;1;1;2; ;1;2;1;4;1;1;2;1;1;3;1;1;01;76;07;76;943,631912414132
4660211;1;3;2;1;1;1;1;1;3;2; ;300000;60000000;400000; ;2;1;1;2;1;1;1;2;2;2;1;2;1;2;2;2;2;2;2;2;2;1;2;3;2; ;1;1;1;4;1;2;1;1;1;3;1;1;01;76;07;76;1003,67592729409
4660212;1;3;2;1;1;1;1;1;3;5; ; ; ;200000; ;2;2;2;1;1;1;1;2;1;2;1;1;2;2;2;2;1;2;2;2;2;1;2;5;2; ;1;2;1;2;1;1;1;1;1;3;1;1;01;76;07;76;815,584692955054
4660213;1;3;2;1;1;1;1;1;3;2; ;60000;50000000;350000; ;1;1;1;1;1;1;1;1;2;2;1;1;2;1;2;2;2;1;2;2;2;1;2;3;2; ;1;1;1;2;1;9;1;1;1;3;1;1;01;76;07;76;1060,15120566853
4660214;1;3;2;1;1;1;1;1;3;3; ; ; ; ;350000;1;1;1;2;1;1;1;2;2;2;1;2;1;1;2;2;2;2;2;2;2;1;1;3;2; ;1;2;1;4;1;2;1;1;1;3;1;1;01;76;07;76;803,142197412208
4660215;1;3;2;1;1;1;1;1;3;3; ; ; ; ;270000;2;2;2;1;1;1;1;2;2;2;1;2;1;1;2;2;1;1;1;2;2;1;2;4;2; ;1;2;1;4;1;2;1;1;1;3;1;1;01;76;07;76;1424,41607431557
4660216;1;3;2;1;1;1;1;1;3;3; ; ; ; ;360000;2;1;2;1;1;1;1;1;2;2;1;2;1;2;2;2;1;2;2;2;2;1;3;7;2; ;1;2;1;4;1;2;1;1;1;3;1;1;01;76;07;76;1194,97143961037
4660217;1;3;2;1;1;1;1;1;3;3; ; ; ; ;400000;1;1;1;1;1;1;1;2;2;2;1;2;1;1;2;2;1;2;2;2;2;1;2;4;2; ;1;2;1;4;1;2;1;1;1;3;1;1;01;76;07;76;1061,08766424936
4660218;1;6;4;1;1;1;1;1;4;1; ; ;98;3000000; ;1;1;1;1;1;1;1;1;2;1;1;2;2;2;2;2;1;2;2;1;1;1;4;4;2; ;1;2;1;4;1;6;2;1;1;2;1;1;01;76;07;76;1906,63094343741
4660219;1;3;2;1;2;1;1;1;3;3; ; ; ; ;250000;2;2;2;2;1;1;1;2;2;2;1;2;2;2;2;2;2;1;2;2;2;2; ;4;2; ;1;1;1;4;1;2;1;1;1;3;1;1;01;76;07;76;1682,93420204102
4660219;2;1;1;1;2;1;1;1;3;4; ; ; ;150000; ;2;2;2;2;1;1;1;2;2;2;1;2;2;2;2;2;2;1;2;2;2;1;1;4;2; ;2;1;1;4;1;2;1;1;1;3;1;1;01;76;07;76;1682,93420204102
4660220;1;3;1;1;1;1;1;1;3;4; ; ; ;200000; ;1;1;2;1;1;1;1;2;2;2;1;2;1;2;2;2;2;2;2;2;2;1;1;2;2; ;1;2;1;4;1;2;1;1;1;3;1;1;01;76;07;76;808,064183975969
4660221;1;2;1;1;1;1;1;1;3;3; ; ; ; ;330000;2;2;2;1;1;1;1;2;1;2;1;1;2;2;2;2;1;1;2;2;2;1;1;3;2; ;1;2;1;2;1;2;1;1;1;3;1;1;01;76;07;76;1098,35765509436
4660222;1;5;1;1;1;1;1;1;1;1; ; ;600000000;4000000; ;1;1;1;1;1;1;1;1;1;1;1;1;1;1;1;1;1;1;2;1;1;1;2;2;2; ;1;2;1;4;1;6;2;1;1;2;1;1;01;76;07;76;1616,12836795194
4660223;1;4;3;1;1;1;1;1;3;3; ; ; ; ;350000;1;1;1;1;1;1;1;1;1;2;1;2;1;1;2;2;1;2;1;2;2;1;3;3;2; ;1;1;1;4;1;2;1;1;1;3;1;1;01;76;07;76;708,460469611941
4660224;1;1;1;1;1;1;1;1;3;6;TIENE DOCUMENTO DE COMPRA VENTA Y PROTOCOLIZACION; ; ;200000; ;2;1;1;2;1;2;1;2;2;2;1;1;1;2;2;2;2;1;2;2;2;1;1;1;2; ;1;1;1;2;1;1;1;1;1;3;1;1;01;76;07;76;943,631912414132
4660225;1;7;1;1;1;1;1;1;4;1; ; ;500000000;4300000; ;2;1;1;1;1;1;1;1;1;1;1;1;1;1;1;1;1;1;2;1;2;1;1;1;2; ;1;2;1;4;1;6;2;1;1;2;1;1;01;76;07;76;1830,70344784261
4660226;1;2;1;1;1;1;1;6; ;1; ; ;98;98; ;2;2;2;2;2;2;2;2;2;2;2;2;2;2;2;2;2;2;2;2;2;2; ;1;2; ;1;2;1;4;1;9;2;1;1;3;1;1;01;76;07;76;943,631912414132
4660227;1;5;3;1;1;1;1;1;3;6;PROTOCOLIZACION; ; ;350000; ;1;1;1;1;1;1;1;2;2;2;1;2;2;1;2;2;2;2;2;2;2;1;2;4;2; ;1;2;1;4;1;1;1;1;1;3;1;1;01;76;07;76;692,238647673972
4660228;1;1;1;1;1;1;1;1;4;4; ; ; ;400000; ;2;2;1;1;1;1;1;2;2;2;1;1;1;1;2;2;1;2;2;2;2;1;2;3;2; ;1;2;1;2;1;9;2;1;1;3;1;1;01;76;07;76;1280,02186012746
4660229;1;4;1;1;1;1;1;1;4;3; ; ; ; ;1900000;1;1;1;1;1;1;1;1;1;1;1;2;1;1;1;2;1;1;2;1;1;1;2;2;2; ;1;2;1;4;1;6;2;1;1;3;1;1;01;76;07;76;1616,12836795194
4660230;1;5;1;1;1;1;1;1;4;1; ; ;99;2000000; ;1;1;1;1;1;1;1;1;1;1;1;1;1;1;1;1;1;2;2;1;1;1;1;1;1;1;1;2;1;4;1;6;2;1;1;3;1;1;01;76;07;76;1830,70344784261
4660231;1;1;1;1;1;1;1;1;3;3; ; ; ; ;200000;2;1;2;2;1;2;1;2;2;2;1;2;2;2;2;2;1;2;2;2;2;1;1;1;2; ;1;2;1;4;1;2;1;1;1;3;1;1;01;76;07;76;943,631912414132
4660232;1;3;2;1;1;1;1;1;3;6;PROTOCOLIZACION; ; ;100000; ;2;2;1;2;1;1;1;2;2;2;1;2;2;2;2;2;2;2;2;2;2;1;1;2;2; ;1;1;1;2;1;1;1;1;1;3;1;1;01;76;07;76;1078,61546295819
4660233;1;3;2;1;1;1;1;1;3;1; ; ;98;300000; ;1;2;1;1;1;2;1;2;2;2;1;2;2;2;2;2;2;2;2;2;2;1;1;3;2; ;1;1;1;2;1;3;1;1;1;3;1;1;01;76;07;76;770,794193130972
4660234;1;4;3;1;1;1;1;1;3;1; ; ;98;600000; ;1;1;2;1;1;1;1;1;2;2;1;2;2;2;2;2;2;2;2;1;2;1;2;3;2; ;1;1;1;4;1;3;1;1;1;3;1;1;01;76;07;76;971,327923012853
4660235;1;2;1;1;2;1;1;2;4;4; ; ; ;350000; ;2;1;2;1;1;1;1;2;2;2;1;2;2;2;2;2;1;2;2;2;2;1;1;1;2; ;1;1;1;4;1;2;1;1;1;3;1;1;01;76;07;76;943,047734520026
4660235;2;2;1;1;2;1;1;1;3;4; ; ; ;350000; ;2;1;2;2;1;2;1;2;2;2;1;2;1;2;2;2;2;1;2;2;2;1;1;2;2; ;2;1;1;4;1;2;1;1;1;3;1;1;01;76;07;76;943,047734520026
4660236;1;2;1;1;1;1;1;1;3;3; ; ; ; ;250000;2;1;2;1;1;1;1;2;2;2;1;2;1;2;2;2;2;1;1;2;2;1;1;2;2; ;1;2;1;4;1;2;1;1;1;3;1;1;01;76;07;76;1409,25803010776
4660237;1;4;2;1;1;1;1;1;3;4; ; ; ;400000; ;2;1;1;1;1;1;1;2;2;2;1;2;1;1;2;2;1;2;1;2;2;1;2;3;2; ;1;2;1;2;1;1;1;1;1;3;1;1;01;76;07;76;1330,70248465075
4660238;1;3;2;1;1;1;1;1;3;3; ; ; ; ;500000;2;1;2;1;1;1;1;2;1;2;1;1;1;1;2;2;1;1;1;2;2;1;2;3;2; ;1;1;1;4;1;3;1;1;1;3;1;1;01;76;07;76;1098,35765509436
4660239;1;4;2;1;1;1;1;1;3;3; ; ; ; ;350000;2;1;2;1;1;1;1;2;2;2;1;2;1;2;2;2;2;2;2;2;2;1;1;4;2; ;1;2;1;2;1;1;1;1;1;3;1;1;01;76;07;76;1557,58842303667
4660240;1;2;1;1;1;1;1;1;3;6;PROTOCOLIZACION; ; ;150000; ;2;2;2;2;2;2;2;2;2;2;1;2;2;2;2;2;2;2;2;2;2;1;1;1;2; ;1;2;1;4;1;1;1;1;1;3;1;1;01;76;07;76;943,631912414132
4660241;1;3;1;1;1;1;1;1;3;1; ; ;130000000;550000; ;1;1;2;2;1;1;1;2;2;2;2;2;1;1;2;2;2;2;1;2;2;1;2;2;2; ;1;2;1;4;1;3;1;1;1;3;1;1;01;76;07;76;1078,61546295819
4660242;1;5;1;1;1;1;1;1;3;1; ; ;35000000;350000; ;1;1;2;1;1;1;1;1;2;2;1;2;1;2;2;2;2;2;2;2;2;1;1;1;2; ;1;2;1;4;1;2;1;1;1;3;1;1;01;76;07;76;915,351723921305
4660243;1;3;2;1;1;1;1;1;3;3; ; ; ; ;350000;1;1;1;2;1;1;1;2;2;2;1;2;2;2;2;2;2;2;2;2;2;1;2;2;2; ;1;1;1;4;1;1;1;1;1;3;1;1;01;76;07;76;2818,51606021551
4660244;1;3;2;1;2;1;1;1;3;3; ; ; ; ;300000;2;1;1;2;1;1;1;2;2;2;1;2;1;2;2;2;2;1;2;2;2;1;1;3;2; ;1;2;1;2;1;1;1;1;1;3;1;1;01;76;07;76;2586,86498761152
4660244;2;1;1;1;2;1;1;6; ;3; ; ; ; ;150000;2;1;2;2;2;2;2;2;2;2;1;2;2;2;2;2;2;2;1;2;2;1;1;1;2; ;2;2;1;2;1;1;1;1;1;3;1;1;01;76;07;76;2586,86498761152
4660245;1;3;1;1;1;1;1;1;3;3; ; ; ; ;400000;1;1;2;1;1;1;1;2;2;2;1;1;2;2;2;2;2;2;2;2;2;1;1;1;2; ;1;2;1;4;1;3;1;1;1;3;1;1;01;76;07;76;1214,18319139635
4660246;1;3;2;1;1;1;1;1;3;3; ; ; ; ;260000;2;1;2;2;1;1;1;2;2;2;1;2;2;2;2;2;2;2;1;2;2;1;1;3;2; ;1;2;1;4;1;1;1;1;1;3;1;1;01;76;07;76;1606,28439482442
4660247;1;3;2;1;1;1;1;1;3;3; ; ; ; ;470000;1;1;1;1;1;1;1;2;1;2;1;1;2;1;2;2;2;2;2;2;2;1;2;3;2; ;1;2;1;4;1;3;1;1;1;3;1;1;01;76;07;76;733,124648311868
4660248;1;4;2;1;1;1;1;1;3;3; ; ; ; ;300000;2;1;1;1;1;1;1;2;2;2;1;2;2;1;2;2;2;2;2;2;2;1;3;3;2; ;1;2;1;4;1;1;1;1;1;3;1;1;01;76;07;76;2560,04372025492
4660249;1;3;2;1;1;1;1;1;3;1; ; ;30000000;200000; ;2;1;2;2;1;1;1;2;1;2;1;1;1;2;2;2;2;1;2;2;2;1;1;2;2; ;1;2;1;2;1;1;1;1;1;3;1;1;01;76;07;76;1616,12836795194
4660250;1;4;3;1;1;1;1;1;3;1; ; ;40000000;300000; ;1;1;1;1;1;1;1;1;2;2;1;2;1;1;2;2;2;2;2;1;2;1;4;4;2; ;1;2;1;4;1;1;1;1;1;3;1;1;01;76;07;76;2397,50153201098
4660251;1;3;2;1;1;1;1;1;3;3; ; ; ; ;400000;2;1;2;1;1;1;1;2;2;2;1;2;1;1;2;2;2;1;2;2;2;1;3;4;2; ;1;2;1;4;1;2;1;1;1;3;1;1;01;76;07;76;1148,0701414822
4660252;1;4;2;1;1;1;1;1;3;3; ; ; ; ;300000;2;1;2;1;1;1;1;2;2;2;1;1;2;2;2;2;2;1;2;2;2;1;2;4;2; ;1;1;1;4;1;1;1;1;1;3;1;1;01;76;07;76;2805,66200160365
4660254;1;3;2;1;1;1;1;1;3;1; ; ;120000000;350000; ;1;1;2;2;1;1;1;2;2;2;1;2;2;2;2;2;2;2;2;2;2;1;1;2;2; ;1;1;1;2;1;2;1;1;1;3;1;1;01;76;07;76;779,783995483142
4660256;1;3;2;1;1;1;1;1;3;1; ; ;50000000;350000; ;1;1;1;1;1;1;1;1;1;2;1;1;1;1;2;2;2;1;2;2;2;1;1;3;2; ;1;1;1;4;1;2;1;1;1;3;1;1;01;76;07;76;1035,48702696861
4660257;1;2;2;1;1;1;1;2;3;3; ; ; ; ;400000;1;1;1;2;1;1;1;2;2;2;1;1;2;1;2;2;2;2;1;2;2;1;2;2;2; ;1;2;1;4;1;3;1;1;1;3;1;1;01;76;07;76;1167,43874561387
4660258;1;2;2;1;1;1;1;1;1;4; ; ; ;200000; ;2;2;2;2;1;1;1;2;2;2;1;2;1;2;2;2;2;1;2;2;2;1;3;5;2; ;1;1;7;2;1;9;2;1;1;3;1;1;01;76;07;76;1224,35140328624
4660259;1;3;2;1;1;1;1;1;3;4; ; ; ;400000; ;2;1;2;1;1;1;1;2;1;2;1;1;1;2;2;2;1;2;1;1;2;1;2;3;2; ;1;2;1;4;1;1;1;1;1;3;1;1;01;76;07;76;1098,35765509436
4660260;1;7;4;1;1;1;1;1;3;3; ; ; ; ;300000;2;2;2;2;1;1;1;2;2;2;1;2;2;2;2;2;2;2;2;2;2;1;3;7;2; ;1;2;1;4;1;1;1;1;1;3;1;1;01;76;07;76;1292,72596692959
4660261;1;5;2;1;1;1;1;1;3;3; ; ; ; ;700000;1;1;1;1;1;1;1;1;1;2;1;1;1;1;2;2;1;1;1;1;2;1;2;2;2; ;1;1;1;4;1;3;1;1;1;3;1;1;01;76;07;76;808,064183975969
4660262;1;4;2;1;1;1;1;1;3;3; ; ; ; ;355000;1;1;1;1;1;1;1;1;2;2;1;1;1;1;2;2;1;2;1;2;2;1;3;3;2; ;1;2;1;4;1;3;1;1;1;3;1;1;01;76;07;76;1098,35765509436
4660263;1;4;3;1;1;1;1;1;3;3; ; ; ; ;500000;2;1;1;1;1;1;1;2;2;2;1;2;2;2;2;2;2;2;1;2;2;1;4;6;2; ;1;2;1;4;1;3;1;1;1;3;1;1;01;76;07;76;1286,53806477156
4660264;1;4;2;1;1;1;1;1;3;1; ; ;35000000;200000; ;1;2;1;1;1;1;1;1;1;2;1;1;1;1;2;2;1;1;1;2;2;1;3;4;2; ;1;1;1;4;1;1;1;1;1;3;1;1;01;76;07;76;2296,1402829644
4660266;1;4;1;1;1;1;1;1;3;1; ; ;80000000;400000; ;1;1;1;1;1;1;1;1;2;2;1;2;2;2;2;2;2;2;2;2;2;1;1;1;2; ;1;2;1;4;1;3;1;1;1;3;1;1;01;76;07;76;915,351723921305
4660267;1;3;1;1;1;1;1;1;1;3; ; ; ; ;100000;2;1;2;2;2;2;1;2;2;2;1;2;2;2;2;2;2;2;2;2;2;1;1;1;2; ;1;2;1;2;1;1;2;1;1;3;1;1;01;76;07;76;2428,36638279271
4660268;1;3;2;1;1;1;1;1;3;1; ; ;98;200000; ;2;2;1;1;1;1;1;2;2;2;1;2;2;1;2;2;1;2;1;2;2;1;2;2;2; ;1;1;1;2;1;1;1;1;1;3;1;1;01;76;07;76;1680,82437651441
4660269;1;6;4;1;1;1;1;1;4;1; ; ;350000000;2500000; ;1;1;1;1;1;1;1;1;2;1;1;1;1;1;2;2;1;1;1;1;2;1;3;5;2; ;1;2;1;4;1;6;2;1;1;3;1;1;01;76;07;76;2328,39264765093
4660271;1;2;1;1;1;1;1;1;4;3; ; ; ; ;200000;2;2;2;1;1;1;1;2;2;2;1;2;2;2;2;2;2;2;1;2;2;1;1;1;2; ;1;1;1;4;1;1;2;1;1;3;1;1;01;76;07;76;1214,18319139635
4660272;1;3;2;1;1;1;1;1;3;3; ; ; ; ;350000;2;2;2;1;1;1;1;1;2;2;1;1;1;1;2;2;2;2;1;2;2;1;2;3;2; ;1;2;1;4;1;2;1;1;1;3;1;1;01;76;07;76;799,526187619308
4660273;1;5;2;1;1;1;1;1;3;4; ; ; ;500000; ;1;1;2;1;1;1;1;1;2;2;1;2;1;2;2;2;2;2;2;2;2;1;1;2;2; ;1;1;1;4;1;3;1;1;1;3;1;1;01;76;07;76;836,796178464305
4660274;1;3;1;1;1;1;1;1;3;3; ; ; ; ;380000;2;2;2;1;1;1;1;1;2;2;1;2;1;2;2;2;1;2;2;2;2;1;1;1;2; ;1;2;1;4;1;2;1;1;1;3;1;1;01;76;07;76;972,363906902468
4660275;1;3;1;1;1;1;1;1;3;3; ; ; ; ;380000;2;1;2;2;1;1;1;2;2;2;1;2;2;2;2;2;1;2;2;2;2;1;2;2;2; ;1;2;1;4;1;3;1;1;1;3;1;1;01;76;07;76;1114,04257242561
4660479;1;5;2;1;1;1;1;1;1;4; ; ; ;850000; ;1;1;1;1;1;1;1;2;2;2;1;1;1;2;2;2;2;2;2;2;2;1;1;2;2; ;1;2;1;4;1;3;2;1;1;3;1;1;01;05;07;05;1124,03451753757
4660480;1;5;4;1;1;1;1;1;3;1; ; ;150000000;700000; ;1;1;1;1;1;1;1;1;1;1;1;1;1;1;2;2;1;2;1;1;2;1;4;4;2; ;1;2;1;4;1;2;1;1;1;3;1;1;01;05;07;05;1205,79624093553
4660481;1;5;3;1;1;1;1;1;3;1; ; ;98;98; ;1;1;1;1;1;1;1;1;2;2;1;2;2;1;2;2;1;2;2;1;2;1;4;4;2; ;1;2;1;4;1;2;1;1;1;3;1;1;01;05;07;05;1078,4421661679
4660482;1;4;1;1;1;1;1;1;3;1; ; ;140000000;700000; ;2;1;2;1;1;1;1;1;1;2;1;1;1;1;2;2;2;2;2;1;2;1;2;3;2; ;1;2;1;4;1;2;1;1;1;3;1;1;01;05;07;05;1257,49208416085
4660483;1;5;3;1;1;1;1;1;3;1; ; ;140000000;500000; ;1;1;1;1;1;1;1;2;1;2;1;2;1;1;2;2;2;2;2;2;2;1;2;4;2; ;1;2;1;4;1;2;1;1;1;3;1;1;01;05;07;05;1122,78148329833
4660484;1;4;3;1;1;1;1;1;3;1; ; ;150000000;500000; ;1;1;1;1;1;1;1;2;1;2;1;1;1;1;2;2;1;1;1;2;2;1;4;4;2; ;1;2;1;4;1;2;1;1;1;3;1;1;01;05;07;05;1205,79624093553
4660485;1;4;3;1;1;1;1;1;3;1; ; ;80000000;500000; ;1;1;1;1;1;1;1;1;1;1;1;2;1;2;2;2;2;1;2;2;2;1;4;5;2; ;1;2;1;4;1;2;1;1;1;3;1;1;01;05;07;05;1197,56985636118
4660486;1;3;1;1;1;1;1;1;4;1; ; ;60000000;350000; ;1;1;1;2;1;1;1;2;2;2;1;2;2;1;2;2;2;2;2;2;2;1;1;1;2; ;1;2;1;4;1;2;2;1;1;2;1;1;01;05;07;05;1132,26090211193
4660487;1;4;3;3;1;1;1;1;3;3; ; ; ; ;300000;1;2;1;1;1;1;1;2;2;2;1;2;1;1;2;2;2;2;2;2;2;1;4;5;2; ;1;2;1;2;1;1;1;2;1;3;1;1;01;05;07;05;1035,07836625749
4660488;1;2;2;3;1;1;1;3;4;1; ; ;98;98; ;2;1;2;1;1;2;1;2;2;2;1;2;2;2;2;2;2;2;2;2;2;1;2;3;2; ;1;2;1;4;1;1;2;2;1;2;1;1;01;05;07;05;1035,92511265494
4660489;1;2;2;1;1;1;1;1;4;3; ; ; ; ;300000;2;1;2;2;1;1;1;2;2;2;1;2;1;2;2;2;2;2;2;2;2;1;3;6;2; ;1;2;1;2;1;2;2;1;1;2;1;1;01;05;07;05;867,412385813668
4660490;1;2;2;1;1;1;1;2;4;1; ; ;98;150000; ;2;1;2;2;1;1;1;2;2;2;1;2;2;2;2;2;2;2;2;2;2;1;2;2;2; ;1;1;1;4;1;2;2;1;1;2;1;1;01;05;07;05;1017,21390952118
4660491;1;3;1;1;1;1;1;1;4;1; ; ;98;200000; ;2;2;2;2;2;1;1;2;2;2;1;2;2;2;2;2;2;2;2;2;2;2; ;1;2; ;1;2;1;2;1;2;2;1;1;2;1;1;01;05;07;05;1208,14056640759
4660492;1;3;1;1;1;1;1;1;4;3; ; ; ; ;200000;2;2;2;1;1;1;1;2;2;2;1;2;1;2;2;2;1;1;2;2;2;1;1;2;2; ;1;2;1;4;1;1;2;1;1;2;1;1;01;05;07;05;1238,78088102708
4660493;1;4;3;1;1;1;1;1;4;1; ; ;98;400000; ;1;1;1;1;1;1;1;2;2;2;1;2;2;1;2;2;2;2;2;2;2;1;3;4;2; ;1;1;1;2;1;2;2;1;1;2;1;1;01;05;07;05;1010,29699865828
4660494;1;3;2;1;1;1;1;3;4;3; ; ; ; ;200000;2;2;2;1;1;1;1;2;2;2;1;2;1;1;2;2;2;2;2;2;2;1;3;4;2; ;1;2;1;4;1;2;2;1;1;2;1;1;01;05;07;05;1039,62783956632
4660495;1;4;3;1;1;1;1;1;4;3; ; ; ; ;400000;1;1;1;1;1;1;1;2;2;1;1;2;1;1;2;2;1;2;1;2;2;1;2;4;2; ;1;2;1;2;1;2;2;1;1;2;1;1;01;05;07;05;1150,39461751085
4660496;1;3;2;1;1;1;1;3;4;1; ; ;50000000;250000; ;1;1;1;1;1;1;1;2;1;1;1;2;1;2;2;2;2;1;1;1;2;1;2;3;2; ;1;2;1;4;1;2;2;1;1;2;1;1;01;05;07;05;1341,32127439726
4660497;1;4;3;1;1;1;1;1;3;3; ; ; ; ;730000;1;1;1;1;1;1;1;1;1;1;1;1;1;2;2;2;2;1;1;2;2;1;3;5;2; ;1;2;1;4;1;3;1;1;1;3;1;1;01;05;07;05;1631,16794108718
4660498;1;5;4;1;1;1;1;1;4;1; ; ;60000000;450000; ;1;1;1;1;1;1;1;2;1;2;1;2;2;1;2;2;2;2;1;2;2;1;4;5;2; ;1;2;1;4;1;2;2;1;1;2;1;1;01;05;07;05;960,994408632877
4660499;1;3;2;1;1;1;1;1;4;2; ;500000;98;98; ;2;1;2;1;1;1;1;2;2;2;1;1;1;2;2;2;1;2;2;2;2;1;3;3;2; ;1;2;1;4;1;2;2;1;1;2;1;1;01;05;07;05;1086,66855074226
4660500;1;3;2;1;1;1;1;1;3;1; ; ;70000000;500000; ;1;1;1;1;1;1;1;2;1;2;1;2;1;1;2;2;2;2;2;2;2;1;3;4;2; ;1;1;1;4;1;2;1;1;1;2;1;1;01;05;07;05;1190,78776471314
4660501;1;4;3;1;1;1;1;1;3;4; ; ; ;98; ;1;2;2;1;1;1;1;2;2;1;1;2;2;2;2;2;2;2;1;2;2;1;1;4;2; ;1;2;1;4;1;2;1;1;1;2;1;1;01;05;07;05;1207,48478715674
4660501;2;4;3;1;1;1;1;1;4;4; ; ; ;98; ;2;2;2;1;1;2;1;2;1;2;1;1;1;1;2;2;2;1;2;2;2;1;3;4;2; ;2;2;1;4;1;2;1;1;1;2;1;1;01;05;07;05;1207,48478715674
4660502;1;1;1;1;1;1;1;2;3;4; ; ; ;250000; ;2;2;2;2;1;1;1;2;2;2;1;2;2;2;2;2;2;2;2;2;2;1;1;2;2; ;1;2;1;4;1;2;1;1;1;2;1;1;01;05;07;05;1322,61007126349
4660503;1;3;2;1;1;1;1;1;3;3; ; ; ; ;600000;1;1;1;1;1;1;1;1;1;1;1;2;2;1;2;2;1;1;2;2;2;1;3;3;2; ;1;2;1;4;1;3;1;1;1;2;1;1;01;05;07;05;933,10786065116
4660504;1;3;2;1;1;1;1;1;3;3; ; ; ; ;400000;1;1;1;1;1;1;1;2;1;2;1;2;1;2;2;2;2;2;1;2;2;1;2;2;2; ;1;2;1;4;1;2;1;1;1;2;1;1;01;05;07;05;1067,95734760849
4660505;1;4;3;1;1;1;1;1;3;1; ; ;130000000;700000; ;1;1;1;1;1;1;1;2;1;1;1;1;1;1;2;2;1;2;1;2;2;1;4;4;2; ;1;2;1;4;1;2;1;1;1;2;1;1;01;05;07;05;990,824649073591
4660506;1;6;3;1;1;1;1;1;3;1; ; ;130000000;800000; ;1;1;1;1;1;1;1;2;1;1;1;1;1;2;2;2;2;1;1;2;2;1;4;4;2; ;1;2;1;4;1;3;1;1;1;2;1;1;01;05;07;05;990,824649073591
4660507;1;4;3;1;1;1;1;1;3;1; ; ;100000000;600000; ;1;1;1;1;1;1;1;1;1;1;1;2;1;1;2;2;2;2;2;2;2;1;3;3;2; ;1;2;1;4;1;3;1;1;1;2;1;1;01;05;07;05;877,030690722081
4660508;1;3;2;1;1;1;1;1;3;3; ; ; ; ;400000;2;2;2;2;1;1;1;2;2;2;2;2;1;1;2;2;2;2;2;2;2;1;3;5;2; ;1;2;1;4;1;2;1;1;1;2;1;1;01;05;07;05;1336,12207022988
4660509;1;5;4;1;1;1;1;1;3;1; ; ;150000000;1000000; ;2;1;2;1;1;1;1;2;1;2;1;1;1;1;2;2;1;2;2;1;2;1;3;6;2; ;1;1;1;4;1;3;1;1;1;2;1;1;01;05;07;05;1793,92293300164
4660510;1;2;1;1;1;1;1;1;3;2; ;590000;120000000;450000; ;1;1;1;1;1;1;1;2;1;1;1;2;1;2;2;2;2;2;1;2;2;1;2;2;2; ;1;2;1;2;1;2;1;1;1;2;1;1;01;05;07;05;972,874592390749
4660511;1;3;2;1;1;1;1;1;3;3; ; ; ; ;680000;1;1;1;1;1;1;1;2;2;1;1;2;2;2;2;2;1;2;2;2;2;1;2;2;2; ;1;2;1;4;1;3;1;1;1;3;1;1;01;05;07;05;1155,57486470281
4660512;1;4;2;1;1;1;1;1;3;4; ; ; ;900000; ;1;1;1;1;1;1;1;1;1;1;1;1;2;1;2;2;2;2;1;1;2;1;2;3;2; ;1;2;1;4;1;3;1;1;1;2;1;1;01;05;07;05;1341,32127439726
4660513;1;4;3;1;1;1;1;1;3;3; ; ; ; ;700000;1;1;1;1;1;1;1;2;1;2;1;2;2;1;2;2;2;1;2;2;2;1;3;4;2; ;1;2;1;4;1;3;1;1;1;2;1;1;01;05;07;05;844,998455768527
4660514;1;4;3;1;1;1;1;1;3;1; ; ;90000000;500000; ;1;1;1;1;1;1;1;2;2;2;1;2;1;1;2;2;2;2;1;2;2;1;4;4;2; ;1;2;1;4;1;2;1;1;1;2;1;1;01;05;07;05;1237,33658810076
4660515;1;6;2;1;1;1;1;1;3;4; ; ; ;800000; ;1;1;1;1;1;1;1;2;2;2;1;2;1;2;2;2;2;2;2;2;2;1;2;3;2; ;1;2;1;4;1;3;1;1;1;2;1;1;01;05;07;05;1187,08503780176
4660516;1;5;3;1;1;1;1;1;3;1; ; ;98;850000; ;1;1;1;1;1;1;1;1;1;1;1;1;1;1;1;2;2;1;1;1;2;1;3;4;2; ;1;1;1;4;1;3;1;1;1;2;1;1;01;05;07;05;1210,39900039264
4660517;1;2;2;1;1;1;1;1;1;1; ; ;150000000;650000; ;1;1;2;1;1;1;1;2;2;1;1;1;1;2;2;2;1;2;2;2;2;1;1;2;2; ;1;2;1;4;1;2;2;1;1;2;1;1;01;05;07;05;1226,85176954135
4660518;1;4;3;1;1;1;1;1;3;3; ; ; ; ;780000;1;1;1;1;1;1;1;1;1;1;1;1;1;1;1;2;2;2;2;1;1;1;2;5;2; ;1;1;1;4;1;3;1;1;1;2;1;1;01;05;07;05;1757,81000044557
4660519;1;5;1;1;1;1;1;1;3;1; ; ;100000000;500000; ;1;1;2;1;1;1;1;1;1;1;1;1;1;2;2;2;2;2;2;2;2;2; ;1;2; ;1;2;1;4;1;3;1;1;1;2;1;1;01;05;07;05;1208,14056640759
4660520;1;4;3;1;1;1;1;1;3;3; ; ; ; ;650000;1;1;1;1;1;1;1;1;2;1;1;2;2;1;2;2;2;1;2;1;2;1;3;5;2; ;1;2;1;4;1;3;1;1;1;2;1;1;01;05;07;05;1503,15727679057
4660521;1;6;4;1;1;1;1;1;4;1; ; ;98;1200000; ;1;1;1;1;1;1;1;2;1;2;1;2;2;1;2;2;1;2;2;2;2;1;6;6;2; ;1;2;1;4;1;3;2;1;1;3;1;1;01;05;07;05;923,628441837562
4660522;1;3;2;1;1;1;1;1;3;3; ; ; ; ;1300000;1;1;1;1;1;1;1;1;2;1;1;2;1;2;2;2;1;1;2;2;2;1;2;3;2; ;1;2;1;4;1;4;1;1;1;2;1;1;01;05;07;05;1440,19235647291
4660523;1;7;1;1;1;1;1;1;3;1; ; ;98;4000000; ;1;1;1;1;1;1;1;1;1;1;1;1;1;2;2;2;1;2;2;1;2;1;2;3;2; ;1;1;1;4;1;5;1;1;1;2;1;1;01;05;07;05;1160,14745009364
4660524;1;4;2;1;1;1;1;1;3;3; ; ; ; ;600000;1;1;2;1;1;1;1;1;1;2;1;2;2;2;2;2;2;2;2;2;2;1;1;2;2; ;1;2;1;4;1;3;1;1;1;3;1;1;01;05;07;05;1199,91418183323
4660525;1;6;4;1;1;1;1;1;3;3; ; ; ; ;1050000;1;1;1;1;1;1;1;2;1;1;1;1;1;1;2;2;2;2;1;1;2;1;4;4;2; ;1;2;1;4;1;3;1;1;1;3;1;1;01;05;07;05;996,158380915352
4660526;1;3;2;1;1;1;1;1;3;3; ; ; ; ;300000;1;1;1;1;1;1;1;1;2;1;1;2;1;1;2;2;2;1;2;2;2;1;2;2;2; ;1;2;1;4;1;2;1;1;1;2;1;1;01;05;07;05;1226,85176954135
4660527;1;2;2;1;1;1;1;1;3;3; ; ; ; ;200000;2;1;1;1;1;1;1;2;1;2;1;1;1;1;2;2;2;2;1;2;2;1;2;4;2; ;1;2;1;4;1;2;1;1;1;2;1;1;01;05;07;05;1697,87226053489
4660528;1;3;1;1;1;1;1;1;3;3; ; ; ; ;1300000;2;2;1;1;1;1;1;1;1;1;1;2;1;1;2;2;2;2;2;1;2;1;1;1;2; ;1;2;1;4;1;5;1;1;1;2;1;1;01;05;07;05;1190,73883698528
4660529;1;4;2;1;1;1;1;1;3;3; ; ; ; ;1400000;2;2;1;1;1;1;1;1;1;1;1;1;2;1;2;1;1;2;1;1;2;1;2;3;2; ;1;2;1;4;1;5;1;1;1;2;1;1;01;05;07;05;1440,19235647291
4660530;1;3;2;1;1;1;1;1;3;3; ; ; ; ;1100000;2;2;1;1;1;1;1;1;1;1;1;2;2;1;2;2;1;2;2;1;2;1;2;2;2; ;1;2;1;4;1;4;1;1;1;2;1;1;01;05;07;05;1209,45004011905
4660531;1;4;3;1;1;1;1;3;3;1; ; ;120000000;1000000; ;1;1;1;1;1;1;1;2;2;1;1;2;2;1;2;2;2;2;2;2;2;1;3;3;2; ;1;2;1;4;1;3;1;1;1;2;1;1;01;05;07;05;1142,74572067134
4660532;1;4;2;1;1;1;1;1;3;3; ; ; ; ;500000;2;1;1;1;1;1;1;2;1;2;1;2;1;2;2;2;2;2;1;2;2;1;2;2;2; ;1;2;1;4;1;3;1;1;1;4;1;1;01;05;07;05;1182,51245241093
4660533;1;4;2;1;1;1;1;1;3;1; ; ;99;800000; ;1;1;2;1;1;1;1;2;1;2;1;2;1;2;2;2;2;2;2;2;2;1;1;4;2; ;1;2;1;4;1;3;1;1;1;3;1;1;01;05;07;05;1178,85865322741
4660534;1;3;1;1;1;1;1;1;3;1; ; ;100000000;400000; ;1;1;2;1;1;1;1;1;2;1;1;2;1;2;2;2;2;2;2;2;2;2; ;2;2; ;1;2;1;4;1;2;1;1;1;2;1;1;01;05;07;05;1168,373834668
4660535;1;3;1;1;1;1;1;1;3;1; ; ;10000000;600000; ;1;1;1;2;1;1;1;1;1;1;1;2;1;2;2;2;1;1;1;2;2;1;2;2;2; ;1;2;1;4;1;2;1;1;1;2;1;1;01;05;07;05;1124,03451753757
4660536;1;3;3;1;1;1;1;1;3;3; ; ; ; ;430000;1;1;1;2;1;1;1;2;2;2;1;2;2;1;2;2;2;2;1;2;2;1;3;3;2; ;1;2;1;4;1;2;1;1;1;2;1;1;01;05;07;05;1174,28606783657
4660537;1;4;3;1;1;1;1;1;3;1; ; ;98;98; ;1;1;1;1;1;1;1;1;1;1;1;1;1;1;2;2;2;2;2;2;2;1;4;6;2; ;1;2;1;4;1;3;1;1;1;3;1;1;01;05;07;05;704,05409051851
4660538;1;3;2;1;1;1;1;1;3;1; ; ;98;400000; ;1;1;1;2;1;1;1;1;1;1;1;2;2;2;2;2;1;2;2;2;2;1;1;2;2; ;1;2;1;4;1;2;1;1;1;2;1;1;01;05;07;05;972,874592390749
4660539;1;4;3;1;1;1;1;1;3;3; ; ; ; ;500000;1;1;1;1;1;1;1;2;1;1;1;1;2;1;2;2;2;1;1;2;2;1;2;4;2; ;1;2;1;4;1;2;1;1;1;2;1;1;01;05;07;05;1500,13009638359
4660540;1;3;1;1;1;1;1;1;3;3; ; ; ; ;400000;1;1;1;1;1;1;1;2;2;2;1;1;2;1;2;2;2;1;1;2;2;1;2;2;2; ;1;2;1;4;1;3;1;1;1;3;1;1;01;05;07;05;1182,51245241093
4660541;1;4;3;1;1;1;1;1;3;3; ; ; ; ;812000;2;1;1;1;1;1;1;2;1;1;1;2;2;1;2;2;2;2;2;2;2;1;3;4;2; ;1;2;1;4;1;3;1;1;1;3;1;1;01;05;07;05;1091,91668263749
4660542;1;4;3;1;1;1;1;1;3;3; ; ; ; ;750000;1;1;1;1;1;1;1;1;2;2;1;2;2;1;2;2;2;2;2;2;2;1;2;3;2; ;1;2;1;4;1;3;1;1;1;3;1;1;01;05;07;05;921,370007852507
4660543;1;3;1;1;1;1;1;1;3;3; ; ; ; ;550000;1;1;1;1;1;1;1;1;1;1;1;2;1;2;2;2;2;2;2;2;2;1;2;2;2; ;1;2;1;4;1;2;1;1;1;2;1;1;01;05;07;05;1182,51245241093
4660544;1;3;2;1;1;1;1;1;3;3; ; ; ; ;450000;2;1;1;2;1;1;1;2;2;2;1;1;1;2;2;2;2;2;2;2;2;1;2;3;2; ;1;2;1;4;1;2;1;1;1;2;1;1;01;05;07;05;1257,49208416085
4660545;1;5;4;1;1;1;1;1;3;3; ; ; ; ;1300000;1;1;1;1;1;1;1;1;2;2;1;1;1;1;1;2;1;1;2;2;2;1;4;4;2; ;1;2;1;4;1;4;1;1;1;2;1;1;01;05;07;05;825,526106183839
4660546;1;5;4;1;1;1;1;1;3;1; ; ;230000000;1300000; ;1;1;1;1;1;1;1;1;1;1;1;1;2;1;2;2;2;2;2;2;2;1;3;4;2; ;1;2;1;4;1;4;1;1;1;2;1;1;01;05;07;05;1476,30528902898
4660547;1;5;4;1;1;1;1;1;1;1; ; ;250000000;1200000; ;1;1;1;1;1;1;1;1;1;1;1;2;2;1;2;2;2;2;2;2;2;1;2;4;2; ;1;2;1;4;1;4;2;1;1;2;1;1;01;05;07;05;620,299849890072
4660548;1;7;4;1;1;1;1;1;3;1; ; ;320000000;1700000; ;1;1;1;1;1;1;1;1;1;1;1;1;1;1;2;2;1;2;2;1;2;1;5;5;2; ;1;2;1;4;1;4;1;1;1;2;1;1;01;05;07;05;480,497204316438
4660549;1;3;2;1;1;1;1;1;4;1; ; ;200000000;700000; ;1;1;2;1;1;1;1;1;2;2;1;2;2;1;2;2;2;2;2;2;2;1;3;3;2; ;1;2;1;4;1;5;2;1;1;2;1;1;01;05;07;05;1008,98752494682
4660550;1;3;3;1;1;1;1;1;3;3; ; ; ; ;300000;2;1;2;2;1;1;1;1;1;2;1;1;1;2;2;2;2;1;2;2;2;1;4;4;2; ;1;2;1;2;1;1;1;1;1;2;1;1;01;05;07;05;1010,29699865828
4660551;1;4;3;1;1;1;1;1;3;1; ; ;500000000;2000000; ;1;1;1;1;1;1;1;1;1;1;1;1;2;1;1;2;1;1;2;1;2;1;4;4;2; ;1;2;1;4;1;5;1;1;1;2;1;1;01;05;07;05;1318,95627207998
4660552;1;1;1;1;1;1;1;1;1;3; ; ; ; ;350000;1;1;1;2;1;1;1;2;2;2;1;2;2;2;2;2;2;1;2;2;2;1;1;2;2; ;1;2;1;4;1;2;2;1;1;2;1;1;01;05;07;05;1322,61007126349
4660553;1;4;3;1;1;1;1;1;3;1; ; ;98;450000; ;1;1;2;1;1;1;1;2;2;2;1;1;1;2;2;2;2;2;2;2;2;1;5;6;2; ;1;2;1;4;1;2;1;1;1;2;1;1;01;05;07;05;1396,7718255498
4660554;1;4;2;1;1;1;1;1;3;3; ; ; ; ;610000;1;1;1;1;1;1;1;2;2;1;1;2;2;1;2;2;1;1;2;2;2;1;3;3;2; ;1;2;1;4;1;5;1;1;1;2;1;1;01;05;07;05;1086,66855074226
4660555;1;6;3;1;1;1;1;1;3;3; ; ; ; ;1300000;1;1;1;1;1;1;1;1;1;1;1;1;2;1;2;2;1;1;1;2;2;1;4;4;2; ;1;2;1;4;1;5;1;1;1;2;1;1;01;05;07;05;1105,37975387602
4660556;1;4;2;1;1;1;1;1;3;3; ; ; ; ;1200000;1;1;1;1;1;1;1;1;1;1;1;2;1;1;1;2;2;1;2;2;1;1;2;2;2; ;1;2;1;4;1;5;1;1;1;2;1;1;01;05;07;05;1112,29666473892
4660557;1;3;2;1;1;1;1;1;3;1; ; ;70000000;400000; ;1;1;1;1;1;1;1;2;1;1;1;1;1;1;2;2;2;2;2;2;2;1;3;3;2; ;1;2;1;4;1;2;1;1;1;2;1;1;01;05;07;05;1160,14745009364
4660558;1;2;1;1;1;1;1;1;4;3; ; ; ; ;380000;2;1;1;1;1;1;1;1;2;2;1;1;1;2;2;2;2;2;2;2;2;1;1;2;2; ;1;2;1;4;1;2;2;1;1;2;1;1;01;05;07;05;1238,78088102708
4660559;1;3;2;1;1;1;1;1;3;1; ; ;98;350000; ;2;2;2;1;1;1;1;2;2;2;2;2;2;2;2;2;2;2;2;2;2;1;2;2;2; ;1;2;1;2;1;1;1;1;1;2;1;1;01;05;07;05;1067,95734760849
4660560;1;3;2;1;1;1;1;1;3;3; ; ; ; ;500000;1;1;1;2;1;1;1;2;2;2;1;2;1;2;2;2;2;2;1;2;2;1;2;4;2; ;1;2;1;4;1;2;1;1;1;2;1;1;01;05;07;05;1210,39900039264
4660561;1;4;3;1;1;1;1;1;3;1; ; ;150000000;900000; ;1;1;1;1;1;1;1;1;2;1;1;1;1;1;2;2;1;2;2;1;2;1;4;4;2; ;1;2;1;4;1;3;1;1;1;3;1;1;01;05;07;05;1151,92106551929
4660562;1;4;2;1;1;1;1;1;3;3; ; ; ; ;600000;1;1;1;1;1;1;1;1;1;1;1;2;1;2;2;2;2;2;2;2;2;1;2;2;2; ;1;2;1;4;1;3;1;1;1;3;1;1;01;05;07;05;1226,85176954135
4660563;1;4;3;1;1;1;1;1;3;4; ; ; ;800000; ;1;1;2;1;1;1;1;2;1;2;1;2;1;2;2;2;2;2;1;1;2;1;3;3;2; ;1;2;1;4;1;3;1;1;1;3;1;1;01;05;07;05;1245,56297267512
4660564;1;3;2;1;1;1;1;1;3;1; ; ;35000000;370000; ;2;2;2;1;1;1;1;2;1;2;1;2;1;1;2;2;1;2;2;2;2;1;3;3;2; ;1;2;1;4;1;1;1;1;1;2;1;1;01;05;07;05;1086,66855074226
4660565;1;5;1;1;1;1;1;1;3;2; ;1000000;250000000;1500000; ;1;1;1;1;1;1;1;1;1;1;1;1;1;1;1;1;2;1;2;1;2;1;1;1;2; ;1;2;1;4;1;5;1;1;1;2;1;1;01;05;07;05;1163,80124927716
4660566;1;6;3;1;1;1;1;1;3;4; ; ; ;1600000; ;1;1;1;1;1;1;1;1;1;1;1;1;1;1;2;2;2;2;2;1;2;1;3;3;2; ;1;2;1;4;1;5;1;1;1;2;1;1;01;05;07;05;1160,14745009364
4660567;1;4;3;1;1;1;1;1;3;1; ; ;60000000;400000; ;2;1;2;1;1;1;1;2;2;2;1;2;1;2;2;2;2;2;2;2;2;1;4;5;2; ;1;2;1;4;1;3;1;1;1;2;1;1;01;05;07;05;590,260132167
4660568;1;4;3;1;1;1;1;1;3;3; ; ; ; ;600000;2;1;1;1;1;1;1;2;1;1;1;2;2;2;2;2;1;2;1;2;2;1;1;3;2; ;1;2;1;2;1;2;1;1;1;2;1;1;01;05;07;05;1230,55449645273
4660569;1;3;2;1;1;1;1;1;4;3; ; ; ; ;700000;2;1;2;2;2;1;1;2;2;1;1;2;2;1;2;2;2;2;2;2;2;1;2;3;2; ;1;2;1;4;1;5;2;1;1;2;1;1;01;05;07;05;1440,19235647291
4660570;1;2;1;1;1;1;1;1;4;3; ; ; ; ;500000;1;2;1;1;1;2;1;2;2;1;1;2;2;2;2;2;2;2;2;2;2;1;1;1;2; ;1;2;1;4;1;5;2;1;1;2;1;1;01;05;07;05;1190,73883698528
4660571;1;3;2;1;1;1;1;1;3;2; ;1080000;230000000;1000000; ;1;1;1;1;1;1;1;1;1;1;1;1;1;1;2;2;2;1;2;1;2;1;2;3;2; ;1;2;1;4;1;5;1;1;1;2;1;1;01;05;07;05;1440,19235647291
4660573;1;4;2;1;1;1;1;1;3;1; ; ;100000000;900000; ;1;1;1;1;1;1;1;2;1;1;1;1;2;1;2;2;1;2;1;1;2;1;3;3;2; ;1;2;1;4;1;3;1;1;1;3;1;1;01;05;07;05;1115,80813296322
4660574;1;3;2;1;1;1;1;1;3;4; ; ; ;350000; ;2;2;2;2;1;1;2;2;2;2;1;2;2;2;2;2;2;2;2;2;2;1;2;5;2; ;1;2;1;4;1;1;1;1;1;2;1;1;01;05;07;05;844,912855821999
4660576;1;4;3;1;1;1;1;1;3;3; ; ; ; ;850000;1;1;1;1;1;1;1;2;1;1;1;2;2;2;2;2;2;1;2;2;2;1;3;3;2; ;1;2;1;4;1;3;1;1;1;3;1;1;01;05;07;05;972,113445939826
4660577;1;6;4;1;1;1;1;1;3;3; ; ; ; ;1500000;1;1;1;1;1;1;1;1;1;1;1;2;1;1;2;2;1;1;1;2;2;1;6;6;2; ;1;2;1;4;1;5;1;1;1;2;1;1;01;05;07;05;892,088094672329
4660578;1;4;2;1;1;1;1;1;3;3; ; ; ; ;700000;1;1;1;1;1;1;1;2;1;2;1;1;2;1;2;2;2;2;1;2;2;1;3;3;2; ;1;2;1;4;1;3;1;1;1;3;1;1;01;05;07;05;977,447177781587
4660579;1;4;3;1;1;1;1;1;3;3; ; ; ; ;98;1;1;1;1;1;1;1;1;1;1;1;1;1;2;2;2;2;2;2;2;2;1;3;4;2; ;1;2;1;4;1;3;1;1;1;2;1;1;01;05;07;05;1249,26569958649
4660580;1;7;1;1;1;1;1;1;3;1; ; ;300000000;1200000; ;1;1;1;1;1;1;1;1;1;1;1;2;2;2;2;2;1;2;2;1;1;1;1;2;2; ;1;2;1;4;1;5;1;1;1;2;1;1;01;05;07;05;1226,85176954135
4660581;1;5;4;1;1;1;1;1;3;1; ; ;270000000;1500000; ;1;1;1;1;1;1;1;1;1;2;1;2;1;1;2;2;2;2;2;1;2;1;5;5;2; ;1;2;1;4;1;5;1;1;1;2;1;1;01;05;07;05;1214,97158578348
4660582;1;8;1;1;1;1;1;1;3;3; ; ; ; ;2500000;1;1;1;1;1;1;1;1;1;1;1;1;1;1;2;2;2;2;2;1;2;1;2;2;2; ;1;2;1;4;1;5;1;1;1;2;1;1;01;05;07;05;1168,373834668
4660583;1;4;3;1;1;1;1;1;1;1; ; ;300000000;1200000; ;1;1;1;1;1;1;1;1;1;2;1;1;1;1;2;2;1;2;2;1;2;1;3;3;2; ;1;2;1;5;1;5;2;1;1;2;1;1;01;05;07;05;1131,00786787269
4660585;1;6;1;1;1;1;1;1;3;3; ; ; ; ;1800000;1;1;2;1;1;1;1;1;1;2;1;2;1;2;2;2;1;2;2;1;1;1;1;1;2; ;1;2;1;4;1;5;1;1;1;2;1;1;01;05;07;05;1132,26090211193
4660586;1;6;1;1;1;1;1;1;1;1; ; ;250000000;1200000; ;1;2;2;2;1;1;1;1;2;2;1;2;2;2;2;2;2;2;2;2;2;2; ;1;2; ;1;2;1;4;1;4;2;1;1;2;1;1;01;05;07;05;604,070283203794
4660587;1;2;1;1;1;1;1;1;3;4; ; ; ;300000; ;2;1;2;1;1;1;1;2;2;2;1;2;1;2;2;2;2;2;2;2;2;1;1;1;2; ;1;2;1;2;1;3;1;1;1;2;1;1;01;05;07;05;1163,80124927716
4660588;1;3;1;1;1;1;1;6; ;1; ; ;30000000;200000; ;2;2;2;2;2;2;2;2;2;2;2;2;2;2;2;2;2;2;2;2;2;2; ;1;2; ;1;2;1;2;1;3;2;1;1;2;1;1;01;05;07;05;1190,73883698528
4660589;1;6;3;1;1;1;1;1;3;2; ;208000;300000000;1300000; ;1;1;1;1;1;1;1;2;1;1;1;2;2;1;2;2;1;2;2;2;2;1;4;4;2; ;1;2;1;4;1;4;1;1;1;2;1;1;01;05;07;05;491,679705475079
4660590;1;7;4;1;1;1;1;1;3;3; ; ; ; ;1100000;1;2;1;1;1;1;1;2;2;1;1;2;2;1;2;2;2;1;2;1;2;1;4;5;2; ;1;2;1;4;1;4;1;1;1;2;1;1;01;05;07;05;427,987581058129
4660591;1;3;1;3;1;1;1;1;3;3; ; ; ; ;350000;2;1;1;2;1;2;1;2;2;2;1;2;2;2;2;2;2;2;2;2;2;1;1;2;2; ;1;2;1;4;1;1;1;2;1;2;1;1;01;05;07;05;999,812180098869
4660594;1;6;3;1;1;1;1;1;4;4; ; ; ;600000; ;1;1;1;1;1;1;1;1;1;2;1;1;1;1;2;2;1;1;2;2;2;1;2;4;2; ;1;2;1;4;1;2;2;1;1;2;1;1;01;05;07;05;1599,00117845924
4660609;1;2;1;1;1;1;1;1;3;3; ; ; ; ;360000;2;2;2;2;2;2;1;2;2;2;2;1;1;2;2;2;2;2;1;2;2;1;2;2;2; ;1;2;1;4;1;2;1;1;1;2;1;1;01;05;07;05;885,257075296436
4660614;1;3;2;1;1;1;1;1;3;3; ; ; ; ;300000;2;1;2;2;1;1;1;2;2;2;1;2;1;2;2;2;2;1;2;2;2;2; ;2;2; ;1;2;1;2;1;3;1;1;1;2;1;1;01;05;07;05;1421,48115333914
4660615;1;3;1;1;1;1;1;1;3;3; ; ; ; ;700000;1;1;1;1;1;1;1;2;1;1;1;1;1;1;2;2;2;2;2;2;2;1;1;1;2; ;1;2;1;4;1;3;1;1;1;3;1;1;01;05;07;05;1163,80124927716
4660616;1;4;1;1;1;1;1;1;1;1; ; ;90000000;800000; ;1;1;1;1;1;1;1;2;2;2;1;2;2;2;2;2;2;2;2;2;2;1;1;1;2; ;1;2;1;4;1;3;2;1;1;2;1;1;01;05;07;05;1190,73883698528
4660618;1;5;4;1;1;1;1;1;3;1; ; ;700000000;200000; ;1;1;1;1;1;1;1;1;2;2;1;1;1;1;1;1;1;2;2;2;2;1;4;4;2; ;1;1;1;4;1;4;1;1;1;3;1;1;01;08;07;08;414,834548435798
4660619;1;4;2;1;1;1;1;1;3;1; ; ;120000000;1000000; ;1;1;1;1;1;1;1;2;2;2;1;2;1;1;2;1;1;2;2;2;2;1;2;2;2; ;1;1;1;4;1;2;1;1;1;3;1;1;01;08;07;08;1100,04055799039
4660620;1;5;3;1;1;1;1;1;3;1; ; ;99;600000; ;1;1;1;1;1;1;1;2;2;2;1;2;1;1;2;1;1;2;2;2;2;1;2;4;2; ;1;1;1;4;1;2;1;1;1;3;1;1;01;08;07;08;1024,33625545017
4660621;1;4;3;1;1;1;1;1;3;3; ; ; ; ;800000;2;2;2;1;1;1;1;1;2;2;1;2;2;2;2;2;1;2;2;2;2;1;6;6;2; ;1;1;1;4;1;2;1;1;1;3;1;1;01;08;07;08;1157,76243256474
4660622;1;5;3;1;1;1;1;3;3;4; ; ; ;1000000; ;2;1;1;1;1;1;1;2;2;2;1;2;2;1;2;1;1;1;2;2;2;1;3;4;2; ;1;2;1;4;1;4;1;1;1;3;1;1;01;08;07;08;690,125272213982
4660623;1;5;4;1;1;1;1;1;3;1; ; ;150000000;800000; ;1;1;1;1;1;1;1;2;2;2;1;2;2;1;2;1;1;2;2;2;2;1;4;5;2; ;1;1;1;4;1;3;1;1;1;3;1;1;01;08;07;08;643,534366655801
4660624;1;5;3;1;1;1;1;1;3;1; ; ;99;700000; ;1;1;1;1;1;1;1;2;2;2;1;2;2;2;2;2;1;2;1;2;2;1;3;4;2; ;1;1;1;4;1;3;1;1;1;3;1;1;01;08;07;08;588,20746777037
4660625;1;4;3;1;1;1;1;1;3;4; ; ; ;500000; ;2;2;2;1;1;1;1;2;2;2;2;2;2;2;2;2;1;2;2;2;2;1;1;3;2; ;1;2;1;4;1;2;1;1;1;3;1;1;01;08;07;08;913,682457679303
4660626;1;3;2;1;1;1;1;1;3;3; ; ; ; ;700000;1;1;1;1;1;1;1;1;2;2;1;1;1;1;2;1;1;1;1;2;2;1;2;4;2; ;1;2;1;4;1;3;1;1;1;3;1;1;01;08;07;08;561,181311806172
4660627;1;5;2;1;1;1;1;3;3;4; ; ; ;800000; ;2;2;1;1;1;1;1;2;2;2;1;2;1;1;2;1;1;1;2;2;2;1;3;5;2; ;1;2;1;4;1;4;1;1;1;3;1;1;01;08;07;08;596,946222058437
4660628;1;4;3;1;1;1;1;1;3;1; ; ;250000000;1300000; ;1;1;1;1;1;1;1;1;1;2;1;1;1;2;2;2;1;2;2;2;2;1;2;2;2; ;1;2;1;4;1;4;1;1;1;3;1;1;01;08;07;08;526,316047253461
4660629;1;4;2;1;1;1;1;1;3;2; ;850000;85000000;850000; ;2;1;1;1;1;1;1;2;2;2;1;2;2;1;2;2;1;1;2;1;2;1;4;4;2; ;1;2;1;4;1;2;1;1;1;3;1;1;01;08;07;08;1272,1158265992
4660630;1;2;1;1;1;1;1;1;3;3; ; ; ; ;410000;2;2;2;1;1;1;1;2;2;2;1;1;1;2;2;2;1;2;2;2;2;1;1;3;2; ;1;2;1;4;1;3;1;1;1;3;1;1;01;08;07;08;552,442557518104
4660631;1;5;4;1;1;1;1;3;3;3; ; ; ; ;500000;2;1;1;2;1;1;1;2;2;2;2;2;2;2;2;2;1;2;2;2;2;1;2;5;2; ;1;1;1;4;1;2;1;1;1;3;1;1;01;08;07;08;927,280864792722
4660633;1;3;2;1;1;1;1;1;3;1; ; ;98;800000; ;1;1;1;1;1;1;1;2;2;2;1;2;1;2;2;2;1;1;2;2;2;1;3;3;2; ;1;1;1;4;1;3;1;1;1;3;1;1;01;08;07;08;478,813209970555
4660634;1;3;2;1;1;1;1;1;3;3; ; ; ; ;700000;2;2;2;1;1;1;1;2;2;2;1;2;1;2;2;2;1;2;2;1;2;1;2;4;2; ;1;2;1;4;1;4;1;1;1;3;1;1;01;08;07;08;421,858416765974
4660635;1;3;2;1;1;1;1;1;3;3; ; ; ; ;500000;2;2;2;1;1;1;1;2;2;2;1;2;2;2;2;2;1;1;2;2;2;1;1;4;2; ;1;2;1;4;1;2;1;1;1;3;1;1;01;08;07;08;972,297469425877
4660636;1;5;3;1;1;1;1;3;3;1; ; ;400000000;1500000; ;1;1;1;1;1;1;1;2;2;2;1;2;1;1;2;1;1;2;2;1;2;1;3;4;2; ;1;2;1;4;1;4;1;1;1;3;1;1;01;08;07;08;617,266927777339
4660637;1;4;3;1;1;1;1;2;3;3; ; ; ; ;800000;2;2;2;1;1;1;1;2;2;2;1;2;1;2;2;1;1;2;1;1;2;1;4;7;2; ;1;2;1;4;1;4;1;1;1;3;1;1;01;08;07;08;647,466991976892
4660638;1;4;3;1;1;1;1;1;3;3; ; ; ; ;490000;2;2;1;1;1;1;1;2;1;2;1;2;2;1;2;2;1;2;2;2;2;1;4;4;2; ;1;2;1;4;1;3;1;1;1;3;1;1;01;08;07;08;421,858416765974
4660639;1;4;3;1;1;1;1;1;3;1; ; ;350000000;700000; ;1;1;1;1;1;1;1;2;2;2;1;2;2;2;2;2;1;2;2;2;2;1;3;4;2; ;1;1;1;4;1;4;1;1;1;3;1;1;01;08;07;08;435,403300021018
4660640;1;4;3;1;1;1;1;1;3;3; ; ; ; ;600000;1;1;1;1;1;1;1;2;2;2;1;2;1;1;2;2;1;2;2;2;2;1;4;4;2; ;1;2;1;4;1;2;1;1;1;3;1;1;01;08;07;08;884,854336702387
4660642;1;3;2;1;1;1;1;4;3;1; ; ;30000000;400000; ;2;2;2;2;1;2;1;2;2;2;1;2;2;2;2;2;1;2;2;2;2;1;3;3;2; ;1;1;1;2;1;2;1;1;1;3;1;1;01;08;07;08;1136,1961257677
4660643;1;3;2;1;1;1;1;1;3;3; ; ; ; ;500000;2;1;2;2;1;1;1;2;1;2;1;2;2;2;2;2;1;2;2;2;2;1;1;5;2; ;1;1;1;4;1;1;1;1;1;3;1;1;01;08;07;08;1183,78409445029
4660644;1;5;4;1;1;1;1;1;3;3; ; ; ; ;900000;1;1;1;1;1;1;1;1;1;2;1;2;2;1;2;2;1;2;2;2;2;1;5;6;2; ;1;2;1;4;1;4;1;1;1;3;1;1;01;08;07;08;356,209106420756
4660645;1;2;2;1;1;1;1;3;3;3; ; ; ; ;750000;2;2;2;2;1;1;1;1;2;2;1;2;2;1;2;2;1;2;2;2;2;1;2;2;2; ;1;2;1;4;1;4;1;1;1;3;1;1;01;08;07;08;621,917375931914
4660646;1;4;2;1;1;1;1;1;3;2; ;500000;180000000;900000; ;1;1;1;1;1;1;1;1;1;2;1;2;2;1;2;1;1;2;1;1;2;1;2;4;2; ;1;2;1;4;1;3;1;1;1;3;1;1;01;08;07;08;668,153291083079
4660647;1;5;4;1;1;1;1;1;3;1; ; ;99;700000; ;1;1;1;1;1;1;1;2;2;2;1;2;2;1;2;1;1;2;2;2;2;1;5;5;2; ;1;1;1;4;1;3;1;1;1;3;1;1;01;08;07;08;469,956908161521
4660649;1;4;2;1;1;1;1;1;3;1; ; ;80000000;500000; ;1;1;1;1;1;1;1;2;2;2;1;2;1;1;2;2;1;2;2;2;2;1;3;3;2; ;1;2;1;4;1;2;1;1;1;3;1;1;01;08;07;08;1006,85874687403
4660650;1;5;3;1;1;1;1;1;3;3; ; ; ; ;400000;1;1;1;1;1;1;1;2;1;2;1;2;2;1;2;1;1;2;2;1;2;1;2;5;2; ;1;2;1;4;1;4;1;1;1;3;1;1;01;08;07;08;617,514973643657
4660651;1;5;2;1;1;1;1;1;3;4; ; ; ;800000; ;1;1;1;1;1;1;1;2;2;2;1;2;1;1;2;1;1;1;2;1;2;1;2;4;2; ;1;1;1;4;1;3;1;1;1;3;1;1;01;08;07;08;668,153291083079
4660652;1;5;2;1;1;1;1;1;3;3; ; ; ; ;600000;1;1;1;1;1;1;1;2;2;2;1;1;2;1;2;1;1;2;2;1;2;1;2;4;2; ;1;1;1;4;1;3;1;1;1;3;1;1;01;08;07;08;561,181311806172
4660653;1;4;2;1;1;1;1;1;3;1; ; ;120000000;900000; ;1;1;1;1;1;1;1;2;2;2;1;1;1;1;2;1;1;2;2;1;2;1;3;4;2; ;1;1;1;4;1;3;1;1;1;3;1;1;01;08;07;08;481,235488493463
4660654;1;4;3;1;1;1;1;1;3;1; ; ;80000000;500000; ;2;1;1;2;1;1;1;2;2;2;1;1;2;2;2;2;1;1;2;2;2;1;3;10;2; ;1;1;1;4;1;1;1;1;1;3;1;1;01;08;07;08;318,956325412527
4660655;1;2;1;1;1;1;1;1;3;4; ; ; ;350000; ;2;1;2;1;1;1;1;2;2;2;1;2;2;2;2;2;1;1;2;2;2;1;1;7;2; ;1;2;1;2;1;1;1;1;1;3;1;1;01;08;07;08;549,992484073789
4660656;1;4;2;1;1;1;1;3;4;4; ; ; ;450000; ;2;2;2;2;1;1;1;2;2;2;1;2;2;2;2;2;1;2;2;2;2;1;2;3;2; ;1;2;1;4;1;1;2;1;1;3;1;1;01;08;07;08;580,731014414168
4660657;1;4;3;1;1;1;1;1;3;1; ; ;60000000;400000; ;2;2;2;1;1;1;1;2;1;2;1;2;1;1;2;2;1;1;1;2;2;1;3;7;2; ;1;1;1;2;1;2;1;1;1;3;1;1;01;08;07;08;597,587391623206
4660658;1;4;3;1;1;1;1;1;3;1; ; ;50000000;450000; ;1;1;1;1;1;1;1;1;1;2;1;1;1;1;2;2;1;2;2;2;2;1;4;4;2; ;1;1;1;2;1;3;1;1;1;3;1;1;01;08;07;08;421,858416765974
4660659;1;4;2;1;1;1;1;3;3;1; ; ;40000000;350000; ;2;2;2;2;1;1;1;2;2;2;1;2;2;2;2;2;1;2;2;2;2;1;1;2;2; ;1;1;1;4;1;1;1;1;1;3;1;1;01;08;07;08;526,316047253461
4660660;1;4;3;1;1;1;1;1;3;1; ; ;90000000;500000; ;1;1;1;1;1;1;1;2;2;2;1;1;1;2;2;1;1;1;2;2;2;1;3;4;2; ;1;1;1;4;1;2;1;1;1;3;1;1;01;08;07;08;406,20291140023
4660661;1;3;2;1;1;1;1;1;3;1; ; ;98;400000; ;2;2;2;2;1;1;1;2;2;2;1;2;2;2;2;2;1;2;2;2;2;1;3;4;2; ;1;1;1;4;1;1;1;1;1;3;1;1;01;08;07;08;537,32110446463
4660662;1;3;2;1;1;1;1;1;3;3; ; ; ; ;400000;2;2;1;1;1;1;1;2;2;2;1;2;1;1;2;2;1;2;1;2;2;1;2;3;2; ;1;2;1;4;1;2;1;1;1;3;1;1;01;08;07;08;659,414536795011
4660663;1;3;2;1;1;1;1;1;3;1; ; ;150000000;800000; ;1;1;1;1;1;1;1;2;2;2;1;2;1;2;2;1;1;2;2;2;2;1;2;2;2; ;1;2;1;4;1;3;1;1;1;3;1;1;01;08;07;08;557,248686485081
4660664;1;5;4;1;1;1;1;1;3;1; ; ;98;1000000; ;1;1;1;1;1;1;1;2;1;2;1;1;1;1;2;1;1;2;2;1;2;1;3;10;2; ;1;2;1;4;1;3;1;1;1;3;1;1;01;08;07;08;708,443719808258
4660666;1;4;3;1;1;1;1;1;3;1; ; ;99;600000; ;1;1;1;1;1;1;1;2;2;2;1;2;1;1;2;1;1;2;2;2;2;1;4;5;2; ;1;1;1;4;1;2;1;1;1;3;1;1;01;08;07;08;477,185315651405
4660667;1;4;3;1;1;1;1;1;3;3; ; ; ; ;400000;2;1;2;2;1;1;1;2;2;2;1;2;1;2;2;2;1;2;2;2;2;1;2;4;2; ;1;2;1;4;1;1;1;1;1;3;1;1;01;08;07;08;416,538066383626
4660668;1;4;3;1;1;1;1;1;3;1; ; ;70000000;500000; ;1;2;1;1;1;1;1;2;2;2;1;1;1;2;2;2;1;2;1;2;2;1;3;4;2; ;1;1;1;4;1;2;1;1;1;3;1;1;01;08;07;08;611,441749833139
4660670;1;3;2;1;1;1;1;1;3;3; ; ; ; ;700000;2;2;2;1;1;1;1;2;2;2;1;2;1;2;2;1;1;2;2;2;2;1;2;4;2; ;1;2;1;4;1;3;1;1;1;3;1;1;01;08;07;08;668,153291083079
4660671;1;3;2;1;1;1;1;1;3;1; ; ;120000000;700000; ;2;2;2;2;1;1;1;2;2;2;1;2;2;2;2;2;1;2;2;2;2;1;3;4;2; ;1;2;1;4;1;3;1;1;1;3;1;1;01;08;07;08;496,890993859207
4660672;1;5;4;1;1;1;1;1;3;3; ; ; ; ;1200000;2;1;1;1;1;1;1;2;2;2;1;1;1;1;2;1;1;2;1;1;2;1;5;5;2; ;1;1;1;4;1;3;1;1;1;3;1;1;01;08;07;08;554,486956628558
4660673;1;4;3;1;1;1;1;1;3;1; ; ;150000000;600000; ;1;1;1;1;1;1;1;1;1;2;1;2;2;1;2;2;1;2;2;2;2;1;5;6;2; ;1;1;1;4;1;2;1;1;1;3;1;1;01;08;07;08;504,715055461732
4660674;1;4;1;1;1;1;1;6; ;4; ; ; ;98; ;2;2;2;2;2;2;2;2;2;2;2;2;2;2;2;2;1;2;2;2;2;1;1;1;2; ;1;2;1;2;1;1;2;1;1;3;1;1;01;08;07;08;628,455755509722
4660675;1;4;2;1;1;1;1;1;3;1; ; ;50000000;500000; ;2;2;2;1;1;1;1;2;2;2;1;2;2;2;2;1;1;2;2;2;2;1;2;3;2; ;1;1;1;4;1;1;1;1;1;3;1;1;01;08;07;08;471,010383425008
4660676;1;4;2;1;1;1;1;1;3;3; ; ; ; ;800000;2;1;1;1;1;1;1;1;1;2;1;2;1;1;2;1;1;1;2;2;2;1;2;2;2; ;1;2;1;4;1;3;1;1;1;3;1;1;01;08;07;08;635,020277141199
4660677;1;4;1;1;1;1;1;3;3;1; ; ;98;300000; ;2;2;2;2;1;1;1;2;2;2;1;2;2;2;2;2;1;2;2;2;2;1;2;2;2; ;1;1;1;4;1;1;1;1;1;3;1;1;01;08;07;08;532,632523018621
4660678;1;4;3;1;1;1;1;1;3;3; ; ; ; ;600000;1;1;1;1;1;1;1;1;1;2;1;1;1;1;2;1;1;2;1;2;2;1;5;7;2; ;1;1;1;4;1;2;1;1;1;3;1;1;01;08;07;08;810,524587224966
4660679;1;3;2;1;1;1;1;1;3;3; ; ; ; ;500000;2;2;2;1;1;1;1;2;1;2;1;2;2;2;2;2;1;2;2;1;2;1;3;3;2; ;1;1;1;4;1;2;1;1;1;3;1;1;01;08;07;08;605,347177880628
4660680;1;7;3;1;1;1;1;1;3;1; ; ;700000000;1500000; ;1;1;1;1;1;1;1;2;1;2;1;2;2;1;2;2;1;1;2;1;2;1;3;3;2; ;1;2;1;4;1;4;1;1;1;3;1;1;01;08;07;08;397,464157112162
4660681;1;4;3;1;1;1;1;3;3;3; ; ; ; ;1550000;1;1;1;1;1;1;1;1;1;2;1;2;2;1;2;1;1;2;2;2;2;1;4;4;2; ;1;2;1;4;1;4;1;1;1;3;1;1;01;08;07;08;517,459745444427
4660682;1;4;2;1;1;1;1;3;3;3; ; ; ; ;1550000;1;1;1;1;1;1;1;2;2;2;1;2;2;2;2;1;1;2;2;2;2;1;2;4;2; ;1;2;1;4;1;4;1;1;1;3;1;1;01;08;07;08;775,125270359985
4660683;1;4;3;1;1;1;1;1;3;1; ; ;170000000;900000; ;1;1;1;1;1;1;1;1;1;2;1;2;2;1;2;1;1;1;2;1;1;1;4;4;2; ;1;1;1;4;1;2;1;1;1;3;1;1;01;08;07;08;605,125274067979
4660684;1;4;3;1;1;1;1;1;3;1; ; ;10000000;150000; ;2;2;2;2;1;1;1;2;2;2;1;1;2;2;2;2;1;2;2;2;2;1;7;9;2; ;1;1;5;1;1;0;1;1;1;3;1;1;01;08;07;08;497,177173016959
4660685;1;6;5;1;1;1;1;1;3;1; ; ;99;500000; ;1;2;1;1;1;1;1;2;2;2;1;2;1;2;2;2;1;2;2;2;2;1;5;7;2; ;1;1;1;4;1;2;1;1;1;3;1;1;01;08;07;08;439,824462202251
4660686;1;3;2;1;1;1;1;3;1;4; ; ; ;350000; ;1;1;1;1;1;1;1;2;2;2;1;2;2;2;2;2;1;2;2;2;2;1;3;7;2; ;1;2;1;4;1;0;2;1;1;3;1;1;01;08;07;08;627,891639402641
4660687;1;4;3;1;1;1;1;1;1;1; ; ;12000000;200000; ;1;1;1;1;1;1;1;2;2;2;1;2;1;1;2;2;1;2;2;2;2;1;6;7;2; ;1;1;1;4;1;1;2;1;1;3;1;1;01;08;07;08;341,795045932298
4660688;1;3;2;1;1;1;1;1;3;3; ; ; ; ;400000;2;1;1;1;1;1;1;2;2;2;1;2;1;1;2;1;1;2;1;2;2;1;2;4;2; ;1;1;1;4;1;2;1;1;1;3;1;1;01;08;07;08;501,804240078683
4660689;1;3;2;1;1;1;1;1;3;4; ; ; ;600000; ;1;1;2;2;1;1;1;1;2;2;1;2;1;1;2;2;1;1;2;2;2;1;1;6;2; ;1;2;1;4;1;2;1;1;1;3;1;1;01;08;07;08;402,79725101812
4660690;1;1;1;1;1;1;1;2;3;3; ; ; ; ;250000;2;2;2;1;1;1;1;1;1;2;1;2;1;2;2;2;1;1;2;2;2;1;2;3;2; ;1;2;1;4;1;2;1;1;1;3;1;1;01;08;07;08;672,959420050055
4660691;1;4;1;1;2;1;1;1;3;1; ; ;90000000;650000; ;2;2;2;1;2;1;1;2;2;2;2;2;2;2;2;2;1;2;2;2;2;1;1;1;2; ;1;2;1;4;1;2;1;1;1;3;1;1;01;08;07;08;474,228984816227
4660691;2;1;1;1;2;1;1;1;3;3; ; ; ; ;250000;2;2;2;2;2;1;1;2;2;2;1;2;2;2;2;2;1;2;2;2;2;1;1;2;2; ;2;2;1;4;1;2;1;1;1;3;1;1;01;08;07;08;474,228984816227
4660692;1;1;1;1;1;1;1;2;3;3; ; ; ; ;270000;2;1;2;1;2;1;1;2;2;2;1;2;2;2;2;2;1;2;2;2;2;1;2;3;2; ;1;2;1;4;1;2;1;1;1;3;1;1;01;08;07;08;552,442557518104
4660693;1;3;2;1;1;1;1;3;4;3; ; ; ; ;265000;1;1;1;1;1;1;1;2;2;2;1;1;1;2;2;2;1;2;1;2;2;1;2;4;2; ;1;2;1;4;1;0;2;1;1;3;1;1;01;08;07;08;686,989792057467
4660694;1;1;1;1;1;1;1;2;3;3; ; ; ; ;280000;2;2;2;2;1;1;1;2;2;2;1;1;2;2;2;2;1;2;1;2;2;1;1;3;2; ;1;2;1;4;1;2;1;1;1;3;1;1;01;08;07;08;493,065485790615
4660695;1;4;2;1;1;1;1;1;1;4; ; ; ;150000; ;2;2;2;2;1;1;1;2;2;2;1;2;2;2;2;2;1;2;2;2;2;1;1;3;2; ;1;1;5;1;1;0;2;1;1;3;1;1;01;08;07;08;581,642946138892
4660696;1;3;2;1;1;1;1;1;3;1; ; ;160000000;500000; ;1;1;1;1;1;1;1;1;1;2;1;1;1;1;2;1;1;2;2;1;2;1;2;3;2; ;1;2;1;4;1;2;1;1;1;3;1;1;01;08;07;08;581,642946138892
4660697;1;4;3;1;1;1;1;1;3;3; ; ; ; ;420000;1;1;1;1;1;1;1;2;2;2;1;1;1;1;2;2;1;1;1;2;2;1;3;5;2; ;1;2;1;4;1;3;1;1;1;3;1;1;01;08;07;08;489,974242781531
4660698;1;1;1;1;1;1;1;2;3;3; ; ; ; ;300000;2;2;2;2;2;2;1;2;2;2;1;1;2;2;2;2;1;1;2;2;2;2; ;1;2; ;1;2;1;4;1;2;1;1;1;3;1;1;01;08;07;08;628,455755509722
4660699;1;4;3;1;1;1;1;4;1;1; ; ;15000000;200000; ;2;1;2;1;1;1;1;2;2;2;1;1;1;2;2;2;1;2;2;2;2;1;2;6;2; ;1;2;1;2;1;0;2;1;1;3;1;1;01;08;07;08;736,803169410906
4660700;1;4;2;1;1;1;1;1;3;4; ; ; ;400000; ;2;1;1;1;1;1;1;2;2;2;1;2;2;1;2;2;1;2;2;2;2;1;3;5;2; ;1;1;1;4;1;2;1;1;1;3;1;1;01;08;07;08;703,918201335344
4660701;1;6;2;1;1;1;1;1;3;4; ; ; ;350000; ;1;1;1;2;1;1;1;2;2;2;1;2;1;2;2;2;1;1;2;2;2;1;2;4;2; ;1;1;1;2;1;3;1;1;1;3;1;1;01;08;07;08;478,757176833874
4660701;2;4;3;1;1;1;1;1;3;1; ; ;200000000;98; ;1;1;1;1;1;1;1;2;2;2;1;2;2;2;2;2;1;2;2;2;2;1;4;9;2; ;2;1;1;2;1;3;1;1;1;3;1;1;01;08;07;08;478,757176833874
4660702;1;3;2;1;1;1;1;1;1;1; ; ;17000000;300000; ;2;2;2;1;1;1;1;2;2;2;1;2;1;2;2;2;1;2;2;2;2;1;2;4;2; ;1;1;1;4;1;0;2;1;1;3;1;1;01;08;07;08;523,776221209586
4660703;1;2;1;1;1;1;1;1;3;3; ; ; ; ;200000;2;1;2;2;1;1;1;2;2;2;1;2;1;2;2;2;1;2;2;2;2;1;1;2;2; ;1;2;1;4;1;2;1;1;1;3;1;1;01;08;07;08;550,020278995197
4660704;1;3;2;1;1;1;1;3;3;3; ; ; ; ;500000;2;1;1;1;1;1;1;2;2;2;1;1;1;1;2;2;1;1;2;1;2;1;2;3;2; ;1;2;1;4;1;2;1;1;1;3;1;1;01;08;07;08;552,442557518104
4660705;1;4;3;1;1;1;1;1;3;3; ; ; ; ;500000;1;1;1;2;1;1;1;1;1;2;1;2;2;2;2;1;1;1;1;2;2;1;4;6;2; ;1;1;1;4;1;2;1;1;1;3;1;1;01;08;07;08;667,928626309612
4660706;1;1;1;1;1;1;1;2;3;3; ; ; ; ;250000;2;1;2;2;1;2;1;2;2;2;2;2;2;2;2;2;1;2;2;2;2;1;1;2;2; ;1;2;1;4;1;2;1;1;1;3;1;1;01;08;07;08;528,048297864293
4660707;1;5;4;1;1;1;1;1;3;1; ; ;200000000;700000; ;2;1;1;1;1;1;1;2;1;2;1;2;1;1;2;2;1;2;2;2;2;1;4;6;2; ;1;1;1;4;1;2;1;1;1;3;1;1;01;08;07;08;485,924069939472
4660708;1;2;1;1;1;1;1;1;3;3; ; ; ; ;280000;2;1;2;2;1;1;1;2;2;2;1;1;1;2;2;2;1;1;1;2;2;1;1;1;2; ;1;2;1;4;1;1;1;1;1;3;1;1;01;08;07;08;628,455755509722
4660709;1;4;2;1;1;1;1;1;3;1; ; ;60000000;400000; ;2;1;1;1;1;1;1;2;1;2;1;2;2;1;2;1;1;2;1;2;2;1;3;3;2; ;1;1;1;4;1;1;1;1;1;3;1;1;01;08;07;08;568,098062883848
4660710;1;4;3;1;1;5;1;1;3;4; ; ; ;600000; ;2;1;2;1;1;1;1;2;2;2;1;2;1;2;2;2;1;2;2;2;2;1;3;7;2; ;1;1;1;4;1;1;1;1;2; ;1;1;01;08;07;08;382,335616685399
4660711;1;5;4;1;1;1;1;1;3;1; ; ;80000000;600000; ;1;1;1;1;1;1;1;1;1;2;1;1;1;1;2;1;1;1;2;1;2;1;5;6;2; ;1;1;1;4;1;2;1;1;1;3;1;1;01;08;07;08;551,617617432122
4660712;1;5;4;1;1;1;1;1;3;1; ; ;120000000;500000; ;1;1;1;1;1;1;1;2;2;2;1;2;2;2;2;1;1;2;2;2;2;1;4;6;2; ;1;1;1;4;1;2;1;1;1;3;1;1;01;08;07;08;533,20500340973
4660713;1;3;2;1;1;1;1;6; ;3; ; ; ; ;450000;1;2;2;1;1;2;1;2;2;2;1;2;2;2;2;2;1;2;2;2;2;1;1;4;2; ;1;2;1;4;1;2;1;1;1;3;1;1;01;08;07;08;690,125272213982
4660714;1;3;2;1;1;1;1;1;3;1; ; ;98;300000; ;2;2;1;1;1;1;1;2;2;2;1;1;1;2;2;2;1;2;2;2;2;1;3;4;2; ;1;2;1;4;1;1;1;1;1;3;1;1;01;08;07;08;530,092696974746
4660715;1;4;1;1;2;1;1;1;3;1; ; ;98;400000; ;1;1;1;1;1;1;1;2;2;2;1;1;2;1;2;2;1;2;2;2;2;1;1;1;2; ;1;1;1;2;1;1;1;1;1;3;1;1;01;08;07;08;1277,45647537765
4660715;2;2;2;1;2;1;1;1;3;3; ; ; ; ;320000;2;1;1;2;1;1;2;2;2;2;1;2;2;2;2;2;1;2;2;2;2;1;3;5;2; ;2;1;1;2;1;1;1;1;1;3;1;1;01;08;07;08;1277,45647537765
4660716;1;3;1;1;1;1;1;1;3;1; ; ;80000000;700000; ;2;1;2;1;1;1;1;2;1;2;1;1;1;1;2;1;1;1;2;2;2;1;1;1;2; ;1;2;1;4;1;2;1;1;1;3;1;1;01;08;07;08;597,523116278102
4660717;1;3;2;1;1;1;1;3;3;4; ; ; ;500000; ;1;1;1;1;1;1;1;2;2;2;1;1;1;1;2;2;1;1;2;2;2;1;4;6;2; ;1;2;1;2;1;1;1;1;1;3;1;1;01;08;07;08;1201,26160302642
4660718;1;3;2;1;1;1;1;1;3;1; ; ;30000000;350000; ;2;1;2;1;1;1;1;2;2;2;1;2;1;1;2;2;1;1;1;2;2;1;2;5;2; ;1;1;1;2;1;1;1;1;1;3;1;1;01;08;07;08;639,486954774561
4660719;1;4;3;1;1;1;1;1;3;3; ; ; ; ;570000;1;1;1;1;1;1;1;1;1;2;1;1;1;1;2;2;1;1;1;2;2;1;3;6;2; ;1;2;1;4;1;2;1;1;1;3;1;1;01;08;07;08;640,902470345415
4660720;1;4;2;1;2;5;1;1;3;1; ; ;25000000;250000; ;2;2;2;2;1;1;1;2;2;2;1;2;2;2;2;2;1;2;2;2;2;1;1;3;2; ;1;1;1;4;1;1;1;1;2; ;1;1;01;08;07;08;391,788850911772
4660720;2;4;1;1;1;5;1;1;1;3; ; ; ; ;180000;2;2;2;2;2;2;2;2;2;2;2;2;2;2;2;2;1;2;2;2;2;1;1;2;2; ;2;1;1;4;1;1;1;1;2; ;1;1;01;08;07;08;391,788850911772
4660721;1;2;1;1;1;5;1;1;3;1; ; ;50000000;200000; ;2;2;2;1;1;1;1;2;2;2;1;2;2;2;2;2;1;2;2;2;2;1;1;2;2; ;1;2;1;4;1;1;1;1;2; ;1;1;01;08;07;08;557,248686485081
4660722;1;3;2;1;1;1;1;1;3;3; ; ; ; ;400000;1;1;1;1;1;1;1;2;2;2;1;1;1;1;2;1;1;2;2;2;2;1;2;3;1;1;1;2;1;4;1;2;1;1;1;3;1;1;01;08;07;08;563,813208116558
4660723;1;4;1;1;1;5;1;1;3;4; ; ; ;450000; ;2;1;1;1;1;1;1;2;2;2;1;2;1;1;2;1;1;2;1;2;2;1;2;2;2; ;1;2;1;4;1;1;1;1;2; ;1;1;01;08;07;08;543,703803230037
4660724;1;6;4;1;1;1;1;1;3;1; ; ;98;700000; ;1;1;1;1;1;1;1;2;2;2;1;2;1;1;2;2;1;1;2;2;2;1;3;5;2; ;1;1;1;4;1;2;1;1;1;3;1;1;01;08;07;08;639,486954774561
4660725;1;3;2;1;1;1;1;3;3;3; ; ; ; ;400000;2;2;2;1;1;1;1;2;2;2;1;1;2;2;2;2;1;2;2;2;2;1;2;3;2; ;1;2;1;2;1;1;1;1;1;3;1;1;01;08;07;08;1354,48854963469
4660726;1;3;1;1;1;1;1;1;3;1; ; ;98;400000; ;2;2;2;1;1;1;1;2;2;2;1;2;1;1;1;2;1;2;1;2;2;1;2;3;2; ;1;2;1;2;1;1;1;1;1;3;1;1;01;08;07;08;552,442557518104
4660727;1;4;3;1;1;1;1;1;1;1; ; ;20000000;400000; ;2;2;2;2;1;1;1;2;2;2;1;2;2;2;2;2;1;1;2;2;2;1;2;10;2; ;1;1;1;2;1;1;2;1;1;3;1;1;01;08;07;08;543,543413801675
4660728;1;3;1;1;1;1;1;1;3;1; ; ;120000000;800000; ;1;1;1;1;1;1;1;1;2;2;1;1;1;1;2;1;1;1;2;1;2;1;1;2;2; ;1;1;1;4;1;2;1;1;1;3;1;1;01;08;07;08;574,636442461656
4660729;1;3;2;1;1;1;1;1;3;3; ; ; ; ;350000;2;2;2;1;1;1;1;2;2;2;1;2;1;2;2;2;1;2;2;2;2;1;3;5;2; ;1;1;1;2;1;1;1;1;1;3;1;1;01;08;07;08;538,673009489594
4660730;1;4;2;1;1;1;1;1;3;2; ;700000;35000000;350000; ;2;1;1;1;1;1;1;2;2;2;1;2;2;2;2;1;1;2;2;2;2;1;2;4;2; ;1;1;1;4;1;1;1;1;1;3;1;1;01;08;07;08;690,125272213982
4660731;1;3;2;1;1;1;1;1;3;3; ; ; ; ;350000;1;1;1;1;2;1;1;2;2;2;1;2;2;2;2;2;1;2;2;2;2;1;2;4;2; ;1;2;1;4;1;2;1;1;1;3;1;1;01;08;07;08;561,181311806172
4660732;1;4;2;1;1;1;1;1;3;3; ; ; ; ;400000;2;1;2;1;1;1;1;2;2;2;1;2;1;2;2;2;1;2;1;2;2;1;2;4;2; ;1;1;1;2;1;1;1;1;1;3;1;1;01;08;07;08;1122,36262361234
4660733;1;4;3;1;1;1;1;3;3;1; ; ;55000000;500000; ;2;2;2;1;1;1;1;2;2;2;1;2;2;1;2;2;1;2;2;2;2;1;5;7;2; ;1;1;1;4;1;1;1;1;1;3;1;1;01;08;07;08;1009,9262026561
4660734;1;6;5;1;1;1;1;1;3;1; ; ;98;450000; ;2;2;2;1;1;1;1;2;2;2;1;2;1;2;2;2;1;1;2;2;2;1;8;11;2; ;1;2;1;4;1;1;1;1;1;3;1;1;01;08;07;08;521,427743096135
4660735;1;5;3;1;1;1;1;1;3;1; ; ;98;600000; ;1;1;1;1;1;1;1;2;2;2;1;1;1;1;2;2;1;1;2;2;2;1;3;4;2; ;1;1;1;2;1;2;1;1;1;3;1;1;01;08;07;08;721,057911445602
4660736;1;3;2;1;1;1;1;1;3;1; ; ;98;380000; ;2;1;2;2;1;1;1;2;2;2;1;2;2;2;2;2;1;2;2;2;2;1;3;4;2; ;1;1;1;4;1;1;1;1;1;3;1;1;01;08;07;08;1006,41493924873
4660737;1;5;4;1;1;1;1;1;3;1; ; ;120000000;800000; ;1;1;1;1;1;1;1;2;2;1;1;2;1;1;2;2;1;2;2;2;2;1;4;6;2; ;1;1;1;4;1;2;1;1;1;3;1;1;01;08;07;08;423,366002603339
4660738;1;3;2;1;1;1;1;3;3;3; ; ; ; ;360000;2;1;1;1;1;1;1;2;2;2;1;1;1;1;2;1;1;1;2;2;2;1;2;2;2; ;1;2;1;4;1;1;1;1;1;3;1;1;01;08;07;08;468,671226136803
4660739;1;3;1;1;1;1;1;3;3;1; ; ;40000000;450000; ;2;2;2;1;1;1;1;2;2;2;1;2;2;2;2;2;1;2;2;2;2;1;2;2;2; ;1;1;1;4;1;2;1;1;1;3;1;1;01;08;07;08;1149,27288492331
4660740;1;2;2;1;1;1;1;3;3;3; ; ; ; ;300000;2;2;2;2;2;1;1;2;2;2;1;1;2;2;2;2;1;1;2;2;2;1;3;10;2; ;1;2;1;4;1;1;1;1;1;3;1;1;01;08;07;08;476,245589005273
4660741;1;4;3;1;1;1;1;1;3;1; ; ;35000000;600000; ;1;1;1;1;1;1;1;1;2;2;1;1;1;1;2;1;1;2;2;2;2;1;4;5;2; ;1;1;1;2;1;2;1;1;1;3;1;1;01;08;07;08;388,607855303128
4660742;1;3;2;1;1;1;1;1;3;1; ; ;30000000;300000; ;2;1;2;1;1;1;1;2;2;2;1;2;2;2;2;2;1;2;1;2;2;1;2;3;2; ;1;1;1;2;1;1;1;1;1;3;1;1;01;08;07;08;574,414538649008
4660743;1;3;2;1;1;1;1;1;3;3; ; ; ; ;600000;1;1;1;1;1;1;1;2;2;2;1;2;1;1;2;2;1;2;2;2;2;1;3;3;2; ;1;2;1;4;1;2;1;1;1;3;1;1;01;08;07;08;520,817129413591
4660744;1;4;3;1;1;1;1;1;3;1; ; ;98;98; ;2;2;2;1;1;1;1;2;2;2;1;2;1;1;2;1;1;1;2;2;2;1;2;4;2; ;1;1;1;4;1;1;1;1;1;3;1;1;01;08;07;08;884,854336702387
4660745;1;4;2;1;1;1;1;3;3;3; ; ; ; ;470000;2;2;1;1;1;1;1;2;2;2;1;2;1;2;2;2;1;1;2;2;2;1;2;3;2; ;1;2;1;4;1;2;1;1;1;3;1;1;01;08;07;08;1318,82907359002
4660746;1;4;2;1;1;1;1;1;3;3; ; ; ; ;300000;2;1;2;1;1;1;1;2;2;2;1;2;1;2;2;1;1;2;1;2;2;1;2;3;2; ;1;2;1;2;1;1;1;1;1;3;1;1;01;08;07;08;493,065485790615
4660747;1;3;2;1;1;1;1;1;3;1; ; ;98;400000; ;2;2;2;1;1;1;1;2;2;2;1;2;1;2;2;2;1;2;1;2;2;1;2;2;2; ;1;1;1;4;1;1;1;1;1;3;1;1;01;08;07;08;526,316047253461
4660748;1;3;2;1;1;1;1;1;3;3; ; ; ; ;250000;2;1;2;1;1;1;1;2;2;2;1;2;2;2;2;2;1;2;1;2;2;1;2;3;2; ;1;2;1;2;1;1;1;1;1;3;1;1;01;08;07;08;662,595532403655
4660749;1;4;3;1;1;1;1;1;3;3; ; ; ; ;500000;1;1;1;1;1;1;1;2;2;2;1;1;1;1;2;2;1;2;1;2;2;1;3;4;2; ;1;2;1;4;1;2;1;1;1;3;1;1;01;08;07;08;612,353681557864
4660750;1;4;3;1;1;1;1;1;3;4; ; ; ;400000; ;2;2;2;1;1;1;1;2;2;2;1;1;1;1;2;2;1;2;2;2;2;1;3;5;2; ;1;1;1;4;1;2;1;1;1;3;1;1;01;08;07;08;636,747941211675
4660751;1;4;3;1;1;1;1;1;3;1; ; ;160000000;800000; ;1;1;1;1;1;1;1;2;2;2;1;1;1;1;2;1;1;1;2;2;2;1;4;6;2; ;1;1;1;4;1;2;1;1;1;3;1;1;01;08;07;08;560,956647032706
4660752;1;3;2;1;1;1;1;1;3;3; ; ; ; ;400000;2;2;2;1;2;1;1;2;2;2;1;2;2;2;2;2;1;2;2;2;2;1;2;2;2; ;1;1;1;4;1;1;1;1;1;3;1;1;01;08;07;08;930,980461056319
4660753;1;4;3;1;1;1;1;1;3;1; ; ;80000000;98; ;1;1;1;1;1;1;1;2;2;2;1;2;1;2;2;2;1;2;2;2;2;1;6;7;2; ;1;1;1;4;1;2;1;1;1;3;1;1;01;08;07;08;589,493149795087
4660754;1;2;1;1;1;1;1;3;3;3; ; ; ; ;350000;2;2;2;2;2;2;1;2;2;2;1;2;2;2;2;2;1;2;1;2;2;2; ;2;2; ;1;2;1;4;1;1;1;1;1;3;1;1;01;08;07;08;543,703803230037
4660755;1;5;2;1;1;1;1;1;3;4; ; ; ;400000; ;2;1;2;1;1;1;1;2;2;2;1;2;2;2;2;2;1;2;1;2;2;1;1;2;2; ;1;1;1;4;1;2;1;1;1;3;1;1;01;08;07;08;526,316047253461
4660756;1;3;2;1;1;1;1;5;3;4; ; ; ;300000; ;1;1;1;1;1;1;1;2;2;2;1;1;2;2;2;2;1;2;2;2;2;1;2;6;2; ;1;1;1;4;1;2;1;1;1;3;1;1;01;08;07;08;653,279883895922
4660757;1;4;3;1;1;1;1;1;3;3; ; ; ; ;550000;1;1;1;1;1;1;1;2;2;2;1;2;2;2;2;2;1;1;2;2;2;1;1;7;2; ;1;1;1;4;1;2;1;1;1;3;1;1;01;08;07;08;538,606786489348
4660758;1;4;2;1;1;1;1;1;3;4; ; ; ;450000; ;1;2;2;1;1;1;1;1;2;2;1;2;2;2;2;2;1;1;2;2;2;1;2;3;2; ;1;1;1;4;1;1;1;1;1;3;1;1;01;08;07;08;672,959420050055
4660759;1;3;2;1;1;1;1;1;3;3; ; ; ; ;350000;2;2;2;1;1;1;1;1;2;2;1;1;1;1;2;2;1;2;2;2;2;1;1;3;2; ;1;1;1;2;1;2;1;1;1;3;1;1;01;08;07;08;1210,69435576126
4660760;1;4;2;1;1;1;1;3;3;1; ; ;160000000;800000; ;1;1;1;1;1;1;1;1;1;2;1;2;1;2;2;1;1;2;2;2;2;1;4;4;2; ;1;1;1;4;1;2;1;1;1;3;1;1;01;08;07;08;1062,00925739894
4660761;1;4;3;1;1;1;1;1;3;1; ; ;40000000;350000; ;1;2;1;1;1;2;1;2;2;2;1;2;2;2;2;2;1;1;2;2;2;1;2;4;2; ;1;1;1;2;1;1;1;1;1;3;1;1;01;08;07;08;551,527864832562
4660762;1;4;3;1;1;1;1;1;3;3; ; ; ; ;400000;2;2;2;1;1;1;1;2;2;2;1;2;1;1;2;2;1;2;1;2;2;1;2;3;2; ;1;1;1;4;1;1;1;1;1;3;1;1;01;08;07;08;580,731014414168
4660764;1;4;3;1;1;1;1;1;3;4; ; ; ;500000; ;1;1;1;1;1;1;1;2;2;2;1;2;2;1;2;2;1;2;1;2;2;1;2;5;2; ;1;1;1;4;1;2;1;1;1;3;1;1;01;08;07;08;1259,97896680151
4660765;1;5;3;1;1;1;1;1;3;4; ; ; ;600000; ;1;1;1;1;1;1;1;2;2;2;1;2;2;2;2;2;1;2;2;2;2;1;4;4;2; ;1;1;1;4;1;2;1;1;1;3;1;1;01;08;07;08;527,823633090827
4660766;1;4;3;1;1;1;1;3;3;3; ; ; ; ;500000;1;1;1;1;1;1;1;2;2;2;1;1;1;2;2;1;1;2;1;2;2;1;4;5;2; ;1;2;1;4;1;2;1;1;1;3;1;1;01;08;07;08;1065,02995099531
4660767;1;4;2;1;1;1;1;1;3;1; ; ;50000000;500000; ;2;2;2;1;1;1;1;2;2;2;1;1;1;2;2;1;1;2;2;2;2;1;1;2;2; ;1;1;1;4;1;1;1;1;1;3;1;1;01;08;07;08;526,316047253461
4660768;1;4;3;1;1;1;1;1;3;1; ; ;60000000;500000; ;1;1;1;2;1;1;1;1;2;2;1;1;1;2;2;2;1;2;2;2;2;1;6;7;1;4;1;1;1;4;1;1;1;1;1;3;1;1;01;08;07;08;669,438973107796
4660769;1;4;3;1;1;1;1;1;3;1; ; ;50000000;500000; ;1;1;1;2;1;1;1;2;2;2;1;2;2;2;2;2;1;2;2;2;2;1;3;7;2; ;1;1;1;4;1;1;1;1;1;3;1;1;01;08;07;08;626,787780243994
4660770;1;4;3;1;1;1;1;1;3;1; ; ;5000000;400000; ;2;2;2;1;1;1;1;2;2;2;1;2;1;2;2;2;1;2;2;2;2;1;2;6;2; ;1;1;1;4;1;1;1;1;1;3;1;1;01;08;07;08;497,532163423976
4660771;1;4;3;1;1;1;1;1;4;1; ; ;70000000;500000; ;1;1;2;2;2;1;1;2;1;2;1;2;2;2;2;2;1;1;2;2;2;1;2;7;2; ;1;1;1;4;1;2;1;1;1;3;1;1;01;08;07;08;1359,69675241265
4660772;1;4;3;1;1;1;1;3;3;3; ; ; ; ;600000;2;1;2;1;2;1;1;2;2;2;1;1;1;2;2;2;1;2;2;2;2;1;4;4;2; ;1;1;1;4;1;2;1;1;1;3;1;1;01;08;07;08;891,125297015418
4660774;1;4;1;1;1;1;1;1;3;1; ; ;99;99; ;1;1;1;1;1;1;1;2;2;2;1;1;1;2;2;2;1;2;2;2;2;1;1;2;2; ;1;1;1;4;1;2;1;1;1;3;1;1;01;08;07;08;1114,49737297016
4660775;1;4;2;1;1;1;1;3;3;4; ; ; ;98; ;1;1;1;1;1;1;1;2;2;2;1;2;2;2;2;1;1;2;2;2;2;1;3;3;2; ;1;1;1;4;1;2;1;1;1;3;1;1;01;08;07;08;1163,28589227778
4660776;1;4;1;1;1;1;1;1;3;1; ; ;50000000;500000; ;1;1;2;1;1;1;1;1;2;2;1;2;2;2;2;2;1;2;2;2;2;1;2;2;2; ;1;1;1;2;1;1;1;1;1;3;1;1;01;08;07;08;543,703803230037
4660777;1;4;3;1;1;1;1;1;3;1; ; ;98;500000; ;1;2;1;1;1;1;1;1;2;2;1;2;2;1;2;1;1;1;2;2;2;1;4;6;2; ;1;1;1;4;1;2;1;1;1;3;1;1;01;08;07;08;641,163563774261
4660778;1;2;1;1;1;1;1;3;3;3; ; ; ; ;300000;2;2;2;1;1;1;1;2;2;2;1;2;2;2;2;2;1;2;2;2;2;1;1;3;2; ;1;2;1;4;1;2;1;1;1;3;1;1;01;08;07;08;878,906945726152
4660779;1;5;4;1;1;1;1;1;3;4; ; ; ;800000; ;1;1;1;1;1;1;1;1;2;2;1;2;1;1;2;1;1;2;2;1;2;1;2;5;2; ;1;1;1;4;1;2;1;1;1;3;1;1;01;08;07;08;1193,89244411687
4660780;1;4;3;1;1;1;1;3;3;4; ; ; ;500000; ;2;1;1;1;1;1;1;2;2;2;1;2;2;1;2;2;1;2;2;2;2;1;2;5;2; ;1;1;1;4;1;2;1;1;1;3;1;1;01;08;07;08;1108,97391325712
4660781;1;2;2;1;1;1;1;1;3;1; ; ;98;300000; ;2;2;1;1;1;1;1;2;2;2;1;2;1;2;2;2;1;2;1;2;2;1;3;4;2; ;1;1;1;2;1;1;1;1;1;3;1;1;01;08;07;08;1047,55244241917
4660782;1;3;2;1;1;1;1;3;3;1; ; ;50000000;250000; ;2;2;2;2;1;1;1;2;2;2;1;1;1;2;2;2;1;1;2;2;2;1;2;3;2; ;1;1;1;2;1;2;1;1;1;3;1;1;01;08;07;08;1379,75445269533
4660783;1;3;2;1;1;1;1;1;1;1; ; ;10000000;100000; ;2;2;2;2;2;2;1;2;2;2;1;2;2;2;2;2;1;2;2;2;2;1;2;6;2; ;1;1;5;1;1;0;2;1;1;3;1;1;01;08;07;08;485,057653666876
4660784;1;3;1;1;1;1;1;1;3;1; ; ;98;400000; ;2;1;2;1;1;1;1;2;2;2;1;2;2;2;2;2;1;2;2;2;2;1;1;2;2; ;1;2;1;4;1;2;1;1;1;3;1;1;01;08;07;08;526,316047253461
4660785;1;4;3;1;1;1;1;1;3;1; ; ;99;600000; ;1;1;1;1;1;1;1;2;2;2;1;2;1;1;2;2;1;2;1;2;2;1;3;4;2; ;1;1;1;4;1;2;1;1;1;3;1;1;01;08;07;08;690,125272213982
4660786;1;3;2;1;1;1;1;3;3;1; ; ;60000000;500000; ;1;1;1;2;1;1;1;2;2;2;1;2;2;2;2;2;1;2;2;2;2;1;1;2;2; ;1;2;1;4;1;2;1;1;1;3;1;1;01;08;07;08;528,048297864293
4660787;1;3;2;1;1;1;1;1;3;3; ; ; ; ;400000;2;2;2;2;1;1;1;2;2;2;1;1;2;2;2;2;1;1;2;2;2;1;3;5;2; ;1;2;1;4;1;1;1;1;1;3;1;1;01;08;07;08;523,01750412385
4660788;1;5;3;1;1;1;1;1;3;1; ; ;70000000;500000; ;1;2;2;1;1;1;1;2;2;2;1;2;2;2;2;2;1;2;1;2;2;1;3;5;2; ;1;2;1;4;1;2;1;1;1;3;1;1;01;08;07;08;443,071680811141
4660789;1;4;2;1;1;1;1;1;3;3; ; ; ; ;450000;2;1;2;2;1;1;1;2;2;2;1;1;2;2;2;2;1;2;2;2;2;1;2;4;2; ;1;1;1;4;1;2;1;1;1;3;1;1;01;08;07;08;486,148734712939
4660790;1;3;3;1;1;1;1;1;3;1; ; ;45000000;400000; ;1;1;1;1;1;1;1;2;2;2;1;1;1;2;2;2;1;2;2;2;2;1;5;8;2; ;1;2;1;4;1;2;1;1;1;3;1;1;01;08;07;08;739,317518200325
4660791;1;4;2;1;1;1;1;1;3;1; ; ;99;700000; ;1;1;1;1;1;1;1;2;1;2;1;1;1;1;2;1;1;2;2;2;2;1;2;2;2; ;1;2;1;4;1;2;1;1;1;3;1;1;01;08;07;08;414,851913088738
4660791;2;1;1;1;1;1;1;1;3;3; ; ; ; ;150000;2;1;1;2;2;2;1;2;2;2;2;2;2;1;2;2;1;2;2;2;2;1;1;1;2; ;2;2;1;4;1;2;1;1;1;3;1;1;01;08;07;08;414,851913088738
4660792;1;3;2;1;1;1;1;1;3;1; ; ;98;400000; ;2;2;2;1;1;1;1;2;2;2;1;2;2;2;2;2;1;1;1;2;2;1;5;10;2; ;1;2;1;4;1;2;1;1;1;3;1;1;01;08;07;08;630,738992746262
4660793;1;5;4;1;1;1;1;1;3;4; ; ; ;800000; ;2;2;2;2;2;1;1;2;2;2;1;2;2;1;2;2;1;2;2;2;2;1;3;5;2; ;1;2;1;4;1;1;1;1;1;3;1;1;01;08;07;08;599,498826214896
4660794;1;3;2;1;1;1;1;1;3;1; ; ;25000000;400000; ;2;1;2;1;1;1;1;2;2;2;1;2;2;2;2;2;1;2;2;2;2;1;2;3;2; ;1;2;1;4;1;2;1;1;1;3;1;1;01;08;07;08;359,592409597868
4660795;1;3;2;1;1;1;1;1;1;1; ; ;10000000;150000; ;2;1;2;1;1;1;1;2;2;2;1;2;1;2;2;2;1;1;2;2;2;1;2;6;2; ;1;1;5;7;1;0;2;1;1;3;1;1;01;08;07;08;814,574760067024
4660796;1;5;4;1;1;1;1;1;3;1; ; ;99;500000; ;2;2;1;1;1;1;1;2;2;2;1;2;2;2;2;2;1;1;2;2;2;1;4;8;2; ;1;1;1;4;1;2;1;1;1;3;1;1;01;08;07;08;381,420923999857
4660797;1;3;2;1;1;1;1;1;3;4; ; ; ;350000; ;2;1;1;1;1;1;1;2;2;2;1;1;1;1;2;2;1;1;1;2;2;2; ;5;2; ;1;1;1;4;1;1;1;1;1;3;1;1;01;08;07;08;398,66992994012
4660798;1;4;3;1;1;1;1;1;3;3; ; ; ; ;550000;1;1;1;1;1;1;1;2;2;2;1;1;2;1;2;2;1;2;2;2;2;1;3;3;2; ;1;2;1;4;1;2;1;1;1;3;1;1;01;08;07;08;998,76392311155
4660799;1;4;2;1;1;1;1;1;3;1; ; ;100000000;700000; ;1;1;1;1;1;1;1;1;2;2;1;1;1;1;2;2;1;1;2;2;2;1;2;4;1;1;1;1;1;4;1;2;1;1;1;3;1;1;01;08;07;08;465,579983127719
4660800;1;4;3;1;1;1;1;1;3;1; ; ;98;500000; ;2;1;1;1;1;1;1;2;2;2;1;2;1;1;2;2;1;2;2;2;2;1;2;3;2; ;1;1;1;4;1;2;1;1;1;3;1;1;01;08;07;08;836,065817394763
4660801;1;3;2;1;1;1;1;1;3;1; ; ;70000000;600000; ;1;1;1;1;1;1;1;1;2;2;1;1;2;1;2;2;1;1;2;2;2;1;2;3;2; ;1;1;1;4;1;2;1;1;1;3;1;1;01;08;07;08;948,457969632454
4660802;1;3;2;1;1;1;1;1;3;2; ;600000;99;500000; ;1;1;1;2;1;1;1;2;2;2;1;2;1;2;2;2;1;2;1;2;2;1;1;4;2; ;1;1;1;2;1;2;1;1;1;3;1;1;01;08;07;08;622,321102610633
4660803;1;4;3;1;1;1;1;1;3;1; ; ;98;450000; ;2;2;2;2;1;1;1;2;2;2;1;2;2;2;2;2;1;2;2;2;2;1;1;3;2; ;1;1;1;4;1;2;1;1;1;3;1;1;01;08;07;08;472,496734205395
4660804;1;2;1;1;1;1;1;1;3;4; ; ; ;350000; ;2;1;2;1;2;1;1;2;2;2;1;2;2;2;2;1;2;2;2;2;2;1;1;4;2; ;1;2;1;2;1;1;1;1;1;3;1;1;01;08;07;08;553,660907399989
4660806;1;4;1;1;1;1;1;1;3;1; ; ;98;98; ;1;1;1;1;1;1;1;2;2;2;1;2;1;1;2;2;1;2;2;2;2;1;2;2;2; ;1;1;1;4;1;3;1;1;1;3;1;1;01;08;07;08;557,248686485081
4660807;1;4;3;1;1;1;1;1;3;3; ; ; ; ;98;2;1;1;1;1;1;1;2;2;2;1;2;1;2;2;1;1;1;1;1;2;1;3;4;2; ;1;2;1;4;1;2;1;1;1;3;1;1;01;08;07;08;481,235488493463
4660808;1;3;1;1;1;1;1;1;3;3; ; ; ; ;437000;2;1;1;1;1;1;1;1;2;2;1;1;1;1;2;2;1;2;2;1;2;1;1;1;2; ;1;2;1;4;1;4;1;1;1;3;1;1;01;08;07;08;597,523116278102
4660810;1;3;2;1;1;1;1;3;3;1; ; ;98;300000; ;2;2;2;1;1;1;1;2;2;2;1;2;1;2;2;1;1;2;2;2;2;1;4;4;2; ;1;1;1;4;1;3;1;1;1;3;1;1;01;08;07;08;503,207469624367
4660811;1;3;1;1;1;1;1;1;3;3; ; ; ; ;350000;2;1;2;1;1;1;1;1;1;2;1;2;1;2;2;1;1;2;2;2;2;1;1;1;2; ;1;2;1;4;1;2;1;1;1;3;1;1;01;08;07;08;519,309543576225
4660813;1;4;3;1;1;1;1;1;3;3; ; ; ; ;900000;1;1;1;1;1;1;1;2;2;2;1;2;1;1;2;2;1;2;2;2;2;1;2;3;2; ;1;2;1;4;1;3;1;1;1;3;1;1;01;08;07;08;574,414538649008
4660814;1;3;2;1;1;1;2;1;3;2; ;98;90000000;500000; ;2;1;1;1;1;1;1;1;2;2;1;2;1;1;2;2;1;2;1;2;2;1;2;5;2; ;1;1;1;4;1;1;1;1;1;3;1;1;01;08;07;08;456,776396267543
4660815;1;3;2;1;1;1;1;1;3;3; ; ; ; ;300000;2;1;2;2;1;1;1;2;2;2;1;1;2;2;2;2;1;2;2;2;2;1;2;2;2; ;1;1;1;4;1;1;1;1;1;3;1;1;01;08;07;08;468,671226136803
4660816;1;3;1;1;1;1;1;3;3;3; ; ; ; ;300000;2;1;2;1;1;1;1;2;2;2;1;2;2;2;2;2;1;2;2;2;2;1;1;1;2; ;1;2;1;2;1;1;1;1;1;3;1;1;01;08;07;08;519,309543576225
4660817;1;2;1;1;1;1;1;3;3;3; ; ; ; ;285000;2;2;2;2;1;1;1;2;2;2;1;2;2;2;2;2;1;2;2;2;2;1;2;2;2; ;1;2;1;4;1;1;1;1;1;3;1;1;01;08;07;08;543,703803230037
4660818;1;4;2;1;1;1;1;1;3;4; ; ; ;98; ;1;1;1;1;1;1;1;1;1;2;1;1;1;1;2;1;1;2;2;2;2;1;4;4;2; ;1;1;1;4;1;2;1;1;1;3;1;1;01;08;07;08;523,776221209586
4660819;1;3;2;1;1;1;1;1;3;3; ; ; ; ;300000;2;1;1;1;1;1;1;2;2;2;1;2;1;1;2;1;1;2;2;1;2;1;2;3;2; ;1;2;1;4;1;2;1;1;1;3;1;1;01;08;07;08;1104,88511503621
4660820;1;3;2;1;2;1;1;1;3;3; ; ; ; ;98;1;1;1;1;1;1;1;1;2;2;1;2;1;1;2;1;1;2;2;2;2;1;1;1;2; ;1;2;1;4;1;4;1;1;1;3;1;1;01;08;07;08;621,917375931914
4660820;2;1;1;1;2;1;1;1;3;3; ; ; ; ;500000;2;2;2;1;1;1;1;2;2;2;1;2;2;2;2;2;1;2;2;2;2;1;1;1;2; ;2;2;1;4;1;4;1;1;1;3;1;1;01;08;07;08;621,917375931914
4660821;1;3;2;1;1;1;1;1;3;3; ; ; ; ;600000;1;1;1;1;1;1;1;2;1;2;1;1;1;2;2;1;1;1;1;1;2;1;2;4;2; ;1;2;1;4;1;3;1;1;1;3;1;1;01;08;07;08;668,153291083079
4660826;1;4;4;1;1;1;1;1;3;1; ; ;650000000;2500000; ;1;1;1;1;1;1;1;1;1;1;1;1;1;1;1;2;2;1;2;1;1;1;5;5;2; ;1;1;1;4;1;4;1;1;1;3;1;1;01;11;07;11;2813,30584862502
4660827;1;4;3;1;1;1;1;3;3;5; ; ; ;300000; ;1;1;1;1;1;1;1;2;1;2;1;2;1;1;2;2;2;2;2;2;2;1;4;4;2; ;1;2;1;4;1;2;1;1;1;3;1;1;01;11;07;11;2817,17860760418
4660828;1;1;1;1;1;1;1;1;3;3; ; ; ; ;300000;2;1;2;2;1;1;1;2;2;2;1;2;2;2;2;2;2;2;2;2;2;1;1;2;2; ;1;2;1;4;1;2;1;1;1;3;1;1;01;11;07;11;3030,91849868692
4660829;1;2;1;1;1;1;1;1;3;3; ; ; ; ;450000;2;1;2;1;1;1;1;2;2;2;1;1;2;1;2;2;2;2;2;2;2;1;2;3;2; ;1;2;1;4;1;2;1;1;1;3;1;1;01;11;07;11;2659,49945082986
4660830;1;4;3;1;1;1;1;1;3;1; ; ;170000000;500000; ;2;1;1;1;1;1;1;1;2;2;1;1;2;1;2;2;2;1;1;1;2;1;4;4;2; ;1;2;1;4;1;2;1;1;1;3;1;1;01;11;07;11;2209,815820004
4660831;1;2;2;1;1;1;1;1;3;4; ; ; ;450000; ;1;1;1;1;1;1;1;2;2;1;1;1;2;1;2;2;2;1;2;1;2;1;4;3;2; ;1;2;1;4;1;3;1;1;1;3;1;1;01;11;07;11;2784,41561341017
4660832;1;2;2;1;1;1;1;1;3;4; ; ; ;500000; ;1;1;1;1;1;1;1;2;1;2;1;1;1;1;1;2;2;1;1;2;2;1;4;5;2; ;1;2;1;4;1;3;1;1;1;3;1;1;01;11;07;11;3007,09224314114
4660833;1;2;1;1;1;1;1;1;3;3; ; ; ; ;500000;2;1;2;1;1;1;1;2;2;2;1;2;1;2;2;2;2;2;2;2;2;1;1;2;2; ;1;2;1;4;1;3;1;1;1;3;1;1;01;11;07;11;2598,05569570257
4660834;1;4;1;1;1;1;1;1;3;3; ; ; ; ;1300000;1;2;2;1;1;1;1;2;1;2;1;2;1;2;1;2;2;1;2;2;1;1;2;2;2; ;1;1;1;4;1;4;1;1;1;3;1;1;01;11;07;11;2598,05569570257
4660835;1;4;3;1;1;1;1;1;3;1; ; ;3000000;850000; ;1;1;1;1;1;1;1;2;1;2;1;2;2;1;2;2;2;1;1;2;2;1;4;4;2; ;1;2;1;4;1;3;1;1;1;3;1;1;01;11;07;11;2971,48998558543
4660836;1;1;1;1;1;1;1;1;3;3; ; ; ; ;400000;2;1;2;2;1;1;1;2;2;2;1;2;2;1;2;2;2;1;2;2;2;1;1;1;2; ;1;2;1;4;1;3;1;1;1;3;1;1;01;11;07;11;3049,82692314578
4660837;1;5;3;1;1;1;1;1;3;4; ; ; ;1500000; ;1;1;1;1;1;1;1;2;2;1;1;1;2;1;2;2;2;2;2;2;2;1;2;3;2; ;1;1;1;4;1;4;1;1;1;3;1;1;01;11;07;11;2317,0429927792
4660838;1;3;2;1;1;1;1;1;3;3; ; ; ; ;450000;2;1;2;1;2;1;1;2;2;2;1;1;1;2;2;2;2;2;2;2;2;1;3;4;2; ;1;2;1;4;1;2;1;1;1;3;1;1;01;11;07;11;4077,47495014776
4660839;1;2;2;1;1;1;1;1;3;3; ; ; ; ;450000;2;2;2;2;1;1;1;2;2;2;1;2;1;2;2;2;2;1;2;2;2;1;2;4;2; ;1;2;1;4;1;2;1;1;1;3;1;1;01;11;07;11;2897,53078719033
4660840;1;3;2;1;1;1;1;1;4;3; ; ; ; ;650000;2;1;1;1;1;1;1;2;2;2;1;2;1;1;2;2;2;1;2;1;2;1;3;4;2; ;1;2;1;4;1;3;2;1;1;3;1;1;01;11;07;11;2416,51307110578
4660841;1;3;1;1;1;1;1;1;3;1; ; ;400000000;2500000; ;1;1;1;1;1;1;1;1;1;1;1;1;1;1;2;2;2;2;2;2;1;1;1;2;2; ;1;1;1;4;1;4;1;1;1;3;1;1;01;11;07;11;2608,14707332679
4660842;1;6;5;1;1;1;1;1;3;1; ; ;98;1200000; ;1;1;1;1;1;1;1;1;2;1;1;1;1;1;2;2;2;1;2;1;2;1;4;7;2; ;1;1;1;4;1;2;1;1;1;3;1;1;01;11;07;11;1811,35326779805
4660843;1;3;2;1;1;1;1;1;3;4; ; ; ;450000; ;1;1;1;1;1;1;1;1;1;1;1;1;1;1;2;2;2;2;1;2;2;1;2;2;2; ;1;2;1;4;1;2;1;1;1;3;1;1;01;11;07;11;2598,05569570257
4660844;1;4;3;1;1;1;1;1;3;1; ; ;99;600000; ;1;1;1;1;1;1;1;2;2;1;1;1;1;1;2;2;2;2;2;2;2;1;3;4;2; ;1;2;1;4;1;2;1;1;1;3;1;1;01;11;07;11;2814,37655651917
4660845;1;4;1;1;1;1;1;1;3;3; ; ; ; ;600000;1;1;1;1;1;1;1;2;2;2;1;2;1;2;2;2;2;2;2;2;2;1;1;1;2; ;1;2;1;4;1;2;1;1;1;3;1;1;01;11;07;11;2921,35704273611
4660846;1;2;1;1;1;1;1;1;3;3; ; ; ; ;360000;2;1;1;1;1;1;1;1;1;2;1;2;1;2;2;2;2;1;2;2;2;1;2;2;2; ;1;2;1;4;1;2;1;1;1;3;1;1;01;11;07;11;3159,38837909658
4660847;1;4;3;1;1;1;1;1;3;3; ; ; ; ;540000;1;1;1;1;1;1;1;2;2;2;1;1;2;1;2;2;2;2;2;2;2;1;4;5;2; ;1;2;1;4;1;2;1;1;1;3;1;1;01;11;07;11;4312,70423542322
4660848;1;2;2;1;1;1;1;1;3;1; ; ;450000000;600000; ;1;1;1;1;1;1;1;1;2;2;1;2;1;1;2;2;2;1;2;2;2;1;2;2;2; ;1;2;1;4;1;3;1;1;1;3;1;1;01;11;07;11;2814,12986996091
4660849;1;4;2;1;1;1;1;1;3;3; ; ; ; ;850000;1;1;1;1;1;1;1;2;1;2;1;2;1;2;2;2;2;2;2;2;2;1;2;3;2; ;1;2;1;4;1;3;1;1;1;3;1;1;01;11;07;11;3266,14778396238
4660850;1;5;4;1;1;1;1;1;3;3; ; ; ; ;1300000;1;1;1;1;1;1;1;1;2;1;1;1;1;1;2;2;2;1;1;1;2;1;6;6;2; ;1;1;1;4;1;4;1;1;1;3;1;1;01;11;07;11;2418,84735428139
4660851;1;5;1;1;1;1;1;1;3;2; ;1200000;180000000;800000; ;1;1;1;1;1;1;1;2;2;1;1;1;1;1;2;2;2;1;1;1;2;1;2;2;2; ;1;1;1;4;1;2;1;1;1;3;1;1;01;11;07;11;3159,38837909658
4660852;1;4;1;1;1;1;1;1;3;1; ; ;98;98; ;1;1;1;1;1;1;1;1;1;1;1;2;1;1;1;2;2;1;2;1;1;1;2;2;2; ;1;1;1;4;1;4;1;1;1;3;1;1;01;11;07;11;2598,05569570257
4660853;1;2;1;1;1;1;1;1;3;3; ; ; ; ;400000;2;2;2;2;2;2;1;2;2;2;2;2;2;2;2;2;2;2;2;2;2;1;1;2;2; ;1;4;1;4;1;2;1;1;1;3;1;1;01;11;07;11;3159,38837909658
4660854;1;2;2;1;1;1;1;1;3;3; ; ; ; ;350000;2;1;2;2;1;1;1;2;2;2;1;2;2;2;2;2;2;2;2;2;2;1;2;3;2; ;1;2;1;4;1;2;1;1;1;3;1;1;01;11;07;11;4235,65908710816
4660855;1;3;3;1;1;1;1;1;3;3; ; ; ; ;650000;2;1;2;2;1;1;1;2;2;2;1;1;2;2;2;2;2;1;2;2;2;1;2;7;2; ;1;2;1;2;1;2;1;1;1;3;1;1;01;11;07;11;3788,70515277577
4660856;1;3;2;1;1;1;1;1;3;3; ; ; ; ;500000;2;1;2;1;1;1;1;2;2;2;1;2;1;2;2;2;2;2;1;2;2;1;3;3;2; ;1;2;1;4;1;2;1;1;1;3;1;1;01;11;07;11;2913,5999482875
4660857;1;2;2;1;1;1;1;1;3;3; ; ; ; ;320000;2;1;2;2;1;1;1;2;2;2;1;1;2;2;2;2;2;1;2;2;2;1;1;4;2; ;1;4;1;4;1;2;1;1;1;3;1;1;01;11;07;11;2769,06090678067
4660858;1;2;1;1;1;1;1;1;3;3; ; ; ; ;300000;2;1;2;1;1;2;1;2;2;2;1;2;2;2;2;2;2;1;2;2;2;1;2;4;2; ;1;2;1;4;1;2;1;1;1;3;1;1;01;11;07;11;3650,96791607777
4660859;1;3;1;1;1;1;1;1;3;3; ; ; ; ;2000000;1;1;1;1;1;1;1;2;2;2;1;1;1;2;2;2;2;1;2;1;1;1;2;2;2; ;1;2;1;4;1;2;1;1;1;3;1;1;01;11;07;11;3159,38837909658
4660860;1;5;4;1;1;1;1;1;3;3; ; ; ; ;1400000;1;1;1;1;1;1;1;1;1;2;1;2;1;1;2;2;2;1;2;2;2;1;4;6;2; ;1;1;1;4;1;2;1;1;1;3;1;1;01;11;07;11;4077,00718223836
4660861;1;4;1;1;1;1;1;1;3;3; ; ; ; ;98;2;1;1;1;1;1;1;1;2;1;1;2;2;2;2;2;2;1;2;2;2;1;2;3;2; ;1;2;8;4;1;2;1;1;1;3;1;1;01;11;07;11;3757,48063438531
4660862;1;2;1;1;1;1;1;1;3;1; ; ;98;98; ;2;1;1;1;1;2;1;1;1;1;1;2;1;1;2;2;2;1;2;2;2;1;1;1;2; ;1;2;1;6;1;3;1;1;1;3;1;1;01;11;07;11;2833,75274888743
4660863;1;4;3;1;1;1;1;1;3;2; ;385000;500000000;700000; ;1;1;1;1;1;1;1;2;2;2;1;1;1;1;2;2;2;1;2;2;2;1;3;4;2; ;1;1;1;4;1;3;1;1;1;3;1;1;01;11;07;11;2544,98295151545
4660864;1;2;2;1;1;1;1;1;3;1; ; ;99;98; ;1;2;2;2;1;1;1;2;2;2;1;2;1;2;2;2;2;1;2;2;2;1;1;2;2; ;1;1;1;4;1;2;1;1;1;3;1;1;01;11;07;11;2598,05569570257
4660865;1;6;4;1;1;1;1;1;3;4; ; ; ;1000000; ;1;1;1;1;1;1;1;1;2;1;1;2;1;1;2;2;2;1;1;2;2;1;4;4;2; ;1;1;1;4;1;2;1;1;1;3;1;1;01;11;07;11;2755,41581132709
4660867;1;3;3;1;1;1;1;1;3;1; ; ;98;98; ;1;1;1;1;1;1;1;2;2;2;1;2;2;1;2;2;2;2;2;2;2;1;1;4;2; ;1;2;1;4;1;3;1;1;1;3;1;1;01;11;07;11;2538,62718260108
4660868;1;3;1;1;1;1;1;1;3;3; ; ; ; ;300000;2;1;2;1;1;2;1;2;2;2;1;2;1;1;2;2;2;1;2;2;2;1;1;2;2; ;1;1;1;4;1;2;1;1;1;3;1;1;01;11;07;11;4265,3733436589
4660869;1;4;2;1;1;1;1;1;3;3; ; ; ; ;700000;2;1;1;1;1;1;1;2;2;1;1;1;2;2;2;2;2;2;2;2;2;1;2;3;2; ;1;2;1;4;1;2;1;1;1;3;1;1;01;11;07;11;4235,65908710816
4660870;1;5;3;1;1;1;1;1;3;1; ; ;98;600000; ;2;1;1;1;1;1;1;2;2;1;1;2;2;1;2;2;2;2;2;1;2;1;4;4;2; ;1;1;1;5;1;3;1;1;1;3;1;1;01;11;07;11;2199,72444237978
4660871;1;3;2;1;1;1;1;1;3;3; ; ; ; ;680000;2;1;1;1;1;1;1;2;2;1;1;1;2;1;2;2;2;2;2;2;2;1;2;3;2; ;1;2;1;4;1;3;1;1;1;3;1;1;01;11;07;11;4235,65908710816
4660872;1;3;2;1;1;1;1;1;3;3; ; ; ; ;400000;1;1;1;1;1;1;1;2;2;1;1;2;2;1;2;2;2;1;2;1;2;1;3;3;2; ;1;1;1;4;1;2;1;1;1;3;1;1;01;11;07;11;2574,69720806619
4660873;1;2;1;1;1;1;1;1;3;4; ; ; ;98; ;1;2;2;2;1;2;1;2;2;2;1;2;2;2;2;2;2;2;2;2;2;1;1;1;2; ;1;2;1;4;1;3;1;1;1;3;1;1;01;11;07;11;2843,84412651165
4660874;1;3;2;1;1;1;1;1;3;1; ; ;98;98; ;1;1;2;2;1;1;1;2;2;2;1;2;2;1;2;2;2;2;2;2;2;1;1;3;2; ;1;1;1;4;1;2;1;1;1;3;1;1;01;11;07;11;2568,34143915182
4660875;1;4;1;1;1;1;1;1;3;3; ; ; ; ;600000;1;1;1;1;1;1;1;2;2;1;1;1;1;1;2;2;2;2;2;2;2;1;2;2;2; ;1;1;1;4;1;3;1;1;1;3;1;1;01;11;07;11;3159,38837909658
4660876;1;2;1;1;1;1;1;1;3;3; ; ; ; ;380000;1;1;1;1;1;1;1;1;1;2;1;2;1;1;2;2;2;1;2;2;2;1;2;3;2; ;1;2;1;4;1;2;1;1;1;3;1;1;01;11;07;11;3266,14778396238
4660877;1;3;2;1;1;1;1;1;3;4; ; ; ;600000; ;1;2;1;2;1;1;1;2;1;1;1;2;2;1;2;2;2;1;2;2;2;1;2;4;2; ;1;2;1;4;1;3;1;1;1;3;1;1;01;11;07;11;2831,99319173275
4660877;2;3;2;1;1;1;1;1;3;4; ; ; ;300000; ;2;1;1;2;1;1;1;2;2;1;1;1;2;1;2;2;2;1;2;2;2;1;3;4;2; ;2;2;1;4;1;3;1;1;1;3;1;1;01;11;07;11;2831,99319173275
4660878;1;4;2;1;1;1;1;1;3;3; ; ; ; ;500000;2;1;1;1;1;1;1;1;2;1;1;1;2;2;2;2;2;2;2;1;2;1;2;4;2; ;1;2;1;4;1;3;1;1;1;3;1;1;01;11;07;11;3107,96364700197
4660879;1;3;2;1;1;1;1;1;3;3; ; ; ; ;450000;1;1;1;1;1;1;1;2;1;1;1;2;2;1;2;2;2;1;2;2;2;1;2;3;2; ;1;2;1;4;1;2;1;1;1;3;1;1;01;11;07;11;4235,65908710816
4660880;1;4;3;1;1;1;1;1;3;3; ; ; ; ;950000;1;1;1;1;1;1;1;2;2;1;1;1;1;1;2;2;2;1;2;2;2;1;4;5;2; ;1;2;1;4;1;3;1;1;1;3;1;1;01;11;07;11;2176,3659547434
4660881;1;3;2;1;1;1;1;1;3;3; ; ; ; ;360000;1;1;1;1;1;1;1;2;2;2;1;2;2;1;2;2;2;1;2;2;2;1;5;5;2; ;1;2;1;4;1;2;1;1;1;3;1;1;01;11;07;11;2742,14870131493
4660882;1;3;3;1;1;1;1;1;3;3; ; ; ; ;600000;2;1;1;1;1;1;1;1;2;2;1;2;2;2;2;2;2;2;2;2;2;1;1;5;2; ;1;2;1;4;1;2;1;1;1;3;1;1;01;11;07;11;3919,29081318735
4660883;1;5;3;1;1;1;1;1;3;4; ; ; ;400000; ;1;1;1;1;1;1;1;1;1;1;1;2;2;1;2;2;2;1;2;2;2;1;2;4;2; ;1;1;1;4;1;3;1;1;1;3;1;1;01;11;07;11;2339,00015488132
4660884;1;3;1;1;1;1;1;1;3;3; ; ; ; ;260000;2;1;2;1;1;1;1;2;2;2;1;2;1;2;2;2;2;2;2;2;2;1;1;1;2; ;1;2;1;4;1;2;1;1;1;3;1;1;01;11;07;11;3049,82692314578
4660885;1;4;3;1;1;1;1;1;3;3; ; ; ; ;250000;2;1;1;1;1;1;1;2;1;1;1;2;1;1;2;2;2;1;2;2;2;1;3;4;2; ;1;1;1;4;1;3;1;1;1;3;1;1;01;11;07;11;2843,02010517577
4660886;1;3;1;1;1;1;1;1;3;3; ; ; ; ;480000;2;1;1;1;1;1;1;2;2;2;1;1;2;1;2;2;2;1;2;2;2;1;2;2;2; ;1;2;1;4;1;2;1;1;1;3;1;1;01;11;07;11;2552,74004596406
4660887;1;3;2;1;1;1;1;1;3;3; ; ; ; ;450000;2;2;1;1;1;1;1;1;2;2;1;2;1;2;2;2;2;2;1;2;2;1;3;3;2; ;1;2;1;4;1;2;1;1;1;3;1;1;01;11;07;11;2184,12304919202
4660888;1;3;2;1;1;1;1;1;3;3; ; ; ; ;370000;2;1;2;1;1;1;1;2;2;2;1;2;1;2;2;2;2;1;2;2;2;1;3;5;2; ;1;2;1;4;1;2;1;1;1;3;1;1;01;11;07;11;3973,80149520192
4660889;1;3;2;1;1;1;1;1;3;3; ; ; ; ;500000;2;1;2;1;1;1;1;1;2;2;1;1;1;2;2;2;2;2;2;2;2;1;2;2;2; ;1;1;1;4;1;3;1;1;1;3;1;1;01;11;07;11;2814,12986996091
4660890;1;4;3;1;1;1;1;1;3;2; ;1000000;98;500000; ;1;1;1;1;1;1;1;2;2;2;1;2;1;1;2;2;2;2;2;1;2;1;3;3;2; ;1;2;1;4;1;3;1;1;1;3;1;1;01;11;07;11;2913,5999482875
4660891;1;5;2;1;1;1;1;1;3;2; ;4686000;98;1800000; ;1;1;1;1;1;1;1;1;1;1;1;2;2;1;1;2;2;2;2;1;2;1;3;3;2; ;1;2;1;6;1;4;1;1;1;3;1;1;01;11;07;11;2568,34143915182
4660892;1;3;1;1;1;1;1;1;1;1; ; ;400000000;1300000; ;1;1;1;1;1;1;1;1;1;1;1;2;1;1;2;2;2;2;2;1;2;1;2;2;2; ;1;2;1;4;1;4;1;1;1;3;1;1;01;11;07;11;2598,05569570257
4660893;1;4;3;1;1;1;1;1;3;1; ; ;98;98; ;1;1;1;1;1;1;1;2;1;1;1;2;1;1;2;2;2;2;2;2;2;1;2;4;2; ;1;2;1;4;1;4;1;1;1;3;1;1;01;11;07;11;2081,34593959433
4660894;1;3;2;1;1;1;1;1;3;1; ; ;99;300000; ;2;1;2;1;1;1;1;2;2;2;1;2;1;2;2;2;2;2;2;2;2;1;2;5;2; ;1;1;8;2;1;1;1;1;1;3;1;1;01;11;07;11;3044,74698423578
4660895;1;3;2;1;1;1;1;1;3;6;PROMESA DE COMPRAVENTA; ; ;150000; ;1;2;1;1;1;2;1;2;2;1;1;2;1;1;2;2;2;1;2;2;2;1;3;5;2; ;1;1;1;1;1;1;1;1;1;3;1;1;01;11;07;11;2657,0925623159
4660896;1;3;2;1;1;1;1;1;3;3; ; ; ; ;620000;2;1;2;1;1;1;1;2;2;2;1;2;2;2;2;2;2;1;2;2;2;1;3;3;2; ;1;2;1;4;1;3;1;1;1;3;1;1;01;11;07;11;2707,61715165337
4660897;1;5;2;1;1;1;1;1;3;1; ; ;98;1500000; ;1;1;1;1;1;1;1;1;1;1;1;2;2;1;2;2;2;1;2;1;2;1;3;3;2; ;1;2;1;6;1;4;1;1;1;3;1;1;01;11;07;11;2574,69720806619
4660898;1;1;1;1;1;1;1;1;3;1; ; ;98;98; ;2;2;2;2;1;1;1;2;2;1;1;2;2;2;2;2;2;2;2;2;2;1;1;1;2; ;1;2;1;4;1;3;1;1;1;3;1;1;01;11;07;11;2843,84412651165
4660899;1;4;2;1;1;1;1;1;3;3; ; ; ; ;2150000;1;1;1;1;1;1;1;1;1;1;1;1;1;1;1;2;2;1;2;1;2;1;2;4;2; ;1;2;1;4;1;4;1;1;1;3;1;1;01;11;07;11;3372,90718882818
4660900;1;2;2;1;1;1;1;1;3;3; ; ; ; ;450000;2;1;1;1;1;1;1;2;1;1;1;2;1;1;2;2;2;2;2;2;2;1;3;3;2; ;1;2;1;4;1;2;1;1;1;3;1;1;01;11;07;11;2790,77138232453
4660901;1;1;1;1;1;1;1;1;3;3; ; ; ; ;90000;2;2;2;2;2;2;1;2;2;2;1;2;2;2;2;2;2;2;2;2;2;1;1;4;2; ;1;2;1;2;1;1;1;1;1;3;1;1;01;11;07;11;2871,91335857905
4660902;1;2;2;1;1;1;1;5;3;1; ; ;98;350000; ;2;1;2;2;2;1;1;2;2;2;1;2;2;2;2;2;2;2;2;2;2;1;2;3;2; ;1;1;1;2;1;1;1;1;1;3;1;1;01;11;07;11;2812,83580011932
4660903;1;4;1;1;1;1;1;1;3;1; ; ;98;98; ;1;1;1;1;1;1;1;2;1;1;1;1;1;1;1;2;2;2;2;1;2;1;2;2;2; ;1;2;1;4;1;4;1;1;1;3;1;1;01;11;07;11;2598,05569570257
4660904;1;4;3;1;1;1;1;1;3;3; ; ; ; ;670000;1;1;1;1;1;1;1;2;2;1;1;1;1;1;2;2;2;2;2;2;2;1;3;3;2; ;1;2;1;4;1;3;1;1;1;3;1;1;01;11;07;11;2930,04709482608
4660905;1;4;3;1;1;1;1;1;3;3; ; ; ; ;600000;1;1;1;1;1;1;1;2;2;1;1;1;2;1;2;2;2;2;2;1;2;1;4;4;2; ;1;2;1;6;1;3;1;1;1;3;1;1;01;11;07;11;2071,25456197011
4660906;1;4;2;1;1;1;1;1;3;4; ; ; ;1200000; ;1;1;1;1;1;1;1;1;1;1;1;2;1;1;2;2;2;2;2;2;2;1;3;3;2; ;1;2;1;4;1;3;1;1;1;3;1;1;01;11;07;11;2785,13006787783
4660907;1;6;3;1;1;1;1;1;3;2; ;400000;800000000;2800000; ;1;1;1;1;1;1;1;1;1;1;1;1;1;1;1;2;2;1;2;1;2;1;4;4;2; ;1;2;1;6;1;4;1;1;1;3;1;1;01;11;07;11;2416,51307110578
4660908;1;4;3;1;1;1;1;1;3;1; ; ;100000000;700000; ;1;1;1;1;1;1;1;1;2;1;1;1;1;1;2;2;2;1;2;2;2;1;5;5;2; ;1;2;1;4;1;3;1;1;1;3;1;1;01;11;07;11;3369,9552131544
4660910;1;2;1;1;1;1;1;1;3;4; ; ; ;250000; ;2;2;2;2;2;2;2;2;2;2;2;2;2;2;2;2;2;2;2;2;2;1;1;3;2; ;1;2;1;2;1;1;1;1;1;3;1;1;01;11;07;11;4620,71900411799
4660911;1;4;1;1;1;1;1;1;3;3; ; ; ; ;1800000;1;1;1;1;1;1;1;1;1;1;1;1;1;1;1;2;2;1;2;1;2;1;1;1;2; ;1;2;1;6;1;4;1;1;1;3;1;1;01;11;07;11;3189,10263564732
4660912;1;2;2;1;1;1;1;1;3;4; ; ; ;300000; ;1;1;1;1;1;1;1;1;2;2;1;1;2;1;2;2;2;1;2;2;2;1;2;3;2; ;1;2;1;4;1;2;1;1;1;3;1;1;01;11;07;11;3266,14778396238
4660913;1;4;2;1;1;1;1;1;3;1; ; ;98;800000; ;2;1;2;1;1;1;1;1;1;1;1;1;1;1;1;2;2;1;2;1;2;1;2;2;2; ;1;2;1;4;1;3;1;1;1;3;1;1;01;11;07;11;2814,12986996091
4660914;1;4;3;1;1;1;2;1;4;1; ; ;75000000;300000; ;2;1;2;1;1;1;1;2;2;2;1;2;1;1;2;2;2;2;1;1;2;1;3;3;2; ;1;1;1;2;1;1;2;1;1;3;2; ;01;11;07;11;2752,39177026908
4660915;1;4;2;1;1;1;1;1;3;1; ; ;130000000;800000; ;1;1;1;1;1;1;1;2;1;1;1;2;2;1;2;2;2;2;2;2;2;1;2;2;2; ;1;2;1;4;1;3;1;1;1;3;1;1;01;11;07;11;2475,22712973961
4660916;1;3;2;1;1;1;1;1;3;3; ; ; ; ;350000;2;1;1;2;1;2;1;2;2;2;1;2;1;2;2;2;2;2;2;2;2;1;4;4;2; ;1;1;1;2;1;1;1;1;1;3;1;1;01;11;07;11;3253,41361928434
4660917;1;4;3;1;1;1;1;1;3;1; ; ;190000000;9000000; ;1;1;1;1;1;1;1;1;2;1;1;1;1;1;2;2;2;2;2;1;2;1;3;4;2; ;1;2;1;4;1;3;1;1;1;3;1;2;01;11;07;11;2206,08021129414
4660918;1;4;3;1;1;1;1;1;3;1; ; ;98;98; ;2;1;1;1;1;1;1;2;1;1;1;2;2;1;2;2;2;2;2;1;2;1;3;3;2; ;1;2;1;4;1;3;1;1;1;3;1;1;01;11;07;11;2451,86864210323
4660920;1;5;2;1;1;1;1;1;3;3; ; ; ; ;400000;2;1;2;1;1;1;1;1;2;1;1;1;1;1;2;2;2;2;2;2;2;1;1;3;2; ;1;1;1;4;1;1;1;1;1;3;1;1;01;11;07;11;4769,59936202695
4660921;1;5;3;1;1;1;1;1;3;3; ; ; ; ;750000;2;2;1;1;1;2;1;2;2;1;1;2;1;1;2;2;2;1;2;2;2;1;4;4;2; ;1;1;1;4;1;2;1;1;1;3;1;1;01;11;07;11;2293,68450514282
4660923;1;3;2;1;1;1;1;1;4;1; ; ;140000000;700000; ;1;1;1;1;1;1;1;1;1;1;1;1;1;1;1;2;2;2;2;1;2;1;3;3;2; ;1;1;1;4;1;2;1;1;1;3;1;1;01;11;07;11;2439,87155874216
4660924;1;3;1;1;1;1;1;1;3;1; ; ;98;700000; ;1;1;1;1;1;1;1;1;1;1;1;2;1;2;2;2;2;2;2;2;2;1;1;1;2; ;1;1;1;4;1;2;1;1;1;3;1;1;01;11;07;11;2843,84412651165
4660925;1;4;2;1;1;1;1;1;3;1; ; ;80000000;500000; ;2;2;2;1;1;1;1;2;2;2;1;1;2;2;2;2;2;1;2;2;2;1;2;2;2; ;1;1;1;4;1;2;1;1;1;3;1;1;01;11;07;11;2598,05569570257
4660926;1;1;1;1;2;1;10;1;4;3; ; ; ; ;250000;2;2;2;2;2;2;1;2;2;2;1;2;2;1;2;2;2;2;2;2;2;1;1;4;2; ;1;3;1;4;1;3;2;1;1;3;1;1;01;11;07;11;4342,41849197396
4660927;1;1;1;1;1;1;1;1;4;3; ; ; ; ;400000;1;2;1;2;2;2;1;2;2;2;1;2;2;1;2;2;2;2;2;2;2;1;2;3;2; ;1;3;1;4;1;3;2;1;1;3;1;1;01;11;07;11;4235,65908710816
4660928;1;4;3;1;1;1;1;1;3;1; ; ;300000000;1500000; ;1;1;1;1;1;1;1;2;2;2;1;2;1;2;2;2;2;2;2;2;2;1;5;5;2; ;1;1;1;2;1;3;1;1;1;2;1;1;01;11;07;11;2648,18863855189
4660929;1;1;1;1;1;1;1;1;3;3; ; ; ; ;500000;1;1;1;1;1;1;1;1;2;1;1;1;2;2;2;2;2;2;1;2;2;1;3;4;2; ;1;1;1;4;1;3;1;1;1;3;1;1;01;11;07;11;2544,98295151545
4660930;1;1;1;1;2;1;1;1;4;3; ; ; ; ;450000;2;1;2;2;1;1;1;2;2;2;1;2;2;2;2;2;2;2;2;2;2;1;2;2;2; ;1;3;1;4;1;3;2;1;1;3;1;1;01;11;07;11;2814,12986996091
4660931;1;6;2;1;1;1;1;1;3;1; ; ;300000000;500000; ;2;1;2;1;1;1;1;2;2;2;1;2;1;2;2;2;2;1;2;2;2;1;2;3;2; ;1;1;1;4;1;2;1;1;1;3;1;1;01;11;07;11;2568,34143915182
4660932;1;5;1;1;1;1;1;1;3;2; ;740000;98;1000000; ;1;1;1;1;1;1;1;1;1;1;1;2;1;2;2;2;2;2;2;2;2;1;2;2;2; ;1;1;1;4;1;3;1;1;1;3;1;1;01;11;07;11;2598,05569570257
4660933;1;5;1;1;1;1;1;1;3;1; ; ;98;98; ;1;1;1;1;1;1;1;1;2;1;1;2;2;1;2;2;2;2;2;2;2;1;1;1;2; ;1;1;1;4;1;3;1;1;1;3;1;1;01;11;07;11;2843,84412651165
4660934;1;6;1;1;1;1;1;1;3;1; ; ;250000000;800000; ;1;1;1;1;1;2;1;1;2;1;1;1;2;1;1;2;2;2;2;1;2;1;1;2;2; ;1;1;1;4;1;3;1;1;1;3;1;1;01;11;07;11;2598,05569570257
4660935;1;1;1;1;2;1;1;1;4;3; ; ; ; ;250000;2;1;1;1;2;2;1;2;2;2;1;1;2;2;2;2;2;1;2;2;2;1;1;1;2; ;1;3;1;4;1;3;2;1;1;3;1;1;01;11;07;11;2921,35704273611
4660936;1;3;2;1;1;1;1;1;3;1; ; ;99;400000; ;2;1;1;1;1;1;1;2;2;1;1;2;2;1;2;2;2;2;2;2;2;1;3;4;2; ;1;2;1;4;1;2;1;1;1;3;1;1;01;11;07;11;3030,45073077752
4660937;1;4;3;1;1;1;1;1;3;3; ; ; ; ;500000;1;1;1;1;1;1;1;2;2;1;1;2;2;1;2;2;2;1;2;2;2;1;4;5;2; ;1;1;1;4;1;3;1;1;1;3;1;1;01;11;07;11;2396,89019217926
4660938;1;3;3;1;1;1;1;1;3;1; ; ;98;250000; ;1;1;1;1;1;1;1;1;1;1;1;1;1;1;2;2;2;1;1;2;2;1;2;3;2; ;1;2;1;4;1;2;1;1;1;3;1;1;01;11;07;11;2568,34143915182
4660939;1;3;1;1;1;1;1;1;3;1; ; ;110000000;350000; ;1;1;1;1;1;1;1;2;2;2;1;1;1;1;2;2;2;2;2;2;2;1;2;2;2; ;1;1;1;4;1;2;1;1;1;3;1;1;01;11;07;11;2598,05569570257
4660940;1;6;5;1;1;1;1;1;3;1; ; ;98;98; ;1;1;1;1;1;1;1;1;2;2;1;2;1;1;2;2;2;1;2;1;2;1;4;7;2; ;1;1;1;4;1;3;1;1;1;3;1;1;01;11;07;11;2738,84167004383
4660941;1;4;1;1;1;1;1;1;3;1; ; ;700000000;1500000; ;1;1;2;1;1;1;1;2;2;1;1;2;2;2;2;2;2;2;2;2;2;1;1;1;2; ;1;2;1;6;1;3;1;1;1;3;1;1;01;11;07;11;2843,84412651165
4660942;1;5;1;1;1;1;1;1;3;1; ; ;98;98; ;1;1;1;1;1;1;1;1;2;1;1;2;1;1;2;2;2;1;1;2;2;1;1;1;2; ;1;1;1;4;1;3;1;1;1;3;1;1;01;11;07;11;2833,75274888743
4660943;1;6;3;1;1;1;1;1;3;1; ; ;300000000;800000; ;1;1;2;1;1;1;1;2;2;2;1;1;2;2;1;2;2;2;2;2;2;1;2;3;2; ;1;1;1;4;1;3;1;1;1;3;1;1;01;11;07;11;2342,17588726926
4660944;1;1;1;1;2;1;1;1;4;3; ; ; ; ;380000;2;1;2;1;1;1;1;2;1;2;1;2;1;2;2;2;2;2;2;2;2;1;2;2;2; ;1;3;1;4;1;2;2;1;1;3;1;1;01;11;07;11;3159,38837909658
4660945;1;1;1;1;2;1;1;6; ;3; ; ; ; ;300000;2;2;1;2;2;2;2;2;2;2;2;2;2;2;2;2;2;2;2;2;2;1;1;1;2; ;1;3;1;4;1;3;2;1;1;3;1;1;01;11;07;11;2921,35704273611
4660946;1;3;2;1;1;1;1;1;3;3; ; ; ; ;400000;1;1;2;1;1;1;1;2;2;2;1;2;2;2;2;2;2;1;2;2;2;1;2;4;2; ;1;1;1;4;1;2;1;1;1;3;1;1;01;11;07;11;3372,90718882818
4660947;1;3;1;1;1;1;1;1;3;1; ; ;98;700000; ;2;1;2;1;1;1;1;1;2;1;1;2;2;2;2;2;2;1;2;2;2;1;1;2;2; ;1;1;1;4;1;2;1;1;1;3;1;1;01;11;07;11;4265,3733436589
4660948;1;3;3;1;1;1;1;1;4;3; ; ; ; ;600000;2;1;1;2;1;1;1;2;2;2;1;2;2;1;2;2;2;2;2;2;2;1;4;6;2; ;1;1;1;4;1;3;2;1;1;3;1;1;01;11;07;11;2160,29679364624
4660949;1;3;2;1;1;1;1;1;3;1; ; ;250000000;750000; ;1;1;2;1;1;1;1;1;1;1;1;2;2;2;2;2;2;2;2;2;2;1;2;2;2; ;1;2;1;4;1;3;1;1;1;3;1;1;01;11;07;11;2598,05569570257
4660950;1;5;4;1;1;1;1;1;3;1; ; ;98;1200000; ;1;1;1;1;1;1;1;1;1;1;1;1;1;1;2;2;2;1;1;2;2;1;4;5;2; ;1;1;1;4;1;3;1;1;1;3;1;1;01;11;07;11;2638,09726092767
4660951;1;1;1;1;2;1;1;1;4;3; ; ; ; ;450000;2;1;1;1;1;1;1;2;2;2;1;2;2;2;2;2;2;2;2;2;2;1;2;2;2; ;1;3;1;4;1;3;2;1;1;3;1;1;01;11;07;11;3159,38837909658
4660952;1;1;1;1;2;1;1;1;4;3; ; ; ; ;350000;2;2;2;1;1;1;1;2;1;2;1;1;1;2;2;2;2;1;2;2;2;1;2;2;2; ;1;3;1;2;1;3;2;1;1;3;1;1;01;11;07;11;2552,74004596406
4660953;1;5;4;1;1;1;1;1;3;2; ;150000;98;600000; ;2;1;2;1;1;1;1;2;1;1;1;1;1;2;2;2;2;2;2;2;2;1;4;5;2; ;1;1;1;4;1;2;1;1;1;3;1;1;01;11;07;11;3345,99498336244
4660954;1;1;1;1;2;1;1;1;4;3; ; ; ; ;350000;2;1;2;2;2;2;1;2;2;2;1;2;2;2;2;2;2;2;2;2;2;1;1;1;2; ;1;3;1;4;1;3;2;1;1;3;1;1;01;11;07;11;3189,10263564732
4660955;1;3;2;1;1;1;1;1;3;1; ; ;180000000;400000; ;1;1;1;1;1;1;1;1;1;1;1;2;1;2;2;2;2;2;2;2;2;1;4;5;2; ;1;1;1;4;1;2;1;1;1;3;1;1;01;11;07;11;3078,24939045123
4660956;1;6;4;1;1;1;10;1;3;2; ;350000;300000000;600000; ;1;1;1;1;1;1;1;2;1;1;1;2;2;1;2;2;2;1;1;2;2;1;4;4;2; ;1;1;1;4;1;3;1;1;1;3;1;1;01;11;07;11;2843,02010517577
4660958;1;1;1;1;2;1;1;1;4;3; ; ; ; ;220000;2;2;2;1;1;2;1;2;2;2;1;2;2;2;2;2;2;1;2;2;2;1;1;1;2; ;1;3;1;2;1;3;2;1;1;3;1;1;01;11;07;11;2833,75274888743
4660959;1;3;2;1;1;1;1;1;4;3; ; ; ; ;700000;2;1;1;1;1;2;1;2;2;1;1;1;1;1;2;2;2;1;2;2;2;1;2;2;2; ;1;2;1;4;1;3;2;1;1;3;1;1;01;11;07;11;3030,91849868692
4660960;1;2;1;1;1;1;1;1;3;3; ; ; ; ;720000;2;2;2;2;1;1;1;2;2;2;1;2;2;2;2;2;2;2;2;2;2;1;2;2;2; ;1;2;1;4;1;3;1;1;1;3;1;1;01;11;07;11;2685,65998955124
4660961;1;3;2;1;1;1;1;1;4;3; ; ; ; ;650000;1;1;1;1;1;1;1;2;2;1;1;1;1;2;2;2;2;1;2;2;2;1;2;5;2; ;1;2;1;6;1;3;2;1;1;3;1;1;01;11;07;11;4449,17789683976
4660963;1;3;2;1;1;1;1;1;4;3; ; ; ; ;700000;1;2;2;1;1;1;1;2;2;1;1;1;1;2;2;2;2;1;2;2;2;1;1;3;2; ;1;2;1;6;1;3;2;1;1;3;1;1;01;11;07;11;2659,49945082986
4660964;1;3;3;1;1;1;1;1;3;1; ; ;98;98; ;1;1;1;1;1;1;1;1;1;1;1;1;1;1;1;2;2;2;2;2;2;1;4;4;2; ;1;1;1;4;1;3;1;1;1;3;1;1;01;11;07;11;2410,15730219142
4660965;1;4;1;1;1;1;1;1;4;3; ; ; ; ;600000;1;1;1;1;1;1;1;1;1;1;1;2;2;2;2;2;2;2;2;2;2;1;1;1;2; ;1;2;1;4;1;3;2;1;1;3;1;1;01;11;07;11;2843,84412651165
4660966;1;1;1;1;2;1;1;1;3;3; ; ; ; ;400000;2;1;1;1;1;1;1;2;1;2;1;1;1;1;2;2;2;1;1;2;2;1;2;2;2; ;1;3;1;4;1;3;1;1;1;3;1;1;01;11;07;11;2814,12986996091
4660967;1;3;1;1;1;1;1;1;3;1; ; ;99;99; ;1;1;1;1;1;1;1;2;2;1;1;2;2;2;2;2;2;2;2;2;2;2; ;2;2; ;1;1;1;4;1;3;1;1;1;3;1;1;01;11;07;11;2598,05569570257
4660968;1;6;5;1;1;1;1;1;3;1; ; ;300000000;1500000; ;1;1;1;1;1;1;1;1;2;1;1;2;2;1;2;2;2;1;2;2;2;1;4;7;2; ;1;1;1;4;1;3;1;1;1;3;1;1;01;11;07;11;2041,78699197763
4660969;1;2;2;1;1;1;1;1;4;3; ; ; ; ;600000;2;1;2;1;1;1;1;2;2;2;1;2;2;2;2;2;2;1;2;2;2;1;1;2;2; ;1;2;1;4;1;3;2;1;1;3;1;1;01;11;07;11;3295,86204051312
4660970;1;2;2;1;1;1;1;1;3;3; ; ; ; ;550000;1;1;1;1;1;1;1;1;1;2;1;2;2;2;2;2;2;2;2;2;2;1;2;2;2; ;1;2;1;4;1;3;1;1;1;3;1;1;01;11;07;11;2685,65998955124
4660971;1;3;2;1;1;1;1;1;4;3; ; ; ; ;800000;1;1;1;1;1;1;1;2;1;1;1;1;1;1;2;2;2;1;2;1;2;1;2;3;2; ;1;2;1;4;1;3;2;1;1;3;1;1;01;11;07;11;4235,65908710816
4660972;1;5;4;1;1;1;1;1;3;3; ; ; ; ;500000;1;1;1;1;1;1;1;2;2;2;1;1;1;1;2;2;2;1;2;2;2;1;6;9;2; ;1;1;1;4;1;2;1;1;1;3;1;1;01;11;07;11;2619,09905400083
4660973;1;3;2;1;1;1;1;1;3;3; ; ; ; ;350000;1;2;1;1;1;1;1;2;2;1;1;2;2;1;2;2;2;2;2;2;2;1;1;3;2; ;1;1;1;4;1;1;1;1;1;3;1;1;01;11;07;11;2897,53078719033
4660973;2;2;1;1;1;1;1;6; ;4; ; ; ;350000; ;2;1;1;1;1;2;2;2;2;1;1;1;1;2;2;2;2;2;1;1;1;1;1;1;2; ;2;1;1;4;1;1;1;1;1;3;1;1;01;11;07;11;2897,53078719033
4660974;1;5;3;1;1;1;1;1;3;3; ; ; ; ;600000;1;1;1;1;1;1;1;2;1;1;1;2;2;1;2;2;2;1;2;1;2;1;3;4;2; ;1;1;1;4;1;2;1;1;1;3;1;1;01;11;07;11;4342,41849197396
4660975;1;4;3;1;1;1;1;1;3;3; ; ; ; ;400000;1;1;1;1;1;1;1;1;1;1;1;1;1;1;2;2;2;1;2;2;2;1;4;6;2; ;1;2;1;4;1;2;1;1;1;3;1;1;01;11;07;11;5124,0314016086
4660976;1;4;3;1;1;1;1;1;3;3; ; ; ; ;500000;1;1;1;1;1;1;1;2;1;1;1;1;1;1;2;2;2;2;1;2;2;1;2;4;2; ;1;2;1;4;1;2;1;1;1;3;1;1;01;11;07;11;3372,90718882818
4660977;1;2;1;1;1;1;1;1;3;3; ; ; ; ;350000;2;1;2;1;1;1;1;2;2;2;1;2;2;1;2;2;2;2;2;2;2;1;1;3;2; ;1;2;1;4;1;2;1;1;1;3;1;1;01;11;07;11;3629,01075397565
4660978;1;4;2;1;1;1;1;1;3;3; ; ; ; ;750000;1;1;1;1;1;1;1;2;1;1;1;2;1;1;2;2;2;2;2;2;2;1;2;4;2; ;1;2;1;4;1;2;1;1;1;3;1;1;01;11;07;11;3107,96364700197
4660979;1;3;2;1;1;1;1;1;1;3; ; ; ; ;670000;2;2;2;1;1;1;1;1;1;1;1;1;1;1;2;2;2;1;2;2;2;1;2;2;2; ;1;2;1;4;1;3;1;1;1;3;1;1;01;11;07;11;4265,3733436589
4660980;1;3;2;1;1;1;1;1;3;3; ; ; ; ;570000;2;1;2;1;1;1;1;2;2;1;1;2;1;2;2;2;2;2;2;2;2;1;1;6;2; ;1;2;1;4;1;3;1;1;1;3;1;1;01;11;07;11;6159,08235939304
4660981;1;2;1;1;1;1;1;1;4;3; ; ; ; ;500000;2;1;2;1;1;1;1;2;2;2;1;1;1;2;2;2;2;1;2;2;2;1;2;3;2; ;1;2;1;4;1;3;2;1;1;3;1;1;01;11;07;11;4235,65908710816
4660983;1;4;3;1;1;1;1;1;3;2; ;1080000;120000000;700000; ;1;1;1;1;1;1;1;2;1;1;1;1;1;1;2;2;2;2;2;2;2;1;2;4;2; ;1;2;1;4;1;2;1;1;1;3;1;1;01;11;07;11;3867,04209033612
4660984;1;4;3;1;1;1;1;1;3;3; ; ; ; ;700000;2;2;2;1;1;1;1;2;2;1;1;2;2;1;2;2;2;1;2;2;2;1;5;4;2; ;1;2;1;4;1;3;1;1;1;3;1;1;01;11;07;11;2422,15438555249
4660985;1;4;2;1;1;1;1;1;3;3; ; ; ; ;700000;2;1;1;1;1;1;1;2;2;1;1;2;2;2;2;2;2;2;2;2;2;1;2;2;2; ;1;2;1;4;1;2;1;1;1;3;1;1;01;11;07;11;3159,38837909658
4660986;1;3;1;1;1;1;1;1;3;1; ; ;98;600000; ;2;2;2;1;1;1;1;2;1;1;1;2;1;2;2;2;2;1;2;2;2;1;2;2;2; ;1;1;1;4;1;2;1;1;1;3;1;1;01;11;07;11;2814,12986996091
4660987;1;3;2;1;1;1;1;1;3;3; ; ; ; ;280000;2;1;2;1;1;2;1;2;2;2;1;2;1;1;2;2;2;2;2;2;2;1;2;5;2; ;1;2;1;4;1;2;1;1;1;3;1;1;01;11;07;11;3973,80149520192
4660988;1;4;3;1;1;1;1;1;3;2; ;525000;100000000;600000; ;1;1;1;1;1;1;1;2;1;2;1;2;2;1;2;2;2;2;2;2;2;1;5;5;2; ;1;2;1;4;1;2;1;1;1;3;1;1;01;11;07;11;2813,30584862502
4660989;1;3;2;1;1;1;1;1;3;1; ; ;98;500000; ;2;1;1;1;1;1;1;2;2;1;1;2;1;1;2;2;2;2;2;2;2;1;2;3;2; ;1;1;1;4;1;2;1;1;1;3;1;1;01;11;07;11;2574,69720806619
4660990;1;1;1;1;2;1;1;1;4;3; ; ; ; ;260000;2;2;2;2;2;2;1;2;2;2;2;2;2;1;2;2;2;2;1;2;2;1;1;1;2; ;1;3;1;4;1;3;2;1;1;3;1;1;01;11;07;11;3049,82692314578
4660991;1;4;3;1;1;1;1;1;3;1; ; ;95000000;600000; ;1;1;1;1;1;1;1;2;2;1;1;2;2;1;1;2;2;2;1;1;2;1;3;3;2; ;1;2;1;4;1;2;1;1;1;3;1;1;01;11;07;11;2784,41561341017
4660993;1;5;3;1;1;1;1;1;3;1; ; ;98;98; ;2;1;1;1;1;1;1;2;2;1;1;2;2;1;2;2;2;2;2;2;2;1;2;4;2; ;1;1;1;4;1;2;1;1;1;3;1;1;01;11;07;11;3867,04209033612
4660994;1;2;1;1;1;1;1;1;3;3; ; ; ; ;450000;2;1;2;1;1;1;1;2;2;2;1;2;2;2;2;2;2;2;2;2;2;1;1;1;2; ;1;2;1;4;1;2;1;1;1;3;1;1;01;11;07;11;2710,92418292447
4660995;1;4;3;1;1;1;1;1;3;1; ; ;98;1500000; ;1;1;1;1;1;1;1;1;1;1;1;2;1;1;1;2;2;2;2;1;2;1;3;3;2; ;1;2;1;5;1;4;1;1;1;3;1;1;01;11;07;11;2707,61715165337
4660996;1;3;2;1;1;1;1;1;3;3; ; ; ; ;640000;2;1;2;2;1;1;1;2;2;2;1;2;2;2;2;2;2;1;2;2;2;1;1;4;2; ;1;2;1;4;1;2;1;1;1;3;1;1;01;11;07;11;3864,24003925111
4660997;1;2;2;1;1;1;1;1;3;3; ; ; ; ;500000;2;1;1;1;1;1;1;2;2;2;1;1;2;1;2;2;2;2;2;2;2;1;3;3;2; ;1;2;1;4;1;2;1;1;1;3;1;1;01;11;07;11;3001,20424213617
4660998;1;3;2;1;1;1;1;1;3;3; ; ; ; ;550000;2;2;1;2;1;1;1;2;2;2;1;1;1;2;2;2;2;1;2;2;2;1;4;4;2; ;1;2;1;4;1;2;1;1;1;3;1;1;01;11;07;11;1815,50605241997
4660999;1;5;2;1;1;1;1;1;3;1; ; ;98;98; ;1;1;1;1;1;1;1;2;2;1;1;1;1;1;2;2;2;1;2;1;2;1;2;3;2; ;1;1;1;4;1;3;1;1;1;3;1;1;01;11;07;11;2568,34143915182
4661000;1;2;2;1;1;1;1;1;3;3; ; ; ; ;400000;2;1;1;1;1;2;1;2;2;2;1;2;2;2;2;2;2;2;2;2;2;1;2;2;2; ;1;2;1;4;1;2;1;1;1;3;1;1;01;11;07;11;3030,91849868692
4661003;1;5;3;1;1;1;1;1;3;1; ; ;98;600000; ;1;1;1;1;1;1;1;2;2;1;1;1;1;1;2;2;2;2;1;2;2;1;4;4;2; ;1;1;1;4;1;2;1;1;1;3;1;1;01;11;07;11;2277,23735860424
4661004;1;3;2;1;1;1;1;1;3;3; ; ; ; ;480000;2;1;2;1;1;1;1;2;2;2;1;2;2;2;2;2;2;1;2;2;2;1;2;5;2; ;1;2;1;4;1;2;1;1;1;3;1;1;01;11;07;11;3214,72305186777
4661005;1;5;2;1;1;1;1;1;3;3; ; ; ; ;500000;2;1;1;2;1;2;1;1;2;1;1;2;2;1;2;2;2;1;1;2;2;1;2;3;2; ;1;2;1;4;1;2;1;1;1;3;1;1;01;11;07;11;3266,14778396238
4661006;1;4;2;1;1;1;1;1;3;3; ; ; ; ;400000;2;1;2;1;1;1;1;2;2;2;1;2;2;2;2;2;2;2;2;2;2;1;2;4;2; ;1;1;1;4;1;3;1;1;1;3;1;1;01;11;07;11;3375,70923991319
4661007;1;3;2;1;1;1;1;1;3;1; ; ;98;98; ;1;1;1;1;1;1;1;1;1;1;1;1;1;1;1;2;2;1;2;2;2;1;4;5;2; ;1;2;1;4;1;3;1;1;1;3;1;1;01;11;07;11;2000,67471885838
4661008;1;5;4;1;1;1;1;1;3;2; ;520000;98;540000; ;1;1;2;1;1;1;1;2;1;1;1;1;2;1;2;2;2;1;2;2;2;1;5;6;2; ;1;2;1;4;1;2;1;1;1;3;1;1;01;11;07;11;3818,41940932651
4661009;1;2;1;1;1;1;1;1;3;3; ; ; ; ;500000;2;2;2;2;2;1;1;2;2;1;2;2;2;2;2;2;2;2;2;2;2;1;2;3;2; ;1;1;1;4;1;2;1;1;1;3;1;1;01;11;07;11;2867,81653063959
4661009;2;3;1;1;1;1;1;1;3;1; ; ;200000000;550000; ;2;1;1;1;1;1;1;1;2;2;1;2;2;2;2;2;2;2;2;2;2;1;2;2;2; ;2;1;1;4;1;2;1;1;1;3;1;1;01;11;07;11;2867,81653063959
4661010;1;3;2;1;1;1;1;1;3;4; ; ; ;700000; ;2;2;2;1;1;1;1;2;2;1;1;2;1;2;2;2;2;2;2;2;2;1;2;3;2; ;1;2;1;4;1;2;1;1;1;3;1;1;01;11;07;11;4235,65908710816
4661011;1;4;1;1;1;1;1;1;3;3; ; ; ; ;500000;1;1;2;1;1;1;1;2;2;1;2;2;1;1;1;2;2;1;1;2;2;1;2;2;2; ;1;2;1;4;1;2;1;1;1;3;1;1;01;11;07;11;3159,38837909658
4661012;1;4;2;1;1;1;1;1;3;1; ; ;600000000;800000; ;2;1;1;1;1;1;1;1;2;1;1;1;1;1;2;2;2;2;2;1;2;1;2;4;2; ;1;2;1;4;1;3;1;1;1;3;1;1;01;11;07;11;3372,90718882818
4661013;1;4;3;1;1;1;1;1;3;3; ; ; ; ;700000;2;1;1;1;1;1;1;2;2;1;1;2;2;1;2;2;2;1;2;2;2;1;4;5;2; ;1;2;1;4;1;3;1;1;1;3;1;1;01;11;07;11;2949,77951004157
4661014;1;4;2;1;1;1;1;1;3;1; ; ;98;1000000; ;1;1;1;1;1;1;1;1;2;1;1;1;2;1;2;2;2;2;2;2;2;1;2;3;2; ;1;2;1;4;1;2;1;1;1;3;1;1;01;11;07;11;3266,14778396238
4661015;1;3;1;1;1;1;1;1;3;3; ; ; ; ;500000;2;2;2;1;1;2;1;1;2;2;1;2;1;1;1;2;2;1;2;2;2;1;1;1;2; ;1;1;1;4;1;2;1;1;1;3;1;1;01;11;07;11;3049,82692314578
4661016;1;3;3;1;1;1;1;1;3;2; ;99;170000000;98; ;1;1;1;1;1;1;1;1;2;1;1;1;1;1;2;2;2;2;2;2;2;1;4;4;2; ;1;1;1;4;1;2;1;1;1;3;1;1;01;11;07;11;2544,98295151545
4661017;1;4;3;1;1;1;1;1;4;3; ; ; ; ;800000;1;2;1;1;1;1;1;1;1;1;1;1;1;2;2;2;2;1;2;2;2;1;2;4;2; ;1;2;1;4;1;3;2;1;1;3;1;1;01;11;07;11;2814,37655651917
4661018;1;1;1;1;1;1;1;1;3;3; ; ; ; ;600000;2;1;2;2;1;1;1;2;2;2;1;2;2;2;2;2;2;2;2;2;2;1;1;1;2; ;1;2;1;4;1;2;1;1;1;3;1;1;01;11;07;11;2843,84412651165
4661019;1;2;2;1;1;1;1;1;3;3; ; ; ; ;98;2;1;2;1;1;1;1;2;2;1;1;1;1;2;2;2;2;1;2;2;2;1;3;4;2; ;1;2;1;3;1;3;1;1;1;3;1;1;01;11;07;11;3867,04209033612
4661020;1;3;2;1;1;1;1;1;3;3; ; ; ; ;500000;1;1;1;1;1;1;1;2;2;2;1;2;1;1;2;2;2;2;1;2;2;1;2;4;2; ;1;2;1;4;1;3;1;1;1;3;1;1;01;11;07;11;3372,90718882818
4661021;1;3;2;1;1;1;1;1;4;3; ; ; ; ;700000;2;1;2;1;1;1;1;1;1;1;1;1;1;1;2;2;2;1;2;1;2;1;3;3;2; ;1;2;1;4;1;3;2;1;1;3;1;1;01;11;07;11;3266,14778396238
4661022;1;1;1;1;1;1;1;1;4;3; ; ; ; ;200000;2;1;1;1;1;1;1;2;2;1;1;2;2;2;2;2;2;2;2;2;2;1;1;1;2; ;1;2;1;6;1;3;2;1;1;3;1;1;01;11;07;11;2843,84412651165
4661023;1;1;1;1;2;1;1;1;4;3; ; ; ; ;400000;2;2;2;2;2;2;1;1;2;2;2;2;2;2;2;2;2;1;2;2;2;2; ;2;2; ;1;3;1;4;1;2;2;1;1;3;1;1;01;11;07;11;2552,74004596406
4661024;1;3;1;1;1;1;1;1;3;3; ; ; ; ;270000;2;2;2;2;2;2;1;2;2;1;1;1;2;1;2;2;2;2;2;2;2;1;2;2;2; ;1;2;1;4;1;2;1;1;1;3;1;1;01;11;07;11;2552,74004596406
4661025;1;6;3;1;1;1;1;1;3;1; ; ;100000000;500000; ;2;1;1;1;1;1;1;1;1;1;1;2;1;1;2;2;2;2;1;2;2;1;3;4;2; ;1;1;1;4;1;2;1;1;1;3;1;1;01;11;07;11;2422,15438555249
4661026;1;1;1;1;1;1;1;1;3;3; ; ; ; ;300000;2;2;1;2;2;2;1;2;2;2;1;2;2;2;2;2;2;2;2;2;2;1;1;1;2; ;1;2;1;4;1;2;1;1;1;3;1;1;01;11;07;11;2287,32873622846
4661026;2;4;3;1;1;1;1;1;3;1; ; ;98;750000; ;1;1;1;1;1;1;1;1;1;2;1;1;2;1;2;2;2;2;1;2;2;1;3;3;2; ;2;2;1;4;1;2;1;1;1;3;1;1;01;11;07;11;2287,32873622846
4661027;1;4;3;1;1;1;1;1;3;1; ; ;98;98; ;2;1;1;1;1;1;1;1;2;1;1;2;2;1;2;2;2;1;2;2;2;1;2;4;2; ;1;2;1;4;1;2;1;1;1;3;1;1;01;11;07;11;2677,90289510263
4661028;1;4;3;1;1;1;1;1;3;1; ; ;100000000;500000; ;2;2;1;1;1;1;1;2;1;1;1;1;1;1;2;2;2;1;2;2;2;1;5;5;2; ;1;1;1;4;1;2;1;1;1;3;1;1;01;11;07;11;2474,40310840372
4661029;1;4;1;1;1;1;1;1;3;1; ; ;400000000;2000000; ;2;2;1;1;1;1;1;2;1;1;1;2;2;1;2;2;2;2;2;1;2;1;1;1;2; ;1;2;1;4;1;4;1;1;1;3;1;1;01;11;07;11;3189,10263564732
4661030;1;4;3;1;1;1;1;1;3;1; ; ;150000000;700000; ;1;1;1;1;1;1;1;1;1;1;1;1;1;1;1;2;2;1;1;1;2;1;3;3;2; ;1;2;1;4;1;2;1;1;1;3;1;1;01;11;07;11;2568,34143915182
4661031;1;4;3;1;1;1;1;1;3;1; ; ;99;400000; ;1;2;1;2;1;1;1;2;2;2;1;2;2;2;2;2;2;2;2;2;2;1;2;4;2; ;1;1;1;4;1;2;1;1;1;3;1;1;01;11;07;11;2894,69152382864
4661032;1;5;4;1;1;1;1;1;3;1; ; ;98;500000; ;2;1;2;1;1;1;1;2;1;1;1;2;2;2;2;2;2;2;1;1;2;1;4;5;2; ;1;1;1;4;1;2;1;1;1;3;1;1;01;11;07;11;3217,52510295278
4661034;1;5;4;1;1;1;1;1;3;3; ; ; ; ;575000;2;1;2;1;1;1;1;2;2;1;1;2;1;1;2;2;2;2;1;2;2;1;4;7;2; ;1;1;1;4;1;2;1;1;1;3;1;1;01;11;07;11;3708,39018546631
4661035;1;2;2;1;1;1;1;1;3;1; ; ;50000000;300000; ;1;1;1;1;1;1;1;2;1;1;1;1;1;1;2;2;2;2;2;2;2;1;2;3;2; ;1;1;1;2;1;1;1;1;1;3;1;1;01;11;07;11;2808,76059061766
4661036;1;4;3;1;1;1;1;1;3;6;PROMESA DE VENTA; ; ;300000; ;2;1;2;1;1;1;1;2;2;2;1;1;1;1;2;2;2;1;2;2;2;1;4;4;2; ;1;1;1;2;1;1;1;1;1;3;1;1;01;11;07;11;2871,91335857905
4661037;1;2;1;1;1;1;1;1;3;3; ; ; ; ;450000;2;1;2;2;2;2;1;2;2;1;1;1;1;2;2;2;2;2;2;2;2;1;1;1;2; ;1;2;1;4;1;3;1;1;1;3;1;1;01;11;07;11;3049,82692314578
4661040;1;3;2;1;1;1;1;1;3;3; ; ; ; ;700000;2;1;1;1;1;1;1;2;2;2;1;2;2;2;2;2;2;2;2;2;2;1;2;3;2; ;1;2;1;4;1;3;1;1;1;3;1;1;01;11;07;11;2662,30150191487
4661063;1;3;2;1;1;1;1;3;3;3; ; ; ; ;360000;2;1;2;2;1;1;1;2;2;2;1;2;2;2;2;2;1;2;2;2;2;1;2;2;2; ;1;2;1;4;1;2;1;1;1;3;1;1;01;13;07;13;339,585879811336
4661065;1;5;4;1;1;1;1;1;3;4; ; ; ;400000; ;2;1;1;1;1;1;1;1;2;2;1;2;2;1;2;2;1;2;2;2;2;1;5;5;2; ;1;2;1;2;1;2;1;1;1;3;1;1;01;13;07;13;371,256988905617
4661066;1;3;1;1;1;1;1;3;3;1; ; ;98;400000; ;1;1;1;1;1;1;1;1;2;2;1;2;1;1;2;2;1;2;2;1;2;1;2;2;2; ;1;1;1;4;1;2;1;1;1;3;1;1;01;13;07;13;339,585879811336
4661068;1;5;4;1;1;1;1;1;3;1; ; ;98;98; ;1;1;2;1;1;1;1;1;2;2;1;2;2;2;2;2;1;2;2;2;2;1;5;8;2; ;1;2;1;4;1;1;1;1;1;3;1;1;01;13;07;13;339,02391367675
4661070;1;3;2;1;1;1;1;1;3;3; ; ; ; ;500000;2;1;1;1;1;1;1;1;2;2;1;2;2;1;2;2;1;2;1;2;2;1;2;3;2; ;1;2;1;4;1;2;1;1;1;3;1;1;01;13;07;13;368,655764316029
4661071;1;3;2;1;1;1;1;3;3;3; ; ; ; ;570000;2;1;1;1;1;1;1;2;2;2;1;2;2;2;2;2;1;2;2;2;2;1;3;5;2; ;1;2;1;4;1;2;1;1;1;3;1;1;01;13;07;13;349,012655649213
4661072;1;3;2;1;1;1;1;3;3;4; ; ; ;500000; ;2;1;1;1;1;1;1;1;2;2;1;2;1;1;2;2;1;2;1;2;2;1;3;5;2; ;1;2;1;4;1;2;1;1;1;3;1;1;01;13;07;13;317,699296044034
4661073;1;3;2;1;1;1;1;3;3;4; ; ; ;500000; ;2;1;2;1;1;1;1;2;2;2;1;2;2;2;2;2;1;2;2;2;2;1;2;4;2; ;1;2;1;4;1;2;1;1;1;3;1;1;01;13;07;13;310,620020211279
4661074;1;4;3;1;1;1;1;1;3;1; ; ;98;98; ;1;1;1;1;1;1;1;1;1;2;1;2;1;1;2;1;1;2;2;2;2;1;4;5;2; ;1;2;1;4;1;2;1;1;1;3;1;1;01;13;07;13;363,910500755541
4661075;1;4;3;1;1;1;1;3;3;4; ; ; ;98; ;2;2;2;1;1;1;1;1;2;2;1;2;1;2;2;2;1;2;1;2;2;1;7;10;2; ;1;2;1;4;1;2;1;1;1;3;1;1;01;13;07;13;315,876934724504
4661076;1;2;1;1;1;1;1;1;3;4; ; ; ;400000; ;2;1;1;1;1;1;1;1;2;2;1;2;2;1;2;2;1;2;1;2;2;1;2;3;2; ;1;2;1;4;1;2;1;1;1;3;1;1;01;13;07;13;378,928914673459
4661077;1;2;1;1;2;1;1;2;3;4; ; ; ;200000; ;2;2;2;2;1;1;1;2;2;2;1;2;2;2;2;2;1;2;2;2;2;2; ;1;2; ;1;3;1;2;1;1;1;1;1;3;1;1;01;13;07;13;382,733716919501
4661078;1;3;2;1;1;1;1;3;3;1; ; ;98;98; ;1;1;1;1;1;1;1;1;2;2;1;2;1;2;2;2;1;2;2;2;2;1;2;3;2; ;1;2;1;4;1;1;1;1;1;3;1;1;01;13;07;13;378,928914673459
4661080;1;2;1;1;2;1;1;3;3;3; ; ; ; ;150000;2;2;2;2;1;1;1;2;2;2;1;2;2;2;2;2;1;2;2;2;2;1;2;4;2; ;1;2;1;1;1;1;1;1;1;3;1;1;01;13;07;13;496,885759874326
4661081;1;3;1;1;1;1;1;1;3;4; ; ; ;350000; ;2;2;2;2;1;2;1;2;2;2;1;2;2;2;2;2;1;2;2;2;2;1;1;1;2; ;1;1;1;2;1;1;1;1;1;3;1;1;01;13;07;13;378,109022170602
4661082;1;3;2;1;1;1;1;1;3;3; ; ; ; ;430000;2;1;1;1;1;1;1;1;2;2;1;2;2;1;2;2;1;1;2;2;2;1;2;5;2; ;1;2;1;4;1;1;1;1;1;3;1;1;01;13;07;13;372,272893823541
4661083;1;3;2;1;1;1;1;1;3;1; ; ;70000000;350000; ;2;1;2;1;1;1;1;1;2;2;1;2;2;2;2;2;1;2;2;2;2;1;2;5;2; ;1;2;1;2;1;1;1;1;1;3;1;1;01;13;07;13;360,301710924567
4661084;1;3;2;1;1;1;1;3;3;1; ; ;98;98; ;2;2;2;1;1;1;1;1;2;2;1;2;2;2;2;2;1;1;2;2;2;1;3;7;2; ;1;2;1;2;1;1;1;1;1;3;1;1;01;13;07;13;327,776433986397
4661085;1;4;3;1;1;1;1;3;3;1; ; ;98;98; ;2;2;2;1;1;1;1;1;2;2;1;2;1;2;2;2;1;2;2;2;2;1;4;6;2; ;1;1;1;4;1;1;1;1;1;3;1;1;01;13;07;13;442,929288290842
4661086;1;3;2;1;1;1;1;1;3;3; ; ; ; ;200000;2;2;2;1;1;1;1;1;2;2;1;2;2;2;2;2;1;2;2;2;2;1;3;4;2; ;1;1;1;2;1;1;1;1;1;3;1;1;01;13;07;13;375,466768348216
4661088;1;3;2;1;1;1;1;3;3;3; ; ; ; ;150000;2;1;2;1;1;1;1;2;2;2;1;2;2;2;2;2;1;2;2;2;2;2; ;5;2; ;1;2;1;4;1;1;1;1;1;3;1;1;01;13;07;13;415,078075010908
4661089;1;3;2;1;1;1;1;3;3;3; ; ; ; ;300000;2;2;2;1;1;1;1;2;2;2;1;2;2;2;2;2;1;2;2;2;2;1;1;5;2; ;1;2;1;2;1;1;1;1;1;3;1;1;01;13;07;13;361,252110348756
4661090;1;3;2;1;1;1;1;3;3;1; ; ;98;400000; ;2;1;2;2;1;1;1;2;2;2;1;2;1;2;2;2;1;2;2;2;2;1;1;5;2; ;1;2;1;4;1;1;1;1;1;3;1;1;01;13;07;13;381,27641467858
4661091;1;3;2;1;1;1;1;3;3;4; ; ; ;350000; ;2;2;2;1;1;1;1;2;2;2;1;2;2;2;2;2;1;1;2;2;2;1;2;5;2; ;1;2;1;4;1;1;1;1;1;3;1;1;01;13;07;13;363,910500755541
4661092;1;3;2;1;1;1;1;3;3;3; ; ; ; ;400000;2;2;2;2;1;1;1;2;2;2;1;2;2;2;2;2;1;2;2;2;2;1;2;9;2; ;1;2;1;2;1;1;1;1;1;3;1;1;01;13;07;13;380,586977465453
4661093;1;2;1;1;1;1;1;3;3;1; ; ;98;300000; ;2;1;2;1;1;1;1;2;2;2;1;2;2;2;2;2;1;2;2;2;2;1;2;3;2; ;1;2;1;4;1;1;1;1;1;3;1;1;01;13;07;13;360,432217845899
4661094;1;3;2;1;1;1;1;3;3;1; ; ;98;98; ;2;1;1;1;1;1;1;1;2;2;1;2;1;1;2;2;1;2;2;2;2;1;2;4;2; ;1;2;1;4;1;1;1;1;1;3;1;1;01;13;07;13;364,44598487343
4661095;1;3;2;1;1;1;1;3;3;1; ; ;76000000;350000; ;2;1;1;1;1;1;1;1;2;2;1;1;1;1;2;2;1;2;2;2;2;1;3;3;2; ;1;1;1;4;1;1;1;1;1;3;1;1;01;13;07;13;325,102950011307
4661096;1;4;2;1;1;1;1;1;3;1; ; ;120000000;400000; ;2;2;2;1;1;1;1;1;2;2;1;2;2;2;2;2;1;2;2;2;2;1;2;2;2; ;1;2;1;4;1;1;1;1;1;3;1;1;01;13;07;13;378,523937476902
4661097;1;4;3;1;1;1;1;3;3;1; ; ;98;450000; ;2;1;1;1;1;1;1;2;2;2;1;2;2;1;2;2;1;2;1;2;2;1;2;6;2; ;1;1;1;2;1;1;1;1;1;3;1;1;01;13;07;13;426,245501991423
4661098;1;2;1;6; ;1;2;6; ;1; ; ;98;100000; ;2;2;2;2;2;2;2;2;2;2;2;2;2;2;2;2;1;2;2;2;2;2; ;1;2; ;1;2;1;2;1;1;2;1;1;3;2; ;01;13;07;13;382,733716919501
4661099;1;4;3;1;1;1;1;3;3;3; ; ; ; ;400000;2;1;2;2;1;1;1;2;2;2;1;2;2;2;2;2;1;2;2;2;2;2; ;5;2; ;1;1;1;4;1;1;1;1;1;3;1;1;01;13;07;13;407,463315060263
4661100;1;3;2;1;2;1;1;1;3;1; ; ;98;400000; ;1;1;1;1;1;1;1;1;1;2;1;2;1;1;2;1;1;2;1;2;2;1;2;4;2; ;1;2;1;4;1;1;1;1;1;3;1;1;01;13;07;13;375,466768348216
4661102;1;3;2;1;1;1;1;3;3;4; ; ; ;500000; ;2;1;1;1;1;1;1;1;2;2;1;2;2;1;2;2;1;2;2;2;2;1;1;4;2; ;1;1;1;4;1;1;1;1;1;3;1;1;01;13;07;13;375,735040148785
4661103;1;3;2;1;1;1;1;3;3;3; ; ; ; ;450000;2;2;2;1;1;1;1;1;2;2;1;2;1;2;2;2;1;2;2;2;2;1;2;5;2; ;1;2;1;4;1;2;1;1;1;3;1;1;01;13;07;13;390,779528760844
4661104;1;3;1;1;1;1;1;3;3;1; ; ;98;98; ;2;2;2;1;1;1;1;1;2;2;2;2;2;2;2;2;1;2;2;2;2;2; ;2;2; ;1;2;1;4;1;1;1;1;1;3;1;1;01;13;07;13;409,83729708208
4661105;1;4;1;1;1;1;1;3;3;1; ; ;98;98; ;2;2;2;1;1;1;1;2;2;2;1;2;2;2;2;2;1;2;2;2;2;2; ;2;2; ;1;1;1;2;1;1;1;1;1;3;1;1;01;13;07;13;409,83729708208
4661106;1;3;2;1;1;1;1;3;3;3; ; ; ; ;400000;2;2;2;2;1;1;1;2;2;2;1;2;2;2;2;2;1;2;1;2;2;1;3;7;2; ;1;1;1;4;1;1;1;1;1;3;1;1;01;13;07;13;408,15378236042
4661107;1;4;3;1;1;1;1;3;3;1; ; ;98;300000; ;2;1;1;1;1;1;1;1;2;2;1;2;2;2;2;2;1;2;2;2;2;1;2;5;2; ;1;1;1;4;1;1;1;1;1;3;1;1;01;13;07;13;317,699296044034
4661108;1;3;2;1;1;1;1;3;3;3; ; ; ; ;360000;2;1;2;2;1;1;1;2;2;2;1;2;2;2;2;2;1;2;2;2;2;1;2;5;2; ;1;2;1;4;1;1;1;1;1;3;1;1;01;13;07;13;306,41024076868
4661109;1;3;1;1;1;1;1;1;3;1; ; ;98;600000; ;1;1;1;1;1;1;1;1;1;2;1;2;1;1;2;1;1;2;2;2;2;1;1;2;2; ;1;2;1;4;1;3;1;1;1;3;1;1;01;13;07;13;339,585879811336
4661112;1;1;1;1;1;1;2;1;4;5; ; ; ;150000; ;2;2;2;2;2;2;1;2;2;2;1;2;2;2;2;2;1;2;2;2;2;1;1;1;2; ;1;1;1;2;1;3;2;1;1;3;2; ;01;13;07;13;409,42238177578
4661113;1;3;2;1;1;1;1;3;3;3; ; ; ; ;500000;1;1;1;1;1;1;1;1;1;2;1;1;1;1;2;1;1;2;2;2;2;1;3;3;2; ;1;2;1;4;1;3;1;1;1;3;1;1;01;13;07;13;389,949698148244
4661117;1;3;2;1;1;1;1;3;3;1; ; ;98;98; ;2;1;1;1;1;1;1;1;2;2;1;2;1;1;2;2;1;2;1;2;2;1;4;4;2; ;1;2;1;4;1;3;1;1;1;3;1;1;01;13;07;13;296,852958009471
4661118;1;3;2;1;1;1;1;3;3;3; ; ; ; ;600000;1;1;1;1;1;1;1;2;2;1;1;1;1;1;2;1;1;2;2;2;2;1;2;3;2; ;1;2;1;4;1;3;1;1;1;3;1;1;01;13;07;13;415,005815625406
4661120;1;3;2;1;1;1;1;3;3;3; ; ; ; ;600000;2;1;1;1;1;1;1;1;2;2;1;1;1;1;2;2;1;2;2;2;2;1;2;2;2; ;1;2;1;4;1;3;1;1;1;3;1;1;01;13;07;13;363,626092370574
4661123;1;5;3;1;1;1;1;1;3;1; ; ;98;700000; ;2;1;1;1;1;1;1;1;2;2;1;2;1;1;2;2;1;2;2;2;2;1;2;3;2; ;1;2;1;4;1;3;1;1;1;3;1;1;01;13;07;13;418,61460545638
4661124;1;3;2;1;1;1;1;3;3;4; ; ; ;700000; ;2;1;1;1;1;1;1;1;1;2;1;2;1;1;2;2;1;1;2;2;2;1;2;4;2; ;1;2;1;4;1;3;1;1;1;3;1;1;01;13;07;13;386,75582362357
4661125;1;2;1;1;1;1;1;3;3;3; ; ; ; ;300000;2;2;2;1;1;1;1;2;2;2;1;2;2;2;2;2;1;2;2;2;2;1;2;3;2; ;1;2;1;2;1;1;1;1;1;3;1;1;01;13;07;13;390,965603066168
4661126;1;3;2;1;1;1;1;1;3;4; ; ; ;350000; ;2;2;2;1;1;1;1;2;2;2;1;2;2;2;2;2;1;2;2;2;2;1;3;3;2; ;1;1;1;4;1;1;1;1;1;3;1;1;01;13;07;13;405,627517639482
4661127;1;4;3;1;1;1;1;3;3;1; ; ;98;340000; ;2;1;1;1;1;1;1;2;2;2;1;2;1;2;2;2;1;2;2;2;2;1;2;4;2; ;1;1;1;4;1;1;1;1;1;3;1;1;01;13;07;13;363,495585449241
4661128;1;3;1;1;1;1;1;1;3;3; ; ; ; ;300000;2;2;2;2;1;2;1;1;2;2;1;2;1;2;2;2;1;2;2;2;2;1;1;1;2; ;1;1;1;2;1;1;1;1;1;3;1;1;01;13;07;13;382,733716919501
4661129;1;1;1;1;1;1;1;2;3;1; ; ;98;150000; ;2;2;2;2;1;2;1;2;2;2;1;2;2;2;2;2;1;2;2;2;2;2; ;1;2; ;1;2;1;4;1;1;1;1;1;3;1;1;01;13;07;13;382,733716919501
4661130;1;4;3;1;1;1;1;3;3;3; ; ; ; ;500000;2;1;1;1;1;1;1;1;2;2;1;2;1;2;2;2;1;2;2;2;2;1;2;5;2; ;1;1;1;2;1;1;1;1;1;3;1;1;01;13;07;13;318,715200961958
4661131;1;3;2;1;1;1;1;1;3;3; ; ; ; ;260000;2;2;2;1;1;1;1;1;2;2;1;2;2;2;2;2;1;2;2;2;2;1;1;3;2; ;1;2;1;4;1;1;1;1;1;3;1;1;01;13;07;13;360,432217845899
4661132;1;3;2;1;1;1;1;3;3;4; ; ; ;98; ;1;1;1;1;1;1;1;1;2;2;1;2;1;2;2;2;1;2;2;2;2;1;2;3;2; ;1;2;1;4;1;1;1;1;1;3;1;1;01;13;07;13;378,928914673459
4661134;1;2;1;1;1;1;1;3;3;3; ; ; ; ;400000;2;1;2;1;1;1;1;1;2;2;1;2;2;2;2;2;1;2;2;2;2;1;2;6;2; ;1;2;1;4;1;1;1;1;1;3;1;1;01;13;07;13;454,152838072461
4661136;1;3;2;1;1;1;1;3;3;1; ; ;98;400000; ;2;1;1;1;1;1;1;1;2;2;1;2;2;2;2;2;1;2;2;2;2;1;2;4;2; ;1;2;1;4;1;1;1;1;1;3;1;1;01;13;07;13;364,44598487343
4661137;1;2;1;1;1;1;1;3;3;1; ; ;98;400000; ;2;1;2;1;1;1;1;2;2;2;1;2;2;2;2;2;1;2;2;2;2;2; ;4;2; ;1;2;1;4;1;1;1;1;1;3;1;1;01;13;07;13;386,75582362357
4661138;1;3;2;1;1;1;1;3;3;5; ; ; ;300000; ;2;2;2;1;1;1;1;2;2;2;1;2;2;2;2;2;1;2;2;2;2;1;2;3;2; ;1;2;1;2;1;1;1;1;1;3;1;1;01;13;07;13;366,689459973916
4661139;1;3;2;1;1;1;1;3;3;4; ; ; ;350000; ;2;1;2;1;1;1;1;2;2;2;1;2;1;2;2;2;1;2;2;2;2;1;2;5;2; ;1;2;1;4;1;1;1;1;1;3;1;1;01;13;07;13;392,297198153365
4661140;1;1;1;1;1;1;1;2;4;1; ; ;98;98; ;2;2;2;2;2;1;1;2;2;2;1;2;2;2;2;2;1;2;2;2;2;1;1;1;2; ;1;1;5;1;1;1;2;1;1;3;1;1;01;13;07;13;382,733716919501
4661141;1;3;2;1;1;1;1;3;3;3; ; ; ; ;350000;2;2;2;1;1;1;1;2;2;2;1;2;1;2;2;2;1;2;2;2;2;1;1;3;2; ;1;1;1;4;1;1;1;1;1;3;1;1;01;13;07;13;326,118854929231
4661142;1;3;2;1;1;1;1;3;3;3; ; ; ; ;400000;2;2;2;1;1;1;1;1;2;2;1;2;1;2;2;2;1;2;2;2;2;1;2;5;2; ;1;2;1;4;1;1;1;1;1;3;1;1;01;13;07;13;318,715200961958
4661145;1;2;2;1;1;1;1;1;4;1; ; ;98;98; ;2;2;2;1;1;1;1;1;2;2;1;2;2;2;2;2;1;2;1;2;2;1;2;5;2; ;1;2;1;2;1;1;2;1;1;3;1;1;01;13;07;13;452,797461451715
4661146;1;3;2;1;1;1;1;3;3;4; ; ; ;98; ;2;2;2;1;1;1;1;1;2;2;1;2;2;2;2;2;1;2;2;2;2;1;1;3;2; ;1;2;1;4;1;1;1;1;1;3;1;1;01;13;07;13;389,949698148244
4661147;1;3;2;1;1;1;1;3;3;1; ; ;98;350000; ;2;2;2;2;1;1;1;2;2;2;1;2;2;2;2;2;1;2;2;2;2;1;1;4;2; ;1;1;1;2;1;1;1;1;1;3;1;1;01;13;07;13;286,579807652041
4661148;1;4;3;1;1;1;1;1;4;1; ; ;98;400000; ;2;2;2;1;1;1;1;1;2;2;1;2;2;2;2;2;1;2;2;2;2;1;2;3;2; ;1;2;1;2;1;1;2;1;1;3;1;1;01;13;07;13;305,687432200968
4661149;1;2;1;1;1;1;1;3;3;4; ; ; ;98; ;2;2;2;2;2;2;2;2;2;2;1;2;2;2;2;2;1;2;2;2;2;1;1;1;2; ;1;2;1;4;1;1;1;1;1;3;1;1;01;13;07;13;378,109022170602
4661150;1;4;3;1;1;1;1;3;3;1; ; ;98;400000; ;2;1;2;1;1;1;1;2;2;2;1;2;2;2;2;2;1;2;2;2;2;1;1;5;2; ;1;1;1;4;1;1;1;1;1;3;1;1;01;13;07;13;406,447410142339
4661152;1;2;1;1;1;1;1;3;3;1; ; ;98;98; ;2;2;2;1;1;1;1;2;2;2;1;2;1;2;2;2;1;2;2;2;2;1;2;2;2; ;1;2;1;4;1;1;1;1;1;3;1;1;01;13;07;13;363,626092370574
4661153;1;3;2;1;1;1;1;3;3;3; ; ; ; ;500000;2;2;2;1;1;1;1;2;2;2;1;2;2;2;2;2;1;2;2;2;2;1;1;2;2; ;1;2;1;4;1;1;1;1;1;3;1;1;01;13;07;13;394,939451975752
4661200;1;5;2;1;1;1;1;1;3;3; ; ; ; ;1300000;1;1;1;1;1;1;1;1;1;1;1;2;2;1;1;2;2;2;2;1;2;1;2;2;2; ;1;2;1;4;1;6;1;1;1;2;1;1;01;17;07;17;162,995052756418
4661201;1;2;1;1;1;1;1;1;3;1; ; ;500000000;2000000; ;1;1;1;1;1;1;1;1;1;1;1;2;1;1;2;1;2;2;2;2;2;1;1;1;2; ;1;2;1;4;1;6;1;1;1;2;1;1;01;17;07;17;184,405729467149
4661202;1;4;1;1;1;1;1;1;3;1; ; ;300000000;1300000; ;1;1;1;1;1;1;1;1;2;1;1;2;1;1;2;2;2;2;2;1;2;1;2;2;2; ;1;2;1;3;1;6;1;1;1;2;1;1;01;17;07;17;199,395202125181
4661203;1;4;2;1;1;1;1;1;3;3; ; ; ; ;1200000;2;1;1;1;1;1;1;1;1;1;1;2;2;1;2;2;2;2;2;1;2;1;2;2;2; ;1;2;1;4;1;6;1;1;1;2;1;1;01;17;07;17;181,022396748666
4661204;1;5;2;1;1;1;1;1;3;1; ; ;250000000;1200000; ;1;1;1;1;1;1;1;1;1;1;1;2;1;1;2;2;2;2;2;1;2;1;2;2;1;1;1;2;1;4;1;6;1;1;1;2;1;1;01;17;07;17;181,022396748666
4661205;1;4;2;1;1;1;1;1;3;1; ; ;98;1200000; ;1;1;1;1;1;1;1;1;1;1;1;1;1;1;2;2;2;2;2;2;2;1;2;2;2; ;1;2;1;6;1;6;1;1;1;2;1;1;01;17;07;17;162,995052756418
4661206;1;5;2;1;1;1;1;1;3;1; ; ;250000000;1500000; ;1;1;1;1;1;1;1;1;1;1;1;2;2;1;2;2;2;2;2;2;1;1;1;2;2; ;1;2;1;4;1;6;1;1;1;2;1;1;01;17;07;17;162,995052756418
4661207;1;4;2;1;1;1;1;1;3;2; ;1200000;250000000;1200000; ;1;1;1;1;1;1;1;1;1;1;1;1;1;1;2;2;2;1;2;1;2;1;3;3;2; ;1;2;1;3;1;6;1;1;1;2;1;1;01;17;07;17;149,087342615022
4661208;1;4;1;1;1;1;1;1;3;1; ; ;98;2000000; ;1;1;1;1;1;1;1;1;1;1;1;1;1;1;1;2;2;1;2;1;2;1;1;1;2; ;1;2;1;4;1;6;1;1;1;2;1;1;01;17;07;17;184,405729467149
4661209;1;4;3;1;1;1;1;1;3;2; ;1115000;350000000;1200000; ;2;1;1;1;1;1;1;1;1;2;1;2;2;1;1;2;2;2;2;1;2;1;4;4;2; ;1;2;1;6;1;6;1;1;1;2;1;1;01;17;07;17;171,664952077267
4661210;1;4;1;1;1;1;1;1;3;3; ; ; ; ;1200000;1;1;1;1;1;1;1;1;1;1;1;2;1;1;2;2;2;1;2;1;2;1;2;2;2; ;1;2;1;4;1;6;1;1;1;2;1;1;01;17;07;17;199,395202125181
4661212;1;4;2;1;1;1;1;1;3;3; ; ; ; ;1250000;1;1;1;1;1;1;1;1;1;1;1;2;1;1;2;2;2;2;2;1;2;1;2;2;2; ;1;2;1;4;1;6;1;1;1;2;1;1;01;17;07;17;217,42254611743
4661213;1;7;2;1;1;1;1;1;3;3; ; ; ; ;1200000;1;1;1;1;1;1;1;1;1;1;1;2;2;1;2;2;2;2;2;2;2;1;2;3;2; ;1;2;1;6;1;5;1;1;1;2;1;1;01;17;07;17;141,233258769778
4661214;1;3;2;1;1;1;1;1;3;3; ; ; ; ;1100000;1;1;1;1;1;1;1;1;1;1;1;1;1;1;2;2;2;2;2;1;2;1;2;3;2; ;1;2;1;4;1;5;1;1;1;2;1;1;01;17;07;17;293,891018367778
4661215;1;3;1;1;1;1;1;1;3;1; ; ;98;800000; ;1;1;1;1;1;1;1;1;2;1;1;2;1;2;2;2;2;2;2;2;2;1;1;1;2; ;1;2;1;4;1;5;1;1;1;2;1;1;01;17;07;17;198,590785580007
4661216;1;5;2;1;1;1;1;1;4;3; ; ; ; ;450000;2;2;2;1;1;1;1;2;2;1;1;1;1;1;2;2;2;1;1;2;2;1;3;3;2; ;1;1;1;6;1;5;2;1;1;2;1;1;01;17;07;17;199,847482389329
4661217;1;2;1;1;1;1;1;1;4;3; ; ; ; ;550000;2;1;1;2;1;1;1;1;2;2;1;2;1;1;2;2;2;1;2;2;2;1;1;1;2; ;1;2;1;4;1;5;2;1;1;2;1;1;01;17;07;17;209,718955185418
4661218;1;4;1;1;1;1;1;1;3;3; ; ; ; ;850000;2;2;2;1;1;1;1;2;2;1;1;1;2;2;1;2;2;2;2;2;2;1;2;2;2; ;1;2;1;4;1;5;1;1;1;2;1;1;01;17;07;17;175,533133737681
4661220;1;2;1;1;1;1;1;1;3;3; ; ; ; ;800000;1;1;1;1;1;1;1;2;2;1;1;2;1;1;2;2;2;2;2;1;2;1;1;1;2; ;1;2;1;4;1;5;1;1;1;2;1;1;01;17;07;17;237,790946438675
4661221;1;2;1;1;1;1;1;1;3;1; ; ;130000000;650000; ;2;1;2;1;1;1;1;1;1;1;1;2;1;1;2;2;2;2;2;1;1;1;1;1;2; ;1;2;1;4;1;5;1;1;1;2;1;1;01;17;07;17;237,790946438675
4661222;1;2;1;1;1;1;1;1;3;3; ; ; ; ;700000;2;2;2;1;1;1;1;2;2;1;1;2;2;2;1;2;2;2;2;1;2;1;1;1;2; ;1;2;1;4;1;5;1;1;1;2;1;1;01;17;07;17;201,638837341519
4661223;1;4;3;1;1;1;1;1;3;3; ; ; ; ;1200000;2;2;1;1;1;1;1;1;1;1;1;2;1;1;2;2;2;1;2;1;2;1;4;4;1;1;1;2;1;4;1;5;1;1;1;2;1;1;01;17;07;17;228,934857513415
4661226;1;2;1;1;1;1;1;1;3;2; ;700000;115000000;900000; ;2;2;2;1;1;1;1;2;1;1;1;2;1;2;2;2;1;2;2;2;2;1;1;1;2; ;1;2;1;4;1;5;1;1;1;2;1;1;01;17;07;17;201,638837341519
4661229;1;2;2;1;1;1;1;1;4;1; ; ;25000000;200000; ;2;2;2;2;2;1;1;2;2;2;2;2;2;2;2;2;2;2;2;2;2;1;1;2;2; ;1;2;4;3;1;2;2;1;1;2;1;1;01;17;07;17;165,825386534965
4661230;1;3;2;1;1;1;1;1;3;3; ; ; ; ;450000;2;1;2;1;1;1;1;2;2;2;1;1;2;2;2;2;2;1;1;2;2;1;2;3;2; ;1;2;1;4;1;2;1;1;1;2;1;1;01;17;07;17;236,61549764792
4661231;1;6;4;1;1;1;1;1;3;1; ; ;60000000;450000; ;2;1;1;2;1;1;1;2;2;2;1;2;1;1;2;2;2;2;2;2;2;1;5;6;2; ;1;2;1;6;1;2;1;1;1;2;1;1;01;17;07;17;159,583080467475
4661232;1;1;1;1;1;1;1;1;4;1; ; ;98;200000; ;2;1;1;2;1;1;1;2;2;2;1;2;1;2;2;2;1;2;2;2;2;1;1;1;2; ;1;2;1;4;1;2;2;1;1;2;1;1;01;17;07;17;187,236063245696
4661233;1;1;1;1;2;1;1;1;4;3; ; ; ; ;100000;2;1;2;2;2;2;1;2;2;2;2;2;2;2;2;2;2;2;2;2;2;1;1;1;2; ;1;2;4;2;1;2;2;1;1;2;1;1;01;17;07;17;184,405729467149
4661235;1;3;3;1;1;1;1;1;3;3; ; ; ; ;450000;2;1;2;1;1;1;1;2;2;1;1;2;1;2;2;2;2;2;2;2;2;1;3;4;2; ;1;2;1;4;1;2;1;1;1;2;1;1;01;17;07;17;117,237458716256
4661236;1;1;1;1;1;1;1;1;3;1; ; ;98;98; ;2;1;1;1;1;1;1;2;2;1;1;2;1;2;2;2;2;2;2;1;2;1;1;1;2; ;1;2;1;4;1;2;1;1;1;2;1;1;01;17;07;17;205,263407237944
4661237;1;3;2;1;1;1;1;1;3;3; ; ; ; ;250000;2;1;1;1;1;1;1;2;2;2;1;2;1;1;2;2;2;2;2;2;2;1;3;6;2; ;1;2;1;2;1;2;1;1;1;2;1;1;01;17;07;17;266,905298550903
4661238;1;3;1;1;1;1;1;1;3;3; ; ; ; ;470000;2;1;2;1;1;1;1;2;2;2;1;2;2;1;2;2;2;2;1;2;2;1;2;3;2; ;1;2;1;4;1;2;1;1;1;2;1;1;01;17;07;17;247,139875070833
4661241;1;5;4;1;1;1;1;1;3;1; ; ;80000000;400000; ;1;1;1;1;1;1;1;2;2;2;1;1;1;2;2;2;2;2;1;1;2;1;6;6;2; ;1;2;1;4;1;2;1;1;1;2;1;1;01;17;07;17;171,448798363419
4661242;1;3;2;1;1;1;1;1;4;3; ; ; ; ;250000;2;2;2;2;2;1;1;2;2;2;1;2;2;2;2;2;2;2;2;2;2;1;2;2;2; ;1;2;1;4;1;2;2;1;1;2;1;1;01;17;07;17;211,192796206777
4661245;1;4;2;1;1;1;1;1;3;3; ; ; ; ;380000;2;1;2;1;1;1;1;2;1;2;1;1;1;1;2;2;2;1;2;2;2;1;3;3;2; ;1;2;1;4;1;2;1;1;1;2;1;1;01;17;07;17;204,222998928374
4661246;1;2;1;1;1;1;1;1;3;3; ; ; ; ;250000;2;1;2;2;1;2;1;2;2;2;1;2;1;2;2;2;2;2;1;2;2;1;2;2;2; ;1;2;1;4;1;2;1;1;1;2;1;1;01;17;07;17;190,037336902308
4661247;1;5;2;1;1;1;1;1;3;1; ; ;80000000;500000; ;2;1;1;1;1;1;1;1;2;2;1;1;1;1;2;2;2;1;1;2;2;1;3;3;2; ;1;2;1;5;1;2;1;1;1;2;1;1;01;17;07;17;216,501439255106
4661248;1;3;2;1;1;1;1;1;3;3; ; ; ; ;480000;2;1;1;1;1;1;1;1;2;1;1;2;1;1;2;2;2;2;2;2;2;1;4;4;2; ;1;2;1;3;1;3;1;1;1;2;1;1;01;17;07;17;182,104159265303
4661249;1;5;2;1;1;1;1;1;4;3; ; ; ; ;850000;1;1;1;1;1;1;1;1;2;1;1;1;1;1;2;2;2;1;2;2;2;1;4;4;2; ;1;1;1;4;1;3;2;1;1;7;1;1;01;17;07;17;143,304307737137
4661250;1;5;3;1;1;1;1;1;3;1; ; ;200000000;900000; ;2;1;1;1;1;1;1;2;1;1;1;1;1;1;2;2;1;1;2;2;2;1;3;3;2; ;1;2;1;4;1;3;1;1;1;2;1;1;01;17;07;17;203,514835976034
4661251;1;7;4;1;1;1;1;1;3;3; ; ; ; ;1200000;1;1;1;1;1;1;1;1;2;1;1;2;1;2;2;2;2;1;2;2;2;1;9;11;2; ;1;2;1;6;1;3;1;1;1;2;1;1;01;17;07;17;104,323369978213
4661254;1;4;2;1;1;1;1;1;3;3; ; ; ; ;5150000;1;1;1;1;1;1;1;1;1;1;1;2;1;1;2;2;2;2;1;2;2;1;3;3;2; ;1;2;1;4;1;3;1;1;1;2;1;1;01;17;07;17;185,572662218663
4661255;1;4;2;1;1;1;1;1;3;3; ; ; ; ;500000;1;1;1;1;1;1;1;2;1;1;1;1;1;2;2;2;2;2;2;2;2;1;2;3;2; ;1;2;1;3;1;3;1;1;1;7;1;1;01;17;07;17;252,041124999283
4661256;1;4;1;1;1;1;1;1;3;1; ; ;250000000;400000; ;1;1;1;1;1;1;1;1;2;2;1;2;1;2;2;2;2;2;2;2;2;1;2;2;2; ;1;2;1;6;1;3;1;1;1;2;1;1;01;17;07;17;162,995052756418
4661257;1;4;3;1;1;1;1;1;3;3; ; ; ; ;400000;1;1;1;2;1;1;1;2;2;1;1;1;1;1;2;2;2;2;2;2;2;1;3;3;2; ;1;2;1;4;1;3;1;1;1;2;1;1;01;17;07;17;185,572662218663
4661260;1;2;1;1;1;1;1;1;3;3; ; ; ; ;380000;2;1;2;2;1;1;1;1;2;2;1;2;2;2;2;2;2;2;2;2;2;1;1;2;2; ;1;2;1;6;1;3;1;1;1;2;1;1;01;17;07;17;162,995052756418
4661263;1;1;1;1;2;1;1;6; ;3; ; ; ; ;200000;2;1;2;2;2;2;2;2;2;2;1;2;2;2;2;2;2;2;2;2;2;2; ;1;2; ;1;2;1;3;1;2;2;1;1;2;1;1;01;17;07;17;187,236063245696
4661265;1;3;1;1;1;1;1;1;3;3; ; ; ; ;1284000;1;1;1;1;1;1;1;2;1;1;1;1;1;1;1;2;2;2;2;2;1;1;1;1;2; ;1;2;1;4;1;6;1;1;1;2;1;1;01;17;07;17;237,790946438675
4661267;1;4;2;1;1;1;1;1;3;1; ; ;90000000;400000; ;2;1;1;1;1;1;1;2;2;1;1;1;1;1;2;2;2;2;1;1;1;1;2;3;2; ;1;1;4;4;1;3;1;1;1;3;1;1;01;17;07;17;185,572662218663
4661681;1;8;3;1;1;1;1;1;3;1; ; ;650000000;3000000; ;2;1;2;1;1;1;1;1;2;2;1;1;2;2;2;2;1;2;2;1;2;1;3;4;2; ;1;2;1;4;1;3;1;1;1;3;1;1;01;23;07;23;131,016586421809
4661683;1;4;2;1;1;1;1;1;3;3; ; ; ; ;1000000;2;1;1;1;1;1;1;1;1;2;1;2;1;1;2;1;1;2;2;1;2;1;3;3;2; ;1;2;1;4;1;4;1;1;1;3;1;1;01;23;07;23;144,590945740704
4661684;1;2;1;1;1;1;1;1;3;4; ; ; ;700000; ;2;1;1;1;1;1;1;2;2;2;1;2;1;1;2;2;1;2;2;2;2;1;2;2;2; ;1;2;1;4;1;4;1;1;1;3;1;1;01;23;07;23;88,1740858705715
4661685;1;6;3;1;1;1;1;1;3;1; ; ;150000000;1200000; ;1;1;1;1;1;1;1;1;2;2;1;2;1;1;2;1;1;2;2;1;2;1;2;3;2; ;1;1;1;4;1;4;1;1;1;3;1;1;01;23;07;23;105,748614744094
4661686;1;2;1;1;1;1;1;1;3;3; ; ; ; ;585000;2;1;1;1;1;1;1;2;2;2;1;2;2;1;2;1;1;1;1;2;2;1;1;1;2; ;1;2;1;4;1;4;1;1;1;3;1;1;01;23;07;23;159,52226776751
4661687;1;3;2;1;1;1;1;3;3;3; ; ; ; ;300000;2;2;2;2;1;1;1;2;2;2;1;2;1;2;2;2;1;2;2;2;2;1;2;3;2; ;1;2;1;4;1;1;1;1;1;3;1;1;01;23;07;23;169,020975365249
4661688;1;4;3;1;1;1;1;1;3;1; ; ;55000000;400000; ;1;1;1;2;1;1;1;2;2;2;1;2;1;2;2;2;1;1;2;2;2;1;2;8;2; ;1;1;1;4;1;1;1;1;1;3;1;1;01;23;07;23;166,8050635966
4661689;1;3;1;1;1;1;1;1;3;3; ; ; ; ;300000;2;1;2;1;1;1;1;2;2;2;1;2;2;2;2;2;1;1;2;2;2;1;2;3;2; ;1;1;1;2;1;1;1;1;1;3;1;1;01;23;07;23;155,815568475928
4661690;1;3;2;1;1;1;1;1;3;1; ; ;90000000;400000; ;2;2;2;1;1;1;1;2;2;2;1;1;1;2;2;2;1;2;2;2;2;1;4;5;2; ;1;2;1;2;1;1;1;1;1;3;1;1;01;23;07;23;101,970091762387
4661691;1;3;2;2;1;1;1;1;3;1; ; ;70000000;500000; ;2;1;2;2;2;1;1;1;2;2;1;2;1;2;2;2;1;2;2;2;2;1;2;8;2; ;1;1;1;2;1;1;1;2;1;3;1;1;01;23;07;23;220,878557242716
4661692;1;2;1;1;1;1;1;1;3;4; ; ; ;200000; ;2;2;2;1;1;1;1;2;2;2;1;2;2;2;2;2;1;1;1;2;2;1;2;3;2; ;1;2;1;2;1;1;1;1;1;3;1;1;01;23;07;23;167,868556041465
4661693;1;3;2;1;1;1;1;1;3;1; ; ;60000000;350000; ;2;1;2;1;1;1;1;2;2;2;1;2;1;2;2;2;1;1;1;2;2;1;2;2;2; ;1;2;1;4;1;1;1;1;1;3;1;1;01;23;07;23;149,479088379648
4661694;1;3;1;2;1;1;1;6; ;1; ; ;99;350000; ;2;1;2;2;1;2;1;2;2;2;1;2;2;2;2;2;1;2;2;2;2;2; ;1;2; ;1;2;1;2;1;1;1;2;1;3;1;1;01;23;07;23;139,611428352334
4661695;1;4;3;1;1;1;1;1;3;1; ; ;50000000;250000; ;2;1;2;1;1;1;1;2;2;2;1;2;2;2;2;2;1;2;1;2;2;1;3;8;2; ;1;2;1;1;1;1;1;1;1;3;1;1;01;23;07;23;115,123739780778
4661696;1;3;2;1;1;1;1;1;3;3; ; ; ; ;500000;2;1;2;1;1;1;1;2;2;2;1;2;1;2;2;1;1;2;1;2;2;1;2;3;2; ;1;2;1;4;1;2;1;1;1;3;1;1;01;23;07;23;136,358491132561
4661697;1;4;3;1;1;1;1;1;3;4; ; ; ;450000; ;1;1;1;1;1;1;1;2;2;2;1;2;2;2;2;2;1;1;1;2;2;1;3;4;2; ;1;2;1;4;1;2;1;1;1;3;1;1;01;23;07;23;172,163756065985
4661698;1;5;3;1;1;1;1;1;3;1; ; ;100000000;600000; ;1;1;1;1;1;1;1;2;2;2;1;2;1;1;2;1;1;2;1;2;2;1;3;5;2; ;1;2;1;3;1;2;1;1;1;3;1;1;01;23;07;23;121,427169105755
4661699;1;3;1;1;1;1;1;1;3;3; ; ; ; ;515000;2;1;1;1;1;1;1;2;2;2;1;2;1;1;2;1;1;2;1;2;2;1;1;2;2; ;1;2;1;4;1;2;1;1;1;3;1;1;01;23;07;23;177,096796641033
4661700;1;4;1;1;1;1;1;1;3;4; ; ; ;400000; ;2;2;2;2;1;1;1;2;2;2;1;2;2;2;2;2;1;2;2;2;2;1;2;2;2; ;1;1;1;4;1;2;1;1;1;3;1;1;01;23;07;23;107,105577452006
4661701;1;4;3;1;1;1;1;1;3;1; ; ;150000000;500000; ;1;1;1;1;1;1;1;1;2;2;1;2;1;1;2;2;1;2;1;2;2;1;2;3;2; ;1;2;1;4;1;2;1;1;1;3;1;1;01;23;07;23;133,352896963462
4661702;1;5;3;1;1;1;1;1;3;1; ; ;80000000;500000; ;1;1;2;1;1;1;1;2;2;2;1;2;2;1;2;2;1;2;1;2;2;1;2;5;2; ;1;1;1;4;1;2;1;1;1;3;1;1;01;23;07;23;139,657905165656
4661703;1;2;1;1;1;1;1;1;3;3; ; ; ; ;360000;1;1;1;1;1;1;1;2;2;2;1;2;2;2;2;2;1;1;1;2;2;1;3;3;2; ;1;2;1;4;1;2;1;1;1;3;1;1;01;23;07;23;187,325633384833
4661704;1;3;1;1;1;1;1;1;3;3; ; ; ; ;300000;2;1;2;1;1;1;1;2;2;2;1;2;2;2;2;2;1;1;2;2;2;1;2;2;2; ;1;2;1;2;1;2;1;1;1;3;1;1;01;23;07;23;158,792138621449
4661705;1;3;2;2;1;1;1;1;3;5; ; ; ;300000; ;2;1;2;2;1;1;1;2;2;2;1;2;2;2;2;2;1;1;1;2;2;1;2;5;2; ;1;1;1;1;1;1;1;2;1;3;1;1;01;23;07;23;170,793367316056
4661706;1;3;2;2;1;1;1;1;3;1; ; ;30000000;200000; ;2;1;2;1;1;2;1;2;2;2;1;2;2;2;2;2;1;1;1;2;2;1;2;4;2; ;1;1;1;2;1;1;1;2;1;3;1;1;01;23;07;23;197,554470128633
4661707;1;3;2;1;1;1;1;1;3;1; ; ;18000000;300000; ;2;2;2;2;1;1;1;2;2;2;2;2;2;2;2;2;1;2;1;2;2;1;2;8;2; ;1;1;1;2;1;1;1;1;1;3;1;1;01;23;07;23;157,858427424907
4661708;1;4;3;2;1;1;1;1;3;5; ; ; ;300000; ;2;1;2;2;1;2;1;2;2;2;1;2;2;2;2;2;1;1;2;2;2;1;2;9;2; ;1;1;1;2;1;1;1;2;1;3;1;1;01;23;07;23;176,585375622213
4661709;1;3;2;1;1;1;1;1;3;1; ; ;20000000;150000; ;2;1;2;2;1;1;1;2;2;2;1;2;2;2;2;2;1;1;2;2;2;1;2;6;2; ;1;1;1;2;1;1;1;1;1;3;1;1;01;23;07;23;170,044574774356
4661710;1;4;3;2;1;1;1;1;3;4; ; ; ;300000; ;2;1;1;1;1;1;1;2;2;2;1;2;2;2;2;2;1;2;1;2;2;1;3;6;1;3;1;1;1;2;1;1;1;2;1;3;1;1;01;23;07;23;152,19367882658
4661711;1;3;2;1;1;1;10;1;3;1; ; ;35000000;200000; ;2;1;2;2;1;1;1;2;2;2;1;2;2;2;2;2;1;2;1;2;2;1;2;2;2; ;1;1;1;2;1;1;1;1;1;3;1;1;01;23;07;23;107,105577452006
4661712;1;3;2;2;1;1;1;1;3;1; ; ;30000000;280000; ;2;1;2;2;1;1;1;2;2;2;1;2;2;2;2;2;1;2;2;2;2;1;1;3;2; ;1;1;1;2;1;1;1;2;1;3;1;1;01;23;07;23;163,522437322138
4661713;1;4;2;1;1;1;1;1;3;1; ; ;120000000;600000; ;1;1;1;1;1;1;1;1;1;2;1;1;2;2;2;2;1;1;1;1;2;1;4;5;2; ;1;1;1;4;1;3;1;1;1;3;1;1;01;23;07;23;141,245423165609
4661714;1;3;1;1;1;1;1;1;3;4; ; ; ;300000; ;2;2;2;1;1;1;1;2;2;2;2;2;2;2;2;2;1;1;2;2;2;1;2;2;2; ;1;1;1;2;1;1;1;1;1;3;1;1;01;23;07;23;157,185957225857
4661715;1;5;4;1;1;1;1;1;3;1; ; ;100000000;600000; ;1;1;1;1;1;1;1;2;2;2;1;2;2;1;2;2;2;1;2;1;2;1;6;6;2; ;1;1;1;4;1;3;1;1;1;3;1;1;01;23;07;23;151,474259909409
4661716;1;3;2;1;1;1;1;1;4;1; ; ;25000000;180000; ;2;2;2;2;1;1;1;2;2;2;1;2;2;2;2;2;1;2;2;2;2;1;2;5;2; ;1;1;1;1;1;1;2;1;1;3;1;1;01;23;07;23;183,560536445143
4661717;1;3;2;1;1;1;1;1;3;5; ; ; ;300000; ;2;2;2;1;1;1;1;2;2;2;1;2;1;2;2;2;1;2;1;2;2;1;2;4;2; ;1;1;1;2;1;1;1;1;1;3;1;1;01;23;07;23;155,085439329867
4661718;1;3;1;1;1;1;1;1;3;5; ; ; ;400000; ;2;1;2;1;1;1;1;2;2;2;1;2;2;1;2;2;1;1;2;2;2;1;1;2;2; ;1;1;1;4;1;1;1;1;1;3;1;1;01;23;07;23;149,479088379648
4661719;1;5;4;1;1;1;1;1;3;1; ; ;300000000;800000; ;1;1;1;1;1;1;1;1;1;2;1;2;1;1;2;1;1;2;1;2;2;1;4;5;2; ;1;1;1;4;1;3;1;1;1;3;1;1;01;23;07;23;130,798616995663
4661720;1;3;2;1;1;1;1;1;3;1; ; ;98;98; ;2;1;2;2;1;1;1;2;2;2;1;2;2;2;2;2;1;2;2;2;2;1;2;3;2; ;1;1;1;2;1;1;1;1;1;3;1;1;01;23;07;23;76,5928938356147
4661721;1;5;2;1;1;1;1;1;3;1; ; ;120000000;1000000; ;2;1;1;1;1;1;2;2;2;2;1;2;2;1;2;1;1;2;2;1;2;1;3;3;2; ;1;1;1;4;1;3;1;1;1;3;1;1;01;23;07;23;124,680106325528
4661722;1;5;3;1;1;1;1;1;3;1; ; ;150000000;800000; ;1;1;1;1;1;1;1;1;1;2;1;2;1;1;2;1;1;2;2;1;1;1;4;5;2; ;1;1;1;4;1;3;1;1;1;3;1;1;01;23;07;23;76,5928938356147
4661723;1;3;2;1;1;1;1;1;3;4; ; ; ;500000; ;2;1;2;1;1;1;1;2;2;2;1;2;2;2;2;2;1;1;2;2;2;1;2;5;2; ;1;1;1;2;1;3;1;1;1;3;1;1;01;23;07;23;192,931984335052
4661724;1;3;2;2;1;1;1;1;3;1; ; ;30000000;350000; ;2;1;2;1;1;1;2;2;2;2;1;2;2;2;2;2;1;1;2;2;2;1;4;7;2; ;1;1;1;2;1;1;1;2;1;3;1;1;01;23;07;23;86,5715816217555
4661725;1;3;2;1;1;1;1;1;3;3; ; ; ; ;600000;2;1;2;1;1;1;1;1;1;2;1;2;1;2;2;2;1;1;1;2;2;1;2;2;2; ;1;1;1;2;1;3;1;1;1;3;1;1;01;23;07;23;107,105577452006
4661726;1;3;2;1;1;1;1;1;3;3; ; ; ; ;700000;2;1;1;1;1;1;2;2;2;2;1;2;1;2;2;2;1;1;1;2;2;1;2;2;2; ;1;2;1;4;1;3;1;1;1;3;1;1;01;23;07;23;138,254465644423
4661727;1;4;3;1;1;1;1;1;3;3; ; ; ; ;850000;2;1;1;1;1;1;1;2;2;2;1;2;2;1;2;2;1;2;1;2;2;1;3;4;2; ;1;1;1;4;1;3;1;1;1;3;1;1;01;23;07;23;142,708397270859
4661728;1;4;3;1;1;1;1;1;3;1; ; ;70000000;600000; ;1;1;1;1;1;1;1;2;2;2;1;2;2;2;2;2;1;2;2;2;2;1;5;6;2; ;1;1;1;2;1;2;1;1;1;3;1;1;01;23;07;23;126,797727410311
4661729;1;5;3;1;1;1;1;1;3;1; ; ;90000000;700000; ;2;1;1;1;1;1;1;2;2;2;1;2;1;1;2;1;1;1;1;1;2;1;4;6;2; ;1;2;1;4;1;2;1;1;1;3;1;1;01;23;07;23;158,445349280627
4661730;1;3;2;1;1;1;1;1;3;3; ; ; ; ;600000;1;1;1;1;1;1;1;2;2;2;1;2;2;1;2;1;1;2;1;2;2;1;2;3;2; ;1;1;1;1;1;2;1;1;1;3;1;1;01;23;07;23;187,325633384833
4661731;1;6;4;1;1;1;1;1;3;4; ; ; ;700000; ;2;1;2;1;1;1;1;1;2;2;1;2;1;2;2;2;1;1;2;2;2;1;5;8;2; ;1;1;1;2;1;3;1;1;1;3;1;1;01;23;07;23;136,375594321354
4661732;1;4;3;1;1;1;1;1;3;4; ; ; ;600000; ;2;1;1;1;1;1;1;2;2;2;1;2;2;2;2;2;1;1;1;2;2;1;5;9;2; ;1;1;1;2;1;3;1;1;1;3;1;1;01;23;07;23;140,766314216997
4661733;1;3;2;2;1;1;1;1;3;4; ; ; ;200000; ;2;1;2;2;2;1;1;2;2;2;1;2;2;2;2;2;1;1;2;2;2;1;2;4;2; ;1;1;1;2;1;1;1;2;1;3;1;1;01;23;07;23;177,28245399697
4661734;1;4;3;1;1;1;1;1;3;1; ; ;40000000;300000; ;2;1;2;1;1;1;1;2;2;2;1;2;2;2;2;2;1;1;1;2;2;1;3;7;2; ;1;1;1;2;1;1;1;1;1;3;1;1;01;23;07;23;95,9430295116641
4661735;1;4;3;1;1;1;1;4;4;1; ; ;50000000;150000; ;2;1;2;2;2;2;1;2;2;2;1;2;2;2;2;2;1;2;2;2;2;1;1;5;2; ;1;1;1;2;1;1;2;1;1;3;1;1;01;23;07;23;139,657905165656
4661737;1;3;1;1;1;1;1;1;3;1; ; ;30000000;400000; ;2;2;2;1;1;1;1;2;2;2;1;2;2;2;2;2;1;2;2;2;2;1;2;2;2; ;1;1;1;2;1;1;1;1;1;3;1;1;01;23;07;23;107,105577452006
4661738;1;3;2;1;1;1;1;1;3;3; ; ; ; ;150000;2;1;2;1;1;1;1;2;2;2;1;2;2;2;2;2;2;1;1;2;2;1;2;4;2; ;1;1;1;2;1;1;1;1;1;3;1;1;01;23;07;23;197,554470128633
4661739;1;4;3;2;1;1;10;1;3;3; ; ; ; ;300000;2;1;2;1;1;1;1;2;2;2;1;2;1;2;2;2;1;2;1;2;2;1;1;5;2; ;1;1;1;2;1;1;1;2;1;3;1;1;01;23;07;23;202,30343222496
4661740;1;2;1;2;1;1;1;4;4;1; ; ;42000000;100000; ;2;2;2;2;1;2;1;2;2;2;1;2;2;2;2;2;1;2;2;2;2;1;2;2;2; ;1;1;5;1;1;1;2;2;1;3;1;1;01;23;07;23;145,947908448615
4661741;1;4;3;1;1;1;1;1;3;1; ; ;20000000;200000; ;2;2;2;2;1;1;1;2;2;2;1;2;2;2;2;2;1;1;2;2;2;1;3;3;2; ;1;1;1;2;1;1;1;1;1;3;1;1;01;23;07;23;133,352896963462
4661742;1;3;2;1;1;1;1;1;3;3; ; ; ; ;300000;2;1;2;1;1;2;1;2;2;2;1;2;2;2;2;2;1;1;1;2;2;1;2;4;2; ;1;1;1;2;1;1;1;1;1;3;1;1;01;23;07;23;146,587327876361
4661743;1;4;3;1;1;1;1;1;3;3; ; ; ; ;280000;2;2;2;1;1;1;1;2;2;2;1;2;2;2;2;2;1;1;1;2;2;1;3;6;2; ;1;1;1;2;1;1;1;1;1;3;1;1;01;23;07;23;130,769243371135
4661744;1;3;1;1;1;1;1;1;3;3; ; ; ; ;250000;2;2;2;2;1;2;1;2;2;2;2;2;2;2;2;2;1;2;2;2;2;1;2;2;2; ;1;1;1;2;1;1;1;1;1;3;1;1;01;23;07;23;168,877768074907
4661745;1;3;3;1;1;1;1;2;3;5; ; ; ;100000; ;2;2;2;2;1;2;1;2;2;2;1;2;2;2;2;2;1;2;2;2;2;1;2;12;2; ;1;1;1;1;1;1;1;1;1;3;1;1;01;23;07;23;183,203032945555
4661746;1;3;2;2;1;1;1;1;3;1; ; ;98;250000; ;2;1;2;1;1;1;2;2;1;2;1;2;2;2;2;2;1;1;2;2;2;1;2;2;2; ;1;1;1;2;1;1;1;2;1;3;1;1;01;23;07;23;145,947908448615
4661747;1;3;2;1;1;1;1;1;3;1; ; ;65000000;200000; ;2;2;2;1;1;1;1;2;2;2;1;2;2;2;2;2;1;2;2;2;2;1;1;5;2; ;1;2;1;2;1;1;1;1;1;3;1;1;01;23;07;23;177,425661287312
4661748;1;4;2;1;1;1;1;1;3;1; ; ;98;500000; ;1;1;1;1;1;1;1;1;1;2;1;2;1;1;2;1;1;1;1;2;2;1;3;4;2; ;1;1;1;4;1;1;1;1;1;3;1;1;01;23;07;23;153,933020006084
4661749;1;5;3;1;1;1;1;1;3;3; ; ; ; ;350000;1;1;1;1;1;1;1;2;2;2;1;2;1;2;2;2;1;2;1;2;2;1;4;4;2; ;1;1;1;2;1;1;1;1;1;3;1;1;01;23;07;23;192,07459548116
4661750;1;4;2;1;1;1;1;1;3;1; ; ;60000000;400000; ;2;1;2;1;1;1;1;2;2;2;1;2;1;2;2;2;1;2;1;2;2;1;3;5;2; ;1;1;1;4;1;1;1;1;1;3;1;1;01;23;07;23;114,081476976032
4661751;1;4;3;1;1;1;1;1;3;1; ; ;30000000;350000; ;2;1;2;1;1;1;1;2;1;2;1;1;2;2;2;2;1;2;1;2;2;1;3;6;2; ;1;1;1;2;1;1;1;1;1;3;1;1;01;23;07;23;198,453525643037
4661752;1;3;2;1;1;1;1;1;3;4; ; ; ;400000; ;2;1;1;1;1;1;1;2;2;2;1;1;1;1;2;2;2;1;1;2;2;1;4;7;2; ;1;1;1;2;1;1;1;1;1;3;1;1;01;23;07;23;170,920627023886
4661753;1;4;2;1;1;1;1;1;3;1; ; ;55000000;500000; ;2;1;2;1;1;1;1;2;2;2;1;2;2;1;2;2;1;2;1;2;2;1;2;3;2; ;1;1;1;4;1;1;1;1;1;3;1;1;01;23;07;23;137,245253610981
4661754;1;4;3;1;1;1;1;1;3;1; ; ;43000000;500000; ;1;1;2;2;1;1;1;2;2;2;1;2;2;2;2;2;1;1;2;2;2;1;2;3;2; ;1;1;1;2;1;1;1;1;1;3;1;1;01;23;07;23;85,8243492869012
4661755;1;4;1;1;1;1;1;1;3;4; ; ; ;500000; ;2;1;2;1;1;1;1;2;2;2;1;2;1;2;2;2;1;2;1;2;2;2; ;2;2; ;1;1;1;4;1;1;1;1;1;3;1;1;01;23;07;23;177,096796641033
4661756;1;3;2;1;1;1;1;1;3;1; ; ;20000000;150000; ;2;1;2;2;1;1;2;2;2;2;1;2;2;2;2;2;1;1;2;2;2;1;2;3;2; ;1;1;1;2;1;1;1;1;1;3;1;1;01;23;07;23;105,223028982161
4661757;1;4;3;1;1;1;1;1;3;3; ; ; ; ;600000;2;2;2;2;2;2;2;2;2;2;2;2;2;2;2;2;1;2;1;2;2;1;3;3;2; ;1;2;1;4;1;2;1;1;1;3;1;1;01;23;07;23;165,128618717729
4661758;1;3;1;1;1;1;1;1;3;4; ; ; ;450000; ;2;1;1;1;1;1;1;2;2;2;1;2;2;1;2;1;1;1;1;1;2;1;2;2;2; ;1;2;1;4;1;2;1;1;1;3;1;1;01;23;07;23;177,096796641033
4661759;1;4;2;2;1;1;1;1;3;1; ; ;60000000;500000; ;2;1;1;1;1;1;1;1;2;2;1;2;1;2;2;2;1;2;1;2;2;1;3;3;2; ;1;1;1;4;1;1;1;2;1;3;1;1;01;23;07;23;184,585696061096
4661761;1;3;2;2;1;1;1;1;3;3; ; ; ; ;300000;2;1;2;1;1;1;1;2;2;2;1;2;2;2;2;2;1;1;2;2;2;1;1;8;2; ;1;1;1;2;1;1;1;2;1;3;1;1;01;23;07;23;167,43189715845
4661762;1;6;2;1;1;1;1;1;3;1; ; ;98;1500000; ;1;1;1;1;1;1;1;1;1;2;1;2;2;1;2;1;1;2;2;1;2;1;2;4;2; ;1;1;1;4;1;4;1;1;1;3;1;1;01;23;07;23;131,016586421809
4661763;1;3;1;2;1;1;1;1;3;4; ; ; ;400000; ;2;1;2;2;1;1;1;2;2;2;1;2;2;2;2;2;1;2;2;2;2;2; ;1;2; ;1;1;1;2;1;1;1;2;1;3;1;1;01;23;07;23;120,6799367709
4661765;1;3;2;2;1;1;1;1;3;3; ; ; ; ;350000;2;1;2;1;1;1;1;2;2;2;1;2;2;2;2;2;1;2;2;2;2;1;2;4;2; ;1;2;1;4;1;1;1;2;1;3;1;1;01;23;07;23;194,814532804896
4661766;1;3;2;2;1;1;1;1;3;3; ; ; ; ;400000;2;1;1;2;1;1;1;2;2;2;2;2;2;2;2;2;1;1;2;2;2;1;3;4;2; ;1;2;1;4;1;1;1;2;1;3;1;1;01;23;07;23;183,855566915035
4661767;1;4;2;2;1;1;1;1;3;1; ; ;80000000;500000; ;2;1;1;1;1;1;1;2;2;2;1;2;1;2;2;1;1;1;1;1;2;1;3;4;2; ;1;1;1;4;1;1;1;2;1;3;1;1;01;23;07;23;154,819782484504
4661768;1;3;2;2;1;1;1;1;3;1; ; ;40000000;400000; ;2;1;1;1;1;1;1;1;2;2;1;2;2;1;2;2;1;1;1;1;2;1;2;3;2; ;1;1;1;2;1;1;1;2;1;3;1;1;01;23;07;23;187,325633384833
4661769;1;4;3;1;1;1;1;1;3;3; ; ; ; ;825000;1;1;1;1;1;1;1;1;1;2;1;2;1;1;2;1;1;2;2;2;2;1;3;4;2; ;1;2;1;4;1;4;1;1;1;3;1;1;01;23;07;23;166,044405219728
4661770;1;4;2;1;1;1;1;1;3;4; ; ; ;1300000; ;1;1;1;1;1;1;1;2;1;2;1;2;2;1;2;2;1;2;2;2;2;1;3;3;2; ;1;2;1;4;1;4;1;1;1;3;1;1;01;23;07;23;175,214248171188
4661771;1;4;3;1;1;1;1;1;3;1; ; ;50000000;400000; ;2;1;1;1;1;2;1;2;2;2;1;2;1;2;2;2;1;2;1;2;2;1;2;4;2; ;1;1;1;4;1;1;1;1;1;3;1;1;01;23;07;23;154,819782484504
4661772;1;2;1;1;1;1;1;1;3;3; ; ; ; ;360000;2;1;2;2;1;1;1;2;2;2;1;2;2;1;2;2;1;2;1;2;2;1;1;2;2; ;1;2;1;3;1;2;1;1;1;3;1;1;01;23;07;23;168,163586511357
4661773;1;4;3;1;1;1;1;1;3;1; ; ;95000000;650000; ;2;1;1;1;1;1;1;1;2;2;1;2;2;1;2;2;1;2;1;2;2;1;1;3;2; ;1;1;1;4;1;2;1;1;1;3;1;1;01;23;07;23;155,303408756012
4661774;1;4;3;2;1;1;1;1;3;1; ; ;10000000;400000; ;2;1;2;2;1;1;1;2;2;2;1;2;2;2;2;2;1;1;1;2;2;1;4;8;2; ;1;1;1;4;1;1;1;2;1;3;1;1;01;23;07;23;190,255254812232
4661775;1;3;2;2;1;1;1;1;3;1; ; ;40000000;300000; ;2;1;1;1;1;1;1;2;2;2;1;2;2;2;2;2;1;2;2;2;2;1;3;3;2; ;1;2;1;2;1;1;1;2;1;3;1;1;01;23;07;23;126,28628772112
4661776;1;4;3;2;1;1;1;1;3;3; ; ; ; ;250000;2;1;2;1;1;1;1;2;2;2;1;1;1;2;2;2;1;1;1;2;2;1;3;4;2; ;1;1;1;4;1;1;1;2;1;3;1;1;01;23;07;23;163,304467895992
4661777;1;4;3;2;1;1;1;1;3;1; ; ;60000000;450000; ;2;1;1;1;1;1;1;2;2;2;1;2;2;2;2;2;1;2;2;2;2;1;2;5;2; ;1;2;1;4;1;1;1;2;1;3;1;1;01;23;07;23;154,089653338442
4661778;1;2;1;2;1;1;1;1;3;1; ; ;20000000;200000; ;2;1;2;2;1;1;1;2;2;2;1;2;2;2;2;2;1;1;2;2;2;1;1;5;2; ;1;1;1;2;1;1;1;2;1;3;1;1;01;23;07;23;105,920846058014
4661779;1;5;2;2;1;1;1;1;3;1; ; ;30000000;300000; ;2;1;2;2;1;1;1;1;2;2;1;2;2;2;2;2;1;1;2;2;2;1;2;2;1;2;1;1;1;2;1;1;1;2;1;3;1;1;01;23;07;23;107,105577452006
4661780;1;3;2;2;1;1;1;1;3;1; ; ;35000000;250000; ;2;2;2;2;1;1;1;2;2;2;1;2;2;2;2;2;1;2;1;2;2;1;2;2;2; ;1;1;1;2;1;1;1;2;1;3;1;1;01;23;07;23;107,105577452006
4661781;1;4;3;2;1;1;1;1;3;3; ; ; ; ;300000;2;1;2;1;1;1;1;2;2;2;1;2;2;2;2;2;1;1;1;2;2;1;2;7;2; ;1;1;1;2;1;1;1;2;1;3;1;1;01;23;07;23;165,220850542224
4661782;1;4;3;2;1;1;1;1;3;3; ; ; ; ;280000;2;1;2;1;1;1;1;2;2;2;1;2;2;2;2;2;1;2;1;2;2;1;3;4;2; ;1;1;1;2;1;1;1;2;1;3;1;1;01;23;07;23;153,933020006084
4661783;1;4;2;2;1;1;1;1;3;4; ; ; ;350000; ;2;1;2;2;1;2;1;2;2;2;1;2;2;2;2;2;1;2;2;2;2;1;3;4;2; ;1;1;1;2;1;1;1;2;1;3;1;1;01;23;07;23;146,600753918378
4661784;1;4;2;2;1;1;1;1;3;1; ; ;50000000;400000; ;2;1;2;2;1;1;1;1;2;2;1;2;2;2;2;2;1;2;2;2;2;1;1;3;2; ;1;1;1;2;1;1;1;2;1;3;1;1;01;23;07;23;186,45229694843
4661785;1;4;2;2;1;1;1;1;3;1; ; ;50000000;400000; ;2;1;2;1;1;1;1;2;2;2;1;2;2;2;2;2;1;1;2;2;2;1;2;4;2; ;1;1;1;4;1;1;1;2;1;3;1;1;01;23;07;23;119,778537644567
4661786;1;3;1;2;1;1;1;1;3;1; ; ;98;120000; ;2;2;2;2;1;1;1;2;2;2;1;2;2;2;2;2;1;2;2;2;2;1;1;1;2; ;1;1;1;2;1;1;1;2;1;3;1;1;01;23;07;23;120,6799367709
4661788;1;5;4;1;1;1;1;1;3;3; ; ; ; ;1300000;1;1;1;1;1;1;1;1;2;2;1;1;1;1;2;1;1;1;1;2;2;1;5;5;2; ;1;1;1;4;1;3;1;1;1;3;1;1;01;23;07;23;189,039627687532
4661789;1;3;2;2;1;1;1;1;3;1; ; ;25000000;200000; ;2;1;2;2;1;1;1;2;2;2;1;2;1;2;2;2;1;1;1;2;2;1;3;5;2; ;1;1;1;2;1;1;1;2;1;3;1;1;01;23;07;23;170,793367316056
4661790;1;3;2;2;1;1;1;1;3;1; ; ;40000000;300000; ;2;2;2;2;1;2;1;2;2;2;1;2;2;2;2;2;1;1;2;2;2;1;2;4;2; ;1;2;1;2;1;1;1;2;1;3;1;1;01;23;07;23;193,662113481113
4661791;1;3;2;1;1;1;1;1;3;1; ; ;90000000;600000; ;1;1;1;1;1;1;1;1;1;2;1;2;1;1;2;1;1;1;1;2;2;1;2;2;1;1;1;1;1;4;1;2;1;1;1;3;1;1;01;23;07;23;168,877768074907
4661792;1;3;1;2;1;1;1;3;3;3; ; ; ; ;200000;2;1;2;1;1;1;1;2;2;2;1;2;2;2;2;2;1;2;1;2;2;1;2;2;2; ;1;2;1;2;1;1;1;2;1;3;1;1;01;23;07;23;177,096796641033
4661793;1;3;2;1;1;1;1;1;3;1; ; ;400000000;1500000; ;1;1;1;1;1;1;1;1;2;2;1;2;1;1;2;1;1;1;2;1;1;1;1;3;2; ;1;1;1;4;1;4;1;1;1;3;1;1;01;23;07;23;128,197860214543
4661794;1;1;1;1;1;1;10;6; ;3; ; ; ; ;300000;2;1;2;2;2;2;2;2;2;2;1;2;2;2;2;2;1;2;2;2;2;1;1;1;2; ;1;2;1;2;1;3;2;1;1;3;1;1;01;23;07;23;159,52226776751
4661795;1;4;2;1;1;1;1;1;3;1; ; ;99;400000; ;2;1;2;1;1;1;1;2;2;2;1;2;2;2;2;2;1;2;2;2;2;2; ;2;2; ;1;1;1;4;1;1;1;1;1;3;1;1;01;23;07;23;168,877768074907
4661796;1;4;2;1;1;1;1;1;3;4; ; ; ;380000; ;2;1;2;1;1;1;1;2;2;2;1;2;2;2;2;2;1;1;2;2;2;1;1;3;2; ;1;2;1;2;1;1;1;1;1;3;1;1;01;23;07;23;185,73811538488
4661807;1;4;1;1;1;1;1;1;3;1; ; ;200000000;700000; ;1;1;2;1;1;1;1;1;1;2;1;2;2;2;2;1;1;2;2;2;2;1;2;2;2; ;1;1;1;4;1;3;1;1;1;3;1;1;01;23;07;23;107,105577452006
4662473;1;2;2;1;1;1;1;1;3;1; ; ;3300000;1100000; ;1;1;1;1;1;1;1;1;1;2;1;1;1;1;2;2;1;2;2;1;2;1;1;1;2; ;1;1;1;4;1;4;1;1;1;3;1;1;01;50;07;50;202,699339253275
4662473;2;1;1;1;1;1;1;1;1;3; ; ; ; ;270000;2;1;1;1;1;1;1;2;2;1;1;2;2;1;2;2;1;2;2;2;2;1;1;1;2; ;2;1;1;4;1;4;1;1;1;3;1;1;01;50;07;50;202,699339253275
4662474;1;4;3;1;1;1;1;1;3;1; ; ;98;500000; ;2;1;1;1;1;1;1;2;2;2;1;2;1;1;2;2;2;2;1;2;2;1;3;4;2; ;1;1;1;4;1;2;1;1;1;3;1;2;01;50;07;50;253,054362954384
4662475;1;2;2;1;1;1;1;1;3;3; ; ; ; ;350000;1;1;1;1;1;1;1;2;2;2;1;2;2;2;2;2;2;2;2;2;2;1;2;2;1;1;1;2;1;4;1;2;1;1;1;3;1;2;01;50;07;50;202,699339253275
4662476;1;3;2;1;1;1;1;1;3;1; ; ;98;700000; ;1;1;1;1;1;1;1;2;2;2;1;2;1;1;2;2;1;1;2;2;2;1;3;3;2; ;1;1;1;4;1;3;1;1;1;3;1;2;01;50;07;50;237,916415776358
4662477;1;4;3;1;1;1;1;1;4;1; ; ;80000000;400000; ;1;1;1;1;1;1;1;1;2;1;1;2;1;1;2;2;1;1;2;2;2;1;2;5;2; ;1;1;1;4;1;2;2;1;1;3;1;1;01;50;07;50;277,5413830196
4662478;1;5;4;1;1;1;1;1;3;3; ; ; ; ;870000;1;1;1;1;1;1;1;2;2;2;1;2;1;1;2;2;1;1;1;1;2;1;5;5;2; ;1;1;1;4;1;3;1;1;1;3;1;2;01;50;07;50;186,845220691865
4662479;1;5;3;1;1;1;1;1;3;1; ; ;180000000;850000; ;2;1;1;2;1;1;1;2;2;2;1;1;1;2;2;2;1;2;2;2;2;1;3;3;2; ;1;1;1;4;1;3;1;1;1;3;1;2;01;50;07;50;204,692070970728
4662480;1;4;3;1;1;1;1;1;3;3; ; ; ; ;550000;2;1;2;2;1;1;1;2;2;2;1;1;1;2;2;2;1;1;1;2;2;1;3;3;2; ;1;2;1;4;1;2;1;1;1;3;1;1;01;50;07;50;237,37923397557
4662481;1;4;3;1;1;1;1;1;3;1; ; ;98;500000; ;2;2;2;2;1;1;1;2;2;2;1;2;2;2;2;2;1;2;1;2;2;1;3;4;2; ;1;2;1;4;1;3;1;1;1;3;1;2;01;50;07;50;194,383388997497
4662482;1;3;1;1;1;1;1;1;3;2; ;900000;60000000;300000; ;2;2;2;2;1;2;1;2;2;2;1;2;2;2;2;2;2;2;1;2;2;1;2;2;2; ;1;1;1;4;1;2;1;1;1;3;1;1;01;50;07;50;235,386502258118
4662483;1;4;3;1;1;1;1;1;3;3; ; ; ; ;500000;2;2;2;1;1;1;1;2;2;2;1;1;2;2;2;2;2;1;2;2;2;1;3;5;2; ;1;2;1;4;1;2;1;1;1;3;1;1;01;50;07;50;218,870409062713
4662484;1;4;3;1;1;1;1;1;3;3; ; ; ; ;550000;2;2;2;1;1;1;1;2;2;2;1;1;1;1;2;2;2;2;1;2;2;1;2;3;2; ;1;1;1;4;1;2;1;1;1;3;1;1;01;50;07;50;239,696720440077
4662485;1;4;3;1;1;1;1;1;3;3; ; ; ; ;300000;2;2;2;2;1;1;1;2;2;2;1;1;2;1;2;2;2;1;1;2;2;1;4;4;2; ;1;2;1;4;1;3;1;1;1;3;1;2;01;50;07;50;216,87767734526
4662486;1;4;3;1;1;1;1;1;3;1; ; ;98;98; ;2;2;2;1;1;1;1;2;2;2;1;2;1;1;2;2;1;2;1;2;2;1;1;3;2; ;1;1;1;4;1;3;1;1;1;3;1;2;01;50;07;50;182,703139482571
4662487;1;4;3;1;1;1;1;1;3;3; ; ; ; ;350000;2;2;1;1;1;1;1;2;2;2;1;1;1;1;2;2;1;1;2;2;2;1;1;3;2; ;1;2;1;4;1;3;1;1;1;3;1;1;01;50;07;50;227,186359318491
4662488;1;4;3;1;1;1;3;1;3;1; ; ;40000000;350000; ;2;2;1;1;1;1;1;2;2;2;1;2;2;1;2;2;2;1;1;2;2;1;3;4;2; ;1;1;1;4;1;1;1;1;1;3;2; ;01;50;07;50;275,548651302147
4662489;1;4;3;1;1;1;1;1;3;1; ; ;140000000;750000; ;1;1;1;1;1;1;1;2;2;2;1;2;1;1;2;2;1;2;1;2;2;1;2;3;2; ;1;1;1;4;1;3;1;1;1;3;1;1;01;50;07;50;182,322575456172
4662490;1;4;3;1;1;1;1;1;4;1; ; ;120000000;700000; ;2;1;1;1;1;1;1;2;2;2;1;2;2;1;2;2;2;2;1;2;2;1;4;7;2; ;1;1;1;4;1;3;2;1;1;3;1;2;01;50;07;50;235,522851393593
4662491;1;3;2;1;1;1;1;1;3;1; ; ;40000000;400000; ;2;2;2;1;1;1;1;2;2;2;1;1;2;2;2;2;1;2;2;2;2;1;2;2;2; ;1;1;1;4;1;1;1;1;1;3;1;1;01;50;07;50;221,051546391744
4662492;1;4;3;1;1;1;1;1;3;3; ; ; ; ;800000;1;1;1;1;1;1;1;1;2;2;1;2;2;1;2;2;1;2;1;2;2;1;3;4;2; ;1;1;1;4;1;3;1;1;1;3;1;1;01;50;07;50;237,487372911428
4662493;1;5;4;1;1;1;1;1;3;3; ; ; ; ;550000;1;1;1;1;1;1;1;1;2;2;1;1;1;1;2;2;1;2;2;2;2;1;3;3;2; ;1;2;1;4;1;2;1;1;1;3;1;1;01;50;07;50;237,535851749959
4662494;1;4;3;1;1;1;1;1;3;4; ; ; ;500000; ;2;1;1;1;1;1;1;2;2;2;1;2;2;2;2;2;1;2;2;1;2;1;3;5;2; ;1;1;1;4;1;3;1;1;1;3;1;1;01;50;07;50;196,37612071495
4662495;1;4;2;1;1;1;1;1;3;1; ; ;350000000;1500000; ;1;1;1;1;1;1;1;1;1;1;1;1;1;1;2;1;1;1;1;1;2;1;2;2;2; ;1;1;1;4;1;6;1;1;1;3;1;1;01;50;07;50;235,386502258118
4662496;1;4;1;1;1;1;1;1;3;1; ; ;98;500000; ;2;1;1;1;1;1;1;2;2;2;1;2;1;1;2;2;1;2;1;2;2;1;2;2;2; ;1;1;1;4;1;2;1;1;1;3;1;2;01;50;07;50;212,735596135966
4662497;1;5;1;1;1;1;1;1;3;1; ; ;300000000;1500000; ;1;1;1;1;1;1;1;1;1;1;1;2;1;1;1;2;1;2;2;2;2;1;1;1;2; ;1;1;1;4;1;6;1;1;1;3;1;1;01;50;07;50;157,951362707108
4662498;1;2;1;1;1;1;1;1;3;1; ; ;98;400000; ;2;2;2;1;1;1;1;2;2;2;1;2;2;2;2;2;2;2;2;2;2;1;1;2;2; ;1;1;1;4;1;2;1;1;1;3;1;2;01;50;07;50;245,803323167207
4662499;1;4;3;1;1;1;1;1;3;3; ; ; ; ;450000;2;1;2;1;1;1;1;2;2;2;1;2;2;2;2;2;1;1;2;2;2;1;3;5;2; ;1;2;1;4;1;1;1;1;1;3;1;2;01;50;07;50;323,910943285803
4662500;1;4;3;1;1;1;1;1;3;3; ; ; ; ;700000;2;1;1;1;1;1;1;2;2;2;1;1;1;1;2;2;1;2;2;1;2;1;2;3;2; ;1;1;1;4;1;3;1;1;1;3;1;1;01;50;07;50;273,399301810306
4662501;1;3;2;1;1;1;1;1;3;3; ; ; ; ;640000;2;1;1;2;2;2;1;2;2;2;1;2;2;1;2;2;2;2;2;2;2;1;1;3;2; ;1;1;1;4;1;3;1;1;1;3;1;2;01;50;07;50;182,041164848576
4662518;1;3;2;1;1;1;1;1;4;3; ; ; ; ;220000;2;1;1;2;1;1;1;2;2;2;1;1;1;1;2;2;2;2;2;2;2;1;2;4;2; ;1;2;1;2;1;1;2;1;1;3;1;1;01;52;07;52;220,610791292561
4662519;1;4;3;1;1;1;1;1;4;3; ; ; ; ;400000;2;1;1;1;1;1;1;2;2;1;1;1;1;1;2;2;2;1;2;1;2;1;4;4;2; ;1;2;1;4;1;2;2;1;1;3;1;1;01;52;07;52;118,726588604357
4662521;1;2;2;1;1;1;1;1;4;3; ; ; ; ;180000;2;2;2;2;1;1;1;2;2;2;1;2;1;2;2;2;2;2;2;2;2;1;2;4;2; ;1;1;1;2;1;1;2;1;1;3;1;1;01;52;07;52;197,328043260489
4662522;1;4;3;1;1;1;1;1;4;3; ; ; ; ;500000;2;2;1;2;1;1;1;2;2;2;1;2;2;2;2;2;2;2;2;2;2;1;1;5;2; ;1;1;1;4;1;2;2;1;1;3;1;1;01;52;07;52;192,618767734272
4662523;1;7;5;1;1;1;1;1;4;3; ; ; ; ;420000;2;1;2;1;1;1;1;2;2;2;1;2;1;2;2;2;2;2;1;1;2;1;6;6;2; ;1;2;1;4;1;2;2;1;1;3;1;1;01;52;07;52;237,496005366051
4662524;1;3;2;1;1;1;1;1;3;4; ; ; ;300000; ;2;1;1;1;1;1;1;2;2;2;1;2;2;2;2;2;2;1;1;1;2;1;2;5;2; ;1;2;1;4;1;1;1;1;1;3;1;1;01;52;07;52;243,038642023714
4662525;1;5;2;1;1;1;1;1;4;3; ; ; ; ;400000;2;1;1;2;1;1;1;2;2;1;1;2;1;1;2;2;2;2;2;2;2;1;2;2;2; ;1;2;1;4;1;2;2;1;1;3;1;1;01;52;07;52;158,714413510926
4662526;1;7;6;1;1;1;1;1;4;3; ; ; ; ;300000;1;1;2;1;1;1;1;2;2;2;1;2;2;2;2;2;2;2;2;2;2;1;6;10;2; ;1;1;1;3;1;2;2;1;1;3;1;1;01;52;07;52;99,3511192087471
4662527;1;4;2;1;1;1;1;1;4;1; ; ;150000000;300000; ;1;1;2;2;1;1;1;2;2;2;1;2;1;2;2;2;2;2;2;2;2;1;2;2;2; ;1;2;1;4;1;2;2;1;1;3;1;1;01;52;07;52;175,85808536904
4662528;1;5;2;1;1;1;1;1;3;4; ; ; ;600000; ;2;2;2;2;1;2;1;2;2;1;1;1;2;2;2;2;2;2;2;2;2;1;2;2;2; ;1;2;1;4;1;2;1;1;1;3;1;1;01;52;07;52;229,521198416
4662529;1;5;1;1;1;1;1;6; ;1; ; ;300000000;800000; ;1;1;1;1;1;1;1;2;1;1;1;1;1;1;2;2;2;1;2;1;2;1;2;2;2; ;1;1;1;4;1;4;2;1;1;3;1;1;01;52;07;52;161,98140155631
4662530;1;3;2;1;1;1;1;1;4;1; ; ;50000000;400000; ;1;1;1;1;1;1;1;2;1;1;1;1;2;1;2;2;2;1;2;1;2;1;1;2;2; ;1;2;1;4;1;2;2;1;1;3;1;1;01;52;07;52;159,490712530084
4662531;1;4;2;1;1;1;1;1;3;3; ; ; ; ;180000;2;1;2;1;1;2;1;2;1;1;1;1;2;2;2;2;2;2;2;2;2;1;2;4;2; ;1;2;1;2;1;1;1;1;1;3;1;1;01;52;07;52;220,610791292561
4662532;1;4;3;1;1;1;1;1;3;1; ; ;100000000;300000; ;2;2;2;1;1;1;1;2;2;2;1;2;1;2;2;2;2;2;1;2;2;1;4;5;2; ;1;2;1;4;1;1;1;1;1;3;1;1;01;52;07;52;236,020271291814
4662533;1;7;5;1;1;1;1;1;4;3; ; ; ; ;300000;1;1;1;1;1;1;1;2;2;2;1;1;1;1;2;2;2;2;1;1;2;1;3;5;2; ;1;1;1;4;1;2;2;1;1;3;1;1;01;52;07;52;233,666707464272
4662534;1;4;3;1;1;1;1;1;3;1; ; ;100000000;200000; ;2;1;1;1;1;1;1;2;2;1;1;2;2;1;2;2;2;1;1;1;2;1;3;5;2; ;1;2;1;4;1;1;1;1;1;3;1;1;01;52;07;52;159,074410212782
4662535;1;3;2;1;1;1;1;1;4;3; ; ; ; ;98;1;2;2;2;2;1;1;2;2;2;1;2;1;1;2;2;2;1;2;2;2;1;2;4;2; ;1;2;1;2;1;1;2;1;1;3;1;1;01;52;07;52;292,193875216794
4662536;1;4;2;1;1;1;1;1;4;1; ; ;500000000;1500000; ;1;1;1;1;1;1;1;1;2;1;1;1;1;1;1;2;2;1;2;1;1;1;3;3;2; ;1;1;1;4;1;4;2;1;1;3;1;1;01;52;07;52;106,584096650489
4662537;1;3;3;1;1;1;1;1;4;3; ; ; ; ;350000;2;2;2;2;2;1;1;2;2;2;1;2;1;2;2;2;2;2;2;2;2;1;3;9;2; ;1;2;1;4;1;1;2;1;1;3;1;1;01;52;07;52;397,404476834988
4662538;1;2;1;1;1;1;1;1;3;4; ; ; ;300000; ;2;1;1;1;1;1;1;2;2;1;1;2;2;1;2;2;2;2;1;2;2;1;1;1;2; ;1;2;1;4;1;1;1;1;1;3;1;1;01;52;07;52;214,111718416747
4662539;1;4;2;1;1;1;1;1;4;3; ; ; ; ;500000;1;1;1;1;1;1;1;1;1;1;1;2;1;1;2;2;2;1;2;1;2;1;3;3;2; ;1;2;1;4;1;3;2;1;1;3;1;1;01;52;07;52;174,900192529337
4662540;1;5;2;1;1;1;1;1;4;1; ; ;98;500000; ;1;2;2;1;1;1;1;2;2;1;1;2;2;2;2;2;2;2;2;1;2;1;3;5;2; ;1;1;1;4;1;2;2;1;1;3;1;1;01;52;07;52;99,3511192087471
4662541;1;1;1;1;1;1;1;1;3;2; ;500000;98;400000; ;2;1;1;1;1;1;1;2;1;1;1;2;1;1;2;2;2;1;1;2;2;1;2;3;2; ;1;1;1;4;1;2;1;1;1;3;1;1;01;52;07;52;198,182940561409
4662542;1;3;2;1;1;1;1;1;3;1; ; ;98;400000; ;2;2;1;1;1;1;1;2;1;1;1;1;1;1;2;2;2;2;1;2;2;1;2;4;2; ;1;2;1;4;1;2;1;1;1;3;1;1;01;52;07;52;279,65794815075
4662543;1;4;2;1;1;1;1;1;3;1; ; ;500000000;800000; ;1;1;1;1;1;1;1;2;1;1;1;2;2;1;2;2;2;2;2;1;2;1;2;2;2; ;1;2;1;4;1;2;1;1;1;3;1;1;01;52;07;52;175,85808536904
4662544;1;1;1;1;1;1;1;1;4;3; ; ; ; ;210000;2;1;2;2;2;1;1;2;2;2;1;2;2;2;2;2;2;2;2;2;2;1;1;2;2; ;1;2;1;4;1;2;2;1;1;3;1;1;01;52;07;52;176,634384388198
4662545;1;4;3;1;1;1;1;1;4;1; ; ;70000000;150000; ;1;2;1;1;1;1;1;2;1;1;1;2;1;1;2;2;2;1;1;2;2;1;3;5;2; ;1;1;1;4;1;2;2;1;1;3;1;1;01;52;07;52;226,751332271155
4662546;1;4;3;1;1;1;1;1;3;2; ;250000;98;400000; ;1;1;1;1;1;1;1;2;2;2;1;2;2;2;2;2;2;2;2;2;2;1;2;4;2; ;1;1;1;4;1;2;1;1;1;3;1;1;01;52;07;52;121,993576649742
4662547;1;4;2;1;1;1;1;1;4;3; ; ; ; ;400000;2;1;2;1;1;1;1;2;2;1;1;1;1;2;2;2;2;2;1;1;2;1;2;3;2; ;1;2;1;4;1;2;2;1;1;3;1;1;01;52;07;52;263,472169132339
4662548;1;3;2;1;1;1;1;1;4;1; ; ;80000000;400000; ;1;1;1;1;1;1;1;2;2;1;1;2;1;1;2;2;2;2;1;2;2;1;2;3;2; ;1;1;1;2;1;2;2;1;1;3;1;1;01;52;07;52;249,595485319609
4662549;1;4;3;1;1;1;1;1;3;3; ; ; ; ;450000;1;1;1;1;1;1;1;2;2;1;1;1;1;1;1;2;2;2;2;1;2;1;2;5;2; ;1;2;1;4;1;2;1;1;1;3;1;1;01;52;07;52;384,415703772163
4662550;1;3;2;1;1;1;1;1;4;3; ; ; ; ;300000;1;1;1;1;1;1;1;2;2;2;1;2;1;2;2;2;2;1;2;2;2;1;2;4;2; ;1;2;1;4;1;2;2;1;1;3;1;1;01;52;07;52;297,423139848678
4662551;1;2;2;1;1;1;1;1;4;3; ; ; ; ;350000;2;1;2;1;1;1;1;2;2;2;1;2;2;1;2;2;2;2;2;2;2;1;2;5;2; ;1;2;1;4;1;2;2;1;1;3;1;1;01;52;07;52;182,254162706071
4662552;1;2;2;1;1;1;1;1;4;3; ; ; ; ;150000;2;2;2;2;1;1;1;2;2;2;1;2;2;2;2;2;2;2;2;2;2;1;1;6;2; ;1;2;1;2;1;1;2;1;1;3;1;1;01;52;07;52;348,572696664286
4662553;1;4;4;1;1;1;1;1;3;3; ; ; ; ;400000;2;1;1;1;1;1;1;2;2;2;1;1;2;1;2;2;2;2;2;2;2;1;5;5;2; ;1;2;1;4;1;1;1;1;1;3;1;1;01;52;07;52;135,688666641927
4662554;1;4;2;1;1;1;1;1;3;3; ; ; ; ;450000;2;2;1;2;1;1;1;2;2;1;1;2;2;1;2;2;2;2;1;2;2;1;2;2;2; ;1;2;1;4;1;1;1;1;1;3;1;1;01;52;07;52;237,315868167058
4662556;1;5;3;1;1;1;1;1;4;1; ; ;98;500000; ;1;1;1;1;1;1;1;2;2;1;1;2;2;1;2;2;2;2;2;1;1;1;3;3;2; ;1;1;1;4;1;4;2;1;1;3;1;1;01;52;07;52;161,023508716608
4662558;1;3;2;1;1;1;1;1;4;3; ; ; ; ;300000;1;1;2;2;1;1;1;2;1;2;1;1;1;1;2;2;2;1;2;2;2;1;3;4;2; ;1;2;1;4;1;1;2;1;1;3;1;1;01;52;07;52;203,570114973231
4662559;1;2;1;1;1;1;1;1;4;3; ; ; ; ;350000;1;1;2;2;1;1;1;2;2;1;1;2;1;2;2;2;2;1;2;2;2;1;1;2;2; ;1;1;1;4;1;2;2;1;1;3;1;1;01;52;07;52;161,98140155631
4662560;1;3;1;1;1;1;1;1;4;4; ; ; ;450000; ;2;1;1;1;1;1;1;2;2;1;1;1;1;1;2;2;2;2;2;2;2;1;1;1;2; ;1;2;1;4;1;3;2;1;1;3;1;1;01;52;07;52;214,111718416747
4662561;1;3;2;1;1;1;1;1;4;3; ; ; ; ;350000;2;2;2;1;2;1;1;2;2;2;1;2;1;2;2;2;2;2;2;2;2;1;4;4;2; ;1;2;1;2;1;1;2;1;1;3;1;1;01;52;07;52;368,229924753752
4662562;1;3;1;1;1;1;1;1;4;3; ; ; ; ;400000;2;2;2;1;1;1;1;1;2;1;1;2;1;2;2;2;2;2;2;2;2;1;1;1;2; ;1;2;1;4;1;2;2;1;1;3;1;1;01;52;07;52;143,304933511673
4662563;1;1;1;1;2;1;1;2;4;3; ; ; ; ;100000;2;2;2;2;2;1;1;2;2;2;1;2;2;2;2;2;2;2;2;2;2;1;1;4;2; ;1;4;1;2;1;1;2;1;1;3;1;1;01;52;07;52;326,999743234053
4662564;1;3;1;1;1;1;1;1;3;3; ; ; ; ;500000;2;1;2;1;1;1;1;1;1;1;1;1;1;2;2;2;2;2;2;2;2;1;1;1;2; ;1;2;1;4;1;1;1;1;1;3;1;1;01;52;07;52;143,304933511673
4662565;1;2;1;1;1;1;1;1;4;3; ; ; ; ;300000;2;1;2;1;1;1;1;2;2;2;1;2;2;2;2;2;2;2;1;2;2;1;2;4;2; ;1;2;1;4;1;2;2;1;1;3;1;1;01;52;07;52;302,940696182822
4662566;1;5;2;1;1;1;1;1;4;1; ; ;70000000;350000; ;2;1;1;2;1;1;1;2;1;1;1;2;1;1;2;2;2;1;2;2;2;1;1;2;2; ;1;1;1;4;1;2;2;1;1;3;1;1;01;52;07;52;175,85808536904
4662567;1;11;5;1;1;1;1;1;4;1; ; ;60000000;350000; ;1;1;2;1;1;1;1;2;2;2;1;2;1;2;2;2;2;1;1;2;2;1;5;5;2; ;1;2;1;2;1;1;2;1;1;3;1;2;01;52;07;52;198,860839447013
4662568;1;1;1;1;2;1;1;1;4;3; ; ; ; ;250000;2;2;1;2;1;2;1;2;2;2;2;2;2;2;2;2;2;2;2;2;2;1;1;1;2; ;1;4;1;4;1;3;2;1;1;6;1;1;01;52;07;52;221,130089148647
4662569;1;1;1;1;2;1;1;1;4;3; ; ; ; ;250000;2;2;1;2;1;1;1;2;2;2;1;2;2;2;2;2;2;2;2;2;2;1;1;1;2; ;1;4;1;4;1;3;2;1;1;6;1;1;01;52;07;52;221,130089148647
4662570;1;4;3;1;1;1;1;1;4;3; ; ; ; ;500000;2;1;1;1;1;1;1;2;2;2;1;2;2;2;2;2;2;2;2;2;2;1;3;3;2; ;1;2;1;4;1;2;2;1;1;3;1;1;01;52;07;52;192,043864387451
4662571;1;1;1;1;1;1;1;1;4;4; ; ; ;200000; ;2;2;2;2;1;1;1;2;2;2;1;2;1;2;2;2;2;2;2;2;2;1;1;3;2; ;1;1;1;4;1;3;2;1;1;6;1;1;01;52;07;52;263,472169132339
4662572;1;1;1;1;1;1;1;6; ;3; ; ; ; ;250000;2;2;1;2;1;2;2;2;2;1;1;2;2;2;2;2;2;2;2;2;2;1;1;1;2; ;1;4;1;4;1;5;2;1;1;3;1;1;01;52;07;52;143,304933511673
4662573;1;3;2;1;1;1;1;3;4;3; ; ; ; ;400000;2;1;2;1;1;1;1;1;2;1;1;1;1;1;2;2;2;1;1;2;2;1;2;3;2; ;1;2;1;4;1;2;2;1;1;3;1;1;01;52;07;52;263,472169132339
4662584;1;4;3;1;1;1;1;1;4;1; ; ;98;98; ;1;1;1;1;1;1;1;2;1;2;1;2;1;1;2;2;2;2;1;1;2;1;4;4;2; ;1;1;1;4;1;5;2;1;1;3;1;1;01;52;07;52;121,993576649742
4662586;1;5;2;1;1;1;1;1;4;1; ; ;400000000;1000000; ;1;1;1;2;1;1;1;2;1;1;1;2;2;1;2;2;2;2;2;1;1;1;2;2;2; ;1;1;1;4;1;5;2;1;1;3;1;1;01;52;07;52;105,051300463966
4662588;1;4;2;1;1;1;1;1;4;1; ; ;98;98; ;1;1;1;1;1;1;1;2;2;1;1;1;1;1;2;2;2;2;2;2;1;1;2;2;2; ;1;1;1;4;1;3;2;1;1;6;1;1;01;52;07;52;105,051300463966
4662589;1;3;2;1;1;1;1;1;3;1; ; ;98;250000; ;2;1;1;1;1;1;1;2;2;2;1;1;2;1;2;2;2;2;1;2;2;1;2;3;2; ;1;2;1;4;1;2;1;1;1;3;1;1;01;52;07;52;174,123893510178
4662591;1;1;1;1;2;1;1;6; ;3; ; ; ; ;250000;2;2;1;2;2;2;2;2;2;1;1;2;2;1;2;2;2;2;2;2;2;1;1;1;2; ;1;4;1;4;1;5;2;1;1;3;1;1;01;52;07;52;143,304933511673
4662595;1;7;2;1;1;1;1;1;4;1; ; ;500000000;1500000; ;1;1;1;1;1;1;1;1;1;1;1;1;1;1;1;2;2;1;2;1;2;1;3;3;2; ;1;1;1;5;1;4;2;1;1;3;1;1;01;52;07;52;177,390881555563
4662598;1;6;1;1;1;1;1;6; ;4; ; ; ;300000; ;2;2;2;2;2;2;2;2;2;2;1;2;2;2;2;2;2;2;2;2;2;2; ;1;2; ;1;1;1;4;1;3;2;1;1;6;1;1;01;52;07;52;143,304933511673
4662603;1;4;2;1;1;1;1;1;3;1; ; ;99;700000; ;1;1;1;2;1;1;1;2;2;2;1;2;2;1;2;2;1;1;2;1;2;1;3;3;2; ;1;1;1;4;1;2;1;1;1;3;1;2;01;54;07;54;378,879048162106
4662604;1;6;2;1;1;1;1;1;3;1; ; ;98;300000; ;2;2;2;1;1;1;1;2;2;2;1;2;2;2;2;2;1;2;2;2;2;1;2;2;2; ;1;1;1;4;1;2;1;1;1;3;1;2;01;54;07;54;349,356858033031
4662605;1;4;4;1;1;1;1;2;4;5; ; ; ;200000; ;2;2;2;2;2;2;1;2;2;2;1;2;2;2;2;2;1;2;2;2;2;1;4;6;2; ;1;1;1;2;1;1;2;1;1;3;1;2;01;54;07;54;418,09384451176
4662606;1;3;1;1;1;1;1;3;4;1; ; ;30000000;200000; ;2;1;2;2;1;1;1;2;2;2;1;1;2;2;2;2;1;2;1;2;2;1;1;5;2; ;1;1;8;1;1;1;2;1;1;3;1;2;01;54;07;54;315,112889954109
4662607;1;6;2;1;1;1;1;1;3;3; ; ; ; ;400000;2;1;2;1;1;1;1;2;2;2;1;2;2;2;2;2;1;2;2;2;2;1;3;3;2; ;1;1;1;4;1;2;1;1;1;3;1;2;01;54;07;54;317,74945692049
4662608;1;1;1;1;1;1;1;1;4;5; ; ; ;300000; ;2;1;1;1;1;2;1;2;2;2;1;2;1;1;2;2;1;2;2;2;2;1;2;4;2; ;1;1;1;2;1;1;2;1;1;3;1;2;01;54;07;54;427,942755420466
4662609;1;4;3;1;1;1;1;1;3;3; ; ; ; ;400000;2;2;2;1;1;1;1;2;2;2;1;1;1;2;2;2;1;1;1;2;2;1;3;3;2; ;1;1;1;4;1;2;1;1;1;3;1;2;01;54;07;54;341,175006409493
4662610;1;3;1;1;1;1;1;6; ;5; ; ; ;250000; ;2;2;2;2;2;2;2;2;2;2;1;2;2;2;2;2;1;2;2;2;2;2; ;1;2; ;1;1;1;4;1;2;2;1;1;3;1;2;01;54;07;54;384,986884542497
4662611;1;3;2;1;1;1;1;1;3;3; ; ; ; ;200000;2;1;2;1;1;1;1;2;2;2;1;1;1;2;2;2;1;2;2;2;2;1;2;4;2; ;1;2;1;4;1;1;1;1;1;3;1;2;01;54;07;54;559,412329178197
4662614;1;3;2;1;1;1;1;1;3;1; ; ;40000000;300000; ;2;1;1;1;1;1;1;1;2;2;1;2;2;1;2;2;1;2;1;2;2;1;2;5;2; ;1;1;1;2;1;2;1;1;1;3;1;2;01;54;07;54;443,849688531985
4662615;1;1;1;1;1;1;1;2;4;3; ; ; ; ;170000;2;1;2;2;1;1;1;2;2;2;1;1;1;2;2;2;1;2;1;2;2;1;1;1;2; ;1;2;1;4;1;1;2;1;1;3;1;2;01;54;07;54;413,600199909075
4662616;1;3;2;1;1;1;1;1;4;3; ; ; ; ;200000;2;2;2;1;1;1;1;2;2;2;1;2;2;1;2;2;1;2;1;2;2;1;3;3;2; ;1;1;1;2;1;1;1;1;1;3;1;2;01;54;07;54;486,761186450688
4662617;1;3;2;1;1;1;1;1;3;5; ; ; ;180000; ;2;1;1;2;1;1;1;2;2;2;1;2;1;1;2;2;1;2;2;2;2;1;2;4;2; ;1;1;5;4;1;1;1;1;1;3;1;2;01;54;07;54;419,013915014577
4662618;1;4;3;1;1;1;1;1;3;3; ; ; ; ;450000;2;2;2;1;1;1;1;2;2;2;1;1;1;1;2;2;1;2;1;2;2;1;2;4;2; ;1;2;1;4;1;2;1;1;1;3;1;2;01;54;07;54;419,013915014577
4662619;1;5;3;1;1;1;1;1;3;1; ; ;100000000;400000; ;1;1;1;1;1;1;1;2;1;2;1;2;2;1;2;1;1;1;2;1;2;1;3;4;2; ;1;2;1;4;1;2;1;1;1;3;1;1;01;54;07;54;388,047927267795
4662620;1;2;1;1;1;1;1;1;4;5; ; ; ;300000; ;2;2;2;1;1;1;1;2;2;2;1;2;1;2;2;2;1;2;1;2;2;1;2;3;2; ;1;1;1;4;1;2;2;1;1;3;1;2;01;54;07;54;346,362772287068
4662621;1;3;2;1;1;1;1;1;3;5; ; ; ;300000; ;2;1;1;1;1;2;1;1;2;2;1;2;2;2;2;2;1;1;2;2;2;1;2;4;2; ;1;1;1;2;1;2;1;1;1;3;1;2;01;54;07;54;375,884962416143
4662622;1;5;3;1;1;1;1;1;3;3; ; ; ; ;1550000;1;1;1;1;1;1;1;1;1;2;1;1;1;1;2;1;1;2;2;2;2;1;4;4;2; ;1;2;1;4;1;5;1;1;1;3;1;2;01;54;07;54;375,884962416143
4662623;1;3;1;1;1;1;1;1;4;3; ; ; ; ;350000;2;1;2;1;1;1;1;2;2;2;1;1;1;2;2;2;1;2;2;2;2;1;2;4;2; ;1;2;1;4;1;2;2;1;1;3;1;2;01;54;07;54;268,002824127561
4662625;1;3;2;1;1;1;1;1;3;3; ; ; ; ;300000;2;2;2;1;1;1;1;2;2;2;1;2;1;2;2;2;1;1;2;2;2;1;2;4;2; ;1;1;1;2;1;2;1;1;1;3;1;2;01;54;07;54;404,897308731114
4662626;1;2;1;1;1;1;10;3;3;1; ; ;145000000;600000; ;2;1;1;1;1;1;1;2;1;2;1;1;1;1;2;1;1;2;2;1;2;1;1;1;2; ;1;2;1;4;1;5;1;1;1;3;1;2;01;54;07;54;413,600199909075
4662629;1;5;4;1;1;1;1;1;3;5; ; ; ;350000; ;2;1;1;1;1;1;1;2;2;2;1;2;1;1;2;2;1;2;1;2;2;1;3;8;2; ;1;1;1;4;1;2;1;1;1;3;1;2;01;54;07;54;331,314899760469
4662630;1;3;2;1;1;1;1;1;3;5; ; ; ;200000; ;2;2;2;2;1;1;1;2;2;2;1;2;2;2;2;2;1;2;1;2;2;1;2;4;2; ;1;2;1;4;1;1;1;1;1;3;1;2;01;54;07;54;419,013915014577
4662631;1;2;2;1;1;1;10;1;3;5; ; ; ;300000; ;2;2;2;1;1;2;1;2;2;2;1;2;2;2;2;2;1;2;2;2;2;1;3;10;2; ;1;2;1;2;1;1;1;1;1;3;1;2;01;54;07;54;303,465350208581
4662632;1;3;2;1;1;1;1;1;3;5; ; ; ;200000; ;2;2;2;2;1;2;1;2;2;2;1;2;1;2;2;2;1;1;2;2;2;1;1;2;2; ;1;1;1;2;1;1;1;1;1;3;1;2;01;54;07;54;349,356858033031
4662633;1;4;2;1;1;1;10;1;3;1; ; ;350000000;1500000; ;1;1;1;1;1;1;1;1;1;1;1;1;1;1;1;1;1;1;2;1;2;1;2;3;2; ;1;2;1;4;1;5;1;1;1;3;1;2;01;54;07;54;358,52573713872
4662634;1;4;2;1;1;1;1;1;3;3; ; ; ; ;98;2;1;2;1;1;1;1;2;2;2;1;2;2;2;2;2;1;1;1;2;2;1;2;4;2; ;1;1;1;4;1;1;1;1;1;3;1;2;01;54;07;54;317,707944751679
4662635;1;3;2;1;1;1;1;1;3;5; ; ; ;250000; ;2;2;2;2;1;1;1;2;2;2;1;2;2;2;2;2;1;1;2;2;2;1;1;6;2; ;1;1;1;4;1;1;1;1;1;3;1;2;01;54;07;54;328,731040703218
4662636;1;4;3;1;1;1;1;1;3;5; ; ; ;400000; ;1;2;2;1;1;1;1;1;2;2;1;1;1;2;2;2;1;2;2;2;2;1;3;5;2; ;1;1;1;4;1;1;1;1;1;3;1;2;01;54;07;54;328,992351269325
4662637;1;3;3;1;1;1;1;1;4;5; ; ; ;200000; ;2;1;2;2;1;1;1;2;2;2;1;2;1;2;2;2;1;2;2;2;2;1;2;3;2; ;1;1;1;4;1;1;2;1;1;3;1;2;01;54;07;54;342,340146890143
4662638;1;2;1;1;1;1;1;1;4;4; ; ; ;180000; ;2;2;2;2;1;1;1;2;2;2;1;2;2;2;2;2;1;2;1;2;2;1;1;4;2; ;1;1;1;4;1;1;2;1;1;3;1;2;01;54;07;54;192,756626602482
4662639;1;2;1;1;1;1;1;4;3;1; ; ;10000000;200000; ;2;2;2;2;2;2;1;2;2;2;1;2;2;2;2;2;1;2;2;2;2;1;3;4;2; ;1;1;1;2;1;1;1;1;1;3;1;2;01;54;07;54;484,154935912799
4662639;2;2;1;1;1;1;1;1;4;4; ; ; ;200000; ;2;1;2;1;1;1;1;2;2;2;1;2;2;2;2;2;1;2;2;2;2;1;2;3;2; ;2;1;1;2;1;1;1;1;1;3;1;2;01;54;07;54;484,154935912799
4662640;1;4;2;1;1;1;1;1;4;3; ; ; ; ;300000;2;1;1;1;1;1;1;2;2;2;1;1;2;1;2;2;2;2;1;2;2;2; ;6;2; ;1;1;1;4;1;1;2;1;1;3;1;2;01;54;07;54;456,03503123262
4662641;1;3;2;1;1;1;1;1;3;5; ; ; ;250000; ;2;1;1;1;1;1;1;2;2;2;1;2;2;2;2;2;1;2;2;2;2;1;3;4;2; ;1;1;1;4;1;1;1;1;1;3;1;2;01;54;07;54;402,164533551258
4662642;1;3;2;1;1;1;1;1;4;1; ; ;15000000;200000; ;2;2;2;1;1;1;1;1;2;2;1;1;2;1;2;2;1;2;2;2;2;1;2;4;2; ;1;1;1;2;1;1;2;1;1;3;1;2;01;54;07;54;388,047927267795
4662643;1;4;3;1;1;1;1;1;4;4; ; ; ;400000; ;1;2;2;2;1;1;1;2;2;2;1;2;2;2;2;2;1;2;2;2;2;2; ;3;2; ;1;1;1;4;1;2;2;1;1;3;1;2;01;54;07;54;238,480633998486
4662644;1;3;2;1;1;1;1;1;4;1; ; ;28000000;250000; ;2;1;1;1;1;1;1;2;2;2;1;2;1;2;2;2;1;2;1;1;2;1;3;3;2; ;1;2;1;4;1;2;2;1;1;3;1;2;01;54;07;54;189,445121951213
4662645;1;3;2;1;1;1;1;1;4;3; ; ; ; ;380000;2;2;1;1;1;1;1;2;2;2;1;2;2;2;2;2;1;2;1;2;2;1;3;6;2; ;1;2;1;4;1;3;2;1;1;3;1;2;01;54;07;54;218,353272203027
4662646;1;1;1;1;1;1;1;1;4;4; ; ; ;200000; ;2;2;2;2;1;1;1;2;2;2;1;2;2;2;2;2;1;2;2;2;2;2; ;2;2; ;1;2;1;4;1;3;2;1;1;3;1;2;01;54;07;54;349,356858033031
4662647;1;3;2;1;1;1;1;1;4;3; ; ; ; ;380000;1;2;1;1;1;1;1;2;2;2;1;2;1;2;2;2;2;2;2;2;2;1;3;3;2; ;1;2;1;4;1;3;2;1;1;3;1;2;01;54;07;54;327,05840012603
4662648;1;5;2;1;1;1;1;1;4;4; ; ; ;500000; ;1;1;1;1;1;1;1;2;2;2;1;2;1;1;2;2;1;2;2;2;2;1;2;4;2; ;1;2;1;4;1;3;2;1;1;3;1;2;01;54;07;54;268,002824127561
4662649;1;3;2;1;1;1;1;1;4;3; ; ; ; ;300000;1;1;1;1;1;1;1;2;2;2;1;2;2;2;2;2;1;1;2;2;2;1;2;4;2; ;1;1;1;4;1;3;2;1;1;3;1;2;01;54;07;54;419,013915014577
4662650;1;4;3;1;1;1;1;1;3;5; ; ; ;300000; ;1;1;1;1;1;2;1;1;2;2;1;2;1;2;2;2;1;2;2;1;2;1;3;5;2; ;1;1;1;4;1;2;1;1;1;3;1;2;01;54;07;54;405,407152545218
4662651;1;4;2;1;1;1;1;1;3;3; ; ; ; ;400000;2;2;2;1;1;1;1;1;2;2;1;1;2;2;2;2;1;2;1;2;2;1;2;4;2; ;1;1;1;4;1;3;1;1;1;3;1;2;01;54;07;54;291,428373616564
4662653;1;4;3;1;1;1;1;1;3;1; ; ;120000000;500000; ;1;1;1;2;1;1;1;2;2;2;1;2;2;2;2;2;1;1;2;1;2;1;3;5;2; ;1;1;1;4;1;3;1;1;1;3;1;2;01;54;07;54;474,57853131052
4662654;1;2;1;1;1;1;1;1;3;3; ; ; ; ;250000;1;2;1;1;1;1;1;2;2;2;2;2;2;2;2;2;1;2;2;2;2;1;1;5;2; ;1;1;1;4;1;3;1;1;1;3;1;2;01;54;07;54;457,227800581294
4662655;1;3;2;1;1;1;1;1;3;3; ; ; ; ;300000;2;2;2;1;1;1;1;2;2;2;1;2;1;2;2;2;2;2;1;2;2;1;2;4;2; ;1;1;1;4;1;3;1;1;1;3;1;2;01;54;07;54;388,047927267795
4662656;1;2;1;1;2;1;1;1;3;1; ; ;98;200000; ;1;1;1;2;1;2;1;2;2;2;1;2;2;2;2;2;1;2;2;2;2;1;2;3;2; ;1;1;1;4;1;2;1;1;1;3;1;2;01;54;07;54;189,445121951213
4662656;2;1;1;1;2;1;1;1;3;4; ; ; ;200000; ;2;2;2;2;2;2;2;2;2;2;2;2;2;2;2;2;1;2;2;2;2;2; ;2;2; ;2;1;1;4;1;2;1;1;1;3;1;2;01;54;07;54;189,445121951213
4662656;3;1;1;1;2;1;1;1;3;4; ; ; ;200000; ;2;2;2;2;2;2;2;2;2;2;2;2;2;2;2;2;1;2;2;2;2;1;1;2;2; ;3;1;1;4;1;2;1;1;1;3;1;2;01;54;07;54;189,445121951213
4662657;1;1;1;1;2;1;1;1;3;3; ; ; ; ;120000;2;2;2;2;2;2;2;2;2;2;1;2;2;2;2;2;1;2;2;2;2;1;1;4;2; ;1;3;1;2;1;2;1;1;1;3;1;2;01;54;07;54;452,26868512377
4662658;1;3;1;1;1;1;1;1;3;3; ; ; ; ;350000;2;1;2;2;2;2;1;2;2;2;1;2;2;2;2;2;2;2;2;2;2;2; ;1;2; ;1;1;1;4;1;3;1;1;1;3;1;2;01;54;07;54;384,986884542497
4662660;1;3;2;1;1;1;1;1;3;4; ; ; ;300000; ;2;2;2;2;1;1;1;2;2;2;1;2;2;2;2;2;1;2;2;2;2;1;1;2;2; ;1;1;1;4;1;2;1;1;1;2;1;2;01;54;07;54;307,630190883493
4662661;1;1;1;1;2;1;1;2;4;3; ; ; ; ;100000;2;2;2;2;2;2;1;2;2;2;2;2;2;2;2;2;1;2;2;2;2;1;1;6;2; ;1;4;3;4;1;2;2;1;1;2;1;2;01;54;07;54;526,375013748735
4662662;1;4;3;1;1;1;1;1;3;3; ; ; ; ;500000;2;2;2;2;1;1;1;2;2;2;1;1;1;2;2;2;1;2;2;2;2;1;5;5;2; ;1;1;1;4;1;3;1;1;1;3;1;2;01;54;07;54;345,442701784251
4662663;1;4;3;1;1;1;1;1;3;3; ; ; ; ;300000;2;2;2;1;1;2;1;1;2;2;1;2;1;2;2;2;1;1;1;2;2;1;2;4;2; ;1;1;1;4;1;2;1;1;1;3;1;2;01;54;07;54;431,176879866229
4662664;1;3;2;1;1;1;1;1;3;1; ; ;70000000;400000; ;2;1;2;2;1;1;1;1;2;2;1;1;1;2;2;2;1;2;1;2;2;1;2;2;2; ;1;1;1;4;1;2;1;1;1;2;1;2;01;54;07;54;311,652816280418
4662665;1;3;1;1;1;1;1;1;3;1; ; ;8000000;400000; ;1;2;1;1;1;1;1;1;2;2;1;1;1;2;2;1;1;2;2;2;2;1;1;1;2; ;1;1;1;4;1;3;1;1;1;3;1;2;01;54;07;54;343,260217392959
4662666;1;5;3;1;1;1;1;1;3;1; ; ;120000000;500000; ;1;1;1;1;1;1;1;2;2;2;1;2;2;1;2;2;1;1;2;2;2;1;4;6;2; ;1;1;1;4;1;3;1;1;1;3;1;2;01;54;07;54;454,632745783724
4662667;1;4;3;1;1;1;1;1;3;1; ; ;98;98; ;2;2;2;1;1;1;1;2;2;2;1;2;2;2;2;2;1;2;1;2;2;1;4;4;2; ;1;2;1;4;1;3;1;1;1;3;1;2;01;54;07;54;375,884962416143
4662668;1;4;2;1;1;1;1;1;3;1; ; ;380000000;1500000; ;1;1;1;1;1;1;1;1;1;1;1;1;1;1;2;1;1;2;2;1;2;1;2;3;2; ;1;2;1;4;1;5;1;1;1;3;1;2;01;54;07;54;375,375118602039
4662669;1;2;1;1;1;1;1;6; ;3; ; ; ; ;180000;2;2;2;2;2;2;2;2;2;2;1;2;2;2;2;2;1;2;1;2;2;1;1;1;2; ;1;2;1;4;1;3;1;1;1;3;1;2;01;54;07;54;413,600199909075
4662674;1;4;1;1;1;1;1;1;3;4; ; ; ;500000; ;1;1;1;1;1;1;1;2;1;2;1;2;1;1;2;2;1;2;2;2;2;1;1;1;2; ;1;1;1;4;1;3;1;1;1;3;1;2;01;54;07;54;384,986884542497
4662675;1;4;1;1;1;1;1;1;3;1; ; ;98;500000; ;1;1;1;1;1;1;1;2;2;2;1;2;2;1;2;2;1;1;2;2;2;1;2;2;2; ;1;1;1;4;1;3;1;1;1;3;1;2;01;54;07;54;349,356858033031
4662676;1;4;4;1;1;1;1;1;3;1; ; ;98;400000; ;1;1;1;1;1;1;1;2;2;2;1;2;2;1;2;2;1;2;1;2;2;1;3;6;2; ;1;1;1;2;1;3;1;1;1;3;1;2;01;54;07;54;553,304492797806
4662677;1;3;2;1;1;1;1;1;3;1; ; ;98;98; ;1;1;1;1;1;1;1;2;2;2;1;2;2;2;2;2;1;2;2;1;2;1;2;3;2; ;1;1;1;4;1;2;1;1;1;3;1;2;01;54;07;54;375,375118602039
4662678;1;4;2;1;1;1;1;1;3;4; ; ; ;500000; ;1;1;1;1;1;1;1;2;2;2;1;1;1;1;2;2;1;1;1;2;2;1;3;3;2; ;1;1;1;4;1;3;1;1;1;3;1;2;01;54;07;54;346,362772287068
4662679;1;5;4;1;1;1;1;1;3;1; ; ;100000000;400000; ;2;2;2;1;1;1;1;2;2;2;1;2;2;2;2;2;1;2;2;1;2;1;4;6;2; ;1;1;1;4;1;3;1;1;1;3;1;2;01;54;07;54;380,1526577909
4662680;1;4;3;1;1;1;1;1;4;3; ; ; ; ;500000;2;2;2;1;1;1;1;2;2;2;1;2;2;2;2;2;1;2;2;2;2;1;3;4;2; ;1;2;1;4;1;3;2;1;1;3;1;2;01;54;07;54;388,047927267795
4662681;1;4;2;1;1;1;1;1;3;1; ; ;98;600000; ;2;2;2;1;1;1;1;2;2;2;1;1;1;1;2;1;1;1;1;2;2;1;2;5;2; ;1;2;1;4;1;3;1;1;1;3;1;2;01;54;07;54;474,815676278767
4662683;1;4;3;1;1;1;1;1;3;1; ; ;99;99; ;1;1;1;2;1;1;1;2;2;2;1;2;2;1;2;2;1;2;1;2;2;1;4;4;2; ;1;2;1;4;1;1;1;1;1;3;1;2;01;54;07;54;333,155040766102
4662684;1;4;3;1;1;1;1;1;3;1; ; ;98;250000; ;1;2;2;1;1;1;1;2;2;2;1;2;2;2;2;2;1;2;2;2;2;1;3;5;2; ;1;1;1;2;1;1;1;1;1;3;1;2;01;54;07;54;311,641620540099
4662685;1;3;2;1;1;1;1;1;3;2; ;260000;98;400000; ;1;1;1;1;1;1;1;2;2;2;1;1;1;1;2;2;1;1;2;1;2;1;5;5;2; ;1;1;1;4;1;2;1;1;1;3;1;2;01;54;07;54;419,523758828681
4662686;1;4;3;1;1;1;1;1;3;5; ; ; ;300000; ;2;2;2;2;1;1;1;2;2;2;1;1;2;2;2;2;1;1;1;2;2;1;3;5;2; ;1;2;1;4;1;2;1;1;1;3;1;2;01;54;07;54;465,886835872878
4662687;1;2;2;1;1;1;1;1;3;1; ; ;98;200000; ;2;2;2;1;1;2;1;2;2;2;1;2;2;2;2;2;1;2;2;2;2;1;2;2;2; ;1;1;1;2;1;2;1;1;1;3;1;2;01;54;07;54;419,696840549146
4662688;1;4;3;1;1;1;1;1;3;4; ; ; ;400000; ;2;1;2;1;1;1;1;2;2;2;1;2;2;2;2;2;1;2;2;2;2;1;3;6;2; ;1;2;1;4;1;2;1;1;1;3;1;2;01;54;07;54;189,445121951213
4662689;1;4;3;1;1;1;1;3;3;4; ; ; ;300000; ;2;1;2;1;1;1;1;2;2;2;1;2;2;2;2;2;1;1;2;2;2;1;1;4;2; ;1;1;1;2;1;2;1;1;1;3;1;2;01;54;07;54;359,434611901217
4662690;1;3;3;1;2;1;1;1;3;1; ; ;35000000;98; ;1;1;1;1;1;1;1;2;2;2;1;2;2;2;2;2;1;2;2;2;2;1;4;5;2; ;1;1;1;4;1;2;1;1;1;3;1;2;01;54;07;54;228,868868058027
4662691;1;2;1;1;1;1;1;1;4;3; ; ; ; ;220000;2;2;2;2;2;2;1;2;2;2;2;2;2;2;2;2;1;2;2;2;2;1;1;5;2; ;1;1;1;4;1;2;1;1;1;3;1;2;01;54;07;54;261,267663853283
4662693;1;3;1;1;1;1;1;1;4;4; ; ; ;400000; ;2;2;2;2;1;1;1;2;2;2;1;2;2;2;2;2;1;2;2;2;2;1;1;3;2; ;1;2;1;4;1;2;2;1;1;3;1;2;01;54;07;54;396,46692385958
4662696;1;4;3;1;1;1;1;1;3;1; ; ;140000000;700000; ;2;1;1;1;1;1;1;1;1;2;1;2;1;1;2;1;1;1;1;2;2;1;3;4;2; ;1;1;1;4;1;3;1;1;1;3;1;2;01;54;07;54;396,976767673684
4662761;1;4;3;1;1;1;1;1;3;3; ; ; ; ;580000;1;1;1;1;1;1;1;2;1;1;1;1;1;1;2;2;2;2;2;1;2;1;3;3;2; ;1;2;1;4;1;4;1;1;1;2;1;1;01;66;07;66;253,717660059731
4662764;1;4;2;1;1;1;1;1;3;1; ; ;140000000;600000; ;1;1;1;1;1;1;1;1;1;2;1;1;1;2;2;2;2;2;2;2;2;1;2;2;2; ;1;2;1;4;1;2;1;1;1;2;1;1;01;66;07;66;241,251194501447
4662766;1;1;1;1;1;1;1;2;4;4; ; ; ;500000; ;1;1;2;2;1;1;1;2;2;2;1;2;2;2;2;2;2;2;2;2;2;1;1;1;2; ;1;2;1;4;1;2;2;1;1;2;1;1;01;66;07;66;311,276002746899
4662767;1;3;1;1;1;1;1;1;3;3; ; ; ; ;300000;2;1;2;2;1;1;1;2;2;2;1;2;2;2;2;2;2;2;1;2;2;1;1;1;2; ;1;2;1;4;1;2;1;1;1;2;1;1;01;66;07;66;291,874574697251
4662768;1;4;3;1;1;1;1;1;3;1; ; ;500000000;300000; ;2;1;1;1;1;1;1;2;2;2;1;2;1;1;2;2;1;1;1;2;2;1;2;5;2; ;1;1;1;2;1;3;1;1;1;2;1;1;01;66;07;66;231,174930912717
4662769;1;5;3;1;1;1;1;1;3;1; ; ;55000000;400000; ;2;1;1;1;1;1;1;1;2;2;1;2;1;1;2;2;1;1;1;2;2;1;4;5;2; ;1;1;1;4;1;3;1;1;1;2;1;1;01;66;07;66;146,960706812372
4662770;1;6;2;1;1;1;1;1;3;1; ; ;60000000;500000; ;2;1;1;1;1;1;1;1;2;2;1;1;1;1;2;2;1;1;2;2;2;1;2;2;2; ;1;1;1;4;1;3;1;1;1;2;1;1;01;66;07;66;241,251194501447
4662771;1;4;3;1;1;1;1;1;3;3; ; ; ; ;680000;1;1;1;1;1;1;1;2;2;1;1;1;2;1;2;2;2;1;2;2;2;1;3;3;2; ;1;2;1;4;1;3;1;1;1;2;1;1;01;66;07;66;253,717660059731
4662772;1;5;1;1;1;1;1;1;3;1; ; ;170000000;650000; ;2;1;1;1;1;1;1;1;2;1;1;2;1;2;2;2;1;2;2;2;2;1;2;2;2; ;1;2;1;4;1;4;1;1;1;2;1;1;01;66;07;66;168,60517955146
4662773;1;6;3;1;1;1;1;1;3;1; ; ;70000000;350000; ;1;1;1;1;1;1;1;2;1;2;1;1;1;1;2;2;1;1;1;2;2;1;3;4;2; ;1;1;1;4;1;3;1;1;1;2;1;1;01;66;07;66;237,15751664646
4662774;1;4;3;1;1;1;1;1;3;3; ; ; ; ;700000;1;1;1;1;1;1;1;2;2;2;1;2;1;1;2;2;1;2;1;1;2;1;3;3;2; ;1;2;1;4;1;4;1;1;1;2;1;1;01;66;07;66;200,693151091236
4662775;1;5;3;1;1;1;1;1;3;1; ; ;100000000;600000; ;1;1;1;1;1;1;1;1;1;1;1;1;1;1;1;2;1;1;2;1;2;1;4;4;2; ;1;2;1;4;1;4;1;1;1;2;1;1;01;66;07;66;183,912929746122
4662776;1;4;3;1;1;1;1;1;3;3; ; ; ; ;550000;1;1;1;1;1;1;1;2;2;1;1;2;2;1;2;2;2;1;2;2;2;1;3;3;2; ;1;2;1;4;1;4;1;1;1;2;1;1;01;66;07;66;329,127693849175
4662777;1;3;2;1;1;1;1;1;3;1; ; ;110000000;1000000; ;1;1;1;1;1;1;1;2;1;1;1;1;1;1;2;2;2;2;2;1;2;1;2;2;2; ;1;2;1;4;1;6;1;1;1;2;1;1;01;66;07;66;255,984576919068
4662780;1;3;1;1;1;1;1;1;3;4; ; ; ;500000; ;1;1;1;1;1;1;1;2;2;2;1;2;2;2;2;2;2;2;2;2;2;1;1;1;2; ;1;2;1;4;1;4;1;1;1;2;1;1;01;66;07;66;238,629987796913
4662781;1;3;2;1;1;1;1;1;3;3; ; ; ; ;200000;2;1;2;2;1;1;1;1;2;2;1;1;1;2;2;2;2;2;2;2;2;1;4;4;2; ;1;1;1;4;1;1;1;1;1;2;1;1;01;66;07;66;267,505084554586
4662782;1;6;3;1;1;1;1;1;3;3; ; ; ; ;600000;1;1;1;1;1;1;1;2;2;1;1;1;1;1;2;2;2;1;1;1;2;1;3;4;2; ;1;1;1;4;1;4;1;1;1;2;1;1;01;66;07;66;355,273722601971
4662783;1;3;1;1;1;1;1;1;3;3; ; ; ; ;320000;1;1;2;1;1;1;1;2;2;2;1;2;1;2;2;2;1;2;2;2;2;1;2;2;2; ;1;1;1;4;1;2;1;1;1;2;1;1;01;66;07;66;236,583148869419
4662784;1;9;8;1;1;1;1;1;3;3; ; ; ; ;600000;2;1;1;1;1;1;1;1;1;1;1;1;1;1;2;2;2;1;2;1;2;1;8;12;2; ;1;1;1;4;1;4;1;1;1;2;1;1;01;66;07;66;397,186980074698
4662785;1;4;2;1;1;1;1;1;3;1; ; ;98;98; ;2;2;2;2;1;1;1;2;2;2;1;2;2;2;2;2;2;1;2;2;2;1;3;3;2; ;1;1;1;4;1;1;1;1;1;2;1;1;01;66;07;66;253,717660059731
4662786;1;3;1;1;1;1;1;1;3;1; ; ;120000000;400000; ;1;1;1;1;1;1;1;2;2;2;1;1;1;1;2;2;1;2;2;1;2;1;2;2;2; ;1;1;1;4;1;2;1;1;1;2;1;1;01;66;07;66;241,251194501447
4662787;1;5;4;1;1;1;1;1;3;3; ; ; ; ;300000;2;1;1;1;1;1;1;2;2;2;1;2;1;2;2;2;2;2;1;2;2;1;5;9;2; ;1;1;1;4;1;2;1;1;1;2;1;1;01;66;07;66;260,767207582355
4662789;1;5;3;1;1;1;1;1;3;1; ; ;65000000;300000; ;1;1;1;1;1;1;1;1;2;2;1;1;1;2;2;2;2;2;2;2;2;1;3;4;2; ;1;1;1;4;1;2;1;1;1;2;1;1;01;66;07;66;287,295753284012
4662790;1;3;2;1;1;1;1;1;3;4; ; ; ;200000; ;1;1;2;2;2;2;1;2;2;2;1;2;2;2;2;2;2;2;2;2;2;1;1;4;2; ;1;2;1;4;1;2;1;1;1;2;1;1;01;66;07;66;259,102885603722
4662791;1;4;3;1;1;1;1;1;3;1; ; ;60000000;450000; ;1;1;1;1;1;1;1;1;1;2;1;1;2;2;2;2;2;2;1;2;2;1;5;6;2; ;1;1;1;4;1;2;1;1;1;2;1;1;01;66;07;66;418,601784693628
4662792;1;3;1;1;1;1;1;1;4;3; ; ; ; ;340000;2;2;2;2;1;2;1;2;2;2;1;2;1;2;2;2;2;2;2;1;2;1;1;1;2; ;1;2;1;4;1;3;2;1;1;2;1;1;01;66;07;66;223,896605379292
4662793;1;3;2;1;1;1;1;1;3;3; ; ; ; ;280000;2;1;1;1;1;1;1;2;2;2;1;2;2;1;2;2;2;1;1;2;2;1;2;2;2; ;1;2;1;4;1;2;1;1;1;2;1;1;01;66;07;66;255,764498987224
4662794;1;4;3;1;1;1;1;1;3;3; ; ; ; ;300000;1;1;1;1;1;1;1;2;2;2;1;1;1;1;2;2;2;1;1;2;2;1;5;5;2; ;1;2;1;4;1;2;1;1;1;2;1;1;01;66;07;66;280,852353185755
4662795;1;2;2;1;1;1;1;1;3;4; ; ; ;200000; ;2;2;2;2;1;2;1;2;2;2;1;2;2;2;2;2;2;2;2;2;2;1;1;4;2; ;1;2;1;3;1;2;1;1;1;2;1;1;01;66;07;66;237,15751664646
4662796;1;3;2;1;1;1;1;1;3;3; ; ; ; ;400000;2;1;2;1;1;1;1;2;2;2;1;2;2;2;2;2;2;2;1;2;2;1;2;3;2; ;1;2;1;4;1;2;1;1;1;2;1;1;01;66;07;66;382,372280749512
4662797;1;5;4;1;1;1;1;1;3;1; ; ;130000000;500000; ;1;1;1;1;1;1;1;1;2;2;1;1;1;2;2;2;1;2;1;1;2;1;2;7;2; ;1;2;1;4;1;2;1;1;1;2;1;1;01;66;07;66;404,585582187971
4662798;1;3;2;1;1;1;1;3;3;3; ; ; ; ;700000;1;1;1;1;1;1;1;1;2;1;1;2;1;1;2;1;2;2;2;1;2;1;2;3;2; ;1;1;1;4;1;3;1;1;1;2;1;1;01;66;07;66;337,919133479816
4662799;1;3;2;1;1;1;1;1;3;3; ; ; ; ;250000;2;1;2;1;1;1;1;2;2;2;1;2;1;2;2;2;2;2;2;2;2;1;3;3;2; ;1;2;1;4;1;2;1;1;1;2;1;1;01;66;07;66;185,739690741772
4662800;1;4;3;1;1;1;1;1;3;3; ; ; ; ;450000;2;1;1;1;1;1;1;1;1;2;1;1;1;1;2;2;2;1;1;2;2;1;5;5;2; ;1;2;1;4;1;2;1;1;1;2;1;1;01;66;07;66;268,805332322549
4662801;1;7;3;1;1;1;1;1;3;1; ; ;40000000;500000; ;1;1;1;1;1;1;1;2;2;1;1;2;1;1;2;2;2;2;1;1;2;1;4;5;2; ;1;1;1;4;1;2;1;1;1;2;1;1;01;66;07;66;368,62099123314
4662802;1;5;3;1;1;1;1;3;3;2; ;700000;160000000;800000; ;1;1;1;1;1;1;1;1;1;1;1;1;1;1;2;2;2;1;1;1;2;1;3;3;1;1;1;1;1;4;1;3;1;1;1;2;1;1;01;66;07;66;269,331845550237
4662803;1;3;2;1;1;1;1;1;4;3; ; ; ; ;500000;1;1;1;1;1;1;1;2;2;2;1;1;1;1;2;2;2;2;2;2;2;1;2;3;2; ;1;2;1;4;1;3;2;1;1;2;1;1;01;66;07;66;269,941164161857
4662805;1;4;2;1;1;1;1;1;3;3; ; ; ; ;580000;1;1;1;1;1;1;1;2;1;2;1;1;1;1;2;2;2;2;2;1;2;1;2;3;2; ;1;2;1;4;1;3;1;1;1;2;1;1;01;66;07;66;313,513508358669
4662806;1;2;1;1;1;1;1;1;3;3; ; ; ; ;320000;2;1;2;1;1;1;1;2;2;2;1;2;1;2;2;2;2;2;2;2;2;1;1;1;2; ;1;2;1;4;1;2;1;1;1;2;1;1;01;66;07;66;238,629987796913
4662807;1;3;2;1;1;1;1;1;3;3; ; ; ; ;300000;1;2;1;1;1;1;1;2;2;2;1;1;1;1;2;2;2;2;2;2;2;1;2;3;2; ;1;2;1;4;1;2;1;1;1;2;1;1;01;66;07;66;337,919133479816
4662808;1;3;2;1;1;1;1;1;3;3; ; ; ; ;300000;2;1;2;1;1;1;1;2;2;2;1;2;1;2;2;2;1;2;2;2;2;1;2;3;2; ;1;2;1;4;1;2;1;1;1;2;1;1;01;66;07;66;337,919133479816
4662809;1;4;1;1;1;1;1;1;3;1; ; ;100000000;300000; ;1;1;1;1;1;1;1;2;2;2;1;1;1;2;2;2;1;1;2;2;2;1;2;2;2; ;1;2;1;4;1;2;1;1;1;2;1;1;01;66;07;66;241,251194501447
4662810;1;3;2;1;1;1;1;1;3;3; ; ; ; ;320000;2;2;2;1;1;1;1;2;2;2;1;2;2;2;2;2;2;1;2;2;2;1;1;3;2; ;1;2;1;4;1;2;1;1;1;2;1;1;01;66;07;66;258,385705691758
4662811;1;1;1;1;1;1;1;2;4;3; ; ; ; ;200000;2;1;2;2;1;2;1;2;2;2;1;1;2;2;2;2;2;2;1;2;2;1;1;1;2; ;1;2;1;4;1;2;2;1;1;2;1;1;01;66;07;66;223,896605379292
4662812;1;1;1;1;1;1;1;6; ;3; ; ; ; ;240000;2;1;1;2;2;2;1;2;2;2;1;1;2;2;2;2;2;2;2;2;2;1;1;1;2; ;1;2;1;4;1;2;2;1;1;2;1;1;01;66;07;66;291,874574697251
4662813;1;3;2;1;1;1;1;1;3;3; ; ; ; ;400000;2;1;2;2;1;1;1;2;2;2;1;2;1;2;2;2;2;2;2;2;2;1;2;4;2; ;1;2;1;4;1;2;1;1;1;2;1;1;01;66;07;66;202,874201932084
4662814;1;1;1;1;1;1;1;1;3;3; ; ; ; ;300000;2;1;2;2;1;1;1;2;2;2;1;2;1;2;2;2;2;2;1;2;2;1;3;5;2; ;1;2;1;2;1;1;1;1;1;2;1;1;01;66;07;66;271,78942909385
4662815;1;2;1;1;1;1;1;1;3;3; ; ; ; ;200000;2;1;2;2;1;1;1;2;2;2;1;2;2;2;2;2;2;1;1;2;2;1;1;1;2; ;1;2;1;2;1;1;1;1;1;2;1;1;01;66;07;66;291,874574697251
4662816;1;4;3;1;1;1;1;1;3;3; ; ; ; ;420000;1;1;1;1;1;1;1;2;1;1;1;2;1;2;2;2;1;1;1;2;2;1;6;6;2; ;1;1;1;4;1;2;1;1;1;2;1;1;01;66;07;66;213,513906494718
4662817;1;2;2;1;1;1;1;1;3;4; ; ; ;200000; ;2;2;2;2;2;2;1;2;2;2;1;2;2;2;2;2;2;2;2;2;2;1;1;2;2; ;1;2;7;3;1;1;1;1;1;1;1;1;01;66;07;66;236,583148869419
4662820;1;2;1;1;1;1;1;1;4;3; ; ; ; ;350000;2;1;2;1;1;1;1;2;1;2;1;1;1;1;1;2;1;2;1;1;2;1;2;2;2; ;1;2;1;4;1;3;2;1;1;2;1;1;01;66;07;66;236,583148869419
4662821;1;1;1;1;1;1;1;6; ;3; ; ; ; ;280000;2;2;2;2;1;2;1;2;2;2;1;2;2;2;2;2;2;2;2;2;2;1;1;1;2; ;1;2;1;4;1;1;2;1;1;2;1;1;01;66;07;66;291,874574697251
4662822;1;5;2;1;1;1;1;1;3;1; ; ;90000000;500000; ;1;1;1;1;1;1;1;2;1;2;1;1;1;1;2;2;1;1;2;2;2;1;2;2;2; ;1;1;1;4;1;3;1;1;1;2;1;1;01;66;07;66;252,197334359925
4662823;1;3;1;1;1;1;1;1;4;3; ; ; ; ;400000;1;2;1;1;1;1;1;2;2;2;1;2;2;1;2;2;2;1;1;2;2;1;2;2;2; ;1;2;1;4;1;3;2;1;1;2;1;1;01;66;07;66;255,764498987224
4662824;1;3;2;1;1;1;1;1;3;1; ; ;30000000;200000; ;1;1;1;1;1;1;1;2;2;2;1;2;2;2;2;2;2;2;2;2;2;1;2;2;2; ;1;1;1;4;1;1;1;1;1;2;1;1;01;66;07;66;255,984576919068
4662825;1;4;1;1;1;1;1;1;3;3; ; ; ; ;550000;1;2;1;2;1;1;1;2;2;1;1;2;1;1;2;2;2;1;2;1;2;1;1;1;2; ;1;1;1;4;1;3;1;1;1;2;1;1;01;66;07;66;238,629987796913
4662827;1;3;1;1;1;1;1;1;3;3; ; ; ; ;300000;2;2;2;2;1;1;1;2;2;2;1;1;1;2;2;2;2;2;1;2;2;1;1;1;2; ;1;2;1;4;1;2;1;1;1;2;1;1;01;66;07;66;311,055924815056
4662829;1;4;2;1;1;1;1;1;4;4; ; ; ;450000; ;1;1;1;1;1;1;1;1;1;1;1;2;2;1;2;2;1;2;2;1;2;1;2;3;2; ;1;2;1;4;1;3;2;1;1;2;1;1;01;66;07;66;401,553630867318
4662830;1;4;2;1;1;1;1;3;3;3; ; ; ; ;500000;2;1;2;1;1;1;1;1;2;2;1;1;1;1;2;2;2;2;1;2;2;1;2;3;2; ;1;2;1;4;1;2;1;1;1;2;1;1;01;66;07;66;313,513508358669
4662831;1;3;1;1;1;1;1;1;3;3; ; ; ; ;320000;2;2;1;1;1;1;1;2;2;2;2;2;1;2;2;2;2;2;2;2;2;1;1;1;1;3;1;2;1;4;1;2;1;1;1;2;1;1;01;66;07;66;307,488760187756
4662832;1;3;2;1;1;1;1;1;3;4; ; ; ;300000; ;2;2;2;1;1;1;1;1;2;2;1;2;2;2;2;2;2;2;2;2;2;1;1;3;1;2;1;1;1;4;1;1;1;1;1;2;1;1;01;66;07;66;345,765103059366
4662833;1;5;3;1;1;1;1;1;3;1; ; ;150000000;600000; ;1;1;1;1;1;1;1;2;2;1;1;2;2;1;2;2;2;1;2;2;2;1;3;3;2; ;1;2;1;4;1;2;1;1;1;2;1;1;01;66;07;66;219,802927524305
4662834;1;3;1;1;1;1;1;1;3;1; ; ;25000000;300000; ;2;1;1;2;1;1;1;2;2;2;1;2;2;1;2;2;2;2;2;2;2;1;1;1;2; ;1;1;1;4;1;2;1;1;1;2;1;1;01;66;07;66;238,629987796913
4662835;1;3;1;1;1;1;1;1;3;3; ; ; ; ;380000;2;1;1;1;1;1;1;2;2;2;1;2;1;1;2;2;2;2;2;2;2;1;1;1;2; ;1;2;1;4;1;2;1;1;1;2;1;1;01;66;07;66;238,629987796913
4662837;1;3;1;1;1;1;1;1;3;1; ; ;28000000;200000; ;1;1;2;2;1;2;1;2;2;2;1;2;2;2;2;2;2;2;2;2;2;1;1;1;1;2;1;2;1;4;1;1;1;1;1;2;1;1;01;66;07;66;311,276002746899
4662838;1;4;2;1;1;1;1;1;3;1; ; ;40000000;350000; ;2;2;2;2;1;1;1;2;2;2;1;2;2;2;2;2;2;2;1;2;2;1;2;3;2; ;1;1;1;4;1;1;1;1;1;2;1;1;01;66;07;66;239,204355573953
4662839;1;5;3;1;1;1;1;1;3;3; ; ; ; ;350000;1;1;1;1;1;1;1;2;1;2;1;1;1;1;2;2;2;2;1;2;2;1;4;5;2; ;1;2;1;4;1;2;1;1;1;2;1;1;01;66;07;66;212,602899406532
4662840;1;3;2;1;1;1;1;1;3;3; ; ; ; ;400000;2;1;1;1;1;1;1;2;2;2;1;1;1;1;2;2;2;1;1;2;2;1;1;3;2; ;1;2;1;4;1;2;1;1;1;2;1;1;01;66;07;66;332,694858476474
4662841;1;3;2;1;1;1;1;1;3;2; ;450000;70000000;280000; ;1;1;1;1;1;1;1;2;2;2;1;2;1;2;2;2;2;2;1;2;2;1;4;5;2; ;1;1;1;4;1;2;1;1;1;2;1;1;01;66;07;66;211,993580794912
4662842;1;3;2;1;1;1;1;1;3;3; ; ; ; ;280000;2;2;2;1;1;1;1;2;2;2;1;2;1;2;2;2;2;2;2;2;2;1;2;3;2; ;1;2;1;4;1;2;1;1;1;2;1;1;01;66;07;66;337,919133479816
4662843;1;3;2;1;1;1;1;1;3;3; ; ; ; ;300000;2;1;1;1;1;1;1;2;2;2;1;2;1;1;2;2;1;2;1;2;2;1;2;3;2; ;1;2;1;4;1;2;1;1;1;2;1;1;01;66;07;66;250,150495432431
4662844;1;4;3;1;1;1;1;1;3;1; ; ;140000000;450000; ;1;1;1;1;1;1;1;2;2;2;1;1;1;2;2;2;2;2;1;2;2;1;3;4;2; ;1;1;1;4;1;2;1;1;1;2;1;1;01;66;07;66;237,15751664646
4662846;1;3;1;1;1;1;1;1;3;1; ; ;25000000;250000; ;2;2;2;2;1;1;1;2;2;2;1;2;2;2;2;2;2;2;2;2;2;1;1;2;2; ;1;1;1;4;1;1;1;1;1;2;1;1;01;66;07;66;168,60517955146
4662847;1;3;2;1;1;1;1;1;3;3; ; ; ; ;340000;2;2;2;1;1;1;1;2;2;2;1;2;2;2;2;2;2;2;2;2;2;1;1;4;2; ;1;1;1;2;1;2;1;1;1;2;1;1;01;66;07;66;439,255118090212
4662848;1;3;2;1;1;1;1;1;3;3; ; ; ; ;400000;2;1;1;1;1;1;1;2;2;2;1;2;2;2;2;2;2;2;1;2;2;1;3;3;2; ;1;1;1;4;1;2;1;1;1;2;1;1;01;66;07;66;253,717660059731
4662849;1;1;1;1;1;1;1;1;4;3; ; ; ; ;150000;2;2;2;2;2;2;1;2;2;2;1;1;2;1;2;2;2;2;2;2;2;1;1;1;2; ;1;2;1;2;1;1;2;1;1;2;1;1;01;66;07;66;238,629987796913
4662850;1;5;3;1;1;1;1;1;3;3; ; ; ; ;800000;2;1;1;1;1;1;1;1;1;1;1;1;1;1;2;2;2;2;2;1;1;1;3;3;2; ;1;2;1;4;1;6;1;1;1;2;1;1;01;66;07;66;185,959768673615
4662851;1;5;2;1;1;1;1;1;3;1; ; ;130000000;900000; ;2;1;1;1;1;1;1;1;1;1;1;1;1;1;2;2;1;2;2;1;1;1;2;2;2; ;1;2;1;4;1;6;1;1;1;2;1;1;01;66;07;66;255,984576919068
4662852;1;4;2;1;1;1;1;1;3;2; ;1000000;127000000;800000; ;2;2;2;1;1;1;1;1;2;2;1;2;2;2;2;2;2;2;1;2;2;1;1;2;2; ;1;1;1;4;1;3;1;1;1;2;1;1;01;66;07;66;339,965972407309
4662853;1;5;4;1;1;1;1;1;3;2; ;240000;120000000;500000; ;1;1;1;1;1;1;1;1;1;2;1;1;1;1;2;2;1;1;1;1;2;1;5;6;2; ;1;1;1;4;1;2;1;1;1;2;1;1;01;66;07;66;255,009207748735
4662856;1;4;3;1;1;1;1;1;3;1; ; ;120000000;300000; ;1;1;1;1;1;1;1;1;1;1;1;1;1;1;2;2;2;2;1;1;2;1;4;5;2; ;1;1;1;4;1;2;1;1;1;2;1;1;01;66;07;66;256,175243603344
4662857;1;4;3;1;1;1;1;1;3;1; ; ;110000000;400000; ;1;1;1;1;1;1;1;1;2;2;1;2;2;2;2;2;2;2;2;1;2;1;4;4;2; ;1;1;1;4;1;2;1;1;1;2;1;1;01;66;07;66;203,094279863927
4662858;1;3;2;1;1;1;1;1;3;3; ; ; ; ;200000;2;2;2;2;1;1;1;2;2;2;1;1;2;2;2;2;2;2;2;2;2;2; ;2;2; ;1;2;1;2;1;1;1;1;1;2;1;1;01;66;07;66;236,583148869419
4662863;1;4;2;1;1;1;1;1;3;2; ;516000;120000000;600000; ;1;1;1;1;1;1;1;1;1;2;1;2;1;1;1;2;2;1;1;2;2;1;3;3;2; ;1;1;1;4;1;2;1;1;1;2;1;1;01;66;07;66;234,536309941926
4662864;1;2;1;1;1;1;1;1;3;3; ; ; ; ;480000;2;2;2;2;1;1;2;2;2;2;1;2;2;1;2;2;2;2;2;1;2;1;1;1;2; ;1;2;1;4;1;3;1;1;1;2;1;1;01;66;07;66;223,896605379292
4662865;1;4;3;1;1;1;1;1;3;3; ; ; ; ;620000;1;1;1;1;1;1;1;1;2;2;1;1;1;1;2;2;1;1;1;1;2;1;3;4;2; ;1;1;1;4;1;3;1;1;1;2;1;1;01;66;07;66;311,466669431176
4662866;1;4;3;1;1;1;1;1;3;3; ; ; ; ;450000;2;1;2;1;1;1;1;2;2;2;1;2;1;2;2;2;2;2;2;2;2;1;3;6;2; ;1;2;1;4;1;3;1;1;1;2;1;1;01;66;07;66;353,167756283284
4662867;1;4;1;1;1;1;1;1;3;3; ; ; ; ;600000;2;1;1;1;1;1;1;2;1;1;1;1;1;1;2;2;2;2;2;1;2;1;1;1;2; ;1;2;1;4;1;6;1;1;1;2;1;1;01;66;07;66;291,874574697251
4662868;1;3;1;1;1;1;1;1;3;3; ; ; ; ;480000;2;1;1;1;1;1;1;1;2;2;1;1;2;1;2;2;1;2;2;2;2;1;1;1;2; ;1;2;1;4;1;3;1;1;1;2;1;1;01;66;07;66;307,488760187756
4662871;1;8;4;1;1;1;1;1;3;1; ; ;200000000;800000; ;2;1;1;1;1;1;1;1;2;1;1;2;1;1;2;2;2;2;2;2;2;1;1;4;2; ;1;1;1;4;1;4;1;1;1;2;1;1;01;66;07;66;203,31435779577
4662872;1;4;2;1;1;1;1;1;3;1; ; ;70000000;350000; ;1;2;1;1;1;1;1;2;2;2;1;1;1;1;2;2;1;1;2;1;2;1;2;2;2; ;1;1;1;4;1;3;1;1;1;2;1;1;01;66;07;66;168,60517955146
4662873;1;4;2;1;1;1;1;1;3;1; ; ;180000000;800000; ;1;1;1;1;1;1;1;1;2;1;1;2;1;1;2;2;1;2;1;1;2;1;2;2;1;1;1;1;1;4;1;4;1;1;1;2;1;1;01;66;07;66;255,764498987224
4662877;1;4;3;1;1;1;1;1;3;3; ; ; ; ;550000;1;1;1;1;1;1;1;1;2;2;1;2;1;1;2;2;2;2;2;2;2;1;3;4;2; ;1;2;1;4;1;2;1;1;1;2;1;1;01;66;07;66;270,852171250043
4662878;1;3;2;1;1;1;1;1;3;3; ; ; ; ;450000;2;1;2;1;1;1;1;2;2;2;1;2;1;2;2;2;2;2;1;2;2;1;2;2;2; ;1;2;1;4;1;2;1;1;1;2;1;1;01;66;07;66;236,583148869419
4662879;1;4;3;1;1;1;1;1;3;3; ; ; ; ;250000;2;1;1;1;1;1;1;2;2;2;1;2;1;2;2;2;2;2;1;2;2;1;4;5;2; ;1;2;1;4;1;2;1;1;1;2;1;1;01;66;07;66;197,260198377291
4662881;1;3;2;1;1;1;1;1;3;1; ; ;99;350000; ;2;1;2;1;1;1;1;2;2;2;1;2;2;2;2;2;2;2;2;2;2;1;4;6;2; ;1;2;1;4;1;1;1;1;1;3;1;1;01;68;07;68;917,313074774566
4662882;1;4;3;1;1;1;1;1;3;1; ; ;98;600000; ;2;2;2;1;1;1;1;1;2;2;1;2;2;2;2;2;2;2;2;2;2;1;3;5;2; ;1;1;1;4;1;3;1;1;1;3;1;1;01;68;07;68;505,942977577782
4662883;1;4;3;1;1;1;1;1;3;1; ; ;98;700000; ;1;1;1;2;1;1;1;2;2;2;1;2;2;1;1;2;2;2;2;2;2;1;2;3;2; ;1;1;1;4;1;2;1;1;1;3;1;1;01;68;07;68;388,945366648876
4662884;1;3;2;1;1;1;1;1;3;3; ; ; ; ;400000;2;1;2;1;1;1;1;1;2;2;1;2;2;2;2;2;1;2;1;2;2;1;3;5;2; ;1;2;1;4;1;3;1;1;1;3;1;1;01;68;07;68;601,192152606007
4662885;1;4;2;1;1;1;1;1;3;3; ; ; ; ;500000;2;1;2;2;1;1;1;2;2;2;1;1;1;2;2;2;2;2;1;2;2;1;2;3;2; ;1;2;1;4;1;3;1;1;1;3;1;1;01;68;07;68;600,065753895229
4662886;1;3;2;1;1;1;1;1;3;1; ; ;110000000;600000; ;1;1;1;1;1;1;1;1;2;2;1;2;2;1;2;2;1;2;2;2;2;1;2;3;2; ;1;1;1;4;1;2;1;1;1;3;1;1;01;68;07;68;500,788353192958
4662887;1;4;3;1;1;1;1;1;3;3; ; ; ; ;700000;1;1;1;1;1;1;1;1;2;2;1;2;1;1;2;2;1;2;2;1;2;1;3;3;2; ;1;2;1;4;1;4;1;1;1;3;1;1;01;68;07;68;388,945366648876
4662888;1;5;4;1;1;1;1;1;3;1; ; ;98;10000000; ;1;1;1;1;1;1;1;2;2;2;1;1;1;1;2;2;2;2;1;2;2;1;5;6;2; ;1;1;1;4;1;4;1;1;1;3;1;1;01;68;07;68;749,43501820462
4662888;2;1;1;1;2;1;1;6; ;3; ; ; ; ;300000;2;2;2;2;2;2;2;2;2;2;2;2;2;2;2;2;2;2;2;2;2;1;1;1;2; ;2;1;1;4;1;4;1;1;1;3;1;1;01;68;07;68;749,43501820462
4662888;3;1;1;1;2;1;1;6; ;3; ; ; ; ;350000;2;1;2;2;2;2;2;2;2;2;1;2;2;2;2;2;2;2;2;2;2;1;1;1;2; ;3;1;1;4;1;4;1;1;1;3;1;1;01;68;07;68;749,43501820462
4662889;1;8;6;1;1;1;1;1;3;4; ; ; ;1000000; ;1;1;1;1;1;1;1;2;2;2;1;1;1;1;2;2;2;2;1;2;2;1;9;9;2; ;1;1;1;4;1;3;1;1;1;3;1;1;01;68;07;68;393,332887743546
4662890;1;4;3;1;1;1;1;1;3;3; ; ; ; ;750000;1;1;1;1;1;1;1;1;1;2;1;1;2;1;2;2;1;2;2;1;2;1;3;4;2; ;1;2;1;4;1;4;1;1;1;3;1;1;01;68;07;68;519,740573846185
4662891;1;4;2;1;1;1;1;1;3;3; ; ; ; ;500000;2;2;1;1;1;1;1;1;2;2;1;1;1;1;2;2;1;1;1;2;2;1;3;3;2; ;1;2;1;4;1;2;1;1;1;3;1;1;01;68;07;68;599,884098216296
4662892;1;3;2;1;1;1;1;1;3;3; ; ; ; ;500000;1;1;1;1;1;1;1;2;2;2;1;2;2;2;2;2;2;2;2;2;2;1;2;2;2; ;1;2;1;4;1;2;1;1;1;3;1;1;01;68;07;68;402,762284425048
4662893;1;4;2;1;1;1;1;1;3;3; ; ; ; ;500000;1;1;1;2;1;2;1;2;2;2;1;1;2;2;2;2;1;2;1;2;2;1;2;3;2; ;1;1;1;4;1;3;1;1;1;3;1;1;01;68;07;68;520,810250101614
4662894;1;4;2;1;1;1;1;1;3;3; ; ; ; ;300000;2;1;2;1;1;1;1;2;2;2;1;2;2;2;2;2;2;2;2;2;2;1;2;5;2; ;1;2;1;4;1;2;1;1;1;3;1;1;01;68;07;68;644,447547384563
4662895;1;4;2;1;1;1;1;1;3;3; ; ; ; ;400000;1;1;1;1;1;1;1;2;2;2;1;2;2;2;2;2;2;2;2;1;2;1;1;5;2; ;1;2;1;4;1;2;1;1;1;3;1;1;01;68;07;68;622,819849995285
4662896;1;4;3;1;1;1;1;1;3;1; ; ;50000000;500000; ;1;1;1;2;1;2;1;2;2;2;1;2;2;2;2;2;2;2;2;2;2;1;2;4;2; ;1;1;1;4;1;2;1;1;1;3;1;1;01;68;07;68;463,329497515172
4662897;1;3;1;1;1;1;1;1;3;1; ; ;99;600000; ;1;1;2;2;1;1;1;2;2;2;1;1;1;2;2;2;2;1;2;2;2;1;2;7;2; ;1;1;1;4;1;2;1;1;1;3;1;1;01;68;07;68;684,158766358342
4662898;1;7;6;1;1;1;1;1;3;1; ; ;40000000;500000; ;1;1;2;1;1;1;1;2;2;2;1;2;2;2;2;2;2;2;1;2;2;1;4;8;2; ;1;1;1;4;1;2;1;1;1;3;1;1;01;68;07;68;627,287430990316
4662899;1;4;2;1;1;1;1;1;3;3; ; ; ; ;550000;1;1;1;1;1;1;1;2;2;2;1;1;1;1;2;2;1;2;2;2;2;1;2;3;2; ;1;2;1;4;1;3;1;1;1;3;1;1;01;68;07;68;553,099629211295
4662900;1;4;3;1;1;1;1;1;3;3; ; ; ; ;500000;1;1;1;1;1;2;1;2;2;2;1;1;1;1;2;2;1;1;1;2;2;1;6;7;2; ;1;2;1;4;1;2;1;1;1;3;1;1;01;68;07;68;570,791646659516
4662901;1;3;2;1;1;1;1;1;3;3; ; ; ; ;280000;2;1;1;1;1;1;1;2;2;2;1;2;2;2;2;2;2;2;2;2;2;1;1;3;2; ;1;2;1;4;1;2;1;1;1;3;1;1;01;68;07;68;599,884098216296
4662902;1;4;3;1;1;1;1;1;3;1; ; ;98;500000; ;1;1;1;1;1;1;1;1;2;2;1;2;2;2;2;2;1;2;1;2;2;1;3;3;2; ;1;2;1;4;1;3;1;1;1;3;1;1;01;68;07;68;553,099629211295
4662903;1;4;3;1;1;1;1;1;3;3; ; ; ; ;400000;2;1;2;1;1;1;1;2;2;2;1;2;2;2;2;2;2;2;1;2;2;1;1;5;1;1;1;2;1;4;1;2;1;1;1;3;1;1;01;68;07;68;489,167510382992
4662904;1;4;2;1;1;1;1;1;3;1; ; ;120000000;550000; ;1;1;1;1;1;1;1;2;2;2;1;1;1;2;2;2;1;2;2;1;2;1;3;3;2; ;1;2;1;4;1;3;1;1;1;3;1;1;01;68;07;68;553,099629211295
4662905;1;5;2;1;1;1;1;1;3;1; ; ;400000000;1500000; ;1;1;1;1;1;1;1;1;1;1;1;2;1;1;2;1;2;2;2;1;2;1;3;3;2; ;1;2;1;4;1;6;1;1;1;3;1;1;01;68;07;68;553,099629211295
4662906;1;3;2;1;1;1;1;1;3;3; ; ; ; ;250000;2;1;1;1;1;1;1;2;2;2;1;2;2;2;2;2;2;2;2;2;2;1;1;3;2; ;1;2;1;4;1;2;1;1;1;3;1;1;01;68;07;68;635,030788515897
4662907;1;4;2;1;1;1;1;1;3;1; ; ;120000000;700000; ;1;1;1;1;1;1;1;2;1;2;1;1;2;1;2;2;2;2;2;2;2;1;3;3;2; ;1;2;1;4;1;3;1;1;1;3;1;1;01;68;07;68;553,099629211295
4662908;1;4;2;1;1;1;1;1;3;3; ; ; ; ;540000;1;1;1;1;1;1;1;2;2;2;1;1;2;2;2;2;1;2;2;2;2;1;2;4;2; ;1;2;1;4;1;3;1;1;1;3;1;1;01;68;07;68;625,696303918036
4662909;1;4;2;1;1;1;1;1;3;1; ; ;130000000;600000; ;1;1;1;1;1;1;1;2;2;2;1;2;1;1;2;2;1;2;1;2;2;1;2;2;2; ;1;2;1;4;1;3;1;1;1;3;1;1;01;68;07;68;538,610520228609
4662910;1;7;5;1;1;1;1;1;3;1; ; ;80000000;550000; ;2;1;2;1;1;1;1;2;2;2;1;1;2;1;2;2;1;1;2;1;2;1;5;6;2; ;1;2;1;4;1;2;1;1;1;3;1;1;01;68;07;68;317,077100858321
4662911;1;5;4;1;1;1;1;1;3;3; ; ; ; ;730000;1;1;1;1;1;1;1;1;2;2;1;2;2;1;2;2;2;2;1;2;2;1;4;5;2; ;1;1;1;4;1;2;1;1;1;3;1;1;01;68;07;68;589,479937363006
4662912;1;7;3;1;1;1;1;1;3;1; ; ;98;1300000; ;1;1;1;1;1;1;1;1;1;1;1;1;2;1;2;2;1;2;2;1;2;1;4;4;2; ;1;1;1;4;1;4;1;1;1;3;1;1;01;68;07;68;515,277462175643
4662913;1;4;3;1;1;1;1;1;3;3; ; ; ; ;700000;1;1;1;1;1;1;1;1;1;2;1;2;2;1;2;2;1;1;1;2;2;1;3;4;2; ;1;2;1;4;1;2;1;1;1;3;1;1;01;68;07;68;562,243586859577
4662914;1;5;2;1;1;1;1;1;3;4; ; ; ;450000; ;1;1;1;1;1;1;1;2;2;2;1;1;1;2;2;2;2;2;1;2;2;1;5;10;2; ;1;1;1;2;1;3;1;1;1;2;1;1;01;68;07;68;811,824468090275
4662915;1;5;3;1;1;1;1;1;3;2; ;800000;280000000;1000000; ;1;1;1;1;1;1;1;1;1;1;1;1;2;1;2;2;1;1;2;1;2;1;4;4;2; ;1;1;1;4;1;4;1;1;1;3;1;1;01;68;07;68;568,902594721388
4662916;1;7;5;1;1;1;1;1;3;1; ; ;250000000;10000000; ;1;1;1;1;1;1;1;1;2;1;1;2;1;1;2;2;1;2;2;1;2;1;5;7;2; ;1;1;1;4;1;4;1;1;1;3;1;1;01;68;07;68;301,291071243662
4662917;1;4;3;1;1;1;1;1;3;3; ; ; ; ;600000;2;1;2;2;2;2;1;2;2;1;1;2;2;2;2;2;2;2;2;2;2;1;4;5;2; ;1;2;1;4;1;3;1;1;1;3;1;1;01;68;07;68;581,014151833872
4662919;1;4;3;1;1;1;1;1;3;3; ; ; ; ;900000;1;1;1;1;1;1;1;2;2;2;1;2;1;1;2;2;1;2;1;2;2;1;3;5;2; ;1;1;1;4;1;4;1;1;1;3;1;1;01;68;07;68;587,874136882385
4662920;1;2;1;1;1;1;1;1;3;3; ; ; ; ;200000;2;2;2;2;2;1;1;2;2;2;2;2;2;2;2;2;2;1;2;2;2;1;1;2;2; ;1;2;1;4;1;2;1;1;1;3;1;1;01;68;07;68;473,552002689529
4662921;1;6;2;1;1;1;1;1;3;4; ; ; ;700000; ;1;2;1;1;1;1;1;2;2;2;1;2;2;1;2;2;2;2;1;2;2;1;2;2;2; ;1;1;1;4;1;4;1;1;1;3;1;1;01;68;07;68;609,218582814157
4662922;1;7;1;1;1;1;1;1;3;1; ; ;98;1500000; ;1;1;1;1;1;1;1;1;1;1;1;1;1;1;1;2;1;2;2;2;2;2; ;1;1;2;1;2;1;4;1;6;1;1;1;6;1;1;01;68;07;68;412,096769022909
4662923;1;3;2;1;1;1;1;1;3;1; ; ;98;1200000; ;2;1;1;1;1;1;1;1;2;2;1;2;2;2;2;2;2;2;2;2;2;1;2;3;2; ;1;2;1;4;1;6;1;1;1;3;1;1;01;68;07;68;388,763710969943
4662924;1;3;2;1;1;1;1;1;3;1; ; ;290000000;1200000; ;1;1;1;1;1;1;1;1;1;1;1;1;1;1;2;1;1;2;2;1;2;1;3;3;2; ;1;2;1;4;1;6;1;1;1;3;1;1;01;68;07;68;623,707691796842
4662927;1;1;1;1;1;1;1;1;3;3; ; ; ; ;550000;1;1;1;1;1;1;1;2;2;2;2;2;1;1;2;2;1;2;2;2;2;1;2;2;2; ;1;3;1;4;1;3;1;1;1;3;1;1;01;68;07;68;473,370347010595
4662928;1;5;2;1;1;1;1;1;3;1; ; ;99;700000; ;1;1;1;1;1;1;1;1;2;2;1;2;2;1;2;2;2;2;2;2;2;1;2;2;1;1;1;1;1;4;1;3;1;1;1;3;1;1;01;68;07;68;402,762284425048
4662929;1;6;2;1;1;1;1;1;3;3; ; ; ; ;720000;1;1;1;1;1;1;1;1;1;1;1;2;1;1;2;2;1;2;2;1;2;1;3;3;2; ;1;2;1;4;1;4;1;1;1;3;1;1;01;68;07;68;553,099629211295
4662930;1;3;2;1;1;1;1;3;3;3; ; ; ; ;580000;1;1;1;1;1;1;1;2;2;2;1;1;1;1;2;2;1;1;2;2;2;1;2;4;2; ;1;2;1;4;1;2;1;1;1;3;1;1;01;68;07;68;519,740573846185
4662931;1;4;1;1;1;1;1;1;3;3; ; ; ; ;800000;1;1;1;1;1;1;1;1;1;1;1;2;1;1;2;2;1;2;1;2;2;1;2;2;2; ;1;2;1;4;1;6;1;1;1;6;1;1;01;68;07;68;609,218582814157
4662932;1;5;1;1;1;1;1;1;3;2; ;1063000;280000000;1300000; ;1;1;1;1;1;1;1;1;1;1;1;1;2;1;2;2;1;2;2;1;2;1;2;2;2; ;1;2;1;4;1;6;1;1;1;6;1;1;01;68;07;68;426,585878005594
4662933;1;5;2;1;1;1;1;1;3;3; ; ; ; ;750000;1;1;1;1;1;1;1;1;1;2;1;2;1;1;2;2;1;2;1;1;2;1;3;3;2; ;1;2;1;4;1;4;1;1;1;3;1;1;01;68;07;68;571,578071457438
4662934;1;5;2;1;1;1;1;1;3;3; ; ; ; ;750000;1;1;1;1;1;1;2;1;2;2;1;2;1;2;2;2;1;2;2;2;2;1;2;2;2; ;1;1;1;4;1;2;1;1;1;3;1;1;01;68;07;68;538,610520228609
4662935;1;4;2;1;1;1;1;1;3;4; ; ; ;99; ;1;1;1;1;1;1;1;1;1;1;1;1;1;1;2;1;1;2;2;1;2;1;2;2;2; ;1;2;1;4;1;6;1;1;1;3;1;1;01;68;07;68;538,610520228609
4662939;1;1;1;1;2;1;1;6; ;4; ; ; ;200000; ;2;2;2;2;2;2;2;2;2;2;2;2;2;2;2;2;2;2;2;2;2;2; ;1;2; ;1;4;1;2;1;2;2;1;1;3;1;1;01;68;07;68;535,016107626794
4663103;1;3;2;1;1;1;1;1;3;1; ; ;98;98; ;2;2;2;1;1;1;1;2;2;2;1;2;1;2;2;2;2;2;2;2;2;1;4;4;2; ;1;1;1;4;1;1;1;1;1;3;1;1;01;73;07;73;217,837421564907
4663104;1;3;1;1;1;1;1;1;3;3; ; ; ; ;380000;2;2;2;2;2;1;1;2;2;2;2;2;2;2;2;2;2;2;2;2;2;1;1;1;2; ;1;2;1;4;1;2;1;1;1;3;1;1;01;73;07;73;292,9154918298
4663105;1;2;2;1;1;1;1;1;4;4; ; ; ;200000; ;2;1;2;1;1;1;1;2;2;2;1;2;2;2;2;2;2;2;2;2;2;1;2;2;2; ;1;2;1;2;1;2;2;1;1;3;1;1;01;73;07;73;265,739702977852
4663106;1;3;2;1;1;1;1;1;3;3; ; ; ; ;480000;2;1;1;1;1;1;1;2;2;2;1;2;2;1;2;2;1;2;2;2;2;1;3;3;2; ;1;2;1;4;1;2;1;1;1;3;1;1;01;73;07;73;361,634227478989
4663107;1;4;2;1;1;1;1;1;3;3; ; ; ; ;420000;2;1;2;2;1;1;1;2;2;2;1;2;1;2;2;2;2;2;2;2;2;1;2;2;2; ;1;2;1;2;1;2;1;1;1;3;1;1;01;73;07;73;265,739702977852
4663109;1;3;2;1;1;1;1;1;3;1; ; ;150000000;450000; ;1;1;2;1;1;1;1;2;2;2;1;1;2;2;2;2;2;2;2;2;2;1;2;2;2; ;1;2;1;4;1;2;1;1;1;3;1;1;01;73;07;73;249,562895331605
4663110;1;7;5;1;1;1;1;1;3;1; ; ;20000000;600000; ;1;2;2;1;1;1;1;1;2;2;1;2;1;2;2;2;2;2;2;2;2;1;4;6;2; ;1;1;1;4;1;2;1;1;1;3;1;1;01;73;07;73;153,758332505715
4663111;1;4;1;1;1;1;1;1;3;1; ; ;50000000;250000; ;2;2;2;1;1;1;1;2;2;2;1;2;2;2;2;2;2;1;2;2;2;1;1;2;2; ;1;1;1;4;1;2;1;1;1;3;1;1;01;73;07;73;249,562895331605
4663112;1;4;3;1;1;1;1;1;3;1; ; ;100000000;350000; ;1;1;1;1;1;1;1;1;1;2;1;1;1;1;2;2;1;1;1;2;2;1;6;6;2; ;1;2;1;4;1;2;1;1;1;3;1;1;01;73;07;73;155,880434197639
4663113;1;3;1;1;1;1;1;1;3;4; ; ; ;600000; ;2;1;2;1;1;1;1;2;2;2;1;2;2;2;2;2;2;2;2;2;2;1;1;1;2; ;1;2;1;4;1;2;1;1;1;3;1;2;01;73;07;73;306,970197784122
4663114;1;4;1;1;1;1;1;1;3;1; ; ;350000000;500000; ;1;1;1;1;1;1;1;1;2;2;1;2;2;1;2;2;1;2;2;2;2;1;2;2;2; ;1;2;1;4;1;3;1;1;1;3;1;1;01;73;07;73;124,781447665803
4663115;1;6;1;1;1;1;1;1;3;1; ; ;300000000;900000; ;1;1;1;1;1;1;1;1;1;2;1;1;1;1;1;2;1;2;2;1;2;1;1;2;2; ;1;1;1;4;1;3;1;1;1;3;1;1;01;73;07;73;124,781447665803
4663116;1;4;3;1;1;1;1;1;3;1; ; ;30000000;400000; ;2;2;1;1;1;1;1;1;2;2;1;1;1;1;2;2;1;1;1;2;2;1;2;4;2; ;1;1;1;4;1;1;1;1;1;3;1;2;01;73;07;73;253,149427821729
4663119;1;6;3;1;1;1;1;1;3;4; ; ; ;800000; ;1;1;1;1;1;1;1;2;1;2;1;2;1;1;2;2;2;2;1;2;2;1;3;5;2; ;1;1;1;4;1;3;1;1;1;3;1;2;01;73;07;73;129,623291817269
4663120;1;6;2;1;1;1;1;1;3;1; ; ;90000000;750000; ;1;1;1;1;1;1;1;1;2;1;1;1;2;1;1;2;2;2;2;1;2;1;3;3;2; ;1;1;1;4;1;3;1;1;1;3;1;2;01;73;07;73;134,933778600939
4663122;1;7;5;1;1;1;1;1;3;3; ; ; ; ;900000;1;1;1;1;1;1;1;1;1;2;1;1;1;1;2;2;2;2;2;1;2;1;5;7;2; ;1;1;1;4;1;3;1;1;1;3;1;2;01;73;07;73;163,858893549335
4663123;1;5;4;1;1;1;1;1;3;3; ; ; ; ;1300000;1;1;1;1;1;1;1;1;1;2;1;2;2;1;2;2;2;1;1;1;1;1;5;5;2; ;1;1;1;4;1;3;1;1;1;3;1;2;01;73;07;73;150,781750800323
4663124;1;4;3;1;1;1;1;1;3;1; ; ;98;800000; ;1;1;1;1;1;1;1;1;2;2;1;2;2;1;2;2;2;1;2;1;2;1;4;4;2; ;1;1;1;4;1;3;1;1;1;3;1;1;01;73;07;73;267,204133776052
4663125;1;2;1;1;1;1;1;1;3;3; ; ; ; ;500000;2;2;2;1;1;2;1;2;2;2;1;2;2;2;2;2;1;2;2;2;2;1;2;2;2; ;1;2;1;4;1;3;1;1;1;3;1;1;01;73;07;73;224,708548546583
4663126;1;4;2;1;1;1;1;1;3;1; ; ;170000000;800000; ;2;1;1;1;1;1;1;2;1;1;1;2;1;1;1;2;1;1;2;1;2;1;3;3;2; ;1;2;1;4;1;3;1;1;1;3;1;1;01;73;07;73;245,956341161317
4663127;1;4;3;1;1;1;1;1;3;3; ; ; ; ;580000;1;1;1;1;1;1;1;2;2;2;1;2;1;1;2;2;2;1;1;1;2;1;4;4;2; ;1;1;1;4;1;3;1;1;1;3;1;2;01;73;07;73;133,130501515795
4663128;1;3;1;1;1;1;1;1;3;4; ; ; ;800000; ;2;2;2;2;1;1;1;2;1;2;1;2;2;2;2;2;2;1;2;2;2;1;1;1;2; ;1;1;1;4;1;3;1;1;1;3;1;2;01;73;07;73;153,485098892061
4663129;1;5;2;1;1;1;1;1;3;1; ; ;150000000;1000000; ;2;2;2;1;1;1;1;2;2;2;1;2;2;2;2;2;2;1;2;2;2;1;2;3;2; ;1;1;1;4;1;3;1;1;1;3;1;2;01;73;07;73;101,819711597605
4663130;1;4;1;1;1;1;1;1;3;1; ; ;250000000;1000000; ;1;1;1;1;1;1;1;2;2;2;1;2;1;2;2;2;2;2;2;2;2;1;1;1;2; ;1;2;1;4;1;3;1;1;1;3;1;1;01;73;07;73;231,380335153257
4663131;1;2;1;1;1;1;1;1;3;3; ; ; ; ;380000;2;2;1;1;1;1;1;2;2;2;1;1;1;1;1;2;1;2;1;2;2;1;2;2;2; ;1;1;1;4;1;1;1;1;1;3;1;1;01;73;07;73;208,531740900336
4663132;1;4;3;1;1;1;1;1;3;2; ;630000;85000000;300000; ;2;2;1;1;1;1;1;2;2;2;1;2;2;1;2;2;2;2;1;2;2;1;2;6;2; ;1;2;1;4;1;1;1;1;1;3;1;1;01;73;07;73;374,601126710412
4663134;1;3;2;1;1;1;1;3;3;1; ; ;40000000;400000; ;2;2;2;2;1;1;1;2;2;2;1;2;1;2;2;2;2;2;2;2;2;1;2;2;2; ;1;2;1;4;1;2;1;1;1;3;1;2;01;73;07;73;211,596973336722
4663135;1;3;2;1;1;1;1;3;3;3; ; ; ; ;650000;1;1;1;1;1;1;1;2;1;2;1;1;2;1;2;2;1;2;2;2;2;1;2;2;2; ;1;2;1;4;1;3;1;1;1;3;1;1;01;73;07;73;211,596973336722
4663136;1;3;2;1;1;1;1;3;3;3; ; ; ; ;650000;1;1;1;1;1;1;1;2;2;2;1;2;2;1;2;2;2;2;2;2;2;1;2;3;2; ;1;2;1;4;1;3;1;1;1;3;1;1;01;73;07;73;245,013210416855
4663137;1;5;3;1;1;1;1;3;3;1; ; ;100000000;600000; ;1;1;1;1;1;1;1;2;2;2;1;1;1;1;2;2;1;2;2;2;2;1;3;3;2; ;1;2;1;4;1;3;1;1;1;3;1;1;01;73;07;73;136,305414979764
4663138;1;4;3;1;1;1;1;1;3;1; ; ;98;300000; ;2;1;2;1;1;1;1;2;2;2;1;2;2;2;2;2;2;1;2;2;2;1;3;7;2; ;1;1;1;4;1;1;1;1;1;3;1;1;01;73;07;73;364,055964199814
4663139;1;5;4;1;1;1;1;1;3;3; ; ; ; ;600000;1;1;1;1;1;1;1;1;2;2;1;1;1;1;2;2;1;2;2;2;2;1;2;4;2; ;1;2;1;4;1;3;1;1;1;3;1;2;01;73;07;73;318,05083552662
4663140;1;3;2;1;1;1;1;1;3;1; ; ;105000000;400000; ;2;1;2;1;1;1;1;2;2;2;1;2;2;2;2;2;1;2;2;2;2;1;1;2;2; ;1;1;1;4;1;3;1;1;1;3;1;1;01;73;07;73;249,562895331605
4663141;1;4;3;1;1;1;1;1;3;1; ; ;120000000;600000; ;2;1;1;1;1;1;1;2;2;2;1;1;1;1;2;2;2;2;2;1;2;1;3;4;2; ;1;1;1;4;1;3;1;1;1;3;1;1;01;73;07;73;204,725846355047
4663143;1;3;2;1;1;1;1;1;3;3; ; ; ; ;400000;1;1;1;1;1;1;1;2;2;2;1;2;1;1;2;2;1;2;2;2;2;1;2;2;2; ;1;2;1;4;1;1;1;1;1;3;1;1;01;73;07;73;210,65384259226
4663144;1;4;3;1;1;1;1;1;3;1; ; ;98;800000; ;2;2;1;1;1;1;1;2;2;2;1;2;1;1;2;2;2;2;2;2;2;1;4;4;2; ;1;2;1;4;1;4;1;1;1;7;1;1;01;73;07;73;201,66061391866
4663145;1;3;2;1;1;1;1;1;3;1; ; ;98;400000; ;2;1;2;1;1;1;1;2;2;2;1;2;2;2;2;2;2;2;2;2;2;1;2;2;2; ;1;2;1;4;1;1;1;1;1;3;1;1;01;73;07;73;265,739702977852
4663146;1;3;2;1;1;1;1;1;3;3; ; ; ; ;300000;2;1;2;2;1;1;1;2;2;2;1;1;1;2;2;2;2;2;2;2;2;1;2;4;2; ;1;1;1;4;1;1;1;1;1;3;1;1;01;73;07;73;332,105541480943
4663147;1;4;1;1;1;1;1;1;3;1; ; ;70000000;700000; ;1;1;1;2;1;1;1;2;2;1;1;2;1;2;2;2;2;2;2;1;2;1;2;2;2; ;1;2;1;4;1;4;1;1;1;7;1;1;01;73;07;73;249,562895331605
4663148;1;3;2;1;1;1;1;1;3;3; ; ; ; ;350000;2;1;1;1;1;1;1;2;2;1;1;2;2;2;2;2;1;1;2;2;2;1;1;4;2; ;1;2;1;2;1;1;1;1;1;3;1;2;01;73;07;73;332,105541480943
4663149;1;4;3;1;1;1;1;1;3;3; ; ; ; ;450000;2;1;2;2;1;1;1;2;2;2;1;2;1;2;2;2;2;1;2;2;2;1;2;3;2; ;1;2;1;2;1;1;1;1;1;3;1;1;01;73;07;73;283,9222631562
4663150;1;3;1;1;1;1;1;1;3;3; ; ; ; ;1500000;2;2;2;1;1;1;1;2;2;2;1;2;2;2;2;2;2;2;2;2;2;1;1;1;2; ;1;2;1;4;1;4;1;1;1;7;1;2;01;73;07;73;290,793390137876
4663151;1;3;2;1;1;1;1;1;3;3; ; ; ; ;370000;1;1;1;1;1;1;1;2;2;2;1;1;1;1;2;2;2;2;2;2;2;1;1;2;2; ;1;1;1;4;1;2;1;1;1;3;1;2;01;73;07;73;244,86991800148
4663152;1;3;2;1;1;1;1;1;3;3; ; ; ; ;400000;2;2;1;1;1;1;1;2;2;2;1;2;2;1;2;2;2;2;2;2;2;1;3;4;2; ;1;2;1;4;1;2;1;1;1;3;1;2;01;73;07;73;266,261003031589
4663153;1;3;1;1;1;1;1;1;3;2; ;98;98;400000; ;2;2;2;1;1;1;1;1;2;1;1;2;2;2;2;2;2;2;2;2;2;1;1;1;2; ;1;1;1;4;1;1;1;1;1;3;1;1;01;73;07;73;231,380335153257
4663154;1;4;2;1;1;1;1;1;3;3; ; ; ; ;1000000;2;1;1;1;1;1;1;1;2;2;1;1;1;2;2;2;2;2;2;2;2;1;2;2;2; ;1;2;1;4;1;4;1;1;1;7;1;1;01;73;07;73;211,596973336722
4663155;1;3;1;1;1;1;1;1;4;1; ; ;98;800000; ;2;2;2;1;1;1;1;2;2;2;1;2;2;2;2;2;2;2;2;2;2;1;1;2;2; ;1;2;1;4;1;4;2;1;1;7;1;1;01;73;07;73;249,562895331605
4663156;1;4;3;1;1;1;1;1;3;4; ; ; ;400000; ;1;1;1;1;1;1;1;2;2;2;1;2;2;1;2;2;1;2;1;2;2;1;4;4;2; ;1;2;1;4;1;1;1;1;1;3;1;1;01;73;07;73;305,170055770935
4663158;1;4;2;1;1;1;1;1;3;1; ; ;98;1300000; ;1;1;1;1;1;1;1;2;1;1;1;2;2;2;2;2;2;2;2;2;2;1;3;3;2; ;1;2;1;4;1;4;1;1;1;7;1;1;01;73;07;73;270,81068794634
4663159;1;4;2;1;1;1;1;1;3;1; ; ;200000000;1100000; ;1;1;2;2;1;1;1;1;1;2;1;2;1;2;2;2;2;2;2;1;2;1;1;2;2; ;1;2;1;4;1;4;1;1;1;7;1;1;01;73;07;73;249,562895331605
4663160;1;6;5;1;1;1;1;1;3;1; ; ;200000000;500000; ;2;2;1;1;1;1;1;1;2;2;1;1;1;2;2;2;2;2;1;2;2;1;5;5;2; ;1;2;1;4;1;2;1;1;1;3;1;1;01;73;07;73;243,069775988292
4663161;1;4;3;1;1;1;10;1;3;3; ; ; ; ;400000;1;1;1;1;1;1;1;2;2;2;1;2;1;1;2;2;1;2;2;2;2;1;2;4;2; ;1;1;1;4;1;2;1;1;1;3;1;2;01;73;07;73;181,268449009589
4663162;1;5;2;1;1;1;1;1;3;1; ; ;98;400000; ;2;1;2;1;1;1;1;2;2;2;1;1;1;2;2;2;2;2;2;2;2;1;2;2;2; ;1;2;1;4;1;2;1;1;1;3;1;2;01;73;07;73;249,562895331605
4663163;1;4;3;1;1;1;1;1;3;3; ; ; ; ;800000;2;1;1;1;1;1;1;2;2;2;1;2;2;2;2;2;2;2;1;1;2;1;4;5;2; ;1;1;1;4;1;2;1;1;1;3;1;1;01;73;07;73;431,296093872642
4663164;1;8;3;1;1;1;1;1;3;1; ; ;130000000;400000; ;1;1;1;1;1;1;1;1;1;2;1;1;1;1;1;2;1;2;2;1;2;1;3;4;2; ;1;1;1;4;1;2;1;1;1;3;1;1;01;73;07;73;308,235288207321
4663166;1;3;2;1;1;1;1;1;3;3; ; ; ; ;400000;2;1;2;1;1;1;1;1;2;2;1;2;2;2;2;2;2;2;2;2;2;1;2;3;2; ;1;2;1;4;1;2;1;1;1;3;1;1;01;73;07;73;304,083632611097
4663167;1;5;2;1;1;1;1;1;3;2; ;600000;180000000;500000; ;2;1;1;1;1;1;1;2;2;2;2;1;2;2;2;2;2;2;1;2;2;1;2;3;2; ;1;1;1;4;1;2;1;1;1;3;1;2;01;73;07;73;203,639423195209
4663168;1;4;3;1;1;1;1;1;3;3; ; ; ; ;800000;1;1;1;1;1;1;2;2;2;2;1;2;1;1;2;2;1;1;2;1;2;1;3;3;2; ;1;1;1;4;1;3;1;1;1;3;1;1;01;73;07;73;229,779533515071
4663169;1;4;3;1;1;1;1;1;3;3; ; ; ; ;450000;2;1;1;1;2;1;1;2;2;2;1;2;2;2;2;2;2;2;2;2;2;1;2;4;2; ;1;2;1;4;1;2;1;1;1;3;1;1;01;73;07;73;318,05083552662
4663170;1;4;3;1;1;1;1;1;1;1; ; ;120000000;400000; ;1;1;1;1;1;1;1;1;2;2;1;2;2;1;2;2;1;2;1;2;2;1;4;4;2; ;1;1;1;4;1;2;1;1;1;3;1;1;01;73;07;73;150,583116713917
4663172;1;4;1;1;1;1;1;1;3;1; ; ;140000000;500000; ;1;1;1;1;1;1;1;2;2;2;1;2;2;2;2;2;1;2;2;2;2;1;1;2;2; ;1;1;1;4;1;2;1;1;1;3;1;2;01;73;07;73;249,562895331605
4663173;1;5;4;1;1;1;1;1;3;1; ; ;120000000;500000; ;1;1;1;1;1;1;1;2;2;2;1;1;1;1;2;2;2;1;1;2;2;1;3;5;2; ;1;1;1;4;1;2;1;1;1;3;1;2;01;73;07;73;208,853700579072
4663175;1;3;1;1;1;1;1;1;3;4; ; ; ;400000; ;2;1;2;2;2;1;1;2;2;2;1;2;1;2;2;2;2;1;2;2;2;1;2;2;1;2;1;2;1;4;1;2;1;1;1;3;1;1;01;73;07;73;249,562895331605
4663176;1;5;4;1;1;1;1;1;3;1; ; ;98;500000; ;1;1;1;2;1;1;1;2;2;2;1;2;1;1;2;2;2;2;1;2;2;1;5;6;2; ;1;1;1;4;1;2;1;1;1;3;1;2;01;73;07;73;276,963633135725
4663177;1;4;2;1;1;1;1;3;4;3; ; ; ; ;300000;2;2;2;2;1;1;1;2;2;2;1;2;2;2;2;2;2;2;2;2;2;1;1;3;2; ;1;1;1;2;1;1;2;1;1;3;1;1;01;73;07;73;245,956341161317
4663179;1;3;2;1;1;1;1;1;3;3; ; ; ; ;350000;2;1;2;1;1;1;1;2;2;2;1;2;1;2;2;2;2;1;1;2;2;1;2;3;2; ;1;1;1;2;1;2;1;1;1;3;1;1;01;73;07;73;380,151115309263
4663180;1;4;2;1;1;1;1;1;3;1; ; ;150000000;500000; ;2;1;2;2;1;1;1;2;2;2;1;2;1;2;2;2;2;1;2;2;2;1;2;2;2; ;1;1;1;2;1;2;1;1;1;3;1;2;01;73;07;73;327,274859654395
4663181;1;4;3;1;1;1;1;1;3;3; ; ; ; ;400000;2;1;1;1;1;1;1;1;1;2;1;1;1;2;2;2;2;1;2;1;2;1;2;4;2; ;1;2;1;4;1;1;1;1;1;3;1;2;01;73;07;73;297,889466071723
4663182;1;4;3;1;1;1;1;1;3;1; ; ;98;600000; ;1;1;1;1;1;1;1;1;1;2;1;1;1;2;2;2;2;2;2;1;2;1;2;4;2; ;1;1;1;4;1;2;1;1;1;3;1;2;01;73;07;73;222,299603440858
4663183;1;3;2;1;1;1;1;1;3;3; ; ; ; ;400000;2;1;2;2;2;2;2;2;2;2;1;1;2;2;2;2;2;2;2;2;2;1;1;3;2; ;1;2;1;4;1;2;1;1;1;3;1;1;01;73;07;73;348,522652269129
4663184;1;5;4;1;1;1;1;1;3;1; ; ;98;500000; ;1;1;1;1;1;1;1;2;2;2;1;2;2;1;2;2;1;1;2;2;2;1;3;4;2; ;1;1;1;4;1;2;1;1;1;3;1;2;01;73;07;73;201,66061391866
4663185;1;3;2;1;1;1;1;3;3;3; ; ; ; ;650000;2;1;1;1;1;1;1;2;2;2;1;1;2;1;2;2;2;1;1;2;2;1;3;3;2; ;1;2;1;4;1;3;1;1;1;3;1;1;01;73;07;73;279,229285826074
4663186;1;1;1;1;2;1;1;6; ;3; ; ; ; ;200000;2;1;2;2;1;1;1;2;2;2;1;1;1;2;2;2;2;1;2;2;2;1;1;1;2; ;1;3;1;4;1;2;2;1;1;3;1;1;01;73;07;73;306,970197784122
4663187;1;3;1;1;1;1;1;3;3;3; ; ; ; ;650000;2;1;1;1;1;1;1;2;2;2;1;1;1;1;2;2;2;1;1;1;2;1;2;2;2; ;1;2;1;4;1;3;1;1;1;3;1;1;01;73;07;73;224,708548546583
4663188;1;5;3;1;1;1;1;1;3;1; ; ;150000000;600000; ;1;1;1;1;1;1;1;2;2;2;1;1;1;1;2;2;2;1;2;2;2;1;3;4;2; ;1;1;1;4;1;2;1;1;1;2;1;1;01;73;07;73;336,798518811069
4663189;1;4;2;1;1;1;1;1;3;3; ; ; ; ;700000;2;1;1;1;1;1;1;2;2;2;1;2;2;1;2;2;2;2;2;2;2;1;2;2;1;1;1;2;1;4;1;3;1;1;1;3;1;2;01;73;07;73;125,842498511765
4663190;1;3;1;1;1;1;1;3;3;4; ; ; ;600000; ;2;1;2;1;1;1;1;2;2;2;1;1;1;2;2;2;2;2;2;2;2;2; ;1;1;2;1;2;1;4;1;3;1;1;1;3;1;1;01;73;07;73;231,380335153257
4663191;1;4;3;1;1;1;1;1;3;2; ;260000;50000000;300000; ;2;2;2;1;1;2;1;2;2;2;1;2;2;2;2;2;2;2;1;2;2;1;3;4;2; ;1;2;1;2;1;2;1;1;1;3;1;2;01;73;07;73;266,261003031589
4663192;1;3;2;1;1;1;1;1;3;3; ; ; ; ;300000;2;2;2;1;1;1;1;2;2;2;1;1;2;2;2;2;2;1;2;2;2;1;2;4;2; ;1;2;1;4;1;2;1;1;1;3;1;1;01;73;07;73;318,993966271083
4663194;1;3;2;1;1;1;1;1;3;1; ; ;60000000;350000; ;2;2;2;2;1;1;1;2;2;2;1;1;1;2;2;2;2;2;2;2;2;1;1;3;2; ;1;2;1;4;1;1;1;1;1;3;1;1;01;73;07;73;136,305414979764
4663196;1;4;3;1;1;1;1;1;3;3; ; ; ; ;480000;2;2;2;1;1;1;1;2;2;2;1;1;1;2;2;2;2;2;2;2;2;1;2;4;2; ;1;2;1;4;1;2;1;1;1;3;1;1;01;73;07;73;300,477078440809
4663197;1;4;3;1;1;1;1;1;3;3; ; ; ; ;407000;2;2;2;1;1;1;1;2;2;2;2;2;2;1;2;2;2;2;2;2;2;1;1;6;2; ;1;2;1;4;1;2;1;1;1;3;1;2;01;73;07;73;222,343283427295
4663198;1;3;2;1;1;1;1;3;3;3; ; ; ; ;650000;2;1;2;2;1;1;1;2;2;2;1;1;2;2;2;2;2;2;1;2;2;1;1;2;2; ;1;2;1;4;1;3;1;1;1;3;1;2;01;73;07;73;359,846453438991
4663199;1;4;3;1;1;1;1;1;3;1; ; ;98;600000; ;1;1;1;1;1;1;1;2;2;2;1;2;2;1;2;2;2;2;1;2;2;1;5;5;2; ;1;1;1;4;1;2;1;1;1;2;1;1;01;73;07;73;239,085214179641
4663200;1;2;1;1;1;1;1;1;3;3; ; ; ; ;250000;2;2;2;2;1;1;1;2;2;2;1;2;1;2;2;2;2;2;2;2;2;1;2;2;2; ;1;2;1;4;1;2;1;1;1;3;1;1;01;73;07;73;285,901072432749
4663202;1;3;2;1;1;1;1;1;3;3; ; ; ; ;380000;2;1;2;1;1;1;1;2;2;2;1;1;2;2;2;2;2;2;2;2;2;1;1;2;2; ;1;2;1;4;1;1;1;1;1;3;1;1;01;73;07;73;347,436229109292
4663203;1;3;2;1;1;1;1;1;3;3; ; ; ; ;400000;2;2;2;1;1;1;1;1;1;2;1;1;1;2;2;2;1;2;2;2;2;1;1;3;1;1;1;2;1;4;1;2;1;1;1;3;1;1;01;73;07;73;296,101692031725
4663206;1;5;3;1;1;1;1;1;3;2; ;290000;60000000;400000; ;1;1;1;1;1;1;1;2;1;2;1;1;1;1;2;2;2;1;1;2;2;1;2;4;2; ;1;1;1;4;1;2;1;1;1;3;1;1;01;73;07;73;300,477078440809
4663209;1;4;3;1;1;1;1;1;3;3; ; ; ; ;250000;1;2;1;2;1;1;1;2;2;2;1;2;1;2;2;2;2;2;2;2;2;1;2;3;2; ;1;2;1;4;1;2;1;1;1;3;1;1;01;73;07;73;230,958504462532
4663211;1;4;1;1;1;1;1;1;3;1; ; ;115000000;700000; ;1;1;1;1;1;1;1;2;1;2;1;2;2;1;2;2;2;2;2;2;2;1;1;1;2; ;1;2;1;4;1;4;1;1;1;7;1;1;01;73;07;73;190,349180721988
4663212;1;1;1;1;1;1;1;1;4;3; ; ; ; ;200000;2;1;2;2;1;2;1;2;2;2;1;2;1;2;2;2;2;2;2;2;2;1;1;1;2; ;1;2;1;2;1;2;2;1;1;3;1;1;01;73;07;73;290,793390137876
4663213;1;1;1;1;1;1;10;2;4;3; ; ; ; ;500000;2;1;1;2;1;1;1;2;2;2;1;2;1;1;2;2;1;2;2;2;2;1;1;2;2; ;1;2;1;2;1;2;2;1;1;3;1;2;01;73;07;73;211,596973336722
4663214;1;5;4;1;1;1;1;1;3;3; ; ; ; ;1200000;1;1;1;1;1;1;1;1;1;1;1;2;1;1;2;2;2;1;2;1;2;1;5;5;2; ;1;2;1;4;1;4;1;1;1;7;1;1;01;73;07;73;256,658971265453
4663215;1;2;1;1;2;1;1;1;4;3; ; ; ; ;140000;2;1;2;2;1;1;1;2;2;2;1;1;1;2;2;2;2;2;2;2;1;1;2;2;2; ;1;3;1;2;1;2;2;1;1;3;1;1;01;73;07;73;224,708548546583
4663216;1;1;1;1;2;1;1;6; ;3; ; ; ; ;100000;2;2;2;2;2;2;2;2;2;2;1;2;1;2;2;2;2;2;2;2;2;1;1;1;2; ;1;3;1;4;1;2;2;1;1;3;1;2;01;73;07;73;290,793390137876
4663217;1;3;2;1;1;1;1;1;3;3; ; ; ; ;550000;1;1;1;1;1;1;1;2;2;2;1;2;1;1;2;2;2;1;1;2;2;1;2;2;2; ;1;2;1;4;1;3;1;1;1;3;1;1;01;73;07;73;314,163284444534
4663218;1;1;1;1;1;1;10;1;4;3; ; ; ; ;300000;2;2;2;2;2;2;1;2;2;2;1;2;1;2;2;2;1;2;2;2;2;1;1;1;2; ;1;2;1;2;1;2;2;1;1;3;1;2;01;73;07;73;190,349180721988
4663219;1;1;1;1;2;1;1;1;4;3; ; ; ; ;260000;2;1;2;1;2;1;1;2;2;2;1;1;1;1;2;2;2;1;1;2;2;1;1;1;2; ;1;3;1;2;1;2;2;1;1;3;1;1;01;73;07;73;306,970197784122
4663220;1;2;2;1;1;1;1;1;3;3; ; ; ; ;350000;2;2;2;2;1;1;1;2;2;2;1;2;2;2;2;2;2;2;2;2;2;1;1;3;2; ;1;2;1;4;1;2;1;1;1;3;1;1;01;73;07;73;283,9222631562
4663221;1;1;1;1;2;1;1;1;4;3; ; ; ; ;230000;2;1;2;2;1;1;1;2;2;2;1;1;2;2;2;2;2;2;2;2;2;1;1;1;2; ;1;3;1;4;1;2;2;1;1;3;1;1;01;73;07;73;290,793390137876
4663222;1;2;1;1;2;1;1;1;4;3; ; ; ; ;350000;2;2;2;2;2;1;1;2;2;2;1;2;2;2;2;2;2;2;2;2;2;1;2;2;2; ;1;3;1;4;1;2;2;1;1;3;1;2;01;73;07;73;249,562895331605
4663223;1;1;1;1;1;1;1;1;4;3; ; ; ; ;250000;2;2;2;2;1;1;1;2;2;2;1;2;2;2;2;2;1;2;2;2;2;1;2;2;2; ;1;2;1;4;1;2;2;1;1;3;1;1;01;73;07;73;210,65384259226
4663224;1;3;2;1;1;1;1;1;3;3; ; ; ; ;480000;2;1;2;1;1;2;1;2;2;2;1;2;2;2;2;2;2;2;2;2;2;1;1;3;2; ;1;2;1;4;1;2;1;1;1;3;1;1;01;73;07;73;297,746173656348
4663227;1;4;3;1;1;1;1;1;3;3; ; ; ; ;350000;1;1;1;2;1;1;1;2;2;2;1;1;1;1;2;2;1;2;2;2;2;1;4;7;2; ;1;2;1;4;1;2;1;1;1;3;1;1;01;73;07;73;225,551808279056
4663229;1;4;2;1;1;1;1;1;3;3; ; ; ; ;200000;1;1;1;2;1;1;1;2;2;2;1;2;1;2;2;2;2;2;1;2;2;1;3;3;2; ;1;2;1;2;1;2;1;1;1;3;1;2;01;73;07;73;245,013210416855
4663230;1;3;2;1;1;1;1;1;3;1; ; ;98;450000; ;2;1;2;1;1;1;1;2;2;2;1;2;1;2;2;2;2;2;1;2;2;1;1;2;2; ;1;2;1;2;1;2;1;1;1;3;1;2;01;73;07;73;325,152757962471
4663231;1;4;2;1;1;1;1;1;3;1; ; ;70000000;450000; ;1;1;1;1;1;1;1;1;1;1;1;1;1;1;2;2;2;1;1;2;2;1;1;2;2; ;1;2;1;4;1;2;1;1;1;3;1;2;01;73;07;73;249,562895331605
4663232;1;6;4;1;1;1;1;1;3;3; ; ; ; ;550000;1;2;1;1;1;1;1;2;2;2;1;1;1;2;2;2;1;1;2;2;2;1;4;8;2; ;1;2;1;4;1;2;1;1;1;3;1;1;01;73;07;73;225,352467904055
4663233;1;3;2;1;1;1;1;3;3;3; ; ; ; ;450000;2;1;1;1;1;1;1;2;2;2;1;1;1;1;2;2;2;2;2;2;2;1;2;2;2; ;1;2;1;4;1;3;1;1;1;3;1;1;01;73;07;73;211,596973336722
4663239;1;2;1;1;1;1;1;1;3;3; ; ; ; ;400000;2;1;2;2;1;1;1;2;2;2;1;2;2;2;2;2;2;2;1;2;2;1;1;1;2; ;1;2;1;2;1;2;1;1;1;3;1;1;01;73;07;73;190,349180721988
4663242;1;4;3;1;1;1;1;1;3;3; ; ; ; ;1200000;1;1;1;1;1;1;1;2;1;1;1;1;2;1;2;2;1;1;2;1;2;1;2;4;2; ;1;2;1;4;1;6;1;1;1;3;1;1;01;76;07;76;2485,50373856493
4663243;1;3;1;1;1;1;1;1;3;3; ; ; ; ;325000;2;2;1;1;1;1;1;2;2;2;1;1;2;2;2;2;2;2;1;2;2;1;2;2;2; ;1;2;1;4;1;3;1;1;1;3;1;1;01;76;07;76;1078,61546295819
4663244;1;3;2;1;1;1;1;6; ;3; ; ; ; ;300000;2;1;1;2;1;1;1;2;2;2;1;2;2;1;2;2;2;2;1;2;2;1;2;4;2; ;1;2;1;4;1;3;1;1;1;3;1;1;01;76;07;76;937,673941960757
4663246;1;4;3;1;1;1;1;1;3;3; ; ; ; ;310000;2;1;1;1;1;1;1;2;2;2;1;2;1;1;2;2;1;2;1;2;2;1;4;6;2; ;1;2;1;4;1;1;1;1;1;3;1;1;01;76;07;76;976,132883326969
4663247;1;3;2;1;1;1;1;1;3;3; ; ; ; ;270000;1;1;1;2;1;1;1;2;2;2;1;2;2;2;2;2;2;1;1;2;2;1;2;3;2; ;1;2;1;4;1;2;1;1;1;3;1;1;01;76;07;76;1031,87101717571
4663248;1;3;2;1;1;1;1;1;4;3; ; ; ; ;250000;2;1;2;2;1;1;1;1;2;2;1;1;1;2;2;2;1;2;2;2;2;1;1;2;2; ;1;2;1;2;1;1;2;1;1;3;1;1;01;76;07;76;1078,61546295819
4663249;1;4;2;1;1;1;1;1;3;1; ; ;160000000;950000; ;1;1;1;1;1;1;1;1;1;1;1;1;1;1;1;2;1;2;2;2;2;1;2;2;2; ;1;2;1;4;1;4;1;1;1;3;1;1;01;76;07;76;779,783995483142
4663250;1;4;1;1;1;1;1;1;1;1; ; ;98;1000000; ;1;2;1;1;1;1;1;1;2;1;1;1;1;1;2;2;1;1;2;1;2;1;2;2;2; ;1;2;1;4;1;4;1;1;1;3;1;1;01;76;07;76;1135,62764593935
4663251;1;5;4;1;1;1;1;1;3;1; ; ;98;300000; ;2;2;2;1;1;1;1;2;1;2;1;2;2;1;2;2;1;1;2;2;2;1;3;6;2; ;1;1;1;2;1;2;1;1;1;3;1;1;01;76;07;76;1327,46006286235
4663252;1;4;2;1;1;1;1;1;3;2; ;1740000;220000000;1200000; ;1;1;1;1;1;1;1;1;1;2;1;1;1;1;2;2;1;2;2;1;2;1;2;2;2; ;1;2;1;4;1;4;1;1;1;3;1;1;01;76;07;76;1377,44693043324
4663253;1;4;2;1;1;1;1;1;3;1; ; ;98;1000000; ;1;1;2;1;1;1;1;1;2;1;1;2;1;2;2;2;2;2;2;1;2;1;2;2;2; ;1;2;1;4;1;4;1;1;1;3;1;1;01;76;07;76;808,064183975969
4663254;1;4;1;1;1;1;1;1;3;3; ; ; ; ;99;1;1;1;1;1;1;1;2;1;2;1;1;2;1;2;2;1;1;2;2;2;1;1;1;2; ;1;2;1;4;1;4;1;1;1;3;1;1;01;76;07;76;1214,18319139635
4663255;1;4;2;1;1;1;1;1;3;1; ; ;98;350000; ;1;1;1;1;1;1;1;2;2;2;1;1;1;2;2;2;2;1;2;2;2;1;1;3;2; ;1;1;1;4;1;1;1;1;1;3;1;1;01;76;07;76;971,327923012853
4663256;1;4;2;1;1;1;1;1;3;1; ; ;160000000;1000000; ;1;1;1;1;1;1;1;1;2;1;1;1;2;1;1;2;1;1;2;1;2;1;2;2;2; ;1;2;1;4;1;4;1;1;1;3;1;1;01;76;07;76;836,796178464305
4663257;1;4;2;1;1;1;1;1;3;1; ; ;160000000;1000000; ;1;1;1;1;1;1;1;1;2;1;1;1;1;1;2;2;1;1;2;2;2;1;2;2;2; ;1;2;1;4;1;4;1;1;1;3;1;1;01;76;07;76;779,783995483142
4663258;1;4;1;1;1;1;1;1;3;3; ; ; ; ;800000;1;1;1;1;1;1;1;1;1;2;1;1;1;1;2;2;1;2;2;1;2;1;2;2;2; ;1;2;1;4;1;4;1;1;1;3;1;1;01;76;07;76;808,064183975969
4663259;1;4;2;1;1;1;1;1;1;3; ; ; ; ;200000;2;1;1;2;1;1;1;2;2;2;1;2;2;2;2;2;1;2;2;2;2;1;2;2;2; ;1;1;1;2;1;1;2;1;1;3;1;1;01;76;07;76;1082,23147275109
4663260;1;3;2;1;1;1;1;1;3;4; ; ; ;350000; ;2;1;1;1;1;1;1;1;2;2;1;1;2;1;2;2;2;1;1;2;2;1;3;5;2; ;1;2;1;4;1;2;1;1;1;3;1;1;01;76;07;76;1339,5289704007
4663261;1;6;5;1;1;1;1;1;3;3; ; ; ; ;1000000;1;1;1;1;1;1;1;1;1;2;1;2;2;2;1;2;2;1;2;1;2;1;7;7;2; ;1;1;1;4;1;5;1;1;1;3;1;1;01;76;07;76;934,352135146155
4663262;1;5;2;1;1;1;1;1;3;3; ; ; ; ;1200000;1;1;1;1;1;1;1;1;2;2;1;1;2;2;2;2;1;2;2;2;2;1;2;4;2; ;1;1;1;4;1;4;1;1;1;3;1;1;01;76;07;76;949,784560537016
4663263;1;3;2;1;1;1;1;1;3;1; ; ;98;450000; ;1;1;1;1;1;1;1;2;2;2;1;1;2;2;2;2;1;1;1;2;2;1;2;4;2; ;1;2;1;4;1;2;1;1;1;3;1;1;01;76;07;76;1198,75076600549
4663264;1;4;3;1;1;1;1;1;3;6;TIENEN DOCUMENTO DE COMPRAVENTA; ; ;200000; ;1;1;1;1;1;1;1;1;1;2;1;1;1;2;2;2;2;2;2;2;2;1;3;6;2; ;1;1;1;2;1;1;1;1;1;3;1;1;01;76;07;76;1210,29280042041
4663265;1;3;2;1;1;1;1;1;3;4; ; ; ;350000; ;2;1;1;2;1;2;1;2;2;2;1;2;2;2;2;2;2;2;2;2;2;1;1;6;2; ;1;2;1;2;1;2;1;1;1;3;1;1;01;76;07;76;1509,12426789545
4663266;1;5;3;1;1;1;1;1;3;1; ; ;98;98; ;1;1;1;1;1;1;1;2;2;2;1;2;1;2;2;2;2;2;2;1;2;1;3;4;2; ;1;1;1;4;1;5;1;1;1;3;1;2;01;76;07;76;536,928727099642
4663267;1;5;4;1;1;1;1;1;3;1; ; ;230000000;1500000; ;2;1;1;1;1;1;1;1;2;2;1;2;1;1;2;2;1;1;1;1;2;1;4;4;2; ;1;1;1;4;1;5;1;1;1;3;1;1;01;76;07;76;1198,21386139877
4663268;1;2;2;1;2;1;1;2;4;4; ; ; ;200000; ;1;1;1;1;1;1;1;2;2;2;1;2;1;1;2;2;2;1;2;2;2;1;3;5;2; ;1;4;1;2;1;2;2;1;1;3;1;1;01;76;07;76;834,45421780383
4663269;1;6;1;1;1;1;1;1;3;3; ; ; ; ;1000000;2;1;1;1;1;1;1;1;1;1;1;1;1;1;1;2;1;1;1;1;1;1;2;2;2; ;1;1;1;4;1;5;1;1;1;3;1;1;01;76;07;76;865,076366957132
4663270;1;7;5;1;1;1;1;1;3;1; ; ;99;700000; ;1;1;1;1;1;1;1;1;2;2;1;2;1;2;2;2;1;2;1;1;2;1;3;7;2; ;1;1;1;4;1;2;1;1;1;3;1;1;01;76;07;76;1245,65206413366
4663271;1;5;4;1;1;1;1;1;3;1; ; ;98;1600000; ;1;1;1;1;1;1;1;1;1;2;1;2;1;1;2;2;1;2;2;2;2;1;4;4;2; ;1;1;1;4;1;4;1;1;1;3;1;1;01;76;07;76;525,459726179734
4663272;1;5;4;1;1;1;1;1;3;4; ; ; ;650000; ;2;2;2;2;1;2;1;2;2;2;1;2;2;2;2;2;2;1;2;2;2;1;2;6;2; ;1;1;1;4;1;3;1;1;1;3;1;1;01;76;07;76;1054,19323521516
4663273;1;5;3;1;1;1;1;1;3;3; ; ; ; ;990000;1;1;1;1;1;1;1;1;2;2;1;2;1;1;2;2;1;1;2;2;2;1;3;3;2; ;1;1;1;4;1;5;1;1;1;3;1;1;01;76;07;76;943,047734520026
4663274;1;2;1;1;1;1;1;1;3;3; ; ; ; ;400000;1;1;1;1;1;2;1;1;2;1;1;1;1;1;2;2;1;2;1;2;2;1;2;2;2; ;1;1;1;4;1;5;1;1;1;3;1;1;01;76;07;76;1078,61546295819
4663275;1;4;3;1;1;1;1;1;3;3; ; ; ; ;350000;1;1;2;1;1;1;1;1;2;2;1;2;1;2;2;1;2;2;2;2;2;1;2;4;2; ;1;1;1;2;1;2;1;1;1;3;1;1;01;76;07;76;597,556919873705
4663276;1;4;3;1;1;1;1;1;3;3; ; ; ; ;250000;2;1;2;1;1;1;1;1;1;2;1;1;1;1;2;2;2;2;2;2;2;1;3;3;2; ;1;1;1;2;1;2;1;1;1;3;1;1;01;76;07;76;1362,51358432527
4663277;1;3;2;1;1;1;1;1;4;3; ; ; ; ;300000;2;1;1;1;1;1;1;2;2;2;1;1;1;1;2;2;2;1;2;2;2;1;2;2;2; ;1;2;1;4;1;2;2;1;1;3;1;1;01;76;07;76;840,412188257205
4663278;1;5;3;1;1;1;1;1;3;1; ; ;99;1200000; ;1;1;1;1;1;1;1;1;1;2;1;1;1;1;2;2;1;2;1;1;2;1;2;4;2; ;1;1;1;4;1;5;1;1;1;3;1;1;01;76;07;76;1191,6038450309
4663279;1;3;1;1;1;1;1;1;4;3; ; ; ; ;350000;2;2;2;2;1;1;1;2;2;2;1;2;2;2;2;2;2;1;2;2;2;1;1;2;2; ;1;2;1;4;1;9;2;1;1;3;1;1;01;76;07;76;808,064183975969
4663280;1;4;3;1;1;1;1;1;3;4; ; ; ;98; ;1;1;1;1;1;1;1;1;1;2;1;1;1;1;2;2;1;2;1;2;2;1;4;5;2; ;1;2;1;4;1;1;1;1;1;3;1;1;01;76;07;76;1016,11842283693
4663281;1;4;3;1;1;1;1;1;3;4; ; ; ;350000; ;2;1;2;1;1;1;1;2;2;2;1;2;1;2;2;2;2;2;1;2;2;1;4;4;2; ;1;2;1;2;1;1;1;1;1;3;1;1;01;76;07;76;903,535308323344
4663282;1;3;2;1;1;1;1;1;3;3; ; ; ; ;250000;1;1;1;1;1;1;1;2;2;2;1;2;1;2;2;2;2;1;2;2;2;1;1;3;2; ;1;2;1;2;1;1;1;1;1;3;1;1;01;76;07;76;2260,33750953775
4663283;1;1;1;1;1;1;1;1;3;3; ; ; ; ;200000;2;1;1;1;1;1;1;1;2;2;1;2;2;1;2;2;2;1;1;2;2;1;1;5;2; ;1;2;1;4;1;2;1;1;1;3;1;1;01;76;07;76;1023,81767340436
4663284;1;3;2;1;1;1;1;1;3;1; ; ;70000000;380000; ;1;1;1;1;1;1;1;1;2;2;1;2;1;1;2;2;2;2;2;2;2;1;3;3;2; ;1;2;1;4;1;3;1;1;1;3;1;1;01;76;07;76;1330,70248465075
4663285;1;5;4;1;1;1;1;1;3;3; ; ; ; ;450000;1;1;1;1;1;1;1;2;2;2;1;1;1;1;2;2;1;2;1;2;2;1;5;6;2; ;1;2;1;4;1;2;1;1;1;3;1;1;01;76;07;76;1305,8749893486
4663286;1;3;1;1;1;1;1;1;3;1; ; ;80000000;300000; ;1;1;2;1;1;1;1;1;2;1;1;2;2;2;2;2;2;2;2;2;2;1;1;1;2; ;1;2;1;4;1;2;1;1;1;3;1;1;01;76;07;76;915,351723921305
4663287;1;4;3;1;1;1;1;1;3;3; ; ; ; ;450000;1;1;1;1;1;1;1;1;2;2;1;2;1;2;2;2;1;1;1;2;2;1;2;4;2; ;1;2;1;4;1;2;1;1;1;3;1;1;01;76;07;76;1166,40276172426
4663288;1;4;3;1;1;1;1;1;3;1; ; ;98;470000; ;1;1;1;1;1;1;1;2;2;2;1;2;1;1;2;2;2;2;1;1;2;1;3;4;2; ;1;2;1;4;1;2;1;1;1;3;1;1;01;76;07;76;868,108198855926
4663289;1;5;4;1;1;1;1;1;3;3; ; ; ; ;400000;2;1;1;1;1;1;1;2;2;2;1;2;2;2;2;2;2;1;2;2;2;1;2;5;2; ;1;2;1;4;1;2;1;1;1;3;1;1;01;76;07;76;1288,84834587741
4663290;1;3;2;1;1;1;1;1;3;3; ; ; ; ;380000;2;1;1;1;1;1;1;2;2;2;1;2;2;2;2;2;1;2;1;2;2;1;2;3;2; ;1;2;1;4;1;2;1;1;1;3;1;1;01;76;07;76;1311,83295980198
4663291;1;4;3;1;1;1;1;1;3;3; ; ; ; ;450000;2;1;1;1;1;1;1;2;2;2;1;2;2;1;2;2;2;1;1;2;2;1;2;4;2; ;1;2;1;4;1;2;1;1;1;3;1;1;01;76;07;76;906,250856988313
4663292;1;3;2;1;1;1;1;1;3;2; ;400000;84000000;400000; ;1;1;1;1;1;1;1;1;2;2;1;2;2;1;1;2;1;1;2;2;2;1;2;3;2; ;1;1;1;4;1;2;1;1;1;3;1;1;01;76;07;76;746,130014431045
4663293;1;4;2;1;1;1;1;1;3;1; ; ;180000000;800000; ;1;1;1;1;1;1;1;1;1;2;1;2;1;1;1;2;1;2;2;2;2;1;1;2;2; ;1;2;1;4;1;4;1;1;1;3;1;1;01;76;07;76;808,064183975969
4663294;1;3;2;1;2;1;1;1;3;4; ; ; ;400000; ;2;1;2;1;1;1;1;1;2;2;1;1;1;2;2;2;1;2;1;2;2;1;4;5;2; ;1;2;1;2;1;2;1;1;1;3;1;1;01;76;07;76;1050,57722542226
4663294;2;1;1;1;2;1;1;6; ;3; ; ; ; ;100000;2;2;2;2;2;2;2;2;2;2;2;2;2;2;2;2;2;2;2;2;2;1;1;1;2; ;2;2;1;2;1;2;1;1;1;3;1;1;01;76;07;76;1050,57722542226
4663295;1;4;2;1;1;1;1;1;3;3; ; ; ; ;700000;1;1;1;1;1;1;1;1;1;2;1;2;2;1;2;2;1;2;2;1;2;1;2;3;2; ;1;2;1;4;1;3;1;1;1;3;1;1;01;76;07;76;1098,35765509436
4663296;1;4;3;1;1;1;1;1;3;1; ; ;98;300000; ;1;1;2;1;1;1;1;2;2;2;1;2;2;2;2;2;2;2;2;2;2;1;2;4;2; ;1;2;1;2;1;2;1;1;1;3;1;1;01;76;07;76;835,76019457469
4663297;1;3;2;1;1;1;1;1;3;3; ; ; ; ;250000;2;1;2;1;1;1;1;2;2;2;1;2;1;1;2;2;2;1;1;2;2;1;2;4;2; ;1;2;1;4;1;3;1;1;1;3;1;1;01;76;07;76;1475,09669883886
4663298;1;4;2;1;1;1;1;1;3;1; ; ;140000000;600000; ;2;1;1;1;1;1;1;1;1;1;1;1;2;1;2;1;1;2;2;1;2;1;3;3;2; ;1;2;1;4;1;3;1;1;1;3;1;1;01;76;07;76;729,508638518969
4663299;1;3;2;1;1;1;1;1;3;1; ; ;170000000;700000; ;2;1;2;1;1;1;1;2;2;2;1;2;2;1;2;2;2;2;2;2;2;1;4;4;2; ;1;2;1;4;1;3;1;1;1;2;1;1;01;76;07;76;811,096015874763
4663300;1;4;3;1;1;1;1;1;3;5; ; ; ;150000; ;2;2;2;1;1;2;1;2;2;2;1;2;2;2;2;2;2;2;2;2;2;1;2;3;2; ;1;1;7;2;1;2;1;1;1;3;1;1;01;76;07;76;733,124648311868
4663301;1;4;3;1;1;1;1;1;3;2; ;1100000;98;600000; ;1;1;1;1;1;1;1;2;2;2;1;1;1;1;2;2;2;1;1;1;2;1;3;4;2; ;1;2;1;4;1;3;1;1;1;3;1;1;01;76;07;76;966,405936449093
4663302;1;4;2;1;1;1;1;1;3;3; ; ; ; ;460000;2;1;1;1;1;1;1;1;2;2;1;2;2;1;2;2;2;2;2;2;2;1;2;3;2; ;1;2;1;4;1;2;1;1;1;3;1;1;01;76;07;76;647,832276837878
4663303;1;4;3;1;1;1;1;1;3;4; ; ; ;250000; ;2;1;1;2;1;1;1;2;2;2;1;2;2;2;2;2;2;2;1;2;2;1;3;5;2; ;1;2;1;4;1;1;1;1;1;3;1;1;01;76;07;76;2221,6003012744
4663304;1;4;2;1;1;1;1;1;3;1; ; ;180000000;1000000; ;1;1;1;1;1;1;1;1;1;1;1;1;1;1;2;2;1;2;2;2;2;1;2;2;2; ;1;2;1;4;1;3;1;1;1;3;1;1;01;76;07;76;865,076366957132
4663305;1;3;2;1;1;1;1;1;3;1; ; ;40000000;380000; ;1;1;1;2;1;1;1;2;2;2;1;2;2;2;2;2;2;1;2;2;2;2; ;2;2; ;1;2;1;2;1;2;1;1;1;3;1;2;01;76;07;76;1110,42656263271
4663306;1;4;3;1;1;1;1;1;3;3; ; ; ; ;470000;2;1;1;1;1;1;1;2;2;2;1;1;2;2;2;2;1;2;1;2;2;1;4;4;2; ;1;2;1;4;1;3;1;1;1;4;1;1;01;76;07;76;1462,15512401312
4663307;1;5;3;1;1;1;1;1;3;3; ; ; ; ;700000;1;1;1;1;1;1;1;2;1;2;1;2;2;2;2;2;1;2;2;2;2;1;3;4;2; ;1;2;1;4;1;3;1;1;1;3;1;1;01;76;07;76;692,238647673972
4663308;1;4;2;1;1;1;1;1;3;1; ; ;98;200000; ;1;1;1;1;1;1;1;1;2;2;1;2;2;1;2;2;1;1;2;2;2;1;2;2;2; ;1;1;1;4;1;2;1;1;1;3;1;1;01;76;07;76;836,796178464305
4663309;1;4;2;1;1;1;1;1;3;1; ; ;200000000;800000; ;1;1;1;1;1;1;1;1;2;2;1;2;1;2;2;2;2;2;2;2;2;1;1;2;2; ;1;2;1;4;1;3;1;1;1;3;1;1;01;76;07;76;779,783995483142
4663310;1;4;2;1;1;1;1;1;3;2; ;820000;150000000;500000; ;1;1;1;1;1;1;1;1;2;2;1;2;1;1;1;2;2;1;2;1;2;1;2;3;2; ;1;2;1;4;1;3;1;1;1;3;1;1;01;76;07;76;1280,02186012746
4663311;1;3;2;1;1;1;1;1;3;3; ; ; ; ;250000;2;1;2;1;1;1;1;2;2;2;1;1;2;1;2;2;1;1;1;2;2;1;2;4;2; ;1;2;1;2;1;1;1;1;1;3;1;1;01;76;07;76;1402,83100080182
4663312;1;2;1;1;1;1;1;1;3;3; ; ; ; ;250000;2;1;2;2;2;1;1;2;2;2;2;2;2;2;2;2;2;2;2;2;2;1;1;1;2; ;1;1;1;4;1;2;1;1;1;3;1;1;01;76;07;76;915,351723921305
4663313;1;4;3;1;1;1;1;1;3;4; ; ; ;400000; ;2;1;1;2;1;1;1;2;2;2;1;2;2;2;2;2;2;2;1;2;2;1;3;4;2; ;1;2;1;4;1;1;1;1;1;3;1;1;01;76;07;76;1195,11383974741
4663314;1;1;1;1;2;1;1;1;3;3; ; ; ; ;200000;2;2;2;2;1;2;1;2;2;2;2;2;2;2;2;2;2;2;2;2;2;1;1;4;2; ;1;3;1;4;1;2;1;1;1;2;1;1;01;76;07;76;1221,16679576872
4663315;1;4;3;1;1;1;1;1;3;1; ; ;99;800000; ;1;1;1;1;1;1;1;1;1;1;1;1;1;1;2;1;2;2;2;1;2;1;3;4;2; ;1;2;1;4;1;3;1;1;1;3;1;1;01;76;07;76;1166,93966633097
4663316;1;2;1;1;1;1;1;1;3;1; ; ;100000000;350000; ;1;1;2;1;1;1;1;2;2;2;1;1;2;2;1;2;1;1;2;2;2;1;2;2;2; ;1;1;1;4;1;2;1;1;1;3;1;1;01;76;07;76;808,064183975969
4663317;1;1;1;1;2;1;1;1;3;3; ; ; ; ;200000;2;2;2;2;2;2;1;2;2;2;2;2;2;2;2;2;2;2;2;2;2;2; ;3;2; ;1;3;1;4;1;2;1;1;1;3;1;1;01;76;07;76;844,427752024212
4663318;1;4;2;1;1;1;1;1;3;4; ; ; ;500000; ;1;1;1;1;1;1;1;2;2;2;1;2;1;2;2;2;2;2;2;2;2;1;2;3;2; ;1;2;1;4;1;1;1;1;1;3;1;1;01;76;07;76;2196,71531018871
4663319;1;4;1;1;1;1;1;1;3;4; ; ; ;98; ;1;1;1;1;1;1;1;1;1;2;2;2;1;2;2;2;1;2;2;2;2;1;1;1;2; ;1;2;1;4;1;3;1;1;1;3;1;1;01;76;07;76;915,351723921305
4663320;1;2;1;1;1;1;1;1;4;1; ; ;98;300000; ;1;1;1;1;1;1;1;2;1;1;1;1;2;2;2;1;2;2;1;1;2;1;2;2;2; ;1;2;1;4;1;2;2;1;1;3;1;1;01;76;07;76;1135,62764593935
4663321;1;3;2;1;1;1;1;1;3;1; ; ;98;500000; ;1;1;1;1;1;1;1;2;2;2;1;2;2;2;2;2;2;2;2;2;2;1;1;2;2; ;1;2;1;4;1;2;1;1;1;3;1;1;01;76;07;76;808,064183975969
4663322;1;2;1;1;1;1;1;1;3;3; ; ; ; ;400000;2;1;2;1;1;1;1;2;2;2;1;2;2;2;2;2;2;2;2;2;2;1;1;2;2; ;1;2;1;3;1;2;1;1;1;3;1;1;01;76;07;76;808,064183975969
4663323;1;3;1;1;1;1;1;6; ;3; ; ; ; ;200000;2;1;2;2;2;2;2;2;2;2;1;2;2;2;2;2;2;1;2;2;2;1;1;1;2; ;1;2;1;2;1;1;1;1;1;3;1;1;01;76;07;76;2428,36638279271
4663324;1;4;3;1;1;1;1;1;3;3; ; ; ; ;829000;1;1;1;1;1;1;1;2;2;2;1;1;2;1;2;1;1;2;1;1;2;1;3;5;2; ;1;2;1;4;1;3;1;1;1;3;1;1;01;76;07;76;834,45421780383
4663325;1;4;2;1;1;1;1;1;3;2; ;800000;150000000;800000; ;1;1;1;1;1;1;1;1;1;1;1;1;2;1;1;1;1;2;2;1;1;1;2;4;2; ;1;2;1;4;1;3;1;1;1;3;1;1;01;76;07;76;1424,41607431557
4663326;1;4;2;1;1;1;1;1;3;2; ;660000;98;800000; ;1;1;1;1;1;1;1;1;1;1;1;1;2;1;2;2;1;2;2;1;2;1;2;4;2; ;1;2;1;4;1;3;1;1;1;3;1;1;01;76;07;76;1424,41607431557
4663327;1;3;2;1;1;1;1;1;3;3; ; ; ; ;280000;2;1;2;2;1;1;1;2;2;2;1;2;2;2;2;2;2;1;2;2;2;1;1;4;2; ;1;2;1;4;1;1;1;1;1;3;1;1;01;76;07;76;1061,08766424936
4663328;1;3;2;1;1;1;1;1;3;3; ; ; ; ;350000;1;2;1;2;1;1;1;2;2;2;1;1;1;2;2;2;2;1;2;2;2;1;2;3;2; ;1;2;1;4;1;2;1;1;1;3;1;1;01;76;07;76;803,142197412208
4663329;1;3;2;1;1;1;1;3;3;3; ; ; ; ;400000;2;1;2;2;1;1;1;1;2;2;1;1;1;2;2;2;2;1;1;2;2;1;2;3;2; ;1;2;1;4;1;2;1;1;1;3;1;1;01;76;07;76;1277,30631146249
4663330;1;2;2;1;1;1;1;1;4;3; ; ; ; ;320000;2;1;1;2;1;1;1;1;2;2;1;1;2;2;2;2;2;2;2;2;1;1;2;3;2; ;1;4;1;4;1;9;2;1;1;3;1;1;01;76;07;76;1280,02186012746
4663331;1;3;2;1;1;1;1;1;3;3; ; ; ; ;250000;2;1;2;2;1;2;1;2;2;2;1;2;2;2;2;2;2;2;2;2;2;1;2;3;2; ;1;2;1;4;1;9;1;1;1;3;1;1;01;76;07;76;729,508638518969
4663332;1;4;3;1;1;1;1;1;3;3; ; ; ; ;450000;1;1;1;1;1;1;1;1;2;2;1;2;2;2;2;2;1;2;2;2;2;1;4;4;2; ;1;2;1;4;1;2;1;1;1;3;1;1;01;76;07;76;1195,13475621259
4663333;1;4;2;1;1;1;1;1;4;3; ; ; ; ;250000;2;1;2;2;2;1;1;2;2;2;1;2;2;2;2;2;2;2;1;2;2;1;2;2;2; ;1;2;1;4;1;1;2;1;1;3;1;1;01;76;07;76;1167,43874561387
4663334;1;4;1;1;1;1;1;1;3;3; ; ; ; ;400000;2;2;2;2;2;1;1;2;2;2;1;1;2;2;2;2;2;2;2;2;2;1;2;2;2; ;1;2;1;4;1;2;1;1;1;3;1;1;01;76;07;76;1245,49521178797
4663334;2;4;1;1;1;1;1;1;3;1; ; ;99;350000; ;2;1;1;2;1;1;1;2;2;2;1;2;2;2;2;2;2;2;2;2;2;1;1;1;2; ;2;2;1;4;1;2;1;1;1;3;1;1;01;76;07;76;1245,49521178797
4663335;1;3;2;1;1;1;1;1;3;3; ; ; ; ;380000;2;2;2;2;2;1;1;2;2;2;1;2;2;2;2;2;1;2;2;2;2;1;1;4;2; ;1;2;1;4;1;3;1;1;1;3;1;1;01;76;07;76;1242,75186928247
4663336;1;3;2;1;1;1;1;1;3;1; ; ;250000000;600000; ;1;1;2;2;1;1;1;2;2;2;1;2;2;2;2;2;2;2;2;2;2;1;1;5;2; ;1;1;1;4;1;3;1;1;1;3;1;1;01;76;07;76;525,459726179734
4663337;1;4;3;1;1;1;1;1;3;4; ; ; ;450000; ;1;1;1;1;1;1;1;2;2;2;1;2;1;2;2;2;1;2;2;1;2;1;5;7;2; ;1;2;1;4;1;2;1;1;1;2;1;1;01;76;07;76;1377,17254925019
4663339;1;3;2;1;1;1;1;1;3;3; ; ; ; ;350000;1;1;1;1;1;1;1;2;2;2;1;1;1;1;2;2;1;2;1;2;2;1;4;4;2; ;1;2;1;4;1;2;1;1;1;3;1;1;01;76;07;76;925,120381837089
4663340;1;3;2;1;1;1;1;1;3;1; ; ;80000000;400000; ;1;1;1;1;1;1;1;2;2;2;1;1;2;1;2;2;2;2;2;2;2;1;1;4;2; ;1;1;1;2;1;2;1;1;1;3;1;1;01;76;07;76;868,108198855926
4663341;1;4;1;1;1;1;1;1;4;3; ; ; ; ;970000;1;1;1;1;1;1;1;2;1;1;1;2;2;2;2;2;1;2;2;2;2;1;1;1;2; ;1;2;1;4;1;4;2;1;1;3;1;1;01;76;07;76;915,351723921305
4663342;1;3;1;1;1;1;1;1;3;3; ; ; ; ;1200000;1;1;1;1;1;1;1;1;2;1;1;2;2;1;1;2;1;1;2;2;2;1;1;1;2; ;1;2;1;4;1;6;1;1;1;3;1;1;01;76;07;76;1944,72781380494
4663343;1;5;4;1;1;1;1;1;3;3; ; ; ; ;550000;2;1;1;1;1;1;1;2;2;2;1;1;2;1;2;2;1;1;1;2;2;1;3;5;2; ;1;2;1;4;1;3;1;1;1;3;1;1;01;76;07;76;1406,01560831935
4663344;1;3;2;1;1;1;1;1;3;3; ; ; ; ;380000;2;1;1;1;1;1;1;2;2;2;1;1;1;2;2;2;1;1;2;2;2;1;2;3;2; ;1;2;1;4;1;2;1;1;1;3;1;1;01;76;07;76;803,142197412208
4663345;1;4;1;1;1;1;1;6; ;1; ; ;98;900000; ;2;1;1;1;1;1;1;1;2;1;1;2;1;2;2;2;2;2;2;2;2;1;1;1;2; ;1;2;1;4;1;3;1;1;1;3;1;1;01;76;07;76;972,363906902468
4663346;1;1;1;1;2;1;1;6; ;4; ; ; ;200000; ;2;2;2;2;1;1;1;2;2;2;2;2;2;2;2;2;2;2;1;2;2;1;1;1;2; ;1;4;1;2;1;2;2;1;1;3;1;1;01;76;07;76;1214,18319139635
4663347;1;3;1;1;1;1;1;1;3;3; ; ; ; ;250000;1;1;1;1;1;1;1;1;2;2;1;1;1;2;2;2;2;2;1;2;2;1;2;3;2; ;1;2;1;4;1;3;1;1;1;3;1;1;01;76;07;76;1280,02186012746
4663348;1;6;2;1;1;1;1;1;3;3; ; ; ; ;650000;1;1;1;1;1;1;1;1;2;2;1;1;2;1;1;2;1;2;2;2;2;1;2;2;2; ;1;2;1;4;1;3;1;1;1;3;1;1;01;76;07;76;893,808361445468
4663349;1;4;3;1;1;1;1;1;3;1; ; ;99;750000; ;2;1;1;1;1;1;1;1;1;1;1;2;2;1;2;2;1;1;2;2;2;1;2;4;2; ;1;2;1;4;1;3;1;1;1;3;1;1;01;76;07;76;1274,56296895698
4663350;1;1;1;1;1;1;1;6; ;3; ; ; ; ;180000;2;1;2;2;2;2;1;2;2;2;1;2;2;2;2;2;2;1;2;2;2;1;1;1;2; ;1;2;1;4;1;2;2;1;1;3;1;1;01;76;07;76;943,631912414132
4663355;1;4;1;1;1;1;1;1;3;3; ; ; ; ;880000;2;1;1;1;1;1;1;1;2;1;1;2;2;1;2;2;1;2;2;1;2;1;2;2;2; ;1;2;1;4;1;3;1;1;1;3;1;1;01;76;07;76;1135,62764593935
4663359;1;4;3;1;1;1;1;1;3;1; ; ;98;800000; ;1;1;1;1;1;1;1;1;1;2;1;1;1;1;2;2;1;2;2;1;2;1;2;4;2; ;1;2;1;4;1;3;1;1;1;3;1;1;01;76;07;76;1242,75186928247
4663363;1;3;2;1;1;1;1;3;3;3; ; ; ; ;380000;2;1;2;1;1;1;1;2;2;2;1;1;2;2;2;2;1;1;1;2;2;1;2;3;2; ;1;2;1;4;1;2;1;1;1;3;1;1;01;76;07;76;1311,83295980198
4663364;1;4;2;1;1;1;1;1;3;3; ; ; ; ;900000;1;1;1;1;1;1;1;1;1;1;1;1;1;1;1;2;1;1;2;2;2;1;2;2;2; ;1;2;1;4;1;4;1;1;1;3;1;1;01;76;07;76;840,412188257205
4663365;1;5;1;1;1;1;1;1;4;1; ; ;400000000;2000000; ;1;1;1;1;1;1;1;1;1;1;1;1;1;1;1;1;1;1;2;1;1;1;2;2;2; ;1;2;1;4;1;6;2;1;1;3;1;1;01;76;07;76;1730,15273391426
4663368;1;5;1;1;1;1;1;1;1;1; ; ;500000000;3000000; ;1;1;1;1;1;1;1;1;1;1;1;1;1;1;1;1;1;1;2;1;2;1;2;2;2; ;1;2;1;4;1;6;2;1;1;3;1;1;01;76;07;76;1616,12836795194
4663369;1;4;1;1;1;1;1;1;3;4; ; ; ;400000; ;2;1;1;2;1;1;1;1;2;2;1;2;2;1;2;2;2;2;1;2;2;1;1;1;1;3;1;2;1;4;1;3;1;1;1;3;1;1;01;76;07;76;1245,99429107087
4663374;1;4;2;1;1;1;1;1;3;2; ;905000;180000000;1000000; ;1;1;1;1;1;1;1;1;1;1;1;1;2;1;2;1;1;2;2;1;2;1;3;3;2; ;1;2;1;4;1;3;1;1;1;3;1;1;01;76;07;76;1003,67592729409
4663379;1;2;1;1;1;1;1;1;3;1; ; ;99;300000; ;2;1;2;1;1;1;1;2;2;2;1;2;2;2;2;2;2;2;2;2;2;1;1;1;1;1;1;2;1;4;1;3;1;1;1;3;1;1;01;76;07;76;972,363906902468
4663710;1;5;1;1;1;1;1;1;3;3; ; ; ; ;1250000;2;2;1;1;1;1;1;1;1;1;1;2;2;1;2;2;1;1;1;2;2;1;1;1;2; ;1;2;1;4;1;4;1;1;1;2;1;1;01;05;07;05;595,369418492641
4663711;1;5;1;1;1;1;1;1;1;4; ; ; ;98; ;2;2;2;2;1;2;1;2;2;2;2;2;2;2;2;2;2;2;2;2;2;2; ;1;2; ;1;2;1;4;1;3;2;1;1;2;1;1;01;05;07;05;1208,14056640759
4663712;1;4;3;1;1;1;1;1;3;1; ; ;35000000;400000; ;2;1;2;1;1;1;1;2;2;2;1;1;1;2;2;2;2;2;2;2;2;1;3;4;2; ;1;2;1;2;1;1;1;1;1;2;1;1;01;05;07;05;818,060868060407
4663713;1;4;2;1;1;1;1;1;3;1; ; ;100000000;700000; ;1;1;1;1;1;1;1;1;2;1;1;1;2;2;2;2;2;2;1;2;1;1;2;3;2; ;1;2;1;4;1;3;1;1;1;2;1;1;01;05;07;05;1187,08503780176
4663714;1;4;1;1;1;1;1;1;3;4; ; ; ;800000; ;1;1;2;2;1;1;1;2;2;2;1;2;2;2;2;2;2;2;2;2;2;2; ;1;2; ;1;2;1;4;1;3;1;1;1;2;1;1;01;05;07;05;1017,21390952118
4663714;2;1;1;1;2;1;1;1;3;3; ; ; ; ;300000;2;2;2;2;2;2;2;2;2;2;1;2;2;2;2;2;2;2;2;2;2;1;1;1;2; ;2;2;1;4;1;3;1;1;1;2;1;1;01;05;07;05;1017,21390952118
4663715;1;2;1;1;1;1;1;1;3;1; ; ;99;99; ;1;1;2;2;1;1;1;2;2;2;1;2;2;2;2;2;2;2;2;2;2;2; ;2;2; ;1;2;1;4;1;3;1;1;1;2;1;1;01;05;07;05;1168,373834668
4663717;1;3;1;1;1;1;1;1;3;1; ; ;98;380000; ;1;1;2;1;1;1;1;1;1;1;1;1;2;2;2;2;2;2;2;2;2;1;2;2;2; ;1;2;1;4;1;1;1;1;1;2;1;1;01;05;07;05;1124,03451753757
4663718;1;5;3;1;1;1;1;1;3;4; ; ; ;900000; ;1;1;2;1;1;1;1;2;1;1;1;2;1;2;2;2;2;2;2;2;2;1;3;3;2; ;1;2;1;4;1;3;1;1;1;2;1;1;01;05;07;05;1187,08503780176
4663719;1;2;1;1;1;1;1;1;3;3; ; ; ; ;600000;2;1;1;1;1;1;1;2;1;2;1;1;1;1;2;2;2;1;2;2;2;2; ;1;2; ;1;2;1;4;1;3;1;1;1;2;1;1;01;05;07;05;1190,73883698528
4663720;1;3;2;1;1;1;1;1;3;3; ; ; ; ;350000;1;1;1;2;1;1;1;1;1;1;1;1;1;1;2;2;2;2;2;2;2;1;3;6;2; ;1;2;1;4;1;2;1;1;1;2;1;1;01;05;07;05;1626,88772644096
4663721;1;6;3;1;1;1;1;1;3;1; ; ;98;700000; ;1;1;1;1;1;1;1;2;1;1;1;2;1;2;2;2;2;2;1;1;2;1;3;4;2; ;1;2;1;4;1;3;1;1;1;2;1;1;01;05;07;05;1264,27417580888
4663722;1;3;1;1;1;1;1;1;3;1; ; ;140000000;700000; ;1;1;1;1;1;1;1;2;2;2;1;2;1;2;2;2;2;2;2;2;2;1;2;2;2; ;1;2;1;4;1;3;1;1;1;2;1;1;01;05;07;05;1168,373834668
4663723;1;3;2;1;1;1;1;1;3;3; ; ; ; ;350000;2;1;1;2;1;1;1;2;2;2;1;1;1;2;2;2;2;2;2;2;2;1;3;3;2; ;1;2;1;4;1;1;1;1;1;2;1;1;01;05;07;05;933,10786065116
4663724;1;3;2;1;1;1;1;1;3;3; ; ; ; ;620000;1;1;1;1;1;1;1;2;1;1;1;1;1;1;1;2;1;1;2;1;2;1;2;2;2; ;1;2;1;4;1;3;1;1;1;2;1;1;01;05;07;05;1182,51245241093
4663725;1;3;2;1;1;1;1;1;3;1; ; ;98;350000; ;1;2;2;1;1;1;1;2;2;2;1;2;1;2;2;2;2;1;2;2;2;2; ;3;2; ;1;2;1;4;1;2;1;1;1;2;1;1;01;05;07;05;1327,18265665433
4663726;1;3;2;1;1;1;1;1;3;2; ;98;45000000;500000; ;1;1;1;1;1;1;1;1;1;1;1;2;2;2;2;2;2;2;2;2;2;1;2;2;2; ;1;2;1;4;1;2;1;1;1;2;1;1;01;05;07;05;1155,57486470281
4663727;1;3;1;1;1;1;1;1;3;3; ; ; ; ;700000;2;1;1;1;1;1;1;2;1;1;1;1;1;1;2;2;1;2;1;2;2;1;2;2;2; ;1;2;1;4;1;3;1;1;1;2;1;1;01;05;07;05;1182,51245241093
4663728;1;2;1;1;1;1;1;1;4;3; ; ; ; ;200000;2;1;1;2;2;1;2;2;2;2;1;2;2;2;2;2;2;2;2;2;2;1;1;1;2; ;1;2;1;2;1;2;2;1;1;2;1;1;01;05;07;05;1163,80124927716
4663729;1;1;1;1;1;1;1;6; ;4; ; ; ;300000; ;1;1;1;2;2;2;2;2;2;2;1;2;2;2;2;2;2;2;2;2;2;1;1;1;2; ;1;2;1;4;1;3;1;1;1;2;1;1;01;05;07;05;1190,73883698528
4663730;1;4;1;1;1;1;1;1;1;1; ; ;150000000;900000; ;1;1;1;1;1;1;1;1;1;1;1;2;1;1;2;2;1;2;2;1;2;1;1;1;2; ;1;2;1;4;1;4;1;1;1;2;1;1;01;05;07;05;1190,73883698528
4663731;1;4;1;1;1;1;1;1;3;4; ; ; ;800000; ;1;1;1;1;1;1;1;2;1;1;1;2;2;2;2;2;1;2;2;2;2;1;1;1;2; ;1;2;1;4;1;4;1;1;1;2;1;1;01;05;07;05;1208,14056640759
4663732;1;2;1;1;1;1;1;3;3;3; ; ; ; ;572000;1;1;2;1;1;2;1;2;1;2;1;2;2;2;2;2;1;2;2;2;2;2; ;1;2; ;1;2;1;4;1;3;1;1;1;2;1;1;01;05;07;05;1132,26090211193
4663733;1;5;2;1;2;1;1;1;3;1; ; ;98;900000; ;1;1;2;1;1;1;1;2;1;1;1;2;2;1;2;2;1;2;2;2;2;1;1;2;2; ;1;2;1;4;1;3;1;1;1;2;1;1;01;05;07;05;1262,96470209743
4663733;2;1;1;1;2;1;1;1;3;3; ; ; ; ;300000;2;1;2;1;1;1;1;2;2;1;1;2;2;2;2;2;2;2;2;2;2;2; ;1;2; ;2;2;1;4;1;3;1;1;1;2;1;1;01;05;07;05;1262,96470209743
4663734;1;4;3;1;1;1;1;1;3;3; ; ; ; ;930000;1;1;1;1;1;1;1;2;1;2;1;1;1;1;2;2;2;2;2;1;2;1;3;3;2; ;1;2;1;4;1;4;1;1;1;2;1;1;01;05;07;05;1218,625384967
4663735;1;3;2;1;1;1;1;1;3;3; ; ; ; ;600000;1;1;1;1;1;1;1;1;2;1;1;2;2;1;2;2;1;1;2;2;2;1;2;2;2; ;1;2;1;4;1;3;1;1;1;2;1;1;01;05;07;05;1199,91418183323
4663736;1;3;2;1;1;1;1;1;3;3; ; ; ; ;290000;1;1;1;1;1;1;2;2;1;2;1;1;2;1;2;2;2;1;2;1;2;1;4;4;2; ;1;2;1;2;1;2;1;1;1;2;1;1;01;05;07;05;1245,47737272859
4663737;1;2;2;1;1;1;1;1;3;3; ; ; ; ;260000;1;1;2;2;1;1;1;2;2;2;1;2;1;2;2;2;2;2;2;2;2;1;2;4;2; ;1;2;1;2;1;2;1;1;1;2;1;1;01;05;07;05;876,269544271158
4663738;1;2;1;1;1;1;1;1;1;3; ; ; ; ;700000;2;2;2;1;1;1;1;2;1;2;1;1;1;1;2;2;1;1;2;1;2;1;1;1;2; ;1;2;1;4;1;4;2;1;1;2;1;1;01;05;07;05;1190,73883698528
4663739;1;6;2;1;1;1;1;1;3;4; ; ; ;850000; ;1;1;1;1;1;1;1;2;2;1;1;2;1;1;2;2;2;1;1;2;2;1;2;2;2; ;1;2;1;4;1;3;1;1;1;2;1;1;01;05;07;05;1209,45004011905
4663740;1;4;3;1;1;1;1;1;3;2; ;1400000;130000000;800000; ;1;1;1;1;1;1;1;2;2;2;1;2;2;1;2;2;2;2;1;2;2;1;3;4;2; ;1;2;1;4;1;4;1;1;1;2;1;1;01;05;07;05;996,158380915352
4663741;1;5;1;1;1;1;1;1;1;1; ; ;200000000;900000; ;1;1;2;1;1;1;1;2;1;1;1;2;2;2;2;2;2;2;2;2;2;2; ;1;2; ;1;2;1;4;1;3;2;1;1;2;1;1;01;05;07;05;1208,14056640759
4663742;1;4;3;1;1;1;1;1;3;1; ; ;50000000;450000; ;2;2;2;1;1;1;2;2;2;2;2;2;1;2;2;2;2;2;2;2;2;1;1;5;2; ;1;2;1;4;1;2;1;1;1;2;1;1;01;05;07;05;894,980747404923
4663743;1;3;1;1;1;1;1;1;3;3; ; ; ; ;550000;1;1;1;1;1;1;1;2;2;1;1;2;2;1;2;2;2;2;2;2;2;1;1;1;1;3;1;2;1;4;1;4;1;1;1;2;1;1;01;05;07;05;981,100976965104
4663744;1;2;1;1;1;1;1;1;3;3; ; ; ; ;500000;1;1;1;1;1;1;1;1;2;2;1;1;2;1;2;2;1;2;2;2;2;1;1;1;2; ;1;2;1;4;1;4;1;1;1;2;1;1;01;05;07;05;1190,73883698528
4663745;1;5;3;1;1;1;1;1;3;1; ; ;170000000;850000; ;1;1;1;1;1;1;1;1;1;1;1;1;1;1;2;2;1;1;2;1;2;1;4;4;2; ;1;2;1;4;1;3;1;1;1;2;1;1;01;05;07;05;800,659138638101
4663746;1;2;2;1;1;1;1;1;3;3; ; ; ; ;350000;2;2;2;2;2;1;1;2;2;2;1;2;2;2;2;2;2;2;2;2;2;1;1;5;2; ;1;2;1;2;1;2;1;1;1;2;1;1;01;05;07;05;1297,3077436283
4663747;1;4;1;1;1;1;1;1;1;1; ; ;300000000;900000; ;1;1;1;1;1;1;1;1;1;1;1;1;1;1;2;2;1;2;2;1;2;1;2;2;2; ;1;2;1;4;1;3;2;1;1;2;1;1;01;05;07;05;1168,373834668
4663748;1;5;2;1;1;1;1;1;4;1; ; ;98;900000; ;2;1;1;1;1;1;1;1;1;1;1;2;1;1;2;2;2;1;1;2;2;1;2;2;2; ;1;2;1;4;1;4;2;1;1;2;1;1;01;05;07;05;1226,85176954135
4663749;1;5;3;1;1;1;1;3;3;1; ; ;90000000;600000; ;1;1;1;1;1;1;1;2;1;1;1;2;1;1;2;2;2;1;1;1;2;1;3;5;2; ;1;2;1;4;1;3;1;1;1;2;1;1;01;05;07;05;1153,42179791783
4663750;1;3;1;1;1;1;1;1;3;1; ; ;60000000;380000; ;1;1;1;1;1;1;1;2;2;1;1;2;1;1;1;2;1;2;2;2;2;1;2;2;2; ;1;2;1;4;1;2;1;1;1;2;1;1;01;05;07;05;1155,57486470281
4663751;1;4;2;1;1;1;1;1;4;4; ; ; ;98; ;1;1;1;1;1;1;1;1;1;1;1;2;2;1;2;2;2;1;1;2;2;1;3;3;2; ;1;2;1;4;1;4;2;1;1;2;1;1;01;05;07;05;991,585795524514
4663752;1;3;2;1;1;1;1;1;3;1; ; ;40000000;400000; ;1;1;1;1;1;1;1;1;1;1;1;1;1;1;2;2;2;2;2;2;2;1;2;2;2; ;1;2;1;4;1;2;1;1;1;2;1;1;01;05;07;05;1094,89493531661
4663753;1;3;1;1;1;1;1;1;3;3; ; ; ; ;8500000;1;1;1;1;1;1;1;1;1;1;1;1;2;2;2;2;2;2;2;2;2;1;1;1;2; ;1;2;1;4;1;4;1;1;1;2;1;1;01;05;07;05;1190,73883698528
4663754;1;3;2;1;1;1;1;1;3;3; ; ; ; ;750000;1;1;1;1;1;1;1;2;1;1;1;1;1;1;2;2;2;2;2;1;2;1;3;3;2; ;1;2;1;4;1;3;1;1;1;2;1;1;01;05;07;05;1086,66855074226
4663755;1;3;3;1;1;1;1;1;3;3; ; ; ; ;210000;1;1;1;2;1;2;2;2;2;2;1;1;1;2;2;2;2;2;2;2;2;1;2;3;2; ;1;2;1;2;1;2;1;1;1;2;1;1;01;05;07;05;1341,32127439726
4663756;1;5;2;1;1;1;1;1;3;2; ;600000;160000000;900000; ;1;1;1;1;1;1;1;1;1;1;1;1;1;1;2;2;2;2;1;2;2;1;2;2;2; ;1;2;1;4;1;4;1;1;1;2;1;1;01;05;07;05;1182,51245241093
4663757;1;4;3;1;1;1;1;1;3;1; ; ;150000000;800000; ;1;1;1;1;1;1;1;2;1;1;1;2;1;1;2;2;2;2;1;2;2;1;4;4;2; ;1;2;3;4;1;4;1;1;1;2;1;1;01;05;07;05;996,158380915352
4663758;1;5;4;1;1;1;1;1;3;1; ; ;350000000;1300000; ;1;1;1;1;1;1;1;1;1;1;1;2;2;1;2;2;2;1;1;1;2;1;3;4;2; ;1;2;1;4;1;3;1;1;1;2;1;1;01;05;07;05;1318,95627207998
4663759;1;2;1;1;1;1;1;1;1;3; ; ; ; ;550000;2;1;1;1;1;1;1;2;2;2;1;1;1;1;2;2;2;2;1;1;2;1;1;1;2; ;1;2;1;4;1;3;2;1;1;2;1;1;01;05;07;05;1190,73883698528
4663761;1;4;3;1;1;1;1;1;3;1; ; ;70000000;400000; ;1;1;1;1;1;1;1;2;1;1;1;2;2;1;2;2;1;2;1;2;2;1;4;4;2; ;1;2;1;4;1;1;1;1;1;2;1;1;01;05;07;05;1245,47737272859
4663762;1;3;2;1;1;1;1;1;3;3; ; ; ; ;100000;1;1;1;1;1;1;1;2;2;2;1;1;1;2;2;2;1;2;2;2;2;1;1;3;2; ;1;2;1;2;1;1;1;1;1;2;1;1;01;05;07;05;1174,28606783657
4663765;1;5;3;1;1;1;1;1;3;1; ; ;200000000;1200000; ;1;1;1;1;1;1;1;2;1;1;1;2;1;2;2;2;2;2;2;1;2;1;4;5;2; ;1;2;1;4;1;3;1;1;1;3;1;1;01;05;07;05;1369,20782237898
4663766;1;3;2;1;1;1;1;1;3;3; ; ; ; ;1000000;1;2;1;1;1;1;1;2;1;1;1;1;2;1;2;2;2;1;2;2;2;1;3;3;2; ;1;2;1;4;1;3;1;1;1;2;1;1;01;05;07;05;991,585795524514
4663767;1;4;3;1;1;1;1;1;3;1; ; ;98;98; ;1;1;1;1;1;1;1;1;1;2;1;2;1;1;2;2;1;2;2;2;2;1;4;4;2; ;1;2;1;4;1;2;1;1;1;2;1;1;01;05;07;05;895,741893855846
4663768;1;3;2;1;1;1;1;1;3;3; ; ; ; ;470000;1;1;1;1;1;1;1;2;2;2;1;2;1;1;2;2;2;2;2;2;2;1;2;2;2; ;1;2;1;4;1;2;1;1;1;2;1;1;01;05;07;05;1067,95734760849
4663769;1;4;3;1;1;1;1;1;3;3; ; ; ; ;700000;2;1;2;1;1;1;1;2;2;2;2;2;1;2;2;2;2;2;2;2;2;1;4;5;2; ;1;2;1;4;1;2;1;1;1;2;1;1;01;05;07;05;741,420057313824
4663770;1;5;2;1;1;1;2;1;3;3; ; ; ; ;550000;2;1;1;1;1;1;1;1;2;1;1;2;2;1;2;2;2;2;2;2;2;1;3;3;2; ;1;2;1;4;1;2;1;1;1;2;1;1;01;05;07;05;1187,08503780176
4663771;1;4;3;1;1;1;1;1;3;1; ; ;60000000;480000; ;1;1;1;1;1;2;1;1;2;1;1;2;2;1;2;2;2;2;2;2;2;1;1;4;2; ;1;2;1;4;1;2;1;1;1;2;1;1;01;05;07;05;1140,18321272064
4663772;1;1;1;1;1;1;1;2;4;3; ; ; ; ;210000;2;1;2;2;1;1;1;2;2;2;2;1;1;2;2;2;2;2;2;2;2;1;1;1;2; ;1;2;1;4;1;3;2;1;1;3;1;1;01;05;07;05;1132,26090211193
4663773;1;5;1;1;1;1;1;1;3;1; ; ;240000000;1600000; ;1;1;1;1;1;1;1;1;1;1;1;1;1;1;2;2;1;2;2;2;2;1;2;2;2; ;1;2;1;4;1;3;1;1;1;2;1;1;01;05;07;05;1168,373834668
4663774;1;4;3;1;1;1;1;1;3;2; ;680000;80000000;5500000; ;1;1;1;1;1;1;1;1;1;1;1;2;1;1;2;2;2;2;2;2;2;1;2;4;2; ;1;2;1;4;1;2;1;1;1;2;1;1;01;05;07;05;1500,13009638359
4663775;1;3;2;1;1;1;1;1;3;1; ; ;80000000;350000; ;2;2;2;1;1;1;1;2;2;2;1;2;2;2;2;2;2;2;1;1;2;1;2;2;2; ;1;2;1;4;1;2;1;1;1;2;1;1;01;05;07;05;1226,85176954135
4663776;1;3;1;1;1;1;1;1;3;3; ; ; ; ;780000;1;1;2;1;1;1;1;1;1;1;1;2;2;2;2;2;2;2;2;2;2;2; ;1;2; ;1;2;1;4;1;3;1;1;1;2;1;1;01;05;07;05;1208,14056640759
4663777;1;6;3;1;1;1;1;1;3;4; ; ; ;700000; ;1;1;1;1;1;1;1;1;2;1;1;1;1;1;2;2;2;2;2;2;2;1;3;7;2; ;1;2;1;4;1;3;1;1;1;3;1;1;01;05;07;05;1345,94278751596
4663778;1;3;1;1;1;1;1;1;3;1; ; ;120000000;650000; ;1;1;1;1;1;1;1;2;1;2;1;2;1;2;2;2;1;2;2;2;2;1;2;2;2; ;1;2;1;4;1;2;1;1;1;2;1;1;01;05;07;05;1168,373834668
4663779;1;5;3;1;1;1;1;1;3;1; ; ;90000000;400000; ;1;1;1;1;1;1;1;2;2;2;1;1;1;1;2;2;2;2;2;2;2;1;3;3;2; ;1;2;1;4;1;3;1;1;1;3;1;1;01;05;07;05;1169,68330837946
4663781;1;4;1;1;1;1;1;1;4;3; ; ; ; ;500000;1;1;2;1;1;1;1;2;2;1;1;2;2;2;2;2;2;2;2;2;2;2; ;2;2; ;1;2;1;4;1;2;2;1;1;2;1;1;01;05;07;05;1168,373834668
4663782;1;3;2;1;1;1;1;1;3;1; ; ;90000000;500000; ;1;1;1;1;1;1;1;1;2;2;1;2;1;2;2;2;1;2;1;2;2;1;4;5;2; ;1;2;1;4;1;2;1;1;1;2;1;1;01;05;07;05;1310,72988750562
4663784;1;4;2;1;1;1;1;1;3;2; ;436000;250000000;700000; ;1;1;1;1;1;1;1;1;1;1;1;2;1;1;2;2;2;2;1;2;2;1;3;3;2; ;1;2;1;4;1;2;1;1;1;2;1;1;01;05;07;05;991,585795524514
4663785;1;4;3;1;1;1;1;1;3;1; ; ;110000000;500000; ;1;1;1;1;1;1;1;2;1;1;1;1;1;1;1;2;1;1;1;1;2;1;3;3;2; ;1;2;1;4;1;2;1;1;1;2;1;1;01;05;07;05;1086,66855074226
4663786;1;4;3;1;1;1;1;1;4;1; ; ;150000000;700000; ;1;1;1;1;1;1;1;2;1;1;1;1;2;1;2;2;1;1;2;1;2;1;2;3;2; ;1;2;1;4;1;2;2;1;1;2;1;1;01;05;07;05;1440,19235647291
4663787;1;2;1;1;1;1;1;1;3;3; ; ; ; ;1300000;1;1;1;1;1;1;1;1;2;1;1;2;2;2;2;2;2;2;1;2;2;1;1;1;2; ;1;2;1;4;1;5;1;1;1;2;1;1;01;05;07;05;1190,73883698528
4663788;1;2;2;1;1;1;1;1;3;1; ; ;210000000;1100000; ;1;1;1;1;1;1;1;2;1;1;1;2;2;1;2;2;1;2;2;2;2;1;2;2;2; ;1;2;1;4;1;5;1;1;1;2;1;1;01;05;07;05;1226,85176954135
4663789;1;5;1;1;1;1;1;1;1;4; ; ; ;800000; ;1;1;1;2;1;1;1;1;2;2;1;2;1;1;2;2;2;2;2;2;2;1;1;1;2; ;1;2;1;4;1;3;2;1;1;2;1;1;01;05;07;05;1208,14056640759
4663790;1;2;1;1;1;1;1;1;1;2; ;1200000;170000000;1200000; ;1;1;1;1;1;1;1;1;1;1;1;1;2;1;2;2;2;1;2;2;2;1;1;1;2; ;1;2;1;4;1;5;2;1;1;2;1;1;01;05;07;05;1190,73883698528
4663791;1;1;1;1;1;1;1;1;1;3; ; ; ; ;300000;2;1;1;1;1;1;2;1;2;2;1;2;2;2;2;2;2;2;2;2;2;1;1;1;2; ;1;2;1;4;1;3;2;1;1;2;1;1;01;05;07;05;1208,14056640759
4663792;1;2;1;1;1;1;1;1;3;1; ; ;99;1300000; ;1;1;1;1;1;1;1;2;1;1;1;2;1;1;1;2;2;2;2;1;2;1;1;1;2; ;1;2;1;4;1;5;1;1;1;2;1;1;01;05;07;05;1132,26090211193
4663793;1;5;3;1;1;1;1;1;3;1; ; ;200000000;800000; ;1;1;1;1;1;2;1;2;1;2;1;2;1;1;2;2;2;2;2;2;2;1;3;3;2; ;1;2;1;4;1;3;1;1;1;2;1;1;01;05;07;05;1028,19061586891
4663794;1;3;1;1;1;1;1;1;3;3; ; ; ; ;1194000;1;1;1;1;1;1;1;1;1;1;1;1;1;1;2;2;1;1;2;1;2;1;2;2;2; ;1;2;1;4;1;5;1;1;1;2;1;1;01;05;07;05;1182,51245241093
4663795;1;2;1;1;1;1;1;1;3;2; ;1400000;250000000;1600000; ;2;2;1;1;1;1;1;1;2;1;1;2;2;2;2;2;1;1;2;1;2;1;1;1;2; ;1;2;1;4;1;5;1;1;1;2;1;1;01;05;07;05;1163,80124927716
4663796;1;3;1;1;1;1;1;1;1;4; ; ; ;230000; ;2;1;2;1;1;2;1;2;2;2;1;2;1;2;2;2;2;2;2;2;2;1;1;2;2; ;1;2;1;4;1;1;2;1;1;2;1;1;01;05;07;05;1139,90979895144
4663797;1;2;1;1;1;1;1;1;4;3; ; ; ; ;160000;2;1;2;2;2;1;1;2;2;2;1;2;2;2;2;2;2;2;2;2;2;1;1;3;2; ;1;2;1;2;1;1;2;1;1;2;1;1;01;05;07;05;1440,19235647291
4663798;1;8;2;1;1;1;1;1;3;1; ; ;300000000;99; ;1;1;2;1;1;1;1;2;1;2;1;2;2;2;2;2;2;2;2;2;2;2; ;2;2; ;1;1;1;4;1;3;1;1;1;2;1;1;01;05;07;05;1244,25349896366
4663799;1;3;1;1;1;1;1;1;3;4; ; ; ;1500000; ;1;1;1;1;1;1;1;2;1;1;1;2;2;1;2;2;2;2;2;2;1;1;1;1;2; ;1;2;1;4;1;5;1;1;1;2;1;1;01;05;07;05;1163,80124927716
4663800;1;3;2;1;1;1;1;1;3;1; ; ;40000000;400000; ;1;1;1;1;1;1;1;1;1;2;1;2;1;1;2;2;1;1;2;2;2;1;2;3;2; ;1;2;1;4;1;2;1;1;1;2;1;1;01;05;07;05;1341,32127439726
4663801;1;3;2;1;1;1;1;1;1;3; ; ; ; ;290000;1;1;1;1;1;1;1;1;1;2;1;2;2;1;2;2;2;2;2;2;2;1;2;2;2; ;1;2;1;4;1;3;2;1;1;2;1;1;01;05;07;05;1199,91418183323
4663802;1;4;2;1;1;1;1;1;1;4; ; ; ;250000; ;2;2;2;2;1;1;1;2;2;2;1;2;2;2;2;2;2;2;2;2;2;2; ;2;2; ;1;2;1;4;1;1;2;1;1;2;1;1;01;05;07;05;1168,373834668
4663803;1;3;2;1;1;1;1;1;4;3; ; ; ; ;250000;2;1;2;1;1;1;1;2;1;2;1;2;2;2;2;2;2;2;2;2;2;1;3;4;2; ;1;2;1;4;1;1;2;1;1;2;1;1;01;05;07;05;800,659138638101
4663804;1;4;3;1;1;1;1;1;4;1; ; ;98;350000; ;2;1;1;1;1;1;1;2;1;2;1;2;2;1;2;2;2;2;2;2;2;1;1;4;2; ;1;2;1;4;1;1;2;1;1;2;1;2;01;05;07;05;1517,5318258059
4663805;1;4;3;1;1;1;1;1;4;3; ; ; ; ;300000;2;1;2;2;1;1;1;2;1;2;1;2;2;1;2;2;2;2;2;2;2;1;1;5;2; ;1;2;1;4;1;1;2;1;1;2;1;1;01;05;07;05;1099,565579477
4663806;1;4;2;1;1;1;1;1;4;3; ; ; ; ;300000;1;1;1;2;1;2;1;2;2;2;1;2;1;1;2;2;2;1;1;2;2;1;3;4;2; ;1;2;1;4;1;1;2;1;1;2;1;2;01;05;07;05;1035,83951270841
4663807;1;6;3;1;1;1;1;1;3;1; ; ;120000000;600000; ;1;1;1;1;1;1;1;1;1;2;1;2;1;1;2;2;2;2;2;2;2;1;4;5;2; ;1;2;1;4;1;2;1;1;1;3;1;1;01;05;07;05;1054,55071584218
4663808;1;2;2;1;1;1;1;1;4;1; ; ;35000000;150000; ;2;1;2;2;1;2;2;2;2;2;1;2;2;2;2;2;2;2;2;2;2;1;2;3;2; ;1;2;1;2;1;2;2;1;1;2;1;1;01;05;07;05;1104,07028016457
4663809;1;6;4;1;1;1;1;1;3;1; ; ;98;500000; ;1;1;1;1;1;1;1;2;1;2;1;2;1;2;2;2;2;2;1;2;2;1;3;4;2; ;1;2;1;4;1;2;1;1;1;3;1;1;01;05;07;05;1205,79624093553
4663810;1;4;3;1;1;1;1;1;3;2; ;98;99;500000; ;1;1;1;1;1;1;1;2;2;2;1;1;1;1;2;2;2;2;1;1;2;1;5;6;2; ;1;2;1;4;1;2;1;1;1;2;1;1;01;05;07;05;1146,74081832733
4663811;1;4;3;1;1;1;1;1;3;1; ; ;200000000;1300000; ;1;1;1;1;1;1;1;2;1;1;1;2;1;1;2;2;1;2;1;2;2;1;3;4;2; ;1;2;1;4;1;3;1;1;1;2;1;1;01;05;07;05;990,824649073591
4663812;1;4;1;1;1;1;1;1;3;1; ; ;99;450000; ;1;1;2;2;1;1;1;1;2;2;1;2;2;2;2;2;2;2;2;2;2;2; ;1;2; ;1;2;1;4;1;2;1;1;1;3;1;1;01;05;07;05;1208,14056640759
4663813;1;4;1;1;1;1;1;1;3;3; ; ; ; ;520000;2;1;1;1;1;1;1;2;1;1;1;2;2;2;2;2;1;2;2;2;2;1;2;2;2; ;1;2;1;4;1;2;1;1;1;3;1;1;01;05;07;05;1124,03451753757
4663814;1;4;3;1;1;1;1;1;3;3; ; ; ; ;785000;1;1;1;1;1;1;1;2;2;1;1;1;1;1;2;2;1;2;2;2;2;1;3;3;2; ;1;2;1;4;1;2;1;1;1;3;1;1;01;05;07;05;1245,56297267512
4663815;1;3;1;1;1;1;1;1;3;1; ; ;98;700000; ;1;1;1;1;1;1;1;1;1;1;1;1;1;2;2;2;1;2;2;2;1;1;1;2;2; ;1;2;1;4;1;2;1;1;1;3;1;1;01;05;07;05;1168,373834668
4663816;1;4;1;1;1;1;1;1;3;1; ; ;90000000;400000; ;1;1;1;1;1;1;1;1;1;1;1;2;1;2;2;2;2;2;2;1;2;1;2;2;2; ;1;2;1;4;1;2;1;1;1;3;1;1;01;05;07;05;1168,373834668
4663817;1;4;2;1;1;1;1;1;3;1; ; ;98;600000; ;1;1;1;1;1;1;1;2;1;1;1;2;1;1;2;2;2;2;2;2;2;1;2;2;2; ;1;2;1;4;1;2;1;1;1;3;1;1;01;05;07;05;1067,95734760849
4663818;1;4;3;1;1;1;1;1;3;3; ; ; ; ;550000;1;1;1;1;1;1;1;2;2;2;1;2;2;1;2;2;2;2;2;2;2;1;4;6;2; ;1;2;1;4;1;2;1;1;1;3;1;1;01;05;07;05;1125,72306375878
4663819;1;4;1;1;1;1;1;1;3;1; ; ;98;500000; ;1;1;1;1;1;1;1;2;1;1;1;1;1;1;2;2;1;1;2;2;2;1;2;2;2; ;1;2;1;4;1;2;1;1;1;3;1;1;01;05;07;05;1226,85176954135
4663820;1;4;2;1;1;1;1;1;3;1; ; ;120000000;750000; ;1;1;1;1;1;1;1;1;2;1;1;1;1;2;2;2;2;2;2;2;1;1;3;3;2; ;1;2;1;4;1;2;1;1;1;3;1;1;01;05;07;05;1072,52993299933
4663822;1;1;1;1;2;1;1;2;1;3; ; ; ; ;300000;2;1;2;2;2;1;1;2;2;2;1;2;2;2;2;2;2;2;2;2;2;2; ;1;2; ;1;3;1;4;1;2;2;1;1;3;1;1;01;05;07;05;1190,73883698528
4663823;1;1;1;1;2;1;1;2;4;3; ; ; ; ;300000;2;1;2;2;1;1;1;2;2;2;1;2;2;2;2;2;2;2;2;2;2;1;1;1;2; ;1;3;1;2;1;3;2;1;1;3;1;1;01;05;07;05;1190,73883698528
4663824;1;1;1;1;2;1;1;2;1;3; ; ; ; ;250000;2;1;2;2;2;2;1;2;2;2;1;2;1;2;2;2;2;2;2;2;2;1;1;1;2; ;1;3;1;2;1;3;2;1;1;3;1;1;01;05;07;05;1132,26090211193
4663825;1;1;1;1;2;1;1;6; ;3; ; ; ; ;200000;2;1;2;2;2;2;2;2;2;2;2;2;2;2;2;2;2;2;2;2;2;2; ;1;2; ;1;3;1;2;1;3;2;1;1;3;1;1;01;05;07;05;1132,26090211193
4663826;1;4;3;1;1;1;1;1;3;3; ; ; ; ;680000;1;1;1;1;1;1;1;2;1;2;1;2;1;1;2;2;1;1;1;2;2;1;3;4;2; ;1;2;1;4;1;2;1;1;1;3;1;1;01;05;07;05;1039,62783956632
4663827;1;4;1;1;1;1;1;1;1;3; ; ; ; ;700000;1;1;1;1;1;1;1;1;1;1;1;2;1;1;1;2;1;2;1;2;2;1;1;1;2; ;1;2;1;4;1;2;2;1;1;3;1;1;01;05;07;05;1190,73883698528
4663828;1;4;2;1;1;1;1;1;3;3; ; ; ; ;630000;2;1;1;1;1;1;1;1;1;1;1;1;2;2;2;2;1;2;2;1;2;1;1;2;2; ;1;2;1;4;1;2;1;1;1;3;1;1;01;05;07;05;1322,61007126349
4663829;1;5;3;1;1;1;1;1;3;1; ; ;80000000;650000; ;1;1;1;1;1;1;1;2;2;2;1;1;1;1;2;2;2;2;2;2;2;1;3;4;2; ;1;2;1;4;1;2;1;1;1;3;1;1;01;05;07;05;1123,45702980273
4663830;1;5;3;1;1;1;1;1;3;1; ; ;98;600000; ;1;1;1;1;1;1;1;2;2;2;1;2;2;1;2;2;2;2;2;2;2;1;3;3;2; ;1;2;1;4;1;3;1;1;1;3;1;1;01;05;07;05;1055,12820357703
4663831;1;4;3;1;1;1;1;3;3;4; ; ; ;300000; ;1;1;1;1;1;1;1;2;2;2;1;2;2;1;2;2;1;1;2;2;2;1;2;5;2; ;1;2;1;4;1;1;1;1;1;3;1;1;01;08;07;08;565,320793953923
4663832;1;3;2;1;1;1;1;1;3;3; ; ; ; ;750000;1;1;2;1;1;1;1;2;2;2;1;2;2;2;2;2;1;2;2;2;2;1;1;2;2; ;1;2;1;4;1;3;1;1;1;3;1;1;01;08;07;08;430,714718575008
4663833;1;5;2;1;1;1;1;1;3;4; ; ; ;1500000; ;1;1;1;1;1;1;1;1;1;2;1;1;1;2;1;1;1;2;2;1;2;1;1;3;2; ;1;2;1;4;1;3;1;1;1;3;1;1;01;08;07;08;612,575585370512
4663834;1;4;2;1;1;1;1;1;3;1; ; ;400000000;1500000; ;1;1;1;1;1;1;1;1;1;2;1;2;1;1;2;1;1;2;2;2;2;1;2;2;2; ;1;1;1;4;1;3;1;1;1;3;1;1;01;08;07;08;617,632521164624
4663835;1;3;2;1;1;1;1;1;3;1; ; ;150000000;1000000; ;1;1;1;1;1;1;1;1;1;2;1;2;2;1;2;1;1;2;2;1;2;1;4;4;2; ;1;2;1;4;1;3;1;1;1;3;1;1;01;08;07;08;442,427168351193
4663836;1;5;4;1;1;1;1;1;3;1; ; ;200000000;1200000; ;1;2;1;2;2;1;1;2;2;2;1;2;2;2;2;2;1;2;2;2;2;1;3;5;2; ;1;2;1;4;1;3;1;1;1;3;1;1;01;08;07;08;289,825531016031
4663837;1;4;1;1;1;1;1;1;3;1; ; ;120000000;700000; ;1;1;2;1;1;1;1;2;2;2;1;2;1;2;2;2;1;2;2;2;2;2; ;1;2; ;1;1;1;4;1;2;1;1;1;3;1;1;01;08;07;08;501,92178759965
4663838;1;3;2;1;1;1;1;1;3;3; ; ; ; ;600000;1;1;1;1;1;1;1;2;2;2;1;2;1;2;2;2;2;2;2;2;2;1;4;5;2; ;1;2;1;4;1;2;1;1;1;3;1;1;01;11;07;11;3000,73647422677
4663839;1;5;3;1;1;1;1;1;3;1; ; ;400000000;1300000; ;1;1;1;1;1;1;1;1;1;1;1;1;1;1;1;2;2;1;2;1;2;1;3;3;2; ;1;1;1;4;1;3;1;1;1;3;1;1;01;11;07;11;2568,34143915182
4663840;1;3;2;1;1;1;1;1;3;3; ; ; ; ;300000;2;1;1;1;1;1;1;1;2;1;1;1;1;1;2;2;2;1;1;1;2;1;3;3;2; ;1;2;1;4;1;2;1;1;1;3;1;1;01;11;07;11;3001,20424213617
4663841;1;4;1;1;1;1;1;1;3;1; ; ;99;300000; ;2;1;2;1;1;1;1;2;2;2;1;2;1;2;2;2;2;2;2;2;2;1;1;2;2; ;1;1;1;4;1;1;1;1;1;3;1;1;01;11;07;11;3159,38837909658
4663842;1;5;3;1;1;1;1;1;3;1; ; ;700000000;1800000; ;1;1;1;1;1;1;1;1;1;1;1;1;1;1;1;2;2;1;2;2;2;1;3;3;2; ;1;1;1;6;1;5;1;1;1;3;1;1;01;11;07;11;2312,59292960168
4663843;1;3;2;2;1;1;1;1;3;3; ; ; ; ;350000;2;2;2;1;1;1;1;1;2;2;1;2;2;2;2;2;1;2;2;2;2;1;3;6;2; ;1;1;1;4;1;1;1;2;1;3;1;1;01;13;07;13;400,32687341031
4663844;1;4;3;2;1;1;1;1;3;1; ; ;60000000;300000; ;2;2;2;1;1;1;1;2;2;2;1;2;2;2;2;2;1;2;2;2;2;1;3;6;2; ;1;1;1;1;1;1;1;2;1;3;1;1;01;13;07;13;389,10332362869
4663845;1;3;2;2;1;1;1;1;3;1; ; ;45000000;200000; ;2;2;2;1;1;1;1;2;2;2;1;2;1;2;2;2;1;2;2;2;2;1;1;3;2; ;1;1;5;1;1;1;1;2;1;3;1;1;01;13;07;13;389,949698148244
4663846;1;4;1;1;1;1;1;1;3;1; ; ;70000000;400000; ;2;1;2;1;1;1;1;1;2;2;1;2;2;2;2;2;1;2;2;2;2;1;2;2;2; ;1;2;1;2;1;1;1;1;1;3;1;1;01;13;07;13;370,899239416514
4663847;1;3;2;2;1;1;1;1;3;1; ; ;98;200000; ;2;2;2;1;1;1;1;2;2;2;1;2;2;2;2;2;1;2;1;2;2;1;3;6;2; ;1;1;1;2;1;1;1;2;1;3;1;1;01;13;07;13;389,306089935525
4663848;1;3;1;1;1;1;1;1;3;3; ; ; ; ;250000;2;1;2;1;1;1;1;2;2;2;1;2;2;2;2;2;1;2;1;2;2;1;2;2;2; ;1;2;1;2;1;1;1;1;1;3;1;1;01;13;07;13;409,83729708208
4663849;1;4;3;2;1;1;1;1;3;1; ; ;98;300000; ;2;2;2;1;1;1;1;2;2;2;1;2;2;2;2;2;1;2;2;2;2;1;2;6;2; ;1;1;1;4;1;1;1;2;1;3;1;1;01;13;07;13;452,934166847703
4663850;1;3;2;1;1;1;1;1;3;3; ; ; ; ;300000;2;2;2;1;1;1;1;2;2;2;1;2;2;2;2;2;1;2;2;2;2;1;2;4;2; ;1;2;1;2;1;1;1;1;1;3;1;1;01;13;07;13;418,271949535582
4663851;1;3;2;2;1;1;1;1;3;3; ; ; ; ;400000;2;2;2;1;1;1;1;2;2;2;1;2;2;2;2;2;1;2;2;2;2;1;2;4;2; ;1;2;1;4;1;1;1;2;1;3;1;1;01;13;07;13;375,466768348216
4663852;1;5;2;1;1;1;1;1;3;1; ; ;250000000;1000000; ;1;1;1;1;1;1;1;1;2;2;1;1;1;1;2;1;1;2;2;1;2;1;2;3;2; ;1;1;1;4;1;3;1;1;1;3;1;1;01;13;07;13;410,25221238838
4663853;1;4;3;1;1;1;1;1;3;1; ; ;80000000;800000; ;1;1;1;1;1;1;1;1;1;2;1;2;1;1;2;1;1;2;2;2;2;1;5;6;2; ;1;2;1;4;1;3;1;1;1;3;1;1;01;13;07;13;387,349723703154
4663854;1;4;3;1;1;1;1;1;3;1; ; ;220000000;900000; ;1;1;1;1;1;1;1;1;2;2;1;2;2;1;2;1;1;2;2;1;2;1;3;4;2; ;1;1;1;4;1;3;1;1;1;3;1;1;01;13;07;13;406,042432945782
4663855;1;4;3;1;1;1;1;1;3;1; ; ;80000000;700000; ;2;1;2;2;1;1;1;1;2;2;1;2;2;2;2;2;1;2;2;2;2;1;2;6;2; ;1;2;1;4;1;3;1;1;1;3;1;1;01;13;07;13;393,930784684423
4663856;1;3;2;1;1;1;1;1;3;1; ; ;200000000;900000; ;1;1;1;1;1;1;1;1;2;2;1;2;1;1;2;2;1;2;2;2;2;1;3;3;2; ;1;2;1;4;1;3;1;1;1;3;1;1;01;13;07;13;460,201115418988
4663857;1;3;2;1;1;1;1;1;3;1; ; ;70000000;700000; ;2;1;1;1;1;1;1;1;1;2;1;2;1;1;2;1;1;2;2;1;2;1;2;3;2; ;1;2;1;4;1;3;1;1;1;3;1;1;01;13;07;13;336,392005286662
4663858;1;4;2;1;1;1;1;1;3;1; ; ;80000000;800000; ;2;1;1;1;1;1;1;1;1;2;1;2;1;1;2;1;1;2;2;1;2;1;2;2;2; ;1;2;1;4;1;3;1;1;1;3;1;1;01;13;07;13;370,899239416514
4663859;1;3;2;1;1;1;1;1;3;4; ; ; ;800000; ;2;1;1;1;1;1;1;1;2;2;1;2;1;1;2;2;1;2;2;2;2;1;3;3;2; ;1;2;1;4;1;3;1;1;1;3;1;1;01;13;07;13;325,102950011307
4663861;1;3;2;1;1;1;1;1;3;3; ; ; ; ;600000;2;1;1;1;1;1;1;1;1;2;1;2;1;1;2;1;1;2;2;2;2;1;2;3;2; ;1;2;1;4;1;3;1;1;1;3;1;1;01;13;07;13;336,392005286662
4663863;1;4;1;1;1;1;1;1;3;1; ; ;90000000;800000; ;2;1;1;1;1;1;1;1;1;2;1;2;1;1;2;1;1;2;2;2;2;1;2;2;2; ;1;2;1;4;1;3;1;1;1;3;1;1;01;13;07;13;409,83729708208
4663864;1;3;2;1;1;1;1;1;3;4; ; ; ;600000; ;2;1;1;1;1;1;1;2;2;2;1;2;1;1;2;1;1;2;2;2;2;1;2;3;2; ;1;2;1;4;1;3;1;1;1;3;1;1;01;13;07;13;378,928914673459
4663865;1;3;2;1;1;1;1;1;3;3; ; ; ; ;550000;2;2;2;1;1;1;1;2;2;2;1;2;2;2;2;2;1;2;2;2;2;1;2;4;2; ;1;2;1;4;1;3;1;1;1;3;1;1;01;13;07;13;375,466768348216
4663866;1;3;2;1;1;1;1;1;3;4; ; ; ;600000; ;2;1;1;1;1;1;1;1;2;2;1;2;1;1;2;1;1;2;2;2;2;1;4;4;2; ;1;2;1;4;1;3;1;1;1;3;1;1;01;13;07;13;375,466768348216
4663867;1;3;1;1;1;1;1;1;3;3; ; ; ; ;600000;1;1;1;1;1;1;1;1;1;2;1;2;1;1;2;1;1;2;1;2;2;1;2;2;2; ;1;1;1;4;1;3;1;1;1;3;1;1;01;13;07;13;339,585879811336
4663868;1;4;3;1;1;1;1;1;3;3; ; ; ; ;650000;2;1;1;1;1;1;1;1;2;2;1;1;1;1;2;1;1;2;2;2;2;1;3;5;2; ;1;1;1;4;1;3;1;1;1;3;1;1;01;13;07;13;337,211897789518
4663869;1;4;3;1;1;1;1;1;3;2; ;600000;230000000;900000; ;1;1;1;1;1;1;1;1;2;2;1;2;1;1;2;2;1;2;2;2;2;1;5;5;2; ;1;1;1;4;1;3;1;1;1;3;1;1;01;13;07;13;360,983838548187
4663871;1;3;2;1;1;1;1;1;3;1; ; ;98;650000; ;2;1;2;1;1;1;1;1;2;2;1;2;1;2;2;1;1;2;2;2;2;1;2;2;2; ;1;1;1;4;1;3;1;1;1;3;1;1;01;13;07;13;383,148632225801
4663872;1;4;3;1;1;1;1;1;3;1; ; ;98;750000; ;1;1;2;1;1;1;1;1;2;2;1;1;1;2;2;2;1;2;2;2;2;1;2;3;2; ;1;1;1;4;1;3;1;1;1;3;1;1;01;13;07;13;371,314154722814
4663873;1;2;1;1;1;1;1;1;3;1; ; ;60000000;400000; ;2;1;2;1;1;1;1;2;2;2;1;2;2;2;2;2;1;2;1;2;2;2; ;4;2; ;1;2;1;2;1;1;1;1;1;3;1;1;01;13;07;13;445,71818561896
4663874;1;2;1;1;1;1;1;1;3;4; ; ; ;300000; ;2;1;2;2;1;1;1;2;2;2;1;2;2;2;2;2;1;2;1;2;2;1;2;4;2; ;1;2;1;2;1;1;1;1;1;3;1;1;01;13;07;13;375,735040148785
4663875;1;4;3;1;1;1;1;1;3;1; ; ;98;500000; ;2;1;2;1;1;1;1;1;2;2;1;1;1;2;2;2;1;2;2;2;2;1;2;5;2; ;1;2;1;4;1;1;1;1;1;3;1;2;01;13;07;13;415,078075010908
4663876;1;3;2;1;1;1;1;1;3;4; ; ; ;400000; ;1;1;1;1;1;1;1;2;2;2;1;2;2;2;2;2;1;2;2;2;2;1;2;3;2; ;1;1;1;4;1;1;1;1;1;3;1;1;01;13;07;13;389,949698148244
4663877;1;4;3;1;1;1;1;1;3;3; ; ; ; ;550000;1;1;1;1;1;1;1;2;2;2;1;2;1;1;2;2;1;2;2;2;2;1;3;5;2; ;1;2;1;4;1;1;1;1;1;3;1;1;01;13;07;13;402,570348510795
4663878;1;4;2;1;1;1;1;1;3;3; ; ; ; ;1500000;1;1;1;1;1;1;1;1;2;2;1;1;1;1;2;1;1;2;2;1;2;1;2;2;2; ;1;2;1;4;1;5;1;1;1;3;1;1;01;13;07;13;378,523937476902
4663879;1;6;1;1;1;1;1;1;3;1; ; ;500000000;2000000; ;2;1;1;1;1;1;1;1;1;2;1;2;1;1;2;1;1;2;2;1;2;1;1;2;2; ;1;1;1;4;1;5;1;1;1;3;1;1;01;13;07;13;383,148632225801
4663880;1;3;1;1;1;1;1;1;3;3; ; ; ; ;1200000;2;1;1;1;1;1;1;1;2;2;1;2;1;1;2;1;1;1;2;1;2;1;2;2;2; ;1;2;1;4;1;5;1;1;1;3;1;1;01;13;07;13;339,585879811336
4663881;1;6;2;1;1;1;1;1;3;1; ; ;98;4000000; ;1;1;1;1;1;1;1;2;1;2;1;2;1;1;2;1;1;2;2;1;2;1;2;2;2; ;1;1;1;4;1;5;1;1;1;3;1;1;01;13;07;13;409,83729708208
4663885;1;3;1;1;1;1;1;1;3;1; ; ;200000000;2000000; ;1;1;1;1;1;1;1;2;1;2;1;2;1;1;2;1;1;2;2;1;2;1;2;2;2; ;1;2;1;4;1;5;1;1;1;3;1;1;01;13;07;13;409,83729708208
4663886;1;5;4;1;1;1;1;1;3;3; ; ; ; ;2000000;1;1;2;1;1;1;1;1;2;2;1;2;1;2;2;1;1;2;2;2;2;1;3;5;2; ;1;2;1;4;1;5;1;1;1;3;1;1;01;13;07;13;445,35312654035
4663889;1;4;2;1;1;1;1;1;3;1; ; ;98;98; ;1;1;1;1;1;1;1;1;1;2;1;2;1;1;2;1;1;2;2;1;2;1;3;3;2; ;1;2;1;4;1;5;1;1;1;3;1;1;01;13;07;13;371,314154722814
4663890;1;3;2;1;1;1;1;1;3;1; ; ;98;98; ;1;1;1;1;1;1;1;1;1;2;1;2;1;1;1;1;1;2;2;1;2;1;2;2;2; ;1;2;1;4;1;5;1;1;1;3;1;1;01;13;07;13;370,899239416514
4663892;1;2;1;1;1;1;1;1;3;4; ; ; ;250000; ;2;2;2;2;1;1;1;2;2;2;1;2;2;2;2;2;1;2;2;2;2;2; ;2;2; ;1;2;1;2;1;1;1;1;1;3;1;1;01;13;07;13;339,585879811336
4663893;1;3;2;1;1;1;1;1;3;1; ; ;98;400000; ;2;1;2;1;1;1;1;1;2;2;1;2;1;2;2;2;1;2;2;2;2;1;2;5;2; ;1;2;1;4;1;1;1;1;1;3;1;1;01;13;07;13;425,830586685124
4663894;1;5;4;1;1;1;1;1;3;1; ; ;100000000;400000; ;2;1;2;1;1;1;1;2;2;2;1;2;1;2;2;2;1;2;1;2;2;1;3;7;2; ;1;2;1;4;1;1;1;1;1;3;1;1;01;13;07;13;387,990631432726
4663895;1;5;3;1;1;1;1;1;3;4; ; ; ;500000; ;2;2;2;1;1;1;1;2;2;2;1;2;2;2;2;2;1;2;1;2;2;1;4;4;2; ;1;2;1;4;1;1;1;1;1;3;1;1;01;13;07;13;320,893170568709
4663896;1;3;2;1;1;1;1;1;3;4; ; ; ;350000; ;2;2;2;1;1;1;1;2;2;2;1;2;1;2;2;2;1;2;2;2;2;1;2;6;2; ;1;2;1;2;1;1;1;1;1;3;1;1;01;13;07;13;500,502889381838
4663897;1;4;2;1;1;1;1;1;3;1; ; ;98;400000; ;1;1;2;1;1;1;1;2;2;2;1;2;2;2;2;2;1;2;2;2;2;1;1;2;2; ;1;2;1;4;1;1;1;1;1;3;1;1;01;13;07;13;409,83729708208
4663898;1;3;2;1;1;1;1;1;3;4; ; ; ;400000; ;2;1;1;1;1;1;1;2;2;2;1;2;2;2;2;2;1;2;2;2;2;1;3;6;2; ;1;2;1;4;1;1;1;1;1;3;1;1;01;13;07;13;481,867345956408
4663899;1;3;2;1;1;1;1;1;3;4; ; ; ;420000; ;2;1;2;1;1;1;1;1;2;2;1;1;1;2;2;2;1;2;1;2;2;1;4;6;2; ;1;2;1;4;1;1;1;1;1;3;1;1;01;13;07;13;411,347656885095
4663900;1;4;3;1;1;1;1;1;3;1; ; ;98;400000; ;2;1;2;1;1;1;1;2;2;2;1;1;1;2;2;2;1;2;2;2;2;1;3;5;2; ;1;1;1;4;1;1;1;1;1;3;1;1;01;13;07;13;367,509352476773
4663901;1;3;1;1;1;1;1;1;3;3; ; ; ; ;300000;2;1;2;1;1;1;1;1;2;2;1;2;2;2;2;2;1;2;1;2;2;1;2;3;2; ;1;1;1;4;1;1;1;1;1;3;1;1;01;13;07;13;336,392005286662
4663902;1;3;2;1;1;1;1;1;3;1; ; ;45000000;250000; ;2;2;2;2;1;1;1;2;2;2;1;2;2;2;2;2;1;2;2;2;2;1;1;3;2; ;1;1;1;2;1;1;1;1;1;3;1;1;01;13;07;13;391,745577451077
4663903;1;3;2;1;1;1;1;1;4;1; ; ;98;280000; ;2;2;2;2;1;1;1;2;2;2;1;2;2;2;2;2;1;2;2;2;2;1;3;4;2; ;1;1;5;2;1;1;1;1;1;3;1;1;01;13;07;13;351,426555788978
4663904;1;3;2;1;1;1;1;1;3;1; ; ;98;300000; ;2;1;2;1;1;1;1;1;2;2;1;2;1;2;2;2;1;2;2;2;2;1;3;5;2; ;1;1;1;4;1;1;1;1;1;3;1;1;01;13;07;13;293,659083484797
4663905;1;3;2;1;1;1;1;1;3;1; ; ;45000000;250000; ;2;2;2;2;1;1;1;2;2;2;1;2;2;2;2;2;1;2;2;2;2;1;2;4;2; ;1;1;1;2;1;1;1;1;1;3;1;1;01;13;07;13;365,193617990785
4663906;1;2;1;1;1;1;1;1;3;3; ; ; ; ;300000;2;1;2;1;1;1;1;1;2;2;1;1;1;2;2;2;1;2;2;2;2;1;2;3;2; ;1;1;1;4;1;1;1;1;1;3;1;1;01;13;07;13;402,969127232697
4663907;1;3;2;1;1;1;1;1;3;3; ; ; ; ;300000;2;1;2;1;1;1;1;2;2;2;1;2;2;2;2;2;1;2;2;2;2;1;2;5;2; ;1;2;1;4;1;1;1;1;1;3;1;1;01;13;07;13;372,54116562411
4663910;1;2;2;1;1;1;1;1;3;3; ; ; ; ;300000;2;2;2;2;2;1;1;2;2;2;2;2;2;2;2;2;1;2;2;2;2;1;2;11;2; ;1;2;1;4;1;1;1;1;1;3;1;1;01;13;07;13;445,122835200726
4663911;1;3;2;1;1;1;1;1;3;1; ; ;98;300000; ;2;2;2;1;1;1;1;2;2;2;1;2;2;2;2;2;1;2;2;2;2;1;2;4;2; ;1;1;1;4;1;1;1;1;1;3;1;1;01;13;07;13;440,313516485152
4663912;1;3;2;1;1;1;1;1;3;3; ; ; ; ;300000;2;2;2;1;1;1;1;2;2;2;1;2;2;2;2;2;1;2;2;2;2;1;2;5;2; ;1;2;1;2;1;1;1;1;1;3;1;1;01;13;07;13;365,608533297085
4663913;1;3;2;1;1;1;1;1;3;3; ; ; ; ;400000;2;1;2;1;1;1;1;2;2;2;1;2;2;2;2;2;1;2;1;2;2;1;2;3;2; ;1;2;1;4;1;2;1;1;1;3;1;1;01;13;07;13;336,392005286662
4663914;1;3;2;1;1;1;1;1;3;3; ; ; ; ;600000;2;1;1;1;1;1;1;1;2;2;1;2;2;1;2;2;1;2;1;2;2;1;3;5;2; ;1;2;1;4;1;2;1;1;1;3;1;1;01;13;07;13;479,656551347275
4663915;1;3;2;1;1;1;1;1;3;1; ; ;98;650000; ;2;1;2;1;1;1;1;1;2;2;1;2;1;2;2;2;1;2;2;2;2;1;2;3;2; ;1;2;1;4;1;2;1;1;1;3;1;1;01;13;07;13;374,314158034304
4663916;1;4;2;1;1;1;1;1;3;1; ; ;150000000;500000; ;2;1;1;1;1;1;1;1;2;2;1;2;1;1;2;2;1;2;2;2;2;1;2;3;2; ;1;2;1;4;1;2;1;1;1;3;1;1;01;13;07;13;378,928914673459
4663917;1;3;2;1;1;1;1;1;3;3; ; ; ; ;420000;2;1;1;1;1;1;1;1;2;2;1;1;1;1;2;2;1;2;2;2;2;1;4;5;2; ;1;2;1;4;1;2;1;1;1;3;1;1;01;13;07;13;317,699296044034
4663918;1;3;2;1;1;1;1;1;3;3; ; ; ; ;400000;2;2;2;2;1;1;1;2;2;2;1;2;2;2;2;2;1;2;2;2;2;1;1;3;2; ;1;2;1;4;1;2;1;1;1;3;1;1;01;13;07;13;360,432217845899
4663919;1;4;3;1;1;1;1;1;3;1; ; ;98;550000; ;2;1;2;1;1;1;1;1;2;2;1;1;1;2;2;2;1;2;2;2;2;1;2;4;2; ;1;1;1;4;1;2;1;1;1;3;1;1;01;13;07;13;386,75582362357
4663920;1;3;2;1;1;1;1;1;3;1; ; ;98;500000; ;2;1;2;1;1;1;1;1;2;2;1;1;1;2;2;2;1;2;2;2;2;1;2;3;2; ;1;2;1;2;1;2;1;1;1;3;1;1;01;13;07;13;368,655764316029
4663921;1;4;3;1;1;1;1;1;3;3; ; ; ; ;650000;1;1;1;1;1;1;1;2;2;2;1;2;1;1;2;2;1;2;2;2;2;1;2;4;2; ;1;1;1;4;1;2;1;1;1;3;1;1;01;13;07;13;479,251574150718
4663922;1;3;2;1;1;1;1;1;3;3; ; ; ; ;500000;2;1;2;1;1;1;1;2;2;2;1;2;1;2;2;2;1;2;1;2;2;1;2;3;2; ;1;2;1;4;1;2;1;1;1;3;1;1;01;13;07;13;336,392005286662
4663923;1;4;3;1;1;1;1;1;3;1; ; ;98;600000; ;1;1;2;1;1;1;1;1;2;2;1;1;1;2;2;1;1;2;2;2;2;1;3;4;2; ;1;1;1;4;1;2;1;1;1;3;1;1;01;13;07;13;401,417738196883
4663924;1;3;2;1;1;1;1;1;3;1; ; ;98;500000; ;2;2;2;1;1;1;1;2;2;2;1;2;2;2;2;2;1;2;2;2;2;1;3;3;2; ;1;2;1;4;1;2;1;1;1;3;1;1;01;13;07;13;394,574392897143
4663925;1;3;2;1;1;1;1;1;3;4; ; ; ;500000; ;1;1;1;1;1;1;1;2;2;2;1;2;2;1;2;2;1;1;2;2;2;1;3;4;2; ;1;2;1;4;1;2;1;1;1;3;1;1;01;13;07;13;386,75582362357
4663926;1;3;2;1;1;1;1;1;3;4; ; ; ;500000; ;2;2;2;1;1;1;1;2;2;2;1;2;2;2;2;2;1;2;1;2;2;1;2;6;2; ;1;2;1;2;1;2;1;1;1;3;1;1;01;13;07;13;518,999586209398
4663927;1;3;2;1;1;1;1;1;3;3; ; ; ; ;400000;2;2;2;2;1;1;1;1;2;2;1;2;2;2;2;2;1;2;2;2;2;1;1;2;2; ;1;2;1;4;1;1;1;1;1;3;1;1;01;13;07;13;383,138694116058
4663928;1;3;2;1;1;1;1;1;3;3; ; ; ; ;400000;2;2;2;2;1;1;1;1;2;2;1;2;1;2;2;2;1;2;1;2;2;1;2;3;2; ;1;2;1;4;1;1;1;1;1;3;1;1;01;13;07;13;336,392005286662
4663929;1;3;2;1;1;1;1;1;3;1; ; ;50000000;550000; ;2;2;2;1;1;1;1;1;2;2;1;2;2;2;2;2;1;2;2;2;2;2; ;1;2; ;1;2;1;4;1;1;1;1;1;3;1;1;01;13;07;13;382,733716919501
4663932;1;3;2;1;1;1;1;3;3;3; ; ; ; ;700000;1;1;1;1;1;1;1;1;1;2;1;1;1;1;2;1;1;2;2;2;2;1;2;3;2; ;1;2;1;4;1;3;1;1;1;4;1;1;01;13;07;13;378,928914673459
4663933;1;4;3;1;1;1;1;3;3;1; ; ;98;98; ;1;1;1;1;1;1;1;1;1;2;1;1;1;1;2;1;1;1;2;1;2;1;2;4;2; ;1;1;1;4;1;3;1;1;1;3;1;1;01;13;07;13;375,735040148785
4663934;1;5;4;1;1;1;1;1;3;4; ; ; ;1000000; ;2;1;1;1;1;1;1;1;2;2;1;2;1;1;2;2;1;2;2;2;2;1;5;5;2; ;1;2;1;4;1;3;1;1;1;3;1;1;01;13;07;13;401,832653503183
4663935;1;5;4;1;1;1;1;1;3;1; ; ;250000000;1000000; ;1;1;1;1;1;1;1;1;2;2;1;2;1;2;2;2;1;2;2;2;2;1;4;5;2; ;1;2;1;4;1;3;1;1;1;3;1;1;01;13;07;13;397,207958754285
4663936;1;4;4;1;1;1;1;1;3;4; ; ; ;1200000; ;2;1;1;1;1;1;1;1;2;2;1;2;2;1;2;2;1;2;2;2;2;1;3;4;2; ;1;1;1;4;1;3;1;1;1;3;1;1;01;13;07;13;291,20450240094
4663937;1;3;1;1;1;1;1;1;3;3; ; ; ; ;550000;2;2;2;1;1;1;1;2;2;2;1;2;2;2;2;2;1;2;2;2;2;1;2;2;2; ;1;2;1;4;1;3;1;1;1;3;1;1;01;13;07;13;339,585879811336
4663938;1;4;2;1;1;1;1;1;3;4; ; ; ;700000; ;2;1;1;1;1;1;1;2;2;2;1;2;2;1;2;2;1;2;2;2;2;1;2;3;2; ;1;2;1;4;1;3;1;1;1;3;1;1;01;13;07;13;378,928914673459
4663939;1;3;1;1;1;1;1;1;3;1; ; ;98;1000000; ;2;1;1;1;1;1;1;1;1;2;1;1;1;1;2;1;1;2;2;2;2;1;2;2;2; ;1;2;1;4;1;3;1;1;1;3;1;1;01;13;07;13;679,171759622672
4663940;1;5;4;1;1;1;1;1;3;1; ; ;98;1200000; ;2;1;1;1;1;1;1;1;2;2;1;1;1;1;2;2;1;2;2;2;2;1;3;5;2; ;1;1;1;4;1;3;1;1;1;3;1;1;01;13;07;13;721,967677096374
4664022;1;4;2;1;1;1;1;1;3;3; ; ; ; ;480000;1;1;1;1;1;1;1;1;1;1;1;1;1;1;2;2;2;1;1;2;2;2; ;3;2; ;1;2;1;4;1;3;1;1;1;2;1;1;01;17;07;17;272,898802770079
4664023;1;3;2;1;1;1;1;1;3;2; ;600000;80000000;550000; ;2;2;2;1;1;1;1;2;1;1;1;2;2;1;2;2;2;1;1;1;2;1;2;2;2; ;1;2;1;3;1;3;1;1;1;2;1;1;01;17;07;17;191,355697096549
4664024;1;4;4;1;1;1;1;1;3;3; ; ; ; ;390000;2;1;1;1;1;1;1;2;2;2;1;2;2;2;2;2;2;2;2;2;2;1;7;8;2; ;1;2;1;2;1;2;1;1;1;2;1;1;01;17;07;17;186,109983310818
4664025;1;4;2;1;1;1;1;1;3;1; ; ;50000000;200000; ;2;1;1;1;1;1;1;2;2;1;1;1;1;2;2;2;2;2;2;2;2;1;2;3;2; ;1;2;1;2;1;2;1;1;1;2;1;1;01;17;07;17;226,282197300037
4664026;1;2;1;1;1;1;1;1;4;1; ; ;98;400000; ;2;2;2;2;1;2;2;2;1;2;1;1;2;1;2;2;2;2;2;2;2;1;1;2;2; ;1;2;1;2;1;2;2;1;1;2;1;1;01;17;07;17;217,42254611743
4664027;1;3;2;1;1;1;1;1;3;1; ; ;80000000;500000; ;2;1;1;1;1;1;1;2;1;1;1;1;1;1;2;2;2;1;1;1;2;1;4;4;2; ;1;2;1;4;1;3;1;1;1;2;1;1;01;17;07;17;346,625154501734
4664028;1;4;3;1;1;1;1;1;3;1; ; ;99;300000; ;2;1;2;2;1;1;1;1;2;1;1;2;2;2;2;2;2;2;2;2;2;1;1;4;2; ;1;2;1;4;1;2;1;1;1;2;1;1;01;17;07;17;120,173699334957
4664029;1;3;2;1;1;1;1;1;3;3; ; ; ; ;380000;2;1;2;1;1;1;1;2;2;2;1;1;1;2;2;2;2;2;2;2;2;1;2;3;2; ;1;2;1;4;1;2;1;1;1;2;1;1;01;17;07;17;272,898802770079
4664030;1;3;1;1;1;1;1;1;3;3; ; ; ; ;550000;2;1;2;2;1;1;1;2;2;1;1;2;2;1;2;2;2;2;1;1;2;1;1;1;2; ;1;2;1;4;1;3;1;1;1;2;1;1;01;17;07;17;205,263407237944
4664031;1;3;2;1;1;1;1;1;3;1; ; ;70000000;600000; ;1;1;1;1;1;1;1;2;2;2;1;2;2;1;2;2;2;2;2;2;2;1;6;6;2; ;1;1;1;4;1;2;1;1;1;2;1;1;01;17;07;17;231,589500507681
4664032;1;4;3;1;1;1;1;1;3;3; ; ; ; ;450000;1;1;1;1;1;1;1;1;2;1;1;2;2;2;2;2;2;1;2;2;2;1;6;7;2; ;1;2;1;4;1;2;1;1;1;2;1;1;01;17;07;17;189,300409420878
4664033;1;4;3;1;1;1;1;1;3;1; ; ;100000000;450000; ;1;1;1;1;1;1;1;1;1;1;1;2;1;1;2;2;2;2;2;2;2;1;2;4;2; ;1;1;1;4;1;2;1;1;1;2;1;1;01;17;07;17;171,770858917421
4664034;1;3;1;1;1;1;1;1;3;3; ; ; ; ;350000;1;1;1;1;1;1;1;2;2;2;1;1;1;2;2;2;2;2;1;2;2;1;2;2;2; ;1;2;1;4;1;2;1;1;1;2;1;1;01;17;07;17;162,889145916264
4664035;1;4;2;1;1;1;1;1;3;2; ;177000;80000000;600000; ;1;1;1;1;1;1;1;1;2;1;1;2;2;1;2;2;2;2;2;2;2;1;3;3;2; ;1;2;1;4;1;3;1;1;1;2;1;1;01;17;07;17;229,581684996915
4664036;1;4;2;1;1;1;1;1;3;3; ; ; ; ;530000;1;1;1;1;1;1;1;2;1;1;1;1;2;1;2;2;2;2;2;2;2;1;2;2;2; ;1;2;1;4;1;3;1;1;1;2;1;1;01;17;07;17;276,282135488561
4664037;1;1;1;1;2;1;1;6; ;3; ; ; ; ;240000;2;1;2;2;2;2;2;2;2;2;1;2;2;2;2;2;2;2;2;2;2;1;1;1;2; ;1;3;1;3;1;3;1;1;1;2;1;1;01;17;07;17;410,526814475889
4664038;1;1;1;1;2;1;1;6; ;3; ; ; ; ;240000;2;1;2;2;2;2;2;2;2;2;1;2;2;2;2;2;2;2;2;2;2;2; ;1;2; ;1;3;1;3;1;3;2;1;1;2;1;1;01;17;07;17;410,526814475889
4664039;1;4;1;1;1;1;1;1;3;3; ; ; ; ;550000;2;1;2;1;1;1;1;2;2;1;1;2;1;2;2;2;2;2;2;2;2;1;2;2;2; ;1;2;4;3;1;3;1;1;1;7;1;1;01;17;07;17;325,990105512836
4664040;1;1;1;1;1;1;1;6; ;3; ; ; ; ;240000;2;1;1;2;2;2;2;2;2;2;1;2;2;2;2;2;2;2;2;2;2;1;1;1;2; ;1;3;1;3;1;3;2;1;1;2;1;1;01;17;07;17;410,526814475889
4664041;1;5;1;1;1;1;1;1;3;1; ; ;100000000;500000; ;1;1;1;1;1;1;1;1;2;1;1;1;2;2;2;2;2;2;2;2;2;1;1;1;2; ;1;1;1;4;1;3;1;1;1;2;1;1;01;17;07;17;184,405729467149
4664042;1;4;3;1;1;1;1;1;3;2; ;520000;120000000;550000; ;1;1;1;1;1;1;1;1;1;1;1;1;1;1;2;2;2;2;1;1;2;1;4;4;2; ;1;2;1;4;1;3;1;1;1;2;1;1;01;17;07;17;241,048918871312
4664043;1;5;3;1;1;1;1;1;3;3; ; ; ; ;550000;2;1;1;1;1;1;1;2;2;1;1;1;1;1;2;2;2;1;1;2;2;1;4;4;2; ;1;2;1;4;1;3;1;1;1;2;1;1;01;17;07;17;171,664952077267
4664044;1;4;2;1;1;1;1;1;3;4; ; ; ;600000; ;1;1;1;1;1;1;1;1;1;1;1;2;1;1;2;2;2;2;1;2;2;1;2;3;2; ;1;2;1;4;1;3;1;1;1;2;1;1;01;17;07;17;252,041124999283
4664045;1;3;2;1;1;1;1;1;3;3; ; ; ; ;500000;2;1;1;1;1;1;1;1;1;1;1;1;2;1;2;2;1;2;1;2;2;1;2;2;2; ;1;2;1;4;1;3;1;1;1;2;1;1;01;17;07;17;191,355697096549
4664046;1;3;2;1;1;1;1;1;3;3; ; ; ; ;500000;2;1;1;1;1;1;1;1;1;1;1;2;1;2;2;2;2;2;2;2;2;1;2;2;2; ;1;1;1;4;1;3;1;1;1;2;1;1;01;17;07;17;196,564868346634
4664047;1;4;3;1;1;1;1;1;3;1; ; ;70000000;450000; ;1;1;1;1;1;1;1;2;2;1;1;2;1;1;2;2;2;2;1;2;2;1;4;4;2; ;1;1;1;4;1;3;1;1;1;2;1;1;01;17;07;17;145,789180131417
4664048;1;3;1;1;1;1;1;1;3;4; ; ; ;450000; ;2;2;2;1;1;1;1;1;2;1;1;2;1;2;2;2;2;2;2;2;2;1;1;2;2; ;1;1;1;4;1;3;1;1;1;2;1;1;01;17;07;17;162,995052756418
4664049;1;5;4;1;1;1;1;1;3;1; ; ;98;600000; ;1;1;1;1;1;1;1;1;2;1;1;1;1;2;2;2;2;2;2;2;2;1;4;4;2; ;1;1;1;4;1;2;1;1;1;2;1;1;01;17;07;17;179,273825486756
4664050;1;3;2;1;1;1;1;1;3;3; ; ; ; ;350000;2;1;2;1;1;1;1;2;2;2;1;1;1;2;2;2;2;2;1;2;2;1;2;3;2; ;1;2;1;4;1;3;1;1;1;2;1;1;01;17;07;17;247,139875070833
4664051;1;5;2;1;1;1;1;1;3;1; ; ;98;500000; ;2;1;1;1;1;1;1;2;2;2;1;2;1;2;2;2;2;2;1;2;2;1;2;2;2; ;1;1;1;4;1;2;1;1;1;2;1;1;01;17;07;17;183,852730527214
4664052;1;3;2;1;1;1;1;1;3;2; ;500000;100000000;450000; ;1;1;1;1;1;1;1;1;2;2;1;2;2;1;2;2;2;2;1;2;2;1;2;3;2; ;1;2;1;4;1;3;1;1;1;2;1;1;01;17;07;17;185,572662218663
4664053;1;3;2;1;1;1;1;1;3;3; ; ; ; ;280000;2;1;1;1;1;1;1;2;2;2;1;2;1;1;2;2;2;2;1;2;2;1;2;3;2; ;1;1;1;4;1;3;1;1;1;2;1;1;01;17;07;17;193,181535628152
4664054;1;4;1;1;1;1;1;1;3;3; ; ; ; ;320000;2;1;1;2;1;1;1;2;2;2;1;2;2;1;2;2;2;1;1;2;2;1;2;2;2; ;1;2;1;4;1;3;1;1;1;2;1;1;01;17;07;17;162,889145916264
4664055;1;4;3;1;1;1;1;1;3;1; ; ;98;400000; ;1;1;1;1;1;1;1;2;2;2;1;1;1;1;2;2;2;1;2;1;2;1;3;4;2; ;1;2;1;4;1;3;1;1;1;2;1;1;01;17;07;17;135,370709548658
4664056;1;4;2;1;1;1;1;1;3;1; ; ;70000000;480000; ;1;1;1;1;1;1;1;1;2;1;1;2;2;1;2;2;2;1;1;2;2;1;3;3;2; ;1;1;1;4;1;3;1;1;1;2;1;1;01;17;07;17;196,011869406699
4664057;1;6;3;1;1;1;1;1;3;1; ; ;700000000;3000000; ;1;1;1;1;1;1;1;1;1;1;1;1;1;1;1;2;1;2;2;1;1;1;3;3;2; ;1;1;1;3;1;5;1;1;1;2;1;1;01;17;07;17;156,781386259388
4664058;1;7;3;1;1;1;1;1;3;1; ; ;700000000;2000000; ;2;1;1;1;1;1;1;1;1;1;1;2;1;1;1;2;2;1;2;1;1;1;3;3;2; ;1;1;1;4;1;6;1;1;1;2;1;1;01;17;07;17;167,545318226415
4664059;1;4;2;1;1;1;1;1;3;1; ; ;98;800000; ;1;1;2;1;1;1;1;1;2;1;1;2;2;2;2;2;2;2;2;2;2;1;1;2;2; ;1;2;1;4;1;6;1;1;1;2;1;1;01;17;07;17;162,995052756418
4664060;1;9;2;1;1;1;1;1;3;1; ; ;500000000;2000000; ;1;1;1;1;1;1;1;1;1;1;1;2;1;1;1;2;1;1;2;1;2;1;2;2;2; ;1;1;1;4;1;6;1;1;1;2;1;1;01;17;07;17;162,995052756418
4664061;1;4;2;1;1;1;1;1;3;1; ; ;100000000;450000; ;1;1;2;1;1;1;1;1;2;2;1;2;2;2;2;2;2;1;2;2;2;1;3;3;2; ;1;2;1;4;1;2;1;1;1;2;1;1;01;17;07;17;159,611720037936
4664062;1;4;3;1;1;1;1;1;3;2; ;265000;110000000;600000; ;1;1;1;1;1;1;1;1;1;1;1;2;1;1;2;2;2;1;1;1;2;1;2;4;2; ;1;2;1;4;1;3;1;1;1;2;1;1;01;17;07;17;346,625154501734
4664063;1;7;1;1;1;1;1;1;3;1; ; ;98;98; ;1;1;2;1;1;1;1;2;2;1;1;1;2;2;2;2;2;2;1;2;2;1;2;2;2; ;1;1;1;4;1;2;1;1;1;2;1;1;01;17;07;17;162,995052756418
4664064;1;5;4;1;1;1;1;1;3;1; ; ;200000000;600000; ;1;1;1;1;1;1;1;2;1;1;1;2;1;1;2;2;2;2;1;2;2;1;5;5;2; ;1;1;1;4;1;2;1;1;1;2;1;1;01;17;07;17;147,423941587989
4664066;1;4;3;1;1;1;1;1;3;1; ; ;130000000;600000; ;1;1;1;1;1;1;1;2;1;1;1;1;1;1;2;2;2;1;2;2;2;1;3;4;2; ;1;2;1;4;1;3;1;1;1;2;1;1;01;17;07;17;258,991092628683
4664067;1;4;2;1;1;1;1;1;3;3; ; ; ; ;350000;1;1;1;1;1;1;1;1;2;1;1;2;1;2;2;2;2;1;2;2;2;1;4;4;2; ;1;2;1;4;1;2;1;1;1;2;1;1;01;17;07;17;189,607125834638
4664193;1;3;2;1;1;1;1;1;3;1; ; ;40000000;200000; ;2;1;2;1;1;2;1;2;2;2;1;2;2;2;2;2;1;1;2;2;2;1;1;6;2; ;1;1;1;2;1;1;1;1;1;3;1;1;01;23;07;23;115,559678633069
4664194;1;6;2;1;1;1;1;1;3;1; ; ;98;1200000; ;1;1;1;1;1;1;1;2;2;2;1;2;2;1;2;2;1;2;2;2;2;1;2;4;2; ;1;1;1;4;1;3;1;1;1;3;1;1;01;23;07;23;146,600753918378
4664195;1;4;1;1;1;1;1;1;3;3; ; ; ; ;719000;2;1;1;1;1;1;1;2;2;2;1;1;1;1;2;1;1;2;2;1;2;1;2;3;2; ;1;1;1;4;1;3;1;1;1;3;1;1;01;23;07;23;137,245253610981
4664196;1;4;2;1;1;1;1;1;3;4; ; ; ;500000; ;2;1;2;1;1;1;1;1;2;2;1;2;1;2;2;2;1;2;1;2;2;1;2;2;1;1;1;1;1;4;1;3;1;1;1;3;1;1;01;23;07;23;177,096796641033
4664197;1;3;2;2;1;1;1;1;3;4; ; ; ;450000; ;2;1;2;1;1;1;1;2;2;2;1;2;2;2;2;2;1;1;1;2;2;1;1;3;2; ;1;1;1;2;1;1;1;2;1;3;1;1;01;23;07;23;184,585696061096
4664198;1;4;3;1;1;1;10;1;3;3; ; ; ; ;450000;1;1;1;1;1;1;1;1;1;2;1;1;2;1;2;1;1;2;2;2;2;1;2;4;2; ;1;1;1;4;1;1;1;1;1;3;1;1;01;23;07;23;166,044405219728
4664199;1;4;3;1;1;1;1;1;3;1; ; ;75000000;400000; ;1;1;1;1;1;1;1;1;2;2;1;1;1;1;2;2;1;2;1;2;2;1;4;5;1;2;1;1;1;2;1;2;1;1;1;3;1;1;01;23;07;23;121,427169105755
4664200;1;3;2;2;1;1;1;1;3;3; ; ; ; ;200000;2;1;2;2;1;1;1;2;2;2;1;2;2;2;2;2;1;2;2;2;2;1;1;2;2; ;1;2;1;2;1;1;1;2;1;3;1;1;01;23;07;23;168,877768074907
4664201;1;5;2;2;2;1;1;1;3;4; ; ; ;450000; ;2;1;2;1;1;1;1;2;2;2;1;2;2;2;2;2;1;2;2;2;2;1;2;4;1;4;1;1;1;2;1;1;1;2;1;3;1;1;01;23;07;23;222,744374724966
4664201;2;4;3;2;2;1;1;1;3;4; ; ; ;350000; ;2;1;2;2;1;1;1;1;2;2;1;2;1;2;2;2;1;1;2;2;2;1;2;4;2; ;2;1;1;2;1;1;1;2;1;3;1;1;01;23;07;23;222,744374724966
4664202;1;3;2;1;1;1;10;1;3;1; ; ;20000000;2500000; ;2;1;2;2;1;1;1;2;2;2;1;2;1;2;2;2;1;1;1;2;2;1;2;3;2; ;1;2;1;4;1;1;1;1;1;3;1;1;01;23;07;23;135,904729060753
4664204;1;4;3;1;1;1;1;1;3;1; ; ;160000000;500000; ;2;1;1;1;1;1;1;2;2;2;1;2;2;1;2;2;1;2;2;2;2;1;2;4;2; ;1;2;1;4;1;1;1;1;1;3;1;1;01;23;07;23;127,202074223119
4664205;1;4;3;1;1;1;1;1;3;1; ; ;50000000;400000; ;2;1;2;1;1;1;1;2;2;2;1;1;1;2;2;2;1;1;1;2;2;1;3;7;2; ;1;1;1;2;1;1;1;1;1;3;1;1;01;23;07;23;107,181078288906
4664206;1;4;2;1;1;1;1;1;3;1; ; ;32000000;500000; ;1;1;1;1;1;1;1;2;2;2;1;1;1;1;2;2;1;2;2;2;2;1;2;3;2; ;1;1;1;4;1;1;1;1;1;3;1;1;01;23;07;23;164,674856645921
4664207;1;3;2;1;1;1;1;1;3;1; ; ;90000000;700000; ;2;1;1;1;1;1;1;2;2;2;1;2;1;2;2;1;1;2;2;2;2;1;2;3;2; ;1;1;1;2;1;2;1;1;1;3;1;1;01;23;07;23;184,585696061096
4664208;1;2;1;1;2;1;1;1;3;1; ; ;45000000;300000; ;2;1;2;1;2;1;1;2;2;2;1;2;1;2;2;2;1;2;2;2;2;1;1;1;2; ;1;1;1;2;1;1;1;1;1;3;1;1;01;23;07;23;209,354093884791
4664208;2;2;1;1;2;1;1;1;3;4; ; ; ;200000; ;2;1;2;1;2;1;1;2;2;2;1;2;2;2;2;2;1;1;2;2;2;1;2;3;2; ;2;1;1;2;1;1;1;1;1;3;1;1;01;23;07;23;209,354093884791
4664208;3;2;1;1;2;1;1;1;3;4; ; ; ;150000; ;2;1;2;1;2;1;1;2;2;2;1;2;2;2;2;2;1;2;1;2;2;1;2;2;2; ;3;1;1;2;1;1;1;1;1;3;1;1;01;23;07;23;209,354093884791
4664209;1;4;3;1;1;1;1;1;3;1; ; ;60000000;500000; ;2;1;1;1;1;1;1;2;2;2;1;2;1;2;2;2;1;1;1;2;2;1;5;8;2; ;1;1;1;2;1;1;1;1;1;3;1;1;01;23;07;23;137,681931164368
4664211;1;4;2;1;1;1;1;1;3;1; ; ;60000000;600000; ;2;1;1;1;1;1;1;2;2;2;1;1;1;1;2;2;1;2;1;2;2;1;2;3;2; ;1;1;1;4;1;1;1;1;1;3;1;1;01;23;07;23;198,563682162074
4664212;1;4;3;1;1;1;1;1;3;1; ; ;120000000;800000; ;1;1;1;1;1;1;1;1;1;2;1;2;1;2;2;1;1;1;1;1;2;1;4;4;2; ;1;1;1;4;1;2;1;1;1;3;1;1;01;23;07;23;131,016586421809
4664213;1;3;2;1;1;1;1;1;3;1; ; ;45000000;400000; ;2;1;2;1;1;1;1;2;2;2;1;2;1;2;2;2;1;2;2;2;2;1;1;2;2; ;1;1;1;2;1;1;1;1;1;3;1;1;01;23;07;23;128,168836190964
4664214;1;4;3;1;1;1;1;1;3;1; ; ;45000000;700000; ;1;1;2;1;1;1;1;1;2;2;1;2;2;2;2;2;1;2;1;2;2;1;4;4;2; ;1;1;1;4;1;1;1;1;1;3;1;1;01;23;07;23;122,797557855683
4664215;1;3;2;1;1;1;1;1;3;1; ; ;65000000;400000; ;2;1;2;1;1;1;1;2;2;2;1;2;2;2;2;2;1;2;1;2;2;1;2;2;2; ;1;1;1;2;1;1;1;1;1;3;1;1;01;23;07;23;107,105577452006
4664216;1;4;3;1;1;1;1;1;3;4; ; ; ;300000; ;1;1;1;1;1;1;1;2;2;2;1;2;2;2;2;2;1;2;1;2;2;1;4;7;2; ;1;1;1;2;1;1;1;1;1;3;1;1;01;23;07;23;199,252516848821
4664217;1;3;1;1;1;1;1;1;3;1; ; ;70000000;350000; ;2;1;2;1;1;1;1;2;2;2;1;2;2;2;2;2;1;1;2;2;2;1;1;1;2; ;1;1;1;4;1;1;1;1;1;3;1;1;01;23;07;23;120,6799367709
4664218;1;2;1;1;1;1;1;1;1;1; ; ;38000000;300000; ;2;1;2;1;1;1;1;2;2;2;1;2;2;2;2;2;1;2;2;2;2;1;2;2;2; ;1;2;1;4;1;1;2;1;1;3;1;1;01;23;07;23;157,639719297665
4664219;1;4;2;1;1;1;1;1;3;4; ; ; ;350000; ;2;1;2;1;1;1;1;2;2;2;1;2;1;2;2;2;1;1;1;2;2;1;2;5;2; ;1;1;1;4;1;1;1;1;1;3;1;1;01;23;07;23;207,783306872433
4664220;1;4;3;1;2;1;1;1;3;1; ; ;40000000;400000; ;2;1;1;1;1;1;1;2;2;2;1;1;2;1;2;2;1;2;2;2;2;1;4;8;2; ;1;1;1;2;1;1;1;1;1;3;1;1;01;23;07;23;160,748627721348
4664220;2;2;1;1;2;1;1;1;3;4; ; ; ;250000; ;2;1;1;1;1;1;1;2;2;2;1;2;2;2;2;2;1;2;2;2;2;1;2;3;2; ;2;1;1;2;1;1;1;1;1;3;1;1;01;23;07;23;160,748627721348
4664221;1;4;2;1;1;1;1;1;3;1; ; ;50000000;450000; ;1;1;1;1;1;1;1;1;1;2;1;2;1;1;2;1;1;1;1;2;2;1;2;2;2; ;1;1;1;4;1;1;1;1;1;3;1;1;01;23;07;23;178,249215964816
4664222;1;4;2;1;1;1;1;1;3;3; ; ; ; ;280000;2;1;2;1;1;1;1;1;2;2;1;2;1;2;2;2;1;1;2;2;2;1;3;5;2; ;1;1;1;2;1;1;1;1;1;3;1;1;01;23;07;23;205,043369548697
4664223;1;3;1;1;1;1;1;1;3;4; ; ; ;400000; ;2;2;2;2;1;1;1;2;2;2;1;2;2;2;2;2;1;2;1;2;2;1;1;1;2; ;1;1;1;2;1;1;1;1;1;3;1;1;01;23;07;23;159,52226776751
4664224;1;3;2;1;1;1;1;1;3;4; ; ; ;600000; ;2;1;1;1;1;1;1;1;1;2;1;1;1;1;2;1;1;2;1;2;2;1;2;4;2; ;1;2;1;4;1;2;1;1;1;3;1;1;01;23;07;23;166,044405219728
4664355;1;4;3;1;1;1;1;1;3;3; ; ; ; ;600000;1;1;1;1;1;1;1;1;1;2;1;1;1;1;2;2;1;1;2;1;2;1;3;3;1;1;1;1;1;4;1;3;1;1;1;3;1;1;01;50;07;50;182,197782622965
4664356;1;4;2;1;1;1;1;1;3;1; ; ;150000000;700000; ;1;1;1;1;1;1;1;1;1;2;1;1;2;1;2;2;2;2;1;1;2;1;3;3;2; ;1;1;1;4;1;3;1;1;1;3;1;1;01;50;07;50;240,868756579852
4664357;1;4;2;1;1;1;1;1;3;1; ; ;140000000;1000000; ;1;1;1;1;1;1;1;1;1;2;1;1;1;1;1;2;1;1;1;1;2;1;3;3;2; ;1;1;1;4;1;3;1;1;1;3;1;1;01;50;07;50;172,66688259988
4664358;1;4;3;1;1;1;1;6; ;3; ; ; ; ;750000;1;1;1;1;1;1;1;2;2;2;1;1;1;1;2;2;1;2;1;2;2;1;3;4;2; ;1;1;1;4;1;3;1;1;1;3;1;2;01;50;07;50;219,195163809767
4664359;1;4;3;1;1;1;1;1;3;1; ; ;70000000;300000; ;2;1;2;1;1;1;1;2;2;2;1;2;2;2;2;2;1;2;1;2;2;1;3;4;2; ;1;1;1;4;1;2;1;1;1;3;1;1;01;50;07;50;166,560279872751
4664360;1;5;4;1;1;1;1;1;3;4; ; ; ;500000; ;1;1;1;1;1;1;1;2;2;2;1;2;2;1;2;2;1;1;1;2;2;1;3;3;2; ;1;1;1;4;1;2;1;1;1;3;1;2;01;50;07;50;198,270129525527
4664361;1;3;2;1;1;1;1;1;3;1; ; ;98;450000; ;1;1;1;1;1;1;1;1;2;2;1;2;1;1;2;2;1;2;2;2;2;1;1;2;2; ;1;1;1;4;1;2;1;1;1;3;1;1;01;50;07;50;159,944094424561
4664362;1;3;2;1;1;1;1;1;4;3; ; ; ; ;4000000;2;1;1;1;1;1;1;2;2;2;1;1;1;1;2;2;1;2;2;1;2;1;1;3;2; ;1;1;1;2;1;2;2;1;1;3;1;1;01;50;07;50;265,680531392122
4664363;1;4;3;1;1;1;1;1;3;3; ; ; ; ;500000;2;2;2;2;1;1;1;2;2;2;1;2;2;2;2;2;1;1;2;2;2;1;4;5;2; ;1;1;1;4;1;2;1;1;1;3;1;1;01;50;07;50;254,890476897448
4664364;1;6;4;1;1;1;1;1;3;4; ; ; ;550000; ;2;1;1;1;1;1;1;2;2;2;1;2;2;1;2;2;2;2;2;2;2;1;3;4;2; ;1;1;1;2;1;2;1;1;1;3;1;1;01;50;07;50;111,347003578964
4664365;1;8;6;1;1;1;1;1;3;1; ; ;350000000;800000; ;1;1;1;1;1;1;1;1;1;2;1;2;1;1;2;2;1;1;2;1;2;1;9;10;2; ;1;1;1;4;1;3;1;1;1;5;1;1;01;50;07;50;263,720806633879
4664366;1;2;1;1;1;1;1;1;3;1; ; ;80000000;200000; ;2;1;2;1;1;1;1;2;2;2;1;2;2;2;2;2;1;1;2;2;2;1;2;2;2; ;1;1;1;4;1;3;1;1;1;3;1;1;01;50;07;50;258,722458514809
4664366;2;3;2;1;1;1;1;1;4;3; ; ; ; ;300000;2;1;2;1;1;1;1;2;2;2;1;1;1;2;2;2;1;2;1;2;2;1;2;4;2; ;2;1;1;4;1;3;1;1;1;3;1;1;01;50;07;50;258,722458514809
4664367;1;4;3;1;1;1;1;1;3;1; ; ;140000000;550000; ;1;2;1;1;1;1;1;2;2;2;1;2;1;1;2;2;1;1;1;2;2;1;3;3;2; ;1;1;1;4;1;2;1;1;1;3;1;2;01;50;07;50;237,759798001969
4664368;1;8;2;1;1;1;1;1;3;1; ; ;500000000;1500000; ;1;1;1;1;1;1;1;2;1;2;1;2;1;1;2;2;1;2;2;1;2;1;3;3;2; ;1;2;1;4;1;3;1;1;1;3;1;1;01;50;07;50;110,525773195872
4664369;1;3;1;1;1;1;1;1;3;1; ; ;180000000;600000; ;1;2;2;2;1;1;1;2;2;2;1;2;2;2;2;2;2;2;2;1;2;1;1;2;2; ;1;2;1;4;1;2;1;1;1;3;1;1;01;50;07;50;170,517533108039
4664370;1;3;2;1;1;1;1;1;4;3; ; ; ; ;620000;2;2;1;2;1;1;1;2;2;2;1;2;2;1;2;2;2;2;2;2;2;1;2;4;2; ;1;2;1;4;1;3;2;1;1;3;1;1;01;50;07;50;206,528184913792
4664371;1;4;3;1;1;1;1;1;3;1; ; ;200000000;400000; ;2;2;1;1;1;1;1;2;2;2;1;2;2;1;2;2;1;2;2;2;2;1;2;4;2; ;1;2;1;4;1;2;1;1;1;3;1;2;01;50;07;50;279,038173906429
4664372;1;3;2;1;1;1;1;1;3;3; ; ; ; ;450000;2;1;2;1;1;1;1;2;2;2;1;1;2;1;2;2;1;1;2;2;2;1;3;5;2; ;1;2;1;4;1;3;1;1;1;3;1;1;01;50;07;50;213,312507334647
4664373;1;3;2;1;1;1;1;1;3;3; ; ; ; ;400000;2;2;1;1;1;1;1;2;2;2;1;1;1;2;2;2;1;2;2;2;2;1;1;3;2; ;1;2;1;4;1;2;1;1;1;3;1;2;01;50;07;50;198,270129525527
4664374;1;3;2;1;1;1;1;1;3;3; ; ; ; ;500000;2;2;1;2;1;1;1;2;2;2;1;2;1;2;2;2;1;2;2;2;2;1;1;3;2; ;1;1;1;4;1;3;1;1;1;3;1;1;01;50;07;50;182,197782622965
4664375;1;5;2;1;1;1;1;1;3;3; ; ; ; ;800000;1;1;1;1;1;1;1;2;2;2;1;1;1;2;2;2;1;1;1;2;2;1;3;5;2; ;1;1;1;4;1;3;1;1;1;3;1;2;01;50;07;50;279,858869484107
4664376;1;3;2;1;1;1;1;1;3;3; ; ; ; ;400000;2;2;2;2;1;1;1;2;2;2;1;2;2;2;2;2;1;2;1;2;2;1;2;2;2; ;1;2;1;4;1;2;1;1;1;3;1;2;01;50;07;50;235,386502258118
4664377;1;4;3;1;1;1;1;1;3;3; ; ; ; ;600000;1;2;2;1;1;1;1;2;2;2;1;2;2;2;2;2;1;2;2;2;2;1;3;3;2; ;1;1;1;4;1;3;1;1;1;3;1;2;01;50;07;50;172,286318573482
4664378;1;5;1;1;1;1;1;1;3;1; ; ;120000000;1000000; ;1;1;1;1;1;1;1;2;2;2;1;1;1;1;2;2;1;1;1;1;2;1;1;1;2; ;1;1;1;4;1;3;1;1;1;3;1;1;01;50;07;50;223,200895883586
4664379;1;4;2;1;1;1;1;1;3;4; ; ; ;670000; ;2;2;1;1;1;1;1;2;2;2;1;1;2;2;2;2;2;2;2;1;2;1;2;3;2; ;1;1;1;4;1;3;1;1;1;3;1;1;01;50;07;50;217,045814317925
4664380;1;4;1;1;1;1;1;1;3;1; ; ;150000000;900000; ;1;1;1;1;1;1;1;2;2;2;1;1;1;2;2;2;2;2;2;2;2;1;2;2;2; ;1;1;1;4;1;4;1;1;1;3;1;2;01;50;07;50;170,517533108039
4664381;1;4;3;1;1;1;1;1;3;3; ; ; ; ;1100000;2;1;1;1;1;1;1;2;1;2;1;1;2;1;2;2;1;2;1;1;2;1;4;4;2; ;1;1;1;4;1;3;1;1;1;3;1;1;01;50;07;50;219,195163809767
4664382;1;5;2;1;1;1;1;1;3;3; ; ; ; ;950000;1;1;1;1;1;1;1;2;2;2;1;2;2;1;2;2;1;2;2;1;2;1;3;3;2; ;1;1;1;4;1;3;1;1;1;3;1;2;01;50;07;50;149,63541245133
4664383;1;4;3;1;1;1;1;1;3;3; ; ; ; ;800000;2;2;1;1;1;1;1;2;2;2;1;2;2;1;2;2;1;2;2;2;2;1;4;4;2; ;1;1;1;4;1;3;1;1;1;3;1;1;01;50;07;50;174,816232091722
4664388;1;4;1;1;1;1;1;1;3;3; ; ; ; ;600000;2;1;1;2;1;1;1;1;1;2;1;1;1;1;2;2;1;2;2;2;2;1;1;1;2; ;1;1;1;4;1;2;1;1;1;3;1;1;01;50;07;50;223,200895883586
4664390;1;3;2;1;1;1;1;1;4;4; ; ; ;600000; ;1;1;1;1;1;1;2;2;2;2;1;1;1;1;2;2;1;1;2;2;2;1;2;3;2; ;1;2;1;4;1;3;2;1;1;3;1;1;01;50;07;50;139,599155568639
4664391;1;3;2;1;1;1;1;1;4;3; ; ; ; ;600000;2;1;2;1;1;1;1;2;2;2;1;2;1;2;2;2;1;1;1;1;2;1;2;3;2; ;1;2;1;4;1;3;2;1;1;3;1;1;01;50;07;50;239,696720440077
4664392;1;3;2;1;1;1;1;1;4;3; ; ; ; ;550000;2;2;2;1;1;1;1;2;2;2;1;2;2;2;2;2;1;2;2;2;2;1;2;3;2; ;1;2;1;4;1;3;2;1;1;3;1;1;01;50;07;50;239,696720440077
4664393;1;4;2;1;1;1;1;1;4;1; ; ;98;98; ;1;1;1;1;1;1;1;2;2;2;1;1;1;2;2;2;1;2;2;1;2;1;2;2;2; ;1;2;1;4;1;3;2;1;1;3;1;1;01;50;07;50;170,517533108039
4664394;1;2;1;1;1;1;1;6; ;3; ; ; ; ;200000;2;1;1;2;2;1;1;2;2;2;1;2;2;2;2;2;1;2;2;2;2;1;3;3;2; ;1;4;1;4;1;2;2;1;1;3;1;2;01;50;07;50;182,197782622965
4664395;1;3;2;1;1;1;1;1;3;3; ; ; ; ;700000;2;2;1;1;1;1;1;2;2;2;1;2;1;1;2;2;1;2;2;2;2;1;2;3;2; ;1;2;1;4;1;3;1;1;1;3;1;1;01;50;07;50;207,009557435235
4664396;1;5;4;1;1;1;1;1;4;3; ; ; ; ;400000;2;1;1;1;1;1;1;2;2;2;1;2;1;1;2;2;1;2;2;1;2;1;4;5;2; ;1;1;1;4;1;3;2;1;1;3;1;2;01;50;07;50;246,156288113878
4664397;1;4;1;1;1;1;1;1;3;1; ; ;60000000;450000; ;2;2;2;2;1;1;1;2;2;2;1;2;2;2;2;2;2;2;2;2;2;1;1;1;2; ;1;1;1;2;1;1;1;1;1;3;1;2;01;50;07;50;233,237152766276
4664398;1;3;2;1;1;1;1;1;3;3; ; ; ; ;350000;2;1;1;1;1;1;1;2;2;2;1;2;1;2;2;2;1;2;2;2;2;1;3;3;2; ;1;2;1;4;1;2;1;1;1;3;1;2;01;50;07;50;182,197782622965
4664399;1;4;3;1;1;1;1;1;3;1; ; ;80000000;500000; ;2;1;1;1;1;1;1;2;2;2;1;2;2;2;2;2;1;2;2;2;2;1;5;6;2; ;1;1;1;4;1;2;1;1;1;3;1;2;01;50;07;50;192,327475013599
4664400;1;3;2;1;1;1;1;1;3;4; ; ; ;350000; ;2;2;2;2;1;1;1;2;2;2;1;2;2;2;2;2;2;2;2;2;2;1;4;7;2; ;1;1;1;2;1;1;1;1;1;3;1;2;01;50;07;50;228,944292174003
4664401;1;1;1;1;1;1;1;6; ;3; ; ; ; ;250000;2;2;2;2;2;2;2;2;2;2;1;2;2;2;2;2;1;2;2;2;2;2; ;1;2; ;1;3;1;4;1;3;2;1;1;3;1;1;01;50;07;50;233,237152766276
4664402;1;3;2;1;1;1;1;1;3;3; ; ; ; ;380000;1;1;1;1;1;1;1;2;2;2;1;2;2;1;2;2;1;2;2;2;2;1;1;2;2; ;1;2;1;4;1;2;1;1;1;3;1;2;01;50;07;50;261,370313210163
4664403;1;2;1;1;1;1;1;6; ;3; ; ; ; ;350000;2;1;1;1;1;1;2;2;2;2;1;2;2;2;2;2;1;2;2;2;2;1;1;2;2; ;1;2;1;4;1;3;2;1;1;3;1;1;01;50;07;50;212,735596135966
4664404;1;3;2;1;1;1;1;1;3;3; ; ; ; ;350000;2;2;2;1;1;2;1;2;2;2;1;1;1;2;2;2;1;2;2;2;2;1;1;4;2; ;1;2;1;4;1;2;1;1;1;3;1;2;01;50;07;50;303,849948718699
4664405;1;3;1;1;1;1;1;1;3;3; ; ; ; ;300000;2;2;2;1;1;1;1;2;2;2;1;1;1;1;2;2;1;1;1;2;2;2; ;1;2; ;1;2;1;4;1;2;1;1;1;3;1;2;01;50;07;50;233,237152766276
4664406;1;3;2;1;1;1;1;1;4;3; ; ; ; ;98;2;2;1;1;1;1;1;2;2;2;1;1;2;1;2;2;1;1;1;2;2;1;3;4;2; ;1;2;1;4;1;3;2;1;1;3;1;2;01;50;07;50;174,502996542944
4664407;1;3;2;1;1;1;1;1;3;3; ; ; ; ;350000;2;1;1;2;1;1;1;2;2;2;1;2;2;2;2;2;1;1;1;2;2;1;2;5;2; ;1;2;1;4;1;2;1;1;1;3;1;2;01;50;07;50;316,035555093231
4664408;1;4;2;1;1;1;1;1;3;1; ; ;600000000;600000; ;2;1;2;1;1;1;1;2;1;2;1;2;1;2;2;2;1;2;2;1;2;1;2;2;2; ;1;1;1;4;1;4;1;1;1;3;1;1;01;50;07;50;170,517533108039
4664409;1;5;2;1;1;1;1;1;3;4; ; ; ;450000; ;2;1;1;1;1;1;1;2;2;2;1;2;2;1;2;2;1;2;1;1;2;1;2;2;2; ;1;1;1;4;1;3;1;1;1;3;1;2;01;50;07;50;235,229884483729
4664410;1;4;3;1;1;1;1;1;3;1; ; ;80000000;400000; ;2;1;1;1;1;1;1;2;2;2;1;1;2;1;2;2;1;1;1;2;2;1;2;4;2; ;1;1;1;4;1;2;1;1;1;3;1;2;01;50;07;50;219,195163809767
4664411;1;3;2;1;1;1;1;1;3;3; ; ; ; ;500000;1;1;1;2;1;1;1;2;2;2;1;1;2;2;2;2;2;2;2;2;2;1;2;4;2; ;1;1;1;4;1;2;1;1;1;3;1;2;01;50;07;50;174,659614317333
4664412;1;5;1;1;1;1;1;1;3;1; ; ;380000000;1200000; ;1;1;1;1;1;1;1;2;2;2;1;1;2;1;2;2;1;2;2;2;2;1;1;1;2; ;1;1;1;4;1;4;1;1;1;3;1;2;01;50;07;50;157,951362707108
4664413;1;4;3;1;1;1;1;1;3;1; ; ;600000000;1000000; ;1;1;1;1;1;1;1;1;2;2;1;2;2;1;2;2;2;2;2;2;2;1;3;3;2; ;1;1;1;4;1;4;1;1;1;3;1;1;01;50;07;50;182,703139482571
4664414;1;5;1;1;1;1;1;1;3;1; ; ;210000000;800000; ;1;1;2;1;1;1;1;1;1;2;1;2;1;2;2;2;1;2;2;1;2;1;2;2;2; ;1;1;1;4;1;4;1;1;1;3;1;1;01;50;07;50;170,517533108039
4664415;1;4;2;1;1;1;1;1;3;4; ; ; ;400000; ;2;1;1;1;1;1;1;2;2;2;1;2;1;1;2;2;1;2;2;2;2;1;1;2;1;1;1;1;1;4;1;2;1;1;1;3;1;2;01;50;07;50;227,511114065545
4664416;1;4;2;1;1;1;1;1;3;3; ; ; ; ;500000;1;1;1;2;1;1;1;2;2;2;1;1;1;2;2;2;1;1;1;1;2;1;3;3;2; ;1;1;1;4;1;2;1;1;1;3;1;1;01;50;07;50;172,510264825492
4664417;1;5;3;1;1;1;1;1;3;5; ; ; ;500000; ;2;1;1;1;1;1;1;2;2;2;1;2;1;1;2;2;1;2;2;2;2;1;3;4;2; ;1;1;1;4;1;2;1;1;1;3;1;2;01;50;07;50;152,16532596957
4664418;1;4;2;1;1;1;1;1;3;1; ; ;22000000;1000000; ;1;1;1;1;1;1;1;2;1;2;1;1;1;1;2;2;1;2;2;1;2;1;2;2;2; ;1;1;1;4;1;4;1;1;1;3;1;1;01;50;07;50;235,386502258118
4664419;1;2;1;1;1;1;1;1;3;1; ; ;98;600000; ;2;1;2;1;1;1;1;2;2;2;1;2;1;2;2;2;2;2;2;2;2;2; ;1;2; ;1;2;1;2;1;2;1;1;1;3;1;1;01;50;07;50;157,951362707108
4664420;1;3;2;1;1;1;1;1;3;3; ; ; ; ;350000;2;2;2;1;1;1;1;2;2;2;1;1;1;1;2;2;2;2;1;1;2;1;3;3;2; ;1;1;1;4;1;2;1;1;1;3;1;1;01;50;07;50;237,37923397557
4664421;1;3;2;1;1;1;1;1;4;3; ; ; ; ;500000;2;2;2;1;1;1;1;2;2;2;1;2;1;2;2;2;2;1;2;2;2;1;2;4;2; ;1;2;1;4;1;2;2;1;1;3;1;1;01;50;07;50;277,866137766654
4664422;1;5;2;1;1;1;1;1;3;1; ; ;50000000;900000; ;2;1;1;1;1;1;1;1;2;2;1;2;1;1;2;2;1;2;2;2;2;1;2;3;2; ;1;2;1;4;1;2;1;1;1;3;1;1;01;50;07;50;328,821860761818
4664423;1;3;2;1;1;1;1;1;3;3; ; ; ; ;380000;1;1;1;1;1;1;1;1;1;2;1;1;1;2;2;2;1;1;1;2;2;1;3;4;2; ;1;2;1;4;1;2;1;1;1;3;1;1;01;50;07;50;388,766777994994
4664424;1;3;2;1;1;1;1;1;3;1; ; ;100000000;470000; ;1;1;1;1;1;1;1;1;2;2;1;2;2;1;2;2;1;1;1;2;2;1;2;3;2; ;1;2;1;4;1;2;1;1;1;3;1;1;01;50;07;50;527,039325404008
4664425;1;1;1;1;1;1;1;1;3;3; ; ; ; ;200000;2;2;2;2;1;2;1;2;2;2;2;2;2;2;2;2;2;2;2;2;2;1;1;2;2; ;1;3;1;2;1;3;1;1;1;3;1;1;01;50;07;50;202,542721478887
4664426;1;3;2;1;1;1;1;1;3;3; ; ; ; ;380000;2;1;1;1;1;1;1;2;2;2;1;1;2;2;2;2;1;1;1;2;2;1;3;3;2; ;1;2;1;4;1;2;1;1;1;3;1;1;01;50;07;50;547,111839169389
4664427;1;4;3;1;2;1;1;1;4;4; ; ; ;300000; ;2;2;2;1;1;1;1;2;2;2;1;2;1;2;2;2;1;2;1;2;2;1;2;2;2; ;1;2;1;4;1;3;1;1;1;3;1;2;01;50;07;50;212,735596135966
4664428;1;3;1;1;1;1;1;1;3;3; ; ; ; ;370000;1;1;1;1;1;1;1;2;2;2;1;2;1;1;2;2;1;1;2;2;2;1;2;2;2; ;1;2;1;4;1;2;1;1;1;3;1;1;01;50;07;50;470,773004516235
4664429;1;3;2;1;1;1;1;1;3;3; ; ; ; ;370000;2;1;2;1;1;1;1;2;2;2;1;1;2;2;2;2;1;2;2;2;2;1;2;6;2; ;1;2;1;2;1;2;1;1;1;3;1;1;01;50;07;50;573,589141106424
4664430;1;2;1;1;1;1;1;1;3;3; ; ; ; ;265000;2;1;2;1;1;1;1;1;2;2;1;2;2;2;2;2;1;2;2;2;2;1;1;1;2; ;1;3;1;4;1;2;1;1;1;3;1;1;01;50;07;50;157,951362707108
4664431;1;3;1;1;1;1;1;1;3;2; ;240000;50000000;400000; ;2;2;2;1;1;1;1;2;2;2;1;2;2;2;2;2;1;2;1;2;2;1;1;1;2; ;1;2;1;4;1;2;1;1;1;3;1;1;01;50;07;50;467,23543358535
4664432;1;3;2;1;1;1;1;1;3;3; ; ; ; ;400000;1;1;1;2;1;1;1;2;2;2;1;1;1;1;2;2;1;1;1;2;2;1;3;5;2; ;1;2;1;4;1;2;1;1;1;3;1;1;01;50;07;50;397,387214358913
4664433;1;3;3;1;1;1;1;1;3;3; ; ; ; ;600000;2;1;2;1;1;1;1;2;2;2;1;2;1;2;2;2;1;1;1;2;2;1;3;4;2; ;1;2;1;4;1;3;1;1;1;3;1;2;01;50;07;50;241,68945215753
4664434;1;4;3;1;1;1;1;1;3;1; ; ;200000000;650000; ;1;1;1;1;1;1;1;1;1;2;1;2;1;1;2;2;1;2;2;1;2;1;3;3;2; ;1;2;1;4;1;3;1;1;1;3;1;1;01;50;07;50;172,286318573482
4664435;1;3;1;1;1;1;1;1;3;3; ; ; ; ;400000;2;1;1;1;1;1;1;2;2;2;1;2;1;2;2;2;1;2;1;2;2;1;1;1;2; ;1;2;1;4;1;3;1;1;1;3;1;1;01;50;07;50;233,237152766276
4664436;1;3;1;1;1;1;1;1;3;3; ; ; ; ;400000;2;2;2;2;1;1;1;2;2;2;1;2;2;2;2;2;2;2;1;2;2;1;2;2;2; ;1;2;1;4;1;2;1;1;1;3;1;1;01;50;07;50;202,542721478887
4664437;1;4;3;1;1;1;1;1;3;1; ; ;60000000;450000; ;1;2;2;2;1;1;1;2;2;2;1;2;2;2;2;2;2;1;1;2;2;1;2;4;2; ;1;1;1;4;1;1;1;1;1;3;1;2;01;50;07;50;216,87767734526
4664438;1;3;2;1;1;1;1;1;3;3; ; ; ; ;500000;2;2;1;1;1;1;1;2;2;2;1;2;1;1;2;2;1;2;1;2;2;1;2;4;2; ;1;2;1;4;1;3;1;1;1;3;1;1;01;50;07;50;277,866137766654
4664439;1;4;3;1;1;1;1;1;3;3; ; ; ; ;600000;1;1;1;1;1;1;1;2;2;2;1;1;2;1;2;2;1;1;1;2;2;1;3;4;2; ;1;2;1;4;1;3;1;1;1;3;1;1;01;50;07;50;253,054362954384
4664440;1;4;2;1;1;1;1;1;3;3; ; ; ; ;1000000;2;1;1;1;1;1;1;2;1;2;1;2;1;1;2;2;1;1;2;2;2;1;2;2;2; ;1;1;1;4;1;3;1;1;1;3;1;2;01;50;07;50;202,699339253275
4664441;1;4;1;1;1;1;1;1;3;1; ; ;250000000;800000; ;1;1;1;1;1;1;1;1;2;2;1;2;1;2;2;2;1;2;2;1;2;1;2;2;2; ;1;1;1;4;1;3;1;1;1;3;1;1;01;50;07;50;170,517533108039
4664442;1;5;1;1;1;1;1;1;3;1; ; ;180000000;1000000; ;1;1;1;1;1;1;1;2;2;2;1;2;1;1;2;2;1;2;2;1;2;1;2;2;2; ;1;1;1;4;1;3;1;1;1;3;1;2;01;50;07;50;137,449806076798
4664443;1;5;2;1;1;1;1;1;3;1; ; ;170000000;800000; ;1;1;1;1;1;1;1;1;2;2;1;2;2;2;2;1;1;1;2;1;2;1;2;3;2; ;1;1;1;4;1;3;1;1;1;3;1;2;01;50;07;50;149,63541245133
4664444;1;3;1;1;1;1;1;1;3;1; ; ;35000000;600000; ;2;1;1;2;1;1;1;2;2;2;1;2;1;2;2;2;2;2;2;2;2;1;1;1;2; ;1;2;1;4;1;3;1;1;1;3;1;1;01;50;07;50;233,237152766276
4664445;1;1;1;1;1;1;1;6; ;3; ; ; ; ;320000;2;1;1;2;1;1;1;2;2;2;1;2;2;2;2;2;1;2;2;1;2;1;1;1;2; ;1;4;1;4;1;3;2;1;1;3;1;2;01;50;07;50;233,617716792675
4664446;1;3;2;1;1;1;1;1;3;1; ; ;98;500000; ;2;1;1;1;1;1;1;2;2;2;1;1;2;2;2;2;2;2;1;2;2;1;2;2;2; ;1;2;1;4;1;3;1;1;1;3;1;1;01;50;07;50;235,767066284516
4664447;1;4;1;1;1;1;1;1;3;1; ; ;140000000;700000; ;1;1;1;1;1;1;1;2;2;2;1;2;1;2;2;2;1;2;2;2;2;1;2;2;2; ;1;1;1;4;1;3;1;1;1;3;1;1;01;50;07;50;170,517533108039
4664448;1;4;2;1;1;1;1;1;3;3; ; ; ; ;600000;2;1;1;1;1;1;1;2;2;2;1;2;2;2;2;2;1;2;2;2;2;1;2;2;2; ;1;2;1;4;1;3;1;1;1;3;1;1;01;50;07;50;245,422759140808
4664449;1;3;2;1;1;1;1;1;3;3; ; ; ; ;600000;2;2;1;1;1;1;1;1;2;2;2;2;2;1;2;2;1;2;1;2;2;1;2;2;2; ;1;2;1;4;1;3;1;1;1;3;1;2;01;50;07;50;212,735596135966
4664450;1;3;2;1;1;1;1;1;3;3; ; ; ; ;600000;2;1;1;1;1;1;1;2;2;2;1;2;1;2;2;2;1;2;2;2;2;1;1;2;1;1;1;2;1;4;1;3;1;1;1;3;1;1;01;50;07;50;227,511114065545
4664451;1;3;1;1;1;1;1;1;3;4; ; ; ;500000; ;2;2;2;2;1;1;1;2;2;2;1;1;2;1;2;2;1;2;2;2;2;1;1;1;2; ;1;2;1;4;1;3;1;1;1;3;1;2;01;50;07;50;157,951362707108
4664454;1;4;2;1;1;1;1;1;3;3; ; ; ; ;500000;2;2;2;1;1;1;1;2;2;2;1;2;2;2;2;2;1;2;2;2;2;1;2;2;2; ;1;1;1;4;1;3;1;1;1;3;1;1;01;50;07;50;110,525773195872
4664456;1;4;2;1;1;1;1;1;3;3; ; ; ; ;600000;2;1;2;1;1;1;1;2;2;2;1;2;2;2;2;2;1;2;2;2;2;1;2;2;2; ;1;1;1;4;1;3;1;1;1;3;1;2;01;50;07;50;159,944094424561
4664459;1;3;2;1;1;1;1;1;3;1; ; ;400000000;1000000; ;1;1;1;1;1;1;1;2;2;2;1;2;2;2;2;2;1;2;2;2;2;1;3;3;2; ;1;2;1;4;1;3;1;1;1;3;1;1;01;50;07;50;172,510264825492
4664460;1;2;1;1;1;1;1;6; ;1; ; ;120000000;400000; ;2;2;2;1;1;1;1;2;2;2;2;2;2;2;2;2;2;2;2;2;2;1;1;1;2; ;1;2;1;4;1;2;1;1;1;3;1;1;01;50;07;50;446,401791767172
4664461;1;1;1;1;1;1;1;6; ;3; ; ; ; ;400000;2;2;2;1;1;1;1;2;2;2;1;2;2;2;2;2;1;2;2;2;2;1;1;1;2; ;1;2;1;4;1;3;1;1;1;3;1;1;01;50;07;50;223,200895883586
4664462;1;4;3;1;1;1;1;1;3;3; ; ; ; ;550000;2;1;1;1;1;1;1;2;2;2;1;2;1;1;2;2;1;2;1;2;2;1;5;5;2; ;1;1;1;4;1;3;1;1;1;3;1;1;01;50;07;50;241,521315184864
4664463;1;4;1;1;1;1;1;1;3;4; ; ; ;500000; ;2;1;1;1;1;1;1;2;2;2;1;2;1;1;2;2;1;1;2;2;2;2; ;1;2; ;1;1;1;4;1;3;1;1;1;3;1;1;01;50;07;50;200,549989761434
4664464;1;3;3;5;1;1;1;1;5;5; ; ; ;250000; ;2;2;2;2;2;2;2;2;2;2;1;2;2;2;2;2;2;1;2;2;2;1;2;5;2; ;1;1;5;1;1;1;2;1;1;3;1;1;01;50;07;50;223,505381991726
4664465;1;3;2;1;1;1;1;1;4;3; ; ; ; ;150000;2;2;2;2;2;1;1;2;2;2;1;2;2;2;2;2;1;2;2;2;2;1;1;4;2; ;1;1;1;2;1;1;2;1;1;3;1;2;01;50;07;50;241,68945215753
4664466;1;3;2;1;1;1;1;1;4;3; ; ; ; ;200000;2;2;2;1;1;1;1;2;2;2;1;2;2;2;2;2;1;1;2;2;2;1;1;3;2; ;1;1;1;2;1;1;2;1;1;3;1;1;01;50;07;50;265,680531392122
4664467;1;3;2;1;1;1;1;1;4;1; ; ;98;300000; ;2;2;2;1;1;1;1;2;2;2;1;1;1;2;2;2;2;1;1;2;2;1;2;4;2; ;1;1;1;2;1;1;2;1;1;3;1;1;01;50;07;50;216,87767734526
4664468;1;3;2;1;1;1;1;1;3;3; ; ; ; ;500000;2;2;1;1;1;1;1;1;2;2;1;2;2;2;2;2;2;2;1;2;2;1;2;3;2; ;1;1;1;4;1;2;1;1;1;3;1;2;01;50;07;50;263,519662702004
4664469;1;3;2;1;1;1;1;1;3;3; ; ; ; ;500000;1;1;1;1;1;1;1;2;2;2;1;2;1;1;2;2;1;2;1;2;2;1;3;3;2; ;1;2;1;4;1;3;1;1;1;3;1;1;01;50;07;50;192,234039505655
4664470;1;3;1;1;1;1;1;1;3;1; ; ;120000000;600000; ;1;1;1;1;1;1;1;1;2;2;1;1;1;1;1;1;1;2;1;1;2;1;1;1;2; ;1;1;1;4;1;3;1;1;1;3;1;2;01;50;07;50;223,200895883586
4664471;1;3;2;1;1;1;1;1;4;1; ; ;100000000;350000; ;2;2;2;2;1;1;1;2;2;2;1;2;2;2;2;2;2;1;2;2;2;1;2;4;2; ;1;1;1;2;1;2;2;1;1;3;1;2;01;50;07;50;216,721059570871
4664472;1;3;2;1;1;1;1;1;3;4; ; ; ;500000; ;2;1;2;1;1;1;1;1;2;2;1;2;2;2;2;2;1;2;1;2;2;1;1;2;2; ;1;1;1;4;1;3;1;1;1;3;1;2;01;50;07;50;170,13696908164
4664473;1;4;1;1;1;1;1;1;3;1; ; ;160000000;600000; ;2;2;2;1;1;1;1;1;1;2;1;2;1;2;2;2;1;2;2;2;1;1;1;1;2; ;1;2;1;4;1;3;1;1;1;3;1;1;01;50;07;50;157,951362707108
4664482;1;1;1;1;2;1;1;6; ;3; ; ; ; ;250000;2;1;1;2;2;2;2;2;2;1;1;1;2;1;2;2;2;2;2;2;2;1;1;1;2; ;1;4;1;4;1;5;2;1;1;3;1;1;01;52;07;52;214,888017435905
4664483;1;3;2;1;1;1;1;1;3;3; ; ; ; ;220000;2;1;1;2;2;2;1;2;2;2;1;2;2;1;2;2;2;2;1;2;2;1;1;4;2; ;1;2;1;4;1;1;1;1;1;3;1;1;01;52;07;52;368,229924753752
4664484;1;3;2;1;1;1;1;1;4;3; ; ; ; ;700000;2;1;1;1;1;1;1;2;2;1;1;2;1;1;2;2;2;2;2;1;2;1;3;4;2; ;1;2;1;4;1;3;2;1;1;3;1;1;01;52;07;52;279,65794815075
4664485;1;4;1;1;1;1;1;1;4;3; ; ; ; ;700000;2;1;2;1;1;1;1;2;2;2;1;2;2;1;2;2;2;2;2;2;2;1;1;1;2; ;1;1;1;4;1;3;2;1;1;3;1;1;01;52;07;52;160,448605369787
4664486;1;4;3;1;1;1;1;1;4;1; ; ;98;800000; ;1;1;1;1;1;1;1;1;1;1;1;2;1;1;2;2;2;1;2;2;2;1;4;5;2; ;1;1;1;4;1;3;2;1;1;3;1;1;01;52;07;52;176,891385551272
4664487;1;4;1;1;1;1;1;1;4;3; ; ; ; ;300000;1;1;1;1;1;1;1;2;2;1;1;2;1;1;2;2;2;2;2;1;2;1;1;1;2; ;1;2;1;4;1;3;2;1;1;3;1;1;01;52;07;52;143,304933511673
4664488;1;3;2;1;1;1;1;1;3;3; ; ; ; ;500000;1;1;1;1;1;1;1;2;2;1;1;2;1;1;2;2;2;1;2;2;2;1;3;3;2; ;1;1;1;4;1;3;1;1;1;3;1;1;01;52;07;52;181,142264242078
4664489;1;6;2;1;1;1;1;1;4;3; ; ; ; ;900000;1;1;1;1;1;1;1;2;1;2;1;2;2;1;2;2;2;2;2;1;2;1;3;3;2; ;1;1;1;4;1;3;2;1;1;3;1;1;01;52;07;52;354,781763111126
4664490;1;5;3;1;1;1;1;1;4;3; ; ; ; ;98;2;1;1;1;1;1;1;2;1;1;1;1;1;1;2;2;2;1;1;1;2;1;4;5;2; ;1;1;1;4;1;3;2;1;1;3;1;1;01;52;07;52;317,942829347998
4664491;1;5;3;1;1;1;1;1;4;3; ; ; ; ;700000;1;1;1;1;1;1;1;2;1;2;1;1;2;1;2;2;2;2;2;1;2;1;4;4;2; ;1;1;1;4;1;3;2;1;1;3;1;1;01;52;07;52;394,656086520979
4664492;1;5;4;1;1;1;1;1;3;1; ; ;98;700000; ;1;1;1;1;1;1;1;2;1;1;1;1;1;1;2;2;2;1;2;1;2;1;4;4;2; ;1;1;1;4;1;3;1;1;1;3;1;1;01;52;07;52;137,422858500788
4664493;1;3;2;1;1;1;1;1;3;4; ; ; ;98; ;2;1;2;1;1;1;1;2;2;1;1;1;2;2;2;2;2;2;2;2;2;1;2;2;2; ;1;1;1;4;1;3;1;1;1;3;1;1;01;52;07;52;175,85808536904
4664494;1;6;2;1;1;1;1;1;4;1; ; ;350000000;800000; ;1;1;1;1;1;1;1;1;1;1;1;1;1;1;2;2;2;1;2;1;2;1;2;2;2; ;1;1;1;4;1;3;2;1;1;3;1;1;01;52;07;52;318,981425060169
4664496;1;4;3;1;1;1;1;1;4;2; ;960000;180000000;600000; ;1;1;1;2;1;1;1;2;1;2;1;2;1;1;2;2;2;2;1;2;2;1;2;2;2; ;1;2;1;4;1;3;2;1;1;3;1;1;01;52;07;52;460,594994870316
4664497;1;1;1;1;1;1;1;6; ;4; ; ; ;98; ;2;2;2;2;2;2;2;2;2;2;2;2;1;2;2;2;2;2;2;2;2;1;1;1;2; ;1;4;5;2;1;3;2;1;1;3;1;1;01;52;07;52;214,111718416747
4664498;1;3;3;1;1;1;1;1;4;3; ; ; ; ;500000;2;1;1;1;1;1;1;2;2;1;1;2;1;2;2;2;2;2;1;2;2;1;4;4;2; ;1;2;1;4;1;3;2;1;1;3;1;1;01;52;07;52;182,675060428602
4664499;1;3;1;1;1;1;1;1;1;3; ; ; ; ;320000;2;1;2;1;1;1;1;2;2;1;1;2;1;2;2;2;2;2;2;2;2;1;1;1;2; ;1;2;1;4;1;3;2;1;1;3;1;1;01;52;07;52;200,235034604018
4664500;1;1;1;1;1;1;1;1;4;3; ; ; ; ;330000;2;1;2;2;2;1;1;2;2;1;1;2;2;2;2;2;2;2;1;2;2;1;1;1;2; ;1;2;1;5;1;3;2;1;1;3;1;1;01;52;07;52;214,111718416747
4664501;1;2;2;1;1;1;1;1;4;3; ; ; ; ;380000;2;1;1;2;2;1;1;2;2;1;1;2;2;2;2;2;2;2;2;1;2;1;4;4;2; ;1;2;1;4;1;3;2;1;1;3;1;1;01;52;07;52;197,328043260489
4664502;1;3;2;1;1;1;1;1;4;3; ; ; ; ;600000;2;2;1;2;2;2;1;2;2;1;2;2;2;2;2;2;2;2;2;2;2;1;2;2;2; ;1;2;1;4;1;3;2;1;1;3;1;1;01;52;07;52;231,073796454317
4664503;1;4;2;1;1;1;1;1;4;2; ;750000;180000000;700000; ;2;1;1;2;1;1;1;2;2;1;1;1;2;1;2;2;2;2;2;1;2;1;3;3;2; ;1;2;1;4;1;3;2;1;1;3;1;1;01;52;07;52;181,142264242078
4664504;1;3;1;1;1;1;1;1;4;3; ; ; ; ;300000;2;1;1;2;2;1;1;2;1;1;1;2;1;2;2;2;2;2;2;2;2;1;2;2;2; ;1;1;1;4;1;2;2;1;1;3;1;1;01;52;07;52;165,732784242825
4664505;1;4;1;1;1;1;1;1;3;4; ; ; ;300000; ;2;1;2;2;1;1;1;2;2;1;1;2;1;2;2;2;2;2;2;2;2;1;2;2;2; ;1;1;1;4;1;2;1;1;1;3;1;1;01;52;07;52;158,714413510926
4664506;1;2;1;1;1;1;1;1;4;3; ; ; ; ;320000;2;2;2;2;2;2;1;2;2;1;1;2;2;1;2;2;2;1;2;2;2;1;1;1;2; ;1;2;1;4;1;3;2;1;1;3;1;1;01;52;07;52;143,304933511673
4664507;1;4;3;1;1;1;1;1;4;4; ; ; ;300000; ;1;1;1;1;1;1;1;2;1;1;1;2;2;1;2;2;2;1;1;2;2;1;2;4;2; ;1;2;1;4;1;2;2;1;1;3;1;1;01;52;07;52;302,940696182822
4664508;1;3;1;1;1;1;1;1;3;3; ; ; ; ;545000;2;1;1;2;1;1;1;1;2;1;1;2;2;2;2;2;2;2;2;2;2;1;1;2;2; ;1;1;1;3;1;3;1;1;1;3;1;1;01;52;07;52;161,98140155631
4664509;1;3;1;1;1;1;1;1;3;4; ; ; ;98; ;1;2;2;1;1;1;1;2;2;1;1;2;2;2;2;2;2;2;2;1;2;1;1;1;2; ;1;1;1;4;1;3;1;1;1;3;1;1;01;52;07;52;214,111718416747
4664510;1;3;1;1;1;1;1;1;4;1; ; ;98;98; ;2;2;2;2;1;1;1;1;2;1;1;2;1;2;2;2;2;2;2;2;2;1;1;1;2; ;1;2;1;4;1;2;2;1;1;3;1;1;01;52;07;52;160,448605369787
4664511;1;5;5;1;1;1;1;1;3;4; ; ; ;98; ;2;1;2;1;1;1;1;2;2;2;1;2;1;2;2;2;2;1;2;1;2;1;5;5;2; ;1;1;1;4;1;2;1;1;1;3;1;1;01;52;07;52;106,382700978151
4664512;1;2;2;1;1;1;1;1;4;3; ; ; ; ;500000;2;1;1;1;1;1;1;2;2;1;1;2;1;1;2;2;2;2;1;2;2;1;4;4;2; ;1;1;1;4;1;2;2;1;1;3;1;1;01;52;07;52;197,328043260489
4664513;1;5;2;1;1;1;1;1;3;1; ; ;110000;98; ;1;1;1;1;1;1;1;1;2;1;1;2;1;2;2;2;2;2;2;1;2;1;2;4;2; ;1;1;1;4;1;2;1;1;1;3;1;1;01;52;07;52;302,940696182822
4664514;1;2;1;1;1;1;1;1;4;1; ; ;98;350000; ;2;2;2;2;1;1;1;2;2;1;1;2;1;2;2;2;2;2;2;2;2;1;2;2;2; ;1;1;1;4;1;2;2;1;1;3;1;1;01;52;07;52;161,98140155631
4664515;1;4;2;1;1;1;1;1;4;3; ; ; ; ;650000;2;1;2;1;1;1;1;1;1;2;1;1;1;1;2;2;2;1;1;2;2;1;2;3;2; ;1;2;1;4;1;4;2;1;1;6;1;1;01;52;07;52;198,182940561409
4664516;1;4;1;1;1;1;1;1;1;1; ; ;98;98; ;1;1;2;1;1;1;1;2;2;1;1;2;2;2;2;2;2;2;2;2;2;1;1;2;2; ;1;1;1;4;1;3;2;1;1;3;1;1;01;52;07;52;161,98140155631
4664517;1;3;2;1;1;1;1;1;4;1; ; ;98;200000; ;2;1;2;1;1;1;1;2;2;1;1;2;1;2;2;2;2;1;1;2;2;1;3;3;2; ;1;1;1;4;1;2;2;1;1;3;1;1;01;52;07;52;106,584096650489
4664518;1;2;1;1;1;1;1;1;4;3; ; ; ; ;350000;2;2;2;2;2;1;1;2;2;1;1;2;2;1;2;2;2;2;2;2;2;1;1;1;2; ;1;2;1;4;1;2;2;1;1;3;1;1;01;52;07;52;221,130089148647
4664519;1;4;3;1;1;1;1;1;4;3; ; ; ; ;350000;1;1;1;1;1;1;1;2;2;1;1;2;1;2;2;2;2;2;1;2;2;1;4;4;2; ;1;2;1;4;1;2;2;1;1;3;1;1;01;52;07;52;191,085971547748
4664520;1;3;2;1;1;1;1;1;4;3; ; ; ; ;450000;2;2;2;1;1;1;1;2;2;2;1;2;1;2;2;2;1;2;2;2;2;1;3;4;2; ;1;1;1;4;1;3;1;1;1;3;1;2;01;54;07;54;381,072728293717
4664521;1;3;2;1;1;1;1;1;4;3; ; ; ; ;300000;2;1;2;2;2;1;1;2;2;2;1;2;2;2;2;2;1;2;2;2;2;1;1;3;2; ;1;2;1;4;1;2;2;1;1;3;1;2;01;54;07;54;346,362772287068
4664522;1;4;2;1;1;1;1;1;3;4; ; ; ;300000; ;2;1;2;1;1;1;1;2;2;2;1;2;2;2;2;2;1;2;2;2;2;1;2;2;2; ;1;1;1;4;1;2;1;1;1;3;1;2;01;54;07;54;232,383993358414
4664523;1;3;2;1;1;1;1;1;4;1; ; ;98;250000; ;2;1;2;2;1;1;1;2;2;2;1;2;2;2;2;2;1;2;2;2;2;1;1;2;2; ;1;1;1;4;1;2;2;1;1;3;1;2;01;54;07;54;349,356858033031
4664524;1;5;3;1;1;1;1;1;4;3; ; ; ; ;550000;1;1;1;1;1;1;1;2;2;2;1;2;1;1;2;2;1;2;1;2;2;1;2;5;2; ;1;2;1;4;1;2;2;1;1;3;1;2;01;54;07;54;448,536105143652
4664525;1;3;1;1;1;1;1;1;4;4; ; ; ;200000; ;2;2;1;1;1;1;1;2;2;2;1;2;2;1;2;2;2;1;2;2;2;1;1;2;2; ;1;1;1;2;1;2;2;1;1;3;1;2;01;54;07;54;297,536209996955
4664526;1;1;1;1;2;1;1;2;4;3; ; ; ; ;80000;2;1;2;2;2;2;1;2;2;2;1;2;2;2;2;2;1;2;2;2;2;2; ;4;2; ;1;3;1;4;1;2;2;1;1;3;1;2;01;54;07;54;585,691900313312
4664527;1;2;2;1;1;1;1;1;4;1; ; ;10000000;200000; ;2;2;2;2;1;2;1;2;2;2;1;1;2;2;2;2;2;2;2;2;2;1;1;5;2; ;1;2;1;4;1;2;2;1;1;3;1;2;01;54;07;54;475,21470722716
4664528;1;1;1;1;1;1;1;2;4;3; ; ; ; ;200000;2;2;2;2;1;2;1;2;2;2;1;2;2;2;2;2;2;2;2;2;2;1;1;1;2; ;1;1;1;2;1;2;2;1;1;3;1;2;01;54;07;54;384,986884542497
4664529;1;3;2;1;1;1;1;1;4;5; ; ; ;200000; ;2;2;2;2;1;1;1;2;2;2;1;2;2;2;2;2;1;1;2;2;2;1;1;2;2; ;1;1;1;2;1;2;2;1;1;3;1;2;01;54;07;54;377,970173399609
4664530;1;4;2;1;1;1;1;1;4;3; ; ; ; ;250000;2;2;2;2;1;1;1;2;2;2;1;2;2;2;2;2;1;2;2;2;2;1;2;4;2; ;1;1;1;4;1;2;2;1;1;3;1;2;01;54;07;54;361,76835613268
4664531;1;1;1;1;1;1;1;1;4;3; ; ; ; ;150000;2;1;2;2;1;1;1;2;2;2;1;2;2;2;2;2;1;2;2;2;2;1;1;4;2; ;1;2;1;4;1;2;2;1;1;3;1;2;01;54;07;54;399,70954285354
4664532;1;1;1;1;1;1;1;1;4;3; ; ; ; ;150000;2;2;2;2;1;2;1;2;2;2;1;2;2;2;2;2;2;2;2;2;2;1;1;4;2; ;1;2;1;4;1;2;2;1;1;3;1;2;01;54;07;54;452,26868512377
4664533;1;2;1;1;2;1;1;1;4;1; ; ;40000000;200000; ;2;1;2;1;1;1;1;2;2;2;1;2;2;2;2;2;1;2;2;2;2;1;2;2;2; ;1;1;1;2;1;2;2;1;1;3;1;2;01;54;07;54;349,356858033031
4664534;1;1;1;1;2;1;1;6; ;3; ; ; ; ;150000;2;2;2;2;2;2;2;2;2;2;2;2;2;2;2;2;2;2;2;2;2;1;1;1;2; ;1;3;1;2;1;2;2;1;1;3;1;2;01;54;07;54;413,600199909075
4664535;1;3;2;1;1;1;1;1;3;1; ; ;40000000;400000; ;2;2;2;1;1;1;1;2;2;2;1;2;2;2;2;2;1;2;2;2;2;1;2;3;2; ;1;1;1;4;1;2;1;1;1;3;1;2;01;54;07;54;327,05840012603
4664536;1;1;1;1;1;1;1;1;4;4; ; ; ;200000; ;2;2;2;2;1;1;1;2;2;2;1;2;2;2;2;2;1;2;2;2;2;1;1;4;2; ;1;1;1;4;1;2;2;1;1;3;1;2;01;54;07;54;440,105720272118
4664537;1;3;2;1;1;1;1;1;3;1; ; ;99;500000; ;2;1;2;1;1;1;1;2;2;2;1;1;1;2;2;2;1;1;1;2;2;1;2;4;2; ;1;1;1;4;1;2;1;1;1;3;1;2;01;54;07;54;375,884962416143
4664538;1;6;3;1;1;1;1;1;3;5; ; ; ;500000; ;2;1;2;1;1;1;1;2;2;2;1;2;2;2;2;2;1;2;2;2;2;1;2;8;2; ;1;2;1;4;1;2;1;1;1;3;1;2;01;54;07;54;405,202992256487
4664539;1;2;1;1;1;1;1;1;4;3; ; ; ; ;300000;2;2;2;2;1;1;1;2;2;2;1;1;2;2;2;2;1;2;1;2;2;1;2;4;2; ;1;2;1;4;1;2;2;1;1;3;1;2;01;54;07;54;322,895710629254
4664540;1;4;2;1;1;1;1;1;3;3; ; ; ; ;500000;2;2;2;1;1;1;1;2;2;2;1;2;1;1;2;2;1;1;2;2;2;1;3;4;2; ;1;1;1;4;1;3;1;1;1;3;1;2;01;54;07;54;282,119430411024
4664541;1;5;3;1;1;1;1;1;3;3; ; ; ; ;600000;1;1;1;1;1;1;1;2;1;2;1;1;1;1;2;1;1;1;2;2;2;1;4;4;2; ;1;1;1;4;1;3;1;1;1;3;1;2;01;54;07;54;268,002824127561
4664542;1;4;1;1;1;1;1;6; ;4; ; ; ;600000; ;2;1;1;1;1;1;1;2;2;2;1;2;2;1;2;2;1;2;1;2;2;2; ;1;2; ;1;1;1;4;1;3;1;1;1;3;1;2;01;54;07;54;413,600199909075
4664543;1;4;2;1;1;1;1;1;3;5; ; ; ;250000; ;1;2;1;1;1;1;1;2;2;2;1;1;1;2;2;2;1;1;1;2;2;1;2;4;2; ;1;1;1;4;1;1;1;1;1;3;1;2;01;54;07;54;448,026261329548
4664544;1;4;3;1;1;1;1;1;3;5; ; ; ;350000; ;2;1;2;2;1;1;1;2;2;2;1;1;1;2;2;2;1;2;2;2;2;1;2;6;2; ;1;1;1;4;1;1;1;1;1;3;1;2;01;54;07;54;492,17490155619
4664545;1;4;2;1;1;1;1;1;3;5; ; ; ;250000; ;2;2;2;1;1;1;1;2;2;2;1;2;2;2;2;2;1;2;2;1;2;1;2;5;2; ;1;1;1;2;1;1;1;1;1;3;1;2;01;54;07;54;486,978641130419
4664546;1;2;2;1;1;1;1;1;4;5; ; ; ;150000; ;2;2;2;1;1;1;1;2;2;2;1;1;1;2;2;2;1;1;1;2;2;1;1;4;2; ;1;1;5;2;1;1;2;1;1;3;1;2;01;54;07;54;404,897308731114
4664547;1;3;2;1;1;1;1;1;3;5; ; ; ;120000; ;2;2;2;2;1;2;1;2;2;2;1;2;2;2;2;2;1;2;1;2;2;1;2;4;2; ;1;1;5;2;1;1;1;1;1;3;1;2;01;54;07;54;440,105720272118
4664548;1;4;2;1;1;1;1;1;3;4; ; ; ;350000; ;2;2;1;1;1;1;1;2;2;2;1;2;2;1;2;2;1;1;1;2;2;1;2;3;2; ;1;1;1;4;1;2;1;1;1;3;1;2;01;54;07;54;353,337971261145
4664549;1;2;1;1;1;1;1;4;4;4; ; ; ;98; ;2;2;2;2;2;2;1;2;2;2;1;2;2;2;2;2;1;2;2;2;2;2; ;1;2; ;1;1;1;4;1;2;1;1;1;3;1;2;01;54;07;54;384,986884542497
4664550;1;1;1;1;1;1;1;2;4;3; ; ; ; ;250000;2;2;2;2;1;1;1;2;2;2;1;2;2;1;2;2;1;1;2;2;2;1;2;3;2; ;1;4;1;4;1;2;2;1;1;3;1;2;01;54;07;54;507,852991708229
4664551;1;4;3;1;1;1;1;1;3;3; ; ; ; ;200000;2;1;2;2;1;2;1;2;2;2;1;2;2;2;2;2;1;2;2;2;2;1;2;7;2; ;1;2;1;4;1;2;1;1;1;3;1;2;01;54;07;54;334,147099526286
4664552;1;3;2;1;1;1;1;1;3;3; ; ; ; ;200000;2;2;2;2;1;1;1;2;2;2;1;1;2;2;2;2;1;2;2;2;2;1;3;3;2; ;1;2;1;4;1;2;1;1;1;3;1;2;01;54;07;54;341,175006409493
4664553;1;2;1;1;1;1;1;1;3;5; ; ; ;300000; ;2;1;1;1;1;1;1;2;2;2;1;1;1;1;2;2;1;2;1;2;2;1;1;1;2; ;1;2;1;2;1;2;1;1;1;3;1;2;01;54;07;54;413,600199909075
4664555;1;4;3;1;1;1;1;1;3;3; ; ; ; ;400000;2;1;1;1;1;1;1;2;1;2;1;2;2;1;2;2;1;1;2;1;2;1;4;5;2; ;1;1;1;4;1;2;1;1;1;3;1;2;01;54;07;54;405,407152545218
4664556;1;5;3;1;1;1;1;1;4;3; ; ; ; ;400000;2;2;2;2;1;1;1;1;2;2;1;2;2;2;2;2;1;2;1;2;2;1;3;4;2; ;1;1;1;4;1;2;2;1;1;3;1;2;01;54;07;54;410,085074608688
4664557;1;5;2;1;1;1;1;1;3;1; ; ;99;99; ;2;1;1;1;1;1;1;1;2;2;1;1;1;1;2;2;1;2;2;2;2;1;2;2;2; ;1;1;1;4;1;3;1;1;1;3;1;2;01;54;07;54;349,356858033031
4664558;1;3;2;1;1;1;1;1;3;2; ;250000;98;200000; ;2;2;2;2;1;1;1;2;2;2;1;2;2;2;2;2;2;2;2;2;2;1;2;5;2; ;1;1;1;4;1;1;1;1;1;3;1;2;01;54;07;54;403,073408313755
4664559;1;3;2;1;1;1;1;1;3;5; ; ; ;400000; ;2;2;2;2;1;1;1;2;2;2;1;2;1;2;2;2;1;1;1;2;2;1;3;5;1;1;1;1;1;2;1;1;1;1;1;3;1;2;01;54;07;54;469,627910401193
4664560;1;2;1;1;1;1;1;1;3;5; ; ; ;150000; ;2;2;2;2;1;1;1;2;2;2;1;2;2;2;2;2;1;1;1;2;2;1;2;3;2; ;1;1;1;2;1;1;1;1;1;3;1;2;01;54;07;54;358,52573713872
4664561;1;2;1;1;2;1;1;1;3;3; ; ; ; ;300000;2;2;2;2;1;1;1;2;2;2;1;2;2;2;2;2;1;2;2;2;2;1;1;5;2; ;1;1;1;4;1;2;1;1;1;3;1;2;01;54;07;54;486,058570627602
4664561;2;2;1;1;2;1;1;1;3;1; ; ;98;250000; ;2;2;2;1;1;1;1;2;2;2;1;2;2;2;2;2;1;1;2;2;2;1;2;2;2; ;2;1;1;4;1;2;1;1;1;3;1;2;01;54;07;54;486,058570627602
4664562;1;4;1;1;1;1;1;1;4;5; ; ; ;300000; ;2;2;2;1;1;1;1;2;2;2;1;2;2;2;2;2;1;2;2;2;2;1;2;3;2; ;1;1;1;4;1;2;2;1;1;3;1;2;01;54;07;54;529,890139049122
4664563;1;4;2;1;1;1;1;1;3;3; ; ; ; ;400000;2;2;2;2;1;1;1;2;2;2;1;2;2;1;2;2;1;2;2;2;2;1;2;5;2; ;1;1;1;4;1;2;1;1;1;3;1;2;01;54;07;54;282,359469110824
4664564;1;2;1;1;1;1;1;1;3;1; ; ;98;200000; ;2;2;2;1;1;1;1;2;2;2;1;2;1;2;2;2;1;2;2;2;2;1;1;1;2; ;1;1;1;4;1;2;1;1;1;3;1;2;01;54;07;54;343,260217392959
4664565;1;4;1;1;1;1;1;1;3;4; ; ; ;98; ;1;2;2;2;1;1;1;2;2;2;1;2;2;2;2;2;1;2;2;2;2;1;1;1;2; ;1;1;1;4;1;4;1;1;1;3;1;2;01;54;07;54;343,260217392959
4664566;1;4;3;1;1;1;1;1;3;1; ; ;98;98; ;2;1;1;1;1;1;1;2;2;2;1;2;1;1;2;1;1;1;2;2;2;1;2;3;2; ;1;1;1;4;1;4;1;1;1;3;1;2;01;54;07;54;379,617542396261
4664567;1;4;2;1;1;1;1;1;3;3; ; ; ; ;250000;2;1;2;1;1;1;1;2;2;2;1;2;2;1;2;2;1;2;2;2;2;1;2;3;2; ;1;1;1;4;1;2;1;1;1;3;1;1;01;54;07;54;529,890139049122
4664568;1;4;3;1;1;1;1;1;3;1; ; ;98;450000; ;2;1;1;1;1;1;1;1;2;2;1;2;1;1;2;1;1;2;2;1;2;1;2;4;2; ;1;2;1;4;1;2;1;1;1;3;1;2;01;54;07;54;373,55121818468
4664569;1;4;3;1;1;1;1;1;3;3; ; ; ; ;250000;2;1;2;2;1;1;1;2;2;2;1;2;2;2;2;2;1;1;2;2;2;1;2;4;2; ;1;1;1;2;1;2;1;1;1;3;1;2;01;54;07;54;413,826149137003
4664570;1;3;1;1;1;1;1;1;4;3; ; ; ; ;200000;2;1;1;1;1;1;1;2;2;2;1;2;1;1;2;2;1;2;2;2;2;1;2;3;2; ;1;2;1;4;1;2;2;1;1;3;1;2;01;54;07;54;375,375118602039
4664571;1;5;3;1;1;1;1;1;3;1; ; ;98;300000; ;2;2;2;2;1;1;1;2;2;2;1;1;1;2;2;2;1;2;2;1;2;1;3;5;2; ;1;1;1;2;1;2;1;1;1;3;1;2;01;54;07;54;237,560563495669
4664572;1;2;2;1;1;1;1;2;4;5; ; ; ;100000; ;2;2;2;2;1;1;1;2;2;2;1;2;2;2;2;2;1;2;2;2;2;2; ;5;2; ;1;1;5;1;1;2;2;1;1;3;1;2;01;54;07;54;352,417900758329
4664676;1;4;3;1;1;1;1;1;3;1; ; ;90000000;500000; ;1;1;1;1;1;1;1;2;2;1;1;2;1;1;2;2;2;2;2;2;2;1;3;3;2; ;1;2;1;4;1;4;1;1;1;2;1;1;01;66;07;66;273,119088109379
4664677;1;4;1;1;1;1;1;1;3;1; ; ;200000000;500000; ;1;1;1;1;1;1;1;1;1;2;1;1;2;2;2;2;2;2;2;2;2;1;1;1;2; ;1;2;1;4;1;4;1;1;1;2;1;1;01;66;07;66;311,276002746899
4664678;1;4;3;1;1;1;1;3;3;3; ; ; ; ;550000;1;1;1;1;1;1;1;1;1;2;1;2;1;1;2;2;2;2;1;2;2;1;3;3;2; ;1;2;1;4;1;4;1;1;1;2;1;1;01;66;07;66;258,385705691758
4664679;1;4;3;1;1;1;1;1;3;1; ; ;180000000;550000; ;1;1;1;1;1;1;1;1;1;1;1;1;1;1;2;2;1;1;1;1;1;1;5;5;2; ;1;2;1;4;1;4;1;1;1;2;1;1;01;66;07;66;284,419517813055
4664680;1;4;2;1;1;1;1;1;3;1; ; ;98;500000; ;1;1;1;1;1;1;1;1;2;1;1;1;1;1;2;2;2;1;2;1;2;1;3;3;2; ;1;2;1;4;1;4;1;1;1;2;1;1;01;66;07;66;185,959768673615
4664681;1;3;1;1;1;1;1;1;3;3; ; ; ; ;330000;1;1;1;1;1;1;1;2;2;2;1;1;1;1;2;2;2;2;2;2;2;1;2;3;2; ;1;2;1;4;1;3;1;1;1;2;1;1;01;66;07;66;337,919133479816
4664682;1;6;2;1;1;1;1;1;3;1; ; ;170000000;600000; ;1;1;2;1;1;1;1;1;2;2;1;2;1;2;2;2;2;2;2;2;2;1;1;3;2; ;1;2;1;4;1;3;1;1;1;2;1;1;01;66;07;66;273,339166041222
4664683;1;4;1;1;1;1;1;1;3;1; ; ;90000000;500000; ;1;1;1;1;1;1;1;2;2;2;1;1;1;2;2;2;1;2;1;1;2;1;2;2;2; ;1;1;1;4;1;3;1;1;1;2;1;1;01;66;07;66;241,251194501447
4664684;1;4;3;1;1;1;1;1;4;5; ; ; ;200000; ;1;1;1;1;1;1;1;2;2;2;1;2;2;2;2;2;2;1;1;2;2;1;3;5;2; ;1;1;5;3;1;3;2;1;1;2;1;1;01;66;07;66;402,535037736553
4664685;1;2;1;1;1;1;1;1;3;3; ; ; ; ;450000;2;2;2;1;1;1;1;2;2;2;1;2;1;2;2;2;2;2;2;2;2;1;1;3;2; ;1;2;1;4;1;3;1;1;1;2;1;1;01;66;07;66;507,435320119462
4664686;1;3;1;1;1;1;1;1;3;3; ; ; ; ;400000;2;1;1;1;1;1;1;2;2;2;1;2;2;1;2;2;2;2;1;2;2;1;2;2;2; ;1;2;1;4;1;3;1;1;1;2;1;1;01;66;07;66;473,166297738839
4664687;1;4;3;1;1;1;1;1;4;3; ; ; ; ;600000;2;1;1;1;1;1;1;1;1;1;1;1;1;1;1;2;2;2;1;2;2;1;4;4;2; ;1;2;1;4;1;3;2;1;1;2;1;1;01;66;07;66;527,435683990887
4664688;1;4;3;1;1;1;1;1;3;3; ; ; ; ;330000;2;1;1;1;1;1;1;1;1;2;1;1;1;1;2;2;1;1;2;2;2;1;1;3;2; ;1;2;1;4;1;3;1;1;1;2;1;1;01;66;07;66;392,490706775412
4664689;1;5;1;1;1;1;1;3;4;1; ; ;120000000;700000; ;1;1;1;1;1;1;1;1;1;1;1;1;1;2;2;2;1;2;2;2;2;1;1;1;1;2;1;1;1;4;1;3;2;1;1;2;1;1;01;66;07;66;311,276002746899
4664690;1;5;4;1;1;1;1;1;3;1; ; ;90000000;400000; ;1;1;1;1;1;1;1;1;1;1;1;1;1;2;2;2;2;2;2;1;2;1;4;4;2; ;1;2;1;4;1;3;1;1;1;2;1;1;01;66;07;66;271,292327113729
4664691;1;4;3;1;1;1;1;1;3;3; ; ; ; ;400000;2;2;2;1;1;1;1;2;2;2;1;2;2;1;2;2;2;1;2;2;2;1;3;4;2; ;1;2;1;4;1;3;1;1;1;2;1;1;01;66;07;66;355,053644670128
4664692;1;5;4;1;1;1;1;1;3;3; ; ; ; ;550000;2;1;1;1;1;1;1;2;2;1;1;1;1;1;1;2;1;1;1;1;2;1;5;6;2; ;1;1;1;4;1;3;1;1;1;2;1;1;01;66;07;66;597,632521839061
4664693;1;3;1;1;1;1;1;1;3;4; ; ; ;400000; ;2;1;2;1;1;1;1;2;2;2;1;2;1;2;2;2;1;1;1;1;2;1;1;1;2; ;1;1;1;4;1;3;1;1;1;2;1;1;01;66;07;66;223,896605379292
4664694;1;2;1;1;1;1;1;1;3;3; ; ; ; ;450000;2;1;2;1;1;1;1;2;2;2;1;1;1;2;2;2;2;2;2;2;2;1;2;2;2; ;1;2;1;4;1;3;1;1;1;2;1;1;01;66;07;66;309,229163819405
4664695;1;3;1;1;1;1;1;1;3;1; ; ;98;98; ;2;2;2;1;1;1;1;2;2;2;1;2;2;2;2;2;2;2;2;2;2;1;1;1;2; ;1;1;1;4;1;2;1;1;1;2;1;1;01;66;07;66;311,276002746899
4664696;1;5;4;1;1;1;1;1;3;1; ; ;99;500000; ;1;1;1;1;1;1;1;2;2;2;1;2;1;1;2;2;1;2;1;2;2;1;5;4;2; ;1;1;1;4;1;3;1;1;1;2;1;1;01;66;07;66;267,505084554586
4664697;1;4;3;1;1;1;1;1;3;4; ; ; ;600000; ;1;2;1;1;1;1;1;2;1;2;1;2;1;2;2;2;1;2;2;1;2;1;3;4;2; ;1;2;1;4;1;3;1;1;1;2;1;1;01;66;07;66;199,916355916405
4664698;1;4;3;1;1;1;1;3;3;1; ; ;70000000;200000; ;2;1;2;1;1;1;1;2;2;2;1;2;1;2;2;2;2;1;2;2;2;1;4;4;2; ;1;1;1;4;1;3;1;1;1;2;1;1;01;66;07;66;327,080854921681
4664699;1;4;2;1;1;1;1;1;3;1; ; ;70000000;350000; ;2;2;2;2;2;1;1;2;2;2;1;2;1;2;2;2;2;2;1;2;2;1;2;2;2; ;1;1;1;4;1;3;1;1;1;2;1;1;01;66;07;66;252,197334359925
4664700;1;4;3;1;1;1;1;1;3;1; ; ;98;400000; ;1;1;2;1;1;1;1;2;2;2;1;1;1;2;2;2;1;1;2;2;2;1;3;4;2; ;1;1;1;4;1;3;1;1;1;2;1;1;01;66;07;66;262,890128162865
4664701;1;4;3;1;1;1;1;1;3;3; ; ; ; ;550000;1;1;1;1;1;1;1;2;2;2;1;2;2;1;2;2;2;2;2;2;2;1;4;8;2; ;1;2;1;4;1;3;1;1;1;2;1;1;01;66;07;66;587,842827249488
4664702;1;4;2;1;1;1;1;1;3;1; ; ;80000000;400000; ;2;1;2;1;1;1;1;2;2;2;1;2;2;2;2;2;1;2;2;2;2;1;2;2;2; ;1;1;1;4;1;3;1;1;1;2;1;1;01;66;07;66;309,229163819405
4664703;1;5;3;1;1;1;1;1;3;3; ; ; ; ;350000;2;1;2;1;1;1;1;2;2;2;1;1;1;2;2;2;1;1;1;2;2;1;4;4;2; ;1;1;1;4;1;3;1;1;1;2;1;1;01;66;07;66;183,692851814279
4664704;1;5;4;1;1;1;1;1;3;3; ; ; ; ;600000;1;1;1;1;1;1;1;2;2;2;1;2;2;2;2;2;2;2;2;2;2;1;3;6;2; ;1;2;1;4;1;3;1;1;1;2;1;1;01;66;07;66;376,912656263389
4664705;1;2;1;1;1;1;1;1;4;3; ; ; ; ;280000;2;1;2;1;1;1;1;1;2;2;1;2;2;2;2;2;2;1;2;2;2;1;1;2;2; ;1;2;1;4;1;3;2;1;1;2;1;1;01;66;07;66;236,583148869419
4664706;1;4;1;1;1;1;1;1;3;4; ; ; ;450000; ;1;1;2;1;1;1;1;2;1;1;1;2;2;2;2;2;2;2;1;2;2;1;1;1;2; ;1;2;1;4;1;3;1;1;1;2;1;1;01;66;07;66;223,896605379292
4664707;1;1;1;1;1;1;1;6; ;3; ; ; ; ;270000;2;1;2;2;2;2;2;2;2;2;1;2;2;2;2;2;2;2;2;2;2;1;1;1;2; ;1;2;1;4;1;3;2;1;1;2;1;1;01;66;07;66;311,055924815056
4664708;1;3;2;1;1;1;1;1;3;3; ; ; ; ;450000;2;2;2;1;1;1;1;2;2;2;1;2;2;2;2;2;2;2;2;2;2;1;1;3;2; ;1;2;1;4;1;3;1;1;1;2;1;1;01;66;07;66;353,533318970321
4664709;1;3;2;1;1;1;1;1;3;3; ; ; ; ;380000;2;1;2;1;1;1;1;2;2;2;1;2;1;2;2;2;2;1;2;2;2;1;2;3;2; ;1;2;1;4;1;3;1;1;1;2;1;1;01;66;07;66;269,331845550237
4664710;1;3;2;1;1;1;1;1;3;3; ; ; ; ;300000;2;1;2;1;1;1;1;2;2;2;1;2;2;2;2;2;2;2;2;2;2;1;2;3;2; ;1;2;1;4;1;3;1;1;1;2;1;1;01;66;07;66;313,513508358669
4664711;1;2;1;1;1;1;1;1;4;3; ; ; ; ;280000;2;1;2;1;1;1;1;2;2;2;1;2;2;2;2;2;2;1;2;2;2;1;3;3;2; ;1;2;1;4;1;3;2;1;1;2;1;1;01;66;07;66;269,331845550237
4664712;1;1;1;1;1;1;1;1;3;3; ; ; ; ;260000;2;1;2;2;1;2;1;2;1;2;1;2;1;2;2;2;2;2;1;2;2;1;1;1;2; ;1;2;1;4;1;3;1;1;1;2;1;1;01;66;07;66;311,055924815056
4664713;1;3;2;1;1;1;1;1;3;3; ; ; ; ;350000;2;2;2;2;1;1;2;2;2;2;1;2;2;2;2;2;2;1;2;2;2;1;2;4;2; ;1;2;1;4;1;3;1;1;1;2;1;1;01;66;07;66;330,648019548981
4664714;1;4;1;1;1;1;1;1;3;1; ; ;90000000;500000; ;1;1;1;1;1;1;1;1;1;1;1;2;1;1;2;2;2;2;2;1;2;1;2;2;2; ;1;1;1;4;1;3;1;1;1;2;1;1;01;66;07;66;241,251194501447
4664715;1;2;1;1;1;1;1;6; ;3; ; ; ; ;220000;2;2;2;2;2;2;2;2;2;2;1;2;2;2;2;2;2;2;2;2;2;1;1;1;2; ;1;2;1;2;1;3;2;1;1;2;1;1;01;66;07;66;291,874574697251
4664716;1;3;2;1;1;1;1;1;3;3; ; ; ; ;200000;2;2;2;2;1;1;1;2;2;2;1;2;2;2;2;2;2;2;2;2;2;2; ;2;2; ;1;2;1;4;1;3;1;1;1;2;1;1;01;66;07;66;309,229163819405
4664717;1;3;2;1;1;1;1;1;3;3; ; ; ; ;400000;2;1;1;1;1;1;1;2;2;2;1;1;2;1;2;2;2;1;2;2;2;1;1;3;2; ;1;2;1;4;1;3;1;1;1;2;1;1;01;66;07;66;332,914936408317
4664718;1;5;3;1;1;1;1;1;3;4; ; ; ;400000; ;2;2;2;1;1;1;1;2;2;2;1;2;2;2;2;2;2;2;2;2;2;1;1;3;2; ;1;2;4;4;1;3;1;1;1;2;1;1;01;66;07;66;273,339166041222
4664719;1;4;3;1;1;1;1;1;3;3; ; ; ; ;600000;2;1;2;2;1;1;1;2;2;2;1;2;2;2;2;2;2;2;2;2;2;1;2;5;2; ;1;1;1;4;1;3;1;1;1;2;1;1;01;66;07;66;304,430264474324
4664720;1;4;4;1;1;1;1;1;3;1; ; ;41000000;500000; ;1;1;1;2;1;1;1;1;1;1;1;2;2;2;2;2;2;2;2;2;2;1;3;5;2; ;1;2;1;4;1;3;1;1;1;2;1;1;01;66;07;66;333,269226253515
4664721;1;3;2;1;1;1;1;1;3;3; ; ; ; ;450000;2;1;1;1;1;1;1;1;2;2;1;2;1;2;2;2;2;2;1;2;2;1;4;4;2; ;1;2;1;4;1;3;1;1;1;2;1;1;01;66;07;66;263,717841995444
4664722;1;2;1;1;1;1;1;1;3;3; ; ; ; ;350000;2;2;2;1;1;1;1;2;2;2;1;1;1;2;2;2;2;2;2;2;2;1;1;2;2; ;1;2;1;4;1;3;1;1;1;2;1;1;01;66;07;66;315,560347286162
4664723;1;3;1;1;1;1;1;1;3;4; ; ; ;350000; ;2;2;2;2;1;1;1;2;2;2;1;2;1;2;2;2;2;2;2;2;2;1;1;1;2; ;1;1;1;4;1;3;1;1;1;2;1;1;01;66;07;66;223,896605379292
4664724;1;3;1;1;1;1;1;1;3;4; ; ; ;450000; ;2;1;2;1;1;1;1;2;2;1;1;2;2;2;2;2;2;2;2;2;2;1;1;1;2; ;1;2;1;4;1;3;1;1;1;2;1;1;01;66;07;66;311,276002746899
4664725;1;2;1;1;1;1;1;1;3;3; ; ; ; ;350000;2;2;2;2;1;1;1;2;2;2;2;2;2;2;2;2;2;2;2;2;2;1;2;2;2; ;1;2;1;4;1;3;1;1;1;2;1;1;01;66;07;66;255,764498987224
4664726;1;3;2;1;1;1;1;1;3;3; ; ; ; ;400000;2;2;2;2;1;1;1;2;2;2;1;2;2;2;2;2;2;2;2;2;2;2; ;3;2; ;1;2;1;4;1;3;1;1;1;2;1;1;01;66;07;66;258,385705691758
4664727;1;5;4;1;1;1;1;1;3;3; ; ; ; ;400000;1;1;1;1;1;1;1;1;2;1;1;1;1;1;2;2;2;2;1;2;2;1;3;4;2; ;1;2;1;4;1;3;1;1;1;2;1;1;01;66;07;66;355,273722601971
4664728;1;4;1;1;1;1;1;1;3;1; ; ;130000000;500000; ;1;1;1;1;1;1;1;1;1;1;1;1;1;2;2;2;1;2;1;2;2;1;2;2;2; ;1;2;1;4;1;3;1;1;1;2;1;1;01;66;07;66;236,583148869419
4664729;1;3;2;1;1;1;1;1;3;3; ; ; ; ;600000;1;1;2;1;1;1;1;1;2;2;1;1;1;1;2;2;1;1;2;2;2;1;3;4;2; ;1;2;1;4;1;3;1;1;1;2;1;1;01;66;07;66;330,648019548981
4664730;1;5;1;1;1;1;1;1;3;1; ; ;75000000;400000; ;2;2;2;1;1;1;1;2;2;2;1;1;2;2;2;2;2;2;2;1;2;1;1;2;2; ;1;2;1;4;1;3;1;1;1;2;1;1;01;66;07;66;241,251194501447
4664731;1;3;1;1;1;1;1;1;4;3; ; ; ; ;300000;2;2;1;1;1;1;1;2;2;2;1;2;1;2;2;2;2;2;2;2;2;1;2;2;2; ;1;2;1;4;1;3;2;1;1;2;1;1;01;66;07;66;236,583148869419
4664732;1;3;2;1;1;1;1;1;3;3; ; ; ; ;400000;1;1;1;1;1;1;1;2;2;2;1;2;2;2;2;2;2;2;2;2;2;1;3;3;2; ;1;2;1;4;1;3;1;1;1;2;1;1;01;66;07;66;250,150495432431
4664733;1;6;5;1;1;1;1;1;3;4; ; ; ;600000; ;1;1;1;1;1;1;1;1;2;2;1;1;1;1;2;2;2;1;2;2;2;1;4;9;2; ;1;2;1;4;1;3;1;1;1;2;1;1;01;66;07;66;146,960706812372
4664734;1;4;3;1;1;1;1;1;3;4; ; ; ;500000; ;1;1;2;1;1;1;1;1;2;2;1;2;1;2;2;2;2;1;2;2;2;1;3;3;2; ;1;2;1;4;1;3;1;1;1;2;1;1;01;66;07;66;171,226386255994
4664735;1;5;3;1;1;1;1;1;3;1; ; ;80000000;500000; ;1;1;2;1;1;1;1;1;2;2;1;1;2;2;2;2;2;1;1;2;2;1;2;3;2; ;1;1;1;4;1;3;1;1;1;2;1;1;01;66;07;66;200,693151091236
4664736;1;4;3;1;1;1;1;1;4;4; ; ; ;450000; ;1;1;1;1;1;1;1;2;1;2;1;1;1;1;2;2;2;1;1;1;2;1;4;4;2; ;1;2;1;4;1;3;2;1;1;2;1;1;01;66;07;66;320,749671454924
4664737;1;4;3;1;1;1;1;1;3;2; ;320000;180000000;600000; ;1;1;1;1;1;1;1;2;2;2;1;2;2;2;2;2;2;1;1;2;2;1;4;5;2; ;1;1;1;4;1;3;1;1;1;2;1;1;01;66;07;66;216,661626426939
4664738;1;5;2;1;1;1;1;1;3;1; ; ;100000000;400000; ;1;1;1;1;1;1;1;2;2;2;1;1;1;1;2;2;1;1;2;2;2;1;3;3;2; ;1;1;1;4;1;3;1;1;1;2;1;1;01;66;07;66;253,937737991574
4664739;1;3;2;1;1;1;1;1;3;3; ; ; ; ;360000;2;2;2;1;1;1;1;2;2;1;1;2;1;2;2;2;2;2;1;1;2;1;2;3;2; ;1;1;1;4;1;2;1;1;1;2;1;1;01;66;07;66;313,513508358669
4664740;1;5;4;1;1;1;1;1;3;3; ; ; ; ;780000;2;1;1;1;1;1;1;1;2;1;1;1;2;2;2;2;2;2;2;1;2;1;4;5;2; ;1;2;1;4;1;3;1;1;1;2;1;1;01;66;07;66;344,215366111993
4664741;1;4;3;1;1;1;1;1;3;1; ; ;160000000;650000; ;1;1;1;1;1;1;1;1;2;1;1;2;1;1;2;2;1;2;2;2;2;1;2;3;2; ;1;1;1;4;1;3;1;1;1;2;1;1;01;66;07;66;326,58375294156
4664742;1;3;1;1;1;1;1;1;3;3; ; ; ; ;400000;2;1;1;1;1;1;1;1;2;2;1;2;1;2;2;2;2;2;2;2;2;1;1;1;2; ;1;2;1;4;1;3;1;1;1;2;1;1;01;66;07;66;291,874574697251
4664743;1;4;2;1;1;1;1;3;3;2; ;800000;180000000;600000; ;1;1;1;1;1;1;1;1;1;1;1;1;1;1;2;2;2;2;2;1;2;1;2;4;2; ;1;2;1;4;1;3;1;1;1;2;1;1;01;66;07;66;439,255118090212
4664744;1;4;2;1;1;1;1;1;3;4; ; ; ;600000; ;1;1;1;1;1;1;1;2;2;1;1;2;1;2;2;2;2;2;1;1;2;1;3;3;2; ;1;2;1;4;1;3;1;1;1;2;1;1;01;66;07;66;239,204355573953
4664745;1;2;1;1;1;1;1;1;3;1; ; ;150000000;500000; ;1;2;1;1;1;1;1;1;2;1;1;2;1;2;2;2;2;2;2;2;2;1;2;2;2; ;1;1;1;4;1;3;1;1;1;2;1;1;01;66;07;66;255,984576919068
4664746;1;4;2;1;1;1;1;1;3;3; ; ; ; ;380000;2;1;2;1;1;1;1;2;2;2;1;2;2;2;2;2;2;1;2;1;2;1;2;3;2; ;1;1;1;4;1;3;1;1;1;2;1;1;01;66;07;66;313,513508358669
4664747;1;4;3;1;1;1;1;1;3;4; ; ; ;500000; ;1;1;1;1;1;1;1;2;2;1;1;1;1;2;2;2;2;2;2;1;2;1;4;4;2; ;1;1;1;4;1;3;1;1;1;2;1;1;01;66;07;66;256,338866764265
4664748;1;5;2;1;1;1;1;1;3;1; ; ;170000000;600000; ;1;1;1;1;1;1;1;1;1;2;1;1;1;1;2;2;2;2;2;1;2;1;5;5;2; ;1;1;1;4;1;3;1;1;1;2;1;1;01;66;07;66;203,811459775891
4664749;1;2;1;1;1;1;1;1;3;3; ; ; ; ;700000;1;1;1;1;1;1;1;2;1;1;1;2;2;2;2;2;2;2;2;2;2;1;1;1;2; ;1;2;1;4;1;6;1;1;1;2;1;1;01;66;07;66;238,629987796913
4664750;1;4;2;1;1;1;1;1;3;3; ; ; ; ;1270000;2;2;2;1;1;1;1;2;2;2;1;2;2;2;2;2;2;2;2;2;2;1;1;2;2; ;1;2;1;4;1;6;1;1;1;2;1;1;01;66;07;66;324,843349309911
4664751;1;3;1;1;1;1;1;6; ;3; ; ; ; ;650000;2;2;2;1;1;2;1;2;2;1;1;2;2;2;2;2;2;2;2;1;2;1;1;1;2; ;1;2;1;4;1;6;1;1;1;2;1;1;01;66;07;66;223,896605379292
4664752;1;4;2;1;1;1;1;1;3;4; ; ; ;500000; ;2;1;1;1;1;1;1;1;2;2;1;2;1;2;2;2;1;1;2;2;2;2; ;2;2; ;1;1;1;4;1;3;1;1;1;2;1;1;01;66;07;66;252,197334359925
4664753;1;3;2;1;1;1;1;3;3;3; ; ; ; ;650000;1;1;1;2;1;1;1;2;2;1;1;1;1;1;2;2;1;1;2;2;2;1;1;2;2; ;1;2;1;4;1;6;1;1;1;2;1;1;01;66;07;66;339,965972407309
4664754;1;2;1;1;1;1;1;1;3;1; ; ;135000000;550000; ;2;1;1;1;1;1;1;2;1;1;1;1;1;1;2;2;1;2;1;1;1;1;1;1;2; ;1;2;1;4;1;6;1;1;1;2;1;1;01;66;07;66;291,874574697251
4664755;1;3;1;1;1;1;1;3;3;3; ; ; ; ;550000;1;1;1;1;1;1;1;1;2;1;1;2;1;1;2;2;2;2;2;1;2;1;1;1;2; ;1;2;1;4;1;6;1;1;1;2;1;1;01;66;07;66;238,629987796913
4664756;1;3;1;1;1;1;1;1;3;2; ;800000;140000000;750000; ;2;1;1;2;1;1;1;1;2;2;1;2;1;1;2;2;2;1;2;1;2;1;2;2;2; ;1;2;1;4;1;6;1;1;1;2;1;1;01;66;07;66;236,583148869419
4664757;1;5;2;1;1;1;1;1;3;3; ; ; ; ;600000;2;1;1;1;1;1;1;2;2;2;1;2;1;1;2;2;2;2;1;1;2;1;3;4;2; ;1;1;1;4;1;3;1;1;1;2;1;1;01;66;07;66;351,486480042828
4664758;1;3;2;1;1;1;1;1;3;3; ; ; ; ;345000;2;1;1;1;1;1;1;1;1;2;1;2;2;2;2;2;2;2;1;1;2;1;2;2;2; ;1;1;1;4;1;3;1;1;1;2;1;1;01;66;07;66;183,338561969081
4664759;1;3;2;1;1;1;1;1;4;1; ; ;95000000;400000; ;2;1;1;1;1;1;1;2;2;2;1;2;2;2;2;2;2;2;1;2;2;1;2;3;2; ;1;1;1;4;1;3;2;1;1;2;1;1;01;66;07;66;337,919133479816
4664760;1;2;1;1;1;1;1;1;3;3; ; ; ; ;650000;2;1;1;1;1;1;1;1;2;2;1;2;1;1;2;2;2;2;2;1;2;1;1;1;2; ;1;2;1;4;1;6;1;1;1;2;1;1;01;66;07;66;238,629987796913
4664761;1;2;1;1;1;1;1;3;3;3; ; ; ; ;550000;2;1;1;1;1;1;1;1;2;2;1;2;2;1;2;2;2;2;2;2;2;1;1;1;2; ;1;2;1;4;1;6;1;1;1;2;1;1;01;66;07;66;291,874574697251
4664762;1;4;2;1;1;1;1;1;3;3; ; ; ; ;1000000;1;1;1;1;1;1;1;2;1;1;1;1;1;1;2;2;2;2;2;1;2;1;2;2;2; ;1;2;1;4;1;6;1;1;1;2;1;1;01;66;07;66;252,197334359925
4664763;1;6;4;1;1;1;1;1;3;1; ; ;100000000;600000; ;1;1;1;1;1;1;1;2;2;2;1;2;2;2;2;2;2;2;1;2;2;1;4;5;2; ;1;1;1;4;1;3;1;1;1;2;1;1;01;66;07;66;285,248914356518
4664764;1;5;3;1;1;1;1;1;3;2; ;450000;80000000;500000; ;1;1;1;1;1;1;1;1;2;2;1;1;1;1;2;2;1;1;1;1;2;1;4;4;2; ;1;1;1;4;1;3;1;1;1;2;1;1;01;66;07;66;183,692851814279
4664765;1;4;1;1;1;1;1;1;3;4; ; ; ;450000; ;1;1;1;1;1;1;1;1;2;1;1;1;1;1;1;2;1;2;1;1;2;1;1;1;2; ;1;1;1;4;1;3;1;1;1;2;1;1;01;66;07;66;238,629987796913
4664766;1;5;3;1;1;1;1;1;3;3; ; ; ; ;400000;2;2;1;1;1;1;1;2;2;2;1;2;2;1;2;2;2;2;1;2;2;1;3;3;1;1;1;2;1;4;1;3;1;1;1;2;1;1;01;66;07;66;284,674546579478
4664767;1;6;5;1;1;1;1;1;3;3; ; ; ; ;380000;2;1;2;1;1;1;1;2;2;2;1;2;1;2;2;2;2;1;2;2;2;1;7;10;2; ;1;1;1;4;1;2;1;1;1;2;1;1;01;66;07;66;503,997220213358
4664768;1;3;3;1;1;1;1;1;3;3; ; ; ; ;450000;2;1;2;1;1;1;1;2;2;2;1;1;1;1;2;2;2;2;2;2;2;1;1;5;2; ;1;1;1;4;1;2;1;1;1;2;1;1;01;66;07;66;491,779852458315
4664769;1;5;2;1;1;1;1;1;3;2; ;380000;80000000;400000; ;1;1;1;1;1;1;1;2;2;2;1;2;1;2;2;2;2;2;1;2;2;1;2;3;2; ;1;1;1;4;1;2;1;1;1;2;1;1;01;66;07;66;313,513508358669
4664770;1;3;2;1;1;1;1;1;3;3; ; ; ; ;300000;2;2;1;2;1;1;1;2;2;2;1;2;2;2;2;2;2;2;2;2;2;1;1;6;2; ;1;2;1;4;1;3;1;1;1;2;1;1;01;66;07;66;309,762400778009
4664771;1;6;1;1;1;1;1;1;3;1; ; ;105000000;450000; ;2;1;1;1;1;1;1;2;1;1;1;1;1;1;2;2;2;2;2;1;2;1;2;2;2; ;1;1;1;4;1;3;1;1;1;2;1;1;01;66;07;66;236,583148869419
4664772;1;5;2;1;1;1;1;1;3;1; ; ;99;600000; ;2;1;1;1;1;1;1;1;2;1;1;2;2;1;2;2;2;2;2;2;2;1;2;2;2; ;1;1;1;4;1;3;1;1;1;2;1;1;01;66;07;66;241,251194501447
4664773;1;3;1;1;1;1;1;1;3;3; ; ; ; ;300000;2;2;2;2;1;1;1;2;2;2;1;2;2;2;2;2;2;2;2;2;2;2; ;2;2; ;1;2;1;4;1;1;1;1;1;2;1;1;01;66;07;66;511,528997974449
4664774;1;3;2;1;1;1;1;1;3;3; ; ; ; ;320000;2;1;2;2;1;1;1;2;2;2;1;1;1;2;2;2;2;2;2;2;2;1;2;3;2; ;1;2;1;4;1;1;1;1;1;2;1;1;01;66;07;66;500,300990864863
4664775;1;3;2;1;1;1;1;1;3;3; ; ; ; ;300000;2;1;2;2;1;1;1;2;2;2;1;2;1;2;2;2;2;2;2;2;2;1;1;4;2; ;1;2;1;4;1;1;1;1;1;2;1;1;01;66;07;66;967,416530719818
4664776;1;3;1;1;1;1;1;1;3;1; ; ;60000000;400000; ;2;1;1;1;1;1;1;2;2;2;1;2;1;1;2;2;2;2;2;2;2;1;2;2;2; ;1;2;1;4;1;1;1;1;1;2;1;1;01;66;07;66;482,502389002893
4664777;1;3;2;1;1;1;1;1;3;1; ; ;50000000;300000; ;2;1;2;1;1;1;1;2;2;2;1;1;1;2;2;2;1;2;2;2;2;1;2;2;2; ;1;1;1;4;1;1;1;1;1;2;1;1;01;66;07;66;482,502389002893
4664778;1;3;1;1;1;1;1;1;3;3; ; ; ; ;300000;2;2;2;2;2;2;1;2;2;2;1;2;2;2;2;2;2;2;2;2;2;1;3;3;2; ;1;2;1;4;1;1;1;1;1;2;1;1;01;66;07;66;665,389716952948
4664779;1;5;2;1;1;1;1;1;4;4; ; ; ;400000; ;1;2;1;1;1;1;1;1;2;1;1;2;1;1;2;2;2;2;2;2;2;1;2;2;2; ;1;2;1;4;1;3;2;1;1;2;1;1;01;66;07;66;183,338561969081
4664780;1;4;2;1;1;1;1;1;3;1; ; ;130000000;500000; ;1;1;1;1;1;1;1;1;1;1;1;1;2;1;2;2;2;1;1;2;2;1;2;3;2; ;1;1;1;4;1;3;1;1;1;2;1;1;01;66;07;66;307,182324891912
4664781;1;3;2;1;1;1;1;1;3;1; ; ;150000000;450000; ;1;1;1;1;1;1;1;2;2;2;1;2;1;2;2;2;2;2;2;1;2;1;2;2;2; ;1;2;1;4;1;3;1;1;1;2;1;1;01;66;07;66;328,410513937211
4664782;1;5;4;1;1;1;1;1;3;4; ; ; ;400000; ;2;1;1;1;1;1;1;2;2;2;1;2;2;2;2;2;2;2;1;2;2;1;4;5;2; ;1;1;1;4;1;3;1;1;1;2;1;1;01;66;07;66;146,960706812372
4664783;1;4;2;1;1;1;1;1;3;3; ; ; ; ;320000;2;1;2;2;1;1;1;2;2;2;1;2;1;2;2;2;2;2;2;2;2;1;2;3;2; ;1;2;1;4;1;1;1;1;1;2;1;1;01;66;07;66;627,027016717338
4664784;1;3;2;1;1;1;1;1;3;3; ; ; ; ;350000;2;1;2;2;2;1;1;2;2;2;1;2;2;2;2;2;2;2;2;2;2;1;2;3;2; ;1;2;1;4;1;3;1;1;1;2;1;1;01;66;07;66;406,777905870659
4664785;1;4;2;1;1;1;1;1;3;1; ; ;45000000;300000; ;2;1;1;1;1;1;1;2;2;2;1;1;1;1;2;2;2;2;2;2;2;1;3;3;2; ;1;2;1;4;1;1;1;1;1;2;1;1;01;66;07;66;507,435320119462
4664786;1;3;2;1;1;1;1;1;3;3; ; ; ; ;330000;1;1;1;2;1;1;1;1;2;2;1;1;2;1;2;2;2;1;2;2;2;1;2;4;2; ;1;2;1;4;1;3;1;1;1;2;1;1;01;66;07;66;414,849492969065
4664787;1;4;2;1;1;1;1;1;4;3; ; ; ; ;390000;2;2;2;1;1;1;1;2;2;2;1;2;2;2;2;2;2;2;1;2;2;1;2;3;2; ;1;1;1;4;1;3;2;1;1;2;1;1;01;66;07;66;337,919133479816
4664788;1;7;4;1;1;1;1;1;3;1; ; ;200000000;650000; ;1;1;1;1;1;1;1;1;1;1;1;2;1;1;2;2;1;1;1;2;2;1;4;4;2; ;1;1;1;4;1;2;1;1;1;2;1;1;01;66;07;66;275,740294813913
4664789;1;4;2;1;1;1;1;1;3;3; ; ; ; ;350000;2;1;2;1;1;1;1;2;2;2;1;2;1;2;2;2;2;2;1;2;2;1;1;2;2; ;1;2;1;4;1;3;1;1;1;2;1;2;01;66;07;66;255,764498987224
4664790;1;5;3;1;1;1;1;1;3;2; ;1100000;98;1200000; ;1;1;1;1;1;1;1;2;1;1;1;1;1;1;2;2;2;2;2;1;2;1;3;4;2; ;1;2;1;4;1;4;1;1;1;3;1;1;01;68;07;68;392,539779250691
4664791;1;4;3;1;1;1;1;1;3;4; ; ; ;700000; ;1;1;2;2;1;1;1;2;2;2;1;2;2;2;2;2;1;2;2;2;2;1;2;3;2; ;1;1;1;4;1;3;1;1;1;3;1;1;01;68;07;68;336,634090630539
4664792;1;5;3;1;1;1;1;1;3;1; ; ;90000000;600000; ;1;2;1;1;1;1;1;2;2;2;1;2;1;1;2;2;1;1;1;2;2;1;2;4;2; ;1;1;1;4;1;3;1;1;1;3;1;1;01;68;07;68;421,912917877705
4664793;1;5;4;1;1;1;1;1;3;1; ; ;450000000;1000000; ;1;1;1;2;1;1;1;2;1;2;1;1;2;1;2;2;1;2;1;2;2;1;2;4;2; ;1;1;1;4;1;3;1;1;1;3;1;1;01;68;07;68;562,243586859577
4664794;1;5;1;1;1;1;1;1;3;1; ; ;99;950000; ;1;1;1;1;1;1;1;1;1;1;1;2;2;1;2;2;2;2;2;1;2;1;1;1;2; ;1;2;1;4;1;4;1;1;1;3;1;1;01;68;07;68;412,096769022909
4664795;1;4;2;1;2;1;1;1;3;1; ; ;100000000;400000; ;1;1;1;1;1;1;1;2;2;2;1;2;2;2;2;2;1;2;1;2;2;1;2;3;2; ;1;1;3;4;1;1;1;1;1;3;1;1;01;68;07;68;377,562989120552
4664795;2;1;1;1;2;1;1;6; ;3; ; ; ; ;150000;2;1;2;2;2;2;2;2;2;2;1;2;2;2;2;2;2;2;1;2;2;1;1;1;2; ;2;1;3;4;1;1;1;1;1;3;1;1;01;68;07;68;377,562989120552
4664796;1;5;3;1;1;1;1;1;3;1; ; ;99;99; ;1;1;2;1;1;1;1;2;2;2;1;2;2;2;2;2;2;2;2;2;2;2; ;3;2; ;1;2;1;4;1;4;1;1;1;3;1;1;01;68;07;68;260,263499322054
4664797;1;5;3;1;1;1;1;1;3;1; ; ;200000000;800000; ;1;1;1;1;1;1;1;2;2;2;1;2;1;1;2;2;1;2;2;2;2;1;2;3;2; ;1;1;1;4;1;3;1;1;1;3;1;1;01;68;07;68;336,239169968896
4664797;2;2;2;1;1;1;1;1;3;3; ; ; ; ;400000;1;1;1;2;1;1;1;2;2;2;1;2;1;1;2;2;2;2;2;2;2;1;2;2;2; ;2;1;1;4;1;3;1;1;1;3;1;1;01;68;07;68;336,239169968896
4664798;1;6;3;1;1;1;1;1;3;1; ; ;200000000;600000; ;1;1;1;2;1;1;1;2;2;2;1;2;1;2;2;2;2;2;2;2;2;1;2;4;2; ;1;2;1;4;1;1;1;1;1;3;1;1;01;68;07;68;302,091747007463
4664799;1;5;2;1;1;1;1;1;3;3; ; ; ; ;1300000;1;1;1;1;1;1;1;1;1;1;1;1;2;2;2;2;1;2;2;2;2;1;1;2;2; ;1;2;1;4;1;4;1;1;1;3;1;1;01;68;07;68;303,666539401709
4664800;1;5;3;1;1;1;1;1;3;3; ; ; ; ;950000;1;1;1;1;1;1;1;1;2;1;1;1;1;1;2;2;1;2;1;1;2;1;3;3;2; ;1;2;1;4;1;4;1;1;1;3;1;1;01;68;07;68;336,452434951606
4664801;1;3;2;1;1;1;1;1;3;1; ; ;98;500000; ;1;1;1;1;1;1;1;2;2;2;1;2;2;2;2;2;1;2;2;2;2;1;1;3;2; ;1;1;1;4;1;3;1;1;1;3;1;1;01;68;07;68;318,155648384395
4664802;1;5;2;1;1;1;1;1;3;1; ; ;98;1500000; ;1;1;1;1;1;1;1;1;2;1;1;1;1;2;2;2;1;2;2;1;2;1;1;2;2; ;1;2;1;4;1;4;1;1;1;3;1;1;01;68;07;68;426,585878005594
4664803;1;5;1;1;1;1;1;1;3;1; ; ;99;1500000; ;1;1;1;1;1;1;1;1;1;1;1;1;1;1;2;2;2;2;2;1;2;1;1;1;2; ;1;2;1;4;1;4;1;1;1;3;1;1;01;68;07;68;412,096769022909
4664804;1;4;2;1;1;1;1;1;3;3; ; ; ; ;700000;1;1;1;1;1;1;1;2;2;2;1;2;2;1;2;2;1;2;2;1;2;1;3;3;2; ;1;2;1;4;1;3;1;1;1;3;1;1;01;68;07;68;599,884098216296
4664805;1;5;1;1;1;1;1;1;3;4; ; ; ;800000; ;1;1;1;1;1;1;1;2;2;2;1;2;1;1;2;2;1;2;2;2;2;1;1;1;2; ;1;2;1;4;1;3;1;1;1;3;1;1;01;68;07;68;511,192514046247
4664806;1;5;1;1;1;1;1;1;3;2; ;1500000;360000000;1200000; ;1;1;1;1;1;1;1;1;1;1;1;1;1;1;2;2;1;2;2;1;1;1;1;1;1;1;1;2;1;4;1;4;1;1;1;3;1;1;01;68;07;68;412,096769022909
4664807;1;4;3;1;1;1;1;1;3;1; ; ;60000000;400000; ;1;1;1;1;1;1;1;2;2;2;1;2;1;1;2;2;1;2;2;2;2;1;2;4;2; ;1;2;1;2;1;1;1;1;1;3;1;1;01;68;07;68;286,265256764246
4664808;1;3;2;1;1;1;1;1;3;3; ; ; ; ;500000;2;2;2;2;1;1;1;2;2;2;1;1;1;2;2;2;1;2;2;2;2;1;2;4;2; ;1;2;1;4;1;2;1;1;1;3;1;1;01;68;07;68;426,012718190381
4664809;1;4;3;1;1;1;1;1;3;3; ; ; ; ;520000;1;1;1;1;1;1;1;1;2;2;1;1;1;1;2;2;2;2;2;2;2;1;2;3;2; ;1;2;1;4;1;2;1;1;1;3;1;1;01;68;07;68;435,729835653877
4664810;1;4;2;1;1;1;1;1;3;4; ; ; ;98; ;1;1;1;1;1;1;1;2;2;2;1;2;2;2;2;2;1;2;2;2;2;1;1;2;2; ;1;2;1;4;1;2;1;1;1;3;1;1;01;68;07;68;303,666539401709
4664812;1;4;3;1;1;1;1;1;3;1; ; ;100000000;600000; ;1;1;1;1;1;1;1;2;2;2;1;2;2;1;2;2;1;2;2;1;2;1;3;4;2; ;1;2;1;4;1;2;1;1;1;3;1;1;01;68;07;68;618,836318869524
4664813;1;2;1;1;1;1;1;1;3;3; ; ; ; ;750000;1;1;1;1;1;1;1;2;2;2;1;2;2;1;2;2;2;2;1;2;2;1;2;2;2; ;1;2;1;4;1;4;1;1;1;3;1;1;01;68;07;68;735,732334019857
4664813;2;1;1;1;1;1;1;1;3;3; ; ; ; ;300000;1;1;1;1;1;1;1;2;2;2;1;2;2;2;2;2;2;2;2;2;2;1;1;1;2; ;2;2;1;4;1;4;1;1;1;3;1;1;01;68;07;68;735,732334019857
4664814;1;4;3;1;1;1;1;1;3;4; ; ; ;300000; ;2;1;2;1;1;1;1;2;2;2;1;2;2;2;2;2;2;2;2;2;2;1;1;4;2; ;1;1;1;4;1;2;1;1;1;3;1;2;01;68;07;68;407,897587302104
4664815;1;3;1;1;1;1;1;1;3;1; ; ;50000000;350000; ;1;2;1;1;1;1;1;2;2;2;2;2;2;2;2;2;1;2;2;2;2;1;1;1;2; ;1;1;1;4;1;2;1;1;1;3;1;1;01;68;07;68;412,096769022909
4664816;1;3;2;1;1;1;1;1;3;1; ; ;32000000;650000; ;2;1;1;1;1;1;1;1;2;2;1;1;1;1;2;2;1;2;1;1;2;1;3;4;2; ;1;2;1;4;1;2;1;1;1;3;1;1;01;68;07;68;519,740573846185
4664817;1;4;2;1;1;1;1;1;3;1; ; ;98;450000; ;1;1;1;1;1;1;1;2;2;2;1;2;1;2;2;2;1;2;2;2;2;1;2;2;2; ;1;1;1;4;1;2;1;1;1;2;1;2;01;68;07;68;374,45625766619
4664818;1;7;4;1;1;1;1;1;3;3; ; ; ; ;1300000;1;1;1;1;1;1;1;1;2;2;1;2;2;1;2;2;1;1;2;2;2;1;2;6;2; ;1;2;1;4;1;4;1;1;1;3;1;1;01;68;07;68;280,506265757031
4664819;1;4;2;1;1;1;1;1;3;1; ; ;200000000;800000; ;1;1;1;1;1;1;1;2;2;2;1;2;1;2;2;2;1;1;2;1;2;1;2;3;2; ;1;1;1;4;1;4;1;1;1;3;1;1;01;68;07;68;417,251393407733
4664820;1;6;4;1;1;1;1;1;3;4; ; ; ;700000; ;1;1;1;1;1;1;1;1;1;1;1;2;2;1;2;2;2;2;2;2;2;1;3;5;2; ;1;1;1;4;1;4;1;1;1;3;1;1;01;68;07;68;313,301032577573
4664821;1;4;1;1;1;1;1;1;3;1; ; ;250000000;700000; ;1;1;1;1;1;1;1;2;2;2;1;2;2;2;2;2;2;2;2;2;2;1;1;1;2; ;1;1;1;4;1;4;1;1;1;3;1;1;01;68;07;68;412,096769022909
4664822;1;5;2;1;1;1;1;1;3;3; ; ; ; ;740000;1;1;1;1;1;1;1;2;2;2;1;1;1;1;2;2;1;2;2;1;2;1;1;4;1;1;1;1;1;4;1;4;1;1;1;3;1;1;01;68;07;68;461,341064168916
4664823;1;5;4;1;1;1;1;1;3;3; ; ; ; ;400000;1;1;1;1;2;2;1;2;2;2;1;2;1;1;2;2;1;2;1;1;2;1;3;5;2; ;1;1;1;4;1;2;1;1;1;3;1;1;01;68;07;68;482,100062489467
4664824;1;5;1;1;1;1;1;1;3;4; ; ; ;700000; ;1;1;1;1;1;2;1;1;2;2;1;2;2;2;2;2;1;2;2;1;2;1;1;2;2; ;1;1;1;4;1;4;1;1;1;3;1;1;01;68;07;68;426,585878005594
4664825;1;6;4;1;1;1;1;1;3;1; ; ;290000000;700000; ;1;1;1;1;1;1;1;2;1;1;1;1;1;1;2;2;1;2;1;1;2;1;5;5;2; ;1;1;1;4;1;4;1;1;1;3;1;1;01;68;07;68;824,605573868839
4664826;1;6;4;1;1;1;1;1;3;3; ; ; ; ;850000;1;1;1;1;1;1;1;2;1;1;1;2;1;2;2;2;2;1;2;2;2;1;4;6;2; ;1;1;1;4;1;4;1;1;1;3;1;1;01;68;07;68;603,969046345692
4664827;1;4;2;1;1;1;1;1;3;1; ; ;98;600000; ;1;1;2;1;1;1;1;1;1;2;1;2;2;2;2;2;1;2;2;2;2;1;1;2;2; ;1;2;1;4;1;4;1;1;1;3;1;1;01;68;07;68;303,666539401709
4664828;1;3;1;1;1;1;1;1;3;3; ; ; ; ;650000;2;1;2;1;1;1;1;2;2;1;1;2;2;2;2;2;2;2;2;1;2;1;2;2;2; ;1;2;1;4;1;4;1;1;1;3;1;1;01;68;07;68;497,193940591142
4664829;1;4;3;1;1;1;1;1;3;1; ; ;20000000;1000000; ;2;2;1;1;1;1;1;1;1;1;1;1;1;1;2;2;1;1;2;1;2;1;5;5;2; ;1;2;1;4;1;4;1;1;1;3;1;1;01;68;07;68;552,708125075015
4664830;1;2;1;1;1;1;1;2;3;3; ; ; ; ;380000;2;1;2;1;1;1;1;2;2;2;1;2;1;1;2;2;1;2;1;2;2;1;1;1;2; ;1;2;1;4;1;4;1;1;1;3;1;1;01;68;07;68;482,704831608457
4664831;1;2;1;1;1;1;1;1;3;1; ; ;98;500000; ;1;1;1;1;1;1;1;2;2;2;1;2;2;2;2;2;1;2;2;2;2;1;2;2;2; ;1;2;1;4;1;4;1;1;1;3;1;1;01;68;07;68;445,064320251738
4664832;1;3;2;1;1;1;1;1;3;3; ; ; ; ;900000;1;1;1;1;1;1;1;1;2;1;1;2;2;1;2;2;2;2;1;2;2;1;2;4;2; ;1;2;1;4;1;4;1;1;1;3;1;1;01;68;07;68;597,208621480246
4664833;1;4;1;1;1;1;1;1;3;4; ; ; ;700000; ;1;1;1;1;1;1;1;2;2;2;1;2;2;1;2;2;2;2;2;2;2;1;1;1;2; ;1;2;1;4;1;3;1;1;1;9;1;1;01;68;07;68;511,192514046247
4664834;1;4;1;1;1;1;10;1;3;1; ; ;98;1000000; ;1;1;1;1;1;1;1;1;1;1;1;1;1;1;2;2;2;1;2;1;2;1;1;1;2; ;1;2;1;4;1;4;1;1;1;3;1;1;01;68;07;68;535,016107626794
4664835;1;3;2;1;1;1;1;1;3;4; ; ; ;98; ;1;1;1;1;1;1;1;2;2;2;1;2;2;2;2;2;2;2;2;2;2;1;2;3;2; ;1;1;3;4;1;1;1;1;1;3;1;1;01;68;07;68;186,918019417558
4664836;1;6;3;1;1;1;1;1;3;1; ; ;99;900000; ;1;1;1;1;1;1;1;1;2;1;1;1;1;1;2;2;2;1;2;1;2;1;3;3;2; ;1;2;1;4;1;4;1;1;1;3;1;1;01;68;07;68;529,276035630748
4664837;1;5;1;1;1;1;1;1;3;1; ; ;380000000;1500000; ;1;1;1;1;1;1;1;1;1;1;1;1;1;1;1;2;1;2;2;2;2;1;1;1;2; ;1;2;1;4;1;4;1;1;1;3;1;1;01;68;07;68;412,096769022909
4664838;1;6;3;1;1;1;1;1;3;3; ; ; ; ;1400000;1;1;1;1;1;1;1;1;1;1;1;1;1;1;1;2;1;1;2;1;2;1;4;5;2; ;1;2;1;4;1;4;1;1;1;3;1;1;01;68;07;68;488,778391859047
4664839;1;3;2;1;1;1;1;1;3;3; ; ; ; ;1100000;1;1;1;1;1;1;1;2;1;2;1;1;1;1;2;2;1;2;2;2;2;1;1;3;2; ;1;2;1;4;1;4;1;1;1;3;1;1;01;68;07;68;327,299606032678
4664839;2;1;1;1;1;1;1;1;3;3; ; ; ; ;370000;1;1;1;1;1;1;1;2;1;2;2;2;2;1;2;2;1;2;2;2;2;1;1;1;2; ;2;2;1;4;1;4;1;1;1;3;1;1;01;68;07;68;327,299606032678
4664840;1;3;2;1;1;1;1;1;3;2; ;433000;98;400000; ;2;1;2;1;1;1;1;1;2;2;1;2;2;2;2;2;2;2;2;2;2;1;4;4;2; ;1;2;1;4;1;1;1;1;1;3;1;1;01;68;07;68;1395,82033396841
4664841;1;3;2;1;1;1;1;1;3;3; ; ; ; ;350000;1;1;1;2;1;1;1;2;2;2;1;2;2;1;2;2;2;2;2;2;2;1;2;2;2; ;1;2;1;4;1;2;1;1;1;3;1;1;01;68;07;68;473,370347010595
4664842;1;4;2;1;1;1;1;1;3;2; ;350000;99;500000; ;1;1;2;2;1;1;1;2;2;2;1;1;2;2;2;2;2;2;2;2;2;2; ;2;2; ;1;2;1;4;1;1;1;1;1;3;1;1;01;68;07;68;853,171756011189
4664843;1;4;3;1;2;1;1;1;3;3; ; ; ; ;600000;2;1;2;2;1;1;1;2;2;2;1;2;2;2;2;2;2;2;1;2;2;1;2;6;2; ;1;1;1;2;1;1;1;1;1;3;1;1;01;68;07;68;354,055504962437
4664843;2;1;1;1;2;1;1;1;3;3; ; ; ; ;200000;2;2;2;2;1;1;1;2;2;2;1;2;2;2;2;2;2;2;2;2;2;1;1;1;2; ;2;1;1;2;1;1;1;1;1;3;1;1;01;68;07;68;354,055504962437
4664844;1;5;4;1;1;1;1;1;3;1; ; ;99;1000000; ;1;1;1;1;1;1;1;1;1;1;1;1;1;1;2;2;1;1;2;1;2;1;3;4;2; ;1;2;1;4;1;4;1;1;1;3;1;1;01;68;07;68;590,549613618435
4664845;1;5;3;1;1;1;1;1;3;1; ; ;99;600000; ;2;1;1;1;1;1;1;2;2;2;1;2;1;1;2;2;2;2;2;2;2;1;3;5;2; ;1;1;1;4;1;2;1;1;1;3;1;1;01;68;07;68;477,818606497858
4664846;1;3;1;1;1;1;1;3;3;3; ; ; ; ;395000;2;1;2;1;1;1;1;2;2;2;1;1;1;2;2;2;2;2;1;2;2;1;2;3;2; ;1;2;1;4;1;2;1;1;1;3;1;1;01;68;07;68;656,658485905175
4664847;1;4;3;1;1;1;1;1;3;3; ; ; ; ;480000;2;1;1;1;1;1;1;1;2;2;1;2;2;2;2;2;2;1;1;2;2;1;4;6;2; ;1;2;1;4;1;1;1;1;1;3;1;1;01;68;07;68;1063,10841218564
4664848;1;3;2;1;1;1;1;1;4;1; ; ;98;350000; ;2;1;2;1;1;1;1;2;2;2;1;2;2;2;2;2;2;2;2;2;2;1;2;2;2; ;1;2;1;4;1;2;2;1;1;3;1;1;01;68;07;68;538,610520228609
4664849;1;4;3;1;1;1;1;1;3;3; ; ; ; ;450000;1;1;1;1;1;1;1;2;2;2;1;1;2;2;2;2;1;1;2;2;2;1;3;5;2; ;1;2;1;4;1;1;1;1;1;3;1;1;01;68;07;68;1077,38558899883
4664850;1;4;3;1;1;1;1;1;3;3; ; ; ; ;750000;1;1;1;1;1;1;1;2;2;2;1;2;2;2;2;2;2;2;2;1;2;1;3;5;2; ;1;2;1;4;1;3;1;1;1;3;1;1;01;68;07;68;517,065097110136
4664851;1;4;2;1;1;1;1;1;3;1; ; ;80000000;500000; ;1;2;1;1;1;1;1;1;2;2;1;2;1;1;2;2;1;2;1;2;2;1;2;2;2; ;1;2;1;4;1;1;1;1;1;3;1;1;01;68;07;68;946,740694021191
4664852;1;3;2;1;1;1;1;3;3;3; ; ; ; ;450000;1;1;1;1;1;1;1;2;2;2;1;1;1;2;2;2;1;2;2;2;2;1;1;2;1;1;1;2;1;4;1;2;1;1;1;3;1;1;01;68;07;68;480,029354872407
4664853;1;4;3;1;1;1;1;1;3;1; ; ;120000000;800000; ;1;1;1;1;1;1;1;2;2;2;1;1;2;1;2;2;1;2;1;1;2;1;5;6;2; ;1;2;1;4;1;3;1;1;1;3;1;1;01;68;07;68;567,015578378767
4664854;1;4;3;1;1;1;1;1;3;3; ; ; ; ;520000;1;1;1;1;1;1;1;2;2;2;1;1;1;1;2;2;2;2;1;1;2;1;6;6;2; ;1;2;1;4;1;3;1;1;1;3;1;1;01;68;07;68;543,555296156087
4664855;1;6;3;1;1;1;1;1;3;3; ; ; ; ;800000;1;1;1;1;1;1;1;2;2;2;1;1;2;1;2;2;2;2;1;2;2;1;4;6;2; ;1;2;1;4;1;3;1;1;1;3;1;1;01;68;07;68;764,302290728452
4664856;1;5;1;1;1;1;1;1;3;1; ; ;99;800000; ;1;1;1;1;1;1;1;2;1;2;1;2;1;2;2;2;1;2;2;2;2;1;1;1;2; ;1;2;1;4;1;3;1;1;1;3;1;1;01;68;07;68;482,704831608457
4664857;1;3;2;1;1;1;1;1;3;3; ; ; ; ;450000;2;1;1;2;1;1;1;1;2;2;1;2;2;2;2;2;2;2;2;2;2;1;2;3;2; ;1;2;1;2;1;1;1;1;1;3;1;1;01;68;07;68;941,753051906957
4664858;1;4;1;1;1;1;1;1;3;4; ; ; ;98; ;2;1;2;1;1;1;1;2;2;2;1;2;2;2;2;2;2;2;2;2;2;1;1;1;2; ;1;2;1;4;1;4;1;1;1;3;1;1;01;68;07;68;412,096769022909
4664859;1;4;2;1;1;1;1;1;3;3; ; ; ; ;450000;1;1;1;1;1;1;1;2;2;2;1;2;2;2;2;2;1;2;2;2;2;1;3;4;2; ;1;2;1;2;1;1;1;1;1;3;1;1;01;68;07;68;996,225752913815
4664860;1;5;3;1;1;1;1;1;3;1; ; ;370000000;1200000; ;1;1;1;1;1;1;1;1;1;1;1;1;1;1;1;1;1;1;2;1;2;1;3;4;2; ;1;2;1;4;1;4;1;1;1;3;1;1;01;68;07;68;597,208621480246
4664861;1;3;2;1;1;1;1;1;3;1; ; ;70000000;450000; ;1;1;1;1;1;1;1;2;2;2;1;2;2;1;2;2;2;2;2;2;2;1;2;2;2; ;1;2;1;4;1;1;1;1;1;3;1;1;01;68;07;68;805,524568850096
4664862;1;4;3;1;1;1;1;1;3;3; ; ; ; ;370000;1;1;1;1;1;1;1;1;2;2;1;2;1;2;2;2;1;2;1;2;2;1;5;8;2; ;1;2;1;4;1;1;1;1;1;3;1;1;01;68;07;68;1334,42382989361
4664863;1;3;2;1;1;1;1;1;3;3; ; ; ; ;420000;2;1;2;1;1;1;1;2;2;2;1;2;1;2;2;2;1;1;2;1;2;1;2;3;2; ;1;2;1;4;1;1;1;1;1;3;1;1;01;68;07;68;1143,15614291488
4664864;1;5;4;1;1;1;1;1;3;3; ; ; ; ;1200000;1;1;1;1;1;1;1;1;1;1;1;1;1;1;2;2;1;1;1;1;2;1;5;5;2; ;1;2;1;4;1;4;1;1;1;3;1;1;01;68;07;68;531,26208336467
4664865;1;4;2;1;1;1;1;1;3;1; ; ;170000000;900000; ;1;1;1;1;1;1;1;2;2;2;1;1;1;1;2;2;1;2;2;1;2;1;2;2;2; ;1;2;1;4;1;3;1;1;1;3;1;1;01;68;07;68;402,762284425048
4664866;1;4;3;1;1;1;1;1;3;1; ; ;98;500000; ;1;1;1;1;1;1;1;1;2;2;1;2;2;2;2;2;2;1;2;2;2;1;3;4;2; ;1;2;1;4;1;1;1;1;1;3;1;1;01;68;07;68;1124,48717371915
4664867;1;5;3;1;1;1;1;1;3;1; ; ;99;1200000; ;1;1;1;1;1;1;1;1;1;1;1;1;1;1;2;1;1;2;2;1;1;1;4;4;2; ;1;2;1;4;1;4;1;1;1;3;1;1;01;68;07;68;562,243586859577
4664868;1;5;2;1;1;1;1;1;3;4; ; ; ;1000000; ;1;1;1;1;1;1;1;2;2;2;1;2;2;2;2;2;2;2;2;2;2;1;2;2;1;2;1;2;1;4;1;4;1;1;1;3;1;1;01;68;07;68;538,610520228609
4664869;1;5;2;1;1;1;1;1;3;1; ; ;98;800000; ;1;1;1;1;1;1;1;1;2;2;1;2;1;1;2;2;1;1;1;2;2;1;2;2;2; ;1;2;1;4;1;3;1;1;1;3;1;1;01;68;07;68;374,274601987257
4664870;1;2;1;1;1;1;1;1;3;3; ; ; ; ;98;1;1;1;1;1;1;1;2;2;2;1;2;2;1;2;2;1;2;2;2;2;1;2;2;2; ;1;2;1;4;1;4;1;1;1;3;1;1;01;68;07;68;609,218582814157
4664871;1;5;4;1;1;1;1;1;3;3; ; ; ; ;98;2;1;1;1;1;1;1;2;2;2;1;2;2;1;2;2;2;1;2;2;2;1;3;3;2; ;1;2;1;4;1;4;1;1;1;3;1;1;01;68;07;68;764,220016457648
4664872;1;6;4;1;1;1;1;1;3;3; ; ; ; ;1400000;2;1;1;1;1;1;1;1;1;2;1;2;2;1;2;2;1;1;2;1;2;1;4;5;2; ;1;2;1;5;1;4;1;1;1;3;1;1;01;68;07;68;435,334914992234
4664873;1;5;4;1;1;1;1;1;3;4; ; ; ;99; ;1;1;1;1;1;1;1;2;2;1;1;1;2;1;2;2;2;2;2;2;2;1;5;5;2; ;1;2;1;4;1;4;1;1;1;3;1;1;01;68;07;68;617,967619800797
4664874;1;4;2;1;1;1;1;1;3;3; ; ; ; ;500000;2;2;1;1;1;1;1;2;2;2;1;1;2;2;2;2;1;1;2;2;2;1;2;3;2; ;1;2;1;4;1;1;1;1;1;3;1;1;01;68;07;68;1313,31697181035
4664875;1;4;2;1;1;1;1;1;3;3; ; ; ; ;600000;1;1;1;1;1;1;1;2;1;2;1;2;2;1;2;2;1;2;2;2;2;1;2;3;2; ;1;2;1;4;1;3;1;1;1;3;1;1;01;68;07;68;635,030788515897
4664876;1;4;3;1;1;1;1;1;3;3; ; ; ; ;816000;1;1;1;1;1;1;1;1;2;2;1;2;2;2;2;2;2;2;2;2;2;1;2;3;2; ;1;2;1;4;1;3;1;1;1;3;1;1;01;68;07;68;364,940117389396
4664877;1;3;2;1;1;1;1;1;4;3; ; ; ; ;350000;1;1;1;2;1;1;1;2;2;2;1;1;2;1;2;2;2;2;2;2;2;1;2;3;2; ;1;1;1;2;1;1;2;1;1;3;1;1;01;68;07;68;941,389740549091
4664878;1;2;1;1;2;1;1;1;3;3; ; ; ; ;300000;2;2;2;2;1;1;1;2;2;2;2;2;2;2;2;2;1;2;2;2;2;2; ;2;2; ;1;2;1;4;1;3;1;1;1;3;1;1;01;68;07;68;369,601641859368
4664878;2;1;1;1;2;1;1;1;3;3; ; ; ; ;300000;2;2;2;2;1;1;1;2;2;2;2;2;2;2;2;2;2;2;2;2;2;1;2;2;2; ;2;2;1;4;1;3;1;1;1;3;1;1;01;68;07;68;369,601641859368
4664879;1;3;2;1;1;1;1;1;3;3; ; ; ; ;470000;2;2;2;1;1;1;1;2;2;2;2;2;2;2;2;2;2;2;2;2;2;1;1;3;2; ;1;2;1;4;1;1;1;1;1;3;1;1;01;68;07;68;928,033081809932
4664880;1;3;2;1;1;1;1;1;3;1; ; ;98;800000; ;1;1;2;1;1;1;1;2;2;2;1;2;2;2;2;2;2;2;2;1;2;1;2;3;2; ;1;2;1;4;1;4;1;1;1;3;1;1;01;68;07;68;417,251393407733
4664881;1;4;1;1;1;1;1;1;3;3; ; ; ; ;500000;2;2;1;1;1;1;1;2;2;2;1;2;2;1;2;2;1;2;1;2;2;1;2;3;2; ;1;2;1;4;1;1;1;1;1;3;1;1;01;68;07;68;985,008446685513
4664882;1;4;3;1;1;1;1;1;3;3; ; ; ; ;700000;1;1;1;1;1;1;1;1;1;2;1;1;2;1;2;2;1;2;1;2;2;1;4;4;2; ;1;2;1;4;1;3;1;1;1;3;1;1;01;68;07;68;568,902594721388
4664883;1;4;1;1;1;1;1;1;3;1; ; ;300000000;1300000; ;1;1;1;1;1;1;1;1;1;2;1;2;1;2;2;2;1;1;2;1;2;1;2;2;2; ;1;2;1;4;1;4;1;1;1;3;1;1;01;68;07;68;426,585878005594
4664884;1;5;2;1;1;1;1;1;3;1; ; ;99;1200000; ;1;1;1;1;1;1;1;1;1;1;1;1;1;1;2;2;1;2;1;1;2;1;3;3;2; ;1;2;1;4;1;4;1;1;1;3;1;1;01;68;07;68;553,099629211295
4664885;1;5;2;1;1;1;1;1;3;1; ; ;98;800000; ;1;1;1;1;1;1;1;1;2;1;1;2;1;2;2;2;2;2;2;1;2;1;2;2;2; ;1;2;1;4;1;4;1;1;1;3;1;1;01;68;07;68;538,610520228609
4664886;1;4;2;1;1;1;1;1;3;1; ; ;160000000;850000; ;1;1;1;1;1;1;1;2;1;2;1;1;1;1;2;2;1;2;1;1;2;1;3;3;2; ;1;2;1;4;1;3;1;1;1;3;1;1;01;68;07;68;571,578071457438
4664887;1;2;1;1;1;1;1;1;3;3; ; ; ; ;640000;1;2;1;1;1;1;1;1;2;2;2;2;2;1;2;2;1;2;1;2;2;1;1;1;2; ;1;2;1;4;1;4;1;1;1;2;1;1;01;68;07;68;647,040749849809
4664888;1;3;1;1;1;1;1;1;3;4; ; ; ;98; ;2;1;1;1;1;1;1;1;2;2;1;2;2;2;2;2;2;2;2;2;2;1;1;1;1;1;1;2;1;4;1;4;1;1;1;3;1;1;01;68;07;68;482,704831608457
4664889;1;5;2;1;1;1;1;1;3;4; ; ; ;1000000; ;2;1;1;1;1;1;1;2;2;2;1;1;2;1;2;2;1;2;2;1;2;1;2;2;2; ;1;2;1;4;1;4;1;1;1;3;1;1;01;68;07;68;445,064320251738
4664890;1;5;2;1;1;1;1;1;3;1; ; ;99;1000000; ;1;1;2;1;1;1;1;1;1;2;1;2;2;1;2;2;2;2;2;2;2;1;2;2;2; ;1;2;1;4;1;4;1;1;1;3;1;1;01;68;07;68;303,666539401709
4664891;1;5;2;1;1;1;1;1;3;1; ; ;99;99; ;1;1;1;1;1;1;1;2;1;1;1;2;2;1;2;2;2;2;1;1;2;1;1;2;2; ;1;2;1;4;1;4;1;1;1;3;1;1;01;68;07;68;538,610520228609
4664892;1;4;1;1;1;1;1;1;3;3; ; ; ; ;670000;1;2;1;1;1;1;1;2;2;1;2;2;2;1;2;2;2;2;2;2;2;1;1;1;2; ;1;2;1;4;1;3;1;1;1;3;1;1;01;68;07;68;482,704831608457
4664921;1;2;2;1;1;1;1;1;3;3; ; ; ; ;500000;2;2;2;2;1;2;1;2;2;2;1;1;2;2;2;2;2;2;2;2;2;1;2;4;2; ;1;2;1;4;1;3;1;1;1;3;1;1;01;73;07;73;279,37257824145
4664922;1;4;3;1;1;1;1;1;3;1; ; ;160000000;700000; ;1;1;1;1;1;1;1;1;2;1;1;1;1;1;2;2;1;1;2;1;2;1;4;4;2; ;1;2;1;4;1;3;1;1;1;2;1;1;01;73;07;73;265,317872287127
4664924;1;4;1;1;1;1;1;1;4;3; ; ; ; ;590000;2;1;2;1;1;1;1;2;2;2;1;1;1;2;2;2;1;2;2;2;2;1;2;2;2; ;1;2;1;4;1;2;2;1;1;3;1;1;01;73;07;73;249,562895331605
4664925;1;4;2;1;1;1;1;1;3;3; ; ; ; ;800000;1;1;1;1;1;1;1;2;2;2;1;1;1;1;2;2;2;2;2;2;2;1;2;5;2; ;1;2;1;4;1;3;1;1;1;3;1;1;01;73;07;73;358,747662305964
4664926;1;4;2;1;1;1;1;1;4;1; ; ;100000000;650000; ;2;1;2;1;1;1;1;1;2;2;1;1;2;2;2;2;2;2;2;2;2;1;2;3;2; ;1;2;1;4;1;3;2;1;1;3;1;1;01;73;07;73;201,994941570586
4664927;1;4;1;1;1;1;1;1;4;2; ;760000;170000000;800000; ;1;1;1;1;1;1;1;1;1;2;1;1;1;1;1;1;1;2;2;2;2;1;1;1;2; ;1;2;1;4;1;2;2;1;1;2;1;1;01;73;07;73;231,380335153257
4664928;1;2;1;1;1;1;1;1;3;3; ; ; ; ;400000;2;2;2;2;1;1;1;2;2;2;1;2;2;2;2;2;2;2;2;2;2;1;1;1;2; ;1;2;1;2;1;1;1;1;1;3;1;1;01;73;07;73;190,349180721988
4664929;1;2;1;1;1;1;1;1;3;4; ; ; ;600000; ;2;1;2;2;1;1;1;2;2;2;2;2;2;2;2;2;2;2;2;2;2;1;1;1;2; ;1;1;1;4;1;3;1;1;1;3;1;1;01;73;07;73;231,380335153257
4664930;1;6;5;1;1;1;1;1;3;1; ; ;150000000;800000; ;1;1;1;1;1;1;1;2;2;2;1;2;1;1;2;2;2;2;2;2;2;1;4;10;2; ;1;1;1;4;1;3;1;1;1;3;1;1;01;73;07;73;268,72641973885
4664931;1;2;1;1;1;1;1;1;3;1; ; ;98;300000; ;2;2;2;2;2;2;1;2;2;2;1;2;2;2;2;2;2;2;2;2;2;1;1;1;2; ;1;2;1;4;1;2;1;1;1;3;1;1;01;73;07;73;290,793390137876
4664932;1;5;2;1;1;1;1;1;3;1; ; ;300000000;1500000; ;1;1;1;1;1;1;1;1;1;2;1;1;1;1;2;2;2;2;2;2;2;1;2;3;2; ;1;1;1;4;1;5;1;1;1;3;1;1;01;73;07;73;208,332400525335
4664933;1;5;2;1;1;1;1;1;3;1; ; ;350000000;1000000; ;1;1;1;1;1;1;1;1;1;2;1;1;1;1;1;2;1;1;2;1;2;1;3;3;2; ;1;1;1;4;1;5;1;1;1;3;1;1;01;73;07;73;283,9222631562
4664934;1;4;2;1;1;1;1;1;3;3; ; ; ; ;1100000;1;1;1;1;1;1;1;1;1;1;1;2;1;1;2;2;1;2;2;1;2;1;2;2;2; ;1;2;1;4;1;4;1;1;1;3;1;1;01;73;07;73;249,562895331605
4664935;1;4;1;1;1;1;1;1;3;3; ; ; ; ;440000;2;2;2;1;1;1;1;2;2;2;1;2;2;1;2;2;2;1;1;1;2;1;2;2;2; ;1;2;1;4;1;4;1;1;1;3;1;1;01;73;07;73;224,708548546583
4664936;1;5;2;1;1;1;1;1;3;3; ; ; ; ;950000;2;2;1;1;1;1;1;1;1;2;1;2;2;1;2;2;1;1;2;1;2;1;2;3;1;1;1;2;1;4;1;4;1;1;1;3;1;1;01;73;07;73;265,174579871752
4664937;1;4;1;1;1;1;1;1;3;1; ; ;180000000;1000000; ;1;1;1;1;1;1;1;1;2;1;1;2;1;1;2;2;2;2;2;1;2;1;1;1;2; ;1;2;1;4;1;5;1;1;1;3;1;1;01;73;07;73;231,380335153257
4664938;1;1;1;1;1;1;1;1;3;2; ;350000;98;350000; ;1;1;1;1;1;1;1;2;2;2;1;2;1;2;2;2;2;2;2;2;2;1;1;1;2; ;1;2;1;4;1;2;1;1;1;3;1;1;01;73;07;73;290,793390137876
4664939;1;2;1;1;1;1;1;1;3;1; ; ;60000000;300000; ;2;1;1;2;1;1;1;2;2;2;1;2;1;2;2;2;2;2;2;2;2;1;1;1;2; ;1;4;1;4;1;2;1;1;1;3;1;1;01;73;07;73;231,380335153257
4664940;1;5;2;1;1;1;1;1;3;3; ; ; ; ;400000;1;1;1;1;1;1;1;2;1;2;1;1;1;1;2;2;1;2;1;2;2;1;3;4;2; ;1;1;1;4;1;2;1;1;1;3;1;1;01;73;07;73;300,477078440809
4664941;1;3;2;1;1;1;1;1;3;3; ; ; ; ;350000;1;1;1;1;1;1;1;2;2;1;1;1;1;1;2;2;1;2;1;1;2;1;4;4;2; ;1;1;1;4;1;2;1;1;1;3;1;1;01;73;07;73;266,261003031589
4664942;1;4;1;1;1;1;1;1;3;3; ; ; ; ;300000;2;1;1;1;1;1;1;2;2;2;1;1;1;1;2;2;1;2;2;2;2;1;1;1;2; ;1;2;1;4;1;2;1;1;1;3;1;1;01;73;07;73;190,349180721988
4664943;1;5;2;1;1;1;1;1;3;1; ; ;140000000;500000; ;2;1;1;1;1;1;1;2;2;2;1;1;1;1;2;2;2;2;2;1;2;1;3;3;2; ;1;1;1;4;1;2;1;1;1;3;1;1;01;73;07;73;228,836402770608
4664944;1;2;1;1;1;1;1;3;3;3; ; ; ; ;300000;1;1;2;1;1;1;1;2;2;2;1;1;1;1;2;2;2;1;1;2;2;1;2;2;2; ;1;2;1;4;1;2;1;1;1;3;1;1;01;73;07;73;224,708548546583
4664945;1;7;4;1;1;1;1;1;3;1; ; ;80000000;500000; ;2;1;2;2;1;1;1;2;2;2;1;2;1;2;2;2;2;2;1;2;2;1;3;7;2; ;1;1;1;4;1;2;1;1;1;3;1;1;01;73;07;73;228,918059307405
4664946;1;1;1;1;1;1;1;6; ;3; ; ; ; ;300000;2;2;2;2;2;2;2;2;2;2;1;2;2;2;2;2;2;2;2;2;2;1;1;1;2; ;1;4;1;4;1;2;2;1;1;3;1;1;01;73;07;73;290,793390137876
4664947;1;4;3;1;1;1;1;1;3;3; ; ; ; ;500000;2;1;2;1;1;1;1;2;2;2;1;2;2;1;2;2;2;2;1;2;2;1;2;4;2; ;1;2;1;4;1;2;1;1;1;3;1;1;01;73;07;73;332,105541480943
4664948;1;2;1;1;2;1;1;1;4;3; ; ; ; ;200000;1;1;1;1;1;1;1;2;2;2;1;1;1;1;2;2;2;1;2;2;2;1;1;4;2; ;1;4;1;2;1;2;2;1;1;3;1;1;01;73;07;73;320,638447895706
4664949;1;4;1;1;1;1;1;1;3;1; ; ;60000000;400000; ;1;2;2;1;1;1;1;2;1;2;1;2;1;2;2;2;1;1;1;2;2;1;2;2;2; ;1;2;1;4;1;2;1;1;1;3;1;1;01;76;07;76;808,064183975969
4664950;1;2;1;1;1;1;1;1;4;3; ; ; ; ;549000;2;1;1;1;1;1;1;1;2;1;1;2;1;1;2;2;1;1;1;2;2;1;1;1;2; ;1;2;1;4;1;3;2;1;1;7;1;1;01;76;07;76;972,363906902468
4664951;1;2;1;1;1;1;1;1;4;3; ; ; ; ;500000;2;1;1;1;1;1;1;1;1;1;1;1;1;1;2;2;1;1;1;2;2;1;1;1;2; ;1;2;1;4;1;3;2;1;1;2;1;1;01;76;07;76;943,631912414132
4664952;1;4;3;1;1;1;1;1;3;4; ; ; ;400000; ;1;1;1;1;1;1;1;1;2;2;1;1;2;2;2;2;1;1;1;1;2;1;4;4;2; ;1;2;1;4;1;2;1;1;1;3;1;2;01;76;07;76;1493,96622368764
4664953;1;2;1;1;1;1;1;1;4;3; ; ; ; ;478000;2;1;1;2;1;1;1;2;2;2;1;2;2;1;2;2;2;2;2;2;2;1;1;2;2; ;1;2;1;4;1;3;2;1;1;2;1;1;01;76;07;76;1167,43874561387
4664954;1;3;2;3;1;1;1;1;3;4; ; ; ;300000; ;1;1;2;2;1;1;1;2;2;2;1;2;2;2;2;2;2;2;2;2;2;1;1;2;2; ;1;2;1;4;1;1;1;2;1;3;1;1;01;76;07;76;808,064183975969
4664955;1;4;3;3;1;1;1;1;3;4; ; ; ;350000; ;2;1;2;1;1;1;1;1;2;2;1;2;1;2;2;2;2;1;2;2;2;1;2;4;2; ;1;2;1;4;1;1;1;2;1;3;1;1;01;76;07;76;1208,22522094298
4664956;1;4;3;1;1;1;1;1;3;3; ; ; ; ;400000;1;1;1;1;1;1;1;2;2;2;1;1;1;1;2;2;2;2;2;2;2;1;2;5;2; ;1;2;1;4;1;2;1;1;1;3;1;2;01;76;07;76;740,712834298475
4664957;1;4;3;1;1;1;1;1;4;3; ; ; ; ;100000;2;1;2;2;1;1;1;2;2;2;1;1;2;2;2;2;2;2;2;2;2;1;2;5;2; ;1;1;4;2;1;3;2;1;1;3;1;1;01;76;07;76;811,968683162154
4664958;1;6;1;1;1;1;1;1;4;1; ; ;120000000;600000; ;1;1;2;1;1;1;1;1;2;2;1;2;2;2;2;2;1;2;2;2;2;1;1;1;2; ;1;1;1;4;1;3;2;1;1;3;1;1;01;76;07;76;915,351723921305
4664959;1;2;1;1;1;1;1;1;3;5; ; ; ;180000; ;2;1;2;1;1;1;1;2;2;2;1;2;2;2;2;2;1;2;1;2;2;1;1;1;2; ;1;2;1;2;1;1;1;1;1;3;1;1;01;76;07;76;1214,18319139635
4664960;1;4;3;1;1;1;1;1;3;4; ; ; ;300000; ;2;1;1;1;1;1;1;1;2;2;1;1;1;1;2;2;2;1;1;2;2;1;3;4;2; ;1;1;1;4;1;2;1;1;1;3;1;2;01;76;07;76;1148,0701414822
4664961;1;4;3;1;1;1;1;1;3;3; ; ; ; ;700000;1;1;1;1;1;1;1;1;2;2;1;1;2;1;2;2;1;2;1;2;2;1;3;3;2; ;1;2;1;4;1;3;1;1;1;3;1;1;01;76;07;76;708,460469611941
4664962;1;2;1;3;2;1;1;4;3;1; ; ;25000000;250000; ;1;1;2;2;1;1;1;2;2;2;1;2;1;2;2;2;2;1;2;2;2;2; ;1;2; ;1;2;1;4;1;1;1;2;1;3;1;1;01;76;07;76;757,788827011796
4664962;2;2;1;3;2;1;1;1;4;3; ; ; ; ;200000;2;2;2;2;1;1;1;2;2;2;1;2;2;2;2;2;2;1;2;2;2;1;2;2;2; ;2;2;1;4;1;1;1;2;1;3;1;1;01;76;07;76;757,788827011796
4664963;1;2;1;3;1;1;1;1;3;3; ; ; ; ;300000;2;1;2;2;1;1;1;2;2;2;1;2;2;2;2;2;2;1;2;2;2;1;2;3;2; ;1;4;1;4;1;1;1;2;1;3;1;1;01;76;07;76;1330,70248465075
4664964;1;1;1;1;1;1;1;1;3;3; ; ; ; ;392500;2;1;1;2;1;1;1;2;2;2;1;2;2;2;2;2;1;2;2;2;2;1;1;1;2; ;1;2;1;4;1;3;1;1;1;7;1;1;01;76;07;76;972,363906902468
4664965;1;2;1;1;1;1;1;1;3;3; ; ; ; ;468000;2;1;1;2;1;1;1;2;2;2;1;2;2;2;2;2;1;2;2;2;2;1;1;1;2; ;1;2;1;4;1;3;1;1;1;6;1;1;01;76;07;76;1214,18319139635
4664966;1;2;1;1;1;1;1;1;3;3; ; ; ; ;470000;2;1;1;1;1;1;1;2;2;2;1;1;1;2;2;2;1;2;2;2;2;1;1;1;2; ;1;2;1;4;1;3;1;1;1;7;1;1;01;76;07;76;943,631912414132
4664967;1;2;1;1;1;1;1;6; ;1; ; ;150000000;600000; ;2;2;2;1;1;1;1;2;2;2;1;2;2;2;2;2;2;2;2;2;2;1;1;1;2; ;1;1;1;4;1;2;1;1;1;3;1;2;01;76;07;76;994,601026330711
4664967;2;2;2;1;1;1;1;1;3;3; ; ; ; ;350000;2;2;2;1;1;1;1;1;2;2;1;1;2;1;2;2;1;2;2;2;2;1;2;3;2; ;2;1;1;4;1;2;1;1;1;3;1;2;01;76;07;76;994,601026330711
4664968;1;4;1;1;1;1;1;1;3;1; ; ;98;250000; ;1;1;2;1;1;1;1;1;2;2;1;2;2;2;2;2;2;1;2;2;2;2; ;2;2; ;1;1;1;4;1;1;1;1;1;3;1;1;01;76;07;76;808,064183975969
4664969;1;6;5;1;1;1;1;1;3;1; ; ;60000000;400000; ;1;1;1;1;1;1;2;2;2;2;1;2;2;2;2;2;2;2;2;2;2;1;4;5;2; ;1;1;1;4;1;1;1;1;1;3;1;1;01;76;07;76;1161,4807751605
4664970;1;3;1;1;1;1;1;1;3;4; ; ; ;400000; ;2;2;2;1;1;1;1;2;2;2;1;2;2;2;2;2;2;2;2;2;2;1;1;1;2; ;1;2;1;4;1;1;1;1;1;3;1;1;01;76;07;76;972,363906902468
4664971;1;6;2;1;1;1;1;1;3;1; ; ;250000000;1000000; ;1;1;1;1;1;1;1;1;2;2;1;1;1;1;2;2;2;1;1;1;1;1;3;3;2; ;1;2;1;4;1;3;1;1;1;3;1;1;01;76;07;76;971,327923012853
4664972;1;3;1;1;1;1;1;1;3;4; ; ; ;250000; ;1;1;1;1;1;1;1;2;1;2;1;2;2;1;2;2;1;2;1;1;2;1;1;1;1;3;1;2;1;4;1;1;1;1;1;3;1;1;01;76;07;76;1214,18319139635
4664973;1;1;1;3;1;1;1;2;4;3; ; ; ; ;200000;2;1;2;2;1;1;1;2;2;2;1;1;2;2;2;2;2;1;2;2;2;1;1;1;2; ;1;2;1;4;1;1;2;2;1;3;1;1;01;76;07;76;1214,18319139635
4664974;1;5;2;1;1;1;1;1;3;1; ; ;25000000;300000; ;1;1;2;2;1;1;1;2;2;2;1;2;2;2;2;2;2;1;2;2;2;1;3;4;2; ;1;1;1;2;1;1;1;1;1;3;1;1;01;76;07;76;1115,72213720096
4664975;1;5;2;1;1;1;1;1;3;1; ; ;240000000;1200000; ;1;1;1;1;1;1;1;1;1;1;1;1;1;1;1;2;1;1;2;1;2;1;2;3;2; ;1;2;1;6;1;5;1;1;1;3;1;1;01;76;07;76;1098,35765509436
4664976;1;7;2;1;1;1;1;1;3;1; ; ;350000000;1200000; ;1;1;1;1;1;1;1;1;1;1;1;1;2;1;2;2;1;2;2;1;2;1;2;3;2; ;1;2;1;4;1;5;1;1;1;3;1;1;01;76;07;76;672,496455537805
4664977;1;6;1;1;1;1;1;1;3;1; ; ;350000000;1400000; ;1;1;1;1;1;1;1;1;1;1;1;1;1;1;1;2;1;2;2;2;2;1;2;2;2; ;1;2;1;4;1;5;1;1;1;3;1;1;01;76;07;76;808,064183975969
4664978;1;4;1;1;1;1;1;1;3;3; ; ; ; ;500000;2;1;2;2;1;1;1;1;2;2;1;2;1;2;2;2;1;2;2;2;2;1;2;3;2; ;1;1;1;4;1;2;1;1;1;3;1;1;01;76;07;76;1226,6256869392
4664979;1;6;3;1;1;1;1;1;3;1; ; ;350000000;1100000; ;2;1;1;1;1;1;1;1;2;2;1;1;1;1;1;1;2;1;2;1;1;1;3;3;2; ;1;2;1;4;1;5;1;1;1;3;1;1;01;76;07;76;1362,51358432527
4664980;1;6;3;1;1;1;1;1;3;1; ; ;98;1000000; ;1;1;1;1;1;1;1;1;1;1;1;2;1;1;2;1;1;2;2;1;2;1;3;3;2; ;1;2;1;4;1;5;1;1;1;3;1;1;01;76;07;76;701,228450026141
4664981;1;2;1;1;1;1;1;1;1;3; ; ; ; ;300000;2;2;2;2;1;1;1;1;2;2;1;1;2;2;2;2;2;1;1;2;2;1;1;2;2; ;1;2;1;4;1;9;2;1;1;3;1;1;01;76;07;76;1135,62764593935
4664982;1;4;2;1;1;1;1;1;4;4; ; ; ;600000; ;1;1;1;1;1;1;1;2;2;2;1;2;2;1;2;2;1;1;2;1;2;1;2;2;2; ;1;2;1;4;1;3;2;1;1;3;1;1;01;76;07;76;836,796178464305
4664983;1;4;1;1;1;1;1;1;3;1; ; ;98;98; ;2;1;2;1;1;1;1;2;2;2;1;2;1;2;2;2;1;2;2;2;2;1;1;1;2; ;1;1;1;4;1;3;1;1;1;3;1;1;01;76;07;76;915,351723921305
4664984;1;3;1;1;1;1;1;1;4;1; ; ;98;300000; ;1;1;2;1;1;1;1;2;2;2;1;2;2;2;2;2;1;1;2;2;2;1;2;2;2; ;1;1;1;4;1;2;2;1;1;3;1;1;01;76;07;76;808,064183975969
4664985;1;6;2;1;1;1;1;1;3;3; ; ; ; ;1100000;1;1;1;1;1;1;1;1;2;1;1;1;1;1;1;2;1;1;2;1;2;1;2;3;2; ;1;2;1;4;1;5;1;1;1;3;1;1;01;76;07;76;1098,35765509436
4664986;1;7;2;1;1;1;1;1;3;1; ; ;300000000;1000000; ;1;1;1;1;1;1;1;2;1;2;1;2;1;2;1;2;2;2;2;1;2;1;1;2;2; ;1;2;1;4;1;5;1;1;1;3;1;1;01;76;07;76;808,064183975969
4664987;1;2;1;1;1;1;1;1;3;3; ; ; ; ;300000;2;2;2;1;1;1;1;2;2;2;1;1;2;2;2;2;1;1;2;2;2;1;2;2;2; ;1;1;1;4;1;2;1;1;1;3;1;1;01;76;07;76;1135,62764593935
4664988;1;3;2;1;1;1;1;1;3;2; ;400000;100000000;500000; ;1;2;1;2;1;1;1;2;2;2;1;1;1;2;2;2;2;2;2;2;2;1;1;3;2; ;1;1;1;4;1;3;1;1;1;3;1;1;01;76;07;76;984,806402445314
4664989;1;2;1;1;1;1;1;1;3;3; ; ; ; ;380000;2;1;2;2;2;2;1;2;2;2;1;2;2;2;2;2;2;1;2;2;2;1;2;2;2; ;1;2;1;4;1;3;1;1;1;3;1;1;01;76;07;76;1082,23147275109
4664990;1;4;3;1;1;1;1;1;3;4; ; ; ;500000; ;1;1;1;1;1;1;1;1;2;2;1;2;2;2;2;2;1;1;2;2;2;1;1;3;2; ;1;2;1;4;1;3;1;1;1;3;1;1;01;76;07;76;700,776644030633
4664991;1;3;2;1;1;1;1;1;3;4; ; ; ;500000; ;2;1;2;1;1;1;1;2;1;2;1;2;2;1;2;2;2;1;2;2;2;1;2;2;2; ;1;2;1;2;1;3;1;1;1;3;1;1;01;76;07;76;1377,44693043324
4664992;1;3;2;1;1;1;1;6; ;1; ; ;50000000;500000; ;2;1;1;2;1;1;1;2;1;1;1;2;2;1;2;2;1;1;2;1;2;1;1;2;2; ;1;2;1;4;1;3;1;1;1;3;1;1;01;76;07;76;935,093916057472
4664993;1;6;3;1;1;1;1;1;3;1; ; ;98;600000; ;1;1;1;2;1;1;1;1;2;2;1;1;1;1;2;2;2;1;2;2;2;1;3;3;2; ;1;2;1;4;1;3;1;1;1;3;1;1;01;76;07;76;729,508638518969
4664994;1;5;3;1;1;1;1;1;3;1; ; ;200000000;600000; ;1;1;1;1;1;1;1;1;1;1;1;1;2;2;2;2;2;2;2;1;2;1;3;3;2; ;1;2;1;4;1;5;1;1;1;3;1;1;01;76;07;76;672,496455537805
4664995;1;3;1;1;1;1;1;1;4;4; ; ; ;200000; ;2;1;2;2;1;1;1;2;2;2;1;2;2;2;2;2;2;2;2;2;2;1;1;1;2; ;1;1;1;4;1;9;2;1;1;3;1;1;01;76;07;76;972,363906902468
4664996;1;5;2;1;1;1;1;1;3;2; ;1200000;380000000;1800000; ;1;1;1;1;1;1;1;1;2;2;1;1;2;1;2;2;1;1;2;1;2;1;2;4;2; ;1;1;1;4;1;5;1;1;1;3;1;1;01;76;07;76;1242,75186928247
4664997;1;2;2;1;1;1;1;1;3;4; ; ; ;250000; ;1;1;1;1;1;1;1;2;2;2;1;1;2;1;2;2;2;2;1;2;2;1;2;3;2; ;1;2;1;4;1;3;1;1;1;3;1;1;01;76;07;76;1098,35765509436
4664998;1;2;1;1;1;1;1;1;3;1; ; ;98;350000; ;1;1;2;1;1;1;1;2;2;1;1;2;2;2;2;2;2;2;2;2;2;1;1;1;2; ;1;2;1;4;1;2;1;1;1;3;1;1;01;76;07;76;915,351723921305
4664999;1;3;1;1;1;1;1;1;3;1; ; ;98;650000; ;1;1;1;1;1;1;1;1;1;1;1;2;1;1;2;2;1;2;2;2;2;1;1;1;2; ;1;2;1;4;1;3;1;1;1;3;1;1;01;76;07;76;915,351723921305
4665000;1;4;4;1;1;1;1;1;3;1; ; ;80000000;600000; ;1;1;1;1;1;1;1;1;2;1;1;2;2;1;1;2;1;2;2;1;2;1;4;4;2; ;1;2;1;4;1;2;1;1;1;3;1;1;01;76;07;76;925,120381837089
4665001;1;3;2;1;1;1;1;1;3;3; ; ; ; ;380000;1;1;1;1;1;1;1;2;2;2;1;2;1;2;2;2;2;2;2;2;2;1;3;4;2; ;1;2;1;4;1;2;1;1;1;3;1;1;01;76;07;76;1201,46631467046
4665002;1;4;1;1;1;1;1;1;3;1; ; ;90000000;150000; ;2;1;2;1;1;2;1;2;2;2;1;2;2;2;2;2;1;2;2;2;2;1;1;1;2; ;1;2;1;2;1;2;1;1;1;3;1;1;01;76;07;76;943,631912414132
4665003;1;5;1;1;1;1;1;1;3;3; ; ; ; ;1200000;2;1;1;1;1;1;1;1;1;2;1;1;2;2;2;1;1;2;2;1;2;2; ;2;2; ;1;1;1;4;1;5;1;1;1;3;1;1;01;76;07;76;840,412188257205
4665004;1;4;3;1;1;1;1;1;3;4; ; ; ;450000; ;2;1;1;1;1;1;1;1;2;2;1;1;2;1;2;2;1;1;2;2;2;1;4;5;2; ;1;1;1;4;1;3;1;1;1;3;1;1;01;76;07;76;1488,50733251716
4665005;1;2;1;1;1;1;1;1;3;3; ; ; ; ;350000;2;1;1;1;1;1;1;2;2;2;1;2;2;1;2;2;1;1;1;2;2;1;1;1;2; ;1;2;1;4;1;3;1;1;1;3;1;1;01;76;07;76;1214,18319139635
4665006;1;3;2;1;1;1;1;1;3;1; ; ;90000000;150000; ;1;1;2;2;1;1;1;2;2;2;1;2;1;2;2;2;2;2;2;2;2;2; ;2;2; ;1;1;1;4;1;2;1;1;1;3;1;1;01;76;07;76;836,796178464305
4665007;1;5;3;1;1;1;1;1;3;1; ; ;120000000;700000; ;1;1;1;1;1;1;1;1;1;2;1;2;1;1;2;2;2;1;1;1;2;1;2;5;2; ;1;1;1;4;1;3;1;1;1;3;1;1;01;76;07;76;887,313486385374
4665008;1;3;1;1;1;1;1;3;3;1; ; ;40000000;300000; ;2;1;2;2;1;1;1;1;2;2;1;2;2;2;2;2;2;2;2;1;2;1;1;1;2; ;1;1;1;2;1;1;1;1;1;3;1;1;01;76;07;76;943,631912414132
4665009;1;4;2;1;1;1;1;1;3;1; ; ;98;400000; ;1;1;1;1;1;1;1;2;2;2;1;2;1;1;2;2;1;2;2;2;2;1;1;2;2; ;1;2;1;4;1;1;1;1;1;3;1;1;01;76;07;76;779,783995483142
4665010;1;5;2;1;1;1;1;1;3;3; ; ; ; ;890000;2;1;1;1;1;1;1;1;2;2;1;1;2;1;2;2;1;2;2;1;2;1;2;2;2; ;1;1;1;5;1;3;1;1;1;3;1;1;01;76;07;76;1167,43874561387
4665011;1;2;1;1;1;1;1;1;3;4; ; ; ;300000; ;2;2;2;1;1;1;1;1;2;2;1;1;2;2;2;2;2;2;1;2;2;1;2;2;2; ;1;2;1;4;1;1;1;1;1;3;1;1;01;76;07;76;1135,62764593935
4665012;1;4;3;1;1;1;1;1;3;1; ; ;85000000;450000; ;1;1;1;1;1;1;1;2;2;2;1;1;2;1;2;2;2;2;1;2;2;1;2;3;2; ;1;2;1;4;1;1;1;1;1;3;1;1;01;76;07;76;981,190392652413
4665013;1;4;2;1;1;1;1;1;3;4; ; ; ;98; ;1;1;1;1;1;1;1;2;2;2;1;2;2;1;2;2;1;2;1;2;2;1;2;3;2; ;1;2;1;4;1;3;1;1;1;3;1;1;01;76;07;76;1330,70248465075
4665014;1;1;1;1;1;1;1;1;3;3; ; ; ; ;350000;2;1;2;1;1;1;1;2;1;2;1;1;1;2;1;2;2;1;1;2;2;1;1;1;2; ;1;2;1;4;1;3;1;1;1;3;1;1;01;76;07;76;1214,18319139635
4665015;1;3;2;1;1;1;1;3;3;4; ; ; ;250000; ;2;1;2;2;1;1;1;2;2;2;1;2;1;1;2;2;2;2;1;2;2;1;3;5;2; ;1;2;1;2;1;2;1;1;1;3;1;1;01;76;07;76;859,118396503757
4665016;1;3;2;1;1;1;1;1;3;1; ; ;120000000;450000; ;1;1;1;1;1;1;1;1;1;2;1;2;1;2;2;2;1;2;2;2;2;1;1;3;2; ;1;2;1;4;1;3;1;1;1;3;1;1;01;76;07;76;672,496455537805
4665017;1;4;2;1;1;1;1;1;3;1; ; ;98;500000; ;1;2;2;2;1;1;1;2;2;2;1;2;1;2;2;2;2;1;2;2;2;1;1;2;2; ;1;2;1;4;1;1;1;1;1;3;1;1;01;76;07;76;1078,61546295819
4665018;1;4;3;1;1;1;1;1;3;3; ; ; ; ;335000;2;1;2;2;1;1;1;2;2;2;1;2;2;2;2;2;2;1;2;2;2;1;4;8;2; ;1;1;1;4;1;1;1;1;1;3;1;1;01;76;07;76;525,459726179734
4665019;1;4;1;1;1;1;1;6; ;4; ; ; ;400000; ;1;1;2;2;2;2;2;2;2;2;2;2;2;2;2;2;1;2;1;2;2;1;1;1;2; ;1;2;1;2;1;2;1;1;1;3;1;1;01;76;07;76;1214,18319139635
4665020;1;3;1;1;1;1;1;1;3;1; ; ;80000000;500000; ;1;1;1;1;1;1;1;2;1;2;1;1;2;1;2;2;1;2;2;1;2;1;1;1;2; ;1;1;1;2;1;2;1;1;1;3;1;1;01;76;07;76;943,631912414132
4665021;1;5;3;1;1;1;1;1;3;1; ; ;120000000;600000; ;1;1;1;1;1;1;1;1;1;2;1;2;1;1;2;2;1;1;2;1;2;1;2;3;2; ;1;1;1;4;1;3;1;1;1;3;1;1;01;76;07;76;1003,13902268737
4665022;1;2;1;1;1;1;1;1;3;3; ; ; ; ;430000;2;1;1;2;1;1;1;2;2;2;1;1;1;2;2;2;1;2;2;2;2;1;1;1;2; ;1;2;1;4;1;3;1;1;1;5;1;1;01;76;07;76;1214,18319139635
4665023;1;5;2;1;1;1;1;1;3;1; ; ;80000000;600000; ;1;1;2;2;1;1;1;1;2;2;1;2;1;2;2;2;2;2;2;2;2;1;1;2;2; ;1;1;1;4;1;2;1;1;1;3;1;1;01;76;07;76;808,064183975969
4665024;1;4;2;1;1;1;1;1;3;2; ;576000;60000000;450000; ;1;1;1;1;1;1;1;2;1;2;1;1;2;1;2;2;2;1;1;1;2;1;2;3;2; ;1;2;1;4;1;3;1;1;1;3;1;1;01;76;07;76;1280,02186012746
4665025;1;3;1;1;1;1;1;1;3;1; ; ;65000000;380000; ;1;1;1;2;1;1;1;2;2;2;1;2;2;2;2;2;1;1;2;2;2;1;2;2;2; ;1;2;1;4;1;3;1;1;1;3;1;1;01;76;07;76;808,064183975969
4665026;1;4;3;1;1;1;1;1;3;1; ; ;120000000;500000; ;1;2;1;1;1;1;1;2;1;1;1;2;2;1;1;2;2;2;2;2;2;1;2;4;2; ;1;2;1;4;1;3;1;1;1;3;1;1;01;76;07;76;892,772377555853
4665027;1;4;2;1;1;1;1;1;3;1; ; ;70000000;450000; ;1;1;1;1;1;1;1;2;2;2;1;2;2;1;2;2;1;1;2;1;2;1;2;2;2; ;1;2;1;4;1;3;1;1;1;3;1;1;01;76;07;76;1135,62764593935
4665028;1;3;1;1;1;1;1;1;3;1; ; ;60000000;500000; ;1;1;2;1;1;1;1;1;2;2;1;1;1;2;2;2;1;1;2;1;2;1;1;2;2; ;1;2;1;4;1;3;1;1;1;3;1;1;01;76;07;76;865,076366957132
4665029;1;6;2;1;1;1;1;1;3;4; ; ; ;98; ;2;1;1;1;1;1;1;1;1;1;1;1;2;1;2;2;2;2;2;1;2;1;2;2;2; ;1;2;1;4;1;5;1;1;1;3;1;1;01;76;07;76;1082,23147275109
4665030;1;4;1;1;1;1;1;1;3;1; ; ;80000000;500000; ;1;1;1;1;1;1;1;1;2;2;1;1;2;1;2;2;2;2;2;2;2;1;2;2;2; ;1;2;1;4;1;3;1;1;1;3;1;1;01;76;07;76;1135,62764593935
4665207;1;3;2;1;1;1;1;1;3;3; ; ; ; ;400000;1;1;1;1;1;1;1;2;2;2;1;2;1;1;2;2;2;2;2;2;2;1;2;2;1;2;1;2;1;4;1;1;1;1;1;2;1;1;01;05;07;05;1112,29666473892
4665208;1;3;1;1;1;1;1;1;4;3; ; ; ; ;1040000;1;1;1;1;1;1;1;2;1;1;1;2;2;1;2;2;2;2;2;2;2;1;1;1;2; ;1;2;1;4;1;4;2;1;1;2;1;1;01;05;07;05;1163,80124927716
4665209;1;3;1;1;1;1;1;1;3;2; ;636000;130000000;800000; ;1;1;1;1;1;1;1;2;1;1;1;1;1;1;1;2;2;2;1;1;2;1;2;2;2; ;1;2;1;4;1;4;1;1;1;2;1;1;01;05;07;05;1182,51245241093
4665210;1;4;3;1;1;1;1;1;3;4; ; ; ;900000; ;1;1;1;1;1;1;1;1;1;1;1;1;1;1;2;2;2;2;1;2;2;1;3;4;2; ;1;2;1;4;1;4;1;1;1;2;1;1;01;05;07;05;1281,67590523119
4665211;1;4;3;1;1;1;1;1;3;4; ; ; ;450000; ;2;1;1;1;1;1;1;2;2;2;1;2;2;2;2;2;2;2;2;2;2;1;3;4;2; ;1;2;1;4;1;2;1;1;1;2;1;1;01;05;07;05;1219,93485867846
4665212;1;4;2;1;1;1;1;1;3;1; ; ;150000000;900000; ;1;1;1;1;1;1;1;1;1;1;1;1;2;1;2;2;2;2;2;2;1;1;3;3;2; ;1;2;1;4;1;4;1;1;1;2;1;1;01;05;07;05;1142,74572067134
4665213;1;2;1;1;1;1;1;1;3;3; ; ; ; ;350000;1;2;1;1;1;1;1;2;1;1;2;2;2;2;2;2;2;2;2;2;2;1;1;1;2; ;1;2;1;4;1;4;1;1;1;2;1;1;01;05;07;05;1038,67543442832
4665213;2;2;1;1;1;1;1;1;3;3; ; ; ; ;700000;1;1;1;1;1;1;1;2;1;1;1;2;2;2;2;2;2;2;2;2;2;1;2;2;2; ;2;2;1;4;1;4;1;1;1;2;1;1;01;05;07;05;1038,67543442832
4665213;3;1;1;1;2;1;1;1;3;3; ; ; ; ;200000;2;2;1;1;1;1;1;2;1;1;2;2;2;2;2;2;2;2;2;2;2;1;1;1;2; ;3;2;1;4;1;4;1;1;1;2;1;1;01;05;07;05;1038,67543442832
4665213;4;1;1;1;2;1;1;1;3;3; ; ; ; ;650000;2;1;1;1;1;1;1;1;1;1;1;2;2;1;2;2;2;2;2;2;2;1;1;1;2; ;4;2;1;4;1;4;1;1;1;2;1;1;01;05;07;05;1038,67543442832
4665214;1;6;2;1;1;1;1;1;3;4; ; ; ;600000; ;1;1;1;1;1;1;1;1;1;2;1;1;2;1;2;2;1;1;2;1;1;1;1;1;2; ;1;1;1;4;1;3;1;1;1;2;1;1;01;05;07;05;1208,14056640759
4665215;1;5;4;1;1;1;1;1;3;1; ; ;40000000;400000; ;1;1;1;1;1;1;1;2;1;2;1;2;2;1;2;2;2;2;2;2;2;1;4;5;2; ;1;2;1;4;1;2;1;1;1;2;1;1;01;05;07;05;1114,55509872398
4665216;1;3;2;1;1;1;1;1;3;3; ; ; ; ;98;1;1;1;1;1;1;1;2;2;1;1;2;2;1;2;2;2;2;1;2;2;1;3;3;2; ;1;2;1;4;1;3;1;1;1;2;1;1;01;05;07;05;964,648207816394
4665217;1;3;2;1;1;1;1;1;3;3; ; ; ; ;700000;1;1;1;1;1;1;2;1;1;1;1;2;1;1;2;2;1;1;2;1;2;1;2;3;2; ;1;2;1;4;1;4;1;1;1;2;1;1;01;05;07;05;1440,19235647291
4665219;1;3;2;1;1;1;1;1;3;2; ;495000;90000000;450000; ;1;1;1;1;1;1;1;1;1;2;1;2;1;2;2;2;1;2;2;2;2;1;2;2;2; ;1;2;1;4;1;1;1;1;1;2;1;1;01;05;07;05;972,874592390749
4665220;1;5;3;1;1;1;1;1;1;1; ; ;98;400000; ;1;1;2;1;1;1;1;2;2;2;1;2;1;2;2;2;2;2;2;2;2;1;1;3;2; ;1;2;1;4;1;2;1;1;1;2;1;1;01;05;07;05;1262,96470209743
4665222;1;3;2;1;1;1;1;1;3;3; ; ; ; ;280000;2;2;2;1;1;2;1;2;2;2;2;2;2;2;2;2;1;2;2;2;2;1;2;5;2; ;1;2;1;2;1;2;1;1;1;2;1;1;01;05;07;05;1448,46766877512
4665223;1;3;2;1;1;1;1;1;4;3; ; ; ; ;800000;1;1;1;1;1;1;1;2;1;1;1;1;1;1;2;2;2;1;2;1;2;1;2;2;1;1;1;2;1;4;1;4;2;1;1;2;1;1;01;05;07;05;1067,95734760849
4665224;1;4;3;1;1;1;1;1;3;1; ; ;220000000;850000; ;1;1;1;1;1;1;1;1;1;1;1;1;2;1;2;2;2;2;2;1;2;1;4;4;2; ;1;2;1;4;1;4;1;1;1;2;1;1;01;05;07;05;1178,85865322741
4665225;1;4;3;1;1;1;1;1;3;3; ; ; ; ;900000;1;1;1;1;1;1;1;2;1;2;1;2;1;1;2;2;1;2;1;2;2;1;4;4;2; ;1;2;1;4;1;4;1;1;1;2;1;1;01;05;07;05;1281,67590523119
4665226;1;3;2;1;1;1;1;1;4;3; ; ; ; ;250000;2;1;1;2;2;1;1;2;2;2;1;1;1;2;2;2;1;2;2;2;2;1;3;4;2; ;1;2;1;2;1;2;2;1;1;2;1;1;01;05;07;05;990,824649073591
4665227;1;4;1;1;1;1;1;1;3;1; ; ;98;700000; ;1;1;1;1;1;1;2;2;2;1;1;2;1;2;2;2;2;2;2;2;2;1;1;1;1;2;1;2;1;4;1;4;1;1;1;2;1;1;01;05;07;05;1208,14056640759
4665228;1;4;3;1;1;1;1;1;3;3; ; ; ; ;850000;1;1;1;1;1;1;1;2;1;2;1;1;2;1;2;2;1;2;2;2;2;1;4;4;2; ;1;2;1;4;1;3;1;1;1;2;1;1;01;05;07;05;1122,78148329833
4665229;1;3;1;1;1;1;1;1;4;3; ; ; ; ;750000;1;1;1;1;1;1;1;1;2;2;1;2;2;1;2;2;1;2;2;1;2;1;1;1;2; ;1;2;1;4;1;4;2;1;1;2;1;1;01;05;07;05;1163,80124927716
4665230;1;4;2;1;1;1;1;1;3;3; ; ; ; ;900000;1;1;1;1;1;1;1;2;1;1;1;2;2;1;2;2;1;2;1;1;2;1;2;2;2; ;1;2;1;4;1;4;1;1;1;2;1;1;01;05;07;05;1155,57486470281
4665231;1;2;1;1;1;1;1;1;3;4; ; ; ;500000; ;2;2;1;1;1;1;1;2;2;1;2;2;2;1;2;2;1;1;2;1;2;1;1;2;2; ;1;2;1;4;1;4;1;1;1;2;1;1;01;05;07;05;1421,48115333914
4665232;1;4;3;1;1;1;1;1;3;1; ; ;150000000;600000; ;1;1;1;1;1;1;1;1;1;1;1;2;1;2;2;2;2;2;1;2;2;1;4;4;2; ;1;2;1;4;1;3;1;1;1;3;1;1;01;05;07;05;1102,97898893175
4665233;1;5;3;1;1;1;1;1;3;4; ; ; ;450000; ;1;1;2;1;1;1;1;2;2;2;1;2;2;2;2;2;2;2;2;2;2;1;3;5;2; ;1;2;1;4;1;3;1;1;1;3;1;1;01;05;07;05;1317,78883778726
4665234;1;3;2;1;1;1;1;1;3;3; ; ; ; ;960000;1;1;1;1;1;1;1;1;1;1;1;1;1;1;2;2;2;2;2;1;2;1;3;3;2; ;1;2;1;4;1;3;1;1;1;2;1;1;01;05;07;05;933,10786065116
4665235;1;4;2;1;1;1;1;1;3;1; ; ;98;300000; ;1;1;1;1;1;1;1;2;1;1;1;2;1;1;2;2;2;2;2;2;2;1;1;3;2; ;1;2;1;4;1;2;1;1;1;2;1;1;01;05;07;05;1035,92511265494
4665236;1;3;2;1;1;1;1;1;1;1; ; ;70000000;500000; ;1;1;1;1;1;1;1;2;2;2;1;2;1;1;2;2;1;2;2;1;2;1;5;5;2; ;1;2;1;4;1;3;2;1;1;3;1;1;01;05;07;05;1083,01475155874
4665238;1;4;2;1;1;1;1;1;4;3; ; ; ; ;400000;1;1;1;1;1;1;1;2;2;2;1;2;1;1;2;2;2;2;2;2;2;1;1;2;2; ;1;2;1;4;1;3;2;1;1;3;1;1;01;05;07;05;1094,89493531661
4665239;1;5;4;1;1;1;1;1;3;1; ; ;98;500000; ;1;1;1;1;1;1;1;2;1;1;1;2;1;1;2;2;2;2;1;2;2;1;5;5;2; ;1;2;1;4;1;2;1;1;1;1;1;1;01;05;07;05;1139,09192148782
4665240;1;5;3;1;1;1;1;1;3;1; ; ;300000000;1500000; ;1;1;1;1;1;1;1;2;2;1;1;2;1;1;2;1;2;2;2;2;2;1;1;5;2; ;1;1;1;4;1;3;1;1;1;2;1;1;01;05;07;05;897,91371430241
4665241;1;5;3;1;1;1;1;1;3;1; ; ;130000000;700000; ;1;1;1;1;1;1;1;1;1;2;1;2;1;1;2;2;1;2;2;2;2;1;4;5;2; ;1;2;1;4;1;3;1;1;1;2;1;1;01;05;07;05;1005,3337257633
4665242;1;4;3;1;1;1;1;1;3;3; ; ; ; ;675000;2;2;1;2;1;1;2;1;2;2;1;2;1;1;2;2;2;2;2;2;2;1;5;6;2; ;1;2;1;4;1;3;1;1;1;2;1;1;01;05;07;05;892,088094672329
4665243;1;2;2;1;1;1;1;1;1;1; ; ;10000000;200000; ;2;1;2;2;1;1;1;2;2;2;1;2;2;2;2;2;2;2;2;2;2;1;2;4;2; ;1;2;1;4;1;1;2;1;1;2;1;1;01;05;07;05;1245,47737272859
4665244;1;5;4;1;1;1;1;1;3;1; ; ;120000000;1000000; ;1;1;1;1;1;1;1;2;2;1;1;2;2;1;2;2;2;1;1;1;2;1;5;6;2; ;1;1;1;4;1;3;1;1;1;2;1;1;01;05;07;05;1092,19009640669
4665245;1;5;1;1;2;1;1;1;3;1; ; ;40000000;350000; ;1;1;1;1;1;1;1;2;2;2;1;1;2;1;2;2;2;1;2;2;2;1;3;4;2; ;1;1;1;2;1;2;1;1;1;2;1;1;01;05;07;05;1498,71921907412
4665245;2;1;1;1;2;1;1;1;3;4; ; ; ;300000; ;1;1;1;1;1;1;1;1;2;2;1;1;2;1;2;2;1;2;1;2;2;1;2;2;2; ;2;1;1;2;1;2;1;1;1;2;1;1;01;05;07;05;1498,71921907412
4665246;1;4;3;1;1;1;1;1;3;3; ; ; ; ;400000;2;1;2;2;1;1;1;2;2;2;1;1;1;2;2;2;2;1;1;2;2;1;1;4;2; ;1;2;1;4;1;2;1;1;1;3;1;1;01;05;07;05;1599,00117845924
4665248;1;1;1;1;1;1;1;1;4;3; ; ; ; ;260000;2;1;2;2;1;1;1;2;2;2;1;2;1;2;2;2;2;2;2;2;2;1;3;5;2; ;1;2;1;2;1;2;2;1;1;3;1;1;01;05;07;05;1559,23444671965
4665249;1;5;3;1;1;1;1;1;3;3; ; ; ; ;3900000;2;2;2;1;1;1;1;2;2;2;1;1;2;2;2;2;2;2;2;2;2;1;3;3;2; ;1;2;1;4;1;2;1;1;1;2;1;1;01;05;07;05;1018,52338323263
4665250;1;3;2;1;1;1;1;1;3;1; ; ;140000000;450000; ;1;1;1;1;1;1;1;2;2;2;1;1;1;1;2;2;2;1;2;2;2;1;5;6;2; ;1;2;1;4;1;2;1;1;1;3;1;1;01;05;07;05;987,170849890074
4665251;1;4;3;1;1;1;1;1;3;1; ; ;100000000;300000; ;1;1;2;1;1;1;1;2;2;2;1;2;2;2;2;2;2;1;2;2;2;1;4;7;2; ;1;1;1;4;1;2;1;1;1;2;1;1;01;05;07;05;1077,83450436678
4665252;1;3;2;1;1;1;1;1;3;3; ; ; ; ;550000;1;1;1;1;1;1;1;2;2;2;1;2;1;1;2;2;2;1;2;1;2;1;3;3;2; ;1;2;1;4;1;2;1;1;1;2;1;1;01;05;07;05;1086,66855074226
4665253;1;5;3;1;1;1;1;1;3;1; ; ;98;700000; ;1;1;1;1;1;1;1;2;1;2;1;2;1;1;2;2;1;2;2;2;2;1;4;4;2; ;1;2;1;4;1;2;1;1;1;2;1;1;01;05;07;05;990,824649073591
4665254;1;3;1;1;1;1;1;1;3;1; ; ;98;600000; ;1;1;1;1;1;1;1;1;1;1;1;1;1;2;2;2;2;2;2;2;2;1;1;2;2; ;1;2;1;4;1;2;1;1;1;2;1;1;01;05;07;05;1168,373834668
4665255;1;1;1;1;2;1;1;1;3;4; ; ; ;200000; ;2;1;1;1;1;1;1;2;1;2;1;2;1;1;2;2;1;2;2;2;2;1;3;7;2; ;1;1;1;2;1;2;1;1;1;3;1;1;01;05;07;05;1293,62478397047
4665255;2;1;1;1;2;1;1;1;3;4; ; ; ;200000; ;2;1;1;1;1;1;1;1;1;2;1;2;1;1;2;2;2;2;1;2;2;1;3;3;2; ;2;1;1;2;1;2;1;1;1;3;1;1;01;05;07;05;1293,62478397047
4665255;3;1;1;1;2;1;1;1;3;4; ; ; ;200000; ;2;1;1;1;1;1;1;2;1;2;1;1;1;1;2;2;1;1;1;2;2;1;1;1;2; ;3;1;1;2;1;2;1;1;1;3;1;1;01;05;07;05;1293,62478397047
4665256;1;3;2;1;1;1;1;1;3;3; ; ; ; ;350000;1;1;1;1;1;1;1;1;1;1;2;1;1;1;2;2;2;2;2;2;2;1;3;4;2; ;1;2;1;4;1;1;1;1;1;2;1;1;01;05;07;05;1035,83951270841
4665257;1;3;2;1;1;1;1;1;4;3; ; ; ; ;350000;1;2;1;2;1;1;1;2;2;2;1;2;2;1;2;2;2;2;2;2;2;2; ;5;2; ;1;2;1;2;1;1;2;1;1;2;1;1;01;05;07;05;1186,50755006692
4665258;1;3;1;1;1;1;1;1;4;1; ; ;98;350000; ;1;1;1;1;1;1;1;2;2;2;1;2;1;2;2;2;2;2;2;2;2;1;1;2;2; ;1;2;1;4;1;1;2;1;1;2;1;1;01;05;07;05;972,874592390749
4665259;1;4;3;1;1;1;1;1;3;3; ; ; ; ;400000;2;1;1;1;1;1;1;1;2;2;1;2;2;1;2;2;2;2;2;2;2;1;2;6;2; ;1;2;1;2;1;2;1;1;1;3;1;1;01;05;07;05;906,226712415256
4665260;1;4;3;1;1;1;1;1;1;1; ; ;98;400000; ;1;2;2;2;1;1;1;2;2;2;1;2;1;2;2;2;2;1;2;2;2;1;1;6;2; ;1;2;1;4;1;1;2;1;1;2;1;1;01;05;07;05;1094,45197525615
4665261;1;5;2;1;1;1;1;1;3;3; ; ; ; ;450000;1;1;1;1;1;1;1;2;1;1;1;2;2;1;2;2;2;2;1;2;2;1;3;3;2; ;1;2;1;4;1;2;1;1;1;3;1;1;01;05;07;05;1028,19061586891
4665262;1;3;2;1;1;1;1;3;4;3; ; ; ; ;250000;2;2;2;1;1;1;1;2;2;1;1;2;1;1;2;2;2;2;1;2;2;1;3;3;2; ;1;2;1;2;1;1;2;1;1;2;1;1;01;05;07;05;1325,63725167047
4665263;1;4;2;1;1;1;1;1;3;4; ; ; ;600000; ;1;1;1;1;1;1;1;1;1;2;1;1;1;2;2;2;1;2;2;2;2;1;2;2;2; ;1;2;1;4;1;2;1;1;1;3;1;1;01;05;07;05;1168,373834668
4665264;1;4;2;1;1;1;1;1;4;3; ; ; ; ;300000;2;1;2;1;1;1;1;2;1;2;1;1;2;2;2;2;2;2;2;2;2;1;2;4;2; ;1;2;1;4;1;1;2;1;1;2;1;1;01;05;07;05;1150,39461751085
4665265;1;4;2;1;1;1;1;1;3;3; ; ; ; ;550000;1;1;1;1;1;1;1;1;1;2;1;1;1;1;2;2;2;1;1;2;2;1;3;3;2; ;1;2;1;4;1;2;1;1;1;3;1;1;01;05;07;05;1035,92511265494
4665266;1;5;4;1;1;1;1;1;4;1; ; ;98;400000; ;2;2;1;1;2;1;2;2;2;2;1;2;2;2;2;2;2;2;2;2;2;1;3;11;2; ;1;2;1;2;1;1;2;1;1;2;1;1;01;05;07;05;1437,31947099386
4665267;1;3;2;1;1;1;1;1;3;3; ; ; ; ;450000;1;1;1;1;1;1;1;2;1;2;1;1;2;1;2;2;2;2;1;2;2;1;2;4;2; ;1;2;1;4;1;2;1;1;1;3;1;1;01;05;07;05;1064,30354842498
4665268;1;4;3;1;1;1;1;1;4;3; ; ; ; ;300000;1;1;1;2;1;2;1;2;2;2;1;2;1;1;2;2;2;2;2;2;2;1;2;3;2; ;1;2;1;4;1;2;2;1;1;2;1;1;01;05;07;05;1053,32684207725
4665269;1;2;1;1;1;1;1;1;4;1; ; ;25000000;300000; ;1;2;1;1;1;1;1;2;2;2;1;2;2;2;2;2;2;2;2;2;2;1;3;4;2; ;1;2;1;2;1;1;2;1;1;2;1;1;01;05;07;05;1080,17882983884
4665270;1;5;3;1;1;1;1;1;3;1; ; ;100000000;500000; ;1;1;2;1;1;1;1;2;2;2;1;2;2;2;2;2;2;2;2;1;2;1;2;3;2; ;1;2;1;4;1;2;1;1;1;2;1;1;01;05;07;05;1187,08503780176
4665271;1;4;3;1;1;1;1;1;3;1; ; ;98;500000; ;1;1;1;1;1;1;1;2;2;2;1;2;1;1;2;2;2;2;2;2;2;1;3;4;2; ;1;2;1;4;1;2;1;1;1;2;1;1;01;05;07;05;1235,12708184357
4665272;1;4;3;1;1;1;1;1;3;1; ; ;80000000;400000; ;1;1;2;1;1;1;1;2;1;2;1;2;1;1;2;2;2;2;2;2;2;1;4;5;2; ;1;2;1;4;1;2;1;1;1;3;1;1;01;05;07;05;1241,03931501214
4665273;1;4;3;1;1;1;1;1;3;4; ; ; ;500000; ;2;2;2;1;1;1;1;2;1;2;1;2;2;1;2;2;2;1;1;2;2;1;2;4;2; ;1;2;1;2;1;2;1;1;1;2;1;1;01;05;07;05;1344,34845480424
4665274;1;4;3;1;1;1;1;1;4;1; ; ;50000000;350000; ;2;1;1;1;1;1;1;1;1;2;1;1;1;1;2;2;2;1;1;2;2;1;3;3;1;1;1;2;1;4;1;1;2;1;1;2;1;1;01;05;07;05;1226,76616959483
4665275;1;4;2;1;1;1;1;1;3;3; ; ; ; ;450000;2;1;2;1;1;1;1;2;2;1;1;1;2;2;2;2;2;2;2;2;2;1;2;4;2; ;1;2;1;4;1;2;1;1;1;2;1;1;01;05;07;05;1484,44607365681
4665276;1;3;2;1;1;1;1;1;3;1; ; ;500000000;600000; ;1;1;2;1;1;1;1;2;2;2;1;2;2;2;2;2;2;2;2;2;2;1;1;2;2; ;1;2;1;4;1;2;1;1;1;3;1;1;01;05;07;05;1226,85176954135
4665277;1;4;2;1;1;1;1;1;3;3; ; ; ; ;650000;1;1;1;1;1;1;1;1;1;1;1;1;1;2;2;2;1;2;1;2;2;1;2;3;2; ;1;2;1;4;1;2;1;1;1;3;1;1;01;05;07;05;1341,32127439726
4665278;1;5;3;1;1;1;1;1;3;3; ; ; ; ;550000;1;1;1;1;1;1;1;2;2;2;1;2;1;2;2;2;2;2;2;2;2;1;2;4;2; ;1;2;1;4;1;2;1;1;1;3;1;1;01;05;07;05;924,881476076805
4665279;1;1;1;1;1;1;1;2;1;3; ; ; ; ;180000;2;1;2;2;1;1;1;2;2;2;1;1;1;1;2;2;2;1;2;2;2;1;2;3;2; ;1;2;1;2;1;2;2;1;1;2;1;1;01;05;07;05;1341,32127439726
4665280;1;2;1;1;1;1;1;1;4;4; ; ; ;100000; ;1;2;2;1;1;1;1;2;2;2;1;2;2;2;2;2;2;2;2;2;2;1;2;3;2; ;1;1;1;2;1;1;2;1;1;2;1;2;01;05;07;05;1035,92511265494
4665281;1;4;2;3;1;1;1;1;4;1; ; ;30000000;350000; ;1;2;1;1;1;1;2;1;1;1;1;2;1;2;2;2;2;2;1;2;2;1;3;3;2; ;1;2;1;4;1;1;2;2;1;2;1;1;01;05;07;05;1086,66855074226
4665282;1;4;2;1;1;1;1;1;3;4; ; ; ;400000; ;1;1;1;1;1;1;1;1;1;2;1;1;2;2;2;2;2;1;1;2;2;1;2;3;2; ;1;2;1;4;1;2;1;1;1;2;1;1;01;05;07;05;1086,66855074226
4665283;1;5;4;1;1;1;1;1;3;3; ; ; ; ;410000;1;1;1;1;1;1;1;2;2;2;1;2;2;1;2;2;2;2;2;2;2;1;5;10;2; ;1;2;1;4;1;2;1;1;1;3;1;1;01;05;07;05;1109,42377925987
4665284;1;4;1;1;1;1;1;1;3;1; ; ;80000000;500000; ;1;1;2;1;1;1;1;2;2;2;1;2;1;2;2;2;2;2;2;2;2;1;1;1;2; ;1;2;1;4;1;2;1;1;1;2;1;1;01;05;07;05;1208,14056640759
4665285;1;4;3;3;1;1;1;1;4;1; ; ;60000000;380000; ;2;2;2;1;2;1;1;2;2;2;1;2;2;2;2;2;2;2;2;2;2;1;3;5;2; ;1;1;1;2;1;1;1;2;1;2;1;1;01;05;07;05;914,453096989611
4665286;1;3;2;1;1;1;1;1;1;3; ; ; ; ;300000;2;2;2;1;1;1;1;2;2;2;1;2;1;2;2;2;2;2;2;2;2;1;1;3;2; ;1;2;1;2;1;2;2;1;1;2;1;1;01;05;07;05;1341,32127439726
4665287;1;5;3;1;1;1;1;1;3;1; ; ;120000000;500000; ;1;1;1;1;1;1;1;1;2;1;1;1;2;1;2;2;2;1;1;2;2;1;4;4;2; ;1;2;1;4;1;2;1;1;1;2;1;1;01;05;07;05;1245,47737272859
4665288;1;5;2;1;1;1;1;1;3;1; ; ;50000000;500000; ;1;1;2;1;1;1;1;1;2;1;1;2;2;2;2;2;2;1;2;2;2;1;3;3;2; ;1;2;1;4;1;2;1;1;1;3;1;1;01;05;07;05;1128,60710292841
4665289;1;6;2;1;1;1;1;1;3;1; ; ;180000000;400000; ;1;1;2;1;1;1;1;1;1;1;1;2;1;2;2;2;2;2;2;2;2;1;1;3;2; ;1;2;1;4;1;2;1;1;1;3;1;1;01;05;07;05;1108,6428655554
4665289;2;3;1;1;1;1;1;1;1;3; ; ; ; ;150000;1;1;1;1;1;2;1;1;1;1;1;1;2;1;2;2;2;2;2;2;2;1;1;1;1;3;2;2;1;4;1;2;1;1;1;3;1;1;01;05;07;05;1108,6428655554
4665290;1;3;2;1;1;1;1;1;3;1; ; ;80000000;450000; ;1;1;1;1;1;1;1;2;2;1;1;1;2;2;2;2;2;2;2;2;2;1;2;3;2; ;1;2;1;4;1;2;1;1;1;2;1;1;01;05;07;05;1142,74572067134
4665291;1;5;4;1;1;1;1;1;3;4; ; ; ;300000; ;1;1;1;1;1;1;1;1;1;1;1;2;2;1;2;2;2;2;2;2;2;1;2;4;2; ;1;2;1;4;1;2;1;1;1;2;1;1;01;05;07;05;1493,70701845129
4665292;1;2;2;3;1;1;1;1;4;1; ; ;70000000;300000; ;2;2;2;1;1;1;1;2;2;2;1;1;1;2;2;2;2;2;2;2;2;1;3;5;2; ;1;2;1;2;1;1;2;2;1;2;1;1;01;05;07;05;894,980747404923
4665293;1;5;3;1;1;1;1;1;3;3; ; ; ; ;600000;1;1;1;1;1;1;1;2;1;2;1;1;1;1;2;2;2;1;2;2;2;1;3;3;2; ;1;2;1;4;1;2;1;1;1;3;1;1;01;05;07;05;1104,07028016457
4665294;1;4;2;1;1;1;1;3;4;3; ; ; ; ;450000;1;1;1;1;1;1;2;2;2;1;1;2;2;2;2;2;1;2;2;1;2;1;2;3;2; ;1;2;1;4;1;2;2;1;1;3;1;1;01;05;07;05;991,585795524514
4665295;1;5;3;1;1;1;1;1;4;3; ; ; ; ;400000;1;1;1;1;1;1;1;2;2;2;1;2;1;1;2;2;2;2;1;2;2;1;4;4;2; ;1;2;1;4;1;2;2;1;1;2;1;1;01;05;07;05;895,741893855846
4665296;1;4;3;1;1;1;1;1;3;1; ; ;120000000;700000; ;1;1;1;1;1;1;1;1;1;1;1;2;2;2;2;2;1;2;2;2;2;1;3;3;2; ;1;2;1;4;1;2;1;1;1;3;1;1;01;05;07;05;1280,36643151973
4665297;1;4;3;1;1;1;1;1;4;3; ; ; ; ;350000;1;1;2;1;1;1;2;1;2;1;1;2;1;2;2;2;2;1;1;2;2;1;3;4;2; ;1;2;1;4;1;2;2;1;1;2;1;1;01;05;07;05;1249,26569958649
4665298;1;4;3;1;1;1;1;1;3;1; ; ;98;98; ;1;1;1;1;1;1;1;1;1;1;1;2;1;1;2;2;1;1;2;2;2;1;4;4;2; ;1;2;1;4;1;3;1;1;1;2;1;1;01;05;07;05;895,741893855846
4665299;1;1;1;1;1;1;1;1;3;3; ; ; ; ;250000;2;1;1;2;1;2;1;2;2;2;1;2;1;2;2;2;1;2;2;2;2;1;2;2;2; ;1;2;1;2;1;3;1;1;1;2;1;1;01;05;07;05;1124,03451753757
4665300;1;4;3;3;1;1;1;1;4;3; ; ; ; ;400000;1;2;1;1;1;1;1;2;2;2;1;2;1;2;2;2;2;2;2;2;2;1;4;6;2; ;1;2;1;4;1;1;2;2;1;2;1;1;01;05;07;05;1141,40708648557
4665301;1;2;2;1;1;1;1;1;3;1; ; ;80000000;400000; ;1;1;1;1;1;1;1;2;2;1;1;1;2;1;2;2;2;2;2;2;2;1;3;3;2; ;1;2;1;4;1;3;1;1;1;2;1;1;01;05;07;05;1187,08503780176
4665302;1;5;4;1;1;1;1;1;1;1; ; ;90000000;500000; ;1;1;2;1;1;1;2;1;1;2;1;2;1;2;2;2;2;1;2;2;2;1;4;6;2; ;1;2;1;4;1;2;2;1;1;2;1;1;01;05;07;05;991,905178287339
4665303;1;4;2;1;1;1;1;1;3;1; ; ;100000000;700000; ;1;1;1;1;1;1;1;2;1;2;1;2;1;1;2;2;1;2;1;1;2;1;3;3;2; ;1;2;1;4;1;3;1;1;1;2;1;1;01;05;07;05;1201,22365554469
4665304;1;1;1;1;2;1;1;1;1;4; ; ; ;250000; ;1;1;1;1;1;1;1;1;1;2;1;1;1;2;2;2;2;2;2;2;2;1;1;1;2; ;1;2;1;4;1;2;2;1;1;2;1;1;01;05;07;05;1132,26090211193
4665305;1;4;3;1;1;1;1;1;3;2; ;700000;130000000;700000; ;1;1;1;1;1;1;1;1;1;2;1;1;1;1;2;2;2;2;2;2;2;1;4;4;2; ;1;2;1;2;1;3;1;1;1;3;1;1;01;05;07;05;895,741893855846
4665306;1;4;3;1;1;1;1;1;3;3; ; ; ; ;600000;2;2;1;1;1;1;1;2;2;2;1;2;2;2;2;2;1;2;2;2;2;1;4;5;2; ;1;2;1;4;1;3;1;1;1;2;1;1;01;05;07;05;1237,25098815424
4665307;1;3;2;1;1;1;1;1;3;3; ; ; ; ;435000;2;2;2;1;1;1;1;1;2;2;1;2;2;2;2;2;2;2;1;2;2;1;3;4;2; ;1;2;1;4;1;3;1;1;1;2;1;1;01;05;07;05;1150,39461751085
4665308;1;5;4;1;1;1;1;1;1;1; ; ;130000000;1000000; ;2;2;2;1;1;1;1;2;2;1;1;2;1;2;2;2;2;1;2;2;2;1;3;4;2; ;1;2;1;4;1;3;2;1;1;3;1;1;01;05;07;05;1301,55454265767
4665309;1;4;3;1;1;1;1;1;3;3; ; ; ; ;730000;1;1;1;1;1;1;1;2;2;2;1;1;2;1;2;2;1;2;2;1;2;1;5;7;2; ;1;2;1;4;1;3;1;1;1;3;1;1;01;05;07;05;1404,42072238931
4665310;1;5;4;1;1;1;1;1;3;1; ; ;150000000;600000; ;1;1;1;1;1;1;1;1;1;2;1;2;1;1;2;2;1;2;2;2;2;1;3;4;2; ;1;2;1;4;1;3;1;1;1;2;1;1;01;05;07;05;996,158380915352
4665311;1;4;3;1;1;1;1;1;3;3; ; ; ; ;700000;2;1;1;1;1;1;1;2;2;2;1;2;1;1;2;2;2;2;2;2;2;1;3;3;2; ;1;2;1;4;1;3;1;1;1;3;1;1;01;05;07;05;1113,60613845038
4665312;1;4;2;1;1;1;1;1;4;1; ; ;50000000;400000; ;1;1;1;1;1;1;1;2;1;2;1;1;2;1;2;2;2;1;2;2;2;1;2;3;2; ;1;2;1;4;1;2;2;1;1;2;1;1;01;05;07;05;1484,53167360333
4665313;1;4;3;1;1;1;1;1;3;1; ; ;120000000;500000; ;1;1;1;1;1;1;1;1;1;1;1;2;1;1;2;2;1;1;1;1;2;1;4;4;2; ;1;2;1;4;1;3;1;1;1;2;1;1;01;05;07;05;1010,29699865828
4665314;1;4;1;1;1;1;1;3;3;3; ; ; ; ;700000;1;1;1;1;1;1;1;2;1;1;1;1;2;1;2;2;1;2;1;1;2;1;2;2;2; ;1;2;1;4;1;3;1;1;1;3;1;1;01;05;07;05;1182,51245241093
4665315;1;5;3;1;1;1;1;1;3;3; ; ; ; ;600000;1;1;1;1;1;1;1;1;1;1;1;1;2;1;2;2;2;1;1;2;2;1;2;4;2; ;1;2;1;4;1;2;1;1;1;3;1;1;01;05;07;05;895,741893855846
4665316;1;4;3;1;1;1;1;1;3;3; ; ; ; ;780000;1;1;1;1;1;1;1;2;2;2;1;2;1;1;2;2;1;2;2;2;2;1;5;5;2; ;1;2;1;4;1;3;1;1;1;3;1;1;01;05;07;05;1009,53585220736
4665318;1;4;3;1;1;1;1;1;3;1; ; ;40000000;350000; ;1;1;1;1;1;1;1;2;1;2;1;2;1;1;2;2;2;2;1;2;2;1;4;4;2; ;1;2;1;4;1;1;1;1;1;2;1;1;01;05;07;05;895,741893855846
4665319;1;4;3;1;1;1;1;1;4;1; ; ;25000000;300000; ;1;1;1;1;1;1;1;1;1;2;1;1;1;1;2;2;2;2;1;2;2;1;3;3;2; ;1;2;1;4;1;1;1;1;1;2;1;1;01;05;07;05;921,370007852507
4665320;1;3;2;1;1;1;1;1;3;1; ; ;50000000;400000; ;1;1;1;1;1;1;1;1;1;2;1;2;1;2;2;2;2;1;1;2;2;1;2;3;2; ;1;2;1;4;1;2;1;1;1;3;1;1;01;05;07;05;991,585795524514
4665321;1;2;1;1;1;1;1;1;3;3; ; ; ; ;1200000;1;1;1;1;1;1;1;2;1;1;1;1;1;1;2;2;2;2;1;1;2;1;2;2;2; ;1;2;1;4;1;5;1;1;1;3;1;1;01;05;07;05;1182,51245241093
4665322;1;4;3;1;1;1;1;1;3;3; ; ; ; ;670000;1;1;1;1;1;1;1;1;2;2;1;2;1;2;2;2;2;2;2;2;2;1;5;5;2; ;1;2;1;4;1;3;1;1;1;2;1;1;01;05;07;05;1229,11020352641
4665323;1;4;2;1;1;1;1;1;3;3; ; ; ; ;780000;1;1;1;1;1;1;1;2;1;1;1;2;2;1;2;2;2;2;1;2;2;1;3;3;2; ;1;2;1;4;1;3;1;1;1;3;1;1;01;05;07;05;877,030690722081
4665324;1;4;1;1;1;1;1;3;4;1; ; ;70000000;480000; ;1;1;1;1;1;1;1;1;1;1;1;2;1;1;2;2;2;2;2;2;2;1;1;2;2; ;1;2;1;4;1;3;2;1;1;3;1;1;01;05;07;05;1421,48115333914
4665325;1;4;3;1;1;1;1;1;3;1; ; ;98;98; ;1;1;1;1;1;1;1;2;1;1;1;1;1;1;2;2;2;2;1;2;2;1;5;4;2; ;1;2;1;2;1;3;1;1;1;3;1;1;01;05;07;05;1064,30354842498
4665326;1;5;3;1;1;1;1;1;3;3; ; ; ; ;500000;1;1;1;1;1;1;1;2;2;2;1;1;1;2;2;2;2;2;2;2;2;1;4;4;2; ;1;2;1;4;1;2;1;1;1;3;1;1;01;05;07;05;924,881476076805
4665327;1;1;1;1;1;1;1;1;3;1; ; ;98;800000; ;1;1;1;1;1;1;1;2;1;1;1;2;2;2;2;2;2;2;2;2;2;1;1;1;2; ;1;2;1;4;1;4;1;1;1;2;1;1;01;05;07;05;1163,80124927716
4665328;1;4;1;1;1;1;1;1;1;3; ; ; ; ;600000;2;1;2;1;1;1;1;2;2;2;1;2;1;2;2;2;2;2;2;2;2;1;1;1;2; ;1;2;1;4;1;3;2;1;1;3;1;1;01;05;07;05;1190,73883698528
4665329;1;2;2;1;1;1;1;1;4;3; ; ; ; ;450000;2;2;2;2;2;1;1;2;2;2;2;2;2;2;2;2;1;2;2;2;2;1;2;2;2; ;1;2;1;4;1;3;2;1;1;3;1;1;01;05;07;05;1094,89493531661
4665330;1;4;1;1;1;1;1;1;3;4; ; ; ;1200000; ;1;1;2;1;1;1;1;2;1;1;1;2;2;2;2;2;2;2;2;2;2;2; ;1;2; ;1;2;1;4;1;3;1;1;1;3;1;1;01;05;07;05;1208,14056640759
4665331;1;3;1;1;1;1;1;1;3;3; ; ; ; ;580000;2;1;2;1;1;1;1;2;2;2;1;2;1;1;2;2;2;2;1;2;2;1;2;2;2; ;1;2;1;4;1;3;1;1;1;2;1;1;01;05;07;05;885,257075296436
4665335;1;2;2;1;1;1;1;1;4;3; ; ; ; ;550000;2;1;2;2;1;1;1;2;2;2;1;2;2;2;2;2;2;2;2;2;2;1;2;3;2; ;1;2;1;4;1;1;2;1;1;2;1;1;01;05;07;05;1142,93697935842
4665347;1;1;1;1;1;1;1;1;3;1; ; ;45000000;250000; ;2;1;2;2;1;1;1;2;2;2;1;2;2;2;2;2;2;2;2;1;2;1;1;1;2; ;1;2;1;4;1;2;1;1;1;2;1;1;01;05;07;05;1132,26090211193
4665348;1;2;1;1;1;1;1;1;3;3; ; ; ; ;200000;2;1;2;1;1;1;1;2;2;2;1;2;2;2;2;2;2;2;2;2;2;1;1;1;2; ;1;2;1;4;1;1;1;1;1;2;1;1;01;05;07;05;1190,73883698528
4665350;1;3;2;1;1;1;1;1;3;3; ; ; ; ;700000;1;1;1;1;1;1;1;2;2;1;1;1;2;1;2;2;1;2;2;1;2;1;2;2;2; ;1;2;1;4;1;4;1;1;1;2;1;1;01;05;07;05;1209,45004011905
4665361;1;5;4;1;1;1;1;1;3;1; ; ;250000000;1000000; ;1;1;1;1;1;1;1;2;2;2;2;2;1;2;2;1;1;2;1;1;2;1;4;7;2; ;1;1;1;4;1;3;1;1;1;3;1;1;01;08;07;08;619,55937275411
4665362;1;2;1;1;1;1;1;1;3;3; ; ; ; ;400000;2;1;1;2;1;2;1;2;2;2;1;2;2;2;2;2;1;2;2;2;2;1;1;1;2; ;1;2;1;4;1;3;1;1;1;3;1;1;01;08;07;08;597,523116278102
4665363;1;4;2;1;1;1;1;1;3;4; ; ; ;500000; ;1;1;1;1;1;1;1;2;2;2;1;1;1;1;2;2;1;2;1;2;2;1;3;3;2; ;1;2;1;4;1;3;1;1;1;3;1;1;01;08;07;08;523,998125022235
4665364;1;6;5;1;1;1;1;1;3;1; ; ;350000000;1000000; ;1;1;1;1;1;1;1;2;2;2;1;1;1;1;2;1;1;2;2;2;2;1;3;8;2; ;1;2;1;4;1;3;1;1;1;3;1;1;01;08;07;08;375,104448234697
4665365;1;5;3;1;1;1;1;1;3;1; ; ;450000000;2000000; ;2;1;1;1;1;1;1;1;1;1;1;1;1;1;1;1;1;1;2;1;1;1;2;4;2; ;1;2;1;4;1;6;1;1;1;3;1;1;01;08;07;08;561,181311806172
4665366;1;4;3;1;1;1;1;1;3;1; ; ;270000000;1500000; ;1;1;1;1;1;1;1;1;1;2;1;2;1;1;2;1;1;1;2;1;2;1;3;5;2; ;1;1;1;4;1;3;1;1;1;3;1;1;01;08;07;08;565,320793953923
4665367;1;4;3;1;1;1;1;3;3;4; ; ; ;1300000; ;1;2;1;1;1;1;1;2;2;2;1;2;2;2;2;2;1;2;2;2;2;1;4;5;2; ;1;2;1;4;1;3;1;1;1;3;1;1;01;08;07;08;517,000398745728
4665368;1;5;2;1;1;1;1;1;3;4; ; ; ;1000000; ;1;1;1;1;1;1;1;1;2;2;1;1;2;1;2;2;1;1;2;2;2;1;2;2;2; ;1;2;1;4;1;3;1;1;1;3;1;1;01;08;07;08;526,316047253461
4665369;1;4;2;1;1;1;1;1;3;1; ; ;200000000;1200000; ;1;1;1;1;1;1;1;2;2;2;1;2;2;2;2;2;1;2;2;2;2;1;1;3;2; ;1;2;1;4;1;3;1;1;1;3;1;1;01;08;07;08;587,959421904052
4665370;1;3;1;1;1;1;1;1;3;3; ; ; ; ;2000000;1;1;1;1;1;1;1;1;1;2;1;2;1;1;1;1;1;1;1;1;2;1;2;2;2; ;1;2;1;4;1;6;1;1;1;3;1;1;01;08;07;08;543,703803230037
4665371;1;3;2;1;1;1;1;1;3;3; ; ; ; ;400000;2;2;2;1;1;1;1;2;2;2;1;2;2;2;2;2;1;2;2;2;2;1;2;2;2; ;1;2;1;4;1;3;1;1;1;3;1;1;01;08;07;08;526,316047253461
4665372;1;5;2;1;1;1;1;1;3;4; ; ; ;99; ;1;1;1;1;1;1;1;2;1;1;1;2;1;1;2;1;1;2;2;1;2;1;2;3;2; ;1;2;1;4;1;6;1;1;1;3;1;1;01;08;07;08;659,414536795011
4665373;1;4;4;1;1;1;1;1;3;1; ; ;300000000;1000000; ;1;1;1;1;1;1;1;1;2;2;1;2;1;1;2;1;1;2;2;1;2;1;4;4;2; ;1;1;1;4;1;3;1;1;1;3;1;1;01;08;07;08;418,67742115733
4665374;1;4;3;1;1;1;1;1;3;3; ; ; ; ;730000;1;1;1;1;1;1;1;1;2;2;1;1;1;1;2;1;1;2;2;1;2;1;3;4;2; ;1;2;1;4;1;3;1;1;1;3;1;1;01;08;07;08;498,623244470039
4665375;1;5;2;1;1;1;1;1;3;1; ; ;150000000;1000000; ;2;1;1;1;1;1;1;1;2;2;1;1;2;1;2;1;1;2;2;2;2;1;2;2;1;3;1;1;1;4;1;3;1;1;1;3;1;1;01;08;07;08;621,917375931914
4665376;1;4;1;1;1;1;1;3;3;3; ; ; ; ;550000;2;1;2;2;1;1;1;2;2;2;1;1;1;1;2;2;1;2;2;2;2;1;2;2;2; ;1;2;1;4;1;3;1;1;1;3;1;1;01;08;07;08;557,248686485081
4665378;1;3;2;1;1;1;1;1;3;3; ; ; ; ;500000;2;2;2;1;1;1;1;2;2;2;1;1;2;2;2;2;1;1;2;2;2;1;1;1;2; ;1;2;1;4;1;3;1;1;1;3;1;1;01;08;07;08;519,309543576225
4665379;1;4;3;1;1;1;1;1;3;4; ; ; ;500000; ;1;1;1;1;1;1;1;2;1;2;1;2;1;2;2;1;1;2;1;2;2;1;3;5;2; ;1;1;1;4;1;2;1;1;1;3;1;1;01;08;07;08;691,854761863996
4665380;1;5;3;1;1;1;1;1;3;1; ; ;100000000;600000; ;2;1;2;1;1;1;1;2;2;2;1;2;1;2;2;2;1;2;2;2;2;1;3;7;2; ;1;1;1;4;1;2;1;1;1;3;1;1;01;08;07;08;429,460574555851
4665381;1;4;3;1;1;1;1;1;3;3; ; ; ; ;600000;1;1;1;1;1;1;1;2;2;2;1;1;1;1;2;1;1;2;1;2;2;1;3;6;2; ;1;1;1;4;1;2;1;1;1;3;1;1;01;08;07;08;541,253729785722
4665382;1;3;2;1;1;1;1;1;3;1; ; ;70000000;600000; ;1;1;1;1;1;1;1;2;2;2;1;2;1;2;2;2;1;1;2;2;2;1;1;2;2; ;1;2;1;4;1;2;1;1;1;3;1;1;01;08;07;08;528,048297864293
4665383;1;4;3;1;1;1;1;1;3;1; ; ;150000000;800000; ;1;1;1;1;1;1;1;1;2;2;1;1;1;1;2;2;1;1;2;1;2;1;3;4;2; ;1;1;1;4;1;2;1;1;1;3;1;1;01;08;07;08;512,168127725083
4665384;1;4;3;1;1;1;1;1;3;1; ; ;50000000;500000; ;2;1;1;1;1;1;1;2;2;2;1;1;1;1;2;2;1;1;2;2;2;1;3;5;1;1;1;1;1;4;1;2;1;1;1;3;1;1;01;08;07;08;581,290716692693
4665385;1;4;3;1;1;1;1;1;3;2; ;1800000;50000000;600000; ;2;1;2;1;1;1;1;1;2;2;1;2;1;2;2;2;1;2;2;2;2;1;2;4;2; ;1;2;1;4;1;3;1;1;1;3;1;1;01;08;07;08;668,153291083079
4665387;1;4;3;1;1;1;1;3;3;3; ; ; ; ;650000;2;1;1;1;1;1;1;2;2;2;1;2;2;2;2;1;1;2;2;2;2;1;3;4;2; ;1;2;1;4;1;3;1;1;1;3;1;1;01;08;07;08;523,776221209586
4665388;1;4;3;1;1;1;1;1;3;4; ; ; ;700000; ;2;2;2;1;1;1;1;2;2;2;1;2;1;2;2;1;1;2;2;1;2;1;3;4;2; ;1;2;1;4;1;3;1;1;1;3;1;1;01;08;07;08;612,353681557864
4665389;1;4;3;1;1;1;1;1;3;3; ; ; ; ;600000;2;2;2;1;1;1;1;1;1;2;1;1;1;1;2;1;1;2;2;2;2;1;2;7;2; ;1;2;1;4;1;2;1;1;1;3;1;1;01;08;07;08;431,192825166682
4665390;1;4;3;1;1;1;1;1;3;1; ; ;85000000;500000; ;1;1;1;1;1;1;1;2;2;2;1;2;1;1;2;2;1;1;2;2;2;1;2;5;2; ;1;1;1;2;1;2;1;1;1;3;1;1;01;08;07;08;494,573071627981
4665391;1;4;3;1;2;1;1;1;3;1; ; ;99;700000; ;1;2;2;2;1;1;1;2;2;2;1;2;1;2;2;2;1;2;2;2;2;1;2;5;2; ;1;1;1;4;1;2;1;1;1;3;1;1;01;08;07;08;740,643281171619
4665391;2;1;1;1;2;1;1;1;3;3; ; ; ; ;200000;2;2;2;2;1;2;1;2;2;2;1;2;2;2;2;2;1;2;2;2;2;1;1;2;2; ;2;1;1;4;1;2;1;1;1;3;1;1;01;08;07;08;740,643281171619
4665392;1;4;1;1;2;1;1;1;3;1; ; ;130000000;700000; ;1;1;1;1;1;1;1;1;2;2;1;2;1;1;2;2;1;2;1;2;2;1;1;1;2; ;1;1;1;4;1;2;1;1;1;3;1;1;01;08;07;08;397,464157112162
4665392;2;1;1;1;2;1;1;2;3;3; ; ; ; ;220000;1;1;1;1;1;1;1;2;2;2;1;2;2;1;2;2;2;2;2;2;2;1;2;2;2; ;2;1;1;4;1;2;1;1;1;3;1;1;01;08;07;08;397,464157112162
4665394;1;4;3;1;1;1;1;1;3;1; ; ;80000000;700000; ;1;1;1;1;1;1;1;1;1;2;1;1;2;1;1;1;1;2;1;2;2;1;3;4;2; ;1;1;1;4;1;2;1;1;1;3;1;1;01;08;07;08;606,037205792704
4665395;1;3;2;1;1;1;1;1;3;1; ; ;100000000;600000; ;1;1;1;1;1;1;1;2;2;2;1;1;1;1;2;2;1;1;2;2;2;1;2;2;2; ;1;2;1;4;1;3;1;1;1;3;1;1;01;08;07;08;468,671226136803
4665396;1;5;3;1;1;1;1;1;3;1; ; ;99;99; ;1;1;1;1;1;1;1;1;1;2;1;2;1;1;2;1;1;2;2;1;2;1;3;4;2; ;1;1;1;4;1;3;1;1;1;3;1;1;01;08;07;08;619,140107001989
4665397;1;4;3;1;1;1;1;1;3;1; ; ;80000000;600000; ;1;1;1;1;1;1;1;2;2;2;1;1;1;2;2;1;1;2;2;2;2;1;4;7;2; ;1;1;1;4;1;2;1;1;1;3;1;1;01;08;07;08;598,990621168891
4665398;1;4;1;1;1;1;1;1;3;1; ; ;98;98; ;1;2;2;2;1;1;1;2;2;2;1;1;2;2;2;2;1;2;2;2;2;1;2;2;2; ;1;1;1;4;1;2;1;1;1;3;1;1;01;08;07;08;557,248686485081
4665399;1;4;3;1;1;1;1;1;3;1; ; ;90000000;500000; ;1;1;1;1;1;1;1;1;1;2;1;2;1;2;2;2;1;2;2;1;2;1;7;7;2; ;1;1;1;4;1;2;1;1;1;3;1;1;01;08;07;08;386,272568418961
4665400;1;4;2;1;2;1;1;1;3;4; ; ; ;280000; ;2;2;2;1;1;2;1;1;2;2;1;2;2;2;2;2;1;2;2;2;2;1;1;2;2; ;1;1;1;4;1;2;1;1;1;6;1;1;01;08;07;08;717,123633256773
4665400;2;1;1;1;2;1;1;1;3;3; ; ; ; ;220000;2;2;2;2;2;2;1;2;2;2;2;2;2;2;2;2;1;2;2;2;2;1;1;3;2; ;2;1;1;4;1;2;1;1;1;6;1;1;01;08;07;08;717,123633256773
4665400;3;1;1;1;2;1;1;1;3;3; ; ; ; ;220000;2;2;2;2;1;2;1;2;2;2;1;2;2;2;2;2;1;1;2;2;2;1;2;4;2; ;3;1;1;4;1;2;1;1;1;6;1;1;01;08;07;08;717,123633256773
4665401;1;3;2;1;1;1;1;3;3;1; ; ;90000000;400000; ;1;1;1;1;1;1;1;2;2;2;1;2;2;1;2;2;1;1;2;2;2;1;1;4;2; ;1;1;1;4;1;2;1;1;1;6;1;1;01;08;07;08;383,901909204178
4665402;1;4;1;1;1;1;1;1;3;4; ; ; ;550000; ;2;1;1;1;1;1;1;1;2;2;1;2;2;1;2;1;1;2;1;2;2;1;2;2;2; ;1;1;1;4;1;2;1;1;1;3;1;1;01;08;07;08;543,703803230037
4665403;1;5;3;1;1;1;1;3;3;3; ; ; ; ;600000;1;1;1;1;1;1;1;2;2;2;1;2;1;1;2;2;1;2;2;2;2;1;4;5;2; ;1;1;1;4;1;2;1;1;1;6;1;1;01;08;07;08;636,351474618045
4665404;1;4;3;1;1;1;1;1;3;2; ;99;98;98; ;2;1;1;1;1;1;1;1;2;2;1;1;2;1;2;2;1;1;2;2;2;1;3;5;2; ;1;1;1;4;1;2;1;1;1;6;1;1;01;08;07;08;526,198499732494
4665405;1;4;3;1;1;1;1;3;3;3; ; ; ; ;500000;1;1;1;1;1;1;1;2;2;2;1;2;2;2;2;2;1;1;1;2;2;1;4;7;2; ;1;1;1;4;1;2;1;1;1;6;1;1;01;08;07;08;700,908425612503
4665406;1;4;2;1;1;1;1;1;3;3; ; ; ; ;500000;1;1;1;1;1;1;1;2;2;2;1;1;1;1;2;1;1;2;2;1;2;1;2;2;2; ;1;1;1;4;1;2;1;1;1;6;1;1;01;08;07;08;550,020278995197
4665407;1;5;4;1;1;1;1;3;3;1; ; ;65000000;500000; ;1;2;2;2;1;1;1;2;2;2;1;2;2;2;2;2;1;2;1;2;2;1;6;9;2; ;1;1;1;4;1;2;1;1;1;6;1;1;01;08;07;08;427,8326802367
4665408;1;4;3;1;1;1;1;1;3;1; ; ;98;500000; ;1;1;1;1;1;1;1;2;2;2;1;2;1;1;2;2;1;2;1;2;2;1;2;4;2; ;1;1;1;4;1;2;1;1;1;6;1;1;01;08;07;08;554,708860441206
4665409;1;4;2;1;1;1;1;1;3;1; ; ;98;98; ;2;1;2;1;1;1;1;2;2;2;1;2;2;2;2;2;1;2;2;2;2;2; ;2;2; ;1;1;1;4;1;3;1;1;1;3;1;1;01;08;07;08;526,316047253461
4665410;1;4;3;1;1;1;1;1;3;4; ; ; ;500000; ;2;1;1;1;1;1;1;2;2;2;1;2;1;1;2;2;1;1;1;1;2;1;2;7;2; ;1;1;1;4;1;2;1;1;1;6;1;1;01;08;07;08;691,4109542387
4665411;1;4;3;1;1;1;1;3;3;1; ; ;40000000;500000; ;1;1;1;2;1;1;1;2;2;2;1;2;2;2;2;2;1;2;2;2;2;1;3;4;2; ;1;1;1;4;1;2;1;1;1;6;1;1;01;08;07;08;532,736879310302
4665412;1;3;2;1;1;1;1;1;3;1; ; ;98;98; ;2;1;1;1;1;1;1;1;2;2;1;1;2;1;2;2;1;2;2;2;2;1;2;2;2; ;1;1;1;4;1;2;1;1;1;6;1;1;01;08;07;08;448,102474551584
4665413;1;6;3;1;1;1;1;1;3;1; ; ;450000000;3000000; ;1;1;1;1;1;1;1;1;1;1;1;1;1;1;1;1;1;1;2;1;2;1;4;4;2; ;1;2;1;4;1;6;1;1;1;3;1;1;01;08;07;08;618,670157323024
4665414;1;3;2;1;1;1;1;1;3;1; ; ;90000000;400000; ;2;1;2;1;1;1;1;2;2;2;1;1;1;1;2;1;2;2;2;2;2;1;2;2;2; ;1;2;1;4;1;2;1;1;1;3;1;1;01;08;07;08;543,703803230037
4665415;1;4;3;1;1;1;1;1;3;3; ; ; ; ;550000;1;1;1;1;1;1;1;2;2;2;1;2;1;1;2;2;1;2;2;2;2;1;2;4;2; ;1;2;1;4;1;2;1;1;1;3;1;1;01;08;07;08;606,037205792704
4665417;1;4;3;1;1;1;1;1;3;1; ; ;50000000;600000; ;1;1;2;2;1;1;1;2;2;2;1;2;2;2;2;2;1;2;2;2;2;1;4;6;2; ;1;2;1;4;1;2;1;1;1;3;1;1;01;08;07;08;498,398579696573
4665418;1;4;3;1;1;1;1;1;3;3; ; ; ; ;600000;1;1;1;1;1;1;1;1;1;2;1;2;1;1;2;2;1;1;1;2;2;1;3;5;2; ;1;2;1;4;1;2;1;1;1;3;1;1;01;08;07;08;585,575571459984
4665419;1;3;2;1;1;1;1;1;3;1; ; ;20000000;500000; ;2;2;2;1;1;1;1;2;2;2;1;2;2;2;2;2;1;1;2;2;2;1;3;5;2; ;1;2;1;4;1;1;1;1;1;3;1;1;01;08;07;08;627,878861290057
4665420;1;3;2;3;1;1;1;1;1;1; ; ;5000000;180000; ;2;2;2;2;1;1;1;2;2;2;1;2;2;2;2;2;1;2;2;2;2;1;3;4;2; ;1;1;1;2;1;1;2;1;1;3;1;1;01;08;07;08;501,804240078683
4665421;1;2;1;1;1;1;1;1;4;3; ; ; ; ;350000;2;2;2;2;1;2;1;2;2;2;1;2;2;2;2;2;1;2;2;2;2;1;4;7;2; ;1;2;1;2;1;2;2;1;1;3;1;1;01;08;07;08;616,848326824432
4665422;1;3;2;1;1;1;1;1;3;3; ; ; ; ;420000;1;1;1;1;1;1;1;2;2;2;1;2;2;2;2;2;1;1;2;2;2;1;2;4;2; ;1;2;1;4;1;2;1;1;1;3;1;1;01;08;07;08;668,153291083079
4665423;1;5;4;1;1;1;1;1;3;1; ; ;98;600000; ;1;2;1;1;1;1;1;2;2;2;1;2;2;1;2;2;1;2;1;2;2;1;2;4;2; ;1;1;1;4;1;2;1;1;1;3;1;1;01;08;07;08;587,737518091404
4665424;1;4;3;1;1;1;1;1;3;4; ; ; ;400000; ;2;1;2;1;1;1;1;2;2;2;1;2;1;2;2;2;1;2;2;2;2;1;3;5;2; ;1;1;1;4;1;1;1;1;1;3;1;1;01;08;07;08;463,640432396361
4665425;1;4;3;1;1;1;1;1;3;1; ; ;98;50000; ;1;1;2;2;1;1;1;2;2;2;1;2;2;2;2;2;1;2;2;2;2;1;1;3;2; ;1;1;1;4;1;2;1;1;1;3;1;1;01;08;07;08;581,642946138892
4665426;1;2;1;1;1;1;1;4;1;1; ; ;20000000;150000; ;2;2;2;2;2;2;1;2;2;2;1;2;2;2;2;2;1;2;2;2;2;1;1;5;2; ;1;1;1;2;1;1;2;1;1;3;1;1;01;08;07;08;585,575571459984
4665427;1;3;2;1;1;1;1;3;3;1; ; ;25000000;200000; ;2;1;2;1;1;1;1;2;2;2;1;2;1;2;2;2;1;2;2;2;2;1;2;5;2; ;1;2;1;4;1;1;1;1;1;3;1;1;01;08;07;08;639,486954774561
4665428;1;4;2;1;1;1;1;1;3;4; ; ; ;400000; ;2;1;2;2;1;1;1;2;2;2;1;2;2;2;2;2;1;1;2;2;2;1;1;2;2; ;1;2;1;4;1;2;1;1;1;3;1;1;01;08;07;08;652,850015163534
4665429;1;3;2;1;1;1;1;1;3;1; ; ;35000000;400000; ;1;1;1;1;1;1;1;2;2;2;1;1;1;1;2;1;1;1;1;2;2;1;3;5;2; ;1;1;1;4;1;1;1;1;1;3;1;1;01;08;07;08;617,514973643657
4665430;1;3;2;1;1;1;1;1;1;3; ; ; ; ;180000;2;2;2;2;2;2;1;2;2;2;1;2;2;2;2;2;1;2;2;2;2;2; ;3;2; ;1;1;1;2;1;1;2;1;1;3;1;1;01;08;07;08;652,628111350886
4665431;1;4;1;1;1;1;1;1;3;4; ; ; ;1000000; ;1;1;1;1;1;1;1;2;2;2;1;2;2;2;2;2;1;1;2;2;2;1;1;1;2; ;1;2;1;4;1;3;1;1;1;3;1;1;01;08;07;08;501,92178759965
4665432;1;4;3;1;1;1;1;1;3;3; ; ; ; ;1000000;1;2;1;1;1;1;1;1;2;2;1;2;2;1;2;1;1;2;2;1;2;1;2;4;2; ;1;2;1;4;1;3;1;1;1;3;1;1;01;08;07;08;455,972051606237
4665433;1;2;1;1;1;1;1;1;3;1; ; ;10000000;150000; ;2;2;2;2;1;1;1;2;2;2;1;2;2;2;2;2;1;2;2;2;2;1;2;5;2; ;1;1;1;4;1;1;1;1;1;3;1;1;01;08;07;08;474,004320042761
4665434;1;1;1;1;2;1;1;2;3;3; ; ; ; ;200000;2;2;2;2;1;1;1;2;2;2;1;2;2;2;2;2;1;2;2;2;2;2; ;5;2; ;1;3;1;2;1;1;1;1;1;3;1;1;01;08;07;08;787,045020256697
4665435;1;3;2;1;1;1;1;1;3;3; ; ; ; ;300000;2;2;2;2;1;1;1;2;2;2;1;2;2;2;2;2;1;1;2;2;2;1;1;4;2; ;1;2;1;4;1;1;1;1;1;3;1;1;01;08;07;08;561,181311806172
4665436;1;3;2;1;1;1;1;1;3;1; ; ;7000000;200000; ;2;1;1;2;1;1;1;2;2;2;1;1;2;2;2;2;1;1;2;2;2;1;3;5;2; ;1;1;1;4;1;1;1;1;1;3;1;1;01;08;07;08;645,80343053972
4665437;1;2;1;1;2;1;1;6; ;3; ; ; ; ;250000;2;2;2;2;1;2;2;2;2;2;1;2;2;2;2;2;1;2;1;2;2;1;1;1;2; ;1;3;1;4;1;1;2;1;1;3;1;1;01;08;07;08;603,839592043262
4665438;1;3;2;1;1;1;1;1;3;3; ; ; ; ;350000;2;1;1;2;1;1;1;2;2;2;1;2;2;1;2;2;1;2;2;2;2;1;4;7;2; ;1;2;1;4;1;1;1;1;1;3;1;1;01;08;07;08;616,378377145466
4665439;1;5;3;1;1;1;1;1;3;1; ; ;180000000;600000; ;1;1;1;2;1;1;1;1;2;2;1;2;1;1;2;1;1;2;1;2;2;1;4;6;2; ;1;1;1;4;1;1;1;1;1;3;1;1;01;08;07;08;596,031529372895
4665440;1;3;1;1;1;1;1;1;3;4; ; ; ;450000; ;2;2;2;2;1;1;1;2;2;2;1;2;2;2;2;2;1;2;2;2;2;1;3;4;2; ;1;2;1;2;1;1;1;1;1;3;1;1;01;08;07;08;611,911699512105
4665441;1;4;3;1;1;1;1;1;3;1; ; ;95000000;600000; ;2;1;2;1;1;1;1;2;2;2;1;2;1;2;2;2;1;2;2;2;2;1;1;4;2; ;1;1;1;4;1;1;1;1;1;3;1;1;01;08;07;08;465,579983127719
4665442;1;2;1;1;1;1;1;3;3;3; ; ; ; ;300000;2;2;2;1;1;1;1;2;2;2;1;1;2;2;2;2;1;1;2;2;2;1;1;4;2; ;1;2;1;2;1;1;1;1;1;3;1;1;01;08;07;08;668,153291083079
4665443;1;4;2;1;1;1;1;3;3;4; ; ; ;600000; ;1;1;1;2;1;1;1;2;2;2;1;2;2;2;2;2;1;2;1;2;2;1;1;4;2; ;1;1;1;4;1;2;1;1;1;3;1;1;01;08;07;08;442,427168351193
4665444;1;2;1;1;1;1;1;1;3;4; ; ; ;300000; ;2;1;1;1;1;1;1;1;1;2;1;1;1;1;2;1;1;2;2;1;2;1;1;1;2; ;1;1;1;4;1;1;1;1;1;3;1;1;01;08;07;08;597,523116278102
4665445;1;5;4;1;1;1;1;1;3;1; ; ;150000000;500000; ;1;1;1;2;1;1;1;2;2;2;1;2;1;2;2;2;1;2;2;2;2;1;2;10;2; ;1;1;1;4;1;1;1;1;1;3;1;1;01;08;07;08;651,696226724203
4665446;1;4;2;1;1;1;1;1;3;4; ; ; ;270000; ;2;2;2;2;2;2;1;2;2;2;1;2;2;2;2;2;1;2;2;2;2;1;4;7;2; ;1;1;1;2;1;1;1;1;1;3;1;1;01;08;07;08;591,270915858047
4665447;1;5;2;1;1;1;1;1;3;1; ; ;70000000;350000; ;1;1;2;1;1;1;1;2;2;2;1;1;2;2;2;2;1;2;2;2;2;1;2;5;2; ;1;1;1;2;1;1;1;1;1;3;1;1;01;08;07;08;890,836003924959
4665448;1;2;1;1;1;1;1;1;3;4; ; ; ;300000; ;2;2;2;2;2;1;1;2;2;2;1;2;1;2;2;2;1;2;2;2;2;1;1;5;2; ;1;1;1;2;1;1;1;1;1;3;1;1;01;08;07;08;617,514973643657
4665449;1;4;3;1;1;1;1;1;3;1; ; ;98;500000; ;2;2;2;1;1;1;1;1;1;2;1;1;1;1;2;2;1;2;2;2;2;1;1;2;2; ;1;2;1;4;1;1;1;1;1;3;1;1;01;08;07;08;557,248686485081
4665450;1;3;2;1;1;1;1;3;3;1; ; ;98;550000; ;1;1;1;1;1;1;1;2;2;2;1;1;2;1;2;2;1;2;2;1;2;1;3;3;2; ;1;2;1;4;1;2;1;1;1;3;1;1;01;08;07;08;587,959421904052
4665451;1;4;3;1;1;1;1;1;3;1; ; ;200000000;800000; ;1;1;1;1;1;1;1;1;1;2;1;1;1;1;2;1;1;1;1;2;2;1;5;5;2; ;1;1;1;4;1;1;1;1;1;3;1;1;01;08;07;08;511,946223912434
4665452;1;3;1;1;1;1;1;1;3;4; ; ; ;500000; ;2;2;2;2;2;1;1;1;2;2;1;1;1;2;2;2;1;2;2;2;2;1;1;2;2; ;1;2;1;4;1;1;1;1;1;3;1;1;01;08;07;08;635,020277141199
4665453;1;3;2;1;1;1;1;1;3;1; ; ;200000000;450000; ;2;2;2;1;1;1;1;2;2;2;1;2;2;2;2;2;1;2;2;2;2;1;1;3;2; ;1;1;1;4;1;1;1;1;1;3;1;1;01;08;07;08;499,381961555775
4665455;1;4;3;1;1;1;1;1;3;1; ; ;80000000;550000; ;2;1;1;1;1;1;1;2;2;2;1;2;2;1;2;2;1;2;2;2;2;1;3;5;2; ;1;1;1;4;1;2;1;1;1;3;1;1;01;08;07;08;607,547552590887
4665456;1;4;3;1;1;1;1;1;3;1; ; ;80000000;500000; ;1;1;1;2;1;1;1;2;2;2;1;2;2;1;2;2;1;2;1;2;2;1;5;5;2; ;1;1;1;4;1;1;1;1;1;3;1;1;01;08;07;08;554,486956628558
4665457;1;3;1;1;1;1;1;3;3;3; ; ; ; ;450000;2;2;2;2;1;1;1;2;2;2;1;2;2;2;2;2;1;2;2;2;2;1;1;1;2; ;1;2;1;4;1;2;1;1;1;3;1;1;01;08;07;08;501,92178759965
4665458;1;4;2;1;1;1;1;1;3;1; ; ;99;99; ;1;1;1;1;1;1;1;2;2;2;1;2;1;1;2;2;1;2;2;1;2;1;3;3;2; ;1;1;1;4;1;2;1;1;1;3;1;1;01;08;07;08;493,065485790615
4665459;1;4;3;1;1;1;1;3;3;1; ; ;70000000;550000; ;2;1;1;2;1;1;1;2;2;2;1;2;2;2;2;2;1;2;2;2;2;1;2;3;2; ;1;1;1;4;1;2;1;1;1;3;1;1;01;08;07;08;472,496734205395
4665460;1;4;2;1;1;1;1;1;3;1; ; ;98;500000; ;2;2;2;1;1;1;1;1;1;2;1;2;2;2;2;2;1;2;2;2;2;1;1;2;2; ;1;1;1;4;1;2;1;1;1;3;1;1;01;08;07;08;468,671226136803
4665461;1;4;3;1;1;1;1;1;3;1; ; ;70000000;600000; ;1;1;1;1;1;1;1;2;2;2;1;1;2;1;2;1;1;2;1;2;2;1;4;4;2; ;1;1;1;4;1;2;1;1;1;3;1;1;01;08;07;08;523,776221209586
4665462;1;4;3;1;1;1;1;1;3;3; ; ; ; ;430000;1;1;1;1;1;1;1;2;2;2;1;1;1;1;2;2;1;1;2;2;2;1;4;4;2; ;1;1;1;4;1;2;1;1;1;3;1;1;01;08;07;08;449,610060388949
4665463;1;4;3;1;1;1;1;1;3;4; ; ; ;98; ;2;2;2;2;1;1;1;2;2;2;1;2;2;2;2;2;1;1;2;2;2;1;4;9;2; ;1;1;1;4;1;1;1;1;1;3;1;1;01;08;07;08;841,925350556014
4665465;1;2;1;1;1;1;1;1;3;4; ; ; ;350000; ;2;2;2;2;1;1;1;2;2;2;1;2;2;2;2;2;1;2;2;2;2;1;1;1;2; ;1;1;1;4;1;1;1;1;1;3;1;1;01;08;07;08;597,523116278102
4665466;1;4;3;1;1;1;1;1;3;3; ; ; ; ;450000;2;2;2;1;1;1;1;2;2;2;1;1;1;2;2;2;1;2;2;2;2;1;2;4;2; ;1;1;1;4;1;1;1;1;1;3;1;1;01;08;07;08;526,95721681823
4665467;1;3;2;1;1;1;1;3;3;4; ; ; ;500000; ;2;2;2;1;1;1;1;2;2;2;1;2;1;2;2;2;1;1;2;2;2;1;2;2;2; ;1;1;1;4;1;2;1;1;1;3;1;1;01;08;07;08;546,884798838681
4665468;1;3;2;1;1;1;1;1;3;3; ; ; ; ;350000;2;2;2;2;2;2;1;2;2;2;2;2;2;2;2;2;1;2;2;2;2;1;2;6;2; ;1;2;1;2;1;1;1;1;1;3;1;1;01;08;07;08;582,486646117851
4665469;1;3;2;1;1;1;1;1;3;3; ; ; ; ;500000;2;2;2;2;2;1;1;2;2;2;2;2;2;2;2;2;1;2;1;2;2;1;3;4;2; ;1;2;1;4;1;1;1;1;1;3;1;1;01;08;07;08;683,338846769857
4665470;1;3;1;1;1;1;1;3;3;3; ; ; ; ;350000;2;2;2;2;1;1;1;2;2;2;1;2;2;2;2;2;1;2;1;2;2;1;1;1;2; ;1;2;1;4;1;2;1;1;1;3;1;1;01;08;07;08;597,523116278102
4665471;1;3;2;1;1;1;1;3;3;1; ; ;75000000;600000; ;1;1;1;1;1;1;1;2;2;2;1;2;2;2;2;2;1;2;2;2;2;1;3;3;2; ;1;1;1;4;1;2;1;1;1;3;1;1;01;08;07;08;506,610369045659
4665472;1;3;2;1;1;1;1;1;3;1; ; ;80000000;500000; ;2;1;1;1;1;1;1;2;1;2;1;2;1;2;2;1;1;2;2;2;2;1;2;3;2; ;1;1;1;4;1;1;1;1;1;3;1;1;01;08;07;08;506,610369045659
4665473;1;4;2;1;1;1;1;3;3;1; ; ;98;500000; ;2;2;2;1;1;1;1;2;2;2;1;2;2;1;2;2;1;1;2;2;2;1;2;3;2; ;1;1;1;4;1;2;1;1;1;3;1;1;01;08;07;08;563,813208116558
4665474;1;3;2;1;1;1;1;1;3;1; ; ;98;400000; ;2;1;1;1;1;1;1;2;2;2;1;2;2;2;2;2;1;2;2;2;2;1;2;2;2; ;1;2;1;4;1;1;1;1;1;3;1;1;01;08;07;08;550,020278995197
4665475;1;4;1;1;1;1;1;3;3;3; ; ; ; ;475000;1;2;1;1;1;1;1;2;2;2;1;2;1;2;2;1;1;2;2;2;2;1;2;3;2; ;1;2;1;4;1;2;1;1;1;3;1;1;01;08;07;08;493,065485790615
4665476;1;4;3;1;1;1;1;1;3;1; ; ;60000000;400000; ;2;1;1;1;1;1;1;2;2;2;1;2;1;1;2;1;1;1;2;2;2;1;4;4;2; ;1;1;1;4;1;1;1;1;1;3;1;1;01;08;07;08;517,459745444427
4665477;1;3;1;1;1;1;1;1;3;4; ; ; ;500000; ;2;2;2;2;1;2;1;2;2;2;1;2;2;2;2;2;1;2;2;2;2;1;1;1;2; ;1;2;1;4;1;2;1;1;1;3;1;1;01;08;07;08;628,455755509722
4665478;1;3;2;1;1;1;1;1;3;1; ; ;20000000;350000; ;2;1;1;2;1;1;1;2;2;2;1;2;2;2;2;2;1;2;2;2;2;1;2;6;2; ;1;1;1;2;1;1;1;1;1;3;1;1;01;08;07;08;670,197690193532
4665479;1;3;2;1;1;1;1;1;3;4; ; ; ;300000; ;2;1;1;1;1;1;1;2;2;2;1;2;2;2;2;2;1;2;2;2;2;1;3;4;2; ;1;2;1;4;1;1;1;1;1;3;1;1;01;08;07;08;583,153292937076
4665480;1;3;2;1;1;1;1;3;3;1; ; ;15000000;300000; ;2;2;2;2;1;1;1;2;2;2;1;2;1;2;2;2;1;2;1;1;2;1;3;4;2; ;1;1;1;2;1;1;1;1;1;3;1;1;01;08;07;08;605,595223746945
4665481;1;2;1;1;1;1;1;3;3;3; ; ; ; ;250000;2;2;2;2;1;1;1;2;2;2;1;2;2;2;2;2;1;2;2;2;2;2; ;5;2; ;1;1;1;2;1;1;1;1;1;3;1;1;01;08;07;08;875,180498559215
4665482;1;4;1;1;1;1;1;1;3;3; ; ; ; ;500000;2;1;1;1;1;1;1;2;2;2;1;2;2;1;2;2;1;2;1;2;2;1;2;2;2; ;1;2;1;4;1;2;1;1;1;3;1;1;01;08;07;08;543,703803230037
4665483;1;4;3;1;1;1;1;1;3;1; ; ;60000000;600000; ;1;1;1;1;1;1;1;1;1;2;1;1;1;1;2;1;1;2;2;2;2;1;1;4;2; ;1;1;1;4;1;2;1;1;1;3;1;1;01;08;07;08;503,207469624367
4665484;1;3;2;1;1;1;1;1;3;1; ; ;98;300000; ;1;1;1;2;1;1;1;1;2;2;1;2;2;2;2;2;1;2;1;2;2;1;3;3;2; ;1;1;1;4;1;2;1;1;1;3;1;1;01;08;07;08;587,959421904052
4665485;1;4;3;1;1;1;1;1;3;1; ; ;125000000;600000; ;1;1;1;1;1;1;1;2;2;2;1;2;1;1;2;2;1;2;2;2;2;1;4;4;2; ;1;1;1;4;1;2;1;1;1;3;1;1;01;08;07;08;520,595225600943
4665486;1;4;3;1;1;1;1;1;3;1; ; ;40000000;500000; ;1;1;1;1;1;1;1;2;2;2;1;1;2;1;2;1;1;2;2;2;2;1;5;6;2; ;1;1;1;4;1;2;1;1;1;3;1;1;01;08;07;08;472,379186684429
4665487;1;4;3;1;1;1;1;1;3;1; ; ;45000000;500000; ;2;2;2;2;1;1;1;2;2;2;1;2;2;2;2;2;1;1;2;2;2;1;2;3;2; ;1;2;1;2;1;1;1;1;1;3;1;1;01;08;07;08;677,244274817345
4665488;1;1;1;1;1;1;1;2;3;3; ; ; ; ;150000;2;2;2;2;2;1;1;2;2;2;1;2;2;2;2;2;1;2;2;2;2;1;1;1;2; ;1;2;1;4;1;2;1;1;1;6;1;1;01;08;07;08;628,455755509722
4665489;1;4;2;1;1;1;1;1;3;1; ; ;120000000;450000; ;1;1;2;1;1;1;1;2;2;2;1;2;2;2;2;1;1;2;2;2;2;1;1;2;2; ;1;1;1;4;1;1;1;1;1;3;1;1;01;08;07;08;557,248686485081
4665490;1;4;1;1;1;1;1;1;3;3; ; ; ; ;530000;1;1;1;1;1;1;1;1;2;2;1;1;2;2;2;1;1;2;2;2;2;1;2;2;2; ;1;1;1;2;1;2;1;1;1;3;1;1;01;08;07;08;543,703803230037
4665491;1;3;2;1;1;1;1;1;3;3; ; ; ; ;350000;1;1;1;1;1;1;1;2;2;2;1;2;2;2;2;2;1;2;2;2;2;1;5;5;2; ;1;2;1;4;1;2;1;1;1;6;1;1;01;08;07;08;667,238598397536
4665492;1;4;2;1;1;1;1;1;3;3; ; ; ; ;500000;1;1;1;2;1;1;1;2;2;2;1;1;1;2;2;2;1;2;2;2;2;1;2;3;2; ;1;2;1;4;1;2;1;1;1;3;1;1;01;08;07;08;552,442557518104
4665493;1;4;3;1;1;1;1;1;3;3; ; ; ; ;600000;1;1;2;1;1;1;1;2;2;2;1;2;2;1;2;2;1;2;2;2;2;1;5;6;2; ;1;2;1;4;1;2;1;1;1;3;1;1;01;08;07;08;536,340483566246
4665494;1;3;2;1;1;1;1;1;3;4; ; ; ;400000; ;1;1;1;1;1;1;1;2;2;2;1;2;2;2;2;2;1;2;2;2;2;1;2;4;2; ;1;2;1;4;1;2;1;1;1;6;1;1;01;08;07;08;523,776221209586
4665495;1;2;1;1;1;1;1;1;3;5; ; ; ;450000; ;1;1;1;1;1;1;1;2;2;2;1;2;2;2;2;2;1;1;2;2;2;1;3;5;2; ;1;2;1;4;1;2;1;1;1;6;1;1;01;08;07;08;496,29071854669
4665496;1;4;2;1;1;1;1;1;3;1; ; ;60000000;600000; ;1;1;1;1;1;1;1;2;2;2;1;1;1;2;2;1;1;2;2;2;2;1;3;3;2; ;1;2;1;4;1;2;1;1;1;3;1;1;01;08;07;08;581,642946138892
4665497;1;4;3;1;1;1;1;1;3;1; ; ;120000000;500000; ;2;1;2;2;1;1;1;2;1;2;1;1;2;2;2;2;1;1;2;1;2;1;3;4;2; ;1;2;1;4;1;2;1;1;1;3;1;1;01;08;07;08;481,235488493463
4665498;1;3;2;1;1;1;1;3;3;1; ; ;80000000;500000; ;2;2;2;2;1;1;1;2;2;2;1;2;1;2;2;2;1;2;2;2;2;1;2;2;2; ;1;2;1;2;1;1;1;1;1;3;1;1;01;08;07;08;526,316047253461
4665499;1;5;3;1;1;1;1;1;3;1; ; ;120000000;500000; ;2;1;2;1;1;1;1;2;2;2;1;1;1;2;2;2;1;2;2;2;2;1;1;6;2; ;1;1;1;4;1;1;1;1;1;3;1;1;01;08;07;08;651,406704671272
4665500;1;3;2;1;1;1;1;1;3;4; ; ; ;500000; ;1;1;2;2;1;1;1;2;2;2;1;2;1;1;2;2;1;1;2;2;2;1;4;5;2; ;1;1;1;4;1;2;1;1;1;3;1;1;01;08;07;08;548,170480863398
4665501;1;5;4;1;1;1;1;1;3;1; ; ;80000000;600000; ;1;1;1;1;1;1;1;1;1;2;1;1;1;1;2;1;1;2;2;2;2;1;6;6;2; ;1;1;1;4;1;2;1;1;1;3;1;1;01;08;07;08;517,863472123146
4665502;1;3;2;1;1;1;1;1;3;1; ; ;40000000;400000; ;1;1;1;1;1;1;1;2;2;2;1;2;1;2;2;1;1;2;1;2;2;1;2;4;2; ;1;2;1;4;1;2;1;1;1;6;1;1;01;08;07;08;668,153291083079
4665503;1;5;3;1;1;1;1;1;3;1; ; ;60000000;400000; ;2;2;1;1;1;1;1;2;2;2;1;2;1;1;2;2;1;2;1;2;2;1;5;7;2; ;1;1;1;4;1;1;1;1;1;3;1;1;01;08;07;08;503,0899221034
4665504;1;2;1;1;1;1;1;1;3;3; ; ; ; ;380000;2;2;2;1;1;1;1;2;2;2;1;2;2;1;2;2;1;2;2;2;2;1;1;2;2; ;1;1;1;4;1;2;1;1;1;6;1;1;01;08;07;08;635,020277141199
4665505;1;3;2;1;1;1;1;1;3;3; ; ; ; ;350000;2;2;1;1;1;1;1;2;2;2;1;1;1;2;2;1;1;1;2;2;2;1;1;4;2; ;1;2;1;4;1;2;1;1;1;3;1;1;01;08;07;08;561,181311806172
4665506;1;2;1;1;1;1;1;1;3;4; ; ; ;200000; ;2;2;2;2;2;2;1;2;2;2;1;2;2;2;2;2;1;2;2;2;2;1;1;6;2; ;1;1;1;2;1;1;1;1;1;3;1;1;01;08;07;08;729,574761921021
4665507;1;3;2;1;1;1;1;1;3;3; ; ; ; ;450000;2;2;2;1;1;1;1;2;2;2;1;2;1;2;2;1;1;2;2;2;2;1;2;2;2; ;1;2;1;4;1;2;1;1;1;3;1;1;01;08;07;08;621,917375931914
4665508;1;3;2;1;1;1;1;1;3;4; ; ; ;600000; ;1;1;1;1;1;1;1;2;2;2;1;2;1;1;2;2;1;2;1;2;2;1;3;3;2; ;1;2;1;4;1;2;1;1;1;3;1;1;01;08;07;08;581,642946138892
4665510;1;4;2;1;1;1;1;1;3;3; ; ; ; ;600000;1;1;1;1;1;1;1;1;2;2;1;2;1;1;2;1;1;2;1;2;2;1;2;4;2; ;1;1;1;4;1;1;1;1;1;3;1;1;01;08;07;08;583,153292937076
4665511;1;4;3;1;1;1;1;1;3;1; ; ;170000000;600000; ;2;1;1;1;1;1;1;1;1;2;1;1;1;1;2;1;1;2;1;2;2;1;3;4;2; ;1;1;1;4;1;2;1;1;1;3;1;1;01;08;07;08;690,125272213982
4665512;1;4;3;1;1;1;1;1;3;3; ; ; ; ;546000;1;2;1;2;2;1;1;2;2;2;1;2;2;2;2;2;1;2;2;1;2;1;3;7;2; ;1;1;1;4;1;2;1;1;1;3;1;1;01;08;07;08;485,702166126824
4665513;1;4;2;1;1;1;1;1;3;1; ; ;90000000;600000; ;1;1;1;1;1;1;1;2;2;2;1;2;1;1;2;1;1;2;2;2;2;1;2;3;2; ;1;1;1;4;1;2;1;1;1;3;1;1;01;08;07;08;520,817129413591
4665514;1;3;2;1;1;1;1;1;3;3; ; ; ; ;500000;1;1;1;1;1;1;1;1;1;2;1;2;1;1;2;2;1;2;2;2;2;1;2;5;2; ;1;2;1;4;1;2;1;1;1;3;1;1;01;08;07;08;585,419595860177
4665515;1;4;2;1;1;1;1;3;3;3; ; ; ; ;470000;1;1;1;1;1;1;1;2;1;2;1;2;1;1;2;1;1;1;2;1;2;1;2;4;2; ;1;1;1;4;1;2;1;1;1;6;1;1;01;08;07;08;561,181311806172
4665516;1;5;4;1;1;1;1;1;3;1; ; ;99;450000; ;2;2;2;2;2;2;1;2;2;2;1;2;2;2;2;2;1;2;2;2;2;2; ;6;2; ;1;2;1;4;1;1;1;1;1;3;1;1;01;08;07;08;532,512214536836
4665517;1;9;4;1;1;1;1;1;3;4; ; ; ;600000; ;1;1;1;1;1;1;1;1;1;2;1;2;2;1;2;1;1;2;2;1;2;1;4;4;2; ;1;1;1;4;1;1;1;1;1;3;1;2;01;08;07;08;305,688336502301
4665518;1;1;1;1;1;1;1;4;3;3; ; ; ; ;220000;2;2;2;2;1;1;1;2;2;2;1;2;2;2;2;2;1;2;2;2;2;1;2;3;2; ;1;2;1;2;1;1;1;1;1;3;1;1;01;08;07;08;555,623553126748
4665519;1;2;1;1;1;1;1;1;3;3; ; ; ; ;350000;2;2;2;1;1;1;1;2;2;2;1;2;2;2;2;1;1;2;2;2;2;1;1;1;2; ;1;2;1;4;1;2;1;1;1;3;1;1;01;08;07;08;522,490539184869
4665521;1;2;1;1;1;1;1;1;1;1; ; ;99;450000; ;2;2;2;2;2;2;1;2;2;2;2;2;2;2;2;2;1;2;2;2;2;2; ;2;2; ;1;2;1;4;1;2;1;1;1;6;1;1;01;08;07;08;683,782654395153
4665522;1;3;2;1;1;1;1;1;3;3; ; ; ; ;350000;2;2;2;2;1;1;1;2;2;2;1;1;2;2;2;2;1;2;2;2;2;1;1;6;2; ;1;2;1;4;1;2;1;1;1;6;1;1;01;08;07;08;546,307904619016
4665523;1;2;1;1;1;1;1;1;3;5; ; ; ;500000; ;2;1;2;1;1;1;1;2;2;2;1;1;2;1;2;1;1;2;1;2;2;1;1;1;2; ;1;2;1;4;1;2;1;1;1;6;1;1;01;08;07;08;597,523116278102
4665524;1;3;2;1;1;1;1;1;3;5; ; ; ;98; ;1;2;2;1;1;1;1;2;2;2;1;2;2;2;2;2;1;2;2;2;2;1;1;2;2; ;1;2;1;4;1;2;1;1;1;7;1;1;01;08;07;08;526,316047253461
4665525;1;2;1;1;1;1;1;3;3;3; ; ; ; ;300000;2;2;2;1;1;1;1;2;2;2;1;1;1;2;2;2;1;2;2;2;2;1;3;3;2; ;1;2;1;4;1;2;1;1;1;7;1;1;01;08;07;08;574,414538649008
4665526;1;3;2;1;1;1;1;3;3;5; ; ; ;450000; ;1;1;1;1;1;1;1;2;2;2;1;1;1;1;2;1;1;1;2;1;2;1;2;3;2; ;1;2;1;4;1;2;1;1;1;6;1;1;01;08;07;08;659,414536795011
4665527;1;3;2;1;1;1;1;1;3;2; ;523800;98;500000; ;1;1;1;1;1;1;1;2;2;2;1;2;2;1;2;2;1;1;2;2;2;1;2;5;2; ;1;2;1;4;1;2;1;1;1;3;1;1;01;08;07;08;613,864028356047
4665528;1;1;1;1;1;1;1;2;3;3; ; ; ; ;250000;2;2;2;2;2;1;1;2;2;2;1;2;2;2;2;2;1;2;2;2;2;1;2;2;2; ;1;2;1;2;1;2;1;1;1;3;1;1;01;08;07;08;526,316047253461
4665529;1;3;2;1;1;1;1;1;3;4; ; ; ;200000; ;2;1;2;1;1;1;1;2;2;2;1;2;1;2;2;2;1;2;2;2;2;1;4;14;2; ;1;2;1;2;1;1;1;1;1;3;1;1;01;08;07;08;601,873641630533
4665531;1;2;1;1;1;1;1;6; ;5; ; ; ;300000; ;1;2;2;2;1;1;1;2;2;2;1;2;2;2;2;2;1;2;2;2;2;1;1;1;2; ;1;2;1;4;1;2;1;1;1;6;1;1;01;08;07;08;628,455755509722
4665543;1;4;1;1;1;1;1;1;3;3; ; ; ; ;99;1;1;1;1;1;1;1;2;2;2;1;2;1;1;2;1;2;2;2;1;2;1;1;1;2; ;1;2;1;4;1;6;1;1;1;3;1;1;01;08;07;08;597,523116278102
4665544;1;4;1;1;1;1;1;1;3;1; ; ;99;99; ;1;1;1;1;1;1;1;1;1;2;1;2;1;1;1;1;1;2;2;1;2;1;2;2;2; ;1;2;1;4;1;6;1;1;1;3;1;1;01;08;07;08;557,248686485081
4665545;1;3;2;1;1;1;1;1;3;3; ; ; ; ;300000;2;2;2;2;2;1;1;2;2;2;1;2;2;2;2;2;1;2;2;2;2;1;1;4;2; ;1;2;1;2;1;1;1;1;1;3;1;1;01;08;07;08;775,125270359985
4665547;1;5;4;1;1;1;1;1;3;3; ; ; ; ;450000;2;1;1;1;1;1;1;1;1;2;1;2;1;2;2;2;2;2;2;2;2;1;5;7;2; ;1;2;1;4;1;1;1;1;1;3;1;1;01;11;07;11;2679,91813712844
4665548;1;3;2;1;1;1;1;1;4;3; ; ; ; ;250000;1;1;1;1;1;1;1;1;1;1;1;2;1;1;2;2;2;1;1;1;1;1;2;4;2; ;1;1;1;2;1;2;2;1;1;3;1;1;01;11;07;11;3650,96791607777
4665549;1;4;3;1;1;1;1;1;3;1; ; ;98;500000; ;2;1;2;1;1;1;1;2;2;1;1;2;2;2;2;2;2;2;2;2;2;1;2;4;2; ;1;2;1;2;1;1;1;1;1;3;1;1;01;11;07;11;3236,43352741164
4665550;1;2;2;1;1;1;1;1;3;3; ; ; ; ;260000;2;1;2;2;2;2;1;2;2;2;1;2;2;2;2;2;2;2;2;2;2;2; ;7;2; ;1;2;1;4;1;1;1;1;1;3;1;1;01;11;07;11;2204,5417354906
4665551;1;4;3;1;1;1;1;1;3;1; ; ;98;1000000; ;2;2;2;2;1;1;1;2;2;1;1;2;2;2;2;2;2;1;2;1;2;1;4;4;2; ;1;1;1;4;1;3;1;1;1;3;1;1;01;11;07;11;2116,57021170862
4665552;1;5;3;1;1;1;1;1;3;1; ; ;320000000;1200000; ;1;1;1;1;1;1;1;1;1;1;1;1;1;1;1;2;2;2;2;1;2;1;2;3;2; ;1;1;1;4;1;3;1;1;1;3;1;1;01;11;07;11;3060,16498732826
4665554;1;2;1;1;2;1;1;1;3;3; ; ; ; ;350000;2;1;2;2;2;1;1;2;2;2;1;2;2;2;2;2;2;2;2;2;2;1;2;2;2; ;1;4;1;4;1;2;1;1;1;3;1;2;01;11;07;11;2943,31420483824
4665555;1;3;1;1;1;1;1;2;3;4; ; ; ;300000; ;1;2;2;2;1;1;1;2;2;2;1;2;2;1;2;2;2;2;2;2;2;1;1;1;2; ;1;1;1;4;1;2;1;1;1;3;1;1;01;11;07;11;2833,75274888743
4665556;1;5;3;1;1;1;1;1;3;2; ;1000000;180000000;700000; ;1;1;1;1;1;1;1;1;1;2;1;1;1;1;2;2;2;1;2;1;2;1;5;5;2; ;1;1;1;4;1;2;1;1;1;3;1;1;01;11;07;11;2742,14870131493
4665557;1;2;1;1;1;1;1;1;3;3; ; ; ; ;250000;2;1;2;2;2;1;1;2;2;2;1;2;2;2;2;2;2;2;2;2;2;1;1;1;2; ;1;2;1;4;1;1;1;1;1;3;1;1;01;11;07;11;3049,82692314578
4665558;1;4;3;1;1;1;1;1;3;2; ;1300000;280000000;1500000; ;2;2;2;1;1;1;1;2;2;1;1;1;1;1;1;2;2;1;2;1;2;1;1;3;2; ;1;1;1;4;1;3;1;1;1;3;1;1;01;11;07;11;2707,61715165337
4665559;1;5;4;1;1;1;1;1;3;1; ; ;340000000;1200000; ;1;1;1;1;1;1;1;2;2;1;1;2;1;1;2;2;2;1;2;1;2;1;4;6;2; ;1;1;1;4;1;3;1;1;1;3;1;1;01;11;07;11;2410,40398874968
4665560;1;3;2;1;1;1;1;1;3;3; ; ; ; ;400000;2;1;1;1;1;1;1;2;2;2;1;2;1;1;2;2;2;2;2;2;2;1;2;5;2; ;1;2;1;4;1;2;1;1;1;3;1;2;01;11;07;11;4187,03640609856
4665561;1;4;3;1;1;1;1;1;3;3; ; ; ; ;350000;1;1;1;1;1;1;1;2;2;1;1;1;1;1;2;2;2;1;2;2;2;1;5;5;2; ;1;2;1;2;1;2;1;1;1;3;1;1;01;11;07;11;2474,40310840372
4665562;1;2;2;1;1;1;1;3;3;2; ;520000;120000000;500000; ;2;1;2;1;1;1;1;1;2;1;1;1;1;1;2;2;2;1;2;2;2;1;3;3;2; ;1;2;1;4;1;2;1;1;1;3;1;2;01;11;07;11;2790,77138232453
4665563;1;2;2;1;1;1;1;1;3;3; ; ; ; ;350000;2;1;2;1;2;2;1;2;2;2;1;2;2;2;2;2;2;2;2;2;2;1;1;3;2; ;1;2;1;4;1;2;1;1;1;3;1;1;01;11;07;11;3757,48063438531
4665564;1;5;3;1;1;1;1;1;3;1; ; ;250000000;1000000; ;1;1;1;1;1;1;1;2;1;1;1;2;1;1;2;2;2;1;2;1;2;1;4;5;2; ;1;1;1;4;1;3;1;1;1;3;1;1;01;11;07;11;3708,85795337571
4665565;1;3;3;1;1;1;1;1;3;3; ; ; ; ;98;2;1;1;1;1;1;1;2;1;1;1;1;1;2;2;2;2;1;2;2;2;1;5;6;2; ;1;2;1;4;1;2;1;1;1;3;1;1;01;11;07;11;2370,72965345788
4665566;1;4;3;1;1;1;1;1;4;4; ; ; ;300000; ;2;2;2;1;1;1;1;2;2;2;1;2;1;2;2;2;2;1;2;2;2;1;2;3;2; ;1;1;1;4;1;2;2;1;1;3;1;1;01;11;07;11;2527,47585259084
4665568;1;5;4;1;1;1;1;1;3;2; ;480000;98;350000; ;1;2;1;1;1;1;1;1;2;2;1;2;1;1;2;2;2;1;2;1;2;1;3;6;2; ;1;2;1;4;1;2;1;1;1;3;1;1;01;11;07;11;3550,6738164153
4665569;1;4;1;1;1;1;1;1;3;1; ; ;400000000;1000000; ;2;1;1;1;1;1;1;1;2;2;1;2;2;1;2;2;2;2;2;2;2;1;1;1;2; ;1;1;1;4;1;3;1;1;1;3;1;1;01;11;07;11;2833,75274888743
4665570;1;2;2;1;1;1;1;1;3;3; ; ; ; ;350000;1;1;1;1;1;1;1;2;2;1;1;1;1;1;2;2;2;1;2;2;2;1;1;4;2; ;1;2;1;4;1;2;1;1;1;3;1;1;01;11;07;11;2558,62804696903
4665571;1;4;2;1;1;1;1;1;3;1; ; ;125000000;800000; ;1;1;1;1;1;1;1;2;2;2;1;2;2;2;2;2;2;2;1;1;2;1;2;4;2; ;1;2;1;4;1;2;1;1;1;3;1;1;01;11;07;11;3867,04209033612
4665572;1;2;1;1;1;1;1;3;3;3; ; ; ; ;350000;2;1;2;1;1;1;1;2;2;2;1;2;1;2;1;2;2;2;2;2;2;1;1;3;2; ;1;2;1;4;1;2;1;1;1;3;1;2;01;11;07;11;3629,01075397565
4665573;1;2;2;1;1;1;1;1;3;3; ; ; ; ;380000;2;2;2;2;1;1;1;1;2;2;1;1;2;2;2;2;2;2;2;2;2;1;3;4;2; ;1;2;1;4;1;2;1;1;1;3;1;1;01;11;07;11;3599,2964974249
4665574;1;3;2;1;1;1;1;1;3;3; ; ; ; ;350000;2;1;2;2;1;1;1;1;2;2;1;2;2;2;2;2;2;2;2;2;2;1;5;7;2; ;1;2;1;4;1;1;1;1;1;3;1;1;01;11;07;11;2477,48905832368
4665575;1;5;4;1;1;1;1;1;3;1; ; ;150000000;500000; ;2;1;1;1;1;1;1;2;1;2;1;2;2;1;2;2;2;1;1;2;2;1;2;5;2; ;1;2;1;4;1;1;1;1;1;3;1;1;01;11;07;11;2474,40310840372
4665576;1;3;1;1;1;1;1;1;3;1; ; ;98;300000; ;2;1;2;1;1;2;1;2;2;2;1;1;1;2;2;2;2;2;2;2;2;1;1;2;2; ;1;2;1;4;1;1;1;1;1;3;1;1;01;11;07;11;4265,3733436589
4665577;1;4;3;1;1;1;1;1;1;3; ; ; ; ;470000;2;1;2;1;1;1;1;2;2;2;1;2;1;1;2;2;2;2;2;2;2;1;2;5;2; ;1;2;1;4;1;2;1;1;1;3;1;1;01;11;07;11;2312,83961615994
4665578;1;4;2;1;1;1;1;1;3;4; ; ; ;600000; ;2;1;1;1;1;1;1;2;2;1;1;2;2;1;2;2;2;2;1;2;2;1;2;8;2; ;1;1;1;4;1;2;1;1;1;3;1;1;01;11;07;11;5001,4495222039
4665580;1;3;1;1;1;1;1;1;3;3; ; ; ; ;350000;2;1;2;2;2;1;1;2;2;2;1;1;2;2;2;2;2;2;1;2;2;1;2;3;2; ;1;2;1;4;1;1;1;1;1;3;1;1;01;11;07;11;2787,96933123953
4665581;1;1;1;1;2;1;1;1;3;3; ; ; ; ;150000;2;1;1;1;2;1;1;2;2;2;1;1;2;2;2;2;2;2;2;2;2;1;1;1;2; ;1;4;1;4;1;2;1;1;1;3;1;1;01;11;07;11;3189,10263564732
4665584;1;7;3;1;1;1;1;1;1;1; ; ;380000000;1300000; ;1;1;2;1;1;1;1;1;2;1;1;2;2;2;1;2;2;2;2;2;2;1;3;4;2; ;1;1;1;4;1;3;2;1;1;3;1;1;01;11;07;11;2691,54799055621
4665585;1;5;3;1;1;1;1;1;3;1; ; ;98;98; ;1;1;1;1;1;1;1;1;1;1;1;1;1;1;1;2;2;1;2;1;2;1;3;3;2; ;1;1;1;4;1;3;1;1;1;3;1;1;01;11;07;11;3001,20424213617
4665587;1;3;2;1;1;1;1;1;3;3; ; ; ; ;650000;1;1;2;1;1;1;1;1;2;1;1;2;2;1;2;2;2;1;2;1;2;1;2;3;2; ;1;1;1;4;1;3;1;1;1;3;1;1;01;11;07;11;2790,77138232453
4665588;1;4;3;1;1;1;1;1;3;1; ; ;99;1500000; ;1;1;1;1;1;1;1;2;1;2;1;2;2;1;1;2;2;1;2;1;2;1;4;4;2; ;1;1;1;4;1;3;1;1;1;3;1;1;01;11;07;11;2339,00015488132
4665589;1;4;1;1;1;1;1;1;3;1; ; ;89000000;500000; ;2;1;1;1;1;1;1;2;2;1;1;1;1;2;2;2;2;1;2;1;2;1;2;2;2; ;1;2;1;4;1;3;1;1;1;3;1;1;01;11;07;11;2598,05569570257
4665590;1;5;2;1;1;1;1;1;3;1; ; ;200000000;450000; ;2;2;2;1;1;1;1;2;2;2;1;1;2;2;2;2;2;2;2;2;2;1;3;3;2; ;1;1;1;4;1;2;1;1;1;3;1;1;01;11;07;11;3052,87566078904
4665591;1;3;3;1;1;1;1;1;3;2; ;700000;110000000;700000; ;1;1;1;1;1;1;1;1;1;2;1;1;1;1;2;2;2;1;2;1;2;1;3;4;2; ;1;2;1;4;1;3;1;1;1;3;1;1;01;11;07;11;2843,02010517577
4665592;1;2;1;1;1;1;1;1;3;3; ; ; ; ;300000;2;2;1;2;1;1;1;2;2;2;1;2;2;2;2;2;2;1;2;2;2;1;1;1;2; ;1;2;1;4;1;2;1;1;1;3;1;1;01;11;07;11;2833,75274888743
4665593;1;4;3;1;1;1;1;1;3;1; ; ;120000000;500000; ;1;1;1;1;1;1;1;2;2;2;1;1;1;1;2;2;2;1;2;2;2;1;2;4;2; ;1;2;1;4;1;3;1;1;1;3;1;1;01;11;07;11;2814,37655651917
4665594;1;1;1;1;2;1;1;6; ;3; ; ; ; ;160000;2;1;2;2;2;2;2;2;2;2;1;2;2;2;2;2;2;2;2;2;2;2; ;1;2; ;1;4;1;2;1;2;2;1;1;3;1;1;01;11;07;11;3049,82692314578
4665595;1;1;1;1;1;1;1;1;4;1; ; ;80000000;250000; ;2;1;2;2;1;1;1;2;2;1;1;1;1;2;2;2;2;2;2;1;2;1;1;1;2; ;1;2;1;2;1;2;2;1;1;3;1;1;01;11;07;11;2833,75274888743
4665596;1;3;2;1;1;1;1;1;3;4; ; ; ;300000; ;2;1;1;1;1;1;1;2;2;1;1;2;2;2;2;2;2;1;2;2;2;1;2;2;2; ;1;2;1;2;1;2;1;1;1;3;1;1;01;11;07;11;2475,22712973961
4665597;1;3;2;1;1;1;1;1;3;1; ; ;90000000;400000; ;2;1;1;1;1;1;1;2;2;1;1;2;2;1;2;2;2;2;2;2;2;1;2;6;2; ;1;1;1;4;1;2;1;1;1;3;1;1;01;11;07;11;2842,55233726637
4665598;1;3;2;1;1;1;1;1;4;3; ; ; ; ;300000;1;1;1;2;2;1;1;2;2;2;1;1;2;1;2;2;2;1;2;2;2;1;3;5;2; ;1;2;1;6;1;2;2;1;1;3;1;1;01;11;07;11;2000,67471885838
4665599;1;3;2;1;1;1;1;1;3;1; ; ;98;400000; ;1;1;1;1;1;1;1;2;1;1;1;2;1;1;2;2;2;2;2;2;2;1;1;2;2; ;1;2;1;4;1;2;1;1;1;3;1;1;01;11;07;11;2608,14707332679
4665600;1;2;2;1;1;1;1;1;3;3; ; ; ; ;400000;2;1;1;2;1;1;1;2;2;2;1;2;1;2;2;2;2;1;2;2;2;1;2;3;2; ;1;2;1;4;1;2;1;1;1;3;1;1;01;11;07;11;2662,30150191487
4665601;1;3;1;1;1;1;1;1;3;3; ; ; ; ;400000;2;2;2;2;1;1;1;2;2;2;1;2;2;2;2;2;2;1;2;2;2;1;1;1;2; ;1;2;1;4;1;2;1;1;1;3;1;1;01;11;07;11;3189,10263564732
4665602;1;2;2;1;1;1;1;1;3;3; ; ; ; ;370000;1;1;1;1;1;1;1;2;2;2;1;2;2;1;2;2;2;2;2;2;2;1;2;6;2; ;1;2;1;4;1;2;1;1;1;3;1;1;01;11;07;11;3815,61735824151
4665604;1;4;3;1;1;1;1;1;3;1; ; ;100000000;500000; ;1;1;1;1;1;1;1;2;1;1;1;2;1;1;2;2;2;2;2;2;2;1;3;3;2; ;1;2;1;4;1;2;1;1;1;2;1;1;01;11;07;11;2795,22144550205
4665605;1;5;3;1;1;1;1;3;3;4; ; ; ;500000; ;1;1;1;1;1;1;1;1;2;1;1;1;1;1;1;2;2;2;2;2;2;1;4;5;2; ;1;2;1;4;1;2;1;1;1;3;1;1;01;11;07;11;2322,93099378416
4665606;1;3;1;1;1;1;1;1;3;1; ; ;98;98; ;2;1;2;1;1;1;1;1;2;1;1;2;1;2;2;2;2;2;2;2;2;1;1;2;2; ;1;2;1;4;1;2;1;1;1;3;1;1;01;11;07;11;2598,05569570257
4665607;1;4;3;1;1;1;1;1;3;3; ; ; ; ;750000;1;1;1;1;1;1;1;1;1;1;1;1;1;2;2;2;2;2;2;2;2;1;2;5;2; ;1;2;1;4;1;3;1;1;1;3;1;1;01;11;07;11;4106,7214387891
4665608;1;2;1;1;1;1;1;1;3;1; ; ;98;650000; ;1;1;1;1;1;1;1;2;2;1;1;2;2;1;2;2;2;1;2;2;2;1;2;2;2; ;1;2;1;4;1;3;1;1;1;3;1;1;01;11;07;11;3030,91849868692
4665609;1;4;1;1;1;1;1;1;3;1; ; ;98;500000; ;2;1;2;1;1;2;1;2;2;2;1;2;1;2;2;2;2;2;2;2;2;1;1;1;2; ;1;2;1;4;1;2;1;1;1;3;1;1;01;11;07;11;2833,75274888743
4665610;1;4;3;1;1;1;1;1;3;3; ; ; ; ;250000;2;2;2;1;1;1;1;1;2;1;1;1;1;2;2;2;2;1;2;2;2;1;1;3;2; ;1;2;1;4;1;2;1;1;1;3;1;1;01;11;07;11;5341,64405167049
4665611;1;4;3;1;1;1;1;1;3;2; ;320000;98;500000; ;1;1;1;1;1;1;1;2;2;1;1;2;2;2;2;2;2;2;2;2;2;1;4;4;2; ;1;2;1;4;1;2;1;1;1;3;1;1;01;11;07;11;2897,53078719033
4665612;1;7;5;1;1;1;1;1;3;1; ; ;400000000;1500000; ;1;2;1;1;1;1;1;1;2;1;1;1;1;2;1;2;2;2;2;1;2;1;4;5;2; ;1;1;1;4;1;3;1;1;1;3;1;1;01;11;07;11;2226,13166765942
4665614;1;2;2;1;1;1;1;1;3;3; ; ; ; ;800000;1;1;1;1;1;1;1;1;1;1;1;2;1;1;1;2;2;1;2;2;2;1;3;3;2; ;1;2;1;4;1;3;1;1;1;3;1;1;01;11;07;11;2784,41561341017
4665615;1;4;3;1;1;1;1;1;3;1; ; ;99;98; ;1;1;1;1;1;1;1;1;1;1;1;1;1;1;1;2;2;1;2;2;2;1;2;3;2; ;1;1;1;4;1;4;1;1;1;3;1;1;01;11;07;11;2362,3586425177
4665616;1;5;2;1;1;1;1;1;3;1; ; ;400000000;1500000; ;2;1;1;1;1;1;1;1;1;1;1;1;1;1;1;2;2;1;2;1;2;1;2;2;2; ;1;1;1;4;1;4;1;1;1;3;1;1;01;11;07;11;2675,56861192702
4665617;1;4;3;1;1;1;1;1;3;3; ; ; ; ;1200000;1;1;1;1;1;1;1;1;1;1;1;1;1;1;1;2;2;1;2;1;2;1;4;4;2; ;1;1;1;4;1;4;1;1;1;3;1;1;01;11;07;11;2761,05712577379
4665618;1;5;1;1;1;1;1;1;3;3; ; ; ; ;750000;1;1;1;1;1;1;1;1;2;1;1;1;1;2;2;2;2;1;2;1;2;1;2;2;2; ;1;2;1;4;1;3;1;1;1;3;1;1;01;11;07;11;2598,05569570257
4665619;1;4;3;1;1;1;1;1;3;1; ; ;250000000;400000; ;2;1;1;2;1;1;1;2;2;2;1;2;2;2;2;2;2;2;1;2;2;1;3;3;2; ;1;1;1;4;1;3;1;1;1;3;1;1;01;11;07;11;2578,43281677604
4665620;1;6;3;1;1;1;1;1;3;1; ; ;600000000;3000000; ;1;1;1;1;1;1;1;1;1;1;1;1;2;1;2;2;1;1;2;1;2;1;4;4;2; ;1;1;1;4;1;4;1;1;1;3;1;1;01;11;07;11;2415,79861663812
4665622;1;4;2;1;2;1;1;1;3;3; ; ; ; ;500000;2;2;2;1;1;1;1;2;2;1;1;1;2;1;2;2;2;1;2;1;2;1;2;3;2; ;1;2;1;4;1;2;1;1;1;3;1;1;01;11;07;11;3236,43352741164
4665622;2;1;1;1;2;1;1;6; ;3; ; ; ; ;280000;2;2;2;1;1;2;2;2;2;1;1;2;2;2;2;2;2;2;2;2;2;1;1;1;2; ;2;2;1;4;1;2;1;1;1;3;1;1;01;11;07;11;3236,43352741164
4665623;1;5;2;1;1;1;1;1;3;3; ; ; ; ;600000;1;1;1;1;1;1;1;1;1;1;1;1;1;1;2;2;2;1;2;2;2;1;5;6;2; ;1;1;1;4;1;3;1;1;1;3;1;1;01;11;07;11;3257,0867259325
4665626;1;4;2;1;1;1;1;1;3;1; ; ;98;800000; ;1;1;2;2;1;1;1;1;2;1;1;2;1;1;2;2;2;2;2;2;2;1;3;4;2; ;1;2;1;4;1;3;1;1;1;3;1;1;01;11;07;11;2814,37655651917
4665627;1;2;1;1;1;1;1;1;3;1; ; ;98;800000; ;1;1;2;1;1;1;1;2;1;2;1;2;2;2;2;2;2;2;2;2;2;2; ;1;2; ;1;1;1;4;1;3;1;1;1;3;1;1;01;11;07;11;2843,84412651165
4665628;1;5;4;1;1;1;1;1;3;1; ; ;99;1000000; ;1;1;1;1;1;1;1;1;2;1;1;2;2;1;2;2;2;2;2;2;2;1;5;6;2; ;1;2;1;4;1;3;1;1;1;3;1;1;01;11;07;11;2345,78450123444
4665629;1;4;3;1;1;1;1;1;3;3; ; ; ; ;500000;1;1;1;1;1;1;1;2;2;1;1;2;1;1;2;2;2;1;2;2;2;1;5;5;2; ;1;2;1;4;1;3;1;1;1;3;1;1;01;11;07;11;2519,71875814222
4665630;1;4;2;1;1;1;1;1;3;1; ; ;98;500000; ;1;1;1;1;1;1;1;1;2;1;1;2;1;1;2;2;2;2;2;2;2;1;2;3;2; ;1;2;1;4;1;2;1;1;1;3;1;1;01;11;07;11;2451,86864210323
4665631;1;4;3;1;1;1;1;1;3;1; ; ;98;700000; ;1;1;1;1;1;1;1;1;1;1;1;1;1;1;2;2;2;2;2;1;2;1;5;5;2; ;1;2;1;4;1;2;1;1;1;3;1;1;01;11;07;11;2263,97024859208
4665632;1;4;2;1;1;1;1;1;3;3; ; ; ; ;800000;1;1;1;1;1;1;1;1;1;1;1;1;2;1;2;2;2;1;2;2;2;1;2;3;2; ;1;2;1;4;1;3;1;1;1;3;1;1;01;11;07;11;3266,14778396238
4665633;1;1;1;1;2;1;1;1;3;3; ; ; ; ;150000;1;1;2;1;1;1;1;2;2;2;1;2;2;2;2;2;2;2;2;2;2;2; ;1;2; ;1;4;1;7;1;3;1;1;1;3;1;1;01;11;07;11;3033,43373494577
4665634;1;1;1;1;1;1;1;1;4;3; ; ; ; ;350000;2;2;2;1;1;1;1;2;2;2;1;1;1;2;2;2;2;2;2;2;2;1;1;1;2; ;1;2;1;4;1;2;2;1;1;3;1;1;01;11;07;11;3033,43373494577
4665635;1;3;1;1;1;1;1;1;4;4; ; ; ;500000; ;2;1;2;1;1;1;1;2;2;1;1;2;2;2;2;2;2;2;2;2;2;1;2;2;2; ;1;2;1;4;1;3;2;1;1;3;1;1;01;11;07;11;3150,29928795996
4665636;1;1;1;1;2;1;1;1;3;3; ; ; ; ;300000;1;1;2;1;1;1;1;2;2;2;1;2;2;2;2;2;2;2;2;2;2;1;1;2;2; ;1;4;1;4;1;3;1;1;1;3;1;1;01;11;07;11;2722,92271569501
4665637;1;7;1;1;1;1;1;1;3;1; ; ;800000000;98; ;1;1;1;1;1;1;1;1;1;1;1;1;1;1;1;2;2;1;2;1;1;1;1;1;2; ;1;1;1;7;1;5;1;1;1;3;1;1;01;11;07;11;3189,10263564732
4665638;1;3;2;1;1;1;1;1;3;3; ; ; ; ;600000;1;1;1;1;1;1;1;1;1;1;1;1;1;1;2;2;2;1;2;1;2;1;3;3;2; ;1;2;1;4;1;3;1;1;1;3;1;1;01;11;07;11;3919,2814972951
4665639;1;5;1;1;1;1;1;1;3;1; ; ;300000000;1500000; ;1;1;1;1;1;1;1;1;1;1;1;1;1;1;1;2;2;2;2;1;2;1;2;2;2; ;1;1;1;6;1;5;1;1;1;3;1;1;01;11;07;11;2598,05569570257
4665640;1;4;2;1;1;1;1;1;3;1; ; ;98;98; ;1;1;1;1;1;1;1;1;1;1;1;1;1;1;1;2;2;2;2;1;2;1;2;2;2; ;1;1;1;6;1;5;1;1;1;3;1;1;01;11;07;11;2814,12986996091
4665641;1;4;3;1;1;1;1;1;3;1; ; ;300000000;1000000; ;1;1;1;1;1;1;1;1;2;1;1;1;1;1;2;2;2;1;1;1;2;1;5;5;2; ;1;2;1;4;1;3;1;1;1;3;1;1;01;11;07;11;1970,38315810928
4665642;1;1;1;1;2;1;1;1;3;3; ; ; ; ;200000;2;1;2;1;1;1;1;2;2;2;1;2;2;2;2;2;2;2;2;2;2;1;1;1;2; ;1;4;1;4;1;3;1;1;1;3;1;1;01;11;07;11;3401,70947802382
4665643;1;5;2;1;1;1;1;1;3;3; ; ; ; ;600000;2;2;2;1;1;1;1;2;2;1;1;2;2;2;2;2;2;1;2;2;2;1;2;3;2; ;1;2;1;4;1;3;1;1;1;3;1;1;01;11;07;11;2839,7882687092
4665644;1;7;4;1;1;1;1;1;3;1; ; ;700000000;98; ;1;1;1;1;1;1;1;1;1;1;1;1;2;1;2;2;2;1;2;1;1;1;5;5;2; ;1;1;1;6;1;5;1;1;1;3;1;1;01;11;07;11;2448,56161083213
4665645;1;3;1;1;1;1;1;1;3;3; ; ; ; ;350000;1;1;2;1;1;1;1;1;2;1;1;1;1;1;2;2;2;1;2;2;2;1;2;2;2; ;1;2;1;4;1;3;1;1;1;3;1;1;01;11;07;11;2598,05569570257
4665646;1;6;1;1;1;1;1;1;3;1; ; ;98;2000000; ;1;1;1;1;1;1;1;1;1;1;1;2;2;2;2;2;2;1;2;1;2;1;1;1;2; ;1;1;1;6;1;5;1;1;1;3;1;1;01;11;07;11;2843,84412651165
4665647;1;7;6;1;1;1;1;1;3;2; ;4000000;900000000;4000000; ;2;1;1;1;1;1;1;1;1;1;1;1;1;1;1;2;2;1;2;1;1;1;4;6;2; ;1;1;1;6;1;5;1;1;1;3;1;1;01;11;07;11;4293,79581096436
4665648;1;4;3;1;1;1;1;3;3;3; ; ; ; ;500000;2;2;1;1;1;1;1;1;2;2;1;2;2;2;2;2;2;2;2;2;2;1;5;5;2; ;1;2;1;4;1;2;1;1;1;3;1;1;01;11;07;11;2613,67882090527
4665649;1;8;1;1;1;1;1;1;3;1; ; ;850000000;4500000; ;1;1;1;1;1;1;1;1;1;1;1;1;1;1;1;2;2;2;2;1;2;1;2;2;2; ;1;1;1;7;1;5;1;1;1;3;1;1;01;11;07;11;2598,05569570257
4665650;1;2;2;1;2;1;1;1;4;3; ; ; ; ;300000;2;1;2;1;1;1;1;2;2;1;1;1;1;2;2;2;2;1;2;2;2;1;3;3;2; ;1;4;1;4;1;3;2;1;1;3;1;1;01;11;07;11;2976,82280781284
4665651;1;3;2;1;1;1;1;1;3;3; ; ; ; ;500000;2;2;1;1;1;1;1;2;1;1;1;1;2;2;2;2;2;1;2;1;2;1;2;3;2; ;1;2;1;4;1;3;1;1;1;3;1;1;01;11;07;11;3266,14778396238
4665652;1;5;3;1;1;1;1;1;3;1; ; ;98;98; ;1;1;1;1;1;1;1;1;1;1;1;1;1;1;1;2;2;1;2;1;1;1;3;3;2; ;1;1;1;6;1;5;1;1;1;3;1;1;01;11;07;11;2451,86864210323
4665653;1;2;2;1;1;1;1;1;3;4; ; ; ;800000; ;1;1;1;1;1;1;1;1;1;1;1;1;1;1;2;2;2;2;2;1;2;1;2;3;2; ;1;2;1;4;1;3;1;1;1;3;1;1;01;11;07;11;2976,82280781284
4665655;1;1;1;1;1;1;1;6; ;1; ; ;25000000;100000; ;2;2;2;2;2;2;2;2;2;2;1;2;2;2;2;2;2;2;2;2;2;1;2;1;2; ;1;1;1;1;1;1;2;1;1;3;1;1;01;11;07;11;2833,75274888743
4665657;1;7;4;1;1;1;1;1;3;1; ; ;900000000;5000000; ;1;1;1;1;1;1;1;1;1;1;1;2;1;1;1;2;2;1;2;1;2;1;5;6;2; ;1;1;1;6;1;5;1;1;1;3;1;1;01;11;07;11;2891,42170483423
4665658;1;1;1;1;1;1;1;1;3;3; ; ; ; ;250000;2;1;2;2;2;1;1;2;2;2;1;2;2;2;2;2;2;2;2;2;2;1;1;1;2; ;1;2;1;4;1;3;1;1;1;3;1;1;01;11;07;11;2833,75274888743
4665660;1;5;4;1;1;1;1;1;3;1; ; ;98;98; ;1;1;1;1;1;1;1;1;1;1;1;1;1;1;1;2;2;1;2;1;1;1;3;5;2; ;1;1;1;6;1;5;1;1;1;3;1;1;01;11;07;11;2190,90739554514
4665661;1;8;4;1;1;1;1;1;3;1; ; ;800000000;3500000; ;1;1;1;1;1;1;1;1;1;1;1;1;1;1;1;2;2;1;2;1;2;1;4;4;2; ;1;1;1;6;1;5;1;1;1;3;1;1;01;11;07;11;2281,68742178175
4665662;1;2;1;1;1;1;1;1;3;3; ; ; ; ;60000;2;1;1;1;1;1;1;1;2;1;1;1;1;2;2;2;2;1;2;2;2;1;2;2;2; ;1;1;1;4;1;3;1;1;1;3;1;1;01;11;07;11;3370,01427103636
4665663;1;3;2;1;1;1;1;1;3;3; ; ; ; ;500000;1;1;1;2;1;1;1;2;2;2;1;1;1;1;2;2;2;1;2;2;2;1;2;2;2; ;1;2;1;4;1;3;1;1;1;3;1;1;01;11;07;11;3020,11266659503
4665667;1;4;3;1;1;1;1;1;3;3; ; ; ; ;400000;1;1;1;1;1;1;1;1;2;2;1;2;1;1;2;2;2;2;2;2;2;1;2;6;2; ;1;2;1;4;1;1;1;1;1;3;1;1;01;11;07;11;3340,24095660366
4665668;1;1;1;1;2;1;1;1;4;3; ; ; ; ;250000;2;1;2;2;2;1;1;2;2;2;1;2;2;2;2;2;2;2;2;2;2;1;1;1;2; ;1;4;1;4;1;3;2;1;1;3;1;1;01;11;07;11;3401,70947802382
4665669;1;4;3;1;1;1;1;1;3;3; ; ; ; ;400000;1;2;2;2;1;1;1;2;2;2;1;2;2;2;2;2;2;2;2;2;2;1;1;3;2; ;1;1;3;4;1;3;1;1;1;3;1;1;01;11;07;11;2970,80540573636
4665670;1;3;2;1;1;1;1;1;3;1; ; ;80000000;500000; ;1;1;1;1;1;1;1;1;2;1;1;2;1;1;2;2;2;2;1;2;2;1;3;3;2; ;1;2;1;4;1;1;1;1;1;3;1;1;01;11;07;11;3129,67412254584
4665671;1;5;2;1;1;1;1;1;3;1; ; ;98;98; ;1;1;1;1;1;1;1;1;1;1;1;1;1;1;1;2;2;1;2;1;2;1;3;3;2; ;1;1;1;6;1;5;1;1;1;3;1;1;01;11;07;11;2439,87155874216
4665672;1;3;2;1;1;1;1;1;3;1; ; ;700000000;30000000; ;1;1;1;1;1;1;1;1;1;1;1;1;1;1;1;2;2;1;2;1;1;1;2;3;2; ;1;1;1;4;1;4;1;1;1;3;1;1;01;11;07;11;4235,65908710816
4665673;1;9;3;1;1;1;1;1;3;1; ; ;100000000;360000000; ;2;1;1;1;1;1;1;1;1;1;1;1;1;1;2;2;2;1;2;1;1;1;2;3;2; ;1;1;1;6;1;5;1;1;1;3;1;1;01;11;07;11;3137,67790355272
4665674;1;3;2;1;1;1;1;1;3;3; ; ; ; ;360000;1;1;1;1;1;1;1;2;1;2;1;2;1;2;2;2;2;1;1;2;2;1;3;6;2; ;1;2;1;4;1;1;1;1;1;3;1;1;01;11;07;11;3449,95233714324
4665675;1;3;2;1;1;1;1;1;3;4; ; ; ;400000; ;1;1;1;1;1;1;1;1;2;1;1;1;1;1;2;2;2;1;2;2;2;1;2;4;2; ;1;2;1;4;1;1;1;1;1;3;1;1;01;11;07;11;4077,47495014776
4665676;1;1;1;1;1;1;1;1;4;3; ; ; ; ;300000;2;1;2;2;1;1;1;2;2;2;1;2;1;2;2;2;2;2;2;2;2;1;1;2;2; ;1;2;1;4;1;3;2;1;1;3;1;1;01;11;07;11;3515,58617654734
4665677;1;2;1;1;1;1;1;1;4;3; ; ; ; ;500000;2;1;2;1;2;1;1;2;2;2;1;2;2;2;2;2;2;2;2;2;2;1;1;2;1;1;1;2;1;4;1;3;2;1;1;3;1;1;01;11;07;11;3139,53515182746
4665678;1;2;1;1;1;1;1;1;3;3; ; ; ; ;180000;2;2;2;2;2;2;2;2;2;2;1;2;2;2;2;2;2;2;2;2;2;1;1;1;2; ;1;2;1;4;1;1;1;1;1;3;1;1;01;11;07;11;2843,84412651165
4665679;1;1;1;1;1;1;1;6; ;3; ; ; ; ;300000;2;1;2;2;2;2;2;2;2;2;1;1;2;2;2;2;2;2;2;2;2;1;1;1;2; ;1;4;1;4;1;3;2;1;1;3;1;1;01;11;07;11;3022,66959881327
4665680;1;3;1;1;1;1;1;1;3;1; ; ;98;600000; ;2;1;2;1;1;1;1;1;2;2;1;2;1;2;2;2;2;2;2;2;2;1;2;2;2; ;1;2;1;4;1;1;1;1;1;3;1;1;01;11;07;11;2943,31420483824
4665681;1;1;1;1;2;1;1;1;3;3; ; ; ; ;400000;2;1;2;2;2;1;1;2;2;2;1;2;2;2;2;2;2;1;2;2;2;1;1;1;2; ;1;4;1;4;1;3;1;1;1;3;1;1;01;11;07;11;3049,82692314578
4665682;1;3;1;1;2;1;1;1;3;4; ; ; ;98; ;2;1;2;1;1;1;1;1;1;1;1;1;1;1;2;2;2;1;2;2;2;1;1;1;2; ;1;1;1;4;1;2;1;1;1;3;1;1;01;11;07;11;3159,38837909658
4665682;2;3;1;1;1;1;1;1;3;3; ; ; ; ;280000;2;1;2;2;1;2;1;2;2;2;2;2;2;1;2;2;2;2;2;2;2;1;1;1;2; ;2;1;1;4;1;2;1;1;1;3;1;1;01;11;07;11;3159,38837909658
4665683;1;2;1;1;1;1;1;1;3;1; ; ;150000000;1200000; ;1;1;2;2;1;1;1;2;2;1;1;2;2;2;2;2;2;2;2;2;2;1;1;1;2; ;1;2;1;6;1;3;1;1;1;3;1;1;01;11;07;11;2843,84412651165
4665684;1;3;3;1;2;1;1;1;3;3; ; ; ; ;600000;2;1;1;1;1;1;1;2;1;2;1;2;1;1;2;2;2;1;1;2;2;1;3;4;2; ;1;4;1;4;1;2;1;1;1;3;1;1;01;11;07;11;2894,69152382864
4665685;1;3;2;1;1;1;1;1;3;3; ; ; ; ;500000;2;1;1;1;1;1;1;2;2;2;1;2;1;1;2;2;2;1;2;2;2;1;3;3;2; ;1;2;1;4;1;3;1;1;1;3;1;1;01;11;07;11;2790,77138232453
4665686;1;3;2;1;1;1;1;1;3;3; ; ; ; ;400000;2;1;2;2;2;1;1;2;2;2;1;1;1;2;2;2;2;1;2;2;2;1;1;3;2; ;1;2;1;4;1;2;1;1;1;3;1;1;01;11;07;11;2787,96933123953
4665687;1;4;1;1;1;1;1;1;3;1; ; ;300000000;1000000; ;1;1;1;1;1;1;1;1;1;1;1;1;1;1;1;2;2;2;2;1;2;1;1;1;2; ;1;2;1;6;1;3;1;1;1;3;1;1;01;11;07;11;2843,84412651165
4665688;1;5;2;1;1;1;1;1;3;2; ;1900000;200000000;350000; ;2;1;1;1;1;1;1;1;2;1;1;2;2;2;2;2;2;1;2;2;2;1;2;3;2; ;1;2;1;4;1;2;1;1;1;3;1;1;01;11;07;11;3266,14778396238
4665689;1;1;1;1;1;1;1;1;3;3; ; ; ; ;100000;2;1;2;2;2;2;1;2;2;2;1;2;2;2;2;2;2;2;2;2;2;1;1;2;2; ;1;4;1;4;1;2;1;1;1;3;1;1;01;11;07;11;3787,19489093605
4665690;1;5;3;1;1;1;1;1;3;1; ; ;500000000;1000000; ;1;1;1;1;1;1;1;1;1;1;1;1;2;1;1;2;2;1;1;1;2;1;4;4;2; ;1;2;1;4;1;3;1;1;1;3;1;1;01;11;07;11;3033,25278186252
4665691;1;2;1;1;1;1;1;1;3;3; ; ; ; ;1200000;2;1;1;1;1;1;1;1;1;1;1;1;2;1;1;2;2;1;2;1;2;1;2;2;2; ;1;2;1;6;1;3;1;1;1;3;1;1;01;11;07;11;2598,05569570257
4665692;1;4;3;1;1;1;1;1;3;1; ; ;98;98; ;2;1;1;1;1;1;1;1;1;1;1;1;1;1;2;2;2;2;2;2;2;1;3;3;2; ;1;1;1;4;1;2;1;1;1;3;1;1;01;11;07;11;2106,61013296756
4665693;1;4;3;1;1;1;1;1;4;3; ; ; ; ;950000;2;1;1;1;1;1;1;1;1;2;1;1;1;2;2;2;2;2;2;2;2;1;3;6;2; ;1;2;1;4;1;3;2;1;1;3;1;1;01;11;07;11;2503,64959704506
4665694;1;3;1;1;1;1;1;1;3;3; ; ; ; ;1200000;1;1;1;1;1;1;1;1;2;1;1;2;1;1;1;2;2;2;2;1;2;1;2;2;2; ;1;2;1;6;1;3;1;1;1;3;1;1;01;11;07;11;3159,38837909658
4665695;1;2;2;1;1;1;1;1;3;3; ; ; ; ;480000;1;1;2;1;1;2;1;2;2;2;1;2;1;2;2;2;2;2;2;2;2;1;2;3;2; ;1;2;1;4;1;2;1;1;1;3;1;1;01;11;07;11;4235,65908710816
4665696;1;3;2;1;1;1;1;1;4;3; ; ; ; ;650000;2;1;1;1;1;1;1;2;2;1;1;2;1;1;2;2;2;1;2;2;2;1;3;3;2; ;1;2;1;4;1;3;2;1;1;3;1;1;01;11;07;11;3266,14778396238
4665697;1;3;1;1;1;1;1;1;3;3; ; ; ; ;1100000;1;1;1;1;1;1;1;1;2;1;1;1;1;1;2;2;2;1;1;2;2;1;1;1;2; ;1;2;1;6;1;3;1;1;1;3;1;1;01;11;07;11;3049,82692314578
4665698;1;4;3;1;1;1;1;1;3;1; ; ;98;600000; ;1;1;1;1;1;1;1;2;2;2;1;1;1;2;2;2;2;2;2;2;2;1;1;3;2; ;1;2;1;4;1;3;1;1;1;3;1;1;01;11;07;11;2795,22144550205
4665699;1;4;3;1;1;1;1;1;3;1; ; ;120000000;700000; ;1;1;1;1;1;1;1;1;2;1;1;1;1;1;1;2;2;1;1;1;2;1;4;4;2; ;1;2;1;4;1;3;1;1;1;3;1;1;01;11;07;11;2677,90289510263
4665700;1;3;1;1;1;1;1;1;3;1; ; ;60000000;600000; ;2;1;2;1;1;1;1;2;2;1;1;1;2;2;2;2;2;2;2;2;2;1;2;2;2; ;1;1;1;4;1;2;1;1;1;3;1;1;01;11;07;11;2953,40558246246
4665701;1;4;3;1;1;1;1;1;3;3; ; ; ; ;1300000;2;1;1;1;1;1;1;2;2;1;1;1;1;1;2;2;2;2;2;1;2;1;3;3;2; ;1;2;1;6;1;3;1;1;1;3;1;1;01;11;07;11;2784,41561341017
4665702;1;3;2;1;1;1;1;1;3;1; ; ;98;98; ;1;2;1;1;1;1;1;2;2;1;1;1;1;1;2;2;2;1;2;2;2;1;3;4;2; ;1;1;1;4;1;2;1;1;1;3;1;1;01;11;07;11;2891,88947274363
4665703;1;4;3;1;1;1;1;1;3;3; ; ; ; ;1200000;1;1;1;1;1;1;1;2;1;1;1;2;2;1;2;2;2;2;2;2;2;1;3;5;2; ;1;2;1;4;1;3;1;1;1;3;1;1;01;11;07;11;4451,97994792477
4665704;1;3;1;1;1;1;1;1;3;1; ; ;98;900000; ;1;1;2;1;1;1;1;1;2;1;1;1;1;2;1;2;2;2;2;2;2;1;1;1;2; ;1;2;1;4;1;3;1;1;1;3;1;1;01;11;07;11;2843,84412651165
4665705;1;4;4;1;1;1;1;1;3;4; ; ; ;400000; ;1;1;1;1;1;1;1;2;2;2;1;1;1;1;2;2;2;1;1;2;2;1;4;7;2; ;1;1;1;2;1;2;1;1;1;3;1;1;01;11;07;11;2603,11967537165
4665706;1;3;2;1;1;1;1;1;3;1; ; ;150000000;800000; ;1;1;1;1;1;1;1;1;2;2;1;1;2;1;2;2;2;2;2;1;1;1;2;2;2; ;1;2;1;4;1;3;1;1;1;3;1;1;01;11;07;11;2475,22712973961
4665707;1;3;2;1;1;1;1;1;3;1; ; ;150000000;400000; ;1;1;2;1;1;1;1;2;2;1;1;2;1;2;2;2;2;2;2;2;2;1;3;5;2; ;1;2;1;4;1;2;1;1;1;3;1;1;01;11;07;11;3625,70372270455
4665709;1;1;1;1;2;1;1;1;3;3; ; ; ; ;200000;2;1;2;2;2;1;1;2;2;2;1;1;1;2;2;2;2;2;2;1;2;1;1;1;2; ;1;3;1;4;1;2;1;1;1;3;1;1;01;11;07;11;3049,82692314578
4665710;1;2;1;1;1;1;1;1;3;1; ; ;98;98; ;2;1;1;1;1;1;1;2;1;1;1;1;2;1;2;2;2;2;2;1;2;1;1;1;2; ;1;2;1;4;1;3;1;1;1;3;1;1;01;11;07;11;3189,10263564732
4665711;1;4;2;1;1;1;1;1;3;3; ; ; ; ;980000;2;1;1;1;1;1;1;1;2;1;1;1;2;1;1;2;2;1;2;2;2;1;2;2;2; ;1;2;1;4;1;3;1;1;1;3;1;1;01;11;07;11;2943,31420483824
4665712;1;2;1;1;1;1;1;1;3;2; ;800000;70000000;400000; ;2;1;2;1;1;1;1;2;2;2;1;2;1;2;2;2;2;2;2;2;2;1;1;2;2; ;1;2;1;4;1;2;1;1;1;3;1;1;01;11;07;11;2598,05569570257
4665713;1;2;2;1;1;1;1;1;3;4; ; ; ;300000; ;1;1;1;1;1;1;1;1;2;1;1;2;1;1;2;2;2;2;2;2;2;1;2;2;2; ;1;2;1;4;1;2;1;1;1;3;1;1;01;11;07;11;2814,12986996091
4665714;1;4;1;1;1;1;1;1;3;3; ; ; ; ;550000;2;1;2;1;1;1;1;1;1;1;1;2;2;2;2;2;2;2;2;2;2;1;2;2;2; ;1;2;1;4;1;3;1;1;1;3;1;1;01;11;07;11;3159,38837909658
4665715;1;4;3;1;1;1;1;1;3;3; ; ; ; ;600000;1;1;1;1;1;1;1;1;2;1;1;1;1;1;1;2;2;2;2;2;2;1;2;4;2; ;1;2;1;4;1;3;1;1;1;3;1;1;01;11;07;11;4006,31780283766
4665716;1;2;2;1;2;1;1;1;3;3; ; ; ; ;300000;2;1;2;2;2;2;2;1;2;1;1;1;2;2;2;2;2;2;2;2;2;1;2;3;2; ;1;3;1;4;1;2;1;1;1;3;1;1;01;11;07;11;4372,13274852471
4665717;1;3;1;1;1;1;1;1;3;3; ; ; ; ;1000000;1;1;1;1;1;1;1;1;2;1;1;2;2;2;2;2;2;2;1;2;2;1;2;3;2; ;1;2;1;4;1;3;1;1;1;3;1;1;01;11;07;11;3266,14778396238
4665718;1;3;2;1;1;1;1;1;3;3; ; ; ; ;400000;2;2;2;2;1;1;1;1;2;2;1;1;1;2;2;2;2;1;2;2;2;1;1;4;2; ;1;2;1;4;1;2;1;1;1;3;1;1;01;11;07;11;3107,96364700197
4665719;1;1;1;1;1;1;1;1;3;3; ; ; ; ;250000;2;2;2;2;2;2;1;2;2;2;2;2;2;2;2;2;2;2;2;2;2;1;2;2;2; ;1;2;1;4;1;2;1;1;1;3;1;1;01;11;07;11;2804,03849233669
4665720;1;2;1;1;1;1;1;1;3;3; ; ; ; ;320000;2;1;2;1;1;1;1;2;2;1;1;2;2;1;2;2;2;2;2;2;2;1;2;3;2; ;1;2;1;4;1;2;1;1;1;3;1;1;01;11;07;11;2790,77138232453
4665721;1;2;1;1;1;1;1;1;3;3; ; ; ; ;200000;2;2;2;1;2;1;1;2;2;2;1;2;2;2;2;2;2;1;2;2;2;1;2;3;2; ;1;2;1;4;1;2;1;1;1;3;1;1;01;11;07;11;3629,01075397565
4665722;1;3;2;1;1;1;1;1;3;4; ; ; ;500000; ;2;1;2;2;1;2;1;2;2;2;1;2;2;2;2;2;2;2;2;2;2;1;2;2;2; ;1;2;1;4;1;2;1;1;1;3;1;1;01;11;07;11;2953,40558246246
4665723;1;4;2;1;1;1;1;1;3;1; ; ;125000000;700000; ;1;1;1;1;1;1;1;2;1;2;1;2;1;2;2;2;2;2;2;2;2;1;2;3;2; ;1;2;1;4;1;3;1;1;1;3;1;1;01;11;07;11;2707,61715165337
4665724;1;1;1;1;2;1;1;1;3;1; ; ;98;98; ;1;1;2;1;1;1;1;1;1;2;1;2;2;2;2;2;2;2;2;2;2;1;1;2;2; ;1;3;1;6;1;2;1;1;1;3;1;1;01;11;07;11;2598,05569570257
4665725;1;2;1;1;1;1;1;1;3;3; ; ; ; ;350000;2;2;2;2;1;1;1;2;1;2;1;2;2;2;2;2;2;2;2;2;2;1;2;3;2; ;1;2;1;4;1;2;1;1;1;3;1;1;01;11;07;11;3266,14778396238
4665726;1;2;1;1;1;1;1;1;3;3; ; ; ; ;400000;2;1;1;2;1;1;1;2;1;1;1;1;1;1;2;2;2;2;1;2;2;1;3;3;2; ;1;2;1;4;1;2;1;1;1;3;1;1;01;11;07;11;2523,02578941332
4665727;1;1;1;1;1;1;1;1;3;3; ; ; ; ;250000;2;2;2;2;1;1;1;2;2;2;1;1;2;2;2;2;2;2;2;2;2;1;2;3;2; ;1;2;1;4;1;2;1;1;1;3;1;1;01;11;07;11;3757,48063438531
4665728;1;2;2;1;1;1;1;1;3;4; ; ; ;450000; ;1;1;1;1;1;1;1;2;2;2;1;1;1;2;2;2;2;1;2;2;2;1;1;5;2; ;1;2;1;4;1;2;1;1;1;3;1;1;01;11;07;11;4469,58440880236
4665731;1;2;2;1;1;1;1;1;3;1; ; ;130000000;3500000; ;2;1;1;1;2;1;1;2;2;2;1;2;2;1;2;2;2;2;2;2;2;1;2;3;2; ;1;2;1;4;1;2;1;1;1;3;1;1;01;11;07;11;2523,02578941332
4665732;1;4;1;1;1;1;1;1;3;2; ;1250000;98;500000; ;2;1;2;1;1;1;1;2;2;2;1;2;2;2;2;2;2;2;2;2;2;1;1;2;2; ;1;2;1;4;1;2;1;1;1;3;1;1;01;11;07;11;2820,48563887528
4665733;1;3;1;1;1;1;1;1;3;4; ; ; ;400000; ;1;1;1;1;1;1;1;1;1;1;1;1;2;1;2;2;2;2;1;2;2;1;2;3;2; ;1;2;1;4;1;2;1;1;1;3;1;1;01;11;07;11;3266,14778396238
4665734;1;3;2;1;2;1;1;1;3;1; ; ;150000000;450000; ;1;1;1;1;1;1;1;1;1;1;1;2;1;2;2;2;2;2;2;1;2;1;3;3;2; ;1;4;1;4;1;3;1;1;1;3;1;1;01;11;07;11;3052,87566078904
4665735;1;2;2;1;1;1;1;1;3;3; ; ; ; ;550000;2;1;2;2;2;1;1;2;2;2;1;2;2;2;2;2;2;2;2;2;2;1;3;5;2; ;1;2;1;4;1;2;1;1;1;3;1;1;01;11;07;11;2739,34665022993
4665739;1;3;2;1;1;1;1;1;3;3; ; ; ; ;700000;1;1;1;1;1;1;1;2;1;1;1;2;2;1;1;2;2;2;2;2;2;1;3;6;2; ;1;2;1;4;1;3;1;1;1;3;1;1;01;11;07;11;2920,06525349082
4665740;1;3;2;1;1;1;1;1;3;3; ; ; ; ;600000;2;1;1;1;1;1;1;2;1;2;1;1;1;1;2;2;2;1;2;2;2;1;2;2;2; ;1;2;1;4;1;3;1;1;1;3;1;1;01;11;07;11;2804,03849233669
4665741;1;3;2;1;1;1;1;1;3;3; ; ; ; ;650000;2;1;1;1;1;1;1;2;1;2;1;2;2;1;2;2;2;2;2;2;2;1;2;3;2; ;1;2;1;4;1;3;1;1;1;3;1;1;01;11;07;11;2927,24504374108
4665742;1;3;2;1;1;1;1;1;3;3; ; ; ; ;350000;2;1;1;1;1;1;1;2;2;2;1;2;1;2;2;2;2;2;2;2;2;1;1;4;2; ;1;2;1;4;1;1;1;1;1;3;1;1;01;11;07;11;3867,04209033612
4665743;1;3;3;1;1;1;1;1;4;3; ; ; ; ;300000;2;1;2;2;2;2;1;2;2;2;1;2;1;2;2;2;2;1;2;2;2;1;1;5;2; ;1;1;1;4;1;2;2;1;1;3;1;1;01;11;07;11;5418,68919998555
4665744;1;2;2;1;1;1;1;1;3;3; ; ; ; ;370000;2;2;2;2;2;2;1;2;2;2;2;2;2;2;2;2;2;2;2;2;2;1;1;2;1;1;1;2;1;4;1;2;1;1;1;3;1;1;01;11;07;11;3030,91849868692
4665745;1;4;3;1;1;1;1;1;3;6;PROMESA DE VENTA; ; ;98; ;2;2;2;2;1;1;1;2;2;2;1;2;2;2;2;2;2;2;2;2;2;1;3;4;2; ;1;2;1;2;1;2;1;1;1;3;1;1;01;11;07;11;2538,62718260108
4665746;1;2;2;1;1;1;1;1;4;3; ; ; ; ;500000;1;1;1;1;1;1;1;1;1;1;1;1;1;1;2;2;2;1;2;2;2;1;3;3;2; ;1;2;1;4;1;3;2;1;1;3;1;1;01;11;07;11;4107,1892066985
4665747;1;5;3;1;1;1;1;1;3;4; ; ; ;1000000; ;2;1;1;1;1;1;1;2;1;1;1;1;1;1;1;2;2;1;2;2;2;1;4;5;2; ;1;1;1;4;1;3;1;1;1;3;1;1;01;11;07;11;2739,34665022993
4665748;1;3;2;1;1;1;1;1;4;3; ; ; ; ;600000;2;1;1;1;1;1;1;2;2;1;1;2;2;1;2;2;2;2;2;1;2;1;2;3;2; ;1;2;1;4;1;3;2;1;1;3;1;1;01;11;07;11;4235,65908710816
4665749;1;3;3;1;1;1;1;1;3;2; ;400000;98;400000; ;2;2;2;2;1;1;1;2;2;2;1;2;2;2;2;2;2;2;2;2;2;1;3;3;2; ;1;2;1;4;1;2;1;1;1;3;1;1;01;11;07;11;3129,67412254584
4665750;1;3;1;1;1;1;1;1;3;1; ; ;98;98; ;1;2;2;2;1;1;1;2;2;2;1;2;2;2;2;2;2;1;2;2;2;1;1;1;2; ;1;2;1;4;1;2;1;1;1;3;1;1;01;11;07;11;2833,75274888743
4665751;1;1;1;1;1;1;1;1;3;3; ; ; ; ;400000;1;1;2;2;2;2;1;2;2;2;1;2;2;2;2;2;2;1;2;2;2;1;1;1;2; ;1;4;1;4;1;2;1;1;1;3;1;1;01;11;07;11;2833,75274888743
4665752;1;4;3;1;1;1;1;1;3;4; ; ; ;2000000; ;1;1;1;1;1;1;1;1;1;1;1;2;1;1;1;2;2;2;2;1;2;1;4;4;2; ;1;1;1;4;1;4;1;1;1;3;1;1;01;11;07;11;2199,72444237978
4665753;1;3;2;1;1;1;1;1;3;3; ; ; ; ;650000;1;1;1;1;1;1;1;2;2;1;1;2;2;1;2;2;2;1;1;2;2;1;3;6;2; ;1;2;1;4;1;3;1;1;1;3;1;1;01;11;07;11;2846,10605509573
4665754;1;2;2;1;1;1;1;1;3;3; ; ; ; ;580000;2;1;2;2;1;2;1;2;2;2;1;2;2;1;2;2;2;1;2;2;2;1;2;4;2; ;1;2;1;4;1;3;1;1;1;3;1;1;01;11;07;11;2897,53078719033
4665755;1;3;2;1;1;1;1;1;3;3; ; ; ; ;500000;2;1;1;2;1;1;1;2;2;2;1;2;1;2;2;2;2;2;1;2;2;1;2;4;2; ;1;2;1;4;1;2;1;1;1;3;1;1;01;11;07;11;3372,90718882818
4665756;1;1;1;1;2;1;1;1;3;3; ; ; ; ;330000;2;1;1;2;2;1;1;2;2;2;1;2;2;2;2;2;2;2;2;2;2;1;1;2;2; ;1;4;1;4;1;3;1;1;1;3;1;1;01;11;07;11;3295,86204051312
4665757;1;4;2;1;1;1;1;1;3;1; ; ;500000000;900000; ;1;1;1;1;1;1;1;1;1;1;1;1;2;1;2;2;2;1;2;1;2;1;4;4;2; ;1;2;1;4;1;3;1;1;1;3;1;1;01;11;07;11;2897,53078719033
4665758;1;4;3;1;1;1;1;1;3;3; ; ; ; ;600000;1;1;1;1;1;1;1;2;2;2;1;2;1;2;2;2;2;2;2;2;2;1;3;3;2; ;1;2;1;4;1;2;1;1;1;3;1;1;01;11;07;11;2930,04709482608
4665759;1;3;1;1;1;1;1;1;3;4; ; ; ;300000; ;1;1;1;1;1;1;1;2;2;1;1;2;1;1;2;2;2;2;2;2;2;1;1;1;1;3;1;2;1;4;1;2;1;1;1;3;1;1;01;11;07;11;2921,35704273611
4665760;1;4;2;1;1;1;1;1;3;3; ; ; ; ;600000;2;1;1;1;1;1;1;1;2;1;1;1;2;1;2;2;2;2;2;2;2;1;3;3;2; ;1;2;1;4;1;3;1;1;1;3;1;1;01;11;07;11;3129,67412254584
4665761;1;3;2;1;1;1;1;1;4;3; ; ; ; ;670000;1;1;1;1;1;1;1;1;1;1;1;1;2;1;2;2;2;1;2;2;2;1;3;3;2; ;1;2;1;4;1;3;2;1;1;3;1;1;01;11;07;11;2872,73436172651
4665762;1;2;1;1;1;1;1;1;3;3; ; ; ; ;500000;2;1;2;1;1;1;1;2;2;1;1;2;2;2;2;2;2;1;2;2;2;1;2;2;2; ;1;2;1;4;1;3;1;1;1;3;1;1;01;11;07;11;3159,38837909658
4665763;1;2;2;1;2;1;1;1;3;3; ; ; ; ;420000;2;1;1;1;1;1;1;2;2;1;1;1;1;1;2;2;2;2;2;2;2;1;3;4;2; ;1;4;1;4;1;2;1;1;1;3;1;2;01;11;07;11;2897,53078719033
4665764;1;2;1;1;1;1;1;1;3;3; ; ; ; ;98;2;2;1;1;1;1;1;2;1;2;1;2;2;1;2;2;2;2;1;2;2;1;1;2;2; ;1;2;1;4;1;2;1;1;1;3;1;1;01;11;07;11;2681,20992637373
4665765;1;3;2;1;1;1;1;1;4;3; ; ; ; ;700000;2;1;2;1;1;1;1;2;2;2;1;1;1;2;2;2;2;2;2;2;2;1;2;2;2; ;1;2;1;4;1;3;2;1;1;3;1;1;01;11;07;11;3030,91849868692
4665766;1;3;1;1;1;1;1;1;3;3; ; ; ; ;300000;2;1;2;2;2;2;1;2;2;2;1;1;2;2;2;2;2;2;2;2;2;1;1;3;2; ;1;2;1;4;1;1;1;1;1;3;1;1;01;11;07;11;2659,49945082986
4665767;1;3;2;1;1;1;1;1;3;3; ; ; ; ;500000;2;1;1;1;1;1;1;2;2;2;1;2;2;2;2;2;2;1;2;2;2;1;1;3;2; ;1;2;1;4;1;2;1;1;1;3;1;1;01;11;07;11;2662,30150191487
4665768;1;4;2;1;1;1;1;1;3;1; ; ;99;1200000; ;2;1;1;1;1;1;1;1;1;1;1;1;1;1;1;2;2;1;1;1;2;1;3;4;2; ;1;1;1;4;1;4;1;1;1;3;1;1;01;11;07;11;2891,88947274363
4665769;1;3;1;1;1;1;1;1;3;1; ; ;80000000;300000; ;2;1;2;1;2;1;1;2;2;1;1;2;1;2;2;2;2;2;2;2;2;1;2;2;2; ;1;1;1;4;1;2;1;1;1;3;1;1;01;11;07;11;2598,05569570257
4665770;1;4;3;1;1;1;1;1;3;3; ; ; ; ;600000;2;1;2;1;1;1;1;2;2;2;1;1;2;2;2;2;2;1;2;1;2;1;2;5;2; ;1;2;1;4;1;3;1;1;1;3;1;1;01;11;07;11;3973,80149520192
4665771;1;5;4;1;1;1;1;1;3;1; ; ;800000000;2500000; ;1;1;1;1;1;1;1;1;1;1;1;1;1;1;1;2;2;1;1;1;1;1;3;5;2; ;1;1;1;4;1;4;1;1;1;3;1;1;01;11;07;11;3137,21013564332
4665774;1;2;1;1;1;1;1;1;3;3; ; ; ; ;420000;2;1;2;2;2;1;1;2;2;2;1;2;2;2;2;2;2;2;2;2;2;1;2;2;2; ;1;2;1;4;1;3;1;1;1;3;1;1;01;11;07;11;2943,31420483824
4665775;1;3;1;1;1;1;1;1;3;1; ; ;200000000;1100000; ;2;1;2;1;1;1;1;1;2;1;1;1;1;2;2;2;2;1;2;1;2;1;1;1;2; ;1;2;1;6;1;3;1;1;1;3;1;1;01;11;07;11;3189,10263564732
4665777;1;1;1;1;2;1;1;1;3;3; ; ; ; ;250000;2;1;2;2;2;2;1;2;2;2;1;2;2;2;2;2;2;2;2;2;2;1;1;1;2; ;1;4;1;4;1;3;1;1;1;3;1;1;01;11;07;11;3189,10263564732
4665780;1;4;2;1;1;1;1;1;3;1; ; ;98;98; ;2;1;1;1;1;1;1;2;2;1;1;2;1;1;2;2;2;2;2;2;2;1;1;2;2; ;1;2;1;6;1;3;1;1;1;3;1;1;01;11;07;11;3295,86204051312
4665781;1;4;3;1;1;1;1;1;3;1; ; ;200000000;10000000; ;1;1;1;1;1;1;1;1;1;1;1;2;2;1;1;2;2;1;2;1;1;1;3;4;2; ;1;2;1;4;1;3;1;1;1;3;1;1;01;11;07;11;3783,88785966495
4665782;1;8;1;1;1;1;1;1;3;1; ; ;100000000;4000000; ;1;1;1;1;1;1;1;1;1;1;1;2;2;2;2;2;2;2;2;2;2;1;1;1;2; ;1;1;1;6;1;5;1;1;1;3;1;1;01;11;07;11;2843,84412651165
4665784;1;1;1;1;2;1;1;6; ;3; ; ; ; ;150000;2;2;2;2;2;2;2;2;2;2;2;2;2;2;2;2;2;2;2;2;2;2; ;1;2; ;1;4;1;2;1;2;2;1;1;3;1;1;01;11;07;11;3049,82692314578
4665786;1;4;2;1;1;1;1;1;3;1; ; ;98;98; ;1;1;1;1;1;1;1;2;1;1;1;2;2;1;2;2;2;2;2;2;2;1;2;2;2; ;1;2;1;6;1;3;1;1;1;3;1;1;01;11;07;11;2598,05569570257
4665787;1;2;1;1;1;1;1;1;3;3; ; ; ; ;370000;2;1;2;1;2;1;1;2;2;2;1;2;2;2;2;2;2;2;2;2;2;1;1;1;2; ;1;2;1;4;1;3;1;1;1;3;1;1;01;11;07;11;3189,10263564732
4665788;1;3;2;1;1;1;1;1;3;3; ; ; ; ;350000;2;1;1;2;1;1;1;1;2;1;1;2;2;2;2;2;2;2;2;2;2;1;2;2;2; ;1;2;1;4;1;2;1;1;1;3;1;1;01;11;07;11;2342,30718615242
4665792;1;1;1;1;2;1;1;1;3;3; ; ; ; ;300000;2;2;2;2;2;1;1;2;2;2;1;2;2;2;2;2;2;2;2;2;2;1;1;1;2; ;1;4;1;4;1;3;1;1;1;3;1;1;01;11;07;11;2710,92418292447
4665793;1;1;1;1;1;1;1;1;3;1; ; ;120000000;350000; ;2;1;2;1;2;2;1;2;2;2;1;2;2;2;2;2;2;2;2;2;2;1;1;1;2; ;1;2;1;4;1;2;1;1;1;3;1;1;01;11;07;11;2843,84412651165
4665796;1;2;1;1;1;1;1;1;3;3; ; ; ; ;150000;2;2;2;2;2;2;1;2;2;2;1;2;2;2;2;2;2;1;2;2;2;1;2;2;2; ;1;2;1;2;1;2;1;1;1;3;1;1;01;11;07;11;3030,91849868692
4665797;1;4;3;1;1;1;1;1;3;1; ; ;150000000;400000; ;1;2;1;1;1;1;1;1;2;1;1;2;1;1;1;2;2;1;2;1;2;1;2;4;2; ;1;1;1;2;1;2;1;1;1;3;1;1;01;11;07;11;2555,07432913967
4665809;1;4;2;1;1;1;1;1;3;3; ; ; ; ;750000;1;1;1;1;1;1;1;1;1;2;1;2;2;1;2;2;1;2;2;1;2;2; ;3;2; ;1;1;1;4;1;3;1;1;1;3;1;1;01;13;07;13;410,242274278637
4665810;1;4;3;1;1;1;1;3;3;3; ; ; ; ;800000;2;1;1;1;1;1;1;1;2;2;1;1;1;1;2;2;1;2;1;2;2;1;3;6;2; ;1;2;1;4;1;3;1;1;1;3;1;1;01;13;07;13;413,258414174525
4665811;1;4;3;1;1;1;1;1;3;1; ; ;130000000;800000; ;1;1;1;1;1;1;1;1;1;2;1;1;1;1;2;1;1;2;2;1;2;1;4;5;2; ;1;1;1;4;1;3;1;1;1;3;1;1;01;13;07;13;364,86090017973
4665812;1;4;3;1;1;1;1;3;3;1; ; ;98;560000; ;1;1;1;1;1;1;1;2;2;2;1;2;1;1;2;2;1;2;2;1;2;1;2;6;2; ;1;1;1;4;1;3;1;1;1;3;1;1;01;13;07;13;311,439912714136
4665813;1;4;2;1;1;1;1;1;3;1; ; ;98;1000000; ;1;1;1;1;1;1;1;1;1;2;1;2;1;1;2;2;1;2;2;1;2;1;2;3;2; ;1;1;1;4;1;3;1;1;1;3;1;1;01;13;07;13;371,314154722814
4665814;1;5;4;1;1;1;1;3;3;1; ; ;98;800000; ;1;1;1;1;1;1;1;1;1;2;1;2;1;1;2;2;1;2;2;2;2;1;3;6;2; ;1;1;1;4;1;3;1;1;1;3;1;1;01;13;07;13;380,911355599971
4665815;1;5;3;1;1;1;1;1;3;3; ; ; ; ;800000;1;1;1;1;1;1;1;1;2;2;1;1;1;1;2;2;1;2;2;2;2;1;1;4;2; ;1;1;1;4;1;3;1;1;1;3;1;1;01;13;07;13;356,831224922785
4665816;1;4;3;1;1;1;1;1;3;3; ; ; ; ;800000;2;1;2;1;1;1;1;1;2;2;1;1;1;2;2;2;1;2;2;2;2;1;2;5;2; ;1;2;1;4;1;3;1;1;1;3;1;1;01;13;07;13;318,715200961958
4665817;1;4;3;1;1;1;1;1;3;1; ; ;98;600000; ;1;1;2;1;1;1;1;2;2;2;1;2;2;2;2;2;1;2;2;2;2;1;2;4;2; ;1;2;1;4;1;3;1;1;1;3;1;1;01;13;07;13;432,731097802061
4665818;1;3;2;1;1;1;1;1;3;3; ; ; ; ;500000;2;2;2;1;1;1;1;1;2;2;1;2;2;2;2;2;1;2;2;2;2;1;2;2;2; ;1;2;1;4;1;3;1;1;1;3;1;1;01;13;07;13;329,312729453906
4665819;1;3;2;1;1;1;1;1;3;3; ; ; ; ;600000;2;1;2;1;1;1;1;1;2;2;1;1;1;2;2;2;1;2;2;2;2;1;1;3;2; ;1;2;1;4;1;3;1;1;1;3;1;1;01;13;07;13;337,407910204586
4665820;1;3;2;1;1;1;1;1;3;4; ; ; ;500000; ;2;1;1;1;1;1;1;2;2;2;1;2;2;2;2;2;1;2;2;2;2;1;2;2;2; ;1;2;1;4;1;3;1;1;1;3;1;1;01;13;07;13;378,523937476902
4665821;1;5;4;1;1;1;1;1;3;1; ; ;98;800000; ;1;1;1;1;1;1;1;1;1;2;1;2;1;1;2;1;1;2;2;1;2;1;4;5;2; ;1;1;1;4;1;3;1;1;1;3;1;1;01;13;07;13;417,468193617124
4665822;1;3;2;1;1;1;1;1;3;3; ; ; ; ;700000;2;1;2;1;1;1;1;1;2;2;1;1;1;2;2;2;1;2;2;2;2;1;1;3;2; ;1;2;1;4;1;3;1;1;1;3;1;1;01;13;07;13;378,928914673459
4665823;1;5;4;1;1;1;1;3;3;3; ; ; ; ;450000;2;1;1;1;1;1;1;2;2;2;1;2;1;2;2;2;1;2;2;2;2;1;3;3;2; ;1;1;1;4;1;3;1;1;1;3;1;1;01;13;07;13;421,263057753422
4665824;1;4;3;1;1;1;1;1;3;1; ; ;100000000;700000; ;1;1;1;1;1;1;1;1;1;2;1;2;1;1;2;2;1;2;2;2;2;1;3;4;2; ;1;1;1;4;1;3;1;1;1;3;1;1;01;13;07;13;375,466768348216
4665825;1;4;3;1;1;1;1;3;3;3; ; ; ; ;700000;2;1;1;1;1;1;1;1;2;2;1;2;1;2;2;2;1;2;1;2;2;1;2;6;2; ;1;2;1;4;1;3;1;1;1;3;1;1;01;13;07;13;372,95608093041
4665826;1;3;2;1;1;1;1;1;3;1; ; ;100000000;750000; ;1;1;1;1;1;1;1;1;2;2;1;2;2;1;2;2;1;2;2;2;2;1;2;4;2; ;1;2;1;4;1;3;1;1;1;3;1;1;01;13;07;13;364,44598487343
4665827;1;3;2;1;1;1;1;3;3;1; ; ;98;800000; ;1;1;1;1;1;1;1;1;1;2;1;1;1;1;2;1;1;2;2;2;1;1;3;3;2; ;1;2;1;4;1;3;1;1;1;3;1;1;01;13;07;13;405,627517639482
4665828;1;5;4;1;1;1;1;1;3;1; ; ;98;3000000; ;1;1;1;1;1;1;1;1;1;2;1;1;1;1;2;1;1;2;2;1;2;1;4;6;2; ;1;2;1;4;1;3;1;1;1;3;1;1;01;13;07;13;368,063114380942
4665829;1;3;2;1;1;1;1;3;3;3; ; ; ; ;680000;2;1;1;1;1;1;1;2;2;2;1;2;1;1;2;2;1;2;2;2;2;1;2;2;2; ;1;2;1;4;1;3;1;1;1;3;1;1;01;13;07;13;344,210574560235
4665831;1;4;3;1;1;1;1;3;3;1; ; ;98;98; ;1;1;1;1;1;1;1;1;1;2;1;1;1;1;2;2;1;2;2;2;2;1;3;5;2; ;1;2;1;4;1;3;1;1;1;3;1;1;01;13;07;13;403,789019735553
4665832;1;3;2;1;1;1;1;3;3;2; ;500000;98;600000; ;2;1;1;1;1;1;1;1;2;2;1;2;1;1;2;2;2;2;2;2;2;1;2;3;2; ;1;1;1;4;1;3;1;1;1;3;1;1;01;13;07;13;395,354367282052
4665834;1;4;2;1;1;1;1;1;3;3; ; ; ; ;800000;2;1;1;1;1;1;1;1;2;2;1;2;2;1;2;2;1;2;2;2;2;1;2;2;2; ;1;2;1;4;1;3;1;1;1;3;1;1;01;13;07;13;339,585879811336
4665835;1;4;2;1;1;1;1;1;3;4; ; ; ;1200000; ;1;1;2;1;1;1;1;1;2;2;1;1;1;2;2;1;1;2;2;2;2;1;2;3;2; ;1;1;1;4;1;3;1;1;1;3;1;1;01;13;07;13;368,665702425772
4665836;1;4;1;1;1;1;1;1;3;1; ; ;250000000;1200000; ;1;1;2;1;1;1;1;1;2;2;1;2;2;2;2;2;1;2;2;2;2;2; ;2;2; ;1;2;1;4;1;3;1;1;1;3;1;1;01;13;07;13;409,83729708208
4665837;1;3;2;1;1;1;1;1;3;4; ; ; ;800000; ;1;1;1;1;1;1;1;1;2;2;1;1;1;1;2;2;1;2;2;2;2;1;2;3;2; ;1;1;1;4;1;3;1;1;1;3;1;1;01;13;07;13;340,000795117636
4665838;1;4;3;1;1;1;1;1;3;3; ; ; ; ;1200000;2;1;1;1;1;1;1;1;2;2;1;2;2;1;2;2;1;2;2;2;2;1;4;7;2; ;1;1;1;4;1;3;1;1;1;3;1;1;01;13;07;13;387,990631432726
4665839;1;6;3;1;1;1;1;1;3;1; ; ;98;1200000; ;2;1;2;1;1;1;1;1;2;2;1;1;1;2;2;1;1;2;2;1;2;1;4;6;2; ;1;1;1;4;1;3;1;1;1;3;1;1;01;13;07;13;445,790445004462
4665841;1;3;2;1;1;1;1;1;3;1; ; ;110000000;700000; ;2;1;1;1;1;1;1;1;2;2;1;2;1;1;2;2;1;2;2;2;2;1;2;2;2; ;1;2;1;4;1;3;1;1;1;3;1;1;01;13;07;13;344,210574560235
4665842;1;2;1;1;1;1;1;1;3;3; ; ; ; ;550000;2;1;1;1;1;1;1;2;2;2;1;2;2;1;2;2;1;2;2;2;2;1;1;1;2; ;1;2;1;4;1;3;1;1;1;3;1;1;01;13;07;13;409,42238177578
4665843;1;5;4;1;1;1;1;1;3;1; ; ;98;1000000; ;2;1;1;1;1;1;1;1;2;2;1;1;1;1;2;1;1;1;2;1;2;1;3;5;2; ;1;5;1;4;1;3;1;1;1;3;1;1;01;13;07;13;372,272893823541
4665844;1;4;3;1;1;1;1;1;3;1; ; ;98;800000; ;1;1;1;1;1;1;1;2;1;2;1;2;2;1;2;2;1;2;2;2;2;1;4;5;2; ;1;1;1;4;1;3;1;1;1;3;1;1;01;13;07;13;383,154830700456
4665845;1;4;3;1;1;1;1;1;3;3; ; ; ; ;700000;1;1;1;1;1;1;1;1;2;2;1;2;2;1;2;2;1;2;2;1;2;1;4;4;2; ;1;2;1;4;1;3;1;1;1;3;1;1;01;13;07;13;780,729226909088
4665846;1;3;2;1;1;1;1;1;3;3; ; ; ; ;600000;2;1;1;1;1;1;1;2;2;2;1;2;2;1;2;2;1;2;2;2;2;1;2;2;2; ;1;2;1;4;1;3;1;1;1;3;1;1;01;13;07;13;658,625458907812
4665849;1;4;2;1;1;1;1;1;3;4; ; ; ;800000; ;1;1;2;1;1;1;1;1;2;2;1;2;2;2;2;2;1;2;2;2;2;2; ;2;2; ;1;2;1;4;1;3;1;1;1;3;1;1;01;13;07;13;688,421149120469
4665851;1;3;1;1;1;1;1;1;3;2; ;900000;98;900000; ;1;1;1;1;1;1;1;2;1;2;1;2;2;1;2;1;1;2;2;1;2;1;2;3;2; ;1;2;1;4;1;3;1;1;1;3;1;1;01;13;07;13;757,857829346918
4665852;1;5;3;1;1;1;1;1;3;1; ; ;150000000;1000000; ;2;1;1;1;1;1;1;1;1;2;1;2;1;1;2;1;1;2;2;2;2;1;2;4;2; ;1;1;1;4;1;3;1;1;1;3;1;1;01;13;07;13;836,543899071164
4665853;1;4;2;1;1;1;1;1;3;1; ; ;98;1000000; ;1;1;1;1;1;1;1;2;2;2;1;2;1;1;2;1;1;2;2;1;2;1;2;3;2; ;1;2;1;4;1;3;1;1;1;3;1;1;01;13;07;13;672,784010573323
4665854;1;4;2;1;1;1;1;1;3;3; ; ; ; ;1000000;2;1;1;1;1;1;1;1;2;2;1;1;1;1;2;2;1;2;2;2;2;1;2;3;2; ;1;2;1;4;1;3;1;1;1;3;1;1;01;13;07;13;672,784010573323
4665855;1;3;2;1;1;1;1;1;3;3; ; ; ; ;700000;2;1;1;1;1;1;1;2;2;2;1;2;2;1;2;1;1;2;1;2;2;1;2;3;2; ;1;2;1;4;1;3;1;1;1;3;1;1;01;13;07;13;672,784010573323
4665856;1;4;3;1;1;1;1;1;3;3; ; ; ; ;2100000;1;1;1;1;1;1;1;2;2;2;1;2;2;1;2;1;1;1;2;2;2;1;4;6;2; ;1;2;1;4;1;3;1;1;1;3;1;1;01;13;07;13;687,57394257738
4665857;1;4;1;1;1;1;10;1;3;1; ; ;99;99; ;1;1;1;1;1;1;1;1;1;2;1;1;1;1;1;1;1;2;2;1;2;1;2;2;2; ;1;2;1;4;1;6;1;1;1;7;1;1;01;13;07;13;409,83729708208
4665858;1;5;4;1;1;1;1;1;3;1; ; ;98;2100000; ;1;1;1;1;1;1;1;1;1;2;1;1;1;1;2;1;1;2;2;1;2;1;3;3;2; ;1;2;1;4;1;6;1;1;1;7;1;1;01;13;07;13;366,689459973916
4665860;1;5;4;1;1;1;1;1;3;1; ; ;98;2500000; ;1;1;1;1;1;1;1;1;2;2;1;1;1;1;2;1;1;2;2;1;2;1;3;4;2; ;1;2;1;3;1;6;1;1;1;7;1;1;01;13;07;13;332,791012363548
4665862;1;4;2;1;1;1;1;1;3;4; ; ; ;2500000; ;1;1;1;1;1;1;1;1;2;2;1;2;2;1;2;1;1;2;2;2;2;1;1;3;2; ;1;2;1;4;1;6;1;1;1;7;1;1;01;13;07;13;371,314154722814
4665863;1;3;2;1;1;1;1;1;3;3; ; ; ; ;1900000;1;1;1;1;1;1;1;1;1;2;1;1;1;1;2;1;1;2;2;1;2;1;1;1;2; ;1;2;1;4;1;6;1;1;1;7;1;1;01;13;07;13;378,109022170602
4665864;1;5;4;1;1;1;1;1;3;3; ; ; ; ;2370000;1;1;1;1;1;1;1;1;1;2;1;2;1;1;2;1;1;1;2;1;2;1;6;6;2; ;1;2;1;4;1;6;1;1;1;7;1;1;01;13;07;13;328,996148227249
4665866;1;4;3;1;1;1;1;3;3;3; ; ; ; ;1500000;2;1;1;1;1;1;1;1;2;2;1;2;1;1;2;2;1;2;2;1;2;1;5;5;2; ;1;2;1;4;1;6;1;1;1;7;1;1;01;13;07;13;406,415068874784
4665867;1;5;4;1;1;1;1;1;3;1; ; ;98;3000000; ;1;1;1;1;1;1;1;1;1;2;1;1;1;1;2;1;1;2;2;1;2;1;4;5;2; ;1;2;1;4;1;6;1;1;1;7;1;1;01;13;07;13;340,830625730236
4665868;1;4;3;1;1;1;1;3;3;1; ; ;98;350000000; ;1;1;1;1;1;1;1;1;1;2;1;1;1;1;2;1;1;2;2;1;2;1;3;3;2; ;1;2;1;4;1;6;1;1;1;7;1;1;01;13;07;13;389,949698148244
4665875;1;4;2;1;1;1;1;1;3;1; ; ;98;3000000; ;2;1;1;1;1;1;1;1;2;2;1;2;2;1;2;1;2;2;2;1;2;1;2;2;2; ;1;2;1;4;1;6;1;1;1;7;1;1;01;13;07;13;436,52596193836
4665876;1;3;2;2;1;1;1;1;3;1; ; ;55000000;300000; ;2;1;2;1;1;1;1;2;2;2;1;2;2;2;2;2;1;2;1;2;2;1;1;3;2; ;1;1;1;2;1;1;1;2;1;3;1;1;01;13;07;13;405,627517639482
4665877;1;4;3;1;1;1;1;1;3;1; ; ;98;300000; ;2;1;2;1;1;1;1;1;2;2;1;2;2;2;2;2;1;2;2;2;2;1;4;6;2; ;1;1;1;4;1;1;1;1;1;3;1;1;01;13;07;13;357,042330906157
4665878;1;4;3;2;1;1;1;1;3;1; ; ;60000000;400000; ;2;1;1;1;1;1;1;1;2;2;1;2;2;1;2;2;1;2;2;2;2;1;3;4;2; ;1;1;1;4;1;1;1;2;1;3;1;1;01;13;07;13;445,71818561896
4665879;1;2;1;2;1;1;1;1;3;4; ; ; ;150000; ;2;2;2;2;1;1;1;2;2;2;1;2;2;2;2;2;1;2;2;2;2;1;1;3;2; ;1;2;1;2;1;1;1;2;1;3;1;1;01;13;07;13;433,502512452966
4665880;1;4;2;2;1;1;1;1;3;1; ; ;98;300000; ;2;2;2;1;1;1;1;2;2;2;1;2;2;2;2;2;1;2;2;2;2;1;2;4;2; ;1;2;1;4;1;1;1;2;1;3;1;1;01;13;07;13;341,421677232117
4665881;1;5;4;2;1;1;1;1;3;1; ; ;55000000;450000; ;2;1;1;1;1;1;1;1;2;2;1;2;2;1;2;2;1;2;1;2;2;1;5;7;2; ;1;1;1;2;1;1;1;2;1;3;1;2;01;13;07;13;419,815693622244
4665882;1;5;4;1;1;1;1;1;3;1; ; ;60000000;400000; ;2;1;2;2;1;1;1;2;2;2;1;2;1;2;2;2;1;2;2;2;2;1;2;5;2; ;1;1;1;4;1;1;1;1;1;3;1;1;01;13;07;13;411,210951489107
4665883;1;3;1;2;1;1;1;1;3;4; ; ; ;200000; ;2;2;2;2;1;1;1;2;2;2;2;2;2;2;2;2;1;2;2;2;2;1;1;2;2; ;1;1;1;2;1;1;1;2;1;3;1;1;01;13;07;13;363,626092370574
4665884;1;3;2;1;1;1;1;1;3;1; ; ;98;320000; ;2;1;2;1;1;1;1;2;2;2;1;2;1;2;2;2;1;2;2;2;2;1;3;3;2; ;1;2;1;2;1;1;1;1;1;3;1;1;01;13;07;13;428,88775581381
4665885;1;3;2;2;1;1;1;1;3;4; ; ; ;200000; ;2;2;2;2;2;1;1;2;2;2;1;2;2;2;2;2;1;2;2;2;2;1;1;5;2; ;1;2;1;2;1;1;1;2;1;3;1;1;01;13;07;13;425,830586685124
4665886;1;4;3;1;1;1;2;3;3;1; ; ;98;200000; ;2;1;2;2;1;1;1;2;2;2;1;2;2;2;2;2;1;2;2;2;2;1;2;8;2; ;1;1;5;4;1;1;1;1;1;3;2; ;01;13;07;13;213,41892424159
4665887;1;4;3;2;1;1;1;1;3;4; ; ; ;200000; ;2;2;2;2;1;1;1;2;2;2;1;2;2;2;2;2;1;2;2;2;2;1;1;6;2; ;1;2;1;2;1;1;1;2;1;3;1;1;01;13;07;13;404,203935041853
4665888;1;2;1;1;1;1;1;1;3;1; ; ;98;280000; ;2;1;2;1;1;1;1;2;2;2;1;2;2;2;2;2;1;2;2;2;2;1;2;3;2; ;1;2;5;2;1;1;1;1;1;3;1;1;01;13;07;13;378,928914673459
4665889;1;3;1;1;1;1;1;1;3;1; ; ;98;300000; ;2;1;2;1;1;1;1;2;2;2;1;2;2;2;2;2;1;2;2;2;2;1;1;1;2; ;1;1;1;2;1;1;1;1;1;3;1;1;01;13;07;13;382,733716919501
4665890;1;2;1;1;1;1;1;1;4;3; ; ; ; ;200000;2;1;2;1;1;1;1;2;2;2;1;2;2;2;2;2;1;2;2;2;2;1;2;5;2; ;1;2;1;2;1;1;2;1;1;3;1;1;01;13;07;13;426,098858485693
4665891;1;3;2;1;1;1;1;3;3;1; ; ;98;150000; ;2;2;2;1;1;1;1;2;2;2;1;2;2;2;2;2;1;2;1;2;2;1;1;5;2; ;1;2;5;2;1;1;1;1;1;3;1;1;01;13;07;13;395,565473265424
4665892;1;3;2;1;1;1;2;3;3;4; ; ; ;98; ;2;2;2;1;1;2;1;2;2;2;1;1;2;2;2;2;1;2;2;2;2;1;2;3;2; ;1;2;5;2;1;1;1;1;1;3;2; ;01;13;07;13;389,949698148244
4665893;1;2;1;1;1;1;1;1;3;3; ; ; ; ;140000;2;1;2;1;1;1;1;2;2;2;1;2;2;2;2;2;1;2;2;2;2;1;2;4;2; ;1;2;5;2;1;1;1;1;1;3;1;1;01;13;07;13;365,193617990785
4665894;1;4;3;1;1;1;1;3;3;1; ; ;98;98; ;2;2;2;1;1;1;1;1;2;2;1;2;2;2;2;2;1;2;2;2;2;1;3;5;2; ;1;1;1;4;1;1;1;1;1;3;1;1;01;13;07;13;414,809803210338
4665895;1;2;1;1;1;1;1;3;3;4; ; ; ;98; ;2;2;2;2;2;2;1;2;2;2;1;2;2;2;2;2;1;2;2;2;2;1;1;3;2; ;1;2;1;2;1;1;1;1;1;3;1;1;01;13;07;13;433,502512452966
4665896;1;5;4;1;1;1;1;3;4;1; ; ;12000000;100000; ;2;2;2;2;1;2;1;2;2;2;1;2;2;2;2;2;1;2;2;2;2;1;2;9;2; ;1;1;5;1;1;1;2;1;1;3;1;1;01;13;07;13;320,354985967672
4665897;1;3;2;1;1;1;2;3;3;1; ; ;98;200000; ;2;1;2;2;1;1;1;2;2;2;1;2;2;2;2;2;1;2;2;2;2;1;1;3;2; ;1;2;1;2;1;1;1;1;1;3;2; ;01;13;07;13;421,263057753422
4665898;1;3;2;1;1;1;1;3;3;3; ; ; ; ;200000;2;1;2;1;1;1;1;2;2;2;1;2;2;2;2;2;1;2;1;2;2;1;2;4;2; ;1;2;1;4;1;1;1;1;1;3;1;1;01;13;07;13;429,292733010367
4665899;1;3;2;1;1;1;1;1;3;3; ; ; ; ;400000;2;2;1;1;1;1;1;2;2;2;1;2;2;1;2;2;1;1;2;2;2;1;3;5;2; ;1;1;1;4;1;2;1;1;1;3;1;1;01;13;07;13;383,561949098895
4665900;1;3;1;1;1;1;1;1;3;4; ; ; ;480000; ;2;1;1;1;1;1;1;1;2;2;1;1;1;1;2;2;1;2;2;2;2;1;2;2;2; ;1;1;1;4;1;2;1;1;1;3;1;1;01;13;07;13;339,585879811336
4665901;1;4;3;1;1;1;1;1;3;3; ; ; ; ;600000;1;1;1;1;1;1;1;1;2;2;1;2;1;1;2;1;1;2;2;2;2;1;3;4;2; ;1;2;1;4;1;2;1;1;1;3;1;1;01;13;07;13;453,332945569605
4665902;1;5;4;1;1;1;1;1;3;4; ; ; ;700000; ;2;1;2;1;1;1;1;1;2;2;1;1;1;2;2;2;1;2;2;2;2;1;5;10;2; ;1;1;1;4;1;2;1;1;1;3;1;1;01;13;07;13;466,921191423992
4665903;1;3;2;1;1;1;1;1;3;3; ; ; ; ;450000;2;1;1;1;1;1;1;2;2;2;1;2;2;2;2;2;1;2;2;2;2;1;1;4;2; ;1;2;1;2;1;2;1;1;1;3;1;1;01;13;07;13;387,771728541494
4665904;1;3;2;1;1;1;1;1;3;4; ; ; ;500000; ;2;1;1;1;1;1;1;1;1;2;1;2;1;1;2;2;1;2;1;2;2;1;2;4;2; ;1;1;1;4;1;2;1;1;1;3;1;1;01;13;07;13;375,466768348216
4665905;1;2;1;1;1;1;1;1;3;3; ; ; ; ;250000;2;1;2;2;1;1;1;2;2;2;1;2;2;2;2;2;1;2;2;2;2;1;2;3;2; ;1;1;1;2;1;2;1;1;1;3;1;1;01;13;07;13;360,432217845899
4665906;1;4;2;1;1;1;1;1;3;1; ; ;98;500000; ;2;2;2;1;1;1;1;2;2;2;1;2;2;2;2;2;1;2;2;2;2;1;2;3;2; ;1;1;1;4;1;2;1;1;1;3;1;1;01;13;07;13;344,615551756791
4665907;1;3;2;1;1;1;1;1;3;1; ; ;98;450000; ;1;1;1;1;1;1;1;2;2;2;1;2;1;1;2;2;1;2;2;2;2;1;4;7;2; ;1;1;1;4;1;2;1;1;1;3;1;1;01;13;07;13;328,524067103752
4665908;1;3;1;1;1;1;1;1;3;3; ; ; ; ;350000;2;2;2;2;2;1;1;2;2;2;2;2;2;2;2;2;1;2;2;2;2;1;1;2;2; ;1;2;1;2;1;2;1;1;1;3;1;1;01;13;07;13;339,585879811336
4665909;1;3;2;1;1;1;1;3;3;1; ; ;18000000;200000; ;2;1;1;1;1;1;1;2;2;2;1;2;1;2;2;2;1;2;2;2;2;1;2;5;2; ;1;1;1;4;1;1;1;1;1;3;1;1;01;13;07;13;414,809803210338
4665910;1;3;2;1;1;1;1;1;3;4; ; ; ;500000; ;1;1;1;1;1;1;1;2;1;2;1;2;1;1;2;1;1;2;2;2;2;1;2;4;2; ;1;1;1;4;1;2;1;1;1;3;1;1;01;13;07;13;333,198130761987
4665911;1;3;2;2;1;4;1;3;3;1; ; ;98;98; ;2;1;2;1;2;1;1;2;2;2;1;2;2;2;2;2;1;2;2;2;2;1;2;4;2; ;1;1;1;4;1;1;1;2;2; ;1;1;01;13;07;13;406,780127953394
4665913;1;2;1;2;1;4;2;4;3;1; ; ;98;98; ;2;2;2;2;2;2;1;2;2;2;2;2;2;2;2;2;1;2;2;2;2;2; ;3;2; ;1;1;1;2;1;1;1;2;2; ;1;1;01;13;07;13;360,432217845899
4665914;1;3;2;2;1;1;1;3;3;1; ; ;98;250000; ;2;1;2;1;1;1;1;2;2;2;1;2;2;2;2;2;1;2;1;2;2;1;1;4;2; ;1;2;1;4;1;1;1;2;1;3;1;1;01;13;07;13;375,735040148785
4665915;1;2;1;1;1;1;1;1;3;3; ; ; ; ;450000;1;1;1;1;1;1;1;2;2;2;1;2;2;2;2;2;1;2;2;2;2;1;2;4;2; ;1;2;1;2;1;1;1;1;1;3;1;1;01;13;07;13;297,868862927396
4665916;1;4;3;1;1;1;1;1;3;1; ; ;50000000;300000; ;2;1;2;1;1;1;1;2;2;2;1;2;2;2;2;2;1;2;2;2;2;1;2;4;2; ;1;2;1;2;1;1;1;1;1;3;1;1;01;13;07;13;391,144587839453
4665917;1;2;1;1;1;1;1;1;4;3; ; ; ; ;200000;2;1;2;1;1;1;1;2;2;2;1;2;2;2;2;2;1;2;2;2;2;1;2;5;2; ;1;2;5;2;1;1;2;1;1;3;1;1;01;13;07;13;430,455281434022
4665918;1;3;2;1;1;1;1;1;3;4; ; ; ;300000; ;2;1;1;1;1;1;1;2;2;2;1;2;2;1;2;2;1;2;1;2;2;1;2;4;2; ;1;2;1;4;1;1;1;1;1;3;1;1;01;13;07;13;375,735040148785
4665919;1;3;1;1;1;1;1;1;3;1; ; ;98;400000; ;2;2;2;1;1;1;1;2;2;2;1;2;2;2;2;2;1;2;2;2;2;1;2;3;2; ;1;2;1;4;1;1;1;1;1;3;1;1;01;13;07;13;301,06273745207
4665920;1;2;1;1;1;1;1;1;3;1; ; ;40000000;350000; ;2;2;2;1;1;1;1;2;2;2;1;2;2;2;2;2;1;2;2;2;2;1;1;1;2; ;1;2;1;2;1;1;1;1;1;3;1;1;01;13;07;13;382,733716919501
4665921;1;2;1;2;1;1;1;3;4;1; ; ;98;120000; ;2;2;2;1;1;2;1;2;2;2;1;2;2;2;2;2;1;2;2;2;2;1;1;3;2; ;1;2;1;2;1;1;2;2;1;3;1;1;01;13;07;13;336,392005286662
4665922;1;3;1;1;1;1;1;1;3;4; ; ; ;350000; ;2;1;2;1;1;1;1;2;2;2;1;2;2;2;2;2;1;2;2;2;2;1;2;2;2; ;1;2;1;4;1;1;1;1;1;3;1;1;01;13;07;13;409,83729708208
4665923;1;2;1;1;1;1;1;1;3;4; ; ; ;300000; ;2;2;2;1;1;1;1;2;2;2;1;2;2;2;2;2;1;2;2;2;2;1;1;2;2; ;1;2;1;2;1;1;1;1;1;3;1;1;01;13;07;13;383,138694116058
4665924;1;3;2;1;1;1;1;1;3;4; ; ; ;500000; ;2;2;2;1;1;1;1;2;2;2;1;2;2;2;2;2;1;2;2;2;2;1;2;5;2; ;1;2;1;2;1;1;1;1;1;3;1;1;01;13;07;13;426,098858485693
4665926;1;2;1;2;2;1;2;3;4;3; ; ; ; ;60000;2;2;2;2;2;2;1;2;2;2;1;2;2;2;2;2;1;2;1;2;2;1;2;4;2; ;1;1;5;2;1;1;2;2;1;3;2; ;01;13;07;13;399,775252708022
4665927;1;2;1;1;1;1;1;1;3;4; ; ; ;300000; ;2;1;2;1;1;1;1;1;2;2;1;2;2;2;2;2;1;2;2;2;2;1;1;3;2; ;1;2;1;4;1;1;1;1;1;3;1;1;01;13;07;13;336,392005286662
4665928;1;2;1;1;1;1;1;1;4;4; ; ; ;250000; ;2;1;2;1;1;1;1;2;2;2;1;2;2;2;2;2;1;2;2;2;2;1;2;5;2; ;1;2;5;2;1;1;2;1;1;3;1;1;01;13;07;13;437,119641960478
4665929;1;3;2;2;1;1;1;3;3;1; ; ;98;98; ;2;2;2;1;1;2;1;1;2;2;1;2;2;2;2;2;1;2;2;2;2;1;2;5;2; ;1;1;1;2;1;1;1;2;1;3;1;1;01;13;07;13;361,252110348756
4665930;1;2;1;2;1;3;1;4;3;4; ; ; ;150000; ;2;1;2;1;1;1;1;2;2;2;1;2;2;2;2;2;1;2;2;2;2;2; ;3;1;3;1;1;1;2;1;1;1;2;2; ;1;1;01;13;07;13;533,410256623925
4665932;1;2;1;2;1;1;1;3;3;1; ; ;98;98; ;2;1;2;2;1;2;1;2;2;2;1;2;2;2;2;2;1;2;2;2;2;1;1;3;2; ;1;1;1;2;1;1;1;2;1;3;1;1;01;13;07;13;368,655764316029
4665933;1;4;2;1;1;1;1;1;3;1; ; ;98;800000; ;2;1;2;1;1;1;1;1;2;2;1;1;1;2;2;1;1;2;2;2;2;1;3;5;2; ;1;2;1;4;1;2;1;1;1;3;1;1;01;13;07;13;407,195043259694
4665934;1;3;1;1;1;1;1;1;3;1; ; ;200000000;600000; ;1;1;1;1;1;1;1;1;2;2;1;2;2;2;2;1;1;2;2;2;2;2; ;2;2; ;1;2;1;4;1;2;1;1;1;3;1;1;01;13;07;13;409,83729708208
4665936;1;3;2;1;1;1;1;1;3;4; ; ; ;600000; ;2;1;2;1;1;1;1;1;2;2;1;1;1;2;2;2;1;2;2;2;2;1;3;4;2; ;1;2;1;4;1;2;1;1;1;3;1;1;01;13;07;13;375,466768348216
4665937;1;3;2;1;1;1;1;1;3;3; ; ; ; ;500000;2;1;2;1;1;1;1;2;2;2;1;2;2;2;2;2;1;2;1;2;2;1;2;3;2; ;1;2;1;4;1;2;1;1;1;3;1;1;01;13;07;13;378,928914673459
4665938;1;3;2;1;1;1;1;1;3;4; ; ; ;500000; ;2;1;1;1;1;1;1;2;2;2;1;2;2;2;2;2;1;2;2;2;2;1;2;3;2; ;1;2;1;4;1;2;1;1;1;3;1;1;01;13;07;13;325,102950011307
4665939;1;3;2;1;1;1;1;1;3;3; ; ; ; ;580000;1;1;1;1;1;1;1;1;2;2;1;2;1;1;2;2;1;2;2;2;2;1;3;4;2; ;1;2;1;4;1;2;1;1;1;3;1;1;01;13;07;13;310,620020211279
4665941;1;2;1;1;1;1;1;1;3;3; ; ; ; ;500000;1;1;1;1;1;1;1;2;2;2;1;2;2;1;2;2;1;2;2;2;2;1;2;4;2; ;1;2;1;4;1;2;1;1;1;3;1;1;01;13;07;13;333,198130761987
4665942;1;3;2;1;1;1;1;1;3;3; ; ; ; ;550000;2;1;1;1;1;1;1;1;2;2;1;2;1;1;2;2;1;2;2;2;2;1;2;3;2; ;1;2;1;4;1;2;1;1;1;3;1;1;01;13;07;13;336,392005286662
4665943;1;2;1;1;1;1;1;1;3;3; ; ; ; ;360000;2;1;2;2;1;1;1;1;2;2;1;2;2;1;2;2;1;2;1;2;2;1;1;1;2; ;1;2;1;4;1;2;1;1;1;3;1;1;01;13;07;13;343,795659253935
4665944;1;3;2;1;1;1;1;1;3;3; ; ; ; ;500000;1;1;1;1;1;1;1;2;2;2;1;2;2;1;2;1;1;2;2;1;2;1;3;3;2; ;1;2;1;4;1;2;1;1;1;3;1;1;01;13;07;13;325,102950011307
4665945;1;3;2;1;1;1;1;1;3;3; ; ; ; ;450000;2;1;1;1;1;1;1;1;2;2;1;2;1;1;2;2;1;2;2;2;2;2; ;3;2; ;1;2;1;4;1;2;1;1;1;3;1;1;01;13;07;13;378,928914673459
4665946;1;2;1;1;1;1;1;1;3;3; ; ; ; ;360000;2;1;2;2;1;1;1;1;2;2;1;2;2;1;2;2;1;2;2;2;2;1;1;2;2; ;1;2;1;4;1;2;1;1;1;3;1;1;01;13;07;13;383,138694116058
4665947;1;2;1;2;1;1;1;1;4;3; ; ; ; ;250000;2;2;2;2;1;1;1;2;2;2;1;2;2;2;2;2;1;2;2;2;2;1;1;4;2; ;1;2;1;4;1;1;2;2;1;3;1;1;01;13;07;13;241,933165394937
4665948;1;3;2;2;1;1;1;4;4;3; ; ; ; ;100000;2;2;2;2;1;1;1;2;2;2;1;2;2;2;2;2;1;2;2;2;2;1;1;8;2; ;1;1;5;1;1;1;2;2;1;3;1;1;01;13;07;13;190,951217984126
4665949;1;2;1;2;1;1;1;3;3;1; ; ;98;200000; ;2;2;2;2;1;2;1;2;2;2;2;2;2;2;2;2;1;2;2;2;2;2; ;1;2; ;1;2;1;2;1;1;1;2;1;3;1;1;01;13;07;13;204,71119088789
4665950;1;4;3;2;1;1;1;1;4;3; ; ; ; ;130000;2;1;2;2;1;1;1;2;2;2;1;1;2;2;2;2;1;2;2;2;2;1;1;5;2; ;1;1;1;2;1;1;2;2;1;3;1;1;01;13;07;13;215,243811350788
4665951;1;2;1;2;1;1;1;3;4;1; ; ;9000000;80000; ;2;2;2;2;1;2;1;2;2;2;1;2;2;2;2;2;1;2;1;2;2;1;1;3;2; ;1;1;5;1;1;1;2;2;1;3;1;1;01;13;07;13;180,21610892295
4665952;1;2;1;1;1;1;1;3;3;3; ; ; ; ;200000;2;2;2;1;1;1;1;2;2;2;1;2;2;2;2;2;1;2;2;2;2;1;2;2;2; ;1;2;1;2;1;1;1;1;1;3;1;1;01;13;07;13;169,792939905668
4665954;1;2;1;2;1;1;1;3;4;1; ; ;8000000;80000; ;2;2;2;1;1;2;1;2;2;2;1;2;2;2;2;2;1;2;2;2;2;2; ;4;2; ;1;1;5;1;1;1;2;2;1;3;1;1;01;13;07;13;187,867520074392
4665955;1;3;2;1;1;1;1;3;3;4; ; ; ;98; ;2;2;2;1;1;2;1;2;2;2;1;2;2;2;2;2;1;2;2;2;2;1;2;6;2; ;1;1;1;2;1;1;1;1;1;3;1;1;01;13;07;13;232,212994214946
4665956;1;4;2;1;1;1;1;1;3;4; ; ; ;98; ;1;1;1;1;1;1;1;1;1;2;1;1;1;1;2;1;1;2;1;2;2;1;4;4;2; ;1;1;1;4;1;2;1;1;1;3;1;1;01;13;07;13;296,852958009471
4665957;1;4;3;1;1;1;1;1;3;1; ; ;110000000;700000; ;1;1;1;1;1;1;1;1;1;2;1;1;1;1;2;2;1;2;2;2;2;1;3;3;2; ;1;1;1;4;1;2;1;1;1;3;1;1;01;13;07;13;401,002822890583
4665958;1;3;2;1;1;1;1;3;3;3; ; ; ; ;430000;2;1;1;1;1;1;1;1;2;2;1;2;1;1;2;2;1;2;2;2;2;1;3;5;2; ;1;2;1;4;1;2;1;1;1;3;1;1;01;13;07;13;283,385933127367
4665959;1;3;2;1;1;1;1;1;3;4; ; ; ;500000; ;2;1;1;1;1;1;1;1;1;2;1;2;2;1;2;2;1;1;2;2;2;1;2;4;2; ;1;2;1;4;1;2;1;1;1;3;1;1;01;13;07;13;322,924980404557
4665961;1;3;2;1;1;1;1;3;3;3; ; ; ; ;450000;2;2;2;1;1;1;1;1;2;2;1;2;1;2;2;2;1;2;2;2;2;1;2;3;2; ;1;1;1;4;1;2;1;1;1;3;1;1;01;13;07;13;378,928914673459
4665962;1;3;2;1;1;1;1;3;3;1; ; ;98;500000; ;2;1;1;1;1;1;1;1;2;2;1;2;1;1;2;2;1;2;2;2;2;1;2;2;2; ;1;2;1;4;1;2;1;1;1;3;1;1;01;13;07;13;378,523937476902
4665963;1;4;2;1;1;1;1;3;3;1; ; ;98;600000; ;2;1;2;1;1;1;1;2;2;2;1;2;2;2;2;2;1;2;2;2;2;1;2;2;2; ;1;1;1;4;1;2;1;1;1;3;1;1;01;13;07;13;370,899239416514
4665965;1;3;2;1;1;1;1;3;3;3; ; ; ; ;500000;2;1;2;1;1;1;1;2;2;2;1;2;2;2;2;2;1;2;2;2;2;1;2;4;2; ;1;2;1;4;1;2;1;1;1;3;1;1;01;13;07;13;364,44598487343
4665966;1;3;2;2;2;1;1;3;3;4; ; ; ;350000; ;2;1;2;1;1;1;1;2;2;2;1;2;2;1;2;2;1;2;1;2;2;1;2;3;2; ;1;2;1;4;1;1;1;2;1;3;1;1;01;13;07;13;378,928914673459
4665967;1;3;2;2;1;1;1;4;3;4; ; ; ;150000; ;2;1;2;1;1;1;1;2;2;2;1;2;2;2;2;2;1;2;2;2;2;2; ;5;2; ;1;2;5;2;1;1;1;2;1;3;1;1;01;13;07;13;372,272893823541
4665968;1;3;2;1;2;1;1;3;4;1; ; ;98;200000; ;2;1;2;1;1;2;1;2;2;2;1;2;2;2;2;2;1;2;2;2;2;1;2;3;2; ;1;2;1;4;1;1;2;1;1;3;1;1;01;13;07;13;445,30327031266
4665969;1;4;2;2;1;1;1;1;3;1; ; ;98;98; ;1;1;1;1;1;1;1;1;1;2;1;1;1;2;2;2;1;2;2;2;2;1;2;3;2; ;1;2;1;4;1;1;1;2;1;3;1;1;01;13;07;13;364,041007676873
4665970;1;3;2;2;1;1;1;1;3;1; ; ;98;98; ;2;1;2;1;1;1;1;2;2;2;1;2;1;2;2;2;1;2;2;2;2;1;2;5;2; ;1;1;1;4;1;1;1;2;1;3;1;1;01;13;07;13;426,098858485693
4665971;1;3;2;1;1;1;1;3;4;1; ; ;98;220000; ;2;1;1;1;1;1;1;2;2;2;1;2;2;2;2;2;1;2;2;2;2;1;2;3;2; ;1;1;1;4;1;1;2;1;1;3;1;1;01;13;07;13;301,06273745207
4665972;1;3;2;2;1;1;1;3;3;4; ; ; ;300000; ;2;2;2;1;1;1;2;2;2;2;1;2;2;2;2;2;1;2;2;2;2;2; ;3;2; ;1;1;1;2;1;1;1;2;1;3;1;1;01;13;07;13;378,928914673459
4665973;1;3;2;2;1;1;1;4;3;1; ; ;98;200000; ;2;1;2;1;1;1;1;2;2;2;1;2;2;2;2;2;1;2;2;2;2;2; ;4;2; ;1;1;5;2;1;1;1;2;1;3;1;1;01;13;07;13;468,230790675933
4665974;1;4;3;2;1;1;1;3;3;1; ; ;98;98; ;2;2;2;1;1;2;1;2;2;2;1;2;2;2;2;2;1;2;2;2;2;1;1;4;2; ;1;1;1;2;1;1;1;2;1;3;1;1;01;13;07;13;335,791015675038
4665975;1;2;1;2;1;1;2;6; ;1; ; ;30000000;150000; ;2;2;2;2;2;2;1;2;2;2;2;2;2;2;2;2;1;2;2;2;2;2; ;1;2; ;1;1;1;2;1;1;2;2;1;3;1;1;01;13;07;13;409,42238177578
4665976;1;4;3;2;1;1;1;3;3;3; ; ; ; ;400000;2;2;2;1;1;1;1;1;2;2;1;1;2;2;2;2;1;2;2;2;2;1;1;6;2; ;1;1;1;4;1;1;1;2;1;3;1;1;01;13;07;13;456,950075077117
4666053;1;3;2;1;1;1;1;1;3;1; ; ;150000000;850000; ;2;1;2;1;1;1;1;1;2;1;1;1;1;2;2;2;2;1;2;2;2;1;2;3;2; ;1;2;1;4;1;3;1;1;1;2;1;1;01;17;07;17;291,148897849085
4666054;1;3;2;1;1;1;1;1;3;3; ; ; ; ;400000;2;1;1;1;1;1;1;2;2;1;1;1;1;1;2;2;2;2;2;2;2;1;2;2;2; ;1;2;1;3;1;3;1;1;1;2;1;1;01;17;07;17;188,955994937145
4666056;1;1;1;1;2;1;1;6; ;3; ; ; ; ;240000;2;1;1;2;2;2;2;2;2;2;1;2;2;2;2;2;2;2;2;2;2;1;1;1;2; ;1;3;1;3;1;3;2;1;1;2;1;2;01;17;07;17;374,472126491392
4666058;1;1;1;1;2;1;1;6; ;3; ; ; ; ;240000;2;1;1;2;2;2;2;2;2;2;1;2;2;2;2;2;2;2;2;2;2;1;1;1;2; ;1;3;1;3;1;3;2;1;1;2;1;1;01;17;07;17;374,472126491392
4666059;1;5;3;1;1;1;1;1;3;1; ; ;230000000;550000; ;1;1;1;1;1;1;1;1;2;1;1;1;1;1;1;2;2;2;1;2;2;1;5;5;2; ;1;2;1;4;1;3;1;1;1;2;1;1;01;17;07;17;139,8150681785
4666060;1;5;3;1;1;1;1;1;3;1; ; ;80000000;700000; ;1;1;1;1;1;1;1;1;2;1;1;2;1;2;2;2;2;1;2;1;2;1;4;4;2; ;1;1;1;4;1;3;1;1;1;2;1;1;01;17;07;17;205,340674507637
4666061;1;5;3;1;1;1;1;1;3;3; ; ; ; ;550000;1;1;1;1;1;1;1;1;1;1;1;1;1;1;2;2;2;2;2;1;2;1;3;3;2; ;1;2;1;4;1;3;1;1;1;2;1;1;01;17;07;17;167,114686607271
4666062;1;5;3;1;1;1;1;1;3;1; ; ;250000000;800000; ;1;1;1;1;1;1;1;2;1;1;1;1;2;1;1;2;2;1;1;1;2;1;4;4;2; ;1;1;1;4;1;3;1;1;1;2;1;1;01;17;07;17;187,313330515389
4666064;1;5;4;1;1;1;1;1;3;3; ; ; ; ;400000;2;1;1;1;1;1;1;2;2;1;1;2;1;1;2;2;2;2;2;2;2;1;4;4;2; ;1;2;4;3;1;3;1;1;1;2;1;1;01;17;07;17;179,273825486756
4666065;1;4;3;1;1;1;1;1;3;3; ; ; ; ;500000;1;1;1;1;1;1;1;1;2;2;1;1;1;1;2;2;2;2;2;2;2;1;2;3;2; ;1;2;1;4;1;3;1;1;1;2;1;1;01;17;07;17;291,148897849085
4666066;1;6;3;1;1;1;1;1;4;4; ; ; ;550000; ;2;1;2;1;1;1;1;2;2;1;1;2;1;1;2;2;2;2;1;2;2;1;3;3;2; ;1;2;4;3;1;3;2;1;1;2;1;1;01;17;07;17;177,639064030184
4666068;1;3;2;1;1;1;1;1;3;3; ; ; ; ;450000;2;1;2;1;2;1;1;2;2;2;1;2;2;2;2;2;2;2;2;2;2;1;2;3;2; ;1;2;4;3;1;3;1;1;1;2;1;1;01;17;07;17;185,572662218663
4666069;1;5;4;1;1;1;1;1;3;1; ; ;120000000;400000; ;1;1;1;1;1;1;1;2;2;2;1;1;1;1;1;2;2;1;1;2;2;1;5;6;2; ;1;2;7;3;1;3;1;1;1;2;1;1;01;17;07;17;265,159316097897
4666071;1;4;3;1;1;1;1;1;3;3; ; ; ; ;550000;2;1;1;1;1;1;1;2;2;2;1;1;1;1;2;2;2;1;1;1;2;1;3;3;2; ;1;2;1;4;1;3;1;1;1;2;1;1;01;17;07;17;185,572662218663
4666072;1;6;1;1;1;1;1;1;3;4; ; ; ;450000; ;2;1;1;1;1;1;1;1;2;2;1;2;2;2;2;2;2;2;2;2;2;1;2;2;2; ;1;2;4;3;1;3;1;1;1;2;1;1;01;17;07;17;217,42254611743
4666075;1;3;1;1;1;1;1;1;3;1; ; ;98;98; ;1;1;2;1;1;1;1;2;2;2;1;2;2;2;2;2;2;2;2;2;2;1;2;2;2; ;1;2;1;4;1;2;1;1;1;2;1;1;01;17;07;17;162,995052756418
4666076;1;5;1;1;1;1;1;1;3;2; ;2500000;300000000;1500000; ;1;1;1;1;1;1;1;1;1;1;1;2;1;1;2;2;2;2;2;1;2;1;2;3;2; ;1;1;1;4;1;6;1;1;1;2;1;1;01;17;07;17;291,148897849085
4666077;1;5;2;1;1;1;1;1;3;1; ; ;250000000;2000000; ;2;1;1;1;1;1;1;1;1;1;1;1;1;1;1;2;2;1;2;1;2;1;2;3;2; ;1;1;1;4;1;6;1;1;1;2;1;1;01;17;07;17;291,148897849085
4666082;1;4;2;1;1;1;1;1;3;3; ; ; ; ;570000;2;1;1;1;1;1;1;1;2;1;1;1;1;1;2;2;1;2;1;2;2;1;2;2;2; ;1;2;1;4;1;3;1;1;1;2;1;1;01;17;07;17;217,42254611743
4666084;1;2;1;1;1;1;1;1;3;3; ; ; ; ;300000;1;1;1;1;1;1;1;1;2;1;1;2;2;2;2;2;2;2;2;2;2;1;1;1;2; ;1;2;1;4;1;3;1;1;1;2;1;1;01;17;07;17;184,405729467149
4666085;1;4;2;1;1;1;1;1;3;2; ;820000;110000000;700000; ;2;2;1;1;1;1;1;1;2;2;1;2;2;1;2;2;2;1;2;2;2;1;1;3;2; ;1;2;1;4;1;3;1;1;1;2;1;1;01;17;07;17;185,572662218663
4666086;1;6;4;1;1;1;1;1;3;1; ; ;100000000;900000; ;1;1;1;1;1;1;1;1;2;1;1;2;1;1;2;2;2;2;2;1;2;1;4;5;2; ;1;1;1;4;1;4;1;1;1;2;1;1;01;17;07;17;245,497210649076
4666087;1;5;3;1;1;1;1;1;3;4; ; ; ;640000; ;1;1;1;1;1;1;1;1;2;1;1;1;1;1;2;2;2;2;1;2;1;1;2;3;2; ;1;2;1;4;1;3;1;1;1;2;1;1;01;17;07;17;280,624520426172
4666088;1;4;1;1;1;1;1;1;3;3; ; ; ; ;450000;1;1;1;1;1;1;1;1;1;2;1;2;1;2;2;2;1;2;2;2;2;1;1;1;2; ;1;2;1;4;1;3;1;1;1;2;1;1;01;17;07;17;184,405729467149
4666090;1;4;2;1;1;1;1;1;3;6;ESTA  HIPOTECADA; ; ;550000; ;2;2;2;1;1;1;1;1;2;1;1;1;1;1;2;2;2;1;1;1;2;1;2;2;2; ;1;2;1;4;1;3;1;1;1;2;1;1;01;17;07;17;217,42254611743
4666091;1;3;2;1;1;1;1;1;3;3; ; ; ; ;650000;1;1;1;1;1;1;1;2;2;2;1;2;1;2;2;2;2;2;1;2;2;1;2;3;2; ;1;2;1;4;1;3;1;1;1;2;1;1;01;17;07;17;185,572662218663
4666092;1;4;2;1;1;1;1;1;3;3; ; ; ; ;480000;1;1;1;1;1;1;1;2;2;2;1;2;2;1;2;2;2;1;2;2;2;1;2;3;2; ;1;2;1;4;1;3;1;1;1;2;1;1;01;17;07;17;185,572662218663
4666093;1;3;1;1;1;1;1;1;4;1; ; ;98;400000; ;1;1;2;2;1;1;1;2;2;2;1;2;2;2;2;2;2;2;2;2;2;1;1;1;2; ;1;2;1;4;1;2;2;1;1;2;1;1;01;17;07;17;184,405729467149
4666095;1;5;2;1;1;1;1;1;3;1; ; ;90000000;450000; ;1;1;1;1;1;1;1;1;2;1;1;2;1;1;2;2;2;2;1;1;2;1;3;4;2; ;1;2;1;4;1;2;1;1;1;2;1;1;01;17;07;17;230,630448288553
4666096;1;4;3;1;1;1;1;1;4;1; ; ;150000000;250000; ;1;1;1;1;1;1;1;2;2;2;1;2;2;1;2;2;2;2;2;2;2;1;4;4;2; ;1;1;1;2;1;2;2;1;1;2;1;1;01;17;07;17;187,313330515389
4666097;1;3;1;1;1;1;1;1;3;1; ; ;60000000;250000; ;1;1;1;2;1;1;1;1;2;2;1;2;2;2;2;2;2;2;2;2;2;1;1;1;2; ;1;2;1;4;1;2;1;1;1;2;1;1;01;17;07;17;184,405729467149
4666098;1;5;1;1;1;1;1;1;4;2; ;380000;98;400000; ;2;2;2;2;1;1;1;2;2;2;1;1;1;2;2;2;2;2;2;2;2;1;1;2;2; ;1;2;1;4;1;3;2;1;1;2;1;1;01;17;07;17;181,022396748666
4666099;1;4;1;1;1;1;1;1;3;4; ; ; ;600000; ;1;1;1;1;1;1;1;1;1;1;1;1;1;1;1;2;2;2;2;2;2;1;2;2;2; ;1;2;1;4;1;3;1;1;1;2;1;1;01;17;07;17;162,995052756418
4666100;1;2;2;1;1;1;1;1;3;3; ; ; ; ;300000;2;1;1;1;1;1;1;1;2;2;1;2;1;1;2;2;2;2;2;2;2;1;3;4;2; ;1;2;1;4;1;1;1;1;1;2;1;1;01;17;07;17;212,582367691028
4666101;1;2;1;1;1;1;1;1;4;3; ; ; ; ;220000;2;1;1;1;1;1;1;1;2;1;1;2;1;1;2;2;1;2;2;1;2;1;2;3;2; ;1;1;1;4;1;2;2;1;1;2;1;1;01;17;07;17;524,748850694332
4666102;1;1;1;1;1;1;1;1;3;3; ; ; ; ;300000;2;1;1;1;1;1;1;2;2;1;1;2;2;1;2;2;2;2;2;2;2;1;1;1;2; ;1;2;1;4;1;3;1;1;1;2;1;1;01;17;07;17;176,79685605766
4666103;1;5;4;1;1;1;1;1;3;3; ; ; ; ;700000;2;1;1;1;1;1;1;1;1;1;1;1;1;1;1;2;2;1;2;1;2;1;4;4;2; ;1;2;1;4;1;3;1;1;1;2;1;1;01;17;07;17;153,722778319896
4666104;1;4;3;1;1;1;1;1;3;3; ; ; ; ;450000;1;1;1;1;1;1;1;2;2;2;1;2;2;1;2;2;2;2;1;2;2;1;3;5;2; ;1;1;1;4;1;2;1;1;1;2;1;1;01;17;07;17;336,392898247816
4666106;1;1;1;1;2;1;1;1;3;3; ; ; ; ;300000;2;1;1;1;1;1;1;2;2;1;2;2;2;1;2;2;2;2;2;2;2;1;1;1;2; ;1;2;1;4;1;3;1;1;1;2;1;1;01;17;07;17;194,739029815031
4666107;1;3;2;1;1;1;1;1;3;1; ; ;100000000;500000; ;1;1;1;1;1;1;1;2;2;1;1;2;2;2;2;2;2;2;1;2;2;1;2;4;2; ;1;1;1;4;1;3;1;1;1;2;1;1;01;17;07;17;142,873676117993
4666108;1;6;4;1;1;1;1;1;3;1; ; ;100000000;700000; ;1;1;1;1;1;1;1;2;2;1;1;2;1;1;2;2;2;2;2;2;2;1;3;4;2; ;1;1;1;3;1;3;1;1;1;2;1;1;01;17;07;17;171,664952077267
4666109;1;1;1;1;1;1;1;1;4;3; ; ; ; ;290000;2;1;1;1;1;2;1;2;2;1;2;2;2;1;2;2;2;2;2;2;2;1;2;2;2; ;1;2;1;4;1;3;2;1;1;2;1;1;01;17;07;17;162,889145916264
4666110;1;5;1;1;1;1;1;1;3;1; ; ;200000000;800000; ;1;1;1;1;1;1;1;2;1;1;1;1;1;1;2;2;2;2;2;2;2;1;2;2;2; ;1;1;1;4;1;3;1;1;1;2;1;1;01;17;07;17;162,995052756418
4666111;1;3;2;1;1;1;1;1;3;2; ;230000;100000000;400000; ;1;1;1;1;1;1;1;1;2;1;1;2;1;1;2;2;2;2;2;2;2;1;2;3;2; ;1;2;1;4;1;1;1;1;1;2;1;1;01;17;07;17;182,657158205238
4666112;1;4;3;1;1;1;1;1;3;1; ; ;98;300000; ;1;1;1;1;1;1;1;1;2;1;1;2;2;1;2;2;2;2;2;2;2;1;3;3;2; ;1;1;1;4;1;2;1;1;1;2;1;1;01;17;07;17;365,314316410477
4666113;1;1;1;1;1;1;1;1;3;3; ; ; ; ;280000;2;2;1;2;1;2;1;2;2;1;1;2;2;2;2;2;2;2;2;2;2;1;1;1;2; ;1;2;1;4;1;3;1;1;1;2;1;1;01;17;07;17;176,79685605766
4666115;1;1;1;1;1;1;1;1;3;3; ; ; ; ;280000;2;1;1;2;1;2;1;2;2;1;1;2;2;1;2;2;2;2;2;2;2;1;1;1;2; ;1;2;1;4;1;3;1;1;1;2;1;1;01;17;07;17;220,805878835912
4666116;1;5;3;1;1;1;1;1;3;2; ;98;98;700000; ;2;1;1;1;1;1;1;2;2;1;1;2;1;2;2;2;2;2;2;1;2;1;3;3;2; ;1;1;1;4;1;3;1;1;1;2;1;1;01;17;07;17;167,114686607271
4666117;1;1;1;1;1;1;1;1;3;3; ; ; ; ;300000;2;1;1;2;1;2;1;2;2;1;1;2;2;2;2;2;2;2;2;2;2;1;1;1;2; ;1;2;1;4;1;3;1;1;1;2;1;1;01;17;07;17;194,739029815031
4666118;1;3;2;1;1;1;1;1;3;3; ; ; ; ;350000;2;1;2;2;1;1;1;2;2;2;1;2;1;1;2;2;2;1;2;2;2;1;2;4;2; ;1;2;1;3;1;1;1;1;1;2;1;1;01;17;07;17;328,375059422728
4666119;1;1;1;1;1;1;1;1;3;3; ; ; ; ;300000;2;1;1;1;1;2;1;2;2;1;1;2;2;2;2;2;2;2;2;2;2;1;1;1;2; ;1;2;1;4;1;3;1;1;1;2;1;1;01;17;07;17;176,79685605766
4666120;1;3;2;1;1;1;1;1;3;3; ; ; ; ;370000;2;1;1;1;1;1;1;1;1;2;1;2;1;2;2;2;2;2;2;2;2;1;4;4;2; ;1;2;1;4;1;2;1;1;1;2;1;1;01;17;07;17;379,214251669277
4666123;1;3;2;1;1;1;1;1;3;1; ; ;70000000;450000; ;2;1;1;1;1;1;1;2;2;1;1;2;1;1;2;2;2;2;2;2;2;1;3;4;2; ;1;1;1;4;1;3;1;1;1;2;1;1;01;17;07;17;143,304307737137
4666124;1;4;3;1;1;1;1;1;3;1; ; ;200000000;800000; ;1;1;1;1;1;1;1;2;2;1;1;2;1;1;2;2;2;2;1;1;2;1;4;4;2; ;1;1;1;4;1;3;1;1;1;2;1;1;01;17;07;17;127,761836139169
4666126;1;2;2;1;1;1;1;1;3;3; ; ; ; ;280000;2;2;2;1;1;1;1;2;2;1;1;1;2;2;2;2;2;2;1;2;2;1;2;3;2; ;1;2;1;4;1;1;1;1;1;2;1;1;01;17;07;17;272,898802770079
4666127;1;3;2;1;1;1;1;1;3;3; ; ; ; ;380000;2;1;2;1;1;1;1;2;2;2;1;2;1;2;2;2;2;2;2;2;2;1;3;5;2; ;1;2;1;4;1;2;1;1;1;2;1;1;01;17;07;17;608,501786360109
4666128;1;4;3;1;1;1;1;1;3;1; ; ;98;400000; ;2;1;1;1;1;1;1;1;2;2;1;2;2;2;2;2;2;2;2;2;2;1;1;5;2; ;1;2;1;4;1;2;1;1;1;2;1;1;01;17;07;17;208,646739956427
4666129;1;4;3;1;1;1;1;1;3;1; ; ;150000000;600000; ;1;1;1;1;1;1;1;1;2;1;1;2;2;1;2;2;2;1;1;1;2;1;4;4;2; ;1;2;1;4;1;3;1;1;1;2;1;1;01;17;07;17;189,607125834638
4666130;1;4;2;1;1;1;1;1;3;1; ; ;185000000;900000; ;1;1;1;1;1;1;1;2;1;1;1;2;2;1;2;2;2;2;2;1;2;1;3;3;2; ;1;2;1;4;1;4;1;1;1;2;1;1;01;17;07;17;131,145168857651
4666131;1;1;1;1;1;1;1;1;4;1; ; ;98;300000; ;2;2;2;2;2;2;1;2;2;2;2;2;2;2;2;2;2;2;2;2;2;2; ;2;2; ;1;2;1;3;1;1;2;1;1;2;1;1;01;17;07;17;183,852730527214
4666132;1;4;2;1;1;1;1;1;3;4; ; ; ;98; ;2;1;1;1;1;1;1;1;2;2;1;2;2;2;1;2;2;2;1;1;2;1;3;3;2; ;1;2;1;4;1;2;1;1;1;2;1;1;01;17;07;17;371,145324437326
4666133;1;3;2;1;1;1;1;1;3;3; ; ; ; ;150000;1;1;1;1;1;1;1;2;2;2;1;2;2;1;2;2;2;2;2;2;2;1;2;3;2; ;1;2;1;4;1;2;1;1;1;2;1;1;01;17;07;17;185,572662218663
4666134;1;5;1;1;1;1;1;1;3;3; ; ; ; ;900000;2;1;2;1;1;1;1;2;1;1;1;2;1;1;2;2;2;2;2;2;2;1;1;2;2; ;1;2;1;4;1;4;1;1;1;2;1;1;01;17;07;17;160,164718977871
4666136;1;2;1;1;1;1;1;1;3;3; ; ; ; ;300000;1;1;2;1;1;1;2;2;2;2;1;2;1;2;2;2;2;2;1;2;2;1;1;1;2; ;1;2;1;4;1;2;1;1;1;2;1;1;01;17;07;17;368,811458934297
4666137;1;5;2;1;1;1;1;1;3;1; ; ;98;150000; ;1;1;2;1;1;1;1;1;1;1;1;1;1;2;2;2;2;2;1;2;2;1;2;3;2; ;1;2;1;4;1;1;1;1;1;2;1;1;01;17;07;17;175,154191635903
4666138;1;4;3;1;1;1;1;1;3;3; ; ; ; ;500000;2;1;1;1;1;1;1;2;2;1;1;1;1;1;2;2;2;2;1;2;2;1;3;4;2; ;1;2;1;4;1;3;1;1;1;2;1;1;01;17;07;17;303,30803672857
4666139;1;4;2;1;1;1;1;1;3;2; ;600000;180000000;900000; ;2;1;2;1;1;1;1;2;1;1;1;2;1;1;2;2;2;2;1;1;2;1;3;3;2; ;1;2;1;4;1;4;1;1;1;2;1;1;01;17;07;17;159,611720037936
4666140;1;5;3;1;1;1;1;1;3;1; ; ;160000000;650000; ;1;1;1;1;1;1;1;1;1;2;1;2;1;1;2;2;1;2;1;2;2;1;3;4;2; ;1;1;1;4;1;2;1;1;1;2;1;1;01;17;07;17;204,648769502549
4666143;1;3;2;1;1;1;1;1;3;6;HERENCIA; ; ;350000; ;2;2;2;2;1;2;1;2;2;2;1;2;2;2;2;2;2;2;2;2;2;1;2;3;2; ;1;2;1;3;1;1;1;1;1;2;1;1;01;17;07;17;252,041124999283
4666144;1;3;2;1;1;1;1;1;3;3; ; ; ; ;700000;2;1;1;1;1;1;1;2;1;1;1;1;1;1;2;2;2;2;1;2;2;1;2;2;2; ;1;1;1;4;1;4;1;1;1;2;1;1;01;17;07;17;191,355697096549
4666145;1;5;1;1;1;1;1;1;3;6;HERENCIA; ; ;200000; ;2;2;2;1;1;1;1;2;2;2;1;2;1;2;2;2;2;2;2;2;2;1;1;1;2; ;1;2;1;3;1;1;1;1;1;2;1;1;01;17;07;17;184,405729467149
4666146;1;3;2;1;1;1;1;1;3;3; ; ; ; ;280000;2;2;2;1;1;1;1;2;2;2;1;2;2;2;2;2;2;2;2;2;2;1;2;3;2; ;1;1;1;4;1;2;1;1;1;2;1;1;01;17;07;17;291,148897849085
4666147;1;5;3;1;1;1;1;1;3;2; ;98;280000000;800000; ;2;2;2;1;1;1;1;2;1;1;1;2;1;2;2;2;2;1;1;1;2;1;2;4;2; ;1;1;1;4;1;3;1;1;1;2;1;1;01;17;07;17;241,048918871312
4666148;1;5;4;1;1;1;1;1;3;1; ; ;60000000;700000; ;2;2;2;2;1;1;1;2;2;2;1;2;1;2;2;2;2;2;2;2;2;1;2;5;2; ;1;1;1;2;1;3;1;1;1;2;1;1;01;17;07;17;104,323369978213
4666149;1;2;1;1;1;1;1;1;3;3; ; ; ; ;550000;2;2;2;1;1;1;1;2;2;1;1;2;2;2;2;2;2;2;1;2;2;1;2;2;2; ;1;2;1;4;1;4;1;1;1;2;1;1;01;17;07;17;173,413523339177
4666150;1;7;4;1;1;1;1;1;3;3; ; ; ; ;700000;1;1;1;1;1;1;1;2;1;1;1;1;1;2;2;2;2;1;2;2;2;1;5;5;2; ;1;2;1;4;1;4;1;1;1;2;1;1;01;17;07;17;189,033262206838
4666152;1;5;3;1;1;1;1;1;3;2; ;230000;98;350000; ;1;1;1;1;1;1;1;2;2;1;1;2;1;1;2;2;2;2;2;2;2;1;3;4;2; ;1;1;1;2;1;2;1;1;1;2;1;1;01;17;07;17;106,904158368373
4666154;1;3;1;1;1;1;1;1;3;2; ;600000;170000000;800000; ;1;1;1;1;1;1;1;2;1;1;1;2;2;1;2;2;2;2;2;2;2;1;1;1;2; ;1;2;1;4;1;4;1;1;1;2;1;1;01;17;07;17;184,405729467149
4666155;1;3;1;1;1;1;1;1;3;3; ; ; ; ;372000;2;1;1;1;1;1;1;2;2;2;1;2;2;1;2;2;2;2;1;2;2;1;1;1;2; ;1;2;1;4;1;3;1;1;1;2;1;1;01;17;07;17;220,805878835912
4666159;1;4;2;1;1;1;1;1;3;1; ; ;300000000;800000; ;2;1;1;1;1;1;1;2;2;2;1;2;1;2;2;2;2;1;2;1;2;1;2;2;2; ;1;2;1;4;1;3;1;1;1;2;1;1;01;17;07;17;188,955994937145
4666160;1;3;3;1;1;1;1;1;3;3; ; ; ; ;550000;2;1;1;1;1;1;1;1;2;2;1;2;1;2;2;2;1;2;2;2;2;1;1;4;2; ;1;2;1;4;1;3;1;1;1;2;1;1;01;17;07;17;241,048918871312
4666161;1;4;1;1;1;1;1;1;4;3; ; ; ; ;340000;1;1;2;1;1;1;1;2;2;1;1;2;2;2;2;2;2;2;2;2;2;1;1;1;2; ;1;1;4;3;1;3;2;1;1;3;1;1;01;17;07;17;184,405729467149
4666164;1;1;1;1;1;1;1;2;3;3; ; ; ; ;350000;2;1;1;1;1;1;1;2;2;2;1;2;1;1;2;2;2;2;1;2;2;1;1;1;2; ;1;2;1;4;1;3;1;1;1;2;1;1;01;17;07;17;205,263407237944
4666165;1;3;2;1;1;1;1;1;3;1; ; ;80000000;400000; ;1;1;1;1;1;1;1;1;2;1;1;2;1;1;2;2;2;2;2;2;2;1;2;2;2; ;1;1;1;4;1;2;1;1;1;2;1;1;01;17;07;17;170,498019325753
4666166;1;4;2;1;1;1;1;1;3;1; ; ;70000000;700000; ;2;1;1;1;1;1;1;1;2;1;1;2;1;1;2;2;2;2;1;2;2;1;2;3;2; ;1;2;1;4;1;3;1;1;1;2;1;1;01;17;07;17;272,898802770079
4666168;1;3;1;1;1;1;1;1;3;3; ; ; ; ;400000;2;1;2;2;1;1;1;2;2;2;1;1;1;2;2;2;2;2;2;2;2;1;1;1;2; ;1;2;1;4;1;3;1;1;1;7;1;1;01;17;07;17;187,236063245696
4666169;1;5;2;1;1;1;1;1;3;1; ; ;500000000;1500000; ;1;1;1;1;1;1;1;1;1;1;1;1;1;1;1;2;2;1;2;1;2;1;2;2;2; ;1;1;1;4;1;6;1;1;1;2;1;1;01;17;07;17;217,42254611743
4666171;1;3;1;1;1;1;1;1;3;3; ; ; ; ;500000;2;1;2;2;2;1;1;2;2;1;1;2;2;2;2;2;2;2;2;2;2;1;1;1;2; ;1;2;1;3;1;3;1;1;1;3;1;1;01;17;07;17;187,236063245696
4666174;1;3;2;1;1;1;1;1;4;3; ; ; ; ;600000;2;1;1;1;1;1;1;2;2;2;1;2;1;1;2;2;2;2;2;2;2;1;3;3;2; ;1;2;1;5;1;3;2;1;1;7;1;1;01;17;07;17;185,572662218663
4666175;1;1;1;1;1;1;1;6; ;3; ; ; ; ;320000;2;2;2;2;2;2;2;2;2;2;2;2;2;2;2;2;2;2;2;2;2;1;1;1;2; ;1;4;1;5;1;3;2;1;1;7;1;1;01;17;07;17;205,263407237944
4666176;1;1;1;1;1;1;1;6; ;3; ; ; ; ;300000;2;2;2;2;1;2;2;2;2;2;1;2;2;1;2;2;2;2;2;2;2;1;1;1;2; ;1;2;1;5;1;3;2;1;1;3;1;1;01;17;07;17;205,263407237944
4666178;1;5;4;1;1;1;1;1;3;1; ; ;98;600000; ;1;1;1;1;1;1;1;1;2;2;1;2;1;1;1;2;2;2;2;2;2;1;3;5;2; ;1;2;1;4;1;3;1;1;1;2;1;1;01;17;07;17;147,423941587989
4666180;1;4;2;1;1;1;1;1;3;1; ; ;100000000;500000; ;1;1;2;1;1;1;1;2;2;2;1;2;1;2;2;2;2;2;2;2;2;1;2;3;2; ;1;1;1;3;1;2;1;1;1;2;1;1;01;17;07;17;159,611720037936
4666182;1;2;2;1;1;1;1;1;3;3; ; ; ; ;300000;2;1;2;2;1;1;1;2;2;2;1;2;2;2;2;2;2;2;2;2;2;1;2;2;2; ;1;2;1;3;1;2;1;1;1;2;1;1;01;17;07;17;162,995052756418
4666184;1;4;1;1;1;1;1;1;3;1; ; ;150000000;800000; ;1;1;1;1;1;1;1;2;2;1;1;2;1;2;2;2;2;2;2;2;2;1;1;1;2; ;1;1;1;4;1;4;1;1;1;2;1;1;01;17;07;17;230,507161833936
4666185;1;4;3;1;1;1;1;1;3;3; ; ; ; ;400000;2;1;1;1;1;1;1;2;2;2;1;1;1;1;2;2;2;1;2;2;2;1;2;4;2; ;1;2;1;4;1;1;1;1;1;2;1;1;01;17;07;17;277,241187707689
4666186;1;4;3;1;1;1;1;1;3;3; ; ; ; ;550000;2;1;2;1;1;1;1;2;2;1;1;2;2;2;2;2;2;2;1;2;2;1;4;4;2; ;1;1;1;4;1;3;1;1;1;2;1;1;01;17;07;17;171,770858917421
4666187;1;4;3;1;1;1;1;1;3;1; ; ;80000000;450000; ;2;1;1;1;1;1;1;2;2;2;1;2;1;2;2;2;2;2;1;2;2;1;4;6;2; ;1;2;1;4;1;2;1;1;1;2;1;1;01;17;07;17;337,150865583731
4666188;1;4;2;1;1;1;1;1;3;1; ; ;150000000;800000; ;1;1;1;1;1;1;1;2;2;1;1;2;1;1;1;2;2;2;2;2;2;1;2;2;2; ;1;1;1;4;1;3;1;1;1;2;1;1;01;17;07;17;162,995052756418
4666190;1;3;1;1;1;1;1;1;3;2; ;550000;98;500000; ;2;1;1;1;1;1;1;1;1;1;1;2;2;2;2;2;2;2;2;2;2;1;2;2;2; ;1;2;1;4;1;3;1;1;1;2;1;1;01;17;07;17;162,995052756418
4666191;1;5;4;1;1;1;1;1;4;2; ;350000;150000000;350000; ;2;1;1;2;1;1;1;2;2;2;1;2;2;2;2;2;2;2;2;2;2;1;2;4;1;1;1;2;1;4;1;1;2;1;1;2;1;1;01;17;07;17;212,582367691028
4666192;1;3;2;1;1;1;1;1;3;3; ; ; ; ;380000;2;1;2;1;1;1;1;2;2;2;1;2;2;2;2;2;2;2;2;2;2;1;1;2;2; ;1;2;1;4;1;2;1;1;1;2;1;1;01;17;07;17;206,898168694516
4666193;1;4;3;1;1;1;1;1;3;3; ; ; ; ;350000;1;2;1;1;1;1;1;2;1;2;1;2;1;1;2;2;2;2;2;2;2;1;4;4;2; ;1;2;1;4;1;1;1;1;1;2;1;1;01;17;07;17;292,783659305657
4666194;1;3;2;1;1;1;1;1;3;4; ; ; ;600000; ;2;1;2;1;1;1;1;2;2;2;1;2;2;2;2;2;2;2;2;2;2;1;3;4;2; ;1;2;1;4;1;3;1;1;1;2;1;1;01;17;07;17;259,299013950318
4666195;1;2;2;1;1;1;1;1;3;3; ; ; ; ;350000;2;1;2;1;1;1;1;2;2;2;1;2;2;2;2;2;2;2;2;2;2;1;1;3;2; ;1;2;1;4;1;2;1;1;1;2;1;1;01;17;07;17;196,011869406699
4666196;1;2;1;1;1;1;1;1;3;3; ; ; ; ;300000;2;1;2;2;2;1;1;2;2;2;1;1;2;2;2;2;2;1;1;2;2;1;2;2;2; ;1;1;1;2;1;2;1;1;1;3;1;1;01;17;07;17;217,42254611743
4666197;1;2;1;1;1;1;1;1;3;3; ; ; ; ;400000;2;2;2;2;1;1;1;2;2;2;1;2;2;2;2;2;2;2;2;2;2;2; ;1;2; ;1;2;1;4;1;3;1;1;1;2;1;1;01;17;07;17;184,405729467149
4666198;1;3;2;1;1;1;1;1;3;4; ; ; ;600000; ;1;1;1;1;1;1;1;1;1;1;1;2;2;2;2;2;2;2;2;2;2;1;3;4;2; ;1;2;1;4;1;3;1;1;1;2;1;1;01;17;07;17;171,770858917421
4666199;1;4;3;1;1;1;1;1;3;1; ; ;100000000;400000; ;1;1;1;1;1;1;1;2;1;2;1;2;1;2;2;2;2;2;2;2;2;1;3;4;2; ;1;1;1;3;1;2;1;1;1;2;1;1;01;17;07;17;161,246481494508
4666200;1;4;2;1;1;1;1;1;3;1; ; ;30000000;300000; ;1;2;2;1;1;1;1;2;2;1;1;2;1;2;2;2;2;2;2;2;2;1;1;2;2; ;1;1;1;4;1;2;1;1;1;2;1;1;01;17;07;17;160,164718977871
4666201;1;5;3;1;1;1;1;1;3;1; ; ;200000000;600000; ;1;1;1;1;1;1;1;1;2;1;1;1;1;1;2;2;2;1;2;2;2;1;3;4;2; ;1;2;1;4;1;3;1;1;1;2;1;1;01;17;07;17;241,048918871312
4666203;1;3;2;1;1;1;1;1;3;1; ; ;98;400000; ;1;1;1;1;1;1;1;2;2;2;1;2;2;2;2;2;2;2;2;2;2;1;2;2;2; ;1;2;1;4;1;2;1;1;1;2;1;1;01;17;07;17;152,555845568382
4666204;1;5;2;1;1;1;1;1;3;1; ; ;98;900000; ;1;1;1;1;1;1;1;1;1;1;1;1;1;1;2;2;2;2;1;2;2;1;3;3;2; ;1;1;1;4;1;3;1;1;1;2;1;1;01;17;07;17;159,611720037936
4666206;1;3;2;1;1;1;1;1;3;3; ; ; ; ;420000;2;1;1;2;1;2;1;2;2;2;1;2;1;1;2;2;2;2;2;2;2;1;4;6;2; ;1;2;1;4;1;2;1;1;1;2;1;1;01;17;07;17;241,922800855563
4666207;1;3;1;1;1;1;1;1;3;4; ; ; ;450000; ;2;1;1;1;1;1;1;1;2;1;1;2;2;2;2;2;2;2;1;2;2;1;1;2;2; ;1;2;1;4;1;3;1;1;1;2;1;1;01;17;07;17;199,395202125181
4666210;1;4;2;1;1;1;1;1;3;3; ; ; ; ;200000;2;1;1;1;1;1;1;2;2;2;1;2;1;1;2;2;2;2;2;2;2;1;2;2;2; ;1;1;1;2;1;2;1;1;1;2;1;1;01;17;07;17;188,955994937145
4666211;1;2;1;1;1;1;1;1;3;4; ; ; ;500000; ;2;2;2;1;1;1;1;2;2;1;1;2;1;2;2;2;2;2;2;2;2;1;1;1;2; ;1;2;1;4;1;4;1;1;1;2;1;1;01;17;07;17;184,405729467149
4666212;1;3;2;1;1;1;1;1;3;4; ; ; ;500000; ;2;1;1;2;1;1;1;2;2;1;1;2;1;2;2;2;2;2;2;2;2;1;3;3;2; ;1;2;1;4;1;2;1;1;1;2;1;1;01;17;07;17;185,487491983786
4666213;1;3;2;1;1;1;1;1;3;1; ; ;98;400000; ;1;1;1;1;1;1;1;1;1;1;1;2;1;2;2;2;2;1;1;2;2;1;2;2;2; ;1;2;1;4;1;2;1;1;1;2;1;1;01;17;07;17;181,022396748666
4666215;1;6;5;1;1;1;1;1;3;1; ; ;100000000;400000; ;1;1;1;1;1;1;1;2;1;1;1;1;1;1;2;2;2;2;1;2;2;1;6;6;2; ;1;1;1;4;1;2;1;1;1;2;1;1;01;17;07;17;231,366749420923
4666218;1;3;2;1;1;1;1;1;3;1; ; ;80000000;400000; ;1;1;1;2;2;2;1;2;2;1;1;1;2;1;2;2;2;1;2;2;2;1;2;2;2; ;1;1;1;4;1;2;1;1;1;2;1;1;01;17;07;17;276,282135488561
4666219;1;5;2;1;1;1;1;1;3;1; ; ;250000000;1200000; ;1;1;1;1;1;1;1;2;2;1;1;2;1;2;2;2;2;2;2;2;2;1;2;2;2; ;1;1;1;4;1;4;1;1;1;2;1;1;01;17;07;17;203,743815945522
4666220;1;5;3;1;1;1;1;1;3;3; ; ; ; ;900000;1;1;1;1;1;1;1;1;1;1;1;1;2;1;1;2;1;1;1;2;2;1;3;3;2; ;1;1;1;4;1;4;1;1;1;2;1;1;01;17;07;17;231,965827773328
4666222;1;3;2;1;1;1;1;1;3;3; ; ; ; ;450000;1;1;1;1;1;1;1;2;2;1;1;1;1;1;2;2;2;2;2;2;2;1;2;2;2; ;1;1;1;4;1;2;1;1;1;2;1;1;01;17;07;17;188,955994937145
4666225;1;4;1;1;1;1;1;1;3;4; ; ; ;150000; ;1;2;1;1;1;1;1;2;2;2;1;2;1;1;2;2;2;2;2;2;2;1;1;1;2; ;1;1;1;4;1;1;1;1;1;2;1;1;01;17;07;17;184,405729467149
4666227;1;5;3;1;1;1;1;1;3;3; ; ; ; ;450000;2;1;1;1;1;1;1;1;1;2;1;1;2;1;2;2;2;1;1;2;2;1;5;5;2; ;1;1;1;4;1;2;1;1;1;2;1;1;01;17;07;17;209,890939977633
4666228;1;4;2;1;1;1;1;1;3;1; ; ;80000000;400000; ;1;1;2;1;1;1;1;2;2;1;1;2;1;2;2;2;2;2;2;2;2;1;2;2;2; ;1;1;1;3;1;1;1;1;1;2;1;1;01;17;07;17;160,164718977871
4666229;1;3;1;1;1;1;1;1;3;4; ; ; ;350000; ;1;1;1;1;1;1;1;2;1;1;1;1;1;1;2;2;2;2;2;1;2;1;2;2;2; ;1;2;1;3;1;2;1;1;1;2;1;1;01;17;07;17;181,022396748666
4666230;1;3;1;1;1;1;1;1;3;1; ; ;98;98; ;1;1;1;1;1;1;1;2;2;2;1;2;1;1;2;2;2;2;2;2;2;1;1;2;2; ;1;1;7;2;1;2;1;1;1;2;1;1;01;17;07;17;181,022396748666
4666231;1;3;1;1;1;1;1;1;3;3; ; ; ; ;200000;2;2;2;2;1;1;1;2;2;2;1;1;1;2;2;2;2;1;2;2;2;1;2;2;2; ;1;1;1;4;1;2;1;1;1;2;1;1;01;17;07;17;199,395202125181
4666232;1;4;2;1;1;1;1;1;3;1; ; ;98;300000; ;1;2;1;2;1;1;1;2;2;2;1;2;1;1;2;2;2;1;2;2;2;1;3;3;2; ;1;1;1;4;1;1;1;1;1;2;1;1;01;17;07;17;203,514835976034
4666233;1;4;2;1;1;1;1;1;3;1; ; ;130000000;400000; ;1;1;1;1;1;1;1;2;2;2;1;1;1;2;2;2;2;2;2;2;2;1;2;2;2; ;1;2;1;4;1;2;1;1;1;2;1;1;01;17;07;17;181,022396748666
4666235;1;1;1;1;2;1;1;6; ;3; ; ; ; ;240000;2;1;2;2;2;2;2;2;2;2;2;2;2;2;2;2;2;2;2;2;2;1;1;1;2; ;1;3;1;3;1;3;2;1;1;2;1;1;01;17;07;17;374,472126491392
4666236;1;1;1;1;2;1;1;6; ;3; ; ; ; ;240000;2;1;2;2;2;2;2;2;2;2;1;2;2;2;2;2;2;2;2;2;2;1;1;1;2; ;1;3;1;3;1;3;2;1;1;2;1;1;01;17;07;17;410,526814475889
4666237;1;3;1;1;1;1;1;1;3;3; ; ; ; ;500000;2;1;1;2;2;2;2;2;2;2;1;2;2;2;2;2;2;2;2;2;2;1;1;1;2; ;1;2;1;4;1;3;1;1;1;2;1;1;01;17;07;17;374,472126491392
4666238;1;4;1;1;1;1;1;1;3;1; ; ;120000000;600000; ;2;1;2;1;1;1;1;1;2;1;1;2;1;1;2;2;2;2;2;2;2;1;2;2;2; ;1;1;1;4;1;2;1;1;1;2;1;1;01;17;07;17;162,995052756418
4666239;1;3;2;1;1;1;1;1;3;3; ; ; ; ;420000;1;1;1;1;1;1;1;2;1;2;1;1;1;2;2;2;2;2;2;2;2;1;2;2;2; ;1;2;1;4;1;2;1;1;1;2;1;1;01;17;07;17;217,42254611743
4666240;1;4;3;1;1;1;1;1;3;3; ; ; ; ;380000;2;1;2;2;2;1;1;2;2;2;1;2;1;2;2;2;2;2;2;2;2;1;2;6;2; ;1;2;4;2;1;2;1;1;1;2;1;1;01;17;07;17;300,867560461572
4666241;1;4;3;1;1;1;1;1;3;4; ; ; ;400000; ;1;1;1;1;1;1;1;2;2;1;1;1;1;1;2;2;1;1;2;2;2;1;3;4;2; ;1;2;1;4;1;2;1;1;1;2;1;1;01;17;07;17;266,907887359807
4666242;1;1;1;1;2;1;1;6; ;3; ; ; ; ;240000;2;2;2;2;2;2;2;2;2;2;2;2;2;2;2;2;2;2;2;2;2;2; ;1;2; ;1;3;1;3;1;2;1;1;1;2;1;1;01;17;07;17;374,472126491392
4666244;1;1;1;1;2;1;1;6; ;3; ; ; ; ;224000;2;1;2;2;2;2;2;2;2;2;1;2;2;2;2;2;2;2;2;2;2;1;1;1;2; ;1;3;1;3;1;2;2;1;1;2;1;1;01;17;07;17;374,472126491392
4666246;1;1;1;1;2;1;1;6; ;3; ; ; ; ;224000;2;1;2;2;2;2;2;2;2;2;1;2;2;2;2;2;2;2;2;2;2;1;1;1;2; ;1;3;1;4;1;2;2;1;1;2;1;1;01;17;07;17;374,472126491392
4666248;1;4;2;1;1;1;1;1;3;4; ; ; ;300000; ;2;1;2;2;1;1;1;2;2;2;1;2;1;2;2;2;2;2;2;2;2;1;3;3;2; ;1;2;1;3;1;2;1;1;1;2;1;1;01;17;07;17;280,624520426172
4666249;1;5;2;1;1;1;1;1;3;1; ; ;70000000;400000; ;1;2;2;1;1;1;1;2;2;1;1;1;1;2;2;2;1;2;2;2;2;1;3;3;2; ;1;1;1;4;1;1;1;1;1;2;1;1;01;17;07;17;138,75404226714
4666250;1;3;2;1;1;1;1;1;3;3; ; ; ; ;350000;2;1;2;1;1;1;1;2;2;2;1;2;2;2;2;2;2;2;2;2;2;1;3;5;2; ;1;2;1;4;1;2;1;1;1;2;1;1;01;17;07;17;139,8150681785
4666251;1;4;2;1;1;1;1;1;3;4; ; ; ;250000; ;2;1;2;1;1;1;1;1;2;2;1;1;1;2;2;2;1;2;2;2;2;1;4;4;2; ;1;2;1;7;1;2;1;1;1;2;1;1;01;17;07;17;143,304307737137
4666252;1;6;3;1;1;1;1;1;4;3; ; ; ; ;650000;1;1;1;1;1;1;1;2;2;1;1;2;2;1;1;2;2;1;2;2;2;1;3;3;2; ;1;2;1;3;1;3;2;1;1;3;1;1;01;17;07;17;177,639064030184
4666253;1;6;3;1;1;1;1;1;3;1; ; ;80000000;500000; ;2;1;1;1;1;1;1;2;2;1;1;2;1;1;2;2;2;1;1;2;2;1;3;4;2; ;1;1;1;4;1;2;1;1;1;2;1;1;01;17;07;17;287,765565130602
4666254;1;3;2;4;1;1;1;1;3;3; ; ; ; ;300000;2;1;2;1;1;1;1;2;2;2;1;2;2;2;2;2;2;2;2;2;2;1;2;5;2; ;1;2;1;4;1;3;1;1;1;2;1;1;01;17;07;17;296,747926610719
4666255;1;4;1;1;1;1;1;1;3;3; ; ; ; ;470000;2;1;1;1;1;1;1;1;1;1;1;1;1;1;2;2;2;1;1;1;2;1;3;4;2; ;1;2;1;4;1;2;1;1;1;2;1;1;01;17;07;17;285,057941649564
4666256;1;4;2;1;1;1;1;1;3;3; ; ; ; ;450000;2;1;2;1;1;1;1;2;2;1;1;1;1;2;2;2;2;1;2;2;2;1;2;3;2; ;1;2;1;4;1;2;1;1;1;2;1;1;01;17;07;17;272,898802770079
4666257;1;3;2;1;1;1;1;1;3;3; ; ; ; ;100000;2;1;2;1;1;1;1;2;2;1;1;2;1;2;2;2;2;2;2;2;2;1;2;2;2; ;1;2;1;4;1;2;1;1;1;2;1;1;01;17;07;17;181,022396748666
4666258;1;4;3;1;1;1;1;1;3;1; ; ;100000000;450000; ;2;1;1;1;1;1;1;1;1;1;1;1;1;1;2;2;2;2;2;2;2;1;4;4;2; ;1;1;1;4;1;2;1;1;1;2;1;1;01;17;07;17;171,770858917421
4666259;1;3;1;1;1;1;1;1;3;3; ; ; ; ;400000;2;1;1;1;1;1;1;1;2;1;1;1;1;1;2;2;2;1;2;1;2;1;2;1;2; ;1;2;1;4;1;2;1;1;1;2;1;1;01;17;07;17;205,263407237944
4666261;1;3;2;1;1;1;1;1;3;1; ; ;98;350000; ;1;1;2;2;1;1;1;2;2;2;1;2;1;2;2;2;2;2;1;2;2;1;2;2;2; ;1;2;1;4;1;2;1;1;1;2;1;1;01;17;07;17;181,022396748666
4666263;1;3;2;1;1;1;1;1;3;1; ; ;120000000;500000; ;1;1;1;1;1;1;1;1;1;1;1;2;1;1;2;2;2;1;1;1;2;1;3;3;2; ;1;1;1;4;1;2;1;1;1;2;1;1;01;17;07;17;185,572662218663
4666265;1;3;2;1;1;1;1;1;3;1; ; ;98;300000; ;2;1;2;1;1;1;1;2;2;2;1;2;2;2;2;2;2;2;2;2;2;1;1;2;2; ;1;1;1;4;1;2;1;1;1;2;1;1;01;17;07;17;181,022396748666
4666266;1;3;1;1;1;1;1;1;3;1; ; ;180000000;500000; ;1;1;1;1;1;1;1;2;2;2;1;2;1;2;2;2;2;2;2;2;2;1;2;2;2; ;1;1;1;4;1;2;1;1;1;2;1;1;01;17;07;17;162,995052756418
4666267;1;3;2;1;1;1;1;1;3;1; ; ;75000000;250000; ;1;1;2;1;1;1;1;2;2;1;1;2;2;2;2;2;2;2;2;2;2;1;2;2;2; ;1;1;1;4;1;2;1;1;1;2;1;1;01;17;07;17;162,995052756418
4666268;1;2;1;1;1;1;1;1;3;3; ; ; ; ;455000;2;1;2;1;1;1;1;2;1;1;1;1;1;1;2;2;2;2;2;2;2;1;1;1;2; ;1;2;1;4;1;3;1;1;1;3;1;1;01;17;07;17;220,805878835912
4666269;1;1;1;1;1;1;1;1;3;3; ; ; ; ;500000;2;1;2;2;1;1;1;2;2;1;1;2;2;2;2;2;2;2;2;2;2;1;1;1;2; ;1;2;1;4;1;3;1;1;1;3;1;1;01;17;07;17;205,263407237944
4666273;1;1;1;1;1;1;1;1;3;3; ; ; ; ;500000;2;2;2;1;1;1;1;2;2;1;1;2;2;2;2;2;2;2;2;2;2;1;1;2;2; ;1;2;1;4;1;3;1;1;1;2;1;1;01;17;07;17;276,282135488561
4666275;1;3;1;1;1;1;1;1;3;4; ; ; ;80000000; ;2;1;2;1;1;1;1;2;2;1;1;2;2;2;2;2;2;2;2;2;2;1;1;1;2; ;1;1;1;4;1;2;1;1;1;2;1;1;01;17;07;17;184,405729467149
4666276;1;3;2;1;1;1;1;1;3;3; ; ; ; ;400000;2;1;1;1;1;1;1;2;2;1;1;1;1;2;2;2;2;2;1;2;2;1;3;4;2; ;1;2;1;4;1;2;1;1;1;2;1;1;01;17;07;17;248,46671520577
4666277;1;3;2;1;1;1;1;1;3;3; ; ; ; ;380000;2;1;2;1;1;1;1;2;2;2;1;2;2;2;2;2;2;2;2;2;2;1;2;2;2; ;1;2;1;4;1;2;1;1;1;2;1;1;01;17;07;17;217,42254611743
4666278;1;4;3;1;1;1;1;1;3;3; ; ; ; ;380000;2;1;2;2;1;1;1;2;2;2;1;2;1;2;2;2;2;2;2;2;2;1;3;5;2; ;1;2;1;3;1;2;1;1;1;2;1;1;01;17;07;17;216,924752628638
4666280;1;1;1;1;2;1;1;6; ;3; ; ; ; ;240000;2;2;2;2;2;2;2;2;2;2;1;2;2;2;2;2;2;2;2;2;2;1;1;1;2; ;1;3;1;3;1;3;1;1;1;2;1;1;01;17;07;17;410,526814475889
4666282;1;3;2;1;1;1;1;1;3;1; ; ;98;400000; ;1;1;1;1;1;1;1;1;1;1;1;1;1;1;2;2;2;1;1;2;2;1;3;3;2; ;1;1;1;4;1;2;1;1;1;2;1;1;01;17;07;17;149,087342615022
4666284;1;3;2;1;1;1;1;1;3;1; ; ;95000000;400000; ;2;2;2;1;1;1;1;2;2;1;1;2;1;1;2;2;2;2;2;2;2;1;2;2;2; ;1;1;1;4;1;2;1;1;1;2;1;1;01;17;07;17;181,022396748666
4666285;1;5;4;1;1;1;1;1;3;1; ; ;90000000;480000; ;1;1;1;1;1;1;1;1;1;2;1;2;1;1;2;2;2;2;1;2;2;1;5;5;2; ;1;1;1;4;1;2;1;1;1;2;1;1;01;17;07;17;157,948319010902
4666287;1;3;1;1;1;1;1;1;3;4; ; ; ;350000; ;2;1;1;1;1;1;1;2;2;2;1;2;1;2;2;2;2;2;1;2;2;1;1;1;2; ;1;2;1;4;1;2;1;1;1;2;1;1;01;17;07;17;220,805878835912
4666291;1;4;3;1;1;1;1;1;3;2; ;750000;500000000;350000; ;2;2;2;1;1;1;1;2;2;2;1;2;1;1;2;2;1;1;1;2;2;1;3;3;2; ;1;1;1;4;1;2;1;1;1;2;1;1;01;17;07;17;175,04828479575
4666764;1;5;4;2;1;1;1;1;3;1; ; ;180000000;700000; ;1;1;2;1;1;1;1;2;2;2;1;2;2;1;2;2;1;2;2;2;2;1;4;6;2; ;1;2;1;4;1;2;1;2;1;3;1;1;01;23;07;23;113,520006255694
4666765;1;5;4;1;1;1;1;1;3;1; ; ;40000000;500000; ;2;1;2;1;1;1;1;2;2;2;1;2;2;2;2;2;1;2;2;2;2;1;4;8;2; ;1;2;1;2;1;1;1;1;1;3;1;1;01;23;07;23;81,6834389828116
4666766;1;2;1;2;2;1;1;1;3;4; ; ; ;100000; ;2;2;2;1;2;2;1;2;2;2;2;2;2;2;2;2;1;1;2;2;2;1;2;2;2; ;1;2;5;2;1;1;1;2;1;3;1;1;01;23;07;23;157,639719297665
4666767;1;4;2;2;1;1;1;1;3;1; ; ;98;200000; ;2;1;2;2;1;1;1;1;2;2;1;2;1;2;2;2;1;1;1;2;2;1;3;5;2; ;1;1;1;2;1;1;1;2;1;2;1;1;01;23;07;23;152,923807972642
4666768;1;3;2;1;1;1;1;3;3;3; ; ; ; ;250000;2;1;2;2;1;1;1;2;2;2;1;2;2;1;2;2;1;2;2;2;2;1;2;2;2; ;1;2;1;2;1;1;1;1;1;3;1;1;01;23;07;23;178,249215964816
4666769;1;3;2;2;1;1;1;1;3;1; ; ;36000000;200000; ;2;1;2;1;1;2;1;2;2;2;1;2;2;2;2;2;1;1;2;2;2;1;2;6;2; ;1;2;1;2;1;1;1;2;1;3;1;1;01;23;07;23;172,537518648368
4666770;1;4;2;1;1;1;1;1;3;1; ; ;98;300000; ;2;1;2;1;1;1;1;2;2;2;1;2;2;2;2;2;1;2;1;2;2;1;3;3;2; ;1;1;1;2;1;1;1;1;1;3;1;1;01;23;07;23;124,680106325528
4666771;1;3;2;2;1;1;1;1;3;1; ; ;35000000;400000; ;2;1;2;1;1;1;1;2;2;2;1;2;2;2;2;2;1;1;1;2;2;1;3;6;2; ;1;1;1;2;1;1;1;2;1;3;1;1;01;23;07;23;148,734322585673
4666772;1;4;3;1;1;1;1;1;3;3; ; ; ; ;400000;2;1;2;1;1;1;1;2;2;2;1;2;1;2;2;2;1;2;1;2;2;1;3;6;2; ;1;1;1;4;1;1;1;1;1;3;1;1;01;23;07;23;159,539370956303
4666773;1;3;2;2;1;1;1;1;3;3; ; ; ; ;350000;2;1;2;1;1;1;1;2;2;2;1;2;2;2;2;2;1;2;1;2;2;1;1;4;2; ;1;1;1;4;1;1;1;2;1;3;1;1;01;23;07;23;153,933020006084
4666774;1;3;2;2;1;1;1;3;3;1; ; ;50000000;400000; ;2;1;1;1;1;1;1;2;2;2;1;2;2;2;2;2;1;2;1;2;2;1;3;3;2; ;1;1;1;2;1;1;1;2;1;3;1;1;01;23;07;23;144,590945740704
4666775;1;4;3;1;1;1;1;1;3;1; ; ;30000000;250000; ;2;1;2;2;1;1;1;2;2;2;1;2;1;2;2;2;1;1;2;2;2;1;3;10;2; ;1;1;1;2;1;1;1;1;1;3;1;1;01;23;07;23;164,598534303271
4666776;1;4;3;1;1;1;1;1;3;1; ; ;90000000;500000; ;2;1;1;1;1;1;1;1;1;2;1;2;1;1;2;2;1;1;1;2;2;1;5;6;2; ;1;1;1;4;1;1;1;1;1;3;1;1;01;23;07;23;135,470518048245
4666777;1;3;2;1;1;1;1;1;3;3; ; ; ; ;520000;1;1;1;1;1;1;1;2;1;2;1;2;2;1;2;2;1;2;2;2;2;1;2;2;2; ;1;2;1;4;1;3;1;1;1;3;1;1;01;23;07;23;138,254465644423
4666778;1;6;3;1;1;1;1;1;3;1; ; ;200000000;550000; ;2;1;1;1;1;1;1;1;1;2;1;1;1;1;2;1;1;2;2;1;2;1;3;3;2; ;1;1;1;4;1;2;1;1;1;3;1;1;01;23;07;23;155,828994517945
4666779;1;6;3;1;1;1;1;1;3;1; ; ;200000000;1500000; ;1;1;1;1;1;1;1;2;1;2;1;2;1;1;2;1;1;2;2;1;1;1;2;4;2; ;1;1;1;4;1;3;1;1;1;3;1;1;01;23;07;23;154,819782484504
4666780;1;6;2;1;1;1;1;1;3;4; ; ; ;1000000; ;1;1;1;2;1;1;1;2;2;2;1;2;1;2;2;2;1;1;1;2;2;1;1;3;2; ;1;1;1;2;1;3;1;1;1;3;1;1;01;23;07;23;113,442057548286
4666781;1;2;1;1;1;1;1;1;3;1; ; ;99;500000; ;1;1;1;1;1;1;1;1;1;2;1;2;2;1;2;1;1;2;2;1;2;1;4;6;2; ;1;1;1;4;1;1;1;1;1;3;1;1;01;23;07;23;76,5928938356147
4666782;1;4;3;1;1;1;1;1;3;1; ; ;200000000;600000; ;1;1;1;1;1;1;1;1;1;2;1;1;1;1;2;1;1;2;1;1;2;1;4;5;2; ;1;1;1;4;1;2;1;1;1;3;1;1;01;23;07;23;152,483471942851
4666783;1;3;2;1;1;1;1;1;3;4; ; ; ;350000; ;2;1;1;1;1;1;1;1;2;2;1;2;2;1;2;2;1;1;1;1;2;1;4;4;2; ;1;2;1;4;1;3;1;1;1;3;1;1;01;23;07;23;182,703147591252
4666784;1;3;2;1;1;1;1;1;3;1; ; ;120000000;450000; ;1;2;1;1;1;1;1;2;2;2;1;2;2;1;2;2;1;1;2;2;2;1;2;2;2; ;1;2;1;4;1;3;1;1;1;6;1;1;01;23;07;23;128,168836190964
4666785;1;4;2;1;1;1;1;1;3;3; ; ; ; ;800000;1;1;1;1;1;1;1;2;2;2;1;1;1;1;2;1;1;2;2;1;2;1;2;2;2; ;1;2;1;4;1;3;1;1;1;3;1;1;01;23;07;23;145,947908448615
4666786;1;4;3;1;1;1;1;1;3;1; ; ;120000000;700000; ;1;1;1;1;1;1;1;1;1;2;1;2;1;1;2;1;1;1;1;1;2;1;3;4;2; ;1;2;1;4;1;3;1;1;1;3;1;1;01;23;07;23;182,703147591252
4666787;1;2;1;1;1;1;1;1;3;3; ; ; ; ;640000;1;1;1;1;1;1;1;2;2;2;1;2;1;1;2;1;1;1;2;2;2;1;2;2;2; ;1;2;1;4;1;3;1;1;1;3;1;1;01;23;07;23;177,096796641033
4666788;1;3;1;1;1;1;1;1;3;4; ; ; ;400000; ;2;1;1;1;1;1;1;2;2;2;1;2;2;2;2;2;1;2;2;2;2;1;1;1;1;2;1;2;1;4;1;3;1;1;1;3;1;1;01;23;07;23;120,6799367709
4666789;1;4;2;1;1;1;1;1;3;3; ; ; ; ;400000;2;1;2;1;1;1;1;2;2;2;1;2;2;2;2;2;1;1;1;2;2;1;2;4;2; ;1;1;1;2;1;3;1;1;1;3;1;1;01;23;07;23;122,330369741858
4666790;1;3;2;1;1;1;1;1;3;1; ; ;98;98; ;2;1;2;2;1;1;1;2;2;2;1;2;2;2;2;2;1;2;2;2;2;1;2;2;2; ;1;2;1;4;1;1;1;1;1;3;1;1;01;23;07;23;178,249215964816
4666791;1;5;3;1;1;1;1;1;3;1; ; ;150000000;800000; ;1;1;2;1;1;1;1;2;2;2;1;1;1;1;2;1;1;2;1;1;2;1;3;4;2; ;1;1;1;4;1;3;1;1;1;3;1;1;01;23;07;23;162,792308176076
4666792;1;6;5;1;1;1;1;1;3;3; ; ; ; ;1350000;1;1;1;1;1;1;1;2;2;2;1;2;1;1;2;1;1;2;2;2;2;1;2;3;2; ;1;2;1;4;1;3;1;1;1;3;1;1;01;23;07;23;167,05361725317
4666793;1;3;2;1;1;1;1;1;3;1; ; ;90000000;600000; ;2;1;2;1;1;1;1;1;2;2;1;2;2;2;2;2;1;2;2;2;2;1;2;2;2; ;1;1;1;4;1;3;1;1;1;3;1;1;01;23;07;23;118,797388301056
4666794;1;4;3;1;2;1;1;1;3;1; ; ;70000000;500000; ;2;1;1;1;1;1;1;2;2;2;1;2;2;2;2;2;1;2;1;2;2;1;3;5;2; ;1;2;1;4;1;1;1;1;1;3;1;1;01;23;07;23;192,821827816015
4666794;2;2;1;1;2;1;1;1;3;3; ; ; ; ;300000;2;1;2;1;1;1;1;2;2;2;1;2;2;2;2;2;1;2;2;2;2;1;2;3;2; ;2;2;1;4;1;1;1;1;1;3;1;1;01;23;07;23;192,821827816015
4666795;1;3;2;1;1;1;1;1;3;3; ; ; ; ;400000;2;1;2;2;1;1;1;1;2;2;1;2;1;2;2;2;1;1;2;2;2;1;2;3;2; ;1;2;1;4;1;1;1;1;1;3;1;1;01;23;07;23;155,815568475928
4666796;1;4;3;1;1;1;1;1;3;1; ; ;98;98; ;2;1;1;1;1;1;1;2;2;2;1;2;2;2;2;2;2;1;2;2;2;1;3;4;2; ;1;1;1;4;1;1;1;1;1;3;1;1;01;23;07;23;143,581733707262
4666797;1;3;2;1;1;1;1;1;3;2; ;460000;60000000;400000; ;2;1;1;1;1;1;1;1;1;2;1;2;1;1;2;2;1;2;1;2;2;1;3;3;2; ;1;2;1;2;1;1;1;1;1;3;1;1;01;23;07;23;184,585696061096
4666798;1;3;2;1;1;1;1;1;3;3; ; ; ; ;380000;2;2;2;1;1;1;1;2;2;2;1;2;1;2;2;2;1;1;1;2;2;1;2;5;2; ;1;2;1;2;1;1;1;1;1;3;1;1;01;23;07;23;173,533304639792
4666799;1;3;1;1;2;1;1;1;3;1; ; ;55000000;600000; ;1;1;2;1;1;1;1;2;2;2;1;2;2;2;2;2;1;1;2;2;2;1;1;2;2; ;1;2;1;2;1;2;1;1;1;3;1;1;01;23;07;23;154,243388898535
4666799;2;1;1;1;2;1;1;6; ;3; ; ; ; ;120000;2;2;2;2;2;2;2;2;2;2;1;2;2;2;2;2;2;2;2;2;2;1;1;2;2; ;2;2;1;2;1;2;1;1;1;3;1;1;01;23;07;23;154,243388898535
4666800;1;3;2;1;1;1;1;1;3;3; ; ; ; ;350000;2;1;2;1;1;1;1;2;2;2;1;1;1;2;2;2;1;1;1;2;2;1;3;4;2; ;1;2;1;2;1;2;1;1;1;3;1;1;01;23;07;23;291,427982879916
4666801;1;4;4;1;1;1;1;1;3;4; ; ; ;450000; ;1;1;1;1;1;1;1;2;2;2;1;1;2;2;2;1;1;1;1;2;2;1;12;21;2; ;1;2;1;4;1;2;1;1;1;3;1;1;01;23;07;23;416,292964309752
4666802;1;2;1;1;2;1;1;1;4;3; ; ; ; ;250000;2;1;2;1;1;1;1;2;2;2;1;2;2;2;2;2;1;1;2;2;2;1;2;2;2; ;1;2;1;2;1;2;2;1;1;3;1;1;01;23;07;23;354,193593282065
4666803;1;3;2;1;1;1;1;1;3;1; ; ;45000000;300000; ;2;1;2;2;1;1;1;2;2;2;1;2;1;2;2;2;1;2;1;2;2;1;2;5;2; ;1;2;1;2;1;2;1;1;1;3;1;1;01;23;07;23;243,576691644483
4666804;1;4;2;1;1;1;1;1;3;1; ; ;50000000;400000; ;2;1;2;1;1;1;1;2;2;2;1;1;1;2;2;2;1;2;1;2;2;1;3;3;2; ;1;2;1;4;1;2;1;1;1;3;1;1;01;23;07;23;226,884115096572
4666805;1;2;2;1;2;1;1;1;3;3; ; ; ; ;300000;2;1;2;2;2;1;1;2;2;2;1;2;2;2;2;2;1;2;2;2;2;1;1;4;2; ;1;2;1;2;1;2;1;1;1;3;1;1;01;23;07;23;370,886169829976
4666806;1;5;2;2;1;1;1;1;3;1; ; ;38000000;200000; ;2;1;2;2;2;1;1;2;2;2;1;2;2;2;2;2;1;2;2;2;2;1;2;2;2; ;1;1;1;1;1;1;1;2;1;3;1;1;01;23;07;23;118,797388301056
4666807;1;4;3;2;2;1;1;1;3;1; ; ;45000000;360000; ;2;1;2;1;1;1;1;1;2;2;1;2;1;2;2;2;1;2;1;2;2;1;3;4;2; ;1;1;1;2;1;1;1;2;1;3;1;1;01;23;07;23;128,403908805903
4666807;2;4;2;2;2;1;1;1;3;4; ; ; ;300000; ;2;1;2;2;1;1;1;2;2;2;1;2;2;2;2;2;1;2;2;2;2;1;2;2;2; ;2;1;1;2;1;1;1;2;1;3;1;1;01;23;07;23;128,403908805903
4666808;1;3;2;1;1;1;1;1;3;1; ; ;45000000;250000; ;2;1;2;2;1;1;1;2;2;2;1;2;1;2;2;2;1;2;2;2;2;1;1;3;2; ;1;1;1;2;1;1;1;1;1;3;1;1;01;23;07;23;226,884115096572
4666809;1;2;1;2;1;1;1;1;3;3; ; ; ; ;250000;2;1;2;1;1;1;1;2;2;2;1;2;2;2;2;2;1;2;2;2;2;1;1;4;2; ;1;2;1;2;1;1;1;2;1;3;1;1;01;23;07;23;166,044405219728
4666810;1;3;2;1;1;1;1;1;3;3; ; ; ; ;420000;2;1;1;1;1;1;1;2;2;2;1;2;2;1;2;2;1;1;2;2;2;1;3;5;2; ;1;2;1;4;1;2;1;1;1;3;1;1;01;23;07;23;165,142824134256
4666811;1;2;1;2;2;1;1;1;3;4; ; ; ;250000; ;2;1;2;1;1;2;1;1;2;2;1;2;2;2;2;2;1;2;2;2;2;1;1;1;2; ;1;2;1;2;1;1;1;2;1;3;1;1;01;23;07;23;120,6799367709
4666812;1;4;3;2;1;1;1;1;3;1; ; ;40000000;400000; ;2;1;2;1;1;1;1;2;2;2;1;2;2;2;2;2;1;2;1;2;2;1;5;7;2; ;1;1;1;2;1;1;1;2;1;3;1;1;01;23;07;23;137,538723874027
4666813;1;3;1;2;1;1;1;1;3;1; ; ;65000000;350000; ;2;1;2;1;1;1;1;1;2;2;1;1;1;2;2;2;1;1;2;2;2;1;2;3;2; ;1;2;1;4;1;1;1;2;1;3;1;1;01;23;07;23;148,483302388223
4666814;1;3;2;1;1;1;1;1;3;4; ; ; ;300000; ;2;1;2;2;1;1;1;2;2;2;1;1;1;2;2;2;1;1;1;2;2;1;3;6;2; ;1;2;1;2;1;2;1;1;1;3;1;1;01;23;07;23;419,584663290049
4666815;1;3;2;1;1;1;1;1;3;3; ; ; ; ;325000;1;1;1;1;1;1;1;2;2;2;1;2;1;1;2;2;1;1;1;2;2;1;2;5;2; ;1;2;1;4;1;2;1;1;1;3;1;1;01;23;07;23;328,323713499767
4666816;1;3;2;2;1;1;1;3;3;4; ; ; ;400000; ;2;1;1;1;1;1;1;2;2;2;1;2;1;2;2;1;1;2;1;2;2;1;2;3;2; ;1;2;1;4;1;1;1;2;1;3;1;1;01;23;07;23;155,815568475928
4666817;1;3;2;2;1;1;1;1;3;3; ; ; ; ;300000;2;2;2;1;1;1;1;2;2;2;1;2;2;2;2;2;1;1;1;2;2;1;3;4;2; ;1;2;1;2;1;1;1;2;1;3;1;1;01;23;07;23;123,309717575599
4666818;1;4;3;2;1;1;1;1;3;1; ; ;98;98; ;2;1;2;1;1;1;1;2;2;2;1;2;1;2;2;2;1;1;2;2;2;1;4;7;2; ;1;1;1;2;1;1;1;2;1;3;1;1;01;23;07;23;76,5928938356147
4666819;1;4;2;1;1;1;1;1;3;1; ; ;150000000;600000; ;1;1;2;1;1;1;1;1;2;2;1;2;1;2;2;2;1;2;2;2;2;1;2;2;2; ;1;1;1;4;1;2;1;1;1;3;1;1;01;23;07;23;157,185957225857
4666820;1;2;1;2;1;1;1;4;3;3; ; ; ; ;150000;2;2;2;1;1;1;1;2;2;2;1;1;2;2;2;2;2;1;2;2;2;1;2;6;2; ;1;2;1;1;1;1;1;2;1;3;1;1;01;23;07;23;183,762141383592
4666821;1;1;1;3;1;1;7;5;1;5; ; ; ;70000; ;2;2;2;1;1;2;1;2;2;2;1;2;2;2;2;2;1;1;2;2;2;1;1;5;2; ;1;1;1;1;1;1;2;2;1;3;2; ;01;23;07;23;126,45851903504
4666822;1;1;1;3;1;1;7;2;4;5; ; ; ;50000; ;2;1;2;2;2;1;1;2;2;2;2;2;2;2;2;2;1;2;1;2;2;1;1;2;2; ;1;1;5;1;1;1;2;2;1;3;2; ;01;23;07;23;177,096796641033
4666823;1;3;1;1;1;1;1;1;3;1; ; ;40000000;350000; ;2;2;2;1;1;1;1;2;2;2;1;2;1;2;2;2;1;2;1;2;2;1;2;3;2; ;1;1;1;2;1;1;1;1;1;3;1;1;01;23;07;23;175,214248171188
4666824;1;4;3;1;1;1;1;1;3;1; ; ;35000000;300000; ;2;1;2;1;1;1;1;1;2;2;1;2;2;2;2;2;1;1;2;2;2;1;3;6;2; ;1;1;1;1;1;1;1;1;1;3;1;1;01;23;07;23;151,474259909409
4666825;1;2;1;3;1;1;9;1;4;5; ; ; ;50000; ;2;2;2;1;1;1;1;2;2;2;1;1;1;2;2;2;1;1;2;2;2;1;2;3;2; ;1;1;5;1;1;1;2;2;1;3;2; ;01;23;07;23;136,358491132561
4666826;1;2;1;3;1;1;7;2;4;5; ; ; ;80000; ;2;1;2;2;2;1;1;2;2;2;1;2;2;2;2;2;1;2;2;2;2;1;1;3;2; ;1;1;5;1;1;1;2;2;1;3;2; ;01;23;07;23;159,707925123448
4666827;1;3;2;3;1;1;10;5;1;5; ; ; ;80000; ;2;2;2;2;1;1;1;2;2;2;2;2;1;2;2;2;1;2;2;2;2;1;1;5;2; ;1;1;5;1;1;1;2;2;1;3;2; ;01;23;07;23;161,421919426147
4666828;1;3;2;3;1;1;7;1;4;5; ; ; ;50000; ;2;2;2;2;1;1;1;2;2;2;1;1;2;1;2;2;1;1;2;2;2;1;2;2;1;1;1;1;5;1;1;1;2;2;1;3;2; ;01;23;07;23;167,011167187574
4666829;1;2;1;3;1;1;7;4;4;5; ; ; ;90000; ;2;1;2;2;1;1;1;2;2;2;1;1;2;2;2;2;1;1;1;2;2;1;1;2;2; ;1;1;5;2;1;1;2;2;1;3;2; ;01;23;07;23;177,096796641033
4666830;1;1;1;3;1;1;7;2;4;5; ; ; ;50000; ;2;2;2;2;1;1;1;2;2;2;1;2;2;2;2;2;1;1;1;2;2;1;2;3;2; ;1;1;5;1;1;1;2;2;1;3;2; ;01;23;07;23;155,815568475928
4666831;1;1;1;6; ;1;9;5;5;5; ; ; ;50000; ;2;2;2;2;2;2;2;2;2;2;2;2;2;2;2;2;2;2;2;2;2;2; ;4;2; ;1;1;5;1;1;0;2;2;1;3;2; ;01;23;07;23;118,969619614976
4666832;1;1;1;3;1;1;7;2;4;5; ; ; ;60000; ;2;1;2;2;1;1;1;2;2;2;1;2;2;2;2;2;1;2;2;2;2;1;1;1;2; ;1;1;5;1;1;1;2;2;1;3;2; ;01;23;07;23;120,6799367709
4666833;1;3;2;2;1;1;1;1;3;3; ; ; ; ;300000;2;1;2;1;1;1;1;2;2;2;1;2;2;2;2;2;1;2;1;2;2;1;3;4;2; ;1;2;1;4;1;1;1;2;1;3;1;1;01;23;07;23;163,304467895992
4666834;1;2;1;3;1;1;10;4;4;5; ; ; ;60000; ;2;1;2;2;2;1;1;2;2;2;1;2;2;2;2;2;1;1;1;2;2;1;1;2;2; ;1;1;5;2;1;1;2;2;1;3;2; ;01;23;07;23;149,479088379648
4666835;1;3;1;2;2;1;1;3;3;3; ; ; ; ;150000;2;1;2;2;1;1;1;2;2;2;1;2;2;2;2;2;1;2;2;2;2;1;1;1;2; ;1;2;1;4;1;1;1;2;1;3;1;1;01;23;07;23;204,900162258355
4666835;2;3;1;2;2;1;1;3;3;3; ; ; ; ;170000;2;1;2;2;1;1;1;2;2;2;1;2;2;2;2;2;1;2;1;2;2;1;2;3;2; ;2;2;1;4;1;1;1;2;1;3;1;1;01;23;07;23;204,900162258355
4666836;1;2;1;3;1;1;9;1;4;5; ; ; ;50000; ;2;1;2;1;1;1;1;2;2;2;1;2;1;1;2;2;1;1;1;2;2;1;1;3;1;1;1;1;5;2;1;1;2;2;1;3;2; ;01;23;07;23;128,197860214543
4666837;1;2;1;3;1;1;7;2;4;5; ; ; ;50000; ;2;2;2;1;2;1;1;2;2;2;2;2;2;2;2;2;1;2;2;2;2;2; ;4;2; ;1;1;5;1;1;1;2;2;1;3;2; ;01;23;07;23;169,936761867248
4666838;1;1;1;3;1;1;9;4;4;5; ; ; ;100000; ;2;2;2;2;1;2;1;2;2;2;1;2;2;2;2;2;1;2;2;2;2;1;1;1;2; ;1;1;5;1;1;0;2;2;1;3;2; ;01;23;07;23;170,760316544752
4666839;1;3;2;1;1;1;1;1;3;3; ; ; ; ;350000;2;1;1;1;1;1;1;1;2;2;1;1;1;2;2;2;1;1;2;2;2;1;4;5;2; ;1;2;1;4;1;1;1;1;1;3;1;1;01;23;07;23;192,931984335052
4666840;1;2;1;3;1;1;7;4;1;5; ; ; ;60000; ;2;1;2;1;1;1;1;2;2;2;1;2;2;2;2;2;1;1;2;2;2;1;2;3;2; ;1;1;5;1;1;1;2;2;1;3;2; ;01;23;07;23;186,45229694843
4666841;1;3;1;2;2;1;10;1;3;1; ; ;40000000;300000; ;2;1;2;1;1;1;1;1;2;2;1;2;2;2;2;1;1;1;2;2;2;1;2;2;2; ;1;1;1;2;1;1;1;2;1;3;1;1;01;23;07;23;107,105577452006
4666842;1;3;3;6; ;1;7;1;4;5; ; ; ;70000; ;2;2;2;1;1;2;1;2;2;2;2;2;2;2;2;2;1;1;2;2;2;1;2;6;2; ;1;1;5;1;1;1;2;2;1;3;2; ;01;23;07;23;178,484288579754
4666843;1;3;2;3;1;1;9;1;4;5; ; ; ;50000; ;2;1;2;2;2;2;1;2;2;2;1;2;2;2;2;2;1;2;1;2;2;1;2;4;2; ;1;1;5;1;1;0;2;2;1;3;2; ;01;23;07;23;166,044405219728
4666844;1;2;1;3;1;1;9;4;4;5; ; ; ;100000; ;2;2;2;2;2;2;1;2;2;2;2;2;2;2;2;2;1;1;2;2;2;1;1;3;2; ;1;1;5;1;1;1;2;2;1;3;2; ;01;23;07;23;137,510910456344
4666845;1;2;1;2;2;1;1;1;3;4; ; ; ;350000; ;1;1;1;1;1;1;1;2;2;2;1;2;2;2;2;2;1;1;2;2;2;1;1;3;2; ;1;1;1;4;1;1;1;2;1;3;1;1;01;23;07;23;178,903022768227
4666845;2;3;2;2;2;1;1;1;3;4; ; ; ;300000; ;1;1;1;1;1;1;1;2;2;2;1;2;2;2;2;2;1;2;2;2;2;1;1;5;2; ;2;1;1;4;1;1;1;2;1;3;1;1;01;23;07;23;178,903022768227
4666846;1;3;1;2;1;1;1;1;3;3; ; ; ; ;150000;2;2;2;1;1;2;1;2;2;2;1;2;2;2;2;2;1;1;2;2;2;1;1;2;1;2;1;1;1;2;1;1;1;2;1;3;1;1;01;23;07;23;177,096796641033
4666847;1;1;1;6; ;1;7;2;4;5; ; ; ;100000; ;2;2;2;2;2;2;1;2;2;2;1;2;2;2;2;2;2;1;2;2;2;1;1;2;1;1;1;1;5;1;1;1;2;2;1;3;2; ;01;23;07;23;167,011167187574
4666848;1;5;4;2;1;1;1;1;3;1; ; ;80000000;600000; ;2;1;1;1;1;1;1;1;2;2;1;1;1;1;2;2;1;1;1;2;2;1;4;5;1;1;1;1;1;4;1;1;1;2;1;3;1;1;01;23;07;23;163,288520313481
4666849;1;4;3;2;1;1;1;1;3;1; ; ;65000000;450000; ;1;1;1;1;1;1;2;1;2;2;1;2;1;1;2;2;2;2;1;2;2;1;7;8;2; ;1;1;1;4;1;1;1;2;1;3;1;1;01;23;07;23;112,320167455313
4666850;1;2;1;1;1;1;1;1;3;3; ; ; ; ;150000;2;1;2;2;1;1;1;2;2;2;1;2;2;2;2;2;1;1;1;2;2;1;1;2;2; ;1;2;1;2;1;1;1;1;1;3;1;1;01;23;07;23;180,989153288552
4666851;1;2;1;1;1;1;1;1;3;1; ; ;98;260000; ;2;2;2;1;1;1;1;2;2;2;1;2;1;2;2;2;1;2;1;2;2;1;2;2;2; ;1;1;1;2;1;1;1;1;1;3;1;1;01;23;07;23;177,096796641033
4666852;1;3;2;1;1;1;1;3;3;3; ; ; ; ;380000;2;1;1;1;1;1;1;1;2;2;1;2;2;1;2;2;1;1;2;2;2;1;2;5;2; ;1;2;1;2;1;1;1;1;1;3;1;1;01;23;07;23;133,804211164763
4666853;1;5;3;1;1;1;1;1;3;1; ; ;80000000;400000; ;2;1;2;1;1;1;1;2;2;2;1;2;2;2;2;2;1;1;1;2;2;1;2;3;2; ;1;1;1;4;1;1;1;1;1;3;1;1;01;23;07;23;145,743365064487
4666854;1;4;3;1;1;1;1;1;3;1; ; ;40000000;300000; ;2;1;2;1;1;1;1;2;2;2;1;1;1;2;2;2;1;2;1;2;2;1;4;6;2; ;1;2;1;4;1;1;1;1;1;3;1;1;01;23;07;23;159,027211236387
4666855;1;3;2;2;1;1;1;1;3;4; ; ; ;350000; ;2;1;2;1;1;1;1;2;2;2;1;2;2;2;2;2;1;1;2;2;2;1;2;3;1;3;1;2;1;4;1;1;1;2;1;3;1;1;01;23;07;23;169,020975365249
4666856;1;4;1;1;1;1;1;1;3;1; ; ;98;350000; ;2;1;2;1;1;1;1;2;2;2;1;2;2;2;2;2;1;2;2;2;2;1;1;1;2; ;1;2;1;4;1;1;1;1;1;3;1;1;01;23;07;23;120,6799367709
4666857;1;2;1;2;2;1;1;1;3;3; ; ; ; ;250000;2;1;2;2;1;1;1;2;2;2;1;2;2;2;2;2;1;2;2;2;2;1;1;3;2; ;1;2;1;4;1;1;1;2;1;3;1;1;01;23;07;23;169,020975365249
4666858;1;3;2;1;1;1;1;1;3;3; ; ; ; ;450000;2;1;1;1;1;1;1;2;2;2;1;2;1;1;2;2;1;2;1;2;2;1;2;4;2; ;1;2;1;2;1;1;1;1;1;3;1;1;01;23;07;23;166,044405219728
4666859;1;3;2;1;1;1;1;1;3;3; ; ; ; ;350000;2;1;2;1;1;1;1;2;2;2;1;2;1;2;2;1;1;2;1;2;2;1;2;3;2; ;1;1;1;2;1;2;1;1;1;3;1;1;01;23;07;23;311,631136951856
4666860;1;3;2;1;1;1;1;1;3;4; ; ; ;500000; ;1;1;1;1;1;1;1;2;2;2;1;1;1;2;2;1;1;1;1;2;2;1;2;4;2; ;1;1;1;4;1;2;1;1;1;3;1;1;01;23;07;23;326,608935791984
4666861;1;4;3;1;1;1;1;1;3;1; ; ;40000000;350000; ;2;1;2;1;1;1;1;2;2;2;1;2;2;2;2;2;1;1;1;2;2;1;2;5;2; ;1;1;1;2;1;1;1;1;1;3;1;1;01;23;07;23;203,890950224913
4666862;1;3;2;1;2;1;1;1;3;4; ; ; ;300000; ;2;1;2;2;1;2;1;2;2;2;1;2;2;2;2;2;1;2;2;2;2;2; ;2;2; ;1;2;1;2;1;2;1;1;1;3;1;1;01;23;07;23;214,211154904011
4666863;1;2;2;1;1;1;2;1;1;1; ; ;40000000;250000; ;2;2;2;2;2;1;1;2;2;2;1;2;2;2;2;2;1;1;1;2;2;1;4;8;2; ;1;2;1;2;1;1;2;1;1;3;2; ;01;23;07;23;122,81718258497
4666864;1;3;1;1;1;1;1;1;3;3; ; ; ; ;480000;2;1;2;1;1;1;1;2;2;2;1;2;1;2;2;2;1;2;1;2;2;1;1;2;1;1;1;2;1;2;1;2;1;1;1;3;1;1;01;23;07;23;130,02201103628
4666865;1;5;3;1;1;1;1;1;3;4; ; ; ;600000; ;2;1;2;1;1;1;1;2;2;2;1;2;2;2;2;1;1;2;2;2;2;1;1;3;2; ;1;1;1;2;1;3;1;1;1;3;1;1;01;23;07;23;124,680106325528
4666866;1;4;3;1;1;1;1;1;3;1; ; ;90000000;500000; ;2;1;2;1;1;1;1;2;2;2;1;2;2;2;2;2;1;2;1;2;2;1;3;6;2; ;1;1;1;2;1;2;1;1;1;3;1;1;01;23;07;23;77,2295073563755
4666867;1;3;1;1;1;1;1;3;3;3; ; ; ; ;320000;2;1;1;1;1;1;1;1;2;2;1;2;1;2;2;2;1;2;1;2;2;1;2;4;2; ;1;2;1;4;1;1;1;1;1;3;1;1;01;23;07;23;134,534340310824
4666868;1;5;2;1;1;1;1;1;3;1; ; ;90000000;1000000; ;1;1;1;1;1;1;1;2;1;2;1;2;1;2;2;1;1;2;1;1;2;1;2;2;2; ;1;2;1;4;1;3;1;1;1;3;1;1;01;23;07;23;107,105577452006
4666869;1;4;2;1;1;1;1;1;3;3; ; ; ; ;600000;2;1;1;1;1;1;1;2;2;2;1;2;1;1;2;1;1;1;1;2;2;1;2;4;2; ;1;1;1;4;1;2;1;1;1;3;1;1;01;23;07;23;166,044405219728
4666870;1;3;2;1;1;1;1;1;3;3; ; ; ; ;400000;2;1;2;1;1;1;1;2;2;2;1;2;2;2;2;1;1;2;2;2;2;1;2;3;2; ;1;2;1;4;1;2;1;1;1;3;1;1;01;23;07;23;136,371917174578
4666871;1;4;2;1;1;1;1;1;3;3; ; ; ; ;470000;2;1;1;1;1;1;1;2;2;2;1;2;1;2;2;1;1;1;2;2;2;1;2;4;2; ;1;2;1;4;1;2;1;1;1;3;1;1;01;23;07;23;197,554470128633
4666872;1;4;2;1;1;1;1;3;3;1; ; ;98;500000; ;1;1;1;1;1;1;1;2;2;2;1;2;1;2;2;1;2;2;1;2;2;1;2;3;2; ;1;2;1;4;1;3;1;1;1;3;1;1;01;23;07;23;176,366667494971
4666873;1;6;4;1;1;1;1;1;3;1; ; ;110000000;500000; ;1;1;1;1;1;1;1;2;2;2;1;2;1;2;2;2;1;1;1;2;2;1;1;8;2; ;1;1;1;4;1;3;1;1;1;3;1;1;01;23;07;23;151,861155703897
4666874;1;6;3;1;1;1;1;1;3;4; ; ; ;400000; ;2;1;2;2;1;1;1;2;2;2;1;2;2;2;2;2;1;1;2;2;2;1;4;6;2; ;1;1;1;2;1;2;1;1;1;3;1;1;01;23;07;23;77,2160813143583
4666875;1;4;2;1;1;1;1;1;3;1; ; ;75000000;500000; ;1;1;1;1;1;1;1;2;2;2;1;2;1;2;2;2;1;2;2;2;2;1;2;2;2; ;1;1;1;4;1;2;1;1;1;3;1;1;01;23;07;23;138,254465644423
4666876;1;3;2;2;1;1;1;1;3;1; ; ;60000000;400000; ;2;1;1;1;1;1;1;2;2;2;1;1;1;1;2;2;1;2;2;2;2;1;2;4;2; ;1;1;1;4;1;1;1;2;1;3;1;1;01;23;07;23;131,016586421809
4666877;1;2;1;2;2;1;1;1;3;4; ; ; ;98; ;2;1;2;1;1;1;1;2;2;2;1;2;2;2;2;2;1;2;1;2;2;1;1;4;2; ;1;1;1;1;1;1;1;2;1;3;1;1;01;23;07;23;142,121475415139
4666877;2;1;1;2;2;1;1;6; ;3; ; ; ; ;100000;2;2;2;2;2;2;2;2;2;2;2;2;2;2;2;2;1;2;2;2;2;1;2;2;2; ;2;1;1;1;1;1;1;2;1;3;1;1;01;23;07;23;142,121475415139
4666878;1;3;2;2;1;1;1;1;3;3; ; ; ; ;400000;2;1;2;1;1;1;1;1;2;2;1;2;1;2;2;2;1;2;1;2;2;1;3;3;2; ;1;2;1;4;1;1;1;2;1;3;1;1;01;23;07;23;165,128618717729
4666879;1;3;2;2;1;1;1;1;3;1; ; ;98;300000; ;2;1;1;1;1;1;1;2;2;2;1;2;2;2;2;2;1;2;1;2;2;1;3;4;2; ;1;2;1;2;1;1;1;2;1;3;1;1;01;23;07;23;153,232264484551
4666880;1;5;4;2;1;1;1;1;3;1; ; ;55000000;300000; ;2;1;1;1;1;1;1;1;2;2;1;2;2;2;2;2;1;1;2;2;2;1;5;8;2; ;1;1;1;2;1;1;1;2;1;3;1;1;01;23;07;23;113,517558385187
4666881;1;3;1;2;1;1;1;1;3;1; ; ;98;98; ;2;1;2;1;1;1;1;2;2;2;1;2;2;2;2;2;1;1;2;2;2;1;1;1;2; ;1;2;1;4;1;1;1;2;1;3;1;1;01;23;07;23;159,52226776751
4666882;1;3;2;2;1;1;1;3;3;3; ; ; ; ;250000;2;1;2;1;1;1;1;2;2;2;1;2;2;2;2;2;1;1;2;2;2;1;1;3;2; ;1;2;1;4;1;1;1;2;1;3;1;1;01;23;07;23;191,217990032352
4666883;1;4;3;2;1;1;1;1;3;1; ; ;98;98; ;2;1;1;1;1;1;1;2;2;2;1;2;2;2;2;2;1;2;1;2;2;1;3;5;2; ;1;1;1;2;1;1;1;2;1;3;1;1;01;23;07;23;161,156262580784
4666884;1;2;1;2;1;1;1;4;4;3; ; ; ; ;150000;2;1;2;2;1;1;1;2;2;2;1;2;2;2;2;2;1;1;2;2;2;2; ;2;2; ;1;2;1;1;1;1;2;2;1;3;1;1;01;23;07;23;157,639719297665
4666885;1;2;1;2;2;1;1;1;3;1; ; ;45000000;350000; ;2;1;2;1;1;1;1;2;2;2;1;2;2;2;2;2;1;2;2;2;2;2; ;1;2; ;1;1;1;1;1;1;1;2;1;3;1;1;01;23;07;23;154,819782484504
4666885;2;2;1;2;2;1;1;1;3;4; ; ; ;250000; ;2;1;2;1;1;1;1;2;2;2;1;2;2;2;2;2;1;2;1;2;2;1;1;3;2; ;2;1;1;1;1;1;1;2;1;3;1;1;01;23;07;23;154,819782484504
4666886;1;5;2;2;2;1;1;1;3;4; ; ; ;300000; ;2;1;1;1;1;1;1;1;2;2;1;2;1;1;2;2;1;2;1;2;2;1;2;4;2; ;1;1;1;2;1;1;1;2;1;3;1;1;01;23;07;23;158,588556570969
4666886;2;5;2;2;2;1;1;1;3;4; ; ; ;250000; ;2;1;1;1;1;1;1;2;2;2;1;2;1;2;2;2;1;1;1;2;2;1;2;3;2; ;2;1;1;2;1;1;1;2;1;3;1;1;01;23;07;23;158,588556570969
4666887;1;2;1;1;1;1;1;6; ;1; ; ;70000000;300000; ;2;2;2;1;1;2;2;2;2;2;1;2;1;1;2;1;1;2;1;2;2;1;1;1;2; ;1;2;1;4;1;2;1;1;1;3;1;1;01;23;07;23;159,52226776751
4666888;1;2;1;1;1;1;1;1;3;3; ; ; ; ;400000;2;1;1;1;1;1;1;2;2;2;1;2;1;1;2;2;1;1;1;2;2;1;2;3;2; ;1;2;1;2;1;2;1;1;1;3;1;1;01;23;07;23;184,585696061096
4666889;1;4;2;2;1;1;1;1;3;1; ; ;70000000;400000; ;2;1;1;1;1;1;1;1;2;2;1;1;1;1;2;2;1;1;1;2;2;1;3;5;2; ;1;1;1;4;1;1;1;2;1;3;1;1;01;23;07;23;142,023239730888
4666890;1;3;2;1;1;1;1;1;3;3; ; ; ; ;300000;2;2;2;1;1;1;1;1;2;2;1;2;1;2;2;2;1;1;1;2;2;1;2;4;2; ;1;1;1;2;1;1;1;1;1;3;1;1;01;23;07;23;194,814532804896
4666891;1;3;2;1;1;1;1;1;3;3; ; ; ; ;350000;2;2;2;2;2;1;1;2;2;2;1;2;2;2;2;2;1;2;1;2;2;1;2;5;2; ;1;2;1;2;1;1;1;1;1;3;1;1;01;23;07;23;161,421919426147
4666892;1;3;1;2;1;1;1;1;3;3; ; ; ; ;300000;2;1;1;1;1;1;1;2;2;2;1;2;2;2;2;2;1;2;2;2;2;1;1;1;2; ;1;2;1;4;1;1;1;2;1;3;1;1;01;23;07;23;170,760316544752
4666893;1;3;1;1;1;1;1;1;3;3; ; ; ; ;300000;2;1;2;2;1;1;1;2;2;2;1;2;2;2;2;2;1;2;2;2;2;1;1;1;2; ;1;2;1;2;1;1;1;1;1;3;1;1;01;23;07;23;159,52226776751
4666894;1;3;1;1;1;1;1;1;3;4; ; ; ;350000; ;2;1;2;1;1;1;1;2;2;2;1;2;2;2;2;2;1;2;1;2;2;1;1;1;2; ;1;2;1;4;1;1;1;1;1;3;1;1;01;23;07;23;170,760316544752
4666895;1;3;1;2;1;1;1;1;3;1; ; ;40000000;350000; ;2;1;1;1;1;1;1;2;2;2;1;2;2;2;2;1;1;2;1;2;2;1;2;3;2; ;1;1;1;4;1;1;1;2;1;3;1;1;01;23;07;23;155,815568475928
4666904;1;4;2;1;1;1;1;1;3;4; ; ; ;450000; ;2;1;2;1;1;1;1;1;2;2;1;2;2;2;2;2;1;1;1;2;2;1;2;2;2; ;1;2;1;2;1;1;1;1;1;3;1;1;01;23;07;23;168,877768074907
4666906;1;2;1;2;1;1;1;1;3;3; ; ; ; ;250000;2;2;2;1;1;1;1;2;2;2;1;2;2;2;2;2;1;1;2;2;2;2; ;1;2; ;1;2;1;1;1;1;1;2;1;3;1;2;01;23;07;23;139,611428352334
4667619;1;4;3;1;1;1;1;1;3;1; ; ;220000;300000; ;1;1;1;1;1;1;1;1;1;2;1;1;1;1;2;1;1;1;2;1;2;1;3;5;2; ;1;1;1;4;1;3;1;1;1;3;1;1;01;50;07;50;257,364581136344
4667620;1;5;4;1;1;1;1;1;3;3; ; ; ; ;800000;2;1;1;1;1;1;1;2;2;2;1;1;1;1;2;2;1;2;1;2;2;1;2;3;2; ;1;1;1;4;1;3;1;1;1;3;1;2;01;50;07;50;172,129700799093
4667621;1;4;3;1;1;1;1;1;3;3; ; ; ; ;500000;1;1;1;1;1;1;1;2;2;2;1;1;1;1;2;1;2;2;1;2;2;1;3;5;2; ;1;1;1;4;1;1;1;1;1;3;1;1;01;50;07;50;257,364581136344
4667622;1;3;2;1;1;1;1;1;3;1; ; ;40000000;400000; ;2;2;2;1;1;1;1;2;2;2;1;2;1;2;2;2;1;1;2;2;2;1;1;3;2; ;1;2;1;4;1;2;1;1;1;3;1;2;01;50;07;50;263,363044927615
4667623;1;3;2;1;1;1;1;1;3;3; ; ; ; ;500000;2;2;1;2;1;1;1;2;2;2;1;1;1;2;2;2;1;2;2;2;2;1;1;2;2; ;1;2;1;4;1;2;1;1;1;3;1;2;01;50;07;50;235,229884483729
4667624;1;3;2;1;1;1;1;1;3;3; ; ; ; ;450000;2;1;1;1;1;1;1;2;2;2;1;2;2;2;2;2;1;2;1;2;2;1;2;3;2; ;1;2;1;4;1;1;1;1;1;3;1;2;01;50;07;50;217,045814317925
4667625;1;4;3;1;1;1;1;1;3;1; ; ;98;700000; ;1;1;1;1;1;1;1;2;1;2;1;2;2;1;2;2;2;2;1;2;2;1;3;4;2; ;1;1;1;4;1;3;1;1;1;3;1;2;01;50;07;50;176,596536755441
4667626;1;2;1;1;1;1;1;1;3;4; ; ; ;600000; ;2;1;1;1;1;1;1;2;2;2;1;2;1;1;2;2;1;2;2;1;2;1;2;3;2; ;1;2;1;4;1;3;1;1;1;3;1;1;01;50;07;50;239,696720440077
4667627;1;4;3;1;1;1;1;1;3;3; ; ; ; ;600000;2;2;1;2;1;2;1;2;2;2;1;2;1;1;2;2;2;2;2;2;2;1;2;4;2; ;1;2;1;3;1;2;1;1;1;3;1;1;01;50;07;50;239,371965693023
4667628;1;2;1;1;1;1;1;6; ;3; ; ; ; ;300000;2;1;2;2;1;1;1;2;2;2;1;2;1;2;2;2;1;2;2;2;2;2; ;1;2; ;1;2;1;4;1;2;2;1;1;3;1;2;01;50;07;50;233,237152766276
4667629;1;2;1;1;1;1;1;1;3;3; ; ; ; ;400000;2;2;2;1;2;2;1;2;2;2;1;1;2;2;2;2;2;1;1;2;2;1;2;4;2; ;1;2;1;4;1;3;1;1;1;3;1;1;01;50;07;50;216,87767734526
4667630;1;2;1;1;1;1;1;1;3;3; ; ; ; ;300000;2;1;2;1;1;1;1;2;2;2;1;2;2;2;2;2;2;2;1;2;2;1;2;2;2; ;1;2;1;4;1;2;1;1;1;3;1;1;01;50;07;50;235,386502258118
4667631;1;2;1;1;1;1;1;1;3;3; ; ; ; ;500000;2;2;2;2;1;1;1;2;2;2;1;1;2;2;2;2;1;2;1;2;2;2; ;4;2; ;1;2;1;4;1;2;1;1;1;3;1;1;01;50;07;50;277,866137766654
4667632;1;3;1;1;1;1;1;6; ;1; ; ;98;250000; ;2;2;2;1;1;1;1;2;2;2;1;2;2;2;2;2;2;2;2;2;2;1;1;1;2; ;1;2;1;4;1;2;1;1;1;3;1;2;01;50;07;50;157,951362707108
4667633;1;3;1;1;1;1;1;1;4;3; ; ; ; ;420000;2;2;2;1;2;2;1;2;2;2;1;1;1;1;2;2;1;1;2;2;2;1;1;1;2; ;1;2;1;4;1;3;2;1;1;3;1;1;01;50;07;50;233,617716792675
4667634;1;2;1;1;1;1;1;1;3;3; ; ; ; ;300000;2;2;2;1;1;1;1;2;2;2;1;2;2;2;2;2;1;1;2;2;2;1;1;1;2; ;1;2;1;4;1;2;1;1;1;3;1;2;01;50;07;50;223,200895883586
4667635;1;6;2;1;1;1;1;1;3;1; ; ;200000000;1000000; ;2;2;2;1;1;1;1;2;1;2;1;2;2;1;2;2;1;2;2;1;2;1;2;2;2; ;1;1;1;4;1;4;1;1;1;3;1;1;01;50;07;50;159,944094424561
4667636;1;4;3;1;1;1;1;1;3;3; ; ; ; ;550000;2;1;2;1;1;1;1;2;2;2;1;2;2;2;2;2;1;2;2;1;2;1;3;6;2; ;1;1;1;4;1;2;1;1;1;3;1;2;01;50;07;50;216,758685799471
4667637;1;8;2;1;1;1;1;1;3;1; ; ;98;98; ;1;2;1;1;1;1;1;2;2;2;1;1;1;1;2;2;1;2;2;1;2;1;1;2;2; ;1;1;1;4;1;4;1;1;1;3;1;2;01;50;07;50;182,703139482571
4667637;2;1;1;1;1;1;1;6; ;3; ; ; ; ;300000;2;2;1;1;1;1;1;2;2;2;1;2;2;1;2;2;1;1;2;2;2;1;1;1;2; ;2;1;1;4;1;4;1;1;1;3;1;2;01;50;07;50;182,703139482571
4667638;1;4;2;1;1;1;1;1;3;1; ; ;400000;40000; ;1;1;1;1;1;1;1;1;1;2;1;2;1;1;2;2;1;2;2;2;2;1;2;2;2; ;1;1;1;4;1;4;1;1;1;3;1;1;01;50;07;50;160,10071219895
4667639;1;4;1;1;1;1;1;1;3;1; ; ;98;1000000; ;1;1;1;1;1;1;1;2;2;2;1;2;1;1;2;2;1;2;2;1;2;1;2;2;2; ;1;1;1;4;1;4;1;1;1;3;1;2;01;50;07;50;170,517533108039
4667640;1;4;3;1;1;1;1;1;3;1; ; ;200000000;1000000; ;1;1;1;1;1;1;1;2;2;2;1;2;1;1;2;2;2;2;2;2;2;1;2;3;2; ;1;1;1;4;1;3;1;1;1;3;1;2;01;50;07;50;110,525773195872
4667641;1;3;2;1;1;1;1;1;3;3; ; ; ; ;350000;2;1;2;2;1;1;1;1;2;2;1;2;2;2;2;2;1;2;2;2;2;1;3;5;2; ;1;2;1;4;1;2;1;1;1;3;1;1;01;50;07;50;491,999340678979
4667643;1;3;2;1;1;1;1;1;3;3; ; ; ; ;600000;2;2;1;1;1;1;1;2;2;2;1;1;2;2;2;2;2;1;1;2;2;1;3;4;2; ;1;2;1;4;1;3;1;1;1;3;1;1;01;50;07;50;251,882326814609
4667644;1;3;2;1;1;1;1;1;3;3; ; ; ; ;450000;2;1;1;1;1;1;1;2;2;2;1;2;2;1;2;2;1;2;2;2;2;1;2;5;2; ;1;2;1;4;1;2;1;1;1;3;1;1;01;50;07;50;559,717738968213
4667645;1;4;2;1;1;1;1;1;3;2; ;280000;120000000;800000; ;1;1;1;1;1;1;1;2;2;2;1;2;1;1;2;2;1;2;1;2;2;1;3;3;2; ;1;1;1;4;1;2;1;1;1;3;1;1;01;50;07;50;237,37923397557
4667646;1;3;2;1;1;1;1;1;3;3; ; ; ; ;600000;1;1;1;1;1;1;1;2;2;2;1;1;1;1;2;2;1;1;2;1;2;1;3;3;2; ;1;2;1;4;1;3;1;1;1;3;1;2;01;50;07;50;237,37923397557
4667647;1;6;2;1;1;1;1;6; ;1; ; ;98;350000; ;2;1;2;2;1;1;1;2;2;2;1;2;2;2;2;2;1;2;1;2;2;1;1;2;2; ;1;1;1;4;1;3;1;1;1;3;1;2;01;50;07;50;235,386502258118
4667648;1;3;2;3;1;1;1;5;4;5; ; ; ;350000; ;2;2;2;2;1;1;1;2;2;2;1;2;2;2;2;2;1;1;2;2;2;1;2;2;2; ;1;1;1;1;1;1;2;2;1;3;1;2;01;50;07;50;235,767066284516
4667649;1;8;3;1;1;1;1;1;4;5; ; ; ;500000; ;2;1;2;1;1;1;1;2;2;2;1;2;2;2;2;2;1;2;2;2;2;1;3;3;2; ;1;1;1;4;1;1;2;1;1;3;1;2;01;50;07;50;182,703139482571
4667650;1;3;2;1;1;1;1;1;3;3; ; ; ; ;400000;2;2;2;1;1;1;1;2;2;2;1;2;2;2;2;2;2;1;2;2;2;1;2;5;2; ;1;1;1;4;1;2;1;1;1;3;1;2;01;50;07;50;166,131237007821
4667651;1;4;3;1;1;1;1;1;4;5; ; ; ;300000; ;2;1;1;1;1;1;1;2;2;2;1;2;2;2;2;2;1;2;2;2;2;1;2;5;2; ;1;1;1;4;1;1;2;1;1;3;1;2;01;50;07;50;258,536617276119
4667652;1;3;2;1;1;1;1;1;3;1; ; ;85000000;400000; ;1;2;1;2;1;1;1;2;2;2;1;2;1;1;2;2;2;2;1;2;2;1;3;3;1;1;1;1;1;4;1;2;1;1;1;3;1;2;01;50;07;50;214,884945627807
4667653;1;5;3;1;1;1;1;1;3;3; ; ; ; ;500000;2;1;1;1;1;1;1;2;2;2;1;2;2;2;2;2;1;2;2;2;2;1;4;5;2; ;1;1;1;4;1;2;1;1;1;3;1;2;01;50;07;50;255,584276472624
4667654;1;3;2;1;1;1;1;1;3;3; ; ; ; ;550000;2;2;1;1;1;1;1;2;2;2;1;2;2;1;2;2;2;1;2;1;2;1;2;5;2; ;1;1;1;4;1;2;1;1;1;3;1;2;01;50;07;50;277,5413830196
4667655;1;2;1;1;1;1;1;1;3;1; ; ;98;300000; ;1;1;1;1;1;1;1;1;2;2;1;1;1;1;2;2;2;1;1;2;2;1;1;2;2; ;1;2;1;4;1;3;1;1;1;3;1;1;01;50;07;50;170,13696908164
4667656;1;3;2;1;1;1;1;1;3;1; ; ;140000000;550000; ;2;1;1;1;1;1;1;2;2;2;1;1;2;2;2;2;1;2;2;2;2;1;2;3;2; ;1;1;1;4;1;3;1;1;1;3;1;1;01;50;07;50;141,760024258757
4667657;1;4;3;1;1;1;1;1;3;3; ; ; ; ;450000;2;2;2;1;1;1;1;2;2;2;1;1;2;2;2;2;1;1;2;1;2;1;2;4;2; ;1;1;1;4;1;2;1;1;1;3;1;2;01;50;07;50;275,548651302147
4667658;1;3;2;1;1;1;1;1;3;1; ; ;80000000;700000; ;2;2;2;2;1;1;1;2;2;2;1;2;2;2;2;2;1;2;2;2;2;1;2;3;2; ;1;1;1;2;1;2;1;1;1;3;1;1;01;50;07;50;182,197782622965
4667659;1;2;1;1;1;1;1;1;3;3; ; ; ; ;350000;2;1;1;1;1;1;1;2;2;2;1;2;2;1;2;2;2;2;1;2;2;1;2;2;2; ;1;1;1;4;1;2;1;1;1;3;1;2;01;50;07;50;174,435668065323
4667659;2;3;1;1;1;1;1;1;3;3; ; ; ; ;500000;2;1;1;1;1;1;1;2;2;2;1;2;2;1;2;2;2;2;2;2;2;1;1;1;2; ;2;1;1;4;1;2;1;1;1;3;1;2;01;50;07;50;174,435668065323
4667659;3;1;1;1;1;1;1;6; ;3; ; ; ; ;500000;2;1;1;1;1;1;1;2;2;2;1;2;2;2;2;2;2;2;2;2;2;1;1;1;2; ;3;1;1;4;1;2;1;1;1;3;1;2;01;50;07;50;174,435668065323
4667660;1;3;2;1;1;1;1;1;3;3; ; ; ; ;500000;2;1;1;1;1;1;1;2;2;2;1;2;1;1;2;2;1;2;1;2;2;2; ;3;2; ;1;2;1;4;1;3;1;1;1;3;1;1;01;50;07;50;192,234039505655
4667661;1;3;2;1;1;1;1;1;3;3; ; ; ; ;400000;2;2;2;2;1;1;1;2;2;2;1;2;2;2;2;2;2;2;2;2;2;1;2;3;2; ;1;2;1;4;1;3;1;1;1;3;1;2;01;50;07;50;409,384141941456
4667662;1;4;1;1;1;1;1;1;3;1; ; ;17000000;500000; ;2;1;1;1;1;1;1;2;1;2;2;2;2;2;2;2;1;2;2;2;2;1;2;2;2; ;1;1;1;4;1;3;1;1;1;3;1;1;01;50;07;50;170,517533108039
4667663;1;2;1;1;1;1;1;1;3;3; ; ; ; ;450000;2;1;2;2;2;2;1;2;2;2;1;2;2;2;2;2;1;2;2;2;2;1;1;1;2; ;1;2;1;4;1;3;1;1;1;3;1;1;01;50;07;50;233,237152766276
4667664;1;2;1;1;1;1;1;1;3;3; ; ; ; ;380000;2;1;1;2;1;1;1;2;2;2;1;2;2;2;2;2;1;2;2;2;2;1;1;2;2; ;1;2;1;4;1;3;1;1;1;3;1;2;01;50;07;50;204,860207943394
4667665;1;3;2;1;1;1;1;6; ;3; ; ; ; ;350000;2;2;2;1;1;1;1;2;2;2;1;2;2;2;2;2;1;2;2;2;2;1;1;1;2; ;1;2;1;4;1;2;1;1;1;3;1;1;01;50;07;50;467,23543358535
4667666;1;1;1;1;2;1;1;6; ;3; ; ; ; ;170000;2;2;2;2;2;2;2;2;2;2;1;1;2;1;2;2;1;2;2;2;2;1;1;1;2; ;1;3;1;2;1;3;1;1;1;3;1;1;01;50;07;50;233,617716792675
4667667;1;3;1;1;1;1;1;1;3;3; ; ; ; ;400000;2;2;2;2;1;1;1;2;2;2;1;1;2;2;2;2;1;2;1;2;2;1;2;2;2; ;1;2;1;4;1;2;1;1;1;3;1;2;01;50;07;50;470,773004516235
4667668;1;2;1;1;1;1;1;6; ;4; ; ; ;350000; ;2;2;1;2;1;1;1;2;1;2;1;2;2;1;2;2;1;2;1;2;2;1;1;1;2; ;1;2;1;4;1;2;1;1;1;3;1;2;01;50;07;50;233,237152766276
4667669;1;3;2;1;1;1;1;1;4;3; ; ; ; ;400000;2;2;1;1;1;1;1;2;2;2;1;2;1;1;2;2;1;1;2;1;2;2; ;2;2; ;1;1;1;4;1;3;1;1;1;3;1;1;01;50;07;50;245,803323167207
4667670;1;1;1;1;2;1;1;6; ;3; ; ; ; ;120000;2;2;2;2;2;2;2;2;2;2;2;2;2;2;2;2;2;1;2;2;2;2; ;1;2; ;1;3;1;2;1;3;2;1;1;3;1;1;01;50;07;50;233,237152766276
4667671;1;5;2;1;1;1;1;1;3;5; ; ; ;400000; ;2;1;1;1;1;1;1;2;2;2;1;2;2;1;2;2;2;2;1;2;2;1;2;3;2; ;1;1;1;4;1;2;1;1;1;3;1;2;01;50;07;50;229,660463557387
4667672;1;4;2;1;1;1;1;1;3;3; ; ; ; ;650000;1;1;1;1;1;1;1;2;2;2;1;1;1;1;2;2;1;2;1;2;2;1;3;3;2; ;1;2;1;4;1;3;1;1;1;3;1;1;01;50;07;50;247,415490858261
4667673;1;4;3;1;1;1;1;1;3;1; ; ;200000000;800000; ;1;1;1;1;1;1;1;1;2;1;1;1;1;1;2;2;1;1;2;2;2;1;4;4;2; ;1;1;1;4;1;3;1;1;1;3;1;1;01;50;07;50;194,763953023896
4667687;1;3;2;1;1;1;1;1;3;1; ; ;98;400000; ;2;2;2;1;1;1;1;2;2;1;1;2;1;2;2;2;2;1;2;2;2;1;2;3;2; ;1;2;1;2;1;1;1;1;1;3;1;1;01;52;07;52;181,142264242078
4667688;1;5;3;1;1;1;1;1;3;4; ; ; ;500000; ;1;2;2;2;2;2;1;2;2;1;1;2;1;2;2;2;2;2;1;2;2;1;1;2;2; ;1;1;1;4;1;3;1;1;1;3;1;1;01;52;07;52;175,85808536904
4667689;1;5;2;1;1;1;1;1;4;2; ;650000;150000000;650000; ;2;1;1;1;1;1;1;2;1;1;1;1;2;1;2;2;2;1;2;1;2;1;2;4;2; ;1;2;1;4;1;3;2;1;1;3;1;1;01;52;07;52;302,940696182822
4667690;1;4;3;1;1;1;1;1;4;1; ; ;98;550000; ;2;1;1;1;1;1;1;2;2;2;1;2;2;1;2;2;2;1;2;2;2;1;3;3;2; ;1;2;1;4;1;3;2;1;1;3;1;1;01;52;07;52;192,043864387451
4667691;1;5;3;1;1;1;1;1;3;1; ; ;250000000;600000; ;2;1;1;1;1;1;1;2;1;1;1;2;1;1;2;2;2;2;2;1;2;1;2;4;2; ;1;1;1;4;1;3;1;1;1;3;1;1;01;52;07;52;612,415368456413
4667692;1;4;2;1;1;1;1;1;4;2; ;780000;99;98; ;2;1;1;1;1;1;1;2;1;1;1;2;2;1;2;2;2;1;2;1;2;1;2;3;2; ;1;1;1;4;1;3;2;1;1;3;1;1;01;52;07;52;396,365881122818
4667693;1;4;2;1;1;1;1;1;3;1; ; ;98;700000; ;2;1;1;1;1;1;1;2;1;2;1;2;2;1;2;2;2;2;1;1;2;1;2;2;2; ;1;1;1;4;1;3;1;1;1;3;1;1;01;52;07;52;460,594994870316
4667694;1;2;2;1;1;1;1;1;4;3; ; ; ; ;400000;2;2;2;2;1;1;1;2;2;1;1;1;2;2;2;2;2;1;2;2;2;1;2;3;2; ;1;2;1;4;1;3;2;1;1;3;1;1;01;52;07;52;104,093407624263
4667696;1;4;1;1;1;1;10;1;4;1; ; ;150000000;700000; ;2;2;1;1;1;1;1;1;1;1;1;1;1;1;2;2;2;2;2;1;1;1;2;2;2; ;1;2;1;4;1;3;2;1;1;3;1;1;01;52;07;52;175,85808536904
4667697;1;4;1;1;1;1;1;1;4;3; ; ; ; ;650000;2;2;2;1;1;1;1;2;2;1;1;1;2;1;2;2;2;2;2;2;2;1;1;1;2; ;1;2;1;4;1;3;2;1;1;3;1;1;01;52;07;52;214,111718416747
4667698;1;2;1;1;1;1;1;1;4;3; ; ; ; ;250000;2;1;2;2;2;1;1;2;2;2;1;1;2;2;2;2;2;2;2;2;2;1;2;2;2; ;1;2;1;4;1;3;2;1;1;3;1;1;01;52;07;52;158,714413510926
4667699;1;3;1;1;1;1;1;1;4;2; ;570000;90000000;600000; ;2;1;2;2;2;1;1;2;2;2;1;2;1;1;2;2;2;2;2;2;2;1;1;2;2; ;1;2;1;4;1;3;2;1;1;3;1;1;01;52;07;52;158,714413510926
4667700;1;5;2;1;1;1;1;1;4;3; ; ; ; ;800000;1;1;1;1;1;1;1;1;1;1;1;1;1;1;1;2;2;2;2;2;2;1;3;3;2; ;1;2;1;4;1;3;2;1;1;3;1;1;01;52;07;52;174,900192529337
4667701;1;4;1;1;1;1;1;1;4;1; ; ;150000000;600000; ;2;1;2;1;1;1;1;2;2;1;1;2;2;2;2;2;2;2;2;2;2;1;1;1;2; ;1;2;1;4;1;3;2;1;1;3;1;1;01;52;07;52;143,304933511673
4667702;1;1;1;1;1;1;1;1;4;4; ; ; ;200000; ;2;2;2;2;1;2;1;2;2;2;1;2;2;2;2;2;2;2;2;2;2;1;2;2;2; ;1;1;1;2;1;2;2;1;1;3;1;1;01;52;07;52;144,837729698196
4667703;1;4;3;1;1;1;1;1;4;1; ; ;100000000;600000; ;1;1;1;2;1;1;1;2;2;2;1;2;1;1;2;2;2;2;2;2;2;1;1;5;2; ;1;1;1;4;1;2;2;1;1;3;1;1;01;52;07;52;134,912367622769
4667704;1;5;2;1;1;1;1;1;4;2; ;1000000;380000000;800000; ;1;1;1;1;1;1;1;1;1;1;1;1;2;1;2;2;2;1;1;1;2;1;4;4;2; ;1;1;1;4;1;3;2;1;1;3;1;1;01;52;07;52;243,987153299483
4667705;1;4;3;1;1;1;1;1;4;1; ; ;180000000;800000; ;2;1;1;1;1;1;1;2;2;1;1;1;2;1;1;2;2;1;2;1;1;1;3;2;2; ;1;2;1;4;1;3;2;1;1;6;1;1;01;52;07;52;176,634384388198
4667706;1;4;3;1;1;1;1;1;4;1; ; ;98;600000; ;1;1;1;2;1;1;1;2;1;1;1;2;1;1;2;2;2;2;1;2;2;1;2;4;2; ;1;2;1;4;1;4;2;1;1;6;1;1;01;52;07;52;136,64655948163
4667707;1;4;2;1;1;1;1;1;4;2; ;385000;180000000;800000; ;2;1;1;1;1;1;1;2;2;1;1;1;1;1;2;2;2;1;2;1;2;1;3;3;2; ;1;2;1;4;1;4;2;1;1;3;1;1;01;52;07;52;174,123893510178
4667708;1;4;3;1;1;1;1;1;4;3; ; ; ; ;750000;1;1;1;1;1;1;1;1;1;1;1;1;1;1;2;2;2;1;1;1;2;1;3;4;2; ;1;2;1;4;1;4;2;1;1;6;1;1;01;52;07;52;199,715736747932
4667709;1;3;2;1;1;1;1;1;4;3; ; ; ; ;600000;2;1;1;2;1;1;1;2;1;1;1;1;2;1;2;2;2;1;2;1;2;1;2;3;2; ;1;2;1;4;1;4;2;1;1;6;1;1;01;52;07;52;263,472169132339
4667710;1;2;1;1;1;1;1;1;4;3; ; ; ; ;300000;2;2;2;2;2;2;1;2;2;1;1;2;1;2;2;2;2;2;2;2;2;1;1;2;2; ;1;2;1;4;1;2;2;1;1;3;1;1;01;52;07;52;265,2063609912
4667711;1;5;1;1;1;1;1;1;1;3; ; ; ; ;400000;2;1;1;1;1;1;1;2;2;2;1;1;1;1;2;2;2;2;2;1;2;1;1;1;2; ;1;2;1;4;1;4;2;1;1;6;1;1;01;52;07;52;143,304933511673
4667712;1;4;3;1;1;1;1;1;4;3; ; ; ; ;750000;1;1;1;1;1;1;1;1;1;1;1;1;1;1;2;2;2;2;2;2;2;1;2;4;2; ;1;2;1;4;1;4;2;1;1;6;1;1;01;52;07;52;214,36871957982
4667713;1;5;4;1;1;1;1;1;3;1; ; ;98;600000; ;1;1;1;1;1;1;1;2;1;1;1;1;1;1;2;2;2;1;2;1;2;1;4;6;2; ;1;1;1;4;1;3;1;1;1;3;1;1;01;52;07;52;326,901343100498
4667714;1;3;1;1;1;1;1;1;4;2; ;470000;120000000;600000; ;1;1;1;1;1;1;1;2;1;1;1;2;2;1;2;2;2;2;2;2;2;1;1;1;2; ;1;2;1;4;1;4;2;1;1;6;1;1;01;52;07;52;160,448605369787
4667715;1;3;2;1;1;1;1;1;4;4; ; ; ;98; ;2;1;1;2;2;1;1;1;2;1;1;1;1;1;2;2;2;1;2;1;2;1;2;2;2; ;1;1;1;4;1;3;2;1;1;6;1;1;01;52;07;52;158,714413510926
4667716;1;1;1;1;2;1;1;1;3;3; ; ; ; ;270000;2;2;1;2;2;2;1;2;2;1;2;2;2;1;2;2;2;2;2;2;2;1;1;1;2; ;1;4;1;4;1;3;1;1;1;6;1;1;01;52;07;52;143,304933511673
4667717;1;4;3;1;1;1;1;1;4;4; ; ; ;600000; ;2;1;1;1;2;1;1;2;2;1;1;2;1;1;2;2;2;1;1;1;2;1;4;6;2; ;1;1;1;4;1;2;2;1;1;3;1;1;01;52;07;52;109,816181480919
4667718;1;3;2;1;1;1;1;1;4;3; ; ; ; ;150000;2;2;1;1;1;1;1;2;2;2;1;2;2;2;2;2;2;2;2;2;2;1;2;2;2; ;1;2;1;4;1;2;2;1;1;3;1;1;01;52;07;52;165,732784242825
4667719;1;4;2;1;1;1;1;1;4;1; ; ;98;98; ;1;1;1;1;1;1;1;1;1;1;1;1;1;1;1;2;2;2;1;1;1;1;2;2;2; ;1;2;1;4;1;4;2;1;1;3;1;1;01;52;07;52;175,85808536904
4667720;1;1;1;1;1;1;1;6; ;4; ; ; ;150000; ;2;1;1;1;2;2;2;2;1;1;1;2;2;2;2;2;2;1;2;1;2;1;1;1;2; ;1;4;1;4;1;4;2;1;1;3;1;1;01;52;07;52;214,111718416747
4667721;1;4;1;1;1;1;1;1;4;1; ; ;98;98; ;1;1;1;1;1;1;1;1;2;1;1;1;1;1;2;2;2;1;1;1;1;1;1;1;2; ;1;1;1;4;1;4;2;1;1;3;1;1;01;52;07;52;160,448605369787
4667722;1;3;1;1;1;1;1;1;4;3; ; ; ; ;250000;2;1;2;1;1;1;1;1;2;1;1;1;1;2;2;2;2;2;1;2;2;1;2;2;2; ;1;2;1;4;1;2;2;1;1;3;1;1;01;52;07;52;158,714413510926
4667723;1;4;3;1;1;1;1;1;4;3; ; ; ; ;300000;1;1;1;1;1;1;1;2;1;1;1;1;1;1;2;2;2;2;1;2;2;1;3;4;2; ;1;2;1;4;1;2;2;1;1;3;1;1;01;52;07;52;125,744959336257
4667724;1;3;3;1;1;1;1;1;4;4; ; ; ;200000; ;2;2;1;2;1;1;1;2;2;2;1;2;2;2;2;2;2;2;2;2;2;1;3;5;2; ;1;2;1;2;1;2;2;1;1;3;1;1;01;52;07;52;302,085798881903
4667725;1;4;1;1;1;1;1;1;4;1; ; ;98;3020000; ;1;1;1;1;1;1;1;2;1;1;1;1;1;1;2;2;2;1;1;1;1;1;1;1;1;3;1;1;1;4;1;4;2;1;1;3;1;1;01;52;07;52;221,130089148647
4667726;1;3;2;1;1;1;1;3;4;3; ; ; ; ;400000;2;2;2;2;1;1;1;2;1;2;1;2;1;2;2;2;2;2;1;2;2;1;3;3;2; ;1;2;1;4;1;2;2;1;1;3;1;1;01;52;07;52;120,460780463218
4667727;1;4;4;1;1;1;1;1;4;1; ; ;60000000;98; ;2;2;2;2;1;1;1;2;2;2;1;2;2;2;2;2;2;2;2;2;2;1;3;5;2; ;1;1;1;2;1;2;2;1;1;3;1;1;01;52;07;52;145,197726400053
4667728;1;4;2;1;1;1;1;1;3;2; ;240000;100000000;450000; ;2;1;1;2;1;1;1;1;2;1;1;1;1;1;2;2;2;2;1;2;2;1;3;3;2; ;1;2;1;4;1;2;1;1;1;3;1;1;01;52;07;52;161,023508716608
4667729;1;3;3;1;1;1;1;1;4;3; ; ; ; ;250000;2;2;1;2;2;1;1;2;2;2;1;2;1;1;2;2;2;1;2;2;2;1;4;4;2; ;1;2;1;4;1;2;2;1;1;3;1;1;01;52;07;52;139,913547527014
4667730;1;3;2;1;1;1;1;1;4;3; ; ; ; ;300000;2;2;2;1;1;1;1;2;1;1;1;1;2;2;2;2;2;1;2;1;2;1;2;3;2; ;1;2;1;4;1;2;2;1;1;3;1;1;01;52;07;52;198,182940561409
4667731;1;4;3;1;1;1;1;1;4;3; ; ; ; ;350000;2;2;1;1;1;1;1;1;2;2;1;2;2;1;2;2;2;2;2;2;2;1;2;3;2; ;1;2;1;4;1;2;2;1;1;3;1;1;01;52;07;52;264,248468151497
4667732;1;4;3;1;1;1;1;1;4;1; ; ;98;300000; ;2;1;2;2;2;1;1;2;2;2;1;1;1;2;2;2;2;2;2;2;2;1;3;5;2; ;1;2;1;4;1;2;2;1;1;3;1;1;01;52;07;52;138,179355668153
4667733;1;3;2;1;1;1;1;1;4;3; ; ; ; ;250000;2;2;2;2;2;1;1;2;2;1;1;2;1;1;2;2;2;2;2;2;2;1;2;4;2; ;1;2;1;4;1;2;2;1;1;3;1;1;01;52;07;52;214,36871957982
4667734;1;6;2;1;1;1;1;1;4;1; ; ;98;98; ;1;1;1;1;1;1;1;1;1;1;1;1;1;1;1;2;1;2;2;1;2;1;3;3;2; ;1;1;1;4;1;4;2;1;1;3;1;1;01;52;07;52;106,584096650489
4667735;1;4;3;1;1;1;1;1;3;1; ; ;98;98; ;1;1;1;1;1;1;1;2;1;2;1;1;2;1;2;2;2;2;2;2;2;1;3;3;2; ;1;1;1;4;1;2;1;1;1;3;1;1;01;52;07;52;160,247209697449
4667736;1;4;4;1;1;1;1;1;4;3; ; ; ; ;390000;2;2;2;2;2;1;1;2;2;2;1;1;1;2;2;2;2;1;1;2;2;1;3;6;2; ;1;2;1;4;1;2;2;1;1;3;1;1;01;52;07;52;249,955482021466
4667737;1;4;2;1;1;1;1;1;4;1; ; ;60000000;350000; ;1;1;1;2;1;1;1;2;2;2;1;1;2;2;2;2;2;2;2;2;2;1;2;2;2; ;1;2;1;4;1;2;2;1;1;3;1;1;01;52;07;52;105,051300463966
4667738;1;1;1;1;1;1;1;6; ;3; ; ; ; ;140000;2;2;2;2;2;2;2;2;2;2;1;2;2;2;2;2;2;2;2;1;2;1;1;1;2; ;1;4;1;4;1;2;2;1;1;3;1;1;01;52;07;52;200,235034604018
4667739;1;5;3;1;1;1;1;1;3;3; ; ; ; ;600000;2;1;1;1;1;1;1;2;2;1;1;2;1;1;2;2;2;1;1;2;2;1;3;3;2; ;1;2;1;4;1;2;1;1;1;3;1;1;01;52;07;52;106,584096650489
4667740;1;4;3;1;1;1;1;1;3;3; ; ; ; ;450000;2;2;2;2;1;1;1;2;2;2;1;2;2;2;2;2;2;2;2;2;2;1;2;4;2; ;1;2;1;4;1;2;1;1;1;3;1;1;01;52;07;52;215,093234958417
4667741;1;2;2;1;1;1;1;1;4;3; ; ; ; ;250000;2;1;2;1;1;1;1;2;2;2;1;1;2;2;2;2;2;2;2;2;2;1;1;3;2; ;1;2;1;4;1;2;2;1;1;3;1;1;01;52;07;52;142,785635655588
4667741;2;1;1;1;1;1;1;1;4;3; ; ; ; ;150000;2;2;2;2;2;2;1;2;2;2;1;2;2;2;2;2;2;2;2;2;2;1;1;1;2; ;2;2;1;4;1;2;2;1;1;3;1;1;01;52;07;52;142,785635655588
4667742;1;5;3;1;1;1;1;1;3;3; ; ; ; ;400000;2;1;2;1;1;1;1;2;2;1;1;2;1;2;2;2;2;2;2;2;2;1;3;4;2; ;1;2;1;4;1;2;1;1;1;3;1;1;01;52;07;52;221,38709031172
4667743;1;4;2;1;1;1;1;1;4;4; ; ; ;600000; ;2;2;2;2;1;1;1;2;2;1;1;1;1;2;2;2;2;2;2;2;1;1;1;2;2; ;1;2;1;4;1;2;2;1;1;3;1;1;01;52;07;52;161,98140155631
4667744;1;5;1;1;1;1;1;1;3;1; ; ;98;500000; ;1;1;1;1;1;1;1;1;2;1;1;2;1;1;2;2;2;1;2;1;2;1;2;2;2; ;1;2;1;4;1;2;1;1;1;3;1;1;01;52;07;52;161,98140155631
4667745;1;5;1;1;1;1;1;1;4;3; ; ; ; ;600000;2;1;1;1;1;1;1;2;2;1;1;2;2;1;2;2;2;2;2;2;2;1;3;3;2; ;1;2;1;4;1;2;2;1;1;3;1;1;01;52;07;52;174,123893510178
4667746;1;5;4;1;1;1;1;1;3;3; ; ; ; ;400000;1;1;1;1;1;1;1;2;2;1;1;1;1;1;2;2;2;1;1;2;2;1;5;6;2; ;1;2;1;5;1;2;1;1;1;3;1;1;01;52;07;52;191,524566531366
4667747;1;2;1;1;1;1;1;1;4;3; ; ; ; ;300000;2;1;1;2;1;2;1;2;2;2;1;2;2;2;2;2;2;2;1;2;2;1;2;2;2; ;1;2;1;4;1;2;2;1;1;3;1;1;01;52;07;52;158,714413510926
4667748;1;5;3;1;1;1;1;1;3;3; ; ; ; ;98;1;1;1;1;1;1;1;1;1;1;1;2;1;1;2;2;2;1;2;1;2;1;4;4;2; ;1;2;1;4;1;2;1;1;1;3;1;1;01;52;07;52;99,3511192087471
4667749;1;2;2;1;1;1;1;1;4;3; ; ; ; ;200000;2;1;1;1;1;1;1;1;1;2;1;2;1;1;2;2;2;1;1;2;2;1;2;2;2; ;1;2;1;4;1;2;2;1;1;3;1;1;01;52;07;52;159,490712530084
4667750;1;8;6;1;1;1;1;1;4;1; ; ;98;600000; ;1;1;1;2;1;1;1;1;1;2;1;2;1;1;2;2;2;1;1;2;2;1;8;9;2; ;1;2;1;2;1;2;2;1;1;3;1;1;01;52;07;52;114,059407596248
4667751;1;3;2;1;1;1;1;1;4;3; ; ; ; ;250000;2;1;2;1;1;1;1;2;1;1;1;1;1;1;2;2;2;2;1;2;2;1;2;3;2; ;1;2;1;4;1;2;2;1;1;3;1;1;01;52;07;52;205,201311293309
4667752;1;4;3;1;1;1;1;1;3;4; ; ; ;98; ;1;1;1;2;1;1;1;2;2;2;1;2;2;1;2;2;2;1;2;2;2;1;2;3;2; ;1;2;1;4;1;2;1;1;1;3;1;1;01;52;07;52;175,676491548496
4667753;1;5;1;1;1;1;1;1;3;1; ; ;98;98; ;1;1;1;1;1;1;1;1;1;1;1;1;1;2;2;2;2;2;2;1;2;1;2;2;2; ;1;1;1;4;1;3;1;1;1;3;1;1;01;52;07;52;323,96280311262
4667754;1;4;1;1;1;1;1;1;4;2; ;870000;400000000;1100000; ;1;1;1;2;1;1;1;2;1;2;1;2;1;1;2;2;2;1;2;1;2;1;2;2;2; ;1;1;1;4;1;3;2;1;1;3;1;1;01;52;07;52;144,837729698196
4667755;1;3;3;1;1;1;1;1;4;1; ; ;98;300000; ;2;1;1;1;1;1;1;2;1;1;1;1;2;1;2;2;2;2;1;1;2;1;2;5;1;1;1;2;1;4;1;1;2;1;1;3;1;1;01;52;07;52;260,855617362203
4667756;1;6;5;1;1;1;1;1;3;1; ; ;98;98; ;2;1;2;1;1;1;1;1;1;1;1;1;2;1;2;2;2;1;2;1;2;1;4;5;2; ;1;1;1;4;1;2;1;1;1;3;1;1;01;52;07;52;99,3511192087471
4667757;1;2;1;1;1;1;1;1;4;3; ; ; ; ;250000;2;2;2;2;2;1;1;2;2;2;1;2;2;2;2;2;2;2;2;2;2;1;1;1;2; ;1;2;1;2;1;2;2;1;1;3;1;1;01;52;07;52;200,235034604018
4667758;1;4;1;1;1;1;1;1;4;1; ; ;180000000;500000; ;2;1;1;2;1;2;1;2;2;1;1;1;1;2;2;2;2;2;1;2;2;1;2;3;2; ;1;2;1;4;1;2;2;1;1;3;1;1;01;52;07;52;263,472169132339
4667759;1;1;1;1;1;1;1;6; ;4; ; ; ;150000; ;1;1;1;1;2;2;2;2;2;2;1;2;2;1;2;2;2;2;2;2;2;1;1;1;2; ;1;4;1;7;1;2;2;1;1;3;1;1;01;52;07;52;143,304933511673
4667760;1;4;1;1;1;1;1;1;3;3; ; ; ; ;800000;2;1;1;1;1;1;1;2;1;1;1;1;1;1;1;2;2;2;2;1;2;1;2;2;2; ;1;2;1;4;1;3;1;1;1;3;1;1;01;52;07;52;317,428827021851
4667761;1;3;2;1;1;1;1;1;3;1; ; ;90000000;500000; ;2;2;2;1;1;1;1;2;2;1;1;2;2;1;2;2;2;2;1;1;2;1;3;3;2; ;1;1;1;4;1;2;1;1;1;3;1;1;01;52;07;52;103,317108605105
4667762;1;4;2;1;1;1;1;1;4;3; ; ; ; ;900000;1;1;1;1;1;1;1;2;1;1;1;1;2;1;2;2;2;2;2;1;2;1;3;3;2; ;1;2;1;4;1;4;2;1;1;6;1;1;01;52;07;52;120,460780463218
4667763;1;8;3;1;1;1;1;1;4;1; ; ;98;98; ;1;1;1;1;1;1;1;1;1;1;1;1;2;1;1;2;2;1;2;1;2;1;3;3;2; ;1;1;1;4;1;4;2;1;1;3;1;1;01;52;07;52;120,460780463218
4667764;1;4;3;1;1;1;1;1;4;1; ; ;98;500000; ;2;1;1;1;1;1;1;1;1;1;1;1;1;1;2;2;2;1;1;1;2;1;3;5;2; ;1;1;1;4;1;2;2;1;1;3;1;1;01;52;07;52;236,796570310973
4667765;1;2;1;1;1;1;1;1;4;2; ;900000;80000000;250000; ;2;2;1;1;2;1;1;2;2;1;1;2;2;1;2;2;2;1;1;2;2;1;1;1;2; ;1;2;1;4;1;1;2;1;1;3;1;1;01;52;07;52;200,235034604018
4667770;1;5;1;1;1;1;1;1;4;1; ; ;210000000;600000; ;1;1;1;1;1;1;1;2;2;1;1;1;1;1;2;2;2;2;2;2;2;1;1;1;2; ;1;2;1;4;1;3;2;1;1;3;1;1;01;52;07;52;160,448605369787
4667771;1;5;1;1;1;1;1;1;4;3; ; ; ; ;840000;1;1;1;1;1;1;1;1;1;1;1;2;1;1;1;2;2;1;2;1;1;1;2;2;2; ;1;2;1;4;1;4;2;1;1;6;1;1;01;52;07;52;122,7698756689
4667771;2;1;1;1;2;1;1;1;1;3; ; ; ; ;250000;2;2;1;2;2;2;1;2;1;1;1;2;2;2;2;2;2;2;2;2;2;1;1;2;2; ;2;2;1;4;1;4;2;1;1;6;1;1;01;52;07;52;122,7698756689
4667772;1;5;1;1;1;1;1;1;4;3; ; ; ; ;700000;2;1;2;1;1;1;1;2;2;2;1;2;1;2;2;2;2;2;2;1;2;1;1;1;2; ;1;1;1;4;1;3;2;1;1;3;1;1;01;52;07;52;160,448605369787
4667773;1;4;3;1;1;1;1;1;4;3; ; ; ; ;780000;2;1;1;1;1;1;1;2;1;1;1;1;1;1;2;2;2;2;1;2;2;1;3;3;2; ;1;2;1;4;1;4;2;1;1;6;1;1;01;52;07;52;181,142264242078
4667774;1;3;1;1;1;1;1;1;4;1; ; ;98;98; ;2;1;2;1;1;1;1;2;1;1;1;2;2;2;2;2;2;2;2;2;2;1;1;1;2; ;1;1;1;4;1;2;2;1;1;3;1;1;01;52;07;52;160,448605369787
4667775;1;2;1;1;2;1;1;1;3;3; ; ; ; ;270000;2;1;1;2;1;1;1;2;2;1;1;2;2;2;2;2;2;2;2;2;2;1;1;1;2; ;1;4;1;4;1;4;1;1;1;6;1;1;01;52;07;52;143,304933511673
4667776;1;3;1;1;1;1;1;1;3;3; ; ; ; ;300000;2;1;2;2;2;1;1;2;2;2;1;2;2;2;2;2;2;2;2;2;2;2; ;1;2; ;1;1;1;4;1;2;1;1;1;3;1;1;01;52;07;52;160,448605369787
4667777;1;1;1;1;2;1;1;1;3;3; ; ; ; ;270000;2;1;1;2;1;1;1;2;2;1;1;2;1;1;2;2;2;1;1;2;2;1;1;1;2; ;1;4;1;4;1;4;1;1;1;6;1;1;01;52;07;52;214,111718416747
4667778;1;3;2;1;1;1;1;1;3;1; ; ;98;400000; ;2;1;1;2;1;1;1;2;2;2;1;2;1;1;2;2;2;2;2;2;2;1;3;4;2; ;1;1;1;4;1;2;1;1;1;3;1;1;01;52;07;52;142,888631194371
4667779;1;1;1;1;1;1;1;6; ;3; ; ; ; ;150000;2;2;2;2;2;2;2;2;2;2;2;2;2;2;2;2;2;2;2;2;2;1;1;1;2; ;1;4;1;4;1;2;2;1;1;3;1;1;01;52;07;52;143,304933511673
4667785;1;1;1;1;2;1;1;1;4;4; ; ; ;300000; ;2;1;2;2;2;1;1;2;2;2;1;2;2;2;2;2;2;2;2;2;2;1;1;3;2; ;1;4;1;4;1;2;2;1;1;3;1;1;01;52;07;52;181,918563261237
4667795;1;4;1;1;1;1;1;1;4;1; ; ;100000000;1200000; ;2;1;1;1;1;1;1;2;2;1;1;2;1;1;2;2;2;2;2;2;2;1;1;2;2; ;1;1;1;4;1;3;2;1;1;6;1;1;01;52;07;52;144,837729698196
4667798;1;4;3;1;1;1;1;1;3;3; ; ; ; ;250000;2;1;2;1;1;1;1;2;2;2;1;2;1;1;2;2;1;2;2;2;2;1;2;4;2; ;1;1;1;4;1;2;1;1;1;3;1;2;01;54;07;54;348,673932498461
4667799;1;1;1;1;1;1;1;1;4;3; ; ; ; ;150000;2;2;2;2;1;1;1;2;2;2;1;2;1;2;2;2;1;2;2;2;2;1;1;4;2; ;1;2;1;4;1;2;2;1;1;3;1;2;01;54;07;54;402,164533551258
4667800;1;3;1;1;1;1;1;1;4;5; ; ; ;250000; ;1;2;1;1;1;1;1;2;2;2;2;2;1;2;2;2;1;2;2;2;2;1;2;5;2; ;1;1;1;2;1;2;2;1;1;3;1;2;01;54;07;54;431,686723680333
4667801;1;4;2;1;1;1;1;3;3;1; ; ;100000000;500000; ;1;1;1;1;1;1;1;1;2;2;1;1;1;1;2;1;1;1;1;1;2;1;4;4;2; ;1;1;1;4;1;2;1;1;1;3;1;2;01;54;07;54;431,176879866229
4667802;1;3;2;1;1;1;1;1;4;3; ; ; ; ;350000;2;2;2;2;2;2;1;2;2;2;2;2;2;2;2;2;1;1;2;2;2;1;2;4;2; ;1;1;1;4;1;2;2;1;1;3;1;2;01;54;07;54;381,072728293717
4667803;1;1;1;1;2;1;1;2;4;3; ; ; ; ;50000;2;2;2;2;2;2;1;2;2;2;1;2;2;2;2;2;1;2;2;2;2;1;1;6;1;1;1;3;1;4;1;2;2;1;1;3;1;2;01;54;07;54;294,530928510673
4667804;1;3;2;1;1;1;1;1;3;5; ; ; ;300000; ;1;1;1;1;1;1;1;2;2;2;1;1;2;1;2;2;1;1;2;2;2;1;4;4;2; ;1;1;1;2;1;2;1;1;1;3;1;2;01;54;07;54;347,271647049565
4667805;1;4;2;1;1;1;1;1;3;3; ; ; ; ;350000;2;2;2;2;1;1;1;2;2;2;1;1;1;2;2;2;1;1;2;2;2;1;1;5;2; ;1;1;1;4;1;2;1;1;1;3;1;2;01;54;07;54;419,523758828681
4667806;1;1;1;1;2;1;1;6; ;3; ; ; ; ;150000;2;2;2;2;2;2;2;2;2;2;2;2;2;2;2;2;1;1;2;2;2;2; ;1;2; ;1;3;1;2;1;2;2;1;1;3;1;2;01;54;07;54;413,600199909075
4667808;1;2;1;1;1;1;1;1;1;3; ; ; ; ;150000;2;2;2;2;2;1;1;2;2;2;1;2;2;2;2;2;1;1;2;2;2;1;2;2;2; ;1;2;1;4;1;2;2;1;1;3;1;2;01;54;07;54;302,72397587453
4667809;1;4;2;1;1;1;1;1;3;1; ; ;98;500000; ;1;1;1;1;1;1;1;2;2;2;1;1;1;1;2;2;1;1;1;2;2;1;2;3;2; ;1;1;1;4;1;2;1;1;1;3;1;2;01;54;07;54;375,375118602039
4667810;1;1;1;1;1;1;1;6; ;3; ; ; ; ;200000;2;1;1;1;2;2;2;2;2;2;1;2;2;2;2;2;1;2;2;2;2;1;1;1;2; ;1;4;1;4;1;2;2;1;1;3;1;2;01;54;07;54;343,260217392959
4667811;1;4;3;1;1;1;1;1;3;1; ; ;98;500000; ;2;2;2;1;1;1;1;1;1;1;1;1;2;1;2;2;1;2;2;1;2;1;1;3;2; ;1;1;1;4;1;2;1;1;1;3;1;2;01;54;07;54;342,340146890143
4667812;1;4;2;1;1;1;1;6; ;1; ; ;98;300000; ;1;1;1;1;1;1;2;2;2;2;1;2;2;1;2;2;1;2;2;2;2;1;2;2;2; ;1;2;1;4;1;2;2;1;1;3;1;2;01;54;07;54;297,536209996955
4667813;1;6;4;1;1;1;1;1;3;1; ; ;98;1000000; ;2;1;1;1;1;1;1;1;1;2;1;1;1;1;2;2;1;1;1;2;2;1;4;5;2; ;1;1;1;4;1;2;1;1;1;3;1;2;01;54;07;54;457,227800581294
4667814;1;3;2;1;1;1;1;1;3;1; ; ;98;300000; ;2;1;2;1;1;1;1;1;2;2;1;2;2;2;2;2;1;2;2;2;2;1;3;3;2; ;1;1;1;4;1;2;1;1;1;3;1;2;01;54;07;54;384,06681403968
4667815;1;3;2;1;1;1;1;1;3;1; ; ;98;350000; ;1;2;1;1;1;1;1;2;1;2;1;2;1;1;2;2;1;1;2;2;2;1;2;3;2; ;1;1;1;4;1;3;1;1;1;3;1;2;01;54;07;54;212,939557097525
4667816;1;4;1;1;1;1;1;1;3;4; ; ; ;98; ;2;1;1;1;1;1;1;2;2;2;1;2;1;2;2;2;1;2;1;2;2;1;1;1;2; ;1;1;1;4;1;3;1;1;1;3;1;2;01;54;07;54;413,600199909075
4667817;1;3;2;1;1;1;1;1;3;3; ; ; ; ;450000;2;1;2;1;1;1;1;1;1;2;1;1;1;2;2;2;1;2;2;2;2;1;3;3;2; ;1;2;1;4;1;3;1;1;1;3;1;2;01;54;07;54;267,093949365064
4667819;1;3;1;1;1;1;1;1;3;1; ; ;98;250000; ;1;1;2;1;1;1;1;2;2;2;1;2;1;1;2;2;1;2;1;2;2;1;2;2;2; ;1;1;1;4;1;3;1;1;1;3;1;2;01;54;07;54;377,970173399609
4667820;1;3;1;1;1;1;1;1;4;3; ; ; ; ;450000;2;1;1;2;1;1;1;2;2;2;1;2;2;2;2;2;1;2;2;2;2;1;2;2;2; ;1;2;1;4;1;3;2;1;1;3;1;2;01;54;07;54;302,72397587453
4667821;1;3;2;1;1;1;1;1;3;1; ; ;98;700000; ;1;1;1;1;1;1;1;2;2;2;1;2;1;1;2;2;1;2;2;2;2;1;2;3;2; ;1;1;1;4;1;3;1;1;1;3;1;2;01;54;07;54;313,726831523565
4667822;1;3;2;1;1;1;1;1;3;1; ; ;99;99; ;2;1;2;1;1;1;1;2;2;2;1;2;2;2;2;2;1;2;2;1;2;1;2;3;2; ;1;2;1;4;1;3;1;1;1;3;1;2;01;54;07;54;346,362772287068
4667823;1;2;1;1;1;1;1;1;3;1; ; ;99;300000; ;2;2;2;2;1;1;1;2;2;2;1;1;2;2;2;2;1;2;2;2;2;1;1;1;2; ;1;2;1;4;1;3;1;1;1;3;1;2;01;54;07;54;384,986884542497
4667828;1;3;1;1;1;1;1;1;3;3; ; ; ; ;450000;2;2;2;1;1;1;1;2;2;2;1;2;2;2;2;2;1;2;2;2;2;1;1;2;2; ;1;1;1;4;1;3;1;1;1;3;1;2;01;54;07;54;377,970173399609
4667829;1;4;2;1;1;1;1;1;3;1; ; ;65000000;350000; ;2;1;1;1;1;1;1;2;2;2;1;2;1;1;2;2;1;1;1;1;2;1;2;4;2; ;1;1;1;4;1;3;1;1;1;3;1;2;01;54;07;54;419,013915014577
4667830;1;4;2;1;1;1;1;1;3;1; ; ;98;600000; ;2;1;1;1;1;1;1;2;2;2;1;2;2;1;2;2;1;2;2;2;2;1;3;3;2; ;1;1;1;4;1;3;1;1;1;3;1;2;01;54;07;54;303,632850637027
4667831;1;4;2;1;1;1;1;1;3;3; ; ; ; ;98;1;1;1;1;1;1;1;2;2;2;1;2;2;2;2;2;2;2;2;2;2;1;2;2;2; ;1;1;1;4;1;3;1;1;1;3;1;2;01;54;07;54;372,782407522034
4667832;1;3;1;1;1;1;1;1;3;5; ; ; ;300000; ;2;1;2;2;1;1;1;2;2;2;1;1;1;2;2;2;1;2;2;2;2;2; ;1;2; ;1;1;1;4;1;1;1;1;1;1;1;2;01;54;07;54;384,986884542497
4667833;1;2;1;1;1;1;1;1;4;3; ; ; ; ;200000;2;2;2;2;2;1;1;2;2;2;1;2;2;2;2;2;1;2;1;2;2;1;2;3;2; ;1;1;1;1;1;1;2;1;1;3;1;2;01;54;07;54;375,375118602039
4667834;1;3;1;1;1;1;1;1;3;1; ; ;98;400000; ;1;2;2;2;1;1;1;2;2;2;1;2;1;2;2;2;1;2;2;2;2;1;2;2;2; ;1;1;1;4;1;2;1;1;1;3;1;2;01;54;07;54;274,110660507952
4667835;1;4;3;1;1;1;1;1;3;1; ; ;40000000;300000; ;1;1;2;2;1;1;1;2;2;2;1;2;1;1;2;2;1;2;1;2;2;1;4;5;2; ;1;1;1;2;1;2;1;1;1;3;1;2;01;54;07;54;323,804585391751
4667836;1;3;2;1;1;1;1;1;3;1; ; ;98;500000; ;2;2;1;1;1;1;1;2;2;2;1;2;2;1;2;2;1;2;2;2;2;1;2;2;2; ;1;2;1;4;1;2;1;1;1;3;1;2;01;54;07;54;232,383993358414
4667837;1;3;2;1;1;1;1;1;3;1; ; ;90000000;300000; ;1;1;1;2;1;1;1;2;2;2;1;2;1;2;2;2;1;1;2;2;2;1;3;4;2; ;1;1;1;4;1;2;1;1;1;3;1;2;01;54;07;54;282,119430411024
4667838;1;3;2;1;1;1;1;1;4;4; ; ; ;300000; ;2;2;2;1;1;1;1;2;2;2;1;2;2;2;2;2;1;2;1;2;2;1;2;5;2; ;1;1;1;2;1;2;2;1;1;3;1;2;01;54;07;54;431,686723680333
4667839;1;2;1;1;1;1;1;1;3;4; ; ; ;200000; ;2;2;2;2;1;1;1;2;2;2;1;2;2;2;2;2;1;1;2;2;2;1;3;3;2; ;1;2;1;4;1;2;1;1;1;3;1;2;01;54;07;54;346,362772287068
4667840;1;3;1;1;1;1;1;1;3;1; ; ;98;300000; ;2;1;2;2;1;1;1;2;2;2;1;1;2;2;2;2;1;2;2;2;2;1;2;2;2; ;1;2;1;4;1;2;1;1;1;3;1;2;01;54;07;54;377,970173399609
4667841;1;4;1;1;1;1;1;1;4;3; ; ; ; ;300000;2;2;2;1;1;1;1;2;2;2;1;2;2;2;2;2;1;2;1;2;2;1;2;2;2; ;1;2;1;4;1;2;2;1;1;3;1;2;01;54;07;54;448,310155915724
4667842;1;4;1;1;1;1;1;1;3;1; ; ;70000000;300000; ;1;1;2;2;1;1;1;2;2;2;1;2;2;2;2;2;1;2;2;2;2;1;1;1;2; ;1;1;1;4;1;2;1;1;1;3;1;2;01;54;07;54;343,260217392959
4667843;1;2;2;1;1;1;1;2;3;4; ; ; ;200000; ;2;2;2;2;1;1;1;2;2;2;2;2;2;2;2;2;1;2;2;2;2;1;2;4;2; ;1;1;1;4;1;1;1;1;1;3;1;2;01;54;07;54;285,590699825034
4667844;1;3;2;1;1;1;1;4;3;1; ; ;20000000;150000; ;1;1;1;1;1;1;1;2;2;2;1;2;1;1;2;2;1;2;1;2;2;1;3;6;2; ;1;1;5;2;1;1;1;1;1;3;1;2;01;54;07;54;526,375013748735
4667845;1;3;2;1;1;1;1;1;3;5; ; ; ;250000; ;2;2;2;1;1;1;1;2;2;2;1;1;1;2;2;2;1;2;2;2;2;1;2;5;2; ;1;1;1;2;1;1;1;1;1;3;1;2;01;54;07;54;417,57011739687
4667846;1;3;1;1;1;1;1;1;3;5; ; ; ;250000; ;2;2;2;1;1;1;1;2;2;2;1;1;1;2;2;2;1;2;2;2;2;1;2;3;2; ;1;2;1;4;1;1;1;1;1;3;1;2;01;54;07;54;375,375118602039
4667848;1;3;2;1;1;1;1;1;3;3; ; ; ; ;400000;2;2;2;1;1;1;1;2;2;2;1;1;1;2;2;2;1;2;2;2;2;1;2;4;2; ;1;1;1;4;1;2;1;1;1;3;1;2;01;54;07;54;390,001568699606
4667849;1;3;1;1;1;1;1;1;3;4; ; ; ;400000; ;2;2;2;1;2;1;1;2;2;2;1;2;2;2;2;2;1;2;2;2;2;1;1;3;2; ;1;2;1;4;1;2;1;1;1;3;1;2;01;54;07;54;534,132562843344
4667850;1;4;3;1;1;1;1;1;4;1; ; ;90000000;600000; ;2;1;1;1;1;1;1;2;2;2;1;2;1;2;2;2;1;2;2;2;2;1;2;3;2; ;1;1;1;4;1;4;2;1;1;3;1;2;01;54;07;54;196,753966848948
4667851;1;3;2;1;1;1;1;1;3;1; ; ;98;1000000; ;2;1;2;1;1;1;1;2;2;2;1;2;2;2;2;2;1;2;2;2;2;2; ;2;2; ;1;1;1;4;1;4;1;1;1;3;1;2;01;54;07;54;349,356858033031
4667853;1;4;3;1;1;1;1;1;3;1; ; ;90000000;400000; ;1;1;1;1;1;1;1;2;2;2;1;2;1;2;2;2;1;1;1;2;2;1;4;4;2; ;1;1;1;4;1;2;1;1;1;3;1;2;01;54;07;54;192,756626602482
4667854;1;3;2;1;1;1;10;3;3;3; ; ; ; ;300000;2;2;2;2;1;2;1;2;2;2;2;2;2;2;2;2;1;2;2;2;2;1;2;3;2; ;1;1;1;2;1;2;1;1;1;3;1;2;01;54;07;54;355,291612692957
4667855;1;3;2;1;1;1;1;1;3;5; ; ; ;500000; ;1;1;1;1;1;1;1;2;2;2;1;2;2;2;2;2;1;2;2;2;2;1;3;4;2; ;1;1;1;4;1;2;1;1;1;3;1;2;01;54;07;54;402,164533551258
4667856;1;4;2;1;1;1;1;1;3;1; ; ;120000000;500000; ;1;1;1;1;1;1;1;2;2;2;1;2;2;2;2;2;1;1;2;1;2;1;3;3;2; ;1;1;1;4;1;3;1;1;1;3;1;2;01;54;07;54;346,362772287068
4667857;1;4;2;1;1;1;1;1;3;1; ; ;99;500000; ;1;1;1;1;1;1;1;2;2;2;1;2;2;1;2;2;1;1;1;1;2;1;3;3;2; ;1;1;1;4;1;3;1;1;1;3;1;2;01;54;07;54;384,06681403968
4667858;1;3;2;1;1;1;1;4;3;1; ; ;40000000;250000; ;2;2;2;2;1;1;1;2;2;2;1;2;2;2;2;2;1;2;2;2;2;1;2;4;2; ;1;1;1;2;1;2;1;1;1;3;1;2;01;54;07;54;230,298782374948
4667859;1;3;2;1;1;1;1;6; ;4; ; ; ;200000; ;2;2;2;2;2;2;2;2;2;2;2;2;2;1;2;2;1;2;2;1;2;1;1;2;2; ;1;1;1;4;1;2;2;1;1;3;1;2;01;54;07;54;377,970173399609
4667860;1;5;2;1;1;1;1;1;3;4; ; ; ;98; ;2;1;1;1;1;1;1;1;1;2;1;2;2;1;2;2;1;2;2;2;2;1;2;2;1;3;1;1;1;4;1;3;1;1;1;3;1;2;01;54;07;54;189,445121951213
4667861;1;4;2;1;1;1;1;1;3;3; ; ; ; ;300000;2;2;2;2;1;1;1;2;2;2;1;2;2;1;2;2;1;2;1;2;2;1;2;3;2; ;1;2;1;4;1;2;1;1;1;3;1;2;01;54;07;54;229,788938560844
4667862;1;1;1;1;1;1;1;4;4;1; ; ;35000000;350000; ;2;2;1;2;1;2;1;2;2;2;1;2;2;2;2;2;2;2;2;2;2;1;2;2;2; ;1;1;1;2;1;2;2;1;1;3;1;2;01;54;07;54;311,652816280418
4667863;1;3;1;1;1;1;1;1;4;3; ; ; ; ;170000;2;2;2;2;1;2;1;2;2;2;1;2;2;2;2;2;1;2;2;2;2;1;1;1;2; ;1;2;1;2;1;1;2;1;1;3;1;2;01;54;07;54;408,4124340315
4667864;1;4;3;1;1;1;1;1;3;1; ; ;99;1000000; ;2;1;1;1;1;1;1;2;2;2;1;2;1;1;2;1;1;1;1;2;2;1;4;4;2; ;1;1;1;4;1;3;1;1;1;3;1;2;01;54;07;54;375,884962416143
4667865;1;4;3;1;1;1;1;1;3;1; ; ;99;600000; ;2;1;1;1;1;1;1;2;1;2;1;2;1;2;2;2;1;1;2;2;2;1;3;3;2; ;1;1;1;4;1;3;1;1;1;3;1;2;01;54;07;54;472,264477367573
4667866;1;4;1;1;1;1;1;1;3;1; ; ;120000000;500000; ;1;1;1;1;1;1;1;1;1;2;1;1;1;1;2;1;1;2;2;1;2;1;1;1;2; ;1;1;1;4;1;3;1;1;1;3;1;2;01;54;07;54;343,260217392959
4667867;1;5;4;1;1;1;1;1;3;4; ; ; ;98; ;2;1;1;1;1;1;1;1;2;2;1;1;1;1;2;1;1;1;1;1;2;1;4;6;2; ;1;1;1;4;1;4;1;1;1;3;1;2;01;54;07;54;501,605091227986
4667868;1;4;3;1;1;1;1;1;3;1; ; ;98;98; ;2;1;1;1;1;1;1;2;2;2;1;2;2;1;2;2;1;2;1;2;2;1;3;5;2; ;1;1;1;4;1;4;1;1;1;3;1;2;01;54;07;54;337,921191675214
4667869;1;3;2;1;1;1;1;1;4;3; ; ; ; ;500000;1;1;1;1;1;1;1;2;2;2;1;1;1;1;2;2;1;2;1;2;2;1;2;4;2; ;1;2;1;4;1;4;2;1;1;3;1;2;01;54;07;54;375,884962416143
4667870;1;4;2;1;1;1;1;1;3;3; ; ; ; ;600000;1;1;1;1;1;1;1;2;2;2;1;1;1;1;2;2;1;1;2;1;2;1;4;5;2; ;1;1;1;4;1;4;1;1;1;3;1;2;01;54;07;54;302,71278013421
4667871;1;3;1;1;1;1;1;1;3;3; ; ; ; ;500000;2;1;1;1;1;1;1;2;2;2;1;2;2;2;2;2;1;1;2;2;2;1;1;2;2; ;1;1;1;4;1;4;1;1;1;3;1;2;01;54;07;54;323,81578113207
4667872;1;2;1;1;1;1;1;6; ;3; ; ; ; ;350000;2;2;2;2;1;2;2;2;2;2;1;1;2;2;2;2;1;2;2;2;2;1;1;1;2; ;1;2;1;4;1;4;2;1;1;3;1;2;01;54;07;54;413,600199909075
4667873;1;2;1;1;1;1;1;1;4;5; ; ; ;150000; ;2;2;2;2;2;2;1;2;2;2;1;1;1;2;2;2;1;2;2;2;2;1;1;3;2; ;1;1;1;2;1;1;2;1;1;3;1;2;01;54;07;54;486,761186450688
4667875;1;4;3;1;1;1;1;1;3;1; ; ;80000000;300000; ;2;1;2;2;1;1;1;2;2;2;1;1;1;2;2;2;1;1;2;2;2;1;1;5;2; ;1;1;1;4;1;2;1;1;1;3;1;2;01;54;07;54;420,424139042982
4667876;1;5;4;1;1;1;1;1;4;1; ; ;80000000;350000; ;2;2;2;2;1;1;1;2;2;2;1;2;1;2;2;2;1;2;2;2;2;1;3;7;2; ;1;1;1;4;1;2;2;1;1;3;1;2;01;54;07;54;494,987411033491
4667877;1;3;3;1;1;1;1;1;3;1; ; ;98;350000; ;1;1;1;1;1;1;1;2;2;2;1;2;2;2;2;2;1;1;2;2;2;1;1;4;2; ;1;2;1;4;1;2;1;1;1;3;1;2;01;54;07;54;456,717956767189
4667878;1;4;3;1;1;1;1;1;4;3; ; ; ; ;300000;2;1;2;1;1;1;1;2;2;2;1;2;2;2;2;2;1;2;2;2;2;1;2;4;2; ;1;2;1;4;1;2;2;1;1;3;1;2;01;54;07;54;242,4617472266
4667879;1;5;4;1;1;1;1;1;3;1; ; ;98;98; ;1;1;1;1;1;1;1;2;2;2;1;2;2;2;2;2;1;2;1;2;2;1;4;5;2; ;1;1;1;4;1;2;1;1;1;3;1;2;01;54;07;54;340,254935906677
4667880;1;4;2;1;1;1;1;1;3;1; ; ;80000000;500000; ;1;2;2;2;1;1;1;2;2;2;1;1;1;2;2;2;1;2;2;2;2;1;1;2;2; ;1;1;1;4;1;2;1;1;1;3;1;2;01;54;07;54;349,356858033031
4667881;1;4;1;1;1;1;1;1;3;3; ; ; ; ;380000;2;1;1;1;1;1;1;1;2;2;1;1;1;1;2;2;1;2;1;2;2;1;2;3;2; ;1;2;1;4;1;2;1;1;1;3;1;2;01;54;07;54;358,52573713872
4667882;1;1;1;1;1;1;10;6; ;3; ; ; ; ;110000;2;2;2;2;2;2;2;2;2;2;1;2;2;2;2;2;1;2;2;2;2;1;1;1;2; ;1;2;1;2;1;2;1;1;1;3;1;2;01;54;07;54;413,600199909075
4667883;1;4;2;1;1;1;1;1;3;1; ; ;98;450000; ;1;1;1;1;1;1;1;2;2;2;1;2;1;1;2;2;1;1;1;1;2;1;3;3;2; ;1;2;1;4;1;2;1;1;1;3;1;2;01;54;07;54;332,246166003605
4667884;1;5;3;1;1;1;1;1;3;5; ; ; ;300000; ;2;1;1;1;1;1;1;2;2;2;1;2;2;1;2;2;1;2;1;2;2;1;3;4;2; ;1;1;1;2;1;2;1;1;1;3;1;2;01;54;07;54;375,884962416143
4667886;1;4;1;1;1;1;1;1;4;3; ; ; ; ;99;2;2;1;2;1;1;1;2;2;2;1;2;2;2;2;2;1;1;2;2;2;1;2;2;2; ;1;1;1;4;1;2;1;1;1;3;1;2;01;54;07;54;457,238996321613
4667887;1;4;3;1;1;1;1;1;3;3; ; ; ; ;300000;2;2;2;2;1;2;1;1;2;2;1;2;1;1;2;2;1;2;2;2;2;1;2;7;2; ;1;2;1;4;1;2;1;1;1;3;1;2;01;54;07;54;521,697091685265
4667888;1;5;2;1;1;1;1;1;3;1; ; ;99;700000; ;2;2;1;1;1;1;1;1;1;2;1;1;1;1;2;2;1;2;2;1;2;1;2;4;2; ;1;1;1;4;1;3;1;1;1;3;1;2;01;54;07;54;366,956122010254
4667889;1;5;4;1;1;1;1;1;3;1; ; ;98;500000; ;1;1;1;1;1;1;1;2;2;2;1;1;1;1;2;2;1;1;2;2;2;1;6;6;2; ;1;1;1;4;1;2;1;1;1;3;1;2;01;54;07;54;360,848285629863
4667890;1;3;2;1;1;1;1;1;3;1; ; ;98;300000; ;2;2;2;2;1;1;1;2;2;2;1;2;2;2;2;2;1;2;2;2;2;1;1;3;2; ;1;1;1;4;1;2;1;1;1;3;1;2;01;54;07;54;421,608969812147
4667891;1;4;3;1;1;1;1;1;3;1; ; ;200000000;800000; ;1;1;1;1;1;1;1;2;2;2;1;2;1;1;2;2;1;2;2;1;2;1;3;3;2; ;1;1;1;4;1;3;1;1;1;3;1;2;01;54;07;54;238,480633998486
4667892;1;4;2;1;1;1;1;1;3;1; ; ;98;400000; ;2;2;2;1;1;1;1;2;2;2;1;2;2;2;2;2;1;1;1;2;2;1;2;8;2; ;1;1;1;4;1;2;1;1;1;3;1;2;01;54;07;54;303,440078628045
4667893;1;4;1;1;1;1;1;1;3;1; ; ;99;800000; ;1;2;2;1;1;1;1;2;2;2;1;2;1;2;2;2;1;2;2;2;2;2; ;1;2; ;1;1;1;4;1;3;1;1;1;3;1;2;01;54;07;54;343,260217392959
4667894;1;4;3;1;1;1;1;1;3;1; ; ;120000000;400000; ;2;1;2;1;1;1;1;2;2;2;1;2;1;1;2;2;1;1;2;2;2;1;4;5;2; ;1;1;1;4;1;1;1;1;1;3;1;2;01;54;07;54;381,981603056214
4667897;1;3;1;1;1;1;1;1;3;3; ; ; ; ;300000;2;2;2;2;1;2;1;2;2;2;1;2;2;2;2;2;1;1;2;2;2;1;2;3;2; ;1;2;1;4;1;2;1;1;1;3;1;2;01;54;07;54;513,040757585803
4667900;1;3;1;1;1;1;1;1;4;3; ; ; ; ;400000;2;2;1;1;1;1;1;2;2;2;1;2;2;1;2;2;1;2;1;2;2;1;1;2;1;1;1;2;1;4;1;2;2;1;1;3;1;2;01;54;07;54;323,81578113207
4667901;1;3;2;1;1;1;1;1;4;5; ; ; ;200000; ;2;1;2;2;1;1;1;2;2;2;1;1;1;2;2;2;1;2;1;2;2;1;2;4;2; ;1;1;1;2;1;1;2;1;1;3;1;2;01;54;07;54;448,026261329548
4667902;1;4;3;1;1;1;1;1;3;5; ; ; ;300000; ;2;1;1;1;1;1;1;2;2;2;1;1;1;1;2;2;2;1;2;2;2;1;2;4;2; ;1;1;1;4;1;2;1;1;1;3;1;2;01;54;07;54;388,047927267795
4667903;1;4;3;1;1;1;1;1;3;3; ; ; ; ;350000;2;2;2;1;1;1;1;2;2;2;1;2;2;2;2;2;1;2;2;2;2;1;2;3;1;1;1;2;1;4;1;2;1;1;1;3;1;2;01;54;07;54;346,362772287068
4667906;1;4;2;1;2;1;1;1;3;1; ; ;80000000;400000; ;1;2;1;1;1;1;1;2;2;2;1;1;1;2;2;2;1;1;2;2;2;1;2;3;2; ;1;2;1;4;1;2;1;1;1;3;1;2;01;54;07;54;392,995654445569
4667907;1;2;1;1;1;1;1;1;3;1; ; ;98;300000; ;2;2;2;2;1;1;1;2;2;2;1;2;2;2;2;2;1;2;2;2;2;1;2;2;2; ;1;2;1;4;1;2;1;1;1;3;1;2;01;54;07;54;349,356858033031
4667908;1;3;2;1;1;1;1;1;4;4; ; ; ;400000; ;2;2;1;1;1;1;1;2;2;2;1;2;2;1;2;2;1;2;1;1;2;1;2;4;2; ;1;1;1;4;1;2;2;1;1;3;1;2;01;54;07;54;404,897308731114
4667990;1;4;2;1;1;1;1;1;4;3; ; ; ; ;600000;2;1;1;1;1;1;1;2;2;2;1;1;2;1;2;2;1;2;1;2;2;1;2;3;2; ;1;1;1;4;1;3;2;1;1;2;1;1;01;66;07;66;675,838266959631
4667991;1;3;2;1;1;1;1;1;4;3; ; ; ; ;400000;2;2;2;1;1;1;1;2;2;2;1;1;2;2;2;2;2;1;2;2;2;1;2;2;2; ;1;2;1;4;1;3;2;1;1;2;1;1;01;66;07;66;443,699532903597
4667992;1;5;4;1;1;1;1;1;3;1; ; ;98;400000; ;1;1;1;1;1;1;1;1;2;2;1;2;2;2;2;2;2;2;2;2;2;1;3;4;2; ;1;1;1;4;1;2;1;1;1;2;1;1;01;66;07;66;275,960372745756
4667993;1;4;2;1;1;1;1;1;3;3; ; ; ; ;320000;2;1;1;1;1;1;1;1;2;2;1;2;1;1;2;2;1;2;2;2;2;1;2;2;2; ;1;2;1;4;1;3;1;1;1;2;1;1;01;66;07;66;183,338561969081
4667995;1;3;1;1;1;1;1;1;4;4; ; ; ;300000; ;2;2;2;2;1;1;1;2;2;2;1;2;2;2;2;2;2;2;2;2;2;2; ;1;2; ;1;1;1;2;1;3;2;1;1;2;1;1;01;66;07;66;447,793210758583
4667996;1;3;2;1;1;1;1;1;3;1; ; ;99;500000; ;1;1;1;1;1;1;1;2;2;1;1;2;2;1;2;2;2;2;2;1;2;1;4;4;2; ;1;2;1;4;1;3;1;1;1;2;1;1;01;66;07;66;316,962428895781
4667997;1;3;2;1;1;1;1;1;3;3; ; ; ; ;450000;2;2;2;2;1;1;1;1;2;2;1;2;2;2;2;2;2;2;2;2;2;1;1;3;2; ;1;2;1;4;1;3;1;1;1;2;1;1;01;66;07;66;675,838266959631
4667998;1;2;1;1;1;1;1;1;3;3; ; ; ; ;400000;2;1;1;1;1;1;1;2;2;2;1;2;1;1;2;2;2;2;2;2;2;1;1;1;2; ;1;2;1;4;1;3;1;1;1;2;1;1;01;66;07;66;311,055924815056
4668000;1;4;3;1;1;1;1;1;3;3; ; ; ; ;580000;2;2;2;1;1;1;1;2;2;2;1;2;2;2;2;2;2;2;2;2;2;1;2;5;2; ;1;2;1;6;1;3;1;1;1;2;1;1;01;66;07;66;197,480276309134
4668001;1;3;1;1;1;1;1;1;3;4; ; ; ;400000; ;1;1;2;1;1;1;1;2;2;2;1;2;2;2;2;2;2;2;2;2;2;1;1;1;2; ;1;2;1;4;1;3;1;1;1;2;1;1;01;66;07;66;223,896605379292
4668002;1;3;1;1;1;1;1;1;3;4; ; ; ;350000; ;2;1;2;1;1;1;1;2;2;2;1;2;2;2;2;2;2;2;2;2;2;2; ;1;2; ;1;2;1;4;1;3;1;1;1;2;1;1;01;66;07;66;223,896605379292
4668003;1;1;1;1;1;1;1;1;3;4; ; ; ;350000; ;1;1;2;2;1;1;1;2;2;2;1;2;1;2;2;2;2;2;2;2;2;1;2;2;2; ;1;2;1;6;1;3;1;1;1;2;1;1;01;66;07;66;241,251194501447
4668004;1;4;3;1;1;1;1;1;3;3; ; ; ; ;600000;2;1;1;1;1;1;1;2;1;2;1;1;1;1;2;2;2;1;1;2;2;1;5;6;2; ;1;1;1;4;1;3;1;1;1;2;1;1;01;66;07;66;313,329565405308
4668005;1;3;2;1;1;1;1;1;3;3; ; ; ; ;550000;1;1;1;1;1;1;1;2;2;2;1;2;2;2;2;2;2;1;2;2;2;1;3;3;2; ;1;2;1;4;1;3;1;1;1;2;1;1;01;66;07;66;253,717660059731
4668007;1;4;3;1;1;1;1;1;3;3; ; ; ; ;400000;1;1;1;1;1;1;1;2;2;2;2;2;2;1;2;2;2;2;2;2;2;1;3;4;2; ;1;2;1;4;1;3;1;1;1;2;1;1;01;66;07;66;195,739872677485
4668008;1;4;3;1;1;1;1;1;3;3; ; ; ; ;450000;2;1;1;1;1;1;1;1;2;2;1;2;1;1;2;2;1;2;2;2;2;1;3;3;2; ;1;2;1;4;1;3;1;1;1;2;1;1;01;66;07;66;332,914936408317
4668010;1;3;1;1;1;1;1;1;3;3; ; ; ; ;400000;2;2;2;2;1;1;1;2;2;2;1;1;1;2;2;2;2;1;2;2;2;1;1;1;2; ;1;1;1;4;1;3;1;1;1;2;1;1;01;66;07;66;311,055924815056
4668016;1;3;2;1;1;1;1;1;3;2; ;340000;70000000;400000; ;1;1;1;1;1;1;1;2;2;2;1;1;2;1;2;2;2;2;1;2;2;1;1;2;2; ;1;1;1;4;1;3;1;1;1;2;1;1;01;66;07;66;309,229163819405
4668018;1;5;2;1;1;1;1;1;3;1; ; ;60000000;350000; ;1;1;1;1;1;1;1;2;2;2;1;1;1;2;2;2;2;2;1;2;2;1;2;2;2; ;1;1;1;4;1;2;1;1;1;2;1;1;01;66;07;66;221,849766451798
4668019;1;4;2;1;1;1;1;1;3;1; ; ;60000000;400000; ;2;2;2;1;1;1;1;2;2;2;1;2;1;1;2;2;1;2;1;2;2;1;2;2;2; ;1;1;1;4;1;2;1;1;1;2;1;1;01;66;07;66;315,560347286162
4668020;1;5;4;1;1;1;1;1;3;4; ; ; ;450000; ;1;1;1;1;1;1;1;2;2;2;1;1;1;1;2;2;2;2;1;1;2;1;4;5;2; ;1;1;1;4;1;2;1;1;1;2;1;1;01;66;07;66;372,628311724125
4668021;1;6;3;1;1;1;1;1;3;3; ; ; ; ;450000;2;1;1;1;1;1;1;1;2;2;1;2;1;1;1;2;1;2;1;2;2;1;4;4;2; ;1;1;1;4;1;3;1;1;1;2;1;1;01;66;07;66;270,852171250043
4668022;1;3;2;1;1;1;1;1;3;3; ; ; ; ;360000;2;1;1;1;1;1;1;1;2;2;1;1;1;1;2;2;2;1;1;2;2;1;3;3;2; ;1;1;1;4;1;2;1;1;1;2;1;1;01;66;07;66;253,717660059731
4668023;1;3;1;1;1;1;1;1;3;3; ; ; ; ;350000;2;1;2;1;1;1;1;1;2;2;1;2;2;1;2;2;2;2;1;2;2;1;1;1;2; ;1;2;1;4;1;3;1;1;1;2;1;2;01;66;07;66;238,629987796913
4668025;1;4;3;1;1;1;1;1;3;1; ; ;50000000;250000; ;2;1;1;1;1;1;1;2;2;2;1;2;2;1;2;2;2;2;1;2;2;1;2;6;2; ;1;1;1;4;1;1;1;1;1;2;1;1;01;66;07;66;594,758456950663
4668027;1;3;2;1;1;1;1;1;4;3; ; ; ; ;500000;2;2;2;2;1;1;2;2;2;2;1;1;1;2;2;2;2;2;2;2;2;1;3;5;2; ;1;2;1;4;1;3;2;1;1;2;1;1;01;66;07;66;230,442632086939
4668028;1;3;3;1;1;1;1;1;3;3; ; ; ; ;300000;2;1;1;1;1;1;1;2;2;2;1;2;2;1;2;2;2;2;2;2;2;1;2;6;2; ;1;2;1;3;1;1;1;1;1;2;1;1;01;66;07;66;616,210580803934
4668029;1;4;2;1;1;1;1;1;3;1; ; ;100000000;400000; ;2;1;2;1;1;1;1;1;2;2;1;2;2;2;2;2;2;2;2;2;2;1;2;2;2; ;1;2;1;4;1;4;1;1;1;2;1;1;01;66;07;66;168,60517955146
4668030;1;4;2;1;1;1;1;1;3;1; ; ;100000000;420000; ;1;1;1;1;1;1;1;1;1;1;1;2;1;1;2;2;1;1;2;1;2;1;3;3;2; ;1;2;1;4;1;4;1;1;1;2;1;1;01;66;07;66;253,717660059731
4668033;1;3;2;1;1;1;1;1;3;3; ; ; ; ;300000;2;1;2;1;1;1;1;2;2;2;1;2;1;1;2;2;2;2;2;2;2;1;2;2;2; ;1;2;1;4;1;1;1;1;1;2;1;1;01;66;07;66;504,39466871985
4668034;1;4;1;1;1;1;1;1;3;1; ; ;60000000;400000; ;1;1;1;1;1;1;1;2;1;1;1;1;1;1;2;2;1;1;2;1;2;1;1;1;2; ;1;1;1;4;1;2;1;1;1;2;1;1;01;66;07;66;223,896605379292
4668035;1;3;2;1;1;1;1;1;3;4; ; ; ;300000; ;1;1;1;1;1;1;1;2;2;2;1;1;1;2;2;2;2;2;2;2;2;1;2;2;1;2;1;2;1;4;1;1;1;1;1;2;1;1;01;66;07;66;618,458327638811
4668036;1;4;1;1;1;1;1;1;3;3; ; ; ; ;365000;2;1;2;2;1;2;1;2;2;2;1;2;1;2;2;2;2;2;2;2;2;1;1;1;2; ;1;1;1;4;1;2;1;1;1;2;1;1;01;66;07;66;223,896605379292
4668037;1;5;4;1;1;1;1;1;3;1; ; ;99;500000; ;1;1;1;1;1;1;1;2;1;2;1;1;1;1;2;2;2;1;1;1;2;1;5;5;2; ;1;2;1;4;1;3;1;1;1;2;1;2;01;66;07;66;193,693033749991
4668038;1;2;1;1;1;1;1;1;3;3; ; ; ; ;220000;2;1;2;1;1;1;1;2;2;2;1;2;2;2;2;2;2;2;2;2;2;1;1;1;2; ;1;2;1;2;1;1;1;1;1;2;1;1;01;66;07;66;583,749149394501
4668039;1;3;1;1;1;1;1;1;3;3; ; ; ; ;400000;2;1;1;1;1;1;1;1;2;2;1;2;2;2;2;2;2;2;2;2;2;1;1;3;2; ;1;2;1;4;1;3;1;1;1;2;1;1;01;66;07;66;332,694858476474
4668040;1;3;1;1;1;1;1;1;3;3; ; ; ; ;320000;2;1;1;1;1;1;1;2;2;2;1;2;2;1;2;2;2;2;2;2;2;1;2;2;2; ;1;2;1;4;1;1;1;1;1;2;1;1;01;66;07;66;610,883842520525
4668045;1;4;4;1;1;1;1;1;4;3; ; ; ; ;500000;2;1;1;1;1;1;1;2;1;2;1;2;2;1;2;2;2;2;2;1;2;1;4;4;2; ;1;2;1;4;1;3;2;1;1;2;1;1;01;66;07;66;534,570013245486
4668046;1;2;1;1;1;1;1;1;3;3; ; ; ; ;400000;2;2;2;2;1;1;1;1;2;2;1;2;2;2;2;2;2;2;2;2;2;1;2;2;2; ;1;1;1;4;1;3;1;1;1;2;1;1;01;66;07;66;255,764498987224
4668048;1;3;1;1;1;1;1;1;3;3; ; ; ; ;400000;2;1;2;2;1;1;1;2;2;2;1;2;2;2;2;2;2;2;2;2;2;1;1;1;2; ;1;1;1;4;1;3;1;1;1;2;1;1;01;66;07;66;291,874574697251
4668049;1;5;3;1;1;1;1;1;3;4; ; ; ;480000; ;1;1;1;1;1;1;1;2;2;2;1;2;2;1;2;2;2;2;2;2;2;1;3;3;2; ;1;1;1;4;1;3;1;1;1;2;1;1;01;66;07;66;353,533318970321
4668050;1;4;3;1;1;1;1;1;3;3; ; ; ; ;450000;2;1;1;2;1;1;1;2;2;2;1;2;2;2;2;2;2;2;2;2;2;1;5;5;2; ;1;2;1;4;1;3;1;1;1;2;1;1;01;66;07;66;307,16803255816
4668053;1;4;2;1;1;1;1;1;3;1; ; ;1000000;600000; ;2;1;1;1;1;1;1;2;1;1;1;1;2;1;2;2;2;2;2;1;2;1;2;3;2; ;1;1;1;4;1;3;1;1;1;2;1;1;01;66;07;66;337,919133479816
4668054;1;5;4;1;1;1;1;1;3;1; ; ;80000000;400000; ;1;1;1;1;1;1;1;2;1;2;1;2;1;1;2;2;2;1;1;1;2;1;6;6;2; ;1;1;1;4;1;3;1;1;1;2;1;1;01;66;07;66;214,614787499446
4668055;1;5;2;1;1;1;1;1;3;1; ; ;90000000;500000; ;2;1;1;1;1;1;1;2;2;2;1;2;1;1;2;2;2;2;2;2;2;1;3;3;2; ;1;2;1;4;1;3;1;1;1;2;1;1;01;66;07;66;250,150495432431
4668056;1;5;4;1;1;1;1;1;3;3; ; ; ; ;800000;1;1;1;1;1;1;1;2;2;2;1;2;1;1;2;2;2;2;1;2;2;1;4;5;2; ;1;1;1;4;1;3;1;1;1;2;1;1;01;66;07;66;275,356593721149
4668058;1;3;2;1;1;1;1;1;3;3; ; ; ; ;300000;2;2;2;1;1;1;1;2;2;2;1;2;1;1;2;2;2;2;1;2;2;1;2;2;2; ;1;2;1;4;1;3;1;1;1;2;1;1;01;66;07;66;309,229163819405
4668059;1;4;3;1;1;1;1;1;3;3; ; ; ; ;400000;2;1;1;1;1;1;1;2;2;2;1;2;1;1;2;2;2;2;2;2;2;1;2;4;2; ;1;2;1;4;1;3;1;1;1;2;1;1;01;66;07;66;202,874201932084
4668062;1;2;1;1;1;1;1;1;4;3; ; ; ; ;400000;2;1;2;2;1;1;1;2;2;2;1;2;2;2;2;2;2;2;1;2;2;1;2;2;2; ;1;2;1;4;1;3;2;1;1;2;1;1;01;66;07;66;236,583148869419
4668063;1;3;2;1;1;1;1;1;3;3; ; ; ; ;400000;2;2;2;1;1;1;1;2;2;2;1;2;2;2;2;2;2;2;2;2;2;1;2;3;2; ;1;1;1;4;1;3;1;1;1;2;1;1;01;66;07;66;313,513508358669
4668064;1;3;1;1;1;1;1;1;3;3; ; ; ; ;460000;1;1;1;1;1;1;1;2;2;2;1;1;1;1;2;2;1;2;1;2;2;1;2;2;2; ;1;2;1;4;1;3;1;1;1;2;1;1;01;66;07;66;236,583148869419
4668067;1;5;4;1;1;1;1;1;3;3; ; ; ; ;600000;1;1;1;1;1;1;1;2;2;2;1;1;1;1;2;2;2;1;2;2;2;1;3;7;2; ;1;1;1;4;1;3;1;1;1;2;1;1;01;66;07;66;318,688540193679
4668068;1;3;1;1;2;1;1;1;4;3; ; ; ; ;275000;2;1;1;2;2;2;1;2;2;2;1;2;1;1;2;2;2;2;2;2;2;1;2;2;2; ;1;2;1;4;1;3;2;1;1;2;1;1;01;66;07;66;240,903628387165
4668068;2;3;2;1;2;1;1;1;4;3; ; ; ; ;275000;2;1;1;2;2;2;1;2;2;2;1;2;2;1;2;2;2;2;2;2;2;1;2;4;2; ;2;2;1;4;1;3;2;1;1;2;1;1;01;66;07;66;240,903628387165
4668069;1;5;4;1;1;1;1;1;3;1; ; ;80000000;600000; ;1;1;1;1;1;1;1;2;2;2;1;2;2;1;2;2;1;1;1;2;2;1;4;8;2; ;1;1;3;2;1;1;1;1;1;3;1;1;01;68;07;68;224,423281867248
4668070;1;6;5;1;1;1;1;1;4;4; ; ; ;500000; ;2;1;2;1;1;1;1;2;2;2;1;1;1;2;2;2;2;2;2;1;2;1;3;10;2; ;1;2;1;4;1;3;2;1;1;3;1;1;01;68;07;68;683,488658863982
4668071;1;4;3;1;1;1;1;1;3;1; ; ;80000000;600000; ;2;1;2;1;1;1;1;2;2;2;1;1;1;1;2;2;2;1;1;2;2;1;5;7;2; ;1;1;1;2;1;1;1;1;1;3;1;1;01;68;07;68;309,822829878281
4668072;1;5;1;1;1;1;1;1;3;1; ; ;180000000;98; ;1;1;1;1;1;1;1;2;2;2;1;2;2;1;2;2;1;2;2;2;2;1;1;1;2; ;1;2;1;4;1;4;1;1;1;3;1;1;01;68;07;68;412,096769022909
4668073;1;11;1;1;1;1;1;1;3;1; ; ;98;700000; ;1;1;1;1;1;1;1;2;2;2;1;2;2;1;2;2;2;2;2;2;2;1;2;2;2; ;1;1;1;4;1;4;1;1;1;3;1;1;01;68;07;68;426,585878005594
4668074;1;5;4;1;1;1;1;1;3;3; ; ; ; ;700000;2;1;1;1;1;1;1;2;2;2;1;2;1;1;2;2;1;2;1;2;2;1;2;5;2; ;1;1;1;4;1;4;1;1;1;3;1;1;01;68;07;68;552,909102261716
4668075;1;7;6;1;1;1;1;1;3;3; ; ; ; ;800000;1;1;2;1;1;1;1;2;2;2;1;2;2;1;2;2;2;2;1;1;2;1;9;9;2; ;1;1;1;4;1;2;1;1;1;3;1;1;01;68;07;68;683,689457275746
4668076;1;3;2;1;1;1;1;1;3;1; ; ;98;98; ;1;1;2;1;1;1;1;2;2;2;1;1;1;2;2;2;2;2;2;2;2;1;3;3;2; ;1;2;1;4;1;4;1;1;1;3;1;1;01;68;07;68;500,788353192958
4668077;1;3;2;1;1;1;1;1;3;3; ; ; ; ;810000;1;1;1;1;1;1;1;1;1;2;1;2;2;1;2;2;1;2;2;1;2;1;3;3;1;1;1;2;1;4;1;4;1;1;1;3;1;1;01;68;07;68;500,788353192958
4668078;1;3;2;1;1;1;1;1;3;3; ; ; ; ;620000;2;1;1;1;1;1;1;2;2;2;1;2;2;2;2;2;2;2;2;2;2;1;3;4;2; ;1;2;1;4;1;4;1;1;1;3;1;1;01;68;07;68;515,459117854576
4668079;1;2;1;1;1;1;1;1;3;3; ; ; ; ;550000;1;1;1;1;1;1;1;1;2;2;1;2;2;1;2;2;1;2;1;2;2;1;2;2;2; ;1;2;1;4;1;4;1;1;1;3;1;1;01;68;07;68;609,218582814157
4668080;1;3;2;1;1;1;1;1;3;1; ; ;98;98; ;2;2;2;2;2;1;1;2;2;2;1;2;2;2;2;2;2;2;1;2;2;2; ;4;2; ;1;1;3;4;1;1;1;1;1;3;1;1;01;68;07;68;439,798901466671
4668081;1;3;2;1;1;1;1;1;3;3; ; ; ; ;520000;2;1;2;2;1;1;1;2;2;2;1;2;2;2;2;2;1;2;2;2;2;1;3;5;2; ;1;1;1;4;1;2;1;1;1;3;1;1;01;68;07;68;688,938993744211
4668082;1;4;3;1;1;1;1;1;3;1; ; ;180000000;1000000; ;1;1;1;1;1;1;1;2;2;2;1;1;1;1;2;2;2;2;1;2;2;1;3;3;2; ;1;1;1;4;1;2;1;1;1;3;1;1;01;68;07;68;657,594178891437
4668082;2;2;2;1;1;1;1;1;3;3; ; ; ; ;350000;2;2;2;2;2;2;1;2;2;2;1;2;2;2;2;2;2;2;2;2;2;1;2;3;2; ;2;1;1;4;1;2;1;1;1;3;1;1;01;68;07;68;657,594178891437
4668083;1;4;3;1;1;1;1;1;3;3; ; ; ; ;600000;1;1;1;1;1;1;1;1;1;2;1;1;2;2;2;2;2;2;2;2;2;1;6;8;2; ;1;2;1;4;1;1;1;1;1;3;1;1;01;68;07;68;1019,47196350793
4668084;1;3;2;1;1;1;1;3;3;3; ; ; ; ;550000;2;1;2;1;1;1;1;2;1;2;1;2;1;1;2;2;1;1;1;1;2;1;4;6;2; ;1;2;1;4;1;2;1;1;1;3;1;1;01;68;07;68;416,380308726672
4668085;1;3;2;1;1;1;1;1;3;3; ; ; ; ;400000;2;2;2;2;1;1;1;1;2;2;2;2;2;2;2;2;1;2;2;2;2;1;3;3;2; ;1;2;1;4;1;2;1;1;1;3;1;1;01;68;07;68;435,91149133281
4668086;1;3;2;1;1;1;1;1;3;3; ; ; ; ;500000;1;2;1;1;1;1;1;1;1;2;1;2;1;1;2;2;1;2;1;2;2;1;3;4;2; ;1;2;1;4;1;2;1;1;1;3;1;1;01;68;07;68;618,836318869524
4668087;1;6;2;1;1;1;1;1;3;1; ; ;99;99; ;1;1;1;2;1;1;1;2;2;2;1;2;2;1;2;2;1;2;2;1;2;1;2;2;2; ;1;1;1;4;1;3;1;1;1;3;1;1;01;68;07;68;549,505216609479
4668088;1;4;1;1;1;1;1;1;4;1; ; ;80000000;400000; ;2;2;2;1;1;1;1;1;1;2;1;1;1;2;2;2;2;2;2;2;2;1;1;3;2; ;1;2;1;2;1;1;2;1;1;3;1;1;01;68;07;68;954,707756272713
4668090;1;5;3;1;1;1;1;1;3;3; ; ; ; ;676000;2;1;2;1;1;1;1;2;2;2;1;1;1;2;2;2;2;2;2;2;2;1;1;3;2; ;1;2;1;4;1;3;1;1;1;3;1;1;01;68;07;68;500,788353192958
4668091;1;4;2;1;1;1;1;1;3;1; ; ;170000000;800000; ;1;1;1;1;1;1;1;2;2;2;1;2;1;1;2;2;1;2;2;1;2;1;2;5;2; ;1;2;1;4;1;3;1;1;1;3;1;1;01;68;07;68;644,447547384563
4668092;1;5;2;1;1;1;1;1;3;3; ; ; ; ;500000;1;1;2;1;1;1;1;2;2;2;1;2;2;2;2;2;2;2;2;2;2;1;2;3;2; ;1;2;1;4;1;3;1;1;1;3;1;1;01;68;07;68;417,251393407733
4668093;1;4;3;1;1;1;1;1;3;3; ; ; ; ;1600000;1;1;1;1;1;1;1;1;1;1;1;1;1;1;2;2;1;2;2;2;2;1;4;4;2; ;1;2;1;4;1;4;1;1;1;3;1;1;01;68;07;68;491,453868595096
4668094;1;1;1;1;1;1;1;1;3;1; ; ;100000000;600000; ;1;1;1;1;1;1;1;2;2;1;1;2;1;1;2;2;1;2;1;2;2;1;2;2;2; ;1;2;1;4;1;4;1;1;1;3;1;1;01;68;07;68;609,218582814157
4668095;1;4;3;1;1;1;1;1;3;1; ; ;98;98; ;1;1;1;1;1;1;1;1;2;1;1;1;1;2;2;2;2;2;2;2;2;1;2;3;2; ;1;2;1;4;1;4;1;1;1;3;1;1;01;68;07;68;417,251393407733
4668096;1;5;4;1;2;1;1;1;3;3; ; ; ; ;600000;1;1;1;1;1;1;1;2;2;2;1;2;2;2;2;2;2;2;1;2;2;1;7;8;2; ;1;1;3;2;1;1;1;1;1;3;1;1;01;68;07;68;320,00760729548
4668096;2;1;1;1;2;1;1;6; ;3; ; ; ; ;100000;2;1;2;2;2;2;2;2;2;2;1;2;2;2;2;2;1;1;2;2;2;2; ;1;2; ;2;1;3;2;1;1;1;1;1;3;1;1;01;68;07;68;320,00760729548
4668096;3;1;1;1;2;1;1;1;3;3; ; ; ; ;170000;2;1;2;2;2;2;2;2;2;2;1;2;2;2;2;2;2;2;2;2;2;1;2;4;2; ;3;1;3;2;1;1;1;1;1;3;1;1;01;68;07;68;320,00760729548
4668096;4;1;1;1;2;1;1;6; ;3; ; ; ; ;120000;2;1;2;2;2;2;2;2;2;2;1;2;2;2;2;2;1;2;2;2;2;1;1;1;2; ;4;1;3;2;1;1;1;1;1;3;1;1;01;68;07;68;320,00760729548
4668096;5;1;1;1;1;1;1;6; ;3; ; ; ; ;140000;2;2;2;2;2;2;2;2;2;2;2;2;2;2;2;2;2;2;2;2;2;1;1;1;2; ;5;1;3;2;1;1;1;1;1;3;1;1;01;68;07;68;320,00760729548
4668097;1;4;3;1;1;1;1;1;3;1; ; ;130000000;600000; ;1;1;1;1;1;1;1;1;2;2;1;2;2;1;2;2;1;2;1;1;2;1;5;8;2; ;1;2;1;4;1;2;1;1;1;3;1;1;01;68;07;68;502,875996705452
4668098;1;4;2;1;1;1;1;1;3;1; ; ;98;1000000; ;1;1;1;1;1;1;1;1;2;1;1;1;1;1;2;2;2;2;2;1;2;1;3;3;2; ;1;2;1;4;1;4;1;1;1;3;1;1;01;68;07;68;388,945366648876
4668100;1;3;2;1;1;1;1;1;3;3; ; ; ; ;600000;1;1;1;1;1;1;1;1;1;2;1;1;1;1;2;2;1;1;2;1;2;1;2;5;2; ;1;2;1;4;1;4;1;1;1;3;1;1;01;68;07;68;644,447547384563
4668101;1;3;2;1;1;1;1;1;3;3; ; ; ; ;500000;2;1;2;2;1;1;1;2;2;2;1;2;2;2;2;2;2;2;2;2;2;1;2;2;2; ;1;2;1;4;1;2;1;1;1;3;1;1;01;68;07;68;473,370347010595
4668102;1;2;1;1;1;1;1;1;3;4; ; ; ;450000; ;2;1;1;1;1;1;1;1;2;2;1;1;1;2;2;2;1;2;2;2;2;1;1;1;2; ;1;2;1;4;1;4;1;1;1;3;1;1;01;68;07;68;482,704831608457
4668299;1;4;3;1;1;1;1;3;3;1; ; ;150000000;500000; ;1;1;1;1;1;1;1;1;2;2;1;2;2;1;2;2;2;2;2;2;2;1;4;5;2; ;1;2;1;4;1;2;1;1;1;3;1;1;01;73;07;73;208,853700579072
4668300;1;3;2;1;2;1;1;1;3;3; ; ; ; ;285000;2;1;1;1;1;1;1;1;2;2;1;1;2;1;2;2;2;2;1;2;2;1;2;3;2; ;1;2;1;4;1;2;1;1;1;3;1;1;01;73;07;73;180,934121357663
4668300;2;1;1;1;2;1;1;1;3;3; ; ; ; ;285000;2;1;1;1;1;1;1;1;2;2;1;1;2;1;2;2;2;2;1;2;2;1;2;2;2; ;2;2;1;4;1;2;1;1;1;3;1;1;01;73;07;73;180,934121357663
4668301;1;4;1;1;1;1;1;1;4;3; ; ; ; ;500000;1;1;1;1;1;1;1;2;2;2;1;2;1;2;2;2;2;2;2;2;2;1;1;2;2; ;1;2;1;4;1;3;2;1;1;3;1;2;01;73;07;73;224,708548546583
4668302;1;4;3;1;1;1;1;1;3;1; ; ;120000000;800000; ;2;1;2;1;1;1;1;1;2;2;1;1;2;1;2;2;2;2;2;2;2;1;3;4;2; ;1;2;1;4;1;2;1;1;1;3;1;1;01;73;07;73;281,712658425477
4668304;1;2;1;1;1;1;1;1;3;4; ; ; ;300000; ;1;1;1;1;1;1;1;2;2;2;1;2;2;2;2;2;2;2;2;2;2;1;1;2;2; ;1;2;1;4;1;3;1;1;1;3;1;1;01;73;07;73;249,562895331605
4668305;1;4;2;1;1;1;1;1;3;1; ; ;250000000;600000; ;1;1;1;1;1;1;1;2;2;2;1;1;1;1;2;2;2;2;1;2;2;1;2;3;2; ;1;2;1;4;1;2;1;1;1;3;1;1;01;73;07;73;279,229285826074
4668306;1;4;1;1;1;1;1;1;4;1; ; ;140000000;600000; ;1;1;2;1;1;1;1;2;2;2;1;2;1;2;2;2;2;2;2;2;2;1;1;1;2; ;1;2;1;4;1;2;2;1;1;3;1;1;01;73;07;73;231,380335153257
4668307;1;4;2;1;1;1;1;1;3;3; ; ; ; ;700000;1;1;1;1;1;1;1;2;2;2;1;1;1;2;2;2;1;1;2;2;2;1;1;2;2; ;1;2;1;4;1;2;1;1;1;3;1;1;01;73;07;73;244,86991800148
4668308;1;4;3;1;1;1;1;1;4;1; ; ;100000000;600000; ;2;1;1;1;1;1;1;2;1;2;1;2;1;1;2;2;2;2;2;1;2;1;3;5;2; ;1;2;1;4;1;3;2;1;1;3;1;1;01;73;07;73;353,353334095678
4668309;1;3;2;1;1;1;1;1;3;3; ; ; ; ;550000;2;2;2;1;1;1;1;2;2;2;1;1;1;2;2;2;2;2;2;2;2;1;1;2;2; ;1;2;1;4;1;2;1;1;1;3;1;1;01;73;07;73;210,65384259226
4668310;1;3;2;1;1;1;1;1;3;3; ; ; ; ;350000;2;2;1;2;1;1;1;1;1;2;1;2;1;2;2;2;2;2;2;2;2;1;3;3;2; ;1;2;1;2;1;2;1;1;1;3;1;1;01;73;07;73;229,779533515071
4668311;1;3;2;1;1;1;1;1;3;1; ; ;98;400000; ;2;2;2;2;1;1;1;2;2;2;2;2;1;2;2;2;2;2;2;2;2;1;2;2;2; ;1;2;1;2;1;2;1;1;1;3;1;1;01;73;07;73;208,531740900336
4668313;1;3;2;1;1;1;1;1;3;3; ; ; ; ;200000;2;2;2;2;1;1;1;2;2;2;1;2;2;2;2;2;2;2;2;2;2;2; ;3;1;1;1;2;1;4;1;2;1;1;1;3;1;1;01;73;07;73;380,151115309263
4668314;1;3;2;1;1;1;1;1;3;3; ; ; ; ;450000;1;1;1;1;1;1;1;2;2;2;1;2;1;1;2;2;2;2;1;2;2;1;2;2;2; ;1;2;1;4;1;3;1;1;1;3;1;1;01;73;07;73;224,708548546583
4668315;1;4;3;1;1;1;1;1;3;1; ; ;80000000;350000; ;1;1;1;1;1;1;1;2;2;2;1;2;1;2;2;2;2;2;1;2;2;1;4;5;2; ;1;2;1;4;1;2;1;1;1;3;1;1;01;73;07;73;295,433036727874
4668316;1;3;2;1;1;1;1;1;3;3; ; ; ; ;400000;2;1;2;1;1;1;1;2;2;2;1;1;1;2;2;2;2;2;2;2;2;1;3;3;2; ;1;2;1;4;1;3;1;1;1;3;1;1;01;73;07;73;242,891108724931
4668317;1;5;2;1;1;1;1;1;3;1; ; ;98;98; ;1;1;2;1;1;1;1;2;2;1;1;2;1;1;2;2;1;2;2;1;1;1;3;3;2; ;1;1;1;4;1;3;1;1;1;3;1;2;01;73;07;73;269,867557201877
4668318;1;3;2;1;1;1;1;1;3;1; ; ;200000000;1200000; ;1;1;1;1;1;1;1;2;2;2;1;1;1;1;2;2;2;2;2;2;2;1;3;3;2; ;1;2;1;4;1;3;1;1;1;3;1;1;01;73;07;73;231,901635206994
4668319;1;3;2;1;1;1;1;1;3;3; ; ; ; ;500000;2;1;2;1;1;1;1;2;2;2;1;1;1;2;2;2;2;1;1;2;2;1;2;4;2; ;1;2;1;4;1;3;1;1;1;3;1;1;01;73;07;73;236,354309395181
4668320;1;5;2;1;1;1;1;1;4;1; ; ;250000000;1000000; ;1;1;1;1;1;1;1;1;1;2;1;2;2;1;2;2;1;2;2;1;2;1;2;2;2; ;1;1;1;4;1;5;2;1;1;3;1;1;01;73;07;73;190,149840346986
4668321;1;3;1;1;1;1;1;1;3;3; ; ; ; ;476000;1;1;2;1;1;1;1;1;2;2;1;2;1;2;1;2;2;2;2;1;2;1;1;1;2; ;1;2;1;4;1;4;1;1;1;3;1;1;01;73;07;73;231,380335153257
4668322;1;3;2;1;1;1;1;1;3;3; ; ; ; ;480000;2;1;1;1;1;1;1;1;2;2;1;1;2;1;2;2;2;1;1;2;2;1;4;4;2; ;1;2;1;2;1;3;1;1;1;3;1;1;01;73;07;73;330,46105985632
4668323;1;3;1;1;1;1;1;1;3;1; ; ;98;800000; ;1;1;1;1;1;1;1;1;2;1;1;2;1;1;2;2;2;2;2;1;2;1;2;2;2; ;1;2;1;4;1;4;1;1;1;3;1;1;01;73;07;73;265,739702977852
4668324;1;4;3;1;1;1;1;1;3;1; ; ;450000000;1500000; ;1;1;1;1;1;1;1;1;1;1;1;2;1;1;2;2;1;2;2;1;2;1;3;3;2; ;1;1;1;4;1;6;1;1;1;3;1;1;01;73;07;73;148,919345540716
4668325;1;4;2;1;1;1;1;1;3;1; ; ;180000000;800000; ;1;1;1;1;1;1;1;2;2;2;1;2;1;1;2;2;2;2;2;1;2;1;2;3;2; ;1;1;1;4;1;3;1;1;1;3;1;2;01;73;07;73;245,013210416855
4668326;1;3;1;1;1;1;1;1;3;1; ; ;98;2000000; ;1;1;1;1;1;1;1;1;1;1;1;2;1;1;1;1;1;2;2;1;2;1;2;2;2; ;1;1;1;4;1;4;1;1;1;3;1;1;01;73;07;73;249,562895331605
4668327;1;6;4;1;1;1;1;1;3;1; ; ;300000000;1500000; ;1;1;1;1;1;1;1;1;1;1;1;1;1;1;1;2;1;1;2;1;2;1;4;5;2; ;1;1;1;4;1;5;1;1;1;3;1;1;01;73;07;73;182,713590259211
4668328;1;3;1;1;1;1;1;1;4;1; ; ;190000000;1200000; ;1;1;1;1;1;1;1;1;2;2;1;2;2;1;2;2;1;1;2;1;2;1;2;2;2; ;1;2;1;4;1;4;2;1;1;3;1;1;01;73;07;73;208,531740900336
4668330;1;4;1;1;1;1;1;1;3;1; ; ;100000000;250000; ;1;1;1;1;1;1;1;2;2;2;1;2;1;1;2;2;2;2;2;2;2;1;1;2;1;1;1;2;1;4;1;2;1;1;1;3;1;1;01;73;07;73;244,86991800148
4668331;1;4;3;1;1;1;1;1;3;1; ; ;120000000;400000; ;2;2;2;1;1;1;1;2;2;2;1;2;1;2;2;2;1;2;1;1;2;1;3;5;2; ;1;1;1;4;1;2;1;1;1;3;1;1;01;73;07;73;222,908406533395
4668332;1;2;1;1;2;1;1;1;3;3; ; ; ; ;250000;2;1;2;2;1;1;1;2;2;2;1;2;2;2;2;2;2;2;2;2;2;1;2;2;2; ;1;4;1;1;1;2;1;1;1;3;1;1;01;73;07;73;249,562895331605
4668333;1;3;1;1;1;1;1;1;3;1; ; ;70000000;380000; ;2;1;2;1;1;1;1;1;2;2;1;2;1;2;2;2;2;2;2;2;2;1;2;2;2; ;1;2;1;4;1;2;1;1;1;3;1;2;01;73;07;73;249,562895331605
4668334;1;2;2;1;1;1;1;1;3;3; ; ; ; ;300000;2;1;2;1;1;1;1;2;2;2;1;1;1;2;2;2;2;1;2;2;2;1;4;7;2; ;1;4;1;2;1;2;1;1;1;3;1;1;01;73;07;73;361,632843915927
4668335;1;3;2;1;1;1;1;1;3;4; ; ; ;450000; ;1;1;1;1;1;1;1;2;2;2;1;1;1;2;2;2;2;1;1;2;2;1;3;3;2; ;1;1;5;4;1;2;1;1;1;3;1;1;01;73;07;73;245,956341161317
4668336;1;3;2;1;1;1;10;1;3;3; ; ; ; ;350000;1;1;2;1;1;1;1;1;2;2;1;2;1;2;2;2;2;2;2;2;2;1;3;3;2; ;1;2;1;2;1;2;1;1;1;3;1;1;01;73;07;73;245,013210416855
4668337;1;3;2;1;1;1;1;1;3;3; ; ; ; ;380000;2;1;2;2;2;1;1;2;2;2;1;1;2;2;2;2;2;1;2;2;2;1;3;8;2; ;1;2;1;4;1;2;1;1;1;3;1;1;01;73;07;73;479,410507275688
4668338;1;2;2;1;1;1;1;1;3;3; ; ; ; ;360000;2;1;1;2;1;1;1;2;2;2;1;2;2;1;2;2;1;2;2;2;2;1;2;2;2; ;1;2;1;4;1;2;1;1;1;3;1;1;01;73;07;73;136,305414979764
4668339;1;4;3;1;1;1;1;1;3;1; ; ;50000000;350000; ;2;1;2;1;1;1;1;1;2;2;1;1;1;2;2;2;2;2;2;2;2;1;2;3;2; ;1;1;1;2;1;2;1;1;1;3;1;1;01;73;07;73;208,332400525335
4668340;1;4;3;1;1;1;1;1;3;3; ; ; ; ;550000;2;2;2;1;1;1;1;2;2;2;1;1;1;2;2;2;2;2;1;2;2;1;3;3;2; ;1;2;1;4;1;2;1;1;1;3;1;1;01;73;07;73;183,478053740312
4668341;1;4;1;1;1;1;1;1;3;3; ; ; ; ;500000;1;1;1;1;1;1;1;1;2;2;1;2;2;1;2;2;2;2;2;2;2;1;2;2;2; ;1;1;1;4;1;2;1;1;1;3;1;2;01;73;07;73;224,708548546583
4668342;1;4;3;1;1;1;1;1;3;1; ; ;150000000;600000; ;1;1;1;1;1;1;1;1;2;2;1;1;1;1;2;2;1;1;2;2;2;1;3;3;2; ;1;1;1;4;1;2;1;1;1;3;1;1;01;73;07;73;229,779533515071
4668343;1;10;4;1;1;1;1;1;3;1; ; ;100000000;1000000; ;1;1;1;1;1;1;1;1;1;1;1;1;1;1;1;1;1;1;2;2;2;1;4;5;2; ;1;1;1;4;1;2;1;1;1;3;1;1;01;73;07;73;256,181351198152
4668344;1;4;1;1;1;1;1;1;3;3; ; ; ; ;400000;2;1;1;2;1;1;1;2;2;2;1;2;1;2;2;2;2;1;2;2;2;1;2;2;2; ;1;1;1;4;1;2;1;1;1;3;1;1;01;73;07;73;249,562895331605
4668345;1;4;3;1;1;1;1;1;3;3; ; ; ; ;390000;1;2;1;1;1;1;1;1;2;2;1;1;1;1;2;2;2;1;1;2;2;1;4;5;2; ;1;1;1;4;1;2;1;1;1;3;1;1;01;73;07;73;321,724871055544
4668346;1;4;2;1;1;1;1;1;3;3; ; ; ; ;360000;2;1;1;1;1;1;1;1;2;2;1;1;2;1;2;2;2;2;2;2;2;1;1;2;2; ;1;2;1;4;1;2;1;1;1;3;1;1;01;73;07;73;243,225436376856
4668347;1;4;2;1;1;1;1;1;3;1; ; ;75000000;500000; ;2;1;1;1;1;1;1;2;2;2;1;1;1;2;2;2;2;1;2;2;2;1;3;4;2; ;1;2;1;4;1;2;1;1;1;3;1;1;01;73;07;73;338,920620502993
4668348;1;5;2;1;1;1;1;1;3;3; ; ; ; ;500000;2;1;1;1;1;1;1;2;2;2;1;2;2;1;2;2;2;2;2;2;2;1;1;3;2; ;1;1;1;4;1;2;1;1;1;3;1;1;01;73;07;73;170,366478530452
4668349;1;4;3;1;1;1;1;1;3;1; ; ;120000000;400000; ;1;1;1;1;1;1;1;2;2;2;1;2;2;1;2;2;2;2;2;2;2;1;2;4;2; ;1;1;1;2;1;2;1;1;1;3;1;1;01;73;07;73;237,998791019804
4668350;1;3;2;1;1;1;1;1;3;3; ; ; ; ;380000;1;1;1;1;1;1;1;2;2;2;1;2;1;2;2;2;1;2;1;2;2;1;2;6;2; ;1;2;1;2;1;2;1;1;1;3;1;1;01;73;07;73;407,87407137517
4668351;1;4;3;1;1;1;1;1;3;3; ; ; ; ;400000;2;1;2;1;1;1;1;1;2;2;1;1;1;2;2;2;1;1;2;2;2;1;4;9;2; ;1;2;1;4;1;2;1;1;1;3;1;1;01;73;07;73;348,725276571465
4668352;1;9;4;1;1;1;1;1;3;2; ;160000;98;98; ;1;1;1;1;1;1;1;1;2;2;1;2;2;1;2;2;2;1;1;2;2;1;3;4;1;3;1;1;1;4;1;2;1;1;1;3;1;2;01;73;07;73;287,365503230949
4668353;1;4;3;1;1;1;1;1;3;3; ; ; ; ;470000;2;2;2;1;1;1;1;2;2;2;1;1;1;2;2;2;1;2;1;2;2;1;2;5;2; ;1;2;1;4;1;2;1;1;1;3;1;1;01;73;07;73;320,781740311081
4668354;1;4;2;1;1;1;1;1;3;3; ; ; ; ;450000;1;1;1;1;1;1;1;1;2;2;1;2;2;1;2;2;1;2;1;2;2;1;2;3;2; ;1;1;1;4;1;2;1;1;1;3;1;1;01;73;07;73;380,151115309263
4668355;1;4;3;1;1;1;1;1;3;3; ; ; ; ;450000;1;1;1;1;1;1;1;1;2;2;1;1;1;1;2;2;2;2;1;2;2;1;3;4;2; ;1;2;1;4;1;2;1;1;1;3;1;2;01;73;07;73;266,261003031589
4668356;1;3;2;1;1;1;1;1;3;1; ; ;98;550000; ;1;1;2;1;1;1;1;1;2;2;1;1;1;2;2;2;2;2;1;2;2;1;1;2;2; ;1;2;1;4;1;2;1;1;1;3;1;1;01;73;07;73;208,531740900336
4668357;1;3;2;1;1;1;1;1;3;1; ; ;50000000;450000; ;2;1;2;1;1;1;1;2;2;2;1;1;1;2;2;2;2;1;1;2;2;1;1;4;2; ;1;1;1;2;1;2;1;1;1;3;1;1;01;73;07;73;299,533947696347
4668358;1;2;1;1;1;1;1;1;3;1; ; ;98;300000; ;2;2;2;1;1;1;1;2;2;2;1;1;2;2;2;2;2;2;2;2;2;2; ;1;2; ;1;1;1;2;1;2;1;1;1;3;1;1;01;73;07;73;290,793390137876
4668359;1;2;1;1;1;1;1;1;3;5; ; ; ;150000; ;2;2;2;2;1;1;1;2;2;2;1;2;2;2;2;2;2;2;2;2;2;1;1;1;2; ;1;1;1;2;1;2;1;1;1;3;1;2;01;73;07;73;231,380335153257
4668360;1;2;2;1;1;1;1;1;3;3; ; ; ; ;200000;2;2;2;2;1;2;1;2;2;2;1;2;2;2;2;2;2;2;2;2;2;1;3;9;2; ;1;2;1;2;1;2;1;1;1;3;1;1;01;73;07;73;354,053301412776
4668363;1;4;3;1;1;1;1;1;3;1; ; ;70000000;400000; ;1;1;1;1;1;1;1;1;2;2;1;2;2;2;2;2;2;2;1;2;2;1;5;6;2; ;1;2;1;4;1;2;1;1;1;3;1;1;01;73;07;73;273,444582004236
4668364;1;3;2;1;1;1;1;1;3;3; ; ; ; ;400000;1;1;1;2;1;1;1;2;2;2;1;1;2;2;2;2;1;2;1;2;2;1;2;3;1;1;1;2;1;4;1;2;1;1;1;3;1;1;01;73;07;73;381,795596933886
4668365;1;1;1;1;1;1;1;6; ;4; ; ; ;200000; ;2;2;1;1;2;2;2;2;2;2;1;1;1;1;2;2;1;2;1;2;2;1;1;1;2; ;1;2;1;4;1;2;2;1;1;3;1;1;01;73;07;73;306,970197784122
4668366;1;2;1;1;1;1;1;1;3;4; ; ; ;400000; ;1;1;1;1;1;1;1;2;2;2;1;2;2;1;2;2;2;2;2;1;2;1;1;1;2; ;1;2;1;4;1;2;1;1;1;3;1;1;01;73;07;73;306,970197784122
4668367;1;3;2;1;1;1;1;1;3;4; ; ; ;300000; ;2;1;1;2;1;1;1;1;2;2;1;2;1;2;2;2;2;2;1;2;2;1;2;3;2; ;1;1;1;4;1;2;1;1;1;2;1;1;01;73;07;73;263,530098247129
4668368;1;3;2;1;1;1;1;1;3;3; ; ; ; ;420000;2;1;2;1;1;1;1;2;1;2;1;1;1;1;2;2;1;2;1;2;2;1;3;3;2; ;1;2;1;4;1;2;1;1;1;3;1;1;01;73;07;73;231,901635206994
4668369;1;1;1;1;1;1;1;6; ;3; ; ; ; ;360000;2;2;2;2;2;2;1;2;2;2;2;2;2;2;2;2;2;2;1;1;2;1;1;1;2; ;1;2;1;4;1;1;1;1;1;3;1;1;01;73;07;73;306,970197784122
4668370;1;1;1;1;1;1;1;1;3;3; ; ; ; ;220000;2;1;2;2;2;2;2;2;2;2;1;2;2;2;2;2;1;2;2;2;2;1;1;1;2; ;1;2;1;4;1;2;1;1;1;3;1;2;01;73;07;73;306,970197784122
4668371;1;3;2;1;1;1;1;1;3;1; ; ;98;500000; ;1;1;1;1;1;1;1;2;2;2;1;2;1;2;2;2;2;1;2;2;2;1;5;5;2; ;1;2;1;4;1;2;1;1;1;3;1;1;01;73;07;73;285,3866939544
4668372;1;3;2;1;1;1;1;1;3;4; ; ; ;350000; ;2;2;1;1;1;1;1;2;2;2;1;2;1;1;2;2;2;1;2;2;2;1;1;3;1;1;1;1;1;4;1;2;1;1;1;3;1;2;01;73;07;73;297,746173656348
4668375;1;3;2;1;1;1;1;1;3;1; ; ;500000000;400000; ;1;1;1;1;1;1;1;1;2;2;1;2;2;1;2;2;2;1;1;1;2;1;2;3;2; ;1;2;1;2;1;3;1;1;1;3;1;1;01;73;07;73;242,891108724931
4668376;1;2;1;1;2;1;1;1;3;3; ; ; ; ;475000;2;1;2;1;1;1;1;2;2;2;1;2;1;2;2;2;2;2;2;2;2;1;2;2;2; ;1;2;1;4;1;2;1;1;1;3;1;1;01;73;07;73;281,712658425477
4668376;2;1;1;1;2;1;1;6; ;3; ; ; ; ;220000;2;2;1;2;2;2;2;2;2;2;1;1;2;1;2;2;1;2;2;2;2;1;1;2;2; ;2;2;1;4;1;2;1;1;1;3;1;1;01;73;07;73;281,712658425477
4668377;1;3;2;1;2;1;1;1;3;3; ; ; ; ;350000;1;1;1;1;1;1;1;2;2;2;1;2;1;1;2;2;1;2;2;2;2;1;4;4;2; ;1;4;1;2;1;2;1;1;1;3;1;1;01;73;07;73;188,5490387088
4668378;1;3;2;1;1;1;1;1;3;1; ; ;50000000;400000; ;2;1;2;1;1;1;1;1;2;2;1;2;1;2;2;2;1;2;2;2;2;1;2;2;2; ;1;2;1;4;1;2;1;1;1;3;1;1;01;73;07;73;249,562895331605
4668379;1;3;2;1;1;1;1;1;3;1; ; ;60000000;400000; ;1;1;2;1;1;1;1;2;2;2;1;1;2;2;2;2;1;2;2;2;2;1;2;2;2; ;1;1;1;4;1;2;1;1;1;3;1;2;01;73;07;73;265,739702977852
4668380;1;4;3;1;1;1;1;1;3;3; ; ; ; ;450000;2;1;2;1;1;1;1;1;2;2;1;2;1;2;2;2;2;2;2;1;1;1;3;4;2; ;1;1;1;4;1;2;1;1;1;3;1;2;01;73;07;73;237,998791019804
4668381;1;4;1;1;1;1;1;1;3;1; ; ;73000000;500000; ;1;1;1;1;1;1;1;2;2;2;1;2;2;1;2;2;2;2;1;2;2;1;2;2;2; ;1;2;1;4;1;2;1;1;1;3;1;2;01;73;07;73;267,745455509953
4668381;2;2;1;1;1;1;1;6; ;3; ; ; ; ;180000;2;2;2;2;2;2;2;2;2;2;1;2;2;2;2;2;2;2;1;2;2;1;1;1;2; ;2;2;1;4;1;2;1;1;1;3;1;2;01;73;07;73;267,745455509953
4668383;1;3;1;1;1;1;1;1;3;3; ; ; ; ;420000;2;1;2;2;1;1;1;2;2;2;1;2;1;2;2;2;2;2;2;2;2;1;1;2;2; ;1;2;1;4;1;2;1;1;1;3;1;2;01;73;07;73;249,562895331605
4668384;1;3;2;1;1;1;1;1;3;3; ; ; ; ;380000;2;1;2;1;1;1;1;1;2;2;1;1;1;2;2;2;1;1;1;2;2;1;3;4;2; ;1;2;1;4;1;2;1;1;1;3;1;1;01;73;07;73;298,832596816186
4668385;1;3;2;1;1;1;1;1;3;3; ; ; ; ;350000;2;1;2;1;1;1;1;2;2;2;1;2;1;2;2;2;2;2;2;2;2;1;1;2;2; ;1;4;1;2;1;2;1;1;1;3;1;1;01;73;07;73;210,65384259226
4668386;1;3;2;1;1;1;1;1;3;3; ; ; ; ;350000;2;1;1;1;1;1;1;2;2;2;1;1;1;2;2;2;1;2;2;2;2;1;6;7;2; ;1;1;1;4;1;2;1;1;1;3;1;1;01;73;07;73;387,188541581111
4668387;1;3;2;1;1;1;1;1;3;3; ; ; ; ;400000;2;2;2;1;1;1;1;2;2;2;1;1;1;1;2;2;2;2;1;2;2;1;2;4;2; ;1;2;1;4;1;2;1;1;1;3;1;2;01;73;07;73;332,105541480943
4668388;1;3;2;1;1;1;1;3;3;3; ; ; ; ;200000;1;2;1;1;1;1;1;1;2;2;1;2;1;1;2;2;1;1;1;2;2;1;3;4;2; ;1;2;1;2;1;2;1;1;1;3;1;1;01;73;07;73;267,204133776052
4668389;1;3;2;1;1;1;1;1;3;3; ; ; ; ;350000;2;2;1;2;1;1;1;1;1;2;2;2;2;1;2;2;2;1;1;2;2;1;3;4;2; ;1;2;1;4;1;2;1;1;1;3;1;2;01;73;07;73;285,721021606326
4668391;1;1;1;1;2;1;1;1;3;3; ; ; ; ;150000;2;2;2;2;1;1;1;2;2;2;1;2;2;2;2;2;2;2;2;2;2;1;1;1;2; ;1;4;1;2;1;2;1;1;1;3;1;1;01;73;07;73;231,380335153257
4668394;1;5;1;1;1;1;1;1;3;4; ; ; ;2000000; ;1;1;1;1;1;1;1;1;1;1;1;2;2;1;2;2;1;2;2;1;2;1;1;1;2; ;1;2;1;4;1;5;1;1;1;3;1;1;01;73;07;73;231,380335153257
4668395;1;5;4;1;1;1;1;1;3;1; ; ;160000000;800000; ;1;1;1;1;1;1;1;1;1;2;1;1;1;1;2;2;1;2;2;1;2;1;3;4;2; ;1;1;1;4;1;2;1;1;1;3;1;1;01;73;07;73;136,305414979764
4668396;1;4;1;1;1;1;1;1;4;1; ; ;250000000;800000; ;1;1;1;1;1;1;1;2;2;2;1;2;1;1;2;2;2;2;2;1;2;1;2;2;2; ;1;2;1;4;1;5;2;1;1;3;1;1;01;73;07;73;208,531740900336
4668397;1;4;1;1;1;1;1;1;4;3; ; ; ; ;700000;1;1;1;1;1;1;1;1;2;1;1;2;1;2;2;2;2;2;2;2;2;1;1;1;2; ;1;2;1;4;1;5;2;1;1;3;1;1;01;73;07;73;231,380335153257
4668399;1;2;1;1;1;1;1;1;3;4; ; ; ;200000; ;2;1;2;2;1;1;1;2;2;2;1;2;1;2;2;2;2;2;2;2;2;1;1;2;2; ;1;2;1;2;1;2;1;1;1;3;1;1;01;73;07;73;249,562895331605
4668400;1;4;3;1;1;1;1;1;3;4; ; ; ;200000; ;2;2;1;1;1;1;1;2;2;2;1;2;1;1;2;2;2;2;1;2;2;1;1;5;2; ;1;2;1;2;1;2;1;1;1;2;1;1;01;73;07;73;319,838609566619
4668401;1;3;2;1;1;1;1;1;3;3; ; ; ; ;370000;2;1;2;1;1;1;1;2;2;2;1;1;1;2;2;2;1;1;2;2;2;1;2;4;2; ;1;2;1;4;1;2;1;1;1;2;1;1;01;73;07;73;332,105541480943
4668402;1;4;3;1;1;1;1;1;3;1; ; ;40000000;400000; ;2;1;1;1;1;1;1;1;2;2;1;2;1;1;2;2;2;1;2;1;1;1;3;3;2; ;1;1;1;4;1;2;1;1;1;2;1;1;01;73;07;73;242,891108724931
4668403;1;3;2;2;1;1;1;3;3;3; ; ; ; ;350000;1;1;1;2;1;1;1;1;2;2;1;2;1;1;2;2;2;2;2;2;2;1;3;4;2; ;1;2;1;4;1;1;1;2;1;2;1;2;01;73;07;73;249,14106464088
4668404;1;2;1;1;1;1;1;3;3;2; ;334000;20000000;200000; ;2;2;2;2;1;1;1;2;2;2;1;1;1;1;2;2;1;2;2;2;2;1;2;8;2; ;1;1;1;2;1;0;1;1;1;3;1;1;01;73;07;73;446,838913491091
4668405;1;3;1;1;2;1;1;1;3;1; ; ;90000000;400000; ;1;2;1;1;1;1;1;2;2;2;1;2;2;2;2;2;2;2;2;2;2;1;1;1;2; ;1;2;1;4;1;2;1;1;1;3;1;1;01;73;07;73;169,423347785989
4668405;2;1;1;1;2;1;1;1;3;3; ; ; ; ;180000;1;2;1;2;1;1;1;1;2;2;1;1;2;2;2;2;2;2;2;2;2;1;1;2;2; ;2;2;1;4;1;2;1;1;1;3;1;1;01;73;07;73;169,423347785989
4668406;1;3;2;1;1;1;1;1;3;3; ; ; ; ;250000;2;2;2;2;1;2;1;2;2;2;1;2;2;2;2;2;1;1;2;2;2;1;1;5;2; ;1;2;1;4;1;1;1;1;1;3;1;2;01;73;07;73;339,298628141355
4668407;1;3;2;2;1;1;1;3;3;1; ; ;40000000;300000; ;2;1;2;2;1;1;1;2;2;2;1;2;2;2;2;2;2;2;2;2;2;1;1;5;2; ;1;2;1;4;1;1;1;1;1;2;1;2;01;73;07;73;454,498894391726
4668408;1;3;1;1;1;1;1;1;4;3; ; ; ; ;350000;1;1;1;1;1;1;1;2;2;2;1;1;2;2;2;2;1;2;2;2;2;1;2;3;2; ;1;2;1;4;1;1;2;1;1;3;1;1;01;73;07;73;367,039540099403
4668409;1;4;3;1;1;1;1;1;3;3; ; ; ; ;440000;2;1;1;1;1;1;1;1;1;2;1;1;1;1;2;2;1;1;2;2;2;1;2;4;2; ;1;2;1;4;1;2;1;1;1;3;1;1;01;73;07;73;332,105541480943
4668410;1;3;2;1;1;1;1;1;3;3; ; ; ; ;400000;1;1;1;1;1;1;1;1;1;2;1;1;2;1;2;2;2;1;1;2;2;1;2;4;2; ;1;2;1;2;1;2;1;1;1;3;1;1;01;73;07;73;318,993966271083
4668411;1;3;1;1;1;1;1;3;3;3; ; ; ; ;200000;2;2;2;2;1;2;1;2;2;2;1;2;1;2;2;2;2;2;2;2;2;1;2;2;2; ;1;2;1;2;1;2;1;1;1;3;1;2;01;73;07;73;327,274859654395
4668412;1;3;2;1;1;1;1;3;3;3; ; ; ; ;280000;2;1;1;1;1;1;1;2;2;2;1;2;2;2;2;2;2;1;2;2;2;1;2;3;2; ;1;2;1;4;1;1;1;1;1;3;1;1;01;73;07;73;245,013210416855
4668413;1;2;1;1;1;1;1;1;3;3; ; ; ; ;330000;2;1;1;1;1;1;1;2;2;2;1;2;1;1;2;2;2;2;1;2;2;1;3;4;2; ;1;2;1;4;1;2;1;1;1;3;1;1;01;73;07;73;300,477078440809
4668414;1;2;2;1;1;1;1;1;3;3; ; ; ; ;300000;2;1;2;1;1;1;1;2;2;2;1;2;1;2;2;2;2;2;2;2;2;1;1;4;2; ;1;2;1;4;1;1;1;1;1;3;1;1;01;73;07;73;300,477078440809
4668415;1;4;3;1;1;1;1;1;3;1; ; ;98;300000; ;1;2;1;2;1;1;1;2;2;2;1;1;1;2;2;2;2;1;2;2;2;1;4;5;2; ;1;1;1;2;1;1;1;1;1;3;1;1;01;73;07;73;316,072026250072
4668416;1;3;2;2;1;1;1;3;3;3; ; ; ; ;250000;2;1;1;2;1;1;1;2;2;2;1;2;2;2;2;2;2;1;2;2;2;1;2;3;2; ;1;2;1;4;1;1;1;2;1;3;1;1;01;73;07;73;167,301246094065
4668417;1;2;2;1;1;1;1;2;3;1; ; ;50000000;250000; ;1;2;1;1;1;1;1;2;2;2;1;2;2;1;2;2;1;1;2;2;2;1;4;4;2; ;1;1;1;4;1;0;1;1;1;3;1;1;01;73;07;73;299,533947696347
4668418;1;3;2;1;1;1;1;1;3;3; ; ; ; ;340000;2;2;2;1;1;2;1;2;2;2;1;2;1;2;2;2;2;1;2;2;2;1;2;2;2; ;1;2;1;4;1;1;1;1;1;3;1;1;01;73;07;73;210,65384259226
4668419;1;3;1;1;1;1;1;1;4;1; ; ;150000000;300000; ;2;1;2;2;1;1;1;2;2;2;1;2;2;2;2;2;2;1;2;2;2;1;1;1;2; ;1;2;1;4;1;1;2;1;1;3;1;2;01;73;07;73;290,793390137876
4668424;1;5;1;1;1;1;1;1;3;1; ; ;140000000;700000; ;2;1;1;1;1;1;1;1;2;2;1;2;1;1;2;2;1;2;2;1;2;1;1;1;1;1;1;2;1;4;1;3;1;1;1;3;1;1;01;73;07;73;190,349180721988
4668425;1;3;2;1;1;1;1;1;3;3; ; ; ; ;380000;2;1;1;1;1;1;1;2;2;2;1;2;1;2;2;2;2;2;2;2;2;1;2;2;2; ;1;2;1;2;1;2;1;1;1;3;1;1;01;73;07;73;136,305414979764
4668427;1;3;1;1;1;1;1;1;3;3; ; ; ; ;400000;2;1;1;1;1;1;1;2;2;2;1;2;1;2;2;2;1;2;1;2;2;1;2;2;2; ;1;1;1;4;1;2;1;1;1;3;1;2;01;73;07;73;327,274859654395
4668429;1;4;1;1;1;1;1;1;3;3; ; ; ; ;600000;1;1;1;1;1;1;1;1;2;2;1;1;1;1;2;2;1;1;1;1;2;1;2;2;2; ;1;2;1;4;1;3;1;1;1;3;1;1;01;73;07;73;224,708548546583
4668431;1;2;1;1;1;1;1;6; ;4; ; ; ;300000; ;2;1;1;2;1;1;2;2;2;2;1;2;2;1;2;2;2;2;2;2;2;1;3;3;2; ;1;1;1;4;1;2;2;1;1;3;1;1;01;73;07;73;335,411077059269
4668432;1;3;1;1;1;1;1;1;3;1; ; ;120000000;400000; ;2;1;2;1;1;1;1;2;2;2;1;2;1;2;2;2;1;2;2;2;2;1;1;1;2; ;1;2;1;4;1;2;1;1;1;3;1;1;01;73;07;73;231,380335153257
4668433;1;2;1;1;1;1;1;3;3;3; ; ; ; ;390000;2;2;2;2;1;1;1;2;2;2;1;2;2;2;2;2;2;2;2;2;2;1;1;1;2; ;1;1;1;4;1;2;1;1;1;3;1;1;01;73;07;73;292,9154918298
4668435;1;2;1;1;1;1;1;1;3;3; ; ; ; ;380000;2;1;1;2;1;1;1;2;2;2;1;1;2;2;2;2;2;2;2;2;2;1;2;3;2; ;1;2;1;4;1;2;1;1;1;3;1;1;01;73;07;73;380,151115309263
4668436;1;5;3;1;1;1;10;1;4;3; ; ; ; ;1500000;1;1;1;1;1;1;1;1;1;1;1;1;1;1;1;1;1;2;2;1;2;1;2;4;2; ;1;2;1;4;1;5;2;1;1;3;1;1;01;73;07;73;333,750023105566
4668437;1;4;1;1;1;1;1;1;3;1; ; ;90000000;400000; ;2;1;1;1;1;1;1;1;2;2;1;2;1;1;2;2;1;2;2;1;2;1;1;1;2; ;1;2;1;4;1;2;1;1;1;3;1;1;01;73;07;73;306,970197784122
4668438;1;2;1;1;1;1;1;1;3;1; ; ;75000000;380000; ;2;2;2;2;2;2;1;2;2;2;1;2;2;2;2;2;2;1;2;2;2;1;1;1;2; ;1;2;1;4;1;2;1;1;1;3;1;1;01;73;07;73;290,793390137876
4668439;1;3;2;1;1;1;1;1;3;3; ; ; ; ;480000;1;2;1;1;1;1;1;2;2;2;1;2;1;1;2;2;2;1;2;2;2;1;3;4;2; ;1;2;1;2;1;2;1;1;1;3;1;1;01;73;07;73;332,105541480943
4668440;1;4;2;1;1;1;1;1;3;5; ; ; ;350000; ;2;1;2;2;1;2;1;2;2;2;1;2;1;2;2;2;1;2;1;2;2;1;2;2;2; ;1;2;1;4;1;2;1;1;1;3;1;2;01;73;07;73;325,152757962471
4668441;1;4;3;1;1;1;1;1;4;3; ; ; ; ;700000;2;2;2;1;1;1;1;1;1;2;1;1;2;1;2;2;2;2;1;1;2;1;3;4;2; ;1;2;1;4;1;3;2;1;1;3;1;1;01;73;07;73;297,889466071723
4668442;1;3;1;1;2;1;1;1;4;1; ; ;110000000;500000; ;1;1;2;1;1;1;1;2;1;2;1;1;1;2;1;2;1;2;2;2;2;1;1;1;2; ;1;2;1;4;1;3;2;1;1;3;1;1;01;73;07;73;265,739702977852
4668442;2;2;1;1;2;1;1;6; ;3; ; ; ; ;190000;2;1;2;2;2;2;2;2;2;2;1;2;2;2;2;2;2;2;1;2;2;1;1;1;2; ;2;2;1;4;1;3;2;1;1;3;1;1;01;73;07;73;265,739702977852
4668443;1;3;1;1;1;1;1;3;3;3; ; ; ; ;400000;2;1;2;1;1;1;1;1;1;2;1;2;1;2;2;2;2;2;1;2;2;1;2;2;2; ;1;2;1;4;1;3;1;1;1;3;1;1;01;73;07;73;224,708548546583
4668445;1;4;3;1;1;1;1;1;3;3; ; ; ; ;500000;2;2;2;2;2;2;1;1;2;2;1;2;1;2;2;2;2;2;2;2;2;1;2;5;2; ;1;2;1;4;1;3;1;1;1;3;1;1;01;73;07;73;304,604932664835
4668446;1;4;2;1;1;1;1;1;3;3; ; ; ; ;450000;2;2;2;1;1;1;1;2;2;2;1;1;1;2;2;2;2;2;2;2;2;1;2;3;2; ;1;2;1;2;1;2;1;1;1;3;1;1;01;73;07;73;245,013210416855
4668447;1;3;2;1;1;1;1;1;3;3; ; ; ; ;400000;2;1;2;2;1;1;1;1;2;2;1;2;2;2;2;2;2;2;2;2;2;1;2;4;2; ;1;2;1;4;1;2;1;1;1;3;1;1;01;73;07;73;284,777890861863
4668448;1;3;1;1;1;1;1;1;3;1; ; ;100000000;300000; ;2;1;2;1;1;1;1;2;2;2;1;2;2;2;2;2;2;2;2;2;2;2; ;1;2; ;1;2;1;2;1;2;1;1;1;3;1;1;01;73;07;73;231,380335153257
4668452;1;4;2;1;1;1;1;1;3;1; ; ;170000000;500000; ;1;1;1;1;1;1;1;1;2;2;1;1;2;1;2;2;1;2;2;1;2;1;3;3;2; ;1;1;1;4;1;2;1;1;1;3;1;1;01;73;07;73;167,301246094065
4668453;1;1;1;1;1;1;1;2;3;3; ; ; ; ;250000;2;1;2;2;2;2;1;2;2;2;1;2;2;2;2;2;2;2;2;2;2;1;1;3;2; ;1;2;1;4;1;1;1;1;1;3;1;1;01;73;07;73;264,473228991591
4668454;1;3;1;1;1;1;1;1;3;3; ; ; ; ;350000;2;1;2;2;1;1;1;2;2;2;1;2;2;2;2;2;2;2;1;2;2;1;2;3;2; ;1;2;1;4;1;1;1;1;1;3;1;1;01;73;07;73;279,229285826074
4668455;1;4;1;1;1;1;1;1;3;3; ; ; ; ;900000;1;1;1;1;1;1;1;2;2;2;1;1;2;2;2;2;2;2;2;2;2;1;1;1;2; ;1;2;1;4;1;5;1;1;1;3;1;1;01;73;07;73;231,380335153257
4668456;1;4;3;1;1;1;1;1;3;1; ; ;150000000;400000; ;2;1;2;1;1;1;1;1;2;2;1;2;1;1;2;2;2;2;1;2;2;1;4;4;2; ;1;1;1;2;1;2;1;1;1;3;1;1;01;73;07;73;163,694691923777
4668458;1;5;2;1;1;1;1;1;4;3; ; ; ; ;450000;2;1;2;1;1;1;1;2;2;2;1;2;1;2;2;2;2;2;1;2;2;1;2;3;2; ;1;2;1;4;1;1;2;1;1;3;1;1;01;73;07;73;279,229285826074
4668467;1;1;1;1;1;1;1;6; ;3; ; ; ; ;250000;2;2;2;2;2;2;2;2;2;2;1;1;1;2;2;2;2;2;2;2;2;1;1;1;2; ;1;4;1;4;1;1;2;1;1;3;1;1;01;73;07;73;293,858622574262
4668468;1;6;4;1;1;1;1;1;3;1; ; ;60000000;500000; ;1;1;1;1;1;1;1;2;2;2;1;2;1;1;2;2;2;1;2;2;2;1;3;6;2; ;1;1;1;4;1;2;1;1;1;3;1;1;01;73;07;73;379,995454920699
4668473;1;2;2;1;1;1;1;1;4;5; ; ; ;200000; ;2;1;2;2;1;1;1;2;2;2;1;2;2;2;2;2;2;2;2;2;2;1;1;4;2; ;1;2;1;2;1;1;2;1;1;3;1;1;01;76;07;76;1179,88124115672
4668474;1;6;2;1;1;1;1;1;3;1; ; ;98;800000; ;2;1;1;1;1;1;1;2;2;2;1;2;2;1;2;2;1;1;1;1;2;1;3;3;2; ;1;1;1;4;1;3;1;1;1;3;1;1;01;76;07;76;839,37620436759
4668474;2;1;1;1;1;1;1;6; ;3; ; ; ; ;80000;2;2;2;2;2;2;2;2;2;2;2;2;2;2;2;2;2;1;2;2;2;1;1;1;2; ;2;1;1;4;1;3;1;1;1;3;1;1;01;76;07;76;839,37620436759
4668475;1;4;2;3;1;1;1;1;3;1; ; ;98;500000; ;1;1;2;1;1;1;1;2;2;2;1;2;1;2;2;2;2;2;2;2;2;1;2;3;2; ;1;2;1;4;1;1;1;2;1;3;1;1;01;76;07;76;971,327923012853
4668476;1;3;2;1;1;1;1;1;3;3; ; ; ; ;400000;2;1;1;2;1;1;1;2;2;2;1;1;1;1;2;2;1;2;1;2;2;1;3;3;2; ;1;2;1;2;1;2;1;1;1;3;1;2;01;76;07;76;946,663744312926
4668477;1;5;3;1;1;1;1;1;3;3; ; ; ; ;300000;1;1;1;1;1;1;1;1;2;1;1;2;2;1;1;2;1;1;2;1;2;1;3;4;2; ;1;1;1;4;1;3;1;1;1;7;1;1;01;76;07;76;966,405936449093
4668478;1;2;1;1;2;1;1;1;4;3; ; ; ; ;210000;1;1;1;2;1;1;1;1;1;2;1;2;2;1;2;2;1;2;2;2;2;1;2;2;2; ;1;1;1;4;1;3;1;1;1;3;1;1;01;76;07;76;953,315471718707
4668478;2;1;1;1;2;1;1;1;3;3; ; ; ; ;200000;1;1;1;2;1;1;1;1;1;2;1;2;2;2;2;2;2;2;2;2;2;1;1;2;2; ;2;1;1;4;1;3;1;1;1;3;1;1;01;76;07;76;953,315471718707
4668479;1;1;1;1;1;1;1;1;4;4; ; ; ;120000; ;2;2;2;2;2;1;1;2;2;2;2;2;2;2;2;2;2;2;2;2;2;1;1;3;2; ;1;2;1;3;1;1;2;1;1;3;1;1;01;76;07;76;700,776644030633
4668480;1;4;3;1;1;1;1;1;3;3; ; ; ; ;500000;1;1;1;1;1;1;1;1;2;2;1;2;2;1;2;2;1;1;2;2;2;1;3;4;2; ;1;1;1;4;1;3;1;1;1;6;1;1;01;76;07;76;1198,75076600549
4668481;1;3;2;1;1;1;1;1;3;1; ; ;99;200000; ;2;1;1;1;1;1;1;1;1;2;1;1;1;2;2;2;1;2;1;2;2;1;4;4;2; ;1;1;1;2;1;2;1;1;1;3;1;2;01;76;07;76;1109,92748334981
4668482;1;1;1;3;1;1;1;2;4;3; ; ; ; ;180000;2;1;2;2;1;1;1;2;2;2;1;1;1;1;2;2;1;2;2;2;2;1;2;2;2; ;1;2;1;4;1;1;2;2;1;3;1;1;01;76;07;76;1135,62764593935
4668483;1;3;3;3;1;1;1;1;3;1; ; ;98;550000; ;1;1;1;1;1;1;1;2;2;2;1;2;2;2;2;2;2;2;2;2;2;1;2;3;2; ;1;2;1;4;1;1;1;2;1;3;1;1;01;76;07;76;704,844459819041
4668484;1;4;2;1;1;1;1;1;4;3; ; ; ; ;250000;2;1;2;2;2;1;1;2;2;2;1;1;2;2;2;2;2;2;2;2;2;1;2;4;2; ;1;2;1;4;1;1;2;1;1;3;1;1;01;76;07;76;1424,41607431557
4668485;1;4;3;1;1;1;1;1;3;3; ; ; ; ;320000;2;1;1;1;1;1;1;2;2;2;1;1;1;1;2;2;2;2;1;2;2;1;5;5;2; ;1;1;1;4;1;1;1;1;1;3;1;1;01;76;07;76;1343,1449801936
4668486;1;6;4;1;1;1;1;1;3;1; ; ;180000000;600000; ;1;1;1;1;1;1;1;1;2;2;1;2;1;2;2;2;1;2;1;2;2;1;2;4;2; ;1;1;1;4;1;3;1;1;1;3;1;1;01;76;07;76;892,772377555853
4668487;1;4;3;1;1;1;1;1;3;1; ; ;40000000;400000; ;1;1;1;1;1;1;1;1;2;2;1;2;1;2;2;2;2;2;1;2;2;1;2;3;2; ;1;2;1;4;1;2;1;1;1;3;1;2;01;76;07;76;974,943932805753
4668488;1;3;2;1;1;1;1;1;3;3; ; ; ; ;200000;2;1;2;1;1;1;1;2;2;2;1;1;1;2;2;2;2;2;2;2;2;1;2;2;2; ;1;2;1;4;1;1;1;1;1;3;1;1;01;76;07;76;840,412188257205
4668489;1;3;2;1;1;1;1;1;3;1; ; ;60000000;200000; ;2;2;2;1;1;1;1;2;2;2;1;2;2;2;2;2;2;1;2;2;2;1;4;7;2; ;1;1;1;2;1;1;1;1;1;3;1;2;01;76;07;76;1030,73956243803
4668491;1;3;2;1;1;1;1;3;3;3; ; ; ; ;600000;1;1;1;1;1;1;1;1;1;2;1;1;1;1;2;1;1;1;2;2;2;1;2;3;2; ;1;2;1;4;1;3;1;1;1;3;1;1;01;76;07;76;1009,47058114524
4668492;1;4;2;1;1;1;1;1;3;4; ; ; ;200000; ;2;2;2;2;2;2;1;2;2;2;1;2;2;2;2;2;2;2;2;2;2;1;1;3;2; ;1;1;1;2;1;2;1;1;1;3;1;1;01;76;07;76;1041,34547211319
4668493;1;3;1;1;1;1;1;3;3;3; ; ; ; ;600000;1;1;1;1;1;1;1;1;2;2;1;2;2;2;2;2;2;2;2;2;2;2; ;1;2; ;1;2;1;4;1;3;1;1;1;3;1;1;01;76;07;76;915,351723921305
4668494;1;6;2;1;1;1;1;1;3;4; ; ; ;700000; ;2;1;1;1;1;1;1;1;1;2;1;2;2;1;1;2;1;1;2;1;2;1;2;3;2; ;1;2;1;4;1;3;1;1;1;3;1;1;01;76;07;76;1098,35765509436
4668495;1;5;4;1;1;1;1;1;3;1; ; ;98;300000; ;1;1;2;1;1;1;1;2;2;2;1;2;2;2;2;2;1;1;2;2;2;1;2;5;2; ;1;1;1;4;1;1;1;1;1;3;1;1;01;76;07;76;983,770418555699
4668496;1;5;2;1;1;1;1;1;3;1; ; ;150000000;700000; ;1;1;1;1;1;1;1;2;1;2;1;1;1;1;2;2;1;1;2;2;2;1;3;3;2; ;1;2;1;4;1;3;1;1;1;3;1;1;01;76;07;76;1003,67592729409
4668497;1;2;2;3;1;1;1;1;3;3; ; ; ; ;200000;2;2;2;2;1;1;1;1;2;2;1;2;1;2;2;2;2;2;1;2;2;1;2;4;2; ;1;3;1;4;1;1;1;2;1;3;1;1;01;76;07;76;1293,43249380576
4668498;1;4;3;1;1;1;1;1;3;3; ; ; ; ;750000;2;1;1;1;1;1;1;2;2;2;1;2;2;2;2;2;2;1;2;2;2;1;1;4;2; ;1;2;1;4;1;3;1;1;1;3;1;1;01;76;07;76;998,217036123611
4668499;1;4;2;1;1;1;1;1;4;3; ; ; ; ;450000;1;1;1;1;1;1;1;2;2;2;1;2;2;2;2;2;1;2;2;2;2;1;2;3;2; ;1;2;1;4;1;2;2;1;1;3;1;1;01;76;07;76;1098,35765509436
4668500;1;4;4;1;1;1;1;1;3;1; ; ;100000000;500000; ;2;1;2;1;1;1;1;1;2;2;1;1;1;2;2;2;2;2;1;2;2;1;4;4;2; ;1;1;1;4;1;3;1;1;1;3;1;1;01;76;07;76;1163,32365653807
4668501;1;5;2;1;1;1;1;1;3;1; ; ;98;450000; ;1;1;2;1;1;1;1;2;2;2;1;2;1;2;2;2;1;1;2;2;2;1;1;3;2; ;1;1;1;2;1;2;1;1;1;3;1;1;01;76;07;76;672,496455537805
4668502;1;6;5;1;1;1;1;1;3;4; ; ; ;600000; ;2;1;1;1;1;1;1;1;2;1;1;1;2;2;2;2;2;1;2;2;2;1;5;6;2; ;1;1;1;4;1;2;1;1;1;3;1;1;01;76;07;76;1114,73632937801
4668503;1;4;3;1;1;1;1;1;3;1; ; ;90000000;500000; ;2;2;2;2;1;1;1;1;2;2;1;2;2;1;2;2;2;2;1;2;2;1;3;4;2; ;1;1;1;4;1;3;1;1;1;3;1;1;01;76;07;76;1144,4541316893
4668504;1;3;2;1;1;1;1;1;3;2; ;93000;98;200000; ;1;1;2;1;1;1;1;2;2;2;1;2;1;2;2;2;1;2;2;2;2;1;1;2;2; ;1;1;1;2;1;2;1;1;1;3;1;1;01;76;07;76;865,076366957132
4668505;1;4;2;1;1;1;1;1;3;1; ; ;30000000;300000; ;1;2;1;1;1;1;1;2;2;2;1;2;2;2;2;2;2;2;2;2;2;1;2;2;2; ;1;2;1;4;1;1;1;1;1;3;1;1;01;76;07;76;1078,61546295819
4668506;1;4;2;1;1;1;1;1;3;3; ; ; ; ;400000;2;1;2;2;2;2;1;1;2;2;1;2;1;2;2;2;1;1;1;2;2;1;1;4;2; ;1;2;1;4;1;1;1;1;1;3;1;1;01;76;07;76;1242,75186928247
4668507;1;3;2;1;1;1;1;1;3;3; ; ; ; ;600000;2;1;1;2;1;1;1;2;2;2;1;2;1;1;2;2;1;1;2;2;2;1;2;5;2; ;1;2;1;4;1;2;1;1;1;3;1;1;01;76;07;76;771,58358967808
4668508;1;2;2;1;1;1;1;5;3;3; ; ; ; ;500000;2;1;1;1;2;1;1;2;2;2;1;2;2;1;2;2;2;2;1;2;2;1;1;4;2; ;1;2;1;4;1;9;1;1;1;3;1;1;01;76;07;76;1242,75186928247
4668509;1;4;3;1;2;1;1;1;3;1; ; ;98;300000; ;1;1;1;1;1;1;1;1;2;2;1;2;2;2;2;2;2;2;2;2;2;1;4;6;2; ;1;2;1;4;1;1;1;1;1;3;1;1;01;76;07;76;955,895497621992
4668510;1;4;3;1;1;1;1;1;3;3; ; ; ; ;450000;2;1;2;1;1;1;1;2;2;2;1;1;2;2;2;2;1;2;2;2;2;1;2;4;2; ;1;2;1;4;1;1;1;1;1;3;1;1;01;76;07;76;1201,46631467046
4668511;1;4;2;1;1;1;1;1;3;1; ; ;120000000;600000; ;1;1;1;1;1;1;1;1;1;2;1;1;2;1;2;2;1;2;2;2;2;1;3;3;2; ;1;1;1;4;1;3;1;1;1;3;1;1;01;76;07;76;733,124648311868
4668512;1;4;3;1;1;1;1;1;3;1; ; ;98;500000; ;1;1;2;1;1;1;1;2;2;2;1;2;2;2;2;2;2;2;1;2;2;1;3;6;2; ;1;2;1;2;1;3;1;1;1;3;1;1;01;76;07;76;843,101793218789
4668512;2;3;2;1;1;1;1;1;3;3; ; ; ; ;350000;2;1;2;2;1;1;1;2;2;2;1;2;2;2;2;2;1;2;2;2;2;1;2;4;2; ;2;2;1;2;1;3;1;1;1;3;1;1;01;76;07;76;843,101793218789
4668514;1;4;2;1;1;1;1;1;3;1; ; ;120000000;600000; ;1;1;1;1;1;1;1;1;1;2;1;1;1;1;1;2;1;1;1;1;2;1;2;3;2; ;1;1;1;4;1;3;1;1;1;3;1;1;01;76;07;76;1098,35765509436
4668515;1;7;2;1;1;1;1;1;3;3; ; ; ; ;1100000;1;1;1;1;1;1;1;1;1;1;1;2;2;1;2;2;2;2;2;1;2;1;1;2;2; ;1;2;1;4;1;5;1;1;1;3;1;1;01;76;07;76;808,064183975969
4668517;1;5;4;1;1;1;1;1;3;1; ; ;220000000;900000; ;1;1;1;1;1;1;1;1;2;1;1;2;1;1;2;2;1;2;2;1;2;1;4;4;2; ;1;1;1;4;1;5;1;1;1;3;1;1;01;76;07;76;867,571294249208
4668518;1;4;3;1;1;1;1;1;3;1; ; ;60000000;400000; ;1;1;1;1;1;1;1;1;2;2;1;1;2;1;1;2;1;1;2;2;2;1;4;4;2; ;1;1;1;4;1;3;1;1;1;3;1;1;01;76;07;76;1051,61320931187
4668519;1;3;3;1;2;1;1;1;3;1; ; ;150000000;600000; ;2;2;1;1;1;1;1;1;2;2;1;2;2;1;2;2;2;1;2;2;2;1;4;6;2; ;1;1;1;2;1;1;1;1;1;3;1;1;01;76;07;76;1053,54526602762
4668519;2;3;2;1;2;1;1;6; ;4; ; ; ;350000; ;2;2;1;1;1;1;2;2;2;2;1;2;2;2;2;2;2;1;2;2;2;1;2;2;2; ;2;1;1;2;1;1;1;1;1;3;1;1;01;76;07;76;1053,54526602762
4668520;1;4;2;1;1;1;1;1;3;4; ; ; ;98; ;1;1;1;1;1;1;1;2;2;2;1;1;2;2;2;2;1;1;1;2;2;1;2;4;2; ;1;2;1;4;1;3;1;1;1;3;1;1;01;76;07;76;1148,0701414822
4668521;1;5;4;1;1;1;1;1;3;1; ; ;98;270000; ;1;1;1;2;1;1;1;1;2;2;1;2;2;1;2;2;1;2;2;2;2;1;4;4;2; ;1;1;1;2;1;1;1;1;1;3;1;1;01;76;07;76;892,772377555853
4668522;1;5;4;1;1;1;1;1;3;2; ;98;140000000;700000; ;1;1;1;1;1;1;1;1;2;1;1;2;1;1;2;2;1;1;1;2;2;1;3;4;1;1;1;1;1;4;1;3;1;1;1;3;1;1;01;76;07;76;943,920401807417
4668523;1;7;5;1;1;1;1;1;3;1; ; ;120000000;600000; ;1;1;2;1;1;1;1;1;2;2;1;2;2;1;2;2;2;1;1;1;2;1;4;10;2; ;1;2;1;4;1;1;1;1;1;3;1;1;01;76;07;76;990,254943645169
4668524;1;4;1;1;1;1;1;1;3;3; ; ; ; ;900000;2;1;1;1;1;1;1;2;2;2;1;2;2;2;2;2;1;2;2;1;2;1;2;2;2; ;1;1;1;4;1;3;1;1;1;3;1;1;01;76;07;76;808,064183975969
4668525;1;1;1;1;1;1;1;1;3;3; ; ; ; ;300000;2;2;1;2;2;2;1;2;2;2;2;2;2;2;2;2;2;2;2;2;2;1;1;1;2; ;1;2;1;4;1;3;1;1;1;3;1;1;01;76;07;76;1245,99429107087
4668526;1;4;2;1;1;1;1;1;3;1; ; ;280000000;800000; ;1;1;1;1;1;1;1;1;2;2;1;1;1;1;2;2;1;1;1;1;2;1;3;3;2; ;1;1;1;4;1;3;1;1;1;3;1;1;01;76;07;76;1060,15120566853
4668527;1;3;2;1;1;1;1;1;3;1; ; ;250000000;500000; ;1;1;1;1;1;1;1;1;2;2;1;2;2;1;2;2;1;2;2;2;2;1;2;3;2; ;1;2;1;4;1;3;1;1;1;3;1;1;01;76;07;76;676,112465330706
4668528;1;5;3;1;1;1;1;1;3;3; ; ; ; ;750000;1;1;1;1;1;1;1;1;2;2;1;1;1;2;2;2;1;1;2;2;2;1;4;4;2; ;1;1;1;4;1;3;1;1;1;3;1;1;01;76;07;76;1163,32365653807
4668529;1;6;2;1;1;1;1;1;3;3; ; ; ; ;705000;1;1;1;1;1;1;1;2;2;2;1;2;1;1;2;2;2;1;2;2;2;1;3;3;2; ;1;1;1;4;1;3;1;1;1;3;1;1;01;76;07;76;946,663744312926
4668530;1;2;1;1;2;1;1;1;3;1; ; ;98;350000; ;1;1;2;2;1;1;1;2;2;2;1;2;2;2;2;2;2;2;2;2;2;1;1;1;2; ;1;3;1;4;1;1;1;1;1;3;1;1;01;76;07;76;943,047734520026
4668530;2;1;1;1;2;1;1;6; ;3; ; ; ; ;200000;2;2;2;2;2;2;2;2;2;2;1;2;2;2;2;2;2;2;2;2;2;1;1;1;2; ;2;3;1;4;1;1;1;1;1;3;1;1;01;76;07;76;943,047734520026
4668530;3;1;1;1;2;1;1;1;3;3; ; ; ; ;200000;2;2;2;2;1;2;1;2;2;2;1;2;2;2;2;2;2;2;2;2;2;1;1;1;1;1;3;3;1;4;1;1;1;1;1;3;1;1;01;76;07;76;943,047734520026
4668531;1;4;2;1;1;1;1;1;3;1; ; ;98;500000; ;1;1;2;1;1;1;1;1;2;2;1;1;1;2;2;2;2;2;2;2;2;1;1;2;2; ;1;1;1;4;1;2;1;1;1;3;1;1;01;76;07;76;808,064183975969
4668532;1;7;4;1;1;1;1;1;3;1; ; ;300000000;1200000; ;1;1;1;1;1;1;1;1;2;2;1;1;1;1;2;1;1;1;2;1;2;1;5;5;2; ;1;1;1;4;1;5;1;1;1;3;1;1;01;76;07;76;1087,84721626726
4668533;1;4;3;1;1;1;1;1;3;3; ; ; ; ;575000;1;1;1;1;1;1;1;2;2;2;1;1;1;1;2;2;1;1;2;2;2;1;3;3;2; ;1;2;1;4;1;3;1;1;1;3;1;1;01;76;07;76;1003,67592729409
4668534;1;6;3;1;1;1;1;1;3;1; ; ;150000000;98; ;2;1;1;1;1;1;1;1;1;1;1;2;1;1;2;2;1;1;2;1;2;1;4;4;2; ;1;2;1;4;1;5;1;1;1;3;1;1;01;76;07;76;1493,96622368764
4668535;1;4;3;1;1;1;1;3;3;4; ; ; ;500000; ;1;1;1;1;1;1;1;2;2;2;1;2;2;2;2;2;2;2;2;2;2;1;4;4;2; ;1;1;1;4;1;2;1;1;1;3;1;1;01;76;07;76;868,108198855926
4668536;1;3;2;1;1;1;1;1;3;3; ; ; ; ;300000;2;1;2;2;1;1;1;2;2;2;1;2;2;2;2;2;2;2;1;2;2;1;1;3;2; ;1;2;1;4;1;2;1;1;1;3;1;1;01;76;07;76;1098,35765509436
4668537;1;5;4;1;1;1;1;1;3;4; ; ; ;650000; ;1;1;1;1;1;1;1;1;1;2;1;2;1;2;2;1;2;2;2;2;2;1;4;4;2; ;1;1;1;4;1;5;1;1;1;3;1;1;01;76;07;76;1163,32365653807
4668538;1;4;4;1;2;1;1;1;3;1; ; ;98;400000; ;1;2;2;1;1;2;1;2;2;2;1;2;2;2;2;2;2;1;1;2;2;1;6;6;2; ;1;1;1;2;1;1;1;1;1;3;1;1;01;76;07;76;1587,11288831539
4668538;2;1;1;1;2;1;1;1;3;4; ; ; ;350000; ;2;2;2;2;2;2;1;2;2;2;1;2;2;2;2;2;2;1;2;2;2;1;1;2;2; ;2;1;1;2;1;1;1;1;1;3;1;1;01;76;07;76;1587,11288831539
4668539;1;3;2;1;1;1;1;1;3;3; ; ; ; ;380000;2;1;2;2;1;1;1;1;1;2;1;2;1;2;2;2;2;2;1;2;2;1;3;3;2; ;1;2;1;4;1;9;1;1;1;3;1;1;01;76;07;76;1003,67592729409
4668540;1;6;5;1;2;1;1;1;3;4; ; ; ;800000; ;2;1;2;1;1;1;1;1;2;2;1;1;1;1;2;2;2;1;2;2;2;1;4;5;2; ;1;1;1;4;1;2;1;1;1;3;1;1;01;76;07;76;525,459726179734
4668540;2;1;1;1;2;1;1;1;3;4; ; ; ;150000; ;2;2;2;2;2;1;1;2;2;2;1;2;2;2;2;2;2;2;2;2;2;1;2;2;2; ;2;1;1;4;1;2;1;1;1;3;1;1;01;76;07;76;525,459726179734
4668541;1;4;1;1;1;1;1;1;3;1; ; ;98;500000; ;1;1;2;1;1;1;1;1;2;2;1;2;2;2;2;2;2;2;2;2;2;1;1;2;2; ;1;1;1;4;1;2;1;1;1;3;1;1;01;76;07;76;892,772377555853
4668541;2;3;1;1;1;1;1;1;3;5; ; ; ;450000; ;2;1;2;1;1;1;1;2;2;2;1;1;1;2;2;2;2;1;1;1;2;1;2;2;2; ;2;1;1;4;1;2;1;1;1;3;1;1;01;76;07;76;892,772377555853
4668542;1;4;2;1;1;1;1;1;3;3; ; ; ; ;330000;1;1;1;1;1;1;1;1;2;2;1;2;2;1;2;2;1;2;1;2;2;1;4;4;2; ;1;2;1;4;1;2;1;1;1;3;1;1;01;76;07;76;925,120381837089
4668543;1;4;3;1;1;1;1;1;3;1; ; ;150000000;600000; ;1;1;1;1;1;1;1;1;2;2;1;2;1;1;2;2;2;2;2;2;2;1;1;3;2; ;1;2;1;4;1;2;1;1;1;3;1;1;01;76;07;76;971,327923012853
4668544;1;2;1;1;1;1;1;6; ;4; ; ; ;400000; ;2;2;2;1;1;1;1;2;2;2;1;2;1;2;2;2;1;2;1;2;2;1;1;1;2; ;1;1;1;2;1;2;1;1;1;3;1;2;01;76;07;76;1214,18319139635
4668545;1;6;1;1;1;1;1;1;3;3; ; ; ; ;350000;1;1;1;1;2;2;1;2;2;2;1;2;2;1;2;2;2;2;1;2;2;1;1;1;2; ;1;2;1;4;1;2;1;1;1;3;1;1;01;76;07;76;1214,18319139635
4668547;1;4;3;1;1;1;1;1;3;1; ; ;98;500000; ;1;1;1;1;1;1;1;1;2;2;1;2;2;1;2;2;1;1;2;2;2;1;4;4;2; ;1;2;1;4;1;3;1;1;1;3;1;1;01;76;07;76;1166,40276172426
4668548;1;3;1;1;1;1;1;1;3;4; ; ; ;180000; ;2;2;2;2;2;1;1;2;2;2;1;2;2;2;2;2;2;2;2;2;2;1;5;5;2; ;1;2;1;2;1;1;1;1;1;3;1;1;01;76;07;76;1145,32679897669
4668549;1;2;1;1;1;1;1;4;3;3; ; ; ; ;650000;1;1;1;2;1;1;1;2;2;2;1;2;2;2;2;2;1;2;2;2;2;1;2;2;2; ;1;2;1;4;1;3;1;1;1;3;1;1;01;76;07;76;808,064183975969
4668550;1;3;2;1;1;1;1;1;3;3; ; ; ; ;550000;1;1;1;1;1;1;1;1;2;2;1;1;1;1;2;2;1;1;2;2;2;1;3;4;2; ;1;2;1;4;1;3;1;1;1;3;1;1;01;76;07;76;1242,75186928247
4668551;1;6;2;1;1;1;1;1;3;1; ; ;98;400000; ;1;1;1;1;1;1;1;1;2;2;1;1;2;1;2;2;1;1;1;2;2;1;1;4;2; ;1;2;1;4;1;3;1;1;1;3;1;1;01;76;07;76;1201,46631467046
4668552;1;3;2;1;1;1;1;1;3;3; ; ; ; ;700000;1;1;1;1;1;2;1;2;2;2;1;2;1;2;2;2;2;1;1;2;2;1;2;4;2; ;1;1;1;4;1;3;1;1;1;3;1;1;01;76;07;76;1293,43249380576
4668553;1;3;2;1;1;1;1;1;3;3; ; ; ; ;517000;1;1;1;1;1;1;1;1;2;2;1;1;2;2;2;2;1;1;2;2;2;1;3;3;2; ;1;2;1;4;1;3;1;1;1;3;1;1;01;76;07;76;1273,69030166959
4668555;1;6;2;1;1;1;1;1;3;1; ; ;220000000;98; ;2;1;1;1;1;1;1;1;1;1;1;1;1;1;1;1;2;1;2;1;2;1;3;3;2; ;1;1;1;4;1;5;1;1;1;3;1;1;01;76;07;76;1330,70248465075
4668556;1;3;2;1;1;1;1;1;3;3; ; ; ; ;400000;1;1;1;1;1;1;1;1;2;2;1;2;2;2;2;2;2;1;2;2;2;1;1;3;2; ;1;1;1;4;1;2;1;1;1;3;1;1;01;76;07;76;1031,87101717571
4668557;1;5;1;1;1;1;1;1;3;4; ; ; ;800000; ;1;1;1;1;1;1;1;2;2;2;1;1;1;2;2;2;1;2;2;1;2;1;2;2;2; ;1;1;1;4;1;3;1;1;1;3;1;1;01;76;07;76;1135,62764593935
4668558;1;2;1;1;1;1;1;1;3;3; ; ; ; ;350000;2;1;2;2;1;1;1;2;2;2;1;2;2;2;2;2;1;2;2;2;2;1;1;1;2; ;1;2;1;4;1;2;1;1;1;3;1;1;01;76;07;76;972,363906902468
4668559;1;4;3;1;1;1;1;1;3;3; ; ; ; ;450000;2;1;1;1;1;1;1;2;2;2;1;2;2;1;2;2;1;1;2;2;2;1;2;4;2; ;1;1;1;4;1;3;1;1;1;3;1;1;01;76;07;76;765,872206567212
4668560;1;3;2;1;1;1;1;1;3;2; ;320000;90000000;450000; ;1;1;1;1;1;1;1;2;2;1;1;1;1;1;1;2;1;1;2;1;2;1;3;3;2; ;1;2;1;4;1;3;1;1;1;3;1;1;01;76;07;76;1003,67592729409
4668561;1;3;2;1;1;1;1;1;3;3; ; ; ; ;550000;2;1;1;2;1;2;1;2;2;2;2;2;2;2;2;2;1;2;2;2;2;1;4;6;2; ;1;2;1;4;1;9;1;1;1;3;1;1;01;76;07;76;1145,79585782924
4668562;1;4;3;1;1;1;1;1;3;3; ; ; ; ;900000;1;1;1;1;1;1;1;1;1;2;1;1;1;1;2;2;1;1;1;1;2;1;4;4;2; ;1;2;1;4;1;3;1;1;1;3;1;1;01;76;07;76;1061,08766424936
4668563;1;4;3;1;1;1;1;1;3;3; ; ; ; ;350000;1;2;1;2;1;1;1;2;2;2;1;2;2;1;2;2;2;2;2;2;2;1;2;3;2; ;1;2;1;4;1;1;1;1;1;3;1;1;01;76;07;76;708,460469611941
4668564;1;2;1;1;1;1;1;6; ;3; ; ; ; ;350000;2;1;2;2;2;2;2;2;2;2;1;1;1;2;2;2;1;2;1;2;2;1;1;1;2; ;1;2;1;2;1;3;1;1;1;3;1;1;01;76;07;76;1214,18319139635
4668566;1;2;1;1;1;1;1;1;3;3; ; ; ; ;500000;2;1;1;2;1;1;1;1;2;2;1;2;2;1;2;2;2;1;2;2;2;1;1;1;2; ;1;2;1;4;1;9;1;1;1;3;1;1;01;76;07;76;1214,18319139635
4668567;1;1;1;1;2;1;1;1;3;3; ; ; ; ;200000;1;2;1;1;1;1;1;2;2;2;1;2;2;2;2;2;2;1;2;2;2;1;2;3;2; ;1;4;1;2;1;1;1;1;1;3;1;1;01;76;07;76;1280,02186012746
4668568;1;2;1;1;1;1;1;1;3;1; ; ;30000000;120000; ;2;1;2;2;2;1;1;2;2;2;1;2;2;2;2;2;2;2;2;2;2;1;1;1;2; ;1;2;1;2;1;1;1;1;1;3;1;1;01;76;07;76;972,363906902468
4668570;1;4;1;1;1;1;1;1;4;3; ; ; ; ;500000;2;1;2;1;1;1;1;2;2;2;1;1;2;1;2;2;1;2;1;2;2;1;2;2;2; ;1;2;1;4;1;2;2;1;1;3;1;1;01;76;07;76;1135,62764593935
4668571;1;3;1;1;1;1;1;1;3;1; ; ;30000000;400000; ;1;2;1;1;1;1;1;1;2;2;1;1;1;1;2;2;2;2;2;1;2;1;2;2;2; ;1;2;1;4;1;1;1;1;1;3;1;1;01;76;07;76;865,076366957132
4668572;1;5;3;1;1;1;1;1;3;3; ; ; ; ;450000;2;1;2;1;1;1;1;2;2;2;1;1;1;2;2;2;1;2;2;2;2;1;1;5;2; ;1;2;1;4;1;1;1;1;1;3;1;1;01;76;07;76;1161,4807751605
4668573;1;3;1;1;1;1;1;1;3;3; ; ; ; ;350000;2;1;2;1;1;1;1;2;2;2;1;2;2;2;2;2;2;1;2;2;2;1;1;1;2; ;1;2;1;4;1;1;1;1;1;3;1;1;01;76;07;76;943,631912414132
4668574;1;4;3;1;1;1;1;1;3;3; ; ; ; ;400000;2;2;2;1;1;1;1;2;2;2;1;2;2;1;2;2;2;1;1;2;2;1;1;3;2; ;1;2;1;4;1;1;1;1;1;3;1;1;01;76;07;76;803,142197412208
4668577;1;3;1;1;1;1;1;6; ;4; ; ; ;98; ;1;2;2;2;2;2;2;2;2;2;2;2;2;2;2;2;2;2;2;2;2;1;1;1;2; ;1;2;1;4;1;3;2;1;1;3;1;1;01;76;07;76;943,631912414132
4668579;1;5;3;1;1;1;1;1;3;1; ; ;280000000;1200000; ;1;1;1;1;1;1;1;1;1;1;1;1;1;1;2;1;1;1;2;1;2;1;4;4;2; ;1;1;1;4;1;5;1;1;1;3;1;1;01;76;07;76;849,23867400715
4668580;1;1;1;1;1;1;1;1;4;6;COMPRA VENTA; ; ;98; ;1;1;1;1;1;1;1;2;2;2;2;2;2;2;2;2;2;2;2;2;2;1;2;4;2; ;1;1;5;1;1;2;2;1;1;3;1;1;01;76;07;76;1061,08766424936
4668581;1;5;2;1;1;1;1;1;3;1; ; ;250000000;98; ;1;1;1;1;1;1;1;1;2;1;1;1;2;1;2;2;2;1;2;1;2;1;2;2;2; ;1;1;1;4;1;5;1;1;1;3;1;1;01;76;07;76;808,064183975969
4668582;1;3;2;1;1;1;1;1;4;3; ; ; ; ;400000;2;2;2;2;1;2;1;2;2;2;2;2;2;2;2;2;1;2;2;2;2;1;1;3;2; ;1;1;1;4;1;3;1;1;1;3;1;1;01;76;07;76;931,410229257051
4668586;1;5;3;1;1;1;1;1;3;1; ; ;120000000;650000; ;1;1;1;1;1;1;1;2;2;2;1;2;1;2;2;2;1;2;1;1;2;1;2;2;1;1;1;2;1;4;1;3;1;1;1;3;1;1;01;76;07;76;1167,43874561387
4668589;1;3;2;1;1;1;1;1;4;1; ; ;98;400000; ;2;2;2;1;1;2;1;2;2;2;1;2;2;2;2;2;2;2;2;2;2;1;4;6;2; ;1;1;1;4;1;2;2;1;1;3;1;1;01;76;07;76;1480,39227340712
4668590;1;2;2;1;1;1;1;6; ;3; ; ; ; ;500000;2;2;2;1;1;1;1;2;2;2;1;1;2;1;2;2;2;1;1;2;2;1;2;2;2; ;1;2;1;4;1;3;2;1;1;3;1;1;01;76;07;76;811,680193768869
4668883;1;4;2;1;1;1;1;1;1;4; ; ; ;1300000; ;1;1;2;1;1;1;1;2;2;1;1;2;1;2;2;2;2;2;2;2;2;1;1;2;2; ;1;2;1;4;1;4;2;1;1;2;1;1;01;05;07;05;1244,25349896366
4668884;1;3;1;1;1;1;1;1;4;4; ; ; ;1000000; ;1;1;1;1;1;1;1;1;1;1;1;2;1;1;2;2;1;2;2;2;2;1;1;1;2; ;1;2;1;4;1;4;2;1;1;7;1;1;01;05;07;05;1208,14056640759
4668885;1;5;3;1;1;1;1;1;4;4; ; ; ;1000000; ;1;1;1;1;1;1;1;1;2;1;1;2;2;1;2;2;2;2;2;1;2;1;3;3;2; ;1;2;1;4;1;4;2;1;1;2;1;1;01;05;07;05;1204,48676722407
4668886;1;3;2;1;1;1;1;1;4;3; ; ; ; ;400000;1;1;1;1;1;1;1;2;1;1;1;2;1;1;2;2;2;1;1;2;2;1;3;3;2; ;1;2;1;4;1;1;2;1;1;2;1;1;01;05;07;05;1341,32127439726
4668887;1;3;2;1;1;1;1;1;4;3; ; ; ; ;400000;2;1;2;1;1;1;1;2;2;2;1;2;2;2;2;2;2;2;2;2;2;1;2;2;2; ;1;2;1;2;1;1;2;1;1;2;1;1;01;05;07;05;1182,51245241093
4668888;1;6;3;1;1;1;1;1;3;1; ; ;500000000;3000000; ;1;1;1;1;1;1;1;1;1;1;1;1;1;1;2;2;1;1;2;1;2;1;4;4;2; ;1;2;1;4;1;5;1;1;1;2;1;1;01;05;07;05;800,659138638101
4668889;1;3;3;1;1;1;1;1;3;3; ; ; ; ;385000;1;1;1;2;2;1;1;2;2;2;1;2;2;2;2;2;2;1;2;2;2;1;5;8;2; ;1;2;1;4;1;2;1;1;1;2;1;1;01;05;07;05;982,666149202508
4668890;1;3;2;1;1;1;1;1;4;4; ; ; ;500000; ;1;1;2;2;1;1;1;1;2;2;1;1;1;2;2;2;2;2;2;2;2;1;1;2;2; ;1;2;1;4;1;4;2;1;1;7;1;1;01;05;07;05;1244,25349896366
4668891;1;3;1;1;1;1;1;1;4;3; ; ; ; ;400000;2;1;2;2;1;1;1;2;2;2;1;1;1;2;2;2;2;2;2;2;2;1;1;2;1;1;1;2;1;4;1;1;2;1;1;2;1;1;01;05;07;05;1421,48115333914
4668892;1;5;1;1;1;1;1;1;3;1; ; ;98;1200000; ;1;1;1;1;1;1;1;2;2;1;1;2;1;1;2;2;2;2;2;1;2;1;2;2;2; ;1;2;1;4;1;4;1;1;1;2;1;1;01;05;07;05;1168,373834668
4668893;1;4;3;1;1;1;1;1;3;3; ; ; ; ;700000;1;1;1;1;1;1;1;2;2;1;1;2;1;2;2;2;1;1;2;2;2;1;2;5;2; ;1;2;1;4;1;2;1;1;1;2;1;1;01;05;07;05;1503,15727679057
4668894;1;5;3;1;1;1;1;1;3;2; ;6000000;110000000;5000000; ;2;1;1;1;1;1;1;1;1;1;1;2;2;1;1;1;2;2;2;1;2;1;4;4;2; ;1;2;1;4;1;5;1;1;1;2;1;1;01;05;07;05;800,659138638101
4668895;1;5;3;1;1;1;1;1;4;3; ; ; ; ;1300000;2;1;1;1;1;1;1;2;1;2;1;2;2;1;2;2;1;2;2;2;2;1;3;3;2; ;1;2;1;4;1;4;2;1;1;7;1;1;01;05;07;05;1086,66855074226
4668896;1;2;1;1;1;1;1;1;1;3; ; ; ; ;900000;2;1;1;1;1;1;1;1;1;1;1;2;1;1;2;2;2;2;2;2;2;1;1;1;2; ;1;2;1;4;1;4;2;1;1;2;1;1;01;05;07;05;1208,14056640759
4668897;1;5;3;1;1;1;1;1;3;3; ; ; ; ;2300000;1;1;2;1;1;1;1;1;1;1;1;2;2;1;2;2;2;1;1;1;2;1;4;5;2; ;1;2;1;5;1;5;1;1;1;2;1;1;01;05;07;05;1336,12207022988
4668898;1;4;3;1;1;1;1;1;4;3; ; ; ; ;350000;1;1;1;1;1;1;1;2;1;1;1;2;1;1;2;2;2;1;1;2;2;1;3;4;2; ;1;2;1;2;1;1;2;1;1;2;1;1;01;05;07;05;1500,13009638359
4668899;1;2;2;1;1;1;1;1;4;3; ; ; ; ;100000;2;2;2;1;1;2;1;2;2;2;1;2;1;2;2;2;2;1;2;2;2;1;3;3;2; ;1;2;1;2;1;2;2;1;1;2;1;1;01;05;07;05;1028,19061586891
4668900;1;1;1;1;1;1;1;1;1;3; ; ; ; ;700000;2;1;1;1;1;1;1;2;1;2;1;2;1;1;2;2;1;2;1;2;2;1;1;1;2; ;1;2;1;4;1;4;2;1;1;2;1;1;01;05;07;05;1190,73883698528
4668901;1;4;2;1;1;1;1;1;4;3; ; ; ; ;390000;1;1;1;1;1;1;1;2;1;2;1;2;1;1;2;2;1;2;2;1;2;1;2;4;2; ;1;2;1;2;1;1;2;1;1;2;1;1;01;05;07;05;1697,87226053489
4668902;1;3;2;1;1;1;1;1;3;1; ; ;70000000;450000; ;1;1;2;1;1;1;1;1;1;2;1;2;1;2;2;2;2;2;2;2;2;1;1;2;2; ;1;2;1;4;1;2;1;1;1;2;1;1;01;05;07;05;1168,373834668
4668903;1;5;1;1;1;1;1;1;3;1; ; ;400000000;1500000; ;1;1;1;1;1;1;1;1;1;2;1;1;2;2;2;2;1;2;2;1;2;1;1;1;2; ;1;2;1;4;1;6;1;1;1;2;1;1;01;05;07;05;1132,26090211193
4668904;1;2;1;1;1;1;1;1;4;3; ; ; ; ;190000;1;2;2;2;1;2;1;2;2;2;1;2;2;2;2;2;2;2;2;2;2;1;1;2;2; ;1;2;1;2;1;1;2;1;1;2;1;1;01;05;07;05;1244,25349896366
4668905;1;5;2;1;1;1;1;1;3;1; ; ;500000000;2500000; ;1;1;1;1;1;1;1;1;1;1;1;2;2;1;2;2;2;2;2;1;2;1;2;2;2; ;1;2;1;6;1;6;1;1;1;2;1;1;01;05;07;05;1182,51245241093
4668906;1;5;4;1;1;1;1;1;3;3; ; ; ; ;2400000;2;1;1;1;1;1;1;1;1;1;1;2;1;1;2;2;2;2;1;1;2;1;3;4;2; ;1;2;1;4;1;6;1;1;1;2;1;1;01;05;07;05;1333,0948898229
4668907;1;3;1;1;1;1;1;1;4;1; ; ;20000000;200000; ;2;2;2;1;1;1;1;2;2;1;1;2;1;2;2;2;2;2;2;2;2;1;1;1;2; ;1;2;1;4;1;1;2;1;1;2;1;1;01;05;07;05;1132,26090211193
4668908;1;5;2;1;1;1;1;1;3;1; ; ;550000000;3000000; ;1;1;1;1;1;1;1;1;1;1;1;1;1;1;1;2;2;2;2;1;2;1;3;3;2; ;1;2;1;4;1;6;1;1;1;2;1;1;01;05;07;05;1028,19061586891
4668909;1;4;2;1;1;1;1;1;3;4; ; ; ;400000; ;1;1;2;1;1;1;1;2;1;1;1;2;2;2;2;2;2;2;2;2;2;1;1;2;2; ;1;2;1;4;1;2;1;1;1;2;1;1;01;05;07;05;1226,85176954135
4668910;1;2;2;1;1;1;1;2;1;1; ; ;20000000;300000; ;2;1;2;2;1;2;1;2;2;2;1;2;2;2;2;2;2;2;2;2;2;2; ;2;2; ;1;2;1;2;1;2;2;1;1;2;1;1;01;05;07;05;1168,373834668
4668911;1;2;1;1;1;1;1;6; ;1; ; ;98;300000; ;2;2;2;2;1;1;2;2;2;2;1;2;2;2;2;2;2;2;2;2;2;1;1;1;2; ;1;2;1;2;1;2;2;1;1;2;1;1;01;05;07;05;1132,26090211193
4668912;1;4;2;1;1;1;1;1;3;3; ; ; ; ;2500000;1;1;1;1;1;1;1;1;1;1;1;2;1;1;2;2;1;1;2;1;2;1;2;3;2; ;1;2;1;4;1;6;1;1;1;2;1;1;01;05;07;05;1158,6210020852
4668913;1;4;1;1;1;1;1;1;1;1; ; ;98;3500000; ;1;1;1;1;1;1;1;2;1;1;1;1;1;1;2;2;2;2;2;1;2;1;2;2;2; ;1;2;1;4;1;6;2;1;1;2;1;1;01;05;07;05;1168,373834668
4668914;1;3;2;1;1;1;1;1;3;3; ; ; ; ;360000;1;1;1;1;1;1;1;2;1;2;1;2;2;1;2;2;2;2;1;2;2;1;2;4;2; ;1;2;1;4;1;2;1;1;1;2;1;1;01;05;07;05;1500,13009638359
4668915;1;5;1;1;1;1;1;1;3;2; ;1500000;830000;5000000; ;1;1;1;1;1;1;1;1;1;1;1;1;1;1;2;2;2;1;2;2;2;1;2;2;2; ;1;2;1;4;1;6;1;1;1;2;1;1;01;05;07;05;1182,51245241093
4668916;1;3;1;1;1;1;1;1;1;3; ; ; ; ;600000;1;2;2;1;1;1;1;1;2;1;1;2;2;2;2;2;1;2;2;2;2;1;1;1;2; ;1;2;1;4;1;3;2;1;1;2;1;1;01;05;07;05;1208,14056640759
4668917;1;3;1;1;1;1;1;1;3;3; ; ; ; ;2000000;1;1;1;1;1;1;1;1;1;1;1;2;2;2;2;2;2;2;2;1;2;1;2;2;2; ;1;2;1;5;1;5;1;1;1;2;1;1;01;05;07;05;1168,373834668
4668918;1;3;1;1;1;1;1;1;3;3; ; ; ; ;2300000;1;1;1;1;1;1;1;1;1;1;1;1;1;1;1;2;2;1;2;1;2;1;1;1;2; ;1;2;1;4;1;6;1;1;1;2;1;1;01;05;07;05;1208,14056640759
4668919;1;6;1;1;1;1;1;1;3;2; ;350000;600000000;3500000; ;1;1;1;1;1;1;1;1;1;1;1;1;1;1;1;2;1;2;2;1;2;1;2;2;2; ;1;2;1;6;1;6;1;1;1;2;1;1;01;05;07;05;1168,373834668
4668920;1;4;1;1;1;1;1;1;3;4; ; ; ;1000000; ;1;1;1;1;1;2;1;1;1;1;1;2;1;1;2;2;2;1;2;1;2;1;1;1;2; ;1;2;1;6;1;6;1;1;1;2;1;1;01;05;07;05;1190,73883698528
4668921;1;6;5;1;1;1;1;1;3;3; ; ; ; ;980000;1;1;1;1;1;1;1;2;1;1;1;2;2;1;2;2;1;2;2;2;2;1;6;6;2; ;1;2;1;4;1;3;1;1;1;2;1;1;01;05;07;05;1247,82140666017
4668922;1;3;2;1;1;1;1;1;3;3; ; ; ; ;700000;2;2;2;1;1;1;1;2;2;1;1;1;1;2;2;2;2;1;2;1;1;1;2;4;2; ;1;2;1;4;1;5;1;1;1;2;1;1;01;05;07;05;1697,87226053489
4668923;1;4;3;1;1;1;1;1;3;1; ; ;500000000;2500000; ;1;1;1;1;1;1;1;1;1;1;1;1;2;1;1;2;1;1;2;1;1;1;4;4;2; ;1;2;1;5;1;6;1;1;1;2;1;1;01;05;07;05;895,741893855846
4668924;1;5;1;1;1;1;1;1;3;1; ; ;530000000;2000000; ;1;1;1;1;1;1;1;1;1;1;1;1;2;1;2;2;1;2;2;1;2;1;2;2;2; ;1;2;1;4;1;6;1;1;1;2;1;1;01;05;07;05;1182,51245241093
4668925;1;4;1;1;1;1;1;1;3;3; ; ; ; ;2300000;1;2;1;1;1;1;1;1;2;1;2;2;1;1;2;2;2;1;2;1;2;1;1;1;2; ;1;2;1;6;1;6;1;1;1;2;1;1;01;05;07;05;1163,80124927716
4668926;1;5;3;1;1;1;1;1;3;2; ;1100000;600000000;3000000; ;1;1;1;1;1;1;1;1;1;1;1;1;1;1;1;2;2;2;2;1;2;1;3;3;2; ;1;2;1;4;1;6;1;1;1;2;1;1;01;05;07;05;964,648207816394
4668927;1;6;2;1;1;1;1;1;3;1; ; ;500000000;2500000; ;1;1;1;1;1;1;1;1;1;1;1;2;2;1;2;2;2;2;2;1;2;1;2;3;2; ;1;2;1;6;1;6;1;1;1;2;1;1;01;05;07;05;1341,32127439726
4668929;1;3;1;1;1;1;1;1;3;3; ; ; ; ;2000000;1;1;1;1;1;1;1;1;1;1;1;2;2;1;2;2;2;2;2;1;2;1;2;2;2; ;1;2;1;4;1;6;1;1;1;2;1;1;01;05;07;05;1168,373834668
4668930;1;4;3;1;1;1;1;1;3;3; ; ; ; ;900000;1;1;1;1;1;1;1;2;1;1;1;1;1;1;2;2;1;2;2;2;2;1;3;4;2; ;1;2;1;4;1;5;1;1;1;2;1;1;01;05;07;05;1134,71059478406
4668931;1;4;3;1;1;1;1;1;3;2; ;1000000;500000000;2500000; ;1;1;1;1;1;1;1;1;1;1;1;1;1;1;2;2;2;2;2;1;2;1;2;4;2; ;1;2;1;4;1;6;1;1;1;2;1;1;01;05;07;05;1599,00117845924
4668932;1;6;5;1;1;1;1;1;3;1; ; ;270000000;1000000; ;1;1;1;1;1;1;1;1;2;1;1;2;2;1;2;2;2;2;1;2;2;1;4;4;2; ;1;2;1;4;1;3;1;1;1;2;1;1;01;05;07;05;1122,78148329833
4668933;1;4;1;1;1;1;1;1;3;3; ; ; ; ;800000;1;1;2;1;1;1;1;2;2;1;1;2;2;2;2;2;1;2;2;2;2;1;1;1;2; ;1;2;1;4;1;5;1;1;1;2;1;1;01;05;07;05;1208,14056640759
4668934;1;1;1;1;1;1;1;1;1;3; ; ; ; ;800000;2;1;1;2;1;1;1;1;2;1;1;2;2;1;2;2;1;1;2;2;2;1;1;1;2; ;1;2;1;4;1;4;2;1;1;7;1;1;01;05;07;05;1163,80124927716
4668935;1;5;2;1;1;1;1;1;3;1; ; ;850000000;2500000; ;1;1;1;1;1;1;1;1;1;1;1;2;1;1;2;2;2;1;2;1;1;1;2;2;2; ;1;2;1;4;1;6;1;1;1;2;1;1;01;05;07;05;1150,97210524569
4668936;1;5;3;1;1;1;1;1;3;3; ; ; ; ;850000;1;1;1;1;1;1;1;2;2;2;1;2;2;1;2;2;2;1;2;1;2;1;4;5;2; ;1;2;1;4;1;5;1;1;1;2;1;1;01;05;07;05;1128,02961519356
4668937;1;7;3;1;1;1;1;1;3;3; ; ; ; ;1600000;2;2;2;1;1;1;1;1;1;1;1;1;2;1;1;2;1;1;2;1;1;1;3;4;2; ;1;2;1;4;1;5;1;1;1;2;1;1;01;05;07;05;1249,26569958649
4668938;1;5;1;1;1;1;1;1;3;3; ; ; ; ;3000000;2;1;1;1;1;1;1;1;1;1;1;2;1;1;2;2;2;1;2;1;2;1;1;1;2; ;1;2;1;4;1;6;1;1;1;2;1;1;01;05;07;05;1132,26090211193
4668939;1;4;1;1;1;1;1;1;3;3; ; ; ; ;3500000;1;1;1;1;1;1;1;2;1;1;1;1;1;1;1;1;1;1;1;2;2;1;1;1;2; ;1;2;1;4;1;6;1;1;1;2;1;1;01;05;07;05;1190,73883698528
4668940;1;4;3;1;1;1;1;1;3;3; ; ; ; ;2100000;1;1;1;1;1;1;1;1;2;1;1;1;2;1;1;2;2;1;2;1;2;1;2;4;2; ;1;2;1;4;1;6;1;1;1;2;1;1;01;05;07;05;1599,00117845924
4668941;1;6;4;1;1;1;1;1;3;1; ; ;600000000;5000000; ;1;1;1;1;1;1;1;1;1;1;1;1;1;1;1;2;1;1;2;1;2;1;5;5;2; ;1;2;1;4;1;6;1;1;1;2;1;1;01;05;07;05;931,854826411917
4668942;1;5;2;1;1;1;1;1;3;1; ; ;180000000;700000; ;1;1;1;1;1;1;1;1;1;2;1;1;1;1;2;2;1;2;1;1;2;1;2;2;2; ;1;2;1;4;1;2;1;1;1;3;1;1;01;05;07;05;1226,85176954135
4668943;1;4;2;1;1;1;1;1;3;4; ; ; ;450000; ;1;1;1;1;1;1;1;1;1;1;1;1;1;1;2;2;1;1;1;2;1;1;3;3;2; ;1;2;1;4;1;2;1;1;1;3;1;1;01;05;07;05;1086,66855074226
4668944;1;2;2;1;1;1;1;1;4;1; ; ;90000000;700000; ;1;1;1;1;1;1;1;2;1;1;1;1;2;2;2;2;1;2;1;2;2;1;4;4;2; ;1;2;1;4;1;3;2;1;1;2;1;1;01;05;07;05;1122,78148329833
4668945;1;6;4;1;1;1;1;1;3;4; ; ; ;500000; ;1;1;2;1;1;1;1;2;1;1;1;2;1;2;2;2;2;2;2;2;2;1;4;4;2; ;1;2;1;4;1;3;1;1;1;2;1;1;01;05;07;05;1240,59969978014
4668946;1;5;4;1;1;1;1;1;3;3; ; ; ; ;670000;1;1;1;1;1;1;1;2;1;2;1;1;1;1;2;2;2;1;1;2;2;1;3;6;2; ;1;2;1;4;1;3;1;1;1;2;1;1;01;05;07;05;1316,01894676206
4668947;1;4;1;1;1;1;1;1;3;1; ; ;70000000;500000; ;1;1;1;1;1;1;1;1;1;1;1;1;1;2;1;2;1;2;2;1;2;1;2;2;2; ;1;2;1;4;1;2;1;1;1;3;1;1;01;05;07;05;1168,373834668
4668948;1;1;1;1;2;1;1;2;4;3; ; ; ; ;80000;2;1;2;2;2;2;1;2;2;2;1;2;2;2;2;2;2;2;2;2;2;1;1;1;2; ;1;3;1;4;1;3;2;1;1;2;1;1;01;05;07;05;1132,26090211193
4668949;1;5;1;1;2;1;1;1;3;4; ; ; ;1200000; ;1;1;2;1;1;1;1;2;1;1;1;2;1;2;2;2;2;2;2;2;2;1;1;1;2; ;1;2;1;4;1;3;1;1;1;2;1;1;01;05;07;05;1092,49417037234
4668949;2;1;1;1;2;1;1;1;3;3; ; ; ; ;420000;1;1;1;1;1;1;1;1;2;2;1;2;2;2;2;2;2;2;2;2;2;1;1;1;2; ;2;2;1;4;1;3;1;1;1;2;1;1;01;05;07;05;1092,49417037234
4668950;1;3;2;1;1;1;1;1;3;4; ; ; ;650000; ;2;1;1;1;1;1;1;2;2;2;1;2;2;1;2;2;2;2;2;1;2;1;3;3;2; ;1;2;1;4;1;3;1;1;1;2;1;1;01;05;07;05;1086,66855074226
4668951;1;1;1;1;1;1;1;6; ;4; ; ; ;300000; ;2;1;2;2;2;2;2;2;2;2;1;2;2;2;2;2;1;1;2;2;2;2; ;1;2; ;1;3;1;4;1;3;2;1;1;2;1;1;01;05;07;05;1190,73883698528
4668952;1;1;1;1;2;1;1;1;4;3; ; ; ; ;250000;2;1;2;2;2;2;1;2;2;2;1;2;2;2;2;2;2;2;2;2;2;1;1;1;2; ;1;3;1;4;1;3;2;1;1;2;1;1;01;05;07;05;1132,26090211193
4668953;1;4;3;1;1;1;1;1;4;2; ;380000;75000000;480000; ;2;1;2;1;1;1;1;1;1;2;1;1;1;2;2;2;2;2;2;2;2;1;4;5;2; ;1;2;1;4;1;2;2;1;1;3;1;1;01;05;07;05;943,783937897648
4668954;1;3;1;1;1;1;1;1;4;1; ; ;50000000;500000; ;1;1;2;1;1;2;1;2;2;2;1;2;2;2;2;2;2;2;2;2;2;1;1;1;2; ;1;2;1;4;1;2;2;1;1;2;1;1;01;05;07;05;1208,14056640759
4668955;1;1;1;1;1;1;1;2;4;4; ; ; ;150000; ;2;1;2;2;2;1;1;2;2;2;1;2;2;2;2;2;2;2;2;2;2;1;1;2;2; ;1;3;1;2;1;3;2;1;1;2;1;1;01;05;07;05;1067,95734760849
4668956;1;3;2;1;1;1;1;1;3;3; ; ; ; ;718000;1;1;1;1;1;1;1;1;1;1;1;1;1;1;2;2;1;2;2;2;2;1;2;4;2; ;1;2;1;4;1;3;1;1;1;2;1;1;01;05;07;05;3395,74452106978
4668957;1;5;3;1;1;1;1;1;3;1; ; ;98;600000; ;1;1;1;1;1;1;1;2;1;1;1;2;2;2;2;2;1;2;2;2;1;1;3;3;2; ;1;2;1;3;1;2;1;1;1;2;1;1;01;05;07;05;977,447177781587
4668958;1;6;2;1;1;1;1;1;3;4; ; ; ;900000; ;1;1;1;1;1;1;1;2;2;1;1;2;1;1;2;2;2;1;1;2;2;1;1;3;2; ;1;2;1;4;1;2;1;1;1;2;1;1;01;05;07;05;1440,19235647291
4668959;1;5;2;1;1;1;1;1;3;1; ; ;150000000;400000; ;2;2;2;1;1;1;1;2;2;1;1;1;1;2;2;2;2;2;2;2;2;1;1;2;2; ;1;2;1;2;1;2;1;1;1;2;1;1;01;05;07;05;1092,49417037234
4668960;1;3;1;1;1;1;1;1;3;4; ; ; ;700000; ;2;1;2;1;1;1;1;1;1;1;1;1;1;2;2;2;1;2;2;2;2;1;1;1;2; ;1;2;1;4;1;3;1;1;1;2;1;1;01;05;07;05;1132,26090211193
4668961;1;4;2;1;1;1;1;1;4;1; ; ;99;600000; ;1;1;1;1;1;1;1;1;1;2;1;1;2;1;1;2;1;1;2;2;2;1;2;2;2; ;1;2;1;4;1;3;2;1;1;2;1;1;01;05;07;05;2072,83400088652
4668962;1;5;3;1;1;1;1;1;4;4; ; ; ;500000; ;2;1;2;1;1;1;1;2;1;1;1;1;2;2;2;2;2;2;2;2;2;1;3;3;2; ;1;2;1;4;1;2;2;1;1;2;1;1;01;05;07;05;1003,48128807956
4668962;2;2;2;1;1;1;1;1;4;4; ; ; ;98; ;2;1;2;1;1;1;1;2;1;2;1;2;1;2;2;2;1;2;2;2;2;1;4;4;2; ;2;2;1;4;1;2;2;1;1;2;1;1;01;05;07;05;1003,48128807956
4668963;1;3;3;1;1;1;1;1;1;4; ; ; ;350000; ;1;1;1;1;1;1;1;2;1;1;1;2;2;2;2;2;2;2;2;2;2;1;3;4;2; ;1;2;1;2;1;2;2;1;1;2;1;1;01;05;07;05;1123,45702980273
4668964;1;3;1;1;1;1;1;1;3;4; ; ; ;450000; ;2;1;2;1;1;1;1;2;1;1;1;2;1;2;2;2;1;2;2;2;2;1;2;2;2; ;1;2;1;4;1;3;1;1;1;2;1;1;01;05;07;05;1124,03451753757
4668965;1;4;2;1;1;1;1;1;3;1; ; ;130000000;700000; ;1;1;1;1;1;1;1;1;1;1;1;1;1;1;2;2;1;2;2;2;2;1;2;2;2; ;1;2;1;4;1;2;1;1;1;2;1;1;01;05;07;05;1168,373834668
4668966;1;5;4;1;1;1;1;1;3;4; ; ; ;450000; ;2;2;2;1;1;1;1;2;2;1;1;2;2;2;2;2;2;2;2;2;2;1;4;4;2; ;1;2;1;4;1;2;1;1;1;2;1;1;01;05;07;05;686,104033835668
4668967;1;4;1;1;1;1;1;1;3;1; ; ;98;1800000; ;1;1;1;1;1;1;1;1;2;1;1;2;2;1;1;2;2;1;1;1;2;1;2;2;2; ;1;1;1;4;1;4;1;1;1;2;1;1;01;05;07;05;1182,51245241093
4668968;1;6;1;1;1;1;1;1;3;4; ; ; ;700000; ;2;1;2;1;1;1;1;1;2;1;1;2;2;2;2;2;2;2;1;2;2;1;2;2;2; ;1;2;1;4;1;2;1;1;1;2;1;1;01;05;07;05;1168,373834668
4668969;1;5;1;1;1;1;1;1;4;1; ; ;800000000;2500000; ;1;1;1;1;1;1;1;1;1;1;1;1;1;1;1;2;1;2;2;1;2;1;2;2;2; ;1;1;1;4;1;5;2;1;1;2;1;1;01;05;07;05;1168,373834668
4668970;1;5;3;1;1;1;1;1;4;1; ; ;150000000;800000; ;1;1;1;1;1;1;1;1;1;2;1;2;2;1;2;2;2;2;2;2;2;1;3;3;2; ;1;2;1;4;1;3;2;1;1;2;1;1;01;05;07;05;1563,89587100867
4668971;1;3;2;1;1;1;1;1;1;3; ; ; ; ;1200000;2;2;1;1;1;1;1;1;2;2;1;1;1;1;1;2;1;1;1;1;1;1;2;3;2; ;1;1;1;4;1;5;2;1;1;2;1;1;01;05;07;05;1440,19235647291
4668972;1;6;2;1;1;1;1;1;4;2; ;2000000;400000000;1000000; ;1;1;1;1;1;1;1;1;1;1;1;2;2;2;2;2;2;2;2;1;2;1;3;3;2; ;1;1;1;4;1;5;2;1;1;2;1;1;01;05;07;05;991,585795524514
4668973;1;6;1;1;1;1;1;1;4;1; ; ;98;2000000; ;1;1;1;1;1;1;1;1;2;1;1;1;1;1;2;2;1;1;2;1;2;1;2;2;2; ;1;1;1;4;1;5;2;1;1;2;1;1;01;05;07;05;1168,373834668
4668974;1;6;1;1;1;1;1;1;3;1; ; ;98;98; ;1;2;2;1;1;1;1;1;2;2;1;1;2;2;2;2;2;2;2;2;2;1;1;4;2; ;1;2;1;4;1;2;1;1;1;2;1;1;01;05;07;05;969,220793207232
4668975;1;3;2;1;1;1;1;1;3;2; ;335000;80000000;400000; ;1;1;1;1;1;1;1;1;1;2;1;2;1;1;2;2;1;2;2;2;2;1;2;2;2; ;1;2;1;4;1;2;1;1;1;2;1;1;01;05;07;05;1150,97210524569
4668976;1;3;1;1;1;1;1;1;1;3; ; ; ; ;750000;1;1;1;1;1;1;1;2;2;1;1;2;2;1;2;2;1;1;2;2;2;1;1;1;2; ;1;2;1;4;1;3;1;1;1;2;1;1;01;05;07;05;2381,47767397056
4668977;1;3;2;1;1;1;1;3;3;4; ; ; ;400000; ;1;1;1;1;1;1;1;2;2;1;1;2;1;1;2;2;2;1;2;2;2;1;1;2;2; ;1;2;1;4;1;2;1;1;1;2;1;1;01;05;07;05;1322,61007126349
4668978;1;1;1;1;1;1;1;1;3;3; ; ; ; ;330000;1;1;1;1;1;1;1;2;2;2;1;2;1;2;2;2;1;2;1;2;2;1;2;4;2; ;1;2;1;2;1;2;1;1;1;2;1;1;01;05;07;05;1476,30528902898
4668979;1;4;2;1;1;1;1;1;3;4; ; ; ;600000; ;1;1;2;1;1;1;1;2;1;1;1;1;1;1;2;2;2;2;2;1;2;1;2;3;2; ;1;2;1;4;1;3;1;1;1;2;1;1;01;05;07;05;2880,38471294582
4668980;1;1;1;1;1;1;1;6; ;4; ; ; ;250000; ;2;2;2;2;2;2;2;2;2;2;1;2;2;2;2;2;2;2;2;2;2;2; ;2;2; ;1;3;1;2;1;3;2;1;1;2;1;1;01;05;07;05;1168,373834668
4668981;1;4;2;1;1;1;1;1;3;1; ; ;98;98; ;1;1;1;2;1;1;1;1;2;2;1;2;2;1;2;1;1;2;2;1;2;1;2;2;2; ;1;2;1;4;1;6;1;1;1;3;1;1;01;08;07;08;557,248686485081
4668982;1;4;2;1;1;1;1;1;3;4; ; ; ;700000; ;2;2;2;2;1;1;1;2;2;2;1;1;2;2;2;1;1;2;2;2;2;1;2;2;2; ;1;1;1;2;1;2;1;1;1;3;1;1;01;08;07;08;550,020278995197
4668983;1;4;3;1;1;1;1;1;3;1; ; ;90000000;700000; ;1;1;1;1;1;1;1;1;1;2;1;2;2;1;2;1;1;2;2;1;2;1;3;5;2; ;1;1;1;4;1;2;1;1;1;3;1;1;01;08;07;08;613,864028356047
4668984;1;2;1;1;1;1;1;1;3;3; ; ; ; ;1300000;2;1;1;1;1;1;1;1;2;1;1;1;2;1;2;2;2;2;2;2;2;1;2;2;2; ;1;2;1;4;1;2;1;1;1;3;1;1;01;11;07;11;3159,38837909658
4668985;1;4;1;2;1;1;1;1;3;1; ; ;100000000;5000000; ;1;1;1;1;1;1;1;1;1;1;1;1;1;1;1;2;2;1;2;1;2;1;2;2;2; ;1;1;1;4;1;5;1;2;1;3;1;1;01;11;07;11;2598,05569570257
4668986;1;2;1;1;1;1;1;1;3;3; ; ; ; ;1500000;1;1;1;1;1;1;1;1;2;1;1;1;1;1;2;2;2;1;2;1;2;1;2;2;2; ;1;2;1;4;1;2;1;1;1;3;1;1;01;11;07;11;3159,38837909658
4668987;1;4;2;1;1;1;1;3;3;3; ; ; ; ;2300000;1;1;1;1;1;1;1;1;1;2;1;1;1;2;2;1;1;2;2;2;2;1;2;3;2; ;1;2;1;4;1;6;1;1;1;7;1;1;01;13;07;13;383,5635475321
4668988;1;2;1;6; ;3;2;4;3;4; ; ; ;120000; ;2;2;2;2;1;2;1;2;2;2;1;2;2;2;2;2;1;2;2;2;2;1;1;5;2; ;1;1;1;1;1;1;1;2;2; ;2; ;01;13;07;13;426,098858485693
4668989;1;3;2;1;1;1;1;3;3;1; ; ;98;450000; ;2;1;2;1;1;1;1;2;2;2;1;2;2;2;2;2;1;2;2;2;2;1;2;2;2; ;1;2;1;4;1;3;1;1;1;3;1;1;01;13;07;13;368,250787119472
4668990;1;3;2;1;1;1;1;3;3;3; ; ; ; ;400000;2;1;2;1;1;1;1;2;2;2;1;2;2;2;2;2;1;2;2;2;2;1;4;6;2; ;1;2;1;2;1;2;1;1;1;3;1;1;01;13;07;13;443,879687715031
4668991;1;4;3;1;1;1;1;3;3;1; ; ;98;600000; ;2;1;1;1;1;1;1;1;1;2;1;1;1;2;2;2;1;2;1;2;2;1;2;4;2; ;1;1;1;4;1;3;1;1;1;3;1;1;01;13;07;13;440,313516485152
4668992;1;3;2;1;1;1;1;3;3;1; ; ;98;560000; ;2;1;1;1;1;1;1;2;2;2;1;2;1;2;2;2;1;2;2;2;2;1;2;3;2; ;1;2;1;4;1;2;1;1;1;3;1;1;01;13;07;13;367,70536489184
4668993;1;4;3;1;1;1;1;3;3;4; ; ; ;600000; ;1;1;1;1;1;1;1;1;2;2;1;1;1;2;2;2;1;2;2;2;2;1;2;3;2; ;1;2;1;4;1;3;1;1;1;3;1;1;01;13;07;13;341,01670003556
4668994;1;3;2;1;1;1;1;3;3;3; ; ; ; ;480000;2;1;1;1;1;1;1;2;2;2;1;2;2;2;2;2;1;2;2;2;2;2; ;1;2; ;1;2;1;4;1;2;1;1;1;3;1;1;01;13;07;13;382,733716919501
4668995;1;2;1;1;1;1;1;3;3;3; ; ; ; ;350000;2;2;2;2;1;2;1;2;2;2;2;2;2;2;2;2;1;2;2;2;2;1;1;2;2; ;1;2;1;4;1;3;1;1;1;3;1;1;01;13;07;13;394,159477590843
4668996;1;5;1;1;1;1;1;1;3;1; ; ;130000000;700000; ;1;1;1;1;1;1;1;1;2;2;1;2;2;1;2;2;1;2;2;2;2;1;2;2;2; ;1;2;1;4;1;2;1;1;1;3;1;1;01;13;07;13;409,83729708208
4668997;1;5;4;1;1;1;1;1;3;1; ; ;170000000;700000; ;1;1;1;1;1;1;1;1;2;2;1;1;1;1;2;2;1;2;1;2;2;1;4;8;2; ;1;2;1;4;1;2;1;1;1;3;1;1;01;13;07;13;864,920251036689
4668998;1;3;2;1;1;1;1;1;3;3; ; ; ; ;400000;2;1;2;1;1;1;1;2;2;2;1;2;2;2;2;2;1;2;2;2;2;1;2;5;2; ;1;2;1;4;1;1;1;1;1;3;1;1;01;13;07;13;752,299910910169
4668999;1;4;3;1;1;1;1;1;3;1; ; ;160000000;700000; ;1;1;1;1;1;1;1;1;2;2;1;2;1;1;2;2;1;2;1;2;2;1;4;4;2; ;1;2;1;4;1;2;1;1;1;3;1;1;01;13;07;13;891,436371237919
4669000;1;3;2;1;1;1;1;1;3;3; ; ; ; ;500000;2;1;1;1;1;1;1;2;2;2;1;2;2;1;2;2;1;2;1;2;2;1;2;4;2; ;1;2;1;4;1;2;1;1;1;3;1;1;01;13;07;13;751,470080297569
4669001;1;3;2;1;1;1;1;1;3;3; ; ; ; ;450000;2;1;2;1;1;1;1;2;2;2;1;2;2;2;2;2;1;2;2;2;2;1;2;3;2; ;1;2;1;4;1;1;1;1;1;3;1;1;01;13;07;13;805,938254465393
4669002;1;4;2;1;1;1;1;1;3;1; ; ;190000000;700000; ;1;1;1;1;1;1;1;1;2;2;1;2;1;1;2;2;1;2;1;2;2;1;3;3;2; ;1;1;1;4;1;2;1;1;1;3;1;1;01;13;07;13;405,627517639482
4669003;1;2;1;1;1;1;1;1;3;3; ; ; ; ;450000;1;1;1;1;1;1;1;2;2;2;1;2;2;1;2;2;1;2;1;2;2;1;3;4;2; ;1;1;1;4;1;2;1;1;1;3;1;1;01;13;07;13;374,719135230861
4669004;1;4;3;1;1;1;1;1;3;3; ; ; ; ;98;1;1;1;1;1;1;1;1;2;2;1;2;1;1;2;2;1;2;2;1;2;1;2;4;2; ;1;2;1;4;1;3;1;1;1;3;1;1;01;13;07;13;321,909075486633
4669005;1;3;2;1;1;1;1;3;3;3; ; ; ; ;600000;2;2;2;1;1;1;1;1;2;2;1;1;1;2;2;2;1;2;2;2;2;1;2;4;2; ;1;2;1;4;1;3;1;1;1;3;1;1;01;13;07;13;333,198130761987
4669006;1;4;3;1;1;1;1;3;3;3; ; ; ; ;700000;2;1;1;1;1;1;1;1;2;2;1;2;1;1;2;2;1;2;1;2;2;1;3;5;2; ;1;2;1;4;1;3;1;1;1;3;1;1;01;13;07;13;298,283778233695
4669007;1;3;2;1;1;1;1;1;3;4; ; ; ;750000; ;2;1;2;1;1;1;1;1;2;2;1;1;1;2;2;2;1;2;2;2;2;1;2;3;2; ;1;2;1;4;1;3;1;1;1;3;1;1;01;13;07;13;336,392005286662
4669008;1;4;3;1;1;1;1;1;3;1; ; ;98;650000; ;1;1;1;1;1;1;1;2;2;2;1;2;1;1;2;2;1;2;2;2;2;1;2;3;2; ;1;2;1;4;1;3;1;1;1;3;1;1;01;13;07;13;394,574392897143
4669009;1;2;1;1;1;1;1;1;3;4; ; ; ;300000; ;2;1;1;1;1;1;1;2;2;2;1;2;2;2;2;2;1;2;2;2;2;1;1;1;2; ;1;2;1;4;1;3;1;1;1;3;1;1;01;13;07;13;378,109022170602
4669054;1;4;3;1;1;1;1;1;3;3; ; ; ; ;500000;2;1;1;1;1;1;1;2;2;1;1;2;2;1;2;2;2;1;1;1;2;1;3;3;2; ;1;2;1;4;1;3;1;1;1;2;1;1;01;17;07;17;177,447986955153
4669055;1;4;3;1;1;1;1;1;3;3; ; ; ; ;540000;2;1;1;1;1;1;1;1;1;1;1;2;1;2;2;2;2;2;2;1;2;1;4;5;2; ;1;2;1;4;1;3;1;1;1;2;1;1;01;17;07;17;245,391303808922
4669056;1;4;2;1;1;1;1;1;3;3; ; ; ; ;580000;1;1;1;1;1;2;1;2;2;1;1;2;1;1;2;2;2;2;2;2;1;1;3;3;2; ;1;2;1;4;1;3;1;1;1;2;1;1;01;17;07;17;252,041124999283
4669057;1;3;1;1;1;1;1;1;3;2; ;480000;110000000;600000; ;1;2;2;1;1;1;1;2;1;1;1;1;1;1;2;2;1;2;2;2;2;2; ;1;2; ;1;2;1;4;1;3;1;1;1;2;1;1;01;17;07;17;220,805878835912
4669058;1;3;2;1;1;1;1;1;3;3; ; ; ; ;350000;2;1;2;1;1;2;1;2;2;2;1;2;1;2;2;2;2;2;1;2;2;1;2;3;2; ;1;2;1;4;1;3;1;1;1;2;1;1;01;17;07;17;244,432251589795
4669059;1;4;3;1;1;1;1;1;3;3; ; ; ; ;580000;1;1;1;1;1;1;1;2;1;2;1;2;2;1;2;2;2;2;2;2;2;1;3;3;2; ;1;2;1;4;1;4;1;1;1;2;1;1;01;17;07;17;149,087342615022
4669060;1;4;1;1;1;1;1;1;3;3; ; ; ; ;500000;1;1;1;1;1;1;1;1;1;1;1;1;1;1;1;2;2;2;2;2;2;1;1;1;2; ;1;2;1;4;1;4;1;1;1;2;1;1;01;17;07;17;184,405729467149
4669062;1;3;1;1;1;1;1;1;3;3; ; ; ; ;500000;2;1;2;1;1;1;1;1;1;2;1;2;1;2;2;2;2;2;2;2;2;1;1;1;2; ;1;2;1;4;1;4;1;1;1;2;1;1;01;17;07;17;184,405729467149
4669063;1;4;3;1;1;1;1;1;3;1; ; ;125000000;650000; ;2;1;2;1;1;1;1;2;2;1;1;2;1;2;1;2;2;1;1;2;2;1;2;3;2; ;1;2;1;4;1;4;1;1;1;2;1;1;01;17;07;17;156,781386259388
4669064;1;2;1;1;1;1;1;1;4;3; ; ; ; ;340000;2;1;2;1;1;1;1;2;2;2;1;2;1;2;2;2;2;1;1;2;2;1;2;3;2; ;1;2;1;4;1;2;2;1;1;2;1;1;01;17;07;17;236,61549764792
4669065;1;3;2;1;1;1;1;1;3;2; ;90000000;90000000;500000; ;1;1;1;1;1;1;1;1;1;1;1;2;1;2;2;2;2;2;2;2;2;1;2;2;2; ;1;2;1;4;1;4;1;1;1;2;1;1;01;17;07;17;162,995052756418
4669066;1;5;2;1;1;1;1;1;3;1; ; ;140000000;500000; ;1;1;1;1;1;1;1;2;2;1;1;1;1;1;2;2;2;1;2;2;2;1;3;3;2; ;1;1;1;4;1;3;1;1;1;2;1;1;01;17;07;17;159,611720037936
4669067;1;2;1;1;1;1;1;1;4;3; ; ; ; ;400000;2;1;2;1;1;1;1;2;2;2;1;2;2;1;2;2;2;1;2;2;2;1;2;2;2; ;1;2;1;4;1;2;2;1;1;2;1;1;01;17;07;17;181,022396748666
4669068;1;3;1;1;1;1;1;1;3;1; ; ;150000000;1000000; ;1;1;1;1;1;1;1;1;1;1;1;1;1;1;2;2;1;2;2;1;2;1;2;2;2; ;1;2;1;4;1;4;1;1;1;2;1;1;01;17;07;17;162,995052756418
4669069;1;2;1;1;1;1;1;1;4;3; ; ; ; ;360000;2;1;2;1;1;1;2;2;2;2;1;2;2;2;2;2;2;1;1;2;2;1;2;2;2; ;1;2;1;4;1;2;2;1;1;2;1;1;01;17;07;17;173,413523339177
4669070;1;2;2;1;1;1;1;1;4;3; ; ; ; ;380000;2;1;2;2;1;1;1;2;2;2;2;2;1;2;2;2;2;2;2;2;2;1;2;2;2; ;1;2;1;4;1;2;1;1;1;2;1;1;01;17;07;17;181,022396748666
4669071;1;3;2;1;1;1;1;1;4;3; ; ; ; ;500000;1;1;1;1;1;1;1;1;2;2;1;1;2;1;2;2;1;1;2;2;2;1;2;2;2; ;1;2;1;4;1;4;2;1;1;2;1;1;01;17;07;17;206,898168694516
4669072;1;5;3;1;1;1;1;1;3;4; ; ; ;500000; ;2;1;2;1;1;1;1;2;2;2;1;2;1;1;2;2;2;1;1;2;2;1;4;4;2; ;1;2;1;4;1;2;1;1;1;2;1;1;01;17;07;17;179,082748411725
4669073;1;4;2;1;1;1;1;1;3;3; ; ; ; ;400000;2;1;2;1;1;1;1;2;2;1;1;2;2;1;2;2;2;2;2;2;2;1;2;3;2; ;1;2;1;4;1;3;1;1;1;2;1;1;01;17;07;17;141,563639440411
4669074;1;4;3;1;1;1;1;1;3;3; ; ; ; ;615000;1;1;1;1;1;1;1;2;1;2;1;2;1;1;2;2;2;2;2;2;2;1;3;3;2; ;1;2;1;4;1;4;1;1;1;2;1;1;01;17;07;17;164,714984447867
4669075;1;1;1;1;1;1;1;1;3;3; ; ; ; ;350000;1;1;1;1;1;1;1;2;2;2;1;1;2;1;2;2;2;2;2;2;2;1;1;1;2; ;1;2;1;4;1;2;1;1;1;2;1;1;01;17;07;17;187,236063245696
4669076;1;1;1;1;1;1;1;1;3;3; ; ; ; ;450000;2;1;1;1;1;1;1;2;2;2;1;2;1;2;2;2;2;2;2;2;2;1;1;2;2; ;1;2;1;4;1;2;1;1;1;2;1;1;01;17;07;17;276,282135488561
4669077;1;4;3;1;1;1;1;1;3;1; ; ;120000000;400000; ;2;1;1;1;1;1;1;2;2;2;1;1;1;2;2;2;2;2;2;1;2;1;5;5;2; ;1;1;1;4;1;3;1;1;1;2;1;1;01;17;07;17;147,423941587989
4669078;1;3;2;1;1;1;1;1;3;3; ; ; ; ;400000;2;1;2;1;2;1;1;2;2;2;1;2;2;2;2;2;2;1;2;2;2;1;2;3;2; ;1;2;1;4;1;2;1;1;1;2;1;1;01;17;07;17;228,889779991827
4669079;1;5;2;1;1;1;1;1;3;3; ; ; ; ;450000;2;1;2;1;1;1;1;1;2;2;1;2;1;2;2;2;2;1;1;2;2;1;2;4;2; ;1;2;1;4;1;2;1;1;1;2;1;1;01;17;07;17;259,299013950318
4669080;1;3;1;1;1;1;1;1;3;1; ; ;110000000;500000; ;1;1;1;1;1;1;1;1;2;1;1;2;1;1;2;2;2;2;2;2;2;1;2;2;2; ;1;2;1;4;1;4;1;1;1;2;1;1;01;17;07;17;162,995052756418
4669083;1;4;3;1;1;1;1;1;3;2; ;250000;70000000;600000; ;1;1;1;1;1;1;1;1;2;2;1;2;1;1;2;2;2;2;2;1;2;1;4;4;2; ;1;2;1;4;1;3;1;1;1;2;1;1;01;17;07;17;179,273825486756
4669084;1;4;3;1;1;1;1;1;3;3; ; ; ; ;400000;2;1;2;1;1;1;1;2;2;2;1;1;1;2;2;2;2;1;2;2;2;1;3;4;2; ;1;2;1;4;1;3;1;1;1;3;1;1;01;17;07;17;258,991092628683
4669085;1;4;3;1;1;1;1;1;3;2; ;270000;100000000;500000; ;1;1;1;1;1;1;1;1;1;1;1;1;2;1;2;2;2;2;2;2;2;1;4;5;2; ;1;1;1;4;1;3;1;1;1;2;1;1;01;17;07;17;113,854125997773
4669086;1;3;2;1;1;1;1;1;3;3; ; ; ; ;350000;2;1;2;1;1;1;1;2;2;2;1;1;2;2;2;2;2;1;1;2;2;1;3;3;2; ;1;2;1;4;1;3;1;1;1;2;1;1;01;17;07;17;291,148897849085
4669087;1;4;3;1;1;1;1;1;3;3; ; ; ; ;350000;1;1;2;2;1;1;1;1;2;1;1;2;2;2;2;2;2;2;2;2;2;1;1;5;2; ;1;2;4;4;1;3;1;1;1;2;1;1;01;17;07;17;304,13404893345
4669088;1;3;2;1;1;1;1;1;3;3; ; ; ; ;700000;2;2;1;1;1;1;1;2;2;2;1;1;1;1;2;2;2;2;2;2;2;1;3;4;2; ;1;2;1;4;1;3;1;1;1;2;1;1;01;17;07;17;259,299013950318
4669089;1;3;2;1;1;1;1;1;3;3; ; ; ; ;450000;2;1;2;1;2;1;1;1;2;1;1;2;2;2;2;2;2;2;1;2;2;1;3;4;2; ;1;2;1;4;1;3;1;1;1;2;1;1;01;17;07;17;269,738221138354
4669090;1;4;2;1;1;1;1;1;3;3; ; ; ; ;770000;1;1;1;2;1;1;1;1;2;2;1;2;1;1;2;2;2;1;2;2;2;1;1;2;2; ;1;2;1;4;1;3;1;1;1;2;1;1;01;17;07;17;160,164718977871
4669091;1;5;3;1;1;1;1;1;3;1; ; ;250000000;1000000; ;2;1;1;1;1;1;1;2;2;1;1;1;2;1;2;2;2;1;2;1;2;1;4;4;2; ;1;2;1;4;1;3;1;1;1;2;1;1;01;17;07;17;277,241187707689
4669092;1;4;1;1;1;1;1;1;3;4; ; ; ;500000; ;2;1;2;1;1;1;1;1;1;1;1;2;2;2;2;2;2;2;2;2;2;1;1;1;2; ;1;2;1;6;1;3;1;1;1;2;1;1;01;17;07;17;184,405729467149
4669093;1;4;3;1;1;1;1;1;3;3; ; ; ; ;460000;1;1;1;1;1;1;1;1;1;1;1;2;1;1;2;2;2;1;2;2;2;1;4;4;2; ;1;2;1;4;1;3;1;1;1;2;1;1;01;17;07;17;135,264802708504
4669152;1;4;2;1;1;1;1;1;3;3; ; ; ; ;500000;2;1;1;1;1;1;1;2;2;2;1;2;2;1;2;1;1;2;1;2;2;1;2;4;2; ;1;2;1;2;1;3;1;1;1;3;1;1;01;23;07;23;197,554470128633
4669153;1;3;1;1;1;1;1;1;3;3; ; ; ; ;350000;1;1;1;2;1;1;1;2;2;2;1;2;1;1;2;1;1;1;1;1;2;1;2;3;2; ;1;2;1;2;1;3;1;1;1;3;1;1;01;23;07;23;175,214248171188
4669154;1;4;2;1;1;1;1;1;3;1; ; ;65000000;450000; ;1;1;2;1;1;1;1;2;2;2;1;2;2;2;2;2;1;2;2;2;2;1;1;4;2; ;1;1;1;2;1;1;1;1;1;3;1;1;01;23;07;23;123,309717575599
4669155;1;4;2;1;1;1;1;1;3;4; ; ; ;300000; ;2;1;2;1;1;1;1;1;2;2;1;2;1;2;2;2;1;1;1;2;2;1;2;4;2; ;1;1;1;2;1;1;1;1;1;3;1;1;01;23;07;23;163,304467895992
4669156;1;4;3;1;1;1;1;1;3;1; ; ;50000000;450000; ;1;1;2;1;1;1;1;1;2;2;1;2;1;2;2;2;1;2;2;2;2;1;3;6;2; ;1;1;1;4;1;1;1;1;1;3;1;1;01;23;07;23;158,819952039131
4669157;1;2;1;1;1;1;1;2;1;4; ; ; ;900000; ;2;1;1;1;2;2;1;2;2;2;1;2;2;1;2;1;1;2;1;2;2;1;2;2;2; ;1;2;1;4;1;2;2;1;1;3;1;1;01;23;07;23;177,096796641033
4669158;1;4;3;1;1;1;1;1;3;1; ; ;55000000;350000; ;2;1;2;1;1;1;1;2;2;2;1;2;2;2;2;2;1;2;1;2;2;1;3;7;2; ;1;1;1;2;1;1;1;1;1;3;1;1;01;23;07;23;126,300675096785
4669159;1;3;1;1;1;1;1;1;3;1; ; ;100000000;400000; ;1;1;2;1;1;1;1;2;2;2;1;2;2;2;2;2;1;2;2;2;2;1;1;1;2; ;1;2;1;2;1;2;1;1;1;3;1;1;01;23;07;23;157,686196110987
4669159;2;4;2;1;1;1;1;1;3;4; ; ; ;400000; ;2;1;1;1;1;1;1;2;2;2;1;2;2;1;2;1;1;2;1;2;2;1;2;5;2; ;2;2;1;2;1;2;1;1;1;3;1;1;01;23;07;23;157,686196110987
4669160;1;3;1;1;1;1;10;1;3;4; ; ; ;300000; ;2;1;1;2;1;1;1;2;2;2;1;2;2;1;2;2;1;2;1;2;2;1;2;2;2; ;1;2;1;2;1;1;1;1;1;3;1;1;01;23;07;23;177,096796641033
4669161;1;1;1;1;2;1;1;2;4;4; ; ; ;100000; ;2;2;2;2;1;1;1;2;2;2;1;2;2;2;2;2;1;2;1;2;2;1;2;3;2; ;1;4;1;2;1;1;2;1;1;3;1;1;01;23;07;23;169,020975365249
4669162;1;4;1;1;1;1;1;1;3;4; ; ; ;500000; ;2;1;1;1;1;1;1;1;2;2;1;2;1;1;2;1;1;2;1;2;2;1;2;2;2; ;1;2;1;2;1;2;1;1;1;3;1;1;01;23;07;23;177,096796641033
4669163;1;4;1;1;1;1;1;1;3;1; ; ;90000000;500000; ;1;1;1;1;1;1;1;2;2;2;1;2;1;2;2;2;1;2;2;2;2;1;2;2;2; ;1;2;1;4;1;2;1;1;1;3;1;1;01;23;07;23;107,105577452006
4669164;1;3;2;1;1;1;1;1;3;3; ; ; ; ;300000;2;1;2;2;1;1;1;2;2;2;1;2;2;2;2;2;1;1;2;2;2;1;2;3;2; ;1;2;1;2;1;1;1;1;1;3;1;1;01;23;07;23;175,214248171188
4669165;1;4;3;1;1;1;1;1;3;3; ; ; ; ;400000;1;1;1;1;1;1;1;1;1;2;1;2;1;1;2;2;1;1;1;2;2;1;4;6;2; ;1;1;1;2;1;1;1;1;1;3;1;1;01;23;07;23;138,287516415727
4669166;1;3;2;1;1;1;1;1;3;3; ; ; ; ;450000;2;1;2;1;1;1;1;2;2;2;1;2;2;2;2;2;1;1;2;2;2;1;2;5;2; ;1;1;1;2;1;2;1;1;1;3;1;1;01;23;07;23;171,449151231499
4669167;1;3;2;1;1;1;1;1;3;3; ; ; ; ;300000;2;1;2;1;1;1;1;2;2;2;1;2;2;2;2;2;1;2;1;2;2;1;2;3;1;1;1;2;1;4;1;1;1;1;1;3;1;1;01;23;07;23;159,64952747534
4669168;1;3;2;1;1;1;1;1;3;3; ; ; ; ;550000;2;1;1;1;1;1;1;2;2;2;1;2;2;2;2;2;1;1;2;2;2;1;1;3;2; ;1;2;1;4;1;2;1;1;1;3;1;1;01;23;07;23;159,707925123448
4669169;1;3;2;1;1;1;1;1;3;1; ; ;60000000;400000; ;2;1;2;1;1;1;1;1;2;2;1;2;1;2;2;2;1;2;2;2;2;1;1;2;2; ;1;1;1;4;1;1;1;1;1;3;1;1;01;23;07;23;107,105577452006
4669170;1;3;2;1;1;1;1;1;3;3; ; ; ; ;550000;2;1;1;2;1;1;1;2;2;2;1;2;2;2;2;2;1;2;2;2;2;1;2;4;2; ;1;2;1;2;1;3;1;1;1;3;1;1;01;23;07;23;163,304467895992
4669171;1;2;1;1;1;1;1;1;3;3; ; ; ; ;250000;2;1;2;2;2;1;1;2;2;2;1;2;2;2;2;2;1;1;2;2;2;1;1;4;2; ;1;2;1;2;1;1;1;1;1;3;1;1;01;23;07;23;166,044405219728
4669172;1;2;1;2;1;1;1;4;3;3; ; ; ; ;220000;2;1;2;2;2;1;1;1;2;2;1;2;2;2;2;2;1;2;1;2;2;1;2;3;2; ;1;2;1;2;1;1;1;2;1;3;1;1;01;23;07;23;187,325633384833
4669173;1;4;3;1;1;1;1;1;3;1; ; ;30000000;150000; ;2;1;2;1;1;1;1;2;2;2;1;2;2;2;2;2;1;1;1;2;2;1;2;6;2; ;1;2;1;2;1;1;1;1;1;3;1;1;01;23;07;23;108,726146223263
4669174;1;2;1;2;1;1;10;2;1;1; ; ;98;200000; ;2;2;2;2;2;2;1;2;2;2;1;2;2;2;2;2;1;2;2;2;2;1;1;1;2; ;1;2;1;2;1;1;2;2;1;3;2; ;01;23;07;23;139,611428352334
4669175;1;4;3;2;1;1;1;1;3;1; ; ;80000000;400000; ;2;1;2;1;1;1;1;1;2;2;1;1;1;2;2;1;1;1;2;2;2;1;3;7;2; ;1;1;1;4;1;1;1;2;1;3;1;1;01;23;07;23;118,08164653066
4669176;1;3;1;1;1;1;1;1;3;1; ; ;30000000;200000; ;2;2;2;2;1;1;1;2;2;2;1;2;2;2;2;2;1;2;2;2;2;1;1;1;2; ;1;1;1;1;1;1;1;1;1;3;1;1;01;23;07;23;120,6799367709
4669177;1;3;1;1;1;1;3;1;3;4; ; ; ;100000; ;2;1;2;2;2;1;1;2;2;2;1;2;2;2;2;2;1;2;1;2;2;1;1;3;2; ;1;2;1;1;1;1;1;1;1;3;1;1;01;23;07;23;136,358491132561
4669178;1;2;2;1;1;1;1;1;3;4; ; ; ;450000; ;2;1;2;1;1;1;1;2;2;2;1;2;2;2;2;2;1;1;2;2;2;1;3;5;2; ;1;2;1;4;1;1;1;1;1;3;1;1;01;23;07;23;180,820599121407
4669179;1;3;2;1;1;1;1;1;3;3; ; ; ; ;350000;2;1;2;1;1;1;1;2;2;2;1;2;2;2;2;2;1;1;2;2;2;1;2;5;2; ;1;2;1;2;1;1;1;1;1;3;1;1;01;23;07;23;152,937234014659
4669261;1;4;3;1;1;1;1;1;3;4; ; ; ;1000000; ;1;1;1;1;1;1;1;1;2;2;1;2;2;1;2;2;2;1;1;1;2;1;4;4;2; ;1;2;1;4;1;3;1;1;1;3;1;1;01;50;07;50;227,070552002339
4669262;1;4;3;1;1;1;1;1;3;1; ; ;50000000;550000; ;2;1;1;1;1;1;1;2;2;2;1;2;1;1;2;2;1;2;1;2;2;1;3;5;2; ;1;2;1;4;1;3;1;1;1;3;1;1;01;50;07;50;178,589268472894
4669263;1;4;3;1;1;1;1;1;3;1; ; ;98;98; ;1;1;1;1;1;1;1;1;2;2;1;1;2;1;1;1;1;2;2;1;2;1;4;4;2; ;1;1;1;4;1;3;1;1;1;3;1;1;01;50;07;50;184,852488974412
4669264;1;4;3;1;1;1;1;1;3;2; ;835000;230000000;1100000; ;2;1;1;1;1;1;1;1;2;2;1;2;1;1;2;2;1;2;2;1;2;1;4;4;2; ;1;1;1;4;1;3;1;1;1;3;1;1;01;50;07;50;164,242793408244
4669265;1;4;3;1;1;1;1;1;3;3; ; ; ; ;750000;1;1;1;1;1;1;1;1;1;2;1;1;1;1;1;1;1;1;2;1;2;1;4;4;2; ;1;1;1;4;1;3;1;1;1;3;1;2;01;50;07;50;239,371965693023
4669266;1;4;2;1;1;1;1;1;3;1; ; ;240000000;1500000; ;2;1;1;1;1;1;1;1;1;2;1;1;1;1;1;2;1;1;2;1;2;1;2;2;2; ;1;1;1;4;1;3;1;1;1;3;1;1;01;50;07;50;212,735596135966
4669267;1;4;3;1;1;1;1;1;3;1; ; ;250000000;800000; ;2;2;2;1;1;1;1;2;2;2;1;2;1;2;2;2;1;2;2;1;2;1;3;3;2; ;1;1;1;4;1;4;1;1;1;3;1;1;01;50;07;50;182,703139482571
4669268;1;4;1;1;1;1;1;1;3;1; ; ;250000000;1000000; ;1;1;1;1;1;1;1;2;2;2;1;2;2;2;2;1;1;2;2;1;1;1;2;2;2; ;1;1;1;4;1;3;1;1;1;3;1;1;01;50;07;50;235,767066284516
4669269;1;4;3;1;1;1;1;1;3;2; ;634000;240000000;1000000; ;1;1;1;1;1;1;1;1;2;2;1;2;1;1;2;2;1;1;2;1;2;1;2;3;2; ;1;1;1;4;1;3;1;1;1;3;1;1;01;50;07;50;240,868756579852
4669270;1;3;2;1;1;1;1;1;3;1; ; ;170000000;600000; ;2;1;2;1;1;1;1;2;2;2;1;1;1;2;2;1;1;1;2;2;2;1;3;3;2; ;1;1;1;4;1;3;1;1;1;3;1;1;01;50;07;50;110,525773195872
4669271;1;3;1;1;1;1;1;1;3;3; ; ; ; ;650000;2;2;1;1;1;1;1;1;1;2;1;1;1;1;2;2;1;2;2;2;2;1;1;2;2; ;1;1;1;4;1;3;1;1;1;3;1;1;01;50;07;50;227,511114065545
4669272;1;3;2;1;1;1;1;1;3;1; ; ;90000000;650000; ;2;2;1;1;1;1;1;2;2;2;1;2;2;2;2;2;1;1;1;2;2;1;3;4;2; ;1;1;1;4;1;3;1;1;1;3;1;2;01;50;07;50;249,564840350102
4669273;1;4;1;1;1;1;1;6; ;1; ; ;230000000;900000; ;2;1;1;1;1;1;1;1;2;2;1;2;1;1;2;2;1;2;1;1;2;1;1;1;2; ;1;1;1;4;1;3;1;1;1;3;1;1;01;50;07;50;233,237152766276
4669274;1;4;3;1;1;1;1;1;3;3; ; ; ; ;1000000;1;1;1;1;1;1;1;1;2;2;1;1;1;1;2;2;1;2;2;1;2;1;2;3;2; ;1;1;1;4;1;3;1;1;1;3;1;1;01;50;07;50;139,599155568639
4669275;1;3;2;1;1;1;1;1;3;3; ; ; ; ;450000;2;1;1;1;1;1;1;2;2;2;1;1;2;2;2;2;1;2;1;2;2;1;2;3;2; ;1;2;1;4;1;3;1;1;1;3;1;1;01;50;07;50;217,045814317925
4669276;1;5;4;1;1;1;1;1;3;1; ; ;160000000;800000; ;2;1;1;1;1;1;1;1;2;2;1;1;1;1;2;2;1;1;2;1;2;1;4;6;2; ;1;1;1;4;1;3;1;1;1;3;1;1;01;50;07;50;110,525773195872
4669277;1;3;2;1;1;1;1;1;3;3; ; ; ; ;800000;2;1;1;1;1;1;1;2;2;2;1;1;1;1;2;2;1;2;1;2;2;1;3;3;2; ;1;1;1;4;1;3;1;1;1;3;1;1;01;50;07;50;149,63541245133
4669278;1;5;1;1;1;1;1;1;3;1; ; ;100000000;700000; ;2;2;2;1;1;1;1;2;2;2;1;2;2;2;2;2;2;2;2;2;2;1;1;1;2; ;1;1;1;4;1;3;1;1;1;3;1;2;01;50;07;50;157,951362707108
4669279;1;3;2;1;1;1;1;1;3;3; ; ; ; ;800000;1;1;1;1;1;1;1;1;2;2;1;1;1;1;2;2;2;1;1;1;2;1;2;4;2; ;1;1;1;4;1;3;1;1;1;3;1;1;01;50;07;50;202,580347707486
4669280;1;5;4;1;1;1;1;1;3;1; ; ;200000000;1000000; ;1;1;1;1;1;1;1;2;2;2;1;2;1;1;2;2;1;1;2;1;2;1;3;5;2; ;1;1;1;4;1;3;1;1;1;3;1;1;01;50;07;50;180,906754937401
4669281;1;3;1;1;1;1;1;1;3;3; ; ; ; ;700000;2;2;2;1;1;1;1;2;2;2;1;1;1;1;2;2;1;2;2;1;2;1;1;1;2; ;1;1;1;4;1;3;1;1;1;3;1;1;01;50;07;50;157,951362707108
4669282;1;2;1;1;1;1;1;1;4;3; ; ; ; ;350000;2;2;2;1;1;1;1;2;2;2;1;2;1;1;2;2;1;2;1;2;2;1;2;1;2; ;1;2;1;4;1;2;2;1;1;3;1;1;01;50;07;50;223,044278109197
4669283;1;3;2;1;1;1;1;1;3;3; ; ; ; ;500000;2;1;1;1;1;1;1;2;2;2;1;1;1;1;2;2;1;2;2;2;2;1;1;3;2; ;1;1;1;4;1;2;1;1;1;3;1;1;01;50;07;50;207,009557435235
4669284;1;4;3;1;1;1;1;1;3;3; ; ; ; ;500000;2;1;1;1;1;1;1;2;2;2;1;2;1;2;2;2;1;2;1;2;2;1;2;4;2; ;1;2;1;4;1;2;1;1;1;3;1;1;01;50;07;50;239,752529719422
4669285;1;3;2;1;1;1;5;6; ;4; ; ; ;400000; ;2;2;2;2;2;2;2;2;2;2;1;2;2;2;2;2;2;2;2;2;2;1;1;2;2; ;1;1;1;4;2; ;2;1;1;3;2; ;01;50;07;50;245,422759140808
4669286;1;4;3;1;1;1;1;1;3;3; ; ; ; ;1100000;2;1;1;1;1;1;1;2;2;2;1;1;1;1;2;2;1;2;1;2;2;1;4;4;2; ;1;1;1;4;1;3;1;1;1;3;1;1;01;50;07;50;174,659614317333
4669287;1;4;2;1;1;1;1;1;4;1; ; ;280000000;700000; ;2;1;1;1;1;1;1;2;1;1;1;2;2;1;2;2;2;1;2;1;2;1;2;2;2; ;1;1;1;4;1;3;1;1;1;3;1;1;01;52;07;52;318,981425060169
4669288;1;4;3;1;1;1;1;1;4;1; ; ;300000000;1000000; ;2;1;1;1;1;1;1;2;1;1;1;2;1;1;2;2;2;1;1;1;2;1;3;4;2; ;1;1;1;4;1;3;2;1;1;3;1;1;01;52;07;52;243,987153299483
4669289;1;5;4;1;1;1;1;1;3;3; ; ; ; ;1000000;2;1;1;1;1;1;1;2;2;1;1;2;2;1;2;2;2;2;2;1;2;1;5;5;2; ;1;1;1;4;1;3;1;1;1;3;1;1;01;52;07;52;198,702238417494
4669290;1;5;3;1;1;1;1;1;4;2; ;980000;200000000;98; ;2;1;1;1;1;1;1;2;1;1;1;2;2;1;2;2;2;2;2;1;2;1;4;4;2; ;1;1;1;4;1;3;2;1;1;3;1;1;01;52;07;52;379,386862321002
4669291;1;4;3;1;1;1;1;1;3;1; ; ;50000000;400000; ;1;1;1;2;1;1;1;1;2;1;1;2;1;1;2;2;2;2;1;2;2;1;3;5;2; ;1;1;1;4;1;2;1;1;1;3;1;1;01;52;07;52;175,338787512954
4669292;1;5;3;1;1;1;1;1;4;1; ; ;50000000;200000; ;2;1;2;2;1;1;1;2;2;2;1;2;2;2;2;2;2;1;2;2;2;1;2;2;2; ;1;1;1;4;1;1;2;1;1;3;1;1;01;52;07;52;175,85808536904
4669293;1;5;2;1;1;1;1;1;3;4; ; ; ;1000000; ;1;1;1;1;1;1;1;2;2;2;1;1;2;1;2;2;2;2;2;1;2;1;1;2;2; ;1;1;1;4;1;3;1;1;1;3;1;1;01;52;07;52;530,4127219824
4669294;1;4;3;1;1;1;1;1;4;4; ; ; ;98; ;1;1;1;2;1;1;1;2;2;2;1;2;1;2;2;2;2;2;1;2;2;1;2;5;2; ;1;1;1;5;1;2;2;1;1;3;1;1;01;52;07;52;199,397834564185
4669295;1;4;3;1;1;1;1;1;3;3; ; ; ; ;300000;2;2;2;1;1;1;1;2;2;1;1;2;1;2;2;2;2;2;1;2;2;1;3;5;2; ;1;2;1;6;1;2;1;1;1;3;1;1;01;52;07;52;222,919886498243
4669296;1;2;2;1;1;1;1;1;3;3; ; ; ; ;400000;2;1;1;1;1;1;1;2;2;2;1;2;1;2;2;2;2;1;2;2;2;1;2;3;2; ;1;2;1;4;1;2;1;1;1;3;1;1;01;52;07;52;263,472169132339
4669297;1;3;1;1;1;1;1;1;4;1; ; ;98;900000; ;2;1;1;1;1;1;1;2;1;1;1;1;1;1;1;2;2;1;2;2;2;1;2;2;2; ;1;1;1;4;1;4;2;1;1;3;1;1;01;52;07;52;161,98140155631
4669298;1;2;1;1;1;1;1;1;4;1; ; ;98;98; ;1;1;1;1;1;1;1;1;2;1;1;2;1;2;2;2;2;2;2;1;2;1;2;2;2; ;1;1;1;4;1;4;2;1;1;3;1;1;01;52;07;52;161,98140155631
4669299;1;4;1;1;1;1;1;1;4;4; ; ; ;600000; ;2;1;2;1;1;1;1;2;2;1;1;1;2;2;1;2;2;2;2;2;2;1;1;1;2; ;1;1;1;5;1;4;2;1;1;3;1;1;01;52;07;52;200,235034604018
4669300;1;5;2;1;1;1;1;1;4;1; ; ;150000000;500000; ;1;1;1;1;1;1;1;2;2;1;1;2;1;1;1;2;2;2;2;1;2;1;1;2;2; ;1;1;1;4;1;3;2;1;1;3;1;1;01;52;07;52;87,9290426845198
4669301;1;3;2;1;1;1;1;1;4;4; ; ; ;300000; ;2;2;2;1;1;1;1;2;1;1;1;2;1;2;2;2;2;2;1;2;2;1;3;5;2; ;1;1;1;4;1;2;2;1;1;3;1;1;01;52;07;52;287,432816050015
4669302;1;3;2;1;1;1;1;1;4;3; ; ; ; ;600000;2;2;2;1;1;1;1;1;1;2;1;2;1;1;2;2;2;2;2;2;2;1;2;2;2; ;1;1;1;4;1;3;2;1;1;2;1;1;01;52;07;52;80,9907007781551
4669303;1;4;4;1;1;1;1;1;4;5; ; ; ;98; ;2;1;1;1;1;1;1;2;1;2;1;2;1;1;2;2;2;2;2;1;2;1;5;5;2; ;1;1;1;4;1;2;2;1;1;3;1;1;01;52;07;52;158,298111193624
4669304;1;8;3;1;1;1;1;1;3;1; ; ;300000000;1000000; ;1;1;2;1;1;1;1;2;2;1;1;2;2;2;2;2;2;2;2;2;2;1;2;3;2; ;1;1;1;4;1;3;1;1;1;7;1;1;01;52;07;52;49,6755596043735
4669305;1;4;4;1;1;1;1;1;4;3; ; ; ; ;500000;1;1;2;2;1;1;1;2;2;2;1;2;1;2;2;2;2;2;1;2;2;1;6;6;2; ;1;1;1;2;1;3;2;1;1;3;1;1;01;52;07;52;79,9154536900734
4669306;1;2;2;1;2;1;1;1;4;3; ; ; ; ;400000;2;1;1;1;1;1;1;2;2;1;1;2;2;2;2;2;2;2;1;2;2;1;4;4;2; ;1;4;1;4;1;2;2;1;1;3;1;1;01;52;07;52;196,551744241331
4669307;1;1;1;1;1;1;1;1;3;1; ; ;800000000;5000000; ;2;1;1;1;1;1;1;2;2;2;1;2;2;2;2;2;2;2;2;2;2;1;2;2;2; ;1;1;1;4;1;3;1;1;1;3;1;1;01;52;07;52;80,9907007781551
4669308;1;4;3;1;1;1;1;1;4;1; ; ;98;98; ;1;1;1;1;1;1;1;2;2;2;1;2;1;2;2;2;2;1;2;1;2;1;2;3;2; ;1;1;1;4;1;2;2;1;1;3;1;1;01;52;07;52;121,237079482377
4669309;1;1;1;1;1;1;1;2;4;1; ; ;98;98; ;2;2;2;2;2;2;1;2;2;2;1;2;2;2;2;2;2;1;2;2;2;1;1;2;2; ;1;1;1;2;1;1;2;1;1;3;1;1;01;52;07;52;161,98140155631
4669310;1;7;4;1;1;1;1;1;3;1; ; ;300000000;1000000; ;1;1;1;1;1;1;1;2;1;1;1;1;1;1;2;2;2;1;1;1;2;1;4;4;2; ;1;1;1;4;1;3;1;1;1;3;1;1;01;52;07;52;129,011947381641
4669311;1;3;2;1;1;1;1;1;4;3; ; ; ; ;700000;2;1;1;1;1;1;1;2;2;1;1;1;2;1;2;2;2;1;2;2;2;1;1;2;2; ;1;2;1;4;1;3;2;1;1;7;1;1;01;52;07;52;165,732784242825
4669312;1;2;1;1;1;1;1;1;3;4; ; ; ;250000; ;2;2;2;2;1;1;1;2;1;2;1;2;2;2;2;2;2;2;2;2;2;1;1;1;2; ;1;4;3;3;1;1;1;1;1;3;1;1;01;52;07;52;160,448605369787
4669313;1;3;2;1;1;1;1;1;3;4; ; ; ;98; ;2;1;2;2;2;1;1;2;2;1;1;2;2;2;2;2;2;2;1;2;2;1;2;3;2; ;1;1;1;4;1;1;1;1;1;3;1;1;01;52;07;52;99,3511192087471
4669315;1;2;1;1;1;1;1;1;3;1; ; ;99;250000; ;2;1;2;2;1;1;1;2;2;2;1;1;1;1;2;2;2;1;1;2;2;1;3;5;2; ;1;1;1;2;1;1;1;1;1;3;1;1;01;52;07;52;240,628016083884
4669316;1;5;2;1;1;1;1;1;4;3; ; ; ; ;380000;2;1;2;2;1;1;1;2;2;2;1;1;2;2;2;2;2;2;2;2;2;1;4;4;2; ;1;1;1;4;1;1;2;1;1;3;1;1;01;52;07;52;191,085971547748
4669317;1;3;2;1;1;1;1;1;4;3; ; ; ; ;700000;2;1;1;1;1;1;1;2;1;1;1;1;1;1;2;2;2;1;2;1;2;1;2;3;2; ;1;2;1;4;1;3;2;1;1;3;1;1;01;52;07;52;263,472169132339
4669318;1;4;1;1;1;1;1;1;4;3; ; ; ; ;750000;2;1;1;2;2;2;1;2;2;1;1;2;2;1;2;2;2;1;2;2;1;1;1;1;2; ;1;2;1;4;1;3;2;1;1;3;1;1;01;52;07;52;214,888017435905
4669319;1;4;3;1;1;1;1;1;4;3; ; ; ; ;700000;2;1;1;1;1;1;1;2;1;1;1;1;2;1;2;2;2;1;2;1;2;1;3;3;2; ;1;2;1;4;1;3;2;1;1;7;1;1;01;52;07;52;104,093407624263
4669320;1;4;3;1;1;1;1;1;3;1; ; ;90000000;600000; ;1;1;1;1;1;1;1;2;1;1;1;1;1;1;2;2;2;2;1;2;2;1;4;7;2; ;1;1;1;4;1;1;1;1;1;3;1;1;01;52;07;52;200,800248828386
4669322;1;5;1;1;1;1;1;1;4;2; ;2500000;350000000;1000000; ;2;1;2;1;1;1;1;1;1;1;1;1;1;2;2;2;2;1;2;2;2;1;2;2;2; ;1;2;1;4;1;3;2;1;1;7;1;1;01;52;07;52;158,714413510926
4669323;1;4;3;1;1;1;1;1;4;4; ; ; ;600000; ;1;1;1;1;1;1;1;2;1;1;1;2;1;1;2;2;2;2;2;2;2;1;5;5;2; ;1;2;1;4;1;3;2;1;1;3;1;1;01;52;07;52;208,209841554068
4669324;1;4;2;1;1;1;1;1;4;4; ; ; ;400000; ;1;1;1;1;1;1;1;2;1;1;1;1;1;2;2;2;2;1;2;1;2;1;2;4;2; ;1;2;1;4;1;1;2;1;1;3;1;1;01;52;07;52;571,800039726983
4669325;1;5;1;1;1;1;1;1;3;4; ; ; ;98; ;2;2;2;2;2;2;1;2;2;2;1;2;2;2;2;2;2;2;2;2;2;1;1;1;2; ;1;2;1;4;1;3;1;1;1;3;1;1;01;52;07;52;200,235034604018
4669326;1;1;1;1;1;1;1;1;4;3; ; ; ; ;250000;2;1;1;2;2;1;1;2;2;2;1;2;2;1;2;2;2;2;2;2;2;1;2;2;2; ;1;2;1;4;1;2;2;1;1;3;1;1;01;52;07;52;237,315868167058
4669327;1;1;1;1;1;1;1;1;4;3; ; ; ; ;290000;2;2;2;2;2;2;1;2;2;2;1;2;2;2;2;2;2;2;2;2;2;1;1;2;2; ;1;2;1;4;1;2;2;1;1;3;1;1;01;52;07;52;260,59861619913
4669328;1;4;2;1;1;1;1;1;3;1; ; ;98;98; ;1;1;1;1;1;1;1;2;2;1;1;2;1;1;2;2;2;2;2;2;2;1;2;2;1;3;1;1;1;4;1;3;1;1;1;3;1;1;01;52;07;52;165,732784242825
4669329;1;5;3;1;1;1;1;1;3;3; ; ; ; ;600000;1;1;1;1;1;1;1;2;2;1;1;2;1;1;2;2;2;2;1;2;2;1;4;4;2; ;1;1;1;4;1;3;1;1;1;3;1;1;01;52;07;52;190,30967252859
4669331;1;4;3;1;1;1;1;1;3;3; ; ; ; ;650000;2;1;1;1;1;1;1;2;2;1;1;2;2;1;2;2;2;2;2;1;2;1;3;3;2; ;1;2;1;4;1;2;1;1;1;3;1;1;01;52;07;52;198,959239580568
4669332;1;1;1;1;1;1;1;1;4;3; ; ; ; ;270000;2;2;2;2;1;1;1;2;2;2;1;1;1;2;2;2;2;2;1;2;2;1;1;1;2; ;1;2;1;4;1;2;2;1;1;3;1;1;01;52;07;52;214,111718416747
4669333;1;1;1;1;2;1;1;1;4;4; ; ; ;200000; ;2;2;2;2;2;1;1;2;2;1;1;2;2;2;2;2;2;2;2;2;2;1;1;3;2; ;1;4;1;4;1;2;2;1;1;3;1;1;01;52;07;52;181,142264242078
4669334;1;6;2;1;1;1;1;1;3;1; ; ;98;700000; ;1;1;1;1;1;1;1;2;2;1;1;2;1;1;2;2;2;1;2;1;2;1;2;3;2; ;1;1;1;4;1;3;1;1;1;3;1;1;01;52;07;52;198,182940561409
4669335;1;5;1;1;1;1;1;1;3;1; ; ;98;600000; ;1;1;2;1;1;1;1;1;1;1;1;2;1;2;2;2;2;2;2;2;2;1;2;2;2; ;1;1;1;4;1;3;1;1;1;3;1;1;01;52;07;52;161,98140155631
4669336;1;3;1;1;2;1;1;1;4;1; ; ;70000000;98; ;1;1;2;2;1;1;1;2;2;1;1;2;1;2;2;2;2;2;2;2;2;1;1;2;2; ;1;4;1;4;1;2;2;1;1;3;1;1;01;52;07;52;161,98140155631
4669338;1;2;1;1;1;1;1;1;4;1; ; ;98;200000; ;2;2;2;2;2;2;1;2;2;2;2;2;2;2;2;2;1;2;2;2;2;2; ;1;2; ;1;1;1;2;1;2;2;1;1;3;1;2;01;54;07;54;384,986884542497
4669339;1;4;3;1;1;1;1;1;3;3; ; ; ; ;250000;1;1;1;1;1;1;1;2;2;2;1;1;1;2;2;2;1;2;2;2;2;1;2;4;2; ;1;1;1;2;1;2;1;1;1;3;1;2;01;54;07;54;404,897308731114
4669340;1;2;1;1;1;1;1;1;3;3; ; ; ; ;250000;2;2;2;2;1;1;1;2;2;2;2;2;2;2;2;2;1;2;2;2;2;1;1;1;2; ;1;1;1;2;1;2;1;1;1;3;1;2;01;54;07;54;384,986884542497
4669341;1;1;1;1;1;1;1;1;4;4; ; ; ;100000; ;2;2;2;2;1;2;1;2;2;2;1;2;2;2;2;2;1;1;2;2;2;1;1;2;2; ;1;4;1;2;1;2;2;1;1;3;1;2;01;54;07;54;297,536209996955
4669342;1;3;2;1;1;1;1;1;3;3; ; ; ; ;250000;2;2;2;2;2;2;1;2;2;2;2;2;2;1;2;2;1;2;2;2;2;1;1;5;2; ;1;2;1;4;1;1;1;1;1;3;1;2;01;54;07;54;997,280513432327
4669343;1;4;3;1;1;1;1;1;3;5; ; ; ;350000; ;2;1;2;2;1;1;1;2;2;2;1;2;2;2;2;2;1;2;1;2;2;1;3;5;2; ;1;2;1;4;1;1;1;1;1;3;1;2;01;54;07;54;967,014743432817
4669344;1;3;2;1;1;1;1;3;3;3; ; ; ; ;400000;2;1;2;1;1;1;1;2;2;2;1;1;2;2;2;2;1;1;2;2;2;1;2;4;2; ;1;2;1;4;1;1;1;1;1;3;1;2;01;54;07;54;378,890243902425
4669345;1;3;2;1;1;1;1;1;3;3; ; ; ; ;300000;1;1;1;2;1;1;1;2;2;2;1;1;1;2;2;2;1;2;2;2;2;1;2;3;2; ;1;1;1;2;1;1;1;1;1;3;1;2;01;54;07;54;313,726831523565
4669346;1;4;3;1;1;1;1;1;3;5; ; ; ;350000; ;2;1;1;1;1;1;1;1;2;2;1;1;2;1;2;2;1;2;2;1;2;1;1;4;2; ;1;1;1;2;1;1;1;1;1;3;1;2;01;54;07;54;375,884962416143
4669347;1;3;1;1;1;1;1;1;3;4; ; ; ;180000; ;2;2;2;2;1;1;1;2;2;2;1;2;2;2;2;2;1;2;2;2;2;1;1;1;2; ;1;2;1;4;1;1;1;1;1;3;1;2;01;54;07;54;268,01401986788
4669349;1;3;2;1;1;1;1;4;4;1; ; ;98;150000; ;2;2;2;2;1;1;1;2;2;2;1;2;2;2;2;2;1;2;2;2;2;1;2;4;2; ;1;1;5;4;1;2;2;1;1;3;1;2;01;54;07;54;913,910203470873
4669382;1;4;1;1;1;1;1;1;3;3; ; ; ; ;650000;1;1;1;1;1;1;1;2;2;2;1;2;2;2;2;2;2;2;2;1;2;1;2;2;2; ;1;1;1;4;1;4;1;1;1;2;1;1;01;66;07;66;241,251194501447
4669383;1;4;1;1;1;1;1;1;3;3; ; ; ; ;800000;2;2;2;1;1;1;1;2;2;1;1;2;2;1;2;2;2;2;2;2;2;1;2;2;2; ;1;2;1;4;1;4;1;1;1;2;1;1;01;66;07;66;241,251194501447
4669384;1;6;4;1;1;1;1;1;3;3; ; ; ; ;800000;1;1;1;1;1;1;1;2;1;1;1;1;1;1;2;2;2;1;2;1;2;1;3;4;2; ;1;2;1;4;1;3;1;1;1;2;1;1;01;66;07;66;335,872294552322
4669385;1;4;3;1;1;1;1;1;3;3; ; ; ; ;650000;1;1;1;1;1;1;1;1;2;1;1;2;1;1;2;2;2;2;2;2;2;1;5;7;2; ;1;2;1;4;1;4;1;1;1;2;1;1;01;66;07;66;266,273349836804
4669386;1;4;2;1;1;1;1;1;4;1; ; ;40000000;400000; ;1;1;1;1;1;1;1;2;1;1;1;2;2;1;2;2;2;2;2;1;2;1;2;2;2; ;1;2;1;4;1;4;2;1;1;2;1;1;01;66;07;66;255,764498987224
4669387;1;5;3;1;1;1;1;1;3;3; ; ; ; ;350000;2;1;1;1;1;1;1;1;2;2;1;2;1;1;2;2;2;2;1;2;2;1;2;4;2; ;1;2;1;4;1;3;1;1;1;2;1;2;01;66;07;66;214,649738334026
4669388;1;4;1;1;1;1;1;1;3;1; ; ;150000000;500000; ;2;2;2;2;1;1;1;2;2;2;1;2;2;2;2;2;2;2;2;2;2;1;1;1;2; ;1;2;1;4;1;3;1;1;1;2;1;1;01;66;07;66;311,276002746899
4669389;1;5;4;1;1;1;1;1;3;3; ; ; ; ;600000;1;1;1;1;1;1;1;1;1;2;1;2;2;1;2;2;2;2;2;2;2;1;5;5;2; ;1;2;1;4;1;3;1;1;1;2;1;1;01;66;07;66;146,960706812372
4669390;1;4;2;1;1;1;1;1;3;2; ;570000;140000000;500000; ;1;1;1;1;1;1;1;1;1;2;1;2;1;1;2;2;2;1;2;1;2;1;2;4;2; ;1;2;1;4;1;3;1;1;1;2;1;1;01;66;07;66;439,255118090212
4669391;1;4;3;1;1;1;1;1;3;3; ; ; ; ;450000;1;1;1;1;1;1;1;1;2;2;1;1;1;1;2;2;2;1;2;2;2;1;3;5;2; ;1;2;1;4;1;3;1;1;1;2;1;1;01;66;07;66;497,275611922921
4669392;1;6;2;1;1;1;1;1;3;1; ; ;370000000;2000000; ;1;1;1;1;1;1;1;1;1;1;1;1;1;1;1;2;1;1;2;1;1;1;2;2;2; ;1;1;1;5;1;6;1;1;1;2;1;1;01;66;07;66;255,764498987224
4669393;1;5;4;1;1;1;1;1;3;1; ; ;370000000;1000000; ;1;1;1;1;1;1;1;1;1;1;1;2;1;1;1;1;2;2;2;1;1;1;3;5;2; ;1;1;1;4;1;6;1;1;1;2;1;1;01;66;07;66;360,438870214119
4669394;1;4;2;1;1;1;1;1;3;3; ; ; ; ;400000;1;1;1;1;1;1;1;1;1;2;1;1;1;2;2;2;2;2;1;2;2;1;3;3;2; ;1;2;1;4;1;3;1;1;1;2;1;1;01;66;07;66;318,181553990696
4669395;1;3;2;1;1;1;1;1;3;3; ; ; ; ;320000;2;2;1;1;1;1;1;2;2;2;1;1;2;2;2;2;2;2;1;2;2;1;2;2;2; ;1;2;1;4;1;3;1;1;1;2;1;1;01;66;07;66;309,009085887562
4669396;1;7;1;1;1;1;1;1;3;1; ; ;350000000;1800000; ;1;1;1;1;1;1;1;1;1;1;1;1;1;1;2;2;1;2;2;1;1;1;2;2;2; ;1;1;1;4;1;6;1;1;1;2;1;1;01;66;07;66;241,251194501447
4669397;1;4;3;1;1;1;1;1;3;3; ; ; ; ;520000;1;1;1;1;1;1;1;2;2;2;1;2;1;2;2;2;2;2;1;1;2;1;2;4;2; ;1;2;1;4;1;3;1;1;1;2;1;1;01;66;07;66;390,443867847919
4669398;1;1;1;1;2;1;1;6; ;3; ; ; ; ;140000;2;2;2;2;2;2;2;2;2;2;1;1;2;2;2;2;2;2;2;2;2;1;1;1;2; ;1;3;1;4;1;4;1;1;1;2;1;1;01;66;07;66;223,896605379292
4669399;1;1;1;1;2;1;1;1;4;3; ; ; ; ;150000;2;1;2;2;2;1;1;2;2;2;1;1;2;2;2;2;2;1;2;2;2;1;1;1;2; ;1;3;1;4;1;4;2;1;1;2;1;1;01;66;07;66;223,896605379292
4669400;1;1;1;1;2;1;1;1;4;3; ; ; ; ;130000;2;1;2;2;2;2;1;2;2;2;1;2;2;2;2;2;2;2;2;2;2;1;1;1;2; ;1;3;1;4;1;4;2;1;1;2;1;1;01;66;07;66;223,896605379292
4669401;1;3;2;1;1;1;1;1;3;1; ; ;70000000;350000; ;2;2;2;1;1;1;1;2;2;2;1;1;2;2;2;2;2;2;1;2;2;1;4;4;2; ;1;2;1;4;1;1;1;1;1;2;1;1;01;66;07;66;271,95305225477
4669402;1;3;1;1;1;1;1;1;3;1; ; ;98;300000; ;2;1;1;2;1;1;1;2;2;2;1;1;1;2;2;2;2;2;2;2;2;1;1;1;2; ;1;2;1;2;1;1;1;1;1;2;1;1;01;66;07;66;291,874574697251
4669403;1;3;2;1;1;1;1;1;3;1; ; ;60000000;300000; ;2;1;1;1;1;1;1;2;2;2;1;2;1;1;2;2;2;2;2;2;2;1;2;2;2; ;1;2;1;4;1;1;1;1;1;2;1;1;01;66;07;66;255,764498987224
4669404;1;3;2;1;1;1;1;1;3;1; ; ;98;300000; ;1;1;1;1;1;2;1;2;2;2;1;2;2;1;2;2;2;1;2;2;2;1;2;5;2; ;1;2;1;2;1;1;1;1;1;2;1;1;01;66;07;66;289,696882056703
4669405;1;3;1;1;1;1;1;1;3;1; ; ;80000000;300000; ;2;2;2;1;1;1;1;2;2;2;1;1;1;2;2;2;2;2;1;2;2;1;2;3;2; ;1;2;1;4;1;1;1;1;1;2;1;1;01;66;07;66;406,777905870659
4669406;1;2;1;1;1;1;1;1;4;3; ; ; ; ;300000;2;2;2;1;1;1;1;2;2;2;1;2;1;2;2;2;2;2;2;2;2;1;2;2;2; ;1;3;1;4;1;4;2;1;1;2;1;1;01;66;07;66;236,583148869419
4669407;1;3;1;1;1;1;1;1;4;3; ; ; ; ;250000;2;1;2;1;1;1;1;2;2;2;1;2;1;2;2;2;2;2;2;2;2;1;1;1;2; ;1;1;1;4;1;4;2;1;1;2;1;1;01;66;07;66;238,629987796913
4669408;1;3;2;1;1;1;1;1;3;1; ; ;60000000;350000; ;2;1;2;1;1;1;1;2;2;2;1;2;1;1;2;2;2;2;1;2;2;1;4;5;2; ;1;2;1;4;1;1;1;1;1;2;1;1;01;66;07;66;372,408233792282
4669409;1;3;2;1;1;1;1;1;3;1; ; ;98;300000; ;1;1;1;1;1;1;1;1;2;1;1;2;1;2;2;2;2;2;1;2;2;1;3;3;2; ;1;2;1;4;1;1;1;1;1;2;1;1;01;66;07;66;253,937737991574
4669410;1;4;2;1;1;1;1;1;3;1; ; ;60000000;300000; ;1;1;1;1;1;1;1;2;2;2;1;2;1;1;2;2;2;2;1;2;2;1;3;6;2; ;1;2;1;4;1;1;1;1;1;2;1;1;01;66;07;66;392,916082433672
4669412;1;3;2;1;1;1;1;1;3;1; ; ;60000000;300000; ;2;2;2;2;1;1;1;2;2;2;1;2;2;2;2;2;2;2;2;2;2;1;2;2;2; ;1;2;1;4;1;1;1;1;1;2;1;1;01;66;07;66;236,583148869419
4669413;1;1;1;1;2;1;1;1;4;3; ; ; ; ;600000;2;2;2;2;1;1;1;2;2;2;1;2;1;2;2;2;2;2;2;2;2;1;1;1;2; ;1;3;1;4;1;5;2;1;1;2;1;1;01;66;07;66;291,874574697251
4669414;1;1;1;1;2;1;1;6; ;3; ; ; ; ;180000;2;2;2;2;2;2;2;2;2;2;1;2;2;2;2;2;2;2;2;2;2;2; ;1;2; ;1;3;1;4;1;5;2;1;1;3;1;1;01;66;07;66;223,896605379292
4669415;1;1;1;1;2;1;1;6; ;3; ; ; ; ;180000;2;2;2;2;2;2;2;2;2;2;1;2;2;2;2;2;2;2;2;2;2;2; ;2;2; ;1;3;1;4;1;5;2;1;1;2;1;1;01;66;07;66;236,583148869419
4669416;1;3;2;1;1;1;1;1;3;1; ; ;35000000;120000; ;2;2;2;1;1;1;1;1;2;2;1;2;2;2;2;2;2;2;2;2;2;1;2;3;2; ;1;2;1;4;1;1;1;1;1;2;1;1;01;66;07;66;258,605783623601
4669417;1;3;2;1;1;1;1;1;3;1; ; ;70000000;300000; ;2;1;2;1;1;1;1;2;2;2;1;1;1;1;2;2;2;2;2;2;2;1;2;3;2; ;1;2;1;4;1;1;1;1;1;2;1;1;01;66;07;66;313,513508358669
4669418;1;1;1;1;2;1;1;6; ;3; ; ; ; ;104000;2;2;2;2;2;2;2;2;2;2;1;2;2;2;2;2;2;2;2;2;2;1;1;2;2; ;1;3;1;4;1;5;2;1;1;2;1;1;01;66;07;66;168,60517955146
4669419;1;1;1;1;2;1;1;6; ;3; ; ; ; ;180000;2;2;2;2;2;2;2;2;2;2;1;2;2;2;2;2;2;2;2;2;2;2; ;1;2; ;1;3;1;4;1;5;2;1;1;2;1;1;01;66;07;66;223,896605379292
4669420;1;1;1;1;2;1;1;6; ;3; ; ; ; ;150000;2;2;2;2;2;2;2;2;2;2;1;2;2;2;2;2;2;2;2;2;2;1;1;2;2; ;1;3;1;4;1;5;2;1;1;2;1;1;01;66;07;66;328,190436005368
4669421;1;3;2;1;1;1;1;1;3;1; ; ;50000000;300000; ;2;2;2;2;1;1;1;2;2;2;1;2;1;1;2;2;2;1;2;2;2;1;1;4;2; ;1;2;1;2;1;1;1;1;1;2;1;1;01;66;07;66;202,874201932084
4669422;1;1;1;1;2;1;1;6; ;3; ; ; ; ;180000;2;2;2;2;2;2;2;2;2;2;2;2;2;2;2;2;2;2;2;2;2;2; ;1;2; ;1;3;1;4;1;5;2;1;1;2;1;1;01;66;07;66;223,896605379292
4669423;1;3;3;1;1;1;1;1;3;1; ; ;60000000;300000; ;2;2;2;2;1;2;1;2;2;2;1;2;1;2;2;2;2;2;2;2;2;1;6;8;2; ;1;2;1;4;1;1;1;1;1;2;1;1;01;66;07;66;305,112493551708
4669424;1;1;1;1;2;1;1;6; ;3; ; ; ; ;150000;2;2;2;2;2;2;2;2;2;2;2;2;2;2;2;2;2;2;2;2;2;2; ;1;2; ;1;3;1;4;1;5;2;1;1;2;1;1;01;66;07;66;223,896605379292
4669425;1;2;1;1;1;1;1;1;3;3; ; ; ; ;280000;2;2;1;2;1;1;1;2;2;2;2;2;1;2;2;2;2;2;1;2;2;1;2;2;2; ;1;2;1;4;1;2;1;1;1;2;1;1;01;66;07;66;305,441921260263
4669426;1;3;2;1;1;1;1;1;3;3; ; ; ; ;320000;2;1;2;1;1;1;1;2;2;2;1;2;1;2;2;2;2;2;2;2;2;1;2;4;2; ;1;1;1;4;1;2;1;1;1;2;1;1;01;66;07;66;414,849492969065
4669427;1;3;1;1;1;1;1;1;3;2; ;800000;70000000;300000; ;2;1;1;1;1;1;1;1;1;2;1;2;1;1;2;2;2;2;2;1;2;1;2;2;2; ;1;2;1;4;1;2;1;1;1;2;1;1;01;66;07;66;236,583148869419
4669428;1;3;2;1;1;1;1;1;3;3; ; ; ; ;300000;2;1;2;2;1;1;1;1;2;2;1;1;1;2;2;2;2;2;1;1;2;1;2;3;2; ;1;2;1;4;1;2;1;1;1;2;1;1;01;66;07;66;313,513508358669
4669429;1;3;2;1;1;1;1;1;3;1; ; ;80000000;400000; ;2;1;1;1;1;1;1;2;2;2;1;2;2;2;2;2;2;2;2;2;2;1;2;3;2; ;1;2;1;4;1;2;1;1;1;2;1;1;01;66;07;66;675,838266959631
4669430;1;3;2;1;1;1;1;1;3;3; ; ; ; ;350000;2;1;1;1;1;1;1;1;2;1;1;1;1;1;2;2;1;1;1;2;2;1;2;3;2; ;1;2;1;4;1;2;1;1;1;2;1;1;01;66;07;66;627,027016717338
4669431;1;3;2;1;1;1;1;1;3;1; ; ;60000000;350000; ;2;2;2;1;1;1;1;2;2;2;1;2;2;2;2;2;2;2;2;2;2;1;2;2;2; ;1;2;1;4;1;2;1;1;1;2;1;1;01;66;07;66;255,984576919068
4669432;1;3;2;1;1;1;1;1;3;3; ; ; ; ;300000;2;2;2;2;1;1;1;2;2;2;1;2;1;2;2;2;2;2;2;2;2;1;1;3;2; ;1;2;1;4;1;2;1;1;1;2;1;1;01;66;07;66;627,027016717338
4669433;1;3;2;1;1;1;1;1;3;3; ; ; ; ;450000;2;2;2;1;1;1;1;1;2;2;1;2;2;2;2;2;2;1;1;2;2;1;2;4;2; ;1;2;1;4;1;2;1;1;1;2;1;1;01;66;07;66;829,698985938131
4669434;1;5;3;1;1;1;1;1;3;1; ; ;90000000;600000; ;2;1;2;1;1;1;1;2;2;2;1;2;1;2;2;2;2;2;2;2;2;1;3;3;2; ;1;1;1;4;1;2;1;1;1;2;1;1;01;66;07;66;509,637082128917
4669435;1;4;3;1;1;1;1;1;3;4; ; ; ;200000; ;2;2;2;1;1;1;1;2;2;2;1;2;2;1;2;2;2;2;1;1;2;1;3;6;2; ;1;2;1;4;1;2;1;1;1;2;1;1;01;66;07;66;908,685580706061
4669436;1;4;1;1;1;1;1;1;4;4; ; ; ;280000; ;2;2;2;1;1;1;1;2;2;2;1;1;2;1;2;2;1;2;2;2;2;1;2;2;2; ;1;2;1;4;1;2;2;1;1;2;1;1;01;66;07;66;473,166297738839
4669437;1;5;3;1;1;1;1;1;4;1; ; ;90000000;350000; ;1;1;1;1;1;1;1;2;1;1;1;2;2;1;2;2;2;1;1;2;2;1;3;3;2; ;1;2;1;4;1;2;1;1;1;2;1;1;01;66;07;66;645,593020764835
4669438;1;4;3;1;1;1;1;1;3;1; ; ;90000000;250000; ;1;1;2;1;1;1;1;1;2;2;1;2;2;2;2;2;2;2;2;2;2;1;2;3;2; ;1;1;1;4;1;2;1;1;1;2;1;1;01;66;07;66;684,395876864132
4669439;1;3;1;1;1;1;1;1;3;3; ; ; ; ;70000;2;2;2;1;1;1;1;1;2;2;1;2;1;2;2;2;2;2;2;2;2;1;1;1;2; ;1;2;1;4;1;2;1;1;1;2;1;1;01;66;07;66;477,259975593825
4669440;1;4;2;1;1;1;1;1;3;3; ; ; ; ;380000;1;1;1;1;1;1;1;1;2;2;1;1;1;2;2;2;2;1;2;1;2;1;1;4;2; ;1;2;1;4;1;2;1;1;1;2;1;1;01;66;07;66;878,510236180424
4669441;1;4;3;1;1;1;1;1;3;3; ; ; ; ;400000;2;1;1;1;1;1;1;1;2;2;1;1;1;2;2;2;2;1;2;2;2;1;2;3;1;1;1;2;1;4;1;2;1;1;1;2;1;1;01;66;07;66;545,798020355072
4669442;1;4;1;1;1;1;1;1;3;4; ; ; ;550000; ;2;2;2;1;1;1;1;2;1;2;1;1;1;2;2;2;1;2;2;2;2;1;1;1;2; ;1;1;1;4;1;3;1;1;1;2;1;1;01;66;07;66;111,948302689646
4669443;1;4;2;1;1;1;1;1;3;3; ; ; ; ;450000;1;1;1;1;1;1;1;1;2;2;1;2;1;1;2;2;1;2;1;2;2;1;4;4;2; ;1;2;1;4;1;3;1;1;1;2;1;1;01;66;07;66;177,526822335064
4669444;1;3;2;1;1;1;1;1;3;3; ; ; ; ;450000;2;2;2;2;1;1;1;2;1;2;1;1;1;2;2;2;2;1;1;2;2;1;2;4;2; ;1;2;1;4;1;3;1;1;1;2;1;1;01;66;07;66;195,221933923959
4669445;1;3;1;1;1;1;1;1;3;3; ; ; ; ;250000;2;1;1;1;1;1;1;2;2;2;1;2;1;1;2;2;1;2;2;2;2;1;1;1;2; ;1;2;1;4;1;3;1;1;1;2;1;1;01;66;07;66;119,314993898456
4669446;1;3;2;1;1;1;1;1;3;3; ; ; ; ;450000;2;2;1;2;1;1;1;2;2;2;1;2;2;2;2;2;2;1;2;2;2;1;3;3;2; ;1;2;1;4;1;3;1;1;1;2;1;1;01;66;07;66;134,665922775118
4669447;1;3;2;1;1;1;1;1;3;1; ; ;130000000;400000; ;1;2;2;1;1;1;1;2;2;2;1;2;2;2;2;2;2;2;2;2;2;1;2;4;2; ;1;1;1;4;1;3;1;1;1;2;1;1;01;66;07;66;239,352034144205
4669448;1;5;1;1;1;1;1;1;3;1; ; ;99;500000; ;2;1;2;1;1;1;1;2;2;1;1;2;2;2;2;2;2;2;2;2;2;2; ;1;1;2;1;2;1;4;1;3;1;1;1;2;1;1;01;66;07;66;155,638001373449
4669449;1;2;1;1;1;1;1;1;4;4; ; ; ;300000; ;2;1;2;1;1;1;1;2;2;2;1;2;2;2;2;2;2;2;2;2;2;2; ;1;2; ;1;2;1;4;1;3;2;1;1;2;1;1;01;66;07;66;155,638001373449
4669450;1;4;2;1;1;1;1;1;3;4; ; ; ;250000; ;1;1;2;2;1;2;1;2;2;2;1;1;1;2;2;2;2;2;2;2;2;2; ;2;2; ;1;2;1;2;1;1;1;1;1;2;1;1;01;66;07;66;309,229163819405
4669451;1;4;2;1;1;1;1;1;3;3; ; ; ; ;300000;2;1;1;1;1;1;1;2;2;2;1;1;1;1;2;2;2;1;1;2;2;1;2;4;2; ;1;1;1;4;1;1;1;1;1;2;1;1;01;66;07;66;390,443867847919
4669452;1;3;1;1;1;1;1;1;3;3; ; ; ; ;380000;2;2;2;1;1;1;1;2;2;2;1;1;1;2;2;2;2;1;1;2;2;1;1;1;2; ;1;1;1;4;1;1;1;1;1;2;1;1;01;66;07;66;291,874574697251
4669453;1;4;1;1;1;1;1;1;3;1; ; ;65000000;400000; ;1;1;2;2;1;1;1;2;2;2;1;2;1;2;2;2;2;2;2;2;2;1;1;1;2; ;1;1;1;4;1;1;1;1;1;2;1;1;01;66;07;66;238,629987796913
4669454;1;4;3;1;1;1;1;1;3;3; ; ; ; ;260000;2;1;1;1;1;1;1;2;2;2;1;2;1;2;2;2;2;2;2;2;2;1;4;4;2; ;1;1;1;4;1;1;1;1;1;2;1;1;01;66;07;66;248,103656504938
4669455;1;3;2;1;1;1;1;1;3;3; ; ; ; ;350000;2;2;2;1;1;1;1;2;2;2;1;2;2;2;2;2;2;2;2;2;2;1;1;3;2; ;1;2;1;4;1;1;1;1;1;2;1;1;01;66;07;66;254,818541064459
4669456;1;4;3;1;1;1;1;1;3;3; ; ; ; ;400000;2;1;2;1;1;1;1;2;2;2;1;2;1;2;2;2;1;1;1;2;2;1;2;3;2; ;1;2;1;4;1;1;1;1;1;2;1;1;01;66;07;66;329,127693849175
4669457;1;2;1;1;1;1;1;1;3;2; ;230000;60000000;250000; ;1;1;1;1;1;1;1;2;2;2;1;2;2;2;2;2;2;2;2;2;2;1;2;2;2; ;1;2;1;4;1;1;1;1;1;2;1;1;01;66;07;66;324,843349309911
4669458;1;3;2;1;1;1;1;1;3;3; ; ; ; ;98;2;1;2;1;1;1;1;2;2;2;1;2;2;2;2;2;2;2;2;2;2;2; ;3;2; ;1;1;1;4;1;4;1;1;1;3;1;1;01;68;07;68;571,578071457438
4669459;1;4;3;1;1;1;1;1;3;2; ;700000;98;700000; ;1;1;1;1;1;1;1;2;1;2;1;2;1;1;2;2;2;2;1;2;2;1;2;4;2; ;1;1;1;4;1;3;1;1;1;3;1;1;01;68;07;68;533,93756010072
4669460;1;3;2;1;1;1;1;3;3;2; ;320000;35000000;400000; ;2;1;1;1;1;1;1;1;2;2;1;2;1;1;2;2;1;2;1;2;2;1;2;3;2; ;1;1;1;2;1;2;1;1;1;3;1;1;01;68;07;68;599,884098216296
4669461;1;4;3;1;1;1;1;1;3;3; ; ; ; ;900000;1;1;1;1;1;1;1;1;2;2;1;1;1;1;2;2;1;2;2;1;2;1;5;5;2; ;1;2;1;4;1;4;1;1;1;3;1;1;01;68;07;68;587,874136882385
4669462;1;4;1;1;1;1;1;1;3;1; ; ;98;600000; ;1;1;1;1;1;1;1;1;1;2;1;1;1;1;2;2;1;2;2;2;2;1;1;2;2; ;1;1;1;4;1;3;1;1;1;3;1;1;01;68;07;68;426,585878005594
4669463;1;4;2;1;1;1;1;1;3;3; ; ; ; ;600000;1;1;1;1;1;1;1;2;2;1;1;2;2;1;2;2;2;2;1;2;2;1;2;3;2; ;1;2;1;4;1;2;1;1;1;3;1;1;01;68;07;68;388,945366648876
4669464;1;2;1;1;1;1;1;1;3;3; ; ; ; ;350000;2;1;1;1;1;1;1;2;2;2;1;1;2;1;2;2;1;2;1;2;2;1;1;2;2; ;1;2;1;4;1;4;1;1;1;3;1;1;01;68;07;68;644,365273113758
4669465;1;3;2;1;1;1;1;1;3;3; ; ; ; ;400000;2;1;2;2;2;2;1;2;2;2;1;2;2;1;2;2;2;2;2;2;2;1;1;2;2; ;1;2;1;4;1;2;1;1;1;3;1;1;01;68;07;68;501,657052261685
4669466;1;4;1;1;1;1;1;1;3;2; ;99;80000000;600000; ;2;1;2;1;1;1;1;2;2;2;1;1;1;2;2;2;1;2;2;2;2;1;1;1;2; ;1;2;1;4;1;2;1;1;1;3;1;1;01;68;07;68;535,016107626794
4669467;1;4;1;1;1;1;1;1;3;1; ; ;98;600000; ;1;1;1;1;1;1;1;2;2;2;1;2;2;1;2;2;2;2;2;2;2;1;1;2;2; ;1;1;1;4;1;3;1;1;1;3;1;1;01;68;07;68;426,585878005594
4669469;1;5;3;1;1;1;1;1;3;3; ; ; ; ;850000;2;2;1;1;1;1;1;2;2;2;1;2;1;1;2;2;2;2;2;1;2;1;2;4;2; ;1;2;1;4;1;4;1;1;1;3;1;1;01;68;07;68;379,429226372082
4669470;1;6;4;1;1;1;1;1;3;3; ; ; ; ;600000;2;2;2;1;1;1;1;2;2;2;1;2;2;2;2;2;1;1;1;2;2;1;3;6;2; ;1;2;1;4;1;2;1;1;1;3;1;1;01;68;07;68;496,589171472153
4669471;1;3;2;1;1;1;1;1;3;1; ; ;50000000;500000; ;1;1;1;1;1;1;1;2;2;2;1;1;1;2;2;2;2;2;1;2;2;1;1;3;2; ;1;2;1;4;1;2;1;1;1;3;1;1;01;68;07;68;628,170803467385
4669472;1;6;1;1;1;1;1;1;3;1; ; ;280000000;2500000; ;1;1;1;1;1;1;1;1;1;1;1;2;1;1;2;1;1;2;2;1;2;1;1;1;2; ;1;1;1;4;1;4;1;1;1;3;1;1;01;68;07;68;412,096769022909
4669473;1;2;1;1;1;1;1;1;3;1; ; ;150000000;800000; ;1;1;1;1;1;1;1;2;1;2;1;1;1;2;2;2;1;2;2;2;2;1;1;1;2; ;1;2;1;4;1;3;1;1;1;3;1;1;01;68;07;68;412,096769022909
4669474;1;5;2;1;1;1;1;1;3;1; ; ;98;98; ;1;1;1;1;1;1;1;1;1;1;1;2;2;1;2;2;1;2;2;2;2;1;1;3;2; ;1;2;1;4;1;4;1;1;1;3;1;1;01;68;07;68;318,155648384395
4669476;1;3;2;1;1;1;1;1;3;1; ; ;70000000;500000; ;1;1;1;1;1;1;1;2;1;2;1;1;1;1;2;2;1;1;2;1;2;1;2;3;2; ;1;2;1;4;1;1;1;1;1;3;1;1;01;68;07;68;606,543106078107
4669477;1;5;4;1;1;1;1;1;3;1; ; ;98;800000; ;1;1;1;1;1;1;1;2;2;2;1;2;2;1;2;2;2;1;2;2;2;1;3;5;2; ;1;1;1;4;1;3;1;1;1;3;1;1;01;68;07;68;260,263499322054
4669478;1;3;2;1;1;1;1;1;3;4; ; ; ;400000; ;1;1;2;2;1;2;1;2;2;2;1;2;2;2;2;2;1;1;1;2;2;1;3;5;2; ;1;2;1;2;1;1;1;1;1;3;1;1;01;68;07;68;745,350070075224
4669479;1;4;2;1;1;1;1;1;3;3; ; ; ; ;630000;1;1;1;1;1;1;1;1;1;2;1;1;2;1;2;2;2;2;2;2;2;1;3;4;2; ;1;2;1;4;1;3;1;1;1;3;1;1;01;68;07;68;590,530292110666
4669480;1;2;1;1;1;1;1;1;3;3; ; ; ; ;700000;1;1;1;1;1;1;1;2;2;2;1;2;2;1;2;1;1;2;2;1;2;1;2;2;2; ;1;2;1;4;1;3;1;1;1;3;1;1;01;68;07;68;497,193940591142
4669481;1;4;2;1;1;1;1;1;3;3; ; ; ; ;500000;2;1;2;1;1;1;1;2;2;2;1;1;1;2;2;2;1;2;1;2;2;1;2;3;2; ;1;2;1;4;1;1;1;1;1;3;1;1;01;68;07;68;628,170803467385
4669482;1;2;1;1;1;1;1;1;3;3; ; ; ; ;98;2;2;2;1;1;1;1;2;2;2;2;2;2;2;2;2;2;2;2;2;2;2; ;1;2; ;1;2;1;4;1;3;1;1;1;3;1;1;01;68;07;68;412,096769022909
4669483;1;2;1;1;1;1;1;3;4;1; ; ;98;200000; ;2;1;1;1;1;1;1;2;2;2;1;2;2;2;2;2;1;2;1;2;2;1;2;3;2; ;1;1;1;2;1;1;2;1;1;3;1;1;01;68;07;68;606,543106078107
4669484;1;3;2;1;1;1;1;1;3;4; ; ; ;700000; ;1;1;1;1;1;1;1;2;2;2;1;2;2;1;2;2;1;2;2;2;2;1;2;6;2; ;1;1;1;4;1;3;1;1;1;3;1;1;01;68;07;68;260,263499322054
4669484;2;4;3;1;1;1;1;1;3;3; ; ; ; ;650000;1;1;1;1;1;1;1;2;2;2;1;2;2;1;2;2;2;2;2;2;2;1;2;3;2; ;2;1;1;4;1;3;1;1;1;3;1;1;01;68;07;68;260,263499322054
4669485;1;2;1;1;1;1;1;1;4;3; ; ; ; ;150000;2;1;1;1;1;1;2;2;2;2;1;2;2;2;2;2;2;2;2;2;2;1;2;2;2; ;1;1;1;2;1;1;2;1;1;3;1;1;01;68;07;68;473,552002689529
4669486;1;5;2;1;1;1;1;1;3;1; ; ;150000000;800000; ;1;2;2;1;1;1;1;1;2;2;1;2;2;2;2;2;2;2;1;2;2;1;2;3;2; ;1;1;1;4;1;3;1;1;1;3;1;1;01;68;07;68;553,099629211295
4669487;1;4;3;1;1;1;1;1;3;3; ; ; ; ;400000;1;1;1;1;1;1;1;2;2;2;1;1;2;1;2;2;2;2;2;2;2;1;2;3;2; ;1;1;1;4;1;2;1;1;1;3;1;1;01;68;07;68;470,694870274546
4669488;1;5;3;1;1;1;1;1;3;1; ; ;98;500000; ;1;1;1;1;1;1;1;1;1;2;1;1;2;1;2;2;1;2;1;2;2;1;4;7;2; ;1;1;1;4;1;2;1;1;1;3;1;1;01;68;07;68;458,767004436501
4669489;1;4;3;1;1;1;1;1;3;3; ; ; ; ;500000;1;1;1;1;1;1;1;2;2;2;1;1;1;1;2;2;1;1;2;2;2;1;3;6;2; ;1;2;1;4;1;2;1;1;1;3;1;1;01;68;07;68;536,017317763363
4669490;1;3;1;1;1;1;1;1;3;3; ; ; ; ;400000;2;1;1;1;1;1;1;2;2;2;1;2;2;2;2;2;1;2;1;2;2;1;2;3;2; ;1;2;1;2;1;1;1;1;1;3;1;1;01;68;07;68;635,030788515897
4669491;1;6;5;1;1;1;1;1;3;1; ; ;120000000;350000; ;1;1;1;1;1;1;1;2;2;2;1;1;1;1;2;2;2;2;2;2;2;1;3;7;2; ;1;2;1;4;1;2;1;1;1;3;1;1;01;68;07;68;430,661954864345
4669492;1;3;1;1;1;1;1;1;3;3; ; ; ; ;400000;2;1;1;1;1;1;1;2;2;2;1;2;1;2;2;2;2;2;1;2;2;1;2;2;2; ;1;2;1;2;1;1;1;1;1;3;1;1;01;68;07;68;609,218582814157
4669493;1;2;1;1;2;1;1;1;3;3; ; ; ; ;250000;2;1;2;2;1;1;1;2;2;2;1;2;1;2;2;2;1;2;2;2;2;1;2;2;2; ;1;1;1;2;1;2;1;1;1;3;1;1;01;68;07;68;553,099629211295
4669493;2;1;1;1;2;1;1;1;3;3; ; ; ; ;130000;2;1;2;2;1;1;1;2;2;2;1;2;2;2;2;2;1;2;2;2;2;1;1;1;2; ;2;1;1;2;1;2;1;1;1;3;1;1;01;68;07;68;553,099629211295
4669494;1;4;1;1;1;1;1;1;3;1; ; ;90000000;500000; ;1;2;2;1;2;1;1;2;2;2;2;2;2;2;2;2;2;2;2;2;2;2; ;2;2; ;1;2;1;4;1;1;1;1;1;3;1;1;01;68;07;68;426,585878005594
4669495;1;4;2;1;1;1;1;1;3;1; ; ;98;400000; ;1;1;1;1;1;1;1;1;2;2;1;2;2;2;2;2;1;2;1;2;2;1;2;4;2; ;1;1;1;4;1;2;1;1;1;3;1;1;01;68;07;68;515,277462175643
4669496;1;3;2;1;1;1;1;4;3;1; ; ;98;400000; ;2;1;2;1;1;1;1;2;2;2;1;2;2;2;2;2;2;2;2;2;2;1;1;3;2; ;1;2;1;4;1;2;1;1;1;3;1;1;01;68;07;68;494,518463855092
4669497;1;2;1;1;1;1;1;4;3;3; ; ; ; ;300000;2;1;1;1;1;1;1;1;2;2;1;2;2;1;2;2;1;1;1;2;2;1;2;2;2; ;1;2;1;2;1;2;1;1;1;3;1;1;01;68;07;68;609,218582814157
4669498;1;4;3;1;1;1;1;1;3;4; ; ; ;500000; ;2;2;2;1;1;1;1;2;1;2;1;2;2;1;2;2;1;2;2;2;2;1;4;5;2; ;1;1;1;4;1;2;1;1;1;3;1;1;01;68;07;68;559,568110123527
4669499;1;8;3;1;1;1;1;1;3;3; ; ; ; ;1500000;1;1;1;1;1;1;1;1;1;1;1;2;1;1;2;2;1;1;2;1;2;1;3;4;2; ;1;1;1;4;1;4;1;1;1;3;1;1;01;68;07;68;590,530292110666
4669500;1;4;3;1;1;1;1;1;3;4; ; ; ;600000; ;1;1;1;1;1;1;1;2;2;2;1;2;1;2;2;2;1;2;2;2;2;1;2;3;2; ;1;2;1;4;1;2;1;1;1;3;1;1;01;68;07;68;393,226822640485
4669501;1;4;1;1;1;1;1;1;3;4; ; ; ;500000; ;2;2;2;1;1;1;1;2;2;2;2;2;2;2;2;2;2;2;2;2;2;1;1;2;2; ;1;1;1;4;1;2;1;1;1;3;1;1;01;68;07;68;426,585878005594
4669502;1;4;3;1;1;1;1;1;3;1; ; ;99;99; ;1;1;1;1;1;1;1;2;2;2;1;1;1;1;2;2;2;1;2;2;2;1;1;3;2; ;1;1;1;4;1;2;1;1;1;3;1;1;01;68;07;68;435,729835653877
4669503;1;4;2;1;1;1;1;1;3;4; ; ; ;1100000; ;1;1;1;1;1;1;1;2;2;1;1;1;1;2;2;2;1;2;2;2;2;1;2;2;2; ;1;1;1;4;1;4;1;1;1;3;1;1;01;68;07;68;538,610520228609
4669504;1;5;2;1;1;1;1;1;3;3; ; ; ; ;450000;2;1;1;2;1;1;1;1;2;2;1;2;1;2;2;2;2;1;1;2;2;1;3;4;2; ;1;2;1;4;1;2;1;1;1;3;1;1;01;68;07;68;647,123024120613
4669505;1;4;2;1;1;1;1;1;3;4; ; ; ;1500000; ;1;1;1;2;1;1;1;2;2;2;1;2;2;1;2;2;2;2;2;2;2;1;1;3;2; ;1;2;1;4;1;4;1;1;1;3;1;1;01;68;07;68;388,763710969943
4669506;1;7;4;1;1;1;1;1;3;1; ; ;98;1500000; ;1;1;1;1;1;1;1;2;2;2;1;1;1;1;2;2;1;1;2;2;2;1;4;5;2; ;1;1;1;4;1;4;1;1;1;3;1;1;01;68;07;68;277,658004612694
4669507;1;4;3;1;1;1;1;1;3;1; ; ;98;1000000; ;1;1;2;1;1;1;1;1;1;1;1;2;2;2;2;2;1;2;2;2;2;2; ;4;2; ;1;1;1;4;1;4;1;1;1;3;1;1;01;68;07;68;260,263499322054
4669508;1;4;3;1;1;1;1;1;3;3; ; ; ; ;550000;1;1;1;1;1;1;1;2;1;2;1;2;2;2;2;2;2;2;1;1;2;1;3;5;2; ;1;2;1;4;1;2;1;1;1;3;1;1;01;68;07;68;609,482512763894
4669509;1;3;1;1;1;1;1;1;3;3; ; ; ; ;220000;2;2;2;2;1;1;1;2;2;2;1;2;2;2;2;2;1;2;2;2;2;1;2;2;2; ;1;1;1;2;1;1;1;1;1;3;1;2;01;68;07;68;609,218582814157
4669510;1;3;1;1;1;1;1;1;3;3; ; ; ; ;250000;2;1;2;1;1;1;1;2;2;2;1;2;2;2;2;2;2;2;1;2;2;1;1;2;2; ;1;1;1;4;1;1;1;1;1;3;1;2;01;68;07;68;473,552002689529
4669511;1;2;1;1;1;1;1;3;3;3; ; ; ; ;400000;2;1;2;2;1;1;1;2;2;2;1;1;2;2;2;2;1;2;2;2;2;1;2;3;2; ;1;2;1;2;1;2;1;1;1;3;1;1;01;68;07;68;628,170803467385
4669512;1;4;1;1;1;1;1;1;3;3; ; ; ; ;99;2;1;2;2;1;1;1;2;2;2;1;2;2;2;2;2;2;2;2;2;2;1;1;1;2; ;1;1;1;4;1;2;1;1;1;3;1;1;01;68;07;68;412,096769022909
4669513;1;2;1;1;1;1;1;1;3;4; ; ; ;98; ;1;2;2;2;1;1;1;2;2;2;2;2;2;2;2;2;2;2;2;2;2;2; ;1;2; ;1;2;1;4;1;4;1;1;1;3;1;1;01;68;07;68;412,096769022909
4669514;1;4;3;1;1;1;1;1;3;3; ; ; ; ;700000;1;1;1;1;1;1;1;1;1;1;1;1;1;1;2;1;1;2;1;1;2;1;1;3;1;1;1;1;1;4;1;3;1;1;1;3;1;1;01;68;07;68;442,388843515688
4669533;1;2;1;1;1;1;1;1;3;3; ; ; ; ;320000;2;2;2;2;1;2;1;2;2;2;1;2;2;2;2;2;2;2;2;2;2;1;1;2;2; ;1;4;1;2;1;3;1;1;1;3;1;1;01;73;07;73;243,225436376856
4669534;1;1;1;1;2;1;1;1;3;3; ; ; ; ;300000;2;2;2;2;1;1;1;2;2;2;1;2;1;2;2;2;2;2;2;2;2;1;2;2;2; ;1;4;1;2;1;2;1;1;1;3;1;1;01;73;07;73;249,562895331605
4669536;1;2;1;1;1;1;1;1;3;3; ; ; ; ;350000;2;1;1;1;1;1;1;2;2;2;1;2;1;1;2;2;2;2;2;2;2;1;2;3;1;1;1;2;1;4;1;2;1;1;1;3;1;1;01;73;07;73;266,117710616214
4669537;1;4;1;1;1;1;1;1;3;1; ; ;80000000;400000; ;1;1;2;1;1;1;1;1;2;2;1;1;1;2;2;2;2;2;2;2;2;2; ;1;2; ;1;2;1;4;1;2;1;1;1;3;1;1;01;73;07;73;231,380335153257
4669538;1;2;1;1;1;1;1;1;3;3; ; ; ; ;100000;2;1;2;2;1;2;1;2;2;2;1;2;2;2;2;2;2;2;2;2;2;1;1;1;2; ;1;2;1;4;1;2;1;1;1;3;1;2;01;73;07;73;293,858622574262
4669539;1;2;1;1;1;1;1;1;3;1; ; ;98;400000; ;2;1;2;1;1;1;1;1;2;2;1;2;1;2;2;2;2;2;2;2;2;1;2;2;2; ;1;2;1;4;1;2;1;1;1;3;1;1;01;73;07;73;249,562895331605
4669540;1;2;1;1;1;1;1;1;3;3; ; ; ; ;530000;2;2;2;1;1;1;1;2;1;2;1;2;1;2;2;2;2;2;2;2;2;1;1;1;2; ;1;2;1;4;1;3;1;1;1;3;1;1;01;73;07;73;190,349180721988
4669541;1;3;2;1;1;1;1;1;3;3; ; ; ; ;600000;2;2;2;2;1;1;1;2;2;2;1;2;2;2;2;2;2;2;2;2;2;1;3;3;2; ;1;2;1;4;1;3;1;1;1;3;1;1;01;73;07;73;245,956341161317
4669542;1;5;2;1;1;1;1;1;3;3; ; ; ; ;787000;1;1;1;1;1;1;1;1;2;2;1;2;1;1;2;2;2;2;2;2;2;1;3;3;2; ;1;1;1;4;1;4;1;1;1;3;1;1;01;73;07;73;167,301246094065
4669543;1;2;1;1;1;1;1;1;4;5; ; ; ;50000; ;2;2;2;2;1;1;1;2;2;2;2;2;2;2;2;2;2;2;2;2;2;2; ;1;2; ;1;1;1;3;1;2;2;1;1;3;1;2;01;73;07;73;231,380335153257
4669544;1;1;1;1;1;1;1;1;4;4; ; ; ;250000; ;2;1;2;2;1;2;1;2;2;2;1;2;2;2;2;2;2;2;2;2;2;1;1;1;2; ;1;1;1;4;1;3;2;1;1;3;1;1;01;73;07;73;306,970197784122
4669545;1;4;2;1;1;1;1;1;3;1; ; ;160000000;800000; ;1;1;1;1;1;1;1;2;2;1;1;2;2;1;2;2;1;2;2;2;2;1;1;2;2; ;1;1;1;4;1;4;1;1;1;3;1;1;01;73;07;73;190,149840346986
4669546;1;3;2;1;1;1;1;1;3;3; ; ; ; ;620000;2;1;1;2;1;1;1;1;2;2;1;2;2;1;2;2;2;2;2;2;2;1;3;4;1;1;1;2;1;4;1;3;1;1;1;3;1;1;01;73;07;73;252,206297077267
4669547;1;6;2;1;1;1;1;1;3;2; ;1900000;300000000;1200000; ;1;1;1;1;1;1;1;1;1;1;1;1;2;1;2;2;1;1;2;1;2;1;2;3;2; ;1;1;1;4;1;4;1;1;1;3;1;1;01;73;07;73;263,052478179828
4669548;1;2;1;1;1;1;1;1;3;1; ; ;98;98; ;2;1;2;2;1;1;1;2;2;2;1;2;1;2;2;2;2;1;2;2;2;1;1;1;2; ;1;1;1;4;1;2;1;1;1;2;1;1;01;73;07;73;231,380335153257
4669549;1;2;1;1;1;1;1;1;3;1; ; ;98;300000; ;2;1;2;2;1;1;1;2;2;2;1;2;1;2;2;2;2;1;2;2;2;1;1;1;2; ;1;1;1;2;1;3;1;1;1;3;1;1;01;73;07;73;290,793390137876
4669550;1;3;2;1;1;1;1;3;3;3; ; ; ; ;350000;2;1;2;1;1;2;1;2;1;2;1;1;2;2;2;2;2;2;2;2;2;1;1;4;2; ;1;2;1;4;1;2;1;1;1;3;1;1;01;73;07;73;373,136695912213
4669551;1;9;3;1;1;1;1;1;3;1; ; ;170000000;470000; ;1;1;1;1;1;1;1;1;2;2;1;2;1;1;2;2;2;2;1;2;2;1;4;6;2; ;1;2;1;4;1;2;1;1;1;3;1;1;01;73;07;73;278,84989462465
4669552;1;4;3;1;1;1;1;1;3;3; ; ; ; ;450000;2;1;1;1;1;2;1;2;2;2;1;2;2;2;2;2;2;2;2;2;2;1;4;8;2; ;1;1;1;4;1;2;1;1;1;3;1;1;01;73;07;73;331,862378053579
4669553;1;4;1;1;1;1;1;1;3;1; ; ;90000000;300000; ;2;1;1;1;1;1;1;2;2;2;1;2;2;2;2;2;1;2;2;2;2;1;2;2;2; ;1;2;1;4;1;2;1;1;1;3;1;1;01;73;07;73;249,562895331605
4669554;1;2;2;1;1;1;1;1;3;3; ; ; ; ;340000;2;2;2;1;1;1;1;2;2;2;1;2;2;2;2;2;2;2;2;2;2;1;2;5;2; ;1;2;1;4;1;2;1;1;1;3;1;1;01;73;07;73;304,604932664835
4669556;1;2;1;1;1;1;1;1;3;3; ; ; ; ;300000;2;1;2;1;1;1;1;2;2;2;1;1;2;2;2;2;1;1;1;2;2;1;1;2;2; ;1;2;1;2;1;2;1;1;1;3;1;1;01;73;07;73;359,846453438991
4669557;1;2;1;1;1;1;1;1;3;3; ; ; ; ;200000;2;2;1;2;1;2;1;2;2;2;2;2;2;2;2;2;2;2;2;2;2;2; ;1;2; ;1;2;1;4;1;2;1;1;1;3;1;1;01;73;07;73;306,970197784122
4669558;1;4;3;1;1;1;1;1;3;4; ; ; ;500000; ;1;2;1;1;1;1;1;2;2;2;2;2;2;1;2;2;2;1;2;2;2;1;2;4;2; ;1;2;1;4;1;2;1;1;1;3;1;1;01;73;07;73;250,084195385343
4669559;1;4;2;1;1;1;1;1;3;1; ; ;80000000;400000; ;2;1;2;2;2;2;2;2;2;2;1;2;2;2;2;2;2;2;2;2;2;2; ;2;2; ;1;1;1;2;1;2;1;1;1;2;1;1;01;73;07;73;308,975950316224
4669560;1;4;2;1;1;1;1;1;3;1; ; ;100000000;500000; ;2;1;2;1;1;1;1;1;2;2;1;2;2;2;2;2;2;2;2;2;2;1;3;4;2; ;1;1;1;4;1;2;1;1;1;3;1;1;01;73;07;73;222,299603440858
4669561;1;3;1;1;1;1;1;1;3;1; ; ;150000000;600000; ;1;1;1;1;1;1;1;1;1;2;1;1;1;1;2;1;1;2;2;2;2;1;2;2;2; ;1;1;1;4;1;3;1;1;1;3;1;1;01;76;07;76;808,064183975969
4669562;1;4;3;1;1;1;1;1;3;3; ; ; ; ;270000;1;1;1;2;1;1;1;2;2;2;1;2;2;1;2;2;2;2;2;2;2;1;2;4;2; ;1;2;1;2;1;1;1;1;1;3;1;1;01;76;07;76;1061,08766424936
4669563;1;4;3;1;1;1;1;1;3;1; ; ;98;400000; ;1;1;1;2;1;1;1;2;2;2;1;1;1;1;2;2;1;1;1;2;2;1;2;5;2; ;1;2;1;4;1;3;1;1;1;3;1;1;01;76;07;76;1023,81767340436
4669564;1;3;1;1;2;1;1;1;3;6;PROTOCOLIZACION; ; ;300000; ;1;2;2;2;1;2;1;2;2;2;1;2;2;2;2;2;2;2;2;2;2;1;1;1;2; ;1;1;1;2;1;1;1;1;1;3;1;1;01;76;07;76;1031,87101717571
4669564;2;1;1;1;2;1;1;1;3;3; ; ; ; ;250000;2;2;2;2;2;2;1;2;2;2;2;2;2;2;2;2;2;2;2;2;2;1;1;2;2; ;2;1;1;2;1;1;1;1;1;3;1;1;01;76;07;76;1031,87101717571
4669565;1;2;1;1;1;1;1;1;3;3; ; ; ; ;390000;2;1;1;2;1;2;1;2;1;2;1;2;1;2;2;2;2;2;2;2;2;1;1;2;2; ;1;2;1;4;1;3;1;1;1;3;1;1;01;76;07;76;1167,43874561387
4669566;1;4;3;1;1;1;1;1;3;1; ; ;50000000;500000; ;1;1;1;1;1;1;1;2;2;2;1;2;1;2;2;2;1;1;2;2;2;1;2;3;2; ;1;2;1;4;1;3;1;1;1;2;1;1;01;76;07;76;1280,02186012746
4669567;1;2;1;1;1;1;1;1;3;3; ; ; ; ;500000;2;2;1;2;1;2;1;2;2;2;1;2;2;2;2;2;1;2;2;2;2;1;1;2;2; ;1;2;1;4;1;3;1;1;1;3;1;1;01;76;07;76;935,093916057472
4669568;1;3;2;1;1;1;1;1;3;3; ; ; ; ;190000;2;2;2;1;1;1;1;2;2;2;1;2;2;2;2;2;2;2;2;2;2;1;3;4;2; ;1;2;1;2;1;1;1;1;1;3;1;1;01;76;07;76;1145,35459281723
4669569;1;2;1;1;1;1;1;1;3;3; ; ; ; ;180000;2;2;2;2;1;2;1;2;2;2;2;2;2;2;2;2;2;2;2;2;2;1;1;2;2; ;1;2;1;2;1;1;1;1;1;3;1;1;01;76;07;76;935,093916057472
4669570;1;2;1;1;1;1;1;1;3;3; ; ; ; ;300000;2;1;2;2;2;2;1;2;2;2;1;2;1;2;2;2;2;2;2;2;2;1;1;2;2; ;1;2;1;4;1;3;1;1;1;3;1;1;01;76;07;76;935,093916057472
4669571;1;4;3;1;1;1;1;1;3;6;PROTOCOLIZACION; ; ;300000; ;2;2;2;2;1;1;1;2;2;2;1;2;2;2;2;2;2;2;2;2;2;1;4;7;2; ;1;1;1;2;1;1;1;1;1;3;1;1;01;76;07;76;837,974588002027
4669572;1;2;1;1;1;1;1;1;3;3; ; ; ; ;450000;2;1;2;2;2;2;1;2;2;2;1;2;2;2;2;2;1;2;2;2;2;1;1;3;2; ;1;2;1;4;1;3;1;1;1;3;1;1;01;76;07;76;1044,96148190609
4669573;1;4;3;1;1;1;1;1;3;3; ; ; ; ;450000;2;2;2;1;1;1;1;2;2;2;1;2;2;2;2;2;1;1;1;2;2;1;3;5;2; ;1;2;1;4;1;3;1;1;1;3;1;1;01;76;07;76;1094,17877472512
4669574;1;4;3;1;1;1;1;1;3;3; ; ; ; ;450000;2;1;2;1;1;1;1;2;1;2;1;2;2;2;2;2;1;2;2;2;2;1;4;5;2; ;1;2;1;4;1;3;1;1;1;3;1;1;01;76;07;76;1479,03287757967
4669575;1;4;1;1;1;1;10;1;4;4; ; ; ;210000; ;2;2;2;2;1;1;1;2;2;2;1;2;2;2;2;2;2;2;2;2;2;1;1;4;2; ;1;2;7;2;1;1;2;1;1;3;1;1;01;76;07;76;966,405936449093
4669576;1;1;1;1;1;1;1;1;4;3; ; ; ; ;100000;2;2;2;2;2;1;1;2;2;2;1;2;2;2;2;2;2;2;2;2;2;1;1;3;2; ;1;1;5;3;1;1;2;1;1;3;1;1;01;76;07;76;1207,75616209042
4669577;1;2;1;1;1;1;1;1;4;3; ; ; ; ;400000;2;2;2;2;2;1;1;2;2;2;2;2;2;2;2;1;2;2;1;2;2;1;1;1;2; ;1;2;1;4;1;3;2;1;1;3;1;1;01;76;07;76;918,967733714205
4669578;1;3;2;1;1;1;1;1;3;3; ; ; ; ;350000;1;1;1;2;1;1;1;2;2;2;1;2;1;2;2;2;2;2;2;2;2;1;1;3;2; ;1;2;1;4;1;2;1;1;1;3;1;1;01;76;07;76;1277,30631146249
4669579;1;3;1;1;1;1;1;1;3;4; ; ; ;300000; ;2;2;2;2;1;1;1;2;2;2;1;2;2;2;2;2;2;2;2;2;2;2; ;1;2; ;1;2;1;4;1;3;1;1;1;3;1;1;01;76;07;76;915,351723921305
4669580;1;1;1;1;2;1;1;6; ;4; ; ; ;280000; ;2;1;1;2;1;2;2;2;2;2;1;1;2;1;2;2;2;1;2;2;2;1;1;1;2; ;1;3;1;4;1;3;2;1;1;3;1;1;01;76;07;76;943,631912414132
4669581;1;4;2;1;1;1;1;1;1;1; ; ;98;400000; ;2;1;2;2;1;1;1;2;2;2;1;2;2;2;2;2;2;2;2;2;2;2; ;2;2; ;1;2;1;2;1;3;2;1;1;3;1;1;01;76;07;76;836,796178464305
4669582;1;4;3;1;1;1;1;1;3;3; ; ; ; ;300000;1;1;1;1;1;1;1;2;2;1;1;2;1;2;2;2;2;1;1;2;2;1;4;4;2; ;1;2;1;4;1;2;1;1;1;3;1;1;01;76;07;76;543,665553116632
4669582;2;2;1;1;1;1;1;1;3;1; ; ;80000000;400000; ;1;1;2;1;1;1;1;2;2;1;1;2;2;2;2;2;2;2;2;2;2;2; ;1;2; ;2;2;1;4;1;2;1;1;1;3;1;1;01;76;07;76;543,665553116632
4669583;1;4;2;1;1;1;1;1;3;1; ; ;150000000;450000; ;1;1;1;1;1;1;1;1;2;2;1;1;1;1;2;2;2;1;1;2;2;1;2;3;2; ;1;2;1;4;1;2;1;1;1;3;1;1;01;76;07;76;1098,35765509436
4669584;1;4;2;1;1;1;1;1;3;3; ; ; ; ;400000;1;1;1;1;1;1;1;2;2;2;1;1;1;1;2;2;1;2;1;2;2;1;2;3;2; ;1;2;1;4;1;3;1;1;1;3;1;1;01;76;07;76;1098,35765509436
4669585;1;3;2;1;1;1;1;1;3;3; ; ; ; ;380000;1;2;2;2;1;1;1;2;1;2;1;2;1;2;2;2;2;2;2;2;2;1;2;2;2; ;1;2;1;4;1;2;1;1;1;3;1;1;01;76;07;76;1078,61546295819
4669586;1;4;1;1;1;1;1;1;3;3; ; ; ; ;280000;2;1;2;1;1;1;1;2;2;2;1;2;2;2;2;2;1;2;2;1;2;1;1;2;2; ;1;2;1;4;1;2;1;1;1;3;1;1;01;76;07;76;1078,61546295819
4669587;1;3;2;1;1;1;1;6; ;4; ; ; ;350000; ;1;1;2;2;2;2;2;2;2;2;1;2;2;2;2;2;2;1;2;2;2;1;1;2;2; ;1;2;1;4;1;3;1;1;1;3;1;1;01;76;07;76;1106,89565145102
4669588;1;1;1;1;1;1;1;6; ;3; ; ; ; ;200000;2;2;2;2;2;2;2;2;2;2;1;1;2;1;2;2;2;1;2;2;2;1;1;1;2; ;1;4;1;1;1;3;2;1;1;3;1;1;01;76;07;76;1214,18319139635
4669589;1;3;2;1;1;1;1;1;3;1; ; ;99;350000; ;1;1;1;1;1;1;1;2;2;2;1;2;2;1;2;2;2;2;1;2;2;1;2;2;2; ;1;2;1;2;1;2;1;1;1;3;1;1;01;76;07;76;1078,61546295819
4669590;1;3;2;1;1;1;1;1;3;3; ; ; ; ;300000;2;1;2;2;1;1;1;2;2;2;1;2;2;2;2;2;2;2;2;2;2;1;2;2;2; ;1;2;1;2;1;2;1;1;1;3;1;1;01;76;07;76;1110,42656263271
4669591;1;2;1;1;2;1;1;1;3;3; ; ; ; ;450000;2;2;2;1;1;1;1;2;2;2;1;1;2;2;2;2;1;2;2;2;2;1;1;4;2; ;1;3;1;2;1;3;1;1;1;3;1;1;01;76;07;76;1042,21813940058
4669592;1;5;1;1;1;1;1;1;4;4; ; ; ;700000; ;2;2;2;1;1;1;1;1;2;2;1;1;1;2;1;2;2;2;2;2;2;1;1;1;1;3;1;1;1;4;1;5;2;1;1;3;1;1;01;76;07;76;1214,18319139635
4669593;1;1;1;1;2;1;1;6; ;3; ; ; ; ;180000;2;2;2;2;2;2;2;2;2;2;2;2;2;2;2;2;2;2;2;2;2;1;1;1;2; ;1;3;1;4;1;3;1;1;1;3;1;1;01;76;07;76;1214,18319139635
4669594;1;1;1;1;2;1;1;1;3;3; ; ; ; ;180000;2;1;2;2;1;2;1;2;2;2;1;2;2;2;2;2;1;2;2;2;2;1;1;2;2; ;1;3;1;4;1;2;1;1;1;3;1;1;01;76;07;76;881,697742869209
4669595;1;4;2;1;1;1;1;1;3;1; ; ;98;500000; ;1;1;1;1;1;1;1;2;1;2;1;1;1;1;2;2;1;2;2;2;2;1;2;2;2; ;1;2;1;4;1;2;1;1;1;3;1;1;01;76;07;76;808,064183975969
4669685;1;4;3;1;1;1;1;1;3;2; ;98;98;98; ;2;1;1;1;1;1;1;1;1;1;1;1;1;1;2;2;2;2;1;1;2;1;4;4;2; ;1;2;1;4;1;5;1;1;1;2;1;1;01;05;07;05;990,824649073591
4669686;1;5;3;1;1;1;1;1;3;3; ; ; ; ;98;1;1;1;1;1;1;1;1;1;1;1;1;2;1;2;2;2;2;2;2;2;1;3;3;2; ;1;2;1;4;1;5;1;1;1;2;1;1;01;05;07;05;1218,625384967
4669689;1;2;2;1;2;1;1;1;3;3; ; ; ; ;200000;2;1;1;2;2;1;1;2;2;2;1;2;2;2;2;2;2;2;2;2;2;1;2;4;2; ;1;2;1;2;1;2;1;1;1;2;1;1;01;05;07;05;1167,79634693315
4669690;1;5;3;1;1;1;1;1;3;1; ; ;98;1300000; ;1;1;1;1;1;1;1;1;1;1;1;1;1;1;2;2;1;1;1;1;2;1;4;4;2; ;1;2;1;5;1;5;1;1;1;2;1;1;01;05;07;05;895,741893855846
4669691;1;6;3;1;1;1;1;1;3;2; ;400000;220000000;1000000; ;1;1;1;1;1;1;1;1;1;1;1;1;1;1;2;2;2;2;2;2;2;1;4;4;2; ;1;2;1;4;1;3;1;1;1;2;1;1;01;05;07;05;1196,26038264972
4669692;1;3;2;1;1;1;1;1;3;3; ; ; ; ;350000;2;2;2;1;1;1;1;2;2;2;1;2;1;2;2;2;2;2;2;2;2;1;4;5;2; ;1;2;1;2;1;1;1;1;1;2;1;1;01;05;07;05;1423,08299779522
4669693;1;4;2;1;1;1;1;1;3;4; ; ; ;350000; ;1;1;1;1;1;1;1;2;2;2;2;2;2;2;2;2;2;2;2;2;2;1;1;3;2; ;1;2;1;2;1;1;1;1;1;3;1;1;01;05;07;05;1176,02273150751
4669694;1;3;2;1;1;1;1;1;3;1; ; ;50000000;400000; ;2;1;2;1;1;1;1;1;1;2;1;1;1;1;2;2;1;1;2;1;2;1;2;3;2; ;1;2;1;4;1;1;1;1;1;2;1;1;01;05;07;05;1381,71442159955
4669695;1;2;1;1;1;1;1;1;4;3; ; ; ; ;280000;2;1;2;2;1;1;1;2;2;2;1;2;1;2;2;2;2;2;2;2;2;1;1;1;2; ;1;2;1;2;1;1;2;1;1;2;1;1;01;05;07;05;1208,14056640759
4669696;1;4;2;1;1;1;1;1;3;3; ; ; ; ;450000;2;2;2;1;1;1;1;2;2;2;1;1;1;1;2;2;2;2;1;2;2;1;2;2;2; ;1;2;1;4;1;1;1;1;1;3;1;1;01;05;07;05;1155,57486470281
4669697;1;2;2;1;1;1;1;1;4;3; ; ; ; ;260000;2;2;2;2;2;2;1;2;2;2;2;2;2;2;2;2;2;2;2;2;2;1;2;3;2; ;1;2;1;2;1;1;2;1;1;3;1;1;01;05;07;05;1245,56297267512
4669698;1;1;1;5;1;1;1;1;4;3; ; ; ; ;200000;2;1;2;2;2;1;1;2;2;1;1;1;2;2;2;2;1;2;2;2;2;1;1;2;2; ;1;2;1;2;1;1;2;2;1;2;1;1;01;05;07;05;999,812180098869
4669699;1;3;2;1;1;1;1;1;3;3; ; ; ; ;300000;2;1;2;2;1;1;1;2;2;2;1;2;1;2;2;2;2;2;2;2;2;1;1;3;2; ;1;2;1;4;1;1;1;1;1;3;1;1;01;05;07;05;1580,28997532547
4669700;1;3;3;1;1;1;1;1;3;1; ; ;60000000;400000; ;1;1;2;1;1;1;1;2;2;2;1;2;1;1;2;2;2;2;2;2;2;1;2;6;2; ;1;2;1;2;1;1;1;1;1;3;1;1;01;05;07;05;1241,82357354507
4669701;1;5;2;1;1;1;1;1;3;1; ; ;98;500000; ;1;1;1;1;1;1;1;1;1;2;1;2;1;1;2;2;2;2;1;2;2;1;3;3;2; ;1;2;1;4;1;3;1;1;1;2;1;1;01;05;07;05;991,585795524514
4669702;1;3;2;1;1;1;1;1;3;1; ; ;45000000;300000; ;1;1;2;2;1;1;1;2;2;2;1;2;1;2;2;2;2;2;2;2;2;1;1;5;2; ;1;2;1;4;1;1;1;1;1;2;1;1;01;05;07;05;1139,09192148782
4669703;1;2;1;1;1;1;1;1;4;3; ; ; ; ;300000;2;1;2;1;1;1;1;2;2;2;1;1;2;2;2;2;2;2;2;2;2;1;1;2;2; ;1;2;1;4;1;1;2;1;1;2;1;1;01;05;07;05;1182,51245241093
4669704;1;4;2;1;1;1;1;1;3;3; ; ; ; ;700000;1;1;1;1;1;1;1;2;1;1;1;1;2;2;2;2;2;2;1;2;2;1;2;3;2; ;1;2;1;4;1;3;1;1;1;2;1;1;01;05;07;05;2317,2420041704
4669705;1;3;2;1;1;1;1;1;4;4; ; ; ;500000; ;2;2;2;2;1;1;1;2;1;2;1;2;1;2;2;2;1;2;2;2;2;1;2;4;2; ;1;2;1;4;1;2;2;1;1;2;1;1;01;05;07;05;1599,00117845924
4669706;1;4;3;1;1;1;1;1;3;3; ; ; ; ;850000;1;1;1;1;1;1;1;2;2;2;1;2;1;2;2;2;2;2;2;2;2;1;2;4;2; ;1;2;1;4;1;3;1;1;1;2;1;1;01;05;07;05;1903,63812756985
4669707;1;2;1;1;1;1;1;1;3;3; ; ; ; ;450000;2;2;2;1;1;2;1;2;2;2;1;2;2;2;2;2;2;1;2;2;2;1;2;3;2; ;1;2;1;4;1;3;1;1;1;2;1;1;01;05;07;05;1314,38368668914
4669708;1;1;1;1;1;1;1;1;4;3; ; ; ; ;200000;2;1;2;2;1;1;1;2;2;2;1;2;1;2;2;2;2;2;2;2;2;1;1;1;2; ;1;2;1;4;1;3;2;1;1;2;1;1;01;05;07;05;1132,26090211193
4669709;1;3;2;1;1;1;1;1;3;1; ; ;95000000;550000; ;1;1;1;1;1;1;1;1;1;2;1;1;1;1;2;2;1;2;1;2;2;1;3;3;2; ;1;2;1;4;1;3;1;1;1;2;1;1;01;05;07;05;1131,00786787269
4669710;1;4;3;1;1;1;1;1;3;3; ; ; ; ;550000;1;1;1;1;1;1;1;2;2;1;1;1;1;1;2;2;2;2;2;2;2;1;4;4;2; ;1;2;1;4;1;3;1;1;1;2;1;1;01;05;07;05;1237,33658810076
4669711;1;4;3;1;1;1;1;1;3;1; ; ;150000000;600000; ;1;1;1;1;1;1;1;1;2;1;1;2;1;1;2;2;2;2;2;2;2;1;2;3;2; ;1;1;1;4;1;3;1;1;1;2;1;1;01;05;07;05;2320,29490018729
4669712;1;6;4;1;1;1;1;1;3;1; ; ;98;700000; ;1;1;1;1;1;1;1;1;2;2;1;2;2;1;2;2;2;1;2;2;2;1;3;4;2; ;1;1;1;4;1;3;1;1;1;2;1;1;01;05;07;05;1122,78148329833
4669713;1;1;1;1;2;1;1;6; ;3; ; ; ; ;200000;2;2;2;2;2;2;2;2;2;2;2;2;2;2;2;2;2;2;2;2;2;2; ;1;2; ;1;3;1;2;1;3;2;1;1;2;1;1;01;05;07;05;1190,73883698528
4669714;1;4;3;1;1;1;1;1;3;4; ; ; ;400000; ;1;1;1;1;1;1;1;1;1;2;1;2;1;1;2;2;2;2;1;1;2;1;3;4;2; ;1;2;1;4;1;2;1;1;1;2;1;1;01;05;07;05;1205,79624093553
4669715;1;5;2;1;1;1;1;1;3;1; ; ;98;1000000; ;1;1;2;1;1;1;1;2;1;1;1;2;1;1;2;2;2;2;1;2;2;1;1;3;2; ;1;2;1;4;1;3;1;1;1;2;1;1;01;05;07;05;2374,17007560353
4669716;1;1;1;1;2;1;1;1;4;3; ; ; ; ;200000;2;1;2;2;1;1;1;2;2;2;1;1;2;2;2;2;2;2;2;2;2;1;1;1;2; ;1;3;1;2;1;3;2;1;1;2;1;1;01;05;07;05;1190,73883698528
4669717;1;1;1;1;2;1;1;6; ;3; ; ; ; ;200000;2;1;2;2;2;2;2;2;2;2;1;2;2;2;2;2;2;2;2;2;2;2; ;1;2; ;1;3;1;2;1;3;2;1;1;2;1;1;01;05;07;05;1190,73883698528
4669718;1;4;2;1;1;1;1;1;3;3; ; ; ; ;900000;1;1;1;1;1;1;1;1;2;1;1;1;1;1;2;2;2;2;2;2;2;1;3;3;2; ;1;2;1;4;1;3;1;1;1;2;1;1;01;05;07;05;694,330418410023
4669719;1;1;1;1;2;1;1;6; ;3; ; ; ; ;250000;2;2;2;2;2;2;2;2;2;2;2;2;2;2;2;2;2;2;2;2;2;2; ;1;2; ;1;3;1;2;1;3;2;1;1;2;1;1;01;05;07;05;1132,26090211193
4669720;1;1;1;1;2;1;1;6; ;3; ; ; ; ;200000;2;2;2;2;2;2;2;2;2;2;2;2;2;2;2;2;2;2;2;2;2;1;1;1;2; ;1;3;1;2;1;3;2;1;1;2;1;1;01;05;07;05;1132,26090211193
4669721;1;3;2;1;1;1;1;1;3;4; ; ; ;400000; ;1;1;2;1;1;1;1;2;2;2;1;2;2;2;2;2;2;2;2;2;2;2; ;2;2; ;1;2;1;2;1;2;1;1;1;3;1;1;01;05;07;05;1199,91418183323
4669722;1;2;1;1;1;1;1;1;1;4; ; ; ;300000; ;1;1;2;1;1;1;1;1;1;1;1;2;2;1;2;2;2;2;2;2;2;1;1;1;2; ;1;2;1;4;1;2;2;1;1;3;1;1;01;05;07;05;1208,14056640759
4669723;1;2;1;1;1;1;1;1;3;3; ; ; ; ;350000;2;2;2;1;1;2;1;2;2;2;1;2;2;2;2;2;2;2;2;2;2;1;1;1;2; ;1;2;1;2;1;2;1;1;1;3;1;1;01;05;07;05;1163,80124927716
4669724;1;2;1;1;1;1;1;1;4;3; ; ; ; ;230000;2;1;2;1;1;1;1;1;2;2;1;2;1;2;2;2;2;2;2;2;2;1;1;1;2; ;1;2;1;4;1;2;2;1;1;3;1;1;01;05;07;05;981,100976965104
4669725;1;1;1;3;1;1;1;6; ;3; ; ; ; ;200000;2;2;2;2;2;2;2;2;2;2;1;2;2;2;2;2;2;1;2;2;2;1;1;1;2; ;1;2;1;4;1;1;2;2;1;2;1;1;01;05;07;05;1190,73883698528
4669726;1;3;2;1;1;1;1;1;3;1; ; ;98;500000; ;1;1;2;1;1;1;1;2;2;2;1;2;2;2;2;2;2;2;2;2;2;1;2;3;2; ;1;2;1;4;1;2;1;1;1;3;1;1;01;05;07;05;1204,48676722407
4669727;1;5;1;3;1;1;1;1;1;1; ; ;98;350000; ;2;2;2;2;2;2;1;2;2;2;1;2;2;2;2;2;2;2;2;2;2;2; ;1;2; ;1;2;1;2;1;2;2;2;1;2;1;1;01;05;07;05;1132,26090211193
4669728;1;3;2;1;1;1;1;1;4;3; ; ; ; ;260000;2;2;2;2;1;1;1;2;2;2;1;2;1;2;2;2;2;2;2;2;2;1;1;4;2; ;1;2;1;2;1;2;2;1;1;2;1;1;01;05;07;05;1599,00117845924
4669729;1;5;2;1;1;1;1;1;3;2; ;250000;120000000;450000; ;1;1;1;1;1;1;1;1;2;1;1;2;1;1;2;2;2;2;1;2;2;1;3;3;2; ;1;2;1;4;1;2;1;1;1;3;1;1;01;05;07;05;1187,08503780176
4669730;1;4;3;1;1;1;1;1;3;3; ; ; ; ;500000;1;1;1;1;1;1;1;2;1;2;1;2;2;2;2;2;2;2;1;2;2;1;3;5;2; ;1;2;1;4;1;2;1;1;1;2;1;1;01;05;07;05;1054,55071584218
4669731;1;2;1;1;1;1;1;1;1;3; ; ; ; ;220000;2;1;2;2;2;1;2;2;2;2;2;1;2;1;2;2;2;1;2;2;2;1;1;1;2; ;1;2;1;2;1;2;2;1;1;3;1;1;01;05;07;05;1190,73883698528
4669732;1;2;1;5;1;1;1;1;3;1; ; ;40000000;300000; ;2;2;2;1;1;1;1;2;2;2;1;2;2;2;2;2;2;2;2;2;2;1;1;1;2; ;1;2;1;2;1;2;1;2;1;2;1;1;01;05;07;05;1132,26090211193
4669733;1;3;2;1;1;1;1;1;3;3; ; ; ; ;400000;2;1;1;1;1;1;1;1;1;1;1;1;1;1;2;2;2;2;1;2;2;1;2;4;2; ;1;2;1;4;1;2;1;1;1;3;1;1;01;05;07;05;1500,13009638359
4669734;1;3;2;1;1;1;1;1;3;4; ; ; ;350000; ;1;1;1;1;1;1;1;1;2;1;1;1;1;1;2;2;2;1;1;2;2;1;3;3;2; ;1;2;1;4;1;2;1;1;1;2;1;1;01;05;07;05;1341,32127439726
4669735;1;4;3;3;1;1;1;1;4;1; ; ;100000000;800000; ;1;1;1;1;1;1;1;2;1;2;1;2;2;1;2;2;1;1;1;2;2;1;4;4;2; ;1;2;1;4;1;1;2;2;1;2;1;1;01;05;07;05;990,824649073591
4669736;1;3;2;1;1;1;1;1;3;3; ; ; ; ;380000;1;2;2;1;1;2;1;2;2;2;1;2;2;2;2;2;2;2;2;2;2;1;2;4;2; ;1;2;1;4;1;2;1;1;1;3;1;1;01;05;07;05;1599,00117845924
4669737;1;4;3;1;1;1;1;1;3;1; ; ;45000000;400000; ;1;1;1;1;1;1;1;2;2;2;1;1;2;1;2;2;2;1;2;2;2;1;3;4;2; ;1;2;1;4;1;2;1;1;1;2;1;1;01;05;07;05;895,741893855846
4669738;1;3;2;1;1;1;1;1;3;3; ; ; ; ;400000;2;1;2;1;1;1;1;2;2;2;1;2;2;1;2;2;2;2;1;2;2;1;2;2;2; ;1;2;1;4;1;2;1;1;1;3;1;1;01;05;07;05;885,257075296436
4669739;1;4;3;1;1;1;1;1;3;1; ; ;80000000;400000; ;2;1;1;1;1;1;1;1;1;2;1;2;1;2;2;2;2;1;1;2;2;1;3;4;2; ;1;2;1;4;1;2;1;1;1;3;1;1;01;05;07;05;895,741893855846
4669740;1;2;1;1;1;1;1;1;3;1; ; ;40000000;380000; ;2;1;1;1;1;1;1;2;1;1;1;2;1;2;2;2;2;2;2;2;2;1;1;1;2; ;1;2;1;4;1;2;1;1;1;2;1;1;01;05;07;05;1208,14056640759
4669741;1;4;2;1;1;1;1;1;1;1; ; ;80000000;450000; ;1;1;1;2;1;1;1;2;2;2;1;1;1;2;2;2;2;2;2;2;2;1;3;3;2; ;1;2;1;4;1;2;2;1;1;2;1;1;01;05;07;05;1201,22365554469
4669742;1;3;1;1;1;1;1;1;3;3; ; ; ; ;450000;2;1;1;2;1;1;1;1;2;2;1;2;2;2;2;2;2;2;1;2;2;1;2;3;2; ;1;2;1;2;1;2;1;1;1;2;1;1;01;05;07;05;1044,06589728277
4669743;1;3;2;1;1;1;1;1;3;3; ; ; ; ;500000;1;1;2;1;1;2;1;2;2;2;1;2;1;1;2;2;2;2;1;2;2;1;5;5;2; ;1;2;1;4;1;2;1;1;1;3;1;1;01;05;07;05;704,815236969432
4669744;1;4;2;1;1;1;1;1;3;1; ; ;98;500000; ;1;1;1;1;1;1;1;2;2;1;1;2;2;1;2;2;1;1;1;2;2;1;3;3;2; ;1;2;1;4;1;2;1;1;1;2;1;1;01;05;07;05;991,585795524514
4669745;1;2;1;1;1;1;1;1;3;3; ; ; ; ;400000;1;2;1;1;1;1;1;2;2;2;1;1;1;1;2;2;2;2;2;2;2;1;1;2;2; ;1;2;1;4;1;2;1;1;1;3;1;1;01;05;07;05;1421,48115333914
4669746;1;3;2;1;1;1;1;1;3;1; ; ;50000000;350000; ;1;1;1;1;1;1;1;2;1;2;1;2;2;1;2;2;2;2;2;2;2;1;1;3;2; ;1;2;1;4;1;2;1;1;1;2;1;1;01;05;07;05;1440,19235647291
4669747;1;3;2;1;2;1;1;1;3;4; ; ; ;390000; ;1;1;1;1;1;1;1;2;2;1;1;2;1;1;2;2;2;2;2;2;2;1;2;4;2; ;1;2;1;4;1;2;1;1;1;2;1;1;01;05;07;05;1416,30090614718
4669748;1;5;1;1;1;1;1;1;3;3; ; ; ; ;620000;1;1;1;1;1;1;1;1;1;2;1;2;1;1;2;2;2;1;2;2;2;1;2;2;2; ;1;1;1;4;1;3;1;1;1;3;1;1;01;05;07;05;1182,51245241093
4669749;1;2;1;1;1;1;1;1;3;3; ; ; ; ;200000;2;2;2;2;1;1;1;2;2;2;1;2;2;2;2;2;2;1;2;2;2;1;1;1;2; ;1;2;1;2;1;2;1;1;1;2;1;1;01;05;07;05;981,100976965104
4669750;1;5;3;1;1;1;1;1;3;1; ; ;98;500000; ;2;2;1;1;1;1;1;2;1;2;1;1;1;1;2;2;2;2;2;2;2;1;4;5;2; ;1;2;1;4;1;3;1;1;1;3;1;1;01;05;07;05;1126,48421020971
4669751;1;4;2;1;1;1;1;1;3;1; ; ;100000000;450000; ;2;2;2;1;1;1;1;2;2;2;2;2;2;2;2;2;2;1;2;2;2;1;1;2;2; ;1;2;1;4;1;2;1;1;1;2;1;1;01;05;07;05;972,874592390749
4669752;1;2;1;1;1;1;1;1;3;3; ; ; ; ;300000;2;2;2;1;1;1;1;2;2;2;1;2;2;2;2;2;2;2;1;2;2;1;2;4;2; ;1;2;1;2;1;2;1;1;1;2;1;1;01;05;07;05;967,694345198787
4669753;1;6;5;1;1;1;1;1;3;1; ; ;98;500000; ;1;1;1;1;1;1;1;1;2;2;1;2;2;1;2;2;2;2;1;1;2;1;5;7;2; ;1;2;1;4;1;2;1;1;1;2;1;1;01;05;07;05;1359,40585875449
4669754;1;4;3;1;1;1;1;1;3;1; ; ;110000000;500000; ;1;2;1;1;1;2;1;2;2;2;1;2;1;1;2;2;2;2;2;2;2;1;1;3;2; ;1;2;1;2;1;2;1;1;1;2;1;1;01;05;07;05;977,447177781587
4669755;1;1;1;1;1;1;1;2;4;3; ; ; ; ;250000;2;1;1;2;1;1;1;2;2;1;1;2;2;1;2;2;1;2;2;2;2;1;1;1;2; ;1;2;1;4;1;3;2;1;1;3;1;1;01;05;07;05;1163,80124927716
4669756;1;4;3;1;1;1;1;1;3;1; ; ;35000000;280000; ;2;1;2;1;1;1;1;2;2;1;1;2;1;2;2;2;2;2;1;2;2;1;4;4;2; ;1;2;1;4;1;2;1;1;1;2;1;1;01;05;07;05;1210,39900039264
4669757;1;3;2;1;1;1;1;1;3;1; ; ;40000000;250000; ;1;1;1;1;1;1;1;2;1;2;1;2;2;1;2;2;2;2;2;2;2;1;4;5;2; ;1;2;1;4;1;2;1;1;1;2;1;1;01;05;07;05;1532,29685901153
4669758;1;4;2;1;1;1;1;1;4;4; ; ; ;98; ;1;1;1;1;1;1;1;1;1;1;1;1;1;1;2;2;1;2;2;1;2;1;3;3;2; ;1;2;1;4;1;3;2;1;1;2;1;1;01;05;07;05;991,585795524514
4669759;1;5;2;1;1;1;1;1;3;1; ; ;30000000;250000; ;1;1;1;1;1;2;1;2;1;1;1;1;1;1;2;2;2;2;2;2;2;1;2;3;2; ;1;2;1;2;1;2;1;1;1;2;1;1;01;05;07;05;933,10786065116
4669760;1;3;2;1;1;1;1;1;3;1; ; ;100000000;650000; ;1;1;1;2;1;1;1;2;2;1;1;2;1;2;2;2;2;2;2;2;2;1;2;2;2; ;1;2;1;4;1;3;1;1;1;3;1;1;01;05;07;05;1199,91418183323
4669761;1;2;1;1;1;1;1;3;4;3; ; ; ; ;350000;2;2;2;1;1;2;1;2;2;2;1;2;1;1;2;2;2;2;2;2;2;1;2;2;2; ;1;2;1;2;1;2;2;1;1;2;1;1;01;05;07;05;1182,51245241093
4669762;1;4;3;1;1;1;1;1;3;5; ; ; ;350000; ;1;1;1;1;1;1;1;2;2;2;1;2;1;1;2;2;2;1;1;2;2;1;6;6;2; ;1;2;1;4;1;2;1;1;1;2;1;1;01;05;07;05;958,70681417351
4669763;1;3;2;1;1;1;1;1;4;3; ; ; ; ;270000;2;2;2;1;1;1;1;2;2;2;1;2;1;2;2;2;2;2;1;2;2;1;3;3;2; ;1;2;1;2;1;2;2;1;1;2;1;1;01;05;07;05;991,585795524514
4669764;1;5;2;1;1;1;1;1;3;1; ; ;400000000;2000000; ;2;1;1;1;1;1;1;2;1;1;1;2;2;2;2;2;2;2;2;2;2;1;2;2;2; ;1;1;1;4;1;2;1;1;1;2;1;1;01;05;07;05;1168,373834668
4669765;1;3;2;1;1;1;1;1;3;1; ; ;98;300000; ;2;2;2;2;1;2;2;2;2;2;1;2;2;2;2;2;2;2;2;2;2;1;1;2;2; ;1;2;1;4;1;2;1;1;1;2;1;1;01;05;07;05;1226,85176954135
4669766;1;4;3;1;1;1;1;1;3;1; ; ;50000000;350000; ;1;2;2;1;1;1;1;2;2;2;1;2;1;2;2;2;2;2;2;2;2;1;2;4;2; ;1;2;1;2;1;2;1;1;1;2;1;1;01;05;07;05;1254,73831752307
4669767;1;6;1;1;1;1;1;1;3;1; ; ;99;450000; ;1;1;1;1;1;1;1;1;1;2;1;1;1;2;2;2;2;2;2;2;2;1;2;2;2; ;1;2;1;4;1;2;1;1;1;2;1;1;01;05;07;05;1168,373834668
4669768;1;5;1;1;1;1;1;1;1;3; ; ; ; ;500000;2;2;2;2;1;2;1;2;2;2;1;1;2;2;2;2;2;1;2;2;2;1;1;3;2; ;1;2;1;4;1;2;2;1;1;2;1;1;01;05;07;05;1607,22756303359
4669769;1;3;2;1;1;1;1;1;3;3; ; ; ; ;300000;1;1;1;1;1;1;1;2;2;2;1;2;2;1;2;2;2;1;2;2;2;1;2;2;2; ;1;2;1;4;1;2;1;1;1;3;1;1;01;05;07;05;972,874592390749
4669770;1;9;5;1;1;1;1;1;3;3; ; ; ; ;1350000;2;1;1;1;1;1;1;2;2;1;1;1;1;1;1;2;1;1;1;1;2;1;4;5;2; ;1;1;1;4;1;3;1;1;1;3;1;1;01;05;07;05;1285,37863214257
4669771;1;6;4;1;1;1;1;1;3;3; ; ; ; ;1700000;1;1;1;1;1;1;1;1;1;1;1;2;2;1;1;2;1;1;1;1;2;1;5;6;2; ;1;2;1;6;1;5;1;1;1;2;1;1;01;05;07;05;1312,23061990416
4669772;1;4;3;1;1;1;1;1;1;1; ; ;400000000;3000000; ;2;2;1;1;1;1;1;1;1;1;1;2;2;1;1;1;2;2;2;1;2;1;4;4;2; ;1;2;1;4;1;5;1;1;1;2;1;1;01;05;07;05;895,741893855846
4669773;1;4;1;1;1;1;1;1;3;4; ; ; ;18000000; ;2;2;2;1;1;2;1;2;2;1;1;2;2;2;2;2;2;2;2;2;2;1;1;1;2; ;1;2;1;5;1;5;1;1;1;2;1;1;01;05;07;05;1076,18373218285
4669774;1;4;1;1;1;1;1;1;3;1; ; ;120000000;1500000; ;2;1;1;1;1;1;1;1;1;2;1;1;1;1;2;1;1;2;2;1;2;1;2;2;2; ;1;2;1;4;1;3;1;1;1;3;1;1;01;08;07;08;574,636442461656
4669775;1;4;3;1;1;1;1;1;3;1; ; ;98;98; ;1;1;1;1;1;1;1;1;2;2;1;1;2;1;2;1;1;2;2;1;2;1;4;4;2; ;1;2;1;4;1;3;1;1;1;3;1;1;01;08;07;08;514,278749835783
4669776;1;4;1;1;1;1;1;1;3;1; ; ;170000000;1500000; ;1;1;1;1;1;1;1;1;2;2;1;2;2;2;2;2;1;2;2;2;2;1;1;1;2; ;1;2;1;4;1;3;1;1;1;3;1;1;01;08;07;08;501,92178759965
4669777;1;3;2;1;1;1;1;1;3;1; ; ;98;700000; ;1;1;1;1;1;1;1;2;2;2;1;2;2;1;2;2;1;2;2;2;2;1;1;3;2; ;1;2;1;4;1;3;1;1;1;3;1;1;01;08;07;08;581,642946138892
4669778;1;4;2;1;1;1;1;1;3;4; ; ; ;800000; ;1;1;1;1;1;1;1;2;2;2;1;2;2;1;2;1;1;1;2;2;2;1;3;3;2; ;1;2;1;4;1;3;1;1;1;3;1;1;01;08;07;08;503,429373437015
4669779;1;3;2;1;1;1;1;1;3;1; ; ;17000000;250000; ;1;1;1;1;1;1;1;1;2;2;1;2;2;2;2;2;1;2;1;2;2;1;2;3;2; ;1;2;1;2;1;1;1;1;1;3;1;1;01;08;07;08;555,623553126748
4669780;1;4;3;1;1;1;1;1;3;3; ; ; ; ;350000;2;2;2;2;1;1;1;2;2;2;1;1;2;2;2;2;1;1;2;2;2;1;2;7;2; ;1;1;1;1;1;1;1;1;1;3;1;1;01;08;07;08;685,252920246759
4669781;1;3;2;1;1;1;1;1;3;4; ; ; ;400000; ;2;2;2;2;1;1;1;2;2;2;1;2;2;2;2;2;1;1;2;2;2;1;3;5;2; ;1;1;1;4;1;1;1;1;1;3;1;1;01;08;07;08;532,514975497654
4669782;1;4;1;1;1;1;1;1;3;1; ; ;160000000;98; ;1;1;1;1;1;1;1;1;2;2;1;2;2;1;2;1;1;2;2;2;2;1;1;1;2; ;1;2;1;4;1;3;1;1;1;3;1;1;01;08;07;08;501,92178759965
4669783;1;3;1;1;1;1;1;1;3;3; ; ; ; ;340000;2;2;1;1;1;1;1;2;2;2;1;2;2;2;2;2;2;2;2;2;2;1;2;2;2; ;1;2;1;4;1;1;1;1;1;3;1;1;01;11;07;11;2681,20992637373
4669784;1;4;3;1;1;1;1;1;3;3; ; ; ; ;98;1;1;1;1;1;1;1;2;2;1;1;2;2;2;2;2;2;2;2;2;2;1;3;4;2; ;1;2;1;4;1;2;1;1;1;2;1;1;01;11;07;11;2771,86295786567
4669785;1;1;1;1;2;1;1;1;3;4; ; ; ;500000; ;1;1;1;1;1;1;1;2;2;1;1;2;1;1;2;2;2;1;2;2;2;1;3;5;2; ;1;4;1;4;1;2;1;1;1;3;1;1;01;11;07;11;3214,72305186777
4669786;1;4;1;1;1;1;1;1;3;1; ; ;300000000;1200000; ;1;1;1;1;1;1;1;1;1;1;1;2;1;1;1;2;2;1;2;1;1;1;2;2;2; ;1;2;1;4;1;3;1;1;1;3;1;1;01;11;07;11;2598,05569570257
4669787;1;4;2;1;1;1;1;1;3;2; ;2400000;230000000;1100000; ;2;2;2;1;1;1;1;1;1;1;1;2;1;1;2;2;2;2;1;1;2;1;2;3;2; ;1;2;1;6;1;3;1;1;1;3;1;1;01;11;07;11;3266,14778396238
4669848;1;4;2;1;1;1;1;1;3;1; ; ;98;300000; ;1;1;1;1;1;1;1;1;2;2;1;2;1;1;2;2;2;2;2;2;2;1;2;2;2; ;1;2;1;4;1;2;1;1;1;2;1;1;01;17;07;17;181,022396748666
4669849;1;4;3;1;1;1;1;1;3;3; ; ; ; ;350000;2;1;2;1;1;1;1;1;1;1;1;1;1;1;1;2;2;1;1;2;2;1;3;3;2; ;1;2;1;4;1;2;1;1;1;2;1;1;01;17;07;17;262,374425347166
4669850;1;6;2;1;1;1;1;1;3;1; ; ;98;600000; ;1;1;1;1;1;1;1;1;1;1;1;2;1;1;2;2;2;1;1;1;2;1;3;3;2; ;1;2;1;4;1;3;1;1;1;2;1;1;01;17;07;17;203,514835976034
4669851;1;5;3;1;1;1;1;1;3;3; ; ; ; ;550000;1;1;1;1;1;1;1;2;2;1;1;2;1;1;1;2;2;2;2;1;2;1;4;5;2; ;1;1;1;4;1;3;1;1;1;2;1;1;01;17;07;17;227,24711557007
4669852;1;5;3;1;1;1;1;1;3;1; ; ;98;600000; ;1;1;1;1;1;1;1;1;2;2;1;2;2;2;2;2;2;2;2;2;1;2; ;3;2; ;1;1;1;4;1;3;1;1;1;2;1;1;01;17;07;17;156,781386259388
4669853;1;6;4;1;1;1;1;1;3;3; ; ; ; ;475000;1;1;1;1;1;1;1;2;1;2;1;1;1;1;2;2;2;2;2;2;2;1;6;6;2; ;1;1;1;4;1;3;1;1;1;2;1;1;01;17;07;17;136,537642300172
4669854;1;5;2;1;1;1;1;1;3;2; ;790000;98;700000; ;2;1;1;1;1;1;1;1;2;1;1;2;2;1;2;2;2;1;2;1;2;1;2;3;2; ;1;1;1;4;1;3;1;1;1;2;1;1;01;17;07;17;159,611720037936
4669856;1;5;2;1;1;1;1;1;3;3; ; ; ; ;730000;1;1;1;1;1;1;1;1;2;1;1;2;1;1;2;2;2;2;1;1;2;1;3;4;2; ;1;1;1;4;1;3;1;1;1;2;1;1;01;17;07;17;346,625154501734
4669857;1;4;3;1;1;1;1;1;3;1; ; ;98;350000; ;2;1;1;2;1;1;1;2;2;2;1;1;2;2;2;2;2;2;2;2;2;1;3;6;2; ;1;1;1;4;1;2;1;1;1;2;1;1;01;17;07;17;187,788358261815
4669858;1;4;3;1;1;1;1;1;3;1; ; ;70000000;500000; ;1;1;1;1;1;1;1;2;2;1;1;2;1;1;2;2;2;2;2;2;2;1;4;4;2; ;1;2;1;4;1;2;1;1;1;2;1;1;01;17;07;17;161,246481494508
4669859;1;5;3;1;1;1;1;1;3;3; ; ; ; ;635000;1;1;1;1;1;1;1;1;1;2;1;1;1;1;2;2;2;2;1;1;2;1;3;3;2; ;1;1;1;4;1;3;1;1;1;2;1;1;01;17;07;17;193,181535628152
4669860;1;4;2;1;1;1;1;1;3;3; ; ; ; ;800000;2;2;2;1;1;1;1;2;1;1;1;2;1;1;2;2;2;2;2;1;2;1;2;3;2; ;1;1;1;4;1;3;1;1;1;2;1;1;01;17;07;17;272,898802770079
4669861;1;4;3;1;1;1;1;1;3;1; ; ;100000000;700000; ;1;1;1;1;1;1;1;1;2;1;1;1;2;1;2;2;2;1;2;1;2;1;4;4;2; ;1;2;1;4;1;3;1;1;1;2;1;1;01;17;07;17;168,940525138874
4669862;1;5;3;1;1;1;1;1;3;1; ; ;98;800000; ;1;1;1;1;1;1;1;2;1;1;1;1;1;1;2;2;2;2;2;1;1;1;3;3;2; ;1;1;1;4;1;3;1;1;1;2;1;1;01;17;07;17;177,639064030184
4669863;1;3;2;1;1;1;1;1;3;3; ; ; ; ;650000;1;1;1;1;1;1;1;2;1;1;1;2;1;1;2;2;2;2;2;2;2;1;2;3;2; ;1;1;1;4;1;3;1;1;1;2;1;1;01;17;07;17;252,041124999283
4669864;1;4;2;1;1;1;1;1;3;3; ; ; ; ;260000;2;2;2;1;1;2;1;2;2;2;1;1;1;2;2;2;2;2;2;1;2;1;2;4;2; ;1;1;1;4;1;1;1;1;1;2;1;1;01;17;07;17;241,048918871312
4669865;1;6;2;1;1;1;1;1;3;1; ; ;200000000;900000; ;1;1;1;1;1;1;1;2;2;1;1;2;1;1;1;2;2;2;1;1;2;1;2;2;2; ;1;1;1;4;1;3;1;1;1;2;1;1;01;17;07;17;188,955994937145
4669866;1;4;3;1;1;1;1;1;3;1; ; ;200000000;500000; ;1;1;1;1;1;1;1;2;1;2;1;2;1;1;2;2;2;1;2;1;2;1;3;3;2; ;1;1;1;4;1;3;1;1;1;2;1;1;01;17;07;17;192,990458553121
4669867;1;5;4;1;1;1;1;1;3;1; ; ;70000000;350000; ;2;1;1;1;1;1;1;1;2;2;1;2;1;2;2;2;2;1;2;2;2;1;5;8;2; ;1;1;1;4;1;1;1;1;1;2;1;1;01;17;07;17;294,323646111365
4669868;1;2;1;1;1;1;1;1;3;2; ;75000;60000000;280000; ;2;1;1;1;1;1;1;2;2;1;1;2;1;1;2;2;2;1;2;2;2;1;2;4;2; ;1;1;1;2;1;1;1;1;1;2;1;1;01;17;07;17;277,241187707689
4669869;1;2;2;1;1;1;1;1;3;3; ; ; ; ;350000;2;1;2;2;1;1;1;2;2;1;1;2;2;2;2;2;2;2;1;2;2;1;3;3;2; ;1;2;1;4;1;3;1;1;1;2;1;1;01;17;07;17;185,572662218663
4669870;1;3;2;1;1;1;1;1;3;1; ; ;70000000;300000; ;2;2;2;2;2;1;1;2;2;2;1;2;1;2;2;2;2;2;1;2;2;1;2;3;2; ;1;1;1;4;1;1;1;1;1;2;1;1;01;17;07;17;159,611720037936
4669871;1;3;2;1;1;1;1;1;3;1; ; ;98;500000; ;1;1;1;1;1;1;1;2;2;2;1;2;1;1;1;2;2;2;2;2;2;1;3;3;2; ;1;2;4;3;1;3;1;1;1;2;1;1;01;17;07;17;159,611720037936
4669872;1;4;2;1;1;1;1;1;3;4; ; ; ;400000; ;1;1;1;1;1;1;1;1;2;2;1;2;1;2;2;2;2;1;2;2;2;1;2;3;2; ;1;2;1;4;1;3;1;1;1;2;1;1;01;17;07;17;138,75404226714
4669873;1;4;3;1;1;1;1;1;3;1; ; ;40000000;300000; ;1;1;1;1;1;1;1;2;2;1;1;2;1;1;2;2;2;1;2;1;2;1;2;4;2; ;1;1;1;4;1;1;1;1;1;2;1;1;01;17;07;17;248,657792280801
4669874;1;3;2;1;1;1;1;1;4;3; ; ; ; ;380000;2;1;2;1;1;1;1;2;2;2;1;2;1;2;2;2;2;1;2;2;2;1;1;2;2; ;1;2;1;3;1;3;2;1;1;2;1;1;01;17;07;17;276,282135488561
4669875;1;4;3;1;1;1;1;1;4;1; ; ;200000000;550000; ;1;1;2;2;1;1;1;2;2;1;1;2;2;2;2;2;2;1;2;1;2;1;2;3;2; ;1;2;4;3;1;3;2;1;1;2;1;1;01;17;07;17;162,442053816483
4669876;1;2;1;1;1;1;1;1;3;3; ; ; ; ;450000;1;1;1;1;1;1;1;1;2;2;1;2;2;1;2;2;2;1;1;2;2;1;1;1;2; ;1;2;1;4;1;2;1;1;1;2;1;1;01;17;07;17;205,263407237944
4669877;1;5;3;1;1;1;1;1;3;3; ; ; ; ;700000;2;1;1;1;1;1;1;1;2;1;1;1;1;1;2;2;2;2;2;1;2;1;5;5;2; ;1;2;1;4;1;3;1;1;1;2;1;1;01;17;07;17;155,463446616622
4669878;1;3;2;1;1;1;1;1;4;3; ; ; ; ;380000;2;2;2;1;1;1;1;2;1;2;1;1;1;1;2;2;2;1;2;2;2;1;2;4;2; ;1;2;1;3;1;4;2;1;1;2;1;1;01;17;07;17;303,30803672857
4669879;1;3;2;1;1;1;1;1;3;3; ; ; ; ;480000;2;1;1;1;1;1;1;2;2;1;1;2;1;1;2;2;2;1;2;2;2;1;3;3;2; ;1;2;1;6;1;3;1;1;1;2;1;1;01;17;07;17;272,898802770079
4669880;1;4;2;1;1;1;1;1;3;1; ; ;80000000;500000; ;1;1;1;1;1;1;1;1;2;1;1;2;1;1;2;2;2;1;2;2;2;1;2;2;2; ;1;2;1;4;1;3;1;1;1;2;1;1;01;17;07;17;188,955994937145
4669881;1;5;3;1;1;1;1;1;3;3; ; ; ; ;400000;1;1;1;1;1;1;1;2;2;1;1;2;1;1;1;2;2;1;1;2;2;1;4;4;2; ;1;2;1;4;1;3;1;1;1;2;1;1;01;17;07;17;200,131503257552
4669882;1;3;2;1;1;1;1;1;3;3; ; ; ; ;600000;2;1;2;2;1;1;1;2;2;1;1;2;1;2;2;2;2;2;2;2;2;1;2;3;2; ;1;2;1;4;1;3;1;1;1;2;1;1;01;17;07;17;244,432251589795
4669883;1;4;2;1;1;1;1;1;3;4; ; ; ;550000; ;1;1;1;1;1;1;1;2;1;1;1;1;1;1;1;2;1;2;2;2;2;1;2;2;2; ;1;2;1;4;1;3;1;1;1;2;1;1;01;17;07;17;199,395202125181
4669884;1;4;3;1;1;1;1;1;3;3; ; ; ; ;570000;2;1;1;1;1;1;1;2;2;2;1;2;1;1;2;2;2;2;1;2;2;1;2;3;2; ;1;2;1;4;1;3;1;1;1;2;1;1;01;17;07;17;175,04828479575
4669885;1;5;4;1;1;1;1;1;3;3; ; ; ; ;750000;2;2;2;1;1;2;1;2;2;2;1;2;1;2;2;2;2;1;2;2;2;1;3;12;2; ;1;2;1;6;1;3;1;1;1;2;1;1;01;17;07;17;385,585414397382
4669886;1;7;2;1;1;1;1;1;3;1; ; ;98;600000; ;2;1;2;2;1;1;2;1;2;1;1;2;2;2;2;2;2;2;2;2;2;1;2;2;2; ;1;1;1;3;1;3;1;1;1;2;1;1;01;17;07;17;162,995052756418
4669887;1;4;2;1;1;1;1;1;3;1; ; ;140000000;400000; ;1;1;1;1;1;1;1;1;2;1;1;2;1;2;2;2;2;2;2;2;2;1;1;3;2; ;1;2;1;4;1;3;1;1;1;2;1;1;01;17;07;17;131,145168857651
4669888;1;4;2;1;1;1;1;1;3;3; ; ; ; ;620000;1;1;1;1;1;1;1;1;1;1;1;1;1;1;2;2;2;1;2;1;2;1;3;5;2; ;1;2;1;4;1;3;1;1;1;2;1;1;01;17;07;17;304,13404893345
4669889;1;4;3;1;1;1;1;1;3;3; ; ; ; ;400000;2;1;1;1;1;1;1;1;2;1;1;2;1;1;2;2;2;2;1;2;1;1;3;4;2; ;1;2;1;4;1;3;1;1;1;2;1;1;01;17;07;17;277,241187707689
4669890;1;5;4;1;1;1;1;1;3;1; ; ;40000000;350000; ;1;1;1;1;1;1;1;2;2;2;1;2;1;1;2;2;2;2;1;2;2;1;4;5;2; ;1;1;1;4;1;1;1;1;1;2;1;1;01;17;07;17;147,338771353112
4669891;1;4;2;1;1;1;1;1;3;1; ; ;180000000;800000; ;2;1;2;1;1;1;1;2;2;1;1;2;1;1;1;2;2;2;2;2;1;1;2;2;2; ;1;2;1;4;1;4;1;1;1;2;1;1;01;17;07;17;181,022396748666
4669892;1;4;2;1;1;1;1;1;4;1; ; ;90000000;450000; ;2;1;2;1;1;1;1;1;1;1;1;1;1;2;2;2;2;2;2;2;2;1;2;2;2; ;1;2;1;4;1;3;2;1;1;2;1;1;01;17;07;17;183,852730527214
4669893;1;4;2;1;1;1;1;1;3;6;CASA PAGA SIN ESCRITURAS; ; ;800000; ;1;1;1;1;1;1;1;1;1;1;1;2;2;1;2;2;2;2;2;1;1;1;2;2;2; ;1;2;1;4;1;4;1;1;1;2;1;1;01;17;07;17;196,564868346634
4669894;1;2;1;1;1;1;1;1;3;1; ; ;50000000;300000; ;2;2;1;1;1;1;1;1;2;1;1;1;2;1;2;2;2;2;2;2;2;1;2;2;2; ;1;1;1;4;1;1;1;1;1;2;1;1;01;17;07;17;188,955994937145
4669895;1;3;2;1;1;1;1;1;3;3; ; ; ; ;700000;1;1;1;1;1;1;1;2;2;1;1;2;1;1;2;2;2;2;2;2;1;1;2;2;2; ;1;2;1;4;1;4;1;1;1;2;1;1;01;17;07;17;152,555845568382
4669896;1;4;1;1;1;1;1;1;3;4; ; ; ;450000; ;2;1;1;1;1;1;1;2;2;2;1;2;2;1;2;2;2;2;2;2;2;1;1;1;2; ;1;2;1;4;1;2;1;1;1;2;1;1;01;17;07;17;205,263407237944
4669897;1;4;2;1;1;1;1;1;3;1; ; ;98;400000; ;1;1;1;1;1;1;1;2;2;1;1;2;1;1;2;2;2;2;2;2;2;1;1;2;2; ;1;2;1;4;1;2;1;1;1;2;1;1;01;17;07;17;181,022396748666
4669898;1;5;4;1;1;1;1;1;3;1; ; ;80000000;400000; ;1;1;2;1;1;2;1;2;2;1;1;2;2;1;2;2;2;2;2;2;2;1;3;5;2; ;1;2;4;6;1;2;1;1;1;2;1;1;01;17;07;17;131,881469990022
4669899;1;4;3;1;1;1;1;1;3;4; ; ; ;400000; ;2;1;2;1;1;1;1;2;2;2;1;2;2;2;2;2;2;2;2;2;2;1;2;5;2; ;1;2;1;2;1;2;1;1;1;2;1;1;01;17;07;17;340,634239091462
4669900;1;3;3;1;1;1;1;1;3;3; ; ; ; ;250000;2;2;2;2;1;1;1;2;2;2;1;1;2;2;2;2;2;1;2;2;2;1;5;5;2; ;1;2;4;4;1;1;1;1;1;2;1;1;01;17;07;17;237,66558615283
4669901;1;2;2;1;1;1;1;1;4;4; ; ; ;350000; ;2;2;2;1;1;1;1;2;2;1;1;1;2;2;2;2;2;1;2;2;2;1;1;3;2; ;1;2;1;4;1;2;2;1;1;2;1;1;01;17;07;17;368,258582299222
4669902;1;3;2;1;1;1;1;1;3;4; ; ; ;350000; ;2;1;1;2;1;1;1;1;2;2;1;1;1;1;1;2;2;2;1;2;2;1;1;2;2; ;1;2;1;6;1;2;1;1;1;2;1;1;01;17;07;17;294,532230567567
4669903;1;4;3;1;1;1;1;1;3;2; ;55000;35000000;350000; ;2;1;1;1;1;1;1;1;2;1;1;2;1;1;2;2;2;2;2;2;2;1;4;6;2; ;1;1;1;4;1;2;1;1;1;2;1;1;01;17;07;17;221,580924938788
4669904;1;1;1;1;2;1;1;1;3;3; ; ; ; ;200000;2;2;2;2;2;2;1;2;2;2;1;2;1;2;2;2;2;2;2;2;2;1;3;3;2; ;1;2;1;6;1;2;1;1;1;2;1;1;01;17;07;17;177,447986955153
4669905;1;2;2;1;2;1;1;1;3;3; ; ; ; ;250000;2;2;2;2;2;1;1;2;2;2;1;2;1;2;2;2;2;2;2;2;2;1;1;2;2; ;1;2;4;3;1;2;1;1;1;2;1;1;01;17;07;17;206,898168694516
4669906;1;6;2;1;1;1;1;1;3;1; ; ;98;98; ;1;1;2;1;1;1;1;2;2;2;1;2;1;2;2;2;2;2;2;2;2;1;1;2;2; ;1;1;1;6;1;4;1;1;1;2;1;1;01;17;07;17;325,990105512836
4669907;1;2;1;1;1;1;1;1;3;4; ; ; ;400000; ;2;1;2;1;1;1;1;2;1;1;1;2;2;2;2;2;2;2;2;2;2;1;1;1;2; ;1;2;1;4;1;4;1;1;1;2;1;1;01;17;07;17;374,472126491392
4669908;1;2;1;1;1;1;1;1;3;1; ; ;110000000;500000; ;1;1;1;1;1;1;1;2;2;1;1;2;2;2;2;2;2;2;2;2;2;1;2;2;2; ;1;2;1;4;1;4;1;1;1;2;1;1;01;17;07;17;325,990105512836
4669909;1;2;1;1;1;1;1;1;3;3; ; ; ; ;450000;2;1;2;1;1;1;1;2;2;1;1;1;1;2;2;2;2;2;2;2;2;1;1;1;2; ;1;2;1;4;1;4;1;1;1;2;1;1;01;17;07;17;374,472126491392
4669910;1;1;1;1;1;1;1;1;3;3; ; ; ; ;480000;2;1;1;2;1;1;1;2;2;1;1;1;1;1;2;2;2;2;2;2;2;1;1;1;2; ;1;2;1;4;1;4;1;1;1;2;1;1;01;17;07;17;374,472126491392
4669911;1;3;2;1;1;1;1;1;3;3; ; ; ; ;650000;2;2;1;1;1;1;1;2;2;1;1;2;1;1;2;2;2;1;2;2;1;1;3;3;2; ;1;2;1;4;1;4;1;1;1;2;1;1;01;17;07;17;371,145324437326
4669912;1;2;1;1;1;1;1;1;3;3; ; ; ; ;350000;2;2;2;1;1;1;1;2;2;1;1;1;2;1;1;2;2;2;2;2;2;1;1;1;2; ;1;2;1;4;1;4;1;1;1;2;1;1;01;17;07;17;441,611757671824
4669913;1;4;3;1;1;1;1;1;3;3; ; ; ; ;450000;2;2;2;1;1;1;1;2;2;2;1;2;1;1;2;2;2;1;2;2;2;1;4;5;2; ;1;2;1;4;1;3;1;1;1;2;1;1;01;17;07;17;147,338771353112
4669914;1;3;1;1;1;1;1;1;3;1; ; ;40000000;300000; ;1;1;1;1;1;1;1;2;2;1;1;2;1;2;2;2;2;2;2;2;2;2; ;1;2; ;1;2;1;4;1;2;1;1;1;2;1;1;01;17;07;17;184,405729467149
4669915;1;3;2;1;1;1;1;1;3;3; ; ; ; ;360000;2;2;2;1;1;1;1;2;1;2;1;2;1;2;2;2;2;1;2;2;2;1;2;4;2; ;1;2;1;4;1;2;1;1;1;2;1;1;01;17;07;17;241,048918871312
4669916;1;4;2;1;1;1;1;1;3;4; ; ; ;350000; ;1;1;1;1;1;1;1;1;2;2;1;2;2;2;2;2;2;2;2;2;2;1;2;3;2; ;1;2;1;3;1;2;1;1;1;2;1;1;01;17;07;17;149,172512849899
4669917;1;4;1;1;1;1;1;1;3;1; ; ;200000000;1500000; ;1;1;1;1;1;1;1;1;1;1;1;1;1;1;1;2;2;2;2;1;2;1;1;1;2; ;1;2;1;6;1;4;1;1;1;2;1;1;01;17;07;17;374,472126491392
4669918;1;1;1;1;1;1;1;1;3;3; ; ; ; ;520000;2;1;1;1;1;1;1;2;2;1;1;2;2;1;2;2;2;2;2;2;2;1;3;3;2; ;1;2;1;4;1;4;1;1;1;2;1;1;01;17;07;17;663,516784282422
4669919;1;1;1;1;1;1;1;1;3;3; ; ; ; ;450000;2;1;1;1;2;1;1;1;2;1;1;2;1;1;2;2;2;2;2;2;2;1;1;1;2; ;1;2;1;4;1;4;1;1;1;2;1;1;01;17;07;17;410,526814475889
4669920;1;3;2;1;1;1;1;1;3;3; ; ; ; ;125000;2;1;2;2;2;1;1;2;2;1;1;2;2;2;2;2;2;2;2;2;2;1;1;2;2; ;1;1;1;2;1;2;1;1;1;2;1;1;01;17;07;17;276,282135488561
4669921;1;3;2;1;1;1;1;1;3;1; ; ;170000000;850000; ;1;1;1;1;1;1;1;2;2;2;1;2;1;1;2;2;2;1;2;1;2;1;2;2;2; ;1;2;1;4;1;3;1;1;1;2;1;1;01;17;07;17;181,022396748666
4669922;1;4;1;1;1;1;1;1;3;2; ;700000;80000000;550000; ;1;1;1;1;1;1;1;2;1;1;1;2;1;2;2;2;2;2;1;2;2;1;2;2;2; ;1;2;1;4;1;3;1;1;1;2;1;1;01;17;07;17;199,395202125181
4669923;1;2;1;1;1;1;1;1;4;4; ; ; ;200000; ;2;2;2;2;1;1;1;2;2;2;1;2;2;2;2;2;2;2;2;2;2;1;2;2;2; ;1;2;2;2;1;2;2;1;1;2;1;1;01;17;07;17;188,955994937145
4669924;1;3;2;1;1;1;1;1;3;3; ; ; ; ;360000;1;1;2;1;1;1;1;1;2;2;1;2;1;2;2;2;2;1;1;2;2;1;2;2;2; ;1;2;1;4;1;3;1;1;1;2;1;1;01;17;07;17;162,995052756418
4669925;1;3;1;1;1;1;1;1;3;3; ; ; ; ;500000;1;2;2;1;1;1;1;2;2;1;1;2;2;2;2;2;2;2;2;2;2;1;1;1;2; ;1;1;1;4;1;3;1;1;1;2;1;1;01;17;07;17;184,405729467149
4669926;1;3;2;1;1;1;1;1;3;1; ; ;150000000;450000; ;2;1;1;1;1;1;1;2;1;2;1;2;1;2;2;2;2;2;2;1;1;1;2;2;2; ;1;2;1;4;1;3;1;1;1;2;1;1;01;17;07;17;206,898168694516
4669927;1;4;3;1;1;1;1;1;4;3; ; ; ; ;350000;2;1;2;1;1;1;1;2;2;2;1;2;1;2;2;2;1;1;1;2;2;1;5;5;2; ;1;1;1;4;1;3;2;1;1;2;1;1;01;17;07;17;245,083382487288
4669929;1;3;2;1;1;1;1;1;3;4; ; ; ;450000; ;1;1;1;1;1;1;1;2;2;2;1;2;2;2;2;2;2;2;2;2;2;1;2;4;2; ;1;2;1;4;1;3;1;1;1;2;1;1;01;17;07;17;238,133414857888
4669930;1;1;1;1;1;1;1;1;3;3; ; ; ; ;550000;2;1;1;1;2;2;1;2;2;1;1;2;2;1;2;2;2;2;2;1;2;1;1;1;2; ;1;2;1;4;1;4;1;1;1;2;1;1;01;17;07;17;410,526814475889
4669931;1;3;2;1;1;1;1;1;3;3; ; ; ; ;250000;2;1;1;1;1;1;1;2;2;1;1;2;1;1;2;2;2;2;2;2;2;1;2;3;2; ;1;2;1;4;1;2;1;1;1;2;1;1;01;17;07;17;247,139875070833
4669932;1;3;1;1;1;1;1;1;4;3; ; ; ; ;300000;2;1;2;2;1;1;1;2;2;2;1;2;1;2;2;2;2;2;2;2;2;1;2;2;2; ;1;1;1;4;1;2;2;1;1;2;1;1;01;17;07;17;173,413523339177
4669933;1;3;1;1;1;1;1;1;3;2; ;230000;65000000;350000; ;2;1;1;1;1;1;1;2;2;1;1;2;1;1;2;2;2;2;1;2;2;1;2;2;2; ;1;1;1;4;1;1;1;1;1;2;1;1;01;17;07;17;217,42254611743
4670025;1;3;2;1;1;1;1;1;3;1; ; ;30000000;300000; ;2;1;1;2;1;1;1;2;2;2;1;2;2;2;2;2;1;2;1;2;2;1;3;5;2; ;1;2;1;4;1;1;1;1;1;3;1;1;01;23;07;23;164,161856749884
4670026;1;5;3;1;1;1;1;1;3;1; ; ;300000000;1800000; ;2;1;1;1;1;1;1;1;1;2;1;2;1;1;2;1;1;1;2;1;2;1;3;4;2; ;1;1;1;4;1;5;1;1;1;3;1;1;01;23;07;23;123,670894292086
4670027;1;6;4;1;1;1;1;1;3;1; ; ;200000000;1500000; ;1;1;1;1;1;1;1;1;1;2;1;2;1;1;2;1;1;2;2;1;2;1;2;2;2; ;1;1;1;4;1;5;1;1;1;3;1;1;01;23;07;23;157,185957225857
4670028;1;6;3;1;1;1;1;1;3;1; ; ;98;1200000; ;2;1;1;1;1;1;1;2;1;2;1;2;2;1;2;1;1;1;2;1;2;1;2;5;2; ;1;1;1;4;1;5;1;1;1;3;1;1;01;23;07;23;127,267437064631
4670029;1;5;1;1;1;1;1;6; ;4; ; ; ;1800000; ;2;1;1;2;2;2;2;2;2;2;1;2;2;2;2;1;1;2;2;2;2;1;1;1;2; ;1;1;1;4;1;5;1;1;1;3;1;1;01;23;07;23;151,303239201385
4670030;1;4;2;1;1;1;1;1;3;1; ; ;30000000;250000; ;2;1;2;1;1;1;1;2;2;2;1;2;1;2;2;2;1;1;2;2;2;1;4;5;2; ;1;1;1;1;1;1;1;1;1;3;1;1;01;23;07;23;160,269500102364
4670031;1;3;2;2;1;1;1;1;3;4; ; ; ;300000; ;2;1;2;2;1;1;1;2;2;2;1;2;2;2;2;2;1;1;2;2;2;1;2;3;2; ;1;1;1;4;1;1;1;2;1;3;1;1;01;23;07;23;105,223028982161
4670032;1;4;3;1;1;1;1;1;3;4; ; ; ;300000; ;2;2;2;2;1;1;1;2;2;2;1;2;2;2;2;2;1;2;2;2;2;1;4;4;1;1;1;2;1;2;1;1;1;1;1;3;1;2;01;23;07;23;174,484119025126
4670033;1;3;2;1;1;1;1;1;3;1; ; ;35000000;300000; ;2;1;2;2;1;1;1;2;2;2;1;2;1;2;2;2;1;1;1;2;2;1;2;4;2; ;1;1;1;2;1;1;1;1;1;3;1;1;01;23;07;23;192,07459548116
4670035;1;3;1;1;1;1;1;1;3;1; ; ;30000000;300000; ;2;1;2;1;1;1;1;2;2;2;1;2;1;2;2;2;1;1;2;2;2;1;2;2;2; ;1;1;1;2;1;1;1;1;1;3;1;1;01;23;07;23;177,096796641033
4670036;1;4;2;2;1;1;1;1;3;1; ; ;45000000;400000; ;2;1;2;1;1;1;1;2;2;2;1;2;1;1;2;2;1;2;1;2;2;1;3;4;2; ;1;1;1;2;1;1;1;2;1;3;1;1;01;23;07;23;184,98932284318
4670037;1;3;2;1;1;1;1;1;4;1; ; ;20000000;150000; ;2;1;2;2;1;1;1;2;2;2;1;2;2;2;2;2;1;1;2;2;2;1;1;1;2; ;1;1;1;1;1;1;2;1;1;3;1;1;01;23;07;23;159,52226776751
4670038;1;3;2;1;1;1;1;1;3;1; ; ;40000000;300000; ;2;1;2;1;1;1;1;2;2;2;1;2;2;2;2;2;1;1;2;2;2;1;1;5;2; ;1;1;1;2;1;1;1;1;1;3;1;1;01;23;07;23;183,618934093251
4670039;1;5;4;1;1;1;1;1;3;1; ; ;170000000;1000000; ;2;1;2;1;1;1;1;1;2;2;1;1;1;2;2;2;1;1;1;2;2;1;3;6;2; ;1;1;1;4;1;3;1;1;1;3;1;1;01;23;07;23;165,905224677112
4670040;1;4;2;1;1;1;1;1;3;3; ; ; ; ;500000;2;1;1;1;1;1;1;2;2;2;1;2;2;2;2;1;1;2;2;2;2;1;2;3;2; ;1;1;1;4;1;3;1;1;1;3;1;1;01;23;07;23;155,815568475928
4670041;1;3;1;1;1;1;1;1;3;4; ; ; ;400000; ;1;1;1;1;1;1;1;2;2;2;1;2;2;2;2;2;1;2;2;2;2;1;1;2;2; ;1;2;1;4;1;3;1;1;1;3;1;1;01;23;07;23;138,254465644423
4670042;1;5;3;1;1;1;1;1;3;3; ; ; ; ;500000;2;1;1;1;1;1;1;2;2;2;1;2;2;2;2;1;1;2;1;2;2;1;6;7;2; ;1;2;1;4;1;3;1;1;1;3;1;1;01;23;07;23;155,86204528925
4670043;1;4;2;1;1;1;1;1;3;1; ; ;200000000;1000000; ;2;2;2;1;1;1;1;1;2;2;1;2;2;2;2;2;1;2;2;2;2;1;3;4;2; ;1;1;1;4;1;3;1;1;1;3;1;1;01;23;07;23;103,398878160424
4670044;1;6;4;1;1;1;1;1;3;1; ; ;350000000;2000000; ;1;1;1;1;1;1;1;1;2;2;1;2;2;1;2;1;1;1;2;1;2;1;4;6;2; ;1;1;1;4;1;5;1;1;1;3;1;1;01;23;07;23;89,6065494153834
4670045;1;7;3;1;1;1;1;1;3;1; ; ;300000000;1500000; ;1;1;1;1;1;1;1;1;1;2;1;2;1;1;2;1;1;1;2;1;2;1;2;4;2; ;1;1;1;4;1;5;1;1;1;3;1;1;01;23;07;23;172,163756065985
4670046;1;5;3;1;1;1;1;1;3;3; ; ; ; ;1200000;2;1;1;1;1;1;1;2;2;2;1;2;2;1;2;1;1;1;2;1;2;1;2;4;1;1;1;1;1;4;1;5;1;1;1;3;1;1;01;23;07;23;146,600753918378
4670047;1;4;3;1;1;1;1;1;3;3; ; ; ; ;800000;2;1;1;1;1;1;1;2;2;2;1;2;2;2;2;1;1;2;2;1;2;1;2;4;2; ;1;1;1;4;1;3;1;1;1;3;1;1;01;23;07;23;197,554470128633
4670048;1;4;3;1;1;1;1;1;3;1; ; ;230000000;1000000; ;1;1;1;1;1;1;1;1;1;2;1;2;1;1;2;1;1;2;2;1;2;1;3;4;2; ;1;2;1;4;1;3;1;1;1;3;1;1;01;23;07;23;174,484119025126
4670049;1;3;1;1;1;1;1;1;3;1; ; ;98;98; ;2;1;1;1;1;1;1;2;2;2;1;2;2;1;2;1;1;1;2;1;2;1;2;2;2; ;1;1;1;4;1;3;1;1;1;3;1;1;01;23;07;23;157,185957225857
4670050;1;3;1;1;1;1;1;1;3;3; ; ; ; ;350000;2;2;2;2;1;1;1;2;2;2;2;2;2;2;2;2;1;2;2;2;2;1;1;1;2; ;1;2;1;2;1;3;1;1;1;3;1;1;01;23;07;23;120,6799367709
4670051;1;3;1;1;1;1;1;3;3;1; ; ;30000000;350000; ;2;1;1;1;1;1;1;2;2;2;1;2;2;1;2;2;1;2;1;2;2;1;2;3;2; ;1;2;1;4;1;1;1;1;1;3;1;1;01;23;07;23;155,815568475928
4670052;1;4;2;1;1;1;1;1;3;1; ; ;100000000;600000; ;2;1;2;1;1;1;1;2;2;2;1;1;1;2;2;2;1;2;1;2;2;1;2;4;2; ;1;1;1;4;1;1;1;1;1;3;1;1;01;23;07;23;153,933020006084
4670053;1;4;2;1;1;1;1;1;3;1; ; ;55000000;500000; ;2;1;1;1;1;1;1;1;2;2;1;2;1;1;2;2;1;2;1;2;2;1;3;4;2; ;1;1;1;2;1;1;1;1;1;3;1;1;01;23;07;23;173,331699701343
4670054;1;3;2;1;1;1;1;3;3;3; ; ; ; ;400000;2;1;1;1;1;1;1;1;2;2;1;2;1;2;2;2;1;2;1;2;2;1;3;3;2; ;1;2;1;4;1;1;1;1;1;3;1;1;01;23;07;23;175,214248171188
4670055;1;4;3;1;1;1;1;1;3;1; ; ;65000000;400000; ;1;1;1;1;1;1;1;1;2;2;1;2;2;2;2;2;1;1;2;2;2;1;2;5;2; ;1;1;1;2;1;1;1;1;1;3;1;1;01;23;07;23;142,8516045612
4670056;1;4;2;1;1;1;1;1;3;1; ; ;70000000;500000; ;2;1;1;1;1;1;1;1;1;2;1;1;1;1;2;1;2;1;2;2;2;1;1;2;2; ;1;1;1;4;1;1;1;1;1;3;1;1;01;23;07;23;127,016416867181
4670057;1;2;1;1;2;1;1;1;3;3; ; ; ; ;150000;2;1;2;2;2;2;1;2;2;2;1;2;2;2;2;2;1;1;2;2;2;1;1;4;2; ;1;1;1;2;1;1;1;1;1;3;1;1;01;23;07;23;174,280536974646
4670057;2;2;1;1;2;1;1;1;3;3; ; ; ; ;200000;2;1;2;2;2;2;1;2;2;2;1;2;2;2;2;2;1;1;2;2;2;1;4;5;2; ;2;1;1;2;1;1;1;1;1;3;1;1;01;23;07;23;174,280536974646
4670058;1;4;3;1;1;1;1;1;3;1; ; ;98;450000; ;2;1;1;1;1;1;1;1;2;2;1;2;2;2;2;2;1;2;1;2;2;1;3;4;2; ;1;1;1;4;1;1;1;1;1;3;1;1;01;23;07;23;182,703147591252
4670059;1;3;2;1;1;1;1;1;3;1; ; ;99;350000; ;2;1;2;1;1;1;1;2;2;2;1;2;2;2;2;2;1;2;2;2;2;1;2;5;2; ;1;1;1;2;1;1;1;1;1;3;1;1;01;23;07;23;150,197296690923
4670060;1;4;3;1;1;1;1;1;3;3; ; ; ; ;400000;2;1;2;1;1;1;1;2;2;2;1;2;2;1;2;2;1;2;1;2;2;1;2;5;2; ;1;1;1;4;1;1;1;1;1;3;1;1;01;23;07;23;170,793367316056
4670061;1;3;2;1;1;1;1;1;3;3; ; ; ; ;300000;2;1;2;1;1;1;1;2;2;2;1;2;2;2;2;2;1;2;1;2;2;1;2;4;2; ;1;2;1;4;1;1;1;1;1;3;1;1;01;23;07;23;153,933020006084
4670062;1;3;2;1;1;1;1;1;3;3; ; ; ; ;600000;1;1;1;1;1;1;1;1;2;2;1;2;2;1;2;2;1;2;1;2;2;1;4;4;2; ;1;2;1;4;1;3;1;1;1;3;1;1;01;23;07;23;182,703147591252
4670063;1;4;3;1;1;1;1;1;3;1; ; ;98;450000; ;2;1;2;1;1;1;1;2;2;2;1;2;1;2;2;2;1;2;2;2;2;1;2;5;2; ;1;2;1;4;1;2;1;1;1;3;1;1;01;23;07;23;160,282926144381
4670180;1;4;3;1;1;1;1;1;3;1; ; ;600000000;2800000; ;2;1;1;1;1;1;1;1;1;1;1;2;1;1;1;1;1;1;2;1;2;1;4;4;2; ;1;2;1;4;1;6;1;1;1;3;1;1;01;50;07;50;275,548651302147
4670181;1;4;3;1;1;1;1;1;3;1; ; ;100000000;1500000; ;1;1;1;1;1;1;1;1;1;1;1;1;1;1;2;2;2;1;2;1;2;1;2;4;2; ;1;1;1;4;1;6;1;1;1;3;1;2;01;50;07;50;219,195163809767
4670182;1;5;4;1;1;1;1;1;3;1; ; ;98;98; ;1;1;1;1;1;1;1;2;2;2;1;2;1;2;2;2;1;2;2;2;2;1;4;6;2; ;1;1;1;4;1;3;1;1;1;3;1;2;01;50;07;50;123,36447298083
4670183;1;3;2;1;1;1;1;1;3;4; ; ; ;650000; ;2;1;1;2;1;1;1;2;2;2;1;2;2;2;2;2;1;2;2;2;2;1;3;4;2; ;1;1;1;2;1;3;1;1;1;3;1;1;01;50;07;50;189,954179269748
4670183;2;1;1;1;1;1;1;1;3;3; ; ; ; ;200000;2;1;1;1;1;1;1;2;2;2;1;2;2;1;2;2;1;2;2;2;2;1;1;1;2; ;2;1;1;2;1;3;1;1;1;3;1;1;01;50;07;50;189,954179269748
4670184;1;4;3;1;2;1;1;1;3;3; ; ; ; ;700000;1;2;1;1;1;2;1;2;2;2;1;2;2;2;2;2;2;2;2;2;2;1;4;6;2; ;1;1;1;4;1;3;1;1;1;3;1;2;01;50;07;50;193,304788365666
4670184;2;1;1;1;2;1;1;6; ;3; ; ; ; ;260000;2;2;2;2;1;2;2;2;2;2;1;2;2;2;2;2;1;2;2;2;2;1;1;1;2; ;2;1;1;4;1;3;1;1;1;3;1;2;01;50;07;50;193,304788365666
4670185;1;4;3;1;1;1;1;1;3;3; ; ; ; ;1900000;1;1;1;1;1;1;1;1;1;1;1;1;1;1;1;2;1;1;2;1;2;1;4;4;2; ;1;2;1;4;1;6;1;1;1;3;1;1;01;50;07;50;152,16532596957
4670186;1;5;2;1;1;1;1;1;3;1; ; ;98;98; ;2;2;1;1;1;1;1;2;1;1;1;1;1;1;2;2;1;2;2;1;2;1;1;2;2; ;1;1;1;4;1;5;1;1;1;3;1;1;01;50;07;50;110,525773195872
4670187;1;3;2;1;1;1;1;1;3;3; ; ; ; ;780000;2;1;1;1;1;1;1;2;2;2;1;2;2;1;2;2;1;2;2;1;2;1;2;2;2; ;1;2;1;4;1;3;1;1;1;3;1;2;01;50;07;50;245,422759140808
4670189;1;3;2;1;1;1;1;1;3;1; ; ;98;98; ;2;2;2;1;1;1;1;1;1;1;1;1;1;1;2;2;1;2;2;1;2;2; ;1;2; ;1;2;1;4;1;5;1;1;1;3;1;1;01;50;07;50;223,200895883586
4670190;1;3;2;1;1;1;1;1;3;1; ; ;98;98; ;1;1;1;1;1;1;1;1;2;2;1;1;1;1;2;2;1;2;2;1;2;2; ;3;2; ;1;2;1;4;1;5;1;1;1;3;1;1;01;50;07;50;182,703139482571
4670191;1;3;1;1;1;1;1;1;3;1; ; ;98;98; ;1;1;1;1;1;1;1;1;1;1;1;1;1;1;2;1;1;1;1;1;2;2; ;1;2; ;1;2;1;4;1;5;1;1;1;3;1;1;01;50;07;50;157,951362707108
4670192;1;5;4;1;1;1;1;1;3;1; ; ;400000000;1500000; ;1;1;1;1;1;1;1;2;2;2;1;1;1;1;2;2;1;1;2;1;2;1;3;7;2; ;1;1;1;4;1;4;1;1;1;3;1;1;01;50;07;50;259,189175881131
4670193;1;6;4;1;1;1;1;1;3;1; ; ;98;1000000; ;1;1;1;1;1;1;1;2;2;2;1;2;1;1;2;2;1;1;1;2;2;1;3;4;2; ;1;1;1;4;1;3;1;1;1;3;1;2;01;50;07;50;216,87767734526
4670194;1;4;3;1;1;1;1;1;3;4; ; ; ;1000000; ;2;1;1;1;1;1;1;2;2;2;1;2;1;1;2;2;1;2;1;2;2;1;2;3;2; ;1;1;1;4;1;3;1;1;1;3;1;2;01;50;07;50;237,37923397557
4670195;1;4;2;1;1;1;1;1;3;3; ; ; ; ;1000000;1;2;1;1;1;1;1;1;2;2;1;1;1;1;2;2;1;1;2;2;2;1;2;2;2; ;1;1;1;4;1;4;1;1;1;3;1;1;01;50;07;50;235,610448510128
4670196;1;4;2;1;1;1;1;1;3;4; ; ; ;10000000; ;1;1;1;1;1;1;1;2;1;2;1;1;1;1;2;2;1;1;1;1;2;1;2;2;2; ;1;1;1;4;1;3;1;1;1;3;1;1;01;50;07;50;212,735596135966
4670197;1;5;4;1;1;1;1;1;3;1; ; ;350000000;1500000; ;1;1;1;1;1;1;1;1;2;2;1;1;1;1;2;2;1;1;1;1;2;1;3;4;2; ;1;1;1;4;1;4;1;1;1;3;1;2;01;50;07;50;275,548651302147
4670198;1;4;3;1;1;1;1;1;3;1; ; ;98;1000000; ;1;1;1;1;1;1;1;1;2;2;1;1;2;1;2;2;1;2;2;2;2;1;1;3;2; ;1;1;1;4;1;3;1;1;1;3;1;1;01;50;07;50;237,37923397557
4670199;1;5;3;1;1;1;1;1;3;1; ; ;98;98; ;1;1;1;1;1;1;1;1;2;2;1;1;1;1;2;1;1;1;2;1;2;1;4;5;2; ;1;1;1;4;1;4;1;1;1;3;1;1;01;50;07;50;223,021906300989
4670200;1;4;3;1;1;1;1;1;3;1; ; ;180000000;800000; ;2;1;1;1;1;1;1;1;2;1;1;1;1;1;2;2;1;1;2;1;2;1;3;3;2; ;1;1;1;4;1;3;1;1;1;3;1;1;01;50;07;50;273,555919584694
4670201;1;4;3;1;1;1;1;1;3;1; ; ;98;1000000; ;2;1;1;2;1;1;1;2;2;2;1;1;2;2;2;2;1;2;2;1;2;1;2;3;2; ;1;1;1;4;1;5;1;1;1;3;1;1;01;50;07;50;273,555919584694
4670202;1;5;3;1;1;1;1;1;3;1; ; ;300000000;1200000; ;2;1;1;1;1;1;1;2;2;2;1;1;1;1;2;2;1;2;2;1;2;1;3;5;2; ;1;1;1;4;1;4;1;1;1;3;1;2;01;50;07;50;218,870409062713
4670203;1;3;2;1;1;1;1;1;3;1; ; ;98;600000; ;2;1;1;1;1;1;1;1;2;2;1;1;1;1;2;2;2;1;1;2;2;1;4;4;2; ;1;1;1;4;1;3;1;1;1;3;1;1;01;50;07;50;260,13827903358
4670204;1;3;2;1;1;1;1;6; ;1; ; ;120000000;700000; ;2;1;1;1;1;1;1;2;2;2;1;2;1;1;2;2;1;2;1;1;2;1;2;2;2; ;1;1;1;4;1;3;1;1;1;3;1;2;01;50;07;50;235,229884483729
4670210;1;1;1;1;1;1;1;6; ;3; ; ; ; ;300000;2;2;1;2;1;2;1;2;2;2;1;1;1;1;2;2;2;2;2;2;2;1;1;1;2; ;1;2;1;4;1;2;1;1;1;3;1;2;01;50;07;50;233,617716792675
4670211;1;4;3;1;1;1;1;1;3;1; ; ;870000000;670000; ;1;1;1;1;1;1;1;2;2;2;1;2;1;1;2;2;1;1;1;2;2;1;4;4;2; ;1;1;1;4;1;2;1;1;1;3;1;1;01;50;07;50;184,852488974412
4670212;1;4;3;1;1;1;1;1;3;3; ; ; ; ;700000;2;1;1;2;1;1;1;2;2;2;1;2;2;1;2;2;2;1;1;2;2;1;4;4;2; ;1;1;1;4;1;3;1;1;1;3;1;2;01;50;07;50;216,87767734526
4670213;1;4;3;1;1;1;1;1;3;1; ; ;98;98; ;2;2;1;1;1;1;1;2;2;2;1;2;2;2;2;2;2;1;2;2;2;1;2;5;2; ;1;1;1;4;1;3;1;1;1;3;1;2;01;50;07;50;147,736116241821
4670214;1;3;2;1;1;1;1;1;3;3; ; ; ; ;500000;2;2;2;1;1;1;1;2;2;2;1;2;1;2;2;2;1;2;1;2;2;1;2;3;2; ;1;2;1;4;1;3;1;1;1;3;1;1;01;50;07;50;273,555919584694
4670215;1;5;3;1;1;1;1;1;3;1; ; ;70000000;600000; ;2;1;2;1;1;1;1;1;2;2;1;1;2;2;2;2;1;2;2;1;2;1;2;3;2; ;1;1;1;4;1;3;1;1;1;3;1;2;01;50;07;50;208,306386408217
4670216;1;4;2;1;1;1;1;1;3;1; ; ;180000000;900000; ;1;1;1;1;1;1;1;2;2;2;1;2;1;2;2;2;2;2;2;2;2;1;1;2;2; ;1;1;1;4;1;3;1;1;1;3;1;1;01;50;07;50;160,10071219895
4670217;1;4;3;1;1;1;1;1;3;1; ; ;98;98; ;1;1;1;1;1;1;1;2;2;2;1;1;1;1;2;2;1;1;1;1;2;1;2;6;2; ;1;1;1;4;1;3;1;1;1;3;1;1;01;50;07;50;183,056104429242
4670218;1;4;3;1;1;1;1;1;3;1; ; ;120000000;700000; ;1;1;1;1;1;1;1;1;2;2;1;2;1;1;2;2;1;2;1;2;2;1;3;6;2; ;1;1;1;2;1;2;1;1;1;3;1;1;01;50;07;50;184,228140569017
4670219;1;4;3;1;1;1;1;1;3;3; ; ; ; ;850000;2;2;1;1;1;1;1;2;2;2;1;1;1;1;2;2;1;1;1;1;2;1;4;4;2; ;1;1;1;4;1;3;1;1;1;3;1;1;01;50;07;50;184,695871200023
4670220;1;3;2;1;1;1;1;1;3;3; ; ; ; ;200000;2;2;2;2;1;1;1;2;2;2;1;2;1;1;2;2;1;2;2;2;2;1;1;5;2; ;1;1;1;4;1;1;1;1;1;3;1;2;01;50;07;50;166,006444174614
4670221;1;3;2;1;1;1;1;1;3;1; ; ;98;350000; ;2;2;2;2;1;1;1;2;2;2;1;2;2;2;2;2;2;2;2;2;2;1;1;3;2; ;1;2;1;2;1;1;1;1;1;3;1;2;01;50;07;50;164,254312606521
4670222;1;3;2;1;1;1;1;1;3;3; ; ; ; ;120000;2;2;2;2;1;2;1;2;2;2;1;2;1;2;2;2;1;1;2;2;2;1;2;3;2; ;1;2;1;2;1;1;1;1;1;3;1;1;01;50;07;50;240,712138805464
4670223;1;5;4;1;1;1;1;1;3;3; ; ; ; ;700000;2;1;2;1;1;1;1;2;2;2;1;2;2;2;2;2;1;1;1;2;2;1;3;5;2; ;1;1;1;4;1;3;1;1;1;3;1;2;01;50;07;50;251,557572067555
4670224;1;3;2;1;1;1;1;1;3;3; ; ; ; ;150000;2;1;2;1;1;1;1;2;2;2;1;2;1;2;2;2;1;2;1;2;2;1;2;4;2; ;1;2;1;2;1;1;1;1;1;3;1;1;01;50;07;50;244,006938622037
4670225;1;3;2;1;1;1;1;1;3;3; ; ; ; ;280000;2;2;2;2;2;1;1;2;2;2;2;2;2;2;2;2;1;2;2;2;2;1;1;4;2; ;1;2;1;2;1;1;1;1;1;3;1;2;01;50;07;50;229,179091035944
4670226;1;3;2;1;2;1;1;1;3;3; ; ; ; ;250000;2;2;2;2;1;1;1;2;2;2;1;2;2;2;2;2;2;1;2;2;2;1;2;4;2; ;1;2;1;4;1;1;1;1;1;3;1;2;01;50;07;50;168,721148562869
4670227;1;3;2;1;1;1;1;1;3;3; ; ; ; ;1100000;1;1;1;1;1;1;1;2;2;2;1;1;1;1;2;2;1;2;2;2;2;1;2;3;2; ;1;1;1;4;1;3;1;1;1;3;1;1;01;50;07;50;273,555919584694
4670228;1;2;1;1;1;1;1;6; ;3; ; ; ; ;150000;2;2;2;2;2;2;2;2;2;2;1;2;2;2;2;2;1;2;2;2;2;1;1;1;2; ;1;2;1;2;1;1;2;1;1;3;1;1;01;50;07;50;233,617716792675
4670229;1;1;1;1;1;1;2;1;4;5; ; ; ;250000; ;2;2;2;2;1;1;1;2;2;2;1;2;1;2;2;2;2;1;2;2;2;1;1;2;2; ;1;1;1;1;1;1;2;1;1;3;2; ;01;50;07;50;170,517533108039
4670230;1;2;1;1;1;1;1;1;4;5; ; ; ;300000; ;2;2;2;2;1;1;1;2;2;2;1;2;2;2;2;2;1;2;2;2;2;2; ;2;2; ;1;1;1;2;1;1;2;1;1;3;1;1;01;50;07;50;235,386502258118
4670231;1;1;1;1;1;1;1;1;4;3; ; ; ; ;180000;2;2;2;2;1;1;1;2;2;2;1;2;2;2;2;2;2;2;2;2;2;1;2;4;2; ;1;1;1;4;1;1;2;1;1;3;1;2;01;50;07;50;275,548651302147
4670232;1;3;2;1;1;1;1;1;4;3; ; ; ; ;200000;2;2;2;2;1;1;1;2;2;2;1;2;2;2;2;2;2;1;2;2;2;2; ;4;2; ;1;1;1;4;1;1;2;1;1;3;1;2;01;50;07;50;245,178974761812
4670233;1;5;4;1;1;1;1;1;3;1; ; ;110000000;700000; ;1;1;1;1;1;1;1;1;2;2;1;1;1;1;2;2;1;2;2;1;2;1;3;3;2; ;1;1;1;4;1;3;1;1;1;3;1;1;01;50;07;50;172,510264825492
4670234;1;5;4;1;1;1;1;1;3;1; ; ;98;98; ;2;2;2;1;1;1;1;2;2;2;1;2;2;2;2;2;1;2;1;2;2;1;4;4;2; ;1;1;1;2;1;1;1;1;1;3;1;2;01;50;07;50;239,528583467412
4670235;1;3;1;1;1;1;1;1;3;1; ; ;70000000;350000; ;2;2;2;2;1;1;1;2;2;2;1;2;1;2;2;1;2;2;2;2;2;2; ;1;2; ;1;1;1;4;1;2;1;1;1;3;1;1;01;50;07;50;157,951362707108
4670236;1;4;2;1;1;1;1;1;3;3; ; ; ; ;400000;2;1;2;1;1;1;1;2;2;2;1;2;1;2;2;2;1;1;1;1;2;1;3;4;2; ;1;1;1;4;1;2;1;1;1;3;1;1;01;50;07;50;277,866137766654
4670237;1;3;2;1;1;1;1;1;3;1; ; ;98;500000; ;2;2;1;1;1;1;1;2;2;2;1;2;1;2;2;2;1;1;2;2;2;1;1;3;2; ;1;2;1;4;1;2;1;1;1;3;1;1;01;50;07;50;237,759798001969
4670238;1;3;2;1;1;1;1;1;3;1; ; ;90000000;600000; ;1;1;1;2;1;1;1;1;2;2;1;2;1;2;2;2;1;2;2;2;2;1;4;5;2; ;1;1;1;4;1;3;1;1;1;3;1;2;01;50;07;50;168,553011590203
4670239;1;4;3;1;1;1;1;1;3;3; ; ; ; ;500000;2;1;1;1;1;1;1;2;2;2;1;2;1;1;2;2;2;2;1;2;2;1;3;7;2; ;1;1;1;4;1;3;1;1;1;3;1;2;01;50;07;50;259,032558106742
4670240;1;4;3;1;1;1;1;1;3;1; ; ;90000000;700000; ;2;1;1;1;1;1;1;2;2;2;1;2;2;2;2;2;1;2;2;1;2;1;4;6;2; ;1;1;1;4;1;3;1;1;1;3;1;2;01;50;07;50;192,484092787988
4670241;1;2;1;1;2;1;1;1;3;3; ; ; ; ;450000;2;1;1;2;1;1;1;2;2;2;1;2;2;2;2;2;1;1;2;2;2;1;1;3;2; ;1;1;1;4;1;3;1;1;1;3;1;2;01;50;07;50;233,970681739346
4670241;2;2;1;1;2;1;1;1;3;3; ; ; ; ;200000;2;1;2;2;1;1;1;2;2;2;1;2;2;2;2;2;2;2;2;2;2;1;1;1;2; ;2;1;1;4;1;3;1;1;1;3;1;2;01;50;07;50;233,970681739346
4670242;1;3;2;1;1;1;1;1;3;1; ; ;100000000;700000; ;2;2;2;1;1;1;1;2;2;2;1;2;2;2;2;2;1;2;2;2;2;2; ;2;2; ;1;1;1;4;1;2;1;1;1;3;1;1;01;50;07;50;110,525773195872
4670243;1;3;2;1;1;1;1;1;3;3; ; ; ; ;400000;2;1;1;2;1;1;1;2;2;2;1;2;2;2;2;2;1;2;2;2;2;1;2;4;2; ;1;1;1;4;1;2;1;1;1;3;1;1;01;50;07;50;244,006938622037
4670244;1;4;3;1;1;1;1;1;3;1; ; ;80000000;450000; ;2;2;2;1;1;1;1;2;2;2;1;2;1;2;2;2;1;2;1;2;2;1;2;3;2; ;1;1;1;4;1;1;1;1;1;3;1;2;01;50;07;50;182,703139482571
4670245;1;4;3;1;1;1;1;1;3;1; ; ;98;450000; ;2;1;1;2;1;1;1;2;2;2;1;1;1;2;2;2;1;2;1;1;2;1;4;5;2; ;1;1;1;4;1;2;1;1;1;3;1;2;01;50;07;50;221,344513301608
4670246;1;3;2;1;1;1;1;1;3;4; ; ; ;200000; ;2;2;2;2;1;1;1;2;2;2;1;2;2;2;2;2;1;1;2;2;2;1;1;4;2; ;1;1;1;2;1;2;1;1;1;3;1;1;01;50;07;50;244,006938622037
4670247;1;3;2;1;1;1;1;1;3;5; ; ; ;450000; ;1;1;1;1;1;1;1;2;1;2;1;1;1;1;2;2;1;1;1;2;2;1;2;3;2; ;1;1;1;2;1;1;1;1;1;3;1;1;01;50;07;50;237,37923397557
4670248;1;4;3;1;1;1;1;1;3;3; ; ; ; ;400000;2;2;1;2;1;1;1;2;2;2;1;2;2;1;2;2;1;2;1;2;2;1;2;5;2; ;1;2;1;4;1;1;1;1;1;3;1;2;01;50;07;50;196,37612071495
4670249;1;3;2;5;1;1;1;1;3;1; ; ;98;300000; ;2;1;1;1;1;1;1;2;2;2;1;2;2;1;2;2;1;2;1;2;2;1;1;3;2; ;1;2;1;4;1;2;1;1;1;3;1;1;01;50;07;50;217,045814317925
4670250;1;3;2;1;1;1;1;1;3;3; ; ; ; ;250000;2;2;2;1;1;1;1;2;2;2;1;2;2;2;2;2;2;2;1;2;2;1;1;4;2; ;1;2;1;4;1;2;1;1;1;3;1;1;01;50;07;50;245,178974761812
4670251;1;4;3;1;1;1;1;1;3;3; ; ; ; ;400000;2;1;2;1;1;1;1;2;2;2;1;1;1;1;2;2;1;1;1;2;2;1;2;4;2; ;1;1;1;4;1;1;1;1;1;3;1;2;01;50;07;50;277,866137766654
4670252;1;4;3;1;1;1;1;1;3;1; ; ;45000000;300000; ;2;1;1;1;1;1;1;2;2;2;1;2;1;2;2;2;1;1;2;2;2;1;3;6;2; ;1;1;1;4;1;1;1;1;1;3;1;2;01;50;07;50;160,785762333489
4670253;1;3;1;1;1;1;1;1;3;5; ; ; ;300000; ;2;1;2;1;1;1;1;2;2;2;1;1;2;2;2;2;1;2;2;2;2;1;1;1;2; ;1;1;1;4;1;1;1;1;1;3;1;1;01;50;07;50;157,951362707108
4670254;1;4;2;1;1;1;1;1;3;5; ; ; ;250000; ;1;1;1;1;1;1;1;1;2;2;1;2;1;1;2;2;1;1;1;2;2;1;3;7;2; ;1;2;1;2;1;1;1;1;1;3;1;1;01;50;07;50;268,433960650445
4670255;1;2;1;1;1;1;3;1;3;1; ; ;60000000;250000; ;2;2;2;1;1;1;1;2;2;2;1;2;2;2;2;2;2;1;2;2;2;1;2;4;2; ;1;2;1;4;1;1;1;1;1;3;2; ;01;50;07;50;176,97710078184
4670256;1;2;1;1;1;1;1;6; ;3; ; ; ; ;160000;2;2;2;2;2;2;1;2;2;2;1;2;2;2;2;2;1;2;2;2;2;1;1;1;2; ;1;2;1;4;1;1;1;1;1;3;1;2;01;50;07;50;223,200895883586
4670257;1;4;3;1;1;1;1;1;3;2; ;650000;70000000;700000; ;1;1;1;1;1;1;1;2;2;2;1;2;2;1;2;2;1;2;1;2;2;1;4;5;2; ;1;1;1;4;1;2;1;1;1;3;1;1;01;50;07;50;247,171706479264
4670258;1;4;2;1;1;1;1;1;3;3; ; ; ; ;400000;2;1;2;1;1;1;1;2;2;2;1;2;2;2;2;2;1;2;2;2;2;1;2;5;2; ;1;1;1;4;1;2;1;1;1;3;1;2;01;50;07;50;316,035555093231
4670259;1;3;2;1;1;1;1;1;3;5; ; ; ;600000; ;2;1;2;1;1;1;1;2;2;2;1;2;1;2;2;2;1;2;1;2;2;1;3;3;2; ;1;1;1;4;1;2;1;1;1;3;1;2;01;50;07;50;150,015976477728
4670260;1;3;2;1;2;1;1;1;3;2; ;350000;100000000;550000; ;2;1;1;1;1;1;1;1;2;2;1;2;1;1;2;2;1;1;2;2;2;1;3;3;2; ;1;2;1;4;1;2;1;1;1;3;1;1;01;50;07;50;237,37923397557
4670261;1;2;1;1;1;1;1;1;3;3; ; ; ; ;300000;2;1;2;1;1;2;1;2;2;2;1;1;1;2;2;2;1;2;2;2;2;1;1;2;2; ;1;2;1;4;1;2;1;1;1;3;1;2;01;50;07;50;204,860207943394
4670262;1;4;3;1;1;1;1;1;3;3; ; ; ; ;500000;2;1;2;2;1;1;1;2;2;2;1;2;2;2;2;2;2;1;2;2;2;1;2;6;2; ;1;1;1;4;1;2;1;1;1;3;1;2;01;50;07;50;250,466506295838
4670263;1;4;3;1;1;1;1;1;4;1; ; ;95000000;600000; ;2;1;2;1;1;1;1;2;2;2;1;2;2;2;2;2;1;2;2;2;2;1;3;4;2; ;1;1;1;4;1;2;1;1;1;3;1;1;01;50;07;50;174,816232091722
4670264;1;4;3;1;1;1;1;1;3;3; ; ; ; ;650000;1;2;1;2;1;1;1;2;2;2;1;2;2;2;2;2;2;2;1;2;2;1;4;5;2; ;1;1;1;4;1;2;1;1;1;3;1;2;01;50;07;50;163,813750543314
4670265;1;2;1;1;1;1;1;1;3;3; ; ; ; ;400000;2;1;1;1;1;1;2;2;2;2;1;1;2;2;2;2;2;2;2;2;2;1;1;2;2; ;1;2;1;4;1;3;1;1;1;3;1;1;01;50;07;50;227,511114065545
4670266;1;1;1;1;2;1;1;1;3;3; ; ; ; ;230000;2;1;1;1;1;1;1;2;2;2;1;2;2;2;2;2;1;2;2;2;2;1;1;1;2; ;1;4;1;4;1;2;1;1;1;3;1;1;01;50;07;50;200,549989761434
4670267;1;2;1;1;1;1;1;6; ;1; ; ;98;500000; ;2;1;2;2;1;1;1;2;2;2;1;2;2;2;2;2;1;2;1;2;2;1;1;1;2; ;1;2;1;4;1;2;1;1;1;3;1;2;01;50;07;50;233,617716792675
4670268;1;2;2;1;1;1;1;1;4;5; ; ; ;300000; ;2;2;2;1;1;1;1;2;2;2;1;2;2;2;2;2;2;1;2;2;2;1;2;5;2; ;1;1;8;1;1;0;2;1;1;3;1;2;01;50;07;50;254,890476897448
4670269;1;3;2;1;1;1;1;3;4;5; ; ; ;200000; ;2;2;2;1;1;1;1;2;2;2;1;2;2;2;2;2;1;2;1;2;2;1;4;7;2; ;1;1;5;1;1;0;2;1;1;3;1;1;01;50;07;50;237,043626618585
4670270;1;4;3;1;1;1;1;1;4;5; ; ; ;300000; ;2;1;2;2;2;1;1;2;2;2;1;1;1;2;2;2;1;1;2;2;2;1;1;4;2; ;1;1;1;2;1;0;2;1;1;3;1;2;01;50;07;50;245,178974761812
4670271;1;3;2;1;1;1;1;1;4;5; ; ; ;400000; ;2;2;2;1;1;1;1;2;2;2;1;1;1;1;2;2;1;1;2;2;2;1;2;5;2; ;1;1;2;1;1;0;2;1;1;3;1;2;01;50;07;50;248,317156803996
4670272;1;4;2;1;1;1;1;1;4;2; ;300000;25000000;250000; ;2;1;2;1;1;1;2;2;2;2;1;1;1;2;2;2;2;2;1;2;2;1;2;4;2; ;1;1;1;2;1;0;2;1;1;3;1;2;01;50;07;50;277,866137766654
4670273;1;1;1;1;1;1;1;3;4;5; ; ; ;180000; ;2;2;2;1;1;1;1;2;2;2;1;2;2;2;2;2;2;1;2;2;2;1;2;2;2; ;1;1;8;1;1;0;2;1;1;3;1;1;01;50;07;50;212,735596135966
4670274;1;2;1;1;1;1;1;1;4;5; ; ; ;300000; ;2;2;2;2;1;1;1;2;2;2;1;2;2;2;2;2;2;2;1;2;2;1;1;3;2; ;1;1;8;2;1;0;2;1;1;3;1;2;01;50;07;50;239,696720440077
4670275;1;1;1;1;1;1;1;3;4;5; ; ; ;200000; ;2;1;2;1;1;1;1;2;2;2;1;2;1;2;2;2;1;2;1;2;2;1;2;4;2; ;1;1;1;2;1;0;2;1;1;3;1;1;01;50;07;50;311,725336911271
4670276;1;3;1;1;1;1;1;6; ;1; ; ;98;500000; ;2;2;2;2;1;2;1;2;2;2;1;2;2;2;2;2;1;2;1;2;2;1;1;1;2; ;1;1;1;4;1;3;1;1;1;3;1;2;01;50;07;50;233,237152766276
4670277;1;1;1;1;1;1;1;1;4;5; ; ; ;250000; ;2;2;2;2;2;1;1;2;2;2;1;2;2;2;2;2;2;2;2;2;2;1;2;2;2; ;1;1;5;2;1;0;2;1;1;3;1;2;01;50;07;50;170,517533108039
4670278;1;3;2;1;1;1;1;3;4;5; ; ; ;200000; ;2;1;2;1;1;1;1;2;2;2;1;2;2;2;2;2;2;2;2;2;2;1;2;4;2; ;1;1;1;1;1;0;2;1;1;3;1;1;01;50;07;50;246,475803734794
4670279;1;2;1;1;1;1;1;1;4;5; ; ; ;150000; ;2;2;2;2;1;1;1;2;2;2;1;1;2;2;2;2;1;1;2;2;2;1;1;4;2; ;1;1;5;2;1;0;2;1;1;3;1;2;01;50;07;50;289,07443078912
4670280;1;3;2;1;1;1;1;1;4;5; ; ; ;200000; ;2;2;2;2;1;1;1;2;2;2;1;1;2;2;2;2;2;1;2;2;2;1;1;4;2; ;1;1;8;2;1;0;2;1;1;3;1;2;01;50;07;50;244,006938622037
4670281;1;3;3;1;1;1;1;1;3;3; ; ; ; ;450000;2;1;1;1;1;1;1;2;2;2;1;2;2;1;2;2;1;2;2;2;2;1;2;2;2; ;1;1;1;4;1;3;1;1;1;3;1;2;01;50;07;50;170,13696908164
4670282;1;3;2;1;1;1;1;1;3;3; ; ; ; ;500000;2;2;1;1;1;1;1;2;2;2;1;1;1;1;2;2;1;2;1;2;2;1;2;3;2; ;1;2;1;4;1;3;1;1;1;3;1;2;01;50;07;50;239,696720440077
4670283;1;3;2;1;1;1;1;1;3;1; ; ;98;1000000; ;1;2;1;1;1;1;1;2;2;2;1;2;1;1;2;2;1;2;1;1;2;1;3;3;2; ;1;1;1;4;1;3;1;1;1;3;1;2;01;50;07;50;204,535453196339
4670284;1;3;2;1;1;1;1;1;3;1; ; ;87000000;500000; ;2;2;2;1;1;1;1;2;2;2;1;1;1;2;2;2;1;2;2;2;2;1;1;2;2; ;1;1;1;4;1;2;1;1;1;3;1;1;01;50;07;50;235,767066284516
4670285;1;2;1;1;1;1;1;6; ;3; ; ; ; ;280000;2;2;2;2;1;2;2;2;2;2;1;1;2;2;2;2;1;2;2;2;2;1;1;1;2; ;1;2;1;4;1;2;1;1;1;3;1;2;01;50;07;50;233,237152766276
4670286;1;4;3;1;1;1;1;1;3;2; ;1300000;200000000;600000; ;2;1;1;1;1;1;1;2;2;2;1;2;1;1;2;2;1;2;2;1;2;1;3;4;2; ;1;1;1;4;1;3;1;1;1;3;1;2;01;50;07;50;210,455735900058
4670287;1;5;4;1;1;1;1;1;3;3; ; ; ; ;750000;2;1;1;1;1;1;1;2;2;2;1;2;1;1;2;2;1;1;1;1;2;1;4;6;2; ;1;1;1;4;1;3;1;1;1;3;1;2;01;50;07;50;259,357312853796
4670288;1;4;3;1;1;1;1;1;3;3; ; ; ; ;600000;1;1;1;1;1;1;1;2;1;2;1;1;1;1;2;2;1;2;1;1;2;1;3;4;2; ;1;1;1;4;1;3;1;1;1;3;1;2;01;50;07;50;219,195163809767
4670289;1;3;2;1;1;1;1;1;3;1; ; ;150000000;600000; ;2;1;1;1;1;1;1;2;2;2;1;2;2;2;2;2;1;2;1;1;2;1;3;3;2; ;1;1;1;4;1;3;1;1;1;3;1;2;01;50;07;50;182,322575456172
4670290;1;3;2;1;1;1;1;1;4;3; ; ; ; ;180000;2;1;2;1;1;1;1;2;2;2;1;2;2;2;2;2;2;1;2;2;2;1;2;4;2; ;1;2;1;4;1;1;2;1;1;3;1;2;01;50;07;50;221,356032499885
4670291;1;3;2;1;1;1;1;1;4;4; ; ; ;150000; ;2;2;2;2;1;1;1;2;2;2;1;2;2;2;2;2;2;2;2;2;2;1;2;4;2; ;1;1;1;2;1;0;2;1;1;3;1;2;01;50;07;50;221,356032499885
4670292;1;4;2;1;1;1;1;1;3;4; ; ; ;600000; ;2;2;2;2;1;1;1;2;2;2;1;2;2;1;2;2;2;2;2;2;2;1;2;4;1;1;1;1;1;4;1;3;1;1;1;3;1;1;01;50;07;50;209,002289152688
4670293;1;4;2;1;1;1;1;1;3;3; ; ; ; ;550000;2;1;2;1;1;1;1;2;2;2;1;1;1;2;2;2;2;2;2;2;2;1;2;2;2; ;1;2;1;4;1;2;1;1;1;3;1;2;01;50;07;50;235,386502258118
4670294;1;3;3;1;1;1;1;1;3;1; ; ;98;500000; ;2;2;2;1;1;1;1;2;2;2;1;2;1;2;2;2;1;2;1;2;2;1;2;4;2; ;1;1;1;4;1;1;1;1;1;3;1;2;01;50;07;50;249,945404376501
4670295;1;3;2;1;1;1;1;1;3;3; ; ; ; ;700000;2;1;2;1;1;1;1;2;2;2;1;2;2;1;2;2;2;1;1;2;2;1;3;6;2; ;1;1;1;4;1;3;1;1;1;3;1;2;01;50;07;50;190,774874847426
4670296;1;3;2;1;1;1;1;1;3;1; ; ;98;98; ;2;1;1;1;1;1;1;2;2;2;1;1;1;1;2;2;2;1;2;1;2;1;4;4;2; ;1;2;1;4;1;5;1;1;1;3;1;1;01;50;07;50;194,888745857103
4670297;1;4;2;1;1;1;1;1;3;1; ; ;98;700000; ;1;1;1;1;1;1;1;2;2;2;1;2;2;1;2;2;2;1;1;2;2;1;3;3;2; ;1;1;1;4;1;3;1;1;1;3;1;2;01;50;07;50;214,884945627807
4670298;1;2;2;1;1;1;1;1;4;5; ; ; ;200000; ;2;1;2;2;1;1;1;2;2;2;1;2;1;2;2;2;2;2;2;2;2;1;1;5;2; ;1;1;5;2;1;0;2;1;1;3;1;2;01;50;07;50;168,396393815815
4670302;1;3;2;1;1;1;1;1;3;3; ; ; ; ;800000;1;1;1;1;1;1;1;2;2;2;1;2;2;1;2;2;1;2;1;2;2;1;2;3;2; ;1;1;1;4;1;3;1;1;1;3;1;2;01;50;07;50;237,37923397557
4670309;1;4;2;1;1;1;1;1;4;1; ; ;100000000;500000; ;2;1;1;1;1;1;1;2;1;1;1;1;1;1;2;2;2;1;1;1;2;1;3;3;2; ;1;2;1;4;1;3;2;1;1;3;1;1;01;52;07;52;198,182940561409
4670310;1;4;2;1;1;1;1;1;4;3; ; ; ; ;500000;1;1;1;1;1;1;1;2;1;1;1;2;1;1;2;2;2;2;2;2;2;1;2;2;2; ;1;2;1;4;1;3;2;1;1;3;1;1;01;52;07;52;222,66288533517
4670311;1;4;3;1;1;1;1;1;4;3; ; ; ; ;700000;2;1;1;2;1;1;1;1;1;1;1;1;2;2;2;2;2;2;2;2;2;1;2;4;2; ;1;2;1;4;1;3;2;1;1;3;1;1;01;52;07;52;199,818732286715
4670312;1;2;2;1;2;1;1;1;4;4; ; ; ;200000; ;2;1;2;2;2;2;1;2;2;2;1;2;2;2;2;2;2;2;1;2;2;1;2;5;2; ;1;4;3;3;1;1;2;1;1;3;1;1;01;52;07;52;319,126475201233
4670313;1;3;2;1;1;1;1;1;4;1; ; ;50000000;200000; ;2;1;2;2;1;1;1;2;2;2;1;2;1;2;2;2;2;1;2;2;2;1;2;3;2; ;1;1;1;2;1;1;2;1;1;3;1;1;01;52;07;52;526,944338264678
4670314;1;4;2;1;1;1;1;1;4;3; ; ; ; ;630000;1;2;1;1;1;1;1;2;2;1;1;2;2;1;2;2;2;2;2;1;2;1;1;2;2; ;1;2;1;4;1;2;2;1;1;3;1;1;01;52;07;52;182,773460562156
4670315;1;7;7;1;1;1;1;1;4;2; ;900000;98;98; ;1;1;1;1;1;1;1;2;1;2;1;1;1;1;2;2;2;1;2;1;2;1;9;9;2; ;1;2;1;4;1;3;2;1;1;3;1;1;01;52;07;52;238,534584020008
4670316;1;4;2;1;1;1;1;1;4;1; ; ;98;98; ;2;1;2;1;1;1;1;2;2;1;1;2;2;2;2;2;2;2;2;2;2;1;2;2;2; ;1;1;1;4;1;4;2;1;1;3;1;1;01;52;07;52;161,98140155631
4670317;1;4;2;1;1;1;1;1;4;1; ; ;98;600000; ;1;1;1;1;1;1;1;2;1;1;1;2;1;1;2;2;2;2;2;1;2;1;3;3;2; ;1;1;1;4;1;4;2;1;1;3;1;1;01;52;07;52;191,267565368292
4670318;1;5;2;1;1;1;1;1;3;1; ; ;98;98; ;2;1;1;1;1;1;1;2;1;1;1;1;2;1;2;2;2;1;1;2;2;1;2;2;2; ;1;1;1;4;1;3;1;1;1;3;1;1;01;52;07;52;158,714413510926
4670319;1;7;6;1;1;1;1;1;4;1; ; ;98;700000; ;2;1;1;1;1;1;1;2;1;1;1;2;1;1;2;2;2;1;2;1;2;1;5;6;2; ;1;1;1;4;1;3;2;1;1;3;1;1;01;52;07;52;249,179183002307
4670320;1;1;1;1;1;1;1;1;4;3; ; ; ; ;200000;2;1;1;2;1;2;1;2;2;2;1;2;2;2;2;2;2;2;2;2;2;1;1;1;2; ;1;2;1;4;1;2;2;1;1;3;1;1;01;52;07;52;221,130089148647
4670321;1;7;2;1;1;1;1;1;4;1; ; ;98;600000; ;2;1;1;1;1;1;1;2;1;1;1;1;1;1;2;2;2;2;2;1;2;1;2;2;2; ;1;1;1;4;1;3;2;1;1;3;1;1;01;52;07;52;159,490712530084
4670322;1;1;1;1;1;1;1;6; ;3; ; ; ; ;250000;2;2;2;2;2;2;2;2;2;1;2;2;2;2;2;2;2;2;2;2;2;1;1;1;2; ;1;2;1;4;1;2;2;1;1;3;1;1;01;52;07;52;143,304933511673
4670323;1;5;3;1;1;1;1;1;3;1; ; ;98;600000; ;1;1;1;1;1;1;1;2;2;1;1;2;1;1;2;2;2;2;2;2;2;1;3;5;2; ;1;1;1;4;1;3;1;1;1;3;1;1;01;52;07;52;138,955654687312
4670324;1;3;2;1;1;1;1;1;4;4; ; ; ;98; ;2;1;1;2;1;2;1;2;2;1;1;1;1;2;2;2;2;2;2;1;2;1;1;2;2; ;1;2;1;4;1;3;2;1;1;3;1;1;01;52;07;52;253,58024546723
4670325;1;5;1;1;1;1;1;1;4;1; ; ;98;98; ;1;1;1;1;1;1;1;2;2;1;1;2;1;2;2;2;2;1;2;1;2;1;2;2;2; ;1;1;1;4;1;3;2;1;1;3;1;1;01;52;07;52;161,98140155631
4670326;1;3;1;1;1;1;1;1;4;1; ; ;98;500000; ;1;1;1;1;1;1;1;2;1;1;1;2;2;1;2;2;2;1;2;1;2;1;2;2;2; ;1;2;1;4;1;3;2;1;1;3;1;1;01;52;07;52;158,714413510926
4670327;1;3;3;1;1;1;1;1;4;3; ; ; ; ;550000;2;1;1;1;1;1;1;1;1;1;1;1;2;2;2;2;2;1;2;2;2;1;3;3;2; ;1;2;1;4;1;3;2;1;1;3;1;1;01;52;07;52;188,160634973978
4670329;1;4;3;1;1;1;1;1;4;1; ; ;98;400000; ;1;1;1;2;1;1;1;2;2;2;1;2;2;2;2;2;2;2;2;2;2;1;2;4;2; ;1;2;1;4;1;2;2;1;1;3;1;1;01;52;07;52;99,3511192087471
4670330;1;4;3;1;1;1;1;1;4;2; ;230000;98;400000; ;2;1;1;1;1;1;1;2;2;2;1;1;2;2;2;2;2;2;1;2;2;1;2;3;2; ;1;1;1;4;1;3;2;1;1;3;1;1;01;52;07;52;191,267565368292
4670331;1;3;1;1;1;1;1;1;4;3; ; ; ; ;600000;2;1;2;2;1;1;1;2;2;2;1;2;1;2;2;2;2;1;2;2;2;1;1;1;2; ;1;1;1;4;1;3;2;1;1;3;1;1;01;52;07;52;200,235034604018
4670332;1;3;2;1;1;1;1;1;4;1; ; ;100000000;300000; ;1;2;1;1;1;1;1;2;1;1;1;2;1;1;2;2;2;2;2;1;2;1;2;3;2; ;1;2;1;4;1;3;2;1;1;3;1;1;01;52;07;52;167,265580429349
4670333;1;1;1;1;2;1;1;2;4;3; ; ; ; ;130000;2;2;2;2;2;1;1;2;2;2;2;2;2;2;2;2;2;2;2;2;2;1;1;1;2; ;1;3;1;4;1;1;2;1;1;3;1;1;01;52;07;52;160,448605369787
4670334;1;1;1;1;1;1;1;6; ;3; ; ; ; ;80000;2;1;1;2;2;2;2;2;2;2;1;1;1;2;2;2;2;2;2;2;2;1;1;1;2; ;1;3;1;4;1;1;2;1;1;3;1;1;01;52;07;52;214,111718416747
4670335;1;1;1;1;1;1;1;2;4;3; ; ; ; ;100000;2;1;2;2;2;2;1;2;2;2;1;1;2;2;2;2;2;2;2;2;2;1;1;1;2; ;1;3;1;4;1;1;2;1;1;3;1;1;01;52;07;52;200,235034604018
4670336;1;1;1;1;1;1;1;2;4;3; ; ; ; ;100000;2;2;2;2;2;2;1;2;2;2;1;2;1;2;2;2;2;2;2;2;2;1;2;2;2; ;1;3;1;4;1;1;2;1;1;3;1;1;01;52;07;52;159,490712530084
4670337;1;1;1;1;1;1;1;2;4;3; ; ; ; ;100000;2;2;2;2;2;2;1;2;2;2;1;2;2;2;2;2;2;2;2;2;2;1;1;1;2; ;1;3;1;4;1;1;2;1;1;3;1;1;01;52;07;52;200,235034604018
4670338;1;1;1;1;1;1;1;1;4;3; ; ; ; ;180000;2;1;2;2;1;1;1;2;2;2;1;2;2;2;2;2;2;2;2;2;2;1;1;1;2; ;1;2;1;4;1;1;2;1;1;3;1;1;01;52;07;52;160,448605369787
4670339;1;2;2;1;1;1;1;1;3;1; ; ;500000000;300000; ;1;1;1;2;1;1;1;2;2;2;1;1;2;2;2;2;2;2;2;2;2;1;2;3;2; ;1;2;1;4;1;1;1;1;1;3;1;1;01;52;07;52;263,472169132339
4670340;1;1;1;1;2;1;1;2;4;3; ; ; ; ;70000;2;1;2;2;1;2;1;2;2;2;1;2;2;2;2;2;2;2;2;2;2;1;1;1;2; ;1;3;1;2;1;1;2;1;1;3;1;1;01;52;07;52;160,448605369787
4670341;1;1;1;1;1;1;1;6; ;3; ; ; ; ;100000;2;1;2;2;2;2;2;2;2;2;1;2;2;2;2;2;2;1;1;2;2;1;1;1;2; ;1;3;1;4;1;1;2;1;1;3;1;1;01;52;07;52;200,235034604018
4670342;1;1;1;1;1;1;1;6; ;3; ; ; ; ;70000;2;2;1;2;2;2;2;2;2;2;2;2;2;1;2;2;2;2;2;2;2;1;1;1;2; ;1;3;1;4;1;1;2;1;1;3;1;1;01;52;07;52;214,888017435905
4670343;1;1;1;1;1;1;1;2;4;3; ; ; ; ;130000;2;1;2;2;2;1;1;2;2;2;1;2;2;2;2;2;2;2;2;2;2;1;1;1;2; ;1;3;1;4;1;1;2;1;1;3;1;1;01;52;07;52;143,304933511673
4670344;1;4;3;1;1;1;1;1;4;3; ; ; ; ;800000;1;1;1;1;1;1;1;2;2;2;1;2;2;1;2;2;1;2;2;2;2;1;3;6;2; ;1;1;1;4;1;4;2;1;1;3;1;2;01;54;07;54;351,77648739257
4670345;1;4;2;1;1;1;1;1;4;1; ; ;60000000;400000; ;2;2;2;2;1;1;1;2;2;2;1;2;2;2;2;2;1;1;2;2;2;2; ;2;2; ;1;1;1;4;1;2;2;1;1;3;1;2;01;54;07;54;349,356858033031
4670346;1;6;3;1;1;1;1;1;4;1; ; ;99;99; ;2;1;2;1;1;1;1;1;2;2;1;2;2;1;2;2;1;1;2;2;2;1;3;3;2; ;1;2;1;4;1;4;2;1;1;3;1;2;01;54;07;54;280,207301148024
4670347;1;4;3;1;1;1;1;1;3;4; ; ; ;1000000; ;1;1;1;1;1;1;1;1;1;2;1;1;1;1;1;1;1;1;2;1;2;1;3;3;2; ;1;2;1;4;1;4;1;1;1;3;1;2;01;54;07;54;412,680129406258
4670348;1;4;1;1;1;1;1;1;3;3; ; ; ; ;99;2;1;1;1;1;1;1;2;2;2;1;2;2;1;2;2;1;2;2;2;2;1;1;1;2; ;1;2;1;4;1;4;1;1;1;3;1;2;01;54;07;54;268,01401986788
4670349;1;3;2;1;1;1;1;3;4;4; ; ; ;250000; ;2;2;2;2;1;1;1;2;2;2;1;2;2;2;2;2;1;2;2;2;2;2; ;5;2; ;1;1;1;2;1;2;2;1;1;3;1;2;01;54;07;54;426,498957802759
4670350;1;2;1;1;1;1;1;1;4;3; ; ; ; ;200000;2;2;2;2;1;1;1;2;2;2;1;2;2;2;2;2;1;2;2;2;2;1;3;3;2; ;1;1;1;2;1;2;2;1;1;3;1;2;01;54;07;54;483,020111922373
4670351;1;4;3;1;1;1;1;1;3;1; ; ;90000000;450000; ;1;1;1;1;1;1;1;2;2;2;1;2;1;1;2;2;1;1;1;2;2;1;3;4;2; ;1;1;1;4;1;3;1;1;1;3;1;2;01;54;07;54;338,342806643676
4670352;1;4;3;1;1;1;1;1;3;3; ; ; ; ;400000;2;2;2;2;1;2;1;2;2;2;1;2;1;1;2;2;1;2;1;2;2;1;3;6;2; ;1;1;1;4;1;3;1;1;1;3;1;2;01;54;07;54;300,11772533664
4670353;1;4;3;1;1;1;1;1;3;1; ; ;70000000;500000; ;2;1;2;1;1;1;1;2;2;2;1;1;1;2;2;2;1;2;2;1;2;1;3;3;2; ;1;1;1;4;1;3;1;1;1;3;1;2;01;54;07;54;332,246166003605
4670354;1;4;2;1;1;1;1;1;3;1; ; ;80000000;450000; ;1;2;1;2;1;1;1;1;2;2;1;1;1;1;2;2;1;2;1;2;2;1;2;2;2; ;1;1;1;4;1;3;1;1;1;3;1;2;01;54;07;54;311,652816280418
4670355;1;4;1;1;1;1;1;1;3;1; ; ;99;99; ;2;1;2;1;1;1;1;2;2;2;1;2;2;1;2;2;1;2;2;2;2;1;1;2;2; ;1;1;1;4;1;4;1;1;1;3;1;2;01;54;07;54;349,356858033031
4670356;1;3;1;1;1;1;1;1;3;1; ; ;70000000;350000; ;2;2;2;1;1;1;1;1;2;2;1;1;1;2;2;2;1;2;2;2;2;1;1;2;2; ;1;1;1;4;1;2;1;1;1;3;1;2;01;54;07;54;349,356858033031
4670357;1;4;3;1;1;1;1;1;3;2; ;1380000;280000000;1100000; ;2;1;1;1;1;1;1;2;2;2;1;1;2;1;2;1;1;1;2;1;2;1;2;4;2; ;1;1;1;4;1;4;1;1;1;3;1;2;01;54;07;54;804,329067102516
4670358;1;4;3;1;1;1;1;1;3;1; ; ;98;700000; ;1;1;1;1;1;1;1;2;2;2;1;2;2;1;2;1;1;2;2;1;2;1;3;4;2; ;1;1;1;4;1;4;1;1;1;3;1;2;01;54;07;54;751,769924832285
4670359;1;4;3;1;1;1;1;1;3;2; ;1620000;250000000;1000000; ;2;1;1;1;1;1;1;1;2;2;1;2;2;1;2;1;1;1;2;1;2;1;2;4;2; ;1;1;1;4;1;4;1;1;1;3;1;2;01;54;07;54;769,951377604356
4670360;1;4;3;1;1;1;1;1;3;2; ;690000;98;1000000; ;1;1;1;1;1;1;1;2;1;2;1;2;2;1;2;1;1;1;2;1;2;1;4;5;2; ;1;1;1;4;1;4;1;1;1;3;1;2;01;54;07;54;400,5111053829
4670361;1;4;2;1;1;1;1;1;3;4; ; ; ;400000; ;1;1;1;1;1;1;1;2;2;2;1;1;1;1;2;2;1;2;1;2;2;1;3;3;2; ;1;2;1;4;1;2;1;1;1;3;1;2;01;54;07;54;346,362772287068
4670362;1;1;1;1;1;1;1;2;4;4; ; ; ;200000; ;2;1;2;2;2;2;1;2;2;2;1;2;2;2;2;2;1;2;2;2;2;2; ;1;2; ;1;3;1;4;1;2;2;1;1;3;1;2;01;54;07;54;413,600199909075
4670363;1;3;2;1;1;1;1;3;3;3; ; ; ; ;250000;2;2;2;2;2;2;1;2;2;2;1;2;2;2;2;2;1;2;1;2;2;1;2;4;2; ;1;2;1;4;1;1;1;1;1;3;1;2;01;54;07;54;1171,38380062662
4670364;1;4;2;1;1;1;1;1;3;5; ; ; ;300000; ;2;2;2;2;1;1;1;2;2;2;1;2;1;2;2;2;1;1;1;2;2;1;2;2;2; ;1;2;1;4;1;2;1;1;1;3;1;2;01;54;07;54;414,509074671572
4670365;1;3;2;1;1;1;1;1;3;3; ; ; ; ;350000;2;2;2;1;1;1;1;2;2;2;1;2;2;2;2;2;1;1;1;2;2;1;2;4;2; ;1;2;1;2;1;2;1;1;1;3;1;2;01;54;07;54;388,047927267795
4670366;1;4;3;1;1;1;1;1;3;3; ; ; ; ;400000;2;1;1;1;1;1;1;2;2;2;1;2;1;1;2;2;1;1;2;1;2;1;3;3;2; ;1;2;1;4;1;2;1;1;1;3;1;2;01;54;07;54;346,362772287068
4670367;1;2;1;1;1;1;1;1;3;4; ; ; ;450000; ;2;1;2;2;1;1;1;2;2;2;1;1;2;2;2;2;1;2;1;2;2;1;1;1;2; ;1;1;1;2;1;1;1;1;1;3;1;2;01;54;07;54;827,20039981815
4670368;1;4;2;1;1;1;1;1;3;3; ; ; ; ;350000;1;2;1;1;1;1;1;1;2;2;1;2;1;1;2;2;1;2;2;2;2;1;2;3;2; ;1;2;1;2;1;2;1;1;1;3;1;2;01;54;07;54;332,246166003605
4670369;1;3;2;1;1;1;1;1;3;5; ; ; ;98; ;2;2;2;1;1;1;1;2;2;2;1;2;2;2;2;2;1;2;2;2;2;1;1;2;2; ;1;2;1;4;1;1;1;1;1;3;1;2;01;54;07;54;773,798027610995
4670370;1;2;1;1;1;1;1;1;3;3; ; ; ; ;150000;2;2;2;2;1;1;1;2;2;2;1;2;1;2;2;2;1;1;2;2;2;1;1;1;2; ;1;1;1;2;1;1;1;1;1;3;1;2;01;54;07;54;413,600199909075
4670371;1;5;3;1;1;1;1;1;3;1; ; ;80000000;300000; ;1;1;1;1;1;1;1;1;1;2;1;1;1;1;2;2;1;2;2;2;2;1;2;4;2; ;1;1;1;4;1;2;1;1;1;3;1;2;01;54;07;54;296,616139494139
4670372;1;3;3;1;1;1;1;6; ;5; ; ; ;300000; ;1;1;1;1;1;1;2;2;2;2;1;2;2;2;2;2;1;1;2;1;2;1;3;4;2; ;1;1;1;4;1;1;1;1;1;3;1;2;01;54;07;54;404,897308731114
4670373;1;4;3;1;1;1;1;1;3;1; ; ;98;300000; ;2;1;1;1;1;1;1;2;2;2;1;1;1;1;2;2;1;2;1;1;2;1;3;5;2; ;1;2;1;4;1;2;1;1;1;3;1;2;01;54;07;54;431,686723680333
4670375;1;2;2;1;1;1;1;5;4;4; ; ; ;100000; ;2;2;2;2;1;1;1;2;2;2;1;2;2;2;2;2;1;2;2;2;2;1;1;5;2; ;1;1;5;1;1;2;2;1;1;3;1;2;01;54;07;54;405,407152545218
4670376;1;2;2;1;1;1;1;1;4;3; ; ; ; ;180000;2;1;2;2;1;1;1;2;2;2;1;1;2;2;2;2;1;2;1;2;2;1;2;3;2; ;1;2;1;2;1;2;2;1;1;3;1;2;01;54;07;54;529,890139049122
4670377;1;3;2;1;1;1;1;1;4;4; ; ; ;300000; ;2;1;2;1;1;1;1;1;2;2;1;2;2;2;2;2;1;2;2;2;2;1;1;3;2; ;1;2;1;4;1;2;2;1;1;3;1;2;01;54;07;54;826,632610645797
4670378;1;4;3;1;1;1;1;1;3;1; ; ;98;200000; ;1;1;1;1;1;1;1;2;2;2;1;2;2;1;2;2;1;2;2;2;2;1;3;8;2; ;1;1;1;4;1;2;1;1;1;3;1;2;01;54;07;54;950,61165960871
4670380;1;4;2;1;1;1;1;1;3;1; ; ;98;300000; ;1;1;1;1;1;1;1;2;2;2;1;2;2;1;2;2;1;2;2;2;2;1;2;3;2; ;1;1;1;4;1;2;1;1;1;3;1;2;01;54;07;54;476,961267996972
4670382;1;3;2;1;1;1;1;1;3;3; ; ; ; ;300000;2;2;2;2;1;1;1;2;2;2;1;2;2;2;2;2;1;2;2;2;2;1;2;2;2; ;1;1;1;2;1;2;1;1;1;3;1;2;01;54;07;54;378,890243902425
4670383;1;4;3;1;1;1;1;1;3;3; ; ; ; ;300000;2;1;1;1;1;1;1;2;2;2;1;1;1;1;2;2;1;2;1;2;2;1;3;6;2; ;1;2;1;4;1;2;1;1;1;3;1;2;01;54;07;54;940,275508430594
4670384;1;3;2;1;1;1;1;1;3;3; ; ; ; ;250000;2;1;2;2;1;1;1;2;2;2;1;2;2;2;2;2;1;1;1;2;2;1;2;3;2; ;1;2;1;2;1;2;1;1;1;3;1;2;01;54;07;54;750,750237204077
4670386;1;3;2;1;1;1;1;1;4;3; ; ; ; ;400000;2;1;2;1;1;1;1;2;2;2;1;2;2;2;2;2;1;2;2;2;2;1;1;3;1;1;1;2;1;4;1;2;2;1;1;3;1;2;01;54;07;54;396,46692385958
4670387;1;3;2;1;1;1;1;1;3;1; ; ;98;300000; ;2;1;2;1;1;1;1;2;2;2;1;2;1;2;2;2;1;2;2;2;2;1;1;2;1;1;1;1;1;4;1;2;1;1;1;3;1;2;01;54;07;54;340,665162595389
4670388;1;4;1;1;1;1;1;1;3;2; ;99;99;600000; ;1;2;2;2;1;1;1;2;2;2;1;2;2;2;2;2;1;2;2;2;2;1;1;2;2; ;1;1;1;4;1;4;1;1;1;3;1;2;01;54;07;54;349,356858033031
4670389;1;3;2;1;1;1;1;1;3;3; ; ; ; ;300000;2;2;2;2;1;1;1;2;2;2;1;2;2;2;2;2;1;2;2;2;2;1;2;3;2; ;1;1;1;4;1;2;1;1;1;3;1;2;01;54;07;54;375,375118602039
4670390;1;5;3;1;1;1;1;1;3;3; ; ; ; ;800000;1;1;2;1;1;1;1;1;1;1;1;1;1;1;2;2;1;2;2;2;2;1;3;6;2; ;1;1;1;4;1;4;1;1;1;3;1;2;01;54;07;54;387,127856764978
4670391;1;4;3;1;1;1;1;1;3;1; ; ;99;900000; ;1;1;1;1;1;1;1;1;1;2;1;1;1;1;2;2;1;1;2;1;2;1;2;3;2; ;1;1;1;4;1;4;1;1;1;3;1;2;01;54;07;54;332,246166003605
4670392;1;4;1;1;1;1;1;1;3;2; ;1400000;180000000;900000; ;1;1;1;1;1;1;1;1;1;2;1;2;2;1;2;1;1;2;2;1;2;1;1;1;1;1;1;1;1;4;1;4;1;1;1;3;1;2;01;54;07;54;343,260217392959
4670393;1;4;2;1;1;1;1;1;3;1; ; ;99;99; ;2;1;1;1;1;1;1;2;2;2;1;1;1;2;2;2;1;2;1;2;2;1;1;2;2; ;1;1;1;4;1;4;1;1;1;3;1;2;01;54;07;54;377,970173399609
4670394;1;4;3;1;1;1;1;1;3;3; ; ; ; ;600000;1;1;1;1;1;1;1;1;1;2;1;1;1;1;2;2;1;2;2;1;2;1;3;5;2; ;1;1;1;4;1;4;1;1;1;3;1;2;01;54;07;54;340,65396685507
4670395;1;5;3;1;1;1;1;1;3;4; ; ; ;300000; ;1;1;1;1;1;1;1;1;2;2;1;1;2;1;2;2;2;2;2;2;2;1;3;3;2; ;1;1;1;4;1;3;1;1;1;3;1;2;01;54;07;54;200,776592245873
4670396;1;3;2;1;1;1;1;1;4;3; ; ; ; ;350000;2;1;2;2;1;1;1;2;2;2;1;1;2;2;2;2;1;2;2;2;2;1;2;5;2; ;1;2;1;4;1;3;2;1;1;3;1;2;01;54;07;54;259,820972504023
4670397;1;4;1;1;1;1;1;1;3;4; ; ; ;700000; ;1;2;2;2;1;1;1;2;2;2;2;2;2;2;2;2;1;2;2;2;2;1;1;1;2; ;1;1;1;4;1;4;1;1;1;3;1;2;01;54;07;54;268,01401986788
4670398;1;4;1;1;1;1;1;1;3;1; ; ;100000000;1000000; ;2;2;2;1;1;1;1;2;1;2;1;2;1;2;2;1;1;2;2;2;2;1;1;1;2; ;1;1;1;4;1;4;1;1;1;3;1;2;01;54;07;54;769,973769084994
4670501;1;4;3;1;1;1;1;1;3;3; ; ; ; ;430000;1;1;1;1;1;1;1;2;1;2;1;2;1;1;2;2;2;2;2;2;2;1;3;4;2; ;1;2;1;4;1;4;1;1;1;2;1;1;01;66;07;66;346,482282971329
4670502;1;4;3;1;1;1;1;1;3;3; ; ; ; ;500000;2;1;1;1;1;1;1;1;2;2;1;2;1;1;2;2;2;1;2;2;2;1;3;3;2; ;1;2;1;4;1;3;1;1;1;2;1;1;01;66;07;66;273,119088109379
4670503;1;3;2;1;1;1;1;1;3;4; ; ; ;300000; ;2;2;2;1;1;1;1;2;2;2;2;2;2;2;2;2;2;2;2;2;2;1;2;6;2; ;1;2;1;2;1;1;1;1;1;2;1;1;01;66;07;66;485,299676872777
4670504;1;3;2;1;1;1;1;1;3;1; ; ;60000000;350000; ;2;2;2;2;1;1;1;2;2;2;1;2;2;2;2;2;2;2;2;2;2;1;6;9;2; ;1;2;1;4;1;1;1;1;1;2;1;1;01;66;07;66;313,184080650114
4670505;1;1;1;1;2;1;1;6; ;3; ; ; ; ;150000;2;1;2;2;2;2;2;2;2;2;1;2;2;2;2;2;2;2;2;2;2;1;1;1;2; ;1;3;1;4;1;4;2;1;1;2;1;1;01;66;07;66;223,896605379292
4670506;1;3;2;1;1;1;1;1;3;1; ; ;50000000;400000; ;2;2;2;1;1;1;1;2;2;2;1;2;2;2;2;2;2;2;2;2;2;1;1;3;2; ;1;2;1;4;1;1;1;1;1;2;1;1;01;66;07;66;185,739690741772
4670507;1;3;2;1;1;1;1;1;3;1; ; ;42000000;400000; ;2;2;2;1;1;1;1;2;2;2;1;2;1;2;2;2;2;2;2;2;2;1;2;3;2; ;1;2;1;4;1;1;1;1;1;2;1;1;01;66;07;66;146,960706812372
4670508;1;3;2;1;1;1;1;1;3;1; ; ;98;400000; ;2;1;2;1;1;1;1;2;2;2;1;2;1;2;2;2;2;2;2;2;2;1;3;3;2; ;1;2;1;2;1;1;1;1;1;2;1;1;01;66;07;66;166,558340623967
4670509;1;1;1;1;2;1;1;6; ;3; ; ; ; ;180000;2;2;2;2;2;2;2;2;2;2;1;2;2;2;2;2;2;2;2;2;2;2; ;1;2; ;1;3;1;4;1;5;1;1;1;2;1;1;01;66;07;66;223,896605379292
4670510;1;1;1;1;2;1;1;6; ;3; ; ; ; ;150000;2;1;2;2;2;2;2;2;2;2;1;2;2;2;2;2;2;2;2;2;2;2; ;1;2; ;1;3;1;4;1;5;2;1;1;2;1;1;01;66;07;66;223,896605379292
4670511;1;1;1;1;2;1;1;6; ;3; ; ; ; ;150000;2;2;2;2;2;2;2;2;2;2;2;2;2;2;2;2;2;2;2;2;2;2; ;1;2; ;1;3;1;4;1;5;1;1;1;2;1;1;01;66;07;66;291,874574697251
4670512;1;3;2;1;1;1;1;1;3;4; ; ; ;300000; ;2;1;2;1;1;1;1;2;2;2;1;2;1;2;2;2;2;2;2;2;2;2; ;2;2; ;1;2;1;4;1;5;1;1;1;2;1;1;01;66;07;66;255,764498987224
4670513;1;4;3;1;1;1;1;1;3;1; ; ;120000;600000; ;1;1;1;1;1;1;1;2;2;2;1;2;1;1;2;2;1;1;2;1;2;1;4;4;2; ;1;2;1;4;1;2;1;1;1;2;1;1;01;66;07;66;527,435683990887
4670514;1;4;3;1;1;1;1;1;3;1; ; ;140000000;350000; ;2;1;2;1;1;1;1;1;2;2;1;1;1;1;2;2;2;2;1;2;2;1;1;4;2; ;1;2;1;2;1;2;1;1;1;2;1;1;01;66;07;66;360,251374373958
4670515;1;3;2;1;1;1;1;1;3;3; ; ; ; ;320000;2;1;1;2;1;1;1;2;2;2;1;2;2;2;2;2;2;2;2;2;2;1;2;5;2; ;1;1;1;4;1;1;1;1;1;2;1;1;01;66;07;66;344,215366111993
4670516;1;3;2;1;1;1;1;1;3;1; ; ;60000000;250000; ;2;1;2;1;1;1;1;2;2;2;1;2;1;2;2;2;2;2;2;2;2;1;1;3;2; ;1;2;1;4;1;1;1;1;1;2;1;1;01;66;07;66;185,959768673615
4670517;1;4;1;1;1;1;1;1;3;3; ; ; ; ;280000;2;1;1;1;1;1;1;1;2;2;1;2;1;2;2;2;2;2;1;2;2;1;2;2;2; ;1;1;1;4;1;1;1;1;1;2;1;1;01;66;07;66;236,583148869419
4670518;1;4;1;1;1;1;1;1;3;1; ; ;90000000;350000; ;2;1;2;1;1;1;1;2;2;2;1;2;2;2;2;2;2;2;2;2;2;1;2;2;2; ;1;2;1;2;1;1;1;1;1;2;1;1;01;66;07;66;168,60517955146
4670519;1;3;2;1;1;1;1;1;3;1; ; ;98;400000; ;1;1;1;1;1;1;1;2;2;2;1;2;1;2;2;2;2;2;2;2;2;1;3;4;2; ;1;1;1;4;1;1;1;1;1;2;1;1;01;66;07;66;146,960706812372
4670520;1;4;3;1;1;1;1;1;3;1; ; ;105000000;460000; ;1;1;1;1;1;1;1;1;2;1;1;2;2;1;2;2;2;2;1;2;2;1;4;4;2; ;1;1;1;4;1;3;1;1;1;2;1;1;01;66;07;66;126,385851068483
4670521;1;3;2;1;1;1;1;1;3;3; ; ; ; ;370000;2;1;1;1;1;1;1;2;2;2;1;2;1;1;2;2;2;2;1;2;2;1;3;3;2; ;1;2;1;2;1;1;1;1;1;2;1;1;01;66;07;66;269,331845550237
4670522;1;3;2;1;1;1;1;1;3;1; ; ;70000000;250000; ;1;1;1;1;1;1;1;2;2;2;1;2;1;1;2;2;2;2;1;2;2;1;2;2;2; ;1;2;1;4;1;1;1;1;1;2;1;1;01;66;07;66;309,229163819405
4670523;1;4;3;1;1;1;1;1;3;3; ; ; ; ;250000;2;2;2;2;1;2;1;2;2;2;1;2;1;2;2;2;2;1;2;2;2;1;2;2;2; ;1;1;1;4;1;1;1;1;1;2;1;1;01;66;07;66;255,764498987224
4670524;1;3;2;1;1;1;1;1;3;4; ; ; ;350000; ;2;1;2;1;1;1;1;2;2;2;1;2;1;2;2;2;2;2;1;2;2;1;3;3;2; ;1;2;1;4;1;2;1;1;1;2;1;1;01;66;07;66;250,150495432431
4670525;1;6;2;1;1;1;1;1;3;1; ; ;140000000;400000; ;1;1;1;1;1;1;1;1;2;2;1;2;1;1;2;2;2;2;1;2;2;1;4;4;2; ;1;1;1;4;1;2;1;1;1;2;1;1;01;66;07;66;267,285006622743
4670526;1;5;2;1;1;1;1;1;3;3; ; ; ; ;600000;1;1;1;1;1;1;1;2;2;2;1;2;2;2;2;2;2;2;2;2;2;1;1;3;1;1;1;1;1;4;1;2;1;1;1;2;1;1;01;66;07;66;284,674546579478
4670527;1;4;3;1;1;1;1;1;3;1; ; ;65000000;400000; ;2;1;2;1;1;1;1;1;2;2;2;1;1;2;2;2;2;2;2;2;2;1;2;3;2; ;1;2;1;4;1;2;1;1;1;2;1;1;01;66;07;66;258,605783623601
4670528;1;5;2;1;1;1;1;1;3;1; ; ;165000000;600000; ;1;1;1;1;1;1;1;1;2;2;1;2;1;1;2;2;1;2;2;2;2;1;2;2;1;2;1;1;1;4;1;2;1;1;1;2;1;1;01;66;07;66;328,410513937211
4670529;1;4;3;1;1;1;1;1;3;4; ; ; ;300000; ;1;1;1;2;1;1;1;2;2;2;1;2;2;2;2;2;2;2;2;2;2;1;2;3;2; ;1;1;1;4;1;2;1;1;1;2;1;1;01;66;07;66;269,331845550237
4670530;1;5;3;1;1;1;1;1;3;3; ; ; ; ;550000;1;1;1;1;1;1;1;2;2;2;1;2;1;1;2;2;2;2;1;1;2;1;3;4;2; ;1;1;1;4;1;2;1;1;1;2;1;1;01;66;07;66;267,285006622743
4670531;1;3;2;1;1;1;1;1;3;1; ; ;90000000;400000; ;2;1;2;1;1;1;1;2;2;2;1;1;1;2;2;2;2;2;2;2;2;1;2;3;2; ;1;2;1;4;1;2;1;1;1;2;1;1;01;66;07;66;234,536309941926
4670532;1;3;2;1;1;1;1;1;3;3; ; ; ; ;3000000;2;2;1;1;1;1;1;2;2;2;1;2;2;2;2;2;2;1;1;2;2;1;3;3;2; ;1;2;1;4;1;2;1;1;1;2;1;1;01;66;07;66;357,100483597621
4670533;1;4;3;1;1;1;1;1;3;3; ; ; ; ;400000;2;2;1;1;1;1;1;2;2;2;1;2;2;1;2;2;2;2;1;2;2;1;4;4;2; ;1;1;1;2;1;1;1;1;1;2;1;1;01;66;07;66;146,960706812372
4670534;1;4;2;1;1;1;1;1;3;3; ; ; ; ;350000;1;1;1;1;1;1;1;2;2;2;1;2;2;2;2;2;2;2;2;1;2;1;2;4;2; ;1;2;1;4;1;2;1;1;1;2;1;1;01;66;07;66;390,443867847919
4670535;1;3;1;1;1;1;1;1;3;3; ; ; ; ;240000;2;2;2;2;1;1;1;2;2;2;1;2;2;2;2;2;2;2;2;2;2;2; ;1;2; ;1;1;1;4;1;1;1;1;1;2;1;1;01;66;07;66;311,276002746899
4670536;1;4;2;1;1;1;1;1;3;3; ; ; ; ;350000;1;1;1;1;1;1;1;2;2;1;1;2;2;2;2;2;2;2;1;2;2;1;2;2;2; ;1;2;1;4;1;3;1;1;1;2;1;1;01;66;07;66;309,229163819405
4670537;1;5;3;1;1;1;1;1;3;3; ; ; ; ;600000;1;1;1;1;1;1;1;2;1;2;1;2;1;1;2;2;1;2;1;1;2;1;4;4;2; ;1;2;1;4;1;3;1;1;1;2;1;1;01;66;07;66;175,743240021414
4670539;1;3;1;1;1;1;1;1;4;3; ; ; ; ;600000;2;1;2;2;1;1;1;2;1;2;1;2;2;2;2;2;2;2;2;2;2;1;1;1;2; ;1;1;1;4;1;4;2;1;1;2;1;1;01;66;07;66;223,896605379292
4670540;1;6;2;1;1;1;1;1;3;4; ; ; ;1000000; ;1;1;1;1;1;1;1;1;2;1;1;1;1;2;2;2;1;2;2;2;2;1;2;3;2; ;1;1;1;4;1;3;1;1;1;2;1;1;01;66;07;66;129,192852845879
4670541;1;4;1;1;1;1;1;1;3;1; ; ;280000000;500000; ;1;1;2;2;1;1;1;2;2;2;1;2;2;2;2;2;2;2;2;2;2;1;1;1;2; ;1;1;1;4;1;3;1;1;1;2;1;1;01;66;07;66;155,638001373449
4670542;1;3;2;1;1;1;1;1;3;1; ; ;160000000;500000; ;2;1;1;1;1;1;1;1;2;2;1;2;2;1;2;2;2;2;2;2;2;1;2;3;2; ;1;2;1;4;1;3;1;1;1;2;1;1;01;66;07;66;250,150495432431
4670543;1;4;3;1;1;1;1;1;3;1; ; ;80000000;600000; ;1;1;1;1;1;1;1;2;2;2;1;2;1;1;2;2;2;1;2;1;2;1;3;4;2; ;1;2;1;4;1;3;1;1;1;2;1;1;01;66;07;66;351,486480042828
4670544;1;3;2;1;1;1;1;1;3;1; ; ;30000000;300000; ;1;1;2;1;1;1;1;2;2;2;1;2;2;2;2;2;2;2;2;2;2;1;2;4;2; ;1;1;1;4;1;1;1;1;1;2;1;1;01;66;07;66;203,094279863927
4670545;1;5;3;1;1;1;1;1;3;3; ; ; ; ;650000;1;1;1;1;1;1;1;1;2;2;1;2;1;1;2;2;2;2;1;2;2;1;3;6;2; ;1;1;1;4;1;1;1;1;1;2;1;1;01;66;07;66;305,147444386287
4670546;1;4;2;1;1;1;1;1;3;3; ; ; ; ;250000;2;2;2;1;1;2;1;2;2;2;1;1;1;1;2;2;2;2;2;2;2;1;4;5;2; ;1;1;1;4;1;1;1;1;1;2;1;1;01;66;07;66;372,628311724125
4670547;1;3;2;1;1;1;1;1;3;1; ; ;40000000;300000; ;1;1;1;2;1;2;1;1;2;2;1;1;1;1;2;2;2;1;2;2;2;1;1;3;2; ;1;1;1;2;1;1;1;1;1;2;1;1;01;66;07;66;185,739690741772
4670548;1;4;3;1;1;1;1;1;4;3; ; ; ; ;550000;2;1;1;2;1;1;1;2;2;2;1;1;2;2;2;2;2;2;2;2;2;1;3;5;2; ;1;2;1;4;1;4;2;1;1;2;1;1;01;66;07;66;468,43665014373
4670549;1;3;1;1;1;1;1;1;4;3; ; ; ; ;230000;2;1;2;2;1;1;1;2;2;2;1;2;1;2;2;2;2;1;2;2;2;1;1;3;2; ;1;2;1;4;1;1;2;1;1;2;1;1;01;66;07;66;265,764680922937
4670550;1;4;2;1;1;1;1;1;3;1; ; ;25000000;300000; ;2;1;1;1;1;1;1;2;1;2;1;1;1;2;2;2;2;2;1;2;2;1;3;3;2; ;1;2;1;2;1;1;1;1;1;2;1;1;01;66;07;66;382,372280749512
4670551;1;3;2;1;1;1;1;1;3;1; ; ;45000000;100000; ;2;2;2;2;1;1;1;2;2;2;1;2;2;2;2;2;2;2;2;2;2;1;2;2;2; ;1;2;1;2;1;1;1;1;1;2;1;1;01;66;07;66;309,229163819405
4670552;1;4;3;1;1;1;1;1;3;4; ; ; ;500000; ;1;1;1;1;1;1;1;1;2;2;1;1;1;1;2;2;2;2;1;2;2;1;3;3;2; ;1;1;1;4;1;4;1;1;1;2;1;1;01;66;07;66;357,320561529464
4670553;1;4;1;1;1;1;1;1;3;4; ; ; ;300000; ;2;1;2;1;1;1;1;2;2;2;1;2;2;2;2;2;2;2;2;2;2;1;1;2;1;2;1;1;1;4;1;2;1;1;1;2;1;1;01;66;07;66;241,251194501447
4670554;1;3;3;1;1;1;1;1;3;1; ; ;80000000;300000; ;2;1;2;1;1;1;1;2;2;2;1;2;1;2;2;2;2;2;2;2;2;1;3;5;2; ;1;2;1;4;1;2;1;1;1;2;1;1;01;66;07;66;352,45057637132
4670555;1;2;1;1;1;1;1;1;3;3; ; ; ; ;350000;2;1;1;1;1;1;1;1;2;1;1;1;1;1;2;2;2;1;1;2;2;1;1;1;2; ;1;2;1;4;1;2;1;1;1;2;1;1;01;66;07;66;291,874574697251
4670556;1;4;3;1;1;1;1;1;3;3; ; ; ; ;320000;1;1;1;1;1;1;1;2;2;2;1;1;1;1;2;2;2;1;2;1;2;1;3;3;2; ;1;2;1;4;1;2;1;1;1;2;1;1;01;66;07;66;253,717660059731
4670557;1;3;2;1;1;1;1;1;3;3; ; ; ; ;420000;2;1;1;1;1;1;1;2;2;2;1;2;1;2;2;2;2;2;1;2;2;1;2;2;2; ;1;1;1;4;1;2;1;1;1;2;1;1;01;66;07;66;255,764498987224
4670558;1;3;1;1;1;1;1;1;3;1; ; ;80000000;350000; ;2;1;2;1;1;1;1;2;2;2;1;1;1;2;2;2;1;2;2;2;2;2; ;1;2; ;1;2;1;4;1;2;1;1;1;2;1;1;01;66;07;66;311,276002746899
4670559;1;4;1;1;1;1;1;1;3;3; ; ; ; ;500000;2;2;2;1;1;1;1;2;2;2;1;1;1;1;1;2;2;1;1;2;2;1;1;2;2; ;1;2;1;4;1;3;1;1;1;2;1;1;01;66;07;66;236,583148869419
4670560;1;3;1;1;1;1;1;1;3;4; ; ; ;280000; ;2;2;2;1;1;1;1;1;2;2;1;2;1;2;2;2;2;1;2;2;2;1;1;1;2; ;1;1;1;4;1;2;1;1;1;2;1;1;01;66;07;66;291,874574697251
4670561;1;3;1;1;1;1;1;1;3;3; ; ; ; ;250000;2;1;1;1;1;1;1;2;2;2;1;2;1;1;2;2;2;2;2;2;2;1;2;2;2; ;1;2;1;4;1;2;1;1;1;2;1;1;01;66;07;66;236,583148869419
4670562;1;3;2;1;1;1;1;3;3;3; ; ; ; ;260000;2;2;2;1;1;1;1;2;2;2;1;2;2;2;2;2;2;2;1;2;2;1;2;3;2; ;1;2;1;4;1;2;1;1;1;2;1;1;01;66;07;66;182,172526114472
4670563;1;3;1;1;1;1;1;1;3;3; ; ; ; ;280000;2;1;2;1;1;1;1;2;2;2;1;2;2;2;2;2;2;2;2;2;2;1;1;2;2; ;1;2;1;4;1;2;1;1;1;2;1;1;01;66;07;66;610,883842520525
4670564;1;6;2;1;1;1;1;1;3;3; ; ; ; ;900000;2;1;1;1;1;1;1;2;2;2;1;2;1;2;2;2;2;2;2;2;2;1;1;5;2; ;1;2;1;4;1;4;1;1;1;2;1;1;01;66;07;66;325,034015994188
4670565;1;3;1;1;1;1;1;1;4;3; ; ; ; ;220000;2;2;2;2;2;2;1;2;2;2;1;2;2;2;2;2;2;2;2;2;2;2; ;1;2; ;1;2;1;4;1;2;2;1;1;2;1;1;01;66;07;66;238,629987796913
4670566;1;3;1;1;1;1;1;1;3;1; ; ;40000000;260000; ;2;1;2;1;1;1;1;1;2;2;1;1;1;2;2;2;2;2;2;2;2;1;2;2;2; ;1;1;1;2;1;1;1;1;1;2;1;1;01;66;07;66;168,60517955146
4670567;1;4;3;1;1;1;1;1;3;3; ; ; ; ;370000;2;1;1;1;1;1;1;1;2;2;1;1;1;1;2;2;2;2;2;2;2;1;3;3;2; ;1;2;1;4;1;1;1;1;1;2;1;1;01;66;07;66;400,946146318786
4670568;1;3;1;1;1;1;1;1;3;4; ; ; ;200000; ;2;2;2;1;1;1;1;2;2;2;1;2;2;2;2;2;2;2;2;2;2;1;1;1;1;2;1;1;1;4;1;1;1;1;1;2;1;1;01;66;07;66;311,276002746899
4670569;1;3;1;1;1;1;1;1;3;1; ; ;80000000;300000; ;2;2;2;1;1;1;1;2;2;2;1;2;2;2;2;2;2;2;2;2;2;1;1;1;2; ;1;1;1;4;1;2;1;1;1;2;1;1;01;66;07;66;622,552005493798
4670570;1;4;2;1;1;1;1;1;3;1; ; ;500000000;800000; ;1;1;1;1;1;1;1;2;2;1;1;2;1;1;2;2;1;2;2;2;2;1;2;2;2; ;1;2;1;4;1;4;1;1;1;2;1;1;01;66;07;66;255,984576919068
4670571;1;5;3;1;1;1;1;1;3;4; ; ; ;1000000; ;1;1;1;1;1;1;1;2;1;1;1;2;2;2;2;2;2;2;2;2;2;1;4;4;2; ;1;2;1;4;1;4;1;1;1;2;1;1;01;66;07;66;262,890128162865
4670572;1;4;3;1;1;1;1;1;3;3; ; ; ; ;370000;2;1;1;1;1;1;1;2;2;2;1;2;1;2;2;2;2;2;2;2;2;1;3;4;2; ;1;2;1;4;1;2;1;1;1;2;1;1;01;66;07;66;741,335660321266
4670573;1;5;2;1;1;1;1;1;3;1; ; ;120000000;500000; ;1;1;1;1;1;1;1;1;1;2;1;2;2;1;2;2;2;2;1;1;2;1;3;4;2; ;1;1;1;4;1;3;1;1;1;3;1;1;01;68;07;68;379,429226372082
4670574;1;5;2;1;1;1;1;1;3;3; ; ; ; ;600000;1;1;1;1;1;1;1;2;2;2;1;1;1;1;2;2;1;1;2;2;2;1;3;3;2; ;1;2;1;4;1;4;1;1;1;3;1;1;01;68;07;68;459,553429234424
4670575;1;4;3;1;1;1;1;1;3;1; ; ;550000000;1000000; ;1;1;1;1;1;1;1;1;2;2;1;2;2;2;2;2;2;2;2;1;2;1;3;4;2; ;1;1;1;4;1;4;1;1;1;3;1;1;01;68;07;68;379,429226372082
4670576;1;5;4;1;1;1;1;1;3;1; ; ;98;900000; ;1;1;1;1;1;1;1;2;1;2;1;2;2;1;2;2;1;2;1;2;2;1;4;4;2; ;1;1;1;4;1;3;1;1;1;3;1;1;01;68;07;68;444,669399590095
4670577;1;4;3;1;1;1;1;1;3;3; ; ; ; ;750000;2;1;2;1;1;1;1;1;2;2;1;1;1;1;2;2;1;2;2;2;2;1;2;3;2; ;1;1;1;4;1;3;1;1;1;3;1;1;01;68;07;68;553,099629211295
4670578;1;4;3;1;1;1;1;1;3;1; ; ;98;1000000; ;1;1;1;1;1;1;1;1;1;1;1;2;1;1;2;2;1;2;2;1;2;1;3;3;2; ;1;2;1;4;1;4;1;1;1;3;1;1;01;68;07;68;265,844372366058
4670579;1;4;2;1;1;1;1;1;3;1; ; ;70000000;500000; ;1;1;1;1;1;1;1;2;2;2;1;1;2;1;2;2;2;2;2;2;2;1;3;3;2; ;1;2;1;4;1;2;1;1;1;3;1;1;01;68;07;68;487,859455993281
4670580;1;9;5;1;1;1;1;1;3;4; ; ; ;1500000; ;1;1;1;1;1;1;1;2;1;1;1;2;1;1;2;2;1;2;2;1;2;1;5;6;2; ;1;1;1;4;1;4;1;1;1;3;1;1;01;68;07;68;585,672259778481
4670581;1;3;2;1;1;1;1;1;3;3; ; ; ; ;800000;1;1;1;1;1;1;1;2;2;2;1;1;1;1;2;2;2;2;2;2;2;1;3;3;2; ;1;2;1;4;1;4;1;1;1;3;1;1;01;68;07;68;862,427740904491
4670581;2;1;1;1;1;1;1;1;3;3; ; ; ; ;350000;1;1;1;1;1;1;1;2;2;2;1;2;1;1;2;2;2;2;2;2;2;1;1;1;2; ;2;2;1;4;1;4;1;1;1;3;1;1;01;68;07;68;862,427740904491
4670582;1;4;2;1;1;1;1;1;3;1; ; ;98;98; ;1;1;1;2;1;1;1;1;2;2;1;2;2;2;2;2;2;2;2;1;2;1;2;2;2; ;1;1;1;3;1;4;1;1;1;3;1;1;01;68;07;68;538,610520228609
4670583;1;3;2;1;2;1;1;1;3;4; ; ; ;300000; ;1;1;2;1;1;1;1;2;2;2;1;2;2;2;2;2;2;1;2;2;2;1;1;3;2; ;1;1;1;4;1;1;1;1;1;3;1;1;01;68;07;68;553,099629211295
4670584;1;4;2;1;1;1;1;1;3;3; ; ; ; ;400000;2;1;1;1;1;1;1;2;2;2;1;2;2;1;2;2;1;2;2;2;2;1;3;4;2; ;1;2;1;4;1;3;1;1;1;3;1;1;01;68;07;68;642,65991245007
4670585;1;5;1;1;1;1;1;1;3;1; ; ;98;800000; ;1;1;2;1;1;1;1;1;2;1;1;2;1;2;2;2;1;2;2;2;2;1;1;1;1;4;1;2;1;4;1;3;1;1;1;3;1;1;01;68;07;68;426,585878005594
4670585;2;1;1;1;1;1;1;6; ;3; ; ; ; ;150000;2;1;2;1;2;2;2;2;2;2;1;2;2;2;2;2;1;2;2;2;2;1;1;1;2; ;2;2;1;4;1;3;1;1;1;3;1;1;01;68;07;68;426,585878005594
4670586;1;3;1;1;1;1;1;1;4;4; ; ; ;200000; ;2;1;2;2;2;2;1;2;2;2;1;2;2;2;2;2;1;1;2;2;2;1;2;3;2; ;1;1;1;2;1;1;2;1;1;3;1;1;01;68;07;68;470,876525953479
4670587;1;5;1;1;1;1;1;1;3;1; ; ;98;500000; ;2;2;2;2;1;1;1;2;2;2;1;2;2;2;2;2;2;2;2;2;2;1;1;2;2; ;1;1;1;4;1;3;1;1;1;3;1;1;01;68;07;68;426,585878005594
4670588;1;5;4;1;1;1;1;1;3;4; ; ; ;600000; ;1;1;1;1;1;1;1;2;2;2;1;2;2;1;2;2;1;2;2;2;2;1;4;6;2; ;1;2;1;2;1;2;1;1;1;3;1;1;01;68;07;68;686,081861329228
4670589;1;4;2;1;1;1;1;1;3;3; ; ; ; ;600000;1;1;1;1;1;1;1;1;2;2;1;2;2;1;2;2;2;2;2;1;2;1;2;2;2; ;1;2;1;4;1;3;1;1;1;3;1;1;01;68;07;68;374,274601987257
4670591;1;3;2;1;1;1;1;1;4;1; ; ;98;250000; ;1;1;1;1;1;1;1;2;2;2;1;2;2;1;2;2;1;2;2;2;2;1;2;4;2; ;1;1;1;4;1;1;2;1;1;3;1;1;01;68;07;68;625,495326731335
4670593;1;4;2;1;1;1;1;1;3;3; ; ; ; ;500000;2;1;1;1;1;1;1;2;2;2;1;1;1;1;2;2;1;2;2;2;2;1;2;5;2; ;1;2;1;4;1;1;1;1;1;3;1;1;01;68;07;68;644,447547384563
4670594;1;3;2;1;1;1;1;1;4;3; ; ; ; ;220000;1;1;2;2;1;1;1;2;2;2;1;2;2;2;2;2;1;2;2;2;2;1;2;8;2; ;1;1;1;2;1;1;2;1;1;3;1;1;01;68;07;68;509,89831592513
4670595;1;3;2;1;2;1;1;3;3;3; ; ; ; ;600000;2;1;2;1;1;2;1;2;2;2;1;2;1;2;2;2;1;1;2;1;2;1;2;3;2; ;1;1;1;4;1;2;1;1;1;3;1;1;01;68;07;68;628,170803467385
4670596;1;6;1;1;1;1;1;4;3;4; ; ; ;300000; ;1;1;1;2;1;1;1;2;2;2;1;2;1;2;2;2;2;1;2;2;2;1;2;4;2; ;1;2;1;2;1;2;1;1;1;3;1;1;01;68;07;68;456,877952498374
4670597;1;3;2;1;1;1;1;1;4;5; ; ; ;200000; ;1;1;1;1;1;1;1;2;2;2;1;2;2;2;2;2;1;2;2;2;2;1;1;3;2; ;1;1;1;2;1;1;2;1;1;3;1;1;01;68;07;68;599,884098216296
4670598;1;5;4;1;1;1;1;1;3;4; ; ; ;700000; ;2;1;2;1;1;1;1;2;1;2;1;1;1;1;2;2;1;2;1;2;2;1;4;4;2; ;1;1;1;4;1;3;1;1;1;3;1;1;01;68;07;68;421,912917877705
4670599;1;1;1;1;1;1;1;1;4;3; ; ; ; ;150000;2;2;2;2;2;2;1;2;2;2;1;2;2;2;2;2;2;2;2;2;2;1;1;3;2; ;1;1;1;2;1;1;2;1;1;3;1;1;01;68;07;68;492,504223342757
4670600;1;2;1;1;1;1;1;1;4;1; ; ;98;150000; ;2;2;2;2;1;2;1;2;2;2;1;2;2;2;2;2;1;2;2;2;2;1;2;3;2; ;1;1;1;2;1;1;2;1;1;3;1;1;01;68;07;68;388,945366648876
4670601;1;4;3;1;1;1;1;1;3;2; ;1500000;80000000;500000; ;1;1;1;1;1;1;1;2;2;2;1;2;1;1;2;2;2;1;2;2;2;1;3;4;2; ;1;2;1;2;1;1;1;1;1;3;1;1;01;68;07;68;562,243586859577
4670602;1;4;3;1;1;1;1;1;3;3; ; ; ; ;400000;1;2;1;1;1;1;1;2;2;2;1;1;2;1;2;2;1;2;1;2;2;1;3;6;2; ;1;1;1;2;1;1;1;1;1;3;1;1;01;68;07;68;584,997682959633
4670603;1;4;3;1;1;1;1;1;3;3; ; ; ; ;500000;1;1;1;1;1;1;1;2;2;2;1;1;2;2;2;2;1;2;1;2;2;1;2;5;2; ;1;1;1;4;1;2;1;1;1;3;1;1;01;68;07;68;622,819849995285
4670604;1;3;2;1;1;1;1;1;3;3; ; ; ; ;330000;1;1;1;1;1;1;1;2;1;2;1;1;2;2;2;2;1;2;2;1;2;1;2;5;2; ;1;2;1;4;1;2;1;1;1;3;1;1;01;68;07;68;644,447547384563
4670605;1;3;1;1;1;1;1;1;3;3; ; ; ; ;330000;2;1;1;2;1;1;1;2;1;2;1;2;2;2;2;2;2;2;2;2;2;1;1;1;2; ;1;2;1;4;1;2;1;1;1;3;1;1;01;68;07;68;482,704831608457
4670606;1;4;3;1;1;1;1;1;3;3; ; ; ; ;650000;2;1;2;2;1;1;1;2;2;2;1;2;1;2;2;2;2;2;2;2;2;1;3;6;2; ;1;2;1;2;1;1;1;1;1;3;1;1;01;68;07;68;449,331102835005
4670607;1;3;2;1;1;1;1;1;3;3; ; ; ; ;330000;2;1;2;1;1;2;1;2;2;2;1;2;2;2;2;2;2;2;2;2;2;1;2;4;2; ;1;2;1;4;1;2;1;1;1;3;1;1;01;68;07;68;625,495326731335
4670608;1;4;3;1;1;1;1;1;3;3; ; ; ; ;550000;2;1;2;2;1;1;1;2;2;2;1;2;2;2;2;2;2;1;1;2;2;1;3;4;2; ;1;2;1;4;1;2;1;1;1;3;1;1;01;68;07;68;562,243586859577
4670609;1;3;1;1;1;1;1;3;3;3; ; ; ; ;380000;2;1;2;1;1;1;1;2;2;2;1;1;1;2;2;2;1;2;1;2;2;1;2;3;2; ;1;1;9;4;1;1;1;1;1;3;1;2;01;68;07;68;628,170803467385
4670610;1;4;2;1;1;1;1;1;3;3; ; ; ; ;100000;2;1;2;1;1;1;1;1;2;2;1;2;1;2;2;2;2;2;1;2;2;1;2;4;2; ;1;1;1;2;1;1;1;1;1;3;1;1;01;68;07;68;519,740573846185
4670611;1;5;1;1;1;1;1;1;3;3; ; ; ; ;350000;1;2;1;1;1;1;1;2;2;2;1;2;2;1;2;2;1;1;1;2;2;1;3;3;2; ;1;2;1;4;1;2;1;1;1;3;1;1;01;68;07;68;628,170803467385
4670612;1;3;2;1;1;1;1;1;3;1; ; ;98;250000; ;1;1;2;1;1;1;1;2;2;2;1;1;2;2;2;2;2;2;2;2;2;1;2;3;2; ;1;1;1;4;1;1;1;1;1;3;1;1;01;68;07;68;571,578071457438
4670613;1;7;6;1;1;1;1;1;3;4; ; ; ;900000; ;1;1;1;1;1;1;1;2;2;2;1;1;1;1;2;2;1;2;1;1;2;1;6;9;2; ;1;1;1;4;1;2;1;1;1;3;1;1;01;68;07;68;389,98265541371
4670614;1;4;3;1;1;1;1;1;3;3; ; ; ; ;600000;1;1;1;1;1;1;1;2;2;2;1;2;2;1;2;2;2;2;2;1;2;1;4;4;2; ;1;2;1;2;1;2;1;1;1;3;1;1;01;68;07;68;533,755904421787
4670615;1;8;6;1;1;1;1;1;3;1; ; ;98;98; ;2;1;1;1;1;1;1;2;2;2;1;1;1;2;2;2;1;1;2;2;2;1;3;7;2; ;1;2;1;4;1;4;1;1;1;3;1;1;01;68;07;68;706,840859649779
4670616;1;5;4;1;2;1;1;1;3;3; ; ; ; ;1200000;1;1;1;1;1;1;1;1;1;2;1;1;2;1;2;2;1;1;1;1;2;1;6;6;2; ;1;2;1;4;1;4;1;1;1;3;1;1;01;68;07;68;693,710985263401
4670616;2;1;1;1;2;1;1;6; ;3; ; ; ; ;300000;2;2;2;1;2;2;2;2;2;2;2;2;2;2;2;2;2;2;2;2;2;1;1;1;2; ;2;2;1;4;1;4;1;1;1;3;1;1;01;68;07;68;693,710985263401
4670617;1;4;2;1;1;1;1;1;3;3; ; ; ; ;600000;1;1;1;1;1;1;1;1;2;2;1;2;2;1;2;2;2;2;2;1;2;1;2;2;2; ;1;1;1;4;1;2;1;1;1;3;1;1;01;68;07;68;445,064320251738
4670618;1;5;2;1;1;1;1;1;3;1; ; ;100000000;600000; ;2;1;2;1;1;1;1;1;2;2;1;1;1;2;2;2;2;2;2;2;2;1;1;2;2; ;1;1;1;4;1;2;1;1;1;3;1;1;01;68;07;68;538,610520228609
4670619;1;4;1;1;1;1;1;1;3;1; ; ;40000000;500000; ;2;1;2;1;1;1;1;2;2;2;1;2;1;2;2;2;1;2;2;2;2;1;1;1;2; ;1;2;1;4;1;2;1;1;1;3;1;1;01;68;07;68;647,040749849809
4670620;1;2;1;1;2;1;1;1;3;3; ; ; ; ;500000;1;1;2;1;1;1;1;2;2;2;1;2;2;1;2;2;2;2;2;2;2;1;1;1;2; ;1;1;1;4;1;3;1;1;1;3;1;1;01;68;07;68;374,274601987257
4670620;2;1;1;1;2;1;1;1;3;3; ; ; ; ;260000;1;2;1;1;1;1;1;2;2;2;1;2;2;2;2;2;2;2;2;2;2;1;1;1;2; ;2;1;1;4;1;3;1;1;1;3;1;1;01;68;07;68;374,274601987257
4670621;1;4;3;1;1;1;1;1;4;4; ; ; ;250000; ;2;2;2;2;1;1;1;2;2;2;1;2;2;2;2;2;2;2;2;2;2;1;3;5;2; ;1;1;1;4;1;1;2;1;1;3;1;1;01;68;07;68;688,757338065278
4670622;1;4;3;1;1;1;1;1;4;5; ; ; ;300000; ;1;1;2;1;1;1;1;2;2;2;1;1;1;2;2;2;1;2;2;1;2;1;3;5;2; ;1;1;5;2;1;1;2;1;1;3;1;1;01;68;07;68;587,854815374616
4670623;1;4;2;1;1;1;1;1;3;4; ; ; ;400000; ;1;1;1;2;1;1;1;2;2;2;1;2;2;1;2;2;2;2;1;2;2;1;1;2;2; ;1;2;1;4;1;2;1;1;1;3;1;1;01;68;07;68;473,370347010595
4670624;1;4;3;1;1;1;1;1;3;3; ; ; ; ;600000;2;1;1;1;1;1;1;1;1;2;1;1;1;1;2;2;1;2;1;2;2;1;2;3;2; ;1;2;1;4;1;3;1;1;1;3;1;1;01;68;07;68;735,91398969879
4670625;1;4;3;1;1;1;1;1;3;3; ; ; ; ;450000;2;1;2;1;1;1;1;1;1;2;1;2;1;2;2;2;2;2;2;2;2;1;3;3;2; ;1;1;1;2;1;2;1;1;1;3;1;1;01;68;07;68;364,940117389396
4670626;1;1;1;1;1;1;1;6; ;3; ; ; ; ;500000;1;1;1;2;2;1;2;2;1;2;1;2;2;1;2;2;1;1;2;2;2;1;1;1;2; ;1;2;1;4;1;3;2;1;1;3;1;1;01;68;07;68;535,016107626794
4670627;1;8;1;1;1;1;1;1;3;1; ; ;600000000;2000000; ;1;1;1;1;1;1;1;2;2;2;1;2;2;2;2;2;1;2;2;1;2;1;1;1;2; ;1;1;1;4;1;4;1;1;1;3;1;1;01;68;07;68;535,016107626794
4670628;1;4;1;1;1;1;1;1;3;1; ; ;170000000;1200000; ;1;1;2;2;1;1;1;2;2;2;1;2;2;2;2;2;1;2;2;1;2;1;2;2;2; ;1;1;1;4;1;4;1;1;1;3;1;1;01;68;07;68;426,585878005594
4670629;1;4;1;1;1;1;1;1;3;1; ; ;95000000;450000; ;1;2;1;1;1;1;1;2;2;2;1;2;2;1;2;2;1;2;2;2;2;1;1;1;2; ;1;2;1;4;1;2;1;1;1;3;1;1;01;68;07;68;412,096769022909
4670630;1;4;3;1;1;1;1;1;3;3; ; ; ; ;750000;1;1;1;1;1;1;1;2;2;2;1;2;2;1;2;2;1;2;2;2;2;1;2;3;2; ;1;2;1;4;1;3;1;1;1;3;1;1;01;68;07;68;442,388843515688
4670631;1;3;2;1;1;1;1;1;3;3; ; ; ; ;98;2;2;2;1;1;1;1;2;2;2;1;2;2;2;2;2;2;2;2;1;2;1;1;4;2; ;1;2;1;4;1;3;1;1;1;3;1;1;01;68;07;68;590,530292110666
4670632;1;3;2;1;1;1;1;1;3;3; ; ; ; ;750000;2;1;1;1;1;1;1;2;2;2;1;2;1;2;2;2;2;2;2;2;2;1;4;4;2; ;1;2;1;4;1;4;1;1;1;3;1;1;01;68;07;68;478,52497139542
4670633;1;3;2;1;2;1;1;1;3;3; ; ; ; ;750000;2;1;1;1;1;1;1;1;2;2;1;1;2;1;2;2;1;2;2;2;2;1;2;4;2; ;1;2;1;4;1;3;1;1;1;3;1;1;01;68;07;68;425,507330479521
4670633;2;1;1;1;2;1;1;1;3;3; ; ; ; ;200000;2;2;1;2;2;2;1;2;2;2;2;2;2;2;2;2;2;2;2;2;2;1;1;1;2; ;2;2;1;4;1;3;1;1;1;3;1;1;01;68;07;68;425,507330479521
4670634;1;3;1;1;1;1;1;1;3;4; ; ; ;500000; ;2;1;2;2;1;1;1;2;2;2;1;1;2;2;2;2;1;2;2;2;2;2; ;1;2; ;1;1;1;4;1;3;1;1;1;3;1;1;01;68;07;68;474,224193896042
4670634;2;1;1;1;1;1;1;6; ;3; ; ; ; ;200000;2;1;2;2;2;2;2;2;2;2;1;2;2;2;2;2;2;2;2;2;2;2; ;1;2; ;2;1;1;4;1;3;1;1;1;3;1;1;01;68;07;68;474,224193896042
4670634;3;2;2;1;1;1;1;1;3;3; ; ; ; ;550000;1;1;1;2;1;1;1;2;1;2;1;2;2;1;2;2;2;2;2;2;2;1;2;2;2; ;3;1;1;4;1;3;1;1;1;3;1;1;01;68;07;68;474,224193896042
4670635;1;5;4;1;1;1;1;1;3;1; ; ;98;700000; ;1;1;1;1;1;1;1;2;2;2;1;2;1;2;2;2;2;2;2;2;2;1;3;6;2; ;1;1;1;4;1;3;1;1;1;3;1;1;01;68;07;68;310,625555841523
4670637;1;7;1;1;1;1;1;1;3;1; ; ;240000000;1500000; ;1;1;1;1;1;1;1;1;2;1;1;1;1;1;2;2;1;2;2;1;2;1;2;2;2; ;1;1;1;4;1;4;1;1;1;3;1;1;01;68;07;68;426,585878005594
4670638;1;2;1;1;1;1;1;1;3;3; ; ; ; ;150000;2;2;2;1;1;1;1;2;2;2;1;2;2;2;2;2;2;2;2;2;2;1;1;2;2; ;1;1;1;2;1;1;1;1;1;3;1;2;01;68;07;68;609,218582814157
4670639;1;3;2;1;1;1;1;1;3;1; ; ;25000000;250000; ;2;2;2;1;1;1;1;2;2;2;1;2;2;2;2;2;2;2;2;2;2;1;1;2;2; ;1;1;1;4;1;1;1;1;1;3;1;2;01;68;07;68;444,882664572805
4670640;1;5;2;1;1;1;1;1;3;4; ; ; ;300000; ;1;1;1;1;1;1;1;1;2;2;1;2;2;2;2;2;2;2;2;2;2;1;2;3;2; ;1;1;1;4;1;4;1;1;1;3;1;1;01;68;07;68;260,263499322054
4670640;2;2;1;1;1;1;1;1;3;3; ; ; ; ;280000;1;1;1;1;1;1;1;2;2;2;1;2;2;2;2;2;2;2;2;2;2;1;2;2;2; ;2;1;1;4;1;4;1;1;1;3;1;1;01;68;07;68;260,263499322054
4670640;3;2;1;1;1;1;1;1;3;3; ; ; ; ;300000;2;1;1;1;1;1;1;2;2;2;1;2;2;2;2;2;2;2;1;2;2;1;1;1;2; ;3;1;1;4;1;4;1;1;1;3;1;1;01;68;07;68;260,263499322054
4670640;4;2;1;1;1;1;1;1;3;3; ; ; ; ;300000;1;1;2;1;1;1;2;2;2;2;1;2;2;2;2;2;2;2;2;2;2;1;2;2;2; ;4;1;1;4;1;4;1;1;1;3;1;1;01;68;07;68;260,263499322054
4670665;1;4;2;1;1;1;1;1;4;1; ; ;120000000;700000; ;1;1;1;1;1;1;1;1;2;1;1;1;1;1;2;2;2;2;2;1;2;1;2;2;2; ;1;2;1;4;1;2;2;1;1;3;1;1;01;73;07;73;312,04118275261
4670666;1;3;2;1;1;1;1;1;3;1; ; ;98;98; ;1;1;2;2;1;2;1;2;2;2;1;2;2;2;2;2;2;2;2;2;2;2; ;2;2; ;1;2;1;4;1;2;1;1;1;3;1;1;01;73;07;73;311,098052008148
4670667;1;3;1;1;2;4;1;1;4;1; ; ;30000000;50000; ;2;2;2;1;1;1;1;2;2;2;1;1;2;2;2;2;2;2;2;2;2;1;2;2;2; ;1;4;1;4;1;1;2;1;2; ;1;2;01;73;07;73;249,562895331605
4670668;1;3;1;1;1;4;1;1;3;3; ; ; ; ;200000;2;1;2;2;1;1;1;2;2;2;1;2;2;2;2;2;2;1;2;2;2;1;1;6;2; ;1;2;1;2;1;1;1;1;1;3;1;1;01;73;07;73;439,502534415304
4670669;1;2;1;1;1;1;1;1;4;3; ; ; ; ;100000;2;1;2;2;1;1;1;2;2;2;1;1;1;2;2;2;2;2;2;2;2;1;2;2;2; ;1;2;1;2;1;1;2;1;1;3;1;1;01;73;07;73;249,562895331605
4670670;1;3;1;1;1;1;1;1;3;3; ; ; ; ;600000;2;1;1;1;1;1;1;1;2;2;1;2;2;2;2;2;2;2;2;2;2;1;1;1;2; ;1;2;1;4;1;4;1;1;1;2;1;1;01;73;07;73;231,380335153257
4670671;1;5;3;1;1;1;1;1;3;1; ; ;200000000;1200000; ;2;2;2;1;1;1;1;2;2;2;1;2;2;2;2;2;2;2;2;2;2;1;2;3;2; ;1;1;1;4;1;4;1;1;1;3;1;2;01;73;07;73;267,745455509953
4670672;1;4;2;1;1;1;1;1;3;1; ; ;260000000;1200000; ;1;1;1;1;1;1;1;1;2;1;1;2;1;1;1;2;1;2;2;1;2;1;2;2;2; ;1;1;1;4;1;4;1;1;1;3;1;1;01;73;07;73;149,118685915717
4670673;1;3;2;1;1;1;1;1;3;3; ; ; ; ;4000000;2;1;2;2;1;2;1;1;2;2;1;2;2;2;2;2;2;2;2;2;2;2; ;6;2; ;1;2;1;4;1;1;1;1;1;3;1;1;01;73;07;73;429,67992245469
4670674;1;3;2;1;1;1;1;1;3;3; ; ; ; ;300000;2;1;2;1;2;1;1;1;2;2;1;1;2;2;2;2;2;2;1;2;2;1;2;4;2; ;1;2;1;4;1;2;1;1;1;3;1;1;01;73;07;73;299,533947696347
4670675;1;4;2;1;1;1;1;1;3;3; ; ; ; ;450000;2;1;2;2;1;1;1;2;2;2;1;1;2;1;2;2;2;1;1;2;2;1;2;4;2; ;1;2;1;4;1;2;1;1;1;3;1;1;01;73;07;73;332,105541480943
4670676;1;2;1;1;1;1;1;1;3;1; ; ;80000000;400000; ;1;2;1;2;1;1;1;2;2;2;1;2;2;1;2;2;1;1;2;2;2;1;1;1;1;1;1;1;1;2;1;2;1;1;1;3;1;1;01;73;07;73;190,349180721988
4670677;1;5;1;1;1;1;1;1;3;1; ; ;100000000;400000; ;1;2;2;2;1;1;1;2;2;2;1;1;1;2;1;2;1;1;2;2;2;1;1;2;2; ;1;2;1;4;1;2;1;1;1;3;1;1;01;73;07;73;208,531740900336
4670678;1;3;2;1;1;1;1;1;3;3; ; ; ; ;450000;1;1;1;1;1;1;1;2;2;2;1;2;2;1;2;2;2;2;1;2;2;1;4;4;2; ;1;2;1;4;1;1;1;1;1;2;1;1;01;73;07;73;265,317872287127
4670679;1;3;2;1;1;1;1;1;3;4; ; ; ;200000; ;2;1;2;1;1;1;1;2;2;2;1;2;1;2;2;2;2;1;1;2;2;1;2;2;2; ;1;1;1;4;1;2;1;1;1;3;1;1;01;73;07;73;224,708548546583
4670680;1;2;1;1;1;1;1;1;3;3; ; ; ; ;110000;2;1;2;2;1;2;1;2;2;2;1;2;1;2;2;2;1;2;2;2;2;1;1;1;2; ;1;2;1;2;1;2;1;1;1;3;1;1;01;73;07;73;290,793390137876
4670681;1;1;1;1;1;1;1;1;3;4; ; ; ;200000; ;2;1;2;2;1;2;1;2;2;2;1;2;2;2;2;2;2;2;2;2;2;2; ;2;2; ;1;1;1;2;1;1;1;1;1;2;1;1;01;73;07;73;249,562895331605
4670682;1;4;2;1;1;1;1;1;3;3; ; ; ; ;300000;2;2;2;2;1;1;1;2;2;2;1;1;1;2;2;2;1;2;2;2;2;1;3;3;1;1;1;1;1;4;1;2;1;1;1;3;1;1;01;73;07;73;264,473228991591
4670683;1;5;4;1;1;1;1;1;3;1; ; ;98;350000; ;1;1;1;1;1;1;1;1;2;2;1;2;2;2;2;2;1;2;2;2;2;1;3;5;2; ;1;2;1;4;1;2;1;1;1;3;1;1;01;73;07;73;258,303452890076
4670684;1;3;2;1;1;1;1;1;3;3; ; ; ; ;350000;1;1;1;1;1;1;1;2;2;2;1;2;1;2;2;2;2;1;2;2;2;1;3;4;2; ;1;2;1;4;1;2;1;1;1;3;1;1;01;73;07;73;163,694691923777
4670685;1;4;2;1;1;1;1;1;3;3; ; ; ; ;280000;2;1;2;1;1;1;1;2;2;2;1;2;1;2;2;2;2;2;2;2;2;1;4;4;2; ;1;2;1;2;1;2;1;1;1;3;1;2;01;73;07;73;265,317872287127
4670686;1;3;2;1;1;1;1;1;3;1; ; ;70000000;400000; ;2;1;1;1;1;1;1;2;2;2;1;1;1;2;2;2;2;1;1;2;2;1;3;3;2; ;1;2;1;4;1;2;1;1;1;3;1;2;01;73;07;73;245,956341161317
4670687;1;2;1;1;1;1;1;1;3;3; ; ; ; ;200000;1;1;1;1;1;1;1;2;2;2;1;2;2;2;2;2;2;2;2;1;1;1;2;2;2; ;1;2;1;2;1;2;1;1;1;3;1;1;01;73;07;73;208,531740900336
4670688;1;1;1;1;1;1;1;1;3;3; ; ; ; ;150000;2;2;2;2;1;2;1;1;2;2;1;2;2;2;2;2;2;2;2;2;2;1;1;1;2; ;1;4;1;4;1;2;1;1;1;3;1;1;01;73;07;73;292,9154918298
4670689;1;5;3;1;1;1;1;1;3;3; ; ; ; ;250000;1;1;1;1;1;1;1;2;2;2;1;1;1;1;2;2;2;1;1;2;2;1;2;4;2; ;1;2;1;4;1;2;1;1;1;3;1;1;01;73;07;73;300,477078440809
4670690;1;3;2;1;1;1;1;1;3;3; ; ; ; ;380000;2;1;2;2;2;1;1;2;2;2;1;1;1;2;2;2;2;1;2;1;2;1;4;7;2; ;1;2;1;2;1;2;1;1;1;3;1;1;01;73;07;73;345,214256405379
4670691;1;3;2;1;1;1;1;1;3;3; ; ; ; ;380000;2;1;2;1;1;1;1;2;2;2;1;1;2;1;2;2;2;1;1;2;2;1;4;4;2; ;1;2;1;4;1;2;1;1;1;3;1;1;01;73;07;73;300,477078440809
4670692;1;5;3;1;1;1;1;1;3;1; ; ;130000000;450000; ;1;1;1;1;1;1;1;2;1;2;1;1;1;1;2;2;2;1;1;2;2;1;3;3;2; ;1;1;1;4;1;2;1;1;1;3;1;2;01;73;07;73;169,423347785989
4670693;1;4;3;1;1;1;1;1;3;1; ; ;70000000;500000; ;1;1;1;1;1;1;1;2;2;2;1;2;1;1;2;2;2;1;2;2;2;1;2;7;2; ;1;1;1;4;1;2;1;1;1;3;1;1;01;73;07;73;329,362268723293
4670694;1;5;2;1;1;1;1;1;3;3; ; ; ; ;500000;2;2;2;1;1;1;1;1;2;1;1;2;2;1;2;2;1;2;1;2;2;1;2;3;2; ;1;2;1;4;1;3;1;1;1;3;1;1;01;73;07;73;277,584804201451
4670695;1;4;3;1;1;1;1;1;3;1; ; ;250000000;600000; ;1;1;1;1;1;1;1;2;1;2;1;1;1;1;2;2;2;1;2;2;2;1;3;3;2; ;1;1;1;4;1;3;1;1;1;3;1;1;01;73;07;73;286,987495592587
4670696;1;5;2;1;1;1;1;1;3;1; ; ;100000000;400000; ;1;1;1;2;1;1;1;2;2;2;1;1;1;1;2;2;2;1;2;2;2;1;3;3;2; ;1;1;1;4;1;3;1;1;1;3;1;1;01;73;07;73;228,836402770608
4670697;1;3;2;1;1;1;1;1;3;3; ; ; ; ;600000;2;1;2;1;1;1;1;1;2;2;1;1;1;2;2;2;2;1;1;2;2;1;2;3;2; ;1;1;1;4;1;3;1;1;1;3;1;1;01;73;07;73;201,994941570586
4670698;1;5;3;1;1;1;1;1;3;4; ; ; ;800000; ;1;1;1;1;1;1;1;1;1;2;1;1;1;1;2;2;2;1;2;1;2;1;3;3;2; ;1;1;1;4;1;3;1;1;1;3;1;1;01;73;07;73;286,987495592587
4670699;1;4;1;1;1;1;1;1;3;1; ; ;180000000;800000; ;1;1;1;1;1;1;1;1;2;2;1;1;1;1;2;2;2;2;2;2;2;1;1;1;2; ;1;1;1;4;1;3;1;1;1;3;1;1;01;73;07;73;231,380335153257
4670700;1;5;4;1;1;1;1;1;3;1; ; ;150000000;750000; ;2;1;1;1;1;1;1;1;2;2;1;2;1;1;2;2;1;1;1;1;2;1;3;4;2; ;1;1;1;4;1;3;1;1;1;3;1;1;01;73;07;73;280,315708985912
4670701;1;5;3;1;1;1;1;1;3;2; ;970000;200000000;700000; ;1;1;1;1;1;1;1;2;1;2;1;1;1;1;2;2;2;1;1;2;2;1;3;4;2; ;1;1;1;4;1;3;1;1;1;3;1;1;01;73;07;73;182,912930634212
4670702;1;5;2;1;1;1;10;3;3;3; ; ; ; ;600000;1;1;1;1;1;1;1;2;1;2;1;1;1;1;2;2;2;1;2;1;2;1;2;3;2; ;1;1;1;4;1;3;1;1;1;3;1;2;01;73;07;73;279,229285826074
4670703;1;4;3;1;1;1;1;1;3;1; ; ;98;600000; ;1;1;1;1;1;1;1;1;2;2;1;2;1;2;2;2;2;1;2;2;2;1;3;4;2; ;1;1;1;4;1;3;1;1;1;3;1;1;01;73;07;73;295,7673643798
4670704;1;7;6;1;1;1;1;1;3;1; ; ;180000000;800000; ;1;1;1;1;1;1;1;1;2;2;1;2;2;1;2;2;1;2;2;2;2;1;6;6;2; ;1;1;1;4;1;2;1;1;1;3;1;1;01;73;07;73;142,768858987779
4670705;1;5;1;1;1;1;1;1;4;1; ; ;300000000;5000000; ;2;1;1;1;1;1;1;2;1;2;1;2;1;1;2;2;1;2;2;1;2;1;2;2;2; ;1;1;1;4;1;5;2;1;1;3;1;1;01;73;07;73;124,781447665803
4670706;1;5;3;1;1;1;1;1;3;1; ; ;500000000;1200000; ;1;1;1;1;1;1;1;2;1;2;1;1;1;1;2;2;1;1;2;1;2;1;3;4;2; ;1;1;1;4;1;5;1;1;1;3;1;1;01;73;07;73;149,416298408093
4670707;1;5;2;1;1;1;1;1;3;2; ;1600000;98;500000; ;1;1;1;1;1;1;1;2;2;2;1;1;1;2;2;2;2;2;1;2;2;1;2;4;2; ;1;1;1;4;1;2;1;1;1;3;1;1;01;73;07;73;318,281630980795
4670708;1;3;2;1;1;1;1;1;3;3; ; ; ; ;400000;2;2;2;1;1;1;1;2;2;2;1;1;1;2;2;2;2;2;2;1;2;1;2;2;2; ;1;1;1;4;1;2;1;1;1;3;1;1;01;73;07;73;211,596973336722
4670709;1;4;1;1;1;1;1;2;3;1; ; ;150000000;500000; ;2;2;2;2;1;1;1;1;2;2;1;2;1;2;2;2;2;2;2;2;2;1;2;2;2; ;1;1;1;4;1;2;1;1;1;3;1;1;01;73;07;73;249,562895331605
4670710;1;3;1;1;1;1;1;1;3;1; ; ;120000000;400000; ;1;1;1;1;1;1;1;2;2;2;1;1;1;1;2;2;1;2;2;2;2;1;1;1;2; ;1;1;1;4;1;2;1;1;1;3;1;1;01;73;07;73;231,380335153257
4670711;1;4;3;1;1;1;1;1;3;3; ; ; ; ;450000;1;1;1;1;1;1;1;1;2;2;1;2;1;1;2;2;2;2;2;2;2;1;2;5;2; ;1;1;1;4;1;2;1;1;1;3;1;1;01;73;07;73;371,870221925952
4670713;1;4;2;1;1;1;1;1;3;1; ; ;98;1000000; ;1;1;1;1;1;1;1;2;2;2;1;2;2;1;2;2;2;2;2;2;2;1;3;3;1;1;1;2;1;4;1;3;1;1;1;3;1;1;01;73;07;73;136,305414979764
4670714;1;2;1;1;1;1;1;1;3;3; ; ; ; ;445000;2;2;2;1;1;1;1;1;2;2;1;1;2;2;2;2;1;2;2;2;2;1;1;5;2; ;1;2;1;4;1;3;1;1;1;3;1;1;01;73;07;73;383,337315511189
4670715;1;3;2;1;1;1;1;3;4;3; ; ; ; ;400000;2;2;2;1;1;2;1;2;2;2;1;2;2;2;2;2;2;1;2;2;2;1;1;5;2; ;1;2;1;4;1;3;2;1;1;3;1;1;01;73;07;73;427,657433191704
4670716;1;4;3;1;1;1;1;1;3;4; ; ; ;700000; ;1;1;1;1;1;1;1;2;2;2;1;2;2;1;2;2;1;2;2;2;2;1;2;3;2; ;1;2;1;3;1;2;1;1;1;3;1;2;01;73;07;73;231,901635206994
4670717;1;3;2;1;1;1;1;1;3;3; ; ; ; ;350000;2;1;2;1;1;1;1;1;2;2;1;2;2;2;2;2;2;2;2;2;2;1;2;3;2; ;1;2;1;4;1;2;1;1;1;3;1;1;01;73;07;73;277,584804201451
4670718;1;4;2;1;1;1;1;1;3;3; ; ; ; ;600000;2;1;1;1;1;1;1;1;2;2;1;2;1;1;2;2;1;1;1;1;2;1;2;3;2; ;1;1;1;4;1;2;1;1;1;3;1;1;01;73;07;73;277,584804201451
4670719;1;3;2;1;1;1;1;1;3;1; ; ;80000000;400000; ;2;1;2;2;1;1;1;2;2;2;1;2;2;2;2;2;2;2;2;2;2;1;2;3;2; ;1;2;1;4;1;2;1;1;1;3;1;1;01;73;07;73;286,987495592587
4670720;1;3;2;1;1;1;1;1;3;3; ; ; ; ;200000;2;1;2;1;1;1;1;2;2;2;1;2;1;2;2;2;2;1;2;2;2;1;2;3;2; ;1;2;1;4;1;2;1;1;1;3;1;1;01;73;07;73;277,584804201451
4670721;1;3;2;1;1;1;1;1;3;3; ; ; ; ;400000;1;1;1;1;1;1;1;1;1;2;1;1;1;1;2;2;1;1;2;2;2;2; ;2;2; ;1;2;1;4;1;2;1;1;1;3;1;1;01;73;07;73;243,225436376856
4670722;1;2;2;1;1;1;1;1;1;3; ; ; ; ;300000;2;1;2;2;1;2;1;2;2;2;1;1;1;2;2;2;1;2;2;2;2;1;2;2;2; ;1;4;1;4;1;2;1;1;1;3;1;1;01;73;07;73;341,329565608717
4670723;1;3;2;1;1;1;1;1;3;3; ; ; ; ;740000;2;1;2;1;1;1;1;1;2;2;1;2;2;2;2;2;2;2;2;2;2;1;2;2;2; ;1;2;1;4;1;3;1;1;1;2;1;1;01;73;07;73;149,118685915717
4670724;1;4;2;1;1;1;1;1;3;3; ; ; ; ;600000;1;1;1;1;1;1;1;1;1;2;1;1;1;1;2;2;1;2;2;1;2;1;3;4;2; ;1;2;1;4;1;3;1;1;1;3;1;1;01;73;07;73;236,354309395181
4670725;1;2;1;1;1;1;1;1;4;6;PROTOCOLIZACION; ; ;350000; ;2;2;2;2;1;1;1;2;2;2;2;2;2;2;2;2;2;1;2;2;2;1;2;2;2; ;1;1;5;2;1;1;2;1;1;3;1;1;01;76;07;76;808,064183975969
4670726;1;3;2;1;1;1;1;1;3;1; ; ;98;300000; ;2;1;2;2;1;1;1;2;2;2;2;2;1;2;2;2;2;1;2;2;2;1;3;3;2; ;1;1;1;2;1;1;1;1;1;3;1;2;01;76;07;76;984,806402445314
4670727;1;3;2;1;1;1;1;1;4;3; ; ; ; ;150000;1;1;1;2;1;1;1;2;2;2;1;2;2;2;2;2;2;2;2;2;2;1;2;3;2; ;1;2;1;2;1;2;2;1;1;3;1;1;01;76;07;76;1076,77258158061
4670728;1;4;3;1;1;1;1;1;3;1; ; ;100000000;350000; ;1;1;1;1;1;1;1;2;2;2;1;2;1;2;2;2;2;1;2;2;2;1;3;5;2; ;1;2;1;4;1;2;1;1;1;3;1;1;01;76;07;76;1619,49091302697
4670729;1;2;1;1;1;1;1;1;1;3; ; ; ; ;340000;2;2;2;2;1;1;1;2;2;2;1;2;1;2;2;2;1;2;1;2;2;1;1;1;2; ;1;2;1;4;1;3;2;1;1;3;1;1;01;76;07;76;1214,18319139635
4670730;1;4;3;1;1;1;1;1;3;1; ; ;98;500000; ;1;1;1;1;1;1;1;1;1;2;1;2;1;1;2;2;1;1;1;1;2;1;4;4;2; ;1;2;1;4;1;2;1;1;1;3;1;1;01;76;07;76;601,172929666605
4670731;1;5;3;1;1;1;1;1;3;4; ; ; ;1000000; ;1;1;1;1;1;1;1;1;1;1;1;1;1;1;1;1;2;2;2;1;2;1;3;3;2; ;1;1;1;4;1;5;1;1;1;3;1;1;01;76;07;76;757,788827011796
4670732;1;5;4;1;1;1;1;1;3;3; ; ; ; ;700000;1;1;1;1;1;1;1;2;2;2;1;1;1;1;2;2;2;1;1;2;2;1;2;7;2; ;1;2;1;4;1;2;1;1;1;3;1;1;01;76;07;76;546,245579019917
4670733;1;4;3;1;1;1;1;1;3;3; ; ; ; ;650000;1;1;1;1;1;1;1;2;2;2;1;2;2;1;2;2;1;2;2;1;2;1;3;5;2; ;1;2;1;4;1;2;1;1;1;3;1;1;01;76;07;76;855,502386710857
4670734;1;6;2;1;1;1;1;1;3;4; ; ; ;500000; ;1;1;1;1;1;1;1;1;2;2;1;1;1;1;2;2;1;1;1;1;2;1;3;3;2; ;1;2;1;4;1;2;1;1;1;3;1;1;01;76;07;76;1261,62139413124
4670734;2;1;1;1;1;1;1;6; ;3; ; ; ; ;200000;2;2;2;2;2;2;2;2;2;2;2;2;2;2;2;2;2;2;1;2;2;1;1;1;2; ;2;2;1;4;1;2;1;1;1;3;1;1;01;76;07;76;1261,62139413124
4670735;1;5;1;1;1;1;1;1;3;1; ; ;98;98; ;1;1;1;1;1;1;1;1;1;2;1;1;1;1;2;2;1;1;1;1;2;1;2;3;2; ;1;1;1;4;1;5;1;1;1;3;1;1;01;76;07;76;1280,02186012746
4670736;1;5;2;1;1;1;1;1;3;1; ; ;99;900000; ;2;1;1;1;1;1;1;2;1;2;1;1;2;1;2;2;2;1;2;1;2;1;2;2;2; ;1;2;1;4;1;5;1;1;1;3;1;1;01;76;07;76;1082,23147275109
4670737;1;3;1;1;1;1;1;1;3;1; ; ;99;550000; ;1;1;1;1;1;1;1;2;2;2;1;2;2;2;2;2;2;2;2;1;2;1;3;3;2; ;1;2;1;4;1;2;1;1;1;3;1;1;01;76;07;76;971,327923012853
4670738;1;6;4;1;1;1;1;1;3;3; ; ; ; ;1400000;1;1;1;1;1;1;1;1;2;2;1;1;1;2;2;2;1;2;2;2;2;1;4;4;2; ;1;1;1;4;1;5;1;1;1;3;1;1;01;76;07;76;896,303288737544
4670739;1;2;1;1;1;1;1;1;3;3; ; ; ; ;750000;1;2;1;1;1;1;1;1;1;1;1;1;2;1;2;2;1;1;2;2;2;1;2;2;2; ;1;2;1;5;1;6;1;1;1;3;1;1;01;76;07;76;1135,62764593935
4670740;1;6;1;1;1;1;1;1;3;1; ; ;220000000;1500000; ;2;1;1;1;1;1;1;1;1;1;1;1;1;1;2;1;1;2;2;1;2;1;1;1;1;1;1;2;1;5;1;6;1;1;1;3;1;1;01;76;07;76;915,351723921305
4670741;1;4;1;1;1;1;1;1;3;1; ; ;35000000;300000; ;1;1;2;1;1;1;1;2;2;2;1;1;1;2;2;2;2;2;2;2;2;1;1;1;2; ;1;1;1;4;1;1;1;1;1;3;1;1;01;76;07;76;915,351723921305
4670742;1;5;3;1;1;1;1;1;3;1; ; ;98;500000; ;1;1;2;1;1;1;1;1;2;2;1;2;1;2;2;2;1;1;2;1;2;1;2;3;2; ;1;2;1;4;1;2;1;1;1;3;1;1;01;76;07;76;742,514004638145
4670743;1;4;1;1;1;1;1;1;3;4; ; ; ;1000000; ;1;1;1;1;1;1;1;1;2;2;1;2;1;2;2;2;2;2;2;2;2;2; ;1;2; ;1;2;1;5;1;6;1;1;1;3;1;1;01;76;07;76;915,351723921305
4670744;1;4;3;1;1;1;1;1;3;3; ; ; ; ;350000;2;1;2;2;2;1;1;2;2;2;1;2;2;2;2;2;2;2;2;2;2;1;1;4;2; ;1;2;1;2;1;1;1;1;1;3;1;1;01;76;07;76;1325,24359348028
4670745;1;5;4;1;1;1;1;1;3;1; ; ;80000000;800000; ;1;1;1;1;1;1;1;1;1;2;1;1;1;1;1;2;1;2;2;1;2;1;4;6;2; ;1;1;1;4;1;2;1;1;1;3;1;1;01;76;07;76;1028,6285953873
4670746;1;3;2;1;1;1;1;1;3;3; ; ; ; ;230000;1;1;1;1;1;1;1;1;2;2;1;1;1;1;2;2;2;1;1;2;2;1;2;5;2; ;1;1;1;2;1;1;1;1;1;3;1;1;01;76;07;76;1387,14608347057
4670747;1;4;2;1;1;1;1;1;3;4; ; ; ;500000; ;2;1;1;2;1;1;1;2;1;2;1;1;1;1;2;2;1;2;2;2;2;1;2;2;2; ;1;2;1;4;1;2;1;1;1;3;1;1;01;76;07;76;840,412188257205
4670748;1;3;1;1;1;1;1;1;3;1; ; ;45000000;250000; ;2;1;2;1;1;1;1;2;2;2;1;2;2;2;2;2;2;2;2;2;2;1;1;1;2; ;1;2;1;4;1;1;1;1;1;3;1;1;01;76;07;76;915,351723921305
4670749;1;5;2;1;1;1;1;1;1;1; ; ;100000000;500000; ;1;1;2;1;1;1;1;2;2;1;1;2;1;2;2;2;2;2;2;2;2;1;1;1;2; ;1;1;1;4;1;3;2;1;1;3;1;1;01;76;07;76;915,351723921305
4670750;1;4;2;1;1;1;1;1;3;1; ; ;120000000;600000; ;1;1;1;1;1;1;1;2;2;2;1;2;1;1;2;2;2;2;2;2;2;1;2;3;2; ;1;1;1;4;1;3;1;1;1;3;1;1;01;76;07;76;729,508638518969
4670751;1;5;2;1;1;1;1;1;3;1; ; ;60000000;350000; ;1;1;1;1;1;1;1;1;1;2;1;1;1;1;2;2;2;1;1;1;2;1;2;2;2; ;1;2;1;4;1;2;1;1;1;3;1;1;01;76;07;76;1116,75812109058
4670752;1;5;1;1;1;1;1;1;3;1; ; ;100000000;650000; ;1;1;1;1;1;1;1;1;1;1;1;1;1;1;1;2;2;2;2;1;2;1;2;2;2; ;1;1;1;4;1;3;1;1;1;3;1;1;01;76;07;76;808,064183975969
4670753;1;4;3;1;1;1;1;1;3;1; ; ;100000000;350000; ;2;1;1;1;1;1;1;2;2;2;1;2;1;1;2;2;2;2;2;1;2;1;2;4;2; ;1;2;1;4;1;1;1;1;1;3;1;1;01;76;07;76;695,854657466872
4670754;1;5;3;1;1;1;1;1;3;1; ; ;160000000;600000; ;1;1;1;1;1;1;1;1;2;2;1;1;1;1;2;2;2;1;2;1;2;1;2;4;2; ;1;1;1;4;1;3;1;1;1;3;1;1;01;76;07;76;1242,75186928247
4670755;1;5;2;1;1;1;1;1;1;1; ; ;98;350000; ;1;1;1;1;1;1;1;2;2;2;1;2;1;1;2;2;2;2;2;1;2;1;3;3;2; ;1;1;1;4;1;3;2;1;1;3;1;1;01;76;07;76;971,327923012853
4670756;1;3;1;1;1;1;1;1;3;1; ; ;98;200000; ;1;1;2;2;1;2;1;2;2;2;1;2;2;2;2;2;2;2;2;2;2;1;1;2;2; ;1;2;1;4;1;1;1;1;1;3;1;1;01;76;07;76;808,064183975969
4670757;1;4;1;1;1;1;1;1;3;1; ; ;70000000;300000; ;1;1;2;1;1;1;1;1;2;2;1;2;1;2;2;2;2;1;2;2;2;1;2;2;2; ;1;2;1;4;1;1;1;1;1;3;1;1;01;76;07;76;808,064183975969
4670758;1;4;1;1;1;1;1;6; ;1; ; ;170000000;1000000; ;2;1;2;1;1;2;1;2;2;2;1;1;1;2;2;2;1;2;2;2;2;2; ;1;2; ;1;2;1;4;1;3;1;1;1;3;1;1;01;76;07;76;943,631912414132
4670759;1;3;1;1;1;1;1;1;3;4; ; ; ;400000; ;2;1;2;1;1;2;1;1;2;2;1;2;2;2;2;2;2;2;2;2;2;1;1;4;2; ;1;2;1;4;1;3;1;1;1;3;1;1;01;76;07;76;1182,59678982169
4670760;1;3;1;1;1;1;1;1;3;3; ; ; ; ;250000;2;1;1;2;1;1;1;2;2;2;1;1;2;1;2;2;2;1;2;2;2;1;1;1;2; ;1;2;1;4;1;1;1;1;1;3;1;1;01;76;07;76;1214,18319139635
4670761;1;3;2;1;1;1;1;1;3;3; ; ; ; ;400000;2;1;1;1;1;1;1;2;2;2;1;2;2;2;2;2;1;1;1;2;2;1;3;3;2; ;1;2;1;4;1;3;1;1;1;3;1;1;01;76;07;76;1098,35765509436
4670762;1;2;1;1;1;1;1;6; ;4; ; ; ;450000; ;2;1;2;1;1;1;2;2;2;2;1;1;2;2;2;2;1;2;1;2;2;1;2;2;2; ;1;2;1;4;1;3;1;1;1;3;1;1;01;76;07;76;1078,61546295819
4670763;1;3;2;1;1;1;1;1;3;3; ; ; ; ;300000;2;1;2;1;1;1;1;2;2;2;1;1;2;2;2;2;1;1;2;2;2;1;2;3;2; ;1;2;1;4;1;3;1;1;1;3;1;1;01;76;07;76;1280,02186012746
4671094;1;3;2;1;1;1;1;1;4;3; ; ; ; ;230000;2;2;1;2;1;1;1;2;2;2;1;2;2;1;2;2;2;2;2;2;2;1;1;4;2; ;1;2;1;4;1;2;2;1;1;2;1;1;01;05;07;05;1697,87226053489
4671095;1;5;4;1;1;1;1;1;3;4; ; ; ;500000; ;1;1;1;1;1;1;1;1;1;2;1;1;1;1;2;2;2;1;1;2;2;1;5;8;2; ;1;2;1;4;1;2;1;1;1;2;1;1;01;05;07;05;1681,71186213079
4671096;1;3;2;1;1;1;1;1;4;1; ; ;45000000;400000; ;1;1;1;1;1;1;1;1;2;2;1;1;1;1;2;2;2;2;1;2;2;1;3;4;2; ;1;2;1;4;1;1;2;1;1;2;1;1;01;05;07;05;1150,39461751085
4671097;1;4;3;1;1;1;1;1;3;1; ; ;60000000;500000; ;1;1;1;1;1;1;1;2;1;1;1;2;1;2;2;2;2;1;2;2;2;1;2;5;2; ;1;1;1;2;1;2;1;1;1;2;1;1;01;05;07;05;1083,01475155874
4671098;1;2;2;1;1;1;1;1;3;1; ; ;125000000;400000; ;1;1;1;1;2;2;1;2;1;1;1;2;2;1;2;2;2;2;1;2;2;1;2;3;2; ;1;2;1;2;1;2;1;1;1;2;1;1;01;05;07;05;991,585795524514
4671100;1;6;3;1;1;1;1;1;1;1; ; ;100000000;650000; ;1;1;1;1;1;1;1;1;1;2;1;1;1;1;2;2;2;2;2;2;2;1;3;4;2; ;1;2;1;4;1;2;2;1;1;2;1;1;01;05;07;05;990,824649073591
4671101;1;4;2;1;1;1;1;1;3;4; ; ; ;400000; ;1;1;1;1;1;1;1;1;1;2;1;2;1;2;2;2;2;2;2;2;2;1;3;3;2; ;1;2;1;4;1;2;1;1;1;2;1;1;01;05;07;05;1104,07028016457
4671102;1;8;5;1;1;1;1;1;3;1; ; ;98;1200000; ;1;1;1;1;1;1;1;2;1;2;1;2;1;1;2;2;2;1;2;2;2;1;4;7;2; ;1;2;1;4;1;3;1;1;1;2;1;1;01;05;07;05;1698,07903133298
4671103;1;3;2;1;1;1;1;1;4;3; ; ; ; ;650000;1;1;1;1;1;1;1;1;1;1;1;1;1;1;2;2;2;1;2;2;2;1;2;2;2; ;1;2;1;4;1;5;2;1;1;2;1;1;01;05;07;05;1226,85176954135
4671104;1;5;2;1;1;1;1;1;3;1; ; ;170000000;600000; ;1;1;1;1;1;1;1;1;1;1;1;2;1;2;2;2;2;2;1;2;2;1;3;3;2; ;1;2;1;4;1;2;1;1;1;3;1;1;01;05;07;05;1187,08503780176
4671105;1;6;4;1;1;1;1;1;3;1; ; ;98;1500000; ;1;1;1;1;1;1;1;1;1;1;1;2;1;1;2;2;2;1;2;2;2;1;3;4;2; ;1;2;1;4;1;3;1;1;1;2;1;1;01;05;07;05;1151,92106551929
4671106;1;4;3;1;1;1;1;1;3;2; ;420000;90000000;500000; ;1;1;1;1;1;1;1;2;2;1;1;2;1;1;2;2;2;2;1;1;2;1;3;4;2; ;1;2;1;4;1;2;1;1;1;3;1;1;01;05;07;05;1150,39461751085
4671107;1;5;4;1;1;1;1;1;3;4; ; ; ;900000; ;1;1;1;1;1;1;1;1;1;1;1;2;1;1;2;2;1;2;1;2;2;1;5;5;2; ;1;2;1;4;1;3;1;1;1;2;1;1;01;05;07;05;799,897992187178
4671108;1;3;2;5;1;1;1;1;3;3; ; ; ; ;350000;2;2;1;1;1;1;1;2;2;2;1;2;1;1;2;2;2;2;2;2;2;1;1;4;2; ;1;2;1;2;1;1;1;2;1;2;1;1;01;05;07;05;1361,75018422655
4671109;1;4;3;1;1;1;1;3;3;1; ; ;40000000;400000; ;1;1;1;1;1;1;1;2;1;1;1;2;1;2;2;2;2;1;1;2;2;1;4;4;2; ;1;2;1;2;1;2;1;1;1;3;1;1;01;05;07;05;895,741893855846
4671110;1;4;3;1;1;1;1;1;3;1; ; ;120000000;500000; ;1;1;1;1;1;1;1;2;1;2;1;2;1;1;2;2;2;1;2;2;2;1;4;4;2; ;1;2;1;4;1;2;1;1;1;3;1;1;01;05;07;05;1245,47737272859
4671111;1;4;2;1;1;1;1;1;3;3; ; ; ; ;1100000;1;1;1;1;1;1;1;1;2;1;1;2;2;1;2;2;2;2;2;1;2;1;3;3;2; ;1;2;1;4;1;3;1;1;1;2;1;1;01;05;07;05;1072,52993299933
4671112;1;4;3;1;1;1;1;1;3;3; ; ; ; ;1100000;1;1;1;1;1;1;1;1;1;1;1;2;1;1;2;2;2;2;2;2;1;1;4;5;2; ;1;2;1;4;1;3;1;1;1;2;1;1;01;05;07;05;1126,48421020971
4671113;1;1;1;1;1;1;1;1;4;3; ; ; ; ;250000;2;1;2;1;1;1;1;2;2;2;1;2;1;2;2;2;2;2;1;2;2;1;2;3;2; ;1;2;1;4;1;3;2;1;1;2;1;1;01;05;07;05;1341,32127439726
4671114;1;3;2;1;1;1;1;1;3;1; ; ;80000000;400000; ;1;1;2;1;1;1;1;1;1;2;1;2;1;2;2;2;2;2;2;2;2;1;3;7;2; ;1;1;1;2;1;1;1;1;1;2;1;1;01;05;07;05;823,181780711781
4671115;1;4;3;1;1;1;1;1;3;2; ;350000;70000000;500000; ;1;1;1;1;1;1;1;1;1;1;1;1;1;1;2;2;2;2;2;2;2;1;3;3;2; ;1;2;1;4;1;2;1;1;1;3;1;1;01;05;07;05;964,648207816394
4671116;1;3;2;1;1;1;1;1;4;3; ; ; ; ;611000;2;2;2;2;1;1;1;2;2;2;1;2;1;2;2;2;2;2;2;2;2;1;2;6;2; ;1;2;1;4;1;3;2;1;1;2;1;1;01;05;07;05;847,748777541902
4671117;1;4;2;1;1;1;1;1;4;3; ; ; ; ;900000;1;1;1;1;1;1;1;2;2;2;1;1;2;1;2;2;2;2;2;2;2;1;3;3;2; ;1;2;1;4;1;3;2;1;1;2;1;1;01;05;07;05;1201,22365554469
4671118;1;4;2;1;1;1;1;1;3;1; ; ;150000000;700000; ;1;1;1;1;1;1;1;2;1;1;1;2;1;1;2;2;2;1;2;1;1;1;3;3;2; ;1;2;1;4;1;3;1;1;1;2;1;1;01;05;07;05;2374,17007560353
4671119;1;5;3;1;1;1;1;1;3;1; ; ;220000000;1200000; ;1;1;1;1;1;1;1;2;1;1;1;2;1;1;2;2;2;2;2;2;2;1;4;4;2; ;1;2;1;4;1;3;1;1;1;2;1;1;01;05;07;05;2637,91254415995
4671120;1;7;2;1;1;1;1;1;3;3; ; ; ; ;4000000;1;2;1;2;1;1;1;1;1;1;2;2;2;1;2;2;1;1;2;2;2;1;3;3;2; ;1;1;1;4;1;5;1;1;1;2;1;1;01;05;07;05;789,413173627768
4671121;1;5;3;1;1;1;1;1;3;1; ; ;98;1500000; ;1;1;1;1;1;1;1;2;1;1;1;1;1;1;1;2;1;1;1;2;2;1;4;4;2; ;1;2;1;4;1;3;1;1;1;2;1;1;01;05;07;05;2498,53139917299
4671122;1;5;4;1;1;1;1;1;4;2; ;2000000;800000000;1500000; ;1;2;1;1;1;1;1;2;1;2;2;2;1;1;2;2;2;1;2;1;2;1;4;3;2; ;1;1;1;4;1;5;2;1;1;2;1;1;01;05;07;05;991,585795524514
4671123;1;4;2;1;1;1;1;1;3;3; ; ; ; ;500000;1;1;1;1;1;1;1;2;1;1;1;1;2;1;2;2;2;1;1;2;2;1;3;3;2; ;1;2;1;4;1;3;1;1;1;2;1;1;01;05;07;05;2173,33710148452
4671124;1;4;1;1;1;1;1;1;4;1; ; ;300000000;1500000; ;1;1;2;1;1;1;1;2;1;1;1;2;1;2;2;2;1;2;2;2;2;1;1;1;2; ;1;1;1;4;1;5;2;1;1;2;1;1;01;05;07;05;1190,73883698528
4671125;1;6;2;1;1;1;1;1;3;1; ; ;98;1000000; ;1;1;1;1;1;1;1;1;1;1;1;2;1;1;2;2;2;1;2;1;2;1;2;3;2; ;1;2;1;4;1;3;1;1;1;2;1;1;01;05;07;05;2682,64254879452
4671126;1;4;4;1;1;1;1;1;4;4; ; ; ;800000; ;1;1;1;1;1;1;1;2;2;2;1;1;1;1;2;2;2;1;1;2;2;1;6;9;2; ;1;1;3;4;1;5;2;1;1;2;1;1;01;05;07;05;1047,95959134075
4671127;1;3;1;1;1;1;1;1;1;4; ; ; ;350000; ;1;2;2;1;1;1;1;2;2;2;1;1;1;2;2;2;2;1;1;2;2;1;1;1;2; ;1;1;1;4;1;5;2;1;1;2;1;1;01;05;07;05;1190,73883698528
4671128;1;7;3;1;1;1;1;1;3;2; ;1200000;98;98; ;1;1;1;1;1;1;1;1;1;1;1;1;1;1;1;2;1;1;2;1;2;1;3;4;2; ;1;1;1;4;1;5;1;1;1;2;1;1;01;05;07;05;1476,30528902898
4671129;1;8;5;1;1;1;1;1;3;4; ; ; ;1500000; ;1;1;2;1;1;1;1;1;2;1;1;2;1;2;2;2;2;2;2;2;2;1;2;5;2; ;1;2;1;4;1;3;1;1;1;2;1;1;01;05;07;05;2553,42526467243
4671130;1;4;2;1;1;1;1;1;3;3; ; ; ; ;676000;1;1;1;1;1;1;1;1;1;1;1;1;1;1;2;2;1;2;1;2;2;1;2;2;2; ;1;2;1;4;1;3;1;1;1;2;1;1;01;05;07;05;2135,91469521699
4671131;1;4;1;1;1;1;1;1;3;1; ; ;800000000;2300000; ;1;1;1;1;1;1;1;2;1;1;1;2;2;1;2;2;2;2;2;1;2;1;2;2;2; ;1;1;1;4;1;5;1;1;1;2;1;1;01;05;07;05;1168,373834668
4671132;1;4;3;1;1;1;1;1;4;3; ; ; ; ;250000;1;1;1;2;1;1;1;2;1;2;1;1;1;1;2;2;2;2;2;2;2;1;1;3;2; ;1;2;1;2;1;1;2;1;1;2;1;1;01;05;07;05;1580,28997532547
4671133;1;5;4;1;1;1;1;1;4;3; ; ; ; ;715000;1;1;1;1;1;1;1;2;2;1;1;1;1;1;2;2;2;2;1;2;2;1;3;4;2; ;1;2;1;4;1;3;2;1;1;2;1;1;01;05;07;05;1161,4569238051
4671134;1;3;1;3;1;1;1;1;4;4; ; ; ;300000; ;1;1;2;2;1;1;1;2;2;2;1;2;2;2;2;2;2;2;2;2;2;1;1;1;2; ;1;2;1;4;1;1;2;2;1;2;1;1;01;05;07;05;1208,14056640759
4671135;1;4;3;3;1;1;1;1;4;1; ; ;98;350000; ;1;1;1;1;1;1;1;2;2;1;1;2;1;2;2;2;2;2;2;1;2;1;3;5;2; ;1;2;1;2;1;1;2;2;1;2;1;1;01;05;07;05;1393,9359038299
4671136;1;2;1;3;1;1;1;1;4;1; ; ;99;300000; ;1;1;2;2;1;1;1;2;2;2;1;2;2;2;2;2;2;2;2;2;2;1;1;1;2; ;1;2;1;4;1;1;2;2;1;2;1;1;01;05;07;05;1132,26090211193
4671137;1;4;1;1;1;1;1;1;3;1; ; ;100000000;500000; ;1;1;2;1;1;1;1;1;2;1;1;2;2;2;2;2;2;2;2;2;2;1;1;1;2; ;1;2;1;4;1;2;1;1;1;3;1;1;01;05;07;05;1208,14056640759
4671138;1;2;1;3;1;1;1;1;4;1; ; ;98;400000; ;1;1;2;1;1;1;1;2;1;2;1;2;1;2;2;2;2;2;2;2;2;1;1;1;2; ;1;2;1;4;1;1;2;2;1;2;1;1;01;05;07;05;1208,14056640759
4671139;1;4;3;1;1;1;1;1;3;3; ; ; ; ;400000;1;1;1;1;1;1;1;1;1;1;1;2;1;1;2;2;1;1;2;2;2;1;2;4;2; ;1;2;1;4;1;2;1;1;1;3;1;1;01;05;07;05;1118,85427034561
4671140;1;2;1;3;1;1;1;1;4;4; ; ; ;300000; ;2;2;2;2;1;1;1;2;2;2;1;2;1;2;2;2;2;1;2;2;2;1;4;5;2; ;1;2;1;2;1;1;2;2;1;2;1;1;01;05;07;05;894,980747404923
4671141;1;3;2;3;1;1;1;1;4;1; ; ;40000000;300000; ;2;1;2;1;1;1;1;2;2;2;1;2;1;2;2;2;2;2;1;2;2;1;2;3;2; ;1;2;1;2;1;1;2;2;1;2;1;1;01;05;07;05;1218,625384967
4671142;1;4;2;1;1;1;1;1;3;1; ; ;35000000;400000; ;1;1;1;1;1;1;1;1;1;1;1;2;1;1;2;2;2;2;2;2;2;1;2;2;2; ;1;2;1;4;1;2;1;1;1;2;1;1;01;05;07;05;972,874592390749
4671143;1;4;3;1;1;1;1;1;3;1; ; ;90000000;400000; ;1;1;1;1;1;1;1;2;1;2;1;2;2;1;2;2;2;2;2;2;2;1;3;3;2; ;1;2;1;4;1;2;1;1;1;3;1;1;01;05;07;05;1131,00786787269
4671144;1;2;1;3;1;1;1;1;5;1; ; ;20000000;400000; ;2;1;2;2;2;1;1;2;2;2;1;2;1;2;2;2;2;1;1;2;2;1;2;2;2; ;1;2;2;2;1;1;2;2;1;2;1;1;01;05;07;05;1182,51245241093
4671145;1;4;3;1;1;1;1;1;3;1; ; ;100000000;500000; ;1;1;1;1;1;1;1;1;1;1;1;2;1;1;2;2;2;2;1;1;2;1;5;5;2; ;1;2;1;4;1;2;1;1;1;3;1;1;01;05;07;05;1083,01475155874
4671146;1;5;4;1;1;1;1;1;3;1; ; ;160000000;600000; ;1;1;1;1;1;1;1;2;1;1;1;2;1;1;2;2;1;2;2;2;2;1;3;4;2; ;1;2;1;4;1;2;1;1;1;3;1;1;01;05;07;05;1151,92106551929
4671147;1;5;2;1;1;1;1;1;3;1; ; ;160000000;400000; ;1;1;1;1;1;1;1;2;2;1;1;2;2;1;2;2;2;2;2;2;2;1;2;2;2; ;1;2;1;4;1;2;1;1;1;3;1;1;01;05;07;05;1124,03451753757
4671148;1;3;2;3;1;1;1;1;4;3; ; ; ; ;300000;2;1;2;1;1;1;1;2;2;2;1;1;1;2;2;2;2;1;2;2;2;1;2;2;2; ;1;2;1;4;1;1;2;2;1;2;1;1;01;05;07;05;1182,51245241093
4671149;1;4;3;3;1;1;1;1;4;1; ; ;40000000;400000; ;1;1;1;1;1;1;1;2;2;2;1;2;2;1;2;2;2;2;2;2;2;1;4;5;2; ;1;2;1;4;1;1;2;2;1;2;1;1;01;05;07;05;1142,16823293649
4671150;1;6;2;3;1;1;1;1;4;1; ; ;62000000;400000; ;1;1;2;1;1;1;1;2;2;2;1;1;1;2;2;2;2;2;2;2;2;1;2;2;2; ;1;2;1;4;1;1;2;2;1;2;1;1;01;05;07;05;1150,97210524569
4671152;1;3;2;3;1;1;1;1;4;3; ; ; ; ;370000;2;1;1;1;1;1;1;2;2;2;1;1;1;1;2;2;2;2;2;2;2;1;2;4;2; ;1;2;1;4;1;1;1;2;1;2;1;1;01;05;07;05;1500,13009638359
4671153;1;4;2;3;1;1;1;1;4;3; ; ; ; ;400000;1;1;1;1;1;1;1;2;2;1;1;1;2;1;2;2;2;2;2;2;2;1;2;4;2; ;1;2;1;4;1;1;2;2;1;2;1;1;01;05;07;05;1150,39461751085
4671154;1;5;4;3;1;1;1;1;4;4; ; ; ;300000; ;1;1;2;1;1;1;1;2;1;2;1;1;1;1;2;2;1;1;1;2;2;1;3;5;2; ;1;2;1;4;1;1;2;2;1;2;1;1;01;05;07;05;1083,01475155874
4671155;1;3;2;1;1;1;1;1;3;1; ; ;98;300000; ;1;1;1;1;1;1;1;2;1;2;1;2;2;1;2;2;1;1;2;2;2;1;3;3;2; ;1;2;1;4;1;2;1;1;1;2;1;1;01;05;07;05;1086,66855074226
4671156;1;4;3;1;1;1;1;1;3;3; ; ; ; ;350000;2;1;2;2;1;1;1;2;2;2;1;2;2;2;2;2;2;2;2;2;2;1;2;4;2; ;1;2;1;2;1;2;1;1;1;2;1;1;01;05;07;05;1134,71059478406
4671157;1;5;3;1;1;1;1;1;3;1; ; ;98;500000; ;1;1;1;1;1;1;1;2;1;1;1;1;1;1;2;2;2;2;1;2;2;1;3;3;2; ;1;2;1;4;1;2;1;1;1;2;1;1;01;05;07;05;781,947935504336
4671158;1;4;3;1;1;1;1;1;1;1; ; ;70000000;600000; ;1;1;1;1;1;1;1;2;1;2;1;1;1;1;2;2;2;2;2;2;2;1;4;4;2; ;1;1;1;4;1;3;2;1;1;3;1;1;01;05;07;05;924,881476076805
4671159;1;4;3;1;1;1;1;1;3;1; ; ;45000000;450000; ;1;2;1;1;1;1;1;1;1;2;1;2;1;1;2;2;2;2;2;2;2;1;4;4;2; ;1;2;1;4;1;2;1;1;1;2;1;1;01;05;07;05;895,741893855846
4671160;1;4;3;1;1;1;1;1;3;2; ;1000000;85000000;400000; ;1;1;1;1;1;1;1;1;1;2;1;2;1;1;2;2;2;2;1;2;2;1;3;3;2; ;1;2;1;4;1;2;1;1;1;2;1;1;01;05;07;05;991,585795524514
4671161;1;4;2;1;1;1;1;1;3;3; ; ; ; ;410000;1;1;1;1;1;1;1;2;1;1;1;2;1;1;1;2;2;1;1;1;2;1;3;3;2; ;1;2;1;4;1;2;1;1;1;2;1;1;01;05;07;05;1341,32127439726
4671162;1;3;1;1;1;1;1;1;3;3; ; ; ; ;600000;2;2;2;1;1;1;1;1;1;1;1;2;1;2;2;2;1;2;2;2;2;1;1;1;2; ;1;2;1;4;1;3;1;1;1;3;1;1;01;05;07;05;1208,14056640759
4671163;1;4;3;1;1;1;1;1;3;3; ; ; ; ;450000;1;1;1;1;1;1;1;2;2;2;1;1;1;2;2;2;2;2;2;2;2;1;2;4;2; ;1;2;1;4;1;2;1;1;1;2;1;1;01;05;07;05;800,659138638101
4671164;1;4;3;1;2;1;1;1;3;2; ;1200000;100000000;350000; ;1;1;1;1;1;1;1;2;2;2;1;2;2;2;2;2;2;2;2;2;2;1;2;4;1;1;1;2;1;2;1;2;1;1;1;2;1;1;01;05;07;05;772,960404479058
4671164;2;2;1;1;2;1;1;1;3;3; ; ; ; ;100000;1;2;1;1;1;1;1;2;2;2;1;2;2;2;2;2;2;2;2;2;2;1;1;1;2; ;2;2;1;2;1;2;1;1;1;2;1;1;01;05;07;05;772,960404479058
4671165;1;3;2;1;1;1;1;1;3;1; ; ;70000000;500000; ;1;1;1;1;1;1;1;2;1;1;1;2;1;1;2;2;2;1;1;1;2;1;4;4;2; ;1;2;1;4;1;3;1;1;1;3;1;1;01;05;07;05;1010,29699865828
4671166;1;3;2;1;1;1;1;1;3;3; ; ; ; ;450000;2;1;1;1;1;1;1;2;2;2;1;2;1;2;2;2;2;2;1;2;2;1;3;5;2; ;1;2;1;4;1;2;1;1;1;2;1;1;01;05;07;05;1099,565579477
4671167;1;3;2;1;1;1;1;1;3;2; ;506000;50000000;460000; ;2;1;2;1;1;1;1;2;2;2;1;2;1;2;2;2;2;2;2;2;2;1;1;4;2; ;1;2;1;4;1;2;1;1;1;2;1;1;01;05;07;05;1500,13009638359
4671168;1;3;2;1;1;1;1;1;3;3; ; ; ; ;380000;1;1;1;2;1;1;1;2;2;1;1;2;1;2;2;2;2;2;2;2;2;1;3;4;2; ;1;2;1;4;1;2;1;1;1;2;1;1;01;05;07;05;1249,26569958649
4671169;1;4;3;1;1;1;1;1;3;1; ; ;110000000;350000; ;2;1;2;1;1;1;1;1;2;2;1;1;2;2;2;2;2;1;1;2;2;1;3;4;2; ;1;2;1;4;1;2;1;1;1;2;1;1;01;05;07;05;1105,37975387602
4671170;1;3;2;1;1;1;1;1;3;1; ; ;98;380000; ;2;1;2;1;1;1;1;2;2;2;1;2;1;1;2;2;2;2;2;2;2;1;2;4;2; ;1;2;1;4;1;2;1;1;1;2;1;1;01;05;07;05;1697,87226053489
4671171;1;3;1;1;1;1;1;1;3;2; ;550000;65000000;400000; ;2;2;2;1;1;1;1;2;2;2;1;2;2;1;2;2;2;2;1;2;2;1;2;2;2; ;1;2;1;4;1;2;1;1;1;2;1;1;01;05;07;05;1182,51245241093
4671172;1;4;2;3;1;1;1;1;4;3; ; ; ; ;150000;1;1;1;1;1;1;1;1;1;2;1;2;1;1;2;2;2;2;1;2;2;1;3;4;2; ;1;2;1;4;1;1;2;2;1;2;1;1;01;05;07;05;990,824649073591
4671173;1;5;4;1;1;1;1;1;3;1; ; ;150000000;600000; ;1;1;1;1;1;1;1;1;1;1;1;2;2;2;2;2;2;2;1;2;2;1;3;5;2; ;1;2;1;4;1;3;1;1;1;3;1;1;01;05;07;05;1170,63226865305
4671174;1;3;2;1;1;1;1;1;3;3; ; ; ; ;350000;2;2;2;1;1;1;1;2;2;2;1;2;2;2;2;2;2;2;2;2;2;1;1;2;2; ;1;2;1;4;1;2;1;1;1;2;1;1;01;05;07;05;1322,61007126349
4671175;1;3;1;1;1;1;1;1;4;3; ; ; ; ;260000;2;1;2;1;1;1;1;2;2;2;1;2;2;2;2;2;1;2;2;1;2;1;1;1;2; ;1;2;1;4;1;2;2;1;1;2;1;1;01;05;07;05;1190,73883698528
4671176;1;4;2;1;1;1;1;1;3;3; ; ; ; ;320000;1;1;1;1;1;1;1;2;1;2;1;1;1;1;2;2;1;2;2;2;2;1;3;3;2; ;1;2;1;4;1;2;1;1;1;2;1;1;01;05;07;05;1142,74572067134
4671177;1;5;3;1;1;1;1;1;3;1; ; ;130000000;700000; ;1;1;1;1;1;1;1;2;1;2;1;2;1;1;2;2;2;2;2;1;2;1;2;3;1;1;1;2;1;4;1;2;1;1;1;3;1;1;01;05;07;05;1481,41889324983
4671178;1;1;1;1;1;1;1;2;3;3; ; ; ; ;380000;2;2;2;2;1;1;1;2;2;2;1;2;1;2;2;2;2;2;2;2;2;1;1;1;2; ;1;2;1;4;1;3;1;1;1;3;1;1;01;05;07;05;981,100976965104
4671179;1;5;2;1;1;1;1;1;3;3; ; ; ; ;1041000;1;1;1;1;1;1;1;2;1;2;1;2;2;1;2;2;2;1;1;2;2;1;2;2;2; ;1;2;1;4;1;3;1;1;1;2;1;1;01;05;07;05;1067,95734760849
4671180;1;4;3;1;1;1;1;1;4;3; ; ; ; ;800000;1;1;1;1;1;1;1;2;1;1;1;2;2;2;2;2;2;2;2;2;2;1;2;6;2; ;1;2;1;4;1;3;2;1;1;2;1;1;01;05;07;05;1428,31217271504
4671181;1;6;2;1;1;1;1;1;4;1; ; ;98;98; ;1;1;1;1;1;1;1;2;1;2;1;2;1;1;2;2;2;2;2;1;2;1;3;3;2; ;1;1;1;4;1;5;2;1;1;2;1;1;01;05;07;05;1174,28606783657
4671182;1;4;3;1;1;1;1;1;4;2; ;4500000;100000000;7000000; ;1;1;1;1;1;1;1;1;1;1;1;1;2;1;2;2;1;1;2;1;2;1;4;4;2; ;1;1;1;4;1;5;2;1;1;2;1;1;01;05;07;05;1078,4421661679
4671183;1;2;2;1;1;1;1;1;3;3; ; ; ; ;360000;2;2;2;1;1;2;1;2;2;2;2;2;2;2;2;2;2;2;2;2;2;1;1;3;2; ;1;2;1;2;1;2;1;1;1;3;1;1;01;05;07;05;877,030690722081
4671184;1;4;3;1;1;1;1;1;3;3; ; ; ; ;350000;2;1;2;1;1;1;1;1;1;1;1;1;1;2;2;2;2;1;2;2;2;1;4;6;2; ;1;2;1;4;1;2;1;1;1;3;1;1;01;05;07;05;1152,6606514669
4671185;1;6;1;1;1;1;1;1;3;1; ; ;260000000;1000000; ;1;1;1;1;1;1;1;2;2;1;1;1;1;1;2;2;1;2;2;1;2;1;2;2;2; ;1;2;1;4;1;3;1;1;1;2;1;1;01;05;07;05;1168,373834668
4671202;1;4;1;1;1;1;1;1;3;1; ; ;200000000;1100000; ;2;1;1;2;1;1;1;1;1;1;1;1;1;1;1;2;1;2;2;1;2;1;2;2;2; ;1;2;1;4;1;3;1;1;1;2;1;1;01;05;07;05;999,812180098869
4671209;1;5;4;1;1;1;1;3;3;1; ; ;200000000;8000000; ;1;1;1;1;1;1;1;2;1;2;1;1;1;1;2;1;1;2;2;1;2;1;4;5;2; ;1;1;1;4;1;4;1;1;1;3;1;1;01;08;07;08;402,152738558172
4671210;1;4;3;1;1;1;1;1;3;4; ; ; ;450000; ;2;2;2;2;1;1;1;2;2;2;1;2;2;2;2;2;1;2;2;2;2;1;4;8;2; ;1;2;1;2;1;2;1;1;1;3;1;1;01;08;07;08;538,854832355665
4671211;1;4;3;1;1;1;1;1;3;1; ; ;98;1000000; ;1;1;1;1;1;1;1;1;1;2;1;2;2;1;2;2;1;2;2;1;2;1;2;4;2; ;1;2;1;4;1;3;1;1;1;3;1;1;01;08;07;08;326,257088087521
4671212;1;5;4;1;1;1;1;1;3;3; ; ; ; ;1100000;1;1;1;1;1;1;1;1;2;2;1;2;1;1;2;2;1;1;2;2;2;1;3;7;2; ;1;2;1;4;1;3;1;1;1;3;1;1;01;08;07;08;508,144096936694
4671213;1;5;2;1;1;1;1;1;3;1; ; ;110000000;1100000; ;1;1;1;1;1;1;1;1;2;2;1;1;1;1;2;1;1;2;2;1;2;1;3;3;2; ;1;2;1;4;1;3;1;1;1;3;1;1;01;08;07;08;581,642946138892
4671214;1;6;3;1;1;1;1;1;3;3; ; ; ; ;1500000;1;1;1;1;1;1;1;2;1;2;1;2;1;1;2;1;1;2;2;2;2;1;3;4;2; ;1;2;1;4;1;4;1;1;1;3;1;1;01;08;07;08;305,688336502301
4671215;1;4;2;1;1;1;1;1;3;1; ; ;98;1000000; ;1;1;1;1;1;1;1;2;2;2;1;2;1;1;2;2;1;1;2;1;2;1;2;4;2; ;1;2;1;4;1;3;1;1;1;3;1;1;01;08;07;08;523,776221209586
4671216;1;4;4;1;1;1;1;1;3;3; ; ; ; ;1000000;1;1;1;1;1;1;1;2;2;2;1;2;1;1;2;2;1;2;2;1;2;1;4;4;2; ;1;2;1;4;1;3;1;1;1;3;1;1;01;08;07;08;695,971798300176
4671217;1;4;3;1;1;1;1;1;3;1; ; ;200000000;1200000; ;1;1;1;1;1;1;1;1;1;2;1;1;2;1;2;1;1;2;1;2;2;1;4;4;2; ;1;2;1;4;1;3;1;1;1;3;1;1;01;08;07;08;531,004628699471
4671218;1;4;2;1;1;1;1;1;3;1; ; ;200000000;2000000; ;2;1;1;1;1;1;1;2;2;1;1;2;1;1;2;1;1;2;2;1;2;1;2;3;2; ;1;2;1;4;1;4;1;1;1;3;1;1;01;08;07;08;555,623553126748
4671219;1;7;3;1;1;1;1;1;3;3; ; ; ; ;900000;1;1;1;1;1;1;1;1;2;2;1;2;1;1;2;2;1;2;2;2;2;1;5;6;2; ;1;2;1;4;1;4;1;1;1;3;1;1;01;08;07;08;534,781278420756
4671220;1;4;2;1;1;1;1;1;3;1; ; ;200000000;1800000; ;1;1;1;1;1;1;1;1;1;2;1;1;1;1;2;1;1;2;2;1;2;1;2;2;2; ;1;2;1;4;1;3;1;1;1;3;1;1;01;08;07;08;526,316047253461
4671221;1;4;2;1;1;1;1;3;3;1; ; ;248000000;1500000; ;1;1;1;1;1;1;1;1;1;2;1;2;1;1;2;1;1;2;2;1;1;1;2;3;2; ;1;2;1;4;1;6;1;1;1;3;1;1;01;08;07;08;503,429373437015
4671222;1;2;2;1;1;1;1;1;3;1; ; ;100000000;1000000; ;1;1;1;2;1;1;1;1;2;1;1;2;2;2;2;1;1;2;2;1;2;1;3;4;2; ;1;2;1;4;1;4;1;1;1;3;1;1;01;08;07;08;619,140107001989
4671223;1;4;3;1;1;1;1;1;3;2; ;1000000;130000000;1000000; ;1;1;1;1;1;1;1;2;2;2;1;2;2;1;2;1;1;1;1;2;2;1;6;7;2; ;1;2;1;4;1;3;1;1;1;3;1;1;01;08;07;08;455,808988633142
4671224;1;4;3;1;1;1;1;1;3;1; ; ;140000000;1200000; ;1;1;1;1;1;1;1;1;1;2;1;1;1;1;2;1;1;2;2;1;2;1;2;3;2; ;1;2;1;4;1;3;1;1;1;3;1;1;01;08;07;08;563,813208116558
4671225;1;4;2;1;1;1;1;1;3;1; ; ;280000000;1000000; ;1;2;1;1;1;1;1;1;2;2;1;2;1;1;2;2;1;2;2;1;2;1;3;3;2; ;1;2;1;4;1;3;1;1;1;3;1;1;01;08;07;08;581,200964093134
4671226;1;5;4;1;1;1;1;1;3;1; ; ;98;2000000; ;1;1;1;1;1;1;1;1;1;2;1;1;1;1;1;1;1;2;2;1;2;1;6;6;2; ;1;2;1;4;1;6;1;1;1;3;1;1;01;08;07;08;419,318590722099
4671227;1;5;3;1;1;1;1;1;3;3; ; ; ; ;1050000;1;1;1;1;1;1;1;2;1;2;1;1;1;2;2;2;1;2;2;1;2;1;3;3;2; ;1;2;1;4;1;4;1;1;1;3;1;1;01;08;07;08;503,429373437015
4671228;1;4;3;1;1;1;1;3;3;1; ; ;235000000;2000000; ;1;1;1;1;1;1;1;1;1;2;1;1;1;1;2;1;1;2;2;1;1;1;4;4;2; ;1;2;1;4;1;6;1;1;1;3;1;1;01;08;07;08;496,890993859207
4671229;1;4;1;1;1;1;1;1;3;3; ; ; ; ;1200000;1;1;1;1;1;1;1;2;1;2;1;2;2;1;2;1;1;2;1;2;2;1;2;2;2; ;1;2;1;4;1;3;1;1;1;3;1;1;01;08;07;08;543,703803230037
4671230;1;5;4;1;1;1;1;1;3;1; ; ;300000000;1200000; ;1;1;1;1;1;1;1;1;1;2;1;1;1;1;2;1;1;2;2;1;2;1;3;5;2; ;1;2;1;4;1;4;1;1;1;6;1;1;01;08;07;08;614,333978035013
4671232;1;5;3;1;1;1;1;1;3;2; ;2160000;300000000;1300000; ;1;1;1;1;1;1;1;1;2;2;1;1;1;1;1;1;1;2;2;1;2;1;3;4;2; ;1;2;1;4;1;4;1;1;1;3;1;1;01;08;07;08;605,595223746945
4671234;1;4;2;1;1;1;1;1;3;1; ; ;90000000;1000000; ;1;1;1;1;1;1;1;2;2;2;1;2;2;1;2;1;1;2;2;1;2;1;3;3;2; ;1;2;1;4;1;3;1;1;1;3;1;1;01;08;07;08;568,098062883848
4671237;1;2;1;1;1;1;1;1;3;3; ; ; ; ;900000;2;2;2;1;1;1;1;2;2;2;1;2;2;1;2;1;1;2;2;1;2;1;2;2;2; ;1;2;1;4;1;4;1;1;1;3;1;1;01;08;07;08;543,703803230037
4671239;1;4;3;1;1;1;1;1;3;4; ; ; ;98; ;2;2;2;2;2;1;1;2;2;2;1;2;2;2;2;2;1;1;2;2;2;1;3;3;2; ;1;1;1;4;1;2;1;1;1;3;1;1;01;08;07;08;581,642946138892
4671240;1;4;3;1;1;1;1;1;3;1; ; ;80000000;700000; ;2;1;2;1;1;1;1;2;2;2;1;2;2;2;2;2;1;2;2;2;2;1;2;4;2; ;1;2;1;4;1;3;1;1;1;3;1;1;01;08;07;08;523,776221209586
4671241;1;3;2;1;1;1;1;1;3;3; ; ; ; ;650000;1;1;1;1;1;1;1;2;2;2;1;2;2;1;2;1;1;2;2;2;2;1;3;4;2; ;1;2;1;4;1;3;1;1;1;3;1;1;01;08;07;08;605,595223746945
4671242;1;5;2;1;1;1;1;1;3;1; ; ;300000000;1600000; ;1;1;1;1;1;1;1;2;1;2;1;1;1;1;2;1;1;2;2;1;2;1;2;2;2; ;1;2;1;4;1;4;1;1;1;3;1;1;01;08;07;08;526,316047253461
4671243;1;3;2;1;1;1;1;1;3;3; ; ; ; ;700000;1;1;1;1;1;1;1;1;1;2;1;1;1;1;2;2;1;1;2;2;2;1;4;5;2; ;1;1;1;4;1;3;1;1;1;3;1;1;01;08;07;08;515,127219521078
4671244;1;5;2;1;1;1;1;1;3;3; ; ; ; ;1200000;1;1;1;1;1;1;1;1;1;2;1;2;2;1;1;1;1;2;2;1;2;1;3;3;2; ;1;2;1;4;1;4;1;1;1;3;1;1;01;08;07;08;503,429373437015
4671245;1;3;2;1;1;1;1;1;3;4; ; ; ;400000; ;1;1;1;1;1;1;1;2;2;2;1;1;1;1;2;2;1;2;2;2;2;1;2;4;2; ;1;2;1;4;1;3;1;1;1;3;1;1;01;08;07;08;775,125270359985
4671246;1;3;2;1;1;1;1;1;3;1; ; ;98;800000; ;1;2;2;2;1;1;1;2;2;2;1;2;2;2;2;2;1;2;2;2;2;2; ;2;2; ;1;2;1;4;1;3;1;1;1;3;1;1;01;08;07;08;557,248686485081
4671247;1;4;1;1;1;1;1;1;3;1; ; ;100000000;1000000; ;2;2;2;1;1;1;1;2;2;2;1;2;2;2;2;2;1;2;2;2;2;1;1;1;2; ;1;1;1;4;1;3;1;1;1;3;1;1;01;08;07;08;519,309543576225
4671248;1;3;2;1;1;1;1;1;3;1; ; ;98;500000; ;2;1;1;1;1;1;1;1;1;2;1;2;1;1;2;1;2;2;1;2;2;1;3;5;2; ;1;2;1;2;1;3;1;1;1;3;1;1;01;08;07;08;534,388154722304
4671249;1;4;3;1;1;1;1;1;3;1; ; ;120000000;500000; ;1;1;1;1;1;1;1;1;1;2;1;2;1;2;2;1;1;1;2;1;2;1;4;5;2; ;1;1;1;4;1;2;1;1;1;3;1;1;01;08;07;08;456,616564066185
4671250;1;4;2;1;1;1;1;4;3;1; ; ;25000000;250000; ;2;1;2;1;1;1;1;2;2;2;1;2;2;1;2;2;1;1;2;2;2;1;1;3;2; ;1;2;1;2;1;1;1;1;1;3;1;1;01;08;07;08;574,414538649008
4671251;1;4;2;1;1;1;1;1;3;1; ; ;99;500000; ;2;1;2;2;1;1;1;2;2;2;1;2;2;2;2;1;1;2;2;2;2;1;2;5;2; ;1;1;1;4;1;2;1;1;1;3;1;1;01;08;07;08;552,217892744638
4671252;1;4;3;1;1;1;1;1;3;3; ; ; ; ;460000;1;1;1;1;1;1;1;2;2;2;1;2;2;2;2;2;1;1;2;2;2;1;2;6;2; ;1;2;1;4;1;2;1;1;1;3;1;1;01;08;07;08;468,094331917138
4671253;1;4;3;1;2;1;1;3;3;4; ; ; ;25000000; ;2;1;2;1;1;1;1;2;2;2;1;2;2;1;2;2;1;1;2;2;2;1;1;5;2; ;1;2;1;2;1;1;1;1;1;3;1;1;01;08;07;08;633,170479009401
4671254;1;2;2;1;1;1;1;1;3;1; ; ;20000000;250000; ;2;2;2;1;2;1;1;2;2;2;2;2;2;2;2;2;1;1;2;2;2;1;1;5;2; ;1;2;1;4;1;1;1;1;1;3;1;1;01;08;07;08;473,137903770165
4671255;1;3;2;1;1;1;1;5;5;4; ; ; ;240000; ;2;2;2;2;2;2;2;2;2;2;1;2;2;2;2;2;2;2;2;2;2;2; ;5;2; ;1;1;1;1;1;1;2;1;1;3;1;1;01;08;07;08;552,217892744638
4671256;1;3;1;1;1;1;1;1;4;1; ; ;20000000;350000; ;2;2;2;2;1;1;2;2;2;2;1;2;2;2;2;2;1;2;2;2;2;1;2;2;2; ;1;2;1;2;1;0;2;1;1;3;1;1;01;08;07;08;557,248686485081
4671258;1;2;2;1;2;1;1;2;3;4; ; ; ;180000; ;2;2;2;2;2;1;1;2;2;2;1;2;2;2;2;2;1;2;2;2;2;1;2;2;2; ;1;2;1;2;1;1;1;1;1;3;1;1;01;08;07;08;526,316047253461
4671259;1;2;1;1;1;1;10;4;3;3; ; ; ; ;300000;2;2;2;2;1;1;1;2;2;2;1;2;2;2;2;2;1;2;2;2;2;1;2;4;2; ;1;2;1;2;1;1;1;1;1;3;1;1;01;08;07;08;583,153292937076
4671260;1;3;2;1;1;1;1;3;3;1; ; ;45000000;300000; ;2;1;2;2;1;1;1;2;2;2;1;2;2;2;2;2;1;2;2;2;2;2; ;4;2; ;1;2;1;2;1;1;1;1;1;3;1;1;01;08;07;08;545,211389067402
4671261;1;4;3;1;1;1;1;3;3;4; ; ; ;400000; ;2;1;2;1;1;1;1;2;2;2;1;2;2;2;2;2;1;2;2;2;2;1;2;6;2; ;1;1;1;2;1;1;1;1;1;3;1;1;01;08;07;08;550,592759386306
4671262;1;3;1;1;1;1;1;1;3;3; ; ; ; ;414000;2;1;1;1;1;1;1;1;2;2;1;1;1;1;2;1;1;1;1;2;2;1;4;6;2; ;1;2;1;4;1;2;1;1;1;3;1;1;01;08;07;08;563,695660595591
4671263;1;3;2;1;1;1;1;1;3;3; ; ; ; ;250000;2;2;2;1;1;1;1;2;2;2;1;2;1;2;2;2;1;2;2;2;2;1;2;4;2; ;1;2;1;4;1;2;1;1;1;3;1;1;01;08;07;08;523,776221209586
4671264;1;2;2;2;1;1;1;1;3;1; ; ;30000000;200000; ;2;2;2;2;2;1;1;2;2;2;1;1;2;2;2;2;1;2;2;2;2;2; ;8;2; ;1;1;1;2;1;1;1;2;1;3;1;1;01;08;07;08;747,052270497157
4671265;1;3;2;1;1;1;1;1;1;1; ; ;98;300000; ;2;2;2;1;1;1;1;2;2;2;1;2;2;2;2;2;1;1;2;2;2;1;1;4;2; ;1;2;1;2;1;0;2;1;1;3;1;1;01;08;07;08;668,153291083079
4671266;1;3;2;1;1;1;1;1;3;3; ; ; ; ;300000;2;1;1;1;1;1;1;2;2;2;1;2;1;2;2;2;1;2;1;2;2;1;2;3;2; ;1;2;1;4;1;2;1;1;1;3;1;1;01;08;07;08;493,065485790615
4671267;1;4;3;1;1;1;1;1;3;1; ; ;70000000;400000; ;1;1;1;1;1;1;1;2;2;2;1;1;1;1;2;2;1;2;2;2;2;1;4;4;2; ;1;2;1;4;1;2;1;1;1;3;1;1;01;08;07;08;554,708860441206
4671268;1;3;2;1;1;1;1;3;3;1; ; ;30000000;200000; ;2;2;2;1;1;1;1;2;2;2;1;2;2;2;2;2;1;2;2;2;2;1;2;4;2; ;1;2;1;2;1;1;1;1;1;3;1;1;01;08;07;08;490,732959867267
4671269;1;2;1;1;1;1;1;1;1;3; ; ; ; ;250000;2;2;2;1;2;1;1;2;2;2;2;2;2;2;2;2;1;2;2;2;2;1;1;5;2; ;1;2;1;2;1;1;2;1;1;3;1;1;01;08;07;08;516,85947013191
4671270;1;4;2;1;1;1;1;6; ;1; ; ;98;98; ;2;2;2;1;1;1;1;2;2;2;1;2;2;2;2;2;1;2;2;2;2;1;2;3;2; ;1;1;1;2;1;1;2;1;1;3;1;1;01;08;07;08;394,283161503518
4671271;1;3;2;1;1;1;1;1;3;1; ; ;20000000;400000; ;2;1;2;2;1;1;1;2;2;2;1;2;1;2;2;2;1;1;2;2;2;1;1;6;2; ;1;1;1;2;1;1;1;1;1;3;1;1;01;08;07;08;747,874449622321
4671273;1;5;3;1;1;1;1;1;3;1; ; ;30000000;300000; ;2;1;2;1;1;1;1;2;2;2;1;2;2;1;2;1;1;2;2;2;2;1;3;6;2; ;1;1;1;4;1;1;1;1;1;3;1;1;01;08;07;08;485,482087893714
4671274;1;3;2;1;1;1;1;1;3;3; ; ; ; ;500000;2;2;2;1;1;1;1;2;2;2;1;2;1;2;2;2;1;2;2;2;2;1;2;3;2; ;1;2;1;4;1;2;1;1;1;3;1;1;01;08;07;08;555,623553126748
4671275;1;5;2;1;1;1;1;1;3;1; ; ;30000000;500000; ;2;2;2;2;2;1;1;2;2;2;1;2;2;2;2;2;1;2;2;2;2;1;2;3;2; ;1;2;1;2;1;1;1;1;1;3;1;1;01;08;07;08;568,098062883848
4671277;1;3;1;1;1;1;1;1;3;3; ; ; ; ;380000;2;1;2;2;2;1;1;2;2;2;1;2;2;2;2;2;1;2;1;2;2;1;2;3;2; ;1;2;1;4;1;1;1;1;1;3;1;2;01;08;07;08;552,442557518104
4671278;1;4;2;1;1;1;1;1;3;1; ; ;98;400000; ;2;1;2;2;1;1;1;2;2;2;1;2;2;2;2;2;1;2;2;2;2;1;1;5;2; ;1;1;1;2;1;1;1;1;1;3;1;1;01;08;07;08;670,41959400618
4671279;1;3;2;1;1;1;1;3;3;4; ; ; ;350000; ;2;1;2;1;1;1;1;2;2;2;1;1;1;2;2;2;1;1;2;2;2;1;2;4;2; ;1;2;1;2;1;1;1;1;1;3;1;1;01;08;07;08;592,113951037791
4671280;1;3;2;1;1;1;1;3;3;1; ; ;50000000;350000; ;2;1;2;2;2;2;1;2;2;2;1;2;1;2;2;2;1;2;2;2;2;1;1;3;2; ;1;2;1;2;1;1;1;1;1;3;1;1;01;08;07;08;418,032908697382
4671281;1;4;2;1;1;1;1;3;3;4; ; ; ;300000; ;2;2;2;1;1;1;1;1;2;2;1;2;2;2;2;1;1;2;2;2;2;1;3;4;2; ;1;1;1;4;1;1;1;1;1;3;1;1;01;08;07;08;501,804240078683
4671282;1;4;3;1;1;1;1;1;3;3; ; ; ; ;530000;1;2;1;2;1;1;1;2;2;2;1;2;1;1;2;2;1;2;2;2;2;1;3;3;2; ;1;2;1;4;1;2;1;1;1;3;1;1;01;08;07;08;493,065485790615
4671283;1;3;2;1;1;1;1;5;3;4; ; ; ;300000; ;2;2;2;1;1;1;1;2;2;2;1;2;2;2;2;2;1;2;2;2;2;1;2;4;2; ;1;2;1;2;1;1;1;1;1;3;1;1;01;08;07;08;668,153291083079
4671284;1;5;3;1;1;1;1;1;3;1; ; ;99;600000; ;2;1;1;1;1;1;1;2;2;2;1;2;1;2;2;2;1;2;2;2;2;1;2;9;2; ;1;1;1;4;1;2;1;1;1;3;1;1;01;08;07;08;537,247794091095
4671285;1;3;2;1;1;1;1;3;3;4; ; ; ;300000; ;2;1;2;1;1;1;1;2;2;2;1;2;2;1;2;2;1;1;2;2;2;1;2;4;2; ;1;2;1;2;1;1;1;1;1;3;1;1;01;08;07;08;615,092695120749
4671286;1;4;3;1;1;1;1;1;3;1; ; ;40000000;400000; ;2;1;1;1;1;1;1;2;2;2;1;2;2;2;2;2;1;1;2;2;2;1;3;7;2; ;1;1;1;4;1;1;1;1;1;3;1;1;01;08;07;08;502,382529538384
4671287;1;4;3;1;1;1;2;1;3;4; ; ; ;450000; ;2;1;2;1;1;1;1;2;2;2;1;1;1;2;2;2;1;2;2;2;2;1;3;4;2; ;1;2;1;4;1;1;1;1;1;3;2; ;01;08;07;08;533,743642262356
4671288;1;3;2;1;1;1;1;1;3;1; ; ;98;300000; ;2;2;2;1;1;1;1;2;2;2;1;2;2;2;2;2;1;2;2;2;2;1;1;3;2; ;1;1;1;2;1;1;1;1;1;3;1;1;01;08;07;08;583,375196749724
4671289;1;4;3;1;1;1;1;1;3;1; ; ;30000000;300000; ;2;2;2;1;1;2;1;2;2;2;1;2;1;2;2;2;1;1;2;2;2;1;2;7;2; ;1;1;1;2;1;1;1;1;1;3;1;1;01;08;07;08;685,252920246759
4671290;1;3;2;1;1;1;1;3;3;4; ; ; ;380000; ;2;2;2;2;2;2;1;2;2;2;1;2;2;2;2;2;1;2;2;2;2;1;2;3;2; ;1;2;1;4;1;1;1;1;1;3;1;1;01;08;07;08;577,595534257652
4671291;1;2;1;1;2;1;1;5;3;1; ; ;60000000;200000; ;2;2;2;2;1;2;1;2;2;2;2;2;1;2;2;2;1;2;2;2;2;1;1;1;2; ;1;1;1;2;1;1;1;1;1;3;1;1;01;08;07;08;550,710306907273
4671291;2;1;1;1;2;1;1;5;3;3; ; ; ; ;250000;2;2;2;2;1;1;2;2;2;2;1;2;2;2;2;2;1;2;2;2;2;2; ;1;2; ;2;1;1;2;1;1;1;1;1;3;1;1;01;08;07;08;550,710306907273
4671291;3;1;1;1;2;1;1;5;3;3; ; ; ; ;200000;2;2;2;2;2;1;2;2;2;2;1;2;2;2;2;2;1;2;2;2;2;2; ;1;2; ;3;1;1;2;1;1;1;1;1;3;1;1;01;08;07;08;550,710306907273
4671292;1;4;3;1;1;1;1;1;3;3; ; ; ; ;630000;1;1;1;1;1;1;1;1;1;2;1;1;1;1;2;1;1;1;2;2;2;1;3;5;2; ;1;2;1;4;1;2;1;1;1;3;1;1;01;08;07;08;805,836005778957
4671293;1;4;4;1;1;1;1;1;3;1; ; ;98;400000; ;2;1;2;1;1;1;1;1;1;2;1;1;1;2;2;1;1;2;2;2;2;1;3;5;2; ;1;1;1;4;1;1;1;1;1;3;1;1;01;08;07;08;554,486956628558
4671294;1;5;4;1;1;1;1;1;3;1; ; ;98;98; ;2;2;2;2;2;1;1;2;2;2;1;2;2;2;2;2;1;2;2;2;2;1;4;9;2; ;1;1;1;4;1;1;1;1;1;3;1;1;01;08;07;08;388,030961083462
4671295;1;4;2;1;1;1;1;3;3;1; ; ;98;98; ;2;2;2;1;1;1;1;2;2;2;1;2;2;2;2;2;1;2;2;2;2;1;3;3;2; ;1;1;1;4;1;1;1;1;1;3;1;1;01;08;07;08;580,731014414168
4671296;1;3;2;1;1;1;1;1;3;1; ; ;40000000;400000; ;2;1;2;1;1;1;1;2;2;2;1;2;2;1;2;1;1;1;2;2;2;1;1;4;2; ;1;1;1;4;1;1;1;1;1;3;1;1;01;08;07;08;652,497785717334
4671297;1;4;3;1;1;1;1;3;3;1; ; ;98;400000; ;2;2;2;2;1;1;1;1;2;2;1;2;2;2;2;2;1;1;2;2;2;1;3;9;2; ;1;1;1;2;1;1;1;1;1;3;1;1;01;08;07;08;746,653042942708
4671298;1;4;3;1;1;1;1;1;3;1; ; ;55000000;500000; ;2;1;2;1;1;1;1;2;2;2;1;2;2;2;2;2;1;2;2;2;2;1;2;4;2; ;1;1;1;4;1;1;1;1;1;3;1;1;01;08;07;08;487,551964258623
4671299;1;3;2;1;1;1;1;1;3;3; ; ; ; ;350000;2;2;2;2;1;1;1;2;2;2;1;1;2;2;2;2;1;2;1;2;2;1;2;5;2; ;1;1;1;2;1;1;1;1;1;3;1;1;01;08;07;08;526,198499732494
4671300;1;4;3;1;1;1;1;1;3;1; ; ;60000000;600000; ;1;2;2;1;1;1;1;2;2;2;1;2;2;2;2;1;1;2;1;2;2;1;2;3;2; ;1;2;1;4;1;2;1;1;1;3;1;1;01;08;07;08;472,496734205395
4671301;1;3;2;1;1;1;1;1;3;3; ; ; ; ;450000;2;2;2;1;1;1;1;2;2;2;1;2;2;1;2;2;1;1;2;2;2;1;2;3;2; ;1;2;1;4;1;1;1;1;1;3;1;1;01;08;07;08;584,381959701778
4671302;1;2;1;1;1;1;1;6; ;1; ; ;98;350000; ;2;2;2;2;2;2;2;2;2;2;1;2;2;2;2;2;1;2;2;2;2;2; ;1;2; ;1;2;1;2;1;1;2;1;1;3;1;1;01;08;07;08;501,92178759965
4671303;1;4;3;1;1;1;1;1;3;4; ; ; ;800000; ;1;1;1;1;1;1;1;2;2;2;1;2;2;2;2;2;1;2;2;2;2;1;2;5;2; ;1;1;1;4;1;2;1;1;1;3;1;1;01;08;07;08;536,562387378894
4671304;1;1;1;1;1;1;1;1;3;4; ; ; ;300000; ;2;1;2;1;1;1;1;2;2;2;1;2;2;2;2;2;1;2;1;2;2;1;2;3;2; ;1;2;1;2;1;1;1;1;1;3;1;1;01;08;07;08;552,442557518104
4671305;1;3;2;1;1;1;1;1;3;3; ; ; ; ;300000;2;2;2;1;1;1;1;2;2;2;1;2;2;2;2;2;1;1;2;2;2;1;2;3;2; ;1;1;1;4;1;1;1;1;1;3;1;1;01;08;07;08;552,442557518104
4671306;1;3;2;1;1;1;1;1;3;3; ; ; ; ;400000;2;1;2;1;1;1;1;2;1;2;1;1;1;2;2;2;1;2;2;2;2;1;3;4;2; ;1;2;1;4;1;1;1;1;1;3;1;1;01;08;07;08;501,804240078683
4671307;1;3;2;1;1;1;1;1;3;3; ; ; ; ;400000;2;1;2;1;1;1;1;2;2;2;1;2;1;2;2;1;1;2;1;2;2;1;1;3;2; ;1;2;1;4;1;1;1;1;1;3;1;1;01;08;07;08;552,442557518104
4671308;1;4;2;1;1;1;1;1;3;3; ; ; ; ;600000;1;1;1;1;1;1;1;2;2;2;1;1;2;1;2;2;1;2;2;2;2;1;3;4;2; ;1;2;1;4;1;2;1;1;1;3;1;1;01;08;07;08;481,235488493463
4671309;1;4;3;1;1;1;1;1;3;1; ; ;25000000;500000; ;2;2;2;1;1;1;1;1;1;2;1;2;1;2;2;1;1;2;2;2;2;1;3;5;2; ;1;2;1;4;1;1;1;1;1;3;1;1;01;08;07;08;510,54299436675
4671310;1;2;1;1;1;1;1;3;3;3; ; ; ; ;320000;1;1;1;1;1;1;1;2;2;2;1;2;2;2;2;2;1;2;2;2;2;1;2;2;2; ;1;2;1;4;1;2;1;1;1;3;1;1;01;08;07;08;543,703803230037
4671311;1;1;1;1;1;1;1;2;3;4; ; ; ;350000; ;2;2;2;1;1;1;1;2;2;2;1;2;1;2;2;2;1;2;1;2;2;2; ;5;2; ;1;2;1;2;1;1;1;1;1;3;1;1;01;08;07;08;569,92006609424
4671312;1;3;1;1;1;1;1;1;3;4; ; ; ;500000; ;2;1;1;2;1;1;1;2;2;2;1;2;2;2;2;2;1;2;1;2;2;1;1;1;2; ;1;1;1;2;1;1;1;1;1;3;1;1;01;08;07;08;597,523116278102
4671313;1;4;1;1;1;1;1;1;3;1; ; ;99;600000; ;1;1;1;1;1;1;1;2;2;2;1;1;2;1;2;1;1;2;2;2;2;1;2;2;2; ;1;1;1;4;1;2;1;1;1;3;1;1;01;08;07;08;526,316047253461
4671314;1;5;2;1;1;1;1;1;3;4; ; ; ;700000; ;1;2;1;1;1;1;1;2;2;2;1;2;1;2;2;2;1;2;2;2;2;1;2;4;2; ;1;1;1;4;1;2;1;1;1;3;1;1;01;08;07;08;501,804240078683
4671315;1;3;2;1;1;1;1;1;3;3; ; ; ; ;400000;2;2;1;2;1;1;1;2;2;2;1;1;1;2;2;2;1;2;2;2;2;1;3;6;2; ;1;1;1;2;1;1;1;1;1;3;1;1;01;08;07;08;680,165111246301
4671316;1;3;2;1;1;1;1;1;3;3; ; ; ; ;550000;2;2;2;2;1;1;1;1;1;2;1;2;2;2;2;2;1;2;1;2;2;1;2;3;1;1;1;2;1;4;1;2;1;1;1;3;1;1;01;08;07;08;580,731014414168
4671317;1;4;2;1;1;1;1;1;3;1; ; ;15000000;500000; ;1;1;2;2;1;1;1;2;2;2;1;2;2;2;2;2;1;2;2;2;2;1;2;2;2; ;1;2;1;4;1;2;1;1;1;3;1;1;01;08;07;08;557,248686485081
4671318;1;4;3;1;1;1;1;3;3;1; ; ;90000000;400000; ;1;1;1;1;1;1;1;2;2;2;1;2;1;1;2;2;1;2;1;2;2;1;4;4;2; ;1;1;1;4;1;3;1;1;1;3;1;1;01;08;07;08;523,776221209586
4671319;1;4;3;1;1;1;1;3;3;1; ; ;98;300000; ;2;2;2;1;1;1;1;2;1;2;1;2;1;2;2;2;1;1;2;2;2;1;2;3;2; ;1;1;1;2;1;1;1;1;1;3;1;1;01;08;07;08;550,710306907273
4671320;1;4;1;1;1;1;1;1;3;3; ; ; ; ;900000;2;2;1;1;1;1;1;1;2;2;1;1;1;1;2;1;1;2;1;1;2;1;1;1;2; ;1;2;1;4;1;3;1;1;1;3;1;1;01;08;07;08;597,523116278102
4671321;1;3;1;1;1;1;1;1;3;1; ; ;99;500000; ;1;1;1;1;1;1;1;2;2;2;1;2;2;1;2;2;1;2;2;2;2;1;2;2;2; ;1;2;1;4;1;2;1;1;1;3;1;1;01;08;07;08;543,703803230037
4671322;1;4;1;1;1;1;1;3;3;1; ; ;98;98; ;1;1;1;1;1;1;1;2;2;2;1;2;1;2;2;1;1;2;2;2;2;1;2;2;2; ;1;1;1;4;1;2;1;1;1;3;1;1;01;08;07;08;557,248686485081
4671323;1;5;3;1;1;1;1;1;3;1; ; ;12000000;650000; ;1;1;1;1;1;1;1;1;1;2;1;2;1;1;2;2;1;2;1;2;2;1;3;4;2; ;1;2;1;4;1;2;1;1;1;3;1;1;01;08;07;08;690,125272213982
4671324;1;4;3;1;1;1;1;3;3;4; ; ; ;380000; ;2;1;2;1;1;1;1;2;2;2;1;2;2;2;2;2;1;1;1;2;2;1;4;7;2; ;1;1;1;4;1;2;1;1;1;3;1;1;01;08;07;08;584,438974961793
4671325;1;3;1;1;1;1;1;1;3;3; ; ; ; ;300000;2;2;2;2;1;1;1;2;2;2;1;2;2;2;2;2;1;2;2;2;2;1;1;1;2; ;1;1;1;4;1;1;1;1;1;3;1;1;01;08;07;08;501,92178759965
4671326;1;3;2;1;1;1;1;1;3;3; ; ; ; ;600000;2;1;1;1;1;1;1;2;2;2;1;2;2;2;2;2;1;2;2;2;2;1;2;4;2; ;1;2;1;4;1;2;1;1;1;3;1;1;01;08;07;08;608,776219355589
4671327;1;4;2;1;1;1;1;1;3;1; ; ;6000000;600000; ;1;1;1;1;1;1;1;1;1;2;1;1;1;1;2;1;1;2;1;2;2;1;3;5;2; ;1;1;1;4;1;2;1;1;1;3;1;1;01;08;07;08;617,514973643657
4671328;1;3;2;1;1;1;1;1;3;3; ; ; ; ;750000;2;2;2;1;1;1;1;2;2;2;1;2;1;2;2;2;1;2;2;2;2;1;2;5;2; ;1;2;1;4;1;2;1;1;1;3;1;1;01;08;07;08;532,514975497654
4671329;1;4;3;1;1;1;1;1;3;2; ;900000;130000000;600000; ;2;1;1;1;1;1;1;2;1;2;1;2;1;1;2;1;1;2;2;2;2;1;3;4;2; ;1;2;1;4;1;2;1;1;1;3;1;1;01;08;07;08;690,125272213982
4671330;1;3;2;1;1;1;1;1;3;3; ; ; ; ;620000;2;2;2;1;1;1;1;2;2;2;1;1;2;2;2;2;1;2;2;2;2;1;3;5;2; ;1;2;1;4;1;2;1;1;1;3;1;1;01;08;07;08;513,723989975394
4671331;1;4;2;1;1;1;1;3;3;3; ; ; ; ;550000;1;2;1;2;1;1;1;2;2;2;1;2;2;2;2;1;1;1;2;2;2;1;1;4;2; ;1;1;1;4;1;2;1;1;1;3;1;1;01;08;07;08;448,743644116353
4671332;1;4;3;1;1;1;1;1;3;1; ; ;50000000;400000; ;2;2;2;2;1;1;1;2;2;2;2;2;1;2;2;2;1;2;2;2;2;1;4;4;2; ;1;1;1;4;1;2;1;1;1;3;1;1;01;08;07;08;426,771662985449
4671333;1;4;2;1;1;1;1;3;3;1; ; ;100000000;500000; ;1;1;1;1;1;1;1;2;1;2;1;2;1;1;2;1;1;1;1;1;2;1;3;4;2; ;1;2;1;4;1;2;1;1;1;3;1;1;01;08;07;08;583,153292937076
4671334;1;4;3;1;1;1;1;1;3;2; ;460000;300000000;500000; ;1;1;1;1;1;1;1;2;2;2;1;2;2;1;2;1;1;2;2;2;2;1;4;4;2; ;1;2;1;4;1;2;1;1;1;3;1;1;01;08;07;08;452,791055997593
4671335;1;4;3;1;1;1;1;3;3;1; ; ;100000000;500000; ;1;1;1;1;1;1;1;2;2;2;1;1;1;1;2;1;1;2;2;1;2;1;3;4;2; ;1;1;1;4;1;3;1;1;1;3;1;1;01;08;07;08;690,125272213982
4671336;1;2;2;1;1;1;1;1;3;3; ; ; ; ;420000;1;1;2;1;1;1;1;2;2;2;1;2;2;1;2;2;1;2;2;2;2;1;5;7;2; ;1;2;1;4;1;2;1;1;1;3;1;1;01;08;07;08;525,061903234304
4671337;1;4;2;1;1;1;1;1;3;1; ; ;98;500000; ;2;2;2;2;1;1;1;2;2;2;1;2;2;2;2;2;1;2;2;2;2;2; ;3;2; ;1;1;1;4;1;2;1;1;1;3;1;1;01;08;07;08;486,041617460439
4671338;1;3;1;1;1;1;1;1;3;3; ; ; ; ;600000;2;1;1;2;1;1;1;2;2;2;1;2;2;2;2;2;1;2;2;2;2;1;2;2;2; ;1;2;1;4;1;2;1;1;1;3;1;1;01;08;07;08;543,703803230037
4671339;1;4;2;1;1;1;1;1;3;4; ; ; ;500000; ;2;1;2;2;1;1;1;2;2;2;1;2;2;2;2;2;1;1;1;2;2;1;2;5;2; ;1;1;1;4;1;2;1;1;1;3;1;1;01;08;07;08;670,41959400618
4671340;1;4;3;1;1;1;1;1;3;1; ; ;80000000;700000; ;2;2;2;1;1;1;1;1;1;2;1;2;2;2;2;2;1;2;2;2;2;1;2;4;2; ;1;1;1;4;1;2;1;1;1;3;1;1;01;08;07;08;619,140107001989
4671341;1;3;2;1;1;1;1;1;3;3; ; ; ; ;500000;2;1;2;1;1;1;1;1;2;2;1;2;2;1;2;1;1;1;2;2;2;1;2;4;2; ;1;2;1;4;1;2;1;1;1;3;1;1;01;08;07;08;775,125270359985
4671342;1;4;3;1;1;1;1;1;3;2; ;1000000;80000000;800000; ;1;1;1;1;1;1;1;2;2;2;1;2;1;1;2;1;1;1;1;1;2;1;4;4;2; ;1;2;1;4;1;2;1;1;1;3;1;1;01;08;07;08;523,776221209586
4671343;1;3;2;1;1;1;1;1;3;3; ; ; ; ;600000;2;2;2;1;1;1;1;2;2;2;1;2;2;2;2;2;1;2;2;2;2;1;2;7;2; ;1;2;1;4;1;2;1;1;1;3;1;1;01;08;07;08;694,369553947281
4671344;1;3;2;1;1;1;1;1;3;1; ; ;80000000;400000; ;2;1;2;1;1;1;1;2;2;2;1;2;2;2;2;2;1;2;2;2;2;1;1;3;2; ;1;1;1;4;1;2;1;1;1;3;1;1;01;08;07;08;577,595534257652
4671345;1;2;1;1;1;1;1;1;3;1; ; ;98;350000; ;1;1;1;1;1;1;1;1;2;2;1;1;1;1;2;1;1;2;2;2;2;1;2;3;2; ;1;2;1;4;1;2;1;1;1;3;1;1;01;08;07;08;552,442557518104
4671346;1;2;1;1;1;1;1;6; ;1; ; ;30000000;400000; ;1;1;1;2;1;2;1;2;2;2;1;2;1;2;2;2;2;2;2;2;2;1;1;3;2; ;1;2;1;2;1;2;2;1;1;3;1;1;01;08;07;08;541,371277306689
4671347;1;4;3;1;1;1;1;1;3;1; ; ;60000000;500000; ;1;1;1;1;1;1;1;1;2;2;1;2;1;1;2;2;1;2;2;2;2;1;2;4;2; ;1;2;1;2;1;2;1;1;1;3;1;1;01;08;07;08;598,80879830282
4671348;1;2;2;1;1;1;1;1;3;1; ; ;50000000;500000; ;2;2;1;1;1;1;1;2;2;2;2;2;1;1;2;2;1;2;2;2;2;1;3;3;2; ;1;1;1;2;1;2;1;1;1;3;1;1;01;08;07;08;499,381961555775
4671349;1;4;2;1;1;1;1;1;3;4; ; ; ;400000; ;2;1;1;1;2;1;1;2;2;2;1;2;2;2;2;2;1;1;2;2;2;1;2;7;2; ;1;1;1;2;1;2;1;1;1;3;1;1;01;08;07;08;594,406396014563
4671350;1;2;1;1;1;1;1;1;3;4; ; ; ;500000; ;2;1;1;1;1;1;1;2;2;2;1;2;1;2;2;2;1;2;2;2;2;1;2;3;2; ;1;2;1;2;1;2;1;1;1;3;1;1;01;08;07;08;574,414538649008
4671352;1;4;1;1;1;1;1;1;3;4; ; ; ;98; ;1;1;1;1;1;1;1;1;1;2;1;1;1;1;2;1;1;2;2;1;2;1;1;1;1;2;1;2;1;4;1;3;1;1;1;3;1;1;01;08;07;08;522,490539184869
4671353;1;4;3;1;1;1;1;1;3;3; ; ; ; ;300000;2;2;2;1;1;1;1;2;2;2;1;1;1;2;2;2;1;1;2;2;2;1;2;6;2; ;1;2;1;4;1;2;1;1;1;3;1;1;01;08;07;08;652,273120943868
4671354;1;3;2;1;1;1;1;1;3;3; ; ; ; ;350000;2;2;2;2;1;1;1;1;2;2;1;1;2;1;2;2;1;2;2;2;2;1;2;5;2; ;1;2;1;4;1;1;1;1;1;3;1;1;01;08;07;08;518,262699677594
4671355;1;3;2;1;1;1;1;1;3;1; ; ;98;300000; ;2;1;1;1;1;1;1;1;2;2;1;2;2;1;2;2;1;2;2;2;2;1;4;4;2; ;1;1;1;2;1;1;1;1;1;3;1;2;01;08;07;08;690,125272213982
4671356;1;4;2;1;1;1;1;3;3;1; ; ;98;1600000; ;1;1;1;1;1;1;1;2;1;2;1;2;1;1;2;1;1;1;2;1;2;1;2;2;2; ;1;2;1;4;1;6;1;1;1;3;1;1;01;08;07;08;528,048297864293
4671357;1;3;2;1;1;1;1;1;3;1; ; ;600000000;1000000; ;2;1;2;1;1;1;1;1;2;2;1;2;2;2;2;1;1;2;2;2;2;1;1;1;2; ;1;2;1;4;1;6;1;1;1;3;1;1;01;08;07;08;501,92178759965
4671358;1;4;2;1;1;1;1;3;3;4; ; ; ;2200000; ;1;1;1;1;1;1;1;1;2;2;1;1;1;1;2;1;1;2;2;1;2;1;2;2;2; ;1;2;1;4;1;6;1;1;1;3;1;1;01;08;07;08;532,632523018621
4671359;1;4;3;1;1;1;1;1;3;1; ; ;98;300000; ;1;2;1;1;2;2;1;2;2;2;1;2;1;1;2;2;1;1;2;2;2;1;2;6;2; ;1;1;1;2;1;1;1;1;1;3;1;2;01;08;07;08;518,967331281792
4671360;1;3;2;1;1;1;1;1;3;4; ; ; ;400000; ;1;1;1;1;1;1;1;2;2;2;1;2;1;1;2;1;1;1;2;2;2;1;4;4;2; ;1;2;1;2;1;1;1;1;1;3;1;1;01;08;07;08;598,80879830282
4671361;1;3;1;1;1;1;1;3;3;3; ; ; ; ;925000;1;1;1;1;1;1;1;2;2;2;1;2;1;1;2;1;1;2;2;1;2;1;2;2;2; ;1;2;1;4;1;6;1;1;1;3;1;1;01;08;07;08;550,020278995197
4671362;1;2;1;1;1;1;1;1;3;1; ; ;35000000;300000; ;2;1;2;1;1;1;1;1;2;2;1;1;1;2;2;2;1;2;2;2;2;1;1;1;2; ;1;2;1;4;1;1;1;1;1;3;1;1;01;08;07;08;501,92178759965
4671363;1;4;2;1;1;1;1;1;3;1; ; ;98;2000000; ;1;1;1;1;1;1;1;1;1;2;1;2;2;1;2;1;1;2;2;1;2;1;2;2;2; ;1;2;1;4;1;6;1;1;1;3;1;1;01;08;07;08;468,671226136803
4671364;1;3;2;1;1;1;1;1;3;1; ; ;40000000;500000; ;1;2;2;2;1;2;1;2;2;2;1;2;2;2;2;2;1;2;2;2;2;1;1;6;2; ;1;1;1;2;1;1;1;1;1;3;1;1;01;08;07;08;545,301141666962
4671365;1;3;2;1;1;1;1;1;3;1; ; ;60000000;400000; ;2;2;2;1;1;1;1;1;1;2;1;2;2;2;2;1;1;2;2;2;2;1;1;2;2; ;1;1;1;4;1;1;1;1;1;3;1;2;01;08;07;08;577,8174380703
4671366;1;5;3;1;1;1;1;1;3;1; ; ;90000000;500000; ;1;1;1;1;1;1;1;2;2;2;1;1;2;1;2;1;1;1;2;1;2;1;2;7;2; ;1;1;1;4;1;1;1;1;1;3;1;1;01;08;07;08;520,682217239684
4671367;1;6;4;1;1;1;1;1;3;4; ; ; ;600000; ;2;1;2;2;1;1;1;1;2;2;1;2;2;2;2;2;1;2;2;2;2;1;2;5;2; ;1;1;1;4;1;1;1;1;1;3;1;2;01;08;07;08;558,534368509798
4671368;1;4;3;1;1;1;1;1;3;1; ; ;98;600000; ;1;1;1;1;1;1;1;1;1;2;1;1;1;1;2;1;1;2;2;1;2;1;5;5;2; ;1;1;1;4;1;2;1;1;1;3;1;1;01;08;07;08;494,573071627981
4671369;1;4;2;1;1;1;1;1;3;1; ; ;120000000;600000; ;2;1;1;1;1;1;1;2;2;2;1;2;1;1;2;1;1;2;2;2;2;1;2;3;1;1;1;1;1;4;1;2;1;1;1;6;1;1;01;08;07;08;558,759033283264
4671370;1;3;2;1;1;1;1;1;3;1; ; ;100000000;650000; ;1;1;1;1;1;1;1;2;2;2;1;2;1;1;2;1;1;2;2;2;2;1;2;3;2; ;1;2;1;4;1;2;1;1;1;6;1;1;01;08;07;08;568,098062883848
4671371;1;4;4;1;1;1;1;3;3;4; ; ; ;300000; ;2;2;2;1;1;1;1;2;2;2;1;2;2;2;2;2;1;1;2;2;2;1;1;11;2; ;1;2;1;4;1;1;1;1;1;3;1;1;01;08;07;08;724,081278586702
4671372;1;4;2;1;1;1;1;1;3;3; ; ; ; ;600000;1;1;1;1;1;1;1;2;2;2;1;1;1;1;2;1;1;2;2;2;2;1;3;4;2; ;1;1;1;4;1;2;1;1;1;6;1;1;01;08;07;08;588,20746777037
4671373;1;4;2;1;1;1;1;1;3;1; ; ;100000000;600000; ;2;1;1;1;1;1;1;1;2;2;1;2;2;2;2;1;1;2;2;2;2;1;1;2;2; ;1;2;1;4;1;2;1;1;1;6;1;1;01;08;07;08;652,850015163534
4671374;1;4;3;1;1;1;1;1;3;1; ; ;70000000;800000; ;1;1;1;1;1;1;1;1;1;2;1;2;1;2;2;1;1;2;2;1;2;1;4;5;2; ;1;1;1;4;1;2;1;1;1;6;1;1;01;08;07;08;452,569152184945
4671375;1;4;3;1;1;1;1;1;3;1; ; ;100000000;600000; ;1;1;1;1;1;1;1;2;1;2;1;2;1;1;2;1;1;2;1;2;2;1;4;6;2; ;1;1;1;4;1;2;1;1;1;6;1;1;01;08;07;08;652,273120943868
4671376;1;5;3;1;1;1;1;1;3;1; ; ;150000000;1200000; ;1;1;1;1;1;1;1;2;2;2;1;1;1;2;2;2;1;1;2;2;2;1;3;4;2; ;1;1;1;4;1;2;1;1;1;6;1;1;01;08;07;08;619,140107001989
4671377;1;3;1;1;1;1;1;1;3;1; ; ;99;700000; ;2;2;2;1;1;1;1;2;1;2;1;1;1;2;2;2;1;2;1;2;2;1;2;2;2; ;1;2;1;4;1;2;1;1;1;3;1;1;01;08;07;08;543,703803230037
4671378;1;4;2;1;1;1;1;1;3;1; ; ;100000000;400000; ;1;1;1;1;1;1;1;2;2;2;1;2;2;1;2;2;1;2;2;2;2;1;2;4;2; ;1;1;1;4;1;2;1;1;1;3;1;1;01;08;07;08;605,595223746945
4671379;1;3;2;1;1;1;1;1;3;1; ; ;80000000;700000; ;1;1;1;1;1;1;1;1;2;2;1;2;2;1;2;1;1;2;2;2;2;1;3;3;2; ;1;2;1;4;1;2;1;1;1;6;1;1;01;08;07;08;581,642946138892
4671380;1;2;1;1;1;1;1;3;3;3; ; ; ; ;380000;2;2;1;2;2;1;1;2;2;2;2;2;2;2;2;2;1;2;1;2;2;1;1;2;2; ;1;2;1;4;1;2;1;1;1;3;1;1;01;08;07;08;546,884798838681
4671381;1;4;3;1;1;1;1;3;3;1; ; ;98;98; ;1;1;1;1;1;1;1;2;2;2;1;2;2;1;2;2;1;2;2;2;2;1;1;4;2; ;1;1;1;4;1;2;1;1;1;3;1;1;01;08;07;08;558,756272322446
4671382;1;7;3;1;1;1;1;1;3;1; ; ;80000000;350000; ;2;2;2;1;1;1;1;2;2;2;1;2;2;2;2;2;1;2;2;2;2;1;2;4;2; ;1;1;1;4;1;2;1;1;1;3;1;1;01;08;07;08;598,80879830282
4671383;1;3;2;1;1;1;1;1;3;1; ; ;65000000;400000; ;1;1;1;1;1;1;1;2;2;2;1;2;2;1;2;2;1;1;1;2;2;1;4;4;2; ;1;1;1;4;1;2;1;1;1;3;1;1;01;08;07;08;537,32110446463
4671384;1;3;1;1;1;1;1;1;3;1; ; ;80000000;600000; ;1;1;1;1;1;1;1;2;1;2;1;1;1;1;2;1;1;1;2;2;2;1;2;2;2; ;1;2;1;4;1;2;1;1;1;3;1;1;01;08;07;08;543,703803230037
4671385;1;3;2;1;1;1;1;1;3;3; ; ; ; ;300000;2;2;2;2;1;1;1;2;2;2;1;2;1;2;2;1;1;2;2;2;2;1;3;4;2; ;1;2;1;2;1;2;1;1;1;3;1;1;01;08;07;08;618,273690729393
4671386;1;4;2;1;1;1;1;1;3;1; ; ;98;350000; ;1;1;2;1;1;1;1;2;2;2;1;2;2;2;2;2;1;2;2;2;2;1;2;3;2; ;1;1;1;4;1;2;1;1;1;3;1;1;01;08;07;08;493,065485790615
4671387;1;3;2;1;1;1;1;1;3;3; ; ; ; ;380000;2;2;2;2;1;1;1;2;2;2;1;2;2;2;2;2;1;2;2;2;2;1;2;3;2; ;1;2;1;4;1;2;1;1;1;3;1;1;01;08;07;08;477,409980424871
4671388;1;3;2;1;1;1;1;1;3;3; ; ; ; ;500000;2;1;1;1;1;1;1;2;2;2;1;2;2;1;2;2;1;2;1;2;2;2; ;3;2; ;1;2;1;4;1;2;1;1;1;3;1;1;01;08;07;08;536,78705215236
4671389;1;4;3;1;1;1;1;3;3;3; ; ; ; ;700000;2;1;1;1;1;1;1;1;2;2;1;2;1;1;2;2;1;1;1;1;2;1;3;5;2; ;1;2;1;4;1;3;1;1;1;3;1;1;01;08;07;08;635,836009486951
4671390;1;4;2;1;1;1;1;1;3;1; ; ;98;1000000; ;1;1;1;1;1;1;1;1;1;2;1;1;1;1;2;2;1;1;2;2;2;1;3;3;2; ;1;2;1;4;1;3;1;1;1;3;1;1;01;08;07;08;493,065485790615
4671391;1;4;3;1;1;1;1;1;3;3; ; ; ; ;1180000;2;1;1;2;1;1;1;2;2;2;1;2;2;1;2;2;1;2;2;2;2;1;4;4;1;4;1;2;1;4;1;3;1;1;1;3;1;1;01;08;07;08;367,39459125796
4671392;1;4;3;1;1;1;1;1;3;1; ; ;120000000;500000; ;1;1;1;1;1;1;1;2;2;2;1;2;1;1;2;1;1;2;1;2;2;1;5;5;2; ;1;1;1;4;1;3;1;1;1;3;1;1;01;08;07;08;552,217892744638
4671393;1;3;2;1;1;1;1;1;3;4; ; ; ;400000; ;1;1;2;1;1;1;1;2;2;2;1;2;2;2;2;2;1;2;2;2;2;1;2;6;2; ;1;1;1;2;1;2;1;1;1;3;1;1;01;08;07;08;531,756258411918
4671394;1;3;1;1;1;1;1;3;3;1; ; ;60000000;400000; ;2;2;2;2;1;1;1;2;2;2;1;2;1;2;2;2;1;2;2;2;2;1;1;1;2; ;1;1;1;2;1;1;1;1;1;3;1;1;01;08;07;08;597,523116278102
4671395;1;5;4;1;1;1;1;3;3;1; ; ;350000000;1200000; ;1;1;1;1;1;1;1;1;1;1;1;1;1;1;2;1;1;2;2;1;2;1;4;4;2; ;1;2;1;4;1;6;1;1;1;3;1;1;01;08;07;08;608,306269676624
4671396;1;4;3;1;1;1;1;1;3;1; ; ;99;1400000; ;2;1;1;1;1;1;1;2;1;2;1;1;1;1;1;1;1;2;2;1;2;1;4;4;2; ;1;2;1;4;1;4;1;1;1;3;1;1;01;08;07;08;523,776221209586
4671397;1;3;2;1;1;1;1;1;3;3; ; ; ; ;550000;2;1;1;1;1;1;1;2;2;2;1;2;2;1;2;2;1;2;2;2;2;1;2;2;2; ;1;2;1;4;1;3;1;1;1;3;1;1;01;08;07;08;621,917375931914
4671398;1;4;3;1;1;1;1;1;3;1; ; ;98;2000000; ;1;1;1;1;1;1;1;1;1;1;1;1;2;1;2;1;1;2;2;1;2;1;4;4;2; ;1;2;1;4;1;6;1;1;1;3;1;1;01;08;07;08;473,359807582813
4671399;1;3;1;1;1;1;1;1;3;1; ; ;98;600000; ;2;1;1;2;1;1;1;1;2;2;1;1;2;1;2;1;1;2;2;1;2;1;1;1;2; ;1;2;1;4;1;6;1;1;1;3;1;1;01;08;07;08;501,92178759965
4671400;1;3;2;1;1;1;1;1;3;3; ; ; ; ;650000;2;2;2;1;1;1;1;2;2;2;1;2;2;2;2;2;1;1;2;2;2;1;1;3;2; ;1;2;1;4;1;2;1;1;1;3;1;1;01;08;07;08;552,442557518104
4671404;1;3;2;1;1;1;1;1;3;3; ; ; ; ;400000;2;1;2;1;1;1;1;2;2;2;1;2;2;2;2;2;1;2;2;2;2;1;2;3;2; ;1;2;1;2;1;2;1;1;1;3;1;1;01;08;07;08;659,414536795011
4671413;1;3;2;1;1;1;1;1;3;3; ; ; ; ;800000;2;1;2;2;1;1;1;2;2;1;1;2;2;2;2;2;2;2;2;2;2;1;2;4;2; ;1;2;1;4;1;3;1;1;1;3;1;1;01;11;07;11;2632,58724536413
4671414;1;2;2;1;1;1;1;1;3;3; ; ; ; ;300000;1;1;1;2;1;1;1;2;2;2;1;2;1;2;2;2;2;1;2;2;2;1;2;4;2; ;1;2;1;4;1;2;1;1;1;3;1;1;01;11;07;11;4342,41849197396
4671415;1;3;2;1;1;1;1;1;3;1; ; ;180000000;450000; ;1;1;1;1;1;1;1;1;2;1;1;1;2;1;2;2;2;1;2;2;2;1;3;2;2; ;1;2;1;4;1;2;1;1;1;3;1;1;01;11;07;11;2814,12986996091
4671416;1;6;2;1;1;1;1;1;3;1; ; ;600000000;2500000; ;1;1;1;1;1;1;1;1;1;1;1;1;1;1;1;2;2;1;2;1;2;1;3;3;2; ;1;1;1;6;1;5;1;1;1;3;1;1;01;11;07;11;2229,43869893052
4671417;1;5;3;1;1;1;1;1;3;1; ; ;350000000;1200000; ;1;1;1;1;1;1;1;2;1;1;1;2;2;1;2;2;2;2;1;2;2;1;1;3;2; ;1;2;1;4;1;3;1;1;1;3;1;1;01;11;07;11;2707,61715165337
4671418;1;6;3;2;1;1;1;1;3;1; ; ;890000000;3000000; ;1;1;1;1;1;1;1;1;1;1;1;2;2;1;1;2;2;2;2;1;2;1;3;3;2; ;1;1;1;6;1;5;1;2;1;3;1;1;01;11;07;11;2785,13006787783
4671419;1;6;2;2;1;1;1;1;3;1; ; ;700000000;3000000; ;1;1;1;1;1;1;1;1;1;1;1;1;1;1;1;2;2;1;2;1;2;1;2;2;2; ;1;1;1;6;1;5;1;2;1;3;1;1;01;11;07;11;2598,05569570257
4671420;1;4;3;1;1;1;1;1;3;3; ; ; ; ;1250000;2;1;1;1;1;1;1;1;2;1;1;1;2;1;2;2;2;1;2;2;2;1;2;4;2; ;1;2;1;4;1;3;1;1;1;3;1;1;01;11;07;11;4077,47495014776
4671421;1;5;1;2;1;1;1;1;3;1; ; ;800000000;98; ;1;1;1;1;1;1;1;1;1;1;1;1;1;1;1;2;2;2;2;1;2;1;2;2;2; ;1;1;1;4;1;5;1;2;1;3;1;1;01;11;07;11;2598,05569570257
4671422;1;3;2;2;1;1;1;1;3;4; ; ; ;700000; ;1;1;2;1;1;1;1;1;2;1;1;1;1;2;2;2;2;1;1;2;2;1;1;3;2; ;1;2;1;4;1;5;1;2;1;3;1;1;01;11;07;11;4235,65908710816
4671423;1;5;2;1;1;1;1;1;3;4; ; ; ;240000; ;2;1;2;2;1;1;1;2;2;2;1;2;2;2;2;2;2;2;2;2;2;1;2;2;2; ;1;1;1;4;1;3;1;1;1;3;1;1;01;11;07;11;2814,12986996091
4671425;1;5;3;1;1;1;1;1;3;3; ; ; ; ;1200000;1;1;1;1;1;1;1;2;2;1;1;2;2;1;2;2;2;1;2;1;2;1;4;4;2; ;1;2;1;4;1;3;1;1;1;3;1;1;01;11;07;11;2626,94593091742
4671426;1;4;2;1;1;1;1;1;3;1; ; ;98;1200000; ;1;1;1;1;1;1;1;2;1;1;1;1;1;1;1;2;2;2;2;1;1;1;3;3;2; ;1;2;1;4;1;3;1;1;1;3;1;1;01;11;07;11;2785,13006787783
4671427;1;2;1;1;1;1;1;1;3;1; ; ;280000000;1300000; ;1;1;1;1;1;1;1;1;2;1;1;1;2;1;1;2;2;2;2;2;2;1;1;1;2; ;1;2;1;6;1;2;1;1;1;7;1;1;01;11;07;11;2843,84412651165
4671428;1;2;1;1;1;1;1;1;3;3; ; ; ; ;1600000;1;1;1;1;1;1;1;1;2;1;1;2;2;2;2;2;2;2;2;2;2;1;1;1;2; ;1;2;1;4;1;2;1;1;1;7;1;1;01;11;07;11;3049,82692314578
4671429;1;4;1;1;1;1;1;1;3;4; ; ; ;800000; ;1;1;1;1;1;1;1;2;1;1;1;1;1;1;1;2;2;1;2;1;2;1;1;1;2; ;1;2;1;4;1;3;1;1;1;3;1;1;01;11;07;11;2921,35704273611
4671430;1;2;2;2;1;1;1;1;4;4; ; ; ;500000; ;2;1;1;1;1;1;1;2;1;2;1;2;1;1;2;2;2;1;1;2;2;1;4;4;2; ;1;1;1;4;1;5;2;2;1;3;1;1;01;11;07;11;2497,7615960401
4671431;1;5;3;2;1;1;10;1;3;1; ; ;130000000;98; ;1;1;1;1;1;1;1;1;1;1;1;1;1;1;1;2;2;1;2;1;2;1;3;4;2; ;1;1;1;4;1;5;1;2;1;3;1;1;01;11;07;11;3375,70923991319
4671432;1;7;5;1;1;1;1;1;3;1; ; ;98;98; ;1;1;2;1;1;1;1;2;2;1;1;2;1;2;2;2;2;2;1;2;2;1;3;7;2; ;1;1;1;4;1;3;1;1;1;3;1;1;01;11;07;11;4672,26017416539
4671433;1;2;1;1;1;1;1;1;3;4; ; ; ;800000; ;2;1;1;1;1;1;1;1;2;1;1;2;2;2;2;2;2;2;2;1;2;1;1;1;2; ;1;2;1;4;1;2;1;1;1;7;1;1;01;11;07;11;3189,10263564732
4671434;1;4;3;1;1;1;1;1;3;1; ; ;300000000;1000000; ;1;1;1;1;1;1;1;1;1;1;1;1;1;1;1;2;2;1;1;1;1;1;4;4;2; ;1;2;1;4;1;3;1;1;1;3;1;1;01;11;07;11;2632,58724536413
4671435;1;4;2;1;1;1;1;1;3;4; ; ; ;600000; ;2;1;1;1;1;1;1;2;2;2;1;2;2;1;2;2;2;2;2;2;2;1;2;4;2; ;1;2;1;4;1;2;1;1;1;3;1;1;01;11;07;11;4342,41849197396
4671436;1;5;2;2;1;1;1;1;3;1; ; ;100000000;98; ;1;1;1;1;1;1;1;1;1;1;1;1;1;1;1;2;2;2;2;1;1;1;3;3;2; ;1;1;1;4;1;5;1;2;1;3;1;1;01;11;07;11;2707,61715165337
4671437;1;3;3;1;1;1;1;1;3;3; ; ; ; ;750000;1;1;1;1;1;1;1;2;1;1;1;1;2;1;2;2;2;1;2;2;2;1;3;3;2; ;1;2;1;4;1;3;1;1;1;3;1;1;01;11;07;11;2790,77138232453
4671439;1;4;1;2;1;1;1;1;4;3; ; ; ; ;2000000;2;1;1;1;1;1;1;1;2;1;1;1;2;2;2;2;2;1;2;1;2;1;1;1;2; ;1;1;1;6;1;5;2;2;1;3;1;1;01;11;07;11;3049,82692314578
4671441;1;2;1;1;1;1;1;1;3;1; ; ;300000000;1500000; ;2;1;2;1;1;1;1;1;1;1;1;1;1;2;2;2;2;2;2;1;2;1;1;1;2; ;1;2;1;6;1;2;1;1;1;7;1;1;01;11;07;11;3049,82692314578
4671442;1;2;1;2;1;1;10;1;4;3; ; ; ; ;100000;2;2;2;1;1;1;1;1;2;2;1;1;1;2;2;2;2;2;1;2;2;1;1;3;2; ;1;1;1;4;1;5;2;2;1;3;2; ;01;11;07;11;3266,14778396238
4671444;1;2;1;1;1;1;1;1;3;3; ; ; ; ;1100000;1;2;1;1;1;1;1;1;2;1;1;2;1;2;1;2;2;1;2;2;2;1;1;1;2; ;1;2;1;4;1;2;1;1;1;7;1;1;01;11;07;11;3189,10263564732
4671445;1;2;1;1;1;1;1;1;3;3; ; ; ; ;1400000;2;1;1;1;1;1;1;1;2;1;1;2;1;1;2;2;2;1;2;1;1;1;1;1;2; ;1;2;1;4;1;2;1;1;1;3;1;1;01;11;07;11;2833,75274888743
4671447;1;3;1;1;1;1;1;1;3;4; ; ; ;98; ;1;1;1;1;1;1;1;1;1;1;1;1;1;1;2;2;2;2;2;2;2;1;1;1;2; ;1;2;1;4;1;3;1;1;1;3;1;1;01;11;07;11;2843,84412651165
4671448;1;3;2;1;1;1;1;1;3;3; ; ; ; ;550000;1;1;1;1;1;1;1;2;2;1;1;2;2;1;2;2;2;2;2;2;2;1;2;3;2; ;1;2;1;4;1;3;1;1;1;3;1;1;01;11;07;11;4235,65908710816
4671449;1;2;1;1;1;1;1;1;3;1; ; ;270000000;1200000; ;1;1;1;1;1;1;1;1;1;1;1;2;1;1;1;2;2;1;2;2;2;1;2;2;2; ;1;2;1;6;1;2;1;1;1;7;1;1;01;11;07;11;2814,12986996091
4671450;1;2;2;1;2;1;1;1;3;3; ; ; ; ;765000;2;2;2;2;2;1;1;2;2;2;1;2;2;2;2;2;2;2;2;2;2;1;4;8;2; ;1;4;1;4;1;3;1;1;1;3;1;1;01;11;07;11;3062,42691591233
4671451;1;1;1;1;2;1;1;1;3;3; ; ; ; ;400000;2;2;2;2;2;2;1;2;2;2;2;2;2;2;2;2;2;2;2;2;2;1;1;1;2; ;1;4;1;4;1;3;1;1;1;3;1;1;01;11;07;11;3049,82692314578
4671452;1;4;2;1;1;1;1;1;3;1; ; ;98;1000000; ;1;1;1;1;1;1;1;2;2;1;1;2;2;2;2;2;2;1;2;1;2;1;2;3;2; ;1;1;1;4;1;3;1;1;1;3;1;2;01;11;07;11;2352,26726489348
4671453;1;1;1;1;2;1;1;1;3;3; ; ; ; ;350000;1;1;1;1;1;1;1;1;1;1;2;2;2;2;2;2;2;2;2;2;2;1;2;2;2; ;1;4;1;4;1;3;1;1;1;3;1;1;01;11;07;11;3020,11266659503
4671454;1;3;1;1;1;1;1;1;3;1; ; ;98;400000; ;1;2;2;1;1;1;1;1;1;2;1;1;1;1;2;2;2;1;2;2;2;1;1;1;2; ;1;2;1;4;1;3;1;1;1;3;1;1;01;11;07;11;3189,10263564732
4671455;1;4;2;1;1;1;1;1;3;3; ; ; ; ;770000;1;1;1;1;1;1;1;2;2;1;1;1;1;1;2;2;2;1;2;1;2;1;2;3;2; ;1;2;1;4;1;2;1;1;1;3;1;1;01;11;07;11;3266,14778396238
4671456;1;4;1;1;1;1;1;1;3;1; ; ;98;98; ;1;1;1;1;1;1;1;1;1;1;1;1;1;1;2;2;2;1;2;2;2;1;2;2;2; ;1;1;1;4;1;3;1;1;1;3;1;1;01;11;07;11;2598,05569570257
4671457;1;3;2;1;1;1;1;1;3;3; ; ; ; ;300000;1;1;1;1;2;1;1;1;2;2;1;2;1;2;2;2;2;1;2;2;2;1;3;4;2; ;1;2;1;4;1;2;1;1;1;3;1;1;01;11;07;11;3107,96364700197
4671458;1;4;3;1;1;1;1;1;3;4; ; ; ;700000; ;2;1;1;1;2;1;1;2;2;1;1;1;1;1;2;2;2;1;2;2;2;1;3;8;2; ;1;2;1;4;1;2;1;1;1;2;1;1;01;11;07;11;4445,75815325659
4671459;1;4;2;1;1;1;1;1;3;1; ; ;130000000;700000; ;1;2;1;1;1;1;1;2;2;2;1;2;1;1;2;2;2;2;2;2;2;1;2;2;2; ;1;2;1;4;1;2;1;1;1;3;1;1;01;11;07;11;2891,64278618537
4671460;1;2;1;1;1;1;1;1;3;1; ; ;98;300000; ;2;1;2;1;1;1;1;2;2;1;1;1;2;2;2;2;2;1;2;2;2;1;2;2;2; ;1;2;1;4;1;2;1;1;1;3;1;1;01;11;07;11;2598,05569570257
4671461;1;4;2;1;1;1;1;1;3;3; ; ; ; ;450000;1;1;1;1;1;1;1;2;1;2;1;2;2;1;2;2;2;1;2;1;2;1;2;4;2; ;1;2;1;4;1;2;1;1;1;3;1;1;01;11;07;11;3867,04209033612
4671462;1;4;3;1;1;1;1;1;3;3; ; ; ; ;700000;2;1;1;1;1;1;1;1;1;2;1;1;1;1;2;2;2;1;2;2;2;1;4;6;2; ;1;2;1;4;1;3;1;1;1;3;1;1;01;11;07;11;4083,36295115272
4671463;1;3;1;1;1;1;1;1;3;1; ; ;98;350000; ;2;1;2;1;1;1;1;1;2;1;1;2;2;1;2;2;2;1;2;2;2;1;1;3;2; ;1;2;1;4;1;2;1;1;1;3;1;1;01;11;07;11;3266,14778396238
4671464;1;4;3;1;1;1;1;1;3;1; ; ;150000000;700000; ;1;2;1;1;1;1;1;1;1;2;1;2;1;1;1;2;2;1;2;1;2;1;5;5;2; ;1;2;1;4;1;2;1;1;1;3;1;1;01;11;07;11;2053,53738878044
4671465;1;3;2;1;1;1;1;1;3;1; ; ;90000000;600000; ;1;1;1;1;1;1;1;2;2;2;1;2;1;1;1;2;2;2;1;2;2;1;2;2;2; ;1;2;1;4;1;2;1;1;1;3;1;1;01;11;07;11;2814,12986996091
4671466;1;3;2;1;1;1;1;1;3;1; ; ;98;1000000; ;1;1;1;1;1;1;1;1;1;1;1;1;1;1;1;2;2;1;2;2;2;1;2;3;2; ;1;2;1;4;1;2;1;1;1;3;1;1;01;11;07;11;2787,96933123953
4671467;1;4;3;1;1;1;1;1;3;3; ; ; ; ;500000;1;1;1;1;1;1;1;1;1;1;1;2;1;1;2;2;2;1;1;2;2;1;4;6;2; ;1;2;1;4;1;2;1;1;1;3;1;1;01;11;07;11;4422,26569137403
4671468;1;4;2;1;1;1;1;1;3;3; ; ; ; ;650000;2;1;2;1;1;1;1;2;2;1;1;2;2;1;2;2;2;1;1;1;2;1;2;3;2; ;1;2;1;4;1;2;1;1;1;3;1;1;01;11;07;11;3757,48063438531
4671469;1;3;2;1;1;1;1;1;3;1; ; ;98;600000; ;1;1;1;1;1;2;1;2;2;1;1;2;1;1;2;2;2;1;1;1;2;1;3;5;2; ;1;1;1;4;1;2;1;1;1;3;1;1;01;11;07;11;2862,17521619289
4671470;1;3;2;1;1;1;1;1;3;3; ; ; ; ;350000;2;2;2;1;1;1;1;2;2;2;1;2;1;2;2;2;2;2;2;2;2;1;2;2;2; ;1;2;1;4;1;2;1;1;1;3;1;1;01;11;07;11;2953,40558246246
4671471;1;3;2;1;1;1;1;1;3;1; ; ;98;98; ;1;1;2;1;1;1;1;2;2;1;1;1;1;1;2;2;2;2;2;1;2;1;3;3;2; ;1;2;1;4;1;3;1;1;1;3;1;1;01;11;07;11;2785,13006787783
4671473;1;3;1;1;1;1;1;1;3;3; ; ; ; ;630000;1;1;1;1;1;1;1;2;1;1;1;1;1;1;2;2;2;2;1;1;2;1;2;2;2; ;1;2;1;4;1;2;1;1;1;3;1;1;01;11;07;11;3159,38837909658
4671474;1;2;1;1;1;1;1;1;3;4; ; ; ;350000; ;2;2;2;1;1;1;1;1;2;1;1;2;2;2;2;2;2;2;2;2;2;1;1;1;2; ;1;2;1;4;1;2;1;1;1;3;1;1;01;11;07;11;3189,10263564732
4671475;1;4;3;1;1;1;1;1;3;2; ;1200000;120000000;800000; ;1;1;1;1;1;1;1;1;1;1;1;2;1;1;2;2;2;1;1;1;1;1;4;5;2; ;1;2;1;4;1;2;1;1;1;3;1;1;01;11;07;11;2733,70533578322
4671476;1;4;3;1;1;1;1;1;3;3; ; ; ; ;700000;2;1;2;1;1;1;1;2;2;1;1;2;2;2;2;2;2;2;2;2;2;1;2;5;2; ;1;2;1;4;1;2;1;1;1;3;1;1;01;11;07;11;3214,72305186777
4671477;1;4;3;1;1;1;1;1;3;3; ; ; ; ;98;1;1;1;1;1;1;1;1;1;1;1;1;1;1;1;1;1;1;1;2;2;1;4;6;2; ;1;2;1;4;1;2;1;1;1;3;1;1;01;11;07;11;2350,72878908993
4671478;1;4;2;1;1;1;1;3;3;3; ; ; ; ;950000;1;1;1;1;1;1;1;2;2;1;1;1;2;1;1;2;2;2;2;1;2;1;2;3;2; ;1;2;1;4;1;3;1;1;1;3;1;1;01;11;07;11;2795,22144550205
4671479;1;4;2;1;1;1;1;1;3;1; ; ;98;600000; ;1;1;1;1;1;1;1;1;1;1;1;1;1;1;2;2;2;1;2;1;2;1;4;4;2; ;1;2;1;4;1;2;1;1;1;3;1;1;01;11;07;11;2416,51307110578
4671480;1;3;1;1;1;1;1;3;3;3; ; ; ; ;300000;2;1;2;1;1;1;1;2;2;2;1;1;1;2;2;2;2;2;2;2;2;1;1;1;2; ;1;2;1;4;1;2;1;1;1;3;1;1;01;11;07;11;3049,82692314578
4671481;1;4;3;1;1;1;1;1;3;2; ;810000;110000000;700000; ;1;1;1;1;1;1;1;1;1;1;1;1;1;1;2;2;2;1;2;1;2;1;4;4;2; ;1;2;1;4;1;2;1;1;1;3;1;1;01;11;07;11;2422,15438555249
4671482;1;4;2;1;1;1;1;1;3;3; ; ; ; ;675000;1;1;1;1;1;1;1;1;2;1;1;2;1;1;2;2;2;1;2;2;2;1;2;3;2; ;1;2;1;4;1;2;1;1;1;3;1;1;01;11;07;11;2584,78858569041
4671483;1;4;2;1;1;1;1;1;3;3; ; ; ; ;1200000;1;1;1;1;1;1;1;1;1;1;1;2;2;1;2;2;2;2;2;1;2;1;3;3;2; ;1;2;1;4;1;3;1;1;1;3;1;1;01;11;07;11;2790,77138232453
4671484;1;4;1;1;1;1;1;1;3;3; ; ; ; ;350000;1;1;1;1;1;1;1;2;2;1;1;1;1;1;1;2;2;1;1;2;2;1;1;1;2; ;1;2;1;4;1;2;1;1;1;3;1;1;01;11;07;11;3189,10263564732
4671485;1;4;3;1;1;1;1;1;3;1; ; ;98;98; ;1;1;1;1;1;1;1;1;1;1;1;1;1;1;2;2;2;2;2;2;2;1;4;4;2; ;1;2;1;6;1;3;1;1;1;3;1;1;01;11;07;11;2765,50718895131
4671486;1;5;4;1;1;1;1;1;3;1; ; ;120000000;700000; ;2;1;1;1;1;1;1;2;2;2;1;2;2;1;2;2;2;2;2;2;2;1;5;5;2; ;1;1;1;4;1;2;1;1;1;3;1;1;01;11;07;11;2602,87298881339
4671487;1;4;3;1;1;1;1;1;3;4; ; ; ;400000; ;1;1;1;1;1;1;1;2;1;2;1;1;1;1;2;2;2;1;2;2;2;1;2;4;2; ;1;2;1;4;1;2;1;1;1;3;1;1;01;11;07;11;3999,9620339233
4671488;1;4;3;1;1;1;1;1;3;3; ; ; ; ;800000;1;1;1;1;1;1;1;2;2;2;1;2;2;1;2;2;2;2;2;2;2;1;3;6;2; ;1;1;1;4;1;2;1;1;1;3;1;1;01;11;07;11;3683,59376000248
4671489;1;4;3;1;1;1;1;1;3;3; ; ; ; ;900000;1;1;1;1;1;1;1;2;1;2;1;1;2;1;2;2;2;2;2;2;2;1;2;4;2; ;1;2;1;4;1;3;1;1;1;3;1;1;01;11;07;11;3107,96364700197
4671490;1;3;2;1;1;1;1;1;3;3; ; ; ; ;300000;2;1;2;1;1;1;1;2;2;1;1;1;2;2;2;2;2;1;2;2;2;1;1;4;2; ;1;2;1;4;1;2;1;1;1;3;1;1;01;11;07;11;3372,90718882818
4671491;1;5;3;1;1;1;1;1;3;1; ; ;390000000;1700000; ;1;1;1;1;1;1;1;1;2;1;1;2;1;1;1;2;2;1;1;2;1;1;4;4;2; ;1;1;1;6;1;4;1;1;1;3;1;1;01;11;07;11;2497,7615960401
4671492;1;4;1;1;1;1;1;1;3;1; ; ;320000000;1500000; ;1;1;1;1;1;1;1;1;1;1;1;1;1;1;2;2;2;2;2;1;2;1;1;1;2; ;1;1;1;6;1;4;1;1;1;3;1;1;01;11;07;11;2843,84412651165
4671493;1;4;3;1;1;1;1;1;3;3; ; ; ; ;960000;1;1;1;1;1;1;1;1;1;1;1;1;1;1;2;2;2;1;2;1;2;1;2;3;2; ;1;2;1;4;1;3;1;1;1;3;1;1;01;11;07;11;4235,65908710816
4671494;1;4;3;1;1;1;1;1;3;2; ;1000000;98;1200000; ;2;1;1;1;1;1;1;1;1;1;1;1;2;1;1;2;2;2;2;1;2;1;3;3;2; ;1;1;1;6;1;4;1;1;1;3;1;1;01;11;07;11;2662,30150191487
4671495;1;1;1;1;2;1;1;1;3;3; ; ; ; ;250000;2;1;2;1;1;1;1;2;2;2;1;2;2;2;2;2;2;2;2;2;2;1;1;2;2; ;1;4;1;4;1;2;1;1;1;3;1;1;01;11;07;11;3156,58632801158
4671496;1;1;1;1;2;1;1;1;3;2; ;600000;120000000;200000; ;2;1;1;2;1;2;1;2;2;2;1;1;2;2;2;2;2;2;2;2;2;1;2;4;2; ;1;4;1;4;1;2;1;1;1;3;1;1;01;11;07;11;5311,92979511975
4671497;1;1;1;1;2;1;1;1;3;3; ; ; ; ;98;2;2;1;1;1;1;1;2;1;1;2;2;2;2;2;2;1;2;2;2;2;1;1;1;2; ;1;4;1;4;1;4;1;1;1;3;1;1;01;11;07;11;2921,35704273611
4671498;1;4;3;1;1;1;1;1;3;2; ;196000;340000000;1200000; ;1;1;1;1;1;1;1;1;1;1;1;1;1;1;1;2;2;1;2;1;2;1;4;6;2; ;1;1;1;4;1;4;1;1;1;3;1;1;01;11;07;11;5185,79419788568
4671499;1;4;2;1;1;1;1;1;3;2; ;500000;150000000;98; ;1;2;1;1;1;1;1;1;1;1;1;1;1;1;1;2;2;1;2;2;2;1;2;4;2; ;1;1;1;4;1;2;1;1;1;3;1;1;01;11;07;11;3372,90718882818
4671500;1;3;2;1;1;1;1;1;3;3; ; ; ; ;700000;1;1;1;1;1;1;1;2;2;1;1;2;2;1;2;2;2;2;2;1;2;1;2;3;2; ;1;1;1;4;1;2;1;1;1;3;1;1;01;11;07;11;2790,77138232453
4671501;1;4;2;1;1;1;1;1;3;3; ; ; ; ;500000;2;1;2;1;1;1;1;2;2;1;1;1;2;1;2;2;2;2;1;2;2;1;2;4;2; ;1;2;1;4;1;2;1;1;1;3;1;1;01;11;07;11;4342,41849197396
4671502;1;4;3;1;1;1;1;1;3;1; ; ;98;2500000; ;1;1;1;1;1;1;1;1;1;1;1;1;1;1;1;2;2;1;2;1;1;1;2;4;2; ;1;1;1;4;1;4;1;1;1;3;1;1;01;11;07;11;3372,90718882818
4671503;1;3;2;1;1;1;1;1;3;3; ; ; ; ;300000;2;1;2;2;2;1;1;2;2;2;1;1;1;2;2;2;2;1;2;2;2;1;2;4;2; ;1;2;1;4;1;2;1;1;1;3;1;1;01;11;07;11;5311,92979511975
4671504;1;2;2;1;1;1;1;1;3;3; ; ; ; ;300000;2;1;1;2;2;2;1;1;2;2;1;2;2;2;2;2;2;2;2;2;2;1;1;2;2; ;1;2;1;4;1;2;1;1;1;3;1;1;01;11;07;11;2820,48563887528
4671505;1;4;3;1;1;1;10;1;3;2; ;2000000;360000000;2000000; ;1;1;1;1;1;1;1;1;1;1;1;1;1;1;2;2;2;1;2;1;2;1;3;4;2; ;1;1;1;4;1;4;1;1;1;3;1;1;01;11;07;11;3867,04209033612
4671507;1;5;4;1;1;1;1;1;3;3; ; ; ; ;1580000;1;1;1;1;1;1;1;1;1;1;1;2;1;1;2;2;2;1;2;1;1;1;3;3;2; ;1;1;1;4;1;4;1;1;1;3;1;1;01;11;07;11;2990,39841004429
4671508;1;2;1;1;1;1;1;1;3;2; ;800000;98;98; ;2;1;1;2;1;1;1;2;2;2;1;1;2;2;2;2;2;1;2;2;2;1;1;1;2; ;1;2;1;4;1;2;1;1;1;3;1;1;01;11;07;11;3049,82692314578
4671509;1;5;3;1;1;1;1;1;3;3; ; ; ; ;600000;1;1;1;1;1;1;1;1;1;1;1;2;2;2;2;2;2;1;1;1;2;1;5;5;2; ;1;2;1;4;1;2;1;1;1;3;1;1;01;11;07;11;2602,87298881339
4671511;1;3;2;1;1;1;1;1;3;3; ; ; ; ;450000;2;2;2;2;2;2;1;2;2;2;1;2;2;2;2;2;2;2;2;2;2;1;2;4;2; ;1;2;1;4;1;2;1;1;1;3;1;1;01;11;07;11;2843,02010517577
4671512;1;4;3;1;1;1;1;1;3;1; ; ;98;500000; ;2;1;1;1;1;1;1;2;1;1;1;2;1;2;2;2;2;1;2;2;2;1;5;5;2; ;1;2;1;4;1;2;1;1;1;3;1;1;01;11;07;11;2391,24887773256
4671513;1;5;3;1;1;1;1;1;3;1; ; ;500000000;1800000; ;1;1;1;1;1;1;1;1;1;1;1;1;2;1;2;2;2;2;2;1;1;1;4;4;2; ;1;1;1;4;1;4;1;1;1;3;1;1;01;11;07;11;2422,15438555249
4671514;1;4;1;1;1;1;1;1;3;2; ;1500000;380000000;1800000; ;1;1;1;1;1;1;1;1;1;1;1;1;1;1;1;2;2;1;2;1;2;1;2;2;2; ;1;1;1;4;1;4;1;1;1;3;1;1;01;11;07;11;2943,31420483824
4671516;1;4;2;1;1;1;1;6; ;3; ; ; ; ;400000;2;1;1;1;1;1;1;2;2;1;1;1;1;1;2;2;2;1;2;2;2;1;1;3;2; ;1;2;1;4;1;2;1;1;1;3;1;1;01;11;07;11;4372,13274852471
4671517;1;3;2;1;1;1;1;1;3;2; ;440000;150000000;400000; ;1;1;1;1;1;1;1;2;2;1;1;2;2;1;2;2;2;2;2;1;2;1;2;4;2; ;1;2;1;4;1;2;1;1;1;3;1;1;01;11;07;11;2632,58724536413
4671518;1;4;3;1;1;1;1;1;3;1; ; ;280000000;800000; ;1;1;1;1;1;1;1;2;1;1;1;1;1;1;2;2;2;1;2;1;1;1;2;4;2; ;1;2;1;4;1;3;1;1;1;3;1;1;01;11;07;11;2416,51307110578
4671519;1;4;2;1;1;1;1;1;3;1; ; ;180000000;500000; ;1;1;1;1;1;1;1;1;2;2;1;2;2;2;2;2;2;2;2;2;2;1;2;3;2; ;1;2;1;4;1;2;1;1;1;3;1;1;01;11;07;11;3757,48063438531
4671520;1;1;1;1;2;1;1;1;3;3; ; ; ; ;450000;2;2;1;1;1;1;1;2;2;1;1;2;2;1;2;2;2;2;2;2;2;2; ;1;2; ;1;4;1;4;1;3;1;1;1;3;1;1;01;11;07;11;3049,82692314578
4671521;1;1;1;1;2;1;1;1;3;3; ; ; ; ;600000;2;1;1;1;1;1;1;2;1;1;1;2;2;1;2;2;2;2;2;2;2;1;2;2;2; ;1;4;1;4;1;4;1;1;1;3;1;1;01;11;07;11;2763,1729057757
4671522;1;1;1;1;2;1;1;1;3;3; ; ; ; ;500000;2;1;1;1;1;1;1;2;2;1;1;2;2;1;2;2;2;2;2;2;2;1;2;2;2; ;1;4;1;4;1;4;1;1;1;3;1;1;01;11;07;11;2552,74004596406
4671523;1;1;1;1;2;1;1;1;3;3; ; ; ; ;480000;2;1;1;2;2;1;1;1;1;1;1;1;1;1;2;2;2;2;2;2;2;1;1;1;2; ;1;4;1;4;1;4;1;1;1;3;1;1;01;11;07;11;3049,82692314578
4671524;1;5;4;1;1;1;1;1;3;1; ; ;98;600000; ;1;1;2;2;1;1;1;2;2;2;1;2;2;2;2;2;2;2;2;2;2;1;3;5;2; ;1;2;1;4;1;2;1;1;1;3;1;1;01;11;07;11;2519,71875814222
4671525;1;1;1;1;2;1;1;1;3;3; ; ; ; ;500000;2;1;2;2;2;1;1;2;2;2;1;2;2;2;2;2;2;2;2;2;2;1;2;2;2; ;1;4;1;4;1;2;1;1;1;3;1;1;01;11;07;11;2598,05569570257
4671526;1;1;1;1;1;1;1;1;3;1; ; ;150000000;500000; ;1;1;2;2;2;2;1;2;2;2;1;2;2;2;2;2;2;2;2;2;2;2; ;1;2; ;1;1;1;2;1;1;1;1;1;3;1;1;01;11;07;11;2843,84412651165
4671527;1;5;3;1;1;1;1;1;3;1; ; ;98;500000; ;1;1;1;1;1;1;1;1;1;2;1;1;1;1;1;2;2;1;1;1;2;1;4;4;2; ;1;1;1;3;1;2;1;1;1;3;1;1;01;11;07;11;2817,17860760418
4671528;1;4;3;1;1;1;1;1;3;1; ; ;350000000;1200000; ;1;1;1;1;1;1;1;1;1;2;1;1;1;1;1;2;2;1;2;1;2;1;3;3;2; ;1;2;1;7;1;4;1;1;1;3;1;1;01;11;07;11;2784,41561341017
4671529;1;1;1;1;2;1;1;1;3;3; ; ; ; ;500000;2;1;1;1;1;1;1;2;2;1;1;2;2;2;2;2;2;2;2;2;2;1;1;1;2; ;1;4;1;4;1;4;1;1;1;3;1;1;01;11;07;11;3189,10263564732
4671530;1;6;3;1;1;1;1;1;3;1; ; ;99;800000; ;1;1;2;1;1;1;1;1;2;1;1;2;1;2;2;2;2;2;2;2;2;1;2;3;2; ;1;1;1;2;1;2;1;1;1;3;1;1;01;11;07;11;2372,45002014192
4671531;1;3;1;1;1;1;1;1;3;1; ; ;300000000;600000; ;1;1;1;1;1;1;1;2;2;2;1;2;2;2;2;2;2;2;2;2;2;1;1;1;2; ;1;2;1;4;1;2;1;1;1;3;1;1;01;11;07;11;2843,84412651165
4671532;1;5;2;1;1;1;1;1;3;1; ; ;500000000;20000000; ;1;1;1;1;1;1;1;1;1;1;1;1;1;1;1;2;2;2;2;1;2;1;2;3;2; ;1;2;1;4;1;4;1;1;1;3;1;1;01;11;07;11;4235,65908710816
4671533;1;4;1;1;1;1;1;1;3;1; ; ;220000000;1500000; ;1;1;2;1;1;1;1;1;2;1;1;2;1;2;2;2;2;2;2;2;2;1;1;2;2; ;1;2;1;4;1;4;1;1;1;3;1;1;01;11;07;11;2598,05569570257
4671535;1;3;2;1;1;1;1;1;3;3; ; ; ; ;300000;2;1;2;1;1;1;1;2;2;2;1;2;1;2;2;2;2;2;1;2;2;1;4;4;2; ;1;2;1;4;1;1;1;1;1;3;1;1;01;11;07;11;2843,02010517577
4671536;1;2;2;1;1;1;1;1;3;3; ; ; ; ;400000;2;1;1;1;1;1;1;2;2;1;1;1;1;2;2;2;2;2;1;2;2;1;2;3;2; ;1;2;1;4;1;2;1;1;1;3;1;1;01;11;07;11;2659,49945082986
4671537;1;1;1;1;1;1;1;1;3;2; ;300000;300000000;500000; ;1;1;2;1;1;1;1;2;2;2;1;2;2;2;2;2;2;1;2;2;2;1;1;1;2; ;1;4;1;4;1;2;1;1;1;3;1;1;01;11;07;11;2843,84412651165
4671538;1;3;2;1;1;1;1;1;3;3; ; ; ; ;350000;2;1;2;2;1;2;1;2;2;2;1;1;2;2;2;2;2;2;2;2;2;1;1;6;2; ;1;2;1;4;1;2;1;1;1;3;1;1;01;11;07;11;4785,12866138729
4671540;1;5;2;1;1;1;1;1;3;3; ; ; ; ;1600000;1;1;1;1;1;1;1;2;1;1;1;2;1;1;1;2;2;2;2;2;2;1;2;2;2; ;1;2;1;4;1;4;1;1;1;3;1;1;01;11;07;11;2814,12986996091
4671541;1;4;2;1;1;1;1;1;3;4; ; ; ;600000; ;1;1;1;1;1;1;1;2;2;1;1;1;1;1;2;2;2;1;2;1;2;1;3;3;2; ;1;2;1;4;1;2;1;1;1;3;1;1;01;11;07;11;4372,13274852471
4671542;1;2;2;1;2;1;1;1;4;3; ; ; ; ;400000;2;1;2;2;1;1;1;2;2;2;1;2;2;2;2;2;2;2;2;2;2;1;2;2;2; ;1;3;1;4;1;2;2;1;1;3;1;1;01;11;07;11;2814,12986996091
4671543;1;3;2;1;1;1;1;1;4;3; ; ; ; ;450000;1;1;1;2;1;2;1;2;2;2;1;2;2;1;2;2;2;1;2;2;2;1;2;4;2; ;1;2;1;4;1;2;2;1;1;3;1;1;01;11;07;11;2626,94593091742
4671544;1;2;1;1;2;1;1;1;3;1; ; ;98;98; ;1;1;2;1;1;1;1;2;1;2;1;2;1;2;2;2;2;2;2;2;2;1;1;2;2; ;1;3;1;3;1;2;1;1;1;3;1;1;01;11;07;11;2598,05569570257
4671545;1;3;2;1;1;1;1;1;3;3; ; ; ; ;450000;2;1;2;1;1;1;1;2;1;2;1;1;1;2;2;2;2;1;2;2;2;1;1;4;2; ;1;2;1;4;1;2;1;1;1;3;1;1;01;11;07;11;4213,9486115643
4671546;1;6;2;1;1;1;1;1;3;1; ; ;400000000;1800000; ;1;1;1;1;1;1;1;1;1;1;1;2;1;1;1;2;2;2;2;1;2;1;2;2;2; ;1;2;1;7;1;4;1;1;1;3;1;1;01;11;07;11;2814,12986996091
4671547;1;3;2;1;1;1;1;1;3;1; ; ;98;98; ;1;1;1;1;1;1;1;2;1;2;1;2;2;1;2;2;2;2;2;2;2;1;1;2;2; ;1;1;1;4;1;1;1;1;1;3;1;1;01;11;07;11;2685,65998955124
4671548;1;3;1;1;1;1;1;1;3;4; ; ; ;700000; ;1;1;1;1;1;1;1;1;2;2;1;2;2;1;2;2;2;2;2;2;2;1;2;4;2; ;1;1;1;4;1;2;1;1;1;3;1;1;01;11;07;11;2897,53078719033
4671549;1;3;1;1;1;1;1;1;4;3; ; ; ; ;500000;2;2;2;1;1;1;1;1;2;1;1;1;2;2;2;2;2;1;2;2;2;1;2;2;2; ;1;2;1;4;1;2;2;1;1;3;1;1;01;11;07;11;3159,38837909658
4671550;1;5;4;1;1;1;1;1;3;1; ; ;220000000;1200000; ;1;1;1;1;1;1;1;1;1;1;1;1;2;1;1;2;2;1;1;1;1;1;5;5;2; ;1;2;1;4;1;3;1;1;1;3;1;1;01;11;07;11;2725,70155477635
4671551;1;4;2;1;1;1;1;1;3;1; ; ;98;1000000; ;1;1;1;1;1;1;1;2;2;1;1;1;2;1;2;2;2;2;2;2;2;1;2;2;2; ;1;2;1;4;1;3;1;1;1;3;1;1;01;11;07;11;2475,22712973961
4671552;1;4;3;1;1;1;1;1;3;1; ; ;200000000;1200000; ;1;1;1;1;1;1;1;2;1;1;1;1;1;1;2;2;2;2;2;1;1;1;2;3;2; ;1;2;1;4;1;3;1;1;1;3;1;1;01;11;07;11;2445,51287318886
4671554;1;4;2;1;1;1;1;1;3;3; ; ; ; ;380000;2;1;1;1;1;1;1;1;2;2;1;1;1;2;2;2;2;1;2;2;2;1;2;3;2; ;1;2;1;4;1;2;1;1;1;3;1;1;01;11;07;11;3757,48063438531
4671555;1;3;2;1;1;1;1;1;3;3; ; ; ; ;450000;1;1;2;2;1;2;1;2;2;2;1;2;2;2;2;2;2;2;2;2;2;1;1;3;2; ;1;2;1;4;1;2;1;1;1;3;1;1;01;11;07;11;4235,65908710816
4671556;1;4;3;1;1;1;1;1;3;1; ; ;350000000;1500000; ;1;1;1;1;1;1;1;1;2;1;1;1;2;1;1;2;2;1;2;1;2;1;6;6;2; ;1;2;1;4;1;4;1;1;1;3;1;1;01;11;07;11;3595,9894661538
4671557;1;6;3;1;1;1;1;1;3;1; ; ;350000000;1500000; ;1;1;1;1;1;1;1;1;2;1;1;1;2;1;1;2;2;2;2;1;2;1;4;4;2; ;1;2;1;4;1;4;1;1;1;3;1;1;01;11;07;11;1993,74164574565
4671558;1;1;1;1;2;1;1;6; ;3; ; ; ; ;300000;2;1;2;2;2;2;2;2;2;2;1;1;2;2;2;2;2;2;2;2;2;1;1;2;2; ;1;4;1;4;1;2;2;1;1;3;1;1;01;11;07;11;3156,58632801158
4671559;1;2;1;1;1;1;1;1;3;3; ; ; ; ;300000;2;1;2;2;2;2;1;2;2;2;1;2;2;2;2;2;2;2;2;2;2;1;1;2;2; ;1;2;1;4;1;2;1;1;1;3;1;1;01;11;07;11;2681,20992637373
4671560;1;4;1;1;1;1;1;1;3;1; ; ;98;98; ;1;1;2;1;1;1;1;2;2;1;1;1;1;2;2;2;2;2;2;2;2;2; ;2;2; ;1;2;1;4;1;3;1;1;1;3;1;1;01;11;07;11;2598,05569570257
4671561;1;5;2;1;1;1;1;1;3;1; ; ;220000000;1200000; ;1;1;1;1;1;1;1;2;1;1;1;1;2;1;2;2;2;2;2;1;1;1;3;3;2; ;1;2;1;4;1;3;1;1;1;3;1;1;01;11;07;11;2707,61715165337
4671562;1;5;2;1;1;1;1;1;3;1; ; ;98;98; ;1;1;1;1;1;1;1;1;1;1;1;1;1;1;2;2;2;2;2;2;2;1;1;2;2; ;1;2;1;4;1;3;1;1;1;3;1;1;01;11;07;11;2608,14707332679
4671563;1;4;2;1;1;1;1;1;3;4; ; ; ;98; ;1;1;1;1;1;1;1;1;1;1;1;1;1;1;1;2;2;2;2;1;2;1;3;3;2; ;1;2;1;4;1;4;1;1;1;3;1;1;01;11;07;11;2568,34143915182
4671565;1;4;2;1;1;1;1;1;3;1; ; ;98;400000; ;1;2;1;1;1;1;1;2;2;2;1;2;2;1;2;2;2;1;1;2;2;1;4;4;2; ;1;2;1;4;1;2;1;1;1;3;1;1;01;11;07;11;2765,50718895131
4671566;1;4;2;1;1;1;1;1;3;1; ; ;220000000;1200000; ;1;1;1;1;1;1;1;2;1;1;1;1;1;1;2;2;2;1;2;2;2;1;3;3;2; ;1;2;1;4;1;3;1;1;1;3;1;1;01;11;07;11;4235,65908710816
4671567;1;5;2;1;1;1;1;1;3;1; ; ;250000000;600000; ;2;1;1;1;1;1;1;1;2;1;1;2;1;1;2;2;2;2;1;2;2;1;3;3;2; ;1;1;1;4;1;2;1;1;1;3;1;1;01;11;07;11;2568,34143915182
4671568;1;4;3;1;1;1;1;1;3;3; ; ; ; ;800000;2;1;1;1;1;1;1;1;2;1;1;1;1;1;2;2;2;1;2;1;2;1;2;4;2; ;1;2;1;4;1;3;1;1;1;3;1;1;01;11;07;11;3244,43730841852
4671570;1;3;2;1;1;1;1;1;3;3; ; ; ; ;350000;2;1;1;2;2;1;1;2;2;2;1;2;1;1;2;2;2;2;2;2;2;1;3;5;2; ;1;2;1;4;1;2;1;1;1;3;1;1;01;11;07;11;3369,9552131544
4671571;1;3;1;1;1;1;1;1;3;3; ; ; ; ;600000;2;1;1;1;1;1;1;1;1;1;1;2;2;2;2;2;2;2;2;2;2;1;1;1;2; ;1;4;1;4;1;4;1;1;1;3;1;1;01;11;07;11;2921,35704273611
4671572;1;5;1;1;1;1;1;1;3;1; ; ;350000000;1300000; ;1;1;1;1;1;1;1;1;1;1;1;1;1;1;2;2;2;1;2;1;2;1;2;2;2; ;1;2;1;4;1;4;1;1;1;3;1;1;01;11;07;11;2598,05569570257
4671573;1;3;3;1;1;1;1;1;3;3; ; ; ; ;500000;2;1;2;1;1;1;1;1;1;2;1;2;2;2;2;2;2;2;2;2;2;1;4;4;2; ;1;2;1;4;1;2;1;1;1;3;1;1;01;11;07;11;2971,48998558543
4671574;1;2;2;1;1;1;1;1;3;4; ; ; ;700000; ;2;2;1;1;1;1;1;2;2;1;1;2;2;1;2;2;2;1;2;2;2;1;2;3;2; ;1;2;1;4;1;2;1;1;1;3;1;1;01;11;07;11;2659,49945082986
4671575;1;3;2;1;2;1;1;1;3;3; ; ; ; ;500000;1;1;1;1;1;1;1;1;2;2;1;2;1;1;2;2;2;2;1;1;2;1;2;2;2; ;1;2;1;4;1;2;1;1;1;3;1;1;01;11;07;11;2891,64278618537
4671576;1;5;4;1;1;1;1;1;3;3; ; ; ; ;650000;2;1;1;1;1;1;1;2;2;2;1;2;2;1;2;2;2;2;2;2;2;1;5;5;2; ;1;2;1;4;1;2;1;1;1;3;1;1;01;11;07;11;2526,07452705659
4671577;1;1;1;1;1;1;1;6; ;3; ; ; ; ;500000;2;2;1;1;1;2;2;2;2;2;2;2;2;2;2;2;2;2;2;2;2;1;1;1;2; ;1;2;1;4;1;2;2;1;1;3;1;1;01;11;07;11;3049,82692314578
4671578;1;5;1;2;1;1;1;1;4;3; ; ; ; ;2500000;2;2;2;1;1;1;1;1;1;1;1;2;2;1;1;2;2;2;2;1;2;1;2;2;2; ;1;1;1;4;1;5;2;2;1;3;1;1;01;11;07;11;3159,38837909658
4671579;1;3;2;1;1;1;1;1;3;3; ; ; ; ;600000;1;1;1;2;2;1;1;2;2;2;1;1;2;2;2;2;2;2;2;2;2;1;2;5;2; ;1;2;1;4;1;2;1;1;1;3;1;1;01;11;07;11;2739,34665022993
4671580;1;1;1;1;1;1;1;1;3;3; ; ; ; ;270000;2;1;2;2;2;1;1;2;2;2;1;2;2;2;2;2;2;2;2;2;2;1;1;1;2; ;1;2;1;4;1;2;1;1;1;3;1;1;01;11;07;11;3049,82692314578
4671581;1;5;4;1;1;1;1;1;3;2; ;420000;98;600000; ;1;1;1;1;1;2;1;2;2;2;1;2;2;1;2;2;2;2;2;2;2;1;2;6;2; ;1;1;1;4;1;1;1;1;1;3;1;1;01;11;07;11;2526,65183125495
4671582;1;4;2;1;1;1;1;1;3;4; ; ; ;1200000; ;1;1;1;1;1;1;1;1;1;1;1;2;1;1;1;2;2;2;2;2;2;1;1;1;2; ;1;2;1;4;1;4;1;1;1;3;1;1;01;11;07;11;2843,84412651165
4671583;1;2;1;1;1;1;1;1;3;3; ; ; ; ;300000;1;1;1;1;1;1;1;1;2;2;1;1;1;2;2;2;2;2;2;2;2;1;1;2;2; ;1;2;1;4;1;2;1;1;1;3;1;1;01;11;07;11;3159,38837909658
4671584;1;1;1;1;2;1;1;1;3;3; ; ; ; ;500000;2;1;2;1;1;1;1;1;1;1;1;2;2;1;2;2;2;2;2;2;2;1;1;1;2; ;1;4;1;4;1;4;1;1;1;3;1;1;01;11;07;11;3049,82692314578
4671585;1;4;1;1;1;1;1;1;3;4; ; ; ;700000; ;1;2;1;1;1;1;1;2;2;1;1;2;1;1;2;2;2;1;2;2;2;1;1;1;2; ;1;2;1;4;1;2;1;1;1;3;1;1;01;11;07;11;2833,75274888743
4671586;1;3;1;1;2;1;1;1;3;3; ; ; ; ;1100000;2;1;1;1;1;1;2;2;2;1;1;1;2;1;2;2;2;2;2;2;2;1;1;1;1;1;1;2;1;4;1;3;1;1;1;3;1;1;01;11;07;11;3298,66409159813
4671586;2;1;1;1;2;1;1;1;3;3; ; ; ; ;250000;2;1;1;1;1;1;1;2;2;1;1;2;2;1;2;2;2;1;2;2;1;1;1;1;2; ;2;2;1;4;1;3;1;1;1;3;1;1;01;11;07;11;3298,66409159813
4671587;1;1;1;1;2;1;1;1;3;3; ; ; ; ;500000;2;1;1;1;1;1;1;2;1;1;1;2;2;1;2;2;2;2;2;2;2;1;1;1;2; ;1;4;1;4;1;4;1;1;1;3;1;1;01;11;07;11;3049,82692314578
4671589;1;2;1;1;2;1;1;1;3;3; ; ; ; ;600000;2;2;2;1;2;1;1;2;2;2;1;2;2;2;2;2;2;1;2;2;2;1;1;3;2; ;1;3;1;4;1;2;1;1;1;3;1;1;01;11;07;11;3266,14778396238
4671590;1;1;1;1;1;1;1;1;4;3; ; ; ; ;570000;2;2;2;1;1;1;1;1;2;1;1;2;2;2;2;2;2;2;2;2;2;1;2;2;2; ;1;2;1;4;1;3;1;1;1;3;1;1;01;11;07;11;2943,31420483824
4671591;1;4;2;1;1;1;1;1;3;1; ; ;80000000;300000; ;1;1;1;2;1;1;1;2;2;1;1;1;1;1;2;2;2;1;2;2;2;1;2;2;2; ;1;2;1;4;1;2;1;1;1;3;1;1;01;11;07;11;2598,05569570257
4671592;1;1;1;1;2;1;1;1;3;3; ; ; ; ;250000;2;1;2;1;2;1;1;2;2;2;1;1;2;2;2;2;2;2;2;2;2;1;1;2;2; ;1;3;1;4;1;2;1;1;1;3;1;1;01;11;07;11;2817,68358779027
4671593;1;3;1;1;1;1;1;1;3;1; ; ;98;500000; ;1;1;1;1;1;1;1;1;1;1;1;2;1;1;2;2;2;1;1;1;2;1;2;3;2; ;1;1;1;4;1;2;1;1;1;3;1;1;01;11;07;11;3266,14778396238
4671594;1;3;1;1;1;1;1;1;3;4; ; ; ;150000; ;1;2;2;2;1;1;1;2;2;2;1;2;2;2;2;2;2;2;2;2;2;1;1;1;2; ;1;2;1;4;1;3;1;1;1;3;1;1;01;11;07;11;2843,84412651165
4671595;1;4;3;1;1;1;1;1;4;1; ; ;98;98; ;1;1;1;1;1;1;1;1;1;1;1;1;2;1;2;2;2;1;2;1;2;1;5;5;2; ;1;2;1;4;1;3;2;1;1;3;1;1;01;11;07;11;2519,71875814222
4671596;1;4;1;1;1;1;1;1;3;3; ; ; ; ;800000;1;1;1;1;1;1;1;2;1;1;1;1;2;1;2;2;2;2;2;2;2;1;1;1;2; ;1;2;1;4;1;3;1;1;1;3;1;1;01;11;07;11;3049,82692314578
4671597;1;4;1;1;1;1;1;1;3;1; ; ;190000000;1100000; ;1;1;1;1;1;1;1;2;2;1;1;1;2;1;2;2;2;2;2;1;2;1;1;1;2; ;1;2;1;4;1;3;1;1;1;3;1;1;01;11;07;11;3189,10263564732
4671598;1;4;3;1;1;1;1;1;3;2; ;98;98;98; ;1;1;1;1;1;1;1;1;1;1;1;2;1;1;2;2;2;1;1;1;2;1;4;5;2; ;1;1;1;6;1;4;1;1;1;3;1;1;01;11;07;11;3492,78377911737
4671599;1;1;1;1;2;1;1;1;3;3; ; ; ; ;300000;2;2;2;2;2;1;1;2;2;2;1;1;2;2;2;2;2;2;2;2;2;1;1;2;2; ;1;3;1;4;1;2;1;1;1;3;1;1;01;11;07;11;3295,86204051312
4671600;1;4;3;1;1;1;1;1;3;3; ; ; ; ;710000;1;1;1;1;1;1;1;2;1;1;1;1;2;1;1;2;2;2;1;2;2;1;3;3;2; ;1;2;1;4;1;2;1;1;1;3;1;1;01;11;07;11;2662,30150191487
4671601;1;3;2;1;1;1;1;1;3;3; ; ; ; ;700000;2;1;1;1;1;1;1;1;1;2;1;2;1;1;2;2;2;2;2;1;2;1;3;5;2; ;1;1;1;4;1;2;1;1;1;3;1;1;01;11;07;11;2739,34665022993
4671602;1;2;1;1;1;1;1;1;3;3; ; ; ; ;500000;2;2;2;1;1;1;1;2;2;2;1;1;2;2;2;2;2;2;2;2;2;1;1;1;2; ;1;2;1;4;1;2;1;1;1;3;1;1;01;11;07;11;3049,82692314578
4671603;1;3;3;1;1;1;1;1;3;3; ; ; ; ;700000;2;2;2;2;2;2;1;2;2;2;2;2;2;2;2;2;2;1;2;2;2;1;3;5;2; ;1;2;1;4;1;3;1;1;1;3;1;1;01;11;07;11;2206,65751549251
4671604;1;3;2;1;1;1;1;1;3;1; ; ;130000000;700000; ;2;1;2;1;1;1;1;1;2;1;1;2;1;2;2;2;2;1;2;2;2;1;2;2;2; ;1;2;1;4;1;2;1;1;1;3;1;1;01;11;07;11;2814,12986996091
4671607;1;1;1;1;2;1;1;1;3;3; ; ; ; ;500000;2;2;2;2;1;1;1;2;2;2;1;2;2;2;2;2;2;2;2;2;2;1;1;1;2; ;1;3;1;4;1;2;1;1;1;3;1;1;01;11;07;11;2843,84412651165
4671608;1;4;3;1;1;1;1;1;3;1; ; ;150000000;500000; ;1;1;1;1;1;1;1;2;2;1;1;2;1;1;2;2;2;2;2;1;2;1;6;6;2; ;1;1;1;4;1;1;1;1;1;3;1;1;01;11;07;11;2897,02580700424
4671609;1;1;1;1;2;1;1;1;3;3; ; ; ; ;470000;2;1;1;1;1;1;1;2;1;1;1;2;2;2;2;2;2;2;2;2;2;1;1;1;2; ;1;4;1;4;1;4;1;1;1;3;1;1;01;11;07;11;3189,10263564732
4671610;1;1;1;1;2;1;1;1;3;3; ; ; ; ;470000;2;1;1;1;1;1;1;2;2;1;1;2;2;1;2;2;2;2;2;2;2;1;1;1;2; ;1;4;1;4;1;3;1;1;1;3;1;1;01;11;07;11;2710,92418292447
4671611;1;2;2;1;2;1;1;1;3;4; ; ; ;500000; ;2;1;2;2;2;2;1;2;2;2;1;2;2;2;2;2;2;2;2;2;2;1;2;2;2; ;1;4;1;4;1;2;1;1;1;3;1;1;01;11;07;11;2598,05569570257
4671612;1;4;2;1;1;1;1;1;3;3; ; ; ; ;1100000;2;2;2;1;1;1;1;1;1;1;1;2;1;1;2;2;2;2;2;2;2;1;2;2;2; ;1;2;1;4;1;3;1;1;1;3;1;1;01;11;07;11;3159,38837909658
4671613;1;3;2;1;1;1;1;1;3;4; ; ; ;400000; ;1;1;1;2;2;1;1;2;2;1;1;2;2;2;2;2;2;2;2;2;2;1;2;2;2; ;1;2;1;4;1;1;1;1;1;3;1;1;01;11;07;11;2681,20992637373
4671614;1;3;2;1;1;1;1;1;3;1; ; ;300000000;600000; ;1;1;1;1;1;1;1;1;1;2;1;1;1;1;2;2;2;1;2;2;2;1;2;3;2; ;1;2;1;4;1;2;1;1;1;3;1;1;01;11;07;11;2568,34143915182
4671615;1;1;1;1;2;1;1;1;3;4; ; ; ;300000; ;2;2;2;2;1;2;1;2;2;2;1;2;2;2;2;2;2;2;2;2;2;1;1;1;2; ;1;4;1;4;1;2;1;1;1;3;1;1;01;11;07;11;3049,82692314578
4671616;1;5;3;1;1;1;1;1;3;3; ; ; ; ;300000;2;1;2;1;1;1;1;1;2;1;1;2;2;2;2;2;2;2;2;2;2;1;4;4;2; ;1;1;1;4;1;1;1;1;1;3;1;1;01;11;07;11;3110,76569808698
4671617;1;3;1;1;1;1;1;1;4;3; ; ; ; ;350000;1;1;1;1;1;1;1;2;2;2;1;1;1;1;1;2;2;2;2;2;2;1;2;2;2; ;1;1;1;4;1;2;2;1;1;3;1;1;01;11;07;11;2943,31420483824
4671618;1;4;1;1;1;1;1;6; ;3; ; ; ; ;400000;2;2;1;1;2;1;2;2;1;2;2;2;1;1;2;2;2;2;2;2;2;1;1;1;2; ;1;2;1;4;1;2;1;1;1;3;1;1;01;11;07;11;3049,82692314578
4671619;1;2;1;1;1;1;1;1;3;3; ; ; ; ;500000;2;1;1;1;1;1;1;2;2;1;1;1;1;1;2;2;2;1;2;2;2;1;2;2;2; ;1;2;1;4;1;3;1;1;1;3;1;1;01;11;07;11;2681,20992637373
4671620;1;2;1;1;1;1;1;1;3;3; ; ; ; ;300000;2;1;2;2;1;1;1;2;2;2;1;2;2;2;2;2;2;1;2;2;2;1;1;1;2; ;1;2;1;4;1;3;1;1;1;3;1;1;01;11;07;11;2921,35704273611
4671621;1;1;1;1;2;1;1;1;3;3; ; ; ; ;120000;2;2;1;2;1;1;1;2;2;2;2;2;1;2;2;2;2;2;2;2;2;1;1;3;2; ;1;4;1;4;1;2;1;1;1;3;1;1;01;11;07;11;4235,65908710816
4671624;1;4;2;1;1;1;1;1;3;3; ; ; ; ;1200000;1;1;1;1;1;1;1;1;1;1;1;2;1;1;2;2;2;2;1;1;2;1;3;3;2; ;1;2;1;6;1;3;1;1;1;3;1;1;01;11;07;11;2790,77138232453
4671627;1;3;2;1;1;1;1;1;3;3; ; ; ; ;98;2;1;2;1;1;1;1;2;2;2;1;2;2;2;2;2;2;1;2;2;2;1;2;4;2; ;1;2;1;4;1;2;1;1;1;3;1;1;01;11;07;11;3107,96364700197
4671646;1;2;1;1;1;1;1;3;3;1; ; ;98;500000; ;2;1;1;1;1;1;1;1;2;2;1;2;1;1;2;2;1;1;2;2;2;1;2;4;2; ;1;2;1;4;1;3;1;1;1;3;1;1;01;13;07;13;440,313516485152
4671647;1;3;2;1;1;1;1;3;3;3; ; ; ; ;550000;2;1;2;1;1;1;1;2;2;2;1;2;2;2;2;2;1;2;1;2;2;1;2;3;2; ;1;2;1;4;1;3;1;1;1;3;1;1;01;13;07;13;433,502512452966
4671650;1;3;2;1;1;1;1;1;3;3; ; ; ; ;500000;1;1;1;2;1;1;1;1;2;2;1;2;2;1;2;2;1;2;2;2;2;1;2;3;2; ;1;2;1;4;1;1;1;1;1;3;1;1;01;13;07;13;672,784010573323
4671651;1;3;1;1;1;1;1;1;3;3; ; ; ; ;450000;2;1;1;1;1;1;1;2;2;2;1;2;2;2;2;2;1;2;1;2;2;1;2;3;2; ;1;2;1;4;1;1;1;1;1;3;1;1;01;13;07;13;672,784010573323
4671652;1;3;2;1;1;1;1;1;3;3; ; ; ; ;400000;2;2;2;1;1;1;1;2;2;2;1;2;1;2;2;2;1;2;1;2;2;1;2;5;2; ;1;2;1;2;1;1;1;1;1;3;1;1;01;13;07;13;744,545787647082
4671653;1;2;1;1;1;1;1;1;3;1; ; ;98;300000; ;2;2;2;1;1;1;1;2;2;2;1;2;2;2;2;2;1;2;2;2;2;1;2;2;2; ;1;2;1;4;1;1;1;1;1;3;1;1;01;13;07;13;679,171759622672
4671654;1;3;2;1;1;1;1;1;3;3; ; ; ; ;500000;2;2;2;2;1;1;1;1;2;2;1;2;2;1;2;2;1;2;1;2;2;1;4;4;2; ;1;2;1;4;1;1;1;1;1;3;1;1;01;13;07;13;730,959367685613
4671655;1;3;1;1;1;1;1;1;3;4; ; ; ;400000; ;2;1;2;1;1;1;1;1;2;2;1;1;1;2;2;2;1;2;2;2;2;1;2;2;2; ;1;2;1;4;1;1;1;1;1;3;1;1;01;13;07;13;788,318955181686
4671656;1;2;1;1;1;1;1;1;3;3; ; ; ; ;400000;2;2;2;1;1;1;1;1;2;2;1;2;2;1;2;2;1;2;1;2;2;1;1;1;2; ;1;2;1;4;1;2;1;1;1;3;1;1;01;13;07;13;343,795659253935
4671657;1;3;2;1;1;1;1;1;3;3; ; ; ; ;550000;2;1;2;1;1;1;1;1;2;2;1;1;1;2;2;2;1;2;2;2;2;1;2;3;2; ;1;2;1;4;1;2;1;1;1;3;1;1;01;13;07;13;378,928914673459
4671658;1;3;2;1;1;1;1;1;3;1; ; ;120000000;500000; ;1;1;1;1;1;1;1;2;2;2;1;2;1;1;2;2;1;2;2;2;2;1;3;3;2; ;1;1;1;4;1;2;1;1;1;3;1;1;01;13;07;13;421,263057753422
4671659;1;4;3;1;1;1;1;1;3;1; ; ;98;800000; ;1;1;2;1;1;1;1;1;2;2;1;1;1;2;2;1;1;2;2;2;2;1;4;5;2; ;1;2;1;4;1;2;1;1;1;3;1;1;01;13;07;13;313,683387814621
4671660;1;3;2;1;1;1;1;1;3;1; ; ;98;600000; ;1;1;1;1;1;1;1;2;2;2;1;2;1;1;2;2;1;2;1;2;2;1;2;2;2; ;1;2;1;4;1;2;1;1;1;3;1;1;01;13;07;13;433,097535256409
4671661;1;2;1;1;1;1;1;1;3;3; ; ; ; ;450000;2;1;1;1;1;1;1;1;1;2;1;2;2;1;2;2;1;2;2;2;2;1;1;1;2; ;1;2;1;4;1;2;1;1;1;3;1;1;01;13;07;13;343,795659253935
4671662;1;3;2;1;1;1;1;1;3;1; ; ;98;700000; ;2;1;1;1;1;1;1;2;2;2;1;2;2;1;2;1;1;2;2;2;2;1;2;2;2; ;1;2;1;4;1;3;1;1;1;3;1;1;01;13;07;13;368,250787119472
4671663;1;4;3;1;1;1;1;3;3;4; ; ; ;870000; ;2;1;1;1;1;1;1;1;1;2;2;2;1;1;2;2;1;2;2;2;2;1;3;5;2; ;1;2;1;4;1;3;1;1;1;3;1;1;01;13;07;13;387,17073892987
4671664;1;3;2;1;1;1;1;1;3;3; ; ; ; ;450000;1;2;2;1;1;1;1;1;2;2;1;2;2;2;2;2;1;2;2;2;2;1;2;2;2; ;1;2;1;4;1;3;1;1;1;3;1;1;01;13;07;13;405,212602333182
4671666;1;5;4;1;1;1;1;3;3;1; ; ;98;800000; ;2;1;1;1;1;1;1;1;1;2;1;2;2;1;2;2;1;2;2;2;2;1;5;6;2; ;1;1;1;4;1;3;1;1;1;3;1;1;01;13;07;13;391,96448034231
4671668;1;5;3;1;1;1;1;1;3;1; ; ;200000000;800000; ;1;1;1;1;1;1;1;1;2;2;1;2;2;1;2;2;1;2;2;2;2;1;4;5;2; ;1;1;1;4;1;3;1;1;1;3;1;1;01;13;07;13;418,484098535048
4671670;1;4;3;1;1;1;1;1;3;1; ; ;180000000;700000; ;1;1;1;1;1;1;1;2;2;2;1;2;1;1;2;2;1;2;2;2;2;1;2;5;2; ;1;1;1;4;1;3;1;1;1;3;1;1;01;13;07;13;479,656551347275
4671671;1;4;3;1;1;1;1;1;3;4; ; ; ;750000; ;2;1;2;1;1;1;1;1;2;2;1;2;1;2;2;2;1;2;2;2;2;1;3;6;2; ;1;2;1;4;1;3;1;1;1;3;1;1;01;13;07;13;426,245501991423
4671673;1;4;3;1;1;1;1;1;3;1; ; ;200000000;800000; ;1;1;1;1;1;1;1;2;2;2;1;2;1;1;2;1;1;2;2;2;2;1;4;5;2; ;1;1;1;4;1;3;1;1;1;3;1;1;01;13;07;13;396,174259784908
4671674;1;2;1;1;1;1;1;1;3;4; ; ; ;350000; ;2;2;2;1;1;1;1;1;2;2;1;2;2;2;2;2;1;2;2;2;2;1;2;2;2; ;1;2;1;4;1;3;1;1;1;3;1;1;01;13;07;13;344,210574560235
4671675;1;5;4;1;1;1;1;1;3;4; ; ; ;850000; ;2;1;2;1;1;1;1;1;2;2;1;2;2;2;2;2;1;2;2;2;2;1;3;6;2; ;1;1;1;4;1;3;1;1;1;3;1;1;01;13;07;13;282,784943515743
4671678;1;3;2;1;1;1;1;1;3;4; ; ; ;400000; ;2;1;1;1;1;1;1;2;2;2;1;2;2;2;2;2;1;2;2;2;2;1;3;4;2; ;1;2;1;4;1;3;1;1;1;3;1;1;01;13;07;13;375,466768348216
4671679;1;3;2;1;1;1;1;3;3;4; ; ; ;800000; ;2;1;1;1;1;1;1;1;2;2;1;2;2;1;2;2;1;2;2;2;2;1;2;3;2; ;1;2;1;4;1;3;1;1;1;3;1;1;01;13;07;13;368,655764316029
4671680;1;4;3;1;1;1;1;1;3;1; ; ;98;780000; ;1;1;1;1;1;1;1;1;2;2;1;2;2;1;2;1;1;2;2;1;2;1;2;2;2; ;1;1;1;4;1;4;1;1;1;3;1;1;01;13;07;13;409,83729708208
4671681;1;4;2;1;1;1;1;1;3;1; ; ;180000000;9000000; ;1;1;1;1;1;1;1;1;1;2;1;2;1;1;2;1;1;2;2;2;2;1;3;3;2; ;1;2;1;4;1;4;1;1;1;3;1;1;01;13;07;13;389,949698148244
4671683;1;4;3;1;1;1;1;3;3;3; ; ; ; ;1270000;1;1;1;1;1;1;1;1;1;2;1;1;1;1;2;1;1;2;2;2;2;1;2;4;2; ;1;2;1;4;1;4;1;1;1;3;1;1;01;13;07;13;380,359734897683
4671684;1;4;3;1;1;1;1;3;3;5; ; ; ;98; ;2;1;1;1;1;1;1;1;2;2;1;2;2;2;2;2;1;2;2;2;2;1;2;3;2; ;1;2;1;4;1;4;1;1;1;3;1;1;01;13;07;13;389,949698148244
4671685;1;3;1;1;1;1;1;1;3;1; ; ;98;98; ;1;1;2;1;1;1;1;2;1;2;1;2;2;2;2;1;1;2;2;2;2;1;1;1;2; ;1;1;1;4;1;4;1;1;1;3;1;1;01;13;07;13;382,733716919501
4671686;1;4;3;1;1;1;1;3;3;3; ; ; ; ;98;1;1;1;1;1;1;1;1;2;2;1;2;1;1;2;2;1;2;2;1;2;1;2;3;2; ;1;2;1;4;1;4;1;1;1;3;1;1;01;13;07;13;394,574392897143
4671687;1;4;3;1;1;1;1;1;3;3; ; ; ; ;1200000;2;1;1;1;1;1;1;1;1;2;1;1;1;1;2;1;1;2;2;1;2;1;2;4;2; ;1;2;1;4;1;4;1;1;1;3;1;1;01;13;07;13;375,735040148785
4671688;1;4;3;1;1;1;1;3;3;3; ; ; ; ;98;1;1;1;1;1;1;1;1;1;2;1;2;1;1;2;1;1;2;2;2;2;1;3;4;2; ;1;2;1;4;1;4;1;1;1;3;1;1;01;13;07;13;364,44598487343
4671689;1;3;1;1;1;1;1;3;3;1; ; ;98;1200000; ;1;1;2;1;1;1;1;2;2;2;1;2;2;2;2;1;1;2;2;2;2;2; ;2;2; ;1;2;1;4;1;4;1;1;1;3;1;1;01;13;07;13;409,83729708208
4671690;1;4;2;1;1;1;1;1;3;1; ; ;90000000;500000; ;2;1;2;1;1;1;1;2;2;2;1;2;2;2;2;2;1;2;2;2;2;1;1;3;2; ;1;1;1;2;1;1;1;1;1;3;1;1;01;13;07;13;395,354367282052
4671691;1;3;1;1;1;1;1;1;3;4; ; ; ;300000; ;2;2;2;2;1;2;1;2;2;2;1;2;2;2;2;2;1;2;2;2;2;1;1;1;2; ;1;1;1;4;1;1;1;1;1;3;1;1;01;13;07;13;432,682619950109
4671692;1;2;1;1;1;1;1;1;3;3; ; ; ; ;150000;2;2;2;2;2;1;1;2;2;2;1;2;2;2;2;2;1;2;2;2;2;2; ;3;2; ;1;2;1;2;1;1;1;1;1;3;1;1;01;13;07;13;337,407910204586
4671694;1;2;2;1;1;1;1;1;3;3; ; ; ; ;150000;2;2;2;2;1;1;1;1;2;2;1;2;1;2;2;2;1;2;2;2;2;2; ;4;2; ;1;2;1;2;1;1;1;1;1;3;1;1;01;13;07;13;375,466768348216
4671695;1;2;1;1;1;1;1;1;3;3; ; ; ; ;220000;2;2;2;2;1;1;1;2;2;2;1;2;2;2;2;2;1;2;2;2;2;1;1;1;1;1;1;1;1;4;1;1;1;1;1;3;1;1;01;13;07;13;343,795659253935
4671696;1;3;1;1;1;1;1;1;3;1; ; ;98;320000; ;2;1;2;1;1;1;1;2;2;2;1;1;1;2;2;2;1;2;2;2;2;1;1;2;2; ;1;1;5;1;1;1;1;1;1;3;1;1;01;13;07;13;305,272516894669
4671697;1;3;2;1;1;1;1;1;3;1; ; ;98;250000; ;2;2;2;1;1;1;1;2;2;2;1;2;1;2;2;2;1;2;1;2;2;1;3;4;2; ;1;2;1;2;1;1;1;1;1;3;1;1;01;13;07;13;320,893170568709
4671698;1;3;2;1;1;1;1;1;3;1; ; ;98;300000; ;2;2;2;2;1;1;1;2;2;2;1;2;2;2;2;2;1;2;2;2;2;1;1;3;2; ;1;1;1;4;1;1;1;1;1;3;1;1;01;13;07;13;371,314154722814
4671699;1;3;2;1;1;1;1;1;3;4; ; ; ;350000; ;2;1;2;1;1;1;1;2;2;2;1;2;2;2;2;2;1;2;2;2;2;1;1;4;2; ;1;1;1;2;1;1;1;1;1;3;1;1;01;13;07;13;418,271949535582
4671700;1;2;1;1;1;1;1;1;3;4; ; ; ;200000; ;2;2;2;1;1;1;1;2;2;2;1;2;2;2;2;2;1;2;2;2;2;1;2;4;2; ;1;2;1;2;1;1;1;1;1;3;1;1;01;13;07;13;399,775252708022
4671701;1;4;3;1;1;1;1;3;3;4; ; ; ;500000; ;2;1;1;1;1;1;1;1;2;2;1;2;2;2;2;2;1;2;2;2;2;1;2;3;2; ;1;1;1;4;1;1;1;1;1;3;1;1;01;13;07;13;383,553609422357
4671703;1;4;3;1;1;1;1;3;3;1; ; ;98;300000; ;2;1;1;1;1;1;1;2;2;2;1;2;1;1;2;2;1;2;2;1;2;1;2;4;2; ;1;2;1;4;1;1;1;1;1;3;1;1;01;13;07;13;418,271949535582
4671705;1;4;3;1;1;1;1;1;3;1; ; ;98;98; ;1;2;2;1;1;1;1;1;2;2;1;2;2;2;2;2;1;2;2;2;2;1;1;5;2; ;1;1;1;4;1;1;1;1;1;3;1;1;01;13;07;13;422,092888366022
4671706;1;3;2;1;1;1;1;3;3;4; ; ; ;450000; ;2;2;2;1;1;1;1;1;2;2;1;2;2;2;2;2;1;2;2;2;2;1;2;5;2; ;1;2;1;4;1;1;1;1;1;3;1;1;01;13;07;13;437,119641960478
4671707;1;3;2;1;1;1;1;3;3;1; ; ;98;200000; ;2;2;2;1;1;1;1;2;2;2;1;2;2;2;2;2;1;2;2;2;2;1;1;3;2; ;1;2;1;4;1;1;1;1;1;3;1;1;01;13;07;13;395,354367282052
4671708;1;3;2;1;1;1;1;3;3;1; ; ;98;500000; ;2;1;2;1;1;1;1;2;2;2;1;2;2;2;2;2;1;2;2;2;2;1;1;3;2; ;1;2;1;4;1;1;1;1;1;3;1;1;01;13;07;13;395,354367282052
4671709;1;2;1;1;1;1;1;1;3;1; ; ;98;350000; ;2;1;1;1;1;1;1;1;1;2;1;2;2;1;2;2;1;2;2;2;2;1;2;4;2; ;1;2;1;4;1;1;1;1;1;3;1;1;01;13;07;13;375,735040148785
4671710;1;4;2;1;1;1;1;1;3;4; ; ; ;500000; ;1;2;2;1;1;1;1;1;1;2;2;2;2;2;2;2;1;2;2;2;2;1;2;2;2; ;1;1;1;4;1;1;1;1;1;3;1;1;01;13;07;13;339,585879811336
4671711;1;5;3;1;1;1;1;1;3;1; ; ;130000000;500000; ;1;1;2;1;1;1;1;2;2;2;1;2;1;2;2;2;1;2;2;2;2;1;4;5;2; ;1;2;1;4;1;1;1;1;1;3;1;2;01;13;07;13;363,910500755541
4671712;1;3;2;1;1;1;1;1;3;1; ; ;70000000;300000; ;2;2;2;2;1;1;1;2;2;2;1;2;2;2;2;2;1;2;2;2;2;1;2;5;2; ;1;2;1;2;1;1;1;1;1;3;1;1;01;13;07;13;442,524311094285
4671713;1;3;2;1;1;1;1;1;3;3; ; ; ; ;370000;2;1;2;1;1;1;1;2;2;2;1;2;2;2;2;2;1;2;2;2;2;1;1;3;2; ;1;2;1;4;1;1;1;1;1;3;1;1;01;13;07;13;390,965603066168
4671714;1;3;2;1;1;1;1;1;3;4; ; ; ;300000; ;2;2;2;1;1;1;1;2;2;2;1;2;2;2;2;2;1;2;2;2;2;1;2;6;2; ;1;2;1;2;1;1;1;1;1;3;1;1;01;13;07;13;411,615928685664
4671715;1;3;2;1;1;1;1;1;3;3; ; ; ; ;300000;2;1;2;1;1;1;1;2;2;2;1;2;2;2;2;2;1;2;2;2;2;1;2;3;2; ;1;2;1;4;1;1;1;1;1;3;1;1;01;13;07;13;378,928914673459
4671716;1;3;1;1;1;1;1;1;3;1; ; ;98;400000; ;2;2;2;1;1;1;1;2;2;2;1;2;2;2;2;2;1;2;2;2;2;1;1;1;2; ;1;2;1;4;1;1;1;1;1;3;1;1;01;13;07;13;382,733716919501
4671717;1;3;2;1;1;1;1;1;3;1; ; ;98;400000; ;2;1;2;1;1;1;1;1;2;2;1;1;1;2;2;2;1;2;2;2;2;1;2;4;2; ;1;2;1;4;1;1;1;1;1;3;1;1;01;13;07;13;333,198130761987
4671718;1;4;2;1;1;1;1;1;3;3; ; ; ; ;400000;2;2;2;1;1;1;1;2;2;2;1;2;2;2;2;2;1;2;2;2;2;1;2;3;2; ;1;2;1;4;1;1;1;1;1;3;1;1;01;13;07;13;410,242274278637
4671719;1;4;3;1;1;1;1;1;3;4; ; ; ;500000; ;2;2;2;1;1;1;1;2;2;2;1;2;2;2;2;2;1;2;2;2;2;1;3;7;2; ;1;2;1;4;1;1;1;1;1;3;1;1;01;13;07;13;345,217791512914
4671720;1;5;4;1;1;1;1;3;3;1; ; ;98;500000; ;1;1;1;1;1;1;1;1;1;2;1;1;1;1;2;1;1;2;2;2;2;1;4;7;2; ;1;2;1;4;1;1;1;1;1;3;1;1;01;13;07;13;327,319943095096
4671721;1;3;2;1;1;1;1;1;3;1; ; ;98;98; ;2;2;2;1;1;1;1;1;2;2;1;2;2;2;2;2;1;2;2;2;2;1;2;2;2; ;1;1;1;4;1;1;1;1;1;3;1;1;01;13;07;13;433,097535256409
4671722;1;3;2;1;1;1;1;3;3;4; ; ; ;450000; ;2;2;2;1;1;1;1;1;2;2;1;2;2;2;2;2;1;2;2;2;2;1;1;3;2; ;1;2;1;4;1;1;1;1;1;3;1;1;01;13;07;13;379,676547790814
4671723;1;5;4;1;1;1;1;1;3;4; ; ; ;98; ;2;2;2;1;1;1;1;1;2;2;1;2;1;2;2;2;1;1;2;2;2;1;5;10;2; ;1;1;1;4;1;1;1;1;1;3;1;1;01;13;07;13;439,9543166574
4671724;1;2;1;1;1;1;1;1;3;4; ; ; ;400000; ;2;1;2;1;1;1;1;2;2;2;1;2;1;2;2;2;1;2;2;2;2;1;2;4;2; ;1;2;1;2;1;1;1;1;1;3;1;1;01;13;07;13;714,476686642449
4671725;1;3;2;1;1;1;1;1;3;3; ; ; ; ;200000;2;1;2;1;1;1;1;1;2;2;1;1;1;2;2;2;1;2;1;2;2;1;2;4;2; ;1;1;1;4;1;1;1;1;1;3;1;1;01;13;07;13;751,470080297569
4671726;1;2;2;1;1;1;1;1;3;1; ; ;45000000;300000; ;2;2;2;2;1;1;1;2;2;2;1;2;2;2;2;2;1;2;2;2;2;1;2;6;2; ;1;1;1;2;1;1;1;1;1;3;1;1;01;13;07;13;756,165080307811
4671727;1;2;1;1;1;1;1;1;3;3; ; ; ; ;200000;2;1;2;2;1;1;1;2;2;2;1;2;2;2;2;2;1;2;2;2;2;1;1;2;2; ;1;1;1;2;1;1;1;1;1;3;1;1;01;13;07;13;681,20356945852
4671728;1;2;1;1;1;1;1;1;3;1; ; ;50000000;350000; ;2;2;2;2;1;1;1;2;2;2;1;2;2;2;2;2;1;2;2;2;2;2; ;1;2; ;1;1;1;2;1;1;1;1;1;3;1;1;01;13;07;13;818,844763551561
4671729;1;2;1;1;1;1;1;6; ;3; ; ; ; ;200000;2;2;2;2;2;2;2;2;2;2;1;2;2;2;2;2;1;2;2;2;2;2; ;1;2; ;1;2;1;4;1;1;1;1;1;3;1;1;01;13;07;13;818,844763551561
4671731;1;3;2;1;1;1;1;3;3;3; ; ; ; ;400000;1;2;1;1;1;1;1;1;2;2;1;1;1;1;2;1;1;2;2;2;2;1;3;4;2; ;1;1;1;4;1;1;1;1;1;3;1;1;01;13;07;13;310,620020211279
4671732;1;4;2;1;1;1;1;1;3;1; ; ;65000000;400000; ;2;1;2;1;1;1;1;2;2;2;1;2;2;2;2;2;1;2;1;2;2;1;3;3;2; ;1;1;1;2;1;1;1;1;1;3;1;1;01;13;07;13;650,205900022615
4671733;1;2;1;1;1;1;1;1;3;3; ; ; ; ;250000;2;2;2;2;2;1;1;2;2;2;1;2;2;2;2;2;1;2;2;2;2;1;1;4;2; ;1;2;1;2;1;1;1;1;1;3;1;1;01;13;07;13;882,658842806153
4671734;1;2;1;1;1;1;1;1;3;4; ; ; ;300000; ;2;1;2;1;1;1;1;2;2;2;1;2;2;2;2;2;1;2;2;2;2;1;2;4;2; ;1;1;1;4;1;2;1;1;1;3;1;1;01;13;07;13;751,470080297569
4671735;1;2;2;1;1;1;1;1;3;4; ; ; ;300000; ;2;2;2;1;1;1;1;2;2;2;1;2;1;2;2;2;1;2;2;2;2;1;2;5;2; ;1;1;1;4;1;1;1;1;1;3;1;1;01;13;07;13;874,239283920955
4671736;1;3;2;1;1;1;1;1;3;3; ; ; ; ;250000;2;2;2;2;2;1;1;2;2;2;1;2;2;2;2;2;1;2;2;2;2;1;1;5;2; ;1;2;1;4;1;1;1;1;1;3;1;1;01;13;07;13;961,344912530398
4671738;1;3;2;1;1;1;1;3;3;1; ; ;98;450000; ;1;1;1;1;1;1;1;2;2;2;1;2;2;2;2;2;1;2;2;2;2;1;4;14;2; ;1;1;1;2;1;1;1;1;1;3;1;1;01;13;07;13;447,731856698174
4671739;1;3;3;1;1;1;1;1;3;1; ; ;98;98; ;1;1;2;2;1;1;1;2;2;2;1;2;2;2;2;2;1;2;2;2;2;1;1;4;2; ;1;1;1;2;1;1;1;1;1;3;1;1;01;13;07;13;394,80894505442
4671740;1;2;2;1;1;1;1;2;3;4; ; ; ;200000; ;2;2;2;2;1;1;1;2;2;2;1;2;2;2;2;2;1;2;2;2;2;1;1;4;2; ;1;2;1;2;1;1;1;1;1;3;1;1;01;13;07;13;424,677976371212
4671741;1;5;4;1;1;1;1;1;3;1; ; ;70000000;450000; ;1;1;1;1;1;1;1;1;2;2;1;2;2;1;2;2;1;2;2;2;2;1;2;7;2; ;1;2;1;4;1;1;1;1;1;3;1;1;01;13;07;13;361,813669160786
4671742;1;4;3;1;1;1;1;3;3;1; ; ;98;900000; ;1;1;1;1;1;1;1;1;2;2;1;2;2;1;2;2;1;1;2;2;2;1;3;5;2; ;1;1;1;4;1;1;1;1;1;3;1;1;01;13;07;13;360,236205430832
4671743;1;2;1;1;1;1;1;3;3;1; ; ;98;450000; ;2;1;2;2;1;1;1;2;2;2;1;2;2;2;2;2;1;2;2;2;2;1;1;5;2; ;1;2;1;3;1;1;1;1;1;3;1;1;01;13;07;13;328,988351319389
4671744;1;4;3;1;1;1;1;3;3;1; ; ;98;600000; ;2;1;1;1;1;1;1;2;2;2;1;2;2;2;2;2;1;2;2;2;2;1;2;7;2; ;1;1;1;4;1;2;1;1;1;3;1;1;01;13;07;13;381,1637018087
4671745;1;3;2;1;1;1;1;3;3;3; ; ; ; ;600000;2;1;2;2;1;1;1;2;2;2;1;2;2;2;2;2;1;2;2;2;2;1;1;2;2; ;1;1;1;4;1;2;1;1;1;3;1;1;01;13;07;13;374,915147645928
4671746;1;2;1;1;1;1;1;3;3;3; ; ; ; ;420000;2;1;1;1;1;1;1;1;2;2;1;1;1;1;2;2;1;2;2;2;2;1;2;4;2; ;1;2;1;4;1;2;1;1;1;3;1;1;01;13;07;13;364,44598487343
4671747;1;2;1;1;1;1;1;3;3;3; ; ; ; ;360000;2;1;2;1;1;1;1;1;2;2;1;1;2;2;2;2;1;2;1;2;2;2; ;5;2; ;1;2;1;4;1;2;1;1;1;3;1;1;01;13;07;13;318,715200961958
4671748;1;5;4;1;1;1;1;1;3;1; ; ;98;98; ;2;2;2;1;1;1;1;2;2;2;1;2;1;2;2;2;1;2;2;2;2;1;7;12;2; ;1;1;1;4;1;2;1;1;1;3;1;1;01;13;07;13;401,247241194692
4671750;1;3;2;1;1;1;1;1;3;1; ; ;98;98; ;2;2;2;2;1;1;1;2;2;2;1;2;2;2;2;2;1;2;1;2;2;1;2;5;2; ;1;1;1;2;1;1;1;1;1;3;1;1;01;13;07;13;457,143946290302
4671751;1;5;4;1;1;1;1;3;3;1; ; ;98;98; ;2;2;2;1;1;1;1;1;2;2;1;2;2;2;2;2;1;2;2;2;2;1;2;6;2; ;1;1;1;4;1;1;1;1;1;3;1;1;01;13;07;13;413,258414174525
4671752;1;4;2;1;1;1;1;3;3;4; ; ; ;300000; ;2;1;2;1;1;1;1;2;2;2;1;2;1;2;2;2;1;2;2;2;2;1;2;3;2; ;1;1;1;4;1;1;1;1;1;3;1;1;01;13;07;13;371,314154722814
4671753;1;3;1;1;1;1;1;3;3;4; ; ; ;400000; ;2;1;1;1;1;1;1;1;2;2;1;2;2;2;2;2;1;2;2;2;2;1;1;1;1;1;1;2;1;4;1;1;1;1;1;3;1;1;01;13;07;13;343,795659253935
4671754;1;2;1;1;1;1;1;3;3;4; ; ; ;98; ;2;2;2;1;1;1;1;1;2;2;1;2;1;2;2;2;1;2;2;2;2;1;2;3;2; ;1;2;1;4;1;1;1;1;1;3;1;1;01;13;07;13;336,392005286662
4671755;1;3;2;1;1;1;1;3;3;1; ; ;98;450000; ;2;1;2;1;1;1;1;2;2;2;1;2;2;2;2;2;1;2;2;2;2;1;2;5;2; ;1;1;1;2;1;1;1;1;1;3;1;1;01;13;07;13;358,269901088719
4671756;1;3;2;1;1;1;1;3;3;1; ; ;98;98; ;2;2;2;1;1;1;1;1;2;2;1;2;2;2;2;2;1;2;2;2;2;1;2;4;2; ;1;2;1;2;1;1;1;1;1;3;1;1;01;13;07;13;382,739915394156
4671757;1;3;2;1;1;1;1;1;3;4; ; ; ;98; ;2;2;2;2;1;1;1;2;2;2;1;2;2;2;2;2;1;2;2;2;2;1;5;5;2; ;1;1;1;2;1;1;1;1;1;3;1;1;01;13;07;13;422,872862750931
4671758;1;6;4;1;1;1;1;1;3;1; ; ;99;700000; ;1;1;2;1;1;1;1;1;1;2;1;2;1;2;2;2;1;2;2;2;2;1;4;7;2; ;1;2;1;4;1;2;1;1;1;3;1;1;01;13;07;13;407,267302645195
4671759;1;3;2;1;1;1;1;3;3;1; ; ;98;300000; ;2;1;1;1;1;1;1;1;2;2;1;2;2;2;2;2;1;2;2;2;2;1;3;10;2; ;1;2;1;4;1;1;1;1;1;3;1;1;01;13;07;13;450,22746701483
4671760;1;3;2;1;1;1;1;3;3;5; ; ; ;98; ;2;1;1;1;1;1;1;2;2;2;1;2;2;2;2;2;1;2;2;2;2;1;1;4;2; ;1;2;1;4;1;1;1;1;1;3;1;1;01;13;07;13;429,292733010367
4671761;1;3;2;1;1;1;1;3;3;5; ; ; ;98; ;2;1;1;1;1;1;1;1;2;2;1;2;1;2;2;2;1;2;2;2;2;1;1;2;2; ;1;2;1;4;1;1;1;1;1;3;1;1;01;13;07;13;394,159477590843
4671762;1;2;1;1;1;1;1;3;3;5; ; ; ;98; ;2;1;1;2;1;1;1;2;2;2;1;2;2;2;2;2;1;2;2;2;2;1;1;5;2; ;1;2;1;4;1;1;1;1;1;3;1;1;01;13;07;13;318,715200961958
4671763;1;3;1;1;2;1;1;3;3;5; ; ; ;350000; ;2;1;1;1;1;1;1;2;2;2;1;2;2;2;2;2;1;2;2;2;2;1;2;5;2; ;1;1;1;4;1;1;1;1;1;3;1;1;01;13;07;13;469,3747130246
4671763;2;3;2;1;1;1;1;3;3;5; ; ; ;350000; ;2;1;2;2;1;1;1;2;2;2;1;2;2;2;2;2;1;2;2;2;2;1;1;3;2; ;2;1;1;4;1;1;1;1;1;3;1;1;01;13;07;13;469,3747130246
4671763;3;1;1;1;2;1;1;3;3;5; ; ; ;240000; ;2;2;2;1;1;2;1;1;2;2;1;2;2;2;2;2;1;2;2;2;2;1;2;2;2; ;3;1;1;4;1;1;1;1;1;3;1;1;01;13;07;13;469,3747130246
4671765;1;4;3;1;1;1;1;3;3;5; ; ; ;200000; ;2;1;1;2;1;1;1;2;2;2;1;2;1;2;2;2;1;2;2;2;2;1;3;6;2; ;1;2;1;2;1;1;1;1;1;3;1;1;01;13;07;13;372,687809129841
4671766;1;6;5;1;1;1;1;1;3;1; ; ;98;900000; ;2;1;1;1;1;1;1;2;2;2;1;2;2;2;2;2;1;2;1;2;2;1;5;10;2; ;1;2;1;4;1;2;1;1;1;3;1;1;01;13;07;13;407,690557628033
4671767;1;2;1;1;1;1;1;1;3;4; ; ; ;400000; ;2;1;1;1;1;1;1;2;2;2;1;2;2;1;2;2;1;2;2;2;2;1;2;3;2; ;1;2;1;4;1;2;1;1;1;3;1;1;01;13;07;13;444,523295927751
4671768;1;5;4;1;1;1;1;1;3;3; ; ; ; ;1200000;1;1;1;1;1;1;1;1;2;2;1;2;1;1;2;1;1;2;2;1;2;1;1;2;2; ;1;1;1;4;1;3;1;1;1;3;1;1;01;13;07;13;368,250787119472
4671769;1;3;1;1;1;1;1;3;3;4; ; ; ;98; ;2;2;2;1;1;1;1;1;2;2;1;2;2;2;2;2;1;2;2;2;2;1;2;2;2; ;1;2;1;4;1;2;1;1;1;3;1;1;01;13;07;13;339,585879811336
4671770;1;5;4;1;1;1;1;1;3;2; ;1800000;178000000;600000; ;1;1;1;1;1;1;1;1;2;2;1;1;1;1;2;1;1;2;2;1;2;1;4;5;2; ;1;1;1;4;1;3;1;1;1;3;1;1;01;13;07;13;495,334370838513
4671771;1;2;1;1;1;1;1;1;3;3; ; ; ; ;300000;1;1;1;1;1;1;1;2;2;2;1;2;2;1;2;2;1;2;2;2;2;1;2;5;2; ;1;2;1;4;1;2;1;1;1;3;1;1;01;13;07;13;426,098858485693
4671772;1;4;3;1;1;1;1;3;3;4; ; ; ;800000; ;1;1;1;1;1;1;1;1;1;2;1;1;1;1;2;1;1;1;2;1;2;1;4;6;2; ;1;2;1;4;1;3;1;1;1;3;1;1;01;13;07;13;387,585654236169
4671773;1;5;4;1;1;1;1;3;3;5; ; ; ;98; ;2;1;1;1;1;1;1;2;2;2;1;2;1;2;2;2;1;2;2;2;2;2; ;6;2; ;1;2;1;4;1;3;1;1;1;3;1;1;01;13;07;13;403,253535617664
4671774;1;3;1;1;1;1;1;3;3;3; ; ; ; ;700000;2;1;1;1;1;1;1;1;2;2;1;2;2;2;2;2;1;2;2;2;2;1;2;2;2; ;1;2;1;4;1;2;1;1;1;3;1;1;01;13;07;13;339,585879811336
4671775;1;4;2;1;1;1;1;1;3;1; ; ;99;99; ;1;1;1;1;1;1;1;1;1;2;1;1;1;1;2;1;1;1;1;1;2;1;3;3;2; ;1;1;1;4;1;2;1;1;1;3;1;1;01;13;07;13;389,949698148244
4671776;1;4;3;1;1;1;1;3;3;1; ; ;98;98; ;2;2;2;1;1;1;1;1;2;2;1;2;2;2;2;2;1;2;1;2;2;1;7;9;2; ;1;2;1;4;1;2;1;1;1;3;1;1;01;13;07;13;394,980620238198
4671779;1;2;1;1;1;1;1;3;3;5; ; ; ;220000; ;2;1;1;1;1;1;1;2;2;2;1;2;2;2;2;2;1;2;2;2;2;2; ;1;2; ;1;2;1;4;1;2;1;1;1;3;1;2;01;13;07;13;378,109022170602
4671780;1;2;1;1;1;1;1;3;3;5; ; ; ;180000; ;2;1;1;1;1;1;1;1;2;2;1;2;1;2;2;2;1;2;2;2;2;1;1;1;2; ;1;2;1;4;1;2;1;1;1;3;1;1;01;13;07;13;343,795659253935
4671781;1;3;1;1;1;1;1;1;3;4; ; ; ;700000; ;2;1;1;2;1;1;1;1;2;2;1;2;1;1;2;2;1;2;2;2;2;1;1;1;2; ;1;2;1;4;1;3;1;1;1;3;1;1;01;13;07;13;432,682619950109
4671782;1;2;1;1;1;1;1;1;3;3; ; ; ; ;500000;2;1;1;2;1;1;1;1;1;2;1;2;1;1;2;2;1;2;2;2;2;1;1;1;2; ;1;2;1;4;1;3;1;1;1;3;1;1;01;13;07;13;378,109022170602
4671783;1;2;1;1;1;1;1;1;3;3; ; ; ; ;600000;2;1;1;1;1;1;1;1;1;2;1;2;1;1;2;1;1;2;2;1;2;1;1;1;2; ;1;2;1;4;1;3;1;1;1;3;1;1;01;13;07;13;378,109022170602
4671784;1;2;1;1;1;1;1;1;3;3; ; ; ; ;500000;2;1;1;2;1;1;1;1;1;2;1;2;1;1;2;1;1;2;1;2;2;1;1;1;2; ;1;2;1;4;1;3;1;1;1;3;1;1;01;13;07;13;378,109022170602
4671786;1;5;3;1;1;1;1;1;3;1; ; ;350000000;1500000; ;1;1;1;1;1;1;1;1;2;2;1;2;1;1;2;1;1;2;2;1;2;1;3;4;2; ;1;1;1;4;1;3;1;1;1;3;1;1;01;13;07;13;479,251574150718
4671788;1;3;1;1;1;1;1;1;3;1; ; ;200000000;900000; ;2;1;1;1;1;1;1;1;2;2;1;1;1;1;2;1;1;2;2;1;2;1;1;1;2; ;1;2;1;4;1;3;1;1;1;3;1;2;01;13;07;13;343,795659253935
4671790;1;2;1;1;1;1;1;1;3;3; ; ; ; ;600000;2;1;1;2;1;1;1;1;2;2;1;2;1;1;2;1;1;2;2;2;2;1;1;1;2; ;1;2;1;4;1;3;1;1;1;3;1;1;01;13;07;13;378,109022170602
4671793;1;2;1;1;1;1;1;1;3;3; ; ; ; ;500000;2;1;1;1;1;1;1;1;1;2;1;2;1;1;2;1;1;2;2;2;2;1;1;1;2; ;1;2;1;4;1;3;1;1;1;3;1;1;01;13;07;13;378,109022170602
4671794;1;3;2;1;1;1;1;1;3;3; ; ; ; ;400000;2;1;1;1;1;1;1;1;2;2;1;2;2;1;2;2;1;2;2;2;2;1;1;2;2; ;1;2;1;4;1;1;1;1;1;3;1;1;01;13;07;13;344,210574560235
4671836;1;2;1;1;1;1;1;1;4;3; ; ; ; ;450000;2;1;1;2;1;1;1;2;2;1;1;2;1;1;1;2;2;2;2;2;2;1;2;2;2; ;1;2;1;4;1;5;2;1;1;2;1;1;01;17;07;17;186,753025134499
4671838;1;1;1;1;1;1;1;1;3;3; ; ; ; ;320000;2;2;2;2;2;2;1;2;2;1;2;2;2;1;2;2;2;2;1;2;2;1;1;1;2; ;1;2;1;4;1;3;1;1;1;2;1;1;01;17;07;17;205,263407237944
4671843;1;4;2;1;1;1;1;1;3;2; ;320000;80000000;500000; ;1;1;1;1;1;1;1;2;1;1;1;1;1;1;2;2;2;2;2;1;1;1;2;2;2; ;1;2;1;4;1;3;1;1;1;2;1;1;01;17;07;17;173,3283531043
4671844;1;6;3;1;1;1;1;1;4;1; ; ;80000000;400000; ;2;1;1;1;1;1;1;2;2;2;1;2;1;1;2;2;2;1;2;1;1;1;3;3;2; ;1;2;1;4;1;3;2;1;1;2;1;1;01;17;07;17;203,514835976034
4671845;1;4;3;1;1;1;1;1;3;4; ; ; ;350000; ;2;2;1;1;1;1;1;2;2;1;1;2;2;1;2;2;2;2;1;2;2;1;4;4;2; ;1;2;1;4;1;2;1;1;1;2;1;1;01;17;07;17;171,664952077267
4671846;1;7;5;1;1;1;1;1;3;1; ; ;130000000;700000; ;1;1;1;1;1;1;1;1;2;1;1;2;1;1;2;2;2;1;1;1;2;1;5;5;2; ;1;1;1;4;1;3;1;1;1;2;1;1;01;17;07;17;175,890492768274
4671847;1;3;2;1;1;1;1;1;4;3; ; ; ; ;420000;2;1;1;1;1;1;1;1;1;2;1;2;1;1;2;2;2;2;2;2;2;1;5;5;2; ;1;2;1;4;1;2;2;1;1;2;1;1;01;17;07;17;181,424388797349
4671849;1;6;3;1;1;1;1;1;3;1; ; ;100000000;500000; ;1;1;1;1;1;1;1;1;1;1;1;2;2;1;2;2;2;2;2;2;2;1;4;4;2; ;1;1;1;4;1;3;1;1;1;2;1;1;01;17;07;17;161,331651729385
4671853;1;4;1;1;1;1;1;1;3;1; ; ;100000000;500000; ;1;1;1;1;1;1;1;2;1;1;1;1;1;1;1;2;2;2;2;1;2;1;3;3;2; ;1;2;1;4;1;4;1;1;1;2;1;1;01;17;07;17;156,781386259388
4671856;1;4;1;1;1;1;1;1;3;3; ; ; ; ;400000;2;1;1;1;1;1;1;1;2;1;1;2;1;2;2;2;2;2;2;2;2;1;2;2;2; ;1;2;1;4;1;4;1;1;1;2;1;1;01;17;07;17;203,743815945522
4671858;1;3;2;1;1;1;1;1;3;3; ; ; ; ;435000;1;1;1;1;1;1;1;1;1;1;1;1;1;2;2;2;2;2;2;2;2;1;2;2;2; ;1;2;1;4;1;3;1;1;1;2;1;1;01;17;07;17;206,898168694516
4671859;1;4;3;1;1;1;1;1;3;3; ; ; ; ;450000;2;1;1;2;1;1;1;1;2;2;1;2;2;1;2;2;2;2;1;2;2;1;3;4;2; ;1;2;1;4;1;3;1;1;1;2;1;1;01;17;07;17;277,241187707689
4671860;1;4;2;2;1;1;1;1;3;1; ; ;98;500000; ;2;1;1;1;1;1;1;2;1;1;1;1;1;1;2;2;2;2;2;2;2;1;2;2;2; ;1;1;1;4;1;3;1;1;1;2;1;1;01;17;07;17;152,555845568382
4671861;1;1;1;1;1;1;1;6; ;3; ; ; ; ;270000;2;1;1;2;2;2;2;2;2;1;1;2;2;1;2;2;2;2;2;2;2;1;1;1;2; ;1;1;1;4;1;3;1;1;1;2;1;1;01;17;07;17;220,805878835912
4671862;1;4;2;1;1;1;1;1;3;3; ; ; ; ;750000;2;1;1;1;1;1;1;1;2;1;1;2;1;1;1;2;2;2;2;2;2;1;2;2;2; ;1;2;1;4;1;4;1;1;1;2;1;1;01;17;07;17;196,564868346634
4671863;1;5;4;1;1;1;1;1;3;3; ; ; ; ;630000;1;1;1;1;1;1;1;2;1;1;1;2;1;1;2;2;2;2;1;2;2;1;6;8;2; ;1;2;1;4;1;3;1;1;1;2;1;1;01;17;07;17;327,893461701581
4671864;1;4;3;1;1;1;1;1;3;1; ; ;550000000;2000000; ;1;1;1;1;1;1;1;2;1;1;1;2;1;2;2;2;2;1;2;1;1;1;3;3;2; ;1;1;1;4;1;4;1;1;1;2;1;1;01;17;07;17;149,087342615022
4671866;1;4;3;1;1;1;1;1;3;1; ; ;350000000;98; ;1;1;1;1;1;1;1;1;1;1;1;1;1;1;1;2;2;1;2;1;2;1;3;3;1;1;1;2;1;4;1;4;1;1;1;2;1;1;01;17;07;17;182,657158205238
4671867;1;4;2;1;1;1;1;1;3;1; ; ;98;450000; ;1;1;1;1;1;1;1;1;2;2;1;2;2;2;2;2;2;2;2;2;2;1;3;3;2; ;1;2;1;4;1;3;1;1;1;2;1;1;01;17;07;17;177,639064030184
4671873;1;3;1;1;1;1;1;1;3;3; ; ; ; ;550000;2;2;2;1;1;1;1;2;2;1;1;2;2;1;1;2;2;2;2;2;2;1;1;1;2; ;1;2;1;4;1;4;1;1;1;2;1;1;01;17;07;17;220,805878835912
4671875;1;3;2;1;1;1;1;1;3;1; ; ;120000000;700000; ;1;1;2;1;1;1;1;2;2;1;1;2;2;1;2;2;2;2;2;2;2;1;1;2;2; ;1;2;1;4;1;6;1;1;1;2;1;1;01;17;07;17;191,355697096549
4671876;1;4;3;1;1;1;1;1;3;2; ;174000;45000000;250000; ;2;1;1;1;1;2;1;2;2;2;1;2;2;1;2;2;2;2;1;2;2;1;4;5;2; ;1;1;1;2;1;1;1;1;1;2;1;1;01;17;07;17;237,888337239587
4671877;1;2;1;1;1;1;1;1;3;3; ; ; ; ;600000;2;2;1;1;1;1;1;2;2;1;1;2;2;1;2;2;2;1;2;1;2;1;1;1;2; ;1;2;1;4;1;4;1;1;1;2;1;1;01;17;07;17;205,263407237944
4671878;1;3;1;1;1;1;1;1;3;3; ; ; ; ;350000;2;1;2;1;1;1;1;2;2;2;1;2;1;2;2;2;2;1;1;2;2;1;2;3;2; ;1;2;1;3;1;3;1;1;1;2;1;1;01;17;07;17;272,898802770079
4671879;1;6;1;1;1;1;1;1;3;1; ; ;280000000;800000; ;1;1;2;1;1;1;1;1;2;1;1;2;1;2;2;2;1;1;2;2;2;1;2;2;2; ;1;2;1;4;1;3;1;1;1;2;1;1;01;17;07;17;199,395202125181
4671880;1;3;2;1;1;1;1;1;3;3; ; ; ; ;750000;1;1;1;1;1;1;1;2;1;1;1;2;1;2;1;2;2;1;2;2;2;1;2;3;2; ;1;2;1;4;1;4;1;1;1;2;1;1;01;17;07;17;368,258582299222
4671881;1;4;3;1;1;1;1;1;3;3; ; ; ; ;700000;1;1;1;1;1;1;1;2;2;1;1;1;1;1;1;2;2;2;2;2;2;1;4;5;2; ;1;2;1;4;1;4;1;1;1;2;1;1;01;17;07;17;104,323369978213
4671882;1;4;3;1;1;1;1;1;3;4; ; ; ;500000; ;1;1;1;1;1;1;1;1;2;1;1;1;1;1;2;2;2;1;2;1;2;1;3;4;2; ;1;2;1;4;1;3;1;1;1;2;1;1;01;17;07;17;241,048918871312
4671883;1;5;3;1;1;1;1;1;3;1; ; ;130000000;1000000; ;1;1;1;1;1;1;1;2;1;1;1;1;1;1;2;2;2;2;2;1;2;1;5;5;2; ;1;2;1;4;1;4;1;1;1;2;1;1;01;17;07;17;157,863148776025
4671884;1;4;2;1;1;1;1;1;3;1; ; ;160000000;800000; ;1;1;1;1;1;1;1;2;2;1;1;2;1;1;1;2;2;2;2;1;1;1;1;2;2; ;1;2;1;4;1;4;1;1;1;2;1;1;01;17;07;17;162,995052756418
4671885;1;5;2;1;1;1;1;1;3;1; ; ;200000000;900000; ;1;1;1;1;1;1;1;1;1;1;1;1;1;1;1;2;1;1;2;2;2;1;3;3;2; ;1;2;1;4;1;4;1;1;1;2;1;1;01;17;07;17;167,545318226415
4671888;1;3;1;1;1;1;1;1;3;3; ; ; ; ;450000;2;1;1;1;1;1;1;2;2;2;1;2;2;1;2;2;2;1;2;2;2;1;1;1;2; ;1;2;1;4;1;4;1;1;1;2;1;1;01;17;07;17;205,263407237944
4671889;1;6;1;1;1;1;1;1;3;1; ; ;160000000;800000; ;1;1;1;1;1;1;1;1;2;1;1;2;2;1;1;2;2;2;2;2;2;1;1;1;2; ;1;2;1;4;1;3;1;1;1;2;1;1;01;17;07;17;184,405729467149
4671891;1;3;2;1;1;1;1;1;3;3; ; ; ; ;400000;2;1;1;1;1;2;1;2;2;1;1;2;1;1;2;2;2;2;1;2;2;1;3;4;2; ;1;2;1;3;1;3;1;1;1;2;1;1;01;17;07;17;153,206976465875
4671892;1;3;2;1;1;1;1;1;3;2; ;1200000;200000000;1000000; ;2;1;1;1;1;1;1;1;2;2;1;1;1;1;1;2;2;1;2;1;2;1;2;3;2; ;1;2;1;4;1;4;1;1;1;2;1;1;01;17;07;17;291,148897849085
4671893;1;6;3;1;1;1;1;1;3;3; ; ; ; ;300000;2;2;2;1;1;1;1;1;1;2;1;2;1;1;2;2;2;2;2;2;2;1;3;4;2; ;1;2;1;4;1;3;1;1;1;2;1;1;01;17;07;17;285,057941649564
4671895;1;4;1;1;1;1;1;1;3;1; ; ;150000000;700000; ;2;1;1;1;1;1;1;1;1;1;1;1;2;1;2;2;2;1;2;1;2;1;1;2;2; ;1;2;1;4;1;4;1;1;1;2;1;1;01;17;07;17;294,532230567567
4671896;1;3;2;1;1;1;1;1;3;3; ; ; ; ;580000;2;1;1;1;1;1;1;1;2;2;1;1;2;1;2;2;2;2;2;1;2;1;3;3;2; ;1;2;1;3;1;4;1;1;1;2;1;1;01;17;07;17;167,545318226415
4671899;1;3;1;1;1;1;1;1;4;3; ; ; ; ;800000;2;2;1;1;1;1;1;2;2;1;2;2;2;1;2;2;2;1;2;2;2;1;1;1;2; ;1;2;1;7;1;6;2;1;1;2;1;1;01;17;07;17;205,263407237944
4671900;1;3;2;1;1;1;1;1;4;3; ; ; ; ;500000;2;1;2;1;1;2;1;1;2;2;1;2;2;2;2;2;2;1;2;2;2;1;4;4;2; ;1;2;1;3;1;4;2;1;1;2;1;1;01;17;07;17;189,607125834638
4671901;1;4;1;1;1;1;1;1;3;1; ; ;120000000;1000000; ;1;1;1;1;1;1;1;1;1;1;1;2;1;1;1;2;2;2;2;1;2;1;1;1;2; ;1;2;1;6;1;6;1;1;1;2;1;1;01;17;07;17;184,405729467149
4671902;1;4;3;1;1;1;1;1;4;3; ; ; ; ;700000;2;2;1;1;1;1;1;2;1;1;1;2;2;1;2;2;2;1;2;2;2;1;4;4;2; ;1;2;1;6;1;6;2;1;1;2;1;1;01;17;07;17;161,331651729385
4671903;1;5;1;1;1;1;1;1;3;4; ; ; ;850000; ;1;1;1;1;1;1;1;2;1;1;1;1;1;1;2;2;2;2;2;2;2;1;1;1;2; ;1;2;1;4;1;6;1;1;1;2;1;1;01;17;07;17;220,805878835912
4671904;1;3;1;1;1;1;1;1;3;1; ; ;600000000;700000; ;1;1;1;1;1;1;1;2;2;1;1;1;1;1;2;2;2;2;2;2;2;1;2;2;2; ;1;2;1;4;1;6;1;1;1;2;1;1;01;17;07;17;162,995052756418
4671905;1;4;3;1;1;1;1;1;4;3; ; ; ; ;400000;2;1;1;1;1;1;1;2;2;2;1;2;2;1;2;2;2;1;2;2;2;1;3;7;2; ;1;2;1;2;1;4;2;1;1;2;1;1;01;17;07;17;170,842433809486
4671906;1;3;2;1;1;1;1;1;3;3; ; ; ; ;420000;2;1;1;1;1;1;1;2;2;2;1;2;2;1;2;2;2;2;1;2;2;1;2;2;2; ;1;2;1;4;1;3;1;1;1;2;1;1;01;17;07;17;232,965017715397
4671907;1;3;2;1;1;1;1;1;3;2; ;400000;98;500000; ;1;1;1;1;1;1;1;1;1;1;1;1;1;1;2;2;2;2;2;2;2;1;1;3;2; ;1;1;1;4;1;3;1;1;1;2;1;1;01;17;07;17;167,114686607271
4671908;1;4;3;1;1;1;1;1;3;3; ; ; ; ;350000;2;1;1;2;1;1;1;2;2;2;1;2;2;1;2;2;2;2;2;2;2;1;3;5;2; ;1;2;1;6;1;2;1;1;1;2;1;1;01;17;07;17;296,62521631321
4671910;1;4;3;1;1;1;1;1;3;1; ; ;90000000;600000; ;1;1;1;1;1;1;1;1;1;1;1;1;2;1;2;2;2;2;1;2;2;1;4;5;2; ;1;2;1;6;1;3;1;1;1;2;1;1;01;17;07;17;242,666876870529
4671911;1;3;1;1;1;1;1;1;3;1; ; ;160000000;1000000; ;2;1;1;1;1;2;1;1;1;1;1;2;2;1;1;2;2;2;2;1;2;1;1;1;2; ;1;2;1;4;1;4;1;1;1;2;1;1;01;17;07;17;187,236063245696
4671912;1;7;3;1;1;1;1;1;3;2; ;2800000;180000000;1200000; ;1;1;1;1;1;1;1;2;2;1;1;2;1;1;2;2;2;1;2;1;2;1;4;4;2; ;1;1;1;6;1;6;1;1;1;2;1;1;01;17;07;17;117,237458716256
4671913;1;4;2;1;1;1;1;1;3;1; ; ;98;400000; ;2;1;2;1;1;1;1;1;2;1;1;2;2;2;2;2;2;2;2;1;2;1;2;2;2; ;1;2;1;4;1;2;1;1;1;2;1;1;01;17;07;17;181,022396748666
4671917;1;4;3;1;1;1;1;1;3;3; ; ; ; ;300000;2;1;1;1;1;1;1;2;2;2;1;1;2;1;2;2;2;1;1;2;2;1;2;5;2; ;1;2;1;6;1;2;1;1;1;2;1;1;01;17;07;17;332,717444360339
4671918;1;1;1;1;1;1;1;1;3;3; ; ; ; ;700000;2;1;1;2;1;2;1;2;2;1;1;2;2;1;2;2;2;2;2;2;2;1;1;1;2; ;1;2;1;4;1;6;1;1;1;2;1;1;01;17;07;17;176,79685605766
4671919;1;1;1;1;1;1;1;1;3;3; ; ; ; ;650000;2;1;1;2;1;1;1;1;2;1;1;1;2;1;2;2;2;2;2;2;2;1;1;1;2; ;1;2;1;4;1;6;1;1;1;2;1;1;01;17;07;17;220,805878835912
4671920;1;4;2;1;1;1;1;1;4;3; ; ; ; ;800000;1;1;1;1;1;1;1;2;1;1;1;2;1;1;2;2;2;2;2;2;2;1;2;2;2; ;1;2;1;4;1;4;2;1;1;2;1;1;01;17;07;17;162,995052756418
4671921;1;8;5;1;1;1;1;1;3;1; ; ;100000000;500000; ;1;1;1;1;1;1;1;1;1;2;1;2;1;1;2;1;1;1;2;1;2;1;6;6;2; ;1;1;1;4;1;2;1;1;1;2;1;1;01;17;07;17;154,56498629242
4671922;1;3;2;1;1;1;1;1;3;3; ; ; ; ;300000;2;1;1;2;1;1;1;2;2;2;1;2;2;2;2;2;2;2;2;2;2;1;1;6;2; ;1;2;1;4;1;2;1;1;1;2;1;1;01;17;07;17;416,968173514907
4671925;1;1;1;1;1;1;1;1;1;3; ; ; ; ;500000;1;1;1;2;1;2;1;2;2;1;1;2;2;1;2;2;2;2;2;2;2;1;1;1;2; ;1;2;1;4;1;6;2;1;1;2;1;1;01;17;07;17;194,739029815031
4671926;1;4;3;1;1;1;1;1;3;1; ; ;40000000;300000; ;2;1;1;1;1;1;1;2;2;1;1;2;2;2;2;2;2;2;2;2;2;1;2;5;2; ;1;2;1;6;1;2;1;1;1;2;1;1;01;17;07;17;260,125026155198
4671927;1;3;2;1;1;1;1;1;3;3; ; ; ; ;310000;2;1;1;1;1;1;1;2;2;2;1;2;1;2;2;2;2;2;1;2;2;1;2;4;2; ;1;1;1;4;1;2;1;1;1;2;1;1;01;17;07;17;364,87524958074
4671928;1;4;1;1;1;1;1;1;3;3; ; ; ; ;450000;2;1;1;2;1;2;1;1;2;2;1;2;2;2;2;2;2;2;2;2;2;1;3;3;2; ;1;2;1;4;1;2;1;1;1;2;1;1;01;17;07;17;236,61549764792
4671930;1;4;1;1;1;1;1;1;3;3; ; ; ; ;750000;1;1;1;1;1;1;1;1;1;1;1;1;1;2;2;2;2;2;2;2;2;1;1;1;2; ;1;2;1;4;1;4;1;1;1;2;1;1;01;17;07;17;184,405729467149
4671935;1;4;2;1;1;1;1;1;3;3; ; ; ; ;800000;2;1;2;2;1;1;1;2;2;1;1;2;2;2;2;2;2;2;2;2;2;1;2;2;2; ;1;2;1;4;1;4;1;1;1;2;1;1;01;17;07;17;196,564868346634
4671937;1;3;2;1;1;1;1;1;3;3; ; ; ; ;800000;1;1;1;1;1;1;1;1;2;1;1;2;1;1;2;2;2;2;2;2;2;1;3;3;2; ;1;2;1;4;1;4;1;1;1;2;1;1;01;17;07;17;159,611720037936
4671938;1;5;2;1;1;1;1;1;3;4; ; ; ;300000; ;1;1;1;1;1;1;1;2;1;1;1;2;2;1;2;2;2;2;2;2;2;1;1;2;2; ;1;2;1;4;1;2;1;1;1;2;1;1;01;17;07;17;239,881986119798
4671939;1;2;1;1;1;1;1;1;3;4; ; ; ;380000; ;2;1;1;1;1;2;1;2;2;2;1;2;1;1;2;2;2;2;1;2;2;1;2;3;2; ;1;2;1;4;1;2;1;1;1;2;1;1;01;17;07;17;272,898802770079
4671941;1;4;3;1;1;1;1;1;4;3; ; ; ; ;420000;1;1;1;1;1;1;1;2;2;2;1;2;2;2;2;2;2;2;2;2;2;1;4;4;2; ;1;2;1;3;1;4;2;1;1;2;1;1;01;17;07;17;174,255731311701
4671942;1;3;1;1;1;1;1;1;3;3; ; ; ; ;400000;2;1;1;1;1;1;1;2;2;1;1;2;2;2;2;2;2;2;2;2;2;1;2;3;2; ;1;2;1;4;1;2;1;1;1;2;1;1;01;17;07;17;236,61549764792
4671943;1;4;2;1;1;1;1;1;3;3; ; ; ; ;450000;2;1;1;1;1;1;1;2;1;2;1;1;1;1;2;2;2;2;1;2;2;1;3;4;2; ;1;1;1;4;1;2;1;1;1;2;1;1;01;17;07;17;230,832462770034
4671944;1;3;2;1;1;1;1;1;3;3; ; ; ; ;370000;1;1;1;1;1;1;1;1;2;1;1;1;2;1;2;2;2;2;2;2;2;1;2;4;2; ;1;2;1;4;1;2;1;1;1;2;1;1;01;17;07;17;346,625154501734
4671945;1;3;1;1;1;1;1;1;3;4; ; ; ;500000; ;1;1;1;1;1;1;1;1;2;1;1;1;1;1;2;2;2;1;2;2;2;1;1;1;2; ;1;2;1;4;1;3;1;1;1;2;1;1;01;17;07;17;220,805878835912
4671946;1;3;2;1;1;1;1;1;3;1; ; ;100000000;700000; ;1;1;2;1;1;1;1;2;2;2;1;2;1;2;2;2;2;2;2;2;2;1;1;2;2; ;1;2;1;4;1;1;1;1;1;2;1;1;01;17;07;17;160,164718977871
4671947;1;3;1;1;1;1;1;1;3;3; ; ; ; ;300000;2;1;2;1;1;1;1;2;2;1;1;2;2;2;2;2;2;2;2;2;2;1;1;1;2; ;1;2;1;4;1;1;1;1;1;2;1;1;01;17;07;17;184,405729467149
4671949;1;3;2;1;1;1;1;1;3;1; ; ;80000000;300000; ;1;1;1;2;1;1;1;2;2;1;1;2;1;2;2;2;2;2;2;2;2;1;2;3;2; ;1;1;1;3;1;1;1;1;1;2;1;1;01;17;07;17;149,087342615022
4671950;1;2;1;1;1;1;1;1;3;3; ; ; ; ;450000;2;1;2;1;1;1;1;2;2;1;1;2;2;2;2;2;2;2;2;2;2;1;1;1;2; ;1;2;1;4;1;3;1;1;1;2;1;1;01;17;07;17;205,263407237944
4671951;1;3;3;1;1;1;1;1;3;3; ; ; ; ;350000;2;1;1;1;1;1;1;2;2;2;1;2;2;2;2;2;2;1;2;2;2;1;1;5;2; ;1;2;1;3;1;1;1;1;1;2;1;1;01;17;07;17;325,091767493494
4671952;1;3;1;1;1;1;1;1;3;4; ; ; ;400000; ;2;2;2;1;1;1;1;2;2;2;1;2;1;1;2;2;1;2;1;2;2;1;2;2;2; ;1;2;1;4;1;2;1;1;1;2;1;1;01;17;07;17;217,42254611743
4671953;1;3;2;1;1;1;1;1;3;3; ; ; ; ;300000;2;1;2;1;1;1;1;2;2;2;1;2;1;2;2;2;2;1;2;2;2;1;2;2;2; ;1;2;1;4;1;1;1;1;1;2;1;1;01;17;07;17;162,889145916264
4671954;1;3;2;1;1;1;1;1;3;4; ; ; ;500000; ;1;1;1;1;1;1;1;2;2;1;1;2;1;1;1;2;2;2;1;2;2;1;3;3;2; ;1;2;1;4;1;2;1;1;1;2;1;1;01;17;07;17;185,572662218663
4671955;1;3;3;1;1;1;1;1;3;3; ; ; ; ;160000;2;2;2;2;1;1;1;2;2;2;1;2;1;2;2;2;2;2;2;2;2;1;4;6;2; ;1;2;1;4;1;1;1;1;1;2;1;1;01;17;07;17;170,022287655511
4671956;1;4;3;1;1;1;1;1;3;1; ; ;50000000;400000; ;1;1;1;1;1;1;1;2;2;2;1;2;1;2;2;2;2;2;2;2;2;1;2;4;2; ;1;2;1;4;1;1;1;1;1;2;1;1;01;17;07;17;269,738221138354
4671957;1;2;1;1;1;1;1;1;3;3; ; ; ; ;200000;2;1;2;1;1;1;1;2;2;1;1;2;1;2;2;2;2;2;2;2;2;1;2;2;2; ;1;2;4;3;1;1;1;1;1;2;1;1;01;17;07;17;199,395202125181
4671958;1;4;2;1;1;1;1;1;3;1; ; ;80000000;350000; ;2;2;2;1;1;1;1;2;2;2;1;2;2;2;2;2;2;1;2;2;2;1;3;3;2; ;1;2;1;4;1;2;1;1;1;2;1;1;01;17;07;17;149,087342615022
4671963;1;3;2;1;1;1;1;1;4;1; ; ;98;250000; ;2;1;2;1;1;1;1;2;2;2;1;1;1;2;2;2;2;1;2;2;2;1;1;2;2; ;1;1;4;3;1;1;2;1;1;2;1;1;01;17;07;17;173,3283531043
4671966;1;4;3;1;1;1;1;1;3;4; ; ; ;320000; ;2;1;1;1;1;1;1;2;2;1;1;2;1;1;2;2;2;1;2;2;2;1;4;4;2; ;1;2;1;4;1;2;1;1;1;2;1;1;01;17;07;17;171,664952077267
4671969;1;4;3;1;1;1;1;1;3;2; ;680000;140000000;450000; ;2;1;1;1;1;1;1;1;2;1;1;1;1;1;2;2;2;2;2;1;2;1;4;4;2; ;1;2;1;4;1;3;1;1;1;2;1;1;01;17;07;17;171,57978184239
4671970;1;4;3;1;1;1;1;1;3;3; ; ; ; ;560000;1;1;1;1;1;1;1;2;2;1;1;2;1;1;1;2;2;2;2;2;2;1;1;3;2; ;1;2;1;4;1;4;1;1;1;2;1;1;01;17;07;17;141,584376045687
4671971;1;5;2;1;1;1;1;1;3;4; ; ; ;400000; ;2;1;1;1;1;1;1;1;1;2;1;2;1;1;2;2;1;2;1;2;2;1;2;2;2; ;1;1;1;4;1;3;1;1;1;2;1;1;01;17;07;17;173,3283531043
4671973;1;5;4;1;1;1;1;1;3;1; ; ;98;400000; ;1;1;1;1;1;1;1;2;2;2;1;2;1;2;2;2;2;1;2;2;2;1;4;4;2; ;1;2;1;3;1;2;1;1;1;2;1;1;01;17;07;17;240,963748636435
4671975;1;5;2;1;1;1;1;1;3;2; ;220000;98;400000; ;1;1;1;1;1;1;1;2;2;2;1;2;1;2;2;2;2;2;2;2;2;1;3;3;2; ;1;1;1;4;1;1;1;1;1;2;1;1;01;17;07;17;120,705961669615
4671976;1;3;2;1;1;1;1;1;3;2; ;70000;45000000;200000; ;2;2;2;2;1;1;1;2;2;2;1;2;2;2;2;2;2;2;2;2;2;1;1;2;2; ;1;1;1;2;1;1;1;1;1;2;1;1;01;17;07;17;196,564868346634
4671977;1;2;1;1;1;1;1;1;4;3; ; ; ; ;150000;2;2;2;2;2;2;1;2;2;2;1;2;2;2;2;2;2;2;2;2;2;1;1;2;2; ;1;2;1;2;1;2;2;1;1;2;1;1;01;17;07;17;260,739663890594
4671978;1;6;5;1;1;1;1;1;3;3; ; ; ; ;600000;1;1;1;1;1;1;1;2;2;2;1;2;1;1;2;2;2;2;2;2;2;1;6;7;2; ;1;2;4;3;1;3;1;1;1;2;1;1;01;17;07;17;217,459039279527
4671979;1;2;2;1;1;1;1;1;3;4; ; ; ;160000; ;2;1;2;1;1;1;1;2;2;2;1;2;2;2;2;2;2;2;1;2;2;1;2;3;2; ;1;2;1;2;1;2;1;1;1;2;1;1;01;17;07;17;272,898802770079
4671980;1;5;3;1;1;1;1;1;3;1; ; ;150000000;400000; ;1;1;1;1;1;1;1;1;2;1;1;1;1;1;1;2;2;2;2;2;2;1;5;5;2; ;1;1;1;4;1;3;1;1;1;2;1;1;01;17;07;17;111,45442383837
4671981;1;4;3;1;1;1;1;1;3;3; ; ; ; ;420000;2;1;1;1;1;1;1;2;2;2;1;2;1;1;2;2;2;1;2;2;2;1;4;5;2; ;1;2;1;4;1;3;1;1;1;2;1;1;01;17;07;17;124,293333185809
4671982;1;6;3;1;1;1;1;1;3;3; ; ; ; ;700000;2;1;1;1;1;1;1;1;2;1;1;2;1;1;2;2;2;1;2;2;2;1;3;5;2; ;1;1;1;4;1;3;1;1;1;2;1;1;01;17;07;17;147,423941587989
4671983;1;5;3;1;1;1;1;1;3;1; ; ;180000000;700000; ;1;1;1;1;1;1;1;1;1;1;1;2;1;1;2;2;2;2;1;2;2;1;4;4;2; ;1;1;1;4;1;3;1;1;1;2;1;1;01;17;07;17;266,907887359807
4672397;1;4;3;1;1;1;1;1;3;4; ; ; ;400000; ;2;1;2;1;1;1;1;2;2;2;1;2;2;2;2;2;1;2;1;2;2;1;2;4;2; ;1;1;1;4;1;1;1;1;1;3;1;1;01;23;07;23;182,703147591252
4672398;1;3;2;1;1;1;1;1;3;1; ; ;99;350000; ;2;2;2;1;1;1;1;2;2;2;1;2;1;2;2;2;1;1;2;2;2;1;2;3;2; ;1;2;1;2;1;1;1;1;1;3;1;1;01;23;07;23;113,442057548286
4672399;1;3;2;1;1;1;1;3;3;1; ; ;45000000;250000; ;2;1;2;1;1;1;1;1;2;2;1;2;1;2;2;2;1;2;1;2;2;1;2;3;2; ;1;2;1;4;1;1;1;1;1;3;1;1;01;23;07;23;164,674856645921
4672400;1;3;2;2;1;1;1;1;3;3; ; ; ; ;200000;2;1;2;1;1;1;1;2;2;2;1;2;2;2;2;2;1;2;1;2;2;1;2;4;2; ;1;1;1;2;1;1;1;2;1;3;1;1;01;23;07;23;153,933020006084
4672401;1;4;2;1;1;1;1;1;3;1; ; ;98;3000000; ;2;2;2;1;1;1;1;2;2;2;1;2;2;1;2;1;1;1;1;1;2;1;3;3;2; ;1;2;1;4;1;3;1;1;1;3;1;1;01;23;07;23;175,214248171188
4672402;1;4;2;1;1;1;1;1;3;3; ; ; ; ;600000;2;1;1;1;1;1;1;1;2;2;1;1;1;2;2;2;1;2;1;2;2;1;3;3;2; ;1;2;1;4;1;3;1;1;1;3;1;1;01;23;07;23;105,223028982161
4672403;1;4;3;2;1;1;1;1;3;3; ; ; ; ;300000;2;2;2;1;1;1;1;2;2;2;1;2;2;2;2;2;1;1;2;2;2;1;3;8;2; ;1;1;1;2;1;1;1;2;1;3;1;1;01;23;07;23;200,548143462946
4672404;1;4;3;1;1;1;1;1;3;1; ; ;60000000;450000; ;2;1;2;1;1;1;1;2;2;2;1;2;1;2;2;2;1;1;1;2;2;1;2;6;2; ;1;1;1;4;1;1;1;1;1;3;1;1;01;23;07;23;128,124825918522
4672405;1;4;2;1;1;1;1;1;3;4; ; ; ;300000; ;2;1;1;1;1;1;1;2;2;2;1;2;2;1;2;1;1;1;1;2;2;1;2;4;2; ;1;1;1;4;1;1;1;1;1;3;1;1;01;23;07;23;166,044405219728
4672406;1;3;2;1;1;1;1;1;3;3; ; ; ; ;380000;2;1;2;1;1;1;1;2;2;2;1;2;1;2;2;2;1;2;1;2;2;1;2;3;2; ;1;2;1;2;1;1;1;1;1;3;1;1;01;23;07;23;187,325633384833
4672407;1;5;3;2;1;1;1;1;3;1; ; ;60000000;450000; ;1;1;1;2;1;1;1;1;2;2;1;2;2;1;2;2;1;2;2;2;2;1;3;4;2; ;1;1;1;4;1;1;1;2;1;3;1;1;01;23;07;23;112,085094840375
4672408;1;4;2;1;1;1;1;1;3;1; ; ;60000000;400000; ;2;1;1;1;1;1;1;2;2;2;1;2;1;1;2;2;1;1;2;1;2;1;2;3;2; ;1;1;1;4;1;1;1;1;1;3;1;1;01;23;07;23;113,442057548286
4672409;1;4;2;1;1;1;1;1;3;1; ; ;60000000;500000; ;1;1;1;1;1;1;1;2;2;2;1;2;1;1;2;1;1;2;1;2;2;1;2;2;2; ;1;1;1;4;1;1;1;1;1;3;1;1;01;23;07;23;127,016416867181
4672410;1;4;2;1;1;1;1;1;3;1; ; ;50000000;350000; ;2;1;2;1;1;1;1;2;2;2;1;1;1;2;2;2;1;2;1;2;2;1;1;5;2; ;1;1;1;2;1;1;1;1;1;3;1;1;01;23;07;23;110,887777580488
4672411;1;2;1;2;1;1;1;1;3;4; ; ; ;250000; ;2;1;1;1;1;1;1;1;2;2;1;1;1;1;2;2;1;1;2;2;2;1;2;4;2; ;1;1;1;2;1;1;1;2;1;3;1;1;01;23;07;23;163,304467895992
4672412;1;4;2;1;2;1;1;1;3;4; ; ; ;200000; ;2;1;2;1;1;1;1;2;2;2;1;2;2;2;2;2;1;2;1;2;2;1;2;2;2; ;1;1;1;2;1;1;1;1;1;3;1;1;01;23;07;23;119,048408498505
4672412;2;4;1;1;2;1;1;1;3;1; ; ;40000000;400000; ;2;1;2;1;1;1;1;2;2;2;1;1;1;2;2;2;1;2;1;2;2;1;2;3;2; ;2;1;1;2;1;1;1;1;1;3;1;1;01;23;07;23;119,048408498505
4672413;1;2;1;1;2;1;1;1;3;4; ; ; ;150000; ;2;1;2;1;1;1;1;2;2;2;1;2;2;2;2;2;1;2;1;2;2;1;1;3;2; ;1;1;1;2;1;1;1;1;1;3;1;1;01;23;07;23;153,639568413409
4672413;2;2;1;1;2;1;1;1;3;4; ; ; ;150000; ;2;1;2;1;1;1;1;2;2;2;1;2;2;2;2;2;1;2;1;2;2;1;1;2;2; ;2;1;1;2;1;1;1;1;1;3;1;1;01;23;07;23;153,639568413409
4672413;3;5;1;1;1;1;1;1;3;1; ; ;40000000;300000; ;2;1;2;1;1;1;1;2;2;2;1;2;2;2;2;2;1;1;1;2;2;1;1;3;2; ;3;1;1;2;1;1;1;1;1;3;1;1;01;23;07;23;153,639568413409
4672413;4;2;1;1;2;1;1;1;3;4; ; ; ;150000; ;2;1;2;1;1;1;1;2;2;2;1;2;2;2;2;1;2;2;2;2;2;1;1;2;1;1;4;1;1;2;1;1;1;1;1;3;1;1;01;23;07;23;153,639568413409
4672415;1;3;2;1;1;1;1;1;3;1; ; ;50000000;300000; ;2;1;2;2;1;1;1;2;2;2;1;2;2;2;2;2;1;1;1;2;2;1;4;5;2; ;1;1;1;2;1;1;1;1;1;3;1;1;01;23;07;23;130,286457275747
4672416;1;5;4;1;1;1;1;1;3;1; ; ;80000000;300000; ;2;1;2;2;1;1;1;2;2;2;1;2;2;2;2;2;1;1;1;2;2;1;6;10;2; ;1;1;1;2;1;1;1;1;1;3;1;1;01;23;07;23;191,07724928289
4672417;1;5;4;1;1;1;1;1;3;1; ; ;160000000;500000; ;2;1;2;1;1;1;1;1;2;2;1;2;2;2;2;2;1;1;2;2;2;1;3;5;2; ;1;2;1;2;1;3;1;1;1;3;1;1;01;23;07;23;137,353066518089
4672418;1;3;2;1;1;1;1;1;3;1; ; ;98;400000; ;2;1;2;2;2;2;1;2;2;2;1;2;2;2;2;2;1;2;2;2;2;1;2;2;2; ;1;2;1;4;1;2;1;1;1;3;1;1;01;23;07;23;131,235294549051
4672418;2;2;1;1;2;1;1;1;3;4; ; ; ;300000; ;2;1;2;2;2;2;2;2;2;2;1;2;2;2;2;2;1;2;1;2;2;1;2;4;2; ;2;2;1;4;1;2;1;1;1;3;1;1;01;23;07;23;131,235294549051
4672418;3;3;2;1;2;1;1;1;3;3; ; ; ; ;350000;2;1;1;1;1;1;1;2;2;2;1;2;2;1;2;1;1;1;1;2;2;1;3;4;2; ;3;2;1;4;1;2;1;1;1;3;1;1;01;23;07;23;131,235294549051
4672419;1;3;2;1;1;1;1;1;3;3; ; ; ; ;400000;2;1;2;1;1;1;1;2;2;2;1;2;2;1;2;2;1;1;1;2;2;1;2;4;2; ;1;2;1;2;1;1;1;1;1;3;1;1;01;23;07;23;134,534340310824
4672420;1;3;2;1;1;1;1;1;3;4; ; ; ;400000; ;2;1;2;1;1;1;1;2;2;2;1;2;2;2;2;2;1;2;2;2;2;1;1;1;2; ;1;2;1;2;1;3;1;1;1;3;1;1;01;23;07;23;170,760316544752
4672421;1;4;3;1;1;1;1;1;3;1; ; ;120000000;600000; ;2;1;1;1;1;1;1;2;2;2;1;2;2;2;2;2;1;2;2;2;2;1;4;6;2; ;1;2;1;4;1;3;1;1;1;3;1;1;01;23;07;23;147,86098614927
4672422;1;4;3;1;1;1;1;1;3;1; ; ;40000000;300000; ;2;1;2;1;1;1;1;2;2;2;1;2;2;2;2;2;1;2;2;2;2;1;1;3;2; ;1;1;1;2;1;1;1;1;1;3;1;1;01;23;07;23;176,366667494971
4672423;1;3;2;1;1;1;1;1;3;3; ; ; ; ;550000;2;1;1;1;1;1;1;1;2;2;1;2;2;1;2;2;1;2;2;2;2;1;3;4;1;2;1;2;1;4;1;3;1;1;1;3;1;1;01;23;07;23;103,852640232232
4672424;1;3;2;1;1;1;1;1;3;4; ; ; ;500000; ;2;1;2;1;1;1;1;2;2;2;1;2;2;2;2;2;1;2;2;2;2;1;1;3;2; ;1;2;1;4;1;3;1;1;1;3;1;1;01;23;07;23;175,214248171188
4672425;1;2;1;2;1;1;1;1;3;4; ; ; ;300000; ;2;1;2;1;1;1;1;2;2;2;1;2;1;2;2;2;1;1;1;2;2;1;3;4;2; ;1;1;1;2;1;1;1;2;1;3;1;1;01;23;07;23;182,703147591252
4672426;1;4;3;1;1;1;1;1;3;1; ; ;40000000;400000; ;2;1;2;1;1;1;1;2;2;2;1;2;2;1;2;2;1;2;1;2;2;1;2;4;1;3;1;1;1;2;1;1;1;1;1;3;1;1;01;23;07;23;106,858234401331
4672427;1;4;3;1;1;1;1;1;3;3; ; ; ; ;856000;2;1;1;1;1;1;1;2;2;2;1;2;2;2;2;2;1;2;1;2;2;1;5;5;2; ;1;1;1;4;1;3;1;1;1;3;1;1;01;23;07;23;187,887208363749
4672428;1;2;1;1;1;1;1;3;3;3; ; ; ; ;400000;2;1;1;1;1;2;1;2;2;2;1;2;2;1;2;2;1;2;2;2;2;1;1;1;2; ;1;2;1;4;1;3;1;1;1;3;1;1;01;23;07;23;170,760316544752
4672429;1;2;1;1;1;1;1;3;3;3; ; ; ; ;350000;2;1;2;2;2;2;1;2;2;2;1;2;2;2;2;2;1;2;2;2;2;1;2;2;2; ;1;2;1;2;1;3;1;1;1;3;1;1;01;23;07;23;157,639719297665
4672430;1;5;4;1;1;1;1;1;3;1; ; ;100000000;500000; ;2;1;1;1;1;1;1;1;2;2;1;2;1;1;2;2;1;1;2;2;2;1;5;6;2; ;1;1;1;4;1;1;1;1;1;3;1;1;01;23;07;23;191,049435865207
4672431;1;3;2;1;1;1;1;1;3;1; ; ;35000000;300000; ;2;1;2;1;1;1;1;2;2;2;1;2;2;2;2;2;1;1;2;2;2;1;2;3;2; ;1;1;1;2;1;1;1;1;1;3;1;1;01;23;07;23;187,325633384833
4672432;1;2;1;1;1;1;1;1;3;3; ; ; ; ;350000;2;1;2;1;1;1;1;2;2;2;1;2;2;2;2;2;1;2;2;2;2;1;2;2;2; ;1;2;1;2;1;3;1;1;1;3;1;1;01;23;07;23;178,249215964816
4672433;1;4;3;1;1;1;1;1;3;1; ; ;30000000;250000; ;2;1;2;1;1;1;1;2;2;2;1;2;2;2;2;2;1;1;2;2;2;1;1;4;2; ;1;1;1;2;1;1;1;1;1;1;1;1;01;23;07;23;150,927425836984
4672434;1;3;2;1;1;1;1;1;3;1; ; ;30000000;200000; ;2;1;2;1;1;1;1;1;2;2;1;2;2;1;2;2;1;1;2;2;2;1;4;5;2; ;1;1;1;2;1;1;1;1;1;3;1;1;01;23;07;23;139,657905165656
4672435;1;3;1;2;1;1;1;6; ;4; ; ; ;120000; ;1;2;1;2;2;2;2;2;2;2;1;2;2;2;2;2;1;2;2;2;2;1;1;1;2; ;1;2;1;2;1;1;1;2;1;3;1;1;01;23;07;23;159,52226776751
4672436;1;5;2;1;1;1;1;1;3;3; ; ; ; ;450000;2;1;1;1;1;1;1;2;2;2;1;2;2;1;2;2;1;2;1;2;2;1;2;3;2; ;1;1;1;4;1;1;1;1;1;3;1;1;01;23;07;23;165,128618717729
4672437;1;3;2;1;2;1;1;1;3;1; ; ;50000000;400000; ;2;1;2;1;1;1;1;2;2;2;1;2;1;2;2;2;1;1;1;2;2;1;3;4;2; ;1;1;1;2;1;1;1;1;1;3;1;1;01;23;07;23;166,152218126837
4672437;2;2;1;1;2;1;1;1;3;4; ; ; ;200000; ;2;1;2;1;1;1;1;1;2;2;1;2;1;2;2;2;1;2;1;2;2;1;2;2;2; ;2;1;1;2;1;1;1;1;1;3;1;1;01;23;07;23;166,152218126837
4672438;1;5;3;1;1;1;1;1;3;3; ; ; ; ;300000;2;1;2;1;1;1;1;2;2;2;1;2;1;2;2;2;1;2;1;1;2;1;2;3;2; ;1;1;1;2;1;1;1;1;1;3;1;1;01;23;07;23;175,214248171188
4672439;1;3;2;1;1;1;1;1;3;1; ; ;40000000;400000; ;2;1;2;1;1;1;1;2;2;2;1;1;1;2;2;2;1;1;2;2;2;1;4;5;2; ;1;1;1;2;1;1;1;1;1;3;1;1;01;23;07;23;212,389061678419
4672440;1;4;3;1;1;1;1;1;3;4; ; ; ;500000; ;2;2;2;2;2;2;1;2;2;2;2;2;2;2;2;2;1;2;2;2;2;1;3;3;2; ;1;2;1;4;1;2;1;1;1;3;1;1;01;23;07;23;144,590945740704
4672441;1;5;3;1;1;1;1;1;3;3; ; ; ; ;400000;2;1;2;1;1;1;1;2;2;2;1;2;2;2;2;2;1;1;1;2;2;1;3;4;2; ;1;1;1;4;1;1;1;1;1;3;1;1;01;23;07;23;162,792308176076
4672442;1;3;2;2;1;1;1;1;3;3; ; ; ; ;450000;2;1;1;1;1;1;1;1;2;2;1;2;2;1;2;2;1;1;1;2;2;1;3;6;2; ;1;1;1;2;1;2;1;2;1;3;1;1;01;23;07;23;159,539370956303
4672443;1;3;1;1;1;1;1;1;3;1; ; ;160000000;700000; ;2;1;1;1;1;1;1;1;2;2;1;1;1;1;2;1;1;2;2;1;2;1;2;2;2; ;1;1;1;4;1;2;1;1;1;3;1;1;01;23;07;23;107,105577452006
4672444;1;3;2;1;1;1;1;1;3;4; ; ; ;98; ;2;1;2;1;1;1;1;2;2;2;1;2;2;2;2;2;1;1;2;2;2;1;2;6;2; ;1;1;1;4;1;2;1;1;1;3;1;1;01;23;07;23;171,650756169948
4672445;1;3;2;1;1;1;1;1;3;1; ; ;100000000;500000; ;2;1;2;2;1;1;1;2;2;2;1;2;2;2;2;2;1;2;2;2;2;1;2;2;2; ;1;2;1;2;1;2;1;1;1;3;1;1;01;23;07;23;126,03706903344
4672446;1;4;3;2;1;1;1;3;3;3; ; ; ; ;400000;2;2;2;1;1;1;1;2;2;2;1;2;2;2;2;2;1;2;1;2;2;1;4;7;2; ;1;1;1;2;1;2;1;2;1;3;1;1;01;23;07;23;157,656822486458
4672447;1;3;1;1;1;1;1;1;3;3; ; ; ; ;450000;2;1;2;1;1;1;1;2;2;2;1;2;2;2;2;1;1;2;1;1;2;1;1;1;2; ;1;2;1;2;1;2;1;1;1;3;1;1;01;23;07;23;159,52226776751
4672448;1;4;2;1;1;1;1;1;3;1; ; ;100000000;500000; ;2;1;1;1;1;1;1;1;2;2;1;2;2;1;2;2;1;1;1;2;2;1;3;3;2; ;1;1;1;4;1;2;1;1;1;3;1;1;01;23;07;23;155,303408756012
4672449;1;5;4;1;1;1;1;1;3;4; ; ; ;1000000; ;2;1;1;1;1;1;1;2;1;2;1;2;2;1;2;1;1;2;2;1;2;1;1;1;2; ;1;1;1;4;1;5;1;1;1;3;1;1;01;23;07;23;159,52226776751
4672450;1;2;1;1;1;1;1;1;3;1; ; ;25000000;200000; ;2;2;2;2;1;2;1;2;2;2;2;2;2;2;2;2;1;2;2;2;1;1;1;1;2; ;1;2;1;2;1;1;1;1;1;3;1;1;01;23;07;23;120,6799367709
4672451;1;4;3;1;1;1;1;1;3;3; ; ; ; ;650000;1;1;1;1;1;1;1;2;2;2;1;2;2;1;2;2;1;2;1;2;2;1;3;4;2; ;1;2;1;4;1;2;1;1;1;3;1;1;01;23;07;23;134,534340310824
4672452;1;2;2;2;1;1;1;1;3;3; ; ; ; ;100000;2;1;2;1;1;1;1;2;2;2;1;2;2;2;2;2;1;1;2;2;2;1;2;4;2; ;1;2;1;2;1;1;1;2;1;3;1;1;01;23;07;23;192,07459548116
4672453;1;3;1;1;1;1;1;1;3;4; ; ; ;450000; ;2;1;1;1;1;1;1;2;2;2;1;2;1;2;2;2;1;1;1;2;2;1;2;2;2; ;1;2;1;4;1;2;1;1;1;3;1;1;01;23;07;23;177,096796641033
4672454;1;3;1;1;1;1;1;3;3;3; ; ; ; ;450000;2;1;2;1;1;1;1;1;2;2;1;2;2;2;2;2;1;2;1;2;2;1;2;3;2; ;1;2;1;4;1;3;1;1;1;3;1;1;01;23;07;23;155,815568475928
4672455;1;3;2;1;1;1;1;1;3;3; ; ; ; ;400000;2;1;2;2;1;1;1;2;2;2;1;2;2;2;2;2;1;2;1;2;2;1;2;4;2; ;1;2;1;4;1;1;1;1;1;3;1;1;01;23;07;23;163,304467895992
4672456;1;3;2;1;1;1;1;3;3;3; ; ; ; ;400000;2;1;1;1;1;1;1;1;2;2;1;1;2;1;2;1;1;2;1;2;2;1;2;2;1;2;1;1;1;2;1;2;1;1;1;3;1;1;01;23;07;23;178,249215964816
4672457;1;2;1;2;1;1;1;1;3;1; ; ;30000000;200000; ;2;2;2;1;1;1;1;2;2;2;1;1;2;2;2;2;1;2;2;2;2;1;1;1;2; ;1;2;1;1;1;1;1;2;1;3;1;1;01;23;07;23;120,6799367709
4672458;1;4;2;1;1;1;1;1;3;1; ; ;50000000;300000; ;2;1;2;1;1;1;1;2;2;2;1;2;1;1;2;2;1;1;1;2;2;1;2;3;2; ;1;1;1;4;1;1;1;1;1;3;1;1;01;23;07;23;136,358491132561
4672459;1;4;3;1;1;1;1;1;3;1; ; ;70000000;400000; ;2;1;2;1;1;1;1;1;2;2;1;2;2;2;2;2;1;1;2;1;2;1;3;5;2; ;1;1;1;2;1;1;1;1;1;3;1;1;01;23;07;23;76,5928938356147
4672460;1;2;1;2;2;1;1;1;3;3; ; ; ; ;200000;2;1;2;2;1;1;2;2;2;2;1;2;2;2;2;2;1;2;2;2;2;1;1;2;2; ;1;2;1;2;1;1;1;2;1;3;1;1;01;23;07;23;149,479088379648
4672472;1;5;4;1;1;1;1;1;3;4; ; ; ;1000000; ;2;1;1;1;1;1;1;2;2;2;1;2;2;2;2;1;1;2;2;2;2;2; ;1;2; ;1;1;1;4;1;3;1;1;1;3;1;1;01;23;07;23;120,6799367709
4673133;1;3;2;1;1;1;1;1;3;1; ; ;70000000;400000; ;2;2;2;1;1;1;1;1;2;2;1;2;1;1;2;2;1;2;1;2;2;1;2;2;2; ;1;1;1;4;1;1;1;1;1;3;1;1;01;50;07;50;202,699339253275
4673134;1;4;2;1;1;1;1;1;3;1; ; ;80000000;350000; ;2;2;2;1;1;1;1;2;2;2;1;2;2;2;2;2;2;2;2;2;2;1;2;2;2; ;1;1;1;4;1;1;1;1;1;3;1;1;01;50;07;50;160,10071219895
4673135;1;4;1;1;1;1;1;1;3;1; ; ;500000000;2000000; ;2;1;1;1;1;1;1;1;1;1;1;1;1;1;1;2;1;1;1;1;1;1;2;2;2; ;1;2;1;5;1;6;1;1;1;3;1;1;01;50;07;50;235,767066284516
4673136;1;2;1;1;1;1;1;1;3;1; ; ;140000000;400000; ;2;1;1;1;1;1;1;2;2;2;1;2;1;1;2;2;1;1;1;2;2;1;3;4;2; ;1;2;1;4;1;3;1;1;1;3;1;1;01;50;07;50;216,87767734526
4673137;1;4;2;1;1;1;1;1;3;1; ; ;160000000;900000; ;1;1;1;1;1;1;1;1;2;2;1;2;1;1;2;1;1;1;2;1;2;1;3;3;2; ;1;1;1;4;1;3;1;1;1;3;1;1;01;50;07;50;214,884945627807
4673138;1;4;2;1;1;1;1;1;3;1; ; ;180000000;1000000; ;1;1;1;1;1;1;1;1;2;2;1;1;1;1;2;2;1;1;2;1;2;1;2;4;2; ;1;1;1;4;1;3;1;1;1;3;1;1;01;50;07;50;194,383388997497
4673139;1;4;2;1;1;1;1;1;3;1; ; ;170000000;900000; ;1;1;1;1;1;1;1;1;2;2;1;1;2;1;2;2;1;1;2;1;2;1;2;2;2; ;1;1;1;4;1;3;1;1;1;3;1;1;01;50;07;50;235,386502258118
4673142;1;4;1;1;1;1;1;1;3;3; ; ; ; ;200000;2;2;2;1;2;1;1;2;2;2;1;2;2;2;2;2;2;1;2;2;2;1;1;1;2; ;1;1;1;4;1;2;1;1;1;3;1;1;01;50;07;50;233,237152766276
4673143;1;4;3;1;1;1;1;1;3;5; ; ; ;300000; ;1;1;1;1;1;1;1;2;2;2;1;2;1;1;2;2;1;2;1;2;2;1;2;4;2; ;1;2;1;4;1;1;1;1;1;3;1;1;01;50;07;50;253,054362954384
4673145;1;3;2;1;1;1;1;1;3;5; ; ; ;350000; ;2;2;2;1;1;1;1;2;2;2;1;2;2;2;2;2;1;2;2;2;2;1;1;6;2; ;1;1;1;2;1;1;1;1;1;3;1;1;01;50;07;50;225,498113709179
4673146;1;4;3;1;1;1;1;1;3;5; ; ; ;400000; ;2;2;2;1;1;1;1;2;2;2;1;2;1;2;2;2;1;1;1;2;2;1;2;6;2; ;1;1;1;4;1;1;1;1;1;3;1;1;01;50;07;50;216,758685799471
4673147;1;3;2;1;1;1;1;1;3;3; ; ; ; ;400000;2;2;2;1;1;1;1;1;2;2;1;2;1;2;2;2;1;2;1;2;2;1;2;2;2; ;1;2;1;4;1;2;1;1;1;3;1;1;01;50;07;50;235,386502258118
4673149;1;1;1;1;1;1;1;6; ;3; ; ; ; ;200000;2;1;2;2;2;2;2;2;2;2;1;1;2;2;2;2;1;2;1;2;2;1;1;1;2; ;1;2;1;4;1;1;1;1;1;3;1;1;01;50;07;50;223,044278109197
4673150;1;4;3;1;1;1;1;1;3;3; ; ; ; ;900000;2;2;1;1;1;1;1;2;2;2;1;2;1;1;2;2;1;1;1;1;2;1;3;7;2; ;1;1;1;4;1;3;1;1;1;3;1;2;01;50;07;50;250,22066702034
4673175;1;5;3;1;1;1;1;1;4;3; ; ; ; ;300000;1;1;2;1;1;1;1;2;2;2;1;2;1;1;2;2;2;2;1;2;2;1;2;3;1;1;1;2;1;4;1;2;2;1;1;3;1;1;01;52;07;52;209,809056085379
4673176;1;4;3;1;1;1;1;1;4;3; ; ; ; ;300000;2;2;2;2;2;1;1;2;2;2;1;1;1;2;2;2;2;2;1;2;2;1;2;4;2; ;1;2;1;2;1;1;2;1;1;3;1;1;01;52;07;52;203,570114973231
4673177;1;1;1;1;1;1;1;2;1;4; ; ; ;300000; ;2;1;1;2;1;1;1;1;1;1;1;2;2;2;2;2;2;1;1;2;2;1;1;1;1;3;1;1;1;3;1;3;2;1;1;6;1;1;01;52;07;52;107,444008717953
4673178;1;3;2;1;1;1;1;1;4;3; ; ; ; ;350000;2;2;2;1;1;1;1;2;2;1;1;2;1;2;2;2;2;1;2;2;2;1;2;4;2; ;1;2;1;4;1;2;2;1;1;3;1;1;01;52;07;52;166,844682706818
4673179;1;5;3;1;1;1;1;1;4;3; ; ; ; ;510000;1;1;1;2;1;1;1;2;1;2;1;1;1;1;2;2;2;1;2;2;2;1;4;4;2; ;1;2;1;4;1;3;2;1;1;6;1;1;01;52;07;52;94,8467155802506
4673180;1;1;1;1;1;1;1;1;4;3; ; ; ; ;320000;2;2;2;2;2;2;1;2;2;2;1;2;2;2;2;2;2;1;2;2;2;1;2;3;2; ;1;2;1;4;1;2;2;1;1;3;1;1;01;52;07;52;341,297324769312
4673181;1;4;3;1;1;1;1;1;4;3; ; ; ; ;1000000;1;1;1;1;1;1;1;2;2;2;1;2;1;1;2;2;2;1;2;2;2;1;4;6;2; ;1;2;1;4;1;3;2;1;1;6;1;1;01;52;07;52;131,864585147706
4673182;1;2;1;1;2;1;1;1;4;4; ; ; ;300000; ;2;1;1;1;1;1;1;2;2;2;1;1;2;2;2;2;2;2;1;1;2;1;2;3;2; ;1;4;1;4;1;2;2;1;1;3;1;1;01;52;07;52;198,182940561409
4673183;1;2;2;1;1;1;1;1;3;3; ; ; ; ;300000;2;2;2;1;2;1;1;2;2;2;1;1;2;2;2;2;2;1;2;2;2;1;2;3;2; ;1;2;1;4;1;2;1;1;1;3;1;1;01;52;07;52;99,4796197902838
4673184;1;4;3;1;1;1;1;1;3;1; ; ;50000000;300000; ;2;2;2;2;1;1;1;2;2;2;1;2;2;2;2;2;2;2;1;2;2;1;3;4;2; ;1;1;1;4;1;1;1;1;1;3;1;1;01;52;07;52;153,013932320585
4673185;1;5;1;1;1;1;1;1;5;1; ; ;98;200000; ;2;2;2;2;1;1;1;2;2;2;1;2;1;2;2;2;2;2;2;2;2;1;1;2;2; ;1;1;1;4;1;1;2;1;1;3;1;1;01;52;07;52;161,98140155631
4673186;1;1;1;1;2;1;1;1;3;1; ; ;10000000;100000; ;2;1;2;1;1;1;1;2;1;1;1;1;2;2;2;2;2;2;2;2;2;1;3;3;2; ;1;4;3;4;1;1;1;1;1;3;1;1;01;52;07;52;106,584096650489
4673187;1;1;1;1;1;1;1;6; ;4; ; ; ;98; ;2;2;2;2;2;2;2;2;2;2;2;2;2;2;2;2;2;2;2;2;2;2; ;1;2; ;1;1;3;3;1;1;2;1;1;3;1;1;01;52;07;52;143,304933511673
4673188;1;1;1;1;1;1;1;2;4;3; ; ; ; ;150000;2;1;2;2;2;1;1;2;2;2;1;2;2;2;2;2;2;2;1;2;2;1;3;3;2; ;1;4;1;4;1;1;2;1;1;3;1;1;01;52;07;52;181,142264242078
4673189;1;3;2;1;1;1;1;1;3;1; ; ;98;500000; ;2;1;2;2;1;1;1;2;2;2;1;2;2;2;2;2;2;2;1;2;2;1;2;3;2; ;1;4;1;4;1;1;1;1;1;3;1;1;01;52;07;52;177,390881555563
4673190;1;1;1;1;2;1;1;2;4;4; ; ; ;250000; ;2;1;2;1;1;1;1;2;2;2;1;2;2;2;2;2;2;1;1;2;2;1;2;4;2; ;1;4;1;2;1;1;2;1;1;3;1;1;01;52;07;52;214,36871957982
4673191;1;4;3;1;1;1;1;1;3;1; ; ;98;400000; ;1;1;1;2;2;1;1;2;2;2;1;2;2;1;2;2;2;1;2;2;2;1;7;8;2; ;1;2;1;4;1;1;1;1;1;3;1;1;01;52;07;52;204,686608842452
4673192;1;4;2;1;1;1;1;1;4;1; ; ;98;350000; ;2;1;1;1;1;1;1;2;1;1;1;2;1;2;2;2;2;1;1;2;2;1;2;4;2; ;1;2;1;4;1;1;2;1;1;3;1;1;01;52;07;52;433,718817212092
4673193;1;3;2;1;1;1;1;1;4;3; ; ; ; ;350000;2;1;1;1;1;1;1;2;2;1;1;1;1;1;2;2;2;1;1;2;2;1;3;4;2; ;1;2;1;4;1;1;2;1;1;2;1;1;01;52;07;52;407,140229946461
4673194;1;2;2;1;1;1;1;1;4;1; ; ;45000000;300000; ;2;1;1;2;2;2;1;2;2;1;1;1;1;1;2;2;2;1;2;2;2;1;3;3;2; ;1;2;1;4;1;1;2;1;1;3;1;1;01;52;07;52;349,800385058674
4673195;1;5;4;1;1;1;1;1;4;1; ; ;120000000;3000000; ;1;1;1;1;1;1;1;2;2;1;1;2;2;1;2;2;2;2;1;2;2;1;3;5;2; ;1;2;1;4;1;1;2;1;1;3;1;1;01;52;07;52;283,861476709337
4673196;1;2;2;1;1;1;1;1;4;3; ; ; ; ;350000;2;2;2;2;1;1;1;2;2;2;1;2;2;2;2;2;2;1;2;2;2;1;2;5;2; ;1;1;1;4;1;1;2;1;1;3;1;1;01;52;07;52;397,721678894026
4673197;1;1;1;1;1;1;1;1;4;3; ; ; ; ;270000;2;2;1;2;2;1;1;2;1;2;2;2;2;1;2;2;2;1;2;2;2;1;2;2;2; ;1;2;1;4;1;2;2;1;1;3;1;1;01;52;07;52;237,315868167058
4673198;1;2;1;1;1;1;1;1;4;3; ; ; ; ;300000;2;2;2;2;1;1;1;2;2;1;1;1;2;2;2;2;2;1;2;1;2;1;2;3;2; ;1;2;1;4;1;1;2;1;1;3;1;1;01;52;07;52;526,944338264678
4673199;1;3;2;1;1;1;1;1;4;3; ; ; ; ;350000;2;1;1;1;1;1;1;2;1;1;1;2;2;1;2;2;2;2;2;2;2;1;2;4;2; ;1;2;1;4;1;2;2;1;1;3;1;1;01;52;07;52;214,36871957982
4673200;1;5;4;1;1;1;1;1;4;1; ; ;98;500000; ;2;1;2;1;1;1;1;2;2;2;1;2;1;2;2;2;2;1;2;1;2;1;6;6;2; ;1;2;1;4;1;2;2;1;1;3;1;1;01;52;07;52;224,39562057248
4673201;1;4;2;1;1;1;1;1;4;4; ; ; ;300000; ;2;1;1;1;1;1;1;2;2;1;1;2;2;1;2;2;2;2;1;2;2;1;2;3;2; ;1;2;1;4;1;2;2;1;1;3;1;1;01;52;07;52;174,900192529337
4673202;1;3;2;1;1;1;1;1;4;1; ; ;98;400000; ;2;1;2;2;1;1;1;2;2;1;1;1;1;2;2;2;2;2;2;2;2;1;4;4;2; ;1;1;1;4;1;1;2;1;1;3;1;1;01;52;07;52;428,737439159641
4673203;1;4;1;1;1;1;1;1;4;4; ; ; ;1000000; ;1;1;2;1;1;1;1;2;2;1;1;1;2;2;2;2;2;2;2;2;2;1;2;2;2; ;1;1;1;4;1;4;2;1;1;3;1;1;01;52;07;52;161,98140155631
4673204;1;5;1;1;1;1;1;1;4;1; ; ;200000000;800000; ;2;2;2;1;1;1;1;2;1;2;1;1;1;2;2;2;2;2;2;1;2;1;2;2;2; ;1;1;1;4;1;4;2;1;1;3;1;1;01;52;07;52;161,98140155631
4673205;1;4;3;1;1;1;1;1;4;3; ; ; ; ;800000;1;1;1;1;1;1;1;1;1;1;1;1;2;2;1;2;2;2;2;1;2;1;3;3;2; ;1;1;1;4;1;4;2;1;1;3;1;1;01;52;07;52;137,604452321332
4673206;1;4;2;1;1;1;1;1;4;2; ;800000;150000000;700000; ;1;1;1;1;1;1;1;2;2;2;1;1;1;1;2;2;2;1;2;1;2;1;3;3;2; ;1;2;1;4;1;2;2;1;1;3;1;1;01;52;07;52;167,265580429349
4673207;1;5;2;1;1;1;1;1;4;1; ; ;300000000;1000000; ;1;1;1;1;1;1;1;1;1;2;1;2;1;1;2;2;2;1;2;1;2;1;2;3;2; ;1;1;1;4;1;4;2;1;1;3;1;1;01;52;07;52;177,390881555563
4673208;1;3;1;1;1;1;1;1;3;3; ; ; ; ;730000;1;1;1;1;1;1;1;2;1;1;1;1;2;1;2;2;2;2;2;1;2;1;2;3;2; ;1;2;1;4;1;2;1;1;1;3;1;1;01;52;07;52;263,472169132339
4673209;1;5;1;1;1;1;1;1;4;1; ; ;98;98; ;1;1;2;1;1;1;1;1;1;1;1;2;1;2;2;2;2;2;2;1;2;1;2;2;2; ;1;1;1;4;1;4;2;1;1;3;1;1;01;52;07;52;161,98140155631
4673210;1;4;1;1;1;1;1;1;4;1; ; ;200000000;500000; ;2;1;1;1;1;1;1;2;2;1;1;2;2;2;2;2;2;2;2;1;2;1;2;2;2; ;1;2;1;4;1;2;2;1;1;3;1;1;01;52;07;52;161,98140155631
4673211;1;3;2;1;1;1;1;1;4;2; ;500000;80000000;250000; ;2;1;1;1;1;1;1;2;2;2;1;1;1;1;2;2;2;2;2;2;2;1;2;3;2; ;1;4;1;4;1;1;2;1;1;3;1;1;01;52;07;52;362,284528484156
4673212;1;4;1;1;1;1;1;1;4;3; ; ; ; ;700000;1;1;1;1;1;1;1;1;2;1;1;2;2;2;2;2;2;2;2;1;2;1;1;1;2; ;1;2;1;4;1;2;2;1;1;3;1;1;01;52;07;52;160,448605369787
4673213;1;4;2;1;1;1;1;1;4;3; ; ; ; ;420000;2;1;1;1;1;1;1;2;2;2;1;2;1;1;2;2;2;2;1;2;2;1;3;3;2; ;1;2;1;4;1;1;2;1;1;3;1;1;01;52;07;52;349,800385058674
4673214;1;4;3;1;1;1;1;1;4;3; ; ; ; ;400000;2;1;2;2;1;1;1;2;2;2;1;2;1;2;2;2;2;1;2;2;2;1;3;3;2; ;1;2;1;4;1;1;2;1;1;3;1;1;01;52;07;52;348,247787020357
4673215;1;7;5;1;1;1;1;1;4;1; ; ;98;98; ;1;1;1;1;1;1;1;1;1;1;1;1;2;1;2;2;2;1;1;1;2;1;5;5;2; ;1;1;1;4;1;3;2;1;1;3;1;1;01;52;07;52;208,209841554068
4673216;1;3;2;1;1;1;1;1;4;3; ; ; ; ;98;2;1;2;1;1;1;1;2;2;1;1;2;2;1;2;2;2;1;2;2;2;1;1;2;2; ;1;2;1;4;1;2;2;1;1;3;1;1;01;52;07;52;175,85808536904
4673217;1;6;5;1;1;1;1;1;3;1; ; ;230000000;500000; ;2;1;1;1;1;1;1;2;1;1;1;2;1;1;2;2;2;1;1;2;2;1;7;7;2; ;1;1;1;4;1;3;1;1;1;3;1;1;01;52;07;52;99,3511192087471
4673218;1;5;2;1;1;1;1;1;3;3; ; ; ; ;550000;2;1;1;1;1;1;1;2;2;1;1;2;2;1;2;2;2;1;2;2;2;1;2;4;2; ;1;2;1;4;1;3;1;1;1;3;1;1;01;52;07;52;214,36871957982
4673219;1;6;3;1;1;1;1;1;3;1; ; ;180000000;700000; ;2;1;1;1;1;1;1;2;1;1;1;2;1;1;1;2;2;1;2;2;2;1;4;4;2; ;1;1;1;4;1;3;1;1;1;3;1;1;01;52;07;52;191,085971547748
4673220;1;5;3;1;1;1;1;1;4;2; ;512000;98;98; ;2;1;1;1;1;1;1;1;1;1;1;1;1;1;2;2;2;1;1;1;2;1;3;4;2; ;1;1;1;4;1;3;2;1;1;3;1;1;01;52;07;52;191,085971547748
4673221;1;5;4;1;1;1;1;1;3;4; ; ; ;98; ;2;1;1;1;1;1;1;2;2;1;1;2;1;1;2;2;2;2;1;1;2;1;4;4;2; ;1;1;1;4;1;2;1;1;1;3;1;1;01;52;07;52;225,99483510379
4673222;1;2;2;1;1;1;1;1;4;3; ; ; ; ;200000;2;2;2;2;1;1;1;2;2;2;2;2;2;2;2;2;2;2;2;2;2;1;2;4;2; ;1;3;1;2;1;1;2;1;1;3;1;1;01;52;07;52;190,30967252859
4673223;1;4;2;1;1;1;1;1;4;1; ; ;98;700000; ;2;1;1;1;1;1;1;2;1;2;1;2;1;1;2;2;2;2;2;1;2;1;3;3;2; ;1;2;1;4;1;2;2;1;1;3;1;1;01;52;07;52;177,390881555563
4673224;1;3;1;1;1;1;1;1;4;3; ; ; ; ;380000;1;1;1;2;2;1;1;2;1;2;1;2;1;1;2;2;2;2;1;2;2;1;2;2;2; ;1;2;1;4;1;2;2;1;1;3;1;1;01;52;07;52;158,714413510926
4673225;1;3;2;1;1;1;1;1;4;3; ; ; ; ;400000;2;2;2;1;1;1;1;2;2;1;1;2;2;2;2;2;2;2;2;2;2;1;3;3;2; ;1;2;1;4;1;2;2;1;1;3;1;1;01;52;07;52;181,918563261237
4673226;1;1;1;1;2;1;1;6; ;3; ; ; ; ;150000;2;2;2;2;2;2;2;2;2;2;2;2;2;2;2;2;2;2;2;2;2;1;2;2;2; ;1;3;1;4;1;1;2;1;1;3;1;1;01;52;07;52;165,732784242825
4673227;1;3;3;1;1;1;1;1;4;3; ; ; ; ;350000;2;2;2;2;2;1;1;1;2;1;1;1;2;2;2;2;2;1;2;2;2;1;4;5;2; ;1;2;1;4;1;2;2;1;1;3;1;1;01;52;07;52;138,179355668153
4673228;1;1;1;1;1;1;1;2;4;3; ; ; ; ;150000;2;1;2;2;2;1;1;2;2;2;1;2;2;2;2;2;2;1;1;1;1;1;2;4;2; ;1;3;1;2;1;1;2;1;1;3;1;1;01;52;07;52;302,940696182822
4673230;1;3;2;1;1;1;1;1;3;4; ; ; ;98; ;1;1;1;1;1;1;1;2;1;1;1;1;2;1;2;2;2;2;2;2;2;1;2;3;2; ;1;2;1;4;1;2;1;1;1;3;1;1;01;52;07;52;181,142264242078
4673231;1;4;3;1;1;1;1;1;4;3; ; ; ; ;400000;2;1;1;1;1;1;1;2;2;1;1;1;1;2;2;2;2;1;2;2;2;1;3;5;2; ;1;2;1;4;1;2;2;1;1;3;1;1;01;52;07;52;182,254162706071
4673232;1;2;2;1;1;1;1;1;3;4; ; ; ;98; ;2;1;1;1;1;1;1;2;1;1;1;1;2;2;2;2;2;1;1;2;2;1;2;3;2; ;1;2;1;4;1;2;1;1;1;3;1;1;01;52;07;52;198,182940561409
4673233;1;3;2;1;1;1;1;1;4;3; ; ; ; ;400000;1;1;1;1;1;1;1;2;2;1;1;1;1;1;2;2;2;2;2;2;1;1;4;5;2; ;1;2;1;4;1;2;2;1;1;3;1;1;01;52;07;52;199,500830102968
4673234;1;6;3;1;1;1;1;1;4;1; ; ;98;800000; ;1;1;1;1;1;1;1;2;1;1;1;1;1;2;2;2;2;1;1;2;2;1;3;4;2; ;1;1;1;4;1;2;2;1;1;3;1;1;01;52;07;52;232,236906816531
4673235;1;5;4;1;1;1;1;1;4;3; ; ; ; ;400000;1;1;1;1;1;1;1;2;1;1;1;1;1;1;2;2;2;1;1;2;2;1;5;5;2; ;1;1;1;4;1;3;2;1;1;3;1;1;01;52;07;52;205,879210178913
4673236;1;1;1;1;1;1;1;2;4;3; ; ; ; ;100000;2;2;2;2;2;2;1;2;2;2;1;1;1;2;2;2;2;2;2;2;2;1;1;1;2; ;1;3;1;4;1;1;2;1;1;3;1;1;01;52;07;52;200,235034604018
4673237;1;1;1;1;1;1;1;2;4;3; ; ; ; ;150000;2;1;2;2;2;1;1;2;2;1;2;2;2;2;2;2;2;2;2;2;2;1;1;2;2; ;1;3;1;4;1;1;2;1;1;3;1;1;01;52;07;52;159,490712530084
4673238;1;1;1;1;1;1;1;2;4;3; ; ; ; ;100000;2;2;2;2;2;1;2;2;2;2;1;1;2;2;2;2;2;2;2;2;2;1;1;3;2; ;1;3;1;2;1;1;2;1;1;3;1;1;01;52;07;52;188,160634973978
4673239;1;4;2;1;1;1;1;1;4;1; ; ;350000000;700000; ;2;1;1;1;1;1;1;1;1;2;1;2;2;2;2;2;2;2;2;1;2;1;3;3;2; ;1;1;1;4;1;4;2;1;1;3;1;1;01;52;07;52;174,900192529337
4673240;1;4;1;1;1;1;1;1;3;2; ;1000000;98;600000; ;2;1;1;1;1;1;1;2;2;1;1;1;2;1;2;2;2;2;2;2;2;1;1;1;2; ;1;2;1;4;1;3;1;1;1;2;1;1;01;52;07;52;80,2243026848934
4673241;1;7;2;1;1;1;1;1;4;1; ; ;380000000;1000000; ;1;1;1;1;1;1;1;1;1;1;1;1;1;1;2;2;2;1;2;1;2;1;2;3;2; ;1;1;1;4;1;3;2;1;1;3;1;1;01;52;07;52;270,490539864239
4673242;1;3;2;1;1;1;1;1;4;3; ; ; ; ;400000;2;1;1;1;1;1;1;1;1;2;1;1;1;1;2;2;2;1;2;2;2;1;2;3;2; ;1;1;1;4;1;2;2;1;1;3;1;1;01;52;07;52;198,182940561409
4673243;1;4;1;1;1;1;1;1;4;3; ; ; ; ;500000;2;1;2;1;1;1;1;2;2;1;1;1;2;2;2;2;2;2;2;2;2;1;1;1;2; ;1;2;1;3;1;2;2;1;1;3;1;1;01;52;07;52;143,304933511673
4673244;1;1;1;1;1;1;1;1;4;3; ; ; ; ;270000;2;1;1;2;2;2;1;1;2;1;1;1;1;2;2;2;2;2;1;2;2;1;2;2;2; ;1;2;1;4;1;2;2;1;1;3;1;1;01;52;07;52;236,539569147899
4673245;1;3;3;1;1;1;1;1;4;3; ; ; ; ;500000;1;1;2;2;1;2;1;2;2;2;1;2;2;2;2;2;2;2;2;2;2;1;2;5;2; ;1;2;1;4;1;2;2;1;1;3;1;1;01;52;07;52;259,169506800971
4673246;1;2;2;1;1;1;1;1;4;3; ; ; ; ;200000;2;2;2;2;2;2;1;2;2;2;1;2;2;2;2;2;2;2;1;2;2;1;1;5;2; ;1;1;1;4;1;2;2;1;1;3;1;1;01;52;07;52;161,462103700225
4673247;1;1;1;1;1;1;1;1;4;3; ; ; ; ;250000;2;1;1;2;2;2;1;2;2;1;1;2;2;1;2;2;2;1;2;2;2;1;1;1;2; ;1;2;1;4;1;2;2;1;1;3;1;1;01;52;07;52;143,304933511673
4673248;1;2;2;1;1;1;1;1;4;3; ; ; ; ;100000;2;2;2;2;2;1;1;2;2;2;1;2;2;2;2;2;2;2;2;2;2;1;3;3;2; ;1;4;1;4;1;1;2;1;1;3;1;1;01;52;07;52;198,702238417494
4673257;1;2;1;1;1;1;1;1;4;3; ; ; ; ;250000;2;2;2;2;2;1;1;2;2;2;1;1;2;1;2;2;2;1;1;2;2;1;1;1;2; ;1;2;1;4;1;1;2;1;1;3;1;1;01;52;07;52;428,223436833494
4673263;1;3;2;1;1;1;1;1;4;4; ; ; ;600000; ;1;1;1;2;1;1;1;2;1;1;1;1;1;1;2;2;2;1;2;1;2;1;2;3;2; ;1;2;1;4;1;2;2;1;1;3;1;1;01;52;07;52;177,390881555563
4673264;1;1;1;1;1;1;1;6; ;3; ; ; ; ;220000;2;1;2;2;2;2;2;2;2;2;1;2;2;2;2;2;2;1;2;2;2;2; ;1;2; ;1;2;1;4;1;2;2;1;1;3;1;1;01;52;07;52;200,235034604018
4673265;1;3;1;1;1;1;1;1;4;3; ; ; ; ;700000;1;1;1;1;1;1;1;2;2;1;1;2;2;2;2;2;2;2;2;2;2;1;1;1;2; ;1;2;1;4;1;3;2;1;1;3;1;1;01;52;07;52;143,304933511673
4673266;1;4;1;1;1;1;1;1;4;3; ; ; ; ;720000;2;1;2;1;1;1;1;1;1;1;1;2;1;1;2;2;2;2;2;2;2;1;1;1;2; ;1;2;1;4;1;3;2;1;1;3;1;1;01;52;07;52;160,448605369787
4673268;1;2;1;1;2;1;1;1;4;4; ; ; ;300000; ;2;1;1;1;1;1;1;2;2;1;1;2;2;2;2;2;2;2;2;2;2;2; ;1;2; ;1;4;1;4;1;2;2;1;1;3;1;1;01;52;07;52;160,448605369787
4673269;1;7;3;1;1;1;1;1;4;2; ;98;98;1100000; ;2;1;1;1;1;1;1;2;2;2;1;2;1;1;2;2;2;1;2;1;2;1;4;4;2; ;1;1;1;4;1;3;2;1;1;3;1;1;01;52;07;52;99,3511192087471
4673270;1;4;3;1;1;1;1;1;4;3; ; ; ; ;700000;2;1;1;1;1;1;1;1;2;1;1;1;2;1;2;2;2;2;1;1;2;1;4;4;2; ;1;1;1;3;1;3;2;1;1;3;1;1;01;52;07;52;197,328043260489
4673272;1;4;3;1;1;1;1;1;3;1; ; ;80000000;300000; ;2;2;2;1;1;2;1;2;2;1;1;1;1;2;2;2;2;1;2;2;2;1;2;4;2; ;1;1;1;2;1;1;1;1;1;3;1;1;01;52;07;52;198,104342279648
4673274;1;3;1;1;1;1;1;1;4;4; ; ; ;600000; ;2;1;1;1;1;1;1;2;1;1;1;1;1;1;2;2;2;2;2;1;2;1;1;1;2; ;1;2;1;4;1;2;2;1;1;3;1;1;01;52;07;52;214,111718416747
4673289;1;6;3;1;1;1;1;1;3;1; ; ;98;500000; ;2;1;2;1;1;1;1;2;2;2;1;1;1;1;2;2;1;1;1;2;2;1;3;7;2; ;1;1;1;4;1;3;1;1;1;3;1;2;01;54;07;54;240,663118389778
4673290;1;1;1;1;1;1;1;1;3;5; ; ; ;250000; ;2;2;2;2;1;1;1;2;2;2;1;2;1;2;2;2;1;2;2;2;2;1;1;1;2; ;1;1;1;4;1;1;1;1;1;3;1;2;01;54;07;54;268,01401986788
4673291;1;3;2;1;2;1;1;1;3;1; ; ;98;500000; ;2;2;2;1;1;2;1;2;2;2;1;2;2;2;2;2;1;1;2;2;2;1;2;4;2; ;1;1;1;4;1;2;1;1;1;3;1;2;01;54;07;54;337,42273614086
4673291;2;1;1;1;2;1;1;1;3;4; ; ; ;150000; ;2;2;2;1;1;2;1;2;2;2;1;2;2;2;2;2;1;2;2;2;2;1;1;2;2; ;2;1;1;4;1;2;1;1;1;3;1;2;01;54;07;54;337,42273614086
4673292;1;3;2;1;1;1;1;1;3;4; ; ; ;400000; ;1;1;1;2;1;1;1;2;2;2;1;1;2;1;2;2;1;2;1;2;2;1;1;3;2; ;1;1;1;4;1;2;1;1;1;3;1;2;01;54;07;54;396,46692385958
4673293;1;4;2;1;1;1;1;1;3;4; ; ; ;800000; ;1;1;1;1;1;1;1;1;1;2;1;1;1;1;2;2;1;1;2;1;2;1;2;4;2; ;1;2;1;4;1;4;1;1;1;3;1;2;01;54;07;54;431,176879866229
4673294;1;4;2;1;1;1;1;1;3;1; ; ;98;98; ;1;1;1;1;1;1;1;2;2;2;1;2;1;1;2;2;1;2;1;2;2;1;2;2;2; ;1;1;1;4;1;4;1;1;1;3;1;2;01;54;07;54;386,899013805497
4673295;1;4;3;1;1;1;1;1;3;1; ; ;80000000;400000; ;1;1;1;1;1;1;1;2;2;2;1;2;1;1;2;2;1;2;1;2;2;1;2;6;2; ;1;1;1;4;1;2;1;1;1;3;1;2;01;54;07;54;281,199359908207
4673296;1;3;2;1;2;1;1;1;3;3; ; ; ; ;300000;2;1;2;2;1;1;1;2;2;2;1;2;1;2;2;2;1;1;2;2;2;1;2;4;2; ;1;1;1;4;1;2;1;1;1;3;1;2;01;54;07;54;336,20488775108
4673296;2;2;1;1;2;1;1;1;3;3; ; ; ; ;100000;2;1;2;2;1;1;1;2;2;2;1;2;2;2;2;2;1;2;2;2;2;1;1;2;2; ;2;1;1;4;1;2;1;1;1;3;1;2;01;54;07;54;336,20488775108
4673296;3;2;2;1;2;1;1;1;3;3; ; ; ; ;100000;2;2;2;2;1;1;1;2;2;2;1;2;2;2;2;2;1;2;2;2;2;1;2;4;2; ;3;1;1;4;1;2;1;1;1;3;1;2;01;54;07;54;336,20488775108
4673297;1;3;2;1;1;1;1;1;3;4; ; ; ;250000; ;2;2;2;1;1;1;1;2;2;2;1;2;2;2;2;2;1;1;2;2;2;1;4;6;2; ;1;1;1;2;1;2;1;1;1;3;1;2;01;54;07;54;369,777126035752
4673298;1;3;2;1;1;1;1;1;4;3; ; ; ; ;280000;1;1;1;1;1;1;1;1;2;2;1;2;1;1;2;2;1;2;1;2;2;1;3;3;2; ;1;1;1;4;1;2;2;1;1;3;1;2;01;54;07;54;332,246166003605
4673300;1;1;1;1;1;1;1;6; ;5; ; ; ;250000; ;2;1;2;1;1;2;2;2;2;2;1;2;2;2;2;2;1;2;2;2;2;1;1;2;2; ;1;1;1;4;1;2;2;1;1;3;1;2;01;54;07;54;297,536209996955
4673301;1;2;2;1;1;1;1;1;3;3; ; ; ; ;350000;2;1;2;1;1;1;1;2;2;2;1;2;2;2;2;2;1;2;2;2;2;1;3;6;2; ;1;1;1;4;1;2;1;1;1;3;1;2;01;54;07;54;409,801180022512
4673303;1;4;3;1;1;1;1;1;3;1; ; ;98;350000; ;2;1;1;2;1;1;1;2;2;2;1;2;2;1;2;2;1;2;1;2;2;1;4;8;2; ;1;1;1;4;1;2;1;1;1;3;1;2;01;54;07;54;382,70890155005
4673304;1;3;1;1;1;1;1;1;4;3; ; ; ; ;250000;2;1;1;2;1;2;1;2;2;2;1;2;2;2;2;2;1;2;2;2;2;1;1;2;2; ;1;2;1;2;1;2;2;1;1;3;1;2;01;54;07;54;302,72397587453
4673305;1;4;2;1;1;1;1;1;3;1; ; ;98;350000; ;1;1;1;1;1;1;1;2;2;2;1;2;1;2;2;2;1;1;2;2;2;1;2;3;2; ;1;2;1;4;1;2;1;1;1;3;1;2;01;54;07;54;303,632850637027
4673306;1;1;1;1;1;1;1;1;4;4; ; ; ;200000; ;2;1;2;2;1;1;1;2;2;2;1;2;2;2;2;2;1;2;1;2;2;1;2;4;2; ;1;2;1;4;1;2;2;1;1;3;1;2;01;54;07;54;414,32749840291
4673307;1;3;2;1;1;1;1;1;3;3; ; ; ; ;98;2;1;2;1;1;1;1;2;2;2;1;2;1;1;2;2;1;1;2;2;2;1;2;2;2; ;1;1;1;4;1;3;1;1;1;3;1;2;01;54;07;54;297,536209996955
4673308;1;2;1;1;1;1;1;1;4;3; ; ; ; ;300000;2;2;2;2;1;1;1;2;2;2;1;2;2;2;2;2;1;2;2;2;2;1;1;4;2; ;1;1;1;2;1;2;2;1;1;3;1;2;01;54;07;54;414,32749840291
4673309;1;4;2;1;1;1;1;1;4;2; ;650000;90000000;400000; ;2;2;1;1;1;1;1;2;2;2;1;1;1;2;2;2;1;2;1;2;2;1;2;3;2; ;1;1;1;4;1;3;2;1;1;3;1;2;01;54;07;54;375,375118602039
4673310;1;3;2;1;1;1;1;1;3;1; ; ;98;600000; ;2;1;1;1;1;1;1;2;2;2;1;2;1;1;2;2;1;1;2;2;2;1;1;5;2; ;1;1;1;4;1;3;1;1;1;3;1;2;01;54;07;54;481,790875252845
4673311;1;4;2;1;1;1;1;1;4;3; ; ; ; ;420000;2;2;2;1;1;1;1;2;2;2;1;1;1;2;2;2;1;1;2;1;2;1;2;4;2; ;1;1;1;4;1;3;2;1;1;3;1;2;01;54;07;54;375,884962416143
4673312;1;4;3;1;1;1;10;1;4;4; ; ; ;500000; ;2;1;1;1;1;1;1;2;2;2;1;2;1;1;2;2;1;2;2;2;2;1;3;6;2; ;1;1;1;4;1;3;2;1;1;3;1;2;01;54;07;54;189,445121951213
4673315;1;4;3;1;1;1;1;1;3;3; ; ; ; ;950000;2;1;1;1;1;1;1;2;2;2;1;1;1;1;2;1;2;1;2;1;2;1;3;4;2; ;1;1;1;4;1;4;1;1;1;3;1;2;01;54;07;54;880,211440544235
4673316;1;4;2;1;1;1;1;1;4;1; ; ;99;200000; ;2;1;1;1;1;1;1;2;2;2;1;2;2;1;2;2;1;2;2;1;2;1;2;2;2; ;1;1;1;4;1;3;2;1;1;3;1;2;01;54;07;54;349,356858033031
4673317;1;4;2;1;1;1;1;1;3;2; ;550000;98;950000; ;2;1;1;1;1;1;1;2;2;2;1;2;2;2;2;1;1;2;2;1;2;1;3;3;2; ;1;1;1;4;1;4;1;1;1;3;1;2;01;54;07;54;768,133628079361
4673318;1;1;1;1;1;1;1;2;4;3; ; ; ; ;420000;2;2;2;2;2;2;1;2;2;2;2;2;1;2;2;2;1;2;2;2;2;1;2;6;2; ;1;3;1;2;1;2;2;1;1;3;1;2;01;54;07;54;581,962214064747
4673319;1;3;2;1;1;1;1;1;4;3; ; ; ; ;250000;2;2;2;1;1;1;1;2;2;2;1;1;1;1;2;2;1;2;1;2;2;1;2;3;2; ;1;2;1;4;1;2;2;1;1;3;1;2;01;54;07;54;375,375118602039
4673320;1;1;1;1;1;1;1;2;4;3; ; ; ; ;200000;2;2;2;2;1;1;1;2;2;2;2;2;2;2;2;2;1;2;2;2;2;1;2;3;2; ;1;3;1;4;1;2;2;1;1;3;1;2;01;54;07;54;370,187352724464
4673321;1;4;3;1;1;1;1;1;3;4; ; ; ;98; ;2;1;2;1;1;1;1;2;2;2;1;2;1;2;2;2;1;1;2;2;2;1;2;5;2; ;1;1;1;4;1;1;1;1;1;3;1;2;01;54;07;54;875,846856840512
4673322;1;3;2;1;1;1;1;1;4;1; ; ;98;250000; ;2;2;2;2;1;1;1;2;2;2;1;1;2;2;2;2;1;2;2;2;2;2; ;6;2; ;1;1;1;4;1;2;1;1;1;3;1;2;01;54;07;54;376,102417095874
4673323;1;4;3;1;1;1;1;1;3;5; ; ; ;98; ;2;1;2;1;1;1;1;2;2;2;1;1;1;2;2;2;1;1;1;2;2;1;3;5;2; ;1;1;1;4;1;1;1;1;1;3;1;2;01;54;07;54;810,814305090435
4673324;1;3;2;1;1;1;1;3;3;3; ; ; ; ;350000;2;1;2;2;2;2;1;2;2;2;1;2;2;2;2;2;1;1;2;2;2;1;2;6;2; ;1;2;1;4;1;1;1;1;1;3;1;2;01;54;07;54;940,275508430594
4673325;1;4;2;1;1;1;1;3;3;3; ; ; ; ;300000;2;1;2;1;1;1;1;2;2;2;1;1;2;2;2;2;1;2;2;2;2;1;2;4;2; ;1;1;1;4;1;2;1;1;1;3;1;2;01;54;07;54;431,176879866229
4673326;1;5;2;1;1;1;1;1;3;5; ; ; ;450000; ;2;1;2;1;1;1;1;2;2;2;1;1;1;2;2;2;1;1;2;2;2;1;2;3;2; ;1;1;1;4;1;1;1;1;1;3;1;2;01;54;07;54;750,750237204077
4673327;1;2;2;1;1;1;1;6; ;3; ; ; ; ;230000;2;2;2;2;2;2;2;2;2;2;1;1;1;2;2;2;1;2;1;2;2;1;3;3;2; ;1;3;1;2;1;2;2;1;1;3;1;2;01;54;07;54;378,879048162106
4673329;1;3;1;1;1;1;1;1;3;5; ; ; ;400000; ;2;2;2;1;1;1;1;2;2;2;1;2;2;2;2;2;1;2;1;2;2;1;2;3;2; ;1;2;1;4;1;1;1;1;1;3;1;2;01;54;07;54;717,05147427744
4673330;1;5;3;1;1;1;1;1;3;3; ; ; ; ;400000;2;1;1;2;1;1;1;1;1;2;1;1;2;2;2;2;1;1;1;2;2;1;4;6;2; ;1;1;1;4;1;2;1;1;1;3;1;2;01;54;07;54;338,161230375014
4673332;1;4;3;1;1;1;1;1;3;3; ; ; ; ;300000;1;1;1;1;1;1;1;2;2;2;1;2;2;2;2;2;1;2;1;2;2;1;2;3;2; ;1;1;1;4;1;1;1;1;1;3;1;2;01;54;07;54;332,246166003605
4673333;1;3;2;1;1;1;1;1;4;1; ; ;98;300000; ;2;2;2;2;1;1;1;2;2;2;2;2;2;2;2;2;2;2;2;2;2;2; ;2;2; ;1;2;1;4;1;2;2;1;1;3;1;2;01;54;07;54;307,630190883493
4673334;1;4;2;1;1;1;1;1;3;5; ; ; ;200000; ;2;2;2;2;1;1;1;2;2;2;1;2;2;2;2;2;1;2;1;2;2;1;2;2;2; ;1;1;1;2;1;1;1;1;1;3;1;2;01;54;07;54;189,445121951213
4673335;1;1;1;1;1;1;1;2;4;1; ; ;98;150000; ;2;2;2;2;1;1;1;2;2;2;1;2;2;2;2;2;1;1;2;1;2;1;1;5;2; ;1;1;1;2;1;2;2;1;1;3;1;2;01;54;07;54;474,815676278767
4673336;1;4;2;1;1;1;1;6; ;4; ; ; ;300000; ;2;2;2;2;1;2;2;2;2;2;1;1;2;2;2;2;1;2;1;2;2;1;2;3;2; ;1;1;1;2;1;1;1;1;1;3;1;2;01;54;07;54;375,375118602039
4673337;1;1;1;6; ;1;9;2;4;1; ; ;15000000;100000; ;2;2;2;2;2;2;1;2;2;2;2;2;2;2;2;2;1;2;2;2;2;1;1;8;2; ;1;2;5;1;1;2;2;2;1;3;2; ;01;54;07;54;632,289421133634
4673338;1;2;2;1;1;1;1;1;4;1; ; ;98;100000; ;2;2;2;2;1;1;1;2;2;2;1;2;2;2;2;2;1;2;2;2;2;1;2;3;2; ;1;1;5;1;1;2;2;1;1;3;1;2;01;54;07;54;375,375118602039
4673339;1;2;1;1;1;1;1;1;3;1; ; ;98;350000; ;2;1;2;1;1;1;1;2;2;2;1;2;1;2;2;2;2;1;1;2;2;1;2;4;2; ;1;1;1;2;1;2;1;1;1;3;1;2;01;54;07;54;862,353759732458
4673340;1;4;2;1;1;1;1;3;3;4; ; ; ;250000; ;2;2;2;1;1;1;1;2;2;2;1;2;2;2;2;2;1;2;2;2;2;1;1;4;2; ;1;1;1;4;1;2;1;1;1;3;1;2;01;54;07;54;944,445930397525
4673341;1;4;1;1;1;1;1;1;3;3; ; ; ; ;300000;2;1;1;1;1;1;1;2;2;2;1;1;1;1;2;2;1;2;1;2;2;1;1;1;2; ;1;1;1;4;1;2;1;1;1;3;1;2;01;54;07;54;845,058080629927
4673342;1;1;1;1;1;1;1;2;3;3; ; ; ; ;180000;2;2;2;1;1;1;1;2;2;2;1;1;2;2;2;2;1;2;2;2;2;1;1;3;2; ;1;1;1;2;1;2;1;1;1;3;1;2;01;54;07;54;513,040757585803
4673343;1;3;2;1;1;1;1;1;4;3; ; ; ; ;200000;2;2;2;2;1;1;1;2;2;2;1;2;1;2;2;2;1;2;1;2;2;1;1;2;2; ;1;1;1;2;1;2;2;1;1;3;1;2;01;54;07;54;297,536209996955
4673344;1;3;1;1;1;1;1;1;3;1; ; ;98;250000; ;1;1;1;1;1;1;1;2;2;2;1;2;2;2;2;2;1;2;2;2;2;1;1;1;2; ;1;1;1;4;1;2;1;1;1;3;1;2;01;54;07;54;827,20039981815
4673345;1;2;1;1;1;1;1;1;3;3; ; ; ; ;250000;2;2;2;2;1;1;1;2;2;2;1;2;2;2;2;2;1;2;2;2;2;1;1;1;2; ;1;2;1;2;1;2;1;1;1;3;1;2;01;54;07;54;268,01401986788
4673347;1;4;3;1;1;1;1;3;3;1; ; ;98;350000; ;1;1;1;1;1;1;1;2;2;2;1;2;2;2;2;2;1;2;1;2;2;1;3;4;2; ;1;2;1;4;1;2;1;1;1;3;1;2;01;54;07;54;484,923494453201
4673349;1;2;2;1;1;1;1;1;3;4; ; ; ;200000; ;1;1;1;1;1;1;1;2;2;2;1;2;2;2;2;2;1;2;2;2;2;1;2;5;2; ;1;1;1;2;1;2;1;1;1;3;1;2;01;54;07;54;921,398139990608
4673350;1;3;2;1;1;1;1;1;4;1; ; ;98;300000; ;2;1;1;1;1;1;1;2;2;2;1;1;1;2;2;2;1;1;2;1;2;1;1;3;2; ;1;2;1;4;1;2;2;1;1;3;1;2;01;54;07;54;740,374705448929
4673351;1;2;1;1;1;1;1;1;4;3; ; ; ; ;250000;2;2;2;2;1;1;1;2;2;2;1;2;2;2;2;2;1;2;2;2;2;1;2;3;2; ;1;2;1;4;1;2;2;1;1;3;1;2;01;54;07;54;529,890139049122
4673352;1;3;1;1;1;1;1;3;4;1; ; ;98;300000; ;1;1;1;1;1;1;1;2;2;2;1;2;1;1;2;2;1;1;1;2;2;1;2;3;2; ;1;1;1;4;1;2;2;1;1;3;1;2;01;54;07;54;717,05147427744
4673354;1;3;1;1;1;1;1;1;4;3; ; ; ; ;350000;2;2;2;1;1;1;1;2;2;2;1;2;1;2;2;2;1;2;1;2;2;1;2;3;2; ;1;2;1;4;1;2;2;1;1;3;1;2;01;54;07;54;529,890139049122
4673355;1;4;2;1;1;1;1;1;3;3; ; ; ; ;330000;2;2;1;1;2;1;1;2;2;2;1;1;1;2;2;2;1;2;2;2;2;1;3;6;2; ;1;2;1;4;1;2;1;1;1;3;1;2;01;54;07;54;521,187247871161
4673356;1;1;1;1;1;1;1;6; ;3; ; ; ; ;180000;2;1;2;2;2;2;2;2;2;2;1;2;2;2;2;2;1;2;2;2;2;1;1;1;2; ;1;4;1;4;1;1;2;1;1;3;1;2;01;54;07;54;268,01401986788
4673357;1;5;2;1;1;1;1;1;3;3; ; ; ; ;260000;2;1;2;1;1;1;1;2;2;2;1;2;1;2;2;2;1;2;1;2;2;1;2;5;2; ;1;1;1;4;1;2;1;1;1;3;1;2;01;54;07;54;486,978641130419
4673358;1;4;3;1;1;1;1;1;4;1; ; ;98;400000; ;1;1;1;1;1;1;1;2;2;2;1;2;1;1;2;2;1;2;2;2;2;1;3;3;2; ;1;1;1;4;1;2;2;1;1;3;1;2;01;54;07;54;189,445121951213
4673359;1;3;2;1;1;1;1;1;3;5; ; ; ;250000; ;1;1;1;1;1;1;1;1;2;2;1;1;1;1;2;2;1;1;1;1;2;1;3;3;2; ;1;1;1;4;1;2;1;1;1;3;1;2;01;54;07;54;358,52573713872
4673360;1;4;3;1;1;1;1;1;4;3; ; ; ; ;350000;2;1;1;1;1;1;1;2;2;2;1;2;1;2;2;2;1;1;1;1;2;1;3;4;2; ;1;1;1;4;1;2;2;1;1;3;1;2;01;54;07;54;404,897308731114
4673361;1;4;3;1;1;1;1;1;3;1; ; ;98;98; ;1;1;1;1;1;1;1;1;2;2;1;1;2;2;2;2;1;1;1;2;2;1;3;5;2; ;1;1;1;4;1;4;1;1;1;3;1;2;01;54;07;54;378,697471893444
4673362;1;4;2;1;1;1;1;1;4;3; ; ; ; ;500000;2;1;2;1;1;1;1;2;2;2;1;2;2;2;2;2;1;2;2;2;2;1;3;5;2; ;1;1;1;4;1;4;2;1;1;3;1;2;01;54;07;54;378,697471893444
4673363;1;4;3;1;1;1;1;1;3;1; ; ;98;98; ;1;1;1;1;1;1;1;2;2;2;1;2;2;2;2;2;1;1;1;1;2;1;4;4;2; ;1;1;1;4;1;4;1;1;1;3;1;2;01;54;07;54;366,956122010254
4673364;1;2;1;1;1;1;1;1;3;1; ; ;98;400000; ;1;2;2;1;1;1;1;2;2;2;1;2;1;2;2;2;1;1;1;2;2;1;2;2;2; ;1;1;1;4;1;3;1;1;1;3;1;2;01;54;07;54;349,356858033031
4673365;1;5;2;1;1;1;1;3;4;5; ; ; ;400000; ;2;1;1;1;1;1;1;2;2;2;1;1;1;1;2;2;1;1;1;2;2;1;2;3;2; ;1;1;1;2;1;3;2;1;1;3;1;2;01;54;07;54;375,375118602039
4673366;1;4;3;1;1;1;1;1;4;1; ; ;98;400000; ;1;1;2;2;1;1;1;2;2;2;1;2;2;2;2;2;1;1;2;2;2;1;2;6;2; ;1;1;1;4;1;3;1;1;1;3;1;2;01;54;07;54;358,5145413984
4673368;1;3;2;1;1;1;1;1;3;1; ; ;100000000;300000; ;1;1;1;1;1;1;1;2;2;2;1;1;2;1;2;2;1;2;1;2;2;1;2;4;2; ;1;1;1;4;1;3;1;1;1;3;1;2;01;54;07;54;235,885579200916
4673370;1;3;2;1;1;1;1;1;4;3; ; ; ; ;450000;1;1;1;2;1;1;1;2;2;2;1;2;1;1;2;2;1;1;2;1;2;1;2;4;2; ;1;1;1;4;1;3;2;1;1;3;1;2;01;54;07;54;388,047927267795
4673371;1;5;2;1;1;1;1;1;3;3; ; ; ; ;620000;2;1;1;1;1;1;1;1;1;2;1;2;1;1;2;1;1;2;2;1;2;1;3;3;2; ;1;1;1;4;1;4;1;1;1;3;1;2;01;54;07;54;303,632850637027
4673372;1;5;1;1;1;1;1;1;3;4; ; ; ;98; ;1;1;2;1;1;1;1;2;2;2;1;2;1;1;2;2;1;1;2;2;2;1;1;2;2; ;1;1;1;4;1;4;1;1;1;3;1;2;01;54;07;54;340,665162595389
4673373;1;6;3;1;1;1;1;1;4;4; ; ; ;500000; ;1;2;1;1;1;1;1;2;2;2;1;2;2;1;2;2;1;2;1;2;2;1;3;8;2; ;1;1;1;4;1;3;2;1;1;3;1;2;01;54;07;54;239,855496688711
4673374;1;2;1;1;1;1;1;6; ;4; ; ; ;150000; ;2;2;2;2;2;2;2;2;2;2;1;2;2;2;2;2;1;2;2;2;2;2; ;1;2; ;1;2;1;4;1;3;2;1;1;3;1;2;01;54;07;54;384,986884542497
4673375;1;4;3;1;1;1;1;1;3;1; ; ;98;98; ;2;1;1;1;1;1;1;2;2;2;1;1;1;1;2;1;1;2;2;1;2;1;3;3;2; ;1;1;1;4;1;4;1;1;1;3;1;2;01;54;07;54;317,74945692049
4673376;1;4;3;1;1;1;1;1;3;1; ; ;100000000;400000; ;2;1;1;1;1;1;1;2;2;2;1;2;1;1;2;2;1;2;2;1;2;1;3;4;2; ;1;1;1;4;1;4;1;1;1;3;1;2;01;54;07;54;333,155040766102
4673377;1;3;1;1;1;1;1;1;3;4; ; ; ;780000; ;1;1;1;1;1;1;1;2;1;2;1;1;1;1;2;1;1;2;2;1;2;1;1;1;2; ;1;1;1;4;1;4;1;1;1;3;1;2;01;54;07;54;384,986884542497
4673378;1;4;3;1;1;1;1;1;3;1; ; ;130000000;1000000; ;1;1;1;1;1;1;1;2;2;2;1;2;1;1;2;1;1;1;2;1;2;1;3;5;2; ;1;1;1;4;1;4;1;1;1;3;1;2;01;54;07;54;824,792469640164
4673379;1;5;2;1;1;1;1;1;3;2; ;300000;200000000;800000; ;1;1;1;1;1;1;1;2;1;2;1;2;1;1;2;1;1;1;2;1;2;1;2;2;2; ;1;1;1;4;1;4;1;1;1;3;1;2;01;54;07;54;698,713716066062
4673380;1;4;2;1;1;1;1;1;3;1; ; ;98;800000; ;1;1;1;1;1;1;1;1;1;2;1;2;1;1;2;1;1;1;1;1;2;1;2;4;2; ;1;1;1;4;1;4;1;1;1;3;1;2;01;54;07;54;776,09585453559
4673381;1;4;2;1;1;1;1;1;3;3; ; ; ; ;130000;1;1;1;1;1;1;1;2;2;2;1;1;1;1;2;1;1;2;2;1;2;1;3;5;2; ;1;1;1;4;1;4;1;1;1;3;1;2;01;54;07;54;891,606659927592
4673382;1;4;1;1;1;1;1;1;3;3; ; ; ; ;1180000;2;1;1;1;1;1;1;2;2;2;1;1;1;2;2;1;1;2;2;1;2;1;2;2;2; ;1;1;1;4;1;4;1;1;1;3;1;2;01;54;07;54;605,447951749059
4673383;1;4;3;1;1;1;1;1;4;2; ;1200000;98;1200000; ;2;1;1;1;1;1;1;2;1;2;1;2;1;1;2;1;1;1;2;1;2;1;3;4;2; ;1;1;1;4;1;4;2;1;1;3;1;2;01;54;07;54;528,997789134987
4673385;1;3;1;1;1;1;1;1;3;4; ; ; ;350000; ;2;2;2;1;1;1;1;2;2;2;1;2;2;2;2;2;1;2;1;2;2;1;2;2;2; ;1;1;1;4;1;2;1;1;1;3;1;2;01;54;07;54;349,356858033031
4673386;1;5;2;1;1;1;1;1;3;3; ; ; ; ;950000;1;1;1;1;1;1;1;1;1;2;1;1;1;1;1;1;1;1;1;1;2;1;1;2;2; ;1;1;1;4;1;4;1;1;1;3;1;2;01;54;07;54;647,631562264141
4673387;1;5;1;1;1;1;1;1;3;2; ;2600000;98;1200000; ;1;1;1;1;1;1;1;1;1;2;1;2;2;1;2;1;1;2;2;1;2;1;1;1;1;2;1;1;1;4;1;4;1;1;1;3;1;2;01;54;07;54;686,520434785919
4673388;1;6;3;1;1;1;1;1;3;1; ; ;98;800000; ;1;1;1;1;1;1;1;1;1;2;1;1;2;1;1;1;1;1;1;1;2;1;2;4;2; ;1;1;1;4;1;4;1;1;1;3;1;2;01;54;07;54;827,652298274005
4673389;1;3;2;1;1;1;1;1;3;1; ; ;98;450000; ;1;1;2;1;1;1;1;2;2;2;1;2;2;2;2;2;1;2;2;2;2;1;2;3;2; ;1;1;1;4;1;2;1;1;1;3;1;2;01;54;07;54;384,06681403968
4673390;1;3;1;1;1;1;1;6; ;3; ; ; ; ;300000;2;2;1;1;1;1;1;2;2;2;1;2;2;2;2;2;1;2;2;1;2;1;2;2;2; ;1;2;1;4;1;2;2;1;1;3;1;2;01;54;07;54;302,72397587453
4673391;1;3;2;1;1;1;1;1;4;3; ; ; ; ;200000;2;2;2;1;1;1;1;2;2;2;1;2;1;2;2;2;1;1;1;2;2;1;2;5;2; ;1;1;1;4;1;2;2;1;1;3;1;2;01;54;07;54;486,978641130419
4673392;1;3;1;1;1;1;1;1;4;3; ; ; ; ;300000;2;1;2;2;2;1;1;1;2;2;1;2;1;1;2;2;1;2;2;2;2;1;2;4;2; ;1;2;1;4;1;2;2;1;1;3;1;2;01;54;07;54;425,989113988655
4673393;1;3;2;1;1;1;1;1;3;5; ; ; ;200000; ;2;1;2;1;1;1;1;2;2;2;1;2;2;2;2;2;1;2;1;2;2;1;3;4;2; ;1;1;1;4;1;2;1;1;1;3;1;2;01;54;07;54;402,164533551258
4673394;1;3;1;1;1;1;1;1;3;1; ; ;98;300000; ;2;2;2;2;1;1;1;2;2;2;1;2;2;2;2;2;1;2;2;2;2;1;1;1;1;1;1;1;1;4;1;2;1;1;1;3;1;2;01;54;07;54;268,01401986788
4673395;1;3;2;1;1;1;1;1;4;3; ; ; ; ;300000;2;2;2;2;1;1;1;2;2;2;1;2;2;2;2;2;1;1;1;2;2;1;2;3;2; ;1;1;1;4;1;2;2;1;1;3;1;2;01;54;07;54;358,52573713872
4673396;1;2;1;1;1;1;1;1;3;1; ; ;98;400000; ;1;1;1;1;1;1;1;2;2;2;1;2;1;1;2;2;1;2;1;2;2;1;2;2;2; ;1;2;1;4;1;2;1;1;1;3;1;2;01;54;07;54;302,72397587453
4673421;1;6;4;1;1;1;1;1;3;1; ; ;330000000;1105000; ;1;1;1;1;1;1;1;1;1;1;1;1;1;1;1;2;1;1;2;1;1;1;4;6;2; ;1;1;1;4;1;6;1;1;1;2;1;1;01;66;07;66;440,936394330668
4673423;1;3;2;1;1;1;1;1;3;1; ; ;70000000;400000; ;2;2;2;1;1;1;1;2;2;2;1;1;1;2;2;2;2;1;2;2;2;1;3;2;2; ;1;2;1;4;1;1;1;1;1;2;1;1;01;66;07;66;255,764498987224
4673429;1;3;2;1;1;1;1;1;3;4; ; ; ;350000; ;1;1;1;1;1;1;1;2;2;2;1;2;1;1;2;2;2;2;1;2;2;1;2;2;2; ;1;2;1;4;1;2;1;1;1;2;1;1;01;66;07;66;305,441921260263
4673431;1;1;1;1;2;1;1;6; ;3; ; ; ; ;180000;2;2;2;2;2;2;2;2;2;2;2;2;2;2;2;2;2;2;2;2;2;2; ;1;2; ;1;3;5;2;1;5;2;1;1;2;1;1;01;66;07;66;291,874574697251
4673432;1;5;3;1;1;1;1;1;3;4; ; ; ;400000; ;1;1;1;1;1;1;1;1;2;2;1;1;2;2;2;2;2;2;2;2;2;1;2;3;2; ;1;2;1;4;1;3;1;1;1;2;1;1;01;66;07;66;185,959768673615
4673433;1;3;1;1;1;1;1;1;3;4; ; ; ;300000; ;1;1;2;1;1;1;1;2;2;2;1;2;2;2;2;2;2;2;2;2;2;1;1;1;2; ;1;1;1;4;1;4;1;1;1;2;1;1;01;66;07;66;291,874574697251
4673435;1;7;3;1;2;1;1;1;3;1; ; ;35000000;400000; ;2;1;2;1;1;1;1;2;2;2;1;2;2;2;2;2;2;2;2;2;2;2; ;6;2; ;1;1;1;4;1;1;1;1;1;2;1;1;01;66;07;66;587,842827249488
4673435;2;7;2;1;2;1;1;1;4;4; ; ; ;200000; ;2;1;2;2;1;1;1;2;2;2;1;2;2;2;2;2;2;2;1;2;2;1;2;3;2; ;2;1;1;4;1;1;1;1;1;2;1;1;01;66;07;66;587,842827249488
4673439;1;2;1;1;1;1;1;1;3;4; ; ; ;500000; ;2;2;2;2;1;1;1;1;2;2;1;2;2;1;2;2;2;2;1;2;2;1;2;2;2; ;1;2;1;2;1;3;1;1;1;2;1;1;01;66;07;66;305,441921260263
4673440;1;5;3;1;1;1;1;1;3;1; ; ;95000000;600000; ;2;1;1;1;1;1;1;1;2;2;1;2;2;2;2;2;2;2;2;2;2;2; ;4;2; ;1;2;1;4;1;2;1;1;1;2;1;1;01;66;07;66;243,488700113217
4673442;1;3;2;1;1;1;1;1;3;4; ; ; ;300000; ;2;1;1;1;1;1;1;2;2;2;1;2;2;1;2;2;2;2;2;2;2;1;2;2;2; ;1;2;1;4;1;2;1;1;1;2;1;1;01;66;07;66;315,560347286162
4673445;1;3;2;1;1;1;1;1;4;3; ; ; ; ;430000;1;2;1;1;1;1;1;2;1;1;1;1;1;1;2;2;2;1;1;2;2;1;3;3;2; ;1;2;1;4;1;3;2;1;1;2;1;1;01;66;07;66;313,513508358669
4673446;1;3;1;1;1;1;1;1;3;3; ; ; ; ;325000;2;1;1;2;1;1;1;2;2;2;1;2;1;1;2;2;1;2;2;2;2;1;1;1;2; ;1;2;1;4;1;2;1;1;1;2;1;1;01;66;07;66;447,793210758583
4673447;1;3;1;1;1;1;1;1;3;3; ; ; ; ;400000;2;1;2;1;1;1;1;1;2;2;1;2;1;2;2;2;2;2;1;1;2;1;2;2;2; ;1;2;1;4;1;2;1;1;1;2;1;1;01;66;07;66;473,166297738839
4673448;1;4;3;1;1;1;1;1;3;3; ; ; ; ;450000;1;1;1;1;1;1;1;2;2;2;1;2;2;2;2;2;2;1;2;2;2;1;4;4;2; ;1;2;1;4;1;2;1;1;1;2;1;1;01;66;07;66;542,144498363772
4673449;1;4;3;1;1;1;1;1;3;3; ; ; ; ;400000;1;1;1;1;1;1;2;2;2;2;1;2;1;1;2;2;2;1;2;2;2;1;2;4;2; ;1;2;1;4;1;2;1;1;1;2;1;1;01;66;07;66;462,869804866062
4673450;1;5;1;1;1;1;1;1;3;1; ; ;98;1500000; ;2;1;1;1;1;1;1;1;2;1;1;1;1;1;2;2;1;2;2;1;2;1;1;1;2; ;1;1;1;4;1;6;1;1;1;2;1;1;01;66;07;66;311,276002746899
4673451;1;5;2;1;1;1;1;1;4;1; ; ;305000000;1200000; ;1;1;1;1;1;1;1;1;1;1;1;1;1;1;1;2;1;2;2;1;2;1;3;3;2; ;1;1;1;4;1;6;2;1;1;2;1;1;01;66;07;66;166,558340623967
4673457;1;4;2;1;1;1;1;1;3;3; ; ; ; ;340000;1;1;1;1;1;1;1;2;1;2;1;2;1;1;2;2;2;1;1;2;2;1;2;3;2; ;1;2;1;4;1;2;1;1;1;2;1;1;01;66;07;66;507,435320119462
4673458;1;3;1;1;1;1;1;1;3;3; ; ; ; ;400000;2;1;2;1;1;1;1;2;2;2;1;2;1;2;2;2;2;2;2;2;2;1;1;1;2; ;1;2;1;4;1;2;1;1;1;2;1;1;01;66;07;66;477,259975593825
4673459;1;6;5;1;1;1;1;1;3;1; ; ;340000000;1200000; ;1;1;1;1;1;1;1;1;1;1;1;1;1;1;1;2;1;2;1;1;1;1;1;5;2; ;1;1;1;4;1;6;1;1;1;2;1;1;01;66;07;66;516,185477579462
4673460;1;4;2;1;1;1;1;1;3;1; ; ;310000000;1100000; ;2;1;1;1;1;1;1;2;1;1;1;2;1;1;1;2;1;2;2;1;1;2; ;2;2; ;1;1;1;4;1;6;1;1;1;2;1;1;01;66;07;66;289,827735769757
4673461;1;1;1;1;2;1;1;6; ;3; ; ; ; ;180000;2;2;2;2;2;2;2;2;2;2;2;2;2;2;2;2;2;2;2;2;2;2; ;1;2; ;1;3;5;2;1;5;2;1;1;2;1;1;01;66;07;66;238,629987796913
4673462;1;2;1;1;1;1;1;1;4;3; ; ; ; ;250000;2;2;2;2;1;1;1;2;2;2;1;2;2;2;2;2;2;2;2;2;2;2; ;1;2; ;1;2;1;2;1;5;2;1;1;2;1;1;01;66;07;66;291,874574697251
4673463;1;2;2;1;1;1;1;1;4;3; ; ; ; ;300000;2;2;2;2;1;1;1;2;2;2;1;1;1;2;2;2;2;2;2;2;2;1;1;3;2; ;1;2;1;4;1;1;2;1;1;2;1;1;01;66;07;66;416,896331896559
4673464;1;3;2;1;1;1;1;1;3;4; ; ; ;300000; ;2;2;2;2;1;1;1;2;2;2;1;2;2;2;2;2;2;2;2;2;2;1;1;4;2; ;1;2;1;4;1;1;1;1;1;2;1;1;01;66;07;66;282,627707651984
4673466;1;4;3;1;1;1;1;1;3;3; ; ; ; ;700000;1;1;1;1;1;1;1;1;1;2;1;1;2;1;2;2;1;1;2;1;2;1;4;6;2; ;1;1;1;4;1;3;1;1;1;3;1;1;01;68;07;68;550,214304017898
4673467;1;5;2;1;1;1;1;1;3;1; ; ;98;98; ;1;1;1;1;1;1;1;1;2;2;1;1;1;1;2;2;2;2;2;2;2;1;3;3;2; ;1;1;1;4;1;4;1;1;1;3;1;1;01;68;07;68;388,763710969943
4673468;1;2;1;1;1;1;1;1;4;4; ; ; ;200000; ;2;1;2;2;2;2;1;2;2;2;1;2;2;2;2;2;1;2;2;2;2;1;1;4;2; ;1;1;1;2;1;1;2;1;1;3;1;1;01;68;07;68;625,495326731335
4673469;1;5;2;1;1;1;1;1;3;1; ; ;98;98; ;1;1;1;1;1;1;1;1;2;1;1;2;1;1;2;2;2;2;2;2;2;1;1;3;2; ;1;1;1;4;1;4;1;1;1;3;1;1;01;68;07;68;388,763710969943
4673470;1;5;4;1;2;1;1;1;3;3; ; ; ; ;1050000;2;1;2;1;1;1;1;1;2;2;1;2;1;2;2;2;1;2;2;2;2;1;6;9;2; ;1;1;1;4;1;4;1;1;1;3;1;1;01;68;07;68;678,843891514506
4673470;2;1;1;1;2;1;1;1;3;3; ; ; ; ;250000;1;2;2;2;2;2;1;2;2;2;1;2;2;2;2;2;1;2;1;2;2;1;1;1;2; ;2;1;1;4;1;4;1;1;1;3;1;1;01;68;07;68;678,843891514506
4673471;1;3;2;1;1;1;1;1;4;1; ; ;98;98; ;2;1;2;1;1;1;1;2;2;2;1;2;2;2;2;2;2;1;1;2;2;1;3;4;2; ;1;1;1;4;1;1;2;1;1;3;1;1;01;68;07;68;619,017974548457
4673472;1;3;2;1;1;1;1;1;3;1; ; ;98;400000; ;1;1;1;2;1;1;1;2;2;2;1;2;2;1;2;2;1;2;2;2;2;1;2;2;2; ;1;2;1;4;1;2;1;1;1;3;1;1;01;68;07;68;402,762284425048
4673473;1;4;3;1;1;1;1;1;3;3; ; ; ; ;550000;1;1;1;1;1;1;1;2;1;2;1;1;2;1;2;2;1;1;2;2;2;1;2;4;2; ;1;2;1;4;1;2;1;1;1;3;1;1;01;68;07;68;590,549613618435
4673474;1;3;1;1;1;1;1;1;4;5; ; ; ;200000; ;2;1;2;2;1;1;1;2;2;2;1;2;2;2;2;2;1;2;1;2;2;1;1;1;2; ;1;1;5;2;1;1;2;1;1;3;1;1;01;68;07;68;647,040749849809
4673475;1;2;1;1;1;1;1;1;4;3; ; ; ; ;200000;2;2;2;2;1;1;1;2;2;2;1;2;2;2;2;2;2;2;2;2;2;2; ;2;2; ;1;1;5;1;1;1;2;1;1;3;1;2;01;68;07;68;508,517037310197
4673476;1;3;2;1;1;1;1;1;3;3; ; ; ; ;350000;2;2;2;2;1;1;1;2;2;2;1;2;2;2;2;2;1;2;2;2;2;1;2;4;2; ;1;1;1;2;1;1;1;1;1;3;1;2;01;68;07;68;533,93756010072
4673479;1;4;1;1;1;1;1;1;3;3; ; ; ; ;350000;2;1;2;1;1;1;1;2;2;2;1;2;2;2;2;2;1;2;2;2;2;1;1;1;2; ;1;2;1;2;1;2;1;1;1;3;1;1;01;68;07;68;647,040749849809
4673480;1;3;2;1;1;1;1;1;3;4; ; ; ;400000; ;1;1;2;1;1;1;1;2;2;2;1;2;2;2;2;2;1;2;2;2;2;1;1;2;2; ;1;2;1;4;1;3;1;1;1;3;1;1;01;68;07;68;538,610520228609
4673627;1;3;2;1;1;1;1;1;3;3; ; ; ; ;350000;2;1;2;2;1;1;1;2;2;2;1;2;2;2;2;2;2;2;1;2;2;1;2;4;2; ;1;2;1;4;1;2;1;1;1;3;1;2;01;73;07;73;423,204759003518
4673628;1;6;5;1;1;1;1;1;3;3; ; ; ; ;1000000;1;1;1;1;1;1;1;1;1;2;1;1;1;1;2;2;1;1;1;2;2;1;6;9;2; ;1;1;1;4;1;3;1;1;1;3;1;1;01;73;07;73;172,207947399327
4673630;1;4;2;1;1;1;1;1;3;1; ; ;150000000;1000000; ;2;1;1;1;1;1;1;1;2;2;1;1;1;1;2;2;1;1;1;1;2;1;2;3;2; ;1;1;1;4;1;3;1;1;1;3;1;1;01;73;07;73;245,956341161317
4673631;1;5;4;1;1;1;1;1;3;1; ; ;100000000;350000; ;1;1;1;1;1;1;1;2;2;2;1;2;1;1;2;2;2;2;2;2;2;1;4;4;2; ;1;1;1;4;1;2;1;1;1;3;1;2;01;73;07;73;228,637062395607
4673632;1;2;2;1;1;1;1;1;3;3; ; ; ; ;300000;2;2;2;1;2;2;1;2;2;2;1;2;2;2;2;2;2;2;2;2;2;1;1;6;2; ;1;2;1;2;1;1;1;1;1;3;1;1;01;73;07;73;308,756588261059
4673633;1;2;1;1;2;1;1;4;4;3; ; ; ; ;100000;1;1;1;2;1;2;1;2;2;2;1;1;1;2;2;2;2;2;2;2;2;1;2;4;2; ;1;4;1;2;1;1;2;1;1;3;1;2;01;73;07;73;298,832596816186
4673634;1;5;3;1;1;1;1;1;3;4; ; ; ;400000; ;1;1;2;1;1;1;1;2;2;2;1;1;2;2;2;2;1;1;2;2;2;1;1;4;2; ;1;2;1;4;1;2;1;1;1;3;1;1;01;73;07;73;416,154964758481
4673635;1;4;3;1;1;1;1;1;3;3; ; ; ; ;400000;1;1;2;1;1;1;1;1;2;2;1;2;1;1;2;2;2;1;1;2;2;1;5;6;2; ;1;2;1;4;1;2;1;1;1;3;1;1;01;73;07;73;136,305414979764
4673636;1;3;3;1;1;1;1;1;4;3; ; ; ; ;100000;2;1;2;2;1;1;1;2;2;2;1;1;1;2;2;2;2;2;1;2;2;1;2;4;2; ;1;4;1;2;1;1;2;1;1;3;1;1;01;73;07;73;317,34948464646
4673637;1;4;3;1;1;1;1;1;3;3; ; ; ; ;450000;1;1;1;1;1;1;1;1;1;2;1;2;2;2;2;2;2;2;2;2;2;1;3;4;2; ;1;2;1;4;1;2;1;1;1;3;1;1;01;73;07;73;195,323154963911
4673638;1;3;2;1;1;1;1;3;4;1; ; ;40000000;200000; ;2;1;2;1;1;1;1;2;2;2;1;2;1;2;2;2;2;1;2;2;2;1;2;4;2; ;1;2;1;2;1;1;2;1;1;3;1;2;01;73;07;73;195,323154963911
4673639;1;4;2;1;1;1;1;1;3;2; ;1200000;98;600000; ;2;1;1;1;1;1;1;2;2;2;1;2;2;1;2;2;2;2;2;1;2;1;2;2;2; ;1;1;1;4;1;4;1;1;1;3;1;1;01;73;07;73;265,739702977852
4673641;1;4;3;1;1;1;1;1;3;1; ; ;200000000;1000000; ;1;1;1;1;1;1;1;1;2;2;1;1;2;1;2;2;2;2;2;1;2;1;4;6;2; ;1;1;1;4;1;4;1;1;1;3;1;1;01;73;07;73;323,589932874644
4673642;1;2;1;1;1;1;1;1;3;3; ; ; ; ;350000;1;1;1;1;2;1;1;2;2;2;1;2;1;1;2;2;1;2;2;2;2;1;3;3;2; ;1;2;1;4;1;2;1;1;1;3;1;1;01;73;07;73;231,901635206994
4673643;1;3;3;1;1;1;1;1;3;4; ; ; ;300000; ;1;1;1;1;1;1;1;1;2;2;1;2;1;1;2;2;2;2;2;2;2;1;4;4;2; ;1;2;1;2;1;2;1;1;1;3;1;1;01;73;07;73;305,170055770935
4673644;1;3;2;1;1;1;1;1;3;3; ; ; ; ;340000;1;1;1;1;1;1;1;2;2;2;1;2;1;2;2;2;2;1;1;2;2;1;3;3;2; ;1;1;1;2;1;2;1;1;1;3;1;1;01;73;07;73;245,013210416855
4673648;1;5;3;1;1;1;1;1;3;4; ; ; ;600000; ;1;1;1;1;1;1;1;2;2;1;1;2;1;1;2;2;1;2;2;2;2;1;3;3;2; ;1;1;1;4;1;2;1;1;1;3;1;2;01;73;07;73;210,454502217259
4673649;1;4;1;1;1;1;1;1;3;3; ; ; ; ;400000;1;1;1;1;1;1;1;1;1;2;1;1;1;2;2;2;2;2;1;2;2;1;2;2;2; ;1;1;1;4;1;2;1;1;1;3;1;1;01;73;07;73;224,708548546583
4673650;1;1;1;1;1;1;1;1;3;3; ; ; ; ;500000;1;1;1;1;1;1;1;1;2;2;1;2;1;1;2;2;2;2;1;2;2;1;4;4;2; ;1;1;1;2;1;2;1;1;1;3;1;1;01;73;07;73;266,261003031589
4673651;1;5;2;1;1;1;1;1;3;1; ; ;90000000;400000; ;1;1;1;1;1;1;1;2;1;2;1;2;1;1;1;2;1;1;2;1;2;1;3;3;2; ;1;1;1;4;1;2;1;1;1;3;1;2;01;73;07;73;245,013210416855
4673652;1;4;3;1;1;1;1;1;3;1; ; ;150000000;700000; ;1;1;1;1;1;1;1;1;2;2;1;2;1;1;2;2;2;2;2;1;2;1;4;5;2; ;1;1;1;4;1;2;1;1;1;3;1;1;01;73;07;73;254,536869573529
4673653;1;3;2;1;1;1;1;1;3;3; ; ; ; ;500000;1;1;2;2;1;1;1;2;2;2;1;2;2;2;2;2;2;2;2;2;2;1;4;5;2; ;1;1;1;4;1;2;1;1;1;3;1;1;01;73;07;73;256,181351198152
4673654;1;4;2;1;1;1;1;1;3;3; ; ; ; ;98;1;1;1;1;1;1;1;2;2;1;1;2;1;1;2;2;2;2;2;1;2;1;2;3;2; ;1;1;1;4;1;2;1;1;1;3;1;2;01;73;07;73;277,584804201451
4673655;1;6;5;1;1;1;1;1;3;1; ; ;98;500000; ;1;1;1;1;1;1;1;1;2;2;1;1;1;1;2;2;1;1;2;2;2;1;3;6;2; ;1;1;1;4;1;2;1;1;1;3;1;1;01;73;07;73;261,729956233941
4673656;1;4;3;1;1;1;1;1;3;3; ; ; ; ;200000;2;1;1;1;1;1;1;2;2;1;1;2;2;2;2;2;2;1;1;2;2;1;5;5;2; ;1;1;1;4;1;2;1;1;1;3;1;1;01;73;07;73;355,706231241776
4673657;1;3;2;1;1;1;1;1;3;3; ; ; ; ;250000;2;2;2;2;1;1;1;2;2;2;1;2;2;2;2;2;2;2;2;2;2;1;3;4;2; ;1;2;1;2;1;2;1;1;1;3;1;1;01;73;07;73;266,261003031589
4673658;1;6;2;1;1;1;1;1;3;1; ; ;30000000;500000; ;1;1;2;1;1;1;1;1;2;2;1;2;1;2;2;2;2;2;2;2;2;1;1;2;2; ;1;1;1;4;1;2;1;1;1;3;1;2;01;73;07;73;249,562895331605
4673659;1;2;1;1;1;1;1;1;3;3; ; ; ; ;300000;2;1;2;2;1;1;1;2;2;2;1;2;2;2;2;2;2;2;2;2;2;1;2;2;2; ;1;2;1;2;1;2;1;1;1;3;1;2;01;73;07;73;313,220153700072
4673660;1;4;3;1;1;1;1;1;3;1; ; ;98;500000; ;2;2;2;1;1;1;1;2;2;2;1;2;2;2;2;2;2;1;1;2;2;1;2;3;2; ;1;2;1;4;1;2;1;1;1;3;1;1;01;73;07;73;183,478053740312
4673661;1;4;2;1;1;1;1;1;3;3; ; ; ; ;400000;1;1;1;2;1;1;1;2;2;2;1;1;2;1;2;2;2;1;1;2;2;1;3;3;2; ;1;2;1;2;1;2;1;1;1;3;1;1;01;73;07;73;333,524815570344
4673662;1;3;2;1;1;1;1;1;3;3; ; ; ; ;450000;2;1;1;1;1;1;1;1;1;2;1;1;1;1;2;2;1;1;1;2;2;1;2;3;2; ;1;2;1;4;1;2;1;1;1;3;1;2;01;73;07;73;279,229285826074
4673664;1;3;3;1;1;1;1;1;3;1; ; ;98;550000; ;1;1;1;1;1;1;1;1;2;2;1;2;2;1;2;2;1;2;2;2;2;1;1;4;2; ;1;1;1;4;1;2;1;1;1;3;1;1;01;73;07;73;160,764446764315
4673665;1;4;1;1;1;1;1;1;3;3; ; ; ; ;500000;2;1;1;1;1;1;1;1;2;1;1;2;2;1;2;2;1;2;2;1;2;1;2;2;2; ;1;2;1;4;1;3;1;1;1;3;1;2;01;73;07;73;224,708548546583
4673666;1;5;4;1;1;1;1;1;3;1; ; ;180000000;600000; ;1;1;1;1;1;1;1;2;2;2;1;2;1;1;2;2;2;2;1;2;2;1;5;6;2; ;1;1;1;4;1;2;1;1;1;3;1;1;01;73;07;73;227,03626075742
4673667;1;4;3;1;1;1;1;1;3;1; ; ;80000000;300000; ;2;1;2;1;1;1;1;1;2;2;1;2;1;2;2;2;2;2;2;2;2;1;7;8;2; ;1;1;1;2;1;3;1;1;1;3;1;2;01;73;07;73;317,095336808968
4673668;1;5;3;1;1;1;1;1;3;4; ; ; ;400000; ;1;1;1;1;1;1;1;1;1;2;1;2;1;1;2;2;1;2;1;2;2;1;4;4;2; ;1;1;1;4;1;3;1;1;1;3;1;2;01;73;07;73;230,101493193807
4673668;2;1;1;1;1;1;1;6; ;1; ; ;98;98; ;1;1;1;1;1;2;2;2;2;2;1;2;1;1;2;2;1;2;2;1;2;1;2;2;2; ;2;1;1;4;1;3;1;1;1;3;1;2;01;73;07;73;230,101493193807
4673669;1;6;5;1;1;1;1;1;3;1; ; ;100000000;100000; ;1;1;1;1;1;1;1;1;1;2;1;2;1;1;2;2;2;1;2;1;2;1;4;6;2; ;1;1;1;4;1;3;1;1;1;3;1;1;01;73;07;73;288,896237398124
4673670;1;4;2;1;1;1;1;1;3;2; ;1200000;180000000;800000; ;2;1;1;1;1;1;1;2;2;2;1;1;1;1;2;2;2;2;2;2;2;1;3;3;2; ;1;1;1;4;1;3;1;1;1;3;1;1;01;73;07;73;245,013210416855
4673671;1;3;1;1;1;1;1;1;3;1; ; ;100000000;500000; ;1;1;1;1;1;1;1;2;2;2;1;1;1;2;2;2;2;1;2;2;2;1;2;2;2; ;1;1;1;4;1;3;1;1;1;3;1;2;01;73;07;73;265,739702977852
4673672;1;3;2;1;1;1;1;1;3;1; ; ;78000000;500000; ;1;1;1;1;1;1;1;2;2;2;1;2;2;1;2;2;2;2;2;2;2;1;3;3;2; ;1;1;1;4;1;3;1;1;1;3;1;1;01;73;07;73;167,301246094065
4673673;1;4;3;1;1;1;1;1;3;1; ; ;40000000;300000; ;2;1;1;1;1;1;1;2;2;2;1;2;2;1;2;2;2;2;2;2;2;1;1;3;2; ;1;1;1;4;1;3;1;1;1;3;1;1;01;73;07;73;142,446899309043
4673674;1;5;3;1;1;1;1;1;3;2; ;850000;150000000;650000; ;1;1;1;1;1;1;1;2;1;2;1;1;2;1;2;2;1;1;2;1;2;1;2;4;2; ;1;1;1;4;1;3;1;1;1;3;1;1;01;73;07;73;297,889466071723
4673675;1;4;3;1;1;1;1;1;3;1; ; ;140000000;600000; ;2;1;1;1;1;1;1;2;2;2;1;2;2;1;2;2;1;1;1;2;2;1;3;4;2; ;1;1;1;4;1;3;1;1;1;3;1;1;01;73;07;73;189,728009656261
4673676;1;4;3;1;1;1;1;1;3;1; ; ;170000000;500000; ;1;1;1;1;1;1;1;2;2;2;1;1;1;1;2;2;2;1;2;2;2;1;2;5;2; ;1;1;1;4;1;3;1;1;1;3;1;1;01;73;07;73;245,191877680216
4673677;1;5;4;1;1;1;1;1;3;1; ; ;120000000;400000; ;1;1;1;1;1;1;1;1;2;2;1;2;1;1;2;2;1;2;1;2;2;1;4;6;2; ;1;1;1;2;1;2;1;1;1;3;1;1;01;73;07;73;254,914877211891
4673678;1;7;1;1;1;1;1;1;3;1; ; ;98;1500000; ;1;1;1;1;1;1;1;2;2;1;1;2;1;1;2;2;1;2;2;1;2;1;2;2;2; ;1;1;1;4;1;4;1;1;1;3;1;2;01;73;07;73;124,781447665803
4673679;1;3;2;1;1;1;1;1;3;3; ; ; ; ;430000;2;2;2;2;2;1;1;2;2;2;2;2;2;2;2;2;1;2;2;2;2;1;2;6;2; ;1;2;1;4;1;2;1;1;1;3;1;1;01;73;07;73;477,868788698385
4673680;1;4;1;1;1;1;1;1;3;4; ; ; ;200000; ;2;1;2;1;1;1;1;2;2;2;1;2;2;2;2;2;2;2;2;2;2;1;1;1;2; ;1;1;1;4;1;3;1;1;1;3;1;1;01;73;07;73;95,1745903609938
4673682;1;3;2;1;1;1;1;3;3;1; ; ;160000000;300000; ;2;1;2;1;1;1;1;2;2;2;1;2;1;2;2;2;2;2;2;2;2;1;1;2;2; ;1;2;1;4;1;2;1;1;1;3;1;1;01;73;07;73;249,562895331605
4673683;1;7;3;1;1;1;1;1;3;1; ; ;250000000;1000000; ;1;1;1;1;1;1;1;2;2;2;1;2;1;1;2;2;1;2;1;2;2;1;3;3;2; ;1;1;1;4;1;3;1;1;1;3;1;1;01;73;07;73;170,366478530452
4673684;1;6;3;1;1;1;1;1;3;1; ; ;80000000;550000; ;2;1;2;1;1;1;1;2;2;2;1;2;2;2;2;2;1;1;2;2;2;1;3;4;2; ;1;1;1;4;1;3;1;1;1;3;1;1;01;73;07;73;136,305414979764
4673685;1;4;3;1;1;1;1;1;3;3; ; ; ; ;450000;2;1;1;1;1;1;1;2;2;2;1;1;1;2;2;2;1;2;1;2;2;1;3;4;2; ;1;2;1;2;1;2;1;1;1;3;1;1;01;73;07;73;298,832596816186
4673686;1;6;3;1;2;1;1;1;3;1; ; ;98;500000; ;2;1;1;1;1;1;1;2;2;2;1;2;2;1;2;2;2;2;2;2;2;1;1;3;2; ;1;2;1;4;1;2;1;1;1;3;1;2;01;73;07;73;170,366478530452
4673687;1;3;2;1;1;1;1;3;3;4; ; ; ;600000; ;2;1;2;2;1;1;1;1;2;2;1;1;2;2;2;2;2;1;2;2;2;1;4;5;2; ;1;1;1;2;1;3;1;1;1;3;1;1;01;73;07;73;222,908406533395
4673688;1;4;2;1;1;1;1;1;3;1; ; ;98;400000; ;1;1;1;1;1;1;1;1;2;2;1;2;2;1;2;2;1;1;1;2;2;1;2;2;2; ;1;1;1;2;1;2;1;1;1;3;1;1;01;73;07;73;249,562895331605
4673690;1;4;3;1;1;1;1;1;3;1; ; ;98;500000; ;1;1;2;1;1;1;1;1;2;2;1;2;1;2;2;2;2;2;2;2;2;1;2;6;2; ;1;1;1;2;1;2;1;1;1;3;1;1;01;73;07;73;161,285746818053
4673691;1;5;4;1;1;1;1;1;3;1; ; ;98;800000; ;1;1;1;1;1;1;1;1;2;2;1;1;1;1;2;2;1;1;2;1;2;1;5;5;2; ;1;1;1;4;1;3;1;1;1;3;1;2;01;73;07;73;284,443563209938
4673692;1;4;2;1;1;1;1;1;3;3; ; ; ; ;650000;1;1;1;1;1;1;1;1;2;2;1;1;1;1;2;2;2;2;2;1;2;1;2;3;2; ;1;2;1;4;1;4;1;1;1;3;1;1;01;73;07;73;277,584804201451
4673693;1;3;2;1;1;1;1;1;3;3; ; ; ; ;500000;1;1;1;1;1;1;1;1;2;2;1;2;2;2;2;2;2;1;2;2;2;1;2;2;2; ;1;2;1;2;1;3;1;1;1;3;1;1;01;73;07;73;244,86991800148
4673694;1;6;3;1;1;1;1;1;3;3; ; ; ; ;400000;2;2;2;2;1;1;1;2;2;2;1;2;1;2;2;2;2;2;2;2;2;1;2;3;2; ;1;2;1;4;1;2;1;1;1;3;1;2;01;73;07;73;277,584804201451
4673696;1;5;3;1;1;1;1;1;3;2; ;2000000;98;1200000; ;1;1;1;1;1;1;1;1;1;2;1;1;2;1;2;2;1;1;2;2;2;1;2;3;1;1;1;1;1;4;1;2;1;1;1;3;1;2;01;73;07;73;232,844765951457
4673698;1;3;2;1;1;1;1;1;3;2; ;400000;9000000;600000; ;2;1;1;1;1;1;1;2;2;2;1;2;1;1;2;2;1;2;2;1;2;1;3;3;2; ;1;1;1;4;1;3;1;1;1;3;1;2;01;73;07;73;142,446899309043
4673699;1;5;2;1;1;1;1;1;4;1; ; ;98;4000000; ;1;1;1;1;1;1;1;1;2;2;1;2;2;1;1;2;1;2;2;1;2;1;2;2;2; ;1;1;1;4;1;4;2;1;1;3;1;2;01;73;07;73;74,5593429578586
4673700;1;4;3;1;1;1;1;5;4;1; ; ;98;100000; ;2;2;2;2;1;2;1;2;2;2;1;1;1;2;2;2;2;1;2;2;2;1;3;5;2; ;1;1;1;2;1;1;2;1;1;3;1;1;01;73;07;73;326,653688588668
4673701;1;5;4;1;1;1;1;1;3;1; ; ;120000000;500000; ;1;1;1;1;1;1;1;2;2;2;1;2;2;1;2;2;2;1;1;2;2;1;5;5;2; ;1;1;1;4;1;2;1;1;1;3;1;1;01;73;07;73;221,965275788932
4673702;1;2;1;1;1;1;1;1;3;3; ; ; ; ;300000;1;1;2;2;1;1;1;2;2;2;1;1;2;2;2;2;1;2;1;2;2;1;1;3;2; ;1;1;1;2;1;2;1;1;1;3;1;1;01;73;07;73;414,367190718483
4673703;1;1;1;1;1;1;1;6; ;3; ; ; ; ;250000;2;1;1;1;2;2;2;2;2;2;1;2;1;1;2;2;2;2;1;2;2;1;1;1;2; ;1;4;1;4;1;3;1;1;1;3;1;1;01;73;07;73;306,970197784122
4673704;1;4;2;1;1;1;1;1;3;1; ; ;180000000;800000; ;1;1;1;1;1;1;1;1;2;2;1;1;1;1;2;2;2;2;2;2;2;1;2;3;2; ;1;1;1;4;1;3;1;1;1;3;1;1;01;73;07;73;224,509208171581
4673705;1;3;1;1;1;1;1;1;3;3; ; ; ; ;400000;2;2;1;1;1;1;1;1;1;2;1;2;1;1;2;2;1;1;2;2;2;1;1;1;2; ;1;2;1;4;1;3;1;1;1;3;1;1;01;73;07;73;292,9154918298
4673706;1;2;1;1;1;1;1;1;3;4; ; ; ;450000; ;2;2;2;1;1;1;1;2;2;2;1;2;2;2;2;2;2;2;2;2;2;1;1;2;2; ;1;2;1;4;1;3;1;1;1;3;1;1;01;73;07;73;210,65384259226
4673707;1;2;1;1;1;1;1;1;3;3; ; ; ; ;350000;2;1;2;1;1;1;1;2;2;2;1;1;1;2;2;2;2;2;2;2;2;1;1;1;2; ;1;2;1;4;1;2;1;1;1;3;1;1;01;73;07;73;190,349180721988
4673711;1;3;2;1;1;1;1;1;3;4; ; ; ;400000; ;1;1;1;1;1;1;1;1;2;2;1;2;2;1;2;2;1;1;1;2;2;1;4;4;2; ;1;2;1;4;1;2;1;1;1;3;1;1;01;73;07;73;266,261003031589
4673712;1;4;1;1;1;1;1;1;4;3; ; ; ; ;3000000;2;2;1;2;2;1;1;2;1;2;2;2;2;2;2;2;2;2;2;2;2;1;3;3;2; ;1;1;1;4;1;5;2;1;1;3;1;1;01;73;07;73;122,978170580659
4673713;1;3;3;1;1;1;1;1;3;3; ; ; ; ;350000;2;1;2;1;1;1;1;2;2;2;1;1;1;1;2;2;2;1;1;2;2;1;3;4;2; ;1;2;1;4;1;2;1;1;1;3;1;1;01;73;07;73;313,588653650669
4673714;1;5;2;1;1;1;1;1;3;4; ; ; ;1000000; ;2;1;1;1;1;1;1;1;2;2;1;2;1;2;2;2;2;2;2;2;2;1;2;2;2; ;1;1;1;4;1;4;1;1;1;3;1;1;01;73;07;73;249,562895331605
4673715;1;5;2;1;1;1;1;1;3;1; ; ;150000000;600000; ;1;1;1;1;1;1;1;1;2;2;1;2;1;1;2;2;1;2;1;2;2;1;2;2;2; ;1;2;1;4;1;2;1;1;1;3;1;1;01;73;07;73;265,739702977852
4673716;1;3;2;1;1;1;1;1;3;3; ; ; ; ;550000;1;1;1;1;1;1;1;2;2;2;1;2;1;1;1;2;1;1;1;2;2;1;3;4;2; ;1;1;1;4;1;3;1;1;1;3;1;1;01;73;07;73;299,533947696347
4673717;1;3;1;1;2;1;1;1;4;3; ; ; ; ;260000;2;1;2;2;1;1;1;2;2;2;1;2;2;1;2;2;1;2;2;2;2;1;1;1;2; ;1;4;1;4;1;1;2;1;1;3;1;1;01;73;07;73;306,970197784122
4673718;1;1;1;1;1;1;1;1;4;1; ; ;98;150000; ;2;2;2;2;1;1;1;2;2;2;1;2;2;2;2;2;2;2;2;2;2;1;1;1;2; ;1;1;4;2;1;1;2;1;1;3;1;1;01;73;07;73;290,793390137876
4673719;1;3;2;1;1;1;1;3;3;1; ; ;75000000;500000; ;1;1;1;1;1;1;1;2;2;1;1;1;1;1;2;2;1;1;1;2;2;1;2;2;2; ;1;2;1;4;1;2;1;1;1;3;1;1;01;73;07;73;265,739702977852
4673720;1;2;1;1;1;1;1;2;4;3; ; ; ; ;200000;2;2;2;2;1;1;1;2;2;2;1;1;2;2;2;2;1;2;2;2;2;1;1;1;2; ;1;2;1;2;1;1;2;1;1;3;1;1;01;73;07;73;231,380335153257
4673721;1;5;1;1;1;1;1;1;4;4; ; ; ;700000; ;2;1;2;1;1;1;1;2;2;2;1;2;1;2;2;2;1;1;2;2;2;1;1;1;2; ;1;1;1;4;1;4;2;1;1;3;1;1;01;73;07;73;145,396695068938
4673724;1;3;1;1;1;1;1;1;3;3; ; ; ; ;410000;2;1;2;2;1;2;1;1;2;2;1;2;2;2;2;2;1;2;2;2;2;2; ;1;2; ;1;2;1;4;1;3;1;1;1;3;1;1;01;73;07;73;290,793390137876
4673725;1;4;1;1;1;1;1;1;3;1; ; ;98;600000; ;1;1;1;1;1;1;1;1;2;2;1;2;1;2;2;2;2;2;2;2;2;1;2;2;2; ;1;1;1;4;1;3;1;1;1;3;1;1;01;73;07;73;265,739702977852
4673731;1;5;4;1;1;1;1;1;3;1; ; ;99;700000; ;1;1;1;1;1;1;1;2;2;2;1;2;2;1;2;2;1;1;2;2;2;1;3;4;2; ;1;1;1;4;1;3;1;1;1;3;1;1;01;76;07;76;956,931481511607
4673732;1;4;3;1;1;1;1;1;3;1; ; ;100000000;800000; ;1;1;1;1;1;1;1;1;1;1;1;2;1;1;2;2;1;1;2;1;2;1;4;4;2; ;1;1;1;4;1;3;1;1;1;3;1;1;01;76;07;76;1166,40276172426
4673733;1;3;2;1;1;1;1;1;3;2; ;300000;120000000;450000; ;1;1;1;2;1;1;1;2;2;2;1;2;2;1;2;2;2;2;2;2;2;1;1;2;2; ;1;2;1;4;1;3;1;1;1;3;1;1;01;76;07;76;865,076366957132
4673734;1;2;2;1;1;1;1;1;3;3; ; ; ; ;400000;2;1;2;2;1;1;1;2;2;2;1;2;2;2;2;2;1;1;2;2;2;1;3;3;2; ;1;2;1;4;1;3;1;1;1;3;1;1;01;76;07;76;982,090853780344
4673735;1;5;3;1;1;1;1;1;3;1; ; ;200000000;800000; ;1;1;1;1;1;1;1;1;2;1;1;2;2;2;2;2;1;2;2;2;2;1;1;4;2; ;1;1;1;4;1;3;1;1;1;3;1;1;01;76;07;76;1087,44194870814
4673736;1;4;3;1;1;1;1;1;3;1; ; ;12000000;150000; ;2;2;2;2;1;1;1;2;2;2;2;2;2;2;2;2;2;2;2;2;2;1;2;3;2; ;1;1;1;2;1;1;1;1;1;3;1;1;01;76;07;76;1072,65749250481
4673736;2;1;1;1;2;1;1;6; ;4; ; ; ;100000; ;2;2;2;2;2;2;2;2;2;2;1;2;2;2;2;2;2;2;2;2;2;2; ;2;2; ;2;1;1;2;1;1;1;1;1;3;1;1;01;76;07;76;1072,65749250481
4673738;1;2;1;1;1;1;1;1;3;3; ; ; ; ;450000;2;2;2;2;1;1;1;2;2;2;2;2;2;2;2;2;2;2;2;2;2;1;2;2;2; ;1;2;1;4;1;3;1;1;1;3;1;1;01;76;07;76;840,412188257205
4673739;1;2;1;1;1;1;1;1;3;3; ; ; ; ;250000;2;2;2;2;1;1;1;2;2;2;1;2;2;2;2;2;2;2;2;2;2;1;4;6;2; ;1;1;1;2;1;1;1;1;1;3;1;1;01;76;07;76;978,31152738522
4673740;1;4;3;1;1;1;1;1;3;3; ; ; ; ;450000;1;1;1;1;1;1;1;1;1;2;1;1;1;2;2;2;2;2;1;2;2;1;3;6;2; ;1;2;1;4;1;3;1;1;1;3;1;1;01;76;07;76;1274,06388967409
4673741;1;1;1;1;1;1;1;1;4;3; ; ; ; ;300000;1;1;1;1;1;1;1;1;1;2;1;1;1;1;2;2;1;1;1;2;2;1;1;1;2; ;1;2;1;4;1;2;1;1;1;3;1;1;01;76;07;76;1214,18319139635
4673742;1;3;2;1;1;1;1;1;3;3; ; ; ; ;400000;2;2;2;2;1;1;1;2;2;2;2;2;2;2;2;2;2;1;2;2;2;1;2;4;2; ;1;2;1;2;1;2;1;1;1;3;1;1;01;76;07;76;928,199487023271
4673743;1;3;2;1;1;1;1;1;3;4; ; ; ;400000; ;2;1;1;1;1;1;1;1;2;2;1;2;1;2;2;2;1;2;2;1;2;1;1;2;2; ;1;2;1;4;1;3;1;1;1;3;1;1;01;76;07;76;1116,75812109058
4673744;1;3;2;1;2;1;1;1;3;3; ; ; ; ;380000;1;1;1;1;1;1;1;2;2;2;1;2;1;2;2;2;2;2;2;2;2;1;1;3;2; ;1;1;1;4;1;3;1;1;1;3;1;1;01;76;07;76;1012,37077599644
4673744;2;1;1;1;2;1;1;1;3;4; ; ; ;200000; ;1;2;2;2;2;2;1;2;2;2;1;2;2;2;2;2;2;2;2;2;2;1;1;3;2; ;2;1;1;4;1;3;1;1;1;3;1;1;01;76;07;76;1012,37077599644
4673745;1;6;4;1;1;1;2;1;4;4; ; ; ;300000; ;2;1;2;2;1;1;1;2;2;2;1;2;2;1;2;2;2;1;2;2;2;1;4;8;2; ;1;2;1;4;1;3;2;1;1;3;1;1;01;76;07;76;1240,7300775699
4673746;1;4;3;1;1;1;1;1;3;3; ; ; ; ;450000;2;2;2;2;1;1;1;2;2;2;1;1;2;2;2;2;1;2;2;2;2;1;3;7;2; ;1;2;1;4;1;2;1;1;1;3;1;1;01;76;07;76;1531,92997148504
4673747;1;3;3;1;1;1;1;1;3;3; ; ; ; ;600000;1;1;1;2;1;1;1;2;2;2;1;2;2;2;2;2;1;1;2;2;2;1;5;5;2; ;1;2;1;4;1;2;1;1;1;3;1;1;01;76;07;76;1372,24053120315
4673748;1;5;3;1;1;1;1;1;3;3; ; ; ; ;400000;1;1;1;1;1;1;1;2;2;2;1;2;1;1;2;2;2;2;2;2;2;1;3;4;2; ;1;2;1;4;1;3;1;1;1;3;1;1;01;76;07;76;998,217036123611
4673749;1;3;2;1;1;1;1;1;3;3; ; ; ; ;330000;2;2;2;2;2;2;1;2;2;2;1;2;2;2;2;2;2;1;2;2;2;1;2;2;2; ;1;2;1;2;1;2;1;1;1;3;1;1;01;76;07;76;1106,89565145102
4673750;1;3;2;1;1;1;1;1;3;3; ; ; ; ;400000;1;1;1;1;1;1;1;1;2;2;1;1;1;2;2;2;1;2;2;2;2;1;2;4;2; ;1;2;1;4;1;2;1;1;1;3;1;1;01;76;07;76;877,518862499977
4673751;1;4;1;1;1;1;1;1;4;4; ; ; ;98; ;1;1;2;2;1;1;1;2;2;2;1;1;2;2;2;2;2;1;2;2;2;1;1;1;2; ;1;1;1;4;1;2;2;1;1;3;1;1;01;76;07;76;943,631912414132
4673752;1;4;3;1;1;1;1;1;3;3; ; ; ; ;500000;1;1;1;1;1;1;1;2;2;2;1;1;2;1;2;2;2;2;1;2;2;1;1;5;2; ;1;2;1;4;1;3;1;1;1;3;1;1;01;76;07;76;1343,1449801936
4673753;1;4;3;1;1;1;1;1;3;1; ; ;98;450000; ;1;2;1;1;1;1;1;1;2;2;1;1;2;1;2;2;1;1;1;2;2;1;4;6;2; ;1;2;1;4;1;2;1;1;1;3;1;1;01;76;07;76;1082,92522970349
4673754;1;4;3;1;1;1;1;1;3;4; ; ; ;680000; ;1;1;1;1;1;1;1;1;2;1;1;2;1;1;2;1;1;2;2;1;2;1;3;5;2; ;1;2;1;4;1;2;1;1;1;3;1;1;01;76;07;76;1256,16250296076
4673755;1;2;1;1;1;1;1;1;3;3; ; ; ; ;400000;2;1;2;2;1;2;1;2;2;2;1;2;2;2;2;2;2;2;2;2;2;1;2;2;2; ;1;2;1;4;1;2;1;1;1;3;1;1;01;76;07;76;836,796178464305
4673756;1;3;2;1;1;1;1;1;3;4; ; ; ;250000; ;1;1;1;1;1;1;1;2;2;2;1;2;1;1;2;2;2;1;1;2;2;1;1;2;2; ;1;2;1;4;1;2;1;1;1;3;1;1;01;76;07;76;1110,42656263271
4673757;1;5;2;1;1;1;1;1;3;1; ; ;98;99; ;2;1;1;1;1;1;1;1;1;2;1;2;1;1;1;1;1;1;2;1;1;1;2;2;2; ;1;1;1;4;1;5;1;1;1;3;1;1;01;76;07;76;1078,61546295819
4673758;1;6;2;1;1;1;1;1;3;1; ; ;99;2000000; ;1;1;1;1;1;1;1;1;1;2;1;1;1;1;2;1;1;1;2;1;1;1;3;3;2; ;1;1;1;4;1;5;1;1;1;3;1;1;01;76;07;76;1057,07210048235
4673759;1;4;3;1;1;1;1;1;3;3; ; ; ; ;420000;2;1;1;1;1;1;1;1;1;2;1;1;1;2;2;2;1;1;2;1;2;1;3;3;2; ;1;2;1;2;1;2;1;1;1;3;1;1;01;76;07;76;1003,13902268737
4673760;1;4;3;1;1;1;1;1;3;3; ; ; ; ;450000;2;1;2;1;1;1;1;1;2;2;1;1;1;2;2;2;1;1;2;2;2;1;2;4;2; ;1;2;1;2;1;3;1;1;1;3;1;1;01;76;07;76;1125,58460684052
4673761;1;4;2;1;1;1;1;1;3;3; ; ; ; ;450000;1;1;1;1;1;1;1;2;2;2;1;2;2;1;2;2;1;2;2;2;2;1;2;3;2; ;1;2;1;4;1;2;1;1;1;3;1;1;01;76;07;76;733,124648311868
4673762;1;3;2;1;2;1;1;1;3;1; ; ;98;500000; ;1;2;2;1;1;1;1;2;2;2;1;2;2;2;2;2;1;2;2;2;2;2; ;2;2; ;1;2;1;2;1;2;1;1;1;3;1;1;01;76;07;76;525,459726179734
4673762;2;2;2;1;2;1;1;1;3;4; ; ; ;280000; ;1;1;1;1;1;1;1;2;2;2;1;2;2;1;2;2;1;2;2;2;2;1;3;3;2; ;2;2;1;2;1;2;1;1;1;3;1;1;01;76;07;76;525,459726179734
4673763;1;4;3;1;1;1;1;1;3;1; ; ;55000000;300000; ;1;1;1;1;1;1;1;2;2;2;1;2;2;1;2;2;2;1;1;2;2;1;5;5;2; ;1;1;1;4;1;1;1;1;1;3;1;1;01;76;07;76;1689,04106239904
4673764;1;5;3;1;1;1;1;1;3;1; ; ;98;500000; ;1;1;1;1;1;1;1;2;2;2;1;1;2;2;2;2;1;2;2;1;2;1;3;3;2; ;1;2;1;4;1;2;1;1;1;3;1;1;01;76;07;76;971,327923012853
4673765;1;4;2;1;1;1;1;1;1;1; ; ;200000000;98; ;1;1;1;1;1;1;1;1;1;1;1;2;2;1;2;2;2;1;2;2;2;1;2;2;2; ;1;2;1;4;1;6;2;1;1;3;1;1;01;76;07;76;783,400005276042
4673766;1;4;2;1;1;1;1;1;1;4; ; ; ;500000; ;2;2;2;2;1;1;1;2;2;2;1;2;1;2;2;2;2;1;1;2;2;1;1;2;2; ;1;2;1;4;1;2;1;1;1;3;1;1;01;76;07;76;1078,61546295819
4673767;1;4;3;1;1;1;1;1;3;1; ; ;45000000;250000; ;1;1;2;1;1;1;1;1;2;2;1;1;1;2;2;2;2;2;1;2;2;1;2;4;2; ;1;2;1;4;1;1;1;1;1;3;1;1;01;76;07;76;1424,41607431557
4673768;1;3;2;1;1;1;1;1;3;3; ; ; ; ;260000;2;1;2;2;1;1;1;2;2;2;1;2;1;1;2;2;2;1;2;2;2;1;1;3;2; ;1;2;1;4;1;1;1;1;1;3;1;1;01;76;07;76;1098,35765509436
4673769;1;4;3;1;1;1;1;1;3;1; ; ;80000000;350000; ;2;1;2;1;1;1;1;2;2;2;1;1;2;2;2;2;1;1;2;2;2;1;1;8;2; ;1;2;1;4;1;2;1;1;1;3;1;1;01;76;07;76;997,085581385935
4673770;1;3;2;1;1;1;1;1;3;3; ; ; ; ;340000;2;1;2;1;1;1;1;2;1;2;1;1;2;2;2;2;2;2;2;2;2;1;1;3;2; ;1;2;1;4;1;2;1;1;1;3;1;1;01;76;07;76;1305,50140134411
4673771;1;3;2;1;1;1;1;1;3;3; ; ; ; ;300000;2;1;2;1;1;1;1;2;2;2;1;2;2;2;2;2;2;1;2;2;2;1;2;4;2; ;1;2;1;4;1;1;1;1;1;3;1;1;01;76;07;76;1371,01990112731
4673772;1;4;3;1;1;1;1;1;3;3; ; ; ; ;300000;2;1;1;2;1;1;1;2;2;2;1;2;2;1;2;2;2;2;2;2;2;1;4;4;2; ;1;2;1;4;1;1;1;1;1;3;1;1;01;76;07;76;1252,14693919375
4673773;1;2;1;1;1;1;1;1;3;3; ; ; ; ;250000;2;1;2;2;1;2;1;2;2;2;1;1;1;2;2;2;2;2;2;2;2;1;2;4;2; ;1;2;1;2;1;1;1;1;1;3;1;1;01;76;07;76;998,217036123611
4673774;1;3;2;1;1;1;1;1;3;1; ; ;40000000;250000; ;2;1;2;1;1;1;1;2;2;2;1;1;1;2;2;2;2;2;1;2;2;1;2;4;2; ;1;1;1;2;1;1;1;1;1;3;1;1;01;76;07;76;899,919298530443
4673775;1;3;2;1;1;1;1;3;3;3; ; ; ; ;500000;2;1;1;1;1;1;1;2;2;2;1;2;2;1;2;2;1;1;2;2;2;1;2;3;2; ;1;2;1;4;1;3;1;1;1;3;1;1;01;76;07;76;1226,6256869392
4673776;1;5;4;1;1;1;1;1;3;4; ; ; ;700000; ;2;1;1;1;1;1;1;1;1;2;1;1;1;1;2;2;1;1;1;1;2;1;4;6;2; ;1;1;1;4;1;3;1;1;1;3;1;1;01;76;07;76;1029,52905651523
4673777;1;5;3;1;1;1;1;1;3;3; ; ; ; ;530000;1;1;1;1;1;1;1;2;2;2;1;1;1;1;2;2;1;1;1;1;2;1;3;4;2; ;1;1;1;4;1;3;1;1;1;3;1;1;01;76;07;76;1525,77732336216
4673778;1;3;2;1;1;1;1;1;3;3; ; ; ; ;250000;2;1;1;1;1;1;1;2;2;2;1;2;2;1;2;2;2;2;2;2;2;1;3;3;2; ;1;2;1;4;1;2;1;1;1;3;1;1;01;76;07;76;1060,15120566853
4673779;1;5;4;1;1;1;1;1;4;1; ; ;99;600000; ;1;1;1;1;1;1;1;2;1;2;1;2;2;1;2;2;2;2;2;2;2;1;4;4;2; ;1;1;1;4;1;3;2;1;1;3;1;1;01;76;07;76;650,953093061968
4673780;1;7;3;1;1;1;1;1;3;1; ; ;200000000;900000; ;1;1;1;1;1;1;1;2;2;1;1;1;1;2;2;2;1;2;2;1;2;1;1;3;2; ;1;1;1;4;1;3;1;1;1;3;1;1;01;76;07;76;672,496455537805
4673781;1;4;3;1;1;1;1;1;3;1; ; ;65000000;350000; ;2;1;2;1;1;1;1;1;2;2;1;1;1;2;2;2;1;1;2;2;2;1;5;5;2; ;1;2;1;4;1;2;1;1;1;2;1;1;01;76;07;76;1101,32569569972
4673782;1;5;3;1;1;1;1;1;3;3; ; ; ; ;550000;1;1;1;1;1;1;1;1;1;2;1;1;1;2;2;2;1;1;2;1;2;1;2;4;2; ;1;1;1;4;1;3;1;1;1;3;1;1;01;76;07;76;1424,41607431557
4673783;1;4;2;1;1;1;1;1;3;3; ; ; ; ;460000;2;1;1;1;1;1;1;1;2;2;1;2;1;1;2;2;1;2;2;2;2;1;4;4;2; ;1;2;1;4;1;3;1;1;1;3;1;1;01;76;07;76;928,199487023271
4673784;1;2;1;1;1;1;1;1;3;3; ; ; ; ;500000;1;1;1;1;1;1;1;2;2;2;1;2;2;1;2;2;1;2;1;2;2;1;2;2;2; ;1;2;1;4;1;3;1;1;1;3;1;1;01;76;07;76;949,784560537016
4673784;2;1;1;1;1;1;1;1;3;4; ; ; ;250000; ;1;1;1;2;2;2;1;2;2;2;1;2;1;2;2;2;1;2;1;2;2;1;2;2;2; ;2;2;1;4;1;3;1;1;1;3;1;1;01;76;07;76;949,784560537016
4673785;1;5;4;1;1;1;1;1;3;1; ; ;98;600000; ;1;1;1;1;1;1;1;2;2;2;1;2;2;1;2;2;1;2;2;2;2;1;4;6;2; ;1;1;1;4;1;3;1;1;1;3;1;1;01;76;07;76;628,332035658608
4673786;1;3;2;1;1;1;1;1;3;3; ; ; ; ;400000;2;1;1;2;1;1;1;2;2;2;1;2;1;2;2;2;2;2;1;2;2;1;2;3;2; ;1;2;1;4;1;3;1;1;1;3;1;1;01;76;07;76;803,142197412208
4673787;1;3;2;1;1;1;1;1;3;3; ; ; ; ;300000;2;1;2;2;1;2;1;2;2;2;2;2;2;2;2;2;2;2;1;2;2;1;2;2;2; ;1;2;1;4;1;1;1;1;1;3;1;1;01;76;07;76;1135,62764593935
4673788;1;2;1;1;1;1;1;1;3;3; ; ; ; ;500000;2;2;1;1;1;1;1;2;2;2;2;2;2;2;2;2;1;1;2;2;2;1;1;1;2; ;1;2;1;4;1;3;1;1;1;3;1;1;01;76;07;76;1214,18319139635
4673789;1;3;1;1;1;1;1;1;3;3; ; ; ; ;430000;2;1;1;1;1;1;1;2;2;2;1;2;2;1;2;2;1;1;2;1;2;1;2;3;2; ;1;2;1;4;1;3;1;1;1;3;1;1;01;76;07;76;1044,96148190609
4673790;1;4;1;1;1;1;1;1;3;4; ; ; ;300000; ;1;1;1;1;1;1;1;1;2;2;1;1;2;2;2;2;2;1;2;2;2;1;1;1;2; ;1;2;1;4;1;2;1;1;1;3;1;1;01;76;07;76;943,631912414132
4673791;1;6;3;1;1;1;1;1;3;4; ; ; ;500000; ;1;1;1;1;1;1;1;1;1;2;1;2;1;1;2;2;1;2;2;1;2;1;2;5;2; ;1;1;1;4;1;3;1;1;1;3;1;1;01;76;07;76;617,299112009872
4673792;1;4;3;1;1;1;1;1;3;3; ; ; ; ;500000;2;2;2;1;1;1;1;2;2;2;1;1;1;2;2;2;2;2;1;2;2;1;2;5;2; ;1;2;1;4;1;2;1;1;1;3;1;1;01;76;07;76;1437,82670799387
4673793;1;3;1;1;1;1;1;1;4;3; ; ; ; ;300000;2;1;2;1;1;1;1;2;2;2;1;2;1;2;2;2;1;1;2;2;2;1;2;2;2; ;1;2;1;2;1;2;2;1;1;3;1;1;01;76;07;76;865,076366957132
4673794;1;3;1;1;1;1;1;1;3;3; ; ; ; ;330000;2;1;2;1;1;1;1;2;2;2;1;2;1;2;2;2;2;2;1;2;2;1;2;3;2; ;1;2;1;4;1;3;1;1;1;3;1;1;01;76;07;76;1280,02186012746
4673795;1;4;3;1;1;1;1;1;3;3; ; ; ; ;250000;2;2;1;2;2;1;1;2;2;2;1;2;1;2;2;2;2;1;2;2;2;1;2;3;2; ;1;2;1;2;1;2;1;1;1;3;1;1;01;76;07;76;1035,48702696861
4673796;1;3;3;1;1;1;1;1;3;3; ; ; ; ;300000;2;1;2;2;1;2;1;2;2;2;1;2;2;2;2;2;2;1;2;2;2;1;2;5;2; ;1;2;1;4;1;3;1;1;1;3;1;1;01;76;07;76;1053,78796765604
4673797;1;3;2;1;1;1;1;1;3;3; ; ; ; ;200000;2;1;2;2;1;1;1;2;2;2;1;2;2;2;2;2;1;1;2;2;2;1;3;4;2; ;1;2;1;4;1;3;1;1;1;3;1;1;01;76;07;76;1173,54968269885
4673798;1;5;4;1;1;1;1;1;3;1; ; ;98;600000; ;1;1;1;2;1;2;1;2;2;2;1;2;2;1;2;2;2;2;1;2;2;1;2;4;2; ;1;2;1;4;1;3;1;1;1;3;1;1;01;76;07;76;962,789926656193
4673799;1;1;1;1;1;1;1;1;4;4; ; ; ;250000; ;2;1;2;2;1;1;1;2;2;2;1;2;1;2;2;2;1;2;2;2;2;1;2;3;2; ;1;2;1;4;1;3;2;1;1;3;1;1;01;76;07;76;733,124648311868
4673800;1;3;2;1;1;1;1;1;3;3; ; ; ; ;380000;1;2;1;1;1;1;1;2;2;2;1;2;2;2;2;2;2;1;2;2;2;1;1;3;2; ;1;2;1;4;1;2;1;1;1;3;1;1;01;76;07;76;1311,83295980198
4673801;1;2;1;1;1;1;1;1;3;3; ; ; ; ;350000;2;1;1;2;1;1;1;2;2;2;1;2;2;2;2;2;2;2;2;2;2;1;2;2;2; ;1;2;1;4;1;2;1;1;1;3;1;1;01;76;07;76;836,796178464305
4673802;1;1;1;1;2;1;1;1;3;3; ; ; ; ;250000;1;1;2;2;1;2;1;2;2;2;1;2;2;2;2;2;2;2;2;2;2;2; ;4;2; ;1;2;1;4;1;3;1;1;1;3;1;1;01;76;07;76;1494,0913964787
4673802;2;1;1;1;2;1;1;1;3;1; ; ;98;200000; ;1;1;2;2;1;1;1;2;2;2;1;2;2;2;2;2;2;2;2;2;2;2; ;2;2; ;2;2;1;4;1;3;1;1;1;3;1;1;01;76;07;76;1494,0913964787
4673802;3;1;1;1;2;1;1;1;3;3; ; ; ; ;200000;1;1;1;2;1;1;1;2;2;2;1;1;2;2;2;2;1;1;2;2;2;1;1;4;2; ;3;2;1;4;1;3;1;1;1;3;1;1;01;76;07;76;1494,0913964787
4673803;1;3;2;1;1;1;1;1;3;3; ; ; ; ;300000;1;1;1;1;1;1;1;2;2;2;1;2;2;2;2;2;2;1;1;2;2;1;2;3;2; ;1;2;1;4;1;2;1;1;1;3;1;1;01;76;07;76;1035,48702696861
4673804;1;4;4;1;1;1;1;1;3;3; ; ; ; ;500000;2;2;2;2;1;1;1;2;2;2;2;2;2;2;2;2;2;2;2;2;2;2; ;10;2; ;1;2;1;4;1;3;1;1;1;3;1;1;01;76;07;76;1062,11329816835
4673805;1;2;1;1;1;1;1;1;3;3; ; ; ; ;380000;2;2;1;2;1;1;1;2;2;2;1;1;2;1;2;2;2;2;2;2;2;1;1;1;2; ;1;2;1;4;1;3;1;1;1;3;1;1;01;76;07;76;972,363906902468
4673806;1;4;3;1;1;1;1;1;3;3; ; ; ; ;600000;2;1;2;1;1;1;1;2;2;2;1;1;2;2;2;2;1;2;2;2;2;1;2;6;2; ;1;2;1;4;1;3;1;1;1;3;1;1;01;76;07;76;891,8659547591
4673807;1;3;2;1;1;1;1;1;3;3; ; ; ; ;400000;1;1;1;2;1;1;1;2;2;2;1;1;1;2;2;2;1;1;2;2;2;1;2;3;2; ;1;2;1;4;1;3;1;1;1;3;1;1;01;76;07;76;1079,48813024558
4673808;1;3;2;1;1;1;1;1;3;3; ; ; ; ;500000;2;1;2;1;1;1;1;2;2;2;1;2;2;1;2;2;1;1;2;2;2;1;2;3;2; ;1;2;1;4;1;3;1;1;1;3;1;1;01;76;07;76;984,806402445314
4673809;1;4;1;1;1;1;1;1;3;1; ; ;70000000;270000; ;1;1;1;2;1;1;1;1;2;2;1;2;1;1;2;2;2;2;2;2;2;1;1;1;2; ;1;2;1;5;1;3;1;1;1;3;1;1;01;76;07;76;972,363906902468
4673810;1;4;3;1;1;1;1;1;3;4; ; ; ;150000; ;1;1;2;2;1;1;1;1;1;1;1;2;2;2;2;2;2;2;2;2;2;1;2;3;2; ;1;2;1;4;1;3;1;1;1;3;1;1;01;76;07;76;974,943932805753
4673811;1;3;2;1;1;1;1;1;3;3; ; ; ; ;400000;2;1;2;2;1;1;1;2;2;2;1;2;2;2;2;2;2;2;2;2;2;1;2;3;2; ;1;2;1;4;1;3;1;1;1;3;1;1;01;76;07;76;708,460469611941
4673812;1;2;1;1;1;1;1;1;3;3; ; ; ; ;380000;2;1;1;2;2;1;1;2;2;2;1;2;2;2;2;2;1;2;2;2;2;1;1;1;2; ;1;2;1;4;1;3;1;1;1;3;1;1;01;76;07;76;972,363906902468
4673813;1;4;2;1;1;1;1;1;3;3; ; ; ; ;375000;1;1;1;1;1;1;1;1;2;2;1;2;1;1;2;2;1;2;2;2;2;1;2;2;2; ;1;2;1;4;1;3;1;1;1;3;1;1;01;76;07;76;840,412188257205
4673814;1;6;5;1;1;1;1;1;3;1; ; ;140000000;700000; ;2;1;1;1;1;1;1;1;1;2;1;1;2;1;2;2;2;1;2;2;2;1;3;6;2; ;1;1;1;4;1;3;1;1;1;3;1;1;01;76;07;76;710,460203335207
4673815;1;4;2;1;1;1;1;1;3;3; ; ; ; ;240000;1;1;1;1;1;1;1;2;2;2;1;1;1;1;2;2;1;2;2;2;2;1;2;2;2; ;1;1;1;4;1;1;1;1;1;3;1;1;01;76;07;76;840,412188257205
4673816;1;4;2;1;1;1;1;1;3;3; ; ; ; ;850000;1;1;1;1;1;1;1;1;1;2;1;1;1;1;2;2;1;1;1;1;2;1;3;3;2; ;1;1;1;4;1;3;1;1;1;3;1;1;01;76;07;76;1003,67592729409
4673817;1;4;3;1;1;1;1;1;4;3; ; ; ; ;370000;2;2;1;2;1;2;1;2;2;2;1;2;2;2;2;2;2;2;1;2;2;1;2;4;2; ;1;2;1;4;1;3;1;1;1;3;1;1;01;76;07;76;839,37620436759
4673818;1;5;3;1;1;1;1;1;3;3; ; ; ; ;600000;1;1;1;1;1;1;1;2;2;2;1;1;1;2;2;2;1;1;1;1;2;1;4;4;2; ;1;1;1;4;1;3;1;1;1;3;1;1;01;76;07;76;868,108198855926
4673819;1;3;3;1;1;1;1;1;3;3; ; ; ; ;700000;2;2;2;2;1;1;1;2;2;2;2;2;2;2;2;2;2;2;2;2;2;1;4;4;2; ;1;2;1;4;1;3;1;1;1;3;1;1;01;76;07;76;1462,15512401312
4673820;1;4;1;1;1;1;1;1;3;3; ; ; ; ;260000;2;1;1;2;1;1;1;2;2;2;1;1;2;1;2;2;1;2;1;2;2;1;2;4;2; ;1;2;1;4;1;1;1;1;1;3;1;1;01;76;07;76;1274,56296895698
4673821;1;3;3;1;1;1;1;1;3;3; ; ; ; ;600000;2;1;1;1;1;1;1;1;2;2;1;2;1;1;2;2;1;1;1;2;2;1;3;6;2; ;1;2;1;4;1;3;1;1;1;3;1;1;01;76;07;76;1232,24143045536
4673822;1;4;3;1;1;1;1;1;1;1; ; ;180000000;1600000; ;1;1;1;1;1;1;1;1;2;2;1;1;1;1;2;2;1;1;2;1;2;1;4;4;2; ;1;2;1;5;1;6;2;1;1;3;1;1;01;76;07;76;928,199487023271
4673823;1;3;1;1;1;1;1;1;3;3; ; ; ; ;360000;1;2;2;1;2;1;1;2;2;2;2;2;2;2;2;2;1;2;2;2;2;2; ;2;2; ;1;2;1;4;1;2;1;1;1;3;1;1;01;76;07;76;935,093916057472
4673824;1;6;3;1;1;1;1;1;3;1; ; ;98;800000; ;1;1;2;1;1;1;1;2;2;2;1;2;1;2;2;2;1;2;2;2;2;1;2;4;2; ;1;1;1;4;1;3;1;1;1;3;1;1;01;76;07;76;864,492189063026
4673825;1;3;2;1;1;1;1;1;3;3; ; ; ; ;312000;2;2;1;1;1;1;1;2;2;2;1;1;2;1;2;2;2;1;2;2;2;1;4;5;2; ;1;2;1;4;1;2;1;1;1;3;1;1;01;76;07;76;1720,85216207356
4673826;1;1;1;1;1;1;1;1;3;3; ; ; ; ;310000;2;2;2;2;2;2;1;2;2;2;2;2;2;2;2;2;2;2;2;2;2;1;1;3;2; ;1;2;1;4;1;2;1;1;1;3;1;1;01;76;07;76;803,142197412208
4673827;1;2;1;1;1;1;1;1;3;3; ; ; ; ;320000;2;1;2;2;1;1;1;2;2;2;1;2;1;2;2;2;2;2;2;2;2;1;1;3;2; ;1;2;1;4;1;2;1;1;1;3;1;1;01;76;07;76;1098,35765509436
4673828;1;3;2;1;1;1;1;3;3;3; ; ; ; ;500000;2;2;2;1;1;1;1;2;2;2;2;2;2;2;2;2;1;1;2;2;2;1;4;4;2; ;1;2;1;4;1;3;1;1;1;3;1;1;01;76;07;76;1525,77732336216
4673829;1;3;1;1;1;1;1;1;3;3; ; ; ; ;550000;2;2;2;1;1;2;1;1;2;2;1;1;1;1;2;2;1;1;1;2;2;1;1;1;2; ;1;2;1;4;1;2;1;1;1;3;1;1;01;76;07;76;1214,18319139635
4673830;1;3;2;1;1;1;1;1;3;3; ; ; ; ;370000;2;1;2;2;2;1;1;2;2;2;1;2;2;2;2;2;2;2;1;2;2;1;3;4;2; ;1;2;1;4;1;2;1;1;1;3;1;1;01;76;07;76;1094,67396829394
4673831;1;2;1;1;1;1;1;1;3;3; ; ; ; ;300000;2;1;2;2;1;1;1;2;2;2;1;2;2;2;2;2;1;1;2;2;2;1;2;2;2; ;1;2;1;4;1;2;1;1;1;3;1;1;01;76;07;76;1082,23147275109
4673832;1;2;1;1;1;1;1;1;3;3; ; ; ; ;450000;2;1;2;2;1;1;1;2;2;2;1;1;1;1;2;2;1;1;2;2;2;1;1;2;2; ;1;2;1;4;1;3;1;1;1;3;1;1;01;76;07;76;1167,43874561387
4673833;1;3;2;1;1;1;1;1;3;3; ; ; ; ;380000;2;2;2;1;1;1;1;2;2;2;1;2;2;2;2;2;2;2;2;2;2;1;1;4;2; ;1;2;1;2;1;3;1;1;1;3;1;1;01;76;07;76;903,535308323344
4673834;1;4;3;1;1;1;1;1;3;2; ;700000;98;700000; ;2;1;1;1;1;1;1;1;2;2;1;2;2;1;2;2;1;2;1;1;2;1;4;4;2; ;1;2;1;4;1;3;1;1;1;3;1;1;01;76;07;76;1198,75076600549
4673835;1;3;2;1;1;1;1;1;3;3; ; ; ; ;450000;1;1;2;1;1;1;1;2;2;2;1;2;1;2;2;2;1;2;2;1;2;1;4;4;2; ;1;2;1;4;1;2;1;1;1;3;1;1;01;76;07;76;1198,75076600549
4673839;1;3;1;1;1;1;1;6; ;1; ; ;100000000;200000; ;2;1;2;1;1;1;1;2;2;2;1;2;1;2;2;2;1;2;2;2;2;2; ;1;2; ;1;2;1;4;1;2;1;1;1;3;1;1;01;76;07;76;915,351723921305
4673840;1;3;2;1;1;1;1;1;3;3; ; ; ; ;98;1;1;1;1;1;1;1;1;1;2;1;1;1;1;2;2;1;1;1;2;2;1;4;4;2; ;1;2;1;4;1;3;1;1;1;3;1;1;01;76;07;76;1198,75076600549
4673845;1;4;3;1;1;1;1;1;3;3; ; ; ; ;350000;1;2;1;1;1;1;1;2;2;2;1;2;1;1;2;2;2;2;2;2;2;1;3;4;1;1;1;2;1;4;1;2;1;1;1;3;1;1;01;76;07;76;899,919298530443
4675224;1;3;2;1;1;1;1;1;3;1; ; ;10000000;200000; ;1;1;2;1;1;1;1;2;2;2;1;1;1;2;2;2;2;2;1;2;2;1;2;2;2; ;1;2;1;4;1;2;1;1;1;2;1;1;01;05;07;05;1067,95734760849
4675225;1;5;2;1;1;1;1;1;3;3; ; ; ; ;200000;2;1;1;1;1;1;1;2;2;1;1;1;1;1;2;2;1;1;1;2;2;1;2;3;2; ;1;1;1;2;1;2;1;1;1;2;1;1;01;05;07;05;1341,32127439726
4675226;1;4;1;1;1;1;1;1;1;3; ; ; ; ;700000;2;1;2;1;1;1;1;1;1;2;1;2;1;2;2;2;2;1;2;1;1;1;2;2;2; ;1;2;1;4;1;3;2;1;1;2;1;1;01;05;07;05;1182,51245241093
4675227;1;5;4;1;1;1;1;1;4;1; ; ;50000000;300000; ;2;2;2;1;1;1;1;1;2;2;1;2;2;2;2;2;2;2;2;2;2;1;2;4;2; ;1;2;1;4;1;2;2;1;1;2;1;1;01;05;07;05;781,186789053413
4675228;1;4;1;1;1;1;1;1;3;3; ; ; ; ;800000;1;1;1;1;1;1;1;1;1;1;1;1;2;1;1;2;1;2;2;1;2;1;1;1;2; ;1;2;1;4;1;3;1;1;1;2;1;1;01;05;07;05;1190,73883698528
4675229;1;4;3;1;1;1;1;1;3;1; ; ;130000000;750000; ;1;1;1;1;1;1;1;2;1;1;1;2;1;1;2;2;2;1;2;2;2;1;3;3;2; ;1;2;1;4;1;2;1;1;1;2;1;1;01;05;07;05;1072,52993299933
4675230;1;4;2;1;1;1;1;1;3;1; ; ;50000000;500000; ;1;1;1;1;1;1;1;2;2;1;1;2;1;2;2;2;2;2;2;2;2;1;2;2;2; ;1;2;1;4;1;2;1;1;1;2;1;1;01;05;07;05;1226,85176954135
4675231;1;5;1;1;1;1;1;1;4;1; ; ;98;400000; ;1;1;1;1;1;1;1;2;1;2;1;1;1;1;2;2;2;2;1;2;2;1;1;2;2; ;1;2;1;4;1;1;2;1;1;2;1;1;01;05;07;05;1199,91418183323
4675232;1;3;1;1;1;1;1;1;4;3; ; ; ; ;220000;2;1;1;2;1;1;1;2;2;1;1;2;2;2;2;2;2;2;2;2;2;1;2;2;2; ;1;2;1;2;1;2;2;1;1;2;1;1;01;05;07;05;885,257075296436
4675233;1;1;1;1;1;1;1;1;1;1; ; ;98;200000; ;2;1;2;1;1;1;1;2;2;2;1;2;1;2;2;2;2;2;2;2;2;1;2;3;2; ;1;1;1;2;1;2;2;1;1;2;1;1;01;05;07;05;1131,68341437708
4675234;1;2;1;1;1;1;1;3;4;4; ; ; ;550000; ;1;1;1;1;1;1;1;1;1;1;1;2;2;1;2;2;2;2;1;2;2;1;2;3;2; ;1;2;1;4;1;2;2;1;1;2;1;1;01;05;07;05;1341,32127439726
4675235;1;2;2;1;1;1;1;1;4;3; ; ; ; ;120000;2;2;2;1;2;1;1;2;2;2;1;2;2;1;2;2;2;2;2;2;2;1;1;4;2; ;1;2;1;2;1;1;2;1;1;2;1;1;01;05;07;05;1377,43420695333
4675236;1;2;1;1;1;1;1;1;3;3; ; ; ; ;320000;2;1;2;1;1;1;1;2;2;2;1;1;1;2;2;2;2;2;1;1;2;1;1;1;2; ;1;2;1;4;1;2;1;1;1;2;1;1;01;05;07;05;1190,73883698528
4675237;1;3;3;1;1;1;1;1;4;5; ; ; ;250000; ;1;1;1;2;1;1;1;2;2;2;1;2;1;1;2;2;2;2;1;2;2;1;4;6;2; ;1;2;1;2;1;2;2;1;1;2;1;1;01;05;07;05;863,624058955764
4675238;1;1;1;1;1;1;1;1;4;1; ; ;98;250000; ;2;2;2;2;1;1;1;2;2;2;1;2;2;2;2;2;2;2;1;2;1;1;1;1;2; ;1;2;1;2;1;2;2;1;1;2;1;1;01;05;07;05;1190,73883698528
4675239;1;5;3;1;1;1;1;1;4;3; ; ; ; ;905000;1;1;1;1;1;1;1;2;2;1;1;1;1;1;2;2;1;2;2;2;2;1;4;4;2; ;1;2;1;4;1;4;2;1;1;2;1;1;01;05;07;05;983,359410950159
4675240;1;5;4;1;1;1;1;1;3;2; ;6500000;100000000;3000000; ;1;1;1;1;1;1;1;1;1;1;1;1;1;1;1;2;1;1;1;2;2;1;3;5;2; ;1;1;1;6;1;6;1;1;1;2;1;1;01;05;07;05;1491,90371180924
4675241;1;5;3;1;1;1;1;1;3;3; ; ; ; ;2615000;1;1;1;1;1;1;1;1;1;1;1;1;1;1;1;2;1;1;2;1;2;1;2;4;2; ;1;1;1;5;1;6;1;1;1;2;1;1;01;05;07;05;1344,34845480424
4675242;1;4;2;1;1;1;1;1;3;1; ; ;98;3000000; ;1;1;1;1;1;1;1;1;1;1;1;1;1;2;2;2;2;1;2;1;2;1;2;4;2; ;1;1;1;4;1;6;1;1;1;2;1;1;01;05;07;05;1500,13009638359
4675243;1;5;2;1;1;1;1;1;3;2; ;3700000;870000000;6000000; ;1;1;1;1;1;1;1;1;1;1;1;2;2;1;1;2;2;2;2;1;2;1;1;3;2; ;1;1;1;5;1;6;1;1;1;2;1;1;01;05;07;05;1440,19235647291
4675244;1;5;3;1;1;1;1;1;3;3; ; ; ; ;1200000;1;1;1;1;1;1;1;1;1;2;1;1;2;1;2;2;1;1;2;2;2;1;3;3;2; ;1;2;1;4;1;5;1;1;1;2;1;1;01;05;07;05;1142,74572067134
4675245;1;6;3;1;1;1;1;1;3;1; ; ;99;1200000; ;1;1;1;1;1;1;1;1;1;1;1;2;1;1;2;2;1;1;2;1;1;1;3;3;2; ;1;1;1;4;1;4;1;1;1;2;1;1;01;05;07;05;1072,52993299933
4675246;1;5;2;1;1;1;1;1;3;1; ; ;98;1100000; ;1;1;1;1;1;1;1;1;1;1;1;2;1;2;2;2;2;2;2;1;2;1;2;2;2; ;1;2;1;5;1;5;1;1;1;2;1;1;01;05;07;05;1226,85176954135
4675247;1;5;4;1;1;1;1;1;1;4; ; ; ;500000; ;1;1;1;2;1;1;1;2;2;2;1;2;2;2;2;2;2;2;1;2;2;1;6;9;2; ;1;2;1;4;1;2;2;1;1;2;1;1;01;05;07;05;1133,3152295856
4675248;1;5;2;1;1;1;1;1;3;1; ; ;120000000;4000000; ;1;1;1;1;1;1;1;1;1;1;1;1;2;1;1;2;1;2;2;1;1;1;3;3;2; ;1;1;1;5;1;6;1;1;1;2;1;1;01;05;07;05;991,585795524514
4675249;1;4;3;1;1;1;1;1;3;1; ; ;90000000;600000; ;1;1;1;1;1;1;1;2;2;1;1;2;2;1;2;2;2;2;1;2;2;1;2;4;2; ;1;2;1;2;1;2;1;1;1;2;1;1;01;05;07;05;1010,29699865828
4675250;1;3;1;1;1;1;1;1;3;3; ; ; ; ;600000;2;1;2;1;1;1;1;2;1;1;1;1;1;2;2;2;1;2;2;2;2;1;1;1;2; ;1;2;1;4;1;4;1;1;1;2;1;1;01;05;07;05;1190,73883698528
4675251;1;4;3;1;1;1;1;1;3;1; ; ;500000000;3500000; ;1;1;1;1;1;1;1;1;1;1;1;2;1;1;2;2;2;1;2;2;2;1;2;4;2; ;1;1;1;4;1;6;1;1;1;2;1;1;01;05;07;05;1599,00117845924
4675252;1;4;2;1;1;1;1;1;3;3; ; ; ; ;520000;1;1;1;1;1;1;1;2;1;1;1;1;1;1;1;2;2;2;2;2;2;1;2;2;2; ;1;2;1;4;1;2;1;1;1;2;1;1;01;05;07;05;1067,95734760849
4675253;1;4;3;1;1;1;1;1;1;3; ; ; ; ;400000;1;1;1;1;1;1;1;2;1;2;1;1;1;2;2;2;1;1;2;2;2;1;1;3;2; ;1;2;1;4;1;3;2;1;1;2;1;1;01;05;07;05;1481,41889324983
4675254;1;3;2;1;1;1;1;1;3;3; ; ; ; ;430000;2;1;2;1;1;1;1;2;1;2;1;2;2;2;2;2;2;1;2;2;2;1;2;3;2; ;1;2;1;4;1;2;1;1;1;2;1;1;01;05;07;05;1440,19235647291
4675255;1;4;3;1;1;1;1;1;4;3; ; ; ; ;300000;1;1;1;1;1;1;1;1;1;2;1;1;1;2;2;2;2;1;1;2;2;1;3;4;2; ;1;2;1;4;1;2;2;1;1;2;1;1;01;05;07;05;742,181203764747
4675256;1;4;1;1;1;1;1;1;3;3; ; ; ; ;350000;1;1;1;1;1;1;1;1;2;1;1;1;1;2;2;2;1;2;2;2;2;1;2;2;2; ;1;2;1;4;1;2;1;1;1;2;1;1;01;05;07;05;1182,51245241093
4675257;1;4;2;1;1;1;1;1;3;3; ; ; ; ;260000;2;1;2;1;1;1;1;1;2;2;1;2;1;2;2;2;2;2;2;2;2;1;2;3;2; ;1;1;1;4;1;2;1;1;1;2;1;1;01;05;07;05;1440,19235647291
4675258;1;2;1;1;1;1;1;1;3;3; ; ; ; ;350000;2;1;2;2;1;1;1;2;2;2;1;2;2;2;2;2;1;2;2;2;2;1;2;3;2; ;1;2;1;4;1;2;1;1;1;2;1;1;01;05;07;05;1158,6210020852
4675259;1;4;3;1;1;1;1;1;3;1; ; ;80000000;400000; ;1;1;1;1;1;1;1;2;1;1;1;1;1;1;2;2;1;2;2;2;2;1;4;5;2; ;1;2;1;4;1;2;1;1;1;2;1;1;01;05;07;05;873,376891538564
4675260;1;6;3;1;1;1;1;1;3;1; ; ;98;700000; ;1;1;1;1;1;1;1;1;1;1;1;2;1;1;2;2;2;1;2;2;2;1;3;4;2; ;1;2;1;4;1;3;1;1;1;2;1;1;01;05;07;05;1064,30354842498
4675261;1;3;2;1;1;1;1;1;3;1; ; ;98;500000; ;1;1;1;1;1;1;1;2;1;1;1;2;1;1;2;2;2;2;2;2;2;1;2;2;2; ;1;2;1;4;1;3;1;1;1;2;1;1;01;05;07;05;1112,29666473892
4675262;1;1;1;1;1;1;1;2;1;1; ; ;45000000;300000; ;1;2;1;2;1;2;1;2;2;2;1;2;2;2;2;2;2;2;2;2;2;2; ;1;2; ;1;2;1;2;1;2;2;1;1;2;1;1;01;05;07;05;1208,14056640759
4675263;1;2;2;1;1;1;1;1;3;4; ; ; ;600000; ;1;1;1;1;1;1;1;1;1;1;1;2;1;2;2;2;1;1;2;2;2;1;2;2;2; ;1;2;1;5;1;3;1;1;1;2;1;1;01;05;07;05;1112,29666473892
4675264;1;4;3;1;1;1;1;1;3;1; ; ;160000000;800000; ;1;1;1;2;1;1;1;1;2;2;1;2;2;2;2;2;2;2;2;2;2;1;2;4;2; ;1;2;1;4;1;3;1;1;1;3;1;1;01;05;07;05;996,158380915352
4675265;1;3;2;1;1;1;1;1;3;3; ; ; ; ;700000;1;1;1;1;1;1;1;2;1;2;1;2;2;1;2;2;2;2;2;2;2;1;2;4;2; ;1;2;1;4;1;3;1;1;1;2;1;1;01;05;07;05;1245,47737272859
4675266;1;2;1;1;1;1;1;1;3;4; ; ; ;400000; ;1;1;2;1;1;1;1;2;2;2;1;1;1;2;2;2;2;2;2;2;2;1;1;1;2; ;1;2;1;4;1;3;1;1;1;2;1;1;01;05;07;05;1208,14056640759
4675267;1;3;1;1;1;1;1;1;4;1; ; ;80000000;800000; ;2;2;1;2;1;1;1;2;2;2;1;1;1;2;2;2;2;2;1;2;2;1;2;2;2; ;1;2;1;5;1;3;2;1;1;2;1;1;01;05;07;05;1182,51245241093
4675268;1;2;1;1;1;1;1;1;4;4; ; ; ;400000; ;1;2;1;2;1;2;1;2;1;2;1;2;2;1;2;2;2;2;1;2;2;1;1;1;2; ;1;2;1;4;1;3;2;1;1;2;1;1;01;05;07;05;1132,26090211193
4675269;1;3;3;1;1;1;1;1;3;1; ; ;99;260000; ;2;2;2;1;1;1;1;2;2;2;1;2;1;2;2;2;2;2;2;2;2;1;3;4;2; ;1;2;1;2;1;2;1;1;1;2;1;1;01;05;07;05;1361,75018422655
4675270;1;3;2;1;1;1;1;1;3;4; ; ; ;400000; ;1;1;1;1;1;1;1;2;2;2;1;2;1;2;2;2;2;2;1;2;2;1;3;4;2; ;1;2;1;4;1;3;1;1;1;2;1;1;01;05;07;05;996,158380915352
4675271;1;7;3;1;1;1;1;1;3;1; ; ;250000000;1200000; ;1;1;2;1;1;1;1;2;1;2;1;2;1;2;2;2;1;2;2;2;2;1;1;3;2; ;1;2;1;4;1;3;1;1;1;2;1;1;01;05;07;05;1218,625384967
4675272;1;2;1;1;1;1;1;1;3;4; ; ; ;300000; ;1;1;2;1;1;1;1;2;1;2;1;2;1;2;2;2;2;2;2;2;2;1;1;1;2; ;1;2;1;4;1;3;1;1;1;2;1;1;01;05;07;05;1208,14056640759
4675273;1;3;3;1;1;1;1;1;3;1; ; ;98;400000; ;1;1;1;1;1;1;1;2;1;2;1;2;2;2;2;2;2;1;2;2;2;1;2;3;2; ;1;2;1;4;1;2;1;1;1;2;1;1;01;05;07;05;1131,00786787269
4675274;1;1;1;1;1;1;1;1;3;1; ; ;98;200000; ;1;1;1;1;1;1;1;2;2;2;1;2;2;2;2;2;2;2;2;2;2;1;4;5;2; ;1;2;1;3;1;2;1;1;1;2;1;1;01;05;07;05;1520,55900621288
4675275;1;4;1;1;1;1;1;1;1;4; ; ; ;98; ;1;1;2;2;1;2;1;2;2;2;1;2;2;2;2;2;2;2;2;2;2;2; ;1;2; ;1;2;1;4;1;3;2;1;1;2;1;1;01;05;07;05;1132,26090211193
4675276;1;7;4;1;1;1;1;1;3;1; ; ;98;1000000; ;1;1;1;1;1;1;1;1;2;1;1;2;2;2;1;2;1;2;2;1;2;1;4;5;2; ;1;2;1;4;1;3;1;1;1;2;1;1;01;05;07;05;1183,43123861825
4675277;1;7;5;1;1;1;1;1;3;1; ; ;300000000;600000; ;1;1;1;1;1;1;1;2;1;1;1;1;2;1;2;2;1;2;2;2;1;1;6;6;2; ;1;2;1;4;1;3;1;1;1;2;1;1;01;05;07;05;1195,68289491487
4675278;1;3;1;1;1;1;1;1;4;1; ; ;120000000;700000; ;1;1;1;1;1;1;1;1;1;2;1;1;1;1;2;2;1;2;2;1;2;1;1;1;2; ;1;2;1;4;1;4;2;1;1;2;1;1;01;05;07;05;1132,26090211193
4675279;1;4;2;1;1;1;1;1;3;3; ; ; ; ;600000;2;1;2;2;1;1;1;2;1;1;1;1;1;2;2;2;2;2;1;2;2;1;2;3;2; ;1;2;1;4;1;2;1;1;1;2;1;1;01;05;07;05;1440,19235647291
4675280;1;4;3;1;1;1;1;1;3;2; ;400000;90000000;550000; ;1;1;1;1;1;1;1;2;1;2;1;1;1;1;2;2;1;1;1;1;2;1;3;3;2; ;1;2;1;4;1;3;1;1;1;2;1;1;01;05;07;05;1169,68330837946
4675281;1;4;3;1;1;1;1;1;3;2; ;556000;100000000;550000; ;1;1;1;1;1;1;1;1;1;1;1;1;1;1;2;2;1;2;1;1;2;1;4;4;2; ;1;2;1;4;1;3;1;1;1;2;1;1;01;05;07;05;895,741893855846
4675282;1;4;3;1;1;1;1;1;3;3; ; ; ; ;400000;1;1;1;1;1;1;1;2;2;1;1;1;1;1;2;2;2;2;2;2;2;1;3;4;2; ;1;2;1;4;1;3;1;1;1;2;1;1;01;05;07;05;1245,47737272859
4675283;1;3;2;1;1;1;1;1;4;3; ; ; ; ;500000;1;1;1;1;1;1;1;1;1;2;1;2;2;1;2;2;1;2;2;2;2;1;3;3;2; ;1;2;1;4;1;3;1;1;1;2;1;1;01;05;07;05;1142,74572067134
4675284;1;4;3;1;1;1;1;1;4;1; ; ;300000000;1200000; ;1;1;1;1;1;1;1;1;1;1;1;1;1;1;2;2;1;1;2;1;1;1;4;4;2; ;1;2;1;4;1;4;2;1;1;2;1;1;01;05;07;05;1105,37975387602
4675285;1;4;2;1;1;1;1;1;3;3; ; ; ; ;570000;1;1;1;1;1;1;1;2;2;1;1;2;2;1;2;2;2;2;2;2;2;1;2;2;2; ;1;2;1;4;1;3;1;1;1;2;1;1;01;05;07;05;1067,95734760849
4675286;1;4;1;1;1;1;1;1;1;3; ; ; ; ;900000;2;1;1;1;1;1;1;1;2;1;1;1;1;1;2;2;1;1;2;1;2;1;2;2;2; ;1;2;1;4;1;4;2;1;1;2;1;1;01;05;07;05;1182,51245241093
4675287;1;3;1;1;1;1;1;1;1;1; ; ;140000000;900000; ;1;1;1;1;1;1;1;1;1;1;1;1;1;1;1;2;1;1;2;2;2;1;2;2;2; ;1;2;1;4;1;4;2;1;1;2;1;1;01;05;07;05;1124,03451753757
4675288;1;5;2;1;1;1;1;1;4;3; ; ; ; ;1026000;1;1;1;1;1;1;1;1;2;1;1;2;1;2;2;2;2;2;2;2;2;1;3;3;2; ;1;2;1;4;1;4;2;1;1;2;1;1;01;05;07;05;1072,52993299933
4675289;1;1;1;1;1;1;1;2;1;3; ; ; ; ;400000;2;1;1;1;1;1;1;2;1;2;1;2;1;1;2;2;1;2;1;2;2;1;1;1;2; ;1;2;1;4;1;3;2;1;1;2;1;1;01;05;07;05;1190,73883698528
4675290;1;4;1;1;1;1;1;1;3;1; ; ;60000000;600000; ;1;1;1;1;1;1;1;1;1;1;1;2;1;2;2;2;2;2;2;2;2;1;1;1;2; ;1;2;1;4;1;3;1;1;1;2;1;1;01;05;07;05;1132,26090211193
4675291;1;3;1;1;1;1;1;1;4;1; ; ;230000000;1000000; ;1;1;1;1;1;1;1;1;1;1;1;1;2;1;2;2;2;2;2;1;2;1;1;1;2; ;1;2;1;4;1;4;2;1;1;2;1;1;01;05;07;05;1163,80124927716
4675294;1;3;1;1;1;1;1;1;4;3; ; ; ; ;850000;1;1;1;1;1;1;1;1;1;1;1;1;1;1;2;2;2;2;2;2;2;1;1;1;2; ;1;2;1;4;1;4;2;1;1;2;1;1;01;05;07;05;1208,14056640759
4675296;1;3;2;1;1;1;1;1;1;1; ; ;70000000;650000; ;2;2;2;1;1;1;1;2;1;2;1;2;1;1;2;2;2;1;2;2;2;1;2;2;2; ;1;2;1;4;1;3;2;1;1;2;1;1;01;05;07;05;1124,03451753757
4675297;1;1;1;1;1;1;1;1;1;1; ; ;2000000;100000; ;2;2;2;2;2;1;1;2;2;2;2;2;2;2;2;2;2;1;2;2;2;2; ;1;2; ;1;2;1;4;1;3;2;1;1;2;1;1;01;05;07;05;1132,26090211193
4675298;1;3;1;1;1;1;1;1;3;4; ; ; ;350000; ;2;1;2;1;1;1;1;2;2;2;1;2;2;1;2;2;1;2;2;2;2;1;2;5;2; ;1;2;1;2;1;1;1;1;1;3;1;1;01;08;07;08;783,864024648053
4675299;1;3;2;1;1;1;1;1;3;3; ; ; ; ;300000;2;2;2;1;1;1;1;2;2;2;1;2;2;2;2;2;1;2;1;2;2;1;1;4;2; ;1;2;1;4;1;1;1;1;1;3;1;1;01;08;07;08;671,334286691722
4675300;1;2;1;1;1;1;1;4;1;1; ; ;98;100000; ;2;2;2;2;2;1;1;2;2;2;1;2;2;2;2;2;1;2;1;2;2;1;1;6;2; ;1;1;1;2;1;1;2;1;1;3;1;1;01;08;07;08;598,816058387908
4675301;1;2;1;1;1;1;1;1;1;1; ; ;99;400000; ;2;2;2;2;2;2;1;2;2;2;2;2;2;2;2;2;2;2;2;2;2;2; ;2;2; ;1;2;1;2;1;1;2;1;1;3;1;1;01;08;07;08;557,248686485081
4675302;1;2;1;1;1;1;1;1;3;1; ; ;99;300000; ;2;2;2;2;1;1;1;2;2;2;1;2;2;2;2;2;1;2;2;2;2;1;1;2;2; ;1;2;1;4;1;1;1;1;1;3;1;1;01;08;07;08;574,636442461656
4675303;1;3;2;1;1;1;1;1;3;3; ; ; ; ;650000;1;1;2;1;1;2;1;1;1;1;1;1;1;2;1;2;2;2;1;2;2;1;3;3;2; ;1;2;1;4;1;3;1;1;1;3;1;1;01;11;07;11;2923,69132591172
4675304;1;5;2;1;1;1;1;1;3;1; ; ;98;350000; ;2;1;2;1;1;1;1;2;2;1;1;2;1;2;2;2;2;1;2;2;2;1;3;4;2; ;1;2;1;4;1;2;1;1;1;3;1;1;01;11;07;11;2814,37655651917
4675305;1;3;2;1;1;1;1;1;3;1; ; ;98;800000; ;1;1;1;1;1;1;1;1;1;2;1;1;1;1;2;2;2;2;2;1;2;1;2;2;2; ;1;1;1;4;1;2;1;1;1;3;1;1;01;11;07;11;2475,22712973961
4675306;1;1;1;1;2;1;1;1;3;3; ; ; ; ;150000;1;1;1;2;1;2;1;2;2;1;1;2;2;1;2;2;2;1;2;2;2;1;1;1;2; ;1;4;1;4;1;3;1;1;1;3;1;1;01;11;07;11;3049,82692314578
4675307;1;2;1;1;1;1;1;1;3;3; ; ; ; ;380000;2;1;2;2;1;1;1;2;2;2;1;2;2;2;2;2;1;2;2;2;2;1;1;2;2; ;1;2;1;4;1;1;1;1;1;3;1;1;01;13;07;13;340,60178472926
4675308;1;4;2;1;1;1;1;1;3;1; ; ;100000000;550000; ;2;1;1;1;1;1;1;1;2;2;1;2;2;1;2;2;1;1;2;2;2;1;3;4;2; ;1;1;1;4;1;1;1;1;1;3;1;1;01;13;07;13;410,657189584937
4675309;1;4;1;1;1;1;1;1;3;1; ; ;98;300000; ;2;2;2;2;1;1;1;2;2;2;1;2;1;2;2;2;1;2;2;2;2;1;1;1;2; ;1;1;1;4;1;1;1;1;1;3;1;1;01;13;07;13;382,733716919501
4675310;1;3;2;1;1;1;1;1;3;1; ; ;98;300000; ;2;1;2;1;1;1;1;1;2;2;1;1;1;2;2;2;1;2;2;2;2;1;3;3;2; ;1;2;1;4;1;1;1;1;1;3;1;1;01;13;07;13;421,263057753422
4675311;1;4;3;1;1;1;1;1;3;1; ; ;180000000;600000; ;2;1;1;1;1;1;1;1;2;2;1;2;1;1;2;2;1;2;1;2;2;1;4;5;2; ;1;1;1;4;1;1;1;1;1;3;1;1;01;13;07;13;324,972443089975
4675312;1;3;2;1;1;1;1;2;3;4; ; ; ;500000; ;1;1;1;1;1;1;1;1;2;2;1;2;1;1;2;2;1;2;2;2;2;1;2;4;2; ;1;1;1;4;1;1;1;1;1;3;1;1;01;13;07;13;418,271949535582
4675313;1;2;1;1;1;1;1;1;3;4; ; ; ;320000; ;2;1;2;1;1;1;1;1;2;2;1;2;1;2;2;2;1;2;2;2;2;1;2;2;2; ;1;2;1;4;1;1;1;1;1;3;1;1;01;13;07;13;339,585879811336
4675314;1;3;2;1;1;1;1;1;3;4; ; ; ;420000; ;2;1;2;1;1;1;1;1;2;2;1;1;1;2;2;2;1;2;2;1;2;1;3;3;2; ;1;1;1;4;1;1;1;1;1;3;1;1;01;13;07;13;359,416312927975
4675315;1;3;2;1;1;1;1;1;3;3; ; ; ; ;320000;2;1;2;1;1;1;1;1;2;2;1;2;2;2;2;2;1;2;2;2;2;1;3;5;2; ;1;1;1;4;1;1;1;1;1;3;1;1;01;13;07;13;333,613046068287
4675316;1;3;1;1;1;1;1;1;3;3; ; ; ; ;420000;2;2;2;1;1;1;1;2;2;2;1;2;2;2;2;2;1;2;2;2;2;1;1;1;2; ;1;2;1;4;1;1;1;1;1;3;1;1;01;13;07;13;378,109022170602
4675317;1;3;2;1;1;1;1;1;3;3; ; ; ; ;500000;2;1;1;1;1;1;1;1;2;2;1;2;1;1;2;1;1;2;2;2;2;1;2;3;2; ;1;2;1;4;1;3;1;1;1;3;1;1;01;13;07;13;378,928914673459
4675318;1;3;2;1;1;1;1;1;3;3; ; ; ; ;680000;1;1;2;1;1;1;1;1;2;2;1;1;1;2;2;2;1;2;2;2;2;1;2;2;2; ;1;2;1;4;1;3;1;1;1;3;1;1;01;13;07;13;370,899239416514
4675319;1;4;1;1;1;1;1;1;3;1; ; ;200000000;550000; ;2;1;2;1;1;1;1;1;2;2;1;2;2;2;2;2;1;2;2;2;2;1;2;2;2; ;1;2;1;4;1;3;1;1;1;3;1;1;01;13;07;13;409,83729708208
4675320;1;3;2;1;1;1;1;1;3;3; ; ; ; ;500000;2;1;1;1;1;1;1;1;2;2;1;2;1;1;2;2;1;2;1;2;2;1;2;2;2; ;1;2;1;4;1;3;1;1;1;3;1;1;01;13;07;13;339,585879811336
4675358;1;4;1;1;1;1;1;1;3;1; ; ;15000000;98; ;1;1;2;2;1;2;1;2;2;2;1;2;1;2;2;2;2;2;2;2;2;1;1;1;2; ;1;2;1;4;1;3;1;1;1;2;1;1;01;17;07;17;184,405729467149
4675359;1;4;3;1;1;1;1;1;3;1; ; ;99;400000; ;1;1;1;2;1;1;1;1;2;1;1;2;1;1;2;2;2;2;2;2;2;1;4;5;2; ;1;1;1;4;1;3;1;1;1;2;1;1;01;17;07;17;104,323369978213
4675360;1;4;3;1;1;1;1;1;3;1; ; ;98;98; ;1;1;1;1;1;1;1;2;2;2;1;2;1;1;2;2;2;2;1;2;2;1;5;5;2; ;1;1;1;4;1;2;1;1;1;2;1;1;01;17;07;17;168,387526198938
4675361;1;1;1;1;1;1;1;6; ;1; ; ;25000000;100000; ;2;1;1;2;2;2;2;2;2;2;1;2;2;2;2;2;2;2;2;2;2;2; ;1;2; ;1;4;1;2;1;2;1;1;1;2;1;1;01;17;07;17;205,263407237944
4675362;1;5;5;1;1;1;1;1;3;2; ;720000;80000000;400000; ;1;1;1;1;1;1;1;2;2;1;1;1;1;1;2;2;2;1;1;1;2;1;4;6;2; ;1;1;1;4;1;2;1;1;1;2;1;1;01;17;07;17;195,397231671304
4675363;1;3;2;1;1;1;1;1;3;3; ; ; ; ;400000;2;1;1;1;1;1;1;2;2;2;1;2;1;2;2;2;2;2;2;2;2;1;3;5;2; ;1;2;1;4;1;2;1;1;1;2;1;1;01;17;07;17;245,391303808922
4675364;1;2;1;3;2;1;1;1;4;1; ; ;99;99; ;2;1;2;1;1;1;2;1;2;2;1;1;1;2;2;2;2;2;2;2;2;1;2;2;2; ;1;1;1;4;1;1;2;2;1;2;1;1;01;17;07;17;213,339405428675
4675364;2;2;2;3;2;1;1;1;4;6;100000; ; ;300000; ;2;1;1;1;1;1;1;2;2;2;1;2;2;1;2;2;2;1;2;2;2;1;3;4;2; ;2;1;1;4;1;1;2;2;1;2;1;1;01;17;07;17;213,339405428675
4675365;1;2;2;3;1;1;1;3;4;5; ; ; ;250000; ;2;1;1;1;1;1;1;2;2;2;1;2;2;2;2;2;2;2;2;2;2;1;5;7;2; ;1;1;1;2;1;1;2;2;1;2;1;1;01;17;07;17;186,900707261474
4675366;1;2;2;1;1;1;1;1;3;3; ; ; ; ;200000;2;1;2;1;1;1;1;2;2;1;1;2;2;2;2;2;2;2;1;2;2;1;2;3;2; ;1;2;1;4;1;2;1;1;1;2;1;1;01;17;07;17;159,611720037936
4675367;1;3;2;1;1;1;1;1;3;3; ; ; ; ;370000;2;1;2;1;1;2;1;2;2;2;1;2;2;2;2;2;2;2;2;2;2;1;1;3;2; ;1;2;1;4;1;2;1;1;1;2;1;1;01;17;07;17;228,889779991827
4675368;1;5;3;1;1;1;1;1;3;1; ; ;80000000;350000; ;1;1;1;1;1;1;1;1;2;1;1;1;1;1;1;2;2;1;2;2;2;1;3;3;2; ;1;2;1;4;1;2;1;1;1;2;1;1;01;17;07;17;193,181535628152
4675369;1;4;3;1;1;1;1;1;3;3; ; ; ; ;280000;2;1;2;1;1;1;1;2;2;2;1;2;2;2;2;2;2;2;1;2;2;1;3;4;2; ;1;2;1;4;1;2;1;1;1;2;1;1;01;17;07;17;194,124392079636
4675370;1;3;2;3;1;1;1;1;4;1; ; ;50000000;300000; ;1;1;1;1;1;1;1;2;2;1;1;1;1;1;1;2;2;2;1;2;2;1;1;2;2; ;1;1;1;4;1;1;2;2;1;2;1;1;01;17;07;17;217,42254611743
4675371;1;4;3;3;1;1;1;1;4;1; ; ;99;500000; ;2;2;2;1;1;1;1;1;2;1;1;2;1;2;2;2;2;2;2;2;2;1;5;5;2; ;1;1;1;4;1;1;2;2;1;2;1;1;01;17;07;17;212,290642137037
4675372;1;3;1;1;1;1;1;1;4;3; ; ; ; ;350000;2;1;2;1;1;1;1;2;2;1;1;1;1;2;2;2;2;2;1;2;2;1;2;2;2; ;1;2;1;4;1;2;2;1;1;2;1;1;01;17;07;17;217,42254611743
4675373;1;3;2;1;1;1;1;1;4;4; ; ; ;300000; ;2;1;1;1;1;1;1;2;2;2;1;2;2;2;2;2;2;2;2;2;2;1;3;3;2; ;1;2;1;3;1;2;1;1;1;2;1;1;01;17;07;17;175,04828479575
4675374;1;4;2;1;1;1;1;1;3;1; ; ;90000000;600000; ;1;1;1;1;1;1;1;2;2;2;1;2;1;1;1;2;2;1;2;1;2;1;3;4;2; ;1;1;1;4;1;3;1;1;1;2;1;1;01;17;07;17;258,991092628683
4675375;1;3;2;3;1;1;1;1;4;1; ; ;40000000;300000; ;1;2;1;1;1;1;1;1;2;1;1;2;1;2;2;2;2;2;2;1;1;1;2;4;2; ;1;2;1;4;1;2;2;2;1;2;1;1;01;17;07;17;346,625154501734
4675376;1;3;1;1;1;1;1;1;3;3; ; ; ; ;450000;2;1;1;1;1;1;1;2;2;1;1;1;1;2;2;2;2;2;2;2;2;1;1;1;2; ;1;1;1;4;1;3;1;1;1;2;1;1;01;17;07;17;220,805878835912
4675377;1;4;3;1;1;1;1;1;3;4; ; ; ;500000; ;1;1;1;1;1;1;1;1;1;2;1;1;1;1;2;2;2;1;1;2;2;1;4;4;2; ;1;1;1;4;1;2;1;1;1;2;1;1;01;17;07;17;154,373909217389
4675377;2;2;1;1;1;1;1;1;3;4; ; ; ;500000; ;1;1;1;1;1;1;1;2;2;2;1;2;1;2;2;2;2;2;1;2;2;1;2;2;2; ;2;1;1;4;1;2;1;1;1;2;1;1;01;17;07;17;154,373909217389
4675378;1;3;2;1;1;1;1;1;3;3; ; ; ; ;300000;2;1;2;2;1;1;1;2;2;2;1;2;1;2;2;2;2;2;2;2;2;1;2;3;2; ;1;1;1;4;1;2;1;1;1;2;1;1;01;17;07;17;254,748748480321
4675379;1;3;1;1;1;1;1;1;3;3; ; ; ; ;450000;2;2;1;1;1;1;1;2;2;1;1;1;2;1;2;2;2;2;1;2;2;1;2;2;2; ;1;2;1;4;1;3;1;1;1;2;1;1;01;17;07;17;217,42254611743
4675380;1;2;1;3;1;1;1;1;4;4; ; ; ;300000; ;2;2;2;1;1;1;1;2;2;1;1;2;2;2;2;2;2;2;2;2;2;1;2;2;2; ;1;2;1;2;1;1;2;2;1;2;1;1;01;17;07;17;162,995052756418
4675381;1;3;2;1;1;1;1;3;4;3; ; ; ; ;330000;2;1;2;1;1;1;1;2;2;2;1;1;2;2;2;2;2;2;2;2;2;1;2;3;2; ;1;2;1;4;1;2;2;1;1;2;1;1;01;17;07;17;233,338991480144
4675382;1;5;3;1;1;1;1;1;3;3; ; ; ; ;800000;2;1;1;1;1;1;1;1;2;1;1;2;1;2;2;2;2;2;2;2;2;1;3;3;2; ;1;1;1;4;1;3;1;1;1;2;1;1;01;17;07;17;167,545318226415
4675383;1;6;2;1;1;1;1;1;3;1; ; ;270000000;1400000; ;1;1;1;1;1;1;1;1;1;1;1;2;2;1;1;2;2;2;2;2;1;1;1;2;2; ;1;2;1;4;1;6;1;1;1;2;1;1;01;17;07;17;162,995052756418
4675384;1;5;4;1;1;1;1;1;3;3; ; ; ; ;720000;1;1;1;1;1;1;1;1;1;1;1;1;1;1;2;1;2;1;1;2;2;1;5;6;2; ;1;1;1;4;1;3;1;1;1;2;1;1;01;17;07;17;195,514075917907
4675385;1;5;3;1;1;1;1;1;3;1; ; ;250000000;1200000; ;1;1;1;1;1;1;1;1;1;1;1;2;1;1;2;2;2;1;2;1;2;1;3;3;2; ;1;2;1;4;1;6;1;1;1;2;1;1;01;17;07;17;131,145168857651
4675386;1;4;3;1;1;1;1;1;3;1; ; ;200000000;500000; ;2;1;1;1;1;1;1;2;2;1;1;1;1;2;2;2;2;2;1;2;1;1;3;3;2; ;1;1;1;4;1;3;1;1;1;2;1;1;01;17;07;17;175,04828479575
4675387;1;5;2;1;1;1;1;1;3;2; ;1200000;270000000;1500000; ;1;1;1;1;1;1;1;1;1;1;1;1;1;1;1;2;2;2;2;1;2;1;2;2;2; ;1;2;1;4;1;6;1;1;1;2;1;1;01;17;07;17;173,3283531043
4675388;1;5;4;1;1;1;1;1;3;3; ; ; ; ;850000;2;1;1;1;1;1;1;1;2;1;1;2;2;1;1;2;2;1;2;2;2;1;3;8;2; ;1;1;1;4;1;3;1;1;1;2;1;1;01;17;07;17;301,8266126807
4675389;1;1;1;1;2;1;1;6; ;3; ; ; ; ;270000;2;2;2;2;2;2;2;2;2;2;2;2;2;2;2;2;2;2;2;2;2;1;1;1;2; ;1;3;4;3;1;3;2;1;1;7;1;1;01;17;07;17;187,236063245696
4675390;1;1;1;1;2;1;1;6; ;3; ; ; ; ;300000;2;1;2;2;2;2;2;2;2;2;1;2;2;2;2;2;2;2;2;2;2;2; ;1;2; ;1;3;4;3;1;3;2;1;1;2;1;1;01;17;07;17;205,263407237944
4675391;1;6;3;1;1;1;1;1;3;1; ; ;320000000;1300000; ;1;1;1;1;1;1;1;1;1;1;1;1;1;1;1;2;2;1;2;1;2;1;4;4;2; ;1;2;1;4;1;6;1;1;1;2;1;1;01;17;07;17;161,331651729385
4675392;1;1;1;1;2;1;1;6; ;3; ; ; ; ;270000;2;1;2;2;2;2;2;2;2;2;1;2;2;2;2;2;2;2;2;2;2;2; ;2;2; ;1;3;4;3;1;3;2;1;1;2;1;1;01;17;07;17;206,898168694516
4675393;1;1;1;1;2;1;1;6; ;3; ; ; ; ;270000;2;1;2;2;2;2;2;2;2;2;1;2;2;2;2;2;2;2;2;2;2;1;1;1;2; ;1;3;4;3;1;3;2;1;1;2;1;1;01;17;07;17;187,236063245696
4675394;1;4;1;1;1;1;1;1;3;1; ; ;200000000;600000; ;1;1;1;1;1;1;1;1;2;1;1;2;1;1;1;2;2;2;2;2;2;1;2;2;2; ;1;1;1;4;1;3;1;1;1;2;1;1;01;17;07;17;162,995052756418
4675395;1;4;2;1;1;1;1;1;3;1; ; ;98;1500000; ;1;1;1;1;1;1;1;1;1;1;1;1;1;1;1;2;2;1;1;1;2;1;2;2;2; ;1;2;1;4;1;6;1;1;1;2;1;1;01;17;07;17;181,022396748666
4675396;1;4;1;1;1;1;1;1;3;1; ; ;120000000;500000; ;1;1;1;1;1;1;1;1;1;1;1;2;1;1;2;2;2;2;2;2;2;1;1;1;2; ;1;1;1;4;1;3;1;1;1;2;1;1;01;17;07;17;184,405729467149
4675397;1;5;3;1;1;1;1;1;3;1; ; ;280000000;1000000; ;1;1;1;1;1;1;1;1;1;1;1;1;2;1;2;2;2;1;2;1;1;1;3;3;2; ;1;2;1;4;1;6;1;1;1;2;1;1;01;17;07;17;175,154191635903
4675398;1;3;1;1;1;1;1;1;4;3; ; ; ; ;450000;2;2;2;1;1;1;1;1;1;2;1;2;2;2;2;2;2;2;2;2;2;1;1;1;2; ;1;1;1;4;1;3;2;1;1;2;1;1;01;17;07;17;184,405729467149
4675399;1;5;2;1;1;1;1;1;3;1; ; ;170000000;750000; ;1;1;1;1;1;1;1;1;1;1;1;2;1;1;2;2;2;2;1;1;2;1;3;3;2; ;1;1;1;4;1;3;1;1;1;2;1;1;01;17;07;17;185,487491983786
4675400;1;1;1;1;2;1;1;6; ;3; ; ; ; ;270000;2;1;2;2;2;2;2;2;2;2;1;2;2;2;2;2;2;2;2;2;2;2; ;1;2; ;1;3;4;3;1;3;2;1;1;2;1;1;01;17;07;17;220,805878835912
4675401;1;4;2;1;1;1;1;1;3;2; ;1800000;200000000;1500000; ;1;1;1;1;1;1;1;1;1;1;1;1;1;1;2;2;2;1;2;1;2;1;2;3;2; ;1;2;1;4;1;6;1;1;1;2;1;1;01;17;07;17;272,898802770079
4675402;1;1;1;1;2;1;1;6; ;3; ; ; ; ;270000;2;1;2;2;2;2;2;2;2;2;1;2;2;2;2;2;2;2;2;2;2;2; ;1;2; ;1;3;4;3;1;3;2;1;1;2;1;1;01;17;07;17;205,263407237944
4675403;1;3;2;1;1;1;1;1;3;3; ; ; ; ;400000;2;2;2;1;1;1;1;2;2;1;1;2;1;2;2;2;2;2;2;2;2;1;3;5;2; ;1;2;1;4;1;3;1;1;1;2;1;1;01;17;07;17;214,200325690244
4675404;1;1;1;1;2;1;1;6; ;3; ; ; ; ;300000;2;1;2;2;2;2;2;2;2;2;1;2;2;2;2;2;2;2;2;2;2;1;1;1;2; ;1;3;4;3;1;3;2;1;1;3;1;1;01;17;07;17;187,236063245696
4675405;1;5;1;1;1;1;1;1;3;1; ; ;260000000;1300000; ;1;1;1;1;1;1;1;2;1;1;1;2;1;1;1;2;2;2;2;2;2;1;1;1;2; ;1;2;1;4;1;6;1;1;1;2;1;1;01;17;07;17;187,236063245696
4675406;1;4;1;1;1;1;1;1;3;1; ; ;99;400000; ;1;1;1;1;1;1;1;2;2;1;1;2;1;1;2;2;2;2;2;2;2;1;1;1;2; ;1;2;1;4;1;3;1;1;1;2;1;1;01;17;07;17;220,805878835912
4675407;1;5;4;1;1;1;1;1;4;3; ; ; ; ;430000;1;1;1;1;1;1;1;1;2;2;1;2;1;2;2;2;2;1;2;2;2;1;4;7;2; ;1;2;4;3;1;2;2;1;1;2;1;1;01;17;07;17;254,879753232879
4675408;1;6;3;1;1;1;1;1;3;4; ; ; ;500000; ;2;1;1;1;1;1;1;1;1;2;1;2;1;1;2;2;2;1;2;2;2;1;4;4;2; ;1;2;1;4;1;3;1;1;1;2;1;1;01;17;07;17;171,664952077267
4675409;1;4;3;1;1;1;1;1;3;3; ; ; ; ;440000;2;1;2;1;1;1;1;2;1;2;1;1;1;1;2;2;2;2;2;2;2;1;3;3;2; ;1;1;1;4;1;3;1;1;1;2;1;1;01;17;07;17;244,432251589795
4675410;1;2;2;1;1;1;1;1;4;3; ; ; ; ;300000;2;1;2;2;1;2;1;2;2;2;1;2;2;2;2;2;2;2;2;2;2;1;3;4;2; ;1;2;1;4;1;2;2;1;1;2;1;1;01;17;07;17;165,644476803846
4675411;1;4;2;1;1;1;1;1;3;4; ; ; ;400000; ;2;1;2;1;1;1;1;1;2;1;1;2;1;1;1;2;1;1;1;1;2;1;2;3;2; ;1;1;1;4;1;3;1;1;1;2;1;1;01;17;07;17;291,148897849085
4675412;1;3;2;1;1;1;1;1;3;4; ; ; ;600000; ;1;1;1;1;1;1;1;1;2;1;1;1;1;1;2;2;2;2;1;2;2;1;2;4;2; ;1;2;1;4;1;3;1;1;1;2;1;1;01;17;07;17;328,375059422728
4675462;1;4;3;2;1;1;1;1;3;1; ; ;60000000;400000; ;2;1;2;1;1;1;1;2;2;2;1;2;1;2;2;2;1;1;1;2;2;1;2;6;2; ;1;1;1;2;1;1;1;2;1;3;1;1;01;23;07;23;154,66717589987
4675463;1;3;2;1;1;1;1;1;3;1; ; ;120000000;600000; ;1;1;1;1;1;1;1;1;2;2;1;2;1;1;2;2;1;1;2;1;2;1;3;4;2; ;1;1;1;2;1;1;1;1;1;3;1;1;01;23;07;23;204,900162258355
4675464;1;2;1;2;1;1;1;3;4;4; ; ; ;400000; ;2;2;2;2;1;1;1;2;2;2;1;2;2;2;2;2;1;2;1;2;2;1;1;2;2; ;1;2;1;2;1;1;2;2;1;3;1;1;01;23;07;23;177,096796641033
4675465;1;3;1;2;1;1;1;1;3;1; ; ;60000000;500000; ;2;1;2;2;1;1;1;2;2;2;1;2;2;2;2;2;2;2;2;2;2;1;1;1;2; ;1;2;1;4;1;1;1;2;1;3;1;1;01;23;07;23;120,6799367709
4675466;1;4;2;1;1;1;1;1;3;1; ; ;98;700000; ;1;1;1;1;1;1;1;2;2;2;1;2;1;1;2;1;1;2;2;2;2;1;3;3;2; ;1;1;1;4;1;1;1;1;1;3;1;1;01;23;07;23;124,680106325528
4675467;1;3;2;1;1;1;1;3;3;4; ; ; ;600000; ;1;1;1;1;1;1;1;1;2;2;1;2;1;2;2;1;1;1;1;2;2;1;4;5;2; ;1;2;1;4;1;2;1;1;1;3;1;1;01;23;07;23;160,269500102364
4675468;1;4;3;2;1;1;1;1;3;1; ; ;35000000;200000; ;2;2;2;1;1;1;1;2;2;2;1;2;1;2;2;2;1;2;1;2;2;1;2;7;1;4;1;1;1;2;1;1;1;2;1;3;1;1;01;23;07;23;107,122680640798
4675469;1;2;1;1;1;1;1;3;3;3; ; ; ; ;250000;2;1;2;2;2;1;1;1;2;2;1;2;2;2;2;2;1;1;2;2;2;1;2;3;2; ;1;1;1;4;1;1;1;1;1;3;1;1;01;23;07;23;155,815568475928
4675470;1;3;2;1;1;1;1;1;3;1; ; ;60000000;500000; ;2;1;2;2;1;1;1;2;2;2;1;2;2;2;2;2;1;1;2;2;2;2; ;4;2; ;1;2;1;4;1;1;1;1;1;3;1;1;01;23;07;23;103,852640232232
4675471;1;4;2;1;1;1;1;1;3;3; ; ; ; ;400000;2;1;2;1;1;1;1;2;2;2;1;1;2;2;2;2;1;2;1;2;2;1;2;4;2; ;1;1;1;4;1;1;1;1;1;3;1;1;01;23;07;23;153,933020006084
4675472;1;5;3;1;1;1;1;1;3;1; ; ;70000000;600000; ;2;1;2;2;1;1;1;2;2;2;1;2;2;2;2;2;1;2;2;1;2;1;2;3;2; ;1;1;1;4;1;1;1;1;1;3;1;1;01;23;07;23;133,352896963462
4675473;1;3;1;1;1;1;1;1;3;3; ; ; ; ;500000;2;1;2;1;1;1;1;1;2;2;1;2;1;2;2;2;1;1;2;2;2;1;2;2;2; ;1;2;1;2;1;2;1;1;1;3;1;1;01;23;07;23;177,096796641033
4675474;1;4;3;2;1;1;1;1;3;1; ; ;60000000;500000; ;2;1;2;1;1;1;1;2;1;2;1;2;1;1;2;2;1;1;1;2;2;1;2;5;2; ;1;1;1;4;1;1;1;1;1;3;1;1;01;23;07;23;215,128999002155
4675475;1;1;1;1;1;1;1;6; ;3; ; ; ; ;150000;2;1;2;2;2;2;2;2;2;2;1;2;2;2;2;2;1;1;2;2;2;2; ;1;2; ;1;4;1;2;1;1;1;1;1;3;1;1;01;23;07;23;159,52226776751
4675476;1;3;2;1;1;1;1;1;3;1; ; ;50000000;300000; ;1;1;1;2;1;1;1;2;2;2;1;2;1;1;2;2;1;1;1;2;2;1;1;4;2; ;1;1;1;4;1;1;1;1;1;3;1;1;01;23;07;23;153,933020006084
4675477;1;4;3;1;1;1;1;1;3;4; ; ; ;450000; ;2;1;2;1;1;1;1;2;2;2;1;2;2;2;2;2;1;1;2;2;2;1;1;5;2; ;1;1;1;2;1;1;1;1;1;3;1;1;01;23;07;23;142,023239730888
4675478;1;3;2;1;1;1;1;1;3;1; ; ;30000000;300000; ;2;2;2;2;1;1;1;2;2;2;1;2;2;2;2;2;1;2;1;2;2;1;3;5;2; ;1;1;1;4;1;1;1;1;1;3;1;1;01;23;07;23;111,341539652296
4675585;1;4;3;1;1;1;1;1;3;3; ; ; ; ;500000;2;1;1;1;1;1;1;2;2;2;1;2;2;1;2;2;1;1;1;2;2;1;4;5;2; ;1;1;1;4;1;2;1;1;1;3;1;1;01;50;07;50;196,37612071495
4675586;1;5;2;1;1;1;1;1;3;1; ; ;98;600000; ;1;1;1;1;1;1;1;2;2;2;1;2;2;1;2;2;1;2;2;2;2;1;2;3;2; ;1;1;1;4;1;3;1;1;1;3;1;2;01;50;07;50;110,525773195872
4675587;1;5;4;1;1;1;1;1;3;1; ; ;100000000;780000; ;1;1;1;1;1;1;1;2;2;2;1;2;1;1;2;2;1;2;1;2;2;1;5;6;2; ;1;1;1;4;1;3;1;1;1;3;1;1;01;50;07;50;243,946940585229
4675588;1;5;3;1;1;1;1;1;3;3; ; ; ; ;700000;1;1;1;1;1;1;1;2;2;2;1;2;1;2;2;2;1;1;2;1;2;1;2;4;2; ;1;1;1;4;1;3;1;1;1;3;1;1;01;50;07;50;275,548651302147
4675589;1;2;1;1;1;1;1;6; ;3; ; ; ; ;300000;2;2;2;2;2;1;2;2;2;2;1;2;1;2;2;2;1;1;2;2;2;1;1;2;2; ;1;2;1;4;1;3;2;1;1;3;1;2;01;50;07;50;212,735596135966
4675590;1;1;1;1;1;1;1;6; ;4; ; ; ;150000; ;2;2;2;2;2;1;1;2;2;2;1;2;2;2;2;2;1;2;2;2;2;2; ;2;2; ;1;2;1;2;1;1;2;1;1;3;1;1;01;50;07;50;227,354496291157
4675591;1;3;2;1;1;1;1;1;3;1; ; ;170000000;450000; ;2;1;1;1;1;1;1;2;2;2;1;2;2;2;2;2;1;2;1;2;2;1;2;2;2; ;1;1;1;4;1;3;1;1;1;3;1;1;01;50;07;50;170,13696908164
4675592;1;4;2;1;1;1;1;1;3;3; ; ; ; ;600000;2;1;1;1;1;1;1;2;2;2;1;1;1;1;2;2;2;2;2;2;2;1;2;3;2; ;1;2;1;4;1;3;1;1;1;3;1;2;01;50;07;50;273,936483611093
4675593;1;3;1;1;1;1;1;1;3;1; ; ;98;400000; ;2;2;2;1;1;1;1;2;2;2;1;2;2;2;2;2;1;2;2;2;2;1;1;1;2; ;1;1;1;4;1;2;1;1;1;3;1;2;01;50;07;50;157,951362707108
4675594;1;3;2;1;1;1;1;1;3;1; ; ;80000000;500000; ;2;2;2;2;1;1;1;2;2;2;2;2;2;2;2;2;2;2;2;2;2;1;2;2;2; ;1;1;1;4;1;2;1;1;1;3;1;1;01;50;07;50;160,10071219895
4675595;1;2;1;1;1;1;1;1;4;4; ; ; ;200000; ;2;2;2;2;1;1;1;2;2;2;1;2;2;2;2;2;2;2;2;2;2;2; ;1;2; ;1;2;1;2;1;1;2;1;1;3;1;1;01;50;07;50;157,951362707108
4675596;1;3;2;1;1;1;1;1;3;1; ; ;180000000;850000; ;1;1;1;1;1;1;1;1;2;2;1;2;1;1;2;2;1;2;2;2;2;1;3;3;2; ;1;1;1;4;1;3;1;1;1;3;1;1;01;50;07;50;172,510264825492
4675597;1;1;1;1;1;1;1;2;4;1; ; ;5000000;300000; ;2;2;2;2;2;2;1;2;2;2;1;2;1;2;2;2;2;2;2;2;2;1;2;2;2; ;1;4;1;2;1;2;2;1;1;3;1;2;01;50;07;50;170,517533108039
4675598;1;3;2;1;1;1;1;1;3;3; ; ; ; ;550000;2;2;1;1;1;1;1;2;2;2;1;2;2;2;2;2;1;2;1;2;2;2; ;3;2; ;1;2;1;4;1;2;1;1;1;3;1;1;01;50;07;50;273,555919584694
4675599;1;3;2;1;1;1;1;1;3;2; ;550000;60000000;450000; ;1;1;1;1;1;1;1;1;2;2;1;2;2;1;2;2;1;2;2;2;2;1;1;2;2; ;1;2;1;4;1;2;1;1;1;3;1;1;01;50;07;50;110,525773195872
4675600;1;3;2;1;1;1;1;1;3;3; ; ; ; ;550000;1;1;1;1;1;1;1;2;2;2;1;2;2;2;2;2;1;2;2;2;2;1;2;2;2; ;1;2;1;4;1;3;1;1;1;3;1;1;01;50;07;50;202,699339253275
4675601;1;3;2;1;1;1;1;1;4;3; ; ; ; ;400000;2;2;2;1;1;1;1;2;2;2;1;1;1;2;2;2;2;1;1;2;2;1;2;6;2; ;1;2;1;2;1;1;2;1;1;3;1;1;01;50;07;50;261,674799318303
4675602;1;2;2;1;1;1;1;1;3;3; ; ; ; ;500000;2;2;2;2;2;2;2;2;2;2;2;2;2;2;2;2;1;2;2;2;2;1;1;1;2; ;1;2;1;4;1;3;1;1;1;3;1;1;01;50;07;50;223,200895883586
4675603;1;5;3;1;1;1;1;1;3;1; ; ;98;800000; ;1;1;1;1;1;1;1;2;2;2;1;1;1;1;2;2;1;2;2;1;2;1;4;4;2; ;1;1;1;4;1;2;1;1;1;3;1;1;01;50;07;50;227,451116028738
4675604;1;3;2;1;1;1;1;1;3;3; ; ; ; ;420000;2;2;2;2;1;1;1;2;2;2;1;2;2;2;2;2;1;1;2;2;2;1;1;2;2; ;1;1;1;2;1;2;1;1;1;3;1;1;01;50;07;50;225,193627601038
4675605;1;4;1;1;1;1;1;6; ;1; ; ;85000000;700000; ;2;2;2;1;1;1;1;2;2;2;1;2;2;2;2;2;1;2;2;2;2;1;1;1;2; ;1;1;1;2;1;2;1;1;1;3;1;1;01;50;07;50;233,617716792675
4675606;1;4;2;1;1;1;1;1;3;1; ; ;98;400000; ;2;1;1;1;1;1;1;2;2;2;1;1;1;1;2;2;1;1;2;2;2;1;2;3;2; ;1;1;1;4;1;2;1;1;1;3;1;1;01;50;07;50;164,410930380909
4675607;1;4;1;1;1;1;1;1;3;4; ; ; ;700000; ;2;1;2;1;1;1;1;2;2;2;1;2;2;2;2;2;2;2;2;2;2;1;1;1;2; ;1;1;1;4;1;3;1;1;1;3;1;1;01;50;07;50;157,951362707108
4675608;1;3;1;1;1;1;1;1;4;1; ; ;98;600000; ;2;1;1;1;1;1;1;2;2;2;1;2;1;2;2;2;1;2;1;2;2;1;1;1;2; ;1;1;1;2;1;3;2;1;1;3;1;1;01;50;07;50;233,617716792675
4675609;1;3;2;1;1;1;1;1;3;1; ; ;70000000;400000; ;2;1;2;1;1;1;1;2;2;2;1;2;1;1;2;2;2;1;1;1;2;1;3;4;2; ;1;1;1;4;1;2;1;1;1;3;1;1;01;50;07;50;277,866137766654
4675610;1;2;1;1;1;1;1;1;3;4; ; ; ;500000; ;2;2;1;1;1;1;1;2;2;2;1;2;1;1;2;2;2;2;2;2;2;1;1;2;2; ;1;2;1;4;1;3;1;1;1;3;1;1;01;50;07;50;170,13696908164
4675611;1;4;3;1;1;1;1;1;3;3; ; ; ; ;800000;1;1;1;1;1;1;1;1;2;2;1;1;1;1;2;2;1;2;2;1;2;1;2;4;1;1;1;2;1;4;1;3;1;1;1;3;1;1;01;50;07;50;303,849948718699
4675612;1;1;1;1;1;1;1;6; ;3; ; ; ; ;320000;2;2;1;2;2;2;2;2;2;2;1;1;2;2;2;2;1;2;2;2;2;1;1;1;2; ;1;4;1;4;1;3;2;1;1;3;1;1;01;50;07;50;223,044278109197
4675613;1;3;2;1;1;1;1;1;3;3; ; ; ; ;350000;2;1;2;1;1;1;1;2;2;2;1;2;2;2;2;2;1;2;2;2;2;1;1;2;2; ;1;2;1;4;1;2;1;1;1;3;1;1;01;50;07;50;261,370313210163
4675614;1;3;2;1;1;1;1;1;3;1; ; ;50000000;350000; ;2;2;1;2;1;1;1;2;2;2;1;2;1;2;2;2;1;2;1;2;2;1;2;2;2; ;1;2;1;2;1;2;1;1;1;3;1;1;01;50;07;50;225,350245375427
4675615;1;3;2;1;1;1;1;1;3;4; ; ; ;400000; ;1;1;1;1;1;1;1;2;2;2;1;1;1;1;2;2;1;1;1;2;2;1;3;4;2; ;1;1;1;2;1;2;1;1;1;3;1;1;01;50;07;50;151,784761943171
4675616;1;6;3;1;1;1;1;1;3;1; ; ;98;1000000; ;2;1;1;1;1;1;1;2;2;2;1;2;1;1;2;2;1;2;2;1;2;1;4;4;2; ;1;1;1;4;1;3;1;1;1;3;1;2;01;50;07;50;162,20158285226
4675617;1;4;1;1;1;1;1;1;3;1; ; ;98;98; ;1;1;1;1;1;1;1;2;2;2;1;2;2;2;2;2;1;2;2;2;2;1;2;2;2; ;1;1;1;4;1;3;1;1;1;3;1;2;01;50;07;50;170,517533108039
4675618;1;4;3;1;1;1;1;1;3;1; ; ;90000000;700000; ;1;1;1;1;1;1;1;2;2;2;1;2;1;1;2;2;1;2;2;2;2;1;3;4;2; ;1;1;1;4;1;3;1;1;1;3;1;1;01;50;07;50;154,326194659688
4675619;1;3;1;1;1;1;1;1;3;1; ; ;170000000;850000; ;1;1;1;1;1;1;1;1;2;2;1;1;1;2;2;2;1;2;2;2;2;1;2;2;2; ;1;1;1;2;1;3;1;1;1;3;1;1;01;50;07;50;170,517533108039
4675620;1;3;1;1;1;1;1;6; ;1; ; ;98;600000; ;1;1;1;1;1;1;1;1;2;2;1;1;1;1;2;2;1;2;2;2;2;1;1;1;2; ;1;1;1;4;1;3;1;1;1;3;1;2;01;50;07;50;233,617716792675
4675621;1;3;1;1;1;1;1;1;3;1; ; ;98;98; ;2;2;2;1;1;1;1;2;2;2;1;2;2;2;2;2;2;2;2;2;2;1;1;1;2; ;1;1;1;4;1;3;1;1;1;3;1;2;01;50;07;50;223,200895883586
4675622;1;4;1;1;1;1;1;1;3;1; ; ;45000000;700000; ;1;1;1;1;1;1;1;2;2;2;1;2;1;1;2;2;1;2;2;2;2;1;2;2;2; ;1;2;1;4;1;3;1;1;1;3;1;1;01;50;07;50;235,767066284516
4675623;1;5;2;1;1;1;1;1;3;1; ; ;98;800000; ;2;2;2;2;1;1;1;2;2;2;1;2;2;2;2;2;2;1;2;2;2;1;2;2;2; ;1;1;1;4;1;3;1;1;1;3;1;2;01;50;07;50;170,517533108039
4675625;1;3;2;1;1;1;1;1;3;1; ; ;98;450000; ;1;1;1;1;1;1;1;1;1;1;1;1;1;1;1;2;2;2;1;1;2;1;3;3;2; ;1;2;1;4;1;3;1;1;1;6;1;1;01;52;07;52;263,472169132339
4675626;1;4;3;1;1;1;1;1;4;1; ; ;98;600000; ;1;1;1;1;1;1;1;2;1;1;1;1;1;1;2;2;2;1;2;1;2;1;2;3;2; ;1;1;1;4;1;2;2;1;1;3;1;1;01;52;07;52;121,237079482377
4675627;1;4;2;1;1;1;1;1;3;1; ; ;150000000;700000; ;1;1;1;1;1;1;1;1;1;1;1;2;1;1;2;2;2;2;1;1;2;1;3;3;2; ;1;1;1;4;1;2;1;1;1;3;1;1;01;52;07;52;181,142264242078
4675628;1;2;1;1;1;1;1;1;1;3; ; ; ; ;335000;2;2;2;1;1;1;1;2;2;1;1;1;2;1;2;2;2;2;2;2;2;1;1;2;2; ;1;2;1;4;1;2;2;1;1;3;1;1;01;52;07;52;182,773460562156
4675629;1;4;2;1;1;1;1;1;4;1; ; ;250000000;600000; ;1;1;1;1;1;1;1;2;2;2;1;2;1;1;2;2;2;1;2;2;2;1;3;4;2; ;1;1;1;4;1;3;2;1;1;3;1;1;01;52;07;52;191,085971547748
4675630;1;5;3;1;1;1;1;1;3;1; ; ;200000000;98; ;2;1;1;1;1;1;1;2;2;1;1;1;2;1;2;2;2;1;2;1;2;1;3;4;2; ;1;1;1;4;1;2;1;1;1;3;1;1;01;52;07;52;183,45135944776
4675631;1;4;3;1;1;1;1;1;4;1; ; ;98;400000; ;2;1;1;2;1;1;1;2;2;2;1;1;2;1;2;2;2;2;2;2;2;1;4;6;2; ;1;2;1;4;1;2;2;1;1;3;1;1;01;52;07;52;266,219859321638
4675632;1;3;2;1;1;1;1;1;4;3; ; ; ; ;550000;2;2;2;2;1;1;1;2;2;1;1;1;2;1;2;2;2;2;2;1;2;1;3;3;2; ;1;2;1;4;1;2;2;1;1;3;1;1;01;52;07;52;191,267565368292
4675633;1;1;1;1;1;1;1;6; ;3; ; ; ; ;170000;2;2;2;2;2;2;2;2;2;2;2;2;2;1;2;2;2;2;1;2;2;1;1;1;2; ;1;4;1;4;1;2;2;1;1;3;1;1;01;52;07;52;214,111718416747
4675634;1;6;1;1;1;1;1;1;3;1; ; ;250000000;700000; ;2;2;2;1;2;1;1;2;2;2;1;2;2;1;2;2;2;2;2;2;2;1;1;1;2; ;1;1;1;4;1;2;1;1;1;3;1;1;01;52;07;52;160,448605369787
4675635;1;5;1;1;1;1;1;1;4;1; ; ;120000000;900000; ;1;1;1;1;1;1;1;2;1;1;1;2;1;1;2;2;2;2;2;1;2;1;2;2;2; ;1;1;1;6;1;3;2;1;1;3;1;1;01;52;07;52;161,98140155631
4675636;1;6;3;1;1;1;1;1;4;2; ;760000;200000000;700000; ;2;1;1;1;1;1;1;2;1;1;1;1;1;1;2;2;2;1;2;1;1;1;3;4;2; ;1;1;1;4;1;3;2;1;1;3;1;1;01;52;07;52;220,610791292561
4675637;1;3;2;1;1;1;1;1;4;3; ; ; ; ;580000;2;1;1;2;1;1;1;1;1;1;1;1;1;1;2;2;2;2;2;2;2;1;2;2;2; ;1;1;1;4;1;3;2;1;1;3;1;1;01;52;07;52;175,85808536904
4675638;1;4;3;1;1;1;1;1;4;4; ; ; ;98; ;2;1;1;1;1;1;1;1;1;1;1;1;1;1;2;2;2;1;1;1;2;1;3;4;2; ;1;2;1;4;1;3;2;1;1;6;1;1;01;52;07;52;285,900019863491
4675639;1;5;3;1;1;1;1;1;3;1; ; ;98;98; ;2;1;1;1;1;1;1;2;2;2;1;2;1;1;2;2;2;2;2;1;2;1;4;4;2; ;1;1;1;4;1;2;1;1;1;3;1;1;01;52;07;52;197,328043260489
4675640;1;3;1;1;1;1;1;1;4;4; ; ; ;320000; ;2;1;1;1;1;1;1;2;2;1;1;2;2;1;2;2;2;1;2;2;2;1;2;2;2; ;1;2;1;4;1;2;2;1;1;3;1;1;01;52;07;52;158,714413510926
4675641;1;5;3;1;1;1;1;1;4;4; ; ; ;600000; ;2;1;1;1;1;1;1;2;1;1;1;1;1;1;2;2;2;1;2;1;2;1;2;4;2; ;1;1;1;4;1;3;2;1;1;3;1;1;01;52;07;52;237,651467611892
4675642;1;3;1;1;1;1;1;1;4;3; ; ; ; ;250000;2;1;1;2;1;1;1;2;2;1;1;2;2;1;2;2;2;2;2;2;2;1;1;1;2; ;1;2;1;6;1;2;2;1;1;3;1;1;01;52;07;52;214,111718416747
4675643;1;4;1;1;1;1;1;1;4;1; ; ;98;700000; ;1;1;2;1;2;1;1;2;2;1;1;2;2;2;1;2;2;2;2;2;2;1;1;1;2; ;1;2;1;6;1;2;2;1;1;3;1;1;01;52;07;52;160,448605369787
4675644;1;5;2;1;1;1;1;1;4;3; ; ; ; ;98;2;1;2;2;1;1;1;2;2;1;1;2;1;2;2;2;2;1;2;2;2;1;2;2;2; ;1;2;1;4;1;2;2;1;1;3;1;1;01;52;07;52;215,64451460327
4675645;1;6;4;1;1;1;1;1;4;2; ;1100000;280000000;700000; ;1;1;1;1;1;1;1;2;1;1;1;1;1;1;2;2;2;2;1;1;2;1;3;4;2; ;1;1;1;4;1;3;2;1;1;3;1;1;01;52;07;52;139,137248507856
4675646;1;5;3;1;1;1;1;1;4;1; ; ;200000000;800000; ;1;1;1;1;1;1;1;1;2;1;1;2;2;1;2;2;2;2;2;2;2;1;4;4;2; ;1;1;1;4;1;3;2;1;1;3;1;1;01;52;07;52;197,328043260489
4675647;1;3;2;1;1;1;1;1;4;1; ; ;100000000;500000; ;2;1;2;1;1;1;1;2;1;1;1;1;1;1;2;2;2;1;1;1;2;1;2;3;2; ;1;2;1;4;1;3;2;1;1;3;1;1;01;52;07;52;263,472169132339
4675648;1;2;1;1;1;4;1;1;5;5; ; ; ;50000; ;2;2;2;2;2;1;1;2;2;1;1;2;2;2;2;2;2;2;2;2;2;2; ;1;2; ;1;1;3;3;1;1;2;1;2; ;1;1;01;52;07;52;143,304933511673
4675649;1;10;3;1;1;3;1;1;4;1; ; ;98;700000; ;2;1;1;2;1;1;1;2;1;1;1;1;2;1;2;2;2;2;1;1;2;1;3;4;2; ;1;1;1;4;1;1;2;1;2; ;1;1;01;52;07;52;191,085971547748
4675650;1;4;2;1;1;1;1;1;4;1; ; ;98;500000; ;2;1;1;1;1;1;1;2;1;1;1;1;1;1;1;2;1;1;1;1;2;1;1;2;2; ;1;2;1;4;1;3;2;1;1;3;1;1;01;52;07;52;248,062689133086
4675651;1;4;1;1;1;1;1;1;4;1; ; ;98;550000; ;2;1;1;1;1;1;1;2;2;2;1;2;2;2;2;2;2;2;2;2;2;1;1;1;2; ;1;2;1;4;1;3;2;1;1;3;1;1;01;52;07;52;160,448605369787
4675652;1;5;3;1;1;1;1;1;4;2; ;850000;240000000;600000; ;1;1;1;1;1;1;1;2;1;1;1;2;1;1;2;2;2;1;2;1;1;1;1;2;2; ;1;1;1;4;1;3;2;1;1;3;1;1;01;52;07;52;182,773460562156
4675653;1;3;1;1;1;1;1;1;4;3; ; ; ; ;500000;2;2;2;2;1;1;1;2;2;1;1;1;2;1;2;2;2;1;2;1;2;1;1;1;2; ;1;2;1;4;1;3;2;1;1;3;1;1;01;52;07;52;214,111718416747
4675654;1;5;3;1;1;1;1;1;4;3; ; ; ; ;700000;2;1;1;1;1;1;1;1;2;1;1;2;2;2;2;2;2;2;2;2;2;1;1;3;2; ;1;1;1;4;1;3;2;1;1;3;1;1;01;52;07;52;216,102911438681
4675655;1;3;2;1;1;1;1;1;3;1; ; ;98;400000; ;1;2;2;2;1;1;1;2;2;1;1;2;2;2;2;2;2;2;2;2;2;1;1;2;2; ;1;2;1;4;1;2;1;1;1;3;1;1;01;52;07;52;122,194972322079
4675656;1;4;1;1;1;1;1;1;3;3; ; ; ; ;450000;2;1;1;1;1;1;1;2;2;1;1;2;2;1;2;2;2;2;1;2;2;1;1;1;2; ;1;2;1;4;1;3;1;1;1;6;1;1;01;52;07;52;200,235034604018
4675657;1;2;1;1;1;1;1;1;4;3; ; ; ; ;350000;2;2;2;2;1;1;1;2;2;1;2;2;2;2;2;2;2;2;2;2;2;1;2;3;2; ;1;2;1;5;1;2;2;1;1;3;1;1;01;52;07;52;198,959239580568
4675658;1;4;2;1;1;1;1;1;4;3; ; ; ; ;700000;2;1;1;1;1;1;1;2;1;1;1;1;1;1;2;2;2;1;2;2;2;1;1;2;2; ;1;2;1;4;1;3;2;1;1;3;1;1;01;52;07;52;248,062689133086
4675659;1;4;1;1;1;1;1;1;4;2; ;730000;120000000;500000; ;2;1;1;1;1;1;1;2;1;1;1;2;1;1;2;2;2;2;1;2;2;1;2;2;2; ;1;2;1;4;1;3;2;1;1;3;1;1;01;52;07;52;158,714413510926
4675660;1;4;1;1;1;1;1;1;4;1; ; ;120000000;600000; ;2;1;1;1;1;1;1;2;1;1;1;2;2;1;2;2;2;2;1;2;2;1;1;1;2; ;1;2;1;4;1;3;2;1;1;3;1;1;01;52;07;52;221,130089148647
4675661;1;4;3;1;1;1;1;1;4;3; ; ; ; ;400000;2;1;1;2;1;1;1;1;2;1;1;2;1;1;2;2;2;2;1;2;2;1;4;5;2; ;1;2;1;4;1;3;2;1;1;3;1;1;01;52;07;52;240,628016083884
4675662;1;4;3;1;1;1;1;1;4;3; ; ; ; ;370000;2;2;1;2;2;1;1;2;2;2;1;2;1;1;2;2;2;1;2;2;2;1;3;3;2; ;1;2;1;4;1;2;2;1;1;3;1;1;01;52;07;52;181,142264242078
4675663;1;3;2;3;1;1;1;1;4;1; ; ;98;500000; ;2;2;2;2;1;1;1;2;2;2;1;2;1;2;2;2;2;1;2;2;2;1;2;3;2; ;1;2;1;2;1;1;2;2;1;3;1;1;01;52;07;52;106,584096650489
4675664;1;4;1;1;1;1;1;1;4;4; ; ; ;500000; ;2;1;1;1;1;1;1;2;1;1;1;2;1;1;2;2;2;1;2;2;2;1;1;1;2; ;1;2;1;4;1;3;2;1;1;3;1;1;01;52;07;52;214,111718416747
4675665;1;4;1;1;1;1;1;1;4;4; ; ; ;98; ;2;2;1;1;1;1;1;2;2;1;1;2;2;2;2;2;2;2;2;2;2;1;1;1;2; ;1;1;1;4;1;2;2;1;1;3;1;1;01;52;07;52;160,448605369787
4675666;1;1;1;1;2;1;1;6; ;4; ; ; ;100000; ;2;2;2;2;2;2;2;2;2;2;1;2;2;2;2;2;2;2;2;2;2;2; ;1;2; ;1;4;1;2;1;1;2;1;1;3;1;1;01;52;07;52;214,111718416747
4675667;1;3;2;1;1;1;1;1;4;4; ; ; ;500000; ;2;1;1;2;1;1;1;2;2;2;1;2;2;1;2;2;2;2;1;2;2;1;1;2;2; ;1;1;1;4;1;4;2;1;1;3;1;1;01;52;07;52;165,732784242825
4675668;1;2;1;1;1;1;1;1;4;3; ; ; ; ;200000;2;2;2;2;2;1;1;2;2;2;1;2;2;2;2;2;2;2;2;2;2;1;1;1;2; ;1;2;1;2;1;2;2;1;1;3;1;1;01;52;07;52;143,304933511673
4675669;1;1;1;1;1;1;1;1;4;3; ; ; ; ;300000;2;1;2;2;2;2;1;2;2;2;1;2;2;2;2;2;2;2;1;2;2;1;1;2;2; ;1;2;1;4;1;2;2;1;1;3;1;1;01;52;07;52;144,837729698196
4675670;1;1;1;1;1;1;1;2;4;3; ; ; ; ;300000;2;2;2;2;1;1;1;2;2;1;1;2;2;2;2;2;2;2;2;2;2;1;1;1;2; ;1;4;1;3;1;1;2;1;1;3;1;1;01;52;07;52;214,111718416747
4675671;1;2;1;1;1;1;1;1;4;3; ; ; ; ;300000;2;1;2;2;1;2;1;2;2;1;1;2;2;2;2;2;2;2;2;2;2;1;2;2;2; ;1;2;1;4;1;2;2;1;1;3;1;1;01;52;07;52;230,297497435158
4675672;1;2;1;1;1;1;1;1;4;3; ; ; ; ;300000;2;2;2;1;2;2;1;2;2;1;2;2;2;2;2;2;2;2;2;2;2;1;1;3;2; ;1;2;1;4;1;2;2;1;1;3;1;1;01;52;07;52;205,201311293309
4675673;1;3;1;1;1;1;1;1;3;5; ; ; ;300000; ;2;2;2;2;1;1;1;2;2;2;1;2;2;2;2;2;1;2;1;2;2;1;2;2;2; ;1;1;1;4;1;1;1;1;1;3;1;2;01;54;07;54;302,72397587453
4675674;1;3;1;1;1;1;1;1;3;5; ; ; ;98; ;2;2;2;2;1;1;1;2;2;2;1;2;2;2;2;2;1;2;2;2;2;1;1;1;2; ;1;1;1;4;1;2;1;1;1;3;1;2;01;54;07;54;384,986884542497
4675675;1;5;1;1;1;1;1;1;3;1; ; ;99;400000; ;1;2;2;2;1;1;1;2;2;2;1;2;2;2;2;2;1;2;2;2;2;1;1;1;2; ;1;1;1;4;1;2;1;1;1;3;1;2;01;54;07;54;343,260217392959
4675676;1;1;1;1;1;1;1;2;4;3; ; ; ; ;180000;2;1;2;2;1;1;1;2;2;2;1;2;2;2;2;2;1;2;2;2;2;1;1;4;2; ;1;4;1;4;1;2;2;1;1;3;1;2;01;54;07;54;413,826149137003
4675677;1;3;2;1;1;1;1;1;3;3; ; ; ; ;300000;2;2;2;1;1;1;1;2;2;2;1;2;2;2;2;2;1;2;2;2;2;1;2;4;2; ;1;1;1;2;1;2;1;1;1;3;1;2;01;54;07;54;419,013915014577
4675678;1;2;1;1;1;1;1;1;4;5; ; ; ;200000; ;2;1;2;1;1;1;1;2;2;2;1;2;1;2;2;2;1;2;2;2;2;1;2;3;2; ;1;1;1;2;1;1;2;1;1;3;1;2;01;54;07;54;392,995654445569
4675679;1;5;3;1;1;1;1;1;3;1; ; ;98;450000; ;1;2;2;2;1;1;1;2;2;2;1;2;2;2;2;2;1;2;2;2;2;1;3;4;2; ;1;2;1;4;1;1;1;1;1;3;1;2;01;54;07;54;310,732745777602
4675680;1;4;2;1;2;1;1;1;3;5; ; ; ;300000; ;2;2;2;1;1;1;1;2;2;2;1;2;2;2;2;2;1;2;2;2;2;1;2;2;2; ;1;4;1;4;1;2;1;1;1;3;1;2;01;54;07;54;189,445121951213
4675681;1;2;1;1;1;1;1;1;3;4; ; ; ;200000; ;2;1;1;2;1;1;1;2;2;2;1;2;2;2;2;2;1;2;2;2;2;1;1;2;2; ;1;2;1;4;1;1;1;1;1;3;1;2;01;54;07;54;457,238996321613
4675682;1;4;1;1;1;1;1;1;3;1; ; ;99;600000; ;1;1;1;2;1;1;1;1;2;2;1;2;1;2;2;1;1;1;2;2;2;1;1;1;2; ;1;1;1;4;1;4;1;1;1;3;1;2;01;54;07;54;413,600199909075
4675683;1;2;1;1;1;1;1;1;3;5; ; ; ;300000; ;2;2;2;2;1;1;1;2;2;2;1;2;2;2;2;2;1;2;1;2;2;1;1;2;2; ;1;1;1;2;1;2;1;1;1;3;1;2;01;54;07;54;302,72397587453
4675684;1;2;1;1;1;1;1;1;4;5; ; ; ;98; ;2;2;2;2;1;1;1;2;2;2;1;2;2;2;2;2;1;2;2;2;2;2; ;1;2; ;1;1;1;4;1;2;1;1;1;3;1;2;01;54;07;54;343,260217392959
4675685;1;1;1;1;1;1;1;1;3;1; ; ;40000000;300000; ;2;2;2;2;1;1;1;2;2;2;1;2;2;2;2;2;1;2;2;2;2;1;1;2;2; ;1;2;1;4;1;2;1;1;1;3;1;2;01;54;07;54;311,652816280418
4675686;1;2;1;1;1;1;1;3;4;4; ; ; ;250000; ;2;1;2;2;1;1;1;2;2;2;1;2;2;2;2;2;1;2;1;2;2;1;1;3;2; ;1;2;1;4;1;2;2;1;1;3;1;2;01;54;07;54;358,52573713872
4675687;1;3;1;1;1;1;1;1;3;1; ; ;70000000;400000; ;1;1;1;1;1;1;1;2;2;2;1;2;1;1;2;2;1;2;2;1;2;1;2;4;2; ;1;1;1;4;1;2;1;1;1;3;1;2;01;54;07;54;431,176879866229
4675688;1;4;3;1;1;1;1;1;3;4; ; ; ;98; ;1;1;1;2;1;2;1;2;2;2;1;2;2;1;2;2;1;2;2;2;2;1;1;5;2; ;1;1;1;4;1;3;1;1;1;3;1;1;01;54;07;54;378,196122627537
4675689;1;4;2;1;1;1;1;1;3;1; ; ;99;500000; ;2;1;1;1;1;1;1;1;2;2;1;1;1;1;2;2;1;2;2;1;2;1;2;3;2; ;1;1;1;4;1;3;1;1;1;3;1;2;01;54;07;54;422,00800076054
4675690;1;4;1;1;1;1;1;1;3;1; ; ;150000000;600000; ;1;1;1;1;1;1;1;1;1;2;1;2;1;1;2;2;1;1;2;2;2;1;2;2;2; ;1;1;1;4;1;3;1;1;1;3;1;2;01;54;07;54;349,356858033031
4675691;1;3;2;1;1;1;1;1;3;3; ; ; ; ;600000;2;1;1;1;1;1;1;2;2;2;1;2;2;1;2;2;1;2;2;2;2;1;2;2;2; ;1;1;1;4;1;3;1;1;1;3;1;2;01;54;07;54;311,652816280418
4675692;1;2;1;1;1;1;1;6; ;3; ; ; ; ;250000;2;1;2;2;1;2;2;2;2;2;1;2;2;2;2;2;1;1;2;1;2;1;1;1;2; ;1;2;1;2;1;2;2;1;1;3;1;2;01;54;07;54;827,20039981815
4675694;1;3;1;1;1;1;1;3;3;4; ; ; ;500000; ;2;2;2;2;1;1;1;2;2;2;1;2;2;1;2;2;1;2;2;2;2;1;1;1;2; ;1;1;1;4;1;2;1;1;1;3;1;2;01;54;07;54;408,4124340315
4675695;1;4;3;1;1;1;1;1;3;1; ; ;98;500000; ;2;1;2;2;1;1;1;2;2;2;1;2;1;1;2;2;1;2;2;2;2;1;6;7;2; ;1;1;3;4;1;2;1;1;1;3;1;2;01;54;07;54;189,445121951213
4675696;1;2;1;1;1;1;1;1;4;3; ; ; ; ;250000;2;2;2;2;1;1;1;2;2;2;1;2;2;2;2;2;1;2;2;2;2;1;1;2;2; ;1;1;1;4;1;2;2;1;1;3;1;2;01;54;07;54;349,356858033031
4675698;1;4;2;1;1;1;1;1;3;3; ; ; ; ;300000;2;2;1;1;1;1;1;2;2;2;1;2;2;1;2;2;1;2;2;2;2;1;1;3;1;1;1;1;1;4;1;2;1;1;1;3;1;2;01;54;07;54;353,337971261145
4675699;1;2;1;1;1;1;1;1;3;2; ;99;99;500000; ;2;2;2;2;2;2;1;2;2;2;1;2;2;2;2;2;1;2;2;2;2;2; ;2;2; ;1;2;1;4;1;2;1;1;1;3;1;2;01;54;07;54;307,630190883493
4675700;1;3;1;1;1;1;1;1;3;1; ; ;98;250000; ;2;1;1;1;2;1;1;2;2;2;1;2;1;1;2;2;1;2;2;2;2;1;1;1;2; ;1;1;1;4;1;2;1;1;1;3;1;2;01;54;07;54;268,01401986788
4675764;1;4;2;1;1;1;1;1;3;3; ; ; ; ;350000;2;1;1;1;1;1;1;2;1;2;1;1;2;2;2;2;2;2;1;2;2;1;2;3;2; ;1;2;1;4;1;3;1;1;1;2;1;1;01;66;07;66;313,513508358669
4675765;1;4;2;1;1;1;1;1;3;1; ; ;140000000;500000; ;1;1;1;1;1;1;1;2;2;2;1;1;1;2;2;2;2;2;1;2;2;1;2;3;2; ;1;1;1;4;1;3;1;1;1;2;1;1;01;66;07;66;250,150495432431
4675766;1;4;2;1;1;1;1;1;3;3; ; ; ; ;450000;2;2;2;1;1;1;1;2;2;2;1;2;1;2;2;2;2;2;2;2;2;1;2;2;2; ;1;1;1;4;1;3;1;1;1;2;1;1;01;66;07;66;309,229163819405
4675767;1;3;1;1;1;1;1;1;3;4; ; ; ;600000; ;1;1;1;1;1;1;1;2;1;1;1;1;1;1;1;2;2;2;2;1;2;1;1;1;1;3;1;1;1;4;1;3;1;1;1;2;1;1;01;66;07;66;307,488760187756
4675768;1;2;2;1;2;1;1;1;4;1; ; ;120000000;400000; ;2;1;1;1;1;1;1;2;2;2;1;1;2;2;2;2;2;1;2;2;2;1;2;3;2; ;1;3;1;4;1;3;2;1;1;2;1;1;01;66;07;66;357,100483597621
4675769;1;3;2;1;2;1;1;1;4;4; ; ; ;300000; ;1;1;1;1;1;1;1;2;2;2;1;2;2;2;2;2;2;2;2;2;2;2; ;2;2; ;1;3;1;4;1;3;2;1;1;2;1;1;01;66;07;66;328,630591869054
4675770;1;4;3;1;1;1;1;1;3;3; ; ; ; ;520000;1;1;1;1;1;1;1;2;2;2;1;2;1;1;2;2;2;2;2;2;2;1;3;4;2; ;1;1;1;4;1;3;1;1;1;2;1;1;01;66;07;66;346,262205039486
4675771;1;4;1;1;1;1;1;1;3;3; ; ; ; ;1600000;2;1;1;1;1;1;1;1;1;1;1;1;1;2;2;2;1;2;2;1;2;1;1;1;2; ;1;2;1;4;1;6;1;1;1;2;1;1;01;66;07;66;447,793210758583
4675772;1;2;2;1;1;1;1;1;3;3; ; ; ; ;400000;2;1;1;1;1;1;1;2;2;2;1;2;2;2;2;2;2;2;2;2;2;1;2;2;2; ;1;2;1;4;1;2;1;1;1;2;1;1;01;66;07;66;309,229163819405
4675773;1;4;3;1;1;1;1;1;3;3; ; ; ; ;1500000;1;1;1;1;1;1;1;1;1;1;1;1;1;1;2;2;2;2;2;1;2;1;4;5;2; ;1;2;1;4;1;6;1;1;1;2;1;1;01;66;07;66;695,565061478585
4675774;1;4;2;1;1;1;1;1;3;2; ;2000000;350000000;1700000; ;1;1;1;1;1;1;1;1;1;1;1;1;1;1;2;2;1;2;2;1;2;1;2;3;2; ;1;2;1;4;1;6;1;1;1;2;1;1;01;66;07;66;627,027016717338
4675775;1;4;3;1;1;1;1;1;3;3; ; ; ; ;400000;2;1;1;1;1;1;1;2;2;2;1;2;1;1;2;2;2;1;2;2;2;1;4;5;2; ;1;2;1;4;1;2;1;1;1;2;1;1;01;66;07;66;368,62099123314
4675776;1;4;1;1;1;1;1;1;3;2; ;1300000;340000000;1500000; ;1;1;1;1;1;1;1;1;1;1;1;2;1;1;2;2;1;2;2;1;2;1;2;2;2; ;1;2;1;4;1;6;1;1;1;2;1;1;01;66;07;66;482,502389002893
4675777;1;5;2;1;1;1;1;1;3;2; ;500000;460000000;1500000; ;1;1;1;1;1;1;1;1;1;1;1;1;1;1;2;2;1;2;1;1;1;1;3;3;2; ;1;2;1;4;1;6;1;1;1;2;1;1;01;66;07;66;500,300990864863
4675778;1;4;1;1;1;1;1;1;3;3; ; ; ; ;1400000;1;1;1;1;1;1;1;1;1;1;1;1;1;1;2;2;1;1;2;1;2;1;1;1;2; ;1;2;1;4;1;6;1;1;1;2;1;1;01;66;07;66;622,552005493798
4675779;1;5;2;1;1;1;1;1;3;1; ; ;85000000;450000; ;1;1;1;1;1;1;1;1;1;2;1;1;1;1;2;2;2;1;1;1;2;1;3;3;2; ;1;1;1;4;1;2;1;1;1;2;1;1;01;66;07;66;185,959768673615
4675780;1;3;2;1;1;1;1;1;3;3; ; ; ; ;350000;2;2;2;1;1;1;1;2;2;2;1;2;1;2;2;2;2;1;2;2;2;1;4;4;2; ;1;1;1;4;1;2;1;1;1;2;1;1;01;66;07;66;248,103656504938
4675781;1;3;2;1;1;1;1;1;3;1; ; ;80000000;400000; ;2;1;1;1;1;1;1;1;2;2;1;2;1;2;2;2;1;1;1;2;2;1;2;3;2; ;1;1;1;4;1;3;1;1;1;2;1;1;01;66;07;66;386,159523308655
4675782;1;5;3;1;1;1;1;1;3;3; ; ; ; ;1200000;2;1;1;1;1;1;1;1;1;1;1;1;1;1;2;2;1;1;2;1;1;1;2;3;2; ;1;2;1;4;1;6;1;1;1;2;1;1;01;66;07;66;707,066637940643
4675783;1;4;3;1;1;1;1;1;4;3; ; ; ; ;450000;2;2;2;2;1;1;1;2;2;2;1;2;2;2;2;2;2;2;2;2;2;1;3;3;2; ;1;2;1;4;1;3;2;1;1;2;1;1;01;66;07;66;185,739690741772
4675784;1;2;1;1;1;1;1;1;4;3; ; ; ; ;240000;2;2;2;2;1;1;1;2;2;2;1;2;2;2;2;2;2;2;2;2;2;2; ;1;2; ;1;2;1;4;1;3;2;1;1;2;1;1;01;66;07;66;311,276002746899
4675785;1;3;2;1;1;1;1;1;4;3; ; ; ; ;360000;2;2;2;2;1;2;1;2;2;2;1;2;1;2;2;2;2;2;2;2;2;1;3;5;2; ;1;2;1;4;1;3;2;1;1;2;1;1;01;66;07;66;300,033703303561
4675786;1;5;4;1;1;1;1;1;3;1; ; ;100000000;500000; ;2;1;1;1;1;1;1;1;2;2;1;2;2;1;2;2;1;1;2;2;2;1;5;5;2; ;1;2;1;4;1;3;1;1;1;2;1;1;01;66;07;66;216,441548495096
4675787;1;5;2;1;1;1;1;1;3;3; ; ; ; ;250000;1;1;2;1;1;1;1;2;2;2;1;2;2;2;2;2;2;2;2;2;2;1;2;3;2; ;1;1;1;4;1;3;1;1;1;2;1;1;01;66;07;66;317,961476058853
4675788;1;4;2;1;1;1;1;1;3;3; ; ; ; ;350000;2;1;1;1;1;1;1;1;2;2;1;2;1;1;2;2;1;1;2;2;2;1;2;2;2; ;1;2;1;4;1;3;1;1;1;2;1;1;01;66;07;66;252,197334359925
4675789;1;5;3;1;1;1;1;1;3;1; ; ;50000000;350000; ;2;1;2;1;1;1;1;2;2;2;1;2;2;2;2;2;2;2;2;2;2;1;2;2;2; ;1;2;1;4;1;3;1;1;1;2;1;1;01;66;07;66;236,583148869419
4675790;1;3;2;1;1;1;1;1;3;3; ; ; ; ;360000;2;1;2;1;1;1;1;2;2;2;1;2;2;2;2;2;2;2;2;2;2;1;2;3;2; ;1;2;1;4;1;3;1;1;1;2;1;1;01;66;07;66;238,98427764211
4675791;1;6;3;1;1;1;1;1;3;4; ; ; ;400000; ;1;1;1;1;1;1;1;2;2;2;1;2;2;2;2;2;2;2;1;1;2;1;3;5;2; ;1;1;1;4;1;3;1;1;1;2;1;1;01;66;07;66;268,805332322549
4675792;1;3;2;1;1;1;1;1;3;4; ; ; ;300000; ;2;1;2;1;1;1;1;2;2;2;1;1;1;2;2;2;2;2;1;2;2;1;2;4;2; ;1;2;1;4;1;1;1;1;1;2;1;1;01;66;07;66;262,890128162865
4675793;1;3;2;1;1;1;1;1;3;1; ; ;98;350000; ;1;1;2;1;1;1;1;2;2;2;1;2;1;1;2;2;2;2;1;2;2;1;3;5;2; ;1;2;1;4;1;1;1;1;1;2;1;1;01;66;07;66;220,448868986082
4675794;1;3;2;1;1;1;1;1;3;1; ; ;30000000;250000; ;2;1;1;1;1;1;1;2;2;2;1;2;2;2;2;2;2;2;1;2;2;1;3;4;2; ;1;2;1;4;1;1;1;1;1;2;1;1;01;66;07;66;237,15751664646
4675795;1;4;3;1;1;1;1;1;3;3; ; ; ; ;650000;1;1;1;1;1;1;1;1;2;1;1;2;1;1;2;2;2;1;2;1;2;1;4;4;2; ;1;2;1;4;1;4;1;1;1;2;1;1;01;66;07;66;146,960706812372
4675796;1;4;2;1;1;1;1;1;3;3; ; ; ; ;700000;1;1;1;1;1;1;1;2;2;1;1;1;1;2;1;2;2;1;2;1;1;1;2;3;2; ;1;2;1;4;1;4;1;1;1;2;1;1;01;66;07;66;337,919133479816
4675797;1;4;2;1;1;1;1;1;3;3; ; ; ; ;290000;2;1;1;1;1;1;1;2;2;2;1;1;1;1;2;2;2;2;1;2;2;1;2;3;2; ;1;2;1;4;1;1;1;1;1;2;1;1;01;66;07;66;313,513508358669
4675798;1;3;2;1;1;1;1;1;3;3; ; ; ; ;270000;2;2;2;1;1;1;1;2;2;2;1;2;1;2;2;2;2;1;2;2;2;1;2;3;2; ;1;1;1;4;1;1;1;1;1;2;1;1;01;66;07;66;416,896331896559
4675799;1;5;4;1;1;1;1;1;3;3; ; ; ; ;220000;1;1;1;1;1;2;1;2;2;2;1;2;2;2;2;2;2;2;2;2;2;1;3;7;2; ;1;2;1;2;1;1;1;1;1;2;1;1;01;66;07;66;463,515258456165
4675800;1;4;1;1;1;1;1;1;3;1; ; ;150000000;550000; ;1;1;1;1;1;1;1;2;1;1;1;2;2;2;2;2;2;2;2;2;2;1;1;1;1;2;1;2;1;4;1;4;1;1;1;2;1;1;01;66;07;66;311,276002746899
4675801;1;6;3;1;1;1;1;1;3;1; ; ;50000000;300000; ;1;2;1;1;1;1;1;2;2;2;1;1;1;1;2;2;2;1;2;2;2;1;3;3;2; ;1;1;1;2;1;1;1;1;1;2;1;1;01;66;07;66;239,204355573953
4675802;1;4;2;1;1;1;1;1;3;3; ; ; ; ;780000;1;1;1;1;1;1;1;2;2;1;1;2;1;1;2;2;2;2;2;2;2;1;2;3;2; ;1;2;1;4;1;4;1;1;1;2;1;1;01;66;07;66;313,513508358669
4675803;1;4;3;1;1;1;1;1;3;1; ; ;25000000;250000; ;2;2;2;2;1;1;1;2;2;2;1;2;2;2;2;2;2;1;2;2;2;1;1;3;1;1;1;1;1;2;1;1;1;1;1;2;1;1;01;66;07;66;272,899010177536
4675804;1;3;2;1;1;1;1;1;4;3; ; ; ; ;100000;2;1;1;1;1;1;1;2;2;2;1;2;2;1;2;2;2;2;1;2;2;1;4;4;2; ;1;1;1;3;1;1;2;1;1;2;1;1;01;66;07;66;271,95305225477
4675805;1;2;1;1;1;1;1;1;3;3; ; ; ; ;200000;2;1;2;2;1;1;1;2;2;2;1;2;1;2;2;2;2;2;2;2;2;1;2;3;2; ;1;2;1;2;1;1;1;1;1;2;1;1;01;66;07;66;269,331845550237
4675806;1;3;1;1;1;1;1;1;3;1; ; ;26000000;250000; ;2;2;2;2;1;1;1;2;2;2;1;2;2;2;2;2;2;2;2;2;2;1;2;2;2; ;1;2;1;2;1;1;1;1;1;2;1;1;01;66;07;66;241,251194501447
4675807;1;4;2;1;1;1;1;1;3;1; ; ;160000000;500000; ;1;1;1;1;1;1;1;1;2;1;1;1;1;1;2;2;2;2;2;1;2;1;2;3;2; ;1;1;1;5;1;2;1;1;1;2;1;1;01;66;07;66;253,937737991574
4675808;1;3;1;1;1;1;1;1;3;1; ; ;120000000;450000; ;1;1;2;1;1;1;1;2;2;2;1;2;2;2;2;2;2;2;2;2;2;1;1;1;2; ;1;2;1;4;1;2;1;1;1;2;1;1;01;66;07;66;311,276002746899
4675809;1;4;1;1;1;1;1;1;3;1; ; ;60000000;400000; ;2;2;2;2;1;1;1;2;2;2;1;2;1;2;2;2;2;2;2;2;2;1;1;1;2; ;1;1;1;4;1;2;1;1;1;2;1;1;01;66;07;66;223,896605379292
4675810;1;2;2;1;1;1;1;2;3;3; ; ; ; ;350000;2;1;2;2;1;1;1;2;2;2;2;2;2;2;2;2;2;2;2;2;2;1;2;2;2; ;1;2;1;4;1;2;1;1;1;2;1;1;01;66;07;66;255,764498987224
4675811;1;5;1;1;1;1;1;1;3;1; ; ;400000000;16000000; ;1;1;1;1;1;1;1;1;1;1;1;1;1;1;2;2;1;2;2;1;1;1;2;2;2; ;1;2;1;4;1;6;1;1;1;2;1;1;01;66;07;66;482,502389002893
4675812;1;4;1;1;1;1;1;1;3;4; ; ; ;600000; ;1;1;1;1;1;1;1;1;2;2;1;2;1;2;2;2;2;2;2;2;2;1;2;2;1;2;1;2;1;4;1;4;1;1;1;2;1;1;01;66;07;66;241,251194501447
4675813;1;4;3;1;1;1;1;1;3;3; ; ; ; ;680000;1;1;1;1;1;1;1;1;2;1;1;2;1;1;2;2;2;1;1;2;2;1;3;4;2; ;1;2;1;4;1;4;1;1;1;2;1;1;01;66;07;66;355,053644670128
4675814;1;4;3;1;1;1;1;1;3;3; ; ; ; ;550000;2;1;1;1;1;1;1;2;2;1;1;2;2;1;2;2;2;1;2;2;2;1;3;3;2; ;1;2;1;4;1;4;1;1;1;2;1;1;01;66;07;66;269,331845550237
4675815;1;4;2;1;1;1;1;1;3;3; ; ; ; ;560000;1;1;1;1;1;1;1;1;1;1;1;2;1;1;1;2;1;2;2;1;2;1;2;2;2; ;1;2;1;4;1;4;1;1;1;2;1;1;01;66;07;66;255,764498987224
4675816;1;3;2;1;1;1;1;1;3;2; ;600000;110000000;600000; ;1;1;1;1;1;1;1;2;2;1;1;2;2;1;2;2;2;2;2;1;2;1;2;4;2; ;1;2;1;4;1;4;1;1;1;2;1;1;01;66;07;66;330,648019548981
4675817;1;5;3;1;1;1;1;1;3;1; ; ;98;800000; ;1;1;1;1;1;1;1;2;2;2;1;2;2;2;2;2;2;2;2;1;2;1;3;3;2; ;1;2;1;4;1;4;1;1;1;3;1;1;01;68;07;68;500,788353192958
4675818;1;5;2;1;1;1;1;1;3;1; ; ;98;98; ;1;1;1;1;1;1;1;1;1;2;1;2;1;2;2;2;2;2;2;1;2;1;1;4;2; ;1;1;1;4;1;3;1;1;1;3;1;1;01;68;07;68;498,112876456908
4675819;1;4;2;1;1;1;1;1;3;1; ; ;98;800000; ;1;1;1;1;1;1;1;1;2;2;1;1;1;1;2;2;1;2;1;2;2;1;2;3;2; ;1;2;1;4;1;4;1;1;1;3;1;1;01;68;07;68;487,859455993281
4675820;1;6;4;1;1;1;1;1;3;1; ; ;350000000;900000; ;1;1;1;1;1;1;1;2;2;2;1;2;1;1;2;2;1;2;2;1;2;1;5;5;2; ;1;1;1;4;1;3;1;1;1;3;1;1;01;68;07;68;477,455295139992
4675821;1;4;2;1;1;1;1;1;3;4; ; ; ;250000; ;1;2;2;1;1;1;1;2;2;2;1;1;2;2;2;2;2;1;2;2;2;1;3;4;2; ;1;1;1;2;1;2;1;1;1;3;1;1;01;68;07;68;526,600558894698
4675822;1;1;1;3;1;1;6;2;4;5; ; ; ;50000; ;2;1;2;2;2;2;1;2;2;2;1;2;1;2;2;2;2;1;2;2;2;2; ;1;2; ;1;1;5;1;1;2;2;2;1;3;2; ;01;68;07;68;535,016107626794
4675823;1;4;3;1;1;1;1;1;3;5; ; ; ;300000; ;1;1;1;1;1;1;1;2;2;2;1;1;1;2;2;2;1;1;1;2;2;1;3;4;2; ;1;1;1;2;1;2;1;1;1;3;1;1;01;68;07;68;562,243586859577
4675824;1;4;1;1;1;1;1;1;3;2; ;98;98;98; ;2;1;2;1;1;1;1;2;2;2;1;2;2;2;2;2;2;2;2;2;2;1;1;1;2; ;1;1;1;4;1;3;1;1;1;3;1;1;01;68;07;68;535,016107626794
4675825;1;4;3;1;1;1;1;1;3;3; ; ; ; ;780000;1;1;1;1;1;1;1;1;2;2;1;2;2;2;2;2;2;2;2;2;2;1;3;4;2; ;1;2;1;4;1;4;1;1;1;3;1;1;01;68;07;68;355,605632791535
4675826;1;4;2;1;1;1;1;1;3;1; ; ;98;1000000; ;1;1;1;1;1;1;1;2;2;2;1;2;2;1;2;2;2;2;1;2;2;1;2;3;2; ;1;1;1;4;1;3;1;1;1;3;1;1;01;68;07;68;599,884098216296
4675827;1;1;1;1;1;1;1;6; ;5; ; ; ;50000; ;2;2;2;2;2;2;2;2;2;2;2;2;2;2;2;2;2;2;2;2;2;1;1;2;2; ;1;1;5;1;2; ;2;1;1;3;1;1;01;68;07;68;501,657052261685
4675828;1;5;1;1;1;1;1;1;3;4; ; ; ;800000; ;2;1;2;1;1;1;1;1;1;2;1;1;2;1;1;2;1;2;2;1;2;1;1;1;2; ;1;2;1;4;1;4;1;1;1;3;1;1;01;68;07;68;482,704831608457
4675829;1;4;2;1;1;1;1;1;3;3; ; ; ; ;700000;1;1;2;1;1;1;1;2;2;2;1;2;2;2;2;2;2;2;2;2;2;1;2;2;2; ;1;2;1;4;1;4;1;1;1;3;1;1;01;68;07;68;571,578071457438
4675829;2;2;1;1;1;1;1;1;3;3; ; ; ; ;300000;2;1;2;1;1;1;1;2;2;2;1;2;2;2;2;2;2;2;2;2;2;1;1;1;2; ;2;2;1;4;1;4;1;1;1;3;1;1;01;68;07;68;571,578071457438
4675830;1;4;3;1;1;1;1;1;3;3; ; ; ; ;1200000;1;1;1;1;1;1;1;2;2;2;1;2;2;1;2;2;1;2;2;1;2;1;3;3;2; ;1;2;1;4;1;4;1;1;1;3;1;1;01;68;07;68;571,396415778505
4675831;1;5;1;1;1;1;1;1;3;4; ; ; ;800000; ;1;1;1;1;1;1;1;1;2;2;1;2;1;2;2;2;1;2;2;1;2;1;2;2;2; ;1;1;1;4;1;3;1;1;1;3;1;1;01;68;07;68;426,585878005594
4675832;1;5;4;1;1;1;1;1;3;1; ; ;300000000;900000; ;1;1;1;1;1;1;1;1;1;2;1;2;1;1;2;2;2;2;2;1;2;1;4;6;2; ;1;1;1;4;1;3;1;1;1;3;1;1;01;68;07;68;345,772246141124
4675833;1;4;2;1;1;1;1;1;3;1; ; ;98;1500000; ;2;1;2;1;1;1;1;1;2;2;1;2;2;2;2;2;1;2;2;2;2;1;2;2;1;1;1;1;1;4;1;4;1;1;1;3;1;1;01;68;07;68;444,882664572805
4675834;1;2;2;1;1;1;1;1;4;3; ; ; ; ;200000;2;2;2;2;1;1;1;2;2;2;1;2;2;2;2;2;2;2;2;2;2;1;2;4;2; ;1;1;1;2;1;2;2;1;1;3;1;1;01;68;07;68;450,218944636563
4675835;1;4;2;1;1;1;1;1;3;3; ; ; ; ;1500000;1;2;1;1;1;1;1;2;2;2;1;1;2;1;2;2;1;1;1;2;2;1;3;4;2; ;1;1;1;4;1;4;1;1;1;3;1;1;01;68;07;68;461,360385676685
4675836;1;5;2;1;1;1;1;1;3;3; ; ; ; ;800000;2;2;2;1;1;1;1;1;1;2;1;2;1;2;2;2;1;2;2;2;2;1;3;3;2; ;1;2;1;4;1;4;1;1;1;3;1;1;01;68;07;68;599,884098216296
4675837;1;4;1;1;1;1;1;1;4;3; ; ; ; ;500000;1;1;1;1;2;2;1;2;2;1;1;2;2;1;2;2;1;2;2;2;2;1;1;1;2; ;1;2;3;2;1;2;2;1;1;3;1;1;01;68;07;68;647,040749849809
4675838;1;5;3;1;1;1;1;1;3;2; ;1400000;230000000;1200000; ;1;1;1;1;1;1;1;2;1;1;1;1;1;1;2;2;1;2;2;2;2;1;3;4;2; ;1;2;1;4;1;4;1;1;1;6;1;1;01;68;07;68;260,263499322054
4675839;1;4;3;1;1;1;1;1;3;3; ; ; ; ;875000;1;2;1;1;1;1;1;2;2;2;1;2;2;1;2;2;1;2;2;2;2;1;5;6;2; ;1;1;1;4;1;2;1;1;1;3;1;1;01;68;07;68;303,966547979712
4675840;1;5;3;1;1;1;1;1;3;2; ;1080000;250000000;1000000; ;1;1;1;1;1;1;1;2;2;2;1;2;1;1;2;2;1;2;1;1;2;1;3;4;2; ;1;1;1;4;1;3;1;1;1;3;1;1;01;68;07;68;590,530292110666
4675841;1;4;2;1;1;1;1;1;3;1; ; ;180000000;1000000; ;1;1;1;1;1;1;1;1;1;2;1;1;1;1;1;2;1;2;2;1;2;1;2;2;2; ;1;2;1;4;1;4;1;1;1;6;1;1;01;68;07;68;538,610520228609
4675842;1;4;2;1;2;1;1;1;3;3; ; ; ; ;550000;1;1;1;1;1;1;1;1;2;2;1;2;2;1;2;2;2;2;1;2;2;1;1;2;2; ;1;1;1;4;1;3;1;1;1;3;1;1;01;68;07;68;571,578071457438
4675842;2;1;1;1;2;1;1;1;3;3; ; ; ; ;250000;1;1;1;1;1;1;1;1;2;2;1;2;2;1;2;2;2;2;2;2;2;1;1;1;2; ;2;1;1;4;1;3;1;1;1;3;1;1;01;68;07;68;571,578071457438
4675843;1;3;2;1;1;1;1;1;3;4; ; ; ;98; ;1;1;1;1;1;1;1;1;2;2;1;2;2;2;2;2;2;2;2;2;2;1;3;4;2; ;1;2;1;4;1;4;1;1;1;3;1;1;01;68;07;68;432,872703238894
4675844;1;4;1;1;1;1;1;1;4;2; ;1000000;99;800000; ;2;2;2;2;2;2;1;1;2;2;2;2;2;2;2;2;1;2;2;2;2;1;1;1;2; ;1;2;1;4;1;3;2;1;1;3;1;1;01;68;07;68;647,040749849809
4675845;1;4;3;1;1;1;1;1;3;3; ; ; ; ;700000;1;1;1;1;1;1;1;2;2;2;1;2;2;2;2;2;2;2;1;2;2;1;3;5;2; ;1;2;1;4;1;3;1;1;1;3;1;1;01;68;07;68;1218,60171416992
4675846;1;4;3;1;1;1;1;1;3;3; ; ; ; ;700000;1;1;1;1;1;1;1;2;2;2;1;2;1;2;2;2;1;1;2;1;2;1;4;6;2; ;1;2;1;4;1;3;1;1;1;6;1;1;01;68;07;68;972,205830245993
4675847;1;5;3;1;1;1;1;1;3;3; ; ; ; ;770000;1;1;1;1;1;1;1;1;2;1;1;1;1;1;2;2;2;1;1;1;2;1;4;4;1;1;1;2;1;4;1;3;1;1;1;5;1;1;01;68;07;68;1181,46253859474
4675848;1;4;2;1;1;1;1;1;3;3; ; ; ; ;750000;2;1;1;1;1;1;1;2;1;2;1;1;1;2;2;2;1;2;1;2;2;1;3;3;2; ;1;2;1;4;1;3;1;1;1;6;1;1;01;68;07;68;1247,41538359369
4675849;1;3;1;1;2;1;1;1;3;1; ; ;98;600000; ;1;1;2;1;1;1;1;2;2;2;1;2;2;2;2;2;2;2;2;2;2;1;1;1;2; ;1;1;1;4;1;3;1;1;1;3;1;1;01;68;07;68;500,788353192958
4675849;2;1;1;1;2;1;1;1;3;3; ; ; ; ;100000;1;1;2;1;1;1;1;2;2;2;1;2;2;2;2;2;2;2;2;2;2;1;2;2;2; ;2;1;1;4;1;3;1;1;1;3;1;1;01;68;07;68;500,788353192958
4675850;1;4;3;1;1;1;1;1;3;3; ; ; ; ;800000;1;1;1;1;1;1;1;1;1;1;1;2;1;1;2;2;2;2;2;1;2;1;3;4;2; ;1;2;1;4;1;4;1;1;1;6;1;1;01;68;07;68;519,740573846185
4675851;1;4;2;1;1;1;1;1;3;3; ; ; ; ;1000000;1;1;1;1;1;1;1;2;2;1;1;2;2;1;2;2;1;2;2;2;2;1;2;2;2; ;1;2;1;4;1;4;1;1;1;6;1;1;01;68;07;68;374,45625766619
4675852;1;3;1;1;1;1;1;1;3;3; ; ; ; ;900000;1;1;2;2;1;1;1;2;2;1;1;2;2;2;2;2;1;2;2;2;2;2; ;1;2; ;1;2;1;4;1;4;1;1;1;6;1;1;01;68;07;68;412,096769022909
4675853;1;4;2;1;1;1;1;1;3;1; ; ;99;99; ;2;1;2;2;1;2;1;2;2;2;1;2;2;2;2;2;2;2;1;2;2;1;1;5;2; ;1;1;1;4;1;3;1;1;1;3;1;1;01;68;07;68;317,764144248115
4675854;1;5;1;1;1;1;1;1;3;1; ; ;99;99; ;1;1;2;1;1;1;1;2;2;2;1;1;1;2;2;2;1;2;2;2;2;1;1;1;2; ;1;1;1;4;1;2;1;1;1;3;1;1;01;68;07;68;535,016107626794
4675855;1;4;2;1;1;1;1;1;3;4; ; ; ;550000; ;1;1;1;2;1;1;1;2;2;2;1;2;2;2;2;2;2;2;2;2;2;1;1;2;2; ;1;2;1;4;1;3;1;1;1;3;1;1;01;68;07;68;269,305260114305
4675856;1;4;2;1;1;1;1;1;3;1; ; ;160000000;800000; ;1;1;1;1;1;1;1;1;2;2;1;2;1;1;2;2;1;2;2;2;2;1;2;3;2; ;1;2;1;4;1;3;1;1;1;3;1;1;01;68;07;68;221,103593918378
4675857;1;3;2;1;1;1;1;1;3;3; ; ; ; ;550000;2;1;1;2;1;1;1;2;2;2;1;2;2;2;2;2;2;2;2;2;2;1;2;2;2; ;1;2;1;4;1;3;1;1;1;3;1;1;01;68;07;68;236,685173505298
4675858;1;4;1;1;1;1;1;1;3;1; ; ;98;98; ;1;1;1;1;1;1;1;1;2;2;1;2;2;2;2;2;1;2;2;2;1;1;2;2;2; ;1;2;1;4;1;3;1;1;1;3;1;1;01;68;07;68;213,292939002797
4675859;1;4;3;1;1;1;1;1;3;3; ; ; ; ;650000;1;1;1;1;1;1;1;2;2;2;1;2;1;1;2;2;1;2;2;2;2;1;3;3;2; ;1;2;1;4;1;2;1;1;1;3;1;1;01;68;07;68;417,251393407733
4675860;1;3;2;1;2;1;1;1;3;3; ; ; ; ;570000;2;1;1;1;2;1;1;2;2;2;1;1;1;2;2;2;1;2;2;2;2;2; ;2;2; ;1;2;1;4;1;2;1;1;1;3;1;1;01;68;07;68;568,720939042455
4675860;2;1;1;1;2;1;1;1;3;3; ; ; ; ;230000;2;2;2;2;2;1;1;2;2;2;1;2;2;2;2;2;1;2;2;2;2;1;1;2;2; ;2;2;1;4;1;2;1;1;1;3;1;1;01;68;07;68;568,720939042455
4675861;1;4;1;1;1;1;1;1;3;1; ; ;99;500000; ;1;1;2;1;1;1;1;2;2;2;1;1;2;2;2;2;2;2;2;2;2;1;1;1;2; ;1;2;1;4;1;3;1;1;1;3;1;1;01;68;07;68;412,096769022909
4675862;1;5;3;1;1;1;1;1;3;2; ;690000;99;650000; ;1;1;1;1;1;1;1;2;1;2;1;1;2;1;2;2;2;2;1;2;2;1;4;7;2; ;1;1;1;4;1;2;1;1;1;3;1;1;01;68;07;68;455,121411628089
4675863;1;5;2;1;1;1;1;1;3;3; ; ; ; ;560000;1;1;1;1;1;1;1;1;2;2;1;2;1;1;2;2;2;2;1;1;2;1;3;3;2; ;1;2;1;4;1;2;1;1;1;3;1;1;01;68;07;68;571,396415778505
4675864;1;5;3;1;1;1;1;1;3;3; ; ; ; ;600000;2;1;2;2;2;2;1;2;2;2;1;1;1;2;2;2;1;2;1;2;2;1;3;4;2; ;1;1;1;4;1;3;1;1;1;3;1;1;01;68;07;68;590,530292110666
4675865;1;5;1;1;1;1;1;1;3;4; ; ; ;600000; ;1;1;1;1;1;1;1;2;2;2;1;2;1;2;2;2;1;2;2;2;2;1;1;1;2; ;1;1;1;4;1;2;1;1;1;3;1;1;01;68;07;68;412,096769022909
4675866;1;3;1;1;1;1;1;1;3;4; ; ; ;98; ;1;1;2;2;1;1;1;2;2;1;1;2;2;2;2;2;2;2;2;2;2;2; ;1;2; ;1;2;1;4;1;2;1;1;1;3;1;1;01;68;07;68;412,096769022909
4675883;1;3;1;1;1;1;1;1;3;1; ; ;98;300000; ;1;2;2;1;1;1;1;2;2;2;1;2;1;2;2;2;2;2;2;2;2;1;1;1;2; ;1;2;1;4;1;2;1;1;1;3;1;1;01;73;07;73;231,380335153257
4675884;1;1;1;1;1;1;1;1;3;3; ; ; ; ;260000;1;1;2;2;2;1;1;2;2;2;1;2;2;2;2;2;2;2;2;2;2;1;1;1;2; ;1;2;1;4;1;2;1;1;1;3;1;1;01;73;07;73;290,793390137876
4675885;1;4;1;1;1;1;1;1;3;1; ; ;110000000;500000; ;2;2;2;2;1;1;1;2;2;2;1;2;2;2;2;2;2;1;2;2;2;1;1;1;2; ;1;2;1;4;1;3;1;1;1;3;1;1;01;73;07;73;306,970197784122
4675886;1;3;2;1;1;1;1;1;3;3; ; ; ; ;500000;2;1;2;1;1;1;1;1;2;2;1;2;2;2;2;2;2;2;2;2;2;1;2;2;2; ;1;2;1;4;1;3;1;1;1;3;1;1;01;73;07;73;252,628127767992
4675887;1;3;1;1;1;1;1;1;3;3; ; ; ; ;600000;1;1;1;1;1;1;1;1;2;2;1;2;1;1;2;2;2;1;2;2;2;1;1;1;2; ;1;2;1;4;1;3;1;1;1;3;1;1;01;73;07;73;306,970197784122
4675888;1;3;1;1;1;1;1;1;3;1; ; ;180000000;500000; ;1;1;2;1;1;1;1;2;2;2;1;2;1;2;2;2;1;2;2;2;2;1;1;2;2; ;1;1;1;4;1;2;1;1;1;3;1;2;01;73;07;73;249,562895331605
4675889;1;3;2;1;1;1;1;1;3;1; ; ;98;500000; ;1;1;2;1;1;1;1;2;2;2;1;2;2;2;2;2;2;2;2;2;2;1;2;2;2; ;1;2;1;4;1;3;1;1;1;3;1;1;01;73;07;73;249,562895331605
4675890;1;1;1;1;1;1;1;1;3;3; ; ; ; ;750000;2;1;2;1;1;1;1;1;2;2;1;2;1;2;2;2;1;2;1;2;2;1;2;3;2; ;1;2;1;2;1;2;1;1;1;3;1;1;01;73;07;73;279,229285826074
4675891;1;2;2;1;1;1;1;1;3;3; ; ; ; ;300000;2;1;2;1;1;1;1;2;2;2;1;2;2;2;2;2;1;2;2;2;2;1;2;2;2; ;1;2;1;4;1;2;1;1;1;3;1;2;01;73;07;73;249,562895331605
4675892;1;2;1;1;2;1;1;1;3;3; ; ; ; ;350000;2;1;2;1;1;1;1;2;2;2;1;2;2;2;2;2;1;2;2;2;2;1;1;1;2; ;1;4;1;4;1;2;1;1;1;3;1;1;01;73;07;73;231,380335153257
4675893;1;3;2;1;1;1;1;1;3;3; ; ; ; ;370000;2;1;2;1;1;1;1;1;2;2;1;1;2;2;2;2;1;1;2;2;2;1;2;4;2; ;1;2;1;4;1;2;1;1;1;2;1;2;01;73;07;73;330,46105985632
4675894;1;4;3;1;1;1;1;1;3;1; ; ;120000000;600000; ;1;1;1;1;1;1;1;1;2;2;1;1;1;1;2;2;2;1;1;1;2;1;4;4;2; ;1;2;1;4;1;2;1;1;1;3;1;1;01;73;07;73;187,605907964337
4675895;1;3;2;1;1;1;1;1;3;4; ; ; ;600000; ;1;1;1;1;1;1;1;1;2;2;1;2;1;2;2;2;2;1;1;1;2;1;2;3;2; ;1;2;1;4;1;2;1;1;1;2;1;1;01;73;07;73;277,584804201451
4675896;1;3;2;1;1;1;1;1;3;3; ; ; ; ;400000;2;1;2;2;1;1;1;1;2;2;1;1;2;2;2;2;1;2;2;2;2;1;1;2;2; ;1;2;1;4;1;2;1;1;1;3;1;1;01;73;07;73;243,225436376856
4675897;1;3;1;1;1;1;1;1;3;3; ; ; ; ;450000;2;1;2;1;1;1;1;1;2;2;1;1;2;1;2;2;2;2;1;2;2;1;2;2;2; ;1;2;1;4;1;3;1;1;1;3;1;2;01;73;07;73;224,708548546583
4675898;1;5;3;1;1;1;1;1;3;3; ; ; ; ;300000;1;1;1;1;1;1;1;2;2;2;1;2;1;1;2;2;1;2;1;2;2;1;3;4;2; ;1;1;1;4;1;2;1;1;1;3;1;1;01;73;07;73;279,37257824145
4675899;1;4;2;1;1;1;1;1;3;3; ; ; ; ;400000;2;1;2;1;1;1;1;1;2;2;1;2;2;1;2;2;2;1;2;2;2;1;1;2;2; ;1;2;1;4;1;2;1;1;1;3;1;1;01;73;07;73;211,596973336722
4675900;1;4;3;1;1;1;1;1;3;3; ; ; ; ;750000;2;1;1;1;1;1;1;1;2;2;1;1;1;1;2;2;2;2;1;2;2;1;3;4;2; ;1;1;1;4;1;2;1;1;1;3;1;1;01;73;07;73;298,832596816186
4675901;1;3;2;1;1;1;1;1;3;1; ; ;100000000;370000; ;1;1;1;1;1;1;1;2;2;2;1;2;2;2;2;2;2;2;2;2;2;1;2;2;2; ;1;2;1;4;1;2;1;1;1;3;1;2;01;73;07;73;149,118685915717
4675902;1;3;2;1;1;1;1;1;3;3; ; ; ; ;900000;2;1;1;1;1;1;1;1;1;2;1;2;2;1;2;2;2;2;2;1;2;1;2;3;2; ;1;1;1;4;1;3;1;1;1;3;1;1;01;73;07;73;279,229285826074
4675903;1;2;1;1;1;1;1;1;3;3; ; ; ; ;380000;2;1;1;2;1;1;1;1;2;2;1;1;1;1;2;2;2;2;2;2;2;1;1;1;2; ;1;2;1;4;1;3;1;1;1;3;1;1;01;73;07;73;306,970197784122
4675904;1;6;3;1;1;1;1;1;3;3; ; ; ; ;900000;1;1;1;1;1;1;1;2;2;2;1;1;2;2;2;2;2;1;1;2;2;1;4;5;2; ;1;1;1;4;1;3;1;1;1;3;1;1;01;73;07;73;216,570947578646
4675905;1;4;3;1;1;1;1;1;3;3; ; ; ; ;400000;2;1;2;1;1;1;1;1;1;2;1;1;1;2;2;2;1;1;2;2;2;1;2;4;2; ;1;2;1;4;1;2;1;1;1;3;1;1;01;73;07;73;332,105541480943
4675906;1;4;2;1;1;1;1;1;3;3; ; ; ; ;400000;2;1;2;2;2;1;1;2;2;2;1;2;2;2;2;2;2;2;2;2;2;1;2;4;2; ;1;2;1;4;1;2;1;1;1;3;1;1;01;73;07;73;333,750023105566
4675907;1;4;2;1;1;1;1;1;3;1; ; ;100000000;800000; ;1;1;1;1;1;1;1;2;1;2;1;1;1;1;2;2;1;1;2;1;2;1;3;3;2; ;1;1;1;4;1;3;1;1;1;3;1;1;01;73;07;73;270,81068794634
4675908;1;4;3;1;1;1;1;1;3;3; ; ; ; ;900000;1;1;1;1;1;1;1;2;2;2;1;1;1;1;1;1;1;1;2;1;2;1;4;4;2; ;1;1;1;4;1;3;1;1;1;3;1;1;01;73;07;73;330,46105985632
4675909;1;3;2;1;1;1;1;1;3;1; ; ;98;250000; ;1;1;1;1;1;1;1;2;2;2;1;2;2;1;2;2;1;2;2;2;2;1;2;3;2; ;1;2;1;4;1;2;1;1;1;3;1;2;01;73;07;73;210,454502217259
4675910;1;3;2;1;1;1;1;1;3;3; ; ; ; ;850000;2;1;2;1;1;1;1;1;2;2;1;1;1;2;2;2;1;1;2;2;2;1;3;4;2; ;1;1;1;4;1;3;1;1;1;3;1;1;01;73;07;73;291,115349816612
4675911;1;5;2;1;1;1;1;1;3;3; ; ; ; ;180000;2;1;2;1;1;2;1;2;2;2;1;2;2;2;2;2;1;1;2;2;2;1;1;3;2; ;1;1;1;4;1;1;1;1;1;3;1;1;01;73;07;73;279,229285826074
4675912;1;3;2;1;1;1;1;1;3;3; ; ; ; ;300000;2;1;2;1;1;1;1;2;2;2;1;2;1;2;2;2;2;2;1;2;2;1;2;4;2; ;1;1;1;4;1;1;1;1;1;3;1;1;01;73;07;73;298,832596816186
4675913;1;2;2;1;1;1;1;1;3;1; ; ;20000000;150000; ;2;2;2;2;1;1;1;2;2;2;1;2;2;2;2;2;2;2;2;2;2;1;2;5;2; ;1;1;1;2;1;1;1;1;1;3;1;1;01;73;07;73;141,682435827941
4675914;1;2;1;1;2;1;1;1;3;1; ; ;80000000;300000; ;1;1;1;1;1;1;1;2;1;2;1;2;1;1;2;2;1;2;2;2;2;1;2;2;2; ;1;1;1;4;1;1;1;1;1;3;1;1;01;73;07;73;256,181351198152
4675914;2;2;1;1;2;1;1;1;3;4; ; ; ;200000; ;1;1;1;1;1;1;1;2;2;2;1;2;1;2;2;2;2;2;1;2;2;1;2;3;2; ;2;1;1;4;1;1;1;1;1;3;1;1;01;73;07;73;256,181351198152
4675915;1;3;2;1;1;1;1;1;3;1; ; ;15000000;150000; ;1;1;1;2;2;1;1;2;2;2;1;2;1;1;2;2;2;2;1;2;2;1;1;5;2; ;1;1;1;4;1;1;1;1;1;3;1;1;01;73;07;73;348,643620034668
4675916;1;2;2;1;1;1;1;1;3;1; ; ;50000000;300000; ;2;1;1;2;1;1;1;2;2;2;1;2;2;1;2;2;2;2;2;2;2;1;2;4;2; ;1;1;1;2;1;1;1;1;1;3;1;1;01;73;07;73;297,889466071723
4675917;1;5;2;1;1;1;1;1;3;1; ; ;150000000;600000; ;1;1;1;1;1;1;1;2;2;2;1;1;1;1;2;2;2;1;1;1;2;1;2;2;1;1;1;1;1;4;1;1;1;1;1;3;1;1;01;73;07;73;211,596973336722
4675918;1;3;2;1;1;1;1;1;3;1; ; ;70000000;250000; ;2;2;2;2;1;2;1;2;2;2;1;2;1;2;2;2;1;2;2;2;2;2; ;3;2; ;1;1;1;2;1;2;1;1;1;3;1;1;01;73;07;73;300,099070802447
4675919;1;1;1;1;1;1;1;1;3;1; ; ;98;200000; ;2;2;2;1;1;1;1;2;2;2;1;2;2;2;2;2;2;2;2;2;2;1;1;1;2; ;1;1;1;4;1;1;1;1;1;3;1;1;01;73;07;73;231,380335153257
4675920;1;4;3;1;1;1;1;1;3;1; ; ;120000000;500000; ;1;1;2;1;1;1;1;2;2;2;1;2;2;2;2;2;2;2;1;2;2;1;2;3;2; ;1;1;1;2;1;2;1;1;1;3;1;1;01;73;07;73;170,366478530452
4675921;1;2;1;1;1;1;1;3;3;3; ; ; ; ;360000;2;2;2;2;1;1;1;1;2;2;1;2;2;2;2;2;2;2;1;2;2;1;2;2;2; ;1;2;1;4;1;1;1;1;1;3;1;1;01;73;07;73;224,708548546583
4675922;1;6;3;1;1;1;1;1;3;1; ; ;400000000;1200000; ;2;1;1;1;1;1;1;1;2;1;1;1;1;1;1;2;2;2;1;1;2;1;3;3;2; ;1;1;1;4;1;4;1;1;1;3;1;1;01;73;07;73;183,478053740312
4675923;1;8;5;1;1;1;1;1;3;1; ; ;98;98; ;1;1;1;1;1;1;1;1;2;2;1;1;1;1;2;2;2;1;2;1;2;1;3;6;2; ;1;2;1;4;1;4;1;1;1;3;1;1;01;73;07;73;216,371607203645
4675924;1;4;3;1;1;1;1;1;3;3; ; ; ; ;650000;1;1;1;1;1;1;1;1;2;2;1;1;1;1;2;2;2;2;1;2;2;1;4;4;2; ;1;2;1;4;1;3;1;1;1;3;1;1;01;73;07;73;266,261003031589
4675925;1;4;2;1;1;1;1;1;3;3; ; ; ; ;450000;1;1;2;1;1;1;1;2;2;2;1;2;1;2;2;2;1;2;2;2;2;1;1;2;2; ;1;1;1;4;1;3;1;1;1;3;1;1;01;76;07;76;1106,89565145102
4675926;1;5;3;1;1;1;1;1;3;1; ; ;250000000;1000000; ;1;1;1;1;1;1;1;1;1;1;1;2;1;1;1;2;1;1;2;1;1;1;4;4;2; ;1;2;1;4;1;4;1;1;1;3;1;1;01;76;07;76;981,595660211534
4675927;1;5;2;1;1;1;1;1;3;3; ; ; ; ;600000;1;1;1;1;1;1;1;2;1;1;1;2;1;1;2;2;1;1;2;1;2;1;3;3;2; ;1;2;1;4;1;4;1;1;1;3;1;1;01;76;07;76;729,508638518969
4675928;1;5;2;1;1;1;1;1;3;3; ; ; ; ;700000;2;1;2;1;1;1;1;1;2;2;1;2;2;2;2;2;1;2;2;2;2;1;3;3;2; ;1;2;1;4;1;4;1;1;1;3;1;1;01;76;07;76;672,496455537805
4675929;1;4;1;1;1;1;1;1;3;1; ; ;98;98; ;1;1;1;1;1;1;1;1;1;2;1;1;2;2;2;2;1;2;2;2;2;1;1;2;2; ;1;1;1;4;1;3;1;1;1;3;1;1;01;76;07;76;808,064183975969
4675930;1;4;3;1;1;1;1;1;3;1; ; ;98;700000; ;1;1;2;1;1;1;1;2;2;2;1;2;2;2;2;2;2;2;2;2;2;2; ;3;2; ;1;2;1;4;1;4;1;1;1;3;1;2;01;76;07;76;700,776644030633
4675931;1;3;2;1;1;1;1;1;3;1; ; ;98;98; ;1;2;1;2;1;1;1;2;2;2;1;1;2;2;2;2;2;1;2;1;2;1;3;3;2; ;1;1;1;2;1;2;1;1;1;3;1;1;01;76;07;76;1060,15120566853
4675932;1;6;2;1;1;1;1;1;3;1; ; ;98;800000; ;1;1;1;1;1;1;1;2;2;1;1;2;1;1;2;2;1;2;1;1;1;1;2;2;2; ;1;2;1;4;1;4;1;1;1;3;1;1;01;76;07;76;893,808361445468
4675933;1;4;3;1;1;1;1;1;3;3; ; ; ; ;560000;2;1;2;1;1;1;1;1;2;2;1;1;2;2;2;2;1;1;1;1;2;1;4;7;2; ;1;1;1;3;1;3;1;1;1;3;1;1;01;76;07;76;1220,17252291701
4675934;1;3;1;1;1;1;1;1;3;3; ; ; ; ;500000;1;2;1;2;1;1;1;1;2;2;2;2;2;2;2;2;2;2;2;2;2;1;1;1;2; ;1;2;1;4;1;4;1;1;1;3;1;1;01;76;07;76;915,351723921305
4675935;1;3;1;1;1;1;1;1;3;3; ; ; ; ;400000;2;1;1;1;1;1;1;2;2;2;1;2;2;1;2;2;1;1;1;2;2;1;2;2;2; ;1;2;1;4;1;2;1;1;1;3;1;1;01;76;07;76;1135,62764593935
4675936;1;4;2;1;1;1;1;1;3;1; ; ;150000000;550000; ;1;1;1;1;1;1;1;1;1;2;1;2;2;2;2;2;2;2;2;2;2;1;1;2;2; ;1;2;1;4;1;3;1;1;1;3;1;1;01;76;07;76;836,796178464305
4675937;1;6;5;1;1;1;1;1;3;4; ; ; ;300000; ;2;1;1;1;1;1;1;2;2;2;1;2;2;2;2;2;2;2;1;2;2;1;6;6;2; ;1;1;1;4;1;2;1;1;1;3;1;1;01;76;07;76;681,274685287437
4675938;1;3;1;1;1;1;1;1;3;3; ; ; ; ;350000;2;2;2;2;2;1;1;2;2;2;2;2;1;2;2;2;2;2;1;2;2;1;1;1;2; ;1;2;1;4;1;2;1;1;1;3;1;1;01;76;07;76;1214,18319139635
4675939;1;4;3;1;1;1;1;1;3;1; ; ;98;300000; ;1;1;1;1;1;1;1;1;2;2;1;2;1;1;2;2;2;1;1;1;2;1;5;5;2; ;1;1;1;4;1;2;1;1;1;3;1;1;01;76;07;76;1086,19327202151
4675940;1;1;1;1;1;1;1;1;4;3; ; ; ; ;350000;2;2;2;2;1;1;1;2;2;2;2;2;2;2;2;2;2;2;2;2;2;2; ;1;2; ;1;2;1;4;1;4;2;1;1;3;1;1;01;76;07;76;918,967733714205
4675941;1;3;1;1;1;1;1;3;1;3; ; ; ; ;200000;2;2;2;2;2;1;1;1;2;2;1;2;2;2;2;2;1;2;2;2;2;1;1;1;2; ;1;2;1;4;1;4;2;1;1;3;1;1;01;76;07;76;943,631912414132
4675942;1;5;4;1;1;1;1;1;3;1; ; ;60000000;350000; ;1;1;1;1;1;1;1;2;1;2;1;1;1;1;2;2;1;2;1;2;2;1;2;5;2; ;1;2;1;2;1;2;1;1;1;3;1;1;01;76;07;76;926,794252270095
4675943;1;6;3;1;1;1;1;1;3;1; ; ;100000000;500000; ;1;1;1;1;1;1;1;2;2;2;1;2;2;2;2;2;1;1;2;1;2;1;2;4;2; ;1;2;1;4;1;2;1;1;1;3;1;1;01;76;07;76;1242,75186928247
4675944;1;3;2;1;1;1;1;1;3;1; ; ;60000000;350000; ;1;1;1;1;1;1;1;1;2;2;1;1;1;2;2;2;1;2;2;2;2;1;3;3;2; ;1;2;1;4;1;2;1;1;1;3;1;1;01;76;07;76;1087,31558790193
4675945;1;3;1;1;1;1;1;1;3;4; ; ; ;550000; ;1;1;1;1;1;1;1;2;2;2;1;2;2;2;2;1;2;2;2;2;2;2; ;2;2; ;1;2;1;4;1;3;1;1;1;3;1;1;01;76;07;76;779,783995483142
4675946;1;1;1;2;1;1;1;2;4;1; ; ;8000000;100000; ;2;1;2;2;1;1;1;2;2;2;1;2;2;2;2;2;2;1;2;2;2;1;2;4;2; ;1;1;1;2;1;1;2;2;1;3;1;1;01;76;07;76;1144,4541316893
4675947;1;1;1;1;1;1;1;1;3;3; ; ; ; ;100000;2;1;2;2;1;2;1;2;2;2;1;2;2;2;2;2;2;1;2;2;2;1;1;1;2; ;1;2;1;2;1;2;1;1;1;3;1;1;01;76;07;76;1022,26790511531
4675948;1;3;1;3;1;1;1;1;1;5; ; ; ;200000; ;2;2;2;2;1;1;1;2;2;2;1;2;2;2;2;2;2;2;2;2;2;2; ;1;2; ;1;2;1;4;1;1;2;2;1;3;1;1;01;76;07;76;915,351723921305
4675949;1;4;1;1;1;1;1;1;3;3; ; ; ; ;220000;1;1;1;1;1;1;1;1;1;2;1;1;1;1;2;2;1;1;1;2;2;1;1;1;2; ;1;2;1;4;1;3;1;1;1;3;1;1;01;76;07;76;1214,18319139635
4675950;1;5;4;1;1;1;1;1;3;1; ; ;110000000;700000; ;2;2;2;1;1;2;1;2;2;2;1;2;1;1;2;2;2;1;2;2;2;2; ;5;2; ;1;1;1;4;1;3;1;1;1;2;1;1;01;76;07;76;1027,3041221044
4675951;1;1;1;3;1;1;1;1;1;1; ; ;20000000;80000; ;2;1;2;2;2;2;1;2;2;2;1;2;2;2;2;2;2;2;2;2;2;2; ;1;2; ;1;1;1;2;1;1;2;2;1;3;1;1;01;76;07;76;943,631912414132
4675952;1;4;2;1;1;1;1;1;3;1; ; ;88000000;400000; ;1;1;2;2;1;1;1;2;2;2;1;2;2;2;2;2;2;1;2;2;2;1;1;4;2; ;1;1;1;4;1;3;1;1;1;3;1;1;01;76;07;76;1144,4541316893
4675953;1;4;1;1;1;1;1;1;3;3; ; ; ; ;600000;2;1;2;2;1;1;1;2;2;2;1;2;2;2;2;2;2;2;2;2;2;1;1;1;2; ;1;1;1;4;1;3;1;1;1;3;1;1;01;76;07;76;972,363906902468
4675954;1;3;1;3;1;1;1;1;4;3; ; ; ; ;250000;2;1;2;2;1;1;1;2;2;2;1;2;1;2;2;2;2;2;2;2;2;1;1;3;2; ;1;2;1;4;1;1;2;2;1;3;1;2;01;76;07;76;1258,43678661372
4675955;1;3;1;1;1;1;1;1;3;1; ; ;120000000;700000; ;1;1;2;1;1;1;1;1;2;2;1;1;1;2;2;2;2;2;2;2;2;1;1;1;2; ;1;1;1;4;1;3;1;1;1;1;1;1;01;76;07;76;915,351723921305
4675956;1;1;1;1;1;1;1;1;1;3; ; ; ; ;360000;2;1;2;2;1;2;1;2;2;2;1;2;2;2;2;2;1;2;2;2;2;1;1;1;2; ;1;2;1;4;1;4;2;1;1;3;1;1;01;76;07;76;943,631912414132
4675957;1;3;1;1;1;1;1;1;3;3; ; ; ; ;400000;2;1;1;1;1;1;1;1;2;2;1;2;1;1;2;2;1;1;1;2;2;1;2;2;2; ;1;1;1;4;1;3;1;1;1;3;1;1;01;76;07;76;1135,62764593935
4675958;1;3;2;1;1;1;1;1;3;3; ; ; ; ;380000;2;1;1;1;1;1;1;2;2;2;1;1;1;2;2;2;1;1;1;2;2;1;2;2;2; ;1;1;1;4;1;3;1;1;1;3;1;1;01;76;07;76;1167,43874561387
4675959;1;2;1;3;1;1;1;6; ;3; ; ; ; ;210000;2;2;2;2;2;2;2;2;2;2;1;2;2;2;2;2;2;2;1;2;2;1;1;1;2; ;1;2;1;4;1;1;2;2;1;3;1;1;01;76;07;76;1214,18319139635
4675960;1;3;2;1;1;1;1;1;3;1; ; ;120000000;650000; ;1;1;1;2;1;1;1;1;2;2;1;2;1;2;2;2;1;2;2;2;2;1;1;3;2; ;1;1;1;2;1;3;1;1;1;3;1;1;01;76;07;76;672,496455537805
4675961;1;6;3;1;1;1;1;1;3;3; ; ; ; ;800000;1;1;1;1;1;1;1;1;1;2;1;1;1;1;2;1;1;1;1;2;2;1;2;3;2; ;1;2;1;4;1;3;1;1;1;3;1;1;01;76;07;76;1031,87101717571
4675962;1;2;1;1;1;1;1;3;3;3; ; ; ; ;400000;2;1;2;2;1;1;1;2;2;2;1;2;2;2;2;2;1;2;2;2;2;1;1;1;2; ;1;2;1;2;1;3;1;1;1;3;1;1;01;76;07;76;943,631912414132
4675963;1;3;1;1;1;1;1;6; ;1; ; ;40000000;250000; ;2;1;2;2;1;2;2;2;2;2;1;2;1;2;2;2;2;2;1;2;2;1;1;1;2; ;1;2;1;4;1;2;2;1;1;3;1;1;01;76;07;76;1349,82714866011
4677363;1;3;2;1;1;1;1;1;3;3; ; ; ; ;630000;1;1;1;1;1;1;1;1;1;1;1;1;1;1;2;2;1;1;2;2;1;1;3;3;2; ;1;2;1;4;1;4;1;1;1;2;1;1;01;05;07;05;1072,52993299933
4677364;1;4;3;1;1;1;1;1;3;1; ; ;100000000;500000; ;2;2;2;1;1;1;1;2;1;1;1;2;1;2;2;2;2;1;2;2;2;1;3;3;2; ;1;2;1;4;1;2;1;1;1;2;1;1;01;05;07;05;1169,68330837946
4677365;1;3;3;1;1;1;1;1;3;3; ; ; ; ;1000000;1;1;1;1;1;1;1;1;1;2;1;2;2;1;2;2;1;1;1;2;2;1;2;4;2; ;1;2;1;4;1;4;1;1;1;2;1;1;01;05;07;05;1105,37975387602
4677366;1;4;3;1;1;1;1;1;3;3; ; ; ; ;630000;1;1;1;1;1;1;1;1;1;1;1;2;1;1;2;2;1;2;2;2;2;1;4;4;2; ;1;2;1;4;1;2;1;1;1;2;1;1;01;05;07;05;1010,29699865828
4677367;1;5;3;1;1;1;1;1;3;1; ; ;200000000;1200000; ;1;1;2;1;1;1;1;1;1;1;1;2;1;2;2;2;2;2;1;1;2;1;2;3;2; ;1;2;1;4;1;3;1;1;1;2;1;1;01;05;07;05;1262,96470209743
4677368;1;5;3;1;1;1;1;1;3;1; ; ;180000000;1300000; ;1;1;1;1;1;1;1;1;1;1;1;2;1;1;2;2;1;2;1;1;2;1;3;5;2; ;1;2;1;4;1;3;1;1;1;2;1;1;01;05;07;05;1532,29685901153
4677369;1;1;1;1;1;1;1;2;3;1; ; ;55000000;300000; ;2;2;2;2;1;2;1;2;2;2;1;2;2;2;2;2;2;2;2;2;2;1;1;3;2; ;1;2;1;2;1;2;1;1;1;2;1;1;01;05;07;05;1274,89381358316
4677370;1;1;1;1;1;1;1;2;3;1; ; ;99;400000; ;1;1;1;1;1;1;1;1;2;1;1;2;1;2;2;2;2;2;2;2;2;1;2;3;2; ;1;1;1;2;1;2;1;1;1;2;1;1;01;05;07;05;1201,22365554469
4677371;1;4;3;1;1;1;1;1;3;1; ; ;130000000;600000; ;1;1;2;1;1;1;1;1;1;1;1;1;1;1;2;2;1;2;2;2;2;1;2;2;2; ;1;2;1;4;1;3;1;1;1;3;1;1;01;05;07;05;1168,373834668
4677372;1;4;3;1;1;1;1;1;3;1; ; ;98;98; ;1;1;1;1;1;1;1;2;1;2;1;2;1;1;2;2;2;2;2;2;2;1;3;3;2; ;1;2;1;4;1;3;1;1;1;3;1;1;01;05;07;05;1187,08503780176
4677373;1;4;3;1;1;1;1;1;4;3; ; ; ; ;980000;1;1;1;1;1;1;1;2;1;1;1;1;1;1;2;2;1;1;2;1;2;1;3;4;2; ;1;2;1;4;1;4;2;1;1;2;1;1;01;05;07;05;1010,29699865828
4677374;1;6;5;1;1;1;1;1;3;1; ; ;200000000;800000; ;1;1;1;1;1;1;1;1;1;1;1;2;1;1;2;2;2;1;1;2;2;1;5;5;2; ;1;2;1;4;1;3;1;1;1;3;1;1;01;05;07;05;855,975162116257
4677375;1;4;2;1;1;1;1;1;3;1; ; ;80000000;500000; ;1;1;1;1;1;1;1;1;2;2;1;1;1;1;2;2;2;2;2;2;2;1;3;3;2; ;1;2;1;4;1;3;1;1;1;2;1;1;01;05;07;05;991,585795524514
4677376;1;4;3;1;1;1;1;1;3;3; ; ; ; ;700000;2;1;1;1;1;1;1;2;2;1;1;1;1;1;2;2;2;1;2;2;2;1;3;3;2; ;1;2;1;4;1;3;1;1;1;2;1;1;01;05;07;05;972,113445939826
4677377;1;5;2;1;1;1;1;1;1;1; ; ;200000000;1200000; ;1;1;1;1;1;1;1;1;1;1;1;1;1;1;2;2;2;2;2;2;2;1;2;2;2; ;1;2;1;4;1;4;2;1;1;2;1;1;01;05;07;05;1017,21390952118
4677378;1;4;3;1;1;1;1;1;3;3; ; ; ; ;450000;2;1;2;1;1;1;1;2;1;1;1;1;1;2;2;2;1;1;1;2;2;1;2;3;2; ;1;2;1;4;1;3;1;1;1;3;1;1;01;05;07;05;1230,55449645273
4677379;1;4;2;1;1;1;1;1;3;3; ; ; ; ;590000;1;1;1;1;1;1;1;2;2;2;1;2;2;2;2;2;2;2;2;1;2;1;2;3;2; ;1;2;1;4;1;3;1;1;1;2;1;1;01;05;07;05;991,585795524514
4677380;1;1;1;1;2;1;1;2;4;4; ; ; ;300000; ;2;1;2;1;1;1;1;2;2;2;1;2;2;2;2;2;2;1;1;2;2;1;1;1;2; ;1;3;1;4;1;3;2;1;1;2;1;1;01;05;07;05;1190,73883698528
4677381;1;3;3;1;1;1;1;1;4;2; ;200000;100000000;700000; ;1;1;1;1;1;1;1;2;2;2;1;2;1;1;2;2;1;2;2;2;2;1;2;5;2; ;1;2;1;4;1;3;2;1;1;2;1;1;01;05;07;05;1149,63347105992
4677382;1;3;1;1;1;1;1;1;3;1; ; ;50000000;300000; ;2;1;1;1;1;1;1;1;2;2;1;2;1;1;2;2;2;2;2;2;2;1;1;1;2; ;1;2;1;2;1;1;1;1;1;2;1;1;01;05;07;05;1163,80124927716
4677383;1;3;2;1;1;1;1;1;3;3; ; ; ; ;210000;2;2;2;2;1;2;1;2;2;2;1;1;1;2;2;2;2;2;2;2;2;1;1;4;2; ;1;2;1;2;1;1;1;1;1;2;1;1;01;05;07;05;1249,26569958649
4677384;1;3;2;1;1;1;1;1;3;1; ; ;99;250000; ;1;2;2;1;1;2;1;2;2;1;1;2;2;2;2;2;2;2;2;2;2;1;2;2;2; ;1;1;1;2;1;1;1;1;1;2;1;1;01;05;07;05;1112,29666473892
4677385;1;4;3;1;1;1;1;1;3;3; ; ; ; ;200000;2;1;2;1;1;1;1;2;1;2;1;2;1;2;2;2;2;2;2;2;2;1;2;4;2; ;1;2;1;2;1;1;1;1;1;2;1;1;01;05;07;05;1245,47737272859
4677386;1;2;1;1;1;1;1;1;3;4; ; ; ;200000; ;2;2;2;1;1;1;1;2;2;2;1;1;2;2;2;2;2;2;2;2;2;1;1;3;1;1;1;2;1;2;1;1;1;1;1;2;1;1;01;05;07;05;1580,28997532547
4677387;1;3;2;1;1;1;1;1;3;3; ; ; ; ;540000;1;1;1;1;1;1;1;1;1;1;1;1;2;1;2;2;2;1;1;2;2;1;2;4;2; ;1;2;1;4;1;3;1;1;1;2;1;1;01;05;07;05;1697,87226053489
4677388;1;3;2;1;1;1;1;1;3;1; ; ;99;600000; ;1;1;1;1;1;1;1;2;2;2;1;2;2;1;2;2;2;1;2;2;2;1;2;2;2; ;1;2;1;4;1;2;1;1;1;2;1;1;01;05;07;05;533,978673804247
4677389;1;3;2;1;1;1;1;1;3;3; ; ; ; ;650000;1;1;1;1;1;1;1;2;2;2;1;2;1;2;2;2;1;2;1;2;2;1;3;3;2; ;1;2;1;4;1;3;1;1;1;2;1;1;01;05;07;05;1115,80813296322
4677390;1;6;2;1;1;1;1;1;4;1; ; ;98;800000; ;2;1;1;1;1;1;1;2;2;1;1;1;1;1;2;2;1;2;2;1;2;1;3;3;2; ;1;2;1;4;1;3;2;1;1;2;1;1;01;05;07;05;580,073725046822
4677391;1;3;1;1;1;1;1;1;3;3; ; ; ; ;480000;2;2;2;2;1;1;1;2;2;2;2;2;2;1;2;2;2;2;2;2;2;1;1;1;2; ;1;2;1;4;1;3;1;1;1;3;1;1;01;05;07;05;981,100976965104
4677392;1;3;2;1;1;1;1;1;3;1; ; ;110000000;600000; ;1;1;1;1;1;1;1;1;1;1;1;1;1;1;2;2;1;1;2;2;1;1;3;4;2; ;1;2;1;4;1;3;1;1;1;2;1;1;01;05;07;05;1122,78148329833
4677393;1;4;2;1;1;1;1;1;3;2; ;480000;98;500000; ;2;1;1;1;1;1;1;2;1;2;2;2;1;1;2;2;1;2;2;2;2;1;3;3;2; ;1;2;1;4;1;3;1;1;1;2;1;1;01;05;07;05;466,55393032558
4677394;1;3;2;1;1;1;1;1;3;1; ; ;70000000;600000; ;1;1;1;1;1;1;1;2;1;1;1;2;1;1;2;2;2;1;1;2;2;1;3;3;2; ;1;2;1;4;1;3;1;1;1;2;1;1;01;05;07;05;488,723588890793
4677395;1;2;1;1;1;1;1;1;3;3; ; ; ; ;200000;1;1;2;2;1;2;1;2;2;2;1;1;2;1;2;2;2;2;2;2;2;1;2;3;2; ;1;2;1;2;1;1;1;1;1;3;1;1;01;05;07;05;1086,66855074226
4677396;1;6;4;1;1;1;1;1;3;1; ; ;300000000;900000; ;1;1;1;1;1;1;1;1;1;1;1;2;1;1;2;2;2;2;1;2;2;1;5;6;2; ;1;2;1;4;1;2;1;1;1;3;1;1;01;05;07;05;1074,78836698439
4677397;1;3;1;1;1;1;1;1;3;1; ; ;80000000;700000; ;2;1;1;1;1;1;1;1;2;2;1;1;1;1;2;2;1;1;1;2;2;1;1;1;2; ;1;2;1;4;1;3;1;1;1;2;1;1;01;05;07;05;581,900624638581
4677398;1;5;3;1;1;1;1;1;4;3; ; ; ; ;600000;2;1;1;1;1;1;1;2;1;2;1;2;1;1;2;2;2;2;1;2;2;1;3;4;2; ;1;2;1;4;1;3;2;1;1;2;1;1;01;05;07;05;495,412324536795
4677399;1;3;2;1;1;1;1;1;3;3; ; ; ; ;300000;1;1;1;1;1;1;1;2;2;2;1;2;1;2;2;2;2;2;2;2;2;1;2;5;2; ;1;2;1;2;1;1;1;1;1;3;1;1;01;05;07;05;1054,55071584218
4677400;1;3;3;1;1;1;1;3;4;4; ; ; ;300000; ;2;2;2;1;1;1;1;2;2;2;1;2;2;2;2;2;2;2;2;2;2;1;1;5;2; ;1;2;5;3;1;1;2;1;1;2;1;1;01;05;07;05;894,980747404923
4677401;1;3;1;1;1;1;1;1;4;3; ; ; ; ;400000;2;1;2;1;1;1;1;2;1;2;1;2;1;1;2;2;2;2;1;2;2;1;2;2;2; ;1;2;1;4;1;3;2;1;1;2;1;1;01;05;07;05;499,906090049434
4677402;1;3;1;1;2;1;1;1;4;3; ; ; ; ;250000;1;1;1;1;1;1;2;2;2;2;1;2;2;2;2;2;2;2;2;2;2;1;1;7;2; ;1;2;1;2;1;2;2;1;1;2;1;1;01;05;07;05;1321,40596475211
4677403;1;3;2;1;1;1;1;1;3;3; ; ; ; ;550000;1;1;1;2;1;1;1;2;2;1;1;1;2;1;2;2;2;2;2;2;2;1;2;3;2; ;1;2;1;4;1;2;1;1;1;3;1;1;01;05;07;05;1440,19235647291
4677404;1;3;2;1;1;1;1;1;3;4; ; ; ;400000; ;2;1;2;2;1;1;1;2;2;1;1;2;2;2;2;2;2;2;2;2;2;2; ;2;2; ;1;2;1;2;1;1;1;1;1;3;1;1;01;05;07;05;1322,61007126349
4677406;1;1;1;1;2;1;1;2;4;4; ; ; ;250000; ;2;2;2;1;1;2;2;2;2;2;1;1;1;2;2;2;2;2;2;2;2;1;1;1;2; ;1;2;1;2;1;2;2;1;1;3;1;1;01;05;07;05;1163,80124927716
4677407;1;2;2;1;1;1;1;1;4;1; ; ;98;300000; ;2;1;2;1;1;1;1;2;2;2;1;2;2;2;2;2;1;2;1;2;2;1;1;3;2; ;1;2;1;4;1;1;2;1;1;2;1;1;01;05;07;05;1440,19235647291
4677408;1;2;2;1;1;1;1;1;3;1; ; ;50000000;250000; ;2;1;2;1;1;1;1;2;2;1;1;2;2;2;2;2;2;2;2;2;2;1;1;2;2; ;1;2;1;2;1;1;1;1;1;2;1;1;01;05;07;05;1150,97210524569
4677409;1;6;5;1;1;1;1;1;3;3; ; ; ; ;770000;2;2;2;1;1;1;1;2;2;1;2;1;2;2;2;2;2;2;2;2;2;1;2;8;2; ;1;2;1;4;1;2;1;1;1;3;1;1;01;05;07;05;871,899371257978
4677410;1;3;2;1;1;1;1;1;1;4; ; ; ;450000; ;2;1;2;1;1;1;1;2;2;2;1;1;1;1;2;2;2;2;2;1;2;1;3;4;2; ;1;2;1;2;1;1;2;1;1;3;1;1;01;05;07;05;990,824649073591
4677416;1;3;1;1;1;1;1;1;4;2; ;800000;250000000;1400000; ;1;1;1;1;1;1;1;1;1;1;1;1;1;1;2;2;2;1;2;2;2;1;1;1;2; ;1;2;1;4;1;4;2;1;1;2;1;1;01;05;07;05;1190,73883698528
4677417;1;4;3;1;1;1;1;1;3;1; ; ;82000000;800000; ;1;1;1;1;1;1;1;2;2;2;1;1;1;1;2;1;1;1;2;1;2;1;4;5;2; ;1;1;1;4;1;2;1;1;1;3;1;1;01;08;07;08;643,534366655801
4677418;1;4;3;1;1;1;1;1;3;4; ; ; ;800000; ;1;1;1;2;1;1;1;2;2;2;1;2;1;2;2;2;1;2;2;2;2;1;3;6;2; ;1;2;1;4;1;3;1;1;1;3;1;1;01;08;07;08;657,564738663213
4677419;1;5;1;1;1;1;1;1;3;4; ; ; ;500000; ;2;1;1;1;1;1;1;2;2;2;1;2;1;1;2;1;1;2;2;2;2;1;1;1;2; ;1;1;1;4;1;3;1;1;1;3;1;1;01;08;07;08;597,523116278102
4677420;1;3;2;1;1;1;1;1;3;3; ; ; ; ;500000;2;2;2;2;2;2;1;2;2;2;1;2;2;2;2;2;1;2;2;2;2;1;1;10;2; ;1;2;1;4;1;3;1;1;1;3;1;1;01;08;07;08;712,080061403746
4677421;1;4;2;1;1;1;1;1;3;3; ; ; ; ;600000;2;1;2;1;1;1;1;2;2;2;1;2;1;2;2;1;1;1;2;2;2;1;2;4;2; ;1;2;1;4;1;1;1;1;1;3;1;1;01;08;07;08;561,181311806172
4677422;1;4;2;1;1;1;1;1;3;1; ; ;200000000;600000; ;1;1;1;1;1;1;1;2;1;2;1;2;1;1;1;2;2;2;1;1;2;1;3;3;2; ;1;2;1;4;1;2;1;1;1;3;1;1;01;11;07;11;2568,34143915182
4677423;1;1;1;1;2;1;1;5;4;4; ; ; ;250000; ;2;1;2;2;2;2;1;2;2;2;1;2;2;2;2;2;2;1;2;2;2;1;1;3;2; ;1;4;1;4;1;2;2;1;1;3;1;1;01;11;07;11;3266,14778396238
4677424;1;5;4;1;1;1;1;1;3;3; ; ; ; ;2500000;1;1;1;1;1;1;1;1;1;1;1;1;1;1;1;2;2;2;2;1;1;1;3;5;2; ;1;2;1;6;1;5;1;1;1;3;1;1;01;11;07;11;4096,63006116488
4677425;1;5;3;1;1;1;1;1;3;1; ; ;98;500000; ;2;1;1;2;1;1;1;1;2;1;1;2;1;1;2;2;2;1;2;1;2;1;2;3;2; ;1;2;1;4;1;2;1;1;1;3;1;1;01;11;07;11;2785,13006787783
4677426;1;3;2;1;1;1;1;3;3;3; ; ; ; ;600000;2;1;1;1;1;1;1;1;2;2;1;2;1;1;2;2;1;2;2;2;2;1;2;6;2; ;1;2;1;4;1;2;1;1;1;3;1;1;01;13;07;13;417,873170813681
4677427;1;4;3;1;1;1;1;1;3;3; ; ; ; ;2500000;1;1;1;1;1;1;1;1;1;2;1;1;1;1;1;1;1;1;2;1;2;1;2;4;2; ;1;2;1;4;1;6;1;1;1;7;1;1;01;13;07;13;386,75582362357
4677428;1;3;2;1;1;1;1;3;3;3; ; ; ; ;500000;2;1;1;1;1;1;1;2;2;2;1;2;2;2;2;2;1;2;2;2;2;1;2;3;2; ;1;2;1;4;1;2;1;1;1;3;1;1;01;13;07;13;341,01670003556
4677488;1;4;2;1;1;1;1;1;3;2; ;300000;130000000;300000; ;1;1;2;1;1;1;1;1;2;1;1;2;1;2;2;2;2;2;1;2;2;1;3;3;2; ;1;1;1;4;1;3;1;1;1;2;1;1;01;17;07;17;159,611720037936
4677489;1;7;4;1;1;1;1;1;3;1; ; ;250000000;800000; ;1;1;1;1;1;1;1;1;2;1;1;2;1;1;1;2;2;1;2;2;1;1;3;5;2; ;1;1;1;4;1;3;1;1;1;2;1;1;01;17;07;17;169,989288430511
4677490;1;4;2;1;1;1;1;1;3;1; ; ;65000000;300000; ;2;1;1;1;1;1;1;2;2;2;1;2;1;1;2;2;2;1;2;2;2;1;3;3;2; ;1;1;1;4;1;1;1;1;1;2;1;1;01;17;07;17;159,505813197782
4677491;1;5;4;1;1;1;1;1;3;1; ; ;50000000;350000; ;1;1;1;1;1;1;1;2;2;2;1;1;2;2;2;2;2;1;1;2;2;1;6;6;2; ;1;1;1;2;1;2;1;1;1;2;1;1;01;17;07;17;162,413414246022
4677492;1;4;2;1;1;1;1;1;3;1; ; ;70000000;400000; ;1;1;2;1;1;1;1;2;2;1;1;2;2;1;2;2;2;2;2;2;2;1;2;2;2; ;1;1;1;4;1;3;1;1;1;2;1;1;01;17;07;17;181,022396748666
4677493;1;3;2;3;1;1;1;1;4;1; ; ;50000000;300000; ;1;1;1;1;1;1;1;1;2;1;1;1;2;1;2;2;2;1;2;1;2;1;2;3;2; ;1;1;1;4;1;1;2;2;1;2;1;1;01;17;07;17;291,148897849085
4677494;1;4;1;1;1;1;1;1;3;1; ; ;250000000;1500000; ;1;1;1;1;1;1;1;1;1;1;1;1;1;1;1;2;2;2;2;1;1;1;2;2;2; ;1;2;1;6;1;6;1;1;1;2;1;1;01;17;07;17;162,995052756418
4677495;1;4;2;1;1;1;1;1;3;1; ; ;150000000;500000; ;1;1;1;1;1;1;1;2;1;2;1;1;1;1;1;2;2;2;2;2;2;1;3;3;2; ;1;1;1;4;1;3;1;1;1;2;1;1;01;17;07;17;167,545318226415
4677496;1;4;3;1;1;1;1;1;3;3; ; ; ; ;450000;1;1;1;1;1;1;1;2;1;1;1;1;1;1;2;2;2;2;2;2;2;1;3;3;2; ;1;2;1;4;1;3;1;1;1;2;1;1;01;17;07;17;252,041124999283
4677497;1;3;2;1;1;1;1;1;3;3; ; ; ; ;450000;1;1;1;1;1;1;1;2;1;1;1;1;1;1;2;2;2;2;2;2;2;1;2;4;2; ;1;2;1;4;1;3;1;1;1;2;1;1;01;17;07;17;248,657792280801
4677498;1;4;3;1;1;1;1;1;3;3; ; ; ; ;500000;1;1;1;1;1;1;1;2;2;1;1;2;2;1;2;2;2;2;1;2;2;1;3;3;2; ;1;2;1;4;1;3;1;1;1;2;1;1;01;17;07;17;131,039262017498
4677499;1;3;1;1;1;1;1;1;3;4; ; ; ;400000; ;1;2;2;2;1;1;1;2;2;1;1;2;2;2;2;2;2;2;2;2;2;1;1;1;2; ;1;1;1;4;1;3;1;1;1;2;1;1;01;17;07;17;184,405729467149
4677500;1;4;2;1;1;1;1;1;3;3; ; ; ; ;400000;2;1;2;1;1;1;1;1;2;2;1;2;2;2;2;2;2;2;2;2;2;1;2;2;2; ;1;2;4;4;1;4;1;1;1;2;1;1;01;17;07;17;206,898168694516
4677501;1;3;2;1;1;1;1;1;3;3; ; ; ; ;300000;2;1;2;1;1;1;1;2;1;2;1;2;2;2;2;2;2;2;2;2;2;1;1;2;2; ;1;2;1;4;1;4;1;1;1;2;1;1;01;17;07;17;170,498019325753
4677502;1;3;1;1;1;1;1;1;3;1; ; ;250000000;600000; ;1;1;1;1;1;1;1;1;2;1;1;2;2;1;2;2;2;2;2;1;2;1;2;2;2; ;1;2;1;4;1;4;1;1;1;2;1;1;01;17;07;17;162,995052756418
4677503;1;5;4;1;1;1;1;1;3;3; ; ; ; ;469000;1;1;1;1;1;1;1;1;1;1;1;2;1;2;2;2;2;1;1;2;2;1;7;7;2; ;1;1;1;4;1;2;1;1;1;2;1;1;01;17;07;17;315,734322822095
4677504;1;3;1;1;1;1;1;1;3;3; ; ; ; ;400000;2;1;2;1;1;1;1;2;2;2;1;2;1;2;2;2;2;2;2;2;2;1;2;2;2; ;1;2;1;4;1;2;1;1;1;2;1;1;01;17;07;17;162,995052756418
4677505;1;4;1;1;1;1;1;1;3;1; ; ;100000000;500000; ;2;1;1;1;1;1;1;2;2;2;1;1;1;2;2;2;2;2;2;2;2;1;2;2;2; ;1;2;1;4;1;2;1;1;1;2;1;1;01;17;07;17;162,995052756418
4677506;1;3;1;1;1;1;1;1;3;2; ;750000;140000000;1500000; ;1;1;1;1;1;1;1;1;1;1;1;1;1;1;1;2;2;2;2;1;1;1;2;2;2; ;1;2;1;4;1;4;1;1;1;2;1;1;01;17;07;17;162,995052756418
4677507;1;2;2;1;1;1;1;1;3;3; ; ; ; ;350000;1;1;1;1;2;1;1;2;2;2;1;2;1;2;2;2;2;2;1;2;2;1;2;4;2; ;1;2;1;4;1;2;1;1;1;2;1;1;01;17;07;17;346,625154501734
4677508;1;4;1;1;1;1;1;1;3;1; ; ;150000000;600000; ;2;1;2;1;1;1;1;1;1;1;1;2;1;2;1;2;2;2;2;2;2;1;2;2;2; ;1;2;1;3;1;4;1;1;1;2;1;1;01;17;07;17;162,995052756418
4677509;1;4;2;1;1;1;1;1;3;3; ; ; ; ;780000;1;1;1;1;1;1;1;2;1;2;1;2;2;1;1;2;2;2;2;1;2;1;2;2;2; ;1;2;1;4;1;4;1;1;1;2;1;1;01;17;07;17;196,564868346634
4677510;1;4;1;1;1;1;1;1;3;4; ; ; ;800000; ;1;1;1;1;1;1;1;1;2;1;1;2;2;1;2;2;2;2;2;2;2;1;2;2;2; ;1;2;1;4;1;4;1;1;1;2;1;1;01;17;07;17;162,995052756418
4677511;1;4;2;1;1;1;1;1;3;1; ; ;90000000;400000; ;1;1;1;1;1;1;1;2;2;1;1;2;2;1;2;2;2;2;1;2;2;1;3;3;2; ;1;2;1;4;1;2;1;1;1;2;1;1;01;17;07;17;167,545318226415
4677512;1;4;1;1;1;1;1;1;3;2; ;1100000;300000000;1500000; ;2;1;1;1;1;1;1;1;1;1;1;1;1;1;1;2;2;2;2;2;2;1;1;1;2; ;1;2;1;6;1;4;1;1;1;2;1;1;01;17;07;17;184,405729467149
4677513;1;4;3;1;1;1;1;1;3;1; ; ;98;1500000; ;1;1;1;1;1;1;1;1;1;1;1;2;1;1;1;2;2;1;1;2;2;1;5;5;2; ;1;2;1;4;1;4;1;1;1;2;1;1;01;17;07;17;157,863148776025
4677514;1;3;2;1;1;1;1;1;3;3; ; ; ; ;750000;1;1;1;1;1;1;1;1;1;1;1;1;1;1;2;2;2;1;2;1;2;1;3;3;2; ;1;2;1;4;1;4;1;1;1;2;1;1;01;17;07;17;185,572662218663
4677515;1;5;4;1;1;1;1;1;3;2; ;265000;130000000;500000; ;1;1;1;1;1;1;1;1;2;2;1;1;1;1;2;2;2;1;2;2;2;1;5;5;2; ;1;1;1;4;1;2;1;1;1;2;1;1;01;17;07;17;157,863148776025
4677516;1;2;1;1;1;1;1;1;3;3; ; ; ; ;575000;2;2;1;1;1;1;1;2;2;1;1;2;2;2;2;2;2;2;1;2;2;1;1;1;2; ;1;2;1;4;1;4;1;1;1;2;1;1;01;17;07;17;220,805878835912
4677517;1;3;2;1;1;1;1;1;3;3; ; ; ; ;850000;1;1;1;1;1;1;1;1;1;1;1;1;2;1;2;2;2;2;2;1;2;1;1;2;2; ;1;2;1;4;1;4;1;1;1;2;1;1;01;17;07;17;276,282135488561
4677518;1;2;1;1;1;1;1;1;3;3; ; ; ; ;650000;1;1;1;1;1;1;1;1;2;1;1;2;1;2;2;2;2;2;2;2;2;1;1;1;2; ;1;2;1;5;1;5;1;1;1;2;1;1;01;17;07;17;184,405729467149
4677519;1;3;1;1;1;1;1;1;3;3; ; ; ; ;340000;2;1;1;1;1;1;1;1;1;1;1;1;1;1;2;2;2;2;2;2;2;1;1;1;2; ;1;2;1;4;1;2;1;1;1;2;1;1;01;17;07;17;205,263407237944
4677520;1;3;1;1;1;1;1;1;4;3; ; ; ; ;900000;1;1;1;1;1;2;1;1;2;1;1;1;1;1;1;2;2;2;2;1;2;1;1;1;2; ;1;2;1;3;1;5;2;1;1;2;1;1;01;17;07;17;187,236063245696
4677521;1;5;4;1;1;1;1;1;3;3; ; ; ; ;550000;1;1;1;1;1;1;1;1;2;2;1;1;1;1;2;2;2;2;2;2;2;1;4;5;2; ;1;2;1;6;1;2;1;1;1;2;1;1;01;17;07;17;186,223793116156
4677522;1;2;1;1;1;1;1;1;4;3; ; ; ; ;700000;2;2;2;1;1;1;1;1;1;1;1;1;2;2;2;2;2;2;2;2;2;1;1;1;2; ;1;2;1;4;1;5;2;1;1;2;1;1;01;17;07;17;184,405729467149
4677523;1;2;1;1;1;1;1;1;4;3; ; ; ; ;580000;1;1;1;1;1;1;1;1;2;1;1;2;1;1;1;2;2;2;2;2;2;1;1;1;2; ;1;2;1;4;1;5;2;1;1;2;1;1;01;17;07;17;184,405729467149
4677524;1;2;1;1;1;1;1;1;4;3; ; ; ; ;700000;1;1;1;1;1;1;1;2;2;1;1;2;2;2;2;2;2;2;2;2;2;1;1;1;2; ;1;2;1;4;1;5;2;1;1;2;1;1;01;17;07;17;184,405729467149
4677525;1;3;1;1;1;1;1;1;3;1; ; ;170000000;900000; ;1;1;2;1;1;1;1;1;1;1;1;2;2;2;1;2;2;2;2;1;2;1;1;1;2; ;1;2;1;3;1;5;1;1;1;2;1;1;01;17;07;17;184,405729467149
4677526;1;4;3;1;1;1;1;1;3;1; ; ;150000000;450000; ;1;1;1;1;1;1;1;2;2;1;1;1;2;1;2;2;2;2;1;2;2;1;4;5;2; ;1;1;1;4;1;2;1;1;1;2;1;1;01;17;07;17;124,378503420686
4677527;1;3;1;1;1;1;1;1;3;3; ; ; ; ;950000;1;1;1;2;1;1;1;1;1;1;1;1;2;1;2;2;2;1;2;2;2;1;2;2;2; ;1;2;1;4;1;5;1;1;1;2;1;1;01;17;07;17;217,42254611743
4677528;1;5;2;1;1;1;1;1;3;2; ;300000;100000000;600000; ;1;1;1;1;1;1;1;1;1;1;1;1;1;1;2;2;2;2;1;2;2;1;3;3;2; ;1;1;1;4;1;2;1;1;1;2;1;1;01;17;07;17;185,487491983786
4677529;1;4;3;1;1;1;1;1;3;3; ; ; ; ;600000;2;1;1;1;1;1;1;2;2;1;1;2;2;2;2;2;2;2;2;2;2;1;3;3;2; ;1;2;1;4;1;4;1;1;1;2;1;1;01;17;07;17;192,990458553121
4677530;1;2;1;1;1;1;1;1;4;3; ; ; ; ;730000;2;2;1;1;1;1;1;2;1;2;1;1;2;1;2;2;2;2;2;1;2;1;2;2;2; ;1;2;1;4;1;5;2;1;1;2;1;1;01;17;07;17;217,42254611743
4677531;1;4;2;1;1;1;1;1;3;4; ; ; ;500000; ;1;1;1;1;1;1;1;1;1;1;1;2;2;1;2;2;2;2;2;2;2;1;2;3;2; ;1;1;1;4;1;2;1;1;1;2;1;1;01;17;07;17;175,154191635903
4677532;1;4;2;1;1;1;1;1;3;1; ; ;95000000;350000; ;1;1;1;1;1;1;1;2;2;2;1;2;1;2;2;2;2;1;2;2;2;1;3;4;2; ;1;2;1;4;1;2;1;1;1;2;1;1;01;17;07;17;285,280692736322
4677533;1;3;1;1;1;1;1;1;3;3; ; ; ; ;880000;1;1;1;1;1;1;1;1;1;1;1;1;1;1;2;2;2;2;2;1;2;1;2;2;2; ;1;2;1;4;1;5;1;1;1;2;1;1;01;17;07;17;162,995052756418
4677534;1;3;2;1;1;1;1;1;3;3; ; ; ; ;300000;1;1;1;1;1;1;1;1;2;2;1;2;2;1;2;2;2;2;1;2;2;1;1;2;2; ;1;2;1;4;1;2;1;1;1;2;1;1;01;17;07;17;181,022396748666
4677535;1;3;1;1;1;1;1;1;3;1; ; ;120000000;800000; ;2;1;1;1;1;1;1;1;2;2;1;2;2;1;2;2;2;2;2;1;2;1;2;2;2; ;1;2;1;4;1;3;1;1;1;2;1;1;01;17;07;17;217,42254611743
4677536;1;4;1;1;1;1;1;1;3;2; ;750000;98;750000; ;1;1;1;1;1;1;1;2;2;1;1;2;1;2;2;2;2;2;2;2;2;1;1;2;2; ;1;2;1;4;1;3;1;1;1;2;1;1;01;17;07;17;162,995052756418
4677537;1;5;2;1;1;1;1;1;3;1; ; ;250000000;600000; ;2;2;1;1;1;1;1;1;1;1;1;2;2;2;2;2;2;2;2;2;2;1;1;2;2; ;1;2;1;4;1;2;1;1;1;2;1;1;01;17;07;17;162,995052756418
4677538;1;3;1;1;1;1;1;1;3;1; ; ;100000000;500000; ;1;1;1;1;1;1;1;2;1;2;1;2;1;1;2;2;2;2;1;2;2;1;2;2;2; ;1;2;1;4;1;2;1;1;1;2;1;1;01;17;07;17;199,395202125181
4677539;1;3;2;1;1;1;1;1;3;3; ; ; ; ;700000;1;1;1;1;1;1;1;2;2;1;1;2;1;1;2;2;2;2;2;2;2;1;2;2;2; ;1;2;1;4;1;3;1;1;1;2;1;1;01;17;07;17;188,955994937145
4677540;1;3;2;1;1;1;1;1;3;1; ; ;30000000;400000; ;2;1;1;1;1;1;1;1;2;2;1;2;2;2;1;2;2;2;2;2;2;1;2;2;2; ;1;2;1;3;1;2;1;1;1;2;1;1;01;17;07;17;170,498019325753
4677541;1;3;1;1;1;1;1;1;3;3; ; ; ; ;550000;2;1;1;1;1;1;1;2;1;1;1;1;1;1;2;2;1;1;1;1;2;1;2;2;2; ;1;2;1;4;1;3;1;1;1;2;1;1;01;17;07;17;217,42254611743
4677542;1;2;1;1;1;1;1;1;3;1; ; ;30000000;400000; ;2;1;2;2;2;2;1;2;2;2;1;2;2;2;2;2;2;2;2;2;2;1;1;1;2; ;1;2;1;4;1;2;1;1;1;2;1;1;01;17;07;17;184,405729467149
4677543;1;3;2;1;2;1;1;1;4;4; ; ; ;450000; ;2;1;2;1;1;1;2;2;2;1;1;2;1;2;2;2;2;2;2;2;2;1;3;3;2; ;1;2;1;4;1;1;2;1;1;2;1;1;01;17;07;17;288,441274368047
4677544;1;2;1;1;2;1;1;1;4;1; ; ;50000000;500000; ;2;1;1;1;1;1;1;1;2;1;1;2;1;2;2;2;2;1;1;2;2;1;2;3;2; ;1;2;1;4;1;1;2;1;1;2;1;1;01;17;07;17;247,139875070833
4677545;1;4;2;1;1;1;1;1;3;1; ; ;140000000;650000; ;2;1;1;1;1;1;1;2;2;2;1;2;2;1;2;2;2;2;2;2;2;1;3;3;2; ;1;2;1;4;1;3;1;1;1;2;1;1;01;17;07;17;159,611720037936
4677637;1;4;3;1;1;1;1;1;3;4; ; ; ;700000; ;1;1;1;1;1;1;1;2;2;2;1;1;1;1;2;2;1;2;2;2;2;1;5;6;2; ;1;1;1;4;1;2;1;1;1;3;1;1;01;23;07;23;88,4541300916001
4677638;1;5;4;2;2;1;1;1;3;1; ; ;45000000;500000; ;2;1;2;1;1;1;1;2;2;2;1;2;2;2;2;2;1;1;2;2;2;1;4;8;2; ;1;1;1;2;1;1;1;2;1;3;1;1;01;23;07;23;100,922546900033
4677638;2;5;1;2;2;1;1;6; ;3; ; ; ; ;120000;2;1;2;2;1;1;1;2;2;2;1;2;2;2;2;2;1;2;2;2;2;1;1;1;2; ;2;1;1;2;1;1;1;2;1;3;1;1;01;23;07;23;100,922546900033
4677639;1;4;3;1;1;1;1;1;3;1; ; ;98;600000; ;2;1;1;1;1;1;1;1;2;2;1;2;2;2;2;2;1;2;2;2;2;1;4;5;2; ;1;1;1;4;1;2;1;1;1;3;1;1;01;23;07;23;141,245423165609
4677640;1;3;2;1;1;1;1;1;3;3; ; ; ; ;400000;2;1;1;1;1;1;1;2;2;2;1;2;1;2;2;2;1;1;2;2;2;1;2;4;2; ;1;1;1;4;1;3;1;1;1;3;1;1;01;23;07;23;194,814532804896
4677641;1;5;4;1;1;1;1;1;3;1; ; ;120000000;600000; ;2;1;2;1;1;1;1;2;2;2;1;2;1;2;2;2;1;2;1;2;2;1;3;9;2; ;1;1;1;4;1;3;1;1;1;3;1;1;01;23;07;23;76,5928938356147
4677642;1;5;3;1;1;1;1;1;3;4; ; ; ;600000; ;2;1;1;1;1;1;1;2;1;2;1;2;1;1;2;1;1;2;2;1;1;1;2;3;2; ;1;2;1;4;1;3;1;1;1;3;1;1;01;23;07;23;135,657735611028
4677643;1;3;2;1;1;1;1;1;3;4; ; ; ;400000; ;1;1;1;1;1;1;1;2;2;2;1;2;2;1;2;1;1;2;1;2;2;1;3;4;2; ;1;2;1;4;1;3;1;1;1;3;1;1;01;23;07;23;194,814532804896
4677644;1;4;3;1;1;1;1;1;3;1; ; ;70000000;500000; ;1;1;1;1;1;1;1;1;1;2;1;1;1;1;2;2;1;1;1;1;2;1;5;5;2; ;1;2;1;4;1;1;1;1;1;3;1;1;01;23;07;23;198,671495069183
4677645;1;4;1;1;1;1;1;1;3;1; ; ;300000000;1200000; ;2;1;1;1;1;1;1;2;2;2;1;2;2;2;2;1;1;2;2;1;2;1;2;2;2; ;1;2;1;4;1;5;1;1;1;3;1;1;01;23;07;23;107,105577452006
4677646;1;3;1;1;1;1;1;1;3;1; ; ;250000000;1000000; ;1;1;1;1;1;1;1;1;1;2;1;1;1;1;2;1;1;2;2;1;1;1;1;1;2; ;1;2;1;4;1;5;1;1;1;3;1;1;01;23;07;23;120,6799367709
4677647;1;4;1;1;1;1;1;1;3;1; ; ;350000000;1000000; ;2;1;1;1;1;1;1;1;1;2;1;2;2;2;2;1;1;2;2;1;1;1;1;1;2; ;1;2;1;4;1;5;1;1;1;3;1;1;01;23;07;23;159,52226776751
4677648;1;4;2;1;1;1;1;1;3;1; ; ;200000000;1200000; ;1;2;1;1;1;1;1;1;2;2;1;2;2;1;2;2;1;2;2;2;1;1;1;2;2; ;1;2;1;4;1;5;1;1;1;3;1;1;01;23;07;23;88,1740858705715
4677649;1;3;2;1;1;1;1;1;3;1; ; ;70000000;450000; ;2;1;2;2;1;1;1;2;2;2;1;2;2;2;2;2;1;2;2;2;2;1;2;5;2; ;1;1;1;2;1;1;1;1;1;3;1;1;01;23;07;23;110,82937993238
4677650;1;5;4;1;1;1;1;1;3;1; ; ;80000000;500000; ;2;1;1;1;1;1;1;2;2;2;1;2;2;2;2;2;1;1;1;2;2;1;5;7;2; ;1;1;1;4;1;1;1;1;1;3;1;1;01;23;07;23;173,6411175469
4677651;1;3;2;2;1;1;1;1;3;3; ; ; ; ;220000;2;1;2;1;1;2;1;1;2;2;1;2;2;2;2;2;1;2;2;2;2;1;2;5;2; ;1;2;1;2;1;1;1;2;1;3;1;1;01;23;07;23;164,161856749884
4677652;1;3;1;2;1;1;1;1;3;3; ; ; ; ;230000;2;1;2;1;1;1;1;1;2;2;1;1;2;2;2;2;1;2;2;2;2;1;2;3;2; ;1;2;1;2;1;1;1;2;1;3;1;1;01;23;07;23;155,815568475928
4677653;1;4;3;2;1;1;1;1;3;1; ; ;65000000;400000; ;2;1;2;1;1;1;1;1;2;2;1;2;2;2;2;2;1;1;1;2;2;1;4;6;2; ;1;1;1;4;1;1;1;2;1;3;1;1;01;23;07;23;159,085608884494
4677654;1;3;2;1;1;1;1;1;3;1; ; ;30000000;350000; ;2;1;1;1;1;1;1;2;2;2;1;2;2;2;2;2;1;1;2;2;2;1;3;3;2; ;1;1;1;1;1;1;1;1;1;3;1;1;01;23;07;23;176,366667494971
4677655;1;3;1;1;1;1;1;1;3;1; ; ;35000000;300000; ;2;1;2;1;1;1;1;2;2;2;1;2;2;2;2;1;2;1;2;2;2;2; ;2;2; ;1;2;1;2;1;1;1;1;1;3;1;1;01;23;07;23;127,016416867181
4677656;1;5;2;1;1;1;1;1;3;1; ; ;150000000;800000; ;1;1;1;1;1;1;1;2;1;2;1;2;1;1;2;1;1;1;2;1;2;1;2;4;2; ;1;2;1;4;1;3;1;1;1;3;1;1;01;23;07;23;197,554470128633
4677657;1;3;1;1;1;1;1;1;3;4; ; ; ;200000; ;2;2;2;2;2;1;1;1;2;2;1;2;2;2;2;2;1;2;2;2;2;1;1;1;2; ;1;1;1;2;1;1;1;1;1;3;1;1;01;23;07;23;159,52226776751
4677658;1;1;1;1;1;1;1;2;3;3; ; ; ; ;200000;2;1;2;2;2;2;1;2;2;2;1;2;2;2;2;2;1;2;2;2;2;2; ;1;2; ;1;4;1;2;1;1;1;1;1;3;1;1;01;23;07;23;139,611428352334
4677659;1;5;3;1;1;1;1;1;3;1; ; ;98;600000; ;2;1;2;1;1;1;1;2;2;2;1;2;1;1;2;2;1;2;1;2;2;1;2;3;2; ;1;1;1;4;1;3;1;1;1;3;1;1;01;23;07;23;145,743365064487
4677660;1;3;2;2;1;1;1;1;4;5; ; ; ;35000000; ;2;1;2;1;1;1;1;2;2;2;1;2;2;2;2;2;1;1;2;2;2;1;2;6;2; ;1;1;5;2;1;1;2;2;1;3;1;1;01;23;07;23;91,9718839806154
4677749;1;4;3;1;1;1;1;1;3;1; ; ;98;400000; ;2;2;2;1;1;1;1;2;2;2;1;2;2;2;2;2;1;2;1;2;2;1;3;4;2; ;1;2;1;4;1;3;1;1;1;3;1;2;01;50;07;50;286,122089985625
4677750;1;4;3;1;1;1;1;1;3;3; ; ; ; ;450000;2;1;2;2;1;1;1;2;2;2;1;2;2;2;2;2;1;2;1;2;2;1;2;4;2; ;1;2;1;4;1;3;1;1;1;3;1;2;01;50;07;50;219,195163809767
4677751;1;5;4;1;1;1;1;1;3;1; ; ;98;600000; ;2;2;1;1;1;1;1;2;2;2;1;1;1;1;2;2;2;1;1;2;2;1;3;6;2; ;1;1;1;4;1;1;1;1;1;3;1;2;01;50;07;50;250,617884944088
4677752;1;5;4;1;1;1;1;1;3;3; ; ; ; ;650000;2;1;2;2;1;1;1;2;2;2;1;2;1;2;2;2;1;1;1;2;2;1;4;6;2; ;1;1;1;4;1;3;1;1;1;3;1;2;01;50;07;50;200,967749504505
4677753;1;4;3;1;1;1;1;1;3;3; ; ; ; ;400000;2;1;1;1;1;1;1;2;2;2;1;2;1;2;2;2;1;2;1;1;2;1;2;4;2; ;1;2;1;4;1;2;1;1;1;3;1;2;01;50;07;50;277,866137766654
4677754;1;4;1;1;1;1;1;1;3;3; ; ; ; ;380000;2;2;2;2;1;1;1;2;2;2;1;2;2;2;2;2;1;2;2;2;2;1;1;1;2; ;1;1;1;2;1;3;1;1;1;3;1;1;01;50;07;50;233,237152766276
4677755;1;4;1;1;1;1;1;6; ;1; ; ;80000000;550000; ;2;2;2;1;1;1;1;2;2;2;1;2;1;2;2;2;2;2;1;2;2;1;1;1;2; ;1;1;1;4;1;3;1;1;1;3;1;2;01;50;07;50;223,200895883586
4677756;1;3;2;1;1;1;1;1;3;1; ; ;98;400000; ;2;2;2;1;1;1;1;2;2;2;1;2;2;2;2;2;2;1;2;2;2;1;2;4;2; ;1;2;1;2;1;2;1;1;1;3;1;1;01;50;07;50;153,945630633289
4677757;1;3;2;1;1;1;1;1;3;3; ; ; ; ;450000;2;2;2;1;1;1;1;2;2;2;1;2;2;2;2;2;1;2;2;2;2;1;3;5;2; ;1;2;1;4;1;2;1;1;1;3;1;2;01;50;07;50;221,18789552722
4677758;1;3;2;1;1;1;1;1;3;1; ; ;120000000;600000; ;2;2;1;1;1;1;1;2;2;2;1;2;2;2;2;2;2;2;2;2;2;1;3;5;2; ;1;1;1;4;1;2;1;1;1;3;1;1;01;50;07;50;248,625153226635
4677759;1;3;2;1;1;1;1;1;3;1; ; ;80000000;650000; ;2;1;1;1;1;1;1;2;2;2;1;2;1;2;2;2;1;2;1;2;2;1;3;3;2; ;1;1;1;2;1;2;1;1;1;3;1;1;01;50;07;50;214,884945627807
4677760;1;2;1;1;2;1;1;1;3;1; ; ;300000000;500000; ;1;1;1;1;1;1;1;2;2;2;1;2;2;2;2;2;1;2;1;2;2;1;1;1;2; ;1;2;1;4;1;3;1;1;1;3;1;1;01;50;07;50;216,87767734526
4677760;2;2;2;1;2;1;1;1;3;3; ; ; ; ;200000;2;2;2;2;1;1;1;2;2;2;1;2;2;2;2;2;2;1;1;2;2;1;1;3;2; ;2;2;1;4;1;3;1;1;1;3;1;1;01;50;07;50;216,87767734526
4677761;1;3;1;1;1;1;1;6; ;4; ; ; ;350000; ;2;2;2;1;1;2;2;2;2;2;1;2;1;2;2;2;1;2;2;2;2;1;1;1;2; ;1;1;1;4;1;1;2;1;1;3;1;2;01;50;07;50;467,23543358535
4677762;1;5;4;1;1;1;1;1;3;4; ; ; ;450000; ;2;2;2;1;1;1;1;2;2;2;1;2;2;2;2;2;1;2;1;2;2;1;3;5;2; ;1;1;1;2;1;1;1;1;1;3;1;2;01;50;07;50;545,408898869021
4677763;1;4;3;1;1;1;1;1;3;3; ; ; ; ;350000;2;1;2;2;1;1;1;2;2;2;1;2;2;2;2;2;2;2;2;2;2;1;2;7;2; ;1;2;1;4;1;1;1;1;1;3;1;1;01;50;07;50;760,041292798374
4677764;1;4;3;1;1;1;10;1;3;1; ; ;99;350000; ;2;2;2;2;1;1;2;2;2;2;1;2;2;2;2;2;1;2;2;2;2;1;4;4;2; ;1;2;1;2;1;1;1;1;1;3;1;2;01;50;07;50;433,442119141743
4677765;1;3;3;1;1;1;1;1;3;3; ; ; ; ;200000;2;1;2;1;2;1;1;2;2;2;1;2;2;2;2;2;2;1;1;2;2;1;2;6;2; ;1;2;1;4;1;1;1;1;1;3;1;1;01;50;07;50;523,349598636606
4677766;1;4;3;1;1;1;1;1;3;1; ; ;100000000;550000; ;2;1;2;2;1;1;1;2;2;2;1;1;1;1;2;2;1;1;1;2;2;1;2;4;2; ;1;1;1;4;1;1;1;1;1;3;1;2;01;50;07;50;488,013877244074
4677767;1;3;2;1;1;1;1;1;3;3; ; ; ; ;300000;2;2;2;1;1;1;1;2;2;2;1;2;2;2;2;2;2;2;2;2;2;1;2;2;2; ;1;2;1;4;1;1;1;1;1;3;1;1;01;50;07;50;425,471192271932
4677768;1;4;1;1;1;1;1;6; ;4; ; ; ;500000; ;2;2;2;1;1;1;1;2;2;2;1;2;2;2;2;2;2;2;2;2;2;1;1;1;2; ;1;2;1;4;1;3;1;1;1;3;1;2;01;50;07;50;157,951362707108
4677769;1;3;2;1;1;1;1;1;3;3; ; ; ; ;350000;2;1;1;1;1;1;1;2;2;2;1;1;2;1;2;2;1;1;2;2;2;1;3;3;1;1;1;1;1;4;1;2;1;1;1;3;1;1;01;50;07;50;172,129700799093
4677770;1;3;2;1;1;1;1;1;3;3; ; ; ; ;600000;2;1;1;1;1;1;1;2;2;2;1;1;1;2;2;2;1;2;2;2;2;1;3;5;2; ;1;2;1;4;1;4;1;1;1;3;1;2;01;50;07;50;257,364581136344
4677771;1;2;1;1;1;1;1;6; ;3; ; ; ; ;400000;2;1;1;2;1;2;2;2;2;2;1;2;2;1;2;2;2;2;2;2;2;1;1;1;2; ;1;2;1;4;1;3;2;1;1;3;1;1;01;50;07;50;223,044278109197
4677772;1;3;2;1;1;1;1;1;3;1; ; ;80000000;450000; ;1;1;1;1;1;1;1;2;2;2;1;2;1;1;2;2;2;2;2;2;2;1;2;4;2; ;1;1;1;4;1;2;1;1;1;3;1;2;01;50;07;50;277,866137766654
4677773;1;4;3;1;1;1;1;1;3;3; ; ; ; ;400000;2;2;1;1;1;1;1;2;2;2;1;1;1;1;2;2;1;2;1;2;2;1;2;3;2; ;1;1;1;4;1;3;1;1;1;3;1;1;01;50;07;50;429,769891255615
4677774;1;2;1;1;1;1;1;1;3;1; ; ;98;98; ;2;2;2;2;1;1;1;2;2;2;1;2;2;2;2;2;2;2;2;2;2;1;2;2;2; ;1;1;1;4;1;3;1;1;1;3;1;2;01;50;07;50;170,517533108039
4677775;1;1;1;1;2;1;1;1;3;3; ; ; ; ;99;2;2;2;2;1;2;1;2;2;2;1;2;2;2;2;2;2;2;2;2;2;1;1;1;2; ;1;1;1;4;1;3;1;1;1;3;1;2;01;50;07;50;245,803323167207
4677775;2;1;1;1;2;1;1;6; ;3; ; ; ; ;99;2;2;2;2;1;2;2;2;2;2;1;2;2;2;2;2;2;2;2;2;2;1;1;1;2; ;2;1;1;4;1;3;1;1;1;3;1;2;01;50;07;50;245,803323167207
4677776;1;4;1;1;1;1;1;1;3;1; ; ;120000000;280000; ;2;2;2;2;1;1;1;2;2;2;1;1;2;2;2;2;1;2;2;2;2;1;1;1;2; ;1;1;1;4;1;2;1;1;1;3;1;1;01;50;07;50;157,951362707108
4677777;1;4;1;1;1;1;1;1;3;1; ; ;200000000;900000; ;2;1;1;1;1;1;1;1;2;2;1;1;2;1;2;2;1;2;2;2;2;1;1;2;2; ;1;1;1;4;1;2;1;1;1;3;1;1;01;50;07;50;340,27393816328
4677778;1;5;3;1;1;1;1;1;3;3; ; ; ; ;600000;2;1;1;1;1;1;1;2;2;2;1;1;1;1;2;2;1;1;1;1;2;1;3;3;2; ;1;1;1;4;1;2;1;1;1;3;1;2;01;50;07;50;475,519596003938
4677779;1;4;3;1;1;1;1;1;3;3; ; ; ; ;600000;2;1;1;1;1;1;1;1;2;2;1;2;1;1;2;2;1;2;1;2;2;1;5;8;2; ;1;2;1;4;1;3;1;1;1;3;1;1;01;50;07;50;251,041362598018
4677780;1;4;3;1;1;1;1;1;3;3; ; ; ; ;400000;1;1;1;1;1;1;1;1;1;2;1;1;1;1;2;2;1;1;1;2;2;1;2;4;2; ;1;2;1;4;1;2;1;1;1;3;1;1;01;50;07;50;438,390327619534
4677781;1;3;2;1;1;1;1;1;3;1; ; ;240000000;1000000; ;2;2;1;1;1;1;1;2;2;2;1;2;1;2;2;2;2;1;1;2;2;1;2;3;2; ;1;1;1;4;1;2;1;1;1;3;1;1;01;50;07;50;430,531019308412
4677783;1;4;2;1;1;1;1;1;3;1; ; ;250000000;500000; ;2;1;1;1;1;1;1;2;2;2;1;2;1;2;2;2;1;2;1;1;2;1;2;2;2; ;1;2;1;4;1;2;1;1;1;3;1;2;01;50;07;50;470,773004516235
4677784;1;3;2;1;1;1;1;1;3;3; ; ; ; ;400000;2;2;1;1;1;1;1;2;2;2;1;1;1;1;2;2;1;1;2;2;2;1;2;4;2; ;1;2;1;4;1;2;1;1;1;3;1;1;01;50;07;50;488,013877244074
4677785;1;4;3;1;1;1;1;1;3;3; ; ; ; ;350000;2;1;2;2;1;1;1;2;2;2;1;2;2;2;2;2;2;2;1;2;2;1;3;6;2; ;1;2;1;4;1;2;1;1;1;3;1;1;01;50;07;50;211,259777580387
4677787;1;6;4;1;1;1;1;1;3;1; ; ;98;500000; ;1;1;1;1;1;1;1;1;2;2;1;1;2;1;2;2;1;1;2;1;2;1;3;6;2; ;1;2;1;4;1;3;1;1;1;3;1;1;01;50;07;50;180,738617964735
4677788;1;3;2;1;1;1;1;1;3;3; ; ; ; ;450000;2;1;1;1;1;1;1;2;2;2;1;2;1;2;2;2;1;1;1;2;2;1;4;6;2; ;1;2;1;4;1;3;1;1;1;3;1;2;01;50;07;50;260,529348993571
4677790;1;2;1;1;1;1;1;1;4;4; ; ; ;500000; ;2;2;1;1;1;1;1;2;2;2;1;2;2;1;2;2;2;2;1;2;2;1;1;1;2; ;1;2;1;4;1;3;1;1;1;3;1;2;01;50;07;50;233,237152766276
4677791;1;3;2;1;1;1;1;1;3;2; ;300000;98;500000; ;2;1;2;1;1;1;1;2;2;2;1;2;2;1;2;2;2;1;1;2;2;1;2;3;2; ;1;1;1;4;1;3;1;1;1;3;1;1;01;50;07;50;273,555919584694
4677792;1;3;2;1;1;1;1;1;3;4; ; ; ;500000; ;2;1;2;1;1;1;1;2;2;2;1;1;1;1;2;2;1;1;1;2;2;1;2;2;2; ;1;2;1;4;1;3;1;1;1;3;1;1;01;50;07;50;235,229884483729
4677793;1;3;2;1;1;1;1;1;3;3; ; ; ; ;650000;2;2;1;1;1;1;1;2;2;2;1;1;2;2;2;2;1;2;1;2;2;1;2;4;2; ;1;2;1;4;1;3;1;1;1;3;1;2;01;50;07;50;244,006938622037
4677794;1;2;1;1;1;1;1;1;3;1; ; ;160000000;500000; ;2;2;2;2;1;1;1;2;2;2;1;2;2;2;2;2;2;2;2;2;2;1;1;1;2; ;1;2;1;2;1;3;1;1;1;3;1;1;01;50;07;50;157,951362707108
4677795;1;3;2;1;1;1;1;1;3;4; ; ; ;600000; ;2;2;1;1;1;1;1;1;2;2;1;2;1;1;2;2;1;2;2;2;2;1;2;4;2; ;1;2;1;4;1;3;1;1;1;3;1;1;01;50;07;50;275,548651302147
4677796;1;3;2;1;1;1;1;1;3;3; ; ; ; ;600000;1;1;1;1;1;1;1;2;2;2;1;2;1;1;2;2;1;1;1;2;2;1;2;3;2; ;1;2;1;4;1;3;1;1;1;3;1;1;01;50;07;50;239,696720440077
4677797;1;2;1;1;1;1;1;1;3;1; ; ;110000000;550000; ;2;1;2;1;1;1;1;2;2;2;1;2;1;2;2;2;1;2;2;2;2;1;1;2;2; ;1;2;1;4;1;3;1;1;1;3;1;2;01;50;07;50;159,944094424561
4677798;1;3;2;1;1;1;1;1;3;3; ; ; ; ;1000000;2;1;1;1;1;1;1;2;2;2;1;1;2;1;2;2;1;2;1;2;2;1;2;2;2; ;1;1;1;4;1;3;1;1;1;3;1;1;01;50;07;50;225,350245375427
4677799;1;6;4;1;1;1;1;1;3;1; ; ;150000000;500000; ;1;1;1;1;1;1;1;2;2;2;1;2;1;2;1;2;2;1;1;2;2;1;4;6;2; ;1;1;1;4;1;3;1;1;1;3;1;2;01;50;07;50;236,071552392657
4677800;1;3;2;1;1;1;1;1;3;3; ; ; ; ;650000;2;2;2;1;1;1;1;2;2;2;1;1;1;1;2;2;1;2;2;2;2;1;2;4;2; ;1;2;1;4;1;3;1;1;1;3;1;1;01;50;07;50;277,866137766654
4677801;1;3;1;1;1;1;1;1;3;3; ; ; ; ;550000;2;2;1;1;1;2;1;1;2;2;1;2;2;1;2;2;1;2;1;2;2;1;1;1;2; ;1;1;1;4;1;3;1;1;1;3;1;2;01;50;07;50;233,237152766276
4677802;1;3;2;1;1;1;1;1;3;1; ; ;187000000;500000; ;2;1;1;1;1;1;1;1;2;2;1;2;1;2;2;2;1;1;2;2;2;2; ;4;2; ;1;2;1;4;1;3;1;1;1;3;1;1;01;50;07;50;376,370787608611
4677803;1;2;1;1;1;1;1;1;3;3; ; ; ; ;400000;2;2;1;1;1;1;1;2;2;2;1;2;2;2;2;2;2;2;2;2;2;1;1;1;2; ;1;2;1;4;1;2;1;1;1;3;1;1;01;50;07;50;157,951362707108
4677804;1;3;2;1;1;1;1;1;3;4; ; ; ;450000; ;2;2;2;2;1;1;1;2;2;2;1;2;2;2;2;2;1;2;2;2;2;1;3;4;2; ;1;1;1;4;1;2;1;1;1;3;1;1;01;50;07;50;209,002289152688
4677805;1;4;3;1;1;1;1;1;3;3; ; ; ; ;500000;2;2;2;1;1;1;1;2;2;2;1;1;1;2;2;2;2;2;1;2;2;1;3;5;2; ;1;2;1;4;1;3;1;1;1;3;1;1;01;50;07;50;487,364367749965
4677806;1;4;2;1;1;1;1;1;3;3; ; ; ; ;600000;2;2;2;1;1;1;1;2;2;2;1;2;2;2;2;2;1;2;1;2;2;1;2;2;1;1;1;1;1;4;1;3;1;1;1;3;1;1;01;50;07;50;225,350245375427
4677807;1;4;3;1;1;1;1;1;3;1; ; ;150000000;600000; ;2;2;2;1;1;1;1;2;2;2;1;1;2;1;2;2;1;2;2;1;2;1;3;4;2; ;1;1;1;4;1;2;1;1;1;3;1;2;01;50;07;50;483,37890431506
4677808;1;3;1;1;1;1;1;1;3;3; ; ; ; ;450000;2;1;2;1;1;1;1;1;2;2;1;1;1;2;2;2;1;1;2;2;2;1;2;4;2; ;1;1;1;4;1;2;1;1;1;3;1;1;01;50;07;50;244,006938622037
4677809;1;3;2;1;1;1;1;1;3;3; ; ; ; ;450000;2;1;1;1;1;1;1;2;2;2;1;2;2;2;2;2;1;1;2;2;2;1;2;4;2; ;1;1;1;2;1;2;1;1;1;3;1;1;01;50;07;50;244,006938622037
4677810;1;3;2;1;1;1;1;1;3;1; ; ;110000;200000; ;2;2;2;1;2;1;1;2;2;2;1;2;1;2;2;2;2;2;2;2;2;2; ;3;2; ;1;2;1;4;1;3;1;1;1;3;1;1;01;50;07;50;515,977859083477
4677811;1;4;3;1;1;1;1;1;3;4; ; ; ;500000; ;1;1;1;1;1;1;1;2;2;2;1;1;1;1;2;2;1;2;1;2;2;1;4;6;2; ;1;2;1;4;1;3;1;1;1;3;1;1;01;50;07;50;339,353137782895
4677812;1;3;2;1;1;1;1;1;3;3; ; ; ; ;600000;2;1;1;1;1;1;1;2;2;2;1;2;1;2;2;2;1;2;2;1;2;1;2;3;2; ;1;1;1;4;1;3;1;1;1;3;1;1;01;50;07;50;273,555919584694
4677813;1;3;2;1;1;1;1;1;3;3; ; ; ; ;450000;2;1;1;1;1;1;1;2;2;2;1;2;1;1;2;2;1;2;2;1;2;1;3;4;2; ;1;1;1;4;1;2;1;1;1;3;1;1;01;50;07;50;253,054362954384
4677814;1;3;2;1;1;1;1;1;3;1; ; ;98;98; ;2;1;2;1;1;1;1;2;2;2;1;2;2;2;2;2;1;2;2;2;2;1;1;2;2; ;1;1;1;2;1;2;1;1;1;3;1;2;01;50;07;50;170,13696908164
4677815;1;3;1;1;1;1;1;1;3;1; ; ;70000000;350000; ;2;2;2;1;1;1;1;2;2;2;1;2;1;2;2;2;1;2;1;2;2;2; ;1;2; ;1;1;1;4;1;2;1;1;1;3;1;1;01;50;07;50;223,200895883586
4677816;1;4;2;1;1;1;1;1;3;1; ; ;98000000;350000; ;2;2;2;1;1;1;1;2;2;2;1;1;1;2;2;2;1;2;2;2;2;1;3;3;2; ;1;1;1;4;1;2;1;1;1;3;1;1;01;50;07;50;182,703139482571
4677817;1;3;1;1;1;1;1;1;3;3; ; ; ; ;350000;2;1;2;2;2;1;1;2;2;2;1;2;2;2;2;2;2;2;2;2;2;1;1;2;2; ;1;2;1;2;1;2;1;1;1;3;1;2;01;50;07;50;425,471192271932
4677818;1;2;2;1;1;1;1;1;3;3; ; ; ; ;300000;2;1;1;2;1;1;1;2;2;2;1;2;2;2;2;2;1;1;2;2;2;1;1;3;2; ;1;2;1;4;1;1;1;1;1;3;1;2;01;50;07;50;299,539730536739
4677819;1;2;1;1;1;1;1;6; ;3; ; ; ; ;380000;2;2;2;2;1;1;1;2;2;2;1;1;1;1;2;2;1;2;1;2;2;1;1;2;2; ;1;1;1;4;1;1;1;1;1;3;1;2;01;50;07;50;235,229884483729
4677820;1;6;5;1;1;1;1;1;3;4; ; ; ;350000; ;1;2;1;1;2;1;1;2;2;2;1;2;2;1;2;2;1;2;1;2;2;1;4;6;2; ;1;1;1;4;1;2;1;1;1;3;1;2;01;50;07;50;186,572795601324
4677821;1;5;2;1;1;1;1;1;3;1; ; ;98;800000; ;2;1;1;1;1;1;1;2;2;2;1;2;1;1;2;2;1;2;1;2;2;1;3;3;2; ;1;1;1;4;1;3;1;1;1;3;1;2;01;50;07;50;214,728327853419
4677822;1;2;2;1;1;1;1;1;4;3; ; ; ; ;600000;2;2;1;1;1;1;1;2;2;2;1;1;2;1;2;2;2;2;2;2;2;1;2;3;2; ;1;2;1;4;1;3;2;1;1;3;1;2;01;50;07;50;263,519662702004
4677823;1;2;1;1;1;1;1;4;4;3; ; ; ; ;400000;2;1;2;1;1;1;1;2;2;2;1;2;2;2;2;2;1;2;2;2;2;1;1;1;2; ;1;2;1;2;1;2;2;1;1;3;1;1;01;50;07;50;157,951362707108
4677824;1;2;1;1;1;1;1;1;3;3; ; ; ; ;350000;2;2;2;2;1;1;1;2;2;2;1;2;2;2;2;2;1;2;2;2;2;1;2;2;2; ;1;2;1;4;1;3;1;1;1;3;1;2;01;50;07;50;235,386502258118
4677825;1;4;3;1;1;1;1;1;3;3; ; ; ; ;300000;2;1;2;2;1;1;1;2;2;2;1;2;2;2;2;2;2;2;2;2;2;1;1;8;2; ;1;2;1;4;1;2;1;1;1;3;1;1;01;50;07;50;350,315047662141
4677826;1;3;2;1;1;1;1;6; ;1; ; ;220000000;800000; ;2;1;1;1;1;1;1;2;2;2;1;2;2;1;2;2;1;1;2;2;2;1;3;3;2; ;1;1;1;4;1;3;1;1;1;3;1;2;01;50;07;50;214,884945627807
4677827;1;4;3;1;1;1;1;1;3;1; ; ;150000000;600000; ;2;1;2;1;1;1;1;2;2;2;1;2;2;2;2;2;2;2;1;2;2;1;3;3;2; ;1;1;1;4;1;3;1;1;1;3;1;2;01;50;07;50;182,322575456172
4677828;1;5;2;1;1;1;1;1;3;3; ; ; ; ;600000;1;1;1;1;1;1;1;1;2;2;1;2;1;1;2;2;1;2;2;2;2;1;4;4;2; ;1;1;1;4;1;2;1;1;1;3;1;2;01;50;07;50;433,75535469052
4677830;1;4;2;1;1;1;1;1;3;3; ; ; ; ;780000;1;1;1;1;1;1;1;2;2;2;1;1;1;1;2;2;1;1;2;2;2;1;2;3;2; ;1;1;1;4;1;2;1;1;1;3;1;2;01;50;07;50;459,007691565996
4677831;1;4;3;1;1;1;1;1;4;3; ; ; ; ;875000;2;1;1;1;1;1;1;2;1;1;1;1;1;1;2;2;2;2;1;2;2;1;3;3;2; ;1;1;1;4;1;3;2;1;1;3;1;1;01;52;07;52;181,142264242078
4677832;1;4;3;1;1;1;1;1;4;1; ; ;120000000;600000; ;1;1;1;1;1;1;1;1;1;1;1;1;1;1;1;2;2;1;1;1;1;1;3;4;2; ;1;1;1;4;1;3;2;1;1;3;1;1;01;52;07;52;220,610791292561
4677833;1;3;2;1;1;1;1;1;4;4; ; ; ;98; ;2;1;1;1;1;1;1;2;1;1;1;2;2;1;2;2;2;1;1;1;2;1;3;3;2; ;1;2;1;4;1;3;2;1;1;3;1;1;01;52;07;52;181,142264242078
4677834;1;4;1;1;1;1;1;1;4;4; ; ; ;500000; ;2;1;2;2;1;1;1;2;1;2;1;2;2;2;2;2;2;2;2;2;2;1;1;1;2; ;1;2;1;4;1;3;2;1;1;3;1;1;01;52;07;52;160,448605369787
4677835;1;4;3;1;1;1;1;1;4;2; ;700000;120000000;600000; ;1;1;1;1;1;1;1;1;1;1;1;2;2;1;2;2;2;2;2;1;2;1;4;4;2; ;1;2;1;4;1;3;2;1;1;3;1;1;01;52;07;52;191,085971547748
4677836;1;4;3;1;1;1;1;1;4;2; ;450000;130000000;600000; ;2;1;1;2;1;1;1;2;1;1;1;1;1;1;2;2;2;2;2;1;2;1;4;5;2; ;1;2;1;4;1;3;2;1;1;3;1;1;01;52;07;52;230,50271495767
4677837;1;4;3;1;1;1;1;1;4;3; ; ; ; ;700000;2;1;1;1;1;1;1;1;2;1;1;1;1;1;2;2;2;1;1;1;1;1;3;4;2; ;1;2;1;4;1;3;2;1;1;3;1;1;01;52;07;52;237,651467611892
4677838;1;3;2;1;1;1;1;1;4;3; ; ; ; ;300000;2;2;2;1;1;1;1;2;2;2;1;2;1;2;2;2;2;2;1;2;2;1;3;4;2; ;1;2;1;4;1;2;2;1;1;3;1;1;01;52;07;52;198,104342279648
4677840;1;1;1;1;2;1;1;1;4;3; ; ; ; ;140000;2;2;2;2;2;1;1;2;2;2;1;1;1;2;2;2;2;1;2;2;2;1;1;3;2; ;1;3;3;2;1;1;2;1;1;3;1;1;01;52;07;52;263,472169132339
4677841;1;2;2;1;1;1;1;1;4;1; ; ;98;300000; ;2;1;2;2;2;1;1;2;2;2;1;2;2;2;2;2;2;2;2;2;2;1;3;7;2; ;1;2;1;2;1;1;2;1;1;3;1;1;01;52;07;52;367,710626897667
4677842;1;4;3;1;1;1;1;1;4;3; ; ; ; ;400000;2;1;1;1;1;1;1;2;1;1;1;2;1;1;2;2;2;2;2;1;2;1;3;4;2; ;1;2;1;4;1;2;2;1;1;3;1;1;01;52;07;52;285,900019863491
4677843;1;4;2;1;1;1;1;1;4;2; ;550000;150000000;600000; ;1;1;1;1;1;1;1;2;2;1;1;2;2;1;2;2;2;1;2;2;2;1;2;2;2; ;1;2;1;4;1;3;2;1;1;3;1;1;01;52;07;52;165,732784242825
4677844;1;1;1;1;2;1;1;6; ;3; ; ; ; ;100000;2;2;2;2;2;2;2;2;2;2;1;1;1;2;2;2;2;2;2;2;2;1;1;1;2; ;1;3;3;2;1;1;2;1;1;3;1;1;01;52;07;52;214,888017435905
4677845;1;1;1;1;2;1;1;1;4;3; ; ; ; ;150000;2;2;2;2;2;1;1;2;2;2;1;2;1;2;2;2;2;2;2;2;2;1;2;4;2; ;1;3;1;2;1;1;2;1;1;3;1;1;01;52;07;52;248,792371659251
4677846;1;4;2;1;1;1;1;1;4;2; ;1000000;130000000;600000; ;2;1;2;1;1;1;1;2;1;1;1;2;1;1;2;2;2;2;2;1;2;1;2;2;2; ;1;2;1;4;1;3;2;1;1;3;1;1;01;52;07;52;159,490712530084
4677847;1;2;2;1;1;1;1;1;4;3; ; ; ; ;250000;2;2;1;2;1;1;1;2;2;2;1;2;1;2;2;2;2;2;2;2;2;1;1;3;2; ;1;2;1;4;1;2;2;1;1;3;1;1;01;52;07;52;205,201311293309
4677848;1;3;2;1;1;1;1;1;4;3; ; ; ; ;660000;2;2;2;1;1;1;1;2;2;1;1;1;2;1;2;2;2;1;2;2;2;1;2;2;2; ;1;2;1;4;1;3;2;1;1;3;1;1;01;52;07;52;248,062689133086
4677849;1;3;2;1;1;1;1;1;4;1; ; ;120000000;400000; ;1;1;2;2;1;1;1;2;2;2;1;2;2;2;2;2;2;1;1;2;2;1;2;5;2; ;1;2;1;4;1;2;2;1;1;3;1;1;01;52;07;52;208,986140573227
4677850;1;4;1;1;1;1;1;1;4;3; ; ; ; ;600000;1;2;1;1;1;1;1;2;2;1;1;1;1;1;2;2;2;2;2;1;2;1;2;2;2; ;1;2;1;4;1;3;2;1;1;3;1;1;01;52;07;52;158,714413510926
4677851;1;4;2;1;1;1;1;1;4;3; ; ; ; ;700000;2;2;1;2;2;2;1;2;2;1;1;2;1;1;2;2;2;2;2;2;2;1;2;2;2; ;1;2;1;4;1;3;2;1;1;3;1;1;01;52;07;52;231,073796454317
4677852;1;1;1;1;2;1;1;1;4;4; ; ; ;80000; ;2;2;2;2;1;1;1;2;2;2;1;2;1;1;2;2;2;2;1;2;2;1;3;4;2; ;1;4;1;4;1;1;2;1;1;3;1;1;01;52;07;52;220,610791292561
4677853;1;1;1;1;2;1;1;1;4;4; ; ; ;150000; ;2;2;2;2;2;1;1;2;2;2;1;2;2;2;2;2;2;2;2;2;2;1;1;3;2; ;1;4;3;2;1;1;2;1;1;3;1;1;01;52;07;52;205,201311293309
4677854;1;2;2;1;2;1;1;1;4;5; ; ; ;150000; ;1;1;1;1;1;1;1;2;2;2;1;1;2;1;2;2;2;2;2;2;2;1;1;3;2; ;1;4;1;2;1;1;2;1;1;3;1;1;01;52;07;52;161,023508716608
4677855;1;1;1;1;2;1;1;1;5;1; ; ;40000000;98; ;2;2;2;2;2;2;1;2;2;2;2;2;2;2;2;2;2;2;2;2;2;2; ;2;2; ;1;4;1;4;1;1;2;1;1;3;1;1;01;52;07;52;161,98140155631
4677856;1;3;2;1;1;1;1;1;3;1; ; ;98;150000; ;1;2;2;2;1;1;1;2;2;2;1;2;2;2;2;2;2;2;1;1;2;1;2;4;2; ;1;1;3;4;1;1;1;1;1;3;1;1;01;52;07;52;159,929307513702
4677857;1;2;2;1;1;1;1;1;4;3; ; ; ; ;150000;2;2;2;2;2;1;1;2;2;2;1;2;2;2;2;2;2;2;1;2;2;2; ;2;2; ;1;2;1;4;1;1;2;1;1;3;1;1;01;52;07;52;176,634384388198
4677858;1;3;2;1;1;1;1;3;3;4; ; ; ;100000; ;1;1;1;1;2;1;1;2;2;2;1;2;2;1;2;2;2;2;2;2;2;1;2;7;2; ;1;1;1;2;1;1;1;1;1;3;1;1;01;52;07;52;351,498033238056
4677859;1;1;1;1;2;1;1;1;4;4; ; ; ;60000; ;2;1;2;2;2;1;1;2;2;2;1;2;1;2;2;2;2;2;2;2;2;1;1;2;2; ;1;4;1;2;1;1;2;1;1;3;1;1;01;52;07;52;182,773460562156
4677860;1;1;1;1;2;1;1;1;4;4; ; ; ;150000; ;2;2;2;1;2;2;1;2;2;2;1;2;2;2;2;2;2;2;1;2;2;1;2;4;2; ;1;4;3;2;1;1;2;1;1;3;1;1;01;52;07;52;191,085971547748
4677861;1;3;2;1;1;1;1;1;4;3; ; ; ; ;300000;2;2;2;2;2;1;1;2;2;2;1;2;2;2;2;2;2;2;2;2;2;1;2;3;2; ;1;2;1;3;1;2;2;1;1;3;1;1;01;52;07;52;264,248468151497
4677862;1;4;2;1;1;1;1;1;4;1; ; ;800000;300000; ;2;1;1;2;1;1;1;2;2;2;1;2;2;2;2;2;2;2;2;2;2;1;1;2;1;1;1;2;1;4;1;2;2;1;1;3;1;1;01;52;07;52;248,062689133086
4677863;1;2;2;2;1;1;1;5;4;3; ; ; ; ;120000;2;2;2;2;1;2;1;2;2;2;1;2;2;2;2;2;1;2;2;2;2;1;3;5;2; ;1;2;1;2;1;2;2;2;1;3;1;2;01;54;07;54;350,084156526866
4677864;1;4;1;1;1;1;1;1;3;3; ; ; ; ;200000;2;2;2;2;1;1;1;2;2;2;1;1;2;2;2;2;1;2;1;2;2;1;2;3;2; ;1;1;1;4;1;2;1;1;1;3;1;2;01;54;07;54;375,375118602039
4677865;1;4;3;1;1;1;1;1;3;1; ; ;60000000;98; ;2;1;1;1;1;1;1;2;2;2;1;2;1;1;2;2;1;2;1;2;2;1;2;4;2; ;1;1;1;2;1;1;1;1;1;3;1;2;01;54;07;54;729,244755557583
4677866;1;2;2;1;1;1;1;2;4;5; ; ; ;250000; ;2;2;2;1;1;1;1;2;2;2;1;1;1;2;2;2;1;2;1;2;2;1;1;7;2; ;1;1;1;2;1;1;2;1;1;3;1;2;01;54;07;54;1020,07095219904
4677867;1;2;1;1;1;1;9;4;4;5; ; ; ;300000; ;2;2;2;2;2;2;1;2;2;2;2;2;2;2;2;2;2;2;2;2;2;1;1;2;1;1;1;1;1;2;1;1;2;1;1;3;2; ;01;54;07;54;745,564815044069
4677868;1;4;2;1;1;1;1;1;4;3; ; ; ; ;200000;2;2;2;1;2;1;1;2;2;2;1;2;2;2;2;2;1;2;1;2;2;1;2;4;2; ;1;1;1;4;1;2;2;1;1;3;1;2;01;54;07;54;361,76835613268
4677869;1;2;1;1;1;1;1;1;3;1; ; ;98;98; ;2;2;2;1;2;1;1;2;2;2;1;2;2;2;2;2;1;1;2;2;2;2; ;2;2; ;1;2;1;4;1;1;1;1;1;3;1;2;01;54;07;54;349,356858033031
4677870;1;3;2;1;1;1;1;2;4;5; ; ; ;250000; ;2;2;2;1;1;1;1;2;2;2;1;2;2;2;2;2;1;1;2;2;2;1;2;2;2; ;1;1;1;2;1;1;1;1;1;3;1;2;01;54;07;54;377,970173399609
4677871;1;4;3;1;1;1;1;1;3;4; ; ; ;180000; ;2;2;2;1;2;1;1;1;2;2;1;2;1;2;2;2;1;2;2;2;2;1;1;4;2; ;1;2;1;4;1;1;1;1;1;3;1;2;01;54;07;54;404,897308731114
4677872;1;3;2;1;1;1;1;1;3;1; ; ;98;300000; ;2;2;2;2;1;1;1;2;2;2;1;2;2;2;2;2;1;2;2;2;2;1;1;3;2; ;1;1;1;4;1;1;1;1;1;3;1;2;01;54;07;54;341,175006409493
4677874;1;4;2;1;1;1;1;1;3;4; ; ; ;500000; ;2;2;2;1;1;1;1;2;2;2;1;1;1;2;2;2;1;2;1;1;2;1;3;3;1;1;1;1;1;4;1;4;1;1;1;3;1;2;01;54;07;54;332,246166003605
4677875;1;4;2;1;1;1;1;1;3;5; ; ; ;600000; ;1;1;1;1;1;1;1;1;2;2;1;2;1;1;1;1;1;1;2;2;2;1;2;2;2; ;1;1;1;4;1;4;1;1;1;3;1;2;01;54;07;54;232,383993358414
4677877;1;4;2;1;1;1;1;1;4;5; ; ; ;98; ;2;2;2;1;1;1;1;2;2;2;1;2;2;2;2;2;1;2;2;2;2;1;2;2;2; ;1;1;1;2;1;2;2;1;1;3;1;2;01;54;07;54;297,536209996955
4677878;1;4;3;1;1;1;1;1;3;1; ; ;98;98; ;2;2;1;1;1;1;1;2;2;2;1;2;1;1;2;2;1;2;1;1;2;1;2;3;2; ;1;1;1;4;1;4;1;1;1;3;1;2;01;54;07;54;346,761803235461
4677879;1;4;3;1;1;1;1;1;3;2; ;220000;110000000;600000; ;1;1;1;1;1;1;1;2;2;2;1;2;1;1;2;2;1;2;2;1;2;1;4;4;2; ;1;1;1;4;1;4;1;1;1;3;1;2;01;54;07;54;192,756626602482
4677880;1;4;3;1;1;1;1;1;3;3; ; ; ; ;350000;2;1;2;2;1;1;1;2;2;2;1;1;2;2;2;2;1;2;2;2;2;1;3;4;2; ;1;2;1;4;1;2;1;1;1;3;1;2;01;54;07;54;247,649513104175
4677881;1;4;3;1;1;1;1;1;3;1; ; ;98;600000; ;1;1;1;1;1;1;1;1;1;2;1;1;1;1;2;1;1;1;2;1;2;1;2;4;2; ;1;1;1;4;1;4;1;1;1;3;1;2;01;54;07;54;402,563564499651
4677882;1;3;2;1;1;1;1;1;3;3; ; ; ; ;300000;2;2;2;1;1;1;1;2;2;2;1;2;2;2;2;2;1;1;2;1;2;1;2;3;2; ;1;1;1;2;1;2;1;1;1;3;1;2;01;54;07;54;384,06681403968
4677883;1;4;1;1;2;1;1;1;3;5; ; ; ;200000; ;2;1;2;1;1;1;1;2;2;2;1;1;2;2;2;2;1;2;2;2;2;1;1;2;2; ;1;2;1;4;1;2;1;1;1;3;1;2;01;54;07;54;375,363922861719
4677883;2;1;1;1;2;1;1;2;4;4; ; ; ;150000; ;2;1;2;2;2;2;1;2;2;2;1;2;2;2;2;2;1;2;2;2;2;1;2;4;2; ;2;2;1;4;1;2;1;1;1;3;1;2;01;54;07;54;375,363922861719
4677884;1;5;3;1;1;1;1;1;3;1; ; ;120000000;600000; ;1;1;1;1;1;1;1;2;1;1;1;2;2;1;2;2;1;2;2;1;2;1;2;5;2; ;1;1;1;4;1;3;1;1;1;3;1;2;01;54;07;54;200,25555269145
4677885;1;3;1;1;1;1;1;1;4;1; ; ;99;99; ;2;1;2;1;1;1;1;2;2;2;1;2;2;2;2;2;1;2;1;2;2;1;2;2;2; ;1;1;1;4;1;2;2;1;1;3;1;2;01;54;07;54;302,72397587453
4677886;1;4;3;1;1;1;1;1;3;4; ; ; ;250000; ;2;1;1;1;1;2;1;2;2;2;1;2;2;2;2;2;1;2;2;2;2;1;4;4;2; ;1;1;1;2;1;1;1;1;1;3;1;2;01;54;07;54;809,794617462228
4677887;1;3;2;1;1;1;1;1;3;1; ; ;70000000;350000; ;2;1;1;1;1;1;1;2;2;2;1;2;1;1;2;2;1;2;2;2;2;1;2;3;2; ;1;1;1;4;1;2;1;1;1;3;1;2;01;54;07;54;327,05840012603
4677888;1;3;2;1;1;1;1;1;3;1; ; ;100000000;400000; ;2;2;2;1;1;1;1;1;2;2;1;1;1;2;2;2;1;2;2;1;2;1;2;3;2; ;1;1;1;4;1;2;1;1;1;3;1;2;01;54;07;54;346,761803235461
4677889;1;4;2;1;1;1;1;1;3;1; ; ;98;400000; ;1;1;1;1;1;1;1;2;2;2;1;2;1;1;2;2;1;2;1;2;2;1;3;3;2; ;1;1;1;4;1;2;1;1;1;3;1;2;01;54;07;54;317,74945692049
4677890;1;3;2;1;1;1;1;3;4;1; ; ;99;400000; ;2;1;1;1;1;1;1;2;2;2;1;1;1;2;2;2;1;2;2;1;2;1;3;3;2; ;1;1;1;4;1;2;2;1;1;3;1;2;01;54;07;54;412,680129406258
4677891;1;4;3;1;1;1;1;1;3;3; ; ; ; ;500000;1;1;1;1;1;1;1;2;2;2;1;1;1;1;2;2;1;1;2;1;2;1;3;4;2; ;1;1;1;4;1;2;1;1;1;3;1;2;01;54;07;54;375,884962416143
4677892;1;8;3;1;1;1;1;1;3;1; ; ;98;500000; ;2;1;2;1;1;1;1;2;2;2;1;2;1;1;2;2;1;2;1;1;2;1;3;5;2; ;1;1;1;4;1;2;1;1;1;3;1;2;01;54;07;54;279,524375613454
4677893;1;3;2;1;1;1;1;1;3;3; ; ; ; ;400000;1;1;2;1;1;1;1;2;2;2;1;1;1;2;2;2;1;1;2;2;2;1;3;3;2; ;1;1;1;4;1;2;1;1;1;3;1;2;01;54;07;54;332,246166003605
4677894;1;2;1;1;1;1;1;4;4;4; ; ; ;300000; ;2;2;2;2;1;1;1;2;2;2;1;2;2;2;2;2;1;2;2;2;2;1;1;3;2; ;1;2;1;4;1;2;2;1;1;3;1;2;01;54;07;54;378,879048162106
4677895;1;3;2;1;1;1;1;1;3;1; ; ;98;400000; ;2;1;1;1;1;1;1;1;2;2;1;2;1;2;2;2;1;1;2;2;2;1;3;3;2; ;1;1;1;4;1;3;1;1;1;3;1;2;01;54;07;54;238,480633998486
4677896;1;4;3;1;1;1;1;1;3;1; ; ;98;500000; ;2;2;2;1;1;1;1;2;2;2;1;2;1;2;2;2;1;2;2;2;2;1;2;3;2; ;1;1;1;4;1;2;1;1;1;3;1;2;01;54;07;54;305,035136085923
4677897;1;3;2;1;1;1;1;1;3;3; ; ; ; ;300000;2;2;2;1;1;1;1;1;1;2;1;1;1;2;2;2;1;1;2;2;2;1;2;2;2; ;1;1;1;4;1;2;1;1;1;3;1;2;01;54;07;54;323,81578113207
4677898;1;4;3;1;1;1;1;1;3;3; ; ; ; ;400000;1;1;1;2;1;1;1;2;2;2;1;2;1;1;2;2;1;2;2;2;2;1;4;5;2; ;1;1;1;4;1;2;1;1;1;3;1;2;01;54;07;54;366,534507041792
4677899;1;3;2;1;1;1;1;1;3;1; ; ;98;200000; ;1;2;2;1;1;1;1;2;2;2;1;2;2;2;2;2;1;1;1;2;2;1;2;7;2; ;1;1;1;2;1;2;1;1;1;3;1;2;01;54;07;54;410,812373102523
4677900;1;3;2;1;1;1;1;1;4;1; ; ;98;500000; ;1;1;1;1;1;1;1;2;1;2;1;2;2;1;2;2;1;1;1;2;2;1;3;3;2; ;1;1;1;4;1;2;2;1;1;3;1;2;01;54;07;54;332,246166003605
4677901;1;4;3;1;1;1;1;1;3;1; ; ;98;98; ;2;2;2;1;1;1;1;2;2;2;1;2;2;2;2;2;1;2;2;2;2;1;1;4;2; ;1;1;1;4;1;2;1;1;1;3;1;2;01;54;07;54;343,24902165264
4677902;1;4;2;1;1;1;1;1;3;3; ; ; ; ;380000;2;1;1;2;1;1;1;2;2;2;1;2;2;1;2;2;1;2;2;1;2;1;3;5;2; ;1;1;1;4;1;2;1;1;1;3;1;2;01;54;07;54;436,874489557907
4677903;1;3;1;1;1;1;1;1;3;1; ; ;70000000;350000; ;1;2;1;2;1;1;1;1;2;2;1;2;1;2;2;2;1;2;2;2;2;1;1;1;2; ;1;1;1;4;1;2;1;1;1;3;1;2;01;54;07;54;343,260217392959
4677904;1;4;3;1;1;1;1;1;3;1; ; ;98;500000; ;2;1;1;2;1;1;1;2;2;2;1;2;2;2;2;2;1;1;2;2;2;1;2;5;2; ;1;1;1;4;1;2;1;1;1;3;1;2;01;54;07;54;431,686723680333
4677905;1;4;3;1;1;1;1;1;3;2; ;230000;98;400000; ;1;2;1;1;1;1;1;2;2;2;1;1;1;1;2;2;1;2;1;2;2;1;5;5;2; ;1;2;1;4;1;2;1;1;1;3;1;2;01;54;07;54;265,008738381598
4677906;1;4;2;1;1;1;1;1;3;3; ; ; ; ;350000;2;1;1;2;1;1;1;2;2;2;1;2;1;1;2;2;1;1;1;2;2;1;2;2;2; ;1;1;1;4;1;2;1;1;1;3;1;2;01;54;07;54;457,238996321613
4677907;1;4;3;1;1;1;1;1;3;1; ; ;98;400000; ;1;1;1;1;1;1;1;1;2;2;1;2;2;2;2;2;1;2;2;2;2;1;3;6;2; ;1;1;1;2;1;2;1;1;1;3;1;2;01;54;07;54;331,303511480719
4677908;1;5;2;1;1;1;1;1;3;3; ; ; ; ;300000;1;1;1;1;1;1;1;2;2;2;1;2;2;1;2;2;1;1;2;2;2;1;2;3;2; ;1;2;1;4;1;2;1;1;1;3;1;2;01;54;07;54;384,303959007928
4677909;1;3;2;1;1;1;1;1;3;3; ; ; ; ;480000;1;1;1;1;1;1;1;1;2;2;1;2;2;1;2;2;1;2;2;1;2;1;2;3;2; ;1;1;1;4;1;2;1;1;1;3;1;2;01;54;07;54;267,093949365064
4677910;1;5;4;1;1;1;1;1;3;1; ; ;120000000;500000; ;2;1;1;1;1;1;1;2;2;2;1;2;1;1;2;2;1;2;1;2;2;1;5;5;2; ;1;1;1;4;1;2;1;1;1;3;1;2;01;54;07;54;345,442701784251
4677912;1;4;2;1;1;1;1;1;3;1; ; ;98;500000; ;1;1;1;1;1;1;1;2;2;2;1;1;2;1;2;1;1;1;2;1;2;1;2;4;2; ;1;1;1;4;1;2;1;1;1;3;1;2;01;54;07;54;431,176879866229
4677913;1;4;2;1;1;1;1;1;3;1; ; ;100000000;500000; ;1;1;1;1;1;1;1;1;2;2;1;1;1;1;2;2;1;1;2;1;2;1;3;3;2; ;1;2;1;4;1;2;1;1;1;3;1;2;01;54;07;54;332,246166003605
4677914;1;3;2;1;1;1;1;1;3;5; ; ; ;400000; ;2;2;2;1;1;1;1;2;2;2;1;2;2;2;2;2;1;2;2;2;2;1;2;4;2; ;1;1;1;2;1;1;1;1;1;3;1;2;01;54;07;54;828,65499680582
4677915;1;3;2;1;1;1;1;1;3;5; ; ; ;98; ;1;1;1;2;1;1;1;2;2;2;1;2;2;2;2;2;1;2;2;2;2;1;3;3;2; ;1;1;1;4;1;2;1;1;1;3;1;2;01;54;07;54;332,246166003605
4677917;1;5;2;1;1;1;1;1;3;5; ; ; ;400000; ;1;1;2;1;1;1;1;2;2;2;1;2;2;2;2;2;1;2;2;2;2;1;2;2;2; ;1;2;1;4;1;2;1;1;1;3;1;2;01;54;07;54;377,970173399609
4677918;1;3;2;1;1;1;1;1;3;3; ; ; ; ;250000;2;1;2;2;1;1;1;2;2;2;1;2;1;2;2;2;2;2;2;2;2;1;2;4;2; ;1;1;1;4;1;2;1;1;1;3;1;2;01;54;07;54;364,622377778791
4677919;1;3;2;1;1;1;1;3;3;4; ; ; ;350000; ;2;2;2;2;1;1;1;2;2;2;2;2;2;2;2;2;1;2;2;2;2;1;2;2;2; ;1;2;1;4;1;2;1;1;1;3;1;2;01;54;07;54;311,652816280418
4677920;1;3;2;1;1;1;1;1;4;1; ; ;30000000;300000; ;1;2;1;1;1;1;1;2;2;2;1;1;1;1;2;2;1;2;2;1;2;1;2;4;2; ;1;2;1;4;1;2;2;1;1;3;1;1;01;54;07;54;431,176879866229
4677921;1;3;1;1;1;1;1;1;4;4; ; ; ;300000; ;2;1;2;2;1;1;1;2;2;2;2;2;2;2;2;2;1;1;2;2;2;2; ;2;2; ;1;2;1;4;1;2;2;1;1;3;1;1;01;54;07;54;349,356858033031
4677922;1;3;1;1;1;1;1;1;3;4; ; ; ;350000; ;2;1;1;1;1;1;1;2;2;2;1;2;1;2;2;2;1;1;1;2;2;1;2;3;2; ;1;2;1;4;1;2;1;1;1;3;1;1;01;54;07;54;358,52573713872
4677923;1;2;1;1;1;1;1;1;3;4; ; ; ;200000; ;1;1;2;2;1;1;1;2;2;2;1;2;2;2;2;2;2;2;2;2;2;1;2;2;2; ;1;2;1;4;1;1;1;1;1;3;1;1;01;54;07;54;377,970173399609
4677924;1;3;2;1;1;1;1;1;3;1; ; ;80000000;300000; ;1;1;2;1;1;1;1;2;2;2;1;2;2;2;2;2;1;2;1;2;2;1;2;2;2; ;1;1;1;4;1;2;1;1;1;3;1;2;01;54;07;54;372,782407522034
4677925;1;4;3;1;1;1;1;1;3;1; ; ;150000000;500000; ;1;1;1;1;1;1;1;2;2;2;1;1;1;2;2;2;1;2;2;1;2;1;3;3;2; ;1;1;1;4;1;4;1;1;1;3;1;2;01;54;07;54;346,362772287068
4677927;1;3;1;1;1;1;1;1;3;3; ; ; ; ;300000;2;2;2;2;1;1;1;2;2;2;1;2;2;2;2;2;1;2;2;2;2;1;1;3;1;1;1;1;1;4;1;2;1;1;1;3;1;2;01;54;07;54;353,337971261145
4677928;1;4;2;1;1;1;1;1;3;3; ; ; ; ;620000;1;2;1;1;1;1;1;2;1;2;1;1;1;1;2;2;1;2;2;2;2;1;2;2;2; ;1;1;1;4;1;4;1;1;1;3;1;2;01;54;07;54;232,383993358414
4677929;1;3;1;1;1;1;1;1;4;4; ; ; ;200000; ;2;1;1;2;1;2;1;2;2;2;1;2;2;1;2;2;2;1;1;2;2;1;2;4;2; ;1;2;1;4;1;2;2;1;1;3;1;1;01;54;07;54;431,176879866229
4677930;1;4;3;1;1;1;1;1;3;3; ; ; ; ;600000;2;1;1;1;1;1;1;2;2;2;1;2;2;1;2;2;1;2;1;1;2;1;3;5;2; ;1;1;1;4;1;4;1;1;1;3;1;2;01;54;07;54;491,665057742086
4677931;1;2;1;1;1;1;1;6; ;4; ; ; ;200000; ;2;1;2;2;2;1;1;2;2;2;1;2;2;2;2;2;1;2;2;2;2;2; ;1;2; ;1;1;1;4;1;2;2;1;1;3;1;1;01;54;07;54;384,986884542497
4677932;1;4;1;1;1;1;1;1;4;1; ; ;98;400000; ;1;1;1;1;1;1;1;2;2;2;1;2;1;2;2;2;1;2;1;2;2;1;1;2;2; ;1;1;1;4;1;2;2;1;1;3;1;2;01;54;07;54;349,356858033031
4677933;1;3;2;1;1;1;1;1;4;1; ; ;99;99; ;2;2;2;2;1;1;1;2;2;2;1;2;2;2;2;2;2;2;2;2;2;1;2;4;2; ;1;1;3;2;1;2;2;1;1;3;1;2;01;54;07;54;268,002824127561
4677934;1;3;1;1;1;1;1;1;3;1; ; ;70000000;120000; ;2;1;1;1;1;1;1;2;2;2;1;2;2;2;2;2;1;2;2;2;2;1;2;2;2; ;1;2;1;4;1;2;1;1;1;3;1;2;01;54;07;54;274,110660507952
4677935;1;5;4;1;1;1;1;1;3;1; ; ;98;400000; ;2;2;2;1;1;1;1;2;2;2;1;2;1;2;2;2;1;2;2;2;2;1;2;6;2; ;1;1;1;4;1;2;1;1;1;3;1;2;01;54;07;54;384,055618299361
4677936;1;3;1;1;1;1;1;1;4;4; ; ; ;350000; ;2;2;1;2;1;1;1;2;2;2;1;1;1;1;2;2;1;2;2;2;2;1;2;2;2; ;1;1;1;4;1;2;2;1;1;3;1;1;01;54;07;54;311,652816280418
4677937;1;3;2;1;1;1;1;1;3;4; ; ; ;300000; ;2;2;2;2;1;1;1;2;2;2;1;2;2;2;2;2;1;2;2;2;2;1;1;3;2; ;1;1;1;4;1;2;1;1;1;3;1;2;01;54;07;54;402,304597651109
4677938;1;4;3;1;1;1;1;1;4;3; ; ; ; ;500000;1;1;2;1;1;1;1;2;2;2;1;2;2;1;2;2;1;2;2;2;2;1;3;4;2; ;1;1;1;4;1;2;2;1;1;3;1;1;01;54;07;54;273,190590005135
4677939;1;4;3;1;1;1;1;1;3;2; ;280000;98;400000; ;1;1;1;1;1;1;1;2;2;2;1;2;2;2;2;2;1;2;2;2;2;1;2;4;1;1;1;1;1;4;1;2;1;1;1;3;1;2;01;54;07;54;360,836897350113
4677940;1;4;2;1;1;1;1;1;4;3; ; ; ; ;520000;2;1;2;1;1;1;1;2;2;2;1;2;1;2;2;2;1;1;2;2;2;1;1;3;2; ;1;1;1;4;1;2;2;1;1;3;1;2;01;54;07;54;384,303959007928
4678010;1;1;1;1;2;1;1;1;4;4; ; ; ;150000; ;2;1;2;2;1;2;1;2;2;2;1;2;2;2;2;2;2;2;2;2;2;1;1;1;2; ;1;3;1;4;1;4;2;1;1;2;1;1;01;66;07;66;223,896605379292
4678011;1;3;2;1;1;1;1;1;3;4; ; ; ;600000; ;1;1;1;1;1;1;1;1;1;1;1;1;1;1;2;2;1;2;1;2;2;1;2;2;1;3;1;1;1;4;1;3;1;1;1;2;1;1;01;66;07;66;305,441921260263
4678012;1;5;4;1;1;1;1;1;3;1; ; ;120000000;500000; ;1;1;1;1;1;1;1;1;2;2;1;2;2;2;2;2;2;2;1;1;2;1;7;7;2; ;1;1;1;4;1;2;1;1;1;2;1;1;01;66;07;66;171,37038253482
4678013;1;3;2;1;1;1;1;1;3;4; ; ; ;300000; ;2;2;2;1;1;1;1;2;2;2;1;2;2;1;2;2;2;2;2;2;2;1;2;5;2; ;1;1;1;4;1;2;1;1;1;2;1;1;01;66;07;66;360,049629534341
4678014;1;3;1;1;1;1;1;1;3;3; ; ; ; ;350000;1;1;1;1;1;1;1;2;2;2;1;2;2;2;2;2;2;1;1;2;2;1;2;3;2; ;1;2;1;4;1;2;1;1;1;2;1;1;01;66;07;66;382,372280749512
4678015;1;1;1;1;2;1;1;6; ;3; ; ; ; ;150000;2;2;1;2;1;2;2;2;2;2;1;2;1;2;2;2;2;2;2;2;2;1;1;1;2; ;1;3;1;4;1;3;2;1;1;2;1;1;01;66;07;66;311,276002746899
4678016;1;4;3;1;1;1;1;1;3;3; ; ; ; ;1800000;1;1;1;1;1;1;1;1;1;1;1;1;1;1;1;2;1;2;2;1;1;1;3;3;2; ;1;2;1;4;1;6;1;1;1;2;1;1;01;66;07;66;364,345052228945
4678017;1;5;4;1;1;1;1;1;3;3; ; ; ; ;600000;2;1;1;1;1;1;1;2;2;2;1;2;2;2;2;2;2;1;2;2;2;1;3;7;2; ;1;2;1;4;1;2;1;1;1;2;1;1;01;66;07;66;315,341453498222
4678018;1;4;3;1;1;1;1;1;3;1; ; ;150000000;450000; ;1;1;1;1;1;1;1;2;2;2;1;2;1;1;2;2;1;1;1;2;2;1;3;5;2; ;1;1;1;4;1;2;1;1;1;2;1;1;01;66;07;66;188,197274285385
4678019;1;3;2;1;1;1;1;1;3;3; ; ; ; ;500000;1;1;1;1;1;1;1;2;2;2;1;2;1;2;2;2;2;2;2;2;2;1;2;5;2; ;1;1;1;4;1;3;1;1;1;2;1;1;01;66;07;66;173,463891867764
4678020;1;5;3;1;1;1;1;1;3;1; ; ;140000000;600000; ;1;1;1;1;1;1;1;1;2;1;1;1;1;1;2;2;2;1;2;1;2;1;4;4;2; ;1;1;1;4;1;2;1;1;1;2;1;1;01;66;07;66;199,307037304784
4678021;1;4;1;1;1;1;1;1;4;1; ; ;140000000;400000; ;2;2;2;2;2;1;1;2;2;2;1;1;1;2;2;2;2;2;2;2;2;1;1;1;2; ;1;2;1;4;1;2;2;1;1;2;1;1;01;66;07;66;291,874574697251
4678022;1;5;4;1;1;1;1;1;3;1; ; ;70000000;260000; ;2;1;1;1;1;1;1;2;2;2;1;2;2;1;2;2;2;2;2;2;2;1;5;7;2; ;1;2;1;3;1;1;1;1;1;2;1;1;01;66;07;66;399,932167598084
4678023;1;5;2;1;1;1;1;1;3;1; ; ;200000000;800000; ;1;1;1;1;1;1;1;1;2;1;1;2;1;2;2;2;1;2;2;2;2;1;2;2;2; ;1;1;1;4;1;3;1;1;1;2;1;1;01;66;07;66;328,630591869054
4678024;1;4;2;1;1;1;1;1;3;3; ; ; ; ;500000;1;1;1;1;1;1;1;1;2;2;1;1;1;1;2;2;1;2;1;2;2;1;2;2;2; ;1;2;1;4;1;3;1;1;1;2;1;1;01;66;07;66;309,229163819405
4678025;1;4;3;1;1;1;1;1;3;4; ; ; ;380000; ;2;1;1;1;1;1;1;2;2;2;1;1;1;2;2;2;2;2;1;2;2;1;2;5;2; ;1;1;1;4;1;2;1;1;1;2;1;1;01;66;07;66;357,674851374662
4678026;1;4;2;1;1;1;1;1;3;4; ; ; ;400000; ;2;2;2;2;1;1;1;2;2;2;1;2;2;2;2;2;2;2;2;2;2;1;2;2;2; ;1;1;1;4;1;3;1;1;1;2;1;1;01;66;07;66;241,251194501447
4678027;1;3;2;1;1;1;1;1;3;3; ; ; ; ;400000;2;1;1;2;1;1;1;1;2;2;1;2;1;1;2;2;2;1;2;2;2;1;2;3;2; ;1;2;1;4;1;3;1;1;1;2;1;1;01;66;07;66;332,694858476474
4678028;1;5;3;1;1;1;1;1;3;3; ; ; ; ;350000;1;1;1;1;1;1;1;1;2;2;1;1;1;1;2;2;2;2;2;2;2;1;4;4;2; ;1;2;1;4;1;3;1;1;1;2;1;1;01;66;07;66;179,244884114095
4678029;1;1;1;1;1;1;1;2;3;4; ; ; ;200000; ;1;2;2;2;1;2;1;2;2;2;1;2;2;2;2;2;2;2;2;2;2;2; ;1;2; ;1;2;1;2;1;2;1;1;1;2;1;1;01;66;07;66;223,896605379292
4678030;1;4;3;1;1;1;1;1;3;1; ; ;80000000;300000; ;1;1;1;1;1;1;1;2;2;2;1;2;2;1;2;2;2;2;2;2;2;1;1;3;2; ;1;2;1;4;1;3;1;1;1;2;1;1;01;66;07;66;185,959768673615
4678031;1;2;1;1;1;1;1;1;4;3; ; ; ; ;350000;2;1;2;2;2;2;1;2;2;2;1;2;1;2;2;2;2;2;2;2;2;1;1;1;2; ;1;2;1;4;1;2;2;1;1;2;1;1;01;66;07;66;291,874574697251
4678032;1;4;3;1;1;1;1;1;3;2; ;145000;70000000;450000; ;1;1;1;1;1;1;1;1;2;2;1;2;1;1;2;2;2;2;2;2;2;1;4;4;2; ;1;2;1;4;1;3;1;1;1;2;1;1;01;66;07;66;183,912929746122
4678033;1;4;3;1;1;1;1;1;3;1; ; ;90000000;450000; ;1;1;1;1;1;1;1;2;2;2;1;2;1;1;2;2;2;2;2;2;2;1;3;4;2; ;1;1;1;4;1;3;1;1;1;2;1;1;01;66;07;66;237,15751664646
4678034;1;5;4;1;1;1;1;1;3;2; ;580000;175000000;600000; ;1;1;1;1;1;1;1;2;2;1;1;1;2;1;2;2;2;1;2;2;2;1;3;4;2; ;1;1;1;4;1;2;1;1;1;2;1;1;01;66;07;66;327,080854921681
4678035;1;3;2;1;1;1;1;1;3;4; ; ; ;380000; ;2;2;2;1;1;1;1;2;1;1;1;1;1;2;2;2;2;2;1;2;2;1;3;3;2; ;1;1;1;4;1;3;1;1;1;2;1;1;01;66;07;66;185,959768673615
4678036;1;3;2;1;1;1;1;1;3;4; ; ; ;400000; ;1;1;2;1;1;1;1;2;2;1;1;2;1;2;2;2;2;2;2;2;2;2; ;2;2; ;1;1;1;4;1;4;1;1;1;2;1;1;01;66;07;66;328,630591869054
4678037;1;5;1;1;1;1;1;1;3;1; ; ;180000000;700000; ;1;1;1;1;1;1;1;1;1;1;1;1;1;1;2;2;2;2;2;1;2;1;2;2;2; ;1;1;1;4;1;4;1;1;1;2;1;1;01;66;07;66;241,251194501447
4678038;1;3;1;1;1;1;1;1;3;1; ; ;150000000;450000; ;1;1;1;1;1;1;1;2;2;1;1;2;2;2;2;2;2;2;2;2;2;2; ;2;2; ;1;1;1;4;1;4;1;1;1;2;1;1;01;66;07;66;241,251194501447
4678039;1;6;3;1;1;1;1;1;3;1; ; ;200000000;500000; ;1;1;1;1;1;1;1;1;2;1;1;2;1;1;2;2;2;1;2;2;2;1;3;3;2; ;1;2;1;4;1;4;1;1;1;2;1;1;01;66;07;66;239,204355573953
4678040;1;5;4;1;1;1;1;1;3;3; ; ; ; ;800000;2;2;1;1;1;1;1;2;2;2;1;2;1;1;2;2;2;2;2;2;2;1;3;5;2; ;1;1;1;4;1;4;1;1;1;2;1;1;01;66;07;66;269,025410254393
4678041;1;4;1;1;1;1;1;1;3;1; ; ;98;98; ;2;2;2;1;1;1;1;2;2;2;1;1;2;2;2;2;2;2;2;2;2;1;1;1;2; ;1;1;1;4;1;4;1;1;1;2;1;1;01;66;07;66;311,276002746899
4678042;1;5;3;1;1;1;1;1;3;3; ; ; ; ;450000;1;1;1;1;1;1;1;1;2;2;1;1;2;2;2;2;2;2;2;2;2;1;3;4;2; ;1;2;1;4;1;4;1;1;1;2;1;1;01;66;07;66;275,52021688207
4678043;1;4;2;1;1;1;1;1;3;3; ; ; ; ;500000;1;1;1;1;1;1;1;2;1;2;1;1;1;1;2;2;2;1;2;2;2;1;2;3;2; ;1;2;1;4;1;4;1;1;1;2;1;1;01;66;07;66;307,182324891912
4678044;1;5;2;1;1;1;1;1;3;3; ; ; ; ;480000;1;1;2;1;1;1;1;1;2;2;1;2;2;2;2;2;2;2;2;2;2;1;2;4;2; ;1;2;1;3;1;4;1;1;1;2;1;1;01;66;07;66;414,849492969065
4678045;1;2;2;1;1;1;1;1;4;3; ; ; ; ;220000;2;1;2;1;1;1;1;2;2;2;1;1;1;2;2;2;2;1;1;2;2;1;3;4;2; ;1;2;1;4;1;4;2;1;1;2;1;1;01;66;07;66;351,486480042828
4678046;1;4;3;1;1;1;1;1;3;3; ; ; ; ;400000;2;1;2;1;1;1;1;2;2;2;1;1;2;2;2;2;2;2;2;2;2;1;2;3;2; ;1;2;1;4;1;4;1;1;1;2;1;1;01;66;07;66;357,320561529464
4678047;1;3;1;1;1;1;1;1;3;3; ; ; ; ;300000;2;1;2;1;1;1;1;2;2;2;1;2;2;2;2;2;2;2;2;2;2;1;1;1;2; ;1;2;1;4;1;4;1;1;1;2;1;1;01;66;07;66;311,276002746899
4678048;1;1;1;1;1;1;1;1;3;3; ; ; ; ;160000;2;1;2;2;1;1;1;2;2;2;1;2;1;2;2;2;2;2;2;1;2;1;1;1;2; ;1;2;1;4;1;4;1;1;1;2;1;1;01;66;07;66;223,896605379292
4678049;1;6;3;1;1;1;1;1;3;1; ; ;120000000;700000; ;1;1;1;1;1;1;1;1;2;1;1;2;1;1;2;2;2;2;2;1;2;1;4;4;2; ;1;1;1;4;1;3;1;1;1;2;1;1;01;66;07;66;256,338866764265
4678050;1;4;1;1;1;1;1;1;3;3; ; ; ; ;500000;1;1;2;1;1;1;1;2;2;2;1;2;1;2;2;2;2;2;2;1;2;1;1;2;2; ;1;1;1;4;1;3;1;1;1;2;1;1;01;66;07;66;241,251194501447
4678051;1;2;1;1;1;1;1;1;4;3; ; ; ; ;280000;2;1;2;1;1;1;1;1;2;2;1;2;1;2;2;2;1;2;2;2;2;1;2;2;2; ;1;2;1;4;1;3;2;1;1;2;1;1;01;66;07;66;241,251194501447
4678052;1;4;2;1;1;1;1;1;3;3; ; ; ; ;350000;2;1;2;1;2;1;1;2;2;2;1;2;2;2;2;2;2;2;2;2;2;1;2;5;2; ;1;2;1;4;1;2;1;1;1;2;1;1;01;66;07;66;516,185477579462
4678053;1;3;1;1;1;1;1;1;3;1; ; ;120000000;350000; ;1;1;1;1;1;1;1;2;2;2;1;2;2;2;2;2;2;2;2;2;2;1;2;2;2; ;1;2;1;4;1;2;1;1;1;2;1;1;01;66;07;66;241,251194501447
4678054;1;5;2;1;1;1;1;1;3;1; ; ;120000000;600000; ;1;1;1;1;1;1;1;1;1;1;1;2;1;1;2;2;1;2;2;2;2;1;2;3;2; ;1;1;1;4;1;3;1;1;1;2;1;1;01;66;07;66;345,985180991209
4678055;1;5;3;1;1;1;1;1;3;1; ; ;80000000;500000; ;2;2;1;1;1;1;1;2;2;2;1;1;1;1;2;2;2;2;2;2;2;1;2;4;2; ;1;1;1;4;1;3;1;1;1;2;1;1;01;66;07;66;188,580975378149
4678056;1;5;4;1;1;1;1;1;3;1; ; ;140000000;600000; ;1;1;1;1;1;1;1;2;2;2;1;2;2;1;2;2;2;1;2;1;2;1;4;4;1;1;1;2;1;4;1;3;1;1;1;2;1;1;01;66;07;66;336,143779013587
4678057;1;5;3;1;1;1;1;1;3;3; ; ; ; ;900000;1;1;1;1;1;1;1;2;2;1;1;2;1;1;2;2;2;2;2;2;2;1;3;4;2; ;1;1;1;4;1;3;1;1;1;2;1;1;01;66;07;66;146,960706812372
4678058;1;4;1;1;1;1;1;1;3;3; ; ; ; ;1500000;2;1;1;1;1;1;1;1;1;1;1;1;1;1;2;2;1;1;2;1;2;1;1;1;2; ;1;2;1;4;1;6;1;1;1;2;1;1;01;66;07;66;583,749149394501
4678059;1;5;3;1;1;1;1;1;3;3; ; ; ; ;700000;1;1;1;1;1;1;1;2;1;1;1;2;2;1;2;2;1;1;2;1;2;1;4;4;2; ;1;1;1;4;1;3;1;1;1;2;1;1;01;66;07;66;256,338866764265
4678060;1;7;1;1;1;1;1;1;3;1; ; ;130000000;350000; ;2;2;2;1;1;1;1;2;2;2;1;2;1;2;2;2;2;2;2;2;2;1;2;2;2; ;1;1;1;4;1;2;1;1;1;2;1;1;01;66;07;66;241,251194501447
4678061;1;6;5;1;1;1;1;1;3;1; ; ;99;900000; ;1;1;1;1;1;1;1;2;2;1;1;1;1;1;2;2;2;2;2;1;2;1;5;7;2; ;1;1;1;4;1;3;1;1;1;2;1;1;01;66;07;66;307,768651090821
4678062;1;9;3;1;1;1;1;1;4;4; ; ; ;600000; ;1;1;1;2;1;1;1;1;2;2;1;2;2;1;2;2;2;2;2;1;2;1;2;4;2; ;1;1;1;4;1;3;2;1;1;2;1;1;01;66;07;66;340,151099504572
4678063;1;3;1;1;1;1;1;1;3;3; ; ; ; ;200000;2;2;2;1;1;1;1;2;2;2;1;2;1;2;2;2;2;2;2;2;2;1;1;2;2; ;1;2;1;4;1;2;1;1;1;2;1;1;01;66;07;66;315,560347286162
4678064;1;6;1;1;1;1;1;1;3;1; ; ;120000000;800000; ;1;1;1;1;1;1;1;2;2;2;1;1;1;2;2;2;2;1;2;2;2;1;1;1;2; ;1;2;1;4;1;3;1;1;1;2;1;1;01;66;07;66;238,629987796913
4678065;1;2;1;1;1;1;1;1;3;3; ; ; ; ;400000;2;1;2;2;2;2;1;1;2;2;1;2;2;2;2;2;2;2;2;2;2;1;1;1;2; ;1;2;1;4;1;2;1;1;1;2;1;1;01;66;07;66;223,896605379292
4678066;1;4;3;1;1;1;1;1;3;1; ; ;25000000;250000; ;1;1;1;1;1;1;1;2;2;2;1;2;1;1;2;2;2;2;1;2;2;1;2;3;2; ;1;1;1;2;1;1;1;1;1;2;1;1;01;66;07;66;273,119088109379
4678067;1;4;1;1;1;1;1;1;4;3; ; ; ; ;260000;2;1;2;2;1;1;1;2;2;2;1;2;1;2;2;2;2;1;1;2;2;1;1;3;2; ;1;2;1;4;1;1;2;1;1;2;1;1;01;66;07;66;401,553630867318
4678068;1;3;2;1;1;1;1;1;3;3; ; ; ; ;250000;2;2;1;2;1;1;1;2;2;2;1;2;2;2;2;2;1;2;2;2;2;1;1;2;2; ;1;2;1;2;1;1;1;1;1;2;1;1;01;66;07;66;252,197334359925
4678069;1;3;1;1;1;1;1;1;3;1; ; ;25000000;300000; ;2;1;1;2;1;1;1;2;2;2;1;2;2;2;2;2;2;2;2;2;2;1;1;1;2; ;1;2;1;4;1;1;1;1;1;2;1;1;01;66;07;66;311,276002746899
4678070;1;4;2;1;1;1;1;1;3;1; ; ;100000000;350000; ;2;1;2;1;1;1;1;1;1;2;1;1;1;2;2;2;2;1;1;2;2;1;2;3;2; ;1;2;1;4;1;1;1;1;1;2;1;1;01;66;07;66;250,150495432431
4678071;1;5;4;1;1;1;1;1;3;3; ; ; ; ;680000;2;1;1;2;1;1;1;2;2;2;1;2;2;2;2;2;2;2;2;2;2;1;6;6;2; ;1;2;1;4;1;3;1;1;1;3;1;1;01;68;07;68;510,786157726687
4678072;1;5;4;1;1;1;1;1;3;3; ; ; ; ;800000;1;1;1;1;1;1;1;2;2;2;1;1;1;1;2;2;2;2;1;1;2;1;3;6;2; ;1;1;1;4;1;3;1;1;1;3;1;1;01;68;07;68;714,878423615666
4678072;2;1;1;1;1;1;1;1;3;3; ; ; ; ;250000;1;1;1;1;1;1;1;2;2;2;1;2;2;2;2;2;2;2;2;2;2;1;1;2;2; ;2;1;1;4;1;3;1;1;1;3;1;1;01;68;07;68;714,878423615666
4678073;1;4;3;1;1;1;1;1;3;3; ; ; ; ;750000;2;2;2;1;1;1;1;2;1;2;1;1;1;2;2;2;1;2;1;2;2;1;3;3;2; ;1;1;1;4;1;3;1;1;1;3;1;1;01;68;07;68;571,578071457438
4678074;1;4;2;1;1;1;1;1;3;3; ; ; ; ;360000;2;2;2;1;1;1;1;2;2;2;1;1;1;2;2;2;1;2;1;2;2;1;3;3;2; ;1;1;1;4;1;2;1;1;1;3;1;1;01;68;07;68;735,732334019857
4678075;1;4;3;1;1;1;1;1;3;1; ; ;99;500000; ;1;1;1;1;1;1;1;2;2;2;1;2;2;2;2;2;2;2;1;2;2;1;2;7;2; ;1;1;1;4;1;3;1;1;1;3;1;1;01;68;07;68;260,263499322054
4678076;1;6;2;1;1;1;1;1;3;4; ; ; ;900000; ;1;1;2;1;2;1;1;2;2;2;1;2;2;2;2;2;2;1;1;2;2;1;1;3;2; ;1;1;1;4;1;2;1;1;1;3;1;1;01;68;07;68;628,170803467385
4678077;1;4;1;1;2;1;1;1;3;3; ; ; ; ;180000;2;1;2;1;2;1;1;2;2;2;1;2;2;2;2;2;2;2;2;2;2;1;1;1;2; ;1;2;1;4;1;2;1;1;1;3;1;1;01;68;07;68;549,505216609479
4678077;2;2;1;1;1;1;1;1;3;3; ; ; ; ;150000;2;1;2;2;2;1;1;2;2;2;2;2;2;2;2;2;2;2;2;2;2;1;1;1;2; ;2;2;1;4;1;2;1;1;1;3;1;1;01;68;07;68;549,505216609479
4678078;1;4;2;1;1;1;1;1;3;1; ; ;12000000;500000; ;1;1;2;1;1;1;1;2;1;2;1;2;2;2;2;2;2;2;2;1;2;1;1;3;2; ;1;1;1;4;1;3;1;1;1;3;1;1;01;68;07;68;318,155648384395
4678079;1;3;2;1;1;1;1;1;3;4; ; ; ;500000; ;1;1;1;1;1;1;1;1;2;2;1;2;2;2;2;2;2;2;2;1;2;1;3;4;2; ;1;2;1;4;1;3;1;1;1;3;1;1;01;68;07;68;309,418159434762
4678080;1;5;4;1;1;1;1;1;3;1; ; ;80000000;400000; ;1;1;2;2;1;1;1;2;2;2;1;2;2;2;2;2;2;2;2;2;2;1;2;4;2; ;1;2;1;4;1;1;1;1;1;3;1;1;01;68;07;68;585,885524761191
4678081;1;4;3;1;1;1;1;1;3;3; ; ; ; ;700000;1;2;1;1;1;1;1;1;2;2;1;2;2;1;2;2;1;2;2;2;2;1;5;5;2; ;1;2;1;4;1;3;1;1;1;3;1;1;01;68;07;68;248,057696532534
4678082;1;4;2;1;1;1;1;1;3;4; ; ; ;350000; ;2;1;2;2;2;1;1;1;2;2;1;2;2;2;2;2;2;2;2;1;2;1;2;3;2; ;1;2;1;2;1;1;1;1;1;3;1;1;01;68;07;68;470,876525953479
4678083;1;3;2;1;1;1;1;1;3;3; ; ; ; ;300000;2;1;2;2;1;1;1;2;2;2;1;2;2;2;2;2;2;2;2;2;2;1;2;4;2; ;1;2;1;2;1;1;1;1;1;3;1;1;01;68;07;68;603,867629342057
4678084;1;3;2;1;1;1;1;1;3;3; ; ; ; ;250000;2;1;2;1;1;1;1;2;2;2;1;2;2;2;2;2;2;2;2;2;2;1;2;3;2; ;1;2;1;4;1;1;1;1;1;3;1;1;01;68;07;68;535,935043492559
4678085;1;3;3;1;1;1;1;1;3;3; ; ; ; ;300000;2;1;2;1;2;1;1;2;2;2;1;2;2;2;2;2;1;2;2;2;2;1;4;5;2; ;1;2;1;2;1;1;1;1;1;3;1;1;01;68;07;68;559,568110123527
4678086;1;5;3;1;1;1;1;1;3;4; ; ; ;99; ;1;1;1;1;1;1;1;2;2;2;1;2;2;2;2;2;2;2;1;1;2;1;3;5;2; ;1;1;1;4;1;2;1;1;1;3;1;1;01;68;07;68;346,070171006973
4678087;1;3;1;1;1;1;1;1;3;1; ; ;99;99; ;1;1;1;1;1;1;1;2;2;2;1;2;2;2;2;2;2;2;2;2;2;1;1;2;2; ;1;2;1;4;1;2;1;1;1;3;1;1;01;68;07;68;426,585878005594
4678088;1;3;1;1;1;1;1;1;3;3; ; ; ; ;680000;2;1;1;1;1;1;1;2;1;2;1;2;2;1;2;2;1;2;2;2;2;1;1;1;2; ;1;2;1;4;1;4;1;1;1;6;1;1;01;68;07;68;535,016107626794
4678089;1;4;3;1;1;1;1;1;3;2; ;750000;180000000;800000; ;1;1;1;1;1;1;1;2;2;1;1;2;2;2;2;2;1;2;2;1;2;1;2;4;1;1;1;2;1;4;1;4;1;1;1;6;1;1;01;68;07;68;390,551345904435
4678090;1;3;2;1;1;1;1;1;3;3; ; ; ; ;550000;2;1;1;1;1;2;1;2;2;2;1;1;2;1;2;2;1;1;2;2;2;1;2;3;2; ;1;2;1;4;1;3;1;1;1;3;1;1;01;68;07;68;628,170803467385
4678091;1;3;2;1;1;1;1;1;3;5; ; ; ;350000; ;2;2;2;1;1;2;1;2;2;2;1;2;2;2;2;2;2;2;2;2;2;1;2;4;2; ;1;1;1;4;1;2;1;1;1;3;1;1;01;68;07;68;461,159408489983
4678092;1;6;2;1;1;1;1;1;3;4; ; ; ;700000; ;1;1;1;1;1;1;1;2;2;2;1;2;2;2;2;2;2;2;2;2;2;1;2;2;2; ;1;1;1;4;1;2;1;1;1;3;1;1;01;68;07;68;426,585878005594
4678093;1;1;1;1;1;1;1;6; ;3; ; ; ; ;180000;2;1;2;2;2;2;2;2;2;2;1;2;2;2;2;2;2;2;2;2;2;2; ;1;2; ;1;3;1;4;1;2;1;1;1;3;1;1;01;68;07;68;535,016107626794
4678094;1;4;3;1;1;1;1;1;3;4; ; ; ;500000; ;2;1;1;1;1;1;1;2;2;2;1;2;1;1;2;2;2;2;1;2;2;1;3;5;2; ;1;1;1;4;1;2;1;1;1;3;1;1;01;68;07;68;639,98443571402
4678095;1;2;1;1;1;1;1;1;3;4; ; ; ;450000; ;1;1;1;1;1;1;1;1;1;2;1;1;1;2;2;2;1;2;1;2;2;1;2;4;2; ;1;2;1;4;1;3;1;1;1;3;1;1;01;68;07;68;312,747663365667
4678096;1;3;2;1;1;1;1;1;3;3; ; ; ; ;480000;2;1;2;1;1;1;1;2;2;2;1;2;2;2;2;2;1;2;2;2;2;1;2;4;2; ;1;2;1;4;1;3;1;1;1;3;1;1;01;68;07;68;568,902594721388
4678097;1;2;1;1;1;1;1;1;4;3; ; ; ; ;450000;2;1;1;1;1;2;1;2;2;2;1;2;2;1;2;2;1;2;2;2;2;1;1;1;2; ;1;2;1;4;1;3;2;1;1;3;1;1;01;68;07;68;482,704831608457
4678098;1;5;3;1;1;1;1;1;3;1; ; ;98;98; ;1;1;1;1;1;1;1;1;2;2;1;1;1;1;2;2;2;2;1;2;2;1;4;4;2; ;1;1;1;4;1;2;1;1;1;3;1;1;01;68;07;68;533,93756010072
4678099;1;5;4;1;1;1;1;1;3;3; ; ; ; ;750000;2;1;1;2;1;1;1;2;2;2;1;2;2;2;2;2;1;2;2;2;2;1;6;9;2; ;1;2;1;4;1;3;1;1;1;3;1;1;01;68;07;68;344,992576889845
4678100;1;2;1;1;1;1;1;1;3;2; ;1600000;170000000;800000; ;1;1;1;1;1;1;1;2;2;1;1;1;1;1;2;2;2;2;2;2;2;1;1;1;2; ;1;2;1;4;1;4;1;1;1;6;1;1;01;68;07;68;412,096769022909
4678101;1;4;3;1;1;1;1;1;3;1; ; ;70000000;400000; ;1;1;2;1;1;1;1;1;2;2;1;2;2;2;2;2;2;2;2;2;2;1;5;5;2; ;1;2;1;4;1;2;1;1;1;3;1;1;01;68;07;68;341,788715015363
4678102;1;5;2;1;1;1;1;1;3;3; ; ; ; ;500000;1;1;1;1;1;1;1;1;2;2;1;1;1;1;2;2;1;2;2;1;2;1;2;4;2; ;1;2;1;4;1;2;1;1;1;3;1;1;01;68;07;68;625,495326731335
4678103;1;4;3;1;1;1;1;1;3;3; ; ; ; ;560000;2;1;2;1;1;1;1;2;2;2;1;2;2;2;2;2;2;2;1;2;2;1;4;6;2; ;1;2;1;4;1;2;1;1;1;3;1;1;01;68;07;68;650,935171029626
4678104;1;3;1;1;1;1;1;1;3;3; ; ; ; ;300000;1;2;1;1;1;1;1;2;2;2;2;2;2;2;2;2;2;2;2;2;2;1;1;2;2; ;1;2;1;4;1;1;1;1;1;3;1;1;01;68;07;68;480,029354872407
4678105;1;3;1;1;1;1;1;1;4;3; ; ; ; ;300000;2;2;2;1;1;1;1;2;2;2;1;1;2;2;2;2;2;2;1;2;2;1;1;4;2; ;1;1;1;4;1;1;2;1;1;3;1;1;01;68;07;68;590,530292110666
4678106;1;3;1;1;1;1;1;1;3;3; ; ; ; ;300000;1;1;1;1;1;1;2;2;2;2;1;1;1;2;2;2;2;2;2;2;2;1;1;1;2; ;1;2;1;4;1;1;1;1;1;3;1;1;01;68;07;68;482,704831608457
4678107;1;3;1;1;1;1;1;1;3;3; ; ; ; ;600000;2;1;1;1;1;1;1;2;2;2;1;2;2;2;2;2;2;2;2;2;2;1;1;1;2; ;1;2;1;4;1;3;1;1;1;3;1;1;01;68;07;68;241,352415804228
4678108;1;2;1;1;1;1;1;1;3;3; ; ; ; ;250000;2;2;2;1;1;1;1;1;2;2;1;1;2;2;2;2;2;2;2;2;2;1;1;1;1;1;1;2;1;4;1;1;1;1;1;3;1;1;01;68;07;68;482,704831608457
4678146;1;4;3;1;1;1;1;1;3;1; ; ;100000000;400000; ;2;2;2;1;1;1;1;2;2;2;1;2;2;2;2;2;1;1;2;1;1;1;2;4;2; ;1;1;1;4;1;2;1;1;1;3;1;1;01;73;07;73;267,204133776052
4678147;1;2;1;1;1;1;1;1;3;4; ; ; ;450000; ;2;1;2;1;1;1;1;1;2;2;1;2;2;2;2;2;1;2;2;1;2;1;2;2;2; ;1;1;1;4;1;1;1;1;1;3;1;1;01;73;07;73;249,562895331605
4678148;1;5;4;1;1;1;1;1;3;3; ; ; ; ;550000;1;1;1;1;1;1;1;1;2;2;1;1;1;1;2;2;2;1;1;2;2;1;4;4;2; ;1;2;1;4;1;3;1;1;1;3;1;1;01;73;07;73;201,66061391866
4678149;1;3;2;1;1;1;1;3;3;3; ; ; ; ;750000;1;1;1;1;1;1;1;2;2;2;1;2;2;1;2;2;1;2;2;2;2;1;2;3;2; ;1;2;1;4;1;3;1;1;1;3;1;1;01;73;07;73;277,584804201451
4678150;1;4;1;1;1;1;1;1;3;3; ; ; ; ;300000;1;1;1;1;1;1;1;2;2;2;1;1;1;1;2;2;2;2;1;2;2;1;2;2;2; ;1;2;1;4;1;3;1;1;1;3;1;1;01;73;07;73;224,708548546583
4678151;1;4;3;1;1;1;1;1;3;1; ; ;110000000;450000; ;1;1;1;1;1;1;1;1;2;2;1;1;1;1;2;2;1;2;2;2;2;1;3;3;2; ;1;1;1;4;1;2;1;1;1;3;1;1;01;73;07;73;169,423347785989
4678152;1;4;3;1;1;1;1;1;3;3; ; ; ; ;600000;2;1;2;1;1;1;1;2;2;2;1;2;2;2;2;2;2;1;2;2;2;1;5;7;2; ;1;1;1;4;1;2;1;1;1;3;1;1;01;73;07;73;187,886904876136
4678153;1;3;2;1;2;1;1;1;3;4; ; ; ;500000; ;2;1;1;1;1;1;1;1;1;2;1;2;1;1;2;2;1;2;1;2;2;1;4;5;2; ;1;1;1;4;1;2;1;1;1;3;1;2;01;73;07;73;208,079729410206
4678153;2;3;2;1;2;1;1;1;3;1; ; ;220000000;800000; ;2;1;1;1;1;1;1;1;1;2;1;2;1;1;2;2;2;2;2;2;2;1;3;3;2; ;2;1;1;4;1;2;1;1;1;3;1;2;01;73;07;73;208,079729410206
4678154;1;4;3;1;1;1;1;1;3;3; ; ; ; ;400000;1;1;1;1;1;1;1;2;2;2;1;2;2;2;2;2;2;2;1;2;2;1;5;7;2; ;1;2;1;4;1;2;1;1;1;3;1;1;01;73;07;73;343,416974677616
4678155;1;3;1;1;1;1;1;1;3;3; ; ; ; ;400000;1;1;1;1;1;1;1;1;1;2;1;1;1;1;2;2;2;2;2;2;2;1;2;2;2; ;1;2;1;4;1;2;1;1;1;3;1;1;01;73;07;73;224,708548546583
4678156;1;5;2;1;1;1;1;1;3;2; ;1800000;260000000;800000; ;1;1;1;1;1;1;1;2;2;2;1;2;1;2;2;2;2;2;2;2;2;1;1;3;2; ;1;1;1;4;1;2;1;1;1;3;1;1;01;73;07;73;283,9222631562
4678157;1;4;2;1;1;1;1;1;3;3; ; ; ; ;510000;2;1;2;1;1;1;1;2;2;2;1;1;1;2;2;2;2;2;1;2;2;1;2;3;2; ;1;2;1;4;1;2;1;1;1;3;1;1;01;73;07;73;277,584804201451
4678158;1;4;3;1;1;1;1;1;3;3; ; ; ; ;1500000;2;1;1;2;1;1;1;2;2;2;1;2;2;2;2;2;2;2;2;2;2;1;3;5;2; ;1;1;1;4;1;3;1;1;1;3;1;1;01;73;07;73;218,215429203269
4678159;1;4;3;1;1;1;1;1;3;1; ; ;45000000;300000; ;2;1;1;2;1;1;1;2;2;2;1;2;1;2;2;2;2;2;2;2;2;1;5;10;2; ;1;1;1;4;1;2;1;1;1;3;1;1;01;73;07;73;304,121466095531
4678160;1;6;3;1;1;1;1;1;3;3; ; ; ; ;450000;2;1;2;1;1;1;1;2;2;2;1;1;1;2;2;2;2;1;2;2;2;1;4;5;2; ;1;1;1;4;1;3;1;1;1;3;1;1;01;73;07;73;254,536869573529
4678161;1;2;1;1;1;1;1;1;3;1; ; ;35000000;300000; ;2;1;2;2;1;1;1;2;2;2;1;2;1;2;2;2;2;2;1;2;2;1;2;2;2; ;1;1;1;2;1;2;1;1;1;3;1;1;01;73;07;73;224,708548546583
4678162;1;4;2;1;1;1;1;1;3;1; ; ;50000000;400000; ;1;1;2;2;1;1;1;2;2;2;1;2;1;2;2;2;2;2;2;2;2;1;2;2;2; ;1;2;1;4;1;2;1;1;1;3;1;2;01;73;07;73;252,628127767992
4678163;1;6;5;1;1;1;1;1;3;1; ; ;98;98; ;1;1;1;1;1;1;1;1;2;2;2;1;1;1;1;1;2;1;1;2;2;1;5;5;2; ;1;1;1;4;1;4;1;1;1;3;1;1;01;73;07;73;182,713590259211
4678164;1;2;1;1;1;1;1;1;3;1; ; ;150000000;900000; ;2;1;2;2;1;1;1;2;1;2;1;2;2;2;2;2;2;2;1;2;2;1;1;1;2; ;1;2;1;4;1;1;1;1;1;3;1;1;01;73;07;73;290,793390137876
4678165;1;3;1;1;1;1;1;1;3;3; ; ; ; ;300000;2;1;2;1;1;1;1;2;2;2;1;2;2;2;2;2;1;2;2;2;2;1;2;3;2; ;1;2;1;4;1;2;1;1;1;3;1;2;01;73;07;73;266,117710616214
4678166;1;2;1;6; ;3;10;6; ;1; ; ;90000000;200000; ;2;2;2;2;2;2;2;2;2;2;2;2;2;2;2;2;2;2;2;2;2;2; ;1;2; ;1;1;1;4;2; ;2;2;2; ;2; ;01;73;07;73;306,970197784122
4678167;1;3;2;1;1;1;1;1;3;4; ; ; ;500000; ;2;1;2;1;1;1;1;2;2;2;1;2;2;1;2;2;2;2;2;2;2;1;2;2;1;3;1;2;1;4;1;2;1;1;1;3;1;1;01;73;07;73;314,163284444534
4678168;1;3;2;1;1;1;1;1;3;1; ; ;15000000;200000; ;2;2;2;1;1;1;1;2;2;2;2;2;2;2;2;2;2;2;2;2;2;1;2;3;2; ;1;1;1;2;1;1;1;1;1;3;1;1;01;73;07;73;245,956341161317
4678169;1;4;1;1;1;1;1;1;3;1; ; ;50000000;200000; ;2;2;2;2;1;1;1;2;2;2;1;2;2;2;2;2;2;2;2;2;2;2; ;1;2; ;1;1;1;2;1;1;1;1;1;3;1;1;01;73;07;73;290,793390137876
4678170;1;3;2;1;1;1;1;1;3;3; ; ; ; ;360000;2;1;1;1;1;1;1;2;1;2;1;1;1;1;2;2;2;1;1;2;2;1;4;6;2; ;1;2;1;4;1;1;1;1;1;3;1;2;01;73;07;73;342,972663670278
4678171;1;3;2;1;1;1;1;1;3;3; ; ; ; ;360000;2;1;2;1;1;1;1;2;1;2;1;2;1;2;2;2;2;1;2;1;2;1;2;3;2; ;1;1;1;4;1;2;1;1;1;3;1;1;01;73;07;73;381,795596933886
4678172;1;4;3;1;1;1;1;1;3;3; ; ; ; ;720000;1;1;1;1;1;1;1;1;2;2;1;1;1;1;2;2;2;2;1;2;2;1;5;6;2; ;1;2;1;4;1;2;1;1;1;3;1;1;01;73;07;73;353,496626511053
4678173;1;4;3;1;1;1;1;1;3;4; ; ; ;450000; ;2;1;1;1;1;1;1;1;1;2;1;2;1;1;2;2;2;2;2;2;2;1;3;3;2; ;1;2;1;4;1;2;1;1;1;3;1;1;01;73;07;73;231,901635206994
4678174;1;3;2;1;1;1;1;1;3;3; ; ; ; ;365000;1;1;1;1;1;1;1;2;2;2;1;1;1;1;2;2;1;2;1;2;2;1;3;4;2; ;1;1;1;4;1;2;1;1;1;3;1;1;01;73;07;73;300,477078440809
4678175;1;5;3;1;1;1;1;1;3;1; ; ;150000000;500000; ;1;1;1;1;1;1;1;1;2;2;1;1;1;1;2;2;2;2;2;2;2;1;3;3;2; ;1;1;1;4;1;2;1;1;1;3;1;1;01;73;07;73;210,454502217259
4678176;1;4;2;1;1;1;1;1;3;3; ; ; ; ;500000;1;1;1;1;1;1;1;2;2;2;1;2;1;1;2;2;1;2;2;2;2;1;3;3;2; ;1;2;1;4;1;2;1;1;1;3;1;1;01;73;07;73;228,836402770608
4678177;1;4;2;1;1;1;1;1;3;3; ; ; ; ;300000;2;1;2;1;1;1;1;2;2;2;1;2;2;2;2;2;2;2;1;2;2;1;1;3;2; ;1;2;1;2;1;2;1;1;1;3;1;1;01;73;07;73;245,956341161317
4678178;1;3;2;1;1;1;1;1;3;3; ; ; ; ;250000;2;1;1;2;1;1;1;1;2;2;1;1;1;1;2;2;1;2;2;2;2;1;3;4;2; ;1;2;1;2;1;2;1;1;1;3;1;1;01;73;07;73;249,14106464088
4678179;1;3;2;1;1;1;1;1;3;4; ; ; ;500000; ;2;2;2;1;1;1;1;2;2;2;1;2;2;2;2;2;2;2;2;2;2;1;1;2;2; ;1;2;1;4;1;2;1;1;1;3;1;1;01;73;07;73;243,225436376856
4678180;1;3;1;1;1;1;1;1;3;3; ; ; ; ;450000;2;1;2;1;1;1;1;2;2;2;1;1;1;2;2;2;1;1;1;2;2;1;2;2;2; ;1;1;1;2;1;2;1;1;1;3;1;2;01;73;07;73;224,708548546583
4678181;1;3;1;1;1;1;1;3;3;1; ; ;100000000;550000; ;2;1;1;1;1;2;1;2;2;2;1;1;2;1;2;2;1;2;1;2;2;1;1;1;2; ;1;2;1;4;1;2;1;1;1;3;1;1;01;73;07;73;293,858622574262
4678182;1;3;2;1;1;1;1;1;3;1; ; ;98;400000; ;2;1;1;2;1;1;1;2;2;2;1;2;2;2;2;2;2;2;2;2;2;1;2;4;2; ;1;2;1;4;1;2;1;1;1;3;1;1;01;73;07;73;213,840042794185
4678183;1;3;2;1;1;1;1;1;3;3; ; ; ; ;180000;2;1;1;2;1;1;1;2;2;2;1;1;2;1;2;2;2;1;1;1;2;1;2;3;2; ;1;2;1;2;1;2;1;1;1;3;1;1;01;73;07;73;279,229285826074
4678184;1;5;3;1;1;1;1;1;3;3; ; ; ; ;500000;1;1;1;1;1;1;1;2;2;2;1;1;1;1;2;2;2;1;2;2;2;1;3;6;2; ;1;1;1;4;1;2;1;1;1;3;1;1;01;73;07;73;350,431394074667
4678185;1;6;5;1;1;1;1;1;3;1; ; ;98;300000; ;1;1;1;1;1;1;1;2;2;2;1;2;1;2;2;2;2;2;2;2;2;1;5;8;2; ;1;1;1;4;1;2;1;1;1;3;1;1;01;73;07;73;261,196288207014
4678186;1;3;2;1;1;1;1;1;3;1; ; ;120000000;400000; ;1;2;1;1;1;1;1;2;2;2;1;2;2;1;2;2;2;2;1;2;2;1;2;2;2; ;1;2;1;4;1;2;1;1;1;3;1;1;01;73;07;73;210,65384259226
4678187;1;4;2;1;1;1;1;3;3;1; ; ;120000000;550000; ;1;1;1;1;1;1;1;1;2;2;1;1;1;1;2;2;1;1;1;1;2;1;3;3;2; ;1;2;1;4;1;2;1;1;1;3;1;1;01;73;07;73;245,013210416855
4678188;1;3;1;1;1;1;1;1;3;3; ; ; ; ;400000;2;1;2;2;1;1;1;2;2;2;1;1;1;2;2;2;2;1;2;2;2;1;1;2;2; ;1;2;1;4;1;2;1;1;1;3;1;1;01;73;07;73;244,86991800148
4678189;1;3;2;1;1;1;1;1;3;3; ; ; ; ;350000;1;1;1;1;1;1;1;1;2;2;1;1;1;1;2;2;1;1;1;2;2;1;4;4;2; ;1;1;1;4;1;2;1;1;1;3;1;1;01;73;07;73;339,863751247455
4678190;1;5;2;1;1;1;1;1;3;1; ; ;98;700000; ;1;1;2;1;1;1;1;1;1;2;1;1;2;1;1;2;1;2;2;1;2;1;3;3;2; ;1;1;1;4;1;3;1;1;1;3;1;1;01;73;07;73;228,836402770608
4678191;1;6;2;1;1;1;1;1;4;2; ;380000;280000000;1200000; ;1;1;1;1;1;1;1;1;2;2;1;1;2;2;2;2;2;1;2;2;2;1;1;2;2; ;1;1;1;4;1;3;2;1;1;3;1;2;01;73;07;73;252,628127767992
4678192;1;6;1;1;1;1;1;1;3;1; ; ;250000000;1000000; ;1;1;2;1;1;1;1;2;2;1;1;2;2;2;1;2;2;2;2;2;2;1;1;1;2; ;1;1;1;4;1;3;1;1;1;3;1;2;01;73;07;73;231,380335153257
4678193;1;5;3;1;1;1;1;1;3;3; ; ; ; ;780000;2;1;1;1;1;1;1;1;1;2;1;1;1;1;2;2;1;1;2;1;2;1;4;4;2; ;1;2;1;4;1;3;1;1;1;3;1;1;01;73;07;73;298,832596816186
4678194;1;4;1;1;1;1;1;1;3;3; ; ; ; ;550000;2;1;1;1;1;1;1;1;1;2;1;2;1;1;2;2;2;1;1;2;2;1;1;1;2; ;1;2;1;4;1;2;1;1;1;3;1;1;01;73;07;73;306,970197784122
4678195;1;4;2;1;1;1;1;1;3;1; ; ;100000000;500000; ;1;1;1;1;1;1;1;2;2;2;1;2;1;1;2;2;2;2;2;2;2;1;3;3;2; ;1;1;1;4;1;2;1;1;1;3;1;1;01;73;07;73;245,013210416855
4678196;1;3;2;1;1;1;1;1;3;3; ; ; ; ;260000;2;1;2;1;1;1;1;2;2;2;1;2;2;2;2;2;2;1;2;2;2;1;2;4;2; ;1;1;1;4;1;1;1;1;1;3;1;1;01;73;07;73;267,204133776052
4678197;1;5;4;1;1;1;1;1;3;3; ; ; ; ;1400000;1;1;1;1;1;1;1;2;1;2;1;1;1;1;2;2;2;2;2;1;2;1;5;5;2; ;1;2;1;4;1;3;1;1;1;3;1;1;01;73;07;73;217,272298458807
4678198;1;4;2;1;1;1;1;1;3;1; ; ;190000000;450000; ;1;1;1;2;1;1;1;2;2;2;1;1;1;1;2;2;1;2;2;2;2;1;2;2;2; ;1;1;1;4;1;3;1;1;1;3;1;1;01;73;07;73;252,628127767992
4678199;1;1;1;1;2;1;1;1;3;3; ; ; ; ;300000;2;2;1;2;2;2;1;2;2;2;2;2;2;2;2;2;1;2;2;2;2;1;2;3;2; ;1;2;1;4;1;3;1;1;1;3;1;1;01;76;07;76;698,886489365666
4678199;2;1;1;1;2;1;1;1;3;3; ; ; ; ;220000;2;2;2;2;2;2;1;2;2;2;2;2;2;2;2;2;1;2;2;2;2;1;1;1;2; ;2;2;1;4;1;3;1;1;1;3;1;1;01;76;07;76;698,886489365666
4678199;3;1;1;1;2;1;1;1;3;3; ; ; ; ;220000;2;2;2;2;2;2;2;2;2;2;1;2;2;2;2;2;2;2;2;2;2;1;1;1;2; ;3;2;1;4;1;3;1;1;1;3;1;1;01;76;07;76;698,886489365666
4678199;4;1;1;1;2;1;1;1;3;3; ; ; ; ;320000;2;2;1;2;1;2;1;2;2;2;1;2;2;2;2;2;2;2;2;2;2;1;1;1;2; ;4;2;1;4;1;3;1;1;1;3;1;1;01;76;07;76;698,886489365666
4678200;1;3;2;1;1;1;1;1;3;4; ; ; ;300000; ;2;1;2;1;1;1;1;2;2;2;1;2;1;2;2;2;2;2;2;2;2;1;2;2;2; ;1;1;1;2;1;2;1;1;1;3;1;1;01;76;07;76;1078,61546295819
4678201;1;3;2;1;1;1;1;1;3;1; ; ;98;400000; ;1;1;1;1;1;1;1;2;2;2;1;2;2;1;2;2;1;2;2;2;2;1;2;5;2; ;1;2;1;4;1;2;1;1;1;3;1;1;01;76;07;76;629,409730586131
4678202;1;4;1;1;1;1;1;1;3;3; ; ; ; ;250000;2;2;2;2;1;1;1;2;2;2;1;2;2;2;2;2;2;2;1;2;2;1;2;2;2; ;1;1;1;2;1;2;1;1;1;3;1;1;01;76;07;76;1135,62764593935
4678203;1;5;3;1;1;1;1;1;3;1; ; ;99;450000; ;2;1;2;1;1;1;1;2;1;2;1;2;1;1;2;2;1;2;1;2;2;1;5;5;2; ;1;1;1;4;1;2;1;1;1;3;1;1;01;76;07;76;1329,66650076114
4678204;1;3;2;1;1;1;1;1;3;3; ; ; ; ;450000;2;1;2;1;1;1;1;2;2;2;1;2;2;2;2;2;1;2;2;2;2;1;2;3;2; ;1;2;1;4;1;4;1;1;1;3;1;1;01;76;07;76;1038,20257563358
4678205;1;4;2;1;1;1;1;1;3;3; ; ; ; ;450000;2;1;2;1;2;1;1;1;2;2;1;1;2;2;2;2;1;2;2;2;2;1;2;4;2; ;1;2;1;4;1;3;1;1;1;3;1;1;01;76;07;76;1242,75186928247
4678206;1;3;2;1;1;1;1;1;3;3; ; ; ; ;350000;2;2;2;1;1;1;1;2;2;2;1;1;2;2;2;2;2;1;1;2;2;1;2;4;2; ;1;2;1;4;1;2;1;1;1;3;1;1;01;76;07;76;1242,75186928247
4678207;1;3;1;1;1;1;1;1;3;1; ; ;98;300000; ;2;1;2;1;1;1;1;1;2;2;1;2;1;2;2;2;2;2;2;2;2;1;1;1;2; ;1;2;1;2;1;2;1;1;1;3;1;1;01;76;07;76;991,63103424808
4678208;1;1;1;1;1;1;1;1;4;3; ; ; ; ;335000;2;1;2;1;1;1;1;1;1;2;1;1;1;1;2;2;2;2;2;2;2;1;1;2;2; ;1;2;1;4;1;4;2;1;1;3;1;1;01;76;07;76;1116,75812109058
4678209;1;5;3;1;1;1;1;1;3;3; ; ; ; ;250000;1;2;2;1;1;1;1;1;2;2;1;2;1;2;2;2;1;2;2;2;2;1;4;4;2; ;1;2;1;4;1;2;1;1;1;3;1;1;01;76;07;76;944,367892702895
4678210;1;3;1;1;1;1;1;1;4;3; ; ; ; ;600000;1;1;1;1;1;1;1;2;2;2;1;1;2;1;2;2;2;2;1;2;2;1;2;2;2; ;1;2;1;4;1;4;2;1;1;3;1;1;01;76;07;76;1135,62764593935
4678211;1;2;1;1;1;1;1;3;3;3; ; ; ; ;450000;1;1;1;1;1;1;1;2;2;2;1;2;1;2;2;2;1;2;1;2;2;1;2;2;2; ;1;2;1;4;1;3;1;1;1;3;1;1;01;76;07;76;1135,62764593935
4678212;1;3;1;1;1;1;1;3;3;1; ; ;30000000;280000; ;2;1;1;1;1;1;1;2;2;2;1;2;1;1;2;2;1;2;1;2;2;1;1;1;2; ;1;2;1;4;1;2;1;1;1;3;1;1;01;76;07;76;995,548378190389
4678213;1;3;2;1;1;1;1;1;3;3; ; ; ; ;350000;2;1;1;1;1;1;1;2;2;2;1;1;2;1;2;2;1;2;1;2;2;1;2;4;2; ;1;2;1;4;1;2;1;1;1;3;1;1;01;76;07;76;1242,75186928247
4678214;1;3;2;1;1;1;1;1;3;1; ; ;100000000;800000; ;1;1;1;1;1;1;1;1;1;2;1;2;1;1;2;2;1;1;1;2;2;1;2;2;2; ;1;2;1;4;1;3;1;1;1;3;1;1;01;76;07;76;1283,95803886827
4678214;2;3;2;1;1;1;1;3;3;1; ; ;50000000;500000; ;2;2;1;1;1;1;1;2;2;2;1;2;2;2;2;2;1;2;2;2;2;1;2;2;2; ;2;2;1;4;1;3;1;1;1;3;1;1;01;76;07;76;1283,95803886827
4678215;1;4;1;1;1;1;1;1;3;4; ; ; ;450000; ;1;1;2;2;1;1;1;2;2;2;1;1;2;2;2;2;2;1;2;2;2;1;2;2;2; ;1;2;1;4;1;3;1;1;1;3;1;1;01;76;07;76;808,064183975969
4678216;1;3;1;1;1;1;1;3;3;3; ; ; ; ;480000;2;2;2;2;1;1;1;2;2;2;1;2;2;2;2;2;1;2;1;2;2;1;2;2;2; ;1;2;1;4;1;3;1;1;1;3;1;1;01;76;07;76;1114,04257242561
4678217;1;3;2;3;1;1;1;1;4;3; ; ; ; ;250000;2;1;2;1;1;1;1;2;2;2;1;2;2;2;2;2;1;2;1;2;2;1;2;3;2; ;1;2;1;4;1;1;2;2;1;3;1;1;01;76;07;76;1258,43678661372
4678218;1;4;2;1;1;1;1;1;3;4; ; ; ;800000; ;1;1;1;1;1;1;1;2;2;2;1;2;2;2;2;2;2;2;2;2;2;2; ;1;2; ;1;2;1;4;1;3;1;1;1;3;1;1;01;76;07;76;915,351723921305
4678219;1;5;1;1;1;1;1;1;3;1; ; ;100000000;500000; ;2;2;2;2;1;2;1;1;2;2;1;1;2;2;2;2;1;2;2;2;2;1;1;1;2; ;1;1;1;4;1;3;1;1;1;3;1;1;01;76;07;76;915,351723921305
4678220;1;5;2;1;1;1;1;1;3;2; ;99;99;500000; ;1;1;1;1;1;1;1;1;1;2;1;2;1;1;2;2;1;1;1;1;2;1;1;2;2; ;1;1;1;4;1;3;1;1;1;3;1;1;01;76;07;76;935,093916057472
4678221;1;4;1;1;1;1;1;1;3;1; ; ;120000000;700000; ;2;1;1;1;1;1;1;2;2;2;1;1;1;1;2;2;1;1;2;1;2;1;1;1;2; ;1;1;1;4;1;3;1;1;1;3;1;1;01;76;07;76;1214,18319139635
4678222;1;3;2;1;1;1;1;1;3;3; ; ; ; ;350000;2;2;2;1;1;1;1;1;2;2;1;1;1;2;2;2;2;1;1;2;2;1;1;2;2; ;1;1;1;4;1;3;1;1;1;3;1;1;01;76;07;76;935,093916057472
4678223;1;3;2;1;1;1;1;1;3;1; ; ;90000000;560000; ;2;1;2;1;1;1;1;2;1;2;1;2;1;2;2;2;1;2;2;2;2;2; ;2;2; ;1;1;1;4;1;3;1;1;1;3;1;1;01;76;07;76;779,783995483142
4678224;1;4;2;1;1;1;1;1;3;3; ; ; ; ;300000;2;1;1;1;1;1;1;2;2;2;1;1;2;1;2;2;1;1;1;2;2;1;2;3;2; ;1;2;1;4;1;2;1;1;1;3;1;1;01;76;07;76;1189,88745968555
4678225;1;2;1;1;2;1;1;1;3;1; ; ;98;600000; ;1;1;2;1;1;1;1;1;2;2;1;2;2;2;2;2;2;2;2;2;2;2; ;1;2; ;1;2;1;4;1;2;1;1;1;3;1;1;01;76;07;76;971,327923012853
4678225;2;1;1;1;2;1;1;6; ;3; ; ; ; ;200000;2;1;2;2;2;2;2;2;2;2;1;2;2;2;2;2;2;1;2;2;2;1;1;1;2; ;2;2;1;4;1;2;1;1;1;3;1;1;01;76;07;76;971,327923012853
4678225;3;1;1;1;2;1;1;6; ;3; ; ; ; ;210000;2;1;2;2;2;2;2;2;2;2;1;2;2;2;2;2;1;2;2;2;2;1;1;1;2; ;3;2;1;4;1;2;1;1;1;3;1;1;01;76;07;76;971,327923012853
4678226;1;3;1;1;1;1;1;1;1;4; ; ; ;300000; ;1;2;2;2;1;1;1;1;2;2;2;2;2;2;2;2;2;2;2;2;2;2; ;1;2; ;1;2;4;4;1;2;2;1;1;3;1;1;01;76;07;76;915,351723921305
4678227;1;5;2;1;1;1;1;1;1;4; ; ; ;300000; ;1;1;1;2;1;1;1;1;2;2;1;2;1;1;2;2;1;1;1;2;2;1;1;2;2; ;1;2;4;4;1;2;1;1;1;3;1;1;01;76;07;76;1106,89565145102
4678228;1;5;3;1;1;1;1;1;4;1; ; ;98;600000; ;1;2;1;1;1;1;1;2;2;2;1;2;2;1;2;2;2;1;1;2;2;1;3;3;2; ;1;1;1;4;1;2;2;1;1;3;1;1;01;76;07;76;1241,87920199507
4678229;1;1;1;1;2;1;1;1;4;3; ; ; ; ;150000;2;2;2;2;2;1;1;2;2;2;2;2;1;2;2;2;2;2;2;2;2;1;1;1;2; ;1;3;1;4;1;2;2;1;1;3;1;1;01;76;07;76;915,351723921305
4678230;1;1;1;1;2;1;1;6; ;3; ; ; ; ;160000;2;1;2;2;2;2;2;2;2;2;1;2;2;2;2;2;2;2;2;2;2;1;1;1;2; ;1;3;1;4;1;2;2;1;1;3;1;1;01;76;07;76;1214,18319139635
4678231;1;3;1;1;1;1;1;1;3;3; ; ; ; ;280000;2;1;1;2;2;1;1;2;2;2;1;2;2;2;2;2;2;2;2;2;2;1;1;5;2; ;1;2;1;4;1;1;1;1;1;3;1;1;01;76;07;76;1273,59483082153
4678232;1;4;2;1;1;1;1;1;3;3; ; ; ; ;300000;1;1;1;2;1;1;1;1;1;2;1;1;1;1;2;2;1;2;1;2;2;1;2;2;2; ;1;2;1;4;1;1;1;1;1;3;1;1;01;76;07;76;1167,43874561387
4678233;1;1;1;1;2;1;1;6; ;3; ; ; ; ;150000;2;2;2;2;2;2;2;2;2;2;2;2;2;2;2;2;2;2;2;2;2;1;1;1;2; ;1;3;1;4;1;2;2;1;1;3;1;1;01;76;07;76;1214,18319139635
4678234;1;6;4;1;1;1;1;1;3;1; ; ;98;500000; ;1;1;1;1;1;1;1;2;1;2;1;2;1;1;2;2;1;1;2;2;2;1;4;4;2; ;1;2;1;4;1;2;1;1;1;3;1;1;01;76;07;76;572,892741173778
4678235;1;3;1;1;1;1;1;1;3;1; ; ;50000000;300000; ;1;1;1;1;1;2;1;1;2;2;1;2;1;1;2;2;2;2;1;2;2;1;2;2;2; ;1;2;1;4;1;1;1;1;1;3;1;1;01;76;07;76;808,064183975969
4678236;1;3;2;1;1;1;1;1;3;3; ; ; ; ;350000;2;2;2;1;1;1;1;2;2;2;1;2;1;2;2;2;2;1;2;2;2;1;3;3;2; ;1;2;1;2;1;2;1;1;1;3;1;1;01;76;07;76;1003,13902268737
4678237;1;4;3;1;1;1;1;1;3;1; ; ;99;400000; ;2;1;1;1;1;1;1;2;2;2;1;2;2;1;2;2;1;2;2;2;2;1;3;3;1;1;1;2;1;5;1;1;1;1;1;3;1;1;01;76;07;76;708,460469611941
4678238;1;4;3;1;2;1;1;1;3;1; ; ;50000000;220000; ;1;1;1;2;1;1;1;1;2;2;1;2;2;1;2;2;2;1;2;2;2;1;3;4;2; ;1;2;1;2;1;2;1;1;1;3;1;1;01;76;07;76;1063,18303756733
4678238;2;1;1;1;2;1;1;1;3;3; ; ; ; ;150000;2;1;1;2;2;1;2;2;2;2;1;2;2;2;2;2;1;2;2;2;2;1;1;1;2; ;2;2;1;2;1;2;1;1;1;3;1;1;01;76;07;76;1063,18303756733
4678239;1;4;1;1;1;1;1;1;3;2; ;300000;90000000;450000; ;1;1;1;1;1;1;1;2;2;2;1;1;1;2;2;2;2;2;1;2;2;1;1;2;2; ;1;2;1;4;1;2;1;1;1;3;1;1;01;76;07;76;1135,62764593935
4678240;1;4;3;1;1;1;1;1;3;1; ; ;98;400000; ;1;1;1;1;1;1;1;1;2;2;1;1;2;2;2;2;2;1;2;2;2;1;2;4;2; ;1;2;1;4;1;1;1;1;1;3;1;1;01;76;07;76;667,574468974045
4678241;1;4;1;1;1;1;1;1;3;3; ; ; ; ;500000;2;1;1;1;1;1;1;2;2;2;1;2;2;1;2;2;2;2;2;2;2;1;1;1;2; ;1;2;1;4;1;1;1;1;1;3;1;1;01;76;07;76;1214,18319139635
4678242;1;4;3;1;1;1;1;1;3;2; ;900000;70000000;350000; ;2;1;1;1;1;2;1;1;2;2;1;1;1;2;2;2;2;2;1;2;2;1;2;4;2; ;1;2;1;4;1;1;1;1;1;3;1;1;01;76;07;76;1525,77732336216
4678243;1;4;1;1;1;1;1;1;3;4; ; ; ;300000; ;1;1;2;1;1;1;1;2;2;2;1;1;1;2;2;2;2;1;2;2;2;1;2;2;2; ;1;2;1;4;1;1;1;1;1;3;1;1;01;76;07;76;808,064183975969
4678244;1;5;2;1;1;1;1;1;3;4; ; ; ;250000; ;2;1;2;1;1;1;1;2;2;2;1;2;2;2;2;2;2;2;2;2;2;1;2;3;2; ;1;1;1;2;1;1;1;1;1;3;1;1;01;76;07;76;943,047734520026
4678245;1;3;1;1;1;1;1;1;3;3; ; ; ; ;350000;2;1;2;2;1;1;1;1;2;2;1;2;2;2;2;2;1;2;1;2;2;1;1;1;2; ;1;2;1;4;1;1;1;1;1;3;1;1;01;76;07;76;1214,18319139635
4678246;1;4;1;1;1;1;1;1;3;3; ; ; ; ;350000;2;1;1;1;1;1;1;2;2;2;1;2;1;1;2;2;1;2;1;1;2;1;1;1;2; ;1;2;1;4;1;2;1;1;1;3;1;1;01;76;07;76;1214,18319139635
4678247;1;1;1;1;2;1;1;1;4;3; ; ; ; ;200000;2;1;1;1;1;1;1;2;2;2;1;2;2;2;2;2;2;2;2;2;2;1;1;1;2; ;1;3;1;4;1;2;2;1;1;3;1;1;01;76;07;76;1214,18319139635
4678248;1;4;1;1;1;1;1;1;3;2; ;360000;80000000;450000; ;2;2;2;1;1;1;1;1;2;2;1;2;2;2;2;2;2;2;2;2;2;1;1;1;2; ;1;2;1;4;1;1;1;1;1;3;1;1;01;76;07;76;915,351723921305
4678249;1;4;2;1;1;1;1;1;3;3; ; ; ; ;450000;2;2;2;1;1;1;1;2;2;2;2;2;1;2;2;2;1;2;2;2;2;1;2;2;2; ;1;2;1;4;1;1;1;1;1;3;1;1;01;76;07;76;1110,42656263271
4678250;1;3;1;1;1;1;1;1;3;3; ; ; ; ;350000;2;1;2;1;1;1;1;2;2;2;1;2;1;1;2;2;1;2;1;2;2;1;2;2;2; ;1;2;1;4;1;1;1;1;1;3;1;1;01;76;07;76;1114,04257242561
4678251;1;2;1;1;1;1;1;1;3;3; ; ; ; ;300000;2;1;2;2;1;1;1;2;2;2;1;2;1;2;2;2;2;2;1;1;2;1;1;1;2; ;1;2;1;4;1;2;1;1;1;3;1;1;01;76;07;76;1214,18319139635
4678252;1;4;2;1;1;1;1;1;3;2; ;350000;70000000;500000; ;1;2;1;1;1;1;1;2;2;2;1;1;1;1;2;2;2;2;1;2;2;1;2;2;2; ;1;2;1;4;1;1;1;1;1;3;1;1;01;76;07;76;840,412188257205
4678253;1;4;2;1;1;1;1;1;3;2; ;287000;60000000;400000; ;2;2;2;1;1;1;1;2;2;2;1;1;2;2;2;2;2;2;2;2;2;1;1;2;2; ;1;2;1;4;1;1;1;1;1;3;1;1;01;76;07;76;935,093916057472
4678254;1;4;3;1;1;1;1;1;3;2; ;420000;70000000;500000; ;2;1;1;1;1;1;1;2;2;2;1;2;1;2;2;2;2;2;1;2;2;1;2;4;2; ;1;2;1;4;1;1;1;1;1;3;1;1;01;76;07;76;1061,08766424936
4678255;1;3;1;1;1;1;1;1;3;3; ; ; ; ;400000;2;2;2;2;2;1;1;2;2;2;1;2;1;2;2;2;2;2;2;2;2;1;1;3;2; ;1;2;1;4;1;2;1;1;1;3;1;1;01;76;07;76;803,142197412208
4678256;1;4;2;1;1;1;1;1;3;3; ; ; ; ;350000;1;1;2;1;1;1;1;2;2;2;1;1;1;1;2;2;1;2;2;1;2;1;2;4;2; ;1;2;1;4;1;2;1;1;1;3;1;1;01;76;07;76;1061,08766424936
4678257;1;7;3;1;1;1;1;1;3;1; ; ;150000000;500000; ;2;1;1;1;1;1;1;1;2;2;1;2;1;1;2;2;1;1;1;1;2;1;3;4;2; ;1;2;1;4;1;2;1;1;1;3;1;1;01;76;07;76;868,108198855926
4678258;1;4;3;1;1;1;1;1;3;3; ; ; ; ;500000;1;1;1;2;1;1;1;1;2;2;1;2;1;2;2;2;2;1;2;2;2;1;3;3;2; ;1;1;1;4;1;2;1;1;1;3;1;1;01;76;07;76;1330,70248465075
4679884;1;4;3;1;1;1;1;1;4;1; ; ;50000000;400000; ;1;1;1;1;1;1;1;2;2;2;1;2;2;2;2;2;2;2;2;2;2;1;3;3;2; ;1;2;1;2;1;2;2;1;1;2;1;1;01;05;07;05;991,585795524514
4679885;1;3;3;1;1;1;1;1;3;3; ; ; ; ;170000;2;1;2;1;1;1;1;2;2;2;1;2;1;2;2;2;2;2;2;2;2;1;3;6;2; ;1;2;1;2;1;2;1;1;1;2;1;1;01;05;07;05;1057,57789624916
4679886;1;4;1;1;1;1;1;1;3;1; ; ;170000000;700000; ;1;1;1;1;1;1;2;1;2;2;1;2;1;1;2;2;2;1;2;2;2;1;2;2;2; ;1;2;1;4;1;3;1;1;1;3;1;1;01;05;07;05;1168,373834668
4679887;1;1;1;1;1;1;1;2;4;1; ; ;98;200000; ;2;2;2;1;1;1;1;2;2;2;1;2;1;2;2;2;1;2;2;2;2;1;3;4;2; ;1;2;1;2;1;2;2;1;1;2;1;1;01;05;07;05;1293,60501671692
4679888;1;3;3;1;1;1;1;1;3;3; ; ; ; ;950000;1;1;1;1;1;1;1;2;2;2;1;2;2;1;2;2;2;2;2;2;2;1;3;4;2; ;1;2;1;4;1;3;1;1;1;2;1;1;01;05;07;05;1377,43420695333
4679889;1;4;3;1;1;1;1;1;3;3; ; ; ; ;770000;1;1;1;1;1;1;1;1;1;2;1;2;1;1;1;2;2;1;2;2;2;1;3;6;2; ;1;2;1;4;1;3;1;1;1;3;1;1;01;05;07;05;1848,45469794687
4679890;1;4;3;1;2;1;1;1;3;4; ; ; ;250000; ;1;1;1;2;1;1;1;2;2;2;1;2;1;1;2;2;1;1;1;1;2;1;5;5;2; ;1;2;1;4;1;2;1;1;1;2;1;1;01;05;07;05;645,084267856836
4679890;2;1;1;1;2;1;1;2;4;4; ; ; ;180000; ;2;2;2;2;2;1;1;2;2;2;2;2;2;2;2;2;2;2;2;2;2;1;2;2;2; ;2;2;1;4;1;2;1;1;1;2;1;1;01;05;07;05;645,084267856836
4679891;1;4;3;1;1;1;1;1;3;3; ; ; ; ;900000;1;1;1;1;1;1;1;1;1;1;1;1;1;1;1;2;2;1;2;2;2;1;3;5;2; ;1;2;1;4;1;3;1;1;1;2;1;1;01;05;07;05;1635,11411101531
4679892;1;3;2;1;1;1;1;1;4;3; ; ; ; ;200000;2;1;2;1;1;1;1;2;2;1;1;1;1;1;2;2;2;2;2;2;2;1;2;4;2; ;1;2;1;2;1;2;2;1;1;2;1;1;01;05;07;05;1416,30090614718
4679893;1;2;1;1;1;1;1;1;3;3; ; ; ; ;450000;2;1;2;1;1;1;1;2;2;2;1;2;2;1;2;2;2;2;2;2;2;1;2;2;2; ;1;2;1;4;1;2;1;1;1;2;1;1;01;05;07;05;1182,51245241093
4679894;1;3;2;1;1;1;1;1;3;1; ; ;120000000;600000; ;1;1;1;1;1;1;1;2;2;1;1;1;2;2;2;2;2;2;2;2;2;1;3;3;2; ;1;2;1;4;1;2;1;1;1;2;1;1;01;05;07;05;991,585795524514
4679895;1;4;2;1;1;1;1;1;3;3; ; ; ; ;800000;1;1;1;1;1;1;1;1;1;1;1;1;1;1;2;2;2;2;1;2;2;1;2;2;2; ;1;2;1;4;1;3;1;1;1;2;1;1;01;05;07;05;972,874592390749
4679896;1;3;2;1;1;1;1;1;4;3; ; ; ; ;240000;2;1;1;1;1;1;1;1;2;2;1;2;1;2;2;2;2;2;2;2;2;1;4;6;2; ;1;2;1;4;1;2;2;1;1;2;1;1;01;05;07;05;892,279353359407
4679897;1;3;2;1;1;1;1;1;4;3; ; ; ; ;180000;2;1;1;2;1;1;1;2;1;2;1;1;1;2;2;2;1;2;2;2;2;1;4;6;2; ;1;2;1;4;1;2;2;1;1;2;1;1;01;05;07;05;1059,79884773741
4679898;1;6;5;1;1;1;1;1;4;1; ; ;50000000;250000; ;1;2;1;1;1;1;1;2;1;1;1;2;1;1;2;2;2;2;1;2;2;1;5;5;2; ;1;2;1;2;1;2;2;1;1;2;1;1;01;05;07;05;704,815236969432
4679899;1;4;3;1;1;1;1;1;3;3; ; ; ; ;680000;1;1;1;1;1;1;1;2;1;1;1;1;1;1;2;2;2;1;1;2;2;1;3;3;2; ;1;2;1;4;1;3;1;1;1;2;1;1;01;05;07;05;1131,00786787269
4679900;1;4;3;1;1;1;1;1;4;1; ; ;30000000;300000; ;1;1;1;1;1;1;1;1;1;1;1;2;1;1;2;2;2;2;1;2;2;1;3;4;2; ;1;2;1;4;1;2;2;1;1;2;1;1;01;05;07;05;1192,99727097034
4679901;1;5;3;1;1;1;1;1;3;1; ; ;900000000;4000000; ;1;1;1;1;1;1;1;1;1;1;1;1;1;1;2;2;1;2;2;1;2;1;4;4;2; ;1;1;1;4;1;6;1;1;1;2;1;1;01;05;07;05;1344,34845480424
4679902;1;4;3;1;1;1;1;1;3;1; ; ;400000000;1500000; ;1;1;1;1;1;1;1;1;2;1;1;1;1;1;1;2;2;2;2;1;2;1;4;4;2; ;1;2;1;4;1;4;1;1;1;2;1;1;01;05;07;05;881,603276112919
4679903;1;6;4;1;1;1;1;1;3;2; ;3000000;98;98; ;1;1;1;1;1;1;1;1;1;1;1;1;1;1;1;2;1;2;2;1;1;1;5;5;2; ;1;1;1;6;1;6;1;1;1;2;1;1;01;05;07;05;887,515509281491
4679904;1;4;2;1;1;1;1;1;3;3; ; ; ; ;1400000;2;2;1;1;1;1;1;1;1;2;1;2;1;1;2;2;1;2;2;2;2;1;3;3;2; ;1;2;1;4;1;5;1;1;1;2;1;1;01;05;07;05;1086,66855074226
4679905;1;2;1;1;1;1;1;1;4;3; ; ; ; ;750000;2;2;2;2;1;1;1;2;2;2;1;1;1;1;2;2;2;2;2;2;2;1;2;2;2; ;1;2;1;4;1;5;2;1;1;2;1;1;01;05;07;05;1155,57486470281
4679906;1;3;2;1;1;1;1;1;3;2; ;3000000;100000000;4000000; ;1;1;1;1;1;1;1;1;1;1;1;1;1;1;1;2;1;2;1;1;2;1;3;3;2; ;1;1;1;6;1;6;1;1;1;2;1;1;01;05;07;05;991,585795524514
4679907;1;2;1;1;1;1;1;1;3;1; ; ;98;1500000; ;1;1;1;1;1;1;1;1;1;1;1;2;1;1;1;2;1;1;2;1;1;1;2;2;2; ;1;2;1;4;1;4;1;1;1;2;1;1;01;05;07;05;778,294136320819
4679907;2;1;1;1;1;1;1;1;3;3; ; ; ; ;4500000;1;1;1;1;1;1;2;1;1;1;1;2;1;1;2;2;2;2;2;2;2;1;1;1;2; ;2;2;1;4;1;4;1;1;1;2;1;1;01;05;07;05;778,294136320819
4679907;3;2;2;1;1;1;1;1;3;3; ; ; ; ;400000;1;1;1;1;1;1;1;2;1;1;1;1;1;1;1;2;1;1;2;2;2;1;2;2;2; ;3;2;1;4;1;4;1;1;1;2;1;1;01;05;07;05;778,294136320819
4679908;1;3;2;1;1;1;1;1;3;3; ; ; ; ;850000;1;1;1;1;1;1;1;2;1;1;1;2;2;1;2;2;1;2;2;2;2;1;3;3;2; ;1;2;1;4;1;4;1;1;1;2;1;1;01;05;07;05;1008,98752494682
4679909;1;4;3;1;1;1;1;1;3;3; ; ; ; ;1200000;1;1;1;1;1;1;1;1;1;1;1;1;1;1;2;2;1;1;2;1;2;1;4;4;2; ;1;2;1;4;1;5;1;1;1;2;1;1;01;05;07;05;1245,47737272859
4679910;1;4;3;1;1;1;1;1;3;3; ; ; ; ;1500000;1;1;1;1;1;1;1;1;1;1;1;2;2;1;2;2;1;1;2;1;2;1;2;4;2; ;1;2;1;4;1;5;1;1;1;2;1;1;01;05;07;05;1500,13009638359
4679911;1;5;4;1;1;1;1;1;3;3; ; ; ; ;1690000;1;1;1;1;1;1;1;2;2;1;1;2;2;1;2;2;2;1;1;1;2;1;3;5;2; ;1;2;1;4;1;4;1;1;1;2;1;1;01;05;07;05;1153,42179791783
4679912;1;4;1;1;1;1;1;1;3;1; ; ;300000000;1500000; ;1;1;1;1;1;1;1;1;1;1;1;1;1;1;2;2;1;2;2;1;2;1;2;2;2; ;1;2;1;5;1;5;1;1;1;2;1;1;01;05;07;05;1168,373834668
4679914;1;2;1;1;1;1;1;1;3;3; ; ; ; ;700000;2;1;2;1;1;1;1;2;1;1;1;2;1;2;2;2;2;2;2;2;2;1;1;1;2; ;1;2;1;4;1;5;1;1;1;2;1;1;01;05;07;05;1190,73883698528
4679915;1;2;1;1;1;1;1;1;4;3; ; ; ; ;700000;2;2;1;1;1;1;1;2;1;1;1;1;2;1;2;2;2;2;2;2;2;1;1;1;2; ;1;2;1;4;1;5;2;1;1;2;1;1;01;05;07;05;1076,18373218285
4679916;1;5;4;1;1;1;1;1;3;2; ;1200000;230000000;1200000; ;1;1;1;1;1;1;1;1;1;1;1;2;1;1;2;2;2;1;1;2;2;1;4;6;2; ;1;2;1;4;1;3;1;1;1;3;1;1;01;05;07;05;1653,82531414908
4679917;1;1;1;1;1;1;1;2;4;3; ; ; ; ;350000;2;1;2;2;1;2;1;2;2;2;1;2;2;2;2;2;2;2;2;2;2;1;3;6;2; ;1;2;1;2;1;2;2;1;1;2;1;1;01;05;07;05;1498,71921907412
4679918;1;3;2;1;1;1;1;1;3;3; ; ; ; ;350000;1;1;1;1;1;1;1;2;2;2;1;2;1;2;2;2;1;1;2;2;2;1;2;5;2; ;1;2;1;2;1;2;1;1;1;2;1;1;01;05;07;05;1955,55216459687
4679919;1;3;2;1;1;1;1;1;3;1; ; ;98;300000; ;2;1;1;1;1;1;1;2;2;1;1;2;1;1;2;2;2;1;2;2;2;1;2;2;2; ;1;2;1;4;1;1;1;1;1;3;1;1;01;05;07;05;1094,89493531661
4679920;1;3;2;1;1;1;1;1;4;4; ; ; ;500000; ;1;1;1;1;1;1;1;2;1;2;1;2;2;2;2;2;2;2;2;2;2;1;2;3;2; ;1;2;1;4;1;3;2;1;1;2;1;1;01;05;07;05;1358,72300381957
4679921;1;4;2;1;1;1;1;3;1;3; ; ; ; ;700000;2;1;1;1;1;1;1;1;2;2;1;2;2;1;2;2;2;2;2;2;2;1;2;2;2; ;1;2;1;4;1;3;1;1;1;3;1;1;01;05;07;05;972,874592390749
4679922;1;3;1;1;1;1;1;1;3;4; ; ; ;450000; ;1;1;1;1;1;1;1;1;1;1;1;2;2;1;2;2;2;2;2;2;2;1;1;1;2; ;1;2;1;4;1;3;1;1;1;2;1;1;01;05;07;05;1208,14056640759
4679923;1;2;2;1;1;1;1;2;3;3; ; ; ; ;200000;2;1;2;2;1;1;1;2;2;2;1;2;2;2;2;2;2;2;2;2;2;1;2;2;2; ;1;1;1;2;1;2;1;1;1;2;1;1;01;05;07;05;1017,21390952118
4679924;1;4;1;1;1;1;1;1;3;3; ; ; ; ;800000;1;1;1;1;1;1;1;2;1;1;1;2;2;1;2;2;2;2;2;2;2;1;3;3;2; ;1;2;1;4;1;3;1;1;1;3;1;1;01;05;07;05;1187,08503780176
4679925;1;4;3;1;1;1;1;3;3;1; ; ;140000000;700000; ;1;1;1;1;1;1;1;1;2;1;1;2;1;1;2;2;2;2;2;1;2;1;4;4;2; ;1;2;1;4;1;3;1;1;1;3;1;1;01;05;07;05;895,741893855846
4679926;1;2;1;1;1;1;1;1;3;4; ; ; ;350000; ;1;2;2;1;1;1;1;2;1;2;1;2;2;2;2;2;2;2;2;2;2;1;1;1;2; ;1;2;1;2;1;3;1;1;1;2;1;1;01;05;07;05;1208,14056640759
4679927;1;4;2;1;1;1;1;1;3;1; ; ;160000000;850000; ;1;1;1;1;1;1;1;1;1;1;1;1;1;1;1;2;1;2;2;1;2;1;2;3;2; ;1;2;1;4;1;3;1;1;1;3;1;1;01;05;07;05;1440,19235647291
4679928;1;2;2;1;1;1;1;1;3;1; ; ;98;300000; ;1;1;2;2;1;1;1;2;2;2;1;2;1;2;2;2;2;2;2;2;2;1;4;7;2; ;1;2;1;2;1;2;1;1;1;2;1;1;01;05;07;05;1418,55934013224
4679929;1;4;3;1;1;1;1;1;3;4; ; ; ;550000; ;1;1;1;1;1;1;1;2;1;1;1;2;1;1;2;2;2;2;1;2;2;1;4;6;2; ;1;2;1;4;1;3;1;1;1;2;1;1;01;05;07;05;1174,33499556443
4679930;1;3;2;1;1;1;1;1;3;3; ; ; ; ;450000;2;1;2;1;1;1;1;2;2;2;1;2;1;2;2;2;2;1;2;2;2;1;2;5;2; ;1;2;1;2;1;2;1;1;1;2;1;1;01;05;07;05;1602,02835886622
4679931;1;3;1;1;1;1;1;3;3;3; ; ; ; ;720000;1;1;1;1;1;1;1;2;1;2;1;2;2;1;2;2;1;2;1;2;2;1;2;2;2; ;1;2;1;4;1;3;1;1;1;3;1;1;01;05;07;05;808,885523212456
4679931;2;1;1;1;1;1;1;1;3;3; ; ; ; ;250000;1;1;1;1;1;1;1;1;1;1;1;2;2;2;2;2;2;2;1;2;2;1;1;1;2; ;2;2;1;4;1;3;1;1;1;3;1;1;01;05;07;05;808,885523212456
4679932;1;5;4;1;1;1;1;1;4;1; ; ;99;1200000; ;1;1;1;1;1;1;1;2;2;1;1;2;2;1;2;2;2;2;2;1;2;1;3;5;2; ;1;2;1;4;1;4;2;1;1;2;1;1;01;05;07;05;1453,9402867117
4679933;1;3;2;1;1;1;1;1;3;4; ; ; ;500000; ;1;1;1;1;1;1;1;2;2;2;1;2;1;1;2;2;1;2;1;2;2;1;2;2;2; ;1;2;1;4;1;3;1;1;1;2;1;1;01;05;07;05;1111,2053735061
4679933;2;1;1;1;2;1;1;6; ;3; ; ; ; ;220000;1;1;2;2;2;2;2;2;2;2;1;1;2;2;2;2;2;2;2;2;2;1;1;1;2; ;2;2;1;4;1;3;1;1;1;2;1;1;01;05;07;05;1111,2053735061
4679934;1;4;2;1;1;1;1;1;3;1; ; ;90000000;500000; ;1;1;1;1;1;1;1;2;1;1;1;2;2;1;2;2;2;1;2;2;2;1;3;3;2; ;1;2;1;4;1;3;1;1;1;2;1;1;01;05;07;05;1028,19061586891
4679935;1;4;2;1;1;1;1;1;3;3; ; ; ; ;700000;1;1;1;1;1;1;1;2;1;1;1;2;2;1;2;2;2;2;2;2;2;1;3;3;2; ;1;2;1;4;1;3;1;1;1;2;1;1;01;05;07;05;1440,19235647291
4679936;1;4;3;1;1;1;1;1;3;1; ; ;120000000;700000; ;1;1;1;1;1;1;1;2;1;2;1;2;2;1;2;2;2;2;2;2;2;1;2;5;2; ;1;2;1;4;1;3;1;1;1;3;1;1;01;05;07;05;1355,06920463605
4679937;1;3;2;1;1;1;1;1;1;1; ; ;110000000;600000; ;1;1;1;1;1;1;1;2;2;2;1;2;1;1;2;2;2;2;2;2;2;1;3;4;2; ;1;2;1;4;1;3;2;1;1;2;1;1;01;05;07;05;800,659138638101
4679938;1;5;3;1;1;1;1;1;3;4; ; ; ;500000; ;1;1;1;1;1;1;1;1;1;2;1;1;1;2;2;2;1;2;2;2;2;1;3;9;2; ;1;2;1;4;1;3;1;1;1;2;1;1;01;05;07;05;1576,60701566765
4679939;1;5;4;1;1;1;1;1;3;3; ; ; ; ;580000;1;1;1;1;1;1;1;2;2;2;1;2;2;1;2;2;2;1;2;2;2;1;4;6;2; ;1;2;1;4;1;3;1;1;1;2;1;1;01;05;07;05;808,934450940315
4679940;1;5;2;1;1;1;1;1;3;1; ; ;60000000;600000; ;1;1;1;1;1;2;1;2;2;2;1;2;1;1;2;2;2;1;1;2;2;1;2;2;2; ;1;2;1;4;1;3;1;1;1;3;1;1;01;05;07;05;1017,21390952118
4679941;1;4;2;1;1;1;1;1;3;3; ; ; ; ;600000;2;1;1;1;1;1;1;2;2;1;1;2;2;1;2;2;2;1;1;2;2;1;2;2;2; ;1;2;1;4;1;3;1;1;1;3;1;1;01;05;07;05;1155,57486470281
4679942;1;2;1;1;2;1;1;1;3;1; ; ;25000000;300000; ;2;1;2;1;1;1;1;2;2;2;1;1;2;1;2;2;2;2;1;2;2;1;1;4;2; ;1;1;1;2;1;1;1;1;1;2;1;1;01;05;07;05;1177,52001904164
4679942;2;1;1;1;2;1;1;1;3;1; ; ;98;250000; ;2;1;2;1;1;1;1;2;2;2;1;2;2;1;2;2;2;2;1;2;2;1;3;3;2; ;2;1;1;2;1;1;1;1;1;2;1;1;01;05;07;05;1177,52001904164
4679943;1;4;3;1;1;1;1;1;3;1; ; ;98;200000; ;2;1;2;1;1;1;1;2;2;2;1;2;2;2;2;2;2;2;1;2;2;1;5;5;2; ;1;1;1;2;1;1;1;1;1;3;1;1;01;05;07;05;982,598264499236
4679944;1;5;2;1;1;1;1;1;3;1; ; ;40000000;260000; ;1;1;1;1;1;1;1;2;2;2;1;1;2;1;2;2;2;2;2;2;2;1;2;5;2; ;1;1;1;4;1;1;1;1;1;2;1;1;01;05;07;05;1772,85189228481
4679945;1;4;1;1;1;1;1;1;3;1; ; ;90000000;800000; ;2;1;1;1;1;1;1;1;1;1;1;1;1;1;2;2;1;1;2;2;2;1;2;2;2; ;1;2;1;4;1;3;1;1;1;2;1;1;01;05;07;05;591,256226205463
4679946;1;4;3;1;1;1;1;1;3;4; ; ; ;700000; ;1;1;1;1;1;1;1;1;1;2;1;1;1;2;2;2;1;2;1;2;2;1;4;4;2; ;1;2;1;4;1;3;1;1;1;3;1;1;01;05;07;05;837,263958982492
4679947;1;4;3;1;1;1;1;1;3;1; ; ;100000000;800000; ;2;1;1;1;1;1;1;1;2;1;1;2;2;1;2;2;2;2;2;2;2;1;3;6;2; ;1;2;1;4;1;3;1;1;1;3;1;1;01;05;07;05;997,655668449484
4679947;2;2;1;1;1;1;1;1;4;4; ; ; ;400000; ;2;1;2;1;1;1;2;2;2;2;1;2;1;2;2;2;2;2;2;2;2;1;2;2;2; ;2;2;1;4;1;3;1;1;1;3;1;1;01;05;07;05;997,655668449484
4679948;1;4;3;1;1;1;1;1;3;3; ; ; ; ;500000;1;1;1;1;1;1;1;2;2;2;1;2;1;1;2;2;2;2;2;2;2;1;2;3;2; ;1;2;1;4;1;3;1;1;1;2;1;1;01;05;07;05;1218,625384967
4679949;1;3;2;1;1;1;1;1;4;1; ; ;98;500000; ;1;1;1;1;1;1;1;2;1;2;1;1;1;1;2;2;2;1;1;1;2;1;2;3;2; ;1;2;1;4;1;3;2;1;1;3;1;1;01;05;07;05;1341,32127439726
4679950;1;3;2;1;1;1;1;1;3;3; ; ; ; ;624000;1;1;1;1;1;1;1;2;1;1;1;2;2;1;2;2;2;2;2;1;2;1;3;3;2; ;1;2;1;4;1;3;1;1;1;2;1;1;01;05;07;05;1086,66855074226
4679951;1;4;2;1;1;1;1;1;3;3; ; ; ; ;700000;1;1;1;1;1;1;1;2;1;2;1;1;2;1;2;2;2;1;2;2;2;1;3;3;2; ;1;2;1;4;1;3;1;1;1;2;1;1;01;05;07;05;991,585795524514
4679952;1;4;3;1;1;1;1;1;3;1; ; ;80000000;500000; ;1;1;1;1;1;1;1;1;1;1;1;2;1;2;2;2;2;2;2;2;2;1;3;4;2; ;1;2;1;4;1;3;1;1;1;3;1;1;01;05;07;05;1400,42562473332
4679953;1;3;1;1;1;1;1;1;3;3; ; ; ; ;630000;1;1;1;1;1;1;1;2;1;1;1;1;2;1;2;2;1;1;1;2;2;1;2;2;2; ;1;2;1;4;1;3;1;1;1;2;1;1;01;05;07;05;1182,51245241093
4679954;1;4;2;1;1;1;1;1;3;1; ; ;70000000;400000; ;1;1;1;1;1;1;1;1;1;2;1;2;1;2;2;2;2;1;1;2;2;1;2;2;2; ;1;2;1;4;1;3;1;1;1;3;1;1;01;05;07;05;1226,85176954135
4679955;1;3;3;1;1;1;1;1;4;3; ; ; ; ;500000;2;1;1;1;1;1;1;2;2;2;1;2;1;2;2;2;2;1;2;2;2;1;2;4;2; ;1;2;1;2;1;3;2;1;1;3;1;1;01;05;07;05;990,824649073591
4679956;1;4;3;1;1;1;1;1;3;1; ; ;80000000;550000; ;1;1;1;1;1;1;1;1;2;2;1;1;1;1;2;2;2;2;2;1;2;1;3;4;2; ;1;2;1;4;1;1;1;1;1;3;1;1;01;05;07;05;924,881476076805
4679957;1;4;2;1;1;1;1;1;1;4; ; ; ;400000; ;2;2;2;2;1;1;1;2;2;2;1;1;1;1;2;2;2;1;2;2;2;1;1;6;2; ;1;2;1;4;1;3;2;1;1;2;1;1;01;05;07;05;468,551479153575
4679958;1;5;4;1;1;1;1;1;3;1; ; ;80000000;600000; ;1;1;1;1;1;1;1;2;1;2;1;1;2;2;2;2;2;1;2;2;2;1;5;8;2; ;1;2;1;4;1;1;1;1;1;3;1;1;01;05;07;05;1777,47016385293
4679959;1;3;2;1;1;1;1;1;3;3; ; ; ; ;350000;1;1;1;1;1;1;1;1;1;2;1;1;1;1;2;2;1;1;2;2;2;1;3;3;2; ;1;2;1;2;1;1;1;1;1;3;1;1;01;05;07;05;1086,66855074226
4679960;1;3;2;1;1;1;1;3;4;3; ; ; ; ;600000;1;1;2;1;1;1;1;2;1;1;1;2;1;2;2;2;2;1;2;2;2;1;2;3;2; ;1;2;1;4;1;3;2;1;1;2;1;1;01;05;07;05;571,372860335669
4679961;1;6;4;1;1;1;1;1;3;1; ; ;98;350000; ;1;1;1;1;1;1;1;1;1;2;1;2;1;1;2;2;2;2;2;1;2;1;5;5;2; ;1;2;1;2;1;1;1;1;1;3;1;1;01;05;07;05;819,370341771865
4679962;1;3;1;1;1;1;1;1;3;3; ; ; ; ;260000;2;1;2;1;1;1;1;2;2;1;1;2;2;2;2;2;2;2;2;2;2;1;1;1;2; ;1;2;1;2;1;1;1;1;1;3;1;1;01;05;07;05;1190,73883698528
4679963;1;4;3;1;1;1;1;1;1;4; ; ; ;700000; ;2;2;2;1;1;2;1;2;2;2;1;2;2;2;2;2;2;2;2;2;2;1;1;5;2; ;1;1;1;4;1;3;2;1;1;2;1;1;01;05;07;05;351,207236012579
4679964;1;4;2;1;1;1;1;1;3;3; ; ; ; ;350000;2;1;2;1;1;1;1;1;2;2;1;1;1;2;2;2;2;2;2;2;2;1;2;2;2; ;1;2;1;2;1;1;1;1;1;3;1;1;01;05;07;05;1226,85176954135
4679965;1;1;1;1;1;1;1;1;4;1; ; ;30000000;350000; ;2;1;1;2;1;2;1;2;2;2;2;2;2;2;2;2;2;2;2;2;2;1;1;1;2; ;1;2;1;4;1;1;2;1;1;2;1;2;01;05;07;05;981,100976965104
4679966;1;4;2;1;1;1;1;1;4;1; ; ;98;600000; ;1;1;1;1;1;1;1;2;2;2;1;2;1;1;2;2;2;2;1;2;2;1;2;3;2; ;1;2;1;4;1;1;2;1;1;2;1;1;01;05;07;05;1174,28606783657
4679967;1;3;2;1;1;1;1;1;3;3; ; ; ; ;300000;2;1;1;1;1;1;1;2;2;2;1;2;1;2;2;2;2;1;2;2;2;1;2;4;2; ;1;2;1;2;1;1;1;1;1;3;1;1;01;05;07;05;1301,74580134475
4679968;1;4;2;1;1;1;1;1;4;1; ; ;180000000;800000; ;2;2;1;1;1;1;1;2;1;2;1;2;1;1;2;2;2;2;1;1;2;1;3;3;2; ;1;2;1;4;1;3;2;1;1;2;1;1;01;05;07;05;495,792897762257
4679969;1;4;3;1;1;1;1;1;3;1; ; ;98;600000; ;1;1;1;1;1;1;1;1;1;1;1;2;1;1;2;2;2;1;2;2;2;1;6;8;2; ;1;2;1;2;1;2;1;1;1;2;1;1;01;05;07;05;1009,58477993521
4679970;1;4;3;1;1;1;1;1;3;1; ; ;70000000;450000; ;1;1;1;1;1;1;1;1;1;2;1;2;2;1;2;2;2;2;2;2;2;1;3;5;2; ;1;2;1;4;1;1;1;1;1;3;1;1;01;05;07;05;887,515509281491
4679971;1;3;1;1;1;1;1;3;4;1; ; ;80000000;400000; ;2;1;2;2;1;2;1;2;1;2;1;2;2;2;2;2;2;2;2;2;2;2; ;1;2; ;1;2;1;2;1;1;2;1;1;2;1;2;01;05;07;05;1163,80124927716
4679972;1;3;2;1;1;1;1;1;4;3; ; ; ; ;280000;2;1;2;1;1;1;1;2;2;2;1;2;2;2;2;2;2;2;2;2;2;1;2;5;2; ;1;2;1;2;1;1;2;1;1;2;1;1;01;05;07;05;1380,46138736031
4679973;1;4;3;1;1;1;1;1;3;1; ; ;50000000;600000; ;1;1;1;1;1;1;1;1;2;1;1;2;1;1;2;2;2;2;2;2;2;1;3;3;2; ;1;2;1;4;1;2;1;1;1;3;1;1;01;05;07;05;1131,00786787269
4679974;1;1;1;1;1;1;1;2;4;1; ; ;15000000;200000; ;2;2;2;1;1;2;1;2;2;2;1;2;1;2;2;2;2;2;1;2;2;1;2;2;2; ;1;2;1;4;1;1;2;1;1;2;1;2;01;05;07;05;1094,89493531661
4679975;1;3;2;1;1;1;1;1;4;3; ; ; ; ;300000;2;2;2;1;1;1;1;2;2;2;1;2;1;2;2;2;1;1;2;2;2;1;2;4;2; ;1;2;1;2;1;1;2;1;1;2;1;1;01;05;07;05;1599,00117845924
4679976;1;4;3;1;1;1;1;1;3;3; ; ; ; ;600000;1;1;1;1;1;1;1;1;1;1;1;2;1;1;2;2;2;1;2;2;2;1;4;5;2; ;1;2;1;4;1;2;1;1;1;3;1;1;01;05;07;05;1353,52379965219
4679977;1;4;3;1;1;1;1;1;4;3; ; ; ; ;250000;2;2;2;2;1;1;1;2;2;2;1;2;1;2;2;2;2;2;2;2;2;1;4;5;2; ;1;2;5;2;1;1;2;1;1;2;1;2;01;05;07;05;799,897992187178
4679978;1;1;1;1;1;1;1;2;4;3; ; ; ; ;350000;2;2;2;2;1;1;1;2;2;2;1;2;2;2;2;2;2;2;2;2;2;1;4;7;2; ;1;2;1;4;1;1;2;1;1;2;1;1;01;05;07;05;1653,73971420255
4679979;1;3;2;1;1;1;1;1;3;3; ; ; ; ;550000;1;1;1;1;1;1;1;2;2;2;1;1;1;2;2;2;2;1;2;2;2;1;2;4;2; ;1;2;1;4;1;2;1;1;1;3;1;1;01;05;07;05;881,603276112919
4679980;1;3;1;1;1;1;1;1;4;1; ; ;98;450000; ;2;1;1;2;1;2;1;2;2;2;1;2;2;2;2;2;2;1;2;2;2;1;2;2;2; ;1;2;1;2;1;1;2;1;1;2;1;1;01;05;07;05;885,257075296436
4679981;1;3;2;1;1;1;1;1;3;3; ; ; ; ;580000;1;1;1;1;1;1;1;2;1;1;1;1;1;1;2;2;1;2;1;2;2;1;3;3;2; ;1;2;1;4;1;3;1;1;1;2;1;1;01;05;07;05;991,585795524514
4679982;1;2;1;1;1;1;1;1;1;4; ; ; ;250000; ;2;2;2;1;1;1;1;2;2;2;1;2;2;2;2;2;2;2;1;2;2;1;2;3;2; ;1;2;1;2;1;1;2;1;1;2;1;1;01;05;07;05;1440,19235647291
4679983;1;2;1;1;2;1;1;1;3;4; ; ; ;98; ;1;1;1;1;1;1;1;2;1;2;1;2;2;2;2;2;2;2;2;2;2;1;1;3;2; ;1;2;1;4;1;3;1;1;1;2;1;1;01;05;07;05;1577,36816211857
4679983;2;1;1;1;2;1;1;1;3;4; ; ; ;99; ;1;2;1;1;1;1;1;2;1;2;1;2;2;2;2;2;2;2;2;2;2;1;1;2;2; ;2;2;1;4;1;3;1;1;1;2;1;1;01;05;07;05;1577,36816211857
4679983;3;1;1;1;2;1;1;1;3;4; ; ; ;250000; ;1;1;1;1;1;1;1;2;2;2;1;2;2;1;2;2;2;2;2;2;2;1;2;2;2; ;3;2;1;4;1;3;1;1;1;2;1;1;01;05;07;05;1577,36816211857
4679983;4;1;1;1;2;1;1;6; ;4; ; ; ;250000; ;2;1;1;1;2;2;2;2;2;2;2;2;2;2;2;2;2;2;2;2;2;1;1;1;2; ;4;2;1;4;1;3;1;1;1;2;1;1;01;05;07;05;1577,36816211857
4679984;1;3;2;1;1;1;1;1;4;2; ;370000;60000000;350000; ;2;2;1;1;1;1;1;2;2;2;2;2;2;2;2;2;2;2;2;2;2;1;1;2;2; ;1;2;1;2;1;1;2;1;1;2;1;1;01;05;07;05;1421,48115333914
4679985;1;3;1;1;1;1;1;1;3;3; ; ; ; ;150000;2;1;1;2;1;1;1;2;2;2;1;2;2;2;2;2;2;1;2;2;2;1;1;2;2; ;1;2;1;4;1;3;1;1;1;2;1;1;01;05;07;05;543,334275371129
4679985;2;3;1;1;1;1;1;1;3;1; ; ;99;400000; ;2;1;1;1;1;2;1;2;2;2;1;2;2;2;2;2;2;1;1;2;2;1;1;1;2; ;2;2;1;4;1;3;1;1;1;2;1;1;01;05;07;05;543,334275371129
4679986;1;1;1;1;1;1;1;1;4;3; ; ; ; ;300000;2;1;2;1;1;1;1;1;2;2;1;2;2;1;2;2;2;2;2;2;2;1;1;1;2; ;1;2;1;2;1;1;2;1;1;2;1;1;01;05;07;05;1190,73883698528
4679987;1;4;1;1;1;1;1;6; ;4; ; ; ;350000; ;2;1;2;2;2;2;1;2;2;1;1;2;2;2;2;2;2;2;2;2;2;1;1;1;2; ;1;2;1;4;1;3;1;1;1;3;1;1;01;05;07;05;1190,73883698528
4679988;1;3;1;1;1;1;1;1;4;1; ; ;90000000;600000; ;1;2;1;1;1;1;1;2;2;1;1;2;2;2;2;2;2;2;1;2;2;1;2;2;2; ;1;2;1;4;1;3;2;1;1;3;1;1;01;05;07;05;999,812180098869
4679989;1;4;2;1;1;1;1;1;3;3; ; ; ; ;600000;1;1;1;1;1;1;1;1;1;2;1;2;1;1;2;2;2;2;2;2;2;1;2;3;2; ;1;2;1;4;1;2;1;1;1;2;1;1;01;05;07;05;991,585795524514
4679990;1;1;1;1;1;1;1;2;4;1; ; ;30000000;200000; ;2;2;2;2;2;2;1;2;2;2;1;2;2;2;2;2;2;2;2;2;2;2; ;1;2; ;1;2;1;2;1;1;2;1;1;2;1;1;01;05;07;05;1190,73883698528
4679991;1;6;3;1;1;1;1;1;4;3; ; ; ; ;1180000;1;1;1;1;1;1;1;1;1;1;1;1;1;1;2;2;2;1;2;1;2;1;4;4;2; ;1;2;1;4;1;5;2;1;1;2;1;1;01;05;07;05;1178,85865322741
4679992;1;3;2;1;1;1;1;1;3;3; ; ; ; ;98;1;1;1;1;1;1;1;1;1;1;1;1;1;1;1;1;1;1;1;1;1;2; ;5;2; ;1;2;1;4;1;2;1;1;1;2;1;1;01;05;07;05;914,453096989611
4679993;1;2;2;1;1;1;1;3;4;1; ; ;30000000;350000; ;2;1;1;2;1;1;1;2;2;2;1;2;2;1;2;2;1;1;2;2;2;1;1;4;2; ;1;2;1;2;1;1;2;1;1;2;1;1;01;05;07;05;1150,39461751085
4679994;1;4;2;1;1;1;1;1;3;3; ; ; ; ;740000;1;1;1;1;1;1;1;1;2;1;1;1;2;1;2;2;2;1;2;2;2;1;3;3;2; ;1;2;1;4;1;3;1;1;1;2;1;1;01;05;07;05;1086,66855074226
4679995;1;3;2;1;1;1;1;1;3;3; ; ; ; ;250000;2;1;2;1;1;1;1;2;2;2;1;2;2;2;2;2;2;2;2;2;2;1;1;2;2; ;1;2;1;4;1;1;1;1;1;2;1;1;01;05;07;05;1067,95734760849
4679996;1;3;2;1;1;1;1;1;3;3; ; ; ; ;450000;2;1;2;2;1;1;2;2;2;2;1;2;1;2;2;2;2;2;2;2;2;1;1;2;2; ;1;2;1;4;1;2;1;1;1;2;1;1;01;05;07;05;1322,61007126349
4680001;1;2;1;1;1;1;1;1;3;5; ; ; ;250000; ;1;1;2;1;1;1;1;2;2;1;1;2;2;2;2;2;2;2;2;2;2;1;1;1;2; ;1;2;1;4;1;3;1;1;1;2;1;1;01;05;07;05;1208,14056640759
4680007;1;3;2;1;1;1;1;1;3;3; ; ; ; ;600000;1;1;1;1;1;1;1;2;2;1;1;1;2;1;2;2;2;2;2;2;2;2; ;3;1;1;1;2;1;4;1;2;1;1;1;2;1;1;01;05;07;05;781,947935504336
4680011;1;3;1;1;1;1;1;1;3;3; ; ; ; ;500000;1;1;1;1;1;1;1;2;1;1;1;2;1;1;2;2;2;1;2;2;2;1;1;1;2; ;1;2;1;4;1;3;1;1;1;2;1;1;01;05;07;05;1163,80124927716
4680016;1;3;1;1;1;1;1;1;3;1; ; ;99;99; ;1;2;2;1;1;1;1;2;1;2;1;2;1;1;2;2;1;2;2;2;2;1;1;2;2; ;1;2;1;4;1;3;1;1;1;3;1;1;01;08;07;08;557,248686485081
4680017;1;4;1;1;1;1;1;1;3;1; ; ;500000000;2000000; ;1;1;1;1;1;1;1;1;1;1;1;1;2;1;1;1;1;2;2;2;2;1;2;2;2; ;1;2;1;4;1;5;1;1;1;6;1;1;01;08;07;08;557,248686485081
4680018;1;3;1;1;1;1;1;1;3;3; ; ; ; ;700000;1;1;1;1;1;1;1;1;2;2;1;2;2;2;2;2;1;2;2;2;2;1;2;2;2; ;1;2;1;4;1;3;1;1;1;3;1;1;01;08;07;08;543,703803230037
4680019;1;5;2;1;1;1;1;1;3;1; ; ;80000000;600000; ;1;2;2;1;1;1;1;2;2;2;1;2;2;2;2;2;1;2;2;2;2;2; ;2;2; ;1;1;1;4;1;3;1;1;1;3;1;1;01;08;07;08;430,714718575008
4680020;1;4;3;1;1;1;1;1;3;4; ; ; ;900000; ;2;1;1;1;1;1;1;2;2;2;1;1;2;2;2;2;1;1;2;2;2;1;5;5;2; ;1;2;1;4;1;3;1;1;1;3;1;1;01;08;07;08;554,486956628558
4680021;1;5;3;1;1;1;1;1;3;1; ; ;99;1500000; ;1;1;1;1;1;1;1;2;2;2;1;2;2;2;2;2;1;2;1;2;2;1;3;3;2; ;1;2;1;4;1;3;1;1;1;3;1;1;01;08;07;08;612,575585370512
4680022;1;3;2;1;1;1;1;1;3;1; ; ;100000000;600000; ;1;1;1;1;1;1;1;1;1;2;1;1;1;1;2;1;1;2;2;2;2;1;2;2;2; ;1;2;1;4;1;3;1;1;1;3;1;1;01;08;07;08;577,8174380703
4680023;1;4;2;1;1;1;1;1;3;4; ; ; ;98; ;1;1;1;1;1;1;1;1;2;2;1;2;2;1;2;1;1;2;2;2;2;1;2;2;2; ;1;1;1;4;1;3;1;1;1;3;1;1;01;08;07;08;430,714718575008
4680024;1;3;2;1;1;1;1;1;3;3; ; ; ; ;600000;2;1;1;1;1;1;1;2;1;2;1;2;1;2;2;1;1;2;2;2;2;1;1;4;2; ;1;1;1;4;1;3;1;1;1;3;1;1;01;08;07;08;523,776221209586
4680025;1;5;1;1;1;1;1;3;3;1; ; ;300000000;1500000; ;1;1;1;1;1;1;1;2;1;2;1;2;1;2;2;1;1;2;2;1;2;1;2;2;2; ;1;1;1;4;1;4;1;1;1;3;1;1;01;08;07;08;557,248686485081
4680026;1;5;3;1;1;1;1;1;3;1; ; ;380000000;3000000; ;1;1;1;1;1;1;1;1;1;1;1;2;1;1;2;1;1;2;2;1;2;1;3;3;2; ;1;2;1;4;1;5;1;1;1;3;1;1;01;08;07;08;503,429373437015
4680027;1;4;3;1;1;1;1;1;3;1; ; ;60000000;700000; ;2;1;1;2;1;2;1;2;2;2;2;2;2;1;2;2;1;1;2;2;2;1;4;6;2; ;1;2;1;4;1;3;1;1;1;3;1;1;01;08;07;08;470,646936073597
4680028;1;4;2;1;1;1;1;1;3;1; ; ;100000000;800000; ;2;1;1;2;1;1;1;1;2;2;1;2;2;1;2;2;1;2;2;2;2;1;3;5;2; ;1;1;1;4;1;3;1;1;1;3;1;1;01;08;07;08;349,20260274352
4680029;1;4;2;1;1;1;1;1;3;3; ; ; ; ;400000;2;2;1;1;1;1;1;2;2;2;1;1;1;2;2;2;1;2;1;2;2;1;2;2;2; ;1;2;1;4;1;3;1;1;1;3;1;1;01;08;07;08;550,020278995197
4680030;1;5;1;1;1;1;1;1;3;4; ; ; ;400000; ;1;1;2;2;1;1;1;2;1;2;1;2;2;2;2;1;1;2;2;2;2;1;1;2;2; ;1;1;1;4;1;3;1;1;1;3;1;1;01;08;07;08;557,248686485081
4680031;1;3;1;1;1;1;1;1;3;1; ; ;200000000;500000; ;2;1;2;2;1;1;1;2;2;2;1;1;1;2;2;2;1;2;2;2;2;1;2;2;2; ;1;2;1;4;1;3;1;1;1;3;1;1;01;08;07;08;659,166490928694
4680032;1;5;1;1;1;1;1;1;3;4; ; ; ;3500000; ;1;1;1;1;1;1;1;1;1;1;1;1;1;1;1;1;1;2;2;1;2;1;1;1;2; ;1;2;1;4;1;5;1;1;1;6;1;1;01;08;07;08;597,523116278102
4680033;1;3;2;1;1;1;1;1;3;2; ;520000;150000000;900000; ;2;2;1;1;1;1;1;2;1;2;1;2;1;1;2;1;1;2;2;2;2;1;2;2;2; ;1;2;1;4;1;4;1;1;1;3;1;1;01;08;07;08;543,703803230037
4680034;1;3;2;1;1;1;1;1;3;3; ; ; ; ;750000;2;1;1;1;1;1;1;2;2;2;1;2;2;2;2;2;1;2;2;2;2;1;3;6;2; ;1;2;1;4;1;3;1;1;1;3;1;1;01;08;07;08;570,012136360751
4680035;1;6;3;1;1;1;1;1;3;3; ; ; ; ;98;1;1;1;1;1;1;1;1;1;2;1;1;1;1;2;1;1;1;2;1;2;1;2;4;2; ;1;2;1;4;1;5;1;1;1;3;1;1;01;08;07;08;668,153291083079
4680036;1;3;2;1;1;1;1;1;3;1; ; ;100000000;800000; ;2;1;1;1;1;1;1;2;1;2;1;1;1;1;2;2;1;1;2;1;2;1;3;3;2; ;1;1;1;4;1;3;1;1;1;3;1;1;01;08;07;08;574,414538649008
4680037;1;4;1;1;1;1;1;1;3;1; ; ;300000000;1500000; ;1;1;1;1;1;1;1;1;1;1;1;2;1;1;2;1;1;2;2;1;2;1;2;2;2; ;1;2;1;4;1;5;1;1;1;6;1;1;01;08;07;08;557,248686485081
4680038;1;5;2;1;1;1;1;1;3;3; ; ; ; ;2500000;1;1;1;1;1;1;1;1;1;1;1;1;1;1;2;1;1;2;2;1;2;1;3;3;2; ;1;2;1;4;1;5;1;1;1;6;1;1;01;08;07;08;587,959421904052
4680039;1;6;3;1;1;1;1;1;3;3; ; ; ; ;2500000;1;1;1;1;1;1;1;2;1;2;1;1;1;1;2;1;1;2;2;1;2;1;4;4;2; ;1;2;1;4;1;5;1;1;1;3;1;1;01;08;07;08;509,523945389527
4680040;1;4;3;1;1;1;1;1;3;1; ; ;98;800000; ;1;1;1;1;1;1;1;2;2;2;1;2;2;2;2;2;1;2;2;2;2;1;2;5;2; ;1;1;1;4;1;3;1;1;1;3;1;1;01;08;07;08;635,836009486951
4680041;1;3;1;1;1;1;1;1;3;2; ;445000;120000000;800000; ;2;1;1;1;1;1;1;2;2;2;1;1;1;2;2;2;1;1;1;2;2;1;2;2;2; ;1;2;1;4;1;3;1;1;1;3;1;1;01;08;07;08;557,248686485081
4680042;1;4;3;1;1;1;1;1;3;1; ; ;390000000;98; ;1;1;1;1;1;1;1;2;2;2;1;2;2;1;2;2;1;2;2;1;2;1;3;3;2; ;1;2;1;4;1;5;1;1;1;6;1;1;01;08;07;08;455,10897822882
4680043;1;3;2;1;1;1;1;1;3;1; ; ;99;99; ;1;1;1;1;1;1;1;2;1;2;1;2;2;1;2;1;1;2;2;1;2;1;4;5;2; ;1;1;1;4;1;3;1;1;1;3;1;1;01;08;07;08;532,172763203221
4680043;2;4;3;1;1;1;1;1;3;2; ;99;99;1000000; ;2;1;1;1;1;1;1;2;2;2;1;1;1;1;2;1;1;2;2;1;2;1;3;5;2; ;2;1;1;4;1;3;1;1;1;3;1;1;01;08;07;08;532,172763203221
4680044;1;4;4;1;1;1;1;1;3;3; ; ; ; ;750000;2;2;2;2;1;1;1;2;2;2;1;2;2;2;2;2;1;2;2;2;2;1;4;16;2; ;1;2;1;4;1;3;1;1;1;3;1;1;01;08;07;08;824,947011997452
4680045;1;5;3;1;1;1;1;1;3;1; ; ;99;99; ;1;2;1;2;1;1;1;2;2;2;1;2;2;2;2;2;1;2;2;2;2;1;2;4;2; ;1;1;1;4;1;3;1;1;1;3;1;1;01;08;07;08;449,610060388949
4680046;1;4;2;1;1;1;1;1;3;3; ; ; ; ;989000;1;1;1;1;1;1;1;2;2;2;1;2;1;1;2;1;1;2;1;2;2;1;3;3;2; ;1;2;1;4;1;4;1;1;1;3;1;1;01;08;07;08;574,414538649008
4680047;1;4;3;1;1;1;1;1;3;1; ; ;100000000;600000; ;1;1;1;1;1;1;1;2;2;2;1;2;2;2;2;2;1;2;2;2;2;1;1;4;2; ;1;2;1;4;1;3;1;1;1;3;1;1;01;08;07;08;527,823633090827
4680048;1;4;3;1;1;1;1;3;3;1; ; ;320000000;1000000; ;1;1;1;1;1;1;1;2;2;2;1;2;1;1;2;1;1;2;2;1;2;1;4;4;2; ;1;2;1;4;1;4;1;1;1;3;1;1;01;08;07;08;523,776221209586
4680049;1;4;1;1;1;1;1;3;3;4; ; ; ;950000; ;2;1;2;1;1;1;1;2;2;2;1;2;2;2;2;2;1;2;2;2;2;1;1;1;2; ;1;1;1;4;1;4;1;1;1;3;1;1;01;08;07;08;501,92178759965
4680050;1;6;3;1;1;1;1;1;3;1; ; ;300000000;2000000; ;1;2;2;1;1;1;1;1;1;2;1;2;2;2;2;2;1;2;2;2;2;1;2;3;2; ;1;1;1;4;1;3;1;1;1;3;1;1;01;08;07;08;359,507649550367
4680051;1;4;3;1;1;1;1;1;3;3; ; ; ; ;600000;1;1;1;1;1;1;1;2;2;2;1;1;2;2;2;2;1;2;2;2;2;1;4;4;2; ;1;2;1;4;1;3;1;1;1;3;1;1;01;08;07;08;439,246172742549
4680052;1;4;3;1;1;1;1;1;3;4; ; ; ;700000; ;1;1;1;1;1;1;1;1;2;2;1;2;1;1;2;2;1;2;2;2;2;1;4;4;2; ;1;2;1;4;1;3;1;1;1;3;1;1;01;08;07;08;442,427168351193
4680053;1;4;3;1;1;1;1;1;3;3; ; ; ; ;700000;2;2;1;2;1;1;1;2;2;2;2;2;2;2;2;2;1;1;2;2;2;1;2;4;2; ;1;2;1;4;1;3;1;1;1;3;1;1;01;08;07;08;608,306269676624
4680054;1;3;2;1;1;1;1;1;3;1; ; ;98;600000; ;1;1;1;1;1;1;1;2;2;2;1;2;2;2;2;1;1;2;1;1;2;1;3;3;2; ;1;2;1;4;1;3;1;1;1;3;1;1;01;08;07;08;456,841228839651
4680055;1;2;1;1;1;1;1;1;3;1; ; ;98;200000; ;2;2;2;1;1;1;1;2;2;2;1;2;2;2;2;2;1;2;2;2;2;1;1;3;2; ;1;1;1;2;1;1;1;1;1;3;1;1;01;08;07;08;574,414538649008
4680056;1;3;2;1;1;1;1;1;3;3; ; ; ; ;500000;2;2;2;1;1;1;1;2;2;2;1;2;1;2;2;2;1;2;1;1;2;1;3;7;2; ;1;1;1;4;1;1;1;1;1;3;1;1;01;08;07;08;512,587393477204
4680057;1;4;1;1;1;1;1;1;3;1; ; ;30000000;350000; ;1;1;2;1;1;1;1;2;2;2;1;2;2;2;2;2;1;2;2;2;2;2; ;2;2; ;1;1;1;2;1;1;1;1;1;3;1;1;01;08;07;08;557,248686485081
4680058;1;4;3;1;1;1;1;1;3;1; ; ;40000000;300000; ;2;1;1;1;1;1;1;1;1;2;1;2;2;2;2;1;1;2;1;2;2;1;2;4;2; ;1;1;1;4;1;1;1;1;1;3;1;1;01;08;07;08;721,057911445602
4680059;1;3;2;1;1;1;1;1;3;3; ; ; ; ;250000;2;2;2;2;2;1;1;2;2;2;1;2;2;2;2;2;1;2;2;2;2;1;1;2;2; ;1;1;1;2;1;1;1;1;1;3;1;1;01;08;07;08;468,671226136803
4680060;1;3;2;1;1;1;1;1;3;1; ; ;99;400000; ;2;1;2;1;1;1;1;2;2;2;1;2;1;2;2;2;1;2;2;2;2;1;2;4;2; ;1;2;1;4;1;1;1;1;1;3;1;1;01;08;07;08;501,804240078683
4680061;1;4;3;1;1;1;1;1;3;1; ; ;20000000;350000; ;2;2;2;1;1;1;1;2;2;2;1;2;2;2;2;2;1;1;2;2;2;1;2;8;2; ;1;1;1;2;1;1;1;1;1;3;1;1;01;08;07;08;625,559113479293
4680062;1;3;1;1;1;1;1;1;3;1; ; ;98;300000; ;2;2;2;1;1;1;1;2;2;2;1;1;1;2;2;2;1;2;2;2;2;1;2;2;2; ;1;2;1;2;1;1;1;1;1;3;1;1;01;08;07;08;526,316047253461
4680063;1;4;3;1;1;1;1;1;3;1; ; ;50000000;300000; ;2;1;2;1;1;1;1;2;2;2;1;2;1;2;2;1;1;1;2;2;2;1;2;8;2; ;1;1;1;4;1;1;1;1;1;3;1;1;01;08;07;08;523,970330100827
4680064;1;5;4;1;1;1;1;1;3;1; ; ;50000000;400000; ;2;2;2;1;1;1;1;2;2;2;1;2;2;2;2;2;1;2;2;2;2;1;2;15;2; ;1;2;1;4;1;1;1;1;1;3;1;1;01;08;07;08;905,017642916217
4680065;1;4;3;1;1;1;1;1;3;1; ; ;15000000;300000; ;2;1;2;2;1;1;1;2;2;2;1;2;2;2;2;2;2;2;2;2;2;1;1;7;2; ;1;1;1;4;1;1;1;1;1;3;1;2;01;08;07;08;438,421232656567
4680066;1;3;2;1;1;1;1;1;3;1; ; ;50000000;450000; ;2;2;2;1;1;1;1;2;2;2;1;2;1;1;2;2;1;2;2;2;2;1;2;2;1;1;1;2;1;4;1;1;1;1;1;3;1;1;01;08;07;08;550,020278995197
4680067;1;3;1;1;1;1;1;1;3;3; ; ; ; ;400000;2;2;2;1;1;1;1;2;2;2;1;2;2;2;2;2;1;2;2;2;2;1;4;6;2; ;1;2;1;4;1;1;1;1;1;3;1;1;01;08;07;08;503,311825916048
4680068;1;4;3;1;1;1;1;1;3;1; ; ;50000000;400000; ;2;1;1;1;1;1;1;2;2;2;1;2;2;2;2;2;1;2;2;2;2;1;3;5;2; ;1;1;1;4;1;1;1;1;1;3;1;1;01;08;07;08;474,004320042761
4680069;1;4;2;1;1;1;1;1;3;4; ; ; ;500000; ;2;1;2;2;2;1;1;2;2;2;1;1;1;2;2;2;1;1;2;2;2;1;2;7;2; ;1;1;1;4;1;1;1;1;1;3;1;1;01;08;07;08;553,597913909271
4680071;1;3;2;1;1;1;1;1;3;1; ; ;30000000;300000; ;2;2;2;1;1;1;1;2;2;2;1;2;2;2;2;2;1;2;2;2;2;1;4;6;2; ;1;2;1;2;1;1;1;1;1;3;1;1;01;08;07;08;474,456323134426
4680072;1;5;3;1;1;1;1;1;3;4; ; ; ;500000; ;2;1;1;1;1;1;1;2;2;2;1;2;1;2;2;2;1;2;2;2;2;1;3;3;2; ;1;1;1;4;1;1;1;1;1;3;1;1;01;08;07;08;472,496734205395
4680073;1;4;3;1;1;1;1;1;3;2; ;500000;40000000;400000; ;2;2;2;1;1;1;1;2;2;2;1;2;2;2;2;2;1;2;1;2;2;1;6;11;2; ;1;1;1;2;1;1;1;1;1;3;1;1;01;08;07;08;612,666002769285
4680074;1;2;1;1;1;1;1;1;3;1; ; ;99;500000; ;2;1;2;1;2;1;1;2;2;2;1;1;1;2;2;2;1;2;2;2;2;1;1;2;2; ;1;2;1;4;1;1;1;1;1;3;1;1;01;08;07;08;543,703803230037
4680075;1;3;2;1;1;1;1;3;3;1; ; ;60000000;400000; ;2;1;2;1;1;1;1;2;1;2;1;2;2;2;2;2;1;2;2;1;2;1;3;5;2; ;1;1;1;4;1;1;1;1;1;3;1;1;01;08;07;08;660,922122632376
4680076;1;3;2;1;1;1;1;1;3;3; ; ; ; ;380000;2;1;2;1;1;1;1;1;1;2;1;1;1;2;2;1;1;1;1;2;2;1;3;4;2; ;1;2;1;4;1;1;1;1;1;3;1;1;01;08;07;08;608,776219355589
4680077;1;3;2;1;1;1;1;1;3;1; ; ;17000000;350000; ;2;1;2;2;1;1;1;2;2;2;1;2;2;2;2;2;1;2;2;2;2;1;2;5;2; ;1;1;1;2;1;1;1;1;1;3;1;1;01;08;07;08;391,788850911772
4680078;1;4;3;1;1;1;1;1;3;1; ; ;98;600000; ;1;1;1;1;1;1;1;2;2;2;1;2;2;1;2;1;1;2;2;2;2;1;4;4;2; ;1;1;1;4;1;1;1;1;1;3;1;1;01;08;07;08;500,071989467851
4680079;1;4;2;1;1;1;1;1;3;1; ; ;98;400000; ;2;1;1;1;1;1;1;2;2;2;1;2;1;1;2;1;1;2;2;2;2;1;1;3;2; ;1;2;1;4;1;1;1;1;1;3;1;1;01;08;07;08;503,429373437015
4680080;1;5;2;1;1;1;1;1;3;4; ; ; ;600000; ;1;2;1;1;1;1;1;2;1;2;1;1;1;1;2;1;1;2;2;2;2;1;4;4;2; ;1;1;1;4;1;1;1;1;1;3;1;1;01;08;07;08;534,140108855986
4680081;1;4;3;1;1;1;1;1;3;3; ; ; ; ;550000;2;2;2;2;1;1;1;2;2;2;1;2;1;2;2;2;1;2;2;2;2;1;3;5;2; ;1;1;1;4;1;1;1;1;1;3;1;1;01;08;07;08;645,80343053972
4680082;1;3;2;1;1;1;1;1;3;1; ; ;25000000;300000; ;2;2;2;2;1;1;1;2;2;2;1;1;1;1;2;2;1;1;2;2;2;1;2;3;2; ;1;1;1;2;1;1;1;1;1;3;1;1;01;08;07;08;602,211697724112
4680083;1;2;1;1;1;1;1;1;3;1; ; ;50000000;400000; ;2;2;2;1;1;1;1;1;2;2;1;2;2;2;2;2;1;2;2;2;2;1;1;1;2; ;1;2;1;4;1;2;1;1;1;3;1;1;01;08;07;08;501,92178759965
4680084;1;4;3;1;1;1;1;1;3;1; ; ;50000000;500000; ;1;1;1;1;1;1;1;2;2;2;1;1;2;2;2;1;1;1;2;1;2;1;4;7;2; ;1;1;1;4;1;1;1;1;1;3;1;1;01;08;07;08;675,755448872956
4680085;1;4;3;1;1;1;1;1;3;4; ; ; ;400000; ;2;1;1;1;1;1;1;2;2;2;1;1;1;1;2;2;1;2;2;2;2;1;2;4;2; ;1;2;1;4;1;2;1;1;1;3;1;1;01;08;07;08;406,20291140023
4680086;1;4;3;1;1;1;1;1;3;4; ; ; ;480000; ;1;1;1;1;1;1;1;2;2;2;1;1;1;1;2;2;1;2;2;2;2;1;2;5;2; ;1;1;1;4;1;1;1;1;1;3;1;1;01;08;07;08;532,514975497654
4680087;1;3;2;1;1;1;1;1;3;3; ; ; ; ;450000;2;1;2;1;1;1;1;2;2;2;1;2;1;2;2;2;1;2;1;2;2;1;1;5;2; ;1;2;1;4;1;1;1;1;1;3;1;1;01;08;07;08;510,54299436675
4680088;1;4;2;1;1;1;1;1;3;1; ; ;50000000;500000; ;1;1;1;1;1;1;1;2;2;2;1;2;1;2;2;2;1;1;2;2;2;1;4;4;2; ;1;1;1;4;1;1;1;1;1;3;1;1;01;08;07;08;512,168127725083
4680089;1;1;1;1;1;1;1;1;1;4; ; ; ;100000; ;2;2;2;2;2;2;1;2;2;2;2;2;2;2;2;2;1;2;2;2;2;2; ;6;2; ;1;2;5;1;1;1;2;1;1;3;1;1;01;08;07;08;648,225709062628
4680090;1;5;2;1;1;1;1;1;3;1; ; ;50000000;500000; ;1;2;2;2;1;1;1;2;1;2;1;2;2;2;2;2;1;2;2;2;2;1;2;3;2; ;1;1;1;4;1;2;1;1;1;3;1;1;01;08;07;08;581,642946138892
4680091;1;5;4;1;1;1;1;1;3;4; ; ; ;400000; ;2;1;2;1;1;1;1;2;2;2;1;2;2;2;2;2;1;1;1;2;2;1;2;12;2; ;1;1;1;2;1;1;1;1;1;3;1;1;01;08;07;08;636,053499471043
4680092;1;5;2;1;1;1;1;1;3;4; ; ; ;600000; ;2;1;1;1;1;1;1;2;2;2;1;2;2;2;2;2;1;2;2;2;2;1;4;4;2; ;1;2;1;4;1;3;1;1;1;3;1;1;01;08;07;08;612,353681557864
4680093;1;5;5;1;1;1;1;3;3;3; ; ; ; ;1000000;2;2;2;2;2;1;1;2;2;2;1;2;2;2;2;1;1;2;2;2;2;1;10;21;2; ;1;2;1;4;1;3;1;1;1;3;1;1;01;08;07;08;869,049588744279
4680094;1;6;5;1;1;1;1;1;3;1; ; ;45000000;450000; ;1;1;1;1;1;1;1;1;2;2;1;2;2;2;2;2;1;2;2;2;2;1;6;16;2; ;1;1;1;4;1;1;1;1;1;3;1;1;01;08;07;08;650,265694344526
4680095;1;3;2;1;1;1;1;1;3;3; ; ; ; ;450000;2;1;2;1;1;1;1;2;2;2;1;1;1;1;2;2;1;1;2;2;2;1;3;5;2; ;1;2;1;4;1;2;1;1;1;3;1;1;01;08;07;08;629,989483400757
4680096;1;3;2;1;1;1;1;1;3;3; ; ; ; ;400000;2;2;2;1;1;1;1;2;2;2;1;2;2;2;2;2;1;2;2;2;2;1;2;6;2; ;1;2;1;2;1;1;1;1;1;3;1;1;01;08;07;08;691,632858051348
4680097;1;4;2;1;1;1;1;1;3;1; ; ;99;500000; ;2;1;2;1;1;1;1;2;2;2;1;1;1;2;2;2;1;2;2;2;2;1;2;3;2; ;1;2;1;4;1;1;1;1;1;3;1;1;01;08;07;08;599,030702115468
4680098;1;3;2;1;1;1;1;1;3;4; ; ; ;300000; ;2;2;2;2;1;1;1;1;2;2;1;1;2;2;2;2;1;2;2;2;2;1;2;2;2; ;1;2;1;4;1;1;1;1;1;3;1;1;01;08;07;08;465,490230528159
4680099;1;1;1;1;2;1;1;3;3;3; ; ; ; ;300000;2;2;2;2;2;2;1;2;2;2;2;2;1;2;2;2;1;2;2;2;2;1;3;7;2; ;1;2;1;2;1;0;1;1;1;3;1;1;01;08;07;08;672,61996871644
4680100;1;3;2;1;1;1;1;1;3;1; ; ;98;300000; ;2;2;2;2;1;1;1;2;2;2;1;2;2;2;2;2;1;2;2;2;2;1;2;7;2; ;1;1;1;2;1;1;1;1;1;3;1;1;01;08;07;08;454,076738022311
4680101;1;1;1;1;1;1;1;3;3;3; ; ; ; ;300000;2;2;2;2;1;1;1;2;2;2;1;2;2;2;2;2;1;2;2;2;2;1;2;4;2; ;1;2;1;2;1;2;1;1;1;3;1;1;01;08;07;08;561,181311806172
4680102;1;1;1;1;1;1;1;2;1;4; ; ; ;50000; ;2;2;2;2;2;2;1;2;2;2;2;2;2;2;2;2;1;2;2;2;2;2; ;8;2; ;1;2;5;1;1;1;2;1;1;3;1;1;01;08;07;08;521,326147765271
4680103;1;1;1;1;1;1;1;2;1;1; ; ;99;200000; ;2;2;2;2;2;1;1;2;2;2;2;2;2;2;2;2;1;2;2;2;2;1;1;7;2; ;1;2;1;1;1;1;2;1;1;3;1;1;01;08;07;08;763,936442627602
4680104;1;3;2;1;1;1;1;1;3;4; ; ; ;600000; ;2;1;2;2;1;1;1;2;2;2;1;2;2;2;2;2;1;2;2;2;2;1;3;6;2; ;1;2;1;4;1;1;1;1;1;3;1;1;01;08;07;08;663,881214428372
4680105;1;3;2;1;1;1;1;1;3;3; ; ; ; ;600000;2;2;2;1;1;1;1;2;2;2;2;2;2;2;2;2;1;2;2;2;2;1;1;2;2; ;1;1;1;2;1;1;1;1;1;3;1;1;01;08;07;08;543,703803230037
4680106;1;4;3;1;1;1;1;1;3;1; ; ;40000000;500000; ;2;2;2;1;1;1;1;1;2;2;1;2;2;2;2;2;1;2;2;2;2;1;2;6;2; ;1;2;1;2;1;2;1;1;1;3;1;1;01;08;07;08;543,126909010371
4680108;1;1;1;1;1;1;1;2;3;3; ; ; ; ;150000;2;2;2;2;2;2;1;2;2;2;2;2;2;2;2;2;1;2;2;2;2;1;1;6;2; ;1;1;1;2;1;2;1;1;1;3;1;1;01;08;07;08;660,700218819728
4680109;1;3;2;1;1;1;1;3;3;1; ; ;98;350000; ;1;1;2;2;2;2;1;2;2;2;1;2;2;2;2;2;1;2;2;2;2;1;3;9;2; ;1;2;1;4;1;1;1;1;1;3;1;1;01;08;07;08;489,994280979203
4680110;1;3;2;1;1;1;1;3;3;4; ; ; ;500000; ;2;2;1;1;1;1;1;2;2;2;1;2;2;1;2;2;1;2;2;2;2;1;2;2;2; ;1;2;1;4;1;3;1;1;1;3;1;1;01;08;07;08;553,20127460384
4680111;1;3;3;1;1;1;1;1;3;3; ; ; ; ;500000;2;2;2;2;1;1;1;2;2;2;1;2;2;2;2;2;1;2;2;2;2;1;3;10;2; ;1;2;1;4;1;2;1;1;1;3;1;1;01;08;07;08;922,11921973504
4680112;1;3;2;1;1;1;1;1;3;3; ; ; ; ;600000;1;1;1;1;1;1;1;2;2;2;1;1;1;1;2;2;1;1;2;2;2;1;3;5;2; ;1;2;1;4;1;2;1;1;1;3;1;1;01;08;07;08;537,569150330948
4680113;1;4;3;1;1;1;1;3;3;1; ; ;100000000;700000; ;2;2;2;2;1;1;1;2;2;2;1;1;2;2;2;2;1;2;2;2;2;1;6;6;2; ;1;1;1;4;1;2;1;1;1;3;1;1;01;08;07;08;621,340481712249
4680114;1;3;2;1;1;1;1;1;3;1; ; ;100000000;300000; ;1;2;2;2;1;1;1;2;2;2;1;2;2;2;2;2;1;2;2;2;2;2; ;2;2; ;1;1;1;4;1;2;1;1;1;3;1;1;01;08;07;08;430,714718575008
4680115;1;5;4;1;1;1;1;1;3;4; ; ; ;300000; ;1;1;1;1;1;1;1;2;2;2;1;2;1;2;2;1;1;1;2;2;2;1;4;9;2; ;1;2;1;2;1;1;1;1;1;3;1;1;01;08;07;08;718,227492415419
4680116;1;3;2;1;1;1;1;1;3;3; ; ; ; ;500000;2;2;2;1;1;1;1;2;2;2;1;2;1;2;2;2;1;2;2;2;2;1;1;3;2; ;1;1;1;4;1;2;1;1;1;3;1;1;01;08;07;08;581,642946138892
4680117;1;3;1;1;1;1;1;1;3;3; ; ; ; ;450000;2;2;2;1;1;1;1;2;2;2;1;2;2;2;2;2;1;2;2;2;2;1;2;3;2; ;1;1;1;2;1;2;1;1;1;3;1;1;01;08;07;08;584,381959701778
4680118;1;4;2;1;1;1;1;1;3;3; ; ; ; ;350000;2;1;2;1;1;1;1;2;2;2;1;2;1;2;2;1;1;2;1;2;2;1;3;4;2; ;1;1;1;2;1;2;1;1;1;3;1;1;01;08;07;08;580,01781278056
4680119;1;3;2;1;1;1;1;1;3;3; ; ; ; ;600000;2;1;2;1;1;1;1;2;2;2;1;1;1;1;2;1;1;2;2;1;2;1;3;3;2; ;1;2;1;4;1;2;1;1;1;3;1;1;01;08;07;08;662,595532403655
4680120;1;3;2;1;1;1;1;1;3;3; ; ; ; ;400000;2;1;2;2;1;1;1;2;2;2;1;2;2;2;2;2;1;1;2;2;2;1;2;6;2; ;1;2;1;4;1;2;1;1;1;3;1;1;01;08;07;08;648,225709062628
4680121;1;3;3;1;1;1;1;3;3;1; ; ;98;300000; ;2;2;2;2;1;1;1;2;2;2;1;1;1;2;2;2;1;1;2;2;2;1;4;10;2; ;1;2;1;2;1;1;1;1;1;3;1;1;01;08;07;08;743,250143521416
4680122;1;3;2;1;1;1;1;1;3;4; ; ; ;400000; ;2;2;1;1;1;1;1;2;2;2;1;2;2;1;2;1;1;2;2;2;2;1;3;5;2; ;1;2;1;4;1;2;1;1;1;3;1;1;01;08;07;08;554,486956628558
4680123;1;2;1;1;1;1;1;4;3;3; ; ; ; ;98;2;2;2;1;1;1;1;2;2;2;1;2;2;2;2;2;1;2;2;2;2;1;1;1;2; ;1;2;1;4;1;2;1;1;1;3;1;1;01;08;07;08;628,455755509722
4680124;1;4;2;1;1;1;1;1;3;3; ; ; ; ;800000;1;1;1;1;1;1;1;1;1;2;1;2;2;1;2;1;1;2;2;2;2;1;2;3;2; ;1;1;1;4;1;2;1;1;1;3;1;1;01;08;07;08;376,895405526942
4680125;1;3;2;1;1;1;1;1;3;1; ; ;40000000;400000; ;1;1;2;1;1;1;1;2;2;2;1;2;1;1;2;2;1;2;2;1;2;1;2;5;2; ;1;2;1;4;1;2;1;1;1;3;1;1;01;08;07;08;643,534366655801
4680126;1;3;2;1;1;1;1;1;3;3; ; ; ; ;400000;2;2;2;1;1;1;1;2;2;2;1;2;2;2;2;2;1;1;2;2;2;1;1;4;2; ;1;2;1;4;1;2;1;1;1;3;1;1;01;08;07;08;561,181311806172
4680127;1;3;2;1;1;1;1;6; ;4; ; ; ;400000; ;2;1;1;2;2;1;2;2;2;2;1;2;2;2;2;2;1;2;2;2;2;1;1;3;2; ;1;2;1;2;1;1;2;1;1;3;1;1;01;08;07;08;574,414538649008
4680128;1;3;2;1;1;1;1;1;3;1; ; ;80000000;700000; ;1;2;1;1;1;1;1;2;2;2;1;2;2;1;2;1;1;2;2;1;2;1;1;2;2; ;1;2;1;4;1;2;1;1;1;3;1;1;01;08;07;08;574,636442461656
4680129;1;4;3;1;1;1;1;1;3;1; ; ;40000000;600000; ;2;2;2;1;1;1;1;2;2;2;1;2;2;2;2;2;1;1;1;2;2;1;3;5;2; ;1;2;1;2;1;2;1;1;1;3;1;1;01;08;07;08;452,569152184945
4680130;1;4;3;1;1;1;1;1;3;1; ; ;99;600000; ;1;1;1;1;1;1;1;2;2;2;1;2;2;2;2;2;1;2;2;2;2;1;3;4;2; ;1;2;1;4;1;2;1;1;1;3;1;1;01;08;07;08;436,065177133905
4680132;1;3;2;1;1;1;1;1;3;1; ; ;98;300000; ;2;1;1;1;1;1;1;2;1;2;1;2;1;1;2;2;1;2;2;2;2;1;2;3;2; ;1;2;1;4;1;1;1;1;1;3;1;1;01;08;07;08;523,998125022235
4680133;1;3;2;1;1;1;1;1;3;4; ; ; ;600000; ;2;1;2;1;1;1;1;2;2;2;1;2;1;2;2;2;1;2;2;2;2;1;1;5;2; ;1;1;1;4;1;1;1;1;1;3;1;1;01;08;07;08;708,361497875854
4680134;1;8;4;1;1;1;1;1;3;1; ; ;180000000;700000; ;1;1;1;1;1;1;1;2;2;2;1;2;1;1;2;1;1;2;2;2;2;1;2;7;2; ;1;1;1;4;1;2;1;1;1;3;1;1;01;08;07;08;460,848559774314
4680135;1;3;2;1;1;1;1;1;3;1; ; ;98;500000; ;1;2;2;1;1;1;1;2;2;2;1;2;1;2;2;2;1;2;2;2;2;1;1;3;2; ;1;2;1;2;1;1;1;1;1;3;1;1;01;08;07;08;587,959421904052
4680136;1;3;2;1;1;1;1;1;3;3; ; ; ; ;400000;1;1;1;1;1;1;1;1;2;2;1;1;1;2;2;2;1;1;2;2;2;1;2;4;2; ;1;1;1;4;1;3;1;1;1;3;1;1;01;08;07;08;583,153292937076
4680137;1;3;1;1;1;1;1;1;3;1; ; ;80000000;450000; ;1;1;1;1;1;1;1;1;1;2;1;2;2;1;2;1;1;2;2;1;2;1;2;2;2; ;1;1;1;4;1;1;1;1;1;3;1;1;01;08;07;08;543,703803230037
4680138;1;3;2;1;1;1;1;1;3;3; ; ; ; ;350000;2;1;1;1;2;1;1;2;2;2;1;1;1;1;2;2;1;2;2;2;2;1;3;3;2; ;1;2;1;4;1;1;1;1;1;3;1;1;01;08;07;08;580,731014414168
4680139;1;4;2;1;1;1;1;1;3;1; ; ;60000000;500000; ;1;1;1;1;1;1;1;2;2;2;1;2;2;2;2;1;1;1;2;2;2;1;2;6;2; ;1;1;1;4;1;1;1;1;1;3;1;1;01;08;07;08;652,273120943868
4680140;1;4;3;1;1;1;1;3;3;1; ; ;40000000;500000; ;2;2;1;1;1;1;1;2;2;2;1;2;1;1;2;2;1;1;2;2;2;1;3;5;2; ;1;1;1;4;1;1;1;1;1;3;1;1;01;08;07;08;537,569150330948
4680141;1;4;1;1;1;1;1;3;3;3; ; ; ; ;400000;2;1;2;1;1;1;1;2;2;2;1;1;1;2;2;2;1;1;2;2;2;1;2;3;2; ;1;1;1;4;1;1;1;1;1;3;1;1;01;08;07;08;659,414536795011
4680142;1;4;3;1;1;1;1;1;3;1; ; ;60000000;300000; ;1;1;1;1;1;1;1;2;1;2;1;2;1;1;2;1;1;1;2;2;2;1;4;7;2; ;1;1;1;4;1;1;1;1;1;3;1;1;01;08;07;08;701,820357337228
4680143;1;3;1;1;1;1;1;3;3;1; ; ;55000000;300000; ;2;2;2;2;1;1;1;2;2;2;1;2;2;2;2;2;1;2;2;2;2;1;1;1;2; ;1;1;1;4;1;1;1;1;1;3;1;1;01;08;07;08;501,92178759965
4680144;1;3;2;1;1;1;1;3;3;1; ; ;60000000;300000; ;1;1;1;1;1;1;1;2;2;2;1;2;2;1;2;1;1;1;2;2;2;1;3;4;2; ;1;1;1;4;1;1;1;1;1;3;1;1;01;08;07;08;583,153292937076
4680145;1;4;2;1;1;1;1;1;3;3; ; ; ; ;430000;1;1;1;1;1;1;1;2;2;2;1;2;1;1;2;2;1;2;2;2;2;1;4;4;2; ;1;1;1;4;1;1;1;1;1;3;1;1;01;08;07;08;534,140108855986
4680146;1;4;3;1;1;1;1;3;3;3; ; ; ; ;450000;2;1;1;1;1;1;1;2;2;2;1;2;2;1;2;1;1;2;2;2;2;1;4;4;1;1;1;2;1;4;1;1;1;1;1;3;1;1;01;08;07;08;523,776221209586
4680147;1;3;2;1;1;1;1;1;3;4; ; ; ;250000; ;2;2;2;1;1;1;1;2;2;2;1;2;2;2;2;2;1;2;2;2;2;2; ;3;2; ;1;2;1;2;1;1;1;1;1;3;1;1;01;08;07;08;662,595532403655
4680148;1;4;3;1;1;1;1;3;3;4; ; ; ;350000; ;2;1;2;1;1;1;1;2;2;2;1;2;1;2;2;2;1;2;2;2;2;1;1;8;2; ;1;1;1;2;1;1;1;1;1;3;1;1;01;08;07;08;851,202743696707
4680149;1;4;2;1;1;1;1;1;3;1; ; ;98;98; ;1;1;1;1;1;1;1;1;1;1;1;1;1;2;2;1;1;2;2;1;2;1;2;3;2; ;1;2;1;4;1;5;1;1;1;6;1;1;01;08;07;08;394,283161503518
4680150;1;4;2;1;1;1;1;1;3;1; ; ;500000000;3000000; ;1;1;1;1;1;1;1;1;1;1;1;1;1;1;2;1;1;2;2;1;2;1;2;2;2; ;1;2;1;4;1;5;1;1;1;6;1;1;01;08;07;08;448,102474551584
4680151;1;4;3;1;1;1;1;1;3;3; ; ; ; ;500000;1;1;1;1;1;1;1;2;2;2;1;1;2;2;2;1;1;1;2;2;2;1;2;5;2; ;1;1;1;4;1;1;1;1;1;3;1;1;01;08;07;08;473,137903770165
4680152;1;4;1;1;1;1;1;1;3;1; ; ;99;99; ;1;1;1;1;1;1;1;1;1;1;1;1;1;1;1;1;1;2;2;1;2;1;1;1;2; ;1;2;1;4;1;5;1;1;1;6;1;1;01;08;07;08;597,523116278102
4680153;1;4;3;1;1;1;1;1;3;1; ; ;80000000;98; ;2;2;2;2;1;1;1;2;2;2;1;2;1;2;2;2;1;2;1;2;2;1;2;5;2; ;1;1;1;2;1;1;1;1;1;3;1;1;01;08;07;08;633,170479009401
4680154;1;5;3;1;1;1;1;1;3;1; ; ;99;500000; ;2;1;2;1;1;1;1;2;2;2;1;2;1;2;2;2;1;2;1;2;2;1;4;4;2; ;1;2;1;2;1;1;1;1;1;3;1;1;01;08;07;08;503,207469624367
4680155;1;4;2;1;1;1;1;1;3;1; ; ;99;300000; ;2;2;2;1;1;1;1;2;2;2;1;2;1;2;2;2;1;2;2;2;2;1;3;5;1;1;1;2;1;4;1;1;1;1;1;3;1;1;01;08;07;08;510,54299436675
4680158;1;3;2;1;1;1;1;1;3;1; ; ;40000000;350000; ;2;2;2;2;1;1;1;2;2;2;1;1;1;1;2;2;1;1;2;2;2;1;3;3;2; ;1;2;1;2;1;1;1;1;1;3;1;1;01;08;07;08;478,813209970555
4680160;1;4;3;1;1;1;1;1;3;4; ; ; ;98; ;2;2;2;2;1;1;1;2;2;2;1;2;2;2;2;2;1;1;2;2;2;1;2;6;2; ;1;1;1;2;1;1;1;1;1;3;1;1;01;08;07;08;685,630799659214
4680161;1;3;2;1;1;1;1;1;3;3; ; ; ; ;300000;2;1;2;1;1;1;1;1;1;2;1;1;1;1;2;1;1;1;1;2;2;1;2;4;2; ;1;2;1;4;1;1;1;1;1;3;1;1;01;08;07;08;775,125270359985
4680162;1;5;4;1;1;1;1;1;3;1; ; ;98;98; ;1;1;2;1;1;1;1;2;2;2;1;2;1;1;2;2;1;2;2;2;2;1;3;4;2; ;1;2;1;4;1;2;1;1;1;3;1;1;01;08;07;08;558,756272322446
4680163;1;3;2;1;1;1;1;1;3;1; ; ;98;500000; ;2;1;1;1;1;1;1;2;2;2;1;2;2;1;2;2;1;2;2;2;2;1;5;7;2; ;1;2;1;2;1;2;1;1;1;3;1;1;01;08;07;08;789,955835639746
4680164;1;4;3;1;1;1;1;1;3;2; ;500000;5000000;400000; ;2;1;1;1;1;1;1;2;1;2;1;2;1;1;2;1;1;2;1;2;2;1;4;6;2; ;1;1;1;4;1;1;1;1;1;3;1;1;01;08;07;08;501,137593259458
4680165;1;2;1;1;1;1;1;1;3;3; ; ; ; ;400000;2;2;2;2;1;2;1;2;2;2;2;2;2;2;2;2;1;2;2;2;2;1;1;3;2; ;1;2;1;4;1;1;1;1;1;3;1;1;01;08;07;08;456,841228839651
4680166;1;4;3;1;1;1;1;1;3;4; ; ; ;400000; ;2;2;2;2;1;1;1;2;2;2;1;2;2;2;2;2;1;2;2;2;2;1;4;4;2; ;1;2;1;4;1;2;1;1;1;3;1;1;01;08;07;08;605,125274067979
4680167;1;2;1;1;1;1;1;6; ;1; ; ;30000000;450000; ;2;2;2;2;1;2;2;2;2;2;1;2;2;2;2;2;1;2;1;2;2;1;1;1;2; ;1;2;1;4;1;1;1;1;1;3;1;1;01;08;07;08;597,523116278102
4680168;1;3;2;1;1;1;1;1;3;1; ; ;18000000;500000; ;2;2;2;1;1;1;1;2;2;2;1;2;2;2;2;2;1;2;2;2;2;1;2;5;2; ;1;2;1;4;1;1;1;1;1;3;1;1;01;08;07;08;546,059858752698
4680169;1;3;2;1;1;1;1;1;3;1; ; ;99;400000; ;2;2;2;2;1;1;1;2;2;2;1;2;2;2;2;2;1;2;2;2;2;1;3;6;2; ;1;2;1;4;1;1;1;1;1;3;1;1;01;08;07;08;545,301141666962
4680170;1;3;2;1;1;1;1;1;3;1; ; ;25000000;300000; ;2;2;2;1;1;1;1;1;1;2;1;1;1;2;2;1;1;1;2;2;2;1;2;4;2; ;1;2;1;2;1;1;1;1;1;3;1;1;01;08;07;08;668,153291083079
4680171;1;4;3;1;1;1;1;1;3;1; ; ;98;600000; ;1;1;1;1;1;1;1;2;2;2;1;2;2;2;2;2;1;1;2;2;2;1;2;6;2; ;1;1;1;4;1;1;1;1;1;3;1;1;01;08;07;08;560,956647032706
4680172;1;2;1;1;1;1;1;1;4;1; ; ;12000000;150000; ;2;1;2;2;1;1;1;2;2;2;1;2;2;2;2;1;2;2;2;2;2;1;2;2;2; ;1;2;1;2;1;1;1;1;1;3;1;1;01;08;07;08;543,703803230037
4680173;1;4;3;1;1;1;1;1;3;1; ; ;120000000;800000; ;1;1;1;1;1;1;1;2;2;2;1;2;1;1;2;1;1;2;2;1;2;1;5;6;2; ;1;2;1;4;1;3;1;1;1;3;1;1;01;08;07;08;667,928626309612
4680174;1;5;4;1;1;1;1;1;3;1; ; ;300000000;2000000; ;1;1;1;1;1;1;1;1;2;2;1;1;1;1;2;1;1;2;2;1;2;1;6;6;2; ;1;1;1;4;1;4;1;1;1;3;1;1;01;08;07;08;507,896051070376
4680175;1;4;3;1;1;1;1;1;3;3; ; ; ; ;700000;1;1;1;1;1;1;1;1;1;2;1;1;2;1;2;1;1;1;2;1;2;1;2;4;2; ;1;2;1;4;1;3;1;1;1;3;1;1;01;08;07;08;481,235488493463
4680176;1;4;3;1;1;1;1;3;3;1; ; ;300000000;1500000; ;1;1;1;1;1;1;1;2;1;2;1;1;1;1;2;1;1;2;2;1;2;1;4;4;2; ;1;2;1;4;1;4;1;1;1;3;1;1;01;08;07;08;517,459745444427
4680178;1;4;3;1;1;1;1;1;3;3; ; ; ; ;300000;2;2;2;1;1;1;1;2;2;2;1;2;1;1;2;2;1;2;1;1;2;1;4;4;2; ;1;2;1;4;1;2;1;1;1;3;1;1;01;08;07;08;523,776221209586
4680179;1;2;1;1;1;1;1;1;3;3; ; ; ; ;450000;2;1;1;1;1;1;1;1;1;2;1;2;2;2;2;2;1;2;2;2;2;1;2;3;2; ;1;2;1;4;1;3;1;1;1;3;1;1;01;08;07;08;561,940028891908
4680181;1;2;1;1;1;1;1;1;3;3; ; ; ; ;500000;2;1;1;1;1;1;1;1;2;2;1;2;1;2;2;2;1;2;2;2;2;1;1;1;2; ;1;2;1;4;1;3;1;1;1;3;1;1;01;08;07;08;519,309543576225
4680182;1;3;2;1;1;1;1;1;3;3; ; ; ; ;650000;1;1;1;1;1;1;1;2;1;2;1;1;1;1;2;1;1;1;2;1;2;1;2;4;2; ;1;1;1;4;1;3;1;1;1;3;1;1;01;08;07;08;608,776219355589
4680184;1;4;2;1;1;1;1;3;3;1; ; ;98;500000; ;1;1;1;1;1;1;1;2;1;2;1;1;1;1;2;1;1;1;2;1;2;1;2;3;2; ;1;2;1;4;1;2;1;1;1;3;1;1;01;08;07;08;659,414536795011
4680185;1;4;3;1;1;1;1;1;3;4; ; ; ;500000; ;1;2;2;2;1;1;1;2;2;2;1;2;2;2;2;2;1;2;2;1;2;1;2;4;2; ;1;2;1;4;1;2;1;1;1;3;1;1;01;08;07;08;452,791055997593
4680186;1;4;3;1;1;1;1;3;3;1; ; ;90000000;450000; ;2;1;1;1;1;1;1;2;2;2;1;2;1;1;2;2;1;2;2;2;2;1;4;4;2; ;1;2;1;4;1;1;1;1;1;3;1;1;01;08;07;08;442,427168351193
4680187;1;4;2;1;1;1;1;1;3;3; ; ; ; ;450000;2;2;1;1;1;1;1;2;2;2;1;2;1;1;2;2;1;2;2;2;2;1;1;3;2; ;1;1;1;4;1;1;1;1;1;3;1;1;01;08;07;08;643,759031429267
4680188;1;4;3;1;1;1;1;3;3;1; ; ;50000000;320000; ;2;1;1;1;1;1;1;2;2;2;1;1;1;1;2;2;1;2;2;2;2;1;3;4;2; ;1;1;1;4;1;1;1;1;1;3;1;1;01;08;07;08;721,057911445602
4680189;1;3;2;1;1;1;1;3;3;3; ; ; ; ;270000;2;2;2;2;2;2;1;2;2;2;1;2;2;2;2;2;1;2;2;2;2;1;1;6;2; ;1;1;1;2;1;1;1;1;1;3;1;1;01;08;07;08;595,165113100299
4680190;1;4;3;1;1;1;1;3;3;1; ; ;65000000;400000; ;2;2;2;2;1;1;1;2;2;2;1;2;2;2;2;2;1;1;2;2;2;2; ;7;2; ;1;1;1;2;1;1;1;1;1;3;1;1;01;08;07;08;796,272311404906
4680191;1;3;2;1;1;1;1;3;3;1; ; ;50000000;350000; ;2;2;2;2;2;1;1;2;2;2;1;2;2;2;2;2;1;2;2;2;2;1;2;7;2; ;1;1;1;2;1;1;1;1;1;3;1;1;01;08;07;08;785,438474079541
4680192;1;4;3;1;1;1;1;3;3;3; ; ; ; ;300000;2;1;2;1;1;1;1;2;2;2;1;2;2;2;2;2;1;1;2;2;2;1;3;6;2; ;1;1;1;2;1;1;1;1;1;3;1;1;01;08;07;08;560,956647032706
4680193;1;3;2;1;1;1;1;1;3;1; ; ;20000000;200000; ;2;2;2;1;1;1;1;2;2;2;1;2;2;2;2;2;1;2;2;2;2;2; ;9;2; ;1;1;1;2;1;1;1;1;1;3;1;1;01;08;07;08;904,041435846388
4680194;1;3;2;1;1;1;1;1;3;1; ; ;25000000;250000; ;2;2;2;1;1;1;1;2;2;2;1;2;2;2;2;2;2;2;2;2;2;1;1;5;2; ;1;1;1;2;1;1;1;1;1;3;1;1;01;08;07;08;680,07304097979
4680195;1;2;1;1;1;1;1;1;3;1; ; ;12000000;150000; ;2;1;1;2;1;1;1;2;2;2;1;2;2;2;2;2;1;2;2;2;2;2; ;2;2; ;1;2;1;2;1;1;1;1;1;3;1;1;01;08;07;08;543,703803230037
4680196;1;4;3;1;1;1;1;1;3;1; ; ;35000000;300000; ;2;2;2;1;1;1;1;2;2;2;1;2;2;2;2;2;1;2;2;2;2;1;3;8;2; ;1;1;1;4;1;1;1;1;1;3;1;1;01;08;07;08;788,330702281414
4680197;1;4;2;1;1;1;1;1;3;1; ; ;28000000;300000; ;2;2;2;1;1;1;1;2;2;2;1;2;1;2;2;2;1;1;2;2;2;1;2;5;2; ;1;1;1;2;1;1;1;1;1;3;1;1;01;08;07;08;579,103120095018
4680200;1;2;1;1;1;1;1;1;3;3; ; ; ; ;99;2;1;1;1;1;1;1;2;2;2;1;2;2;1;2;1;1;2;2;2;2;1;2;2;2; ;1;2;1;4;1;3;1;1;1;3;1;1;01;08;07;08;543,703803230037
4680203;1;2;1;1;1;1;1;1;3;3; ; ; ; ;480000;2;2;1;2;1;1;1;2;2;2;1;2;2;1;2;2;1;2;2;2;2;1;2;2;2; ;1;2;1;4;1;3;1;1;1;3;1;1;01;08;07;08;468,671226136803
4680209;1;3;2;1;1;1;1;1;3;3; ; ; ; ;610000;2;1;2;1;1;1;1;2;2;2;1;2;2;2;2;2;2;2;2;2;2;1;2;2;2; ;1;2;1;4;1;3;1;1;1;3;1;1;01;11;07;11;3030,91849868692
4680210;1;5;3;1;1;1;1;1;3;3; ; ; ; ;600000;1;2;2;1;1;1;1;1;2;1;1;1;2;1;2;2;2;1;2;1;1;1;4;4;2; ;1;2;1;4;1;3;1;1;1;3;1;1;01;11;07;11;2894,69152382864
4680211;1;4;3;1;1;1;1;1;3;6;FAMILIAR; ; ;1500000; ;2;1;1;1;1;1;1;1;1;1;1;1;1;1;1;2;2;1;2;1;2;1;5;5;2; ;1;2;1;4;1;3;1;1;1;3;1;1;01;11;07;11;3132,72286018911
4680212;1;4;2;1;1;1;1;1;3;3; ; ; ; ;500000;1;2;2;1;1;1;1;2;2;1;1;2;2;2;2;2;2;2;1;2;2;1;1;2;2; ;1;2;1;4;1;3;1;1;1;3;1;1;01;11;07;11;2598,05569570257
4680213;1;2;2;1;1;1;1;1;3;3; ; ; ; ;800000;2;1;1;1;1;1;1;2;2;1;1;1;1;2;2;2;2;2;1;2;2;1;3;3;2; ;1;2;1;4;1;3;1;1;1;3;1;1;01;11;07;11;3001,20424213617
4680214;1;4;2;1;1;1;1;1;3;3; ; ; ; ;700000;1;1;2;1;1;1;1;2;1;2;1;2;2;2;2;2;2;2;1;2;2;1;3;4;2; ;1;2;1;4;1;3;1;1;1;3;1;1;01;11;07;11;2814,37655651917
4680215;1;4;3;1;1;1;1;1;3;4; ; ; ;1000000; ;1;1;1;1;1;1;1;1;2;1;1;1;1;1;1;2;2;1;2;2;2;1;4;4;2; ;1;2;1;4;1;3;1;1;1;3;1;1;01;11;07;11;2843,02010517577
4680216;1;5;1;1;1;1;1;1;3;1; ; ;98;98; ;1;1;2;1;1;1;1;1;1;1;1;1;1;2;2;2;2;2;2;2;2;1;1;1;2; ;1;2;1;6;1;5;1;1;1;3;1;1;01;11;07;11;2843,84412651165
4680217;1;4;1;1;1;1;1;1;3;1; ; ;98;98; ;1;1;1;1;1;1;1;2;1;1;1;2;1;1;1;2;2;2;2;1;2;1;2;2;2; ;1;2;1;6;1;5;1;1;1;3;1;1;01;11;07;11;2598,05569570257
4680218;1;2;1;1;1;1;1;1;3;3; ; ; ; ;350000;2;1;1;1;1;1;1;2;2;2;1;1;1;2;2;2;2;1;2;2;2;1;2;4;2; ;1;2;1;4;1;3;1;1;1;3;1;1;01;11;07;11;3372,90718882818
4680219;1;5;4;1;1;1;1;1;3;1; ; ;150000000;800000; ;1;1;2;1;1;1;1;1;2;1;1;2;1;1;1;2;2;2;2;2;2;1;3;5;2; ;1;1;1;4;1;2;1;1;1;3;1;1;01;11;07;11;2519,71875814222
4680220;1;3;2;1;1;1;1;1;3;2; ;120000;90000000;550000; ;1;1;1;1;1;1;1;2;1;1;1;2;1;1;2;2;2;2;2;2;2;1;3;3;2; ;1;1;1;4;1;2;1;1;1;3;1;1;01;11;07;11;2229,43869893052
4680221;1;3;2;1;1;1;1;1;3;3; ; ; ; ;350000;2;1;2;1;1;1;1;1;1;2;1;1;1;1;2;2;2;1;1;2;2;1;3;5;2; ;1;2;1;4;1;3;1;1;1;3;1;1;01;11;07;11;4449,17789683976
4680222;1;5;3;1;1;1;1;1;3;1; ; ;150000000;700000; ;1;1;1;1;1;1;1;2;2;1;1;2;1;2;2;2;2;1;2;2;2;1;2;3;2; ;1;2;1;4;1;3;1;1;1;3;1;1;01;11;07;11;2568,34143915182
4680223;1;5;2;1;1;1;1;1;3;1; ; ;98;3000000; ;1;1;1;1;1;1;1;1;1;1;1;2;2;1;2;2;2;1;2;1;2;1;3;3;2; ;1;1;1;6;1;5;1;1;1;3;1;1;01;11;07;11;2229,43869893052
4680224;1;4;2;1;2;1;1;1;3;1; ; ;325000000;600000; ;1;1;1;1;1;1;1;2;2;2;1;2;2;2;2;2;2;2;2;2;2;1;2;3;2; ;1;4;1;4;1;3;1;1;1;3;1;1;01;11;07;11;2717,70852927759
4680225;1;4;1;1;1;1;1;1;3;1; ; ;98;98; ;1;1;1;1;1;1;1;2;1;1;1;2;1;1;2;2;2;2;2;1;2;1;1;3;2; ;1;2;1;6;1;5;1;1;1;3;1;1;01;11;07;11;2707,61715165337
4680226;1;2;1;1;2;1;1;1;3;3; ; ; ; ;500000;1;1;1;1;1;1;1;2;1;2;1;2;2;1;2;2;2;2;2;2;2;1;1;2;2; ;1;4;1;4;1;3;1;1;1;3;1;1;01;11;07;11;3298,66409159813
4680227;1;3;1;1;1;1;1;1;3;3; ; ; ; ;600000;2;1;2;1;1;1;1;2;2;1;1;2;1;2;2;2;2;2;2;2;2;1;2;2;2; ;1;2;1;4;1;3;1;1;1;3;1;1;01;11;07;11;2598,05569570257
4680228;1;5;3;1;1;1;1;1;3;1; ; ;98;98; ;1;1;1;1;1;1;1;1;1;2;1;1;1;1;2;2;2;2;2;1;2;1;3;4;2; ;1;2;1;6;1;5;1;1;1;3;1;1;01;11;07;11;3650,96791607777
4680229;1;5;3;1;1;1;1;1;3;1; ; ;98;1000000; ;1;1;1;1;1;1;1;1;2;1;1;1;1;1;1;2;2;2;2;2;2;1;4;4;2; ;1;2;1;4;1;3;1;1;1;3;1;1;01;11;07;11;3033,25278186252
4680230;1;3;2;1;1;1;1;1;3;4; ; ; ;700000; ;2;1;2;2;1;1;1;2;2;1;1;2;2;2;2;2;2;2;1;2;2;1;2;3;2; ;1;2;1;4;1;3;1;1;1;3;1;1;01;11;07;11;4235,65908710816
4680231;1;4;3;1;1;1;1;1;3;3; ; ; ; ;800000;2;1;2;1;1;1;1;1;2;1;1;2;2;2;2;2;2;1;2;2;2;1;3;3;2; ;1;2;1;4;1;3;1;1;1;3;1;1;01;11;07;11;2342,17588726926
4680232;1;3;2;1;1;1;1;1;3;1; ; ;120000000;550000; ;1;1;1;1;1;1;1;2;1;1;1;2;1;1;2;2;2;2;2;2;2;1;3;3;2; ;1;1;1;4;1;2;1;1;1;3;1;1;01;11;07;11;3268,94983504739
4680233;1;5;2;1;1;1;10;3;3;1; ; ;98;98; ;1;1;1;1;1;1;1;2;1;1;1;1;1;1;2;2;2;2;2;1;2;1;3;4;2; ;1;1;1;4;1;2;1;1;1;3;1;1;01;11;07;11;3030,45073077752
4680234;1;4;2;1;1;1;1;1;3;3; ; ; ; ;450000;2;1;1;1;1;1;1;2;1;2;1;2;2;2;2;2;2;2;2;2;2;1;2;3;2; ;1;2;1;4;1;3;1;1;1;3;1;1;01;11;07;11;4235,65908710816
4680235;1;4;2;1;1;1;1;1;3;3; ; ; ; ;600000;1;1;1;1;1;1;1;1;2;1;1;1;1;1;2;2;2;2;2;2;2;1;2;3;2; ;1;2;1;4;1;3;1;1;1;3;1;1;01;11;07;11;2439,87155874216
4680236;1;2;1;1;1;1;1;1;3;3; ; ; ; ;1300000;2;1;1;1;1;1;1;1;2;1;1;2;2;2;2;2;2;1;2;1;2;1;1;1;2; ;1;2;1;6;1;5;1;1;1;3;1;1;01;11;07;11;3189,10263564732
4680237;1;4;3;1;1;1;1;1;3;3; ; ; ; ;1000000;1;1;1;1;1;1;1;1;1;1;1;2;1;2;2;2;2;1;1;2;2;1;3;3;2; ;1;2;1;4;1;3;1;1;1;3;1;1;01;11;07;11;2439,87155874216
4680238;1;4;1;1;1;1;1;1;3;4; ; ; ;1800000; ;1;1;1;1;1;1;1;2;1;1;1;2;1;1;2;2;2;2;2;1;2;1;2;2;2; ;1;2;1;4;1;5;1;1;1;3;1;1;01;11;07;11;3159,38837909658
4680239;1;4;3;1;1;1;1;1;3;1; ; ;250000000;550000; ;1;1;1;1;1;1;1;2;2;2;1;2;1;1;2;2;2;2;2;1;2;1;5;8;2; ;1;2;1;4;1;2;1;1;1;3;1;1;01;11;07;11;2632,36616401299
4680240;1;4;3;1;1;1;1;1;3;4; ; ; ;98; ;1;1;2;1;1;2;1;1;2;2;1;2;2;2;2;2;2;2;2;2;2;1;2;5;2; ;1;1;1;2;1;3;1;1;1;3;1;1;01;11;07;11;2380,44304564068
4680241;1;3;2;1;1;1;1;1;3;4; ; ; ;400000; ;2;1;2;2;1;1;1;2;2;2;1;2;1;1;2;2;2;2;2;2;2;1;3;3;2; ;1;1;1;4;1;3;1;1;1;3;1;1;01;11;07;11;2790,77138232453
4680242;1;2;1;1;2;1;1;1;3;3; ; ; ; ;200000;2;2;2;2;2;2;1;1;2;2;1;2;2;2;2;2;2;2;2;2;2;1;2;4;2; ;1;4;1;4;1;2;1;1;1;3;1;1;01;11;07;11;4205,94483055742
4680244;1;1;1;1;2;1;10;1;2;3; ; ; ; ;100000;2;2;2;2;2;2;2;2;2;2;2;2;2;2;2;2;2;2;2;2;2;2; ;1;2; ;1;4;1;4;1;3;1;1;1;3;1;1;01;11;07;11;2843,84412651165
4680245;1;4;1;1;1;1;1;1;3;2; ;1700000;98;2200000; ;1;1;1;1;1;1;1;1;2;1;1;2;1;1;1;2;2;2;2;1;1;1;1;1;2; ;1;2;1;6;1;5;1;1;1;3;1;1;01;11;07;11;3189,10263564732
4680246;1;3;2;1;1;1;1;1;3;3; ; ; ; ;600000;1;1;1;1;1;1;1;1;1;2;1;1;1;1;2;2;2;1;2;2;2;1;3;3;2; ;1;2;1;4;1;3;1;1;1;3;1;1;01;11;07;11;2913,5999482875
4680247;1;3;2;1;2;1;1;1;3;3; ; ; ; ;400000;2;2;2;2;2;2;1;1;2;2;1;2;2;2;2;2;2;2;2;2;2;1;4;6;2; ;1;4;1;4;1;2;1;1;1;3;1;1;01;11;07;11;4913,59854179696
4680248;1;2;1;1;1;1;1;1;3;4; ; ; ;300000; ;1;2;2;2;2;2;1;2;2;2;1;2;2;2;2;2;2;2;2;2;2;1;2;3;2; ;1;1;1;4;1;2;1;1;1;3;1;1;01;11;07;11;2317,0429927792
4680249;1;4;2;1;1;1;1;1;3;3; ; ; ; ;580000;2;2;2;1;1;1;1;1;2;2;1;2;2;2;2;2;2;2;2;2;2;1;2;4;2; ;1;2;1;4;1;2;1;1;1;3;1;1;01;11;07;11;3867,04209033612
4680250;1;4;3;1;1;1;1;1;3;3; ; ; ; ;500000;1;1;1;1;1;1;1;2;1;1;1;2;2;2;2;2;2;2;2;2;2;1;4;4;2; ;1;2;1;4;1;2;1;1;1;3;1;1;01;11;07;11;2504,11736495446
4680251;1;2;1;1;1;1;1;1;3;4; ; ; ;400000; ;2;2;1;1;1;1;1;1;1;1;1;2;2;1;2;2;2;2;2;1;2;1;1;1;2; ;1;2;1;4;1;2;1;1;1;3;1;1;01;11;07;11;2921,35704273611
4680252;1;5;1;1;1;1;1;1;3;1; ; ;98;98; ;1;1;1;1;1;1;1;1;1;1;1;1;1;1;2;2;2;2;2;1;2;1;2;2;2; ;1;2;1;6;1;6;1;1;1;3;1;1;01;11;07;11;2598,05569570257
4680253;1;2;1;1;1;1;1;3;3;4; ; ; ;200000; ;1;1;2;1;2;2;1;2;2;1;1;2;2;1;2;2;2;2;1;2;2;1;1;1;2; ;1;2;1;2;1;1;1;1;1;3;1;1;01;11;07;11;3049,82692314578
4680254;1;2;1;1;1;1;1;1;3;3; ; ; ; ;300000;2;1;2;1;1;1;1;2;2;2;1;2;2;2;2;2;2;1;2;1;2;1;2;3;2; ;1;2;1;4;1;2;1;1;1;3;1;1;01;11;07;11;3757,48063438531
4680255;1;3;1;1;1;1;1;1;3;3; ; ; ; ;315000;1;1;1;1;1;1;1;2;2;2;1;2;2;1;2;2;2;1;2;2;2;1;2;3;2; ;1;2;1;6;1;2;1;1;1;3;1;1;01;11;07;11;3266,14778396238
4680256;1;3;2;1;1;1;1;1;3;1; ; ;250000000;800000; ;1;1;1;1;1;1;1;1;2;2;1;2;1;2;1;2;2;2;2;2;2;1;3;3;2; ;1;2;1;4;1;3;1;1;1;3;1;1;01;11;07;11;2568,34143915182
4680257;1;3;1;1;1;1;1;1;3;1; ; ;180000000;800000; ;2;1;2;1;1;1;1;1;1;1;1;2;1;2;2;2;2;2;2;2;2;1;1;1;2; ;1;2;1;4;1;3;1;1;1;3;1;1;01;11;07;11;2843,84412651165
4680258;1;3;1;1;1;1;1;1;3;4; ; ; ;1000000; ;1;1;1;1;1;1;1;2;1;1;1;1;1;1;2;2;2;2;2;2;2;1;2;2;2; ;1;2;1;4;1;3;1;1;1;3;1;1;01;11;07;11;3159,38837909658
4680259;1;3;2;1;1;1;1;1;3;3; ; ; ; ;350000;2;1;2;1;1;1;1;2;1;2;1;2;1;2;2;2;2;1;1;2;2;1;3;4;2; ;1;2;1;4;1;2;1;1;1;3;1;1;01;11;07;11;4205,94483055742
4680260;1;4;1;1;1;1;1;1;3;1; ; ;98;98; ;1;1;1;1;1;1;1;2;1;1;1;1;2;1;2;2;2;1;2;2;2;1;2;2;2; ;1;2;1;4;1;3;1;1;1;3;1;1;01;11;07;11;2598,05569570257
4680261;1;3;2;1;1;1;1;1;3;3; ; ; ; ;350000;2;1;2;1;1;1;1;2;2;2;1;2;2;1;2;2;2;2;2;2;2;1;2;4;2; ;1;2;1;4;1;2;1;1;1;3;1;1;01;11;07;11;4481,69420447551
4680262;1;4;3;1;1;1;1;1;3;1; ; ;150000000;700000; ;1;1;1;1;1;1;1;1;1;1;1;1;1;1;1;2;2;2;2;1;1;1;5;5;2; ;1;2;1;4;1;3;1;1;1;3;1;1;01;11;07;11;2742,14870131493
4680263;1;2;1;1;1;1;1;1;3;4; ; ; ;350000; ;2;1;1;1;1;1;1;1;2;2;1;2;2;1;2;2;2;1;2;2;2;1;2;2;2; ;1;2;1;2;1;3;1;1;1;3;1;1;01;11;07;11;4265,3733436589
4680264;1;4;2;1;1;1;1;1;3;1; ; ;98;98; ;1;1;1;1;1;1;1;1;1;1;1;2;1;1;2;2;2;1;2;2;2;1;2;2;2; ;1;1;1;4;1;3;1;1;1;3;1;1;01;11;07;11;2814,12986996091
4680265;1;3;2;1;1;1;1;1;3;1; ; ;85000000;1200000; ;1;1;1;1;1;1;1;2;2;1;1;2;1;1;2;2;2;1;2;2;1;1;3;3;2; ;1;2;1;2;1;3;1;1;1;3;1;1;01;11;07;11;2784,41561341017
4680266;1;4;1;1;1;1;1;1;3;1; ; ;98;1000000; ;1;1;2;1;1;1;1;1;1;1;1;2;2;2;2;2;2;2;2;2;2;1;1;1;2; ;1;2;1;4;1;3;1;1;1;3;1;1;01;11;07;11;2843,84412651165
4680267;1;4;3;1;1;1;1;1;3;3; ; ; ; ;380000;2;1;1;2;1;1;1;1;1;2;1;2;1;1;2;2;2;1;2;2;2;1;2;5;2; ;1;2;1;4;1;3;1;1;1;3;1;1;01;11;07;11;6159,08235939304
4680268;1;3;2;1;1;1;1;1;3;3; ; ; ; ;420000;2;1;2;1;2;2;1;2;2;1;1;2;1;2;2;2;2;1;1;2;2;1;2;2;2; ;1;2;1;4;1;3;1;1;1;3;1;1;01;11;07;11;3020,11266659503
4680269;1;4;3;1;1;1;1;1;3;2; ;500000;90000000;800000; ;2;1;1;1;1;1;1;1;1;1;1;2;2;1;2;2;2;1;2;2;2;1;2;3;2; ;1;2;1;4;1;3;1;1;1;3;1;1;01;11;07;11;2927,24504374108
4680270;1;4;2;1;1;1;1;1;3;3; ; ; ; ;940000;1;1;1;1;1;1;1;2;2;1;1;2;2;1;2;2;2;1;2;1;2;1;2;4;2; ;1;2;1;4;1;3;1;1;1;3;1;1;01;11;07;11;3372,90718882818
4680271;1;2;1;1;1;1;1;1;3;1; ; ;98;400000; ;1;2;2;1;1;1;1;2;2;1;1;2;1;2;2;2;2;2;2;2;2;1;1;2;2; ;1;1;1;4;1;1;1;1;1;3;1;1;01;11;07;11;2608,14707332679
4680272;1;4;3;1;1;1;1;1;3;1; ; ;300000000;1500000; ;1;1;1;1;1;1;1;1;1;1;1;1;1;1;2;2;2;2;2;2;2;1;4;6;2; ;1;2;1;4;1;3;1;1;1;3;1;1;01;11;07;11;3127,90239105517
4680273;1;3;2;1;1;1;1;1;4;3; ; ; ; ;700000;1;1;2;1;1;1;1;2;2;2;1;2;1;2;2;2;2;2;2;2;2;1;3;5;2; ;1;2;1;4;1;3;2;1;1;3;1;1;01;11;07;11;2739,34665022993
4680274;1;4;3;1;1;1;1;1;3;1; ; ;100000000;900000; ;1;1;1;1;1;1;1;1;1;1;1;1;1;1;1;2;2;2;1;1;1;1;4;5;2; ;1;1;1;4;1;3;1;1;1;3;1;1;01;11;07;11;2784,66229996843
4680275;1;4;2;1;1;1;1;1;3;3; ; ; ; ;450000;2;2;2;1;1;1;1;2;2;2;1;2;1;1;2;2;2;2;2;2;2;1;2;2;2; ;1;2;1;4;1;3;1;1;1;3;1;1;01;11;07;11;3298,66409159813
4680276;1;4;2;1;1;1;1;1;4;3; ; ; ; ;730000;1;1;1;1;1;1;1;1;1;1;1;1;1;1;2;2;2;2;1;2;2;1;2;2;2; ;1;2;1;4;1;3;2;1;1;3;1;1;01;11;07;11;3020,11266659503
4680277;1;3;2;1;1;1;1;1;3;3; ; ; ; ;250000;2;1;1;1;1;2;1;2;2;2;1;2;1;2;2;2;2;2;2;2;2;1;2;5;2; ;1;2;1;4;1;1;1;1;1;3;1;1;01;11;07;11;3837,32783378538
4680278;1;1;1;1;1;1;1;1;3;3; ; ; ; ;150000;1;1;2;1;1;1;1;2;2;2;1;1;1;2;2;2;2;1;2;2;2;1;2;3;2; ;1;2;1;2;1;1;1;1;1;3;1;1;01;11;07;11;3266,14778396238
4680279;1;3;2;1;1;1;1;1;4;3; ; ; ; ;660000;2;2;2;1;1;1;1;2;2;1;1;2;1;1;2;2;2;1;2;2;2;1;5;5;2; ;1;2;1;4;1;3;2;1;1;3;1;1;01;11;07;11;4047,76069359701
4680280;1;3;2;1;1;1;1;1;3;3; ; ; ; ;900000;2;1;1;2;1;1;1;2;2;2;1;2;2;2;2;2;2;2;2;1;1;1;3;3;2; ;1;2;1;4;1;3;1;1;1;3;1;1;01;11;07;11;2707,61715165337
4680281;1;3;2;1;1;1;1;1;3;3; ; ; ; ;450000;2;1;1;1;1;1;1;2;2;1;1;1;1;1;2;2;2;1;2;2;2;1;3;3;2; ;1;2;1;4;1;1;1;1;1;3;1;1;01;11;07;11;3001,20424213617
4680282;1;5;4;1;1;1;1;1;3;3; ; ; ; ;380000;2;2;2;2;1;1;1;2;2;2;1;1;1;2;2;2;2;2;2;2;2;1;3;8;2; ;1;1;1;4;1;1;1;1;1;3;1;1;01;11;07;11;2474,5370826499
4680283;1;4;1;1;1;1;1;1;3;3; ; ; ; ;900000;1;1;1;1;1;1;1;1;2;1;1;1;1;1;2;2;2;2;2;1;2;1;2;2;2; ;1;2;1;4;1;3;1;1;1;3;1;1;01;11;07;11;3159,38837909658
4680284;1;4;1;1;1;1;1;1;3;4; ; ; ;800000; ;1;1;1;1;1;1;1;1;2;1;1;1;2;1;2;2;2;1;2;1;2;1;1;1;2; ;1;2;1;4;1;3;1;1;1;3;1;1;01;11;07;11;3049,82692314578
4680285;1;3;2;1;1;1;1;1;3;2; ;550000;180000000;300000; ;1;1;1;2;1;2;1;2;2;2;1;2;2;1;2;2;2;2;2;1;2;1;2;3;1;1;1;2;1;4;1;1;1;1;1;3;1;1;01;11;07;11;2451,86864210323
4680286;1;3;1;1;1;1;1;1;3;3; ; ; ; ;500000;1;1;2;1;1;1;1;2;1;2;1;2;1;2;2;2;2;2;2;2;2;1;2;2;2; ;1;2;1;4;1;3;1;1;1;3;1;1;01;11;07;11;2598,05569570257
4680287;1;4;2;1;1;1;1;1;3;1; ; ;150000000;650000; ;1;1;1;1;1;1;1;1;1;1;1;2;2;1;2;2;1;2;1;2;2;1;3;3;2; ;1;1;1;4;1;2;1;1;1;3;1;1;01;11;07;11;2655,9457330005
4680288;1;7;5;1;1;1;1;1;3;1; ; ;320000000;600000; ;1;1;1;1;1;1;1;2;1;1;1;2;1;1;2;2;2;1;2;2;2;1;4;5;2; ;1;2;1;4;1;3;1;1;1;3;1;1;01;11;07;11;2533,3638535958
4680289;1;3;2;1;1;1;1;1;3;3; ; ; ; ;400000;2;1;1;1;1;1;1;1;1;1;1;1;2;1;2;2;2;1;1;1;2;1;4;4;2; ;1;2;1;4;1;2;1;1;1;3;1;1;01;11;07;11;3375,70923991319
4680290;1;4;2;1;1;1;1;1;3;3; ; ; ; ;1000000;1;1;1;1;1;1;1;2;2;1;1;1;1;1;1;2;2;1;2;1;2;1;2;3;2; ;1;2;1;6;1;3;1;1;1;3;1;1;01;11;07;11;4235,65908710816
4680291;1;4;3;1;1;1;1;1;3;3; ; ; ; ;900000;1;1;1;1;1;1;1;2;2;2;1;2;2;1;2;2;2;1;2;2;2;1;3;3;2; ;1;1;1;4;1;2;1;1;1;3;1;1;01;11;07;11;2707,61715165337
4680292;1;3;2;1;2;1;1;1;3;3; ; ; ; ;480000;2;1;2;1;1;1;1;2;2;2;1;2;1;2;2;2;2;1;2;2;2;1;2;4;2; ;1;2;1;4;1;1;1;1;1;3;1;1;01;11;07;11;2897,53078719033
4680293;1;4;2;1;1;1;1;1;4;1; ; ;98;98; ;1;2;1;1;1;1;1;1;1;1;1;1;2;1;2;2;2;1;2;2;2;1;2;2;2; ;1;1;1;2;1;2;2;1;1;3;1;1;01;11;07;11;2814,12986996091
4680294;1;4;1;1;1;1;1;1;3;1; ; ;200000000;98; ;1;1;2;1;1;1;1;2;2;1;1;2;1;2;2;2;2;2;2;2;2;1;2;2;2; ;1;2;1;4;1;2;1;1;1;2;1;1;01;11;07;11;2598,05569570257
4680295;1;2;2;1;1;1;1;1;3;3; ; ; ; ;380000;1;2;1;2;1;1;1;2;2;2;1;2;1;2;2;2;2;2;2;2;2;1;3;3;2; ;1;2;1;4;1;2;1;1;1;3;1;1;01;11;07;11;2790,77138232453
4680296;1;3;1;1;1;1;1;1;4;1; ; ;200000000;1000000; ;1;1;1;1;1;1;1;1;1;1;1;2;1;1;2;2;2;2;2;2;2;1;1;2;2; ;1;1;1;2;1;2;2;1;1;3;1;1;01;11;07;11;2804,03849233669
4680297;1;2;2;1;1;1;1;1;3;3; ; ; ; ;440000;2;1;1;2;2;2;1;2;2;2;1;1;2;2;2;2;2;1;2;2;2;1;4;9;2; ;1;2;1;4;1;1;1;1;1;3;1;1;01;11;07;11;5312,49234680468
4680298;1;4;3;1;1;1;1;1;3;3; ; ; ; ;450000;2;1;2;1;1;2;1;2;2;1;1;2;2;2;2;2;2;1;2;2;2;1;5;6;2; ;1;2;1;4;1;1;1;1;1;3;1;1;01;11;07;11;3117,81101343095
4680299;1;3;2;1;1;1;1;1;3;3; ; ; ; ;430000;2;1;1;2;1;1;1;2;2;1;1;2;2;2;2;2;2;2;2;2;2;1;2;4;2; ;1;2;1;4;1;2;1;1;1;3;1;1;01;11;07;11;3727,76637783457
4680300;1;2;1;1;1;1;1;1;3;3; ; ; ; ;450000;2;1;1;1;1;1;1;1;2;2;1;2;2;1;2;2;2;2;2;2;2;1;2;2;2; ;1;2;1;4;1;2;1;1;1;3;1;1;01;11;07;11;3159,38837909658
4680301;1;3;2;1;1;1;1;1;3;3; ; ; ; ;500000;2;1;1;1;1;1;1;2;2;2;1;2;1;1;2;2;2;2;2;2;2;1;4;4;2; ;1;2;1;4;1;3;1;1;1;3;1;1;01;11;07;11;2549,43301469296
4680302;1;2;1;1;1;1;1;1;3;1; ; ;200000000;500000; ;2;1;2;1;1;1;1;2;2;1;1;1;2;2;2;2;2;1;2;2;2;1;1;1;2; ;1;2;1;4;1;3;1;1;1;3;1;1;01;11;07;11;3049,82692314578
4680303;1;4;3;1;1;1;1;1;3;1; ; ;98;700000; ;1;1;1;1;1;1;1;2;2;1;1;2;1;2;2;2;2;2;2;1;2;1;4;4;2; ;1;1;1;4;1;3;1;1;1;3;1;1;01;11;07;11;2471,92009846851
4680304;1;2;1;1;2;1;1;1;3;1; ; ;150000000;400000; ;2;1;2;1;1;1;1;1;1;1;1;2;2;2;2;2;2;2;2;2;2;1;1;1;2; ;1;4;1;4;1;3;1;1;1;3;1;1;01;11;07;11;2843,84412651165
4680305;1;4;3;1;1;1;1;1;3;3; ; ; ; ;750000;1;1;1;1;1;1;1;1;1;1;1;1;1;1;2;2;2;2;1;2;2;1;3;3;2; ;1;2;1;4;1;2;1;1;1;3;1;1;01;11;07;11;2662,30150191487
4680307;1;2;2;1;1;1;1;1;3;3; ; ; ; ;450000;2;1;1;1;2;1;1;2;2;2;1;2;1;2;2;2;2;2;1;2;2;1;2;3;2; ;1;2;1;4;1;2;1;1;1;3;1;1;01;11;07;11;3266,14778396238
4680308;1;3;1;1;2;1;1;1;4;3; ; ; ; ;400000;2;1;1;2;1;1;1;2;2;1;1;2;2;1;2;2;2;2;2;1;2;1;1;1;2; ;1;4;1;4;1;3;2;1;1;3;1;1;01;11;07;11;2833,75274888743
4680309;1;3;2;1;1;1;1;1;3;3; ; ; ; ;610000;1;1;1;1;1;1;1;2;2;1;1;1;2;1;2;2;2;1;1;2;2;1;1;3;2; ;1;2;1;4;1;2;1;1;1;3;1;1;01;11;07;11;4372,13274852471
4680310;1;5;3;1;1;1;1;1;3;1; ; ;98;600000; ;1;1;1;1;1;1;1;2;2;1;1;1;1;1;2;2;2;2;2;2;1;1;4;4;2; ;1;1;1;4;1;3;1;1;1;3;1;1;01;11;07;11;2555,07432913967
4680311;1;2;1;1;1;1;1;1;3;3; ; ; ; ;550000;1;1;1;1;1;1;1;1;2;1;1;1;1;1;2;2;2;2;1;2;2;1;2;2;2; ;1;2;1;4;1;2;1;1;1;3;1;1;01;11;07;11;3030,91849868692
4680312;1;4;2;1;1;1;1;1;3;4; ; ; ;1000000; ;2;2;1;1;1;1;1;2;2;1;1;2;1;1;2;2;2;1;2;1;2;1;2;4;2; ;1;2;1;4;1;3;1;1;1;3;1;1;01;11;07;11;3372,90718882818
4680313;1;1;1;1;1;1;1;1;3;3; ; ; ; ;200000;2;1;2;2;2;1;1;2;2;1;1;2;2;2;2;2;2;2;2;2;2;1;1;1;2; ;1;4;1;4;1;1;1;1;1;3;1;1;01;11;07;11;2710,92418292447
4680314;1;4;2;1;1;1;1;1;3;4; ; ; ;800000; ;2;1;1;1;1;1;1;1;2;2;1;1;1;2;2;2;2;1;2;2;2;1;4;5;2; ;1;2;1;4;1;3;1;1;1;3;1;1;01;11;07;11;2739,34665022993
4680315;1;2;2;1;1;1;1;1;3;3; ; ; ; ;560000;2;2;1;1;1;1;1;2;2;2;1;1;2;1;2;2;2;2;2;2;2;1;3;3;2; ;1;2;1;4;1;3;1;1;1;3;1;1;01;11;07;11;2913,5999482875
4680316;1;4;3;1;1;1;1;1;3;3; ; ; ; ;600000;1;1;1;1;1;1;1;2;2;1;1;2;1;1;2;2;2;2;1;2;2;1;4;5;2; ;1;2;1;4;1;2;1;1;1;3;1;1;01;11;07;11;2661,83373400547
4680317;1;4;1;1;1;1;1;1;3;1; ; ;98;800000; ;2;2;1;1;1;1;1;2;2;2;2;2;2;1;2;2;2;2;2;2;2;1;1;1;2; ;1;2;1;4;1;3;1;1;1;3;1;1;01;11;07;11;2843,84412651165
4680318;1;4;3;1;1;1;1;1;3;1; ; ;98;600000; ;2;1;1;1;1;1;1;2;2;1;1;2;1;2;2;2;2;2;1;2;2;1;2;3;2; ;1;2;1;4;1;2;1;1;1;3;1;1;01;11;07;11;2578,43281677604
4680319;1;3;2;1;1;1;1;1;3;3; ; ; ; ;650000;2;1;1;1;1;1;1;1;1;1;1;1;1;1;2;2;2;1;2;1;2;1;2;4;2; ;1;2;1;4;1;2;1;1;1;3;1;1;01;11;07;11;4342,41849197396
4680322;1;6;4;1;1;1;1;1;3;1; ; ;98;98; ;1;1;1;1;1;1;1;2;1;1;1;1;1;1;1;2;2;2;2;2;2;1;4;4;2; ;1;1;1;3;1;3;1;1;1;3;1;1;01;11;07;11;2420,24867981564
4680323;1;2;1;1;1;1;1;1;3;1; ; ;98;300000; ;2;2;2;1;1;1;1;2;2;2;2;2;1;2;2;2;2;2;2;2;2;1;1;1;2; ;1;2;1;4;1;2;1;1;1;3;1;1;01;11;07;11;2843,84412651165
4680324;1;1;1;1;2;1;1;1;3;3; ; ; ; ;250000;2;1;2;2;2;1;1;1;2;2;1;1;2;2;2;2;2;2;2;2;2;1;1;1;2; ;1;4;1;4;1;2;1;1;1;3;1;1;01;11;07;11;3189,10263564732
4680325;1;2;2;1;1;1;1;1;3;3; ; ; ; ;300000;2;2;2;2;1;2;1;2;1;2;1;2;2;2;2;2;2;2;2;2;2;1;1;2;2; ;1;2;1;4;1;2;1;1;1;3;1;1;01;11;07;11;3030,91849868692
4680326;1;2;1;1;1;1;1;1;3;3; ; ; ; ;350000;1;1;2;1;1;1;1;1;1;2;1;2;1;2;2;2;2;1;1;2;2;1;2;4;2; ;1;2;1;2;1;1;1;1;1;3;1;1;01;11;07;11;4342,41849197396
4680327;1;2;1;1;1;1;1;1;3;3; ; ; ; ;450000;2;1;2;1;1;1;1;2;2;1;1;2;2;2;2;2;2;1;2;2;2;1;2;3;2; ;1;2;1;4;1;2;1;1;1;3;1;1;01;11;07;11;3266,14778396238
4680328;1;2;1;1;1;1;1;1;3;3; ; ; ; ;300000;1;1;1;1;1;1;1;2;2;2;1;1;2;1;2;2;2;1;2;2;2;1;1;1;2; ;1;2;1;4;1;2;1;1;1;3;1;1;01;11;07;11;3049,82692314578
4680329;1;6;3;1;1;1;1;1;3;3; ; ; ; ;6000000;1;1;1;1;1;1;1;1;1;1;1;1;1;1;2;2;2;2;2;2;2;1;5;5;2; ;1;2;1;6;1;6;1;1;1;3;1;1;01;11;07;11;2739,34665022993
4680330;1;5;2;1;1;1;1;1;3;1; ; ;200000000;12000000; ;1;1;1;1;1;1;1;1;1;1;1;1;1;1;1;2;2;2;2;1;2;1;3;3;2; ;1;2;1;6;1;6;1;1;1;3;1;1;01;11;07;11;2352,26726489348
4680331;1;3;3;1;1;1;1;1;3;3; ; ; ; ;300000;2;1;2;1;1;1;1;2;2;2;1;2;1;2;2;2;2;1;2;2;2;1;4;6;2; ;1;1;1;4;1;1;1;1;1;3;1;1;01;11;07;11;4080,56090006772
4680332;1;4;3;1;1;1;1;1;3;1; ; ;98;400000; ;1;1;2;1;1;1;1;2;2;2;1;1;1;1;2;2;2;2;1;2;2;1;3;5;2; ;1;2;1;4;1;1;1;1;1;3;1;1;01;11;07;11;2684,83596821536
4680333;1;2;1;1;1;1;1;1;3;3; ; ; ; ;1100000;2;2;1;1;1;2;1;2;2;2;1;2;2;2;2;2;2;2;2;2;2;1;1;1;2; ;1;2;1;4;1;4;1;1;1;3;1;1;01;11;07;11;2710,92418292447
4680334;1;4;2;1;1;1;1;1;3;1; ; ;120000000;1000000; ;1;1;1;1;1;1;1;1;1;1;1;1;1;1;1;2;2;1;2;2;2;1;3;3;2; ;1;2;1;4;1;4;1;1;1;3;1;1;01;11;07;11;2790,77138232453
4680335;1;2;1;1;1;1;1;1;3;3; ; ; ; ;98;2;1;1;1;1;1;1;1;1;1;1;1;1;1;2;2;2;1;2;2;2;1;1;1;2; ;1;2;1;4;1;4;1;1;1;3;1;1;01;11;07;11;3189,10263564732
4680336;1;5;1;1;1;1;1;1;3;1; ; ;400000000;30000000; ;1;1;1;1;1;1;1;1;1;1;1;1;1;1;1;2;2;2;1;1;1;1;2;2;2; ;1;2;1;6;1;6;1;1;1;3;1;1;01;11;07;11;2598,05569570257
4680337;1;3;2;1;1;1;1;1;3;1; ; ;98;250000; ;1;1;2;1;1;1;1;2;1;2;1;2;2;2;2;2;2;2;2;2;2;1;2;3;2; ;1;2;1;4;1;1;1;1;1;3;1;1;01;11;07;11;3001,20424213617
4680339;1;2;1;1;1;1;1;1;3;3; ; ; ; ;250000;2;2;2;2;2;1;1;2;2;2;1;2;1;2;2;2;2;1;2;2;2;1;1;1;2; ;1;2;1;4;1;1;1;1;1;3;1;1;01;11;07;11;3049,82692314578
4680340;1;4;3;1;1;1;1;3;3;3; ; ; ; ;300000;2;1;2;2;1;1;1;1;2;2;1;1;1;2;2;2;2;2;2;2;2;1;3;6;2; ;1;2;1;4;1;1;1;1;1;3;1;1;01;11;07;11;2791,59537308116
4680341;1;4;3;1;1;1;1;1;3;1; ; ;120000000;1800000; ;2;1;1;1;1;1;1;1;2;1;1;1;1;1;1;2;2;1;2;2;2;1;4;4;2; ;1;2;1;4;1;4;1;1;1;3;1;1;01;11;07;11;2677,90289510263
4680342;1;4;2;1;1;1;1;1;3;1; ; ;150000000;98; ;1;1;1;1;1;1;1;1;1;1;1;1;1;1;2;2;2;2;2;1;2;1;3;3;2; ;1;2;1;6;1;6;1;1;1;3;1;1;01;11;07;11;2707,61715165337
4680343;1;1;1;1;1;1;1;1;3;4; ; ; ;300000; ;1;1;1;1;2;1;1;1;2;2;1;2;1;1;2;2;2;2;2;2;2;1;2;4;2; ;1;2;1;2;1;1;1;1;1;3;1;1;01;11;07;11;4833,75134239689
4680344;1;2;1;1;1;1;1;1;1;3; ; ; ; ;10100000;1;1;1;1;1;1;1;1;1;1;1;2;1;1;2;2;2;2;2;2;2;1;1;1;2; ;1;2;1;6;1;4;2;1;1;3;1;1;01;11;07;11;3189,10263564732
4680345;1;3;3;1;1;1;1;1;3;1; ; ;60000000;500000; ;1;2;2;1;2;1;1;2;2;2;1;2;1;2;2;2;2;2;2;2;2;1;1;2;2; ;1;1;1;2;1;1;1;1;1;3;1;1;01;11;07;11;3159,38837909658
4680346;1;6;4;1;1;1;1;1;3;3; ; ; ; ;99;2;1;2;1;1;1;1;2;2;2;1;1;2;1;2;2;2;2;2;2;2;1;2;4;2; ;1;2;1;4;1;3;1;1;1;3;1;1;01;11;07;11;4003,51575175266
4680347;1;6;3;1;1;1;1;1;3;1; ; ;98;98; ;1;1;1;1;1;1;1;1;1;1;1;1;1;1;1;2;2;2;2;1;2;1;2;3;2; ;1;2;1;6;1;6;1;1;1;3;1;1;01;11;07;11;2362,3586425177
4680348;1;5;1;1;1;1;1;1;3;1; ; ;500000000;20000000; ;1;1;1;1;1;1;1;1;1;1;1;1;1;1;1;2;2;2;2;1;1;1;2;2;2; ;1;2;1;6;1;6;1;1;1;3;1;1;01;11;07;11;2598,05569570257
4680349;1;3;1;1;1;1;1;1;1;3; ; ; ; ;1500000;2;1;1;1;1;1;1;1;2;1;1;2;2;2;2;2;2;2;2;2;2;1;1;1;2; ;1;2;1;4;1;4;2;1;1;3;1;1;01;11;07;11;3189,10263564732
4680351;1;6;5;1;1;1;1;1;3;1; ; ;98;98; ;1;1;1;1;1;1;1;1;1;1;1;1;1;1;1;2;2;1;2;1;2;1;3;5;2; ;1;2;1;6;1;6;1;1;1;3;1;1;01;11;07;11;2949,77951004157
4680352;1;5;4;1;1;1;1;1;3;3; ; ; ; ;98;2;1;1;1;1;1;1;1;1;1;1;1;1;1;2;2;2;1;1;1;2;1;3;5;2; ;1;2;1;6;1;6;1;1;1;3;1;1;01;11;07;11;3004,29019205613
4680353;1;4;1;1;1;1;1;1;3;2; ;4500000;120000000;12000000; ;1;1;1;1;1;1;1;1;1;1;1;1;1;1;1;2;2;2;2;1;1;1;1;1;2; ;1;2;1;6;1;6;1;1;1;3;1;1;01;11;07;11;2843,84412651165
4680354;1;1;1;1;1;1;1;1;3;1; ; ;69000000;350000; ;2;2;2;1;1;1;1;2;2;2;1;2;2;2;2;2;2;2;1;2;2;1;2;3;2; ;1;1;1;2;1;1;1;1;1;3;1;1;01;11;07;11;4235,65908710816
4680356;1;3;1;1;1;1;1;1;3;3; ; ; ; ;200000;2;1;2;2;2;2;1;2;2;2;1;2;2;2;2;2;2;2;2;2;2;2; ;4;2; ;1;1;1;3;1;1;1;1;1;3;1;1;01;11;07;11;4705,28146198723
4680358;1;4;1;1;1;1;1;1;3;1; ; ;98;98; ;2;1;1;1;1;1;1;1;1;1;1;1;1;1;1;2;2;1;2;1;2;1;2;2;2; ;1;2;1;6;1;6;1;1;1;3;1;1;01;11;07;11;3159,38837909658
4680359;1;4;3;1;1;1;1;1;3;1; ; ;98;900000; ;2;1;1;1;1;1;1;1;1;2;1;2;2;2;2;2;2;1;1;1;2;1;5;5;2; ;1;1;1;4;1;3;1;1;1;3;1;1;01;11;07;11;2597,23167436668
4680360;1;3;2;1;1;1;1;1;4;1; ; ;800000000;98; ;1;1;1;1;1;1;1;1;2;2;1;2;1;1;1;2;2;1;2;2;2;1;3;3;2; ;1;1;1;4;1;3;2;1;1;3;1;1;01;11;07;11;2439,87155874216
4680361;1;3;2;1;1;1;1;1;3;3; ; ; ; ;750000;1;1;1;1;1;1;1;1;1;1;1;1;1;1;1;2;2;1;2;1;2;1;3;3;2; ;1;2;1;4;1;3;1;1;1;3;1;1;01;11;07;11;3129,67412254584
4680362;1;3;1;1;1;1;1;1;3;1; ; ;98;800000; ;1;2;1;1;1;1;1;2;2;1;1;2;2;2;2;2;2;2;2;2;2;1;2;2;2; ;1;1;1;4;1;3;1;1;1;3;1;1;01;11;07;11;2598,05569570257
4680363;1;1;1;1;1;1;1;1;3;3; ; ; ; ;350000;2;1;2;2;1;2;1;2;2;2;1;2;2;2;2;2;2;2;2;2;2;2; ;1;2; ;1;2;1;4;1;1;1;1;1;3;1;1;01;11;07;11;3049,82692314578
4680364;1;5;4;1;1;1;1;1;4;3; ; ; ; ;1100000;1;1;1;1;1;1;1;1;1;1;1;2;2;1;2;2;2;2;2;2;2;1;5;5;2; ;1;1;1;4;1;3;1;1;1;3;1;1;01;11;07;11;2339,57745907969
4680365;1;2;1;1;1;1;1;1;3;1; ; ;98;3000000; ;1;1;1;2;1;1;1;1;1;1;1;2;2;1;1;2;2;1;1;1;2;1;1;1;2; ;1;1;1;4;1;3;1;1;1;3;1;1;01;11;07;11;2833,75274888743
4680366;1;5;3;1;1;1;1;1;3;2; ;500000;98;500000; ;1;1;1;1;1;1;1;1;2;1;1;1;2;1;2;2;2;1;2;1;2;1;4;4;2; ;1;2;1;4;1;3;1;1;1;3;1;1;01;11;07;11;2626,94593091742
4680368;1;1;1;1;2;1;1;1;3;3; ; ; ; ;250000;2;1;2;2;2;2;1;2;2;2;1;2;2;2;2;2;2;1;2;2;2;1;1;1;2; ;1;4;1;4;1;1;1;1;1;3;1;1;01;11;07;11;3049,82692314578
4680369;1;2;1;1;1;1;1;1;3;3; ; ; ; ;250000;2;1;2;2;2;2;1;2;2;2;1;2;1;2;2;2;2;2;1;2;2;1;1;1;2; ;1;2;1;4;1;1;1;1;1;3;1;1;01;11;07;11;3049,82692314578
4680370;1;2;2;1;2;1;1;1;4;3; ; ; ; ;420000;2;2;2;2;1;1;1;2;2;2;1;2;1;1;2;2;2;2;2;2;2;1;4;4;2; ;1;3;1;2;1;2;2;1;1;3;1;1;01;11;07;11;2071,25456197011
4680371;1;4;3;1;1;1;1;1;3;1; ; ;260000000;1100000; ;1;1;1;1;1;1;1;2;1;1;1;2;1;2;2;2;2;2;2;1;2;1;4;5;2; ;1;2;1;4;1;3;1;1;1;3;1;1;01;11;07;11;3754,17360311421
4680372;1;3;2;1;1;1;1;1;3;1; ; ;98;98; ;1;1;1;1;1;1;1;1;2;1;1;1;2;1;2;2;2;2;2;2;2;1;2;4;2; ;1;2;1;4;1;2;1;1;1;3;1;1;01;11;07;11;3864,24003925111
4680373;1;5;3;1;1;1;1;1;3;3; ; ; ; ;700000;2;1;2;1;1;1;1;2;2;1;1;2;2;2;2;2;2;2;2;2;2;1;2;5;2; ;1;2;1;4;1;2;1;1;1;3;1;1;01;11;07;11;3973,80149520192
4680374;1;3;2;1;1;1;1;1;3;3; ; ; ; ;280000;2;1;1;1;2;1;1;2;1;2;1;1;1;2;2;2;2;1;2;2;2;1;2;2;2; ;1;2;1;4;1;1;1;1;1;3;1;1;01;11;07;11;2891,64278618537
4680375;1;3;2;1;1;1;1;1;3;1; ; ;130000000;450000; ;1;1;2;1;1;1;1;2;2;2;1;1;1;2;2;2;2;2;2;2;2;1;4;4;2; ;1;1;1;2;1;1;1;1;1;3;1;1;01;11;07;11;2071,25456197011
4680376;1;2;2;1;1;1;1;1;3;3; ; ; ; ;370000;2;1;2;2;2;1;1;2;2;2;1;2;2;2;2;2;2;2;2;2;2;1;1;2;2; ;1;2;1;4;1;2;1;1;1;3;1;1;01;11;07;11;2814,12986996091
4680377;1;2;1;1;2;1;1;1;4;3; ; ; ; ;300000;2;2;2;1;1;1;1;1;2;2;1;2;1;2;2;2;2;2;2;2;2;1;2;2;2; ;1;3;1;2;1;2;2;1;1;3;1;1;01;11;07;11;2814,12986996091
4680378;1;2;2;1;1;1;1;1;3;3; ; ; ; ;300000;2;1;2;1;1;1;1;2;1;2;1;2;1;1;2;2;2;1;2;1;2;1;2;3;2; ;1;2;1;4;1;1;1;1;1;3;1;1;01;11;07;11;3266,14778396238
4680379;1;4;2;1;1;1;1;1;4;3; ; ; ; ;500000;2;2;2;2;1;1;1;2;2;2;1;2;2;2;2;2;2;2;2;2;2;1;3;8;2; ;1;2;1;4;1;2;2;1;1;3;1;1;01;11;07;11;4370,84095927942
4680380;1;4;2;1;1;1;1;1;3;1; ; ;230000000;1200000; ;1;1;1;1;1;1;1;1;1;1;1;1;1;1;1;2;2;2;2;1;2;1;2;2;2; ;1;2;1;4;1;3;1;1;1;3;1;1;01;11;07;11;3030,91849868692
4680381;1;1;1;1;1;1;1;1;4;3; ; ; ; ;300000;2;2;2;1;1;1;1;1;2;2;1;2;2;2;2;2;2;2;2;2;2;1;1;1;2; ;1;2;1;2;1;2;2;1;1;3;1;1;01;11;07;11;3049,82692314578
4680382;1;4;2;1;1;1;1;1;3;3; ; ; ; ;350000;2;2;2;1;1;1;1;2;2;2;1;2;1;2;2;2;2;1;2;2;2;1;3;3;2; ;1;2;1;4;1;2;1;1;1;3;1;1;01;11;07;11;3001,20424213617
4680383;1;2;2;1;1;1;1;1;3;3; ; ; ; ;430000;2;1;2;2;2;2;1;2;2;2;1;2;2;2;2;2;2;2;2;2;2;1;3;5;2; ;1;2;1;4;1;2;1;1;1;3;1;1;01;11;07;11;3482,46864477899
4680384;1;4;2;1;1;1;1;1;3;3; ; ; ; ;500000;1;1;1;1;1;1;1;2;1;2;1;1;2;1;2;2;2;1;2;1;2;1;4;5;2; ;1;4;1;4;1;2;1;1;1;3;1;1;01;11;07;11;2528,91379041829
4680385;1;2;1;1;1;1;1;1;1;3; ; ; ; ;900000;1;1;1;1;1;1;1;1;2;1;1;2;2;1;2;2;2;2;2;2;2;1;1;1;2; ;1;2;1;4;1;4;2;1;1;3;1;1;01;11;07;11;3049,82692314578
4680386;1;1;1;1;2;1;1;6; ;3; ; ; ; ;230000;2;1;2;2;2;2;2;2;2;2;1;2;2;2;2;2;2;2;2;2;2;1;1;1;2; ;1;3;1;4;1;2;2;1;1;3;1;1;01;11;07;11;2921,35704273611
4680387;1;2;1;1;1;1;1;1;3;1; ; ;200000000;900000; ;1;1;1;1;1;1;1;2;2;1;1;2;1;2;2;2;2;1;2;2;2;1;2;2;2; ;1;2;1;4;1;3;1;1;1;3;1;1;01;11;07;11;2538,62718260108
4680387;2;2;1;1;2;1;1;1;3;3; ; ; ; ;400000;2;1;1;1;1;1;1;2;2;2;1;2;2;2;2;2;2;2;2;2;2;1;1;1;2; ;2;2;1;4;1;3;1;1;1;3;1;1;01;11;07;11;2538,62718260108
4680387;3;1;1;1;2;1;1;1;3;3; ; ; ; ;250000;2;1;1;1;1;1;1;2;2;1;1;2;2;2;2;2;2;2;2;2;2;1;1;1;2; ;3;2;1;4;1;3;1;1;1;3;1;1;01;11;07;11;2538,62718260108
4680388;1;2;1;1;1;1;1;1;1;3; ; ; ; ;1150000;2;1;1;1;1;1;1;2;2;1;1;2;2;1;2;2;2;2;2;2;2;1;1;1;2; ;1;2;1;4;1;4;2;1;1;3;1;1;01;11;07;11;2710,92418292447
4680389;1;2;2;1;1;1;1;1;3;3; ; ; ; ;320000;2;1;2;2;1;1;1;2;2;2;1;1;1;2;2;2;2;2;2;2;2;1;2;3;2; ;1;2;1;4;1;2;1;1;1;3;1;1;01;11;07;11;2659,49945082986
4680390;1;6;3;1;1;1;1;1;3;3; ; ; ; ;1000000;1;1;1;1;1;1;1;1;1;1;1;1;1;1;1;2;2;1;1;1;2;1;4;4;2; ;1;1;1;4;1;3;1;1;1;3;1;1;01;11;07;11;2897,53078719033
4680391;1;3;2;1;1;1;1;1;3;3; ; ; ; ;400000;2;1;2;1;1;1;1;2;2;2;1;1;1;1;2;2;2;2;2;2;2;1;2;4;2; ;1;1;1;4;1;2;1;1;1;3;1;1;01;11;07;11;2423,802397645
4680392;1;1;1;1;2;1;1;1;3;4; ; ; ;450000; ;2;1;2;1;1;1;1;2;2;1;1;2;1;1;2;2;2;1;2;2;2;1;2;2;2; ;1;4;1;4;1;2;1;1;1;3;1;1;01;11;07;11;2681,20992637373
4680393;1;2;1;1;2;1;1;1;3;4; ; ; ;400000; ;2;1;2;1;1;1;1;2;2;1;1;2;2;2;2;2;2;1;2;2;2;1;1;3;2; ;1;4;1;4;1;2;1;1;1;3;1;1;01;11;07;11;3266,14778396238
4680394;1;3;2;1;1;1;1;1;3;1; ; ;98;400000; ;1;1;2;1;1;1;1;2;2;1;1;1;1;2;2;2;2;2;2;2;2;1;2;2;2; ;1;2;1;4;1;2;1;1;1;3;1;1;01;11;07;11;2814,12986996091
4680395;1;4;2;1;1;1;1;1;3;1; ; ;98;300000; ;2;1;2;1;1;1;1;2;2;1;1;1;2;2;2;2;2;2;2;2;2;1;1;2;2; ;1;1;1;4;1;2;1;1;1;3;1;1;01;11;07;11;2814,12986996091
4680396;1;1;1;1;2;1;1;1;4;3; ; ; ; ;230000;2;1;2;2;2;1;1;2;2;2;1;1;1;2;2;2;2;2;2;2;2;1;1;2;2; ;1;3;1;2;1;2;2;1;1;3;1;1;01;11;07;11;3159,38837909658
4680397;1;2;2;1;1;1;1;1;3;4; ; ; ;300000; ;1;1;1;1;1;1;2;2;2;2;1;1;2;1;2;2;2;1;2;2;2;1;4;4;2; ;1;2;1;4;1;2;1;1;1;3;1;1;01;11;07;11;3867,04209033612
4680398;1;5;2;1;1;1;1;1;3;1; ; ;220000000;1500000; ;1;1;1;1;1;1;1;2;1;1;1;2;1;1;1;2;2;1;2;1;2;1;2;4;2; ;1;1;1;4;1;3;1;1;1;3;1;1;01;11;07;11;4342,41849197396
4680399;1;2;2;1;1;1;1;1;3;3; ; ; ; ;550000;2;2;2;2;1;1;1;2;2;2;1;2;2;2;2;2;2;2;2;2;2;1;3;4;2; ;1;2;1;4;1;2;1;1;1;3;1;1;01;11;07;11;2897,53078719033
4680400;1;2;2;1;1;1;1;1;3;3; ; ; ; ;360000;2;1;2;2;2;2;1;2;2;2;1;2;2;2;2;2;2;2;2;2;2;1;2;2;2; ;1;2;1;4;1;2;1;1;1;3;1;1;01;11;07;11;2763,1729057757
4680401;1;3;1;1;1;1;1;1;3;3; ; ; ; ;380000;2;1;1;1;1;1;1;2;2;1;1;2;1;1;2;2;2;1;1;2;2;1;2;2;2; ;1;2;1;4;1;2;1;1;1;3;1;1;01;11;07;11;2681,20992637373
4680402;1;1;1;1;1;1;1;1;3;3; ; ; ; ;300000;2;1;2;2;2;1;1;2;2;2;1;2;1;2;2;2;2;2;2;2;2;1;1;2;2; ;1;2;1;4;1;2;1;1;1;3;1;1;01;11;07;11;2820,48563887528
4680403;1;1;1;1;1;1;1;1;3;3; ; ; ; ;300000;2;1;2;2;1;1;1;2;2;2;1;2;2;2;2;2;2;1;2;2;2;1;1;1;2; ;1;2;1;4;1;2;1;1;1;3;1;1;01;11;07;11;2833,75274888743
4680404;1;1;1;1;1;1;1;1;3;3; ; ; ; ;250000;2;2;2;2;2;2;1;2;2;2;2;2;2;2;2;2;2;1;2;2;2;1;1;1;2; ;1;2;1;4;1;2;1;1;1;3;1;1;01;11;07;11;3049,82692314578
4680410;1;2;1;1;2;1;1;1;4;3; ; ; ; ;300000;2;1;2;2;1;1;1;2;2;2;1;2;1;2;2;2;2;2;2;2;2;1;1;1;2; ;1;4;1;4;1;2;2;1;1;3;1;1;01;11;07;11;3189,10263564732
4680411;1;3;2;1;1;1;1;1;3;3; ; ; ; ;500000;1;1;1;1;1;1;1;1;2;2;1;1;1;1;2;2;2;1;2;2;2;1;1;4;2; ;1;2;1;4;1;2;1;1;1;3;1;1;01;11;07;11;4213,9486115643
4680412;1;4;3;1;1;1;1;1;3;3; ; ; ; ;450000;1;1;1;1;1;1;1;1;2;1;1;1;2;1;2;2;2;2;2;2;2;1;2;5;2; ;1;2;1;4;1;2;1;1;1;3;1;1;01;11;07;11;3214,72305186777
4680413;1;3;2;1;1;1;1;1;3;3; ; ; ; ;600000;2;2;2;2;2;2;1;2;2;2;1;2;2;2;2;2;2;1;2;2;2;1;2;5;2; ;1;2;1;4;1;2;1;1;1;3;1;1;01;11;07;11;3230,67950065286
4680414;1;1;1;1;1;1;1;1;4;3; ; ; ; ;300000;2;1;1;1;1;1;1;2;2;2;1;2;2;2;2;2;2;1;2;2;2;1;1;2;2; ;1;2;1;2;1;2;2;1;1;3;1;1;01;11;07;11;3159,38837909658
4680415;1;1;1;1;1;1;1;1;4;3; ; ; ; ;300000;2;1;1;1;1;1;1;2;2;2;1;2;2;2;2;2;2;2;2;2;2;1;2;2;2; ;1;2;1;2;1;2;2;1;1;3;1;1;01;11;07;11;3159,38837909658
4680416;1;2;2;1;1;1;1;1;3;3; ; ; ; ;400000;1;1;1;2;1;1;1;2;2;2;1;1;2;2;2;2;2;2;1;2;2;1;2;3;2; ;1;2;1;4;1;2;1;1;1;3;1;1;01;11;07;11;2787,96933123953
4680417;1;2;1;1;1;1;1;1;3;3; ; ; ; ;350000;1;1;1;1;1;1;1;2;2;1;1;2;2;2;2;2;2;2;2;2;2;1;2;2;2; ;1;2;1;4;1;2;1;1;1;3;1;1;01;11;07;11;3020,11266659503
4680418;1;3;2;1;1;1;1;1;3;3; ; ; ; ;400000;1;1;1;1;1;1;1;1;1;2;1;1;2;2;2;2;2;2;2;2;2;1;1;2;2; ;1;2;1;4;1;2;1;1;1;3;1;1;01;11;07;11;3030,91849868692
4680419;1;1;1;1;1;1;1;1;4;3; ; ; ; ;300000;2;1;2;2;1;1;1;2;2;2;1;2;2;2;2;2;2;2;2;2;2;1;2;2;2; ;1;2;1;2;1;2;2;1;1;3;1;1;01;11;07;11;3159,38837909658
4680420;1;1;1;1;2;1;1;6; ;3; ; ; ; ;200000;2;2;1;1;2;2;2;2;2;2;1;2;2;2;2;2;2;2;2;2;2;1;1;1;2; ;1;4;1;2;1;2;2;1;1;3;1;1;01;11;07;11;3049,82692314578
4680421;1;1;1;1;1;1;1;6; ;3; ; ; ; ;220000;2;1;2;2;2;2;2;2;2;2;1;1;1;2;2;2;2;1;2;2;2;1;1;1;2; ;1;4;1;4;1;2;2;1;1;3;1;1;01;11;07;11;2833,75274888743
4680422;1;3;1;1;1;1;1;1;3;1; ; ;250000000;1200000; ;1;1;1;1;1;1;1;2;1;1;1;1;1;1;1;2;2;2;2;2;2;1;1;1;2; ;1;2;1;4;1;3;1;1;1;3;1;1;01;11;07;11;2833,75274888743
4680423;1;4;1;1;1;1;1;1;3;1; ; ;200000000;1000000; ;1;1;1;1;1;1;1;1;2;1;1;2;2;1;2;2;2;2;2;2;2;1;1;1;2; ;1;2;1;4;1;3;1;1;1;3;1;1;01;11;07;11;2843,84412651165
4680424;1;4;2;1;1;1;1;1;4;3; ; ; ; ;740000;2;1;1;2;1;2;1;2;2;1;1;2;1;1;2;2;2;1;2;2;2;1;2;4;2; ;1;2;1;4;1;2;2;1;1;3;1;1;01;11;07;11;2769,06090678067
4680425;1;3;2;1;1;1;1;3;3;2; ;335000;130000000;550000; ;1;1;1;2;1;1;1;2;2;1;1;1;1;1;2;2;2;2;2;2;2;1;3;3;2; ;1;1;1;4;1;1;1;1;1;3;1;1;01;11;07;11;3001,20424213617
4680426;1;2;1;1;1;1;1;1;3;3; ; ; ; ;1200000;1;1;1;1;1;1;1;1;2;1;1;1;1;1;2;2;2;2;2;2;2;1;1;1;2; ;1;2;1;4;1;5;1;1;1;3;1;1;01;11;07;11;3189,10263564732
4680427;1;4;1;1;1;1;1;1;3;3; ; ; ; ;700000;2;1;1;1;1;1;1;2;2;2;1;1;1;2;2;2;2;1;2;2;2;1;1;1;2; ;1;2;1;4;1;3;1;1;1;3;1;1;01;11;07;11;3189,10263564732
4680428;1;3;2;1;1;1;1;1;3;1; ; ;98;300000; ;2;1;2;1;1;1;1;2;2;2;1;2;1;2;2;2;2;1;2;1;2;1;2;3;2; ;1;2;1;4;1;2;1;1;1;3;1;1;01;11;07;11;2352,26726489348
4680430;1;2;1;1;1;1;1;1;3;3; ; ; ; ;300000;2;1;2;1;1;1;1;2;2;1;1;2;2;2;2;2;2;2;2;2;2;1;1;1;2; ;1;2;1;4;1;2;1;1;1;3;1;1;01;11;07;11;2843,84412651165
4680431;1;2;1;1;1;1;1;1;3;1; ; ;98;98; ;2;1;1;1;1;1;1;1;2;1;1;2;2;2;2;2;2;2;2;2;2;1;1;1;2; ;1;2;1;6;1;5;1;1;1;3;1;1;01;11;07;11;2843,84412651165
4680433;1;3;2;1;1;1;1;1;4;3; ; ; ; ;600000;2;2;2;1;1;1;1;2;2;2;1;1;1;1;2;2;2;1;2;2;2;1;3;3;2; ;1;2;1;4;1;3;2;1;1;3;1;1;01;11;07;11;3266,14778396238
4680435;1;3;2;1;1;1;1;1;3;2; ;1100000;98;500000; ;1;1;1;1;1;1;1;2;2;2;1;1;1;1;2;2;2;2;2;1;2;1;2;4;2; ;1;2;1;4;1;1;1;1;1;3;1;1;01;11;07;11;3372,90718882818
4680437;1;2;1;1;1;1;1;1;3;1; ; ;98;98; ;2;1;2;2;2;2;1;2;2;2;2;2;2;2;2;2;2;1;2;2;2;1;1;1;2; ;1;1;1;2;1;1;1;1;1;3;1;1;01;11;07;11;2843,84412651165
4680438;1;3;2;1;1;1;1;1;3;3; ; ; ; ;600000;2;1;2;2;1;1;1;2;2;2;1;2;1;1;1;2;2;2;2;2;2;1;2;5;2; ;1;2;1;4;1;2;1;1;1;3;1;1;01;11;07;11;4184,23435501356
4680439;1;2;1;1;1;1;1;1;3;3; ; ; ; ;500000;2;2;2;2;1;2;1;2;2;1;1;2;2;2;2;2;2;2;2;2;2;1;1;2;2; ;1;2;1;4;1;3;1;1;1;3;1;1;01;11;07;11;4265,3733436589
4680441;1;4;3;1;1;1;1;1;3;1; ; ;98;350000; ;2;1;1;1;1;1;1;2;2;2;1;2;2;1;2;2;2;1;2;2;2;1;2;4;2; ;1;1;1;2;1;1;1;1;1;3;1;1;01;11;07;11;2422,15438555249
4680442;1;3;2;1;1;1;1;1;3;3; ; ; ; ;300000;1;1;1;1;1;1;1;2;2;2;1;2;1;2;2;2;2;1;2;2;2;1;2;3;2; ;1;2;1;4;1;1;1;1;1;3;1;1;01;11;07;11;3266,14778396238
4680443;1;4;2;1;1;1;1;1;3;3; ; ; ; ;750000;1;1;1;1;1;1;1;1;1;1;1;1;1;1;1;2;2;1;2;2;2;1;2;4;2; ;1;1;1;4;1;3;1;1;1;3;1;1;01;11;07;11;4973,02705489844
4680444;1;3;1;1;1;1;1;1;3;3; ; ; ; ;380000;2;1;2;1;2;2;1;2;2;2;1;1;2;1;2;2;2;2;1;2;2;1;1;1;2; ;1;2;1;4;1;1;1;1;1;3;1;1;01;11;07;11;3049,82692314578
4680445;1;2;1;1;1;1;1;1;4;3; ; ; ; ;400000;2;2;1;1;1;1;1;2;2;1;1;2;2;1;2;2;2;2;2;2;2;1;1;1;2; ;1;2;1;4;1;2;2;1;1;3;1;1;01;11;07;11;3049,82692314578
4680446;1;1;1;1;2;1;1;6; ;3; ; ; ; ;230000;2;2;2;2;2;2;2;2;2;1;1;2;2;2;2;2;2;1;2;2;2;1;1;1;2; ;1;3;1;2;1;2;2;1;1;3;1;1;01;11;07;11;2833,75274888743
4680447;1;3;1;1;1;1;1;6; ;3; ; ; ; ;300000;2;1;2;2;2;2;2;2;2;2;2;2;2;2;2;2;2;1;2;2;2;1;1;1;2; ;1;2;1;4;1;1;1;1;1;3;1;1;01;11;07;11;3049,82692314578
4680449;1;6;3;1;1;1;1;1;3;1; ; ;98;98; ;1;1;1;1;1;1;1;1;1;1;1;1;1;1;1;1;2;1;2;1;1;1;4;4;2; ;1;2;1;6;1;6;1;1;1;3;1;1;01;11;07;11;2843,02010517577
4680450;1;6;1;1;1;1;1;1;3;3; ; ; ; ;8000000;1;1;1;1;1;1;1;1;1;1;1;1;1;1;1;2;2;2;2;1;1;1;1;2;2; ;1;2;1;6;1;6;1;1;1;3;1;1;01;11;07;11;2598,05569570257
4680451;1;3;1;1;1;1;1;1;3;3; ; ; ; ;400000;2;1;1;1;1;1;1;2;2;1;1;1;1;2;2;2;2;1;1;2;2;1;1;1;2; ;1;2;1;4;1;2;1;1;1;3;1;1;01;11;07;11;3189,10263564732
4680452;1;1;1;1;2;1;1;1;4;3; ; ; ; ;270000;2;2;1;2;2;1;1;2;2;2;1;2;1;2;2;2;2;1;2;2;2;1;1;1;2; ;1;4;1;4;1;2;2;1;1;3;1;1;01;11;07;11;3049,82692314578
4680472;1;1;1;1;1;1;1;1;4;3; ; ; ; ;550000;2;2;2;1;1;1;1;2;2;2;1;2;1;2;2;2;2;2;2;2;2;1;1;1;2; ;1;2;1;2;1;2;2;1;1;3;1;1;01;11;07;11;3049,82692314578
4680476;1;3;2;1;1;1;1;3;3;3; ; ; ; ;500000;2;1;1;1;1;1;1;1;2;2;1;2;1;1;2;2;1;2;1;2;2;1;2;5;2; ;1;2;1;4;1;1;1;1;1;3;1;1;01;13;07;13;360,983838548187
4680477;1;6;5;1;1;1;1;3;3;5; ; ; ;200000; ;2;2;2;2;1;1;1;2;2;2;1;2;2;2;2;2;1;2;2;2;2;1;3;10;2; ;1;1;1;2;1;1;1;1;1;3;1;1;01;13;07;13;345,843812802586
4680479;1;4;3;1;1;1;1;3;3;1; ; ;120000000;500000; ;2;1;1;1;1;1;1;2;2;2;1;2;1;1;2;1;1;2;2;1;2;1;4;7;2; ;1;2;1;4;1;2;1;1;1;3;1;1;01;13;07;13;283,1899207123
4680480;1;3;2;1;1;1;1;3;3;1; ; ;180000000;500000; ;2;1;1;1;1;1;1;1;2;2;1;2;2;1;2;2;1;2;2;1;2;1;5;5;2; ;1;2;1;4;1;2;1;1;1;3;1;1;01;13;07;13;387,17073892987
4680481;1;4;3;1;1;1;1;3;3;3; ; ; ; ;600000;1;1;1;1;1;1;1;1;2;2;1;2;1;2;2;2;1;2;2;2;2;1;1;1;2; ;1;2;1;4;1;4;1;1;1;3;1;1;01;13;07;13;343,795659253935
4680482;1;3;2;1;1;1;1;1;3;3; ; ; ; ;800000;1;1;1;1;1;1;1;1;2;2;1;2;1;1;2;1;1;2;2;1;2;1;2;4;2; ;1;2;1;4;1;4;1;1;1;3;1;1;01;13;07;13;375,735040148785
4680484;1;4;3;1;1;1;1;3;3;1; ; ;80000000;300000; ;2;1;1;1;1;1;1;1;2;2;1;1;1;2;2;2;1;2;2;2;2;1;2;3;2; ;1;2;1;4;1;1;1;1;1;3;1;1;01;13;07;13;406,643422557406
4680486;1;2;1;1;1;1;1;3;3;1; ; ;98;250000; ;1;1;1;1;1;1;1;1;2;2;1;2;1;1;2;2;1;2;2;2;2;1;1;1;2; ;1;1;1;4;1;1;1;1;1;3;1;1;01;13;07;13;378,109022170602
4680487;1;3;2;1;1;1;1;3;3;1; ; ;98;100000; ;2;2;2;2;2;2;1;2;2;2;2;2;2;2;2;2;1;2;2;2;2;1;1;5;2; ;1;1;1;2;1;1;1;1;1;3;1;1;01;13;07;13;381,27641467858
4680488;1;3;2;1;1;1;1;3;3;3; ; ; ; ;200000;2;1;1;1;1;1;1;1;2;2;1;2;1;1;2;2;1;2;1;2;2;1;2;4;2; ;1;2;1;4;1;1;1;1;1;3;1;1;01;13;07;13;375,735040148785
4680489;1;4;3;1;1;1;1;3;3;5; ; ; ;150000; ;2;2;2;2;1;1;1;2;2;2;1;2;2;2;2;2;1;2;2;2;2;1;1;4;2; ;1;2;1;2;1;1;1;1;1;3;1;1;01;13;07;13;419,019582652937
4680490;1;4;3;1;1;1;1;3;3;1; ; ;98;120000; ;2;2;2;1;1;1;1;2;2;2;1;2;1;2;2;2;1;2;1;2;2;2; ;1;2; ;1;1;1;4;1;1;1;1;1;3;1;1;01;13;07;13;378,109022170602
4680491;1;4;3;1;1;1;1;3;3;1; ; ;98;98; ;2;1;1;1;1;1;1;1;2;2;1;2;1;1;2;1;1;2;1;2;2;1;2;4;2; ;1;1;1;4;1;2;1;1;1;3;1;1;01;13;07;13;364,44598487343
4680493;1;1;1;1;1;1;1;2;3;3; ; ; ; ;350000;2;1;1;2;2;1;1;2;2;2;1;2;2;2;2;2;1;2;2;2;2;1;2;2;2; ;1;2;1;4;1;2;1;1;1;3;1;1;01;13;07;13;339,585879811336
4680494;1;3;2;1;1;1;1;3;3;3; ; ; ; ;450000;2;1;1;1;1;1;1;1;2;2;1;2;1;2;2;2;1;2;1;2;2;1;2;3;2; ;1;2;1;4;1;1;1;1;1;3;1;1;01;13;07;13;378,928914673459
4680495;1;4;3;1;1;1;1;3;3;1; ; ;30000000;120000; ;2;1;1;1;1;1;1;2;2;2;1;2;1;2;2;2;1;2;2;2;2;1;6;17;2; ;1;1;1;2;1;3;1;1;1;3;1;1;01;13;07;13;431,696494846239
4680496;1;4;3;1;1;1;1;3;3;1; ; ;98;300000; ;2;2;2;1;1;1;1;2;2;2;1;2;2;2;2;2;1;2;2;2;2;1;2;11;2; ;1;2;1;1;1;1;1;1;1;3;1;1;01;13;07;13;276,501219371029
4680498;1;2;1;1;1;1;1;3;3;1; ; ;98;400000; ;2;1;1;1;1;1;1;1;2;2;1;2;1;2;2;2;1;2;1;2;2;1;2;3;2; ;1;2;1;4;1;1;1;1;1;3;1;1;01;13;07;13;378,928914673459
4680499;1;2;1;1;1;1;1;3;3;4; ; ; ;98; ;2;2;2;1;1;1;1;1;2;2;1;2;2;2;2;2;1;2;2;2;2;1;3;4;2; ;1;2;1;4;1;1;1;1;1;3;1;1;01;13;07;13;325,517865317607
4680500;1;4;3;1;1;1;1;1;3;1; ; ;98;500000; ;1;1;1;1;1;1;1;2;2;2;1;2;2;1;2;2;1;2;2;2;2;1;3;6;2; ;1;1;1;4;1;1;1;1;1;3;1;1;01;13;07;13;383,976864405195
4680501;1;5;4;1;1;1;1;1;3;1; ; ;98;400000; ;2;1;1;1;1;1;1;2;2;2;1;2;2;1;2;2;1;2;1;2;2;1;4;14;2; ;1;1;1;2;1;1;1;1;1;3;1;1;01;13;07;13;329,02006520692
4680502;1;2;1;1;1;1;1;1;3;1; ; ;40000000;300000; ;2;2;2;2;1;1;1;2;2;2;1;2;2;2;2;2;1;2;2;2;2;1;1;3;2; ;1;1;1;2;1;1;1;1;1;3;1;1;01;13;07;13;406,643422557406
4680503;1;3;2;1;1;1;1;3;3;4; ; ; ;98; ;2;2;2;1;1;1;1;1;2;2;1;2;1;2;2;2;1;2;1;2;2;1;3;5;2; ;1;2;1;4;1;1;1;1;1;3;1;1;01;13;07;13;425,830586685124
4680504;1;4;1;1;1;1;1;3;3;4; ; ; ;98; ;2;2;2;1;1;1;1;1;2;2;1;2;2;2;2;2;1;2;2;2;2;1;1;2;2; ;1;2;1;4;1;1;1;1;1;3;1;1;01;13;07;13;406,228507251106
4680505;1;3;2;1;1;1;1;1;3;3; ; ; ; ;500000;2;1;2;1;1;1;1;1;2;2;1;2;2;2;2;2;1;2;2;2;2;1;3;4;2; ;1;2;1;4;1;1;1;1;1;3;1;1;01;13;07;13;287,595712569965
4680506;1;3;2;1;1;1;1;1;3;3; ; ; ; ;350000;2;1;2;1;1;1;1;2;2;2;1;2;2;2;2;2;1;2;2;2;2;1;2;2;2; ;1;2;1;4;1;1;1;1;1;3;1;1;01;13;07;13;305,272516894669
4680508;1;6;5;1;1;1;1;3;3;1; ; ;98;500000; ;2;1;2;1;1;1;1;1;2;2;1;2;2;2;2;2;1;2;2;2;2;1;2;12;2; ;1;1;1;4;1;1;1;1;1;3;1;1;01;13;07;13;352,806069446862
4680509;1;3;1;1;1;1;1;3;3;1; ; ;98;750000; ;2;1;2;2;1;1;1;2;2;2;1;2;2;2;2;2;1;2;2;2;2;1;1;3;2; ;1;2;1;4;1;1;1;1;1;3;1;1;01;13;07;13;436,94087724466
4680511;1;4;3;1;1;1;1;1;3;3; ; ; ; ;500000;2;1;1;1;1;1;1;2;2;2;1;2;1;1;2;2;1;2;2;2;2;1;3;4;2; ;1;2;1;4;1;1;1;1;1;3;1;1;01;13;07;13;440,313516485152
4680512;1;4;3;1;1;1;1;1;3;3; ; ; ; ;500000;2;1;2;1;1;1;1;2;2;2;1;2;2;2;2;2;1;2;1;2;2;1;3;4;2; ;1;2;1;4;1;1;1;1;1;3;1;1;01;13;07;13;364,44598487343
4680513;1;4;3;1;1;1;1;1;3;1; ; ;98;350000; ;2;1;2;1;1;1;1;1;2;2;1;2;1;2;2;2;1;2;1;2;2;1;6;8;2; ;1;1;1;4;1;1;1;1;1;3;1;1;01;13;07;13;271,772499717495
4680514;1;3;2;1;1;1;1;1;3;4; ; ; ;500000; ;1;1;1;1;1;1;1;1;1;2;1;2;1;1;2;2;1;2;2;2;2;1;2;3;2; ;1;2;1;4;1;1;1;1;1;3;1;1;01;13;07;13;336,392005286662
4680515;1;2;1;1;1;1;1;1;3;4; ; ; ;280000; ;2;1;2;1;1;1;1;1;2;2;1;2;1;2;2;2;1;2;2;2;2;1;2;3;2; ;1;2;1;4;1;1;1;1;1;3;1;1;01;13;07;13;336,392005286662
4680516;1;4;3;1;1;1;1;1;3;1; ; ;100000000;500000; ;2;1;1;1;1;1;1;1;2;2;1;2;1;1;2;2;1;2;1;2;2;1;4;6;2; ;1;2;1;4;1;1;1;1;1;3;1;1;01;13;07;13;465,173621547247
4680517;1;2;1;1;1;1;1;1;3;3; ; ; ; ;260000;2;1;2;1;1;1;1;2;2;2;1;2;1;2;2;2;1;2;2;2;2;1;2;2;2; ;1;1;1;2;1;1;1;1;1;3;1;1;01;13;07;13;363,626092370574
4680519;1;3;2;1;1;1;1;1;3;1; ; ;98;350000; ;2;2;2;1;1;1;1;2;2;2;1;2;2;2;2;2;1;2;2;2;2;1;2;6;2; ;1;2;1;2;1;1;1;1;1;3;1;1;01;13;07;13;427,261406909347
4680520;1;3;2;1;1;1;1;1;3;3; ; ; ; ;450000;2;2;2;1;1;1;1;2;2;2;1;2;2;2;2;2;1;1;2;2;2;1;2;3;2; ;1;2;1;4;1;1;1;1;1;3;1;1;01;13;07;13;325,102950011307
4680521;1;4;3;1;1;1;1;1;3;1; ; ;98;400000; ;2;2;2;1;1;1;1;2;2;2;1;2;2;2;2;2;1;2;2;2;2;1;3;6;2; ;1;1;1;4;1;1;1;1;1;3;1;1;01;13;07;13;368,063114380942
4680522;1;3;2;1;1;1;1;1;3;3; ; ; ; ;500000;2;1;2;1;1;1;1;1;2;2;1;2;2;2;2;2;1;2;2;2;2;1;2;4;1;1;1;2;1;4;1;3;1;1;1;3;1;1;01;13;07;13;387,771728541494
4680524;1;3;2;1;1;1;1;3;3;1; ; ;98;650000; ;1;1;1;1;1;1;1;1;1;2;1;1;1;1;2;1;1;2;2;2;2;1;2;2;2; ;1;1;1;4;1;3;1;1;1;3;1;1;01;13;07;13;368,250787119472
4680526;1;4;3;1;1;1;1;3;3;3; ; ; ; ;600000;2;1;1;1;1;1;1;1;2;2;1;2;2;2;2;2;1;2;2;2;2;1;3;4;2; ;1;2;1;4;1;3;1;1;1;3;1;1;01;13;07;13;321,909075486633
4680527;1;4;3;1;1;1;1;1;3;3; ; ; ; ;600000;2;1;1;1;1;1;1;1;1;2;1;1;1;1;2;2;1;2;2;2;2;1;5;5;2; ;1;2;1;4;1;3;1;1;1;3;1;1;01;13;07;13;402,570348510795
4680528;1;5;2;1;1;1;1;3;3;4; ; ; ;1000000; ;1;1;1;1;1;1;1;1;1;2;1;1;1;1;2;1;1;2;2;2;2;1;3;3;2; ;1;2;1;4;1;3;1;1;1;3;1;1;01;13;07;13;371,314154722814
4680529;1;3;2;1;1;1;1;3;3;1; ; ;98;500000; ;2;1;1;1;1;1;1;1;2;2;1;2;1;1;2;2;1;2;2;1;2;1;2;4;2; ;1;2;1;4;1;3;1;1;1;3;1;1;01;13;07;13;406,780127953394
4680530;1;3;2;1;1;1;1;3;3;1; ; ;98;600000; ;1;2;1;1;1;1;1;1;1;2;1;2;1;1;2;1;1;2;2;2;2;1;4;4;2; ;1;2;1;4;1;3;1;1;1;3;1;1;01;13;07;13;341,933379816457
4680531;1;4;2;1;1;1;1;3;3;1; ; ;98;600000; ;1;1;1;1;1;1;1;1;2;2;1;2;2;2;2;2;1;2;2;2;2;1;1;2;2; ;1;2;1;4;1;3;1;1;1;3;1;1;01;13;07;13;368,250787119472
4680532;1;5;4;1;1;1;1;1;3;1; ; ;98;1000000; ;1;1;1;1;1;1;1;1;2;2;1;1;1;1;2;1;1;2;2;2;2;1;5;8;2; ;1;1;1;4;1;3;1;1;1;3;1;1;01;13;07;13;368,883006883799
4680535;1;3;2;1;1;1;1;1;3;3; ; ; ; ;500000;2;1;1;1;1;1;1;1;2;2;1;2;2;1;2;2;1;2;2;2;2;1;2;3;2; ;1;2;1;4;1;3;1;1;1;3;1;1;01;13;07;13;378,928914673459
4680539;1;3;2;1;1;1;1;1;3;1; ; ;98;600000; ;1;1;1;1;1;1;1;2;2;2;1;2;1;1;2;1;1;2;1;2;2;1;2;2;2; ;1;2;1;4;1;3;1;1;1;3;1;1;01;13;07;13;405,212602333182
4680540;1;3;2;1;1;1;1;1;3;4; ; ; ;500000; ;2;1;1;1;1;1;1;2;2;2;1;2;2;1;2;2;1;2;1;2;2;1;2;3;2; ;1;2;1;4;1;3;1;1;1;3;1;1;01;13;07;13;325,102950011307
4680541;1;4;3;1;1;1;1;1;3;1; ; ;98;650000; ;2;1;1;1;1;1;1;2;1;2;1;2;1;1;2;1;1;2;1;1;2;1;2;3;2; ;1;2;1;4;1;3;1;1;1;3;1;1;01;13;07;13;413,989910707482
4680542;1;2;1;1;1;1;1;1;3;3; ; ; ; ;650000;2;1;1;1;1;1;1;2;1;2;1;2;2;1;2;1;1;2;2;2;2;1;1;1;2; ;1;2;1;4;1;4;1;1;1;3;1;1;01;13;07;13;343,795659253935
4680543;1;5;4;1;1;1;1;1;3;1; ; ;99;900000; ;1;1;1;1;1;1;1;1;1;2;1;1;1;1;2;1;1;1;2;1;2;1;4;7;2; ;1;1;1;4;1;4;1;1;1;3;1;1;01;13;07;13;507,175046816155
4680544;1;3;1;1;1;1;1;3;3;4; ; ; ;650000; ;2;1;1;1;1;1;1;1;1;2;1;1;1;1;2;1;1;2;2;1;2;1;2;2;2; ;1;2;1;4;1;3;1;1;1;3;1;1;01;13;07;13;339,585879811336
4680545;1;3;1;1;1;1;1;3;3;1; ; ;98;1000000; ;2;1;1;1;1;1;1;1;1;2;1;2;2;2;2;2;1;2;2;2;2;1;2;2;2; ;1;2;1;4;1;3;1;1;1;3;1;1;01;13;07;13;409,83729708208
4680546;1;4;3;1;1;1;1;3;3;1; ; ;98;1100000; ;2;1;1;1;1;1;1;1;2;2;1;2;1;1;2;2;1;2;2;2;2;1;5;6;2; ;1;1;1;4;1;3;1;1;1;3;1;1;01;13;07;13;496,486981152425
4680547;1;4;2;1;1;1;1;1;3;4; ; ; ;1000000; ;1;1;1;1;1;1;1;1;1;2;1;1;1;1;2;1;1;2;2;2;2;1;3;3;2; ;1;1;1;4;1;3;1;1;1;3;1;1;01;13;07;13;325,102950011307
4680548;1;1;1;1;1;1;1;1;3;1; ; ;98;180000; ;2;2;2;2;1;2;1;2;2;2;1;2;2;2;2;2;1;2;2;2;2;1;1;3;2; ;1;1;1;2;1;1;1;1;1;3;1;1;01;13;07;13;365,056912594797
4680549;1;3;2;1;1;1;1;1;3;1; ; ;98;300000; ;2;1;2;1;1;1;1;2;2;2;1;2;2;2;2;2;1;2;2;2;2;1;1;3;2; ;1;1;1;2;1;1;1;1;1;3;1;1;01;13;07;13;379,676547790814
4680550;1;3;2;1;1;1;1;1;3;4; ; ; ;400000; ;1;1;1;1;1;1;1;2;2;2;1;2;2;1;2;2;1;2;1;2;2;1;2;4;2; ;1;2;1;4;1;1;1;1;1;3;1;1;01;13;07;13;286,579807652041
4680551;1;2;1;1;1;1;1;3;3;1; ; ;98;300000; ;2;2;2;2;1;1;1;1;2;2;1;2;2;2;2;2;1;2;2;2;2;2; ;2;2; ;1;1;1;2;1;1;1;1;1;3;1;1;01;13;07;13;368,250787119472
4680553;1;3;2;1;1;1;1;3;3;3; ; ; ; ;250000;2;1;1;1;1;1;1;2;2;2;1;2;2;2;2;2;1;2;2;2;2;1;1;3;2; ;1;2;1;4;1;1;1;1;1;3;1;1;01;13;07;13;335,376100368738
4680554;1;3;2;1;1;1;1;3;3;1; ; ;98;98; ;2;2;2;1;1;1;1;1;2;2;1;2;2;2;2;2;1;2;2;2;2;2; ;2;2; ;1;2;1;4;1;1;1;1;1;3;1;1;01;13;07;13;344,210574560235
4680555;1;2;1;1;1;1;1;3;3;3; ; ; ; ;200000;2;2;2;2;1;1;1;2;2;2;1;2;2;2;2;2;1;2;2;2;2;2; ;1;2; ;1;2;1;2;1;1;1;1;1;3;1;1;01;13;07;13;343,795659253935
4680556;1;3;2;1;1;1;1;3;3;4; ; ; ;98; ;2;2;2;1;1;1;1;1;2;2;1;1;2;2;2;2;1;2;1;2;2;1;3;5;2; ;1;2;1;4;1;1;1;1;1;3;1;1;01;13;07;13;414,809803210338
4680557;1;3;2;1;1;1;1;3;3;1; ; ;98;98; ;2;2;2;1;1;2;1;1;2;2;1;2;1;2;2;2;1;2;2;2;2;1;2;2;2; ;1;2;1;4;1;1;1;1;1;3;1;1;01;13;07;13;405,212602333182
4680558;1;3;2;1;1;1;1;1;3;1; ; ;100000000;300000; ;2;1;2;1;1;1;1;2;2;2;1;2;2;2;2;2;1;1;2;2;2;1;2;3;2; ;1;1;1;2;1;1;1;1;1;3;1;1;01;13;07;13;389,949698148244
4680559;1;3;2;1;1;1;1;1;3;4; ; ; ;300000; ;2;2;2;1;1;1;1;1;2;2;1;2;2;2;2;2;1;1;2;2;2;1;2;6;2; ;1;1;1;2;1;1;1;1;1;3;1;1;01;13;07;13;365,27581548603
4680560;1;2;1;1;1;1;1;1;4;1; ; ;98;250000; ;2;1;2;2;1;1;1;2;2;2;1;2;2;2;2;2;1;2;2;2;2;1;2;2;2; ;1;1;1;2;1;1;2;1;1;3;1;1;01;13;07;13;436,52596193836
4680561;1;2;1;1;1;1;1;1;3;4; ; ; ;250000; ;2;2;2;2;1;1;1;2;2;2;1;2;2;2;2;2;1;2;2;2;2;2; ;3;2; ;1;2;1;2;1;1;1;1;1;3;1;1;01;13;07;13;415,005815625406
4680562;1;4;3;1;1;1;1;1;3;3; ; ; ; ;200000;2;1;2;1;1;1;1;1;2;2;1;1;1;2;2;2;1;2;2;2;2;1;3;5;2; ;1;1;1;4;1;1;1;1;1;3;1;1;01;13;07;13;402,838620311364
4680564;1;3;2;1;1;1;1;1;3;1; ; ;98;200000; ;2;2;2;1;1;1;1;2;2;2;1;2;2;2;2;2;1;2;2;2;2;1;1;4;2; ;1;2;1;2;1;1;1;1;1;3;1;1;01;13;07;13;369,070679622329
4680565;1;2;1;1;1;1;1;1;3;3; ; ; ; ;150000;2;2;2;2;1;1;1;2;2;2;1;2;2;2;2;2;1;2;2;2;2;1;2;4;2; ;1;2;1;4;1;1;1;1;1;3;1;1;01;13;07;13;399,775252708022
4680566;1;3;2;1;1;1;1;1;4;3; ; ; ; ;300000;2;1;2;1;1;1;1;1;2;2;1;1;1;2;2;2;1;2;2;2;2;1;2;5;2; ;1;1;1;4;1;1;2;1;1;3;1;1;01;13;07;13;371,256988905617
4680567;1;4;1;1;1;1;1;1;3;1; ; ;200000000;600000; ;1;1;1;1;1;1;1;1;2;2;1;2;1;1;2;1;1;2;2;2;2;1;2;2;2; ;1;2;1;4;1;3;1;1;1;3;1;1;01;13;07;13;409,83729708208
4680568;1;4;3;1;1;1;1;1;3;4; ; ; ;600000; ;1;1;1;1;1;1;1;1;2;2;1;2;1;1;2;1;1;2;1;2;2;1;4;4;2; ;1;2;1;4;1;3;1;1;1;3;1;1;01;13;07;13;441,329421403076
4680569;1;4;2;1;1;1;1;1;3;4; ; ; ;600000; ;2;1;1;1;1;1;1;1;1;2;1;1;1;1;2;1;1;2;1;2;2;1;2;4;2; ;1;2;1;4;1;3;1;1;1;3;1;1;01;13;07;13;333,198130761987
4680570;1;2;1;1;1;1;1;1;3;1; ; ;98;400000; ;2;2;2;1;1;1;1;2;2;2;1;2;2;2;2;2;1;2;1;2;2;1;1;2;2; ;1;2;1;4;1;3;1;1;1;3;1;1;01;13;07;13;378,523937476902
4680571;1;6;4;1;1;1;1;1;3;4; ; ; ;900000; ;2;1;2;1;1;1;1;1;2;2;1;2;1;2;2;1;1;2;2;2;2;1;6;6;2; ;1;1;1;4;1;3;1;1;1;3;1;1;01;13;07;13;407,609958565993
4680572;1;4;2;1;1;1;1;1;3;4; ; ; ;500000; ;2;2;2;1;1;1;1;2;2;2;1;2;2;2;2;2;1;2;1;2;2;1;3;5;2; ;1;1;1;4;1;3;1;1;1;3;1;1;01;13;07;13;442,524311094285
4680573;1;4;2;1;1;1;1;1;3;4; ; ; ;800000; ;2;1;2;1;1;1;1;1;2;2;1;1;1;2;2;1;2;2;2;2;2;1;3;3;2; ;1;2;1;4;1;3;1;1;1;3;1;1;01;13;07;13;332,376097057248
4680574;1;3;2;1;1;1;1;1;3;1; ; ;98;500000; ;2;2;1;1;1;1;1;2;2;2;1;2;2;1;2;2;1;2;2;2;2;1;3;5;2; ;1;1;1;4;1;3;1;1;1;3;1;1;01;13;07;13;383,154830700456
4680575;1;3;2;1;1;1;1;1;3;3; ; ; ; ;550000;1;1;2;1;1;1;1;1;2;2;1;1;1;2;2;2;1;2;2;2;2;1;3;4;2; ;1;1;1;4;1;3;1;1;1;3;1;1;01;13;07;13;375,466768348216
4680576;1;4;3;1;1;1;1;1;3;4; ; ; ;600000; ;1;1;2;1;1;1;1;1;2;2;1;2;1;2;2;1;1;2;2;2;2;1;3;3;2; ;1;1;1;4;1;3;1;1;1;3;1;1;01;13;07;13;410,25221238838
4680577;1;3;2;1;1;1;1;3;3;3; ; ; ; ;540000;2;1;1;1;1;1;1;2;2;2;1;2;2;2;2;2;1;2;2;2;2;1;1;3;2; ;1;2;1;4;1;1;1;1;1;3;1;1;01;13;07;13;326,118854929231
4680579;1;3;2;1;1;1;1;1;3;3; ; ; ; ;580000;2;1;2;1;1;1;1;1;1;2;1;2;2;2;2;2;1;2;1;2;2;1;3;4;2; ;1;2;1;4;1;2;1;1;1;3;1;1;01;13;07;13;386,75582362357
4680580;1;3;2;1;1;1;1;3;3;3; ; ; ; ;550000;2;1;2;1;1;1;1;1;2;2;1;2;2;2;2;2;1;2;2;2;2;1;2;4;2; ;1;2;1;4;1;1;1;1;1;3;1;1;01;13;07;13;321,909075486633
4680581;1;4;3;1;1;1;1;1;3;1; ; ;98;98; ;1;1;1;1;1;1;1;1;1;2;1;1;1;1;2;1;1;2;2;2;2;1;2;4;1;1;1;1;1;4;1;1;1;1;1;3;1;1;01;13;07;13;376,48267326614
4680582;1;3;2;1;1;1;1;3;3;3; ; ; ; ;520000;2;1;2;1;1;1;1;2;2;2;1;2;2;2;2;2;1;2;2;2;2;1;2;7;2; ;1;2;1;4;1;1;1;1;1;3;1;1;01;13;07;13;278,460286086547
4680583;1;2;1;1;1;1;1;3;3;3; ; ; ; ;300000;2;2;2;1;1;1;1;1;2;2;1;2;2;2;2;2;1;2;2;2;2;1;1;3;2; ;1;2;1;4;1;1;1;1;1;3;1;1;01;13;07;13;422,481728978181
4680585;1;3;2;1;1;1;1;1;3;1; ; ;160000000;500000; ;2;1;1;1;1;1;1;1;2;2;1;2;1;2;2;2;1;2;2;2;2;1;4;6;2; ;1;2;1;4;1;2;1;1;1;3;1;1;01;13;07;13;403,253535617664
4680587;1;4;3;1;1;1;1;1;3;1; ; ;98;700000; ;2;1;2;1;1;1;1;1;2;2;1;1;1;2;2;2;1;2;2;2;2;1;2;4;2; ;1;1;1;4;1;2;1;1;1;3;1;1;01;13;07;13;375,466768348216
4680589;1;3;2;1;1;1;1;1;3;3; ; ; ; ;400000;1;1;1;1;1;1;1;1;2;2;1;2;2;1;2;2;1;2;2;2;2;1;2;3;2; ;1;2;1;4;1;2;1;1;1;3;1;1;01;13;07;13;422,491667087923
4680590;1;4;3;1;1;1;1;1;3;1; ; ;98;750000; ;2;1;2;1;1;1;1;1;2;2;1;1;1;2;2;2;1;2;2;2;2;1;4;6;2; ;1;1;1;4;1;2;1;1;1;3;1;1;01;13;07;13;407,60002045625
4680591;1;3;1;1;1;1;1;1;3;5; ; ; ;600000; ;2;2;2;2;1;1;1;2;2;2;1;2;2;2;2;2;1;2;2;2;2;1;1;1;2; ;1;1;1;4;1;2;1;1;1;3;1;1;01;13;07;13;378,109022170602
4680592;1;3;2;1;1;1;1;1;3;3; ; ; ; ;350000;2;1;2;1;1;1;1;1;2;2;1;2;2;2;2;2;1;2;2;2;2;1;1;4;2; ;1;2;1;4;1;2;1;1;1;3;1;1;01;13;07;13;322,924980404557
4680593;1;3;2;1;1;1;1;1;3;3; ; ; ; ;550000;2;1;2;1;1;1;1;1;2;2;1;2;2;2;2;2;1;2;2;2;2;1;2;3;2; ;1;2;1;4;1;2;1;1;1;3;1;1;01;13;07;13;410,25221238838
4680594;1;3;2;1;1;1;1;1;3;4; ; ; ;480000; ;2;1;1;1;1;1;1;1;2;2;1;1;1;1;2;1;1;2;2;2;2;1;3;3;2; ;1;2;1;4;1;2;1;1;1;3;1;1;01;13;07;13;405,627517639482
4680595;1;4;3;1;1;1;1;1;3;1; ; ;98;600000; ;1;1;1;1;1;1;1;2;2;2;1;2;1;1;2;2;1;2;2;2;2;1;3;4;2; ;1;2;1;4;1;2;1;1;1;3;1;1;01;13;07;13;380,091463097114
4680596;1;3;2;1;1;1;1;1;3;1; ; ;170000000;450000; ;2;1;1;1;1;1;1;1;2;2;1;2;1;1;2;2;1;2;2;2;2;1;3;3;2; ;1;2;1;2;1;2;1;1;1;3;1;1;01;13;07;13;405,627517639482
4680597;1;4;1;1;1;1;1;1;3;3; ; ; ; ;500000;2;1;2;1;1;1;1;1;2;2;1;1;1;2;2;2;1;2;2;2;2;1;2;2;2; ;1;2;1;4;1;2;1;1;1;3;1;1;01;13;07;13;339,585879811336
4680598;1;3;2;1;1;1;1;1;3;1; ; ;98;500000; ;1;1;1;1;1;1;1;2;2;2;1;2;1;1;2;2;1;2;1;2;2;1;3;5;2; ;1;2;1;4;1;2;1;1;1;3;1;1;01;13;07;13;402,838620311364
4680600;1;4;3;1;1;1;1;1;3;1; ; ;98;600000; ;1;1;1;1;1;1;1;2;2;2;1;2;2;1;2;1;1;1;2;2;2;1;3;5;2; ;1;2;1;4;1;2;1;1;1;3;1;1;01;13;07;13;317,699296044034
4680601;1;2;1;1;1;1;1;1;3;4; ; ; ;350000; ;2;1;1;1;1;1;1;1;2;2;1;2;1;1;2;2;1;2;1;2;2;1;2;2;2; ;1;2;1;4;1;2;1;1;1;3;1;1;01;13;07;13;339,585879811336
4680602;1;2;1;1;1;1;1;1;3;1; ; ;70000000;450000; ;2;2;2;1;1;1;1;1;2;2;1;2;2;2;2;2;1;2;2;2;2;2; ;1;2; ;1;2;1;4;1;2;1;1;1;3;1;1;01;13;07;13;382,733716919501
4680603;1;3;2;1;1;1;1;1;4;1; ; ;98;300000; ;2;2;2;2;1;1;2;2;2;2;1;2;2;2;2;2;1;1;2;2;2;1;2;2;2; ;1;2;1;2;1;1;2;1;1;3;1;1;01;13;07;13;428,47284050751
4680604;1;2;1;2;1;1;1;3;3;4; ; ; ;280000; ;2;2;2;1;1;1;1;2;2;2;1;2;2;2;2;2;1;2;2;2;2;1;1;3;2; ;1;2;1;4;1;1;1;2;1;3;1;1;01;13;07;13;428,88775581381
4680605;1;3;2;2;1;1;1;3;4;3; ; ; ; ;300000;2;2;2;2;1;1;1;2;2;2;1;2;2;2;2;2;1;2;2;2;2;1;2;7;2; ;1;2;1;2;1;1;2;2;1;3;1;1;01;13;07;13;343,575306024053
4680606;1;3;2;2;1;1;1;4;4;3; ; ; ; ;200000;2;2;2;1;1;1;1;2;2;2;1;2;2;2;2;2;1;2;2;2;2;1;1;8;2; ;1;2;5;1;1;1;2;2;1;3;1;1;01;13;07;13;394,75067718728
4680607;1;4;3;1;1;1;1;3;4;1; ; ;6000000;250000; ;2;2;2;1;1;1;1;2;2;2;1;2;2;2;2;2;1;2;2;2;2;1;3;4;2; ;1;2;1;2;1;1;2;1;1;3;1;1;01;13;07;13;429,292733010367
4680608;1;4;3;2;1;1;1;3;3;1; ; ;98;98; ;2;2;2;1;1;1;1;1;1;2;1;1;1;2;2;2;1;2;1;2;2;1;5;6;2; ;1;2;1;2;1;1;1;2;1;3;1;1;01;13;07;13;374,320356508959
4680609;1;4;2;2;1;1;1;3;3;1; ; ;98;98; ;2;2;2;1;1;1;1;1;2;2;1;2;1;2;2;2;1;2;2;2;2;2; ;3;2; ;1;2;1;2;1;1;1;2;1;3;1;1;01;13;07;13;460,201115418988
4680610;1;3;2;2;1;1;1;3;3;3; ; ; ; ;300000;2;2;2;1;1;2;1;2;2;2;1;2;2;2;2;2;1;2;1;2;2;1;2;5;2; ;1;2;1;2;1;1;1;2;1;3;1;1;01;13;07;13;414,809803210338
4680612;1;3;2;1;1;1;1;1;3;1; ; ;130000000;350000; ;2;2;2;1;1;1;1;2;2;2;1;2;2;2;2;2;1;2;2;2;2;1;2;6;2; ;1;1;1;2;1;1;1;1;1;3;1;1;01;13;07;13;492,108155046284
4680613;1;3;2;1;1;3;1;1;3;1; ; ;98;350000; ;2;1;2;1;1;1;1;1;2;2;1;1;1;2;2;2;1;2;2;2;2;1;2;2;2; ;1;2;1;4;1;1;1;1;1;3;1;1;01;13;07;13;339,585879811336
4680614;1;4;3;1;1;1;1;1;3;1; ; ;98;350000; ;2;1;2;1;1;1;1;1;2;2;1;1;1;2;2;2;1;2;2;2;2;1;4;6;2; ;1;1;1;4;1;1;1;1;1;3;1;1;01;13;07;13;346,500908748158
4680615;1;3;2;1;1;1;1;1;3;1; ; ;150000000;450000; ;2;2;2;1;1;1;1;2;2;2;1;2;2;2;2;2;1;1;2;2;2;1;2;4;2; ;1;2;1;4;1;1;1;1;1;3;1;1;01;13;07;13;433,747002719985
4680616;1;3;2;1;1;1;1;1;3;3; ; ; ; ;500000;2;1;2;1;1;1;1;1;2;2;1;1;1;2;2;2;1;2;1;2;2;1;3;4;2; ;1;2;1;4;1;1;1;1;1;3;1;1;01;13;07;13;429,292733010367
4680617;1;3;2;1;1;1;1;1;3;4; ; ; ;400000; ;2;2;2;1;1;1;1;1;2;2;1;2;2;2;2;2;1;1;2;2;2;2; ;3;2; ;1;2;1;4;1;1;1;1;1;3;1;1;01;13;07;13;402,969127232697
4680618;1;4;3;1;1;1;1;1;3;3; ; ; ; ;450000;2;1;1;1;1;1;1;1;2;2;1;1;1;1;2;2;1;2;2;2;2;1;3;4;1;1;1;2;1;4;1;1;1;1;1;3;1;1;01;13;07;13;453,332945569605
4680619;1;2;1;1;1;1;1;1;3;3; ; ; ; ;300000;2;1;2;1;1;1;1;1;2;2;1;2;1;2;2;2;1;2;2;2;2;1;2;3;2; ;1;2;1;4;1;1;1;1;1;3;1;1;01;13;07;13;402,969127232697
4680620;1;3;2;1;1;1;1;1;3;3; ; ; ; ;300000;2;2;2;2;1;1;1;2;2;2;1;2;2;2;2;2;1;2;2;2;2;1;1;4;2; ;1;2;1;4;1;1;1;1;1;3;1;1;01;13;07;13;354,172834516
4680621;1;3;2;1;1;1;1;1;3;3; ; ; ; ;500000;2;2;2;1;1;1;1;2;2;2;1;2;2;2;2;2;1;2;2;2;2;1;1;2;2; ;1;2;1;4;1;1;1;1;1;3;1;1;01;13;07;13;329,312729453906
4680622;1;4;3;1;1;1;1;1;3;3; ; ; ; ;500000;1;1;1;1;1;1;1;2;2;2;1;2;1;1;2;2;1;2;2;2;2;1;3;4;2; ;1;2;1;4;1;1;1;1;1;3;1;1;01;13;07;13;321,909075486633
4680623;1;3;2;1;1;1;1;1;3;1; ; ;80000000;500000; ;1;1;1;1;1;1;1;1;2;2;1;2;2;1;2;2;1;2;2;2;2;1;3;5;2; ;1;2;1;4;1;1;1;1;1;3;1;1;01;13;07;13;360,983838548187
4680624;1;3;2;1;1;1;1;1;3;3; ; ; ; ;400000;2;2;2;1;1;1;1;2;2;2;1;2;2;2;2;2;1;2;2;2;2;1;1;5;2; ;1;2;1;4;1;1;1;1;1;3;1;1;01;13;07;13;430,455281434022
4680625;1;3;2;1;1;1;1;1;3;3; ; ; ; ;350000;2;2;2;1;1;1;1;2;2;2;1;2;2;2;2;2;1;2;2;2;2;1;2;5;2; ;1;2;1;4;1;1;1;1;1;3;1;1;01;13;07;13;350,978959991326
4680626;1;3;2;1;1;1;1;1;3;1; ; ;98;400000; ;2;1;1;1;1;1;1;2;2;2;1;2;2;1;2;2;1;2;2;2;2;1;4;6;2; ;1;2;1;4;1;1;1;1;1;3;1;1;01;13;07;13;411,615928685664
4680627;1;3;2;1;1;1;1;1;3;1; ; ;70000000;500000; ;2;1;1;1;1;1;1;1;1;2;1;2;2;1;2;2;1;2;1;2;2;1;3;3;2; ;1;1;1;4;1;1;1;1;1;3;1;1;01;13;07;13;405,627517639482
4680628;1;4;3;1;1;1;1;3;3;4; ; ; ;400000; ;2;2;2;1;1;1;1;2;2;2;1;2;2;2;2;2;1;2;1;2;2;1;1;7;2; ;1;1;1;2;1;1;1;1;1;3;1;1;01;13;07;13;375,142390213698
4680630;1;4;3;1;1;1;1;1;3;1; ; ;98;400000; ;2;1;2;1;1;1;1;1;2;2;1;2;2;2;2;2;1;2;2;2;2;1;2;7;2; ;1;1;1;2;1;1;1;1;1;3;1;1;01;13;07;13;475,861687210977
4680631;1;4;3;1;1;1;1;3;3;1; ; ;98;400000; ;2;2;2;1;1;1;1;2;2;2;1;2;2;2;2;2;1;2;2;2;2;1;2;8;2; ;1;2;1;2;1;1;1;1;1;3;1;1;01;13;07;13;294,893891293954
4680632;1;2;1;1;1;1;1;3;3;4; ; ; ;98; ;2;2;2;1;1;1;1;1;2;2;1;2;2;2;2;2;1;2;1;2;2;1;2;3;2; ;1;2;1;2;1;1;1;1;1;3;1;1;01;13;07;13;336,392005286662
4680633;1;3;1;1;1;1;1;3;3;1; ; ;98;98; ;2;2;2;1;1;1;1;1;2;2;1;2;2;2;2;2;1;2;2;2;2;1;1;1;2; ;1;1;1;4;1;1;1;1;1;3;1;1;01;13;07;13;343,795659253935
4680634;1;3;2;1;1;1;1;3;3;4; ; ; ;350000; ;2;1;2;2;1;1;1;2;2;2;1;2;2;2;2;2;1;2;2;2;2;2; ;3;2; ;1;1;1;4;1;1;1;1;1;3;1;1;01;13;07;13;378,928914673459
4680635;1;3;2;1;1;1;1;1;3;4; ; ; ;350000; ;2;2;2;2;1;1;1;2;2;2;1;2;2;2;2;2;1;2;2;2;2;1;1;4;2; ;1;1;1;2;1;1;1;1;1;3;1;1;01;13;07;13;419,287854453506
4680636;1;4;3;1;1;1;1;1;3;1; ; ;98;98; ;2;2;2;1;1;2;1;1;2;2;1;2;2;2;2;2;1;2;2;2;2;2; ;9;2; ;1;1;1;2;1;1;1;1;1;3;1;1;01;13;07;13;354,678286994083
4680637;1;2;2;1;2;1;1;3;3;4; ; ; ;200000; ;2;2;2;2;1;1;1;2;2;2;1;2;2;2;2;2;1;2;2;2;2;1;1;6;2; ;1;2;1;2;1;1;1;1;1;3;1;1;01;13;07;13;357,042330906157
4680638;1;2;1;1;2;1;1;3;3;4; ; ; ;250000; ;2;2;2;2;1;1;1;2;2;2;1;2;2;2;2;2;1;2;2;2;2;1;1;1;2; ;1;2;1;2;1;1;1;1;1;3;1;1;01;13;07;13;343,795659253935
4680639;1;5;2;1;1;1;1;3;3;1; ; ;98;98; ;1;1;1;1;1;1;1;1;1;2;1;1;1;2;2;2;1;2;1;2;2;1;1;2;1;1;1;1;1;4;1;1;1;1;1;3;1;1;01;13;07;13;370,899239416514
4680640;1;5;4;1;1;1;1;3;3;3; ; ; ; ;300000;2;2;2;1;1;1;1;2;2;2;1;2;2;2;2;2;1;2;2;2;2;1;1;7;2; ;1;1;1;2;1;1;1;1;1;3;1;1;01;13;07;13;388,502334017066
4680641;1;4;3;1;1;1;1;1;3;1; ; ;98;98; ;1;1;1;1;1;1;1;1;2;2;1;2;2;1;2;2;1;2;2;2;2;1;1;4;2; ;1;1;1;4;1;1;1;1;1;3;1;1;01;13;07;13;433,917427759266
4680642;1;2;1;1;1;1;1;3;3;4; ; ; ;98; ;1;1;1;1;1;1;1;1;1;2;1;1;1;1;2;1;1;2;2;2;2;1;2;2;2; ;1;2;1;2;1;1;1;1;1;3;1;1;01;13;07;13;378,523937476902
4680643;1;3;2;1;1;1;1;3;3;3; ; ; ; ;350000;2;1;2;2;1;1;1;2;2;2;1;2;2;2;2;2;1;2;1;2;2;1;2;5;2; ;1;2;1;4;1;1;1;1;1;3;1;1;01;13;07;13;414,809803210338
4680644;1;4;3;1;1;1;1;1;3;1; ; ;98;98; ;1;1;1;1;1;1;1;1;2;2;1;2;2;2;2;2;1;1;2;2;2;1;2;6;2; ;1;1;1;2;1;1;1;1;1;3;1;1;01;13;07;13;364,315477952098
4680645;1;2;1;1;1;1;1;3;3;4; ; ; ;98; ;2;2;2;1;1;1;1;1;2;2;1;2;1;2;2;2;1;2;2;2;2;1;2;4;2; ;1;2;1;4;1;1;1;1;1;3;1;1;01;13;07;13;418,271949535582
4680646;1;3;2;1;1;1;1;1;3;3; ; ; ; ;400000;2;2;2;2;1;1;1;2;2;2;1;2;2;2;2;2;1;2;2;2;2;1;2;4;2; ;1;1;1;2;1;1;1;1;1;3;1;1;01;13;07;13;375,466768348216
4680647;1;1;1;1;1;1;1;6; ;5; ; ; ;150000; ;2;2;2;2;2;2;2;2;2;2;1;2;2;2;2;2;1;2;2;2;2;2; ;1;2; ;1;2;1;2;1;1;1;1;1;3;1;1;01;13;07;13;378,109022170602
4680710;1;4;2;1;1;1;1;1;3;2; ;430000;130000000;800000; ;1;1;1;1;1;1;1;1;2;2;1;2;2;2;2;2;2;2;1;1;2;1;3;3;2; ;1;2;1;4;1;3;1;1;1;2;1;1;01;17;07;17;159,611720037936
4680712;1;3;2;3;1;1;1;1;4;1; ; ;50000000;450000; ;2;1;1;1;1;1;1;2;2;1;1;1;1;1;2;2;2;2;1;2;2;1;4;6;2; ;1;1;1;4;1;1;2;2;1;2;1;1;01;17;07;17;262,909916905929
4680712;2;1;1;3;1;1;1;1;4;1; ; ;20000000;300000; ;2;1;2;1;1;1;1;2;2;2;1;2;1;2;2;2;2;2;2;2;2;1;2;2;2; ;2;1;1;4;1;1;2;2;1;2;1;1;01;17;07;17;262,909916905929
4680714;1;4;3;1;1;1;1;1;3;2; ;500000;120000000;700000; ;1;1;1;1;1;1;1;2;1;1;1;1;1;1;1;2;2;1;2;1;2;1;2;3;2; ;1;2;1;2;1;3;1;1;1;2;1;1;01;17;07;17;291,148897849085
4680719;1;9;3;1;1;1;1;1;4;1; ; ;400000000;600000; ;1;1;1;1;1;1;1;2;2;2;1;2;1;2;2;2;2;2;2;2;2;1;1;3;2; ;1;2;1;3;1;2;2;1;1;2;1;1;01;17;07;17;118,6563502763
4680721;1;4;2;1;1;1;1;1;3;3; ; ; ; ;600000;1;1;1;1;1;1;1;1;2;1;1;2;1;1;2;2;2;2;2;2;2;1;2;4;2; ;1;2;1;4;1;3;1;1;1;2;1;1;01;17;07;17;364,87524958074
4680722;1;1;1;1;2;1;1;6; ;3; ; ; ; ;270000;2;1;2;2;2;2;2;2;2;2;1;2;1;2;2;2;2;2;2;2;2;1;1;1;2; ;1;3;4;3;1;3;2;1;1;7;1;1;01;17;07;17;205,263407237944
4680723;1;1;1;1;2;1;1;6; ;3; ; ; ; ;300000;2;1;2;2;2;2;2;2;2;2;1;2;1;2;2;2;2;2;2;2;2;1;1;2;2; ;1;3;4;3;1;3;2;1;1;7;1;1;01;17;07;17;217,42254611743
4680724;1;1;1;1;2;1;1;1;4;3; ; ; ; ;300000;2;2;2;2;1;2;1;2;2;2;1;2;2;2;2;2;2;2;2;2;2;1;1;1;2; ;1;3;1;3;1;3;2;1;1;7;1;1;01;17;07;17;205,263407237944
4680725;1;7;4;1;1;1;1;1;3;2; ;99;99;700000; ;1;1;1;1;1;1;1;1;2;1;1;2;1;1;2;2;2;1;2;2;2;1;2;4;2; ;1;2;1;4;1;3;1;1;1;2;1;1;01;17;07;17;143,198400896983
4680727;1;4;3;1;1;1;1;1;3;3; ; ; ; ;600000;1;1;1;1;1;1;1;2;1;1;1;1;1;2;2;2;2;2;2;2;2;1;4;4;2; ;1;2;1;4;1;3;1;1;1;2;1;1;01;17;07;17;150,807274306472
4680728;1;1;1;1;2;1;1;1;4;3; ; ; ; ;360000;2;2;2;2;1;1;1;2;2;2;1;2;2;2;2;2;2;2;2;2;2;1;1;1;2; ;1;3;1;3;1;3;2;1;1;7;1;1;01;17;07;17;220,805878835912
4680731;1;3;1;1;1;1;1;1;4;3; ; ; ; ;380000;2;1;2;1;1;1;1;2;2;1;1;2;1;2;2;2;2;2;2;2;2;1;1;2;2; ;1;2;4;3;1;2;2;1;1;2;1;1;01;17;07;17;154,848741806872
4680732;1;2;2;1;1;1;1;1;4;3; ; ; ; ;350000;2;2;2;2;1;1;1;2;2;2;1;2;1;2;2;2;2;2;2;2;2;1;1;4;2; ;1;2;4;4;1;2;2;1;1;2;1;1;01;17;07;17;153,888308513355
4680733;1;4;2;1;1;1;1;1;3;1; ; ;60000000;300000; ;1;1;1;1;1;1;1;1;1;1;1;2;1;1;2;2;1;2;1;2;2;1;2;2;2; ;1;1;1;4;1;3;1;1;1;2;1;1;01;17;07;17;162,995052756418
4680734;1;3;1;1;1;1;1;1;4;3; ; ; ; ;200000;2;1;2;1;1;1;1;2;2;2;1;1;2;1;2;2;2;1;2;1;2;1;1;1;2; ;1;2;1;2;1;2;2;1;1;2;1;1;01;17;07;17;136,842271491962
4680735;1;5;1;1;1;1;1;1;4;3; ; ; ; ;300000;2;1;1;1;1;1;1;2;2;2;1;2;1;2;2;2;2;2;2;2;2;1;1;1;2; ;1;2;1;3;1;2;2;1;1;2;1;1;01;17;07;17;147,203919223941
4680736;1;4;3;1;1;1;1;1;3;2; ;650000;100000000;450000; ;2;1;1;1;1;1;1;2;2;2;1;1;1;1;2;2;2;1;1;1;1;1;2;4;2; ;1;1;1;4;1;3;1;1;1;2;1;1;01;17;07;17;241,048918871312
4680737;1;4;2;1;1;1;1;1;3;4; ; ; ;500000; ;1;1;1;1;1;1;1;1;2;2;1;1;2;2;2;2;2;1;2;2;2;1;1;3;2; ;1;2;1;4;1;3;1;1;1;2;1;1;01;17;07;17;352,716110701255
4680738;1;3;1;1;1;1;1;1;3;4; ; ; ;700000; ;2;1;1;1;1;1;1;1;2;1;1;2;2;1;2;2;2;2;2;2;2;1;1;1;2; ;1;2;1;4;1;4;1;1;1;2;1;1;01;17;07;17;187,236063245696
4680741;1;2;1;1;1;1;1;1;3;3; ; ; ; ;98;1;1;1;1;1;1;1;1;1;1;1;1;1;1;2;2;1;2;2;2;2;1;2;2;2; ;1;2;1;6;1;5;1;1;1;2;1;1;01;17;07;17;160,164718977871
4680744;1;3;2;1;1;1;1;1;3;3; ; ; ; ;370000;2;1;1;1;1;1;1;1;2;2;1;2;1;1;2;2;2;2;1;2;2;1;2;3;2; ;1;2;1;4;1;2;1;1;1;2;1;1;01;17;07;17;247,139875070833
4680745;1;5;3;1;1;1;1;1;3;2; ;220000;90000000;500000; ;2;1;1;1;1;1;1;1;1;1;1;1;1;1;2;2;2;1;2;2;2;1;5;6;2; ;1;1;1;4;1;2;1;1;1;2;1;1;01;17;07;17;231,483593667527
4680746;1;3;2;1;1;1;1;1;3;3; ; ; ; ;635000;1;1;1;1;1;1;1;1;2;1;1;2;2;1;2;2;2;1;2;2;2;1;3;3;1;1;1;2;1;4;1;5;1;1;1;2;1;1;01;17;07;17;157,106111038378
4680747;1;4;2;1;1;1;1;1;3;1; ; ;98;500000; ;1;1;1;1;1;1;1;2;2;1;1;2;1;1;1;2;2;2;2;2;2;1;3;4;2; ;1;2;1;4;1;2;1;1;1;2;1;1;01;17;07;17;230,630448288553
4680749;1;3;2;1;1;1;1;1;3;3; ; ; ; ;450000;2;1;2;1;1;1;1;1;2;1;1;1;2;2;2;2;2;1;2;2;2;1;1;2;2; ;1;2;1;4;1;2;1;1;1;2;1;1;01;17;07;17;181,022396748666
4680750;1;3;2;1;1;1;1;1;3;3; ; ; ; ;400000;2;1;1;1;1;1;2;2;2;2;1;2;2;2;2;2;2;1;2;2;2;1;1;3;2; ;1;2;1;4;1;2;1;1;1;2;1;1;01;17;07;17;272,898802770079
4680751;1;4;2;1;1;1;1;1;3;1; ; ;160000000;500000; ;2;1;1;1;1;1;1;2;2;2;1;2;1;2;2;2;2;2;2;2;2;1;4;4;2; ;1;2;1;4;1;2;1;1;1;2;1;1;01;17;07;17;258,991092628683
4680752;1;4;2;1;1;1;1;1;3;2; ;1000000;110000000;500000; ;1;1;1;1;1;1;2;2;2;2;1;2;2;2;2;2;2;2;1;2;2;1;2;3;2; ;1;2;1;4;1;2;1;1;1;2;1;1;01;17;07;17;272,898802770079
4680753;1;3;1;1;1;1;1;1;3;1; ; ;98;600000; ;1;1;1;2;1;1;1;2;2;2;1;2;2;1;2;2;2;2;2;2;2;1;2;2;2; ;1;2;1;4;1;2;1;1;1;2;1;1;01;17;07;17;162,995052756418
4680754;1;3;2;1;1;1;10;1;3;3; ; ; ; ;360000;2;2;2;2;1;1;1;2;2;2;1;1;1;1;2;2;2;2;2;2;2;1;2;4;2; ;1;2;1;4;1;2;1;1;1;2;1;1;01;17;07;17;346,625154501734
4680755;1;4;3;1;1;1;1;1;4;4; ; ; ;200000; ;2;1;1;2;1;1;1;2;2;2;1;2;1;2;2;2;2;1;1;2;2;1;4;4;2; ;1;2;7;6;1;1;2;1;1;2;1;1;01;17;07;17;226,198352278432
4680756;1;2;1;1;2;1;1;1;4;1; ; ;25000000;150000; ;2;2;2;2;1;1;1;2;2;2;1;1;2;2;2;2;2;1;2;2;2;1;1;1;2; ;1;2;7;3;1;1;2;1;1;2;1;1;01;17;07;17;184,405729467149
4680757;1;4;1;1;1;1;1;1;4;1; ; ;99;200000; ;2;1;2;1;1;1;1;2;2;1;1;1;1;2;2;2;2;1;2;2;2;1;3;3;2; ;1;1;4;3;1;1;2;1;1;2;1;1;01;17;07;17;291,148897849085
4680758;1;1;1;1;1;1;1;1;4;5; ; ; ;150000; ;2;1;2;2;1;1;1;2;2;2;1;2;1;2;2;2;2;1;2;2;2;1;1;2;2; ;1;2;7;1;1;1;2;1;1;2;1;1;01;17;07;17;181,022396748666
4680759;1;3;2;1;2;1;1;1;4;1; ; ;98;300000; ;2;1;2;2;1;1;1;2;2;1;1;1;2;2;2;2;2;2;2;2;2;1;2;4;2; ;1;2;7;3;1;1;2;1;1;2;1;1;01;17;07;17;153,637608085019
4680760;1;3;2;1;1;1;1;1;4;3; ; ; ; ;150000;2;2;2;2;1;1;1;2;2;2;1;2;2;2;2;2;2;2;2;2;2;1;1;3;2; ;1;2;5;3;1;1;2;1;1;3;1;1;01;17;07;17;185,487491983786
4680761;1;2;1;1;1;1;1;1;4;1; ; ;99;150000; ;2;2;1;2;1;1;1;2;2;1;1;1;2;2;2;2;2;2;2;2;2;1;2;2;2; ;1;1;2;3;1;1;2;1;1;2;1;1;01;17;07;17;173,413523339177
4680763;1;2;2;1;2;1;1;1;4;4; ; ; ;150000; ;2;2;2;1;1;2;1;2;2;2;1;1;2;2;2;2;2;1;2;2;2;1;2;3;2; ;1;2;7;6;1;1;2;1;1;2;1;1;01;17;07;17;159,505813197782
4680769;1;1;1;1;2;1;1;1;4;1; ; ;98;400000; ;1;1;1;1;1;1;1;2;2;2;1;1;1;1;2;2;2;1;1;2;2;1;4;4;2; ;1;2;7;3;1;1;2;1;1;2;1;1;01;17;07;17;258,991092628683
4680770;1;3;2;1;1;1;1;1;3;3; ; ; ; ;400000;2;1;1;1;1;1;1;2;2;1;1;1;1;2;2;2;2;2;2;2;2;1;2;3;2; ;1;2;1;3;1;2;1;1;1;2;1;1;01;17;07;17;138,75404226714
4680771;1;4;2;1;1;1;1;1;3;1; ; ;98;700000; ;1;1;1;1;1;1;1;1;2;2;1;2;2;2;2;2;2;1;2;2;2;1;2;2;2; ;1;2;1;4;1;3;1;1;1;2;1;1;01;17;07;17;181,022396748666
4680772;1;4;2;1;1;1;1;1;3;2; ;500000;145000000;700000; ;2;2;2;1;1;1;1;1;1;2;1;2;1;1;2;2;2;1;2;2;2;1;2;3;2; ;1;2;1;4;1;3;1;1;1;2;1;1;01;17;07;17;291,148897849085
4680773;1;3;2;1;1;1;1;1;3;1; ; ;30000000;350000; ;2;1;1;1;1;1;1;2;1;1;1;1;1;2;2;2;2;2;2;2;2;1;2;4;2; ;1;2;1;4;1;2;1;1;1;2;1;1;01;17;07;17;346,625154501734
4680774;1;4;2;1;1;1;1;1;3;2; ;520000;100000000;600000; ;1;1;1;1;1;1;1;2;2;1;1;1;1;1;2;2;2;2;2;2;2;1;2;2;2; ;1;2;1;4;1;3;1;1;1;2;1;1;01;17;07;17;196,564868346634
4680775;1;4;3;1;1;1;1;1;3;2; ;700000;100000000;500000; ;1;1;1;1;1;1;1;1;1;1;1;2;1;1;2;2;2;2;2;2;2;1;2;4;2; ;1;2;1;4;1;3;1;1;1;2;1;1;01;17;07;17;346,625154501734
4680776;1;4;3;1;1;1;1;1;3;2; ;585000;130000000;750000; ;1;1;1;1;1;1;1;1;2;1;1;1;1;1;1;2;2;1;2;1;2;1;4;4;2; ;1;2;1;4;1;3;1;1;1;2;1;1;01;17;07;17;189,607125834638
4680778;1;4;3;1;1;1;1;1;3;4; ; ; ;500000; ;1;1;1;1;1;1;1;1;2;1;1;2;2;1;2;2;2;1;1;2;2;1;3;4;2; ;1;2;1;4;1;2;1;1;1;2;1;1;01;17;07;17;189,607125834638
4680782;1;6;4;1;1;1;1;1;3;3; ; ; ; ;700000;1;1;1;1;1;1;1;1;1;1;1;1;1;1;1;2;2;1;2;2;2;1;5;6;2; ;1;2;1;4;1;3;1;1;1;3;1;1;01;17;07;17;170,022287655511
4680783;1;4;2;1;1;1;1;1;3;3; ; ; ; ;800000;1;1;1;1;1;1;1;1;1;1;1;1;1;1;1;2;2;1;2;1;2;1;2;3;2; ;1;2;1;4;1;3;1;1;1;3;1;1;01;17;07;17;291,148897849085
4680784;1;4;1;1;1;1;1;1;3;3; ; ; ; ;700000;2;1;1;2;1;1;1;1;1;1;1;1;1;1;1;2;2;1;2;1;2;1;1;1;2; ;1;2;1;4;1;4;1;1;1;2;1;1;01;17;07;17;187,236063245696
4680785;1;3;2;1;1;1;1;1;3;3; ; ; ; ;650000;2;1;2;1;1;1;1;2;1;1;1;2;2;2;2;2;2;2;2;2;2;1;2;2;2; ;1;2;1;4;1;4;1;1;1;2;1;1;01;17;07;17;181,022396748666
4680786;1;4;2;1;1;1;1;1;3;1; ; ;99;500000; ;2;1;1;1;1;1;1;1;1;2;1;2;1;1;2;2;2;2;2;1;2;1;3;3;2; ;1;2;1;4;1;4;1;1;1;2;1;1;01;17;07;17;203,514835976034
4680787;1;4;2;1;1;1;1;1;3;2; ;750000;12000000;600000; ;2;1;1;1;1;1;1;2;2;1;1;2;2;1;1;1;1;2;2;1;2;1;1;2;2; ;1;2;1;4;1;3;1;1;1;2;1;1;01;17;07;17;294,532230567567
4680788;1;3;2;1;1;1;1;1;3;3; ; ; ; ;630000;1;1;1;1;1;1;1;2;2;1;1;2;1;1;2;2;2;1;1;2;2;1;3;3;2; ;1;2;1;4;1;3;1;1;1;3;1;1;01;17;07;17;182,657158205238
4680789;1;3;1;1;1;1;1;1;3;3; ; ; ; ;800000;2;1;1;1;1;1;1;2;2;1;1;2;1;2;2;2;2;1;2;2;2;1;2;2;2; ;1;2;1;4;1;3;1;1;1;3;1;1;01;17;07;17;199,395202125181
4680790;1;4;3;1;1;1;1;1;3;2; ;387000;130000000;600000; ;2;1;1;1;1;1;1;2;2;1;1;2;1;1;2;2;2;1;2;1;2;1;2;4;2; ;1;2;1;4;1;3;1;1;1;2;1;1;01;17;07;17;258,991092628683
4680791;1;3;2;1;1;1;1;1;3;3; ; ; ; ;600000;1;1;1;1;1;1;1;2;2;1;1;2;2;1;2;2;2;2;2;2;2;1;2;2;2; ;1;2;1;4;1;3;1;1;1;3;1;1;01;17;07;17;181,022396748666
4680792;1;4;2;1;1;1;1;1;3;3; ; ; ; ;300000;2;1;1;1;1;1;1;1;1;1;1;1;2;1;2;2;2;1;2;1;2;1;2;3;2; ;1;2;1;4;1;3;1;1;1;2;1;1;01;17;07;17;272,898802770079
4680793;1;4;2;1;1;1;1;1;3;2; ;620000;150000000;700000; ;2;1;1;1;1;1;1;2;1;1;1;2;1;1;2;2;2;1;2;2;2;1;2;2;2; ;1;2;1;4;1;3;1;1;1;2;1;1;01;17;07;17;217,42254611743
4680798;1;3;2;1;1;1;1;1;4;3; ; ; ; ;400000;2;1;2;2;2;2;1;2;2;2;1;2;2;2;2;2;2;2;2;2;2;1;2;4;2; ;1;2;1;4;1;2;2;1;1;2;1;1;01;17;07;17;231,231937058994
4680799;1;3;3;1;1;1;1;1;4;3; ; ; ; ;400000;2;1;2;1;1;1;1;2;2;2;1;2;2;2;2;2;2;2;1;2;2;1;3;4;2; ;1;2;1;4;1;2;2;1;1;2;1;1;01;17;07;17;190,038627766376
4680800;1;4;2;1;1;1;1;1;3;3; ; ; ; ;730000;2;1;2;1;1;1;1;1;1;1;1;1;2;1;2;2;2;2;2;1;2;1;2;3;2; ;1;2;1;4;1;3;1;1;1;3;1;1;01;17;07;17;291,148897849085
4680801;1;4;1;1;1;1;1;1;3;2; ;755000;150000000;800000; ;1;1;1;1;1;1;1;2;2;2;1;2;2;1;2;2;2;2;2;1;2;1;1;1;2; ;1;2;1;4;1;3;1;1;1;2;1;1;01;17;07;17;220,805878835912
4680802;1;4;1;1;1;1;1;1;3;1; ; ;150000000;800000; ;2;1;1;1;1;1;1;2;1;1;1;2;1;1;1;2;2;2;2;1;1;1;2;2;2; ;1;2;1;4;1;3;1;1;1;3;1;1;01;17;07;17;217,42254611743
4680803;1;3;2;1;1;1;1;1;4;4; ; ; ;350000; ;2;2;2;1;1;1;1;1;2;1;1;2;1;1;2;2;2;2;1;2;2;1;4;5;2; ;1;2;1;4;1;2;2;1;1;2;1;1;01;17;07;17;314,775270602967
4680804;1;4;1;1;1;1;1;1;3;4; ; ; ;800000; ;1;1;2;1;1;1;1;2;1;1;1;2;2;2;2;2;2;2;2;2;2;1;1;1;2; ;1;2;1;4;1;3;1;1;1;3;1;1;01;17;07;17;184,405729467149
4680806;1;3;2;1;1;1;1;1;4;4; ; ; ;350000; ;1;1;1;1;1;1;1;2;1;1;1;2;2;1;2;2;2;1;2;1;2;1;4;4;2; ;1;2;1;4;1;2;2;1;1;2;1;1;01;17;07;17;189,607125834638
4680807;1;4;3;1;1;1;1;1;3;1; ; ;98;800000; ;1;1;1;1;1;1;1;2;1;1;1;2;2;2;2;2;2;2;2;2;2;1;1;3;2; ;1;2;1;4;1;3;1;1;1;3;1;1;01;17;07;17;135,923708488593
4680808;1;2;1;1;1;1;1;1;3;4; ; ; ;300000; ;1;1;1;2;1;1;1;1;2;2;1;2;1;2;2;2;2;1;2;1;2;1;2;3;2; ;1;2;1;4;1;2;1;1;1;2;1;1;01;17;07;17;247,139875070833
4680809;1;3;2;1;1;1;1;1;3;1; ; ;98;300000; ;1;1;1;2;1;1;1;2;2;1;1;2;1;2;2;2;2;2;2;2;2;1;3;3;2; ;1;2;1;4;1;2;1;1;1;2;1;1;01;17;07;17;141,584376045687
4680810;1;4;1;1;1;1;1;1;3;1; ; ;120000000;800000; ;2;1;1;1;1;1;1;1;1;1;1;1;1;1;2;2;2;2;2;1;1;1;1;1;2; ;1;2;1;4;1;3;1;1;1;2;1;1;01;17;07;17;194,739029815031
4680812;1;4;1;1;1;1;1;1;3;3; ; ; ; ;500000;1;1;1;1;1;1;1;1;1;1;1;2;1;2;1;2;1;2;1;2;1;1;2;2;2; ;1;2;1;4;1;3;1;1;1;2;1;1;01;17;07;17;217,42254611743
4680813;1;4;2;1;1;1;1;1;3;3; ; ; ; ;800000;2;1;1;1;1;1;1;2;2;1;1;2;1;1;2;2;2;2;2;2;2;1;3;3;2; ;1;2;1;4;1;3;1;1;1;2;1;1;01;17;07;17;167,545318226415
4680814;1;4;3;1;1;1;1;1;3;1; ; ;100000000;500000; ;1;1;1;1;1;1;1;2;2;1;1;2;1;2;2;2;2;1;2;2;2;1;3;3;2; ;1;1;1;4;1;3;1;1;1;4;1;1;01;17;07;17;192,990458553121
4680815;1;4;2;1;1;1;1;1;3;3; ; ; ; ;610000;2;1;1;1;1;1;1;1;2;1;1;1;2;2;2;2;2;2;2;2;2;1;3;3;2; ;1;2;1;4;1;3;1;1;1;2;1;1;01;17;07;17;149,172512849899
4680816;1;4;1;1;1;1;1;1;3;3; ; ; ; ;670000;2;1;1;1;1;1;1;2;2;1;1;2;1;1;2;2;2;2;2;1;2;1;2;2;2; ;1;2;1;4;1;3;1;1;1;2;1;1;01;17;07;17;217,42254611743
4680818;1;4;3;1;1;1;1;1;3;3; ; ; ; ;750000;1;1;1;1;1;1;1;2;1;1;1;2;1;1;2;2;2;2;1;2;1;1;3;4;2; ;1;2;1;3;1;3;1;1;1;3;1;1;01;17;07;17;161,246481494508
4680819;1;1;1;1;2;1;1;1;3;3; ; ; ; ;250000;2;1;1;2;1;2;1;2;2;1;1;1;2;2;2;2;2;1;2;2;2;1;1;1;2; ;1;3;1;3;1;3;1;1;1;2;1;1;01;17;07;17;205,263407237944
4680820;1;1;1;1;2;1;1;1;3;3; ; ; ; ;240000;2;1;2;2;1;2;1;2;2;1;1;2;2;2;2;2;2;2;2;2;2;1;2;2;2; ;1;3;1;3;1;3;1;1;1;2;1;1;01;17;07;17;181,022396748666
4680823;1;3;2;1;1;1;1;1;3;4; ; ; ;450000; ;2;1;1;2;2;2;1;2;2;2;1;1;2;1;2;2;2;2;1;2;2;1;1;2;2; ;1;2;1;4;1;3;1;1;1;2;1;1;01;17;07;17;232,273112710309
4680824;1;4;1;1;1;1;1;1;3;3; ; ; ; ;850000;2;1;1;1;1;1;1;2;1;1;1;1;1;1;2;2;2;1;2;1;2;1;2;2;2; ;1;2;1;4;1;3;1;1;1;3;1;1;01;17;07;17;173,413523339177
4680825;1;4;2;1;1;1;1;1;3;3; ; ; ; ;800000;2;1;1;1;1;1;1;1;1;1;1;1;1;1;2;2;2;2;2;2;2;1;2;2;2; ;1;2;1;4;1;3;1;1;1;2;1;1;01;17;07;17;217,42254611743
4680826;1;4;2;1;1;1;1;1;3;3; ; ; ; ;700000;1;1;1;1;1;1;1;1;1;1;1;2;1;1;2;2;2;1;2;1;2;1;1;2;2; ;1;2;1;4;1;3;1;1;1;2;1;1;01;17;07;17;276,282135488561
4680827;1;4;2;1;1;1;1;1;3;3; ; ; ; ;573000;1;1;1;1;1;1;1;1;1;1;1;2;1;1;2;2;2;2;2;2;2;1;2;2;2; ;1;2;1;4;1;3;1;1;1;2;1;1;01;17;07;17;196,564868346634
4680828;1;3;1;3;1;1;1;3;4;3; ; ; ; ;300000;2;1;2;1;1;1;1;1;2;2;1;2;1;1;2;2;2;2;2;2;2;1;2;2;2; ;1;2;1;4;1;1;2;2;1;2;1;1;01;17;07;17;206,898168694516
4681226;1;4;3;1;1;1;1;1;3;1; ; ;30000000;300000; ;2;1;2;1;1;1;1;2;2;2;1;1;2;2;2;2;1;1;1;2;2;1;3;11;2; ;1;1;1;1;1;1;1;1;1;3;1;1;01;23;07;23;188,105916490991
4681227;1;3;2;1;1;1;1;1;3;3; ; ; ; ;200000;2;1;2;1;2;1;1;2;2;2;1;2;2;2;2;2;1;1;1;2;2;1;1;6;2; ;1;2;1;2;1;1;1;1;1;3;1;1;01;23;07;23;123,423551241412
4681228;1;3;2;1;1;1;1;3;3;3; ; ; ; ;400000;2;1;1;1;1;1;1;1;2;2;1;2;1;2;2;2;1;2;1;2;2;1;2;4;2; ;1;2;1;4;1;1;1;1;1;3;1;1;01;23;07;23;185,443084914988
4681229;1;3;3;2;1;1;1;1;3;3; ; ; ; ;380000;2;1;1;2;2;1;1;1;2;2;1;2;2;2;2;2;1;1;2;2;2;1;4;4;2; ;1;2;1;2;1;1;1;2;1;3;1;1;01;23;07;23;178,531708056352
4681230;1;2;1;1;1;1;1;1;3;4; ; ; ;300000; ;2;1;2;2;1;1;1;2;2;2;1;2;2;2;2;2;1;1;2;2;2;1;2;4;2; ;1;2;1;2;1;1;1;1;1;3;1;1;01;23;07;23;174,484119025126
4681231;1;5;3;1;1;1;1;1;3;1; ; ;55000000;500000; ;1;1;1;1;1;1;1;1;2;2;1;1;1;2;2;2;1;1;2;2;2;1;2;3;2; ;1;1;1;4;1;1;1;1;1;3;1;1;01;23;07;23;134,505316287245
4681232;1;5;4;1;1;1;1;1;3;1; ; ;40000000;350000; ;2;1;2;1;1;1;1;2;2;2;1;2;2;2;2;2;1;1;2;2;2;1;3;5;2; ;1;1;1;2;1;1;1;1;1;3;1;1;01;23;07;23;98,5107355214798
4681233;1;4;2;1;1;1;1;1;3;3; ; ; ; ;350000;2;1;1;1;1;1;1;1;2;2;1;1;1;1;2;2;1;1;2;2;2;1;1;3;1;1;1;1;1;4;1;1;1;1;1;3;1;1;01;23;07;23;191,217990032352
4681234;1;4;2;1;1;1;1;1;3;1; ; ;52000000;400000; ;1;1;1;1;1;1;1;1;2;2;1;2;1;1;2;2;1;1;2;2;2;1;4;6;2; ;1;1;1;4;1;1;1;1;1;3;1;1;01;23;07;23;108,378395548793
4681235;1;2;1;1;1;1;1;4;3;1; ; ;30000000;200000; ;2;1;2;2;1;1;1;2;2;2;1;2;2;2;2;2;1;2;2;2;2;1;3;3;2; ;1;1;1;2;1;1;1;1;1;3;1;1;01;23;07;23;105,748614744094
4681236;1;2;2;1;2;1;1;1;3;1; ; ;60000000;500000; ;2;1;2;1;1;1;1;2;2;2;1;2;2;2;2;2;1;2;2;2;2;1;1;2;2; ;1;2;1;2;1;1;1;1;1;3;1;1;01;23;07;23;158,416325257048
4681236;2;3;2;1;2;1;1;1;3;4; ; ; ;250000; ;2;1;2;1;1;1;1;2;2;2;1;2;2;2;2;2;1;1;2;2;2;1;1;3;2; ;2;2;1;2;1;1;1;1;1;3;1;1;01;23;07;23;158,416325257048
4681237;1;3;2;1;1;1;1;3;3;3; ; ; ; ;320000;1;1;1;1;1;1;1;1;1;2;1;2;1;1;2;1;1;1;2;2;2;1;2;3;1;1;1;2;1;4;1;1;1;1;1;3;1;1;01;23;07;23;140,25084778008
4681238;1;5;4;1;1;1;1;1;3;1; ; ;90000000;500000; ;1;1;1;1;1;1;1;1;2;2;1;2;2;2;2;1;1;2;1;1;2;1;4;5;2; ;1;1;1;4;1;1;1;1;1;3;1;1;01;23;07;23;129,134037951964
4681239;1;4;3;1;1;1;1;1;3;1; ; ;75000000;400000; ;2;1;2;1;1;1;1;2;2;2;1;2;2;2;2;2;1;1;2;2;2;1;2;5;2; ;1;1;1;2;1;1;1;1;1;3;1;1;01;23;07;23;152,470045900833
4681240;1;3;2;1;1;1;1;1;3;3; ; ; ; ;500000;2;1;2;1;1;1;1;2;2;2;1;2;2;2;2;2;1;2;2;2;2;1;1;3;2; ;1;2;1;4;1;1;1;1;1;3;1;1;01;23;07;23;164,674856645921
4681241;1;4;1;1;1;1;1;1;3;1; ; ;200000000;1200000; ;1;1;1;1;1;1;1;1;1;2;1;2;1;1;2;2;1;2;2;1;2;1;1;1;2; ;1;2;1;4;1;5;1;1;1;3;1;1;01;23;07;23;139,611428352334
4681242;1;4;2;1;1;1;1;1;3;1; ; ;100000000;500000; ;2;1;2;1;1;1;1;2;2;2;1;2;2;2;2;2;1;2;2;2;1;2; ;2;2; ;1;2;1;2;1;3;1;1;1;3;1;1;01;23;07;23;88,1740858705715
4681243;1;4;2;1;1;1;10;1;3;3; ; ; ; ;500000;2;1;2;1;1;1;1;2;1;2;1;2;2;1;2;1;1;2;1;2;2;1;2;5;2; ;1;2;1;4;1;3;1;1;1;3;1;1;01;23;07;23;163,708094678075
4681244;1;4;2;1;1;1;1;1;3;4; ; ; ;800000; ;2;1;1;1;1;1;1;2;2;2;1;2;2;2;2;2;1;2;2;2;2;1;3;5;2; ;1;2;1;4;1;3;1;1;1;3;1;2;01;23;07;23;188,585865615724
4681245;1;2;1;2;2;1;1;3;3;1; ; ;70000000;300000; ;2;1;2;1;1;1;1;1;2;2;1;2;2;2;2;2;1;1;2;2;2;1;2;4;2; ;1;1;1;2;1;1;1;2;1;3;1;1;01;23;07;23;192,07459548116
4681246;1;4;2;1;1;1;1;1;3;3; ; ; ; ;700000;2;1;1;1;1;1;1;2;2;2;1;2;1;1;2;1;1;2;1;1;2;1;3;4;2; ;1;2;1;4;1;3;1;1;1;3;1;1;01;23;07;23;173,331699701343
4681247;1;4;2;1;1;1;1;1;3;3; ; ; ; ;850000;2;1;1;1;1;1;1;2;2;2;1;2;2;2;2;2;1;2;1;2;2;1;2;2;2; ;1;2;1;2;1;3;1;1;1;3;1;1;01;23;07;23;165,858747863791
4681248;1;4;1;1;1;1;1;1;3;4; ; ; ;800000; ;2;1;1;1;1;1;1;1;2;2;1;2;1;1;2;2;1;2;2;2;2;1;2;2;2; ;1;1;1;4;1;3;1;1;1;3;1;1;01;23;07;23;138,254465644423
4681249;1;3;1;1;1;1;1;1;3;3; ; ; ; ;400000;2;1;2;1;1;1;1;2;2;2;1;2;1;2;2;1;1;2;1;2;2;1;2;2;2; ;1;2;1;4;1;3;1;1;1;3;1;1;01;23;07;23;177,096796641033
4681250;1;5;4;1;1;1;1;1;3;3; ; ; ; ;800000;2;1;1;1;1;1;1;1;2;2;1;2;1;1;2;1;1;2;2;2;2;1;3;5;2; ;1;1;1;4;1;3;1;1;1;3;1;1;01;23;07;23;172,659968203389
4681251;1;2;1;2;1;1;1;4;3;3; ; ; ; ;200000;2;2;2;1;2;2;1;2;2;2;1;2;2;2;2;2;1;1;2;2;2;1;2;4;2; ;1;2;1;2;1;1;1;2;1;3;1;1;01;23;07;23;166,044405219728
4681252;1;4;3;1;1;1;1;1;3;1; ; ;76000000;800000; ;2;1;1;1;1;1;1;2;2;2;1;2;2;2;2;2;1;1;2;2;2;1;3;5;1;2;1;2;1;4;1;3;1;1;1;3;1;1;01;23;07;23;131,892638671339
4681253;1;4;3;1;1;1;1;1;3;3; ; ; ; ;670000;2;1;1;1;1;1;1;2;2;2;1;2;2;1;2;2;1;2;2;2;2;1;3;3;2; ;1;2;1;4;1;3;1;1;1;3;1;1;01;23;07;23;185,73811538488
4681254;1;4;3;1;1;1;1;1;3;1; ; ;150000000;700000; ;1;1;1;1;1;1;1;1;2;2;1;1;1;1;2;1;1;2;2;1;2;1;3;4;2; ;1;2;1;4;1;3;1;1;1;3;1;1;01;23;07;23;122,797557855683
4681255;1;4;3;1;1;1;1;1;3;4; ; ; ;500000; ;2;1;2;1;1;1;1;2;2;2;1;2;2;1;2;2;1;1;1;2;2;1;4;5;2; ;1;1;1;2;1;1;1;1;1;3;1;1;01;23;07;23;179,726577445731
4681256;1;3;2;1;1;1;1;1;3;1; ; ;60000000;450000; ;1;1;1;1;1;1;1;1;2;2;1;2;1;1;2;1;1;1;1;1;2;1;4;6;2; ;1;1;1;2;1;1;1;1;1;3;1;1;01;23;07;23;160,426133434723
4681257;1;3;2;2;1;1;1;4;4;5; ; ; ;200000; ;2;1;2;1;1;2;1;2;2;2;1;1;2;2;2;2;1;2;1;2;2;1;2;2;2; ;1;1;1;2;1;1;2;2;1;3;1;2;01;23;07;23;127,016416867181
4681258;1;2;2;2;1;1;1;1;4;3; ; ; ; ;100000;2;2;2;2;2;2;2;2;2;2;2;2;2;2;2;2;2;2;2;2;2;1;2;7;2; ;1;1;5;1;1;1;2;2;1;3;1;1;01;23;07;23;158,588556570969
4681259;1;3;1;2;1;1;1;1;4;3; ; ; ; ;180000;2;2;1;1;1;1;1;2;2;2;1;2;2;2;2;2;1;2;1;2;2;1;2;5;2; ;1;1;1;2;1;1;2;2;1;3;1;2;01;23;07;23;144,763177054624
4681260;1;4;3;1;1;1;1;1;3;1; ; ;50000000;300000; ;2;1;2;1;1;1;1;2;1;2;1;2;1;1;2;2;1;2;1;2;2;1;2;4;2; ;1;1;1;4;1;1;1;1;1;3;1;1;01;23;07;23;152,079845160768
4681261;1;3;2;2;1;1;1;3;4;3; ; ; ; ;250000;2;1;2;1;1;1;1;2;2;2;1;2;2;2;2;2;1;2;2;2;2;1;2;5;2; ;1;1;1;2;1;1;2;2;1;3;1;2;01;23;07;23;132,651791840979
4681262;1;2;1;2;2;3;1;1;4;5; ; ; ;300000; ;2;1;2;1;1;1;1;2;2;2;1;2;2;2;2;2;1;2;2;2;2;1;1;4;2; ;1;1;1;1;1;1;2;2;2; ;1;2;01;23;07;23;194,922345712005
4681262;2;1;1;2;2;3;1;2;4;4; ; ; ;100000; ;2;1;2;2;2;2;1;2;2;2;1;2;2;2;2;2;1;2;2;2;2;1;1;2;2; ;2;1;1;1;1;1;2;2;2; ;1;2;01;23;07;23;194,922345712005
4681263;1;3;2;1;1;1;1;1;3;1; ; ;50000000;400000; ;2;1;2;1;1;1;1;2;2;2;1;2;1;2;2;1;1;2;1;2;2;1;3;5;2; ;1;2;1;2;1;1;1;1;1;3;1;1;01;23;07;23;171,868725596093
4681264;1;4;2;2;1;1;1;1;4;4; ; ; ;150000; ;2;1;2;2;1;2;1;2;2;2;1;2;2;2;2;2;1;2;2;2;2;1;1;4;2; ;1;1;5;1;1;1;2;2;1;3;1;1;01;23;07;23;135,686759634607
4681265;1;4;3;1;1;1;1;1;3;1; ; ;40000000;300000; ;2;1;2;2;1;1;1;2;2;2;1;2;2;2;2;2;1;1;1;2;2;1;2;6;2; ;1;1;1;2;1;1;1;1;1;3;1;1;01;23;07;23;148,734322585673
4681266;1;3;2;2;1;1;1;1;4;3; ; ; ; ;130000;2;2;2;2;1;1;1;1;2;2;1;2;2;1;2;2;1;1;1;2;2;1;2;6;2; ;1;1;5;1;1;1;2;2;1;3;1;2;01;23;07;23;140,140691261043
4681267;1;2;1;2;1;1;1;3;4;3; ; ; ; ;100000;2;2;2;1;1;1;1;2;2;2;1;2;2;2;2;2;1;1;2;2;2;1;1;3;2; ;1;1;5;1;1;1;2;2;1;3;1;1;01;23;07;23;187,325633384833
4681268;1;3;1;2;1;3;1;1;4;5; ; ; ;200000; ;2;1;2;2;1;2;1;2;2;2;1;2;2;2;2;2;1;2;2;2;2;1;1;1;2; ;1;1;1;2;1;1;2;2;2; ;1;1;01;23;07;23;120,6799367709
4681269;1;2;2;1;1;1;1;2;3;4; ; ; ;250000; ;2;1;2;2;1;1;1;2;2;2;1;2;2;2;2;2;1;1;2;2;2;1;2;4;2; ;1;2;1;2;1;1;1;1;1;3;1;1;01;23;07;23;169,858917418418
4681270;1;4;2;2;1;3;1;1;4;1; ; ;98;350000; ;2;1;2;2;1;1;1;2;2;2;1;2;2;2;2;2;1;2;2;2;2;1;1;4;2; ;1;1;1;2;1;1;2;2;2; ;1;1;01;23;07;23;182,703147591252
4681271;1;4;3;1;1;1;1;1;3;1; ; ;30000000;250000; ;2;1;2;1;1;1;1;2;2;2;1;2;2;2;2;2;1;1;2;2;2;1;2;8;2; ;1;2;1;2;1;1;1;1;1;3;1;1;01;23;07;23;125,894600444194
4681272;1;3;2;2;1;1;1;3;4;1; ; ;44000000;200000; ;2;2;2;1;1;1;1;1;2;2;1;2;2;2;2;2;1;1;2;2;2;1;2;2;2; ;1;1;1;4;1;1;2;2;1;3;1;2;01;23;07;23;127,016416867181
4681273;1;3;2;2;1;1;1;1;3;1; ; ;40000000;200000; ;2;1;1;2;1;1;1;2;2;2;1;2;2;2;2;2;1;1;2;2;2;1;2;3;2; ;1;1;1;2;1;1;1;2;1;3;1;1;01;23;07;23;94,5105659668522
4681274;1;3;2;1;1;1;1;1;3;1; ; ;80000000;400000; ;2;1;2;1;1;1;1;2;2;2;1;2;1;2;2;2;1;1;2;2;2;1;4;4;2; ;1;1;1;2;1;1;1;1;1;3;1;1;01;23;07;23;131,016586421809
4681275;1;3;2;2;1;3;1;1;4;1; ; ;98;200000; ;2;1;2;1;1;1;1;2;2;2;1;2;2;2;2;2;1;1;1;2;2;1;3;5;2; ;1;1;1;2;1;1;2;2;2; ;1;1;01;23;07;23;152,923807972642
4681276;1;3;1;1;1;1;1;1;3;3; ; ; ; ;250000;2;1;2;2;1;1;1;2;2;2;1;2;1;2;2;2;1;2;2;2;2;2; ;1;2; ;1;2;1;4;1;1;1;1;1;3;1;1;01;23;07;23;120,6799367709
4681277;1;2;1;2;1;1;1;1;3;3; ; ; ; ;220000;2;1;2;1;1;1;1;2;2;2;1;2;2;2;2;2;1;1;2;2;2;1;2;4;2; ;1;2;1;2;1;1;1;2;1;3;1;1;01;23;07;23;146,587327876361
4681278;1;3;2;2;1;1;1;1;3;3; ; ; ; ;200000;2;1;2;1;1;1;1;2;2;2;1;2;2;2;2;2;1;2;2;2;2;2; ;3;2; ;1;2;1;2;1;1;1;2;1;3;1;1;01;23;07;23;137,245253610981
4681279;1;3;2;2;1;1;1;3;3;3; ; ; ; ;250000;2;1;2;1;1;1;1;1;2;2;1;2;2;2;2;2;1;1;1;2;2;1;3;5;2; ;1;2;1;4;1;1;1;2;1;3;1;1;01;23;07;23;140,358660687189
4681280;1;3;2;2;1;1;1;1;3;1; ; ;25000000;300000; ;2;1;1;1;1;1;1;2;2;2;1;2;1;1;2;2;1;2;1;2;2;1;3;4;2; ;1;1;1;2;1;1;1;2;1;3;1;1;01;23;07;23;111,559509078442
4681281;1;2;1;1;2;1;1;1;3;4; ; ; ;250000; ;2;1;2;1;1;1;1;2;2;2;1;2;2;2;2;2;1;2;2;2;2;1;2;6;2; ;1;1;1;2;1;1;1;1;1;3;1;1;01;23;07;23;182,685222896709
4681281;2;2;1;1;2;1;1;1;3;4; ; ; ;200000; ;2;1;2;1;1;1;1;2;2;2;1;2;1;2;2;2;1;1;2;2;2;1;2;4;2; ;2;1;1;2;1;1;1;1;1;3;1;1;01;23;07;23;182,685222896709
4681281;3;2;1;1;2;1;1;1;3;1; ; ;45000000;400000; ;2;1;2;1;1;1;1;2;2;2;1;2;2;2;2;2;1;2;2;2;2;1;1;1;2; ;3;1;1;2;1;1;1;1;1;3;1;1;01;23;07;23;182,685222896709
4681282;1;4;2;2;1;1;1;1;3;1; ; ;40000000;300000; ;2;1;2;2;1;1;1;2;2;2;1;1;1;2;2;2;1;2;1;2;2;1;2;4;2; ;1;1;1;2;1;1;1;2;1;3;1;1;01;23;07;23;112,711928402225
4681283;1;3;2;2;1;1;1;3;3;1; ; ;22000000;250000; ;2;1;2;1;1;1;1;1;2;2;1;1;1;1;2;2;1;1;2;2;2;1;2;5;2; ;1;1;1;2;1;1;1;2;1;3;1;1;01;23;07;23;161,421919426147
4681284;1;3;2;1;1;1;1;1;4;1; ; ;25000000;100000; ;2;1;2;2;1;1;1;2;2;2;1;2;2;2;2;2;1;2;2;2;2;1;1;5;2; ;1;1;8;1;1;1;2;1;1;3;1;1;01;23;07;23;194,084403658835
4681285;1;3;2;2;1;1;1;1;3;1; ; ;30000000;300000; ;2;1;2;1;1;1;1;2;2;2;1;2;1;2;2;2;1;1;1;2;2;1;2;4;2; ;1;1;1;4;1;1;1;2;1;3;1;1;01;23;07;23;182,703147591252
4681286;1;3;2;1;1;1;1;1;3;1; ; ;60000000;400000; ;2;1;2;1;1;1;1;2;2;2;1;2;1;2;2;2;1;2;2;2;2;1;2;4;2; ;1;1;1;2;1;1;1;1;1;3;1;1;01;23;07;23;103,398878160424
4681287;1;2;1;2;1;1;1;1;3;3; ; ; ; ;200000;2;1;2;1;1;1;1;2;2;2;1;2;2;2;2;2;1;2;1;2;2;1;2;3;2; ;1;1;1;2;1;1;1;2;1;3;1;1;01;23;07;23;187,325633384833
4681288;1;4;3;1;1;1;1;1;3;1; ; ;80000000;500000; ;2;1;1;1;1;1;1;2;2;2;1;2;2;1;2;2;1;2;2;2;2;1;2;4;2; ;1;1;1;4;1;1;1;1;1;3;1;1;01;23;07;23;91,648669663266
4681289;1;4;3;1;1;1;1;1;3;1; ; ;40000000;340000; ;2;1;2;1;1;1;1;2;2;2;1;2;2;2;2;2;1;1;2;2;2;1;3;6;2; ;1;1;1;2;1;1;1;1;1;3;1;1;01;23;07;23;199,268464431332
4681290;1;4;2;1;1;1;1;1;3;1; ; ;98;200000; ;2;1;2;1;1;1;1;2;2;2;1;2;2;2;2;2;1;1;1;2;2;1;3;5;2; ;1;1;1;2;1;1;1;1;1;3;1;1;01;23;07;23;190,192047011316
4681291;1;4;3;2;1;1;1;1;3;1; ; ;45000000;300000; ;2;1;2;1;1;1;1;1;2;2;1;2;2;2;2;2;1;1;2;2;2;1;5;8;2; ;1;1;1;1;1;1;1;2;1;3;1;1;01;23;07;23;84,7474308000184
4681292;1;4;3;1;1;1;10;1;3;1; ; ;98;200000; ;2;1;2;1;1;1;1;2;2;2;1;2;1;1;2;2;1;1;1;2;2;1;4;4;2; ;1;1;1;1;1;1;1;1;1;3;1;1;01;23;07;23;192,07459548116
4681293;1;5;4;2;1;1;1;1;3;1; ; ;70000000;350000; ;2;1;2;1;1;1;1;2;2;2;1;2;1;1;2;2;1;1;1;2;2;1;5;6;2; ;1;1;1;4;1;1;1;2;1;3;1;1;01;23;07;23;138,476112217344
4681294;1;4;1;2;1;1;1;6; ;1; ; ;120000000;300000; ;2;1;2;2;1;2;2;2;2;2;1;2;2;2;2;2;1;1;2;2;2;1;1;1;2; ;1;1;1;2;1;1;1;2;1;3;1;1;01;23;07;23;139,611428352334
4681295;1;3;2;1;1;1;1;5;3;1; ; ;25000000;150000; ;2;2;2;1;1;1;1;2;2;2;2;2;2;2;2;2;1;1;1;2;2;1;1;4;2; ;1;1;1;1;1;1;1;1;1;3;1;1;01;23;07;23;182,703147591252
4681296;1;3;2;1;1;1;1;1;3;1; ; ;98;1100000; ;2;1;2;1;1;1;1;2;2;2;1;2;2;2;2;1;2;2;2;1;2;1;2;3;2; ;1;2;1;4;1;5;1;1;1;3;1;1;01;23;07;23;187,325633384833
4681297;1;3;1;1;1;1;1;1;3;4; ; ; ;900000; ;2;1;1;1;1;1;1;1;2;2;2;2;2;2;2;1;1;2;2;1;2;2; ;1;2; ;1;2;1;4;1;5;1;1;1;3;1;1;01;23;07;23;159,52226776751
4681298;1;3;2;2;1;1;1;1;3;3; ; ; ; ;300000;2;1;2;2;1;1;1;2;2;2;1;1;2;2;2;2;1;1;2;2;2;1;1;4;2; ;1;2;1;2;1;1;1;2;1;3;1;1;01;23;07;23;135,686759634607
4681299;1;3;2;1;1;1;1;1;3;3; ; ; ; ;940000;2;1;1;1;1;1;1;2;2;2;1;2;2;2;2;1;1;2;2;2;2;1;2;2;2; ;1;2;1;4;1;5;1;1;1;3;1;1;01;23;07;23;118,797388301056
4681300;1;4;3;1;1;1;1;1;3;1; ; ;90000000;450000; ;2;1;1;1;1;1;1;2;2;2;1;2;2;2;2;1;1;2;1;2;2;1;3;5;2; ;1;1;1;2;1;2;1;1;1;3;1;1;01;23;07;23;192,931984335052
4681301;1;5;4;1;1;1;1;1;3;3; ; ; ; ;550000;2;1;2;1;1;1;1;2;2;2;1;2;1;1;2;2;1;2;1;2;2;1;3;7;2; ;1;1;1;2;1;2;1;1;1;3;1;1;01;23;07;23;141,431080521546
4681302;1;5;4;1;1;1;1;1;3;1; ; ;180000000;600000; ;2;1;1;1;1;1;1;2;2;2;1;2;2;1;2;2;1;2;1;2;2;1;5;6;2; ;1;1;1;4;1;2;1;1;1;3;1;1;01;23;07;23;170,777419733545
4681303;1;3;2;2;1;1;1;3;3;3; ; ; ; ;200000;2;2;2;1;2;2;1;2;2;2;1;2;2;2;2;2;1;2;2;2;2;1;2;2;2; ;1;2;1;2;1;1;1;2;1;3;1;1;01;23;07;23;168,877768074907
4681304;1;3;1;2;1;1;10;1;3;1; ; ;98;250000; ;2;1;2;1;2;2;1;2;2;2;1;2;2;2;2;2;1;1;2;2;2;2; ;1;2; ;1;1;1;1;1;1;1;2;1;3;2; ;01;23;07;23;159,52226776751
4681305;1;5;3;1;1;1;1;1;3;1; ; ;100000000;800000; ;1;1;1;1;1;1;1;2;1;2;1;2;1;1;2;1;1;1;2;1;2;1;4;4;2; ;1;1;1;4;1;2;1;1;1;3;1;1;01;23;07;23;192,07459548116
4681306;1;3;2;1;1;1;1;1;3;1; ; ;100000000;600000; ;2;1;2;1;1;1;1;2;2;2;1;2;2;2;2;2;1;1;2;2;2;1;2;4;2; ;1;2;1;4;1;2;1;1;1;3;1;1;01;23;07;23;146,600753918378
4681307;1;3;2;1;1;1;1;1;3;3; ; ; ; ;500000;2;1;1;1;1;1;1;2;2;2;1;1;1;2;2;2;1;1;1;1;2;1;2;4;2; ;1;2;1;4;1;2;1;1;1;3;1;1;01;23;07;23;163,304467895992
4681308;1;1;1;2;1;1;10;6; ;3; ; ; ; ;100000;2;2;2;2;1;1;2;2;2;2;1;2;2;2;2;2;1;2;1;2;2;1;1;1;2; ;1;4;1;2;1;1;1;2;1;3;1;1;01;23;07;23;159,52226776751
4681309;1;4;3;1;1;1;1;1;3;1; ; ;130000000;500000; ;1;1;1;1;1;1;1;2;2;2;1;2;1;1;2;2;1;1;1;2;2;1;6;6;2; ;1;2;1;2;1;2;1;1;1;3;1;1;01;23;07;23;127,251489482119
4681310;1;4;2;2;1;3;1;1;4;1; ; ;98;250000; ;2;1;2;2;1;1;1;2;2;2;1;2;2;2;2;2;1;2;2;2;2;1;2;2;2; ;1;1;1;4;1;1;2;2;2; ;1;2;01;23;07;23;128,168836190964
4681311;1;4;1;1;1;1;1;1;3;1; ; ;80000000;600000; ;1;1;2;1;1;1;1;2;1;2;1;2;1;2;2;1;1;2;2;1;2;1;2;2;2; ;1;1;1;2;1;2;1;1;1;3;1;1;01;23;07;23;107,105577452006
4681312;1;2;1;2;1;1;1;1;4;4; ; ; ;150000; ;2;2;2;1;1;1;1;2;2;2;2;2;2;2;2;2;1;2;2;2;2;1;1;1;2; ;1;1;1;2;1;1;2;2;1;3;1;1;01;23;07;23;120,6799367709
4681313;1;4;2;1;1;1;1;1;3;1; ; ;98;800000; ;1;1;1;2;1;1;1;2;2;2;1;1;1;1;2;1;1;1;1;2;2;1;3;3;2; ;1;1;1;4;1;2;1;1;1;3;1;1;01;23;07;23;124,680106325528
4681314;1;5;4;2;1;1;1;1;3;1; ; ;98;250000; ;2;2;2;2;2;1;1;2;2;2;1;2;2;2;2;2;1;2;2;2;2;1;2;7;2; ;1;1;5;2;1;1;1;2;1;3;1;1;01;23;07;23;184,106587112485
4681315;1;2;1;1;2;1;1;1;3;1; ; ;98;250000; ;2;1;2;1;1;1;1;2;2;2;1;2;2;2;2;2;1;2;1;2;2;1;2;4;2; ;1;1;1;2;1;1;1;1;1;3;1;1;01;23;07;23;180,124304151733
4681315;2;1;1;1;2;1;1;1;3;4; ; ; ;100000; ;2;1;2;1;2;2;1;2;2;2;1;2;2;2;2;2;1;2;2;2;2;1;1;2;2; ;2;1;1;2;1;1;1;1;1;3;1;1;01;23;07;23;180,124304151733
4681315;3;1;1;1;2;1;1;1;3;4; ; ; ;100000; ;2;1;2;2;2;2;2;2;2;2;1;2;2;2;2;2;2;2;2;2;2;2; ;4;2; ;3;1;1;2;1;1;1;1;1;3;1;1;01;23;07;23;180,124304151733
4681316;1;4;3;1;1;1;1;3;3;1; ; ;56000000;400000; ;2;1;1;1;1;1;1;1;2;2;1;1;1;2;2;2;1;1;2;2;2;1;3;4;2; ;1;1;1;4;1;1;1;1;1;3;1;1;01;23;07;23;182,703147591252
4681317;1;3;1;1;1;1;1;3;3;3; ; ; ; ;360000;1;1;1;1;1;1;1;1;2;2;1;1;1;1;2;1;1;1;1;2;2;1;2;2;2; ;1;2;1;4;1;1;1;1;1;3;1;1;01;23;07;23;177,096796641033
4681318;1;4;2;1;1;1;1;1;3;1; ; ;120000000;800000; ;1;1;1;1;1;1;1;1;2;2;1;2;2;1;2;1;1;2;1;2;2;1;3;3;2; ;1;1;1;4;1;2;1;1;1;3;1;1;01;23;07;23;175,214248171188
4681319;1;2;1;2;1;1;1;3;3;3; ; ; ; ;250000;2;1;2;2;1;1;1;2;2;2;1;2;1;2;2;2;1;1;1;2;2;1;3;6;2; ;1;2;1;2;1;1;1;2;1;3;1;1;01;23;07;23;183,762141383592
4681320;1;4;3;1;1;1;1;1;3;1; ; ;170000000;800000; ;1;1;1;1;1;1;1;1;1;2;1;2;1;1;2;1;1;2;2;1;2;1;4;5;2; ;1;1;1;4;1;2;1;1;1;3;1;1;01;23;07;23;203,01761378851
4681321;1;4;3;1;1;1;1;1;3;1; ; ;99;450000; ;2;1;2;1;1;1;1;2;2;2;1;2;2;2;2;2;1;2;1;2;2;1;3;5;2; ;1;1;1;4;1;1;1;1;1;3;1;1;01;23;07;23;119,048408498505
4681951;1;3;1;1;1;1;1;1;3;3; ; ; ; ;300000;2;2;2;1;1;1;1;2;2;2;1;2;2;2;2;2;1;2;1;2;2;1;2;3;2; ;1;2;1;4;1;2;1;1;1;3;1;1;01;50;07;50;273,555919584694
4681953;1;5;3;1;1;1;1;1;3;1; ; ;300000000;600000; ;2;2;1;1;1;1;1;2;2;2;1;2;2;2;2;2;1;2;2;2;2;1;5;5;2; ;1;2;1;4;1;3;1;1;1;3;1;1;01;50;07;50;154,314675461411
4681954;1;4;3;1;1;1;1;1;3;1; ; ;150000000;600000; ;2;1;2;1;1;1;1;1;2;2;1;2;1;1;2;2;2;2;1;2;2;1;5;5;2; ;1;1;1;2;1;1;1;1;1;3;1;1;01;50;07;50;514,729162272687
4681955;1;4;3;1;1;1;1;1;3;3; ; ; ; ;500000;1;1;1;1;1;1;1;2;1;2;1;2;1;2;2;2;1;1;1;2;2;1;5;6;2; ;1;2;1;4;1;3;1;1;1;3;1;1;01;50;07;50;178,697407408752
4681956;1;3;2;1;1;1;1;1;3;3; ; ; ; ;400000;2;2;1;2;1;1;1;2;2;2;2;2;2;2;2;2;2;1;2;2;2;1;2;3;2; ;1;2;1;2;1;3;1;1;1;3;1;1;01;50;07;50;273,555919584694
4681957;1;3;2;1;1;1;1;1;3;3; ; ; ; ;300000;2;1;2;1;1;1;1;2;2;2;1;2;2;2;2;2;2;2;2;2;2;1;3;3;2; ;1;2;1;4;1;1;1;1;1;3;1;1;01;50;07;50;364,082329697153
4681958;1;3;1;1;1;1;1;1;3;4; ; ; ;370000; ;2;2;2;2;1;1;1;2;2;2;1;2;2;1;2;2;1;2;2;1;2;1;2;2;2; ;1;2;1;4;1;2;1;1;1;3;1;2;01;50;07;50;425,471192271932
4681959;1;3;2;1;1;1;1;6; ;3; ; ; ; ;800000;2;2;1;1;1;1;1;2;2;2;1;2;2;1;2;2;1;2;2;2;2;1;2;2;2; ;1;2;1;4;1;3;1;1;1;3;1;1;01;50;07;50;202,542721478887
4681960;1;3;2;1;1;1;1;1;3;3; ; ; ; ;280000;2;2;2;1;1;2;1;2;2;2;1;2;2;2;2;2;2;1;2;2;2;1;2;4;2; ;1;2;1;4;1;2;1;1;1;3;1;1;01;50;07;50;242,070016183929
4681961;1;2;1;1;1;1;1;1;3;1; ; ;98;250000; ;2;1;2;2;1;1;1;2;2;2;1;2;2;2;2;2;1;2;1;2;2;1;2;3;2; ;1;2;1;4;1;2;1;1;1;3;1;2;01;50;07;50;248,333236685447
4681962;1;4;3;1;1;1;1;1;3;3; ; ; ; ;350000;2;2;2;2;1;1;1;2;2;2;1;2;2;2;2;2;1;1;2;2;2;1;5;5;2; ;1;1;1;2;1;2;1;1;1;3;1;2;01;50;07;50;197,038095348944
4681963;1;4;3;1;1;1;1;1;4;4; ; ; ;400000; ;2;2;2;1;1;1;1;2;2;2;1;2;1;2;2;2;1;2;2;2;2;1;3;3;2; ;1;1;1;4;1;2;1;1;1;3;1;2;01;50;07;50;172,286318573482
4681964;1;4;2;1;1;1;1;1;3;3; ; ; ; ;400000;2;1;2;1;1;1;1;2;2;2;1;2;1;2;2;2;2;2;2;2;2;1;3;3;2; ;1;1;1;2;1;2;1;1;1;3;1;1;01;50;07;50;172,510264825492
4681965;1;2;1;1;1;1;1;1;4;1; ; ;80000000;400000; ;2;2;2;1;1;1;1;2;2;2;1;2;2;2;2;2;1;1;2;1;2;1;2;2;2; ;1;1;1;4;1;2;1;1;1;3;1;2;01;50;07;50;170,517533108039
4681966;1;6;1;1;1;1;1;1;3;4; ; ; ;350000; ;2;2;2;1;1;1;1;2;2;2;1;2;1;2;2;2;1;1;2;2;2;1;1;1;2; ;1;2;1;4;1;2;1;1;1;3;1;2;01;50;07;50;157,951362707108
4681967;1;4;3;1;1;1;1;1;3;3; ; ; ; ;650000;2;1;1;1;1;1;1;2;2;2;1;2;1;2;2;2;2;1;2;2;2;1;3;4;2; ;1;1;1;4;1;3;1;1;1;3;1;2;01;50;07;50;111,727567605362
4681968;1;3;1;1;1;1;1;1;3;3; ; ; ; ;500000;2;2;2;1;1;2;1;2;2;2;1;2;2;2;2;2;1;2;2;2;2;1;2;2;2; ;1;1;1;4;1;3;1;1;1;3;1;2;01;50;07;50;341,035066216078
4681969;1;3;2;1;1;1;1;1;3;1; ; ;100000000;500000; ;2;1;1;2;1;1;1;2;2;2;1;2;1;2;2;2;2;2;1;2;2;1;4;4;2; ;1;2;1;4;1;2;1;1;1;3;1;1;01;50;07;50;287,50551195242
4681970;1;3;2;1;1;1;10;1;3;3; ; ; ; ;500000;1;1;1;2;1;1;1;2;2;2;1;2;2;1;2;2;1;1;1;2;2;1;2;3;2; ;1;2;1;4;1;2;1;1;1;3;1;2;01;50;07;50;547,111839169389
4681971;1;2;1;1;1;1;1;1;3;3; ; ; ; ;400000;2;2;1;2;1;1;1;2;2;2;1;1;1;1;2;2;1;2;2;2;2;1;1;1;2; ;1;2;1;4;1;2;1;1;1;3;1;2;01;50;07;50;401,099979522868
4681972;1;3;1;1;1;1;10;1;3;3; ; ; ; ;480000;2;1;2;1;1;1;1;2;2;2;1;1;2;1;2;2;1;2;2;2;2;1;2;2;2; ;1;2;1;4;1;2;1;1;1;3;1;2;01;50;07;50;470,773004516235
4681973;1;2;1;1;1;1;1;1;3;3; ; ; ; ;350000;2;2;2;1;1;1;1;2;2;2;1;1;1;2;2;2;1;2;1;2;2;2; ;2;2; ;1;2;1;4;1;2;1;1;1;3;1;1;01;50;07;50;235,386502258118
4681974;1;3;2;1;1;1;1;1;3;3; ; ; ; ;630000;1;1;1;1;1;1;1;2;2;2;1;2;2;1;2;2;2;2;1;2;2;1;2;2;2; ;1;1;1;4;1;3;1;1;1;3;1;2;01;50;07;50;225,350245375427
4681975;1;3;2;1;1;1;1;1;3;3; ; ; ; ;450000;2;1;1;1;1;1;1;2;2;2;1;1;1;1;2;2;1;2;2;2;2;1;2;2;2; ;1;2;1;4;1;3;1;1;1;3;1;1;01;50;07;50;490,845518281616
4681976;1;3;1;1;1;1;1;1;3;3; ; ; ; ;450000;2;1;2;1;1;1;1;2;2;2;1;2;2;2;2;2;1;1;1;2;2;1;1;1;2; ;1;2;1;4;1;3;1;1;1;3;1;2;01;50;07;50;466,474305532552
4681977;1;4;2;1;1;1;1;1;3;4; ; ; ;400000; ;2;2;2;2;1;1;1;2;2;2;1;2;2;2;2;2;1;1;2;2;2;1;2;3;2; ;1;1;1;4;1;2;1;1;1;3;1;2;01;50;07;50;198,270129525527
4681978;1;4;3;1;1;1;10;1;3;3; ; ; ; ;650000;1;1;1;2;1;1;1;1;2;2;1;2;1;2;2;2;1;1;1;2;2;1;4;5;2; ;1;1;1;4;1;3;1;1;1;3;1;2;01;50;07;50;200,371000178837
4681979;1;4;3;1;1;1;1;1;3;3; ; ; ; ;500000;2;1;1;2;1;1;1;2;2;2;1;2;2;1;2;2;1;2;2;2;2;2; ;5;2; ;1;2;1;4;1;3;1;1;1;3;1;1;01;50;07;50;437,740818125425
4681980;1;4;1;1;1;1;10;1;3;1; ; ;90000000;450000; ;2;2;2;2;1;1;1;2;2;2;1;2;2;2;2;2;2;2;1;2;2;1;1;1;2; ;1;1;1;4;1;2;1;1;1;3;1;2;01;50;07;50;233,237152766276
4681981;1;4;2;1;1;1;1;1;3;2; ;500000;99;550000; ;2;1;2;1;1;1;1;2;2;2;1;1;2;2;2;2;1;2;1;2;2;1;2;2;2; ;1;1;1;4;1;2;1;1;1;3;1;2;01;50;07;50;225,193627601038
4681982;1;5;4;1;1;1;1;1;3;1; ; ;120000000;500000; ;2;2;2;1;1;1;1;2;2;2;1;2;2;2;2;2;2;1;2;2;2;1;3;4;2; ;1;1;1;4;1;2;1;1;1;3;1;2;01;50;07;50;458,358182071888
4681983;1;3;2;1;1;1;1;1;3;1; ; ;98;250000; ;2;2;1;1;1;1;1;2;2;2;1;2;2;2;2;2;2;2;2;2;2;1;3;3;2; ;1;1;1;2;1;1;1;1;1;3;1;1;01;50;07;50;495,144217265299
4681984;1;3;1;1;1;1;1;1;3;3; ; ; ; ;550000;2;2;2;1;1;1;1;2;2;2;1;2;2;2;2;2;2;2;1;2;2;1;2;2;2; ;1;2;1;4;1;2;1;1;1;3;1;2;01;50;07;50;471,534132569033
4681985;1;3;2;1;1;1;1;1;3;3; ; ; ; ;250000;2;1;2;2;2;2;2;2;2;2;2;2;2;2;2;2;2;2;2;2;2;1;1;2;2; ;1;2;1;4;1;2;1;1;1;3;1;1;01;50;07;50;110,525773195872
4681986;1;2;1;1;1;1;1;6; ;4; ; ; ;300000; ;2;2;2;2;1;1;1;2;2;2;1;2;2;2;2;2;2;2;2;2;2;2; ;1;2; ;1;2;1;4;1;3;1;1;1;3;1;2;01;50;07;50;315,902725414216
4681987;1;4;3;1;1;1;1;1;3;3; ; ; ; ;700000;1;1;1;2;1;1;1;2;2;2;1;1;2;2;2;2;2;2;1;2;2;1;4;4;2; ;1;1;1;4;1;3;1;1;1;3;1;2;01;50;07;50;194,383388997497
4681988;1;4;3;1;1;1;1;1;3;3; ; ; ; ;450000;2;1;2;1;1;1;1;2;1;2;1;2;1;2;2;2;1;1;1;2;2;1;4;6;2; ;1;1;1;4;1;2;1;1;1;3;1;1;01;50;07;50;269,550187510876
4682007;1;3;3;1;1;1;1;1;4;3; ; ; ; ;500000;2;1;1;1;1;1;1;1;1;1;1;2;1;2;2;2;2;1;1;2;2;1;5;5;2; ;1;2;1;4;1;3;2;1;1;3;1;1;01;52;07;52;213,513822278901
4682008;1;4;3;1;1;1;1;1;4;3; ; ; ; ;450000;1;1;1;1;2;1;1;2;2;1;1;2;1;1;2;2;2;2;1;2;2;1;4;5;2; ;1;2;1;4;1;2;2;1;1;3;1;1;01;52;07;52;295,843727169161
4682009;1;3;2;1;1;1;1;1;4;3; ; ; ; ;400000;2;2;2;2;2;2;1;2;1;2;1;2;1;2;2;2;2;2;2;2;2;1;3;3;2; ;1;2;1;4;1;3;2;1;1;3;1;1;01;52;07;52;181,142264242078
4682012;1;3;1;1;1;1;1;1;4;1; ; ;98;600000; ;1;1;2;1;1;2;1;2;2;2;1;2;2;2;2;2;2;2;2;2;2;1;1;1;2; ;1;1;1;4;1;3;2;1;1;3;1;1;01;52;07;52;160,448605369787
4682013;1;4;2;1;1;1;1;1;4;2; ;300000;200000000;600000; ;1;1;1;1;1;1;1;2;1;1;1;2;2;1;2;2;2;1;1;1;2;1;3;3;2; ;1;1;1;4;1;3;2;1;1;3;1;1;01;52;07;52;181,142264242078
4682014;1;2;2;1;1;1;1;1;4;4; ; ; ;250000; ;2;1;1;2;1;1;1;2;2;1;1;2;2;1;2;2;2;2;2;2;2;1;2;3;2; ;1;2;1;4;1;3;2;1;1;7;1;1;01;52;07;52;198,285936100192
4682015;1;5;4;1;1;1;1;1;4;3; ; ; ; ;600000;2;1;1;1;1;1;1;2;2;2;1;2;1;1;2;2;2;2;1;2;2;1;5;6;2; ;1;1;1;4;1;2;2;1;1;3;1;1;01;52;07;52;234,389074971736
4682016;1;4;2;1;1;1;1;1;4;3; ; ; ; ;400000;2;2;1;1;1;1;1;2;2;1;1;1;1;1;2;2;2;2;2;2;2;1;3;3;2; ;1;2;1;4;1;2;2;1;1;3;1;1;01;52;07;52;106,584096650489
4682017;1;2;1;1;2;1;1;1;4;1; ; ;98;250000; ;2;1;1;2;1;2;1;2;2;1;1;1;2;2;2;2;2;2;2;2;2;1;2;3;2; ;1;2;1;3;1;2;2;1;1;3;1;1;01;52;07;52;181,918563261237
4682018;1;5;2;1;1;1;1;1;4;2; ;600000;300000000;1000000; ;1;1;1;1;1;1;1;1;1;1;1;2;1;1;2;2;2;2;2;1;2;1;2;3;2; ;1;1;1;4;1;3;2;1;1;3;1;1;01;52;07;52;198,182940561409
4682019;1;4;3;1;1;1;1;1;4;2; ;1650000;200000000;1200000; ;2;1;2;1;1;1;1;2;2;1;1;2;1;1;2;2;2;1;1;1;2;1;2;4;2; ;1;1;1;4;1;3;2;1;1;3;1;1;01;52;07;52;302,940696182822
4682021;1;4;3;1;1;1;1;1;4;1; ; ;300000000;1000000; ;1;1;1;1;1;1;1;1;1;1;1;1;1;1;1;2;2;1;2;1;2;1;4;4;2; ;1;1;1;4;1;3;2;1;1;3;1;1;01;52;07;52;122,7698756689
4682022;1;2;2;1;1;1;1;1;4;1; ; ;98;200000; ;2;2;2;2;1;1;1;2;2;1;1;2;2;2;2;2;2;1;2;2;2;1;3;3;2; ;1;1;1;2;1;1;2;1;1;3;1;2;01;52;07;52;174,900192529337
4682023;1;1;1;1;2;1;1;1;4;3; ; ; ; ;200000;2;2;2;2;1;1;1;2;2;2;1;2;2;2;2;2;2;2;2;2;2;1;1;3;2; ;1;1;1;2;1;1;2;1;1;3;1;1;01;52;07;52;172,23185711864
4682023;2;1;1;1;2;1;1;1;4;3; ; ; ; ;100000;2;2;2;2;1;1;1;2;1;2;1;2;2;2;2;2;2;2;2;2;2;1;1;2;2; ;2;1;1;2;1;1;2;1;1;3;1;1;01;52;07;52;172,23185711864
4682024;1;4;2;1;1;4;1;1;4;4; ; ; ;200000; ;2;2;2;2;2;1;1;2;2;2;1;1;2;2;2;2;2;2;2;2;2;1;1;3;2; ;1;1;1;4;1;1;2;1;1;3;1;2;01;52;07;52;174,900192529337
4682025;1;2;2;1;1;1;1;1;4;4; ; ; ;200000; ;1;2;1;2;1;1;1;2;2;1;1;1;2;1;2;2;2;2;2;2;2;1;2;4;2; ;1;2;1;4;1;2;2;1;1;3;1;1;01;52;07;52;99,3511192087471
4682026;1;5;3;1;1;1;1;1;4;1; ; ;98;98; ;2;1;2;2;1;1;1;2;2;1;1;2;2;2;2;2;2;2;2;2;2;1;2;4;2; ;1;1;1;4;1;3;2;1;1;3;1;1;01;52;07;52;146,052623700972
4682027;1;4;3;1;1;1;1;1;4;1; ; ;98;700000; ;2;1;1;1;1;1;1;2;2;2;1;2;1;1;2;2;2;1;2;1;2;1;3;4;2; ;1;1;1;4;1;2;2;1;1;3;1;1;01;52;07;52;142,888631194371
4682028;1;2;2;3;2;1;1;1;4;3; ; ; ; ;200000;2;1;2;1;1;1;2;2;2;2;1;2;2;2;2;2;2;2;2;2;2;1;3;4;2; ;1;4;1;4;1;1;2;2;1;3;1;1;01;52;07;52;215,093234958417
4682029;1;2;2;3;1;1;1;1;4;3; ; ; ; ;270000;2;2;2;2;2;2;1;2;1;2;1;2;2;2;2;2;2;2;1;2;2;1;2;6;2; ;1;2;1;4;1;1;2;2;1;3;1;1;01;52;07;52;276,265097361456
4682031;1;3;1;1;1;1;1;1;4;3; ; ; ; ;300000;2;2;2;1;1;1;1;2;2;1;1;2;2;2;2;2;2;2;1;2;2;1;2;3;2; ;1;2;1;4;1;2;2;1;1;3;1;1;01;52;07;52;198,182940561409
4682032;1;2;2;3;1;1;1;1;4;3; ; ; ; ;350000;2;2;2;1;2;1;1;2;2;2;1;1;1;2;2;2;2;2;2;2;2;1;3;5;2; ;1;2;1;4;1;2;2;2;1;3;1;1;01;52;07;52;302,085798881903
4682033;1;3;2;1;1;1;1;1;4;3; ; ; ; ;400000;2;1;1;2;1;1;1;2;2;2;1;2;2;1;2;2;2;1;2;1;2;1;2;3;2; ;1;2;1;4;1;2;2;1;1;3;1;1;01;52;07;52;198,182940561409
4682034;1;4;1;1;1;1;1;1;4;3; ; ; ; ;720000;1;1;1;1;1;1;1;2;2;1;1;1;2;2;2;2;2;1;2;1;2;1;2;2;2; ;1;2;1;4;1;3;2;1;1;3;1;1;01;52;07;52;158,714413510926
4682035;1;4;2;3;1;1;1;6; ;1; ; ;20000000;250000; ;2;2;2;2;1;1;1;2;2;2;1;2;1;2;2;2;2;1;1;2;2;1;2;3;2; ;1;2;1;4;1;2;2;2;1;3;1;1;01;52;07;52;198,182940561409
4682036;1;2;1;3;1;1;1;1;3;1; ; ;80000000;400000; ;1;2;1;2;1;1;1;2;2;2;1;1;2;1;2;2;2;2;2;2;2;1;2;4;2; ;1;2;1;2;1;1;1;2;1;3;1;1;01;52;07;52;191,085971547748
4682037;1;4;4;3;1;1;1;1;4;1; ; ;100000000;400000; ;2;1;1;1;2;1;1;2;2;2;1;2;1;1;2;2;2;1;1;2;2;1;4;6;2; ;1;1;1;4;1;2;2;2;1;3;1;1;01;52;07;52;160,504210860522
4682038;1;4;2;3;1;1;1;1;4;3; ; ; ; ;450000;2;2;2;1;1;2;1;2;2;2;1;2;2;1;2;2;2;1;2;2;2;1;1;1;2; ;1;2;1;4;1;2;2;2;1;3;1;1;01;52;07;52;143,304933511673
4682040;1;4;3;1;1;1;1;1;4;1; ; ;200000000;500000; ;1;1;1;1;1;1;1;2;1;1;1;2;1;1;2;2;2;2;2;1;2;1;2;5;2; ;1;1;1;4;1;4;2;1;1;3;1;1;01;52;07;52;161,462103700225
4682041;1;1;1;1;2;1;1;2;4;3; ; ; ; ;150000;2;2;2;2;2;2;1;2;2;2;1;1;2;2;2;2;2;2;2;2;2;1;1;3;2; ;1;3;1;4;1;1;2;1;1;3;1;1;01;52;07;52;342,073623788471
4682042;1;2;1;1;1;1;1;1;3;1; ; ;98;150000; ;2;2;1;2;1;1;1;2;2;1;1;2;2;2;2;2;2;2;2;2;2;1;1;3;2; ;1;2;1;4;1;2;1;1;1;3;1;1;01;52;07;52;121,237079482377
4682043;1;5;2;1;1;1;1;1;1;3; ; ; ; ;700000;1;1;1;1;1;1;1;2;2;1;1;2;2;1;2;2;2;1;2;1;2;1;2;3;2; ;1;2;1;4;1;4;2;1;1;3;1;1;01;52;07;52;106,584096650489
4682044;1;1;1;1;2;1;1;1;4;3; ; ; ; ;100000;2;2;2;2;2;2;1;2;2;2;1;2;2;2;2;2;2;2;2;2;2;2; ;1;2; ;1;3;1;2;1;1;2;1;1;3;1;1;01;52;07;52;200,235034604018
4682045;1;2;1;1;1;1;1;1;4;1; ; ;98;150000; ;2;2;1;2;1;1;1;2;2;1;1;2;2;1;2;2;2;2;1;2;2;1;4;4;2; ;1;2;1;2;1;2;1;1;1;3;1;1;01;52;07;52;191,085971547748
4682046;1;2;2;1;1;1;1;1;4;3; ; ; ; ;300000;2;2;2;2;2;1;1;2;2;1;1;1;1;2;2;2;2;2;2;2;2;1;4;4;2; ;1;2;1;4;1;2;2;1;1;3;1;1;01;52;07;52;192,800361554816
4682047;1;2;2;1;1;1;1;1;4;3; ; ; ; ;98;2;2;2;2;2;1;1;2;2;2;1;1;2;2;2;2;2;1;2;2;2;1;3;3;2; ;1;2;1;2;1;2;2;1;1;3;1;1;01;52;07;52;174,900192529337
4682048;1;3;2;1;1;1;1;1;4;3; ; ; ; ;300000;2;1;1;2;1;1;1;2;2;2;1;2;2;2;2;2;2;2;2;2;2;1;2;3;2; ;1;2;1;4;1;2;2;1;1;3;1;1;01;52;07;52;342,073623788471
4682049;1;3;2;1;1;1;1;1;4;3; ; ; ; ;320000;2;2;1;2;1;1;1;2;2;1;1;1;1;2;2;2;2;2;2;2;2;1;3;3;2; ;1;2;1;4;1;2;2;1;1;3;1;1;01;52;07;52;178,167180574721
4682050;1;5;4;1;1;1;1;1;4;1; ; ;64000000;200000; ;2;2;2;2;1;1;1;2;1;2;1;2;2;1;2;2;2;2;2;2;2;1;3;5;2; ;1;1;1;4;1;2;2;1;1;3;1;1;01;52;07;52;159,074410212782
4682051;1;1;1;1;2;1;1;2;4;3; ; ; ; ;150000;2;2;2;2;2;2;1;2;2;2;2;2;2;2;2;2;2;2;2;2;2;1;1;1;2; ;1;3;5;2;1;1;2;1;1;3;1;1;01;52;07;52;214,111718416747
4682052;1;2;2;1;2;1;1;1;4;4; ; ; ;200000; ;2;2;2;2;1;1;1;2;2;2;1;2;2;2;2;2;2;1;1;2;2;1;3;4;2; ;1;4;3;4;1;1;2;1;1;3;1;1;01;52;07;52;191,085971547748
4682053;1;4;4;1;2;1;1;2;4;1; ; ;98;100000; ;2;1;2;2;1;1;1;2;2;2;1;2;1;2;2;2;2;2;1;2;2;1;3;6;2; ;1;4;1;2;1;1;2;1;1;3;1;1;01;52;07;52;169,018117518452
4682054;1;1;1;1;1;1;1;1;3;4; ; ; ;100000; ;1;1;1;1;1;1;1;2;2;2;1;2;2;2;2;2;2;2;2;2;2;1;2;3;2; ;1;1;1;2;1;1;1;1;1;3;1;1;01;52;07;52;205,201311293309
4682055;1;3;2;1;1;1;1;1;3;1; ; ;35000000;200000; ;2;2;2;1;2;1;1;2;2;1;1;1;2;2;2;2;2;2;1;2;2;1;1;4;2; ;1;1;1;2;1;1;1;1;1;3;1;1;01;52;07;52;380,765851819796
4682056;1;3;3;1;2;1;1;1;4;4; ; ; ;80000; ;2;2;2;2;1;1;1;2;2;2;1;2;2;2;2;2;2;2;2;2;2;1;2;5;2; ;1;4;3;2;1;1;2;1;1;3;1;1;01;52;07;52;182,254162706071
4682057;1;2;2;1;2;1;1;1;4;5; ; ; ;150000; ;2;2;2;2;1;1;1;2;2;2;1;1;1;2;2;2;2;2;2;2;2;1;1;3;2; ;1;4;3;1;1;1;2;1;1;3;1;1;01;52;07;52;120,460780463218
4682058;1;3;2;1;1;1;1;1;3;4; ; ; ;200000; ;2;2;2;2;1;1;1;2;2;1;1;1;1;2;2;2;2;1;1;2;2;1;2;5;2; ;1;1;1;2;1;1;1;1;1;3;1;1;01;52;07;52;264,687063135115
4682059;1;1;1;1;2;1;1;2;4;3; ; ; ; ;70000;2;2;2;2;2;1;1;2;2;2;2;2;2;2;2;2;2;2;2;2;2;1;1;3;2; ;1;4;3;4;1;1;2;1;1;3;1;1;01;52;07;52;276,784395217541
4682060;1;1;1;1;2;1;1;1;4;4; ; ; ;200000; ;2;2;2;1;2;1;1;2;2;2;1;1;2;2;2;2;2;2;1;2;2;1;2;4;2; ;1;4;1;2;1;1;2;1;1;3;1;1;01;52;07;52;315,476623248866
4682061;1;2;2;1;1;1;1;1;4;3; ; ; ; ;200000;2;1;2;2;1;1;1;2;2;2;1;2;1;2;2;2;2;2;2;2;2;1;2;5;2; ;1;2;3;4;1;1;2;1;1;3;1;1;01;52;07;52;111,55037333978
4682062;1;1;1;1;2;1;1;2;4;3; ; ; ; ;180000;2;2;2;2;1;2;1;2;2;2;1;1;2;2;2;2;2;2;2;2;2;1;1;4;2; ;1;4;3;1;1;1;2;1;1;3;1;1;01;52;07;52;214,36871957982
4682063;1;3;2;1;1;1;1;1;4;1; ; ;98;98; ;2;1;2;1;1;1;1;2;2;1;1;2;1;1;2;2;2;2;2;1;2;1;3;3;2; ;1;2;1;4;1;3;2;1;1;3;1;1;01;52;07;52;167,265580429349
4682064;1;1;1;1;1;1;1;1;4;3; ; ; ; ;250000;2;1;2;2;2;1;1;2;2;2;1;2;1;2;2;2;2;2;2;2;2;1;3;3;2; ;1;2;1;4;1;2;2;1;1;3;1;1;01;52;07;52;174,900192529337
4682065;1;2;2;1;1;1;1;1;4;3; ; ; ; ;400000;2;1;2;2;2;1;1;2;2;2;1;2;2;2;2;2;2;1;2;2;2;1;3;3;2; ;1;2;1;2;1;2;2;1;1;3;1;1;01;52;07;52;181,142264242078
4682066;1;5;4;1;1;1;1;1;4;3; ; ; ; ;850000;1;1;1;1;1;1;1;1;1;1;1;1;1;1;1;2;2;2;2;2;2;1;2;4;2; ;1;2;1;4;1;4;2;1;1;3;1;1;01;52;07;52;215,093234958417
4682067;1;2;2;3;2;1;1;1;4;3; ; ; ; ;250000;2;2;2;2;1;1;1;2;2;2;1;1;2;2;2;2;2;1;2;2;2;1;3;5;2; ;1;4;1;4;1;2;2;2;1;3;1;1;01;52;07;52;302,085798881903
4682068;1;2;1;3;1;1;1;1;4;3; ; ; ; ;350000;2;2;2;1;1;2;1;2;2;1;1;2;1;2;2;2;2;1;2;2;2;1;1;3;2; ;1;2;1;4;1;2;2;2;1;3;1;1;01;52;07;52;264,248468151497
4682069;1;3;1;1;1;1;1;1;4;3; ; ; ; ;600000;2;1;1;2;1;1;1;2;1;1;1;2;2;1;2;2;2;2;2;2;2;1;1;1;2; ;1;2;1;4;1;4;2;1;1;3;1;1;01;52;07;52;143,304933511673
4682070;1;2;1;3;1;1;1;1;4;3; ; ; ; ;300000;2;2;2;2;1;1;1;2;1;2;1;1;2;2;2;2;2;2;2;2;2;1;1;2;1;1;1;2;1;4;1;1;2;2;1;3;1;1;01;52;07;52;182,773460562156
4682071;1;5;4;1;1;1;1;1;4;3; ; ; ; ;550000;2;1;1;1;1;1;1;2;1;2;1;1;1;1;2;2;2;1;1;2;2;1;5;9;2; ;1;1;1;4;1;2;2;1;1;3;1;1;01;52;07;52;344,302016121685
4682072;1;4;3;3;1;1;1;1;4;3; ; ; ; ;350000;2;2;1;2;1;1;1;2;2;2;1;2;1;1;2;2;2;2;2;2;2;1;4;5;2; ;1;1;1;2;1;1;2;2;1;3;1;1;01;52;07;52;302,085798881903
4682073;1;3;1;3;1;1;1;1;4;3; ; ; ; ;120000;2;2;2;2;2;2;1;2;2;2;1;2;2;2;2;2;2;2;2;2;2;1;1;1;2; ;1;2;1;2;1;2;2;1;1;3;1;1;01;52;07;52;200,235034604018
4682074;1;4;3;1;1;4;1;1;4;1; ; ;40000000;100000; ;1;2;1;2;1;1;1;2;2;2;1;2;1;1;2;2;2;1;1;2;2;1;2;4;2; ;1;1;1;4;1;1;2;1;2; ;1;2;01;52;07;52;128,908951842858
4682075;1;2;1;1;1;4;1;1;2;5; ; ; ;150000; ;2;2;2;2;2;2;2;2;2;2;1;2;2;2;2;2;2;2;2;2;2;1;1;4;2; ;1;1;1;2;2; ;2;1;2; ;1;2;01;52;07;52;357,483103787724
4682076;1;3;1;1;1;1;1;1;4;3; ; ; ; ;600000;2;1;1;1;1;1;1;2;1;1;1;2;2;1;2;2;2;2;2;2;2;1;2;2;2; ;1;2;1;4;1;3;2;1;1;3;1;1;01;52;07;52;182,773460562156
4682077;1;4;1;1;1;1;1;1;4;3; ; ; ; ;680000;2;1;1;1;1;1;1;2;2;1;1;1;2;1;2;2;2;1;2;2;2;1;1;1;2; ;1;2;1;4;1;3;2;1;1;3;1;1;01;52;07;52;214,888017435905
4682078;1;3;2;1;1;1;1;1;4;3; ; ; ; ;500000;2;1;1;1;1;1;1;1;2;2;1;2;1;2;2;2;2;2;2;2;2;1;1;2;2; ;1;2;1;4;1;3;2;1;1;3;1;1;01;52;07;52;182,773460562156
4682079;1;1;1;1;1;1;1;1;4;3; ; ; ; ;300000;2;2;2;2;2;2;1;2;2;2;1;2;2;2;2;2;2;2;2;2;2;1;1;1;2; ;1;2;1;4;1;1;2;1;1;3;1;1;01;52;07;52;200,235034604018
4682080;1;1;1;1;1;1;1;1;4;3; ; ; ; ;230000;2;2;2;2;2;2;1;2;2;2;1;2;2;2;2;2;2;2;2;2;2;1;1;1;2; ;1;2;1;4;1;1;2;1;1;3;1;1;01;52;07;52;143,304933511673
4682081;1;2;1;1;1;1;1;1;4;3; ; ; ; ;200000;2;2;2;2;1;1;1;2;2;2;1;2;2;1;2;2;2;2;2;2;2;1;2;2;2; ;1;2;1;4;1;1;2;1;1;3;1;1;01;52;07;52;165,732784242825
4682082;1;4;2;1;1;1;1;1;4;4; ; ; ;98; ;2;1;1;2;1;2;1;2;2;2;1;2;2;1;2;2;2;2;2;2;2;1;2;2;2; ;1;1;1;4;1;4;2;1;1;3;1;1;01;52;07;52;243,557939879799
4682083;1;2;1;1;1;1;1;1;4;3; ; ; ; ;300000;2;1;1;2;2;1;1;2;2;2;1;1;2;1;2;2;2;2;2;1;2;1;1;1;2; ;1;2;1;4;1;1;2;1;1;3;1;1;01;52;07;52;143,304933511673
4682090;1;6;2;1;1;1;1;1;4;4; ; ; ;800000; ;2;1;1;1;1;1;1;2;1;1;1;2;2;1;2;2;2;2;2;1;2;1;2;2;2; ;1;1;1;4;1;4;2;1;1;3;1;1;01;52;07;52;159,490712530084
4682091;1;3;1;1;1;1;1;1;4;3; ; ; ; ;250000;2;2;2;2;1;1;1;2;2;2;1;2;1;2;2;2;2;2;2;2;2;1;2;2;2; ;1;2;1;4;1;2;2;1;1;3;1;1;01;52;07;52;158,714413510926
4682094;1;1;1;1;2;1;1;6; ;3; ; ; ; ;150000;2;2;2;2;2;2;2;2;2;2;1;2;2;2;2;2;2;2;2;2;2;1;1;1;2; ;1;3;5;2;1;1;2;1;1;3;1;1;01;52;07;52;214,111718416747
4682095;1;5;2;1;1;1;1;1;4;1; ; ;98;600000; ;1;1;1;1;1;1;1;2;1;1;1;1;1;1;1;2;2;1;1;1;2;1;2;3;2; ;1;1;1;4;1;4;2;1;1;3;1;1;01;52;07;52;174,123893510178
4682096;1;1;1;1;1;1;1;6; ;3; ; ; ; ;150000;2;2;2;2;2;2;2;2;2;2;2;2;2;2;2;2;2;2;2;2;2;1;2;2;2; ;1;2;1;4;1;2;2;1;1;3;1;1;01;52;07;52;230,297497435158
4682099;1;1;1;1;1;1;1;1;4;3; ; ; ; ;400000;2;2;2;2;2;1;1;2;2;2;1;2;2;2;2;2;2;2;2;2;2;1;1;2;2; ;1;2;1;4;1;2;2;1;1;3;1;1;01;52;07;52;248,062689133086
4682101;1;4;1;1;1;1;1;1;4;3; ; ; ; ;650000;2;1;1;1;1;1;1;2;1;1;1;1;1;1;2;2;2;2;2;1;2;1;2;2;2; ;1;2;1;4;1;3;2;1;1;3;1;1;01;52;07;52;161,98140155631
4682102;1;3;2;1;1;1;1;1;4;3; ; ; ; ;400000;2;2;2;1;1;1;1;2;2;1;1;2;1;2;2;2;2;2;2;2;2;1;2;3;2; ;1;2;1;4;1;2;2;1;1;3;1;1;01;52;07;52;263,472169132339
4682108;1;3;2;1;1;1;1;1;4;5; ; ; ;250000; ;2;2;2;2;1;1;1;2;2;2;1;2;2;2;2;2;1;2;2;2;2;1;2;3;2; ;1;1;1;2;1;1;2;1;1;3;1;2;01;54;07;54;682,350012818987
4682110;1;4;3;1;1;1;1;1;3;3; ; ; ; ;300000;2;1;1;1;1;1;1;1;2;2;1;2;2;2;2;2;1;2;2;2;2;1;2;5;2; ;1;1;1;4;1;2;1;1;1;3;1;2;01;54;07;54;419,685644808827
4682111;1;5;3;1;1;1;1;1;3;1; ; ;98;400000; ;2;1;1;1;1;1;1;2;2;2;1;1;1;1;2;2;1;2;2;1;2;1;3;4;2; ;1;2;1;4;1;2;1;1;1;3;1;2;01;54;07;54;273,190590005135
4682112;1;3;2;1;1;1;1;1;3;4; ; ; ;400000; ;2;1;2;2;1;1;1;2;2;2;1;2;2;2;2;2;1;1;2;2;2;1;2;3;1;1;1;1;1;2;1;1;1;1;1;3;1;2;01;54;07;54;353,337971261145
4682113;1;2;1;1;1;1;1;1;3;5; ; ; ;350000; ;2;2;2;2;1;1;1;2;2;2;1;2;2;2;2;2;2;1;2;2;2;1;1;2;2; ;1;1;1;4;1;2;1;1;1;3;1;2;01;54;07;54;274,110660507952
4682114;1;3;2;1;1;1;1;1;4;5; ; ; ;350000; ;2;1;1;1;1;1;1;1;2;2;1;1;1;1;2;2;1;2;1;2;2;1;2;5;2; ;1;1;1;4;1;2;2;1;1;3;1;2;01;54;07;54;395,546853356763
4682115;1;2;2;1;1;1;1;1;4;5; ; ; ;300000; ;2;1;2;2;1;1;1;2;2;2;1;1;2;2;2;2;1;2;2;2;2;1;2;9;2; ;1;1;1;2;1;2;2;1;1;3;1;2;01;54;07;54;466,62262891491
4682116;1;3;2;1;1;1;1;1;3;3; ; ; ; ;300000;2;1;1;1;1;1;1;2;2;2;1;1;1;1;2;2;1;2;1;2;2;1;3;5;2; ;1;1;1;4;1;2;1;1;1;3;1;2;01;54;07;54;445,803329963796
4682117;1;4;3;1;1;1;1;1;3;1; ; ;99;400000; ;2;1;1;1;1;1;1;2;2;2;1;2;2;2;2;2;1;2;2;1;2;1;2;4;2; ;1;1;1;4;1;3;1;1;1;3;1;2;01;54;07;54;427,705610452218
4682119;1;3;2;1;1;1;1;1;3;1; ; ;130000000;400000; ;1;1;1;1;1;1;1;1;2;2;1;2;2;2;2;2;1;1;1;2;2;1;2;4;2; ;1;1;1;4;1;2;1;1;1;3;1;2;01;54;07;54;388,047927267795
4682120;1;5;2;1;1;1;1;1;3;3; ; ; ; ;600000;2;1;1;1;1;1;1;2;2;2;1;1;1;1;2;2;1;1;2;1;2;1;2;3;2; ;1;1;1;4;1;3;1;1;1;3;1;1;01;54;07;54;375,375118602039
4682121;1;2;1;1;1;1;1;1;3;3; ; ; ; ;98;1;1;1;2;1;1;1;2;2;2;1;2;2;2;2;2;1;2;2;2;2;1;2;2;2; ;1;1;1;4;1;3;1;1;1;3;1;2;01;54;07;54;189,445121951213
4682121;2;1;1;1;2;1;1;6; ;3; ; ; ; ;200000;2;2;1;2;2;2;2;2;2;2;2;2;2;2;2;2;1;2;2;2;2;1;1;1;2; ;2;1;1;4;1;3;1;1;1;3;1;2;01;54;07;54;189,445121951213
4682121;3;1;1;1;1;1;1;6; ;3; ; ; ; ;200000;1;1;1;1;2;2;2;2;2;2;1;2;2;1;2;2;1;2;2;2;2;1;1;1;2; ;3;1;1;4;1;3;1;1;1;3;1;2;01;54;07;54;189,445121951213
4682123;1;5;3;1;1;1;1;1;3;3; ; ; ; ;450000;1;1;1;1;1;1;1;2;2;2;1;1;2;1;2;2;1;1;2;1;2;1;2;5;2; ;1;1;1;4;1;3;1;1;1;3;1;1;01;54;07;54;395,546853356763
4682126;1;4;3;1;1;1;1;1;3;1; ; ;99;600000; ;2;1;1;1;1;1;1;2;2;2;1;2;1;1;2;2;1;2;2;2;2;1;4;5;2; ;1;1;1;4;1;2;1;1;1;3;1;1;01;54;07;54;363,462268576175
4682127;1;4;3;1;1;1;1;1;3;1; ; ;60000000;350000; ;2;2;1;1;1;1;1;2;2;2;1;2;2;2;2;2;1;2;2;2;2;1;3;6;2; ;1;1;1;4;1;2;1;1;1;3;1;2;01;54;07;54;360,468182830211
4682128;1;2;2;1;1;1;1;2;4;4; ; ; ;98; ;2;2;2;2;1;1;1;2;2;2;1;2;2;2;2;2;1;2;2;2;2;1;2;4;2; ;1;4;1;4;1;2;2;1;1;3;1;2;01;54;07;54;339,745092092573
4682129;1;4;3;1;1;1;1;1;3;1; ; ;90000000;350000; ;1;1;1;1;1;1;1;1;1;2;1;1;1;1;2;1;1;1;1;1;2;1;4;4;2; ;1;1;1;4;1;2;1;1;1;3;1;2;01;54;07;54;381,072728293717
4682130;1;3;1;1;1;1;1;1;3;1; ; ;70000000;300000; ;2;2;2;2;1;1;1;2;2;2;1;2;2;2;2;2;1;2;2;2;2;1;1;1;2; ;1;1;1;4;1;2;1;1;1;3;1;2;01;54;07;54;384,986884542497
4682135;1;3;1;1;1;1;1;1;3;5; ; ; ;350000; ;2;1;2;1;1;1;1;2;2;2;1;2;1;2;2;2;1;2;1;2;2;1;1;1;2; ;1;1;1;4;1;2;1;1;1;3;1;2;01;54;07;54;408,4124340315
4682136;1;4;3;1;1;1;1;1;3;1; ; ;98;98; ;2;2;2;1;1;1;1;2;2;2;1;2;2;2;2;2;1;2;2;2;2;1;3;10;2; ;1;1;1;4;1;2;1;1;1;3;1;2;01;54;07;54;398,638212510552
4682138;1;4;3;1;1;1;1;1;3;1; ; ;40000000;250000; ;1;1;2;1;1;1;1;2;2;2;1;2;2;2;2;2;1;2;2;2;2;1;2;5;2; ;1;1;1;4;1;3;1;1;1;3;1;2;01;54;07;54;328,992351269325
4682139;1;5;4;1;1;1;1;1;4;5; ; ; ;400000; ;2;2;2;2;2;2;1;2;2;2;1;2;2;2;2;2;2;2;2;2;2;1;1;8;2; ;1;1;1;2;1;2;2;1;1;3;1;2;01;54;07;54;471,570356092684
4682140;1;6;4;1;1;1;1;1;3;5; ; ; ;500000; ;2;2;2;2;1;1;1;2;2;2;2;2;1;1;2;2;1;2;2;2;2;1;2;8;2; ;1;1;1;2;1;2;1;1;1;3;1;2;01;54;07;54;359,16210559479
4682141;1;3;2;1;2;1;1;1;4;1; ; ;99;300000; ;2;2;2;1;1;1;1;2;2;2;1;2;2;2;2;2;1;2;2;2;2;2; ;2;2; ;1;1;1;2;1;2;2;1;1;3;1;2;01;54;07;54;302,71278013421
4682141;2;1;1;1;2;1;1;1;4;4; ; ; ;100000; ;2;1;2;2;1;1;1;2;2;2;1;2;2;2;2;2;1;2;1;2;2;1;1;3;2; ;2;1;1;2;1;2;2;1;1;3;1;2;01;54;07;54;302,71278013421
4682142;1;3;2;1;1;1;1;1;3;5; ; ; ;400000; ;2;1;2;2;1;1;1;2;2;2;1;2;1;2;2;2;1;1;1;2;2;1;2;4;2; ;1;1;1;4;1;2;1;1;1;3;1;2;01;54;07;54;404,897308731114
4682146;1;4;2;1;1;1;1;3;3;5; ; ; ;400000; ;2;1;1;1;1;1;1;2;2;2;1;2;2;2;2;2;1;2;1;2;2;1;2;3;2; ;1;1;1;4;1;2;1;1;1;3;1;2;01;54;07;54;358,52573713872
4682147;1;3;2;1;1;1;1;1;4;4; ; ; ;700000; ;1;1;1;1;1;1;1;2;1;2;1;2;2;2;2;2;1;2;2;2;2;1;3;3;2; ;1;1;1;4;1;2;2;1;1;3;1;2;01;54;07;54;332,246166003605
4682148;1;5;4;1;1;1;1;1;3;1; ; ;140000000;500000; ;1;1;1;2;1;1;1;2;2;2;1;2;2;1;2;2;1;2;2;1;2;1;2;6;2; ;1;1;1;4;1;2;1;1;1;3;1;2;01;54;07;54;535,066709186377
4682149;1;3;2;1;1;1;1;1;3;1; ; ;65000000;300000; ;2;1;2;1;1;1;1;2;2;2;1;2;2;2;2;2;1;2;2;2;2;1;1;2;2; ;1;1;1;4;1;2;1;1;1;3;1;2;01;54;07;54;377,970173399609
4682151;1;3;2;1;1;1;1;1;3;5; ; ; ;350000; ;2;1;1;1;1;1;1;2;2;2;1;2;2;2;2;2;1;2;1;2;2;1;2;4;2; ;1;2;1;2;1;3;1;1;1;3;1;2;01;54;07;54;390,001568699606
4682152;1;4;3;1;1;1;1;1;3;5; ; ; ;500000; ;2;2;2;1;1;1;1;2;2;2;1;2;2;2;2;2;1;2;1;1;2;1;4;4;2; ;1;1;1;4;1;2;1;1;1;3;1;2;01;54;07;54;268,002824127561
4682153;1;4;2;1;1;1;1;1;3;1; ; ;99;700000; ;1;1;1;1;1;1;1;2;2;2;1;2;1;1;2;2;1;2;2;1;2;1;2;4;2; ;1;1;1;4;1;3;1;1;1;3;1;2;01;54;07;54;431,176879866229
4682155;1;4;3;1;1;1;1;1;3;1; ; ;200000000;1000000; ;1;1;1;1;1;1;1;1;1;2;1;2;1;1;2;1;1;2;2;1;2;1;4;4;2; ;1;1;1;4;1;3;1;1;1;3;1;2;01;54;07;54;427,705610452218
4682157;1;3;1;1;1;1;1;1;3;4; ; ; ;400000; ;1;1;1;1;1;1;1;2;2;2;1;1;1;1;2;2;1;2;2;2;2;1;1;2;2; ;1;1;1;4;1;2;1;1;1;3;1;2;01;54;07;54;340,665162595389
4682158;1;4;2;1;1;1;1;1;3;1; ; ;98;650000; ;1;1;1;1;1;1;1;1;2;2;1;2;2;1;2;2;1;2;2;1;2;1;2;3;2; ;1;1;1;4;1;4;1;1;1;3;1;2;01;54;07;54;521,969597991692
4682194;1;4;2;1;1;1;1;1;3;1; ; ;100000000;500000; ;1;1;1;1;1;1;1;1;1;1;1;1;1;1;2;2;2;2;1;2;2;1;3;3;2; ;1;1;1;4;1;2;1;1;1;2;1;1;01;66;07;66;307,182324891912
4682195;1;4;3;1;1;1;1;1;3;1; ; ;450000;2000000; ;1;1;1;1;1;1;1;1;2;1;1;1;1;1;2;2;2;2;2;1;1;1;4;4;2; ;1;2;1;4;1;6;1;1;1;2;1;1;01;66;07;66;541,704342500086
4682197;1;4;2;1;1;1;1;1;3;3; ; ; ; ;430000;1;1;1;1;1;1;1;2;2;2;1;2;1;2;2;2;2;2;2;2;2;1;2;3;2; ;1;2;1;4;1;2;1;1;1;2;1;1;01;66;07;66;337,919133479816
4682198;1;4;2;1;1;1;1;1;3;1; ; ;80000000;500000; ;1;1;1;1;1;1;1;2;1;2;1;2;2;1;2;2;1;1;2;2;2;1;4;4;2; ;1;1;1;4;1;2;1;1;1;2;1;1;01;66;07;66;340,151099504572
4682199;1;1;1;1;2;1;1;6; ;3; ; ; ; ;120000;2;2;2;2;2;2;2;2;2;2;1;2;2;2;2;2;2;2;2;2;2;2; ;1;2; ;1;3;1;2;1;3;2;1;1;2;1;1;01;66;07;66;291,874574697251
4682200;1;4;2;1;1;1;1;1;3;3; ; ; ; ;560000;1;1;1;1;1;1;1;2;1;1;1;1;1;1;2;2;2;2;2;1;2;1;3;3;2; ;1;2;1;4;1;4;1;1;1;2;1;1;01;66;07;66;250,150495432431
4682201;1;5;4;1;1;1;1;1;3;1; ; ;98;350000; ;1;1;1;1;1;1;1;2;2;1;1;2;1;1;2;2;2;1;1;2;2;1;5;5;2; ;1;1;1;2;1;1;1;1;1;2;1;1;01;66;07;66;265,23816769525
4682203;1;3;2;1;1;1;1;1;3;3; ; ; ; ;460000;1;2;1;2;1;1;1;2;2;2;1;2;2;2;2;2;2;2;2;2;2;1;2;3;2; ;1;2;1;4;1;3;1;1;1;2;1;1;01;66;07;66;382,372280749512
4682204;1;4;1;1;1;1;1;1;3;3; ; ; ; ;460000;2;1;2;1;1;1;1;2;2;2;1;2;1;1;2;2;2;2;1;2;2;1;1;1;2; ;1;2;1;4;1;3;1;1;1;2;1;1;01;66;07;66;238,629987796913
4682205;1;3;1;1;1;1;1;1;3;3; ; ; ; ;400000;2;2;1;2;2;2;1;2;2;2;2;2;2;2;2;2;2;2;2;2;2;1;1;1;2; ;1;1;1;4;1;4;1;1;1;2;1;1;01;66;07;66;311,055924815056
4682207;1;4;1;1;1;1;1;1;3;3; ; ; ; ;1600000;1;1;1;1;1;1;1;1;1;1;1;1;1;1;2;2;2;1;2;1;1;1;1;1;2; ;1;2;1;4;1;6;1;1;1;2;1;1;01;66;07;66;583,749149394501
4682208;1;4;1;1;1;1;1;1;3;3; ; ; ; ;450000;2;1;1;1;1;1;1;2;2;2;1;2;2;2;2;2;2;2;2;2;2;1;1;1;2; ;1;1;1;4;1;4;1;1;1;2;1;1;01;66;07;66;307,488760187756
4682210;1;6;2;1;1;1;1;1;3;4; ; ; ;450000; ;1;1;1;1;1;1;1;2;2;2;1;2;1;2;2;2;2;2;2;2;2;1;2;2;2; ;1;1;1;4;1;4;1;1;1;2;1;1;01;66;07;66;241,251194501447
4682212;1;1;1;1;2;1;1;2;4;3; ; ; ; ;120000;2;2;2;2;1;1;1;2;2;2;1;2;1;2;2;2;2;2;2;2;2;1;1;1;2; ;1;3;1;4;1;3;2;1;1;2;1;1;01;66;07;66;223,896605379292
4682213;1;1;1;1;2;1;1;1;1;3; ; ; ; ;120000;2;2;2;2;2;1;1;2;2;2;1;2;2;2;2;2;2;2;2;2;2;1;1;1;2; ;1;3;1;4;1;3;2;1;1;2;1;1;01;66;07;66;223,896605379292
4682215;1;6;3;1;1;1;1;1;3;1; ; ;190000000;500000; ;1;1;1;1;1;1;1;1;2;1;1;2;1;2;2;2;2;2;2;2;2;1;1;3;2; ;1;2;1;3;1;4;1;1;1;2;1;1;01;66;07;66;254,818541064459
4682217;1;5;4;1;1;1;1;1;3;1; ; ;80000000;450000; ;1;1;1;1;1;1;1;1;2;2;1;2;1;1;2;2;2;2;2;2;2;1;3;6;2; ;1;1;1;4;1;2;1;1;1;2;1;1;01;66;07;66;371,242197937674
4682219;1;5;4;1;1;1;1;1;3;3; ; ; ; ;550000;1;1;1;1;1;1;1;1;2;2;1;1;1;2;2;2;2;2;2;2;2;1;5;6;2; ;1;1;1;4;1;2;1;1;1;2;1;1;01;66;07;66;378,621173168852
4682220;1;4;3;1;1;1;1;1;3;1; ; ;90000000;450000; ;1;1;1;1;1;1;1;2;2;1;1;1;1;1;2;2;1;1;2;2;2;1;3;5;1;2;1;1;1;4;1;2;1;1;1;2;1;1;01;66;07;66;369,23030984476
4682221;1;3;2;1;1;1;1;1;3;3; ; ; ; ;450000;2;1;2;1;1;1;1;2;2;2;1;2;1;2;2;2;2;2;2;2;2;1;2;3;2; ;1;2;1;4;1;3;1;1;1;2;1;1;01;66;07;66;382,372280749512
4682223;1;3;2;1;1;1;1;1;3;3; ; ; ; ;270000;2;1;1;1;1;1;1;2;2;2;1;2;1;2;2;2;1;2;1;2;2;1;2;2;2; ;1;1;1;4;1;2;1;1;1;2;1;1;01;66;07;66;255,764498987224
4682224;1;5;3;1;1;1;1;1;3;3; ; ; ; ;600000;2;1;1;1;1;1;1;1;2;2;1;2;2;2;2;2;2;2;1;2;2;1;2;4;2; ;1;1;1;4;1;3;1;1;1;2;1;1;01;66;07;66;305,135485964419
4682225;1;4;3;1;1;1;1;1;3;1; ; ;150000000;800000; ;1;1;1;1;1;1;1;1;1;1;1;2;2;2;2;2;2;2;2;1;2;1;2;3;2; ;1;1;1;4;1;3;1;1;1;2;1;1;01;66;07;66;219,802927524305
4682226;1;4;3;1;1;1;1;1;3;3; ; ; ; ;420000;1;1;1;1;1;1;1;1;2;2;1;1;1;1;2;2;1;1;1;1;2;1;2;3;2; ;1;1;1;4;1;3;1;1;1;2;1;1;01;66;07;66;313,513508358669
4682229;1;4;2;1;1;1;1;1;3;1; ; ;120000000;700000; ;1;1;1;1;1;1;1;2;2;1;1;2;1;1;2;2;2;1;2;2;2;1;2;2;2; ;1;2;1;4;1;4;1;1;1;2;1;1;01;66;07;66;255,764498987224
4682230;1;4;3;1;1;1;1;1;3;3; ; ; ; ;900000;2;1;1;1;1;1;1;1;2;1;1;2;1;1;2;2;2;2;1;2;2;2; ;5;2; ;1;1;1;4;1;3;1;1;1;2;1;1;01;66;07;66;181,866090818628
4682231;1;4;3;1;2;1;1;1;3;3; ; ; ; ;400000;2;2;2;2;1;1;1;1;2;2;1;1;1;2;2;2;2;2;1;2;2;1;2;4;2; ;1;2;1;4;1;2;1;1;1;2;1;1;01;66;07;66;355,273722601971
4682234;1;3;1;1;1;1;1;1;3;1; ; ;160000000;650000; ;2;1;1;1;1;1;1;1;1;1;1;1;1;1;1;2;2;2;2;1;2;1;3;3;2; ;1;1;1;4;1;3;1;1;1;2;1;1;01;66;07;66;181,291723041588
4682235;1;4;3;1;1;1;1;1;3;2; ;500000;150000000;500000; ;2;2;2;1;2;1;1;2;2;2;1;2;2;2;2;2;2;1;2;2;2;1;2;7;2; ;1;1;1;4;1;3;1;1;1;2;1;1;01;66;07;66;351,340995287633
4682236;1;1;1;1;2;1;1;6; ;3; ; ; ; ;120000;2;2;2;2;2;2;2;2;2;2;1;2;2;2;2;2;2;1;2;2;2;1;1;1;2; ;1;3;1;4;1;3;2;1;1;2;1;1;01;66;07;66;223,896605379292
4682237;1;1;1;1;2;1;1;6; ;3; ; ; ; ;160000;2;2;2;2;2;2;2;2;2;2;2;2;2;2;2;2;2;2;1;2;2;1;1;1;2; ;1;3;1;4;1;3;2;1;1;2;1;1;01;66;07;66;291,874574697251
4682238;1;4;2;1;1;1;1;1;3;3; ; ; ; ;400000;1;1;1;1;1;1;1;2;2;2;1;1;1;1;2;2;2;2;2;2;2;1;3;3;2; ;1;2;1;4;1;2;1;1;1;2;1;1;01;66;07;66;253,717660059731
4682239;1;3;2;1;1;1;1;1;3;3; ; ; ; ;400000;2;1;2;1;1;1;1;2;2;2;1;2;2;2;2;2;2;2;2;2;2;2; ;3;2; ;1;1;1;4;1;2;1;1;1;2;1;1;01;66;07;66;416,896331896559
4682240;1;3;2;1;1;1;1;1;3;3; ; ; ; ;380000;2;1;1;1;1;1;1;2;2;2;1;2;2;1;2;2;2;1;1;2;2;1;3;3;2; ;1;2;1;4;1;2;1;1;1;2;1;1;01;66;07;66;253,717660059731
4682242;1;3;1;1;1;1;1;1;3;3; ; ; ; ;450000;2;2;2;2;1;1;1;2;2;2;1;2;2;2;2;2;2;2;2;2;2;1;2;2;2; ;1;1;1;4;1;2;1;1;1;2;1;1;01;66;07;66;241,251194501447
4682243;1;4;3;1;1;1;1;1;3;3; ; ; ; ;450000;1;1;1;1;1;1;1;2;2;2;1;2;1;1;2;2;2;2;2;2;2;1;2;4;2; ;1;2;1;4;1;2;1;1;1;2;1;1;01;66;07;66;439,255118090212
4682244;1;3;2;1;1;1;1;1;3;3; ; ; ; ;250000;2;1;1;2;1;1;1;2;2;2;1;2;2;2;2;2;2;2;2;2;2;1;2;3;2; ;1;2;1;4;1;2;1;1;1;2;1;1;01;66;07;66;332,694858476474
4682246;1;4;3;1;1;1;1;1;3;3; ; ; ; ;430000;2;2;1;1;1;1;1;1;2;2;1;2;1;2;2;2;2;2;2;2;2;1;4;5;2; ;1;2;1;4;1;2;1;1;1;2;1;1;01;66;07;66;146,960706812372
4682247;1;5;4;1;1;1;1;1;3;4; ; ; ;800000; ;1;1;1;1;1;1;1;2;1;2;1;2;1;1;2;2;1;1;1;2;2;1;4;4;2; ;1;1;1;4;1;3;1;1;1;2;1;1;01;66;07;66;290,033521367848
4682248;1;3;2;1;1;1;1;1;3;3; ; ; ; ;250000;2;1;2;1;1;1;1;2;2;2;1;2;2;2;2;2;1;2;2;2;2;1;2;3;2; ;1;2;1;4;1;2;1;1;1;2;1;1;01;66;07;66;254,818541064459
4682251;1;4;1;1;1;1;1;1;3;1; ; ;120000000;550000; ;1;1;1;1;1;1;1;2;1;2;1;1;1;1;2;2;2;1;2;2;2;1;2;2;1;2;1;1;1;4;1;3;1;1;1;2;1;1;01;66;07;66;241,251194501447
4682252;1;3;1;1;1;1;1;1;3;4; ; ; ;600000; ;2;1;1;1;1;1;1;1;2;2;1;2;1;1;2;2;2;2;2;1;2;1;2;2;2; ;1;2;1;4;1;3;1;1;1;2;1;1;01;66;07;66;236,583148869419
4682253;1;3;2;1;1;1;1;1;3;3; ; ; ; ;500000;2;1;1;1;1;1;1;2;2;2;1;1;1;1;2;2;1;2;2;1;2;1;2;2;2; ;1;2;1;4;1;3;1;1;1;2;1;1;01;66;07;66;241,031116569604
4682254;1;4;2;1;1;1;1;1;3;3; ; ; ; ;550000;1;1;1;1;1;1;1;2;2;2;1;1;2;1;2;2;2;2;2;1;2;1;1;2;2; ;1;2;1;4;1;4;1;1;1;2;1;1;01;66;07;66;241,251194501447
4682255;1;3;2;1;1;1;1;1;3;4; ; ; ;400000; ;2;1;1;1;1;1;1;2;2;2;1;2;2;1;2;2;2;2;2;2;2;1;1;2;1;1;1;2;1;4;1;3;1;1;1;2;1;1;01;66;07;66;384,419119677006
4682256;1;4;3;1;1;1;1;1;3;4; ; ; ;600000; ;1;1;1;1;1;1;1;1;2;1;1;1;1;1;2;2;2;2;2;2;2;1;4;4;2; ;1;2;1;4;1;4;1;1;1;2;1;1;01;66;07;66;267,505084554586
4682257;1;5;4;1;1;1;1;1;3;3; ; ; ; ;460000;1;1;1;1;1;1;1;2;2;1;1;2;1;1;2;2;2;2;2;2;2;1;4;5;2; ;1;2;1;4;1;3;1;1;1;2;1;1;01;66;07;66;372,408233792282
4682258;1;4;1;1;1;1;1;1;3;3; ; ; ; ;650000;1;1;1;1;1;1;1;1;2;2;1;1;1;1;2;2;1;2;2;1;2;1;1;1;1;3;1;2;1;4;1;4;1;1;1;2;1;1;01;66;07;66;238,629987796913
4682259;1;4;2;1;1;1;1;1;3;3; ; ; ; ;500000;2;1;1;1;1;1;1;1;2;2;1;2;1;2;2;2;2;2;2;2;2;1;2;3;2; ;1;1;1;4;1;3;1;1;1;2;1;1;01;66;07;66;146,960706812372
4682260;1;4;3;1;1;1;1;1;3;3; ; ; ; ;500000;2;1;1;1;1;1;1;2;2;2;1;2;2;1;2;2;2;2;2;1;2;1;3;3;2; ;1;2;1;4;1;4;1;1;1;2;1;1;01;66;07;66;272,899010177536
4682261;1;4;2;1;1;1;1;1;3;3; ; ; ; ;620000;2;1;1;1;1;1;1;2;1;1;1;2;2;1;2;2;2;2;2;2;2;1;2;2;2; ;1;2;1;4;1;4;1;1;1;2;1;1;01;66;07;66;236,583148869419
4682262;1;4;1;1;1;1;1;1;3;3; ; ; ; ;500000;1;1;1;1;1;1;1;2;2;2;1;2;1;2;2;2;2;2;2;2;2;1;2;2;2; ;1;2;1;4;1;4;1;1;1;2;1;1;01;66;07;66;236,583148869419
4682266;1;6;5;1;1;1;1;1;3;3; ; ; ; ;700000;1;2;1;2;1;1;1;1;2;2;1;2;2;1;2;2;2;2;2;2;2;1;1;7;2; ;1;2;1;4;1;2;1;1;1;3;1;1;01;68;07;68;698,193418441711
4682267;1;2;1;1;1;1;1;1;3;4; ; ; ;500000; ;1;1;1;2;1;1;1;2;2;2;1;2;2;2;2;2;2;2;2;2;2;1;1;3;1;2;1;2;1;4;1;2;1;1;1;3;1;1;01;68;07;68;260,263499322054
4682267;2;1;1;1;2;1;1;1;3;3; ; ; ; ;200000;1;1;2;2;1;1;1;2;2;2;1;2;2;2;2;2;2;2;2;2;2;1;2;2;2; ;2;2;1;4;1;2;1;1;1;3;1;1;01;68;07;68;260,263499322054
4682267;3;1;1;1;2;1;1;6; ;3; ; ; ; ;100000;1;1;2;2;2;2;2;2;2;2;2;2;2;2;2;2;2;2;2;2;2;2; ;1;2; ;3;2;1;4;1;2;1;1;1;3;1;1;01;68;07;68;260,263499322054
4682268;1;5;3;1;1;1;1;1;3;1; ; ;80000000;400000; ;1;1;2;2;1;1;1;2;2;2;1;1;2;2;2;2;2;2;2;2;2;1;1;3;2; ;1;1;1;4;1;2;1;1;1;3;1;1;01;68;07;68;500,788353192958
4682269;1;4;2;1;1;1;1;1;3;3; ; ; ; ;750000;1;1;1;1;1;1;1;2;2;2;1;1;1;1;2;2;1;1;2;2;2;1;3;3;1;1;1;2;1;4;1;3;1;1;1;6;1;1;01;68;07;68;814,847617790039
4682270;1;5;2;1;1;1;1;1;3;1; ; ;155000000;600000; ;2;1;2;1;1;1;1;2;2;2;1;2;1;2;2;2;2;2;1;2;2;1;3;3;2; ;1;1;1;4;1;3;1;1;1;3;1;1;01;68;07;68;553,099629211295
4682271;1;4;3;1;1;1;1;1;3;1; ; ;120000000;600000; ;1;1;1;1;1;1;1;1;1;2;1;2;2;1;2;2;1;2;2;1;2;1;4;4;2; ;1;1;1;4;1;2;1;1;1;3;1;1;01;68;07;68;567,58873819398
4682272;1;4;3;1;1;1;1;1;3;3; ; ; ; ;550000;1;1;2;1;1;1;1;2;2;2;1;2;2;2;2;2;2;2;2;2;2;1;1;5;2; ;1;1;1;4;1;3;1;1;1;3;1;1;01;68;07;68;313,664343935439
4682273;1;4;3;1;1;1;1;1;3;3; ; ; ; ;99;1;1;1;1;1;1;1;2;2;2;1;2;2;2;2;2;2;2;1;2;2;1;3;7;2; ;1;1;1;4;1;3;1;1;1;3;1;1;01;68;07;68;229,393162972135
4682274;1;3;2;1;1;1;1;1;3;3; ; ; ; ;300000;2;1;2;1;2;1;1;2;2;2;1;2;2;2;2;2;2;2;2;2;2;1;1;5;2; ;1;2;1;4;1;1;1;1;1;3;1;1;01;68;07;68;493,630622053535
4682275;1;4;2;1;1;1;1;3;3;3; ; ; ; ;350000;1;1;1;1;1;1;1;2;2;2;1;2;2;1;2;2;2;2;2;2;2;1;1;3;2; ;1;1;1;4;1;1;1;1;1;3;1;1;01;68;07;68;435,729835653877
4682276;1;5;2;1;1;1;1;1;3;1; ; ;99;800000; ;1;1;2;1;1;1;1;2;2;2;1;2;1;2;2;2;2;2;2;2;2;1;2;3;2; ;1;2;1;4;1;3;1;1;1;3;1;1;01;68;07;68;182,470058694698
4682277;1;4;2;1;1;1;1;3;3;3; ; ; ; ;450000;1;1;2;1;1;2;1;2;2;2;1;2;2;2;2;2;2;2;2;1;2;1;3;3;2; ;1;2;1;2;1;1;1;1;1;3;1;1;01;68;07;68;623,707691796842
4682278;1;3;2;1;1;1;1;1;3;3; ; ; ; ;400000;2;1;1;2;1;1;1;2;2;2;1;1;1;1;2;2;1;2;1;2;2;1;2;5;2; ;1;2;1;4;1;3;1;1;1;3;1;1;01;68;07;68;644,447547384563
4682279;1;3;2;1;1;1;1;1;3;3; ; ; ; ;400000;2;1;1;1;1;1;1;2;2;2;1;2;1;1;2;2;1;1;2;1;2;1;2;4;2; ;1;2;1;4;1;3;1;1;1;3;1;1;01;68;07;68;675,610706558403
4682280;1;3;2;1;1;1;1;1;3;3; ; ; ; ;800000;1;1;1;1;1;1;1;1;2;2;1;1;1;1;2;2;1;1;2;1;2;1;2;3;2; ;1;2;1;4;1;4;1;1;1;6;1;1;01;68;07;68;606,543106078107
4682281;1;5;3;1;1;1;1;1;3;1; ; ;99;500000; ;1;1;1;1;1;1;1;2;2;2;1;1;1;1;2;2;2;2;1;2;2;1;4;6;2; ;1;1;1;4;1;2;1;1;1;3;1;1;01;68;07;68;580,534571289091
4682282;1;3;2;1;1;1;1;1;3;3; ; ; ; ;450000;2;1;2;1;1;1;1;2;2;2;1;2;1;2;2;2;1;1;1;2;2;1;2;3;2; ;1;2;1;4;1;3;1;1;1;3;1;1;01;68;07;68;628,170803467385
4682283;1;3;1;1;1;1;1;1;3;3; ; ; ; ;1000000;2;2;1;1;1;1;1;2;2;2;1;2;2;1;2;2;1;2;2;2;2;1;1;1;2; ;1;2;1;4;1;4;1;1;1;6;1;1;01;68;07;68;647,040749849809
4682284;1;3;2;1;1;1;1;1;3;3; ; ; ; ;500000;2;2;1;1;1;1;1;2;2;2;1;2;1;2;2;2;1;1;1;2;2;1;2;3;2; ;1;2;1;4;1;3;1;1;1;3;1;1;01;68;07;68;606,543106078107
4682285;1;4;3;1;1;1;1;1;3;3; ; ; ; ;700000;1;1;1;1;1;1;1;2;2;2;1;2;2;2;2;2;2;2;1;2;2;1;3;4;2; ;1;1;1;4;1;2;1;1;1;3;1;1;01;68;07;68;590,348636431733
4682288;1;5;3;1;1;1;1;1;3;1; ; ;98;700000; ;1;1;2;1;1;1;1;1;2;2;1;1;2;2;2;2;2;2;2;2;2;1;3;7;2; ;1;1;1;2;1;2;1;1;1;3;1;1;01;68;07;68;357,883803253608
4682289;1;4;3;1;1;1;1;1;3;3; ; ; ; ;550000;1;1;1;1;1;1;1;1;1;2;1;1;1;1;2;2;1;2;1;2;2;1;3;3;2; ;1;2;1;4;1;3;1;1;1;3;1;1;01;68;07;68;168,317045315269
4682290;1;3;1;1;1;1;1;1;3;1; ; ;80000000;500000; ;1;1;2;2;1;1;1;2;2;2;1;2;2;2;2;2;2;2;2;2;2;1;1;1;2; ;1;1;1;4;1;3;1;1;1;3;1;1;01;68;07;68;412,096769022909
4682291;1;3;2;1;1;1;1;1;3;4; ; ; ;300000; ;2;2;2;1;1;2;1;2;2;2;1;1;2;2;2;2;2;2;2;2;2;1;1;4;2; ;1;2;1;4;1;1;1;1;1;3;1;1;01;68;07;68;590,530292110666
4682292;1;4;3;1;1;1;1;1;3;2; ;800000;80000000;900000; ;1;1;2;1;1;1;1;2;2;2;1;2;2;2;2;2;2;2;2;2;2;1;2;5;2; ;1;2;1;4;1;2;1;1;1;3;1;1;01;68;07;68;346,251826685906
4682293;1;4;3;1;1;1;1;1;3;3; ; ; ; ;550000;1;1;1;1;1;1;1;2;2;2;1;1;1;1;2;2;1;2;2;1;2;1;2;4;2; ;1;1;1;4;1;2;1;1;1;3;1;1;01;68;07;68;625,495326731335
4682294;1;3;2;1;1;1;1;1;3;2; ;300000;60000000;500000; ;1;1;1;1;1;1;1;2;2;2;1;1;1;1;2;2;2;2;1;2;2;1;1;3;2; ;1;2;1;4;1;2;1;1;1;3;1;1;01;68;07;68;571,578071457438
4682295;1;4;3;1;1;1;1;1;3;3; ; ; ; ;600000;2;1;1;1;1;1;1;2;1;2;1;1;2;1;2;2;1;2;1;2;2;1;2;3;2; ;1;2;1;4;1;3;1;1;1;6;1;1;01;68;07;68;1180,69727286347
4682295;2;1;1;1;1;1;1;1;3;3; ; ; ; ;280000;2;1;1;1;1;1;1;1;1;2;2;2;2;2;2;2;1;2;2;2;2;1;1;1;2; ;2;2;1;4;1;3;1;1;1;6;1;1;01;68;07;68;1180,69727286347
4682296;1;3;2;1;1;1;1;1;3;3; ; ; ; ;500000;1;1;1;1;1;1;1;1;2;2;1;1;1;2;2;2;1;2;1;2;2;1;2;4;2; ;1;2;1;4;1;2;1;1;1;3;1;1;01;68;07;68;603,867629342057
4682297;1;3;1;1;1;1;1;1;3;3; ; ; ; ;553000;1;1;1;1;1;1;1;2;1;2;1;2;2;2;2;2;2;1;1;2;2;1;2;3;2; ;1;2;1;4;1;2;1;1;1;3;1;1;01;68;07;68;470,876525953479
4682298;1;3;2;1;1;1;1;1;3;3; ; ; ; ;750000;1;1;1;1;1;1;1;1;2;2;1;1;2;1;2;2;1;2;1;2;2;1;2;4;2; ;1;2;1;4;1;3;1;1;1;5;1;1;01;68;07;68;1039,48114769237
4682299;1;4;3;1;1;1;1;1;3;1; ; ;99;600000; ;2;1;1;1;1;1;1;2;2;2;1;2;2;2;2;2;2;1;2;1;2;1;3;4;2; ;1;1;1;4;1;3;1;1;1;3;1;1;01;68;07;68;590,549613618435
4682300;1;5;1;1;1;1;1;1;3;4; ; ; ;700000; ;1;1;2;2;1;1;1;2;2;2;1;2;2;2;2;2;2;2;2;2;2;2; ;1;2; ;1;1;1;4;1;2;1;1;1;3;1;1;01;68;07;68;538,610520228609
4682300;2;1;1;1;2;1;1;6; ;3; ; ; ; ;150000;1;1;2;2;2;2;2;2;2;2;2;2;2;2;2;2;2;2;2;2;2;1;1;1;2; ;2;1;1;4;1;2;1;1;1;3;1;1;01;68;07;68;538,610520228609
4682306;1;3;2;1;1;1;1;1;3;3; ; ; ; ;400000;2;1;1;1;1;1;1;2;2;2;1;1;1;1;1;2;2;2;1;2;2;1;2;4;2; ;1;2;1;4;1;1;1;1;1;3;1;1;01;68;07;68;603,867629342057
4682308;1;3;2;1;1;1;1;1;3;3; ; ; ; ;600000;2;1;1;2;1;1;1;2;2;2;1;2;2;2;2;2;2;2;2;2;2;1;2;4;2; ;1;2;1;4;1;2;1;1;1;3;1;1;01;68;07;68;603,867629342057
4682310;1;2;1;1;2;1;1;1;3;1; ; ;140000000;800000; ;2;1;2;1;1;1;1;2;1;2;1;1;1;2;2;2;1;2;1;2;2;1;2;2;2; ;1;2;1;4;1;3;1;1;1;6;1;1;01;68;07;68;1142,79283155701
4682310;2;1;1;1;1;1;1;6; ;3; ; ; ; ;300000;2;2;2;1;1;1;2;2;2;2;1;2;1;2;2;2;2;2;2;2;2;1;1;1;2; ;2;2;1;4;1;3;1;1;1;6;1;1;01;68;07;68;1142,79283155701
4682311;1;3;1;1;1;1;1;1;3;2; ;1100000;150000000;900000; ;1;1;1;1;1;1;1;1;2;2;1;1;1;1;2;2;1;2;2;1;2;1;2;2;2; ;1;2;1;4;1;3;1;1;1;6;1;1;01;68;07;68;1218,43716562831
4682312;1;6;3;1;1;1;1;1;3;2; ;600000;230000000;800000; ;1;1;1;1;1;1;1;2;2;1;1;2;1;1;2;2;1;2;2;2;2;1;2;3;1;1;1;1;1;4;1;3;1;1;1;3;1;1;01;68;07;68;336,634090630539
4682314;1;3;1;1;1;1;1;1;3;3; ; ; ; ;850000;2;1;1;1;1;1;1;2;2;2;1;1;1;1;2;2;1;2;2;2;2;1;1;1;2; ;1;2;1;4;1;4;1;1;1;6;1;1;01;68;07;68;647,040749849809
4682316;1;5;4;1;1;1;1;1;3;1; ; ;99;600000; ;1;1;1;2;1;1;1;2;2;2;1;2;1;1;2;2;2;1;1;2;2;1;4;10;2; ;1;2;1;4;1;2;1;1;1;3;1;1;01;68;07;68;475,624794018743
4682317;1;4;3;1;1;1;1;1;3;2; ;800000;99;650000; ;1;1;1;1;1;1;1;2;2;2;1;1;1;1;2;2;2;2;1;1;2;1;6;6;2; ;1;2;1;4;1;2;1;1;1;3;1;1;01;68;07;68;515,268590904998
4682319;1;2;1;1;1;1;1;1;3;3; ; ; ; ;200000;2;2;2;2;1;1;1;2;2;2;1;1;1;2;2;2;2;2;2;2;2;1;1;1;2; ;1;3;1;4;1;1;1;1;1;3;1;1;01;68;07;68;535,016107626794
4682327;1;4;2;1;1;1;1;1;3;3; ; ; ; ;1000000;1;1;1;2;1;1;1;2;2;2;1;1;2;2;2;2;1;2;2;2;2;1;3;3;2; ;1;2;1;4;1;3;1;1;1;6;1;1;01;68;07;68;1058,5520712615
4682328;1;5;2;1;1;1;1;1;3;3; ; ; ; ;900000;2;1;1;2;1;1;1;2;2;2;1;2;2;2;2;2;2;2;1;2;2;1;3;3;2; ;1;2;1;4;1;3;1;1;1;6;1;1;01;68;07;68;1143,15614291488
4682437;1;3;2;1;1;1;1;1;3;1; ; ;180000000;450000; ;1;1;1;1;1;1;1;1;2;2;1;2;1;1;2;2;2;2;2;1;2;1;2;2;2; ;1;2;1;4;1;2;1;1;1;3;1;1;01;73;07;73;249,562895331605
4682438;1;4;3;1;1;1;1;1;3;3; ; ; ; ;500000;1;1;1;1;1;1;1;1;2;2;1;2;1;1;2;2;2;1;2;2;2;1;4;4;2; ;1;2;1;4;1;2;1;1;1;3;1;1;01;73;07;73;266,261003031589
4682439;1;3;1;1;1;1;1;1;3;3; ; ; ; ;430000;2;2;2;1;1;1;1;1;2;2;1;2;1;2;2;2;2;2;2;2;2;1;1;1;2; ;1;2;1;4;1;2;1;1;1;3;1;1;01;73;07;73;190,349180721988
4682440;1;5;3;1;1;1;1;1;3;1; ; ;250000000;700000; ;1;2;1;1;1;1;1;2;2;2;1;2;2;1;2;2;2;2;1;1;2;1;5;5;2; ;1;1;1;4;1;3;1;1;1;3;1;1;01;73;07;73;288,451926390787
4682441;1;3;2;1;1;1;1;1;3;3; ; ; ; ;420000;2;2;1;1;1;1;1;1;2;2;1;2;1;1;2;2;2;2;1;2;2;1;2;3;2; ;1;2;1;4;1;2;1;1;1;3;1;1;01;73;07;73;277,584804201451
4682442;1;4;2;1;2;1;1;1;3;1; ; ;180000000;800000; ;2;1;2;1;1;1;1;2;2;2;1;1;1;2;2;2;2;2;2;2;2;1;1;2;2; ;1;1;1;4;1;3;1;1;1;3;1;1;01;73;07;73;170,366478530452
4682442;2;1;1;1;2;1;1;6; ;3; ; ; ; ;250000;2;1;2;1;1;2;2;2;2;2;1;2;2;2;2;2;1;2;2;2;2;1;1;1;2; ;2;1;1;4;1;3;1;1;1;3;1;1;01;73;07;73;170,366478530452
4682443;1;2;1;1;1;1;1;1;3;3; ; ; ; ;270000;1;1;2;1;1;1;1;1;2;2;1;2;2;2;2;2;1;2;2;2;2;1;2;2;2; ;1;2;1;2;1;2;1;1;1;3;1;1;01;73;07;73;249,562895331605
4682445;1;3;2;2;1;1;1;1;3;3; ; ; ; ;250000;2;2;2;1;1;1;1;1;2;2;1;2;1;1;2;2;2;1;2;2;2;1;3;5;2; ;1;1;1;2;1;1;1;2;1;3;1;1;01;73;07;73;317,015156994534
4682446;1;5;4;1;1;1;1;1;3;1; ; ;98;300000; ;2;1;2;1;1;1;1;2;2;2;1;2;1;1;2;2;2;2;2;2;2;1;5;5;2; ;1;1;1;4;1;1;1;1;1;3;1;1;01;73;07;73;225,030508225319
4682447;1;3;1;1;1;1;1;1;3;4; ; ; ;300000; ;2;1;2;1;1;1;1;1;2;2;1;2;1;2;2;2;2;2;1;2;2;1;1;3;2; ;1;1;1;4;1;1;1;1;1;3;1;1;01;73;07;73;263,530098247129
4682448;1;2;2;1;1;1;1;1;3;1; ; ;98;250000; ;2;1;2;2;1;1;1;2;2;2;1;1;1;2;2;2;2;2;2;2;2;1;1;4;2; ;1;1;1;4;1;1;1;1;1;3;1;1;01;73;07;73;223,944085065481
4682450;1;4;3;1;1;1;1;1;3;4; ; ; ;400000; ;2;1;1;1;1;1;1;1;2;2;1;1;2;2;2;2;2;2;2;2;2;1;2;3;2; ;1;2;1;4;1;1;1;1;1;3;1;1;01;73;07;73;261,407996555205
4682451;1;5;4;1;1;1;1;1;3;1; ; ;98;300000; ;1;1;1;1;1;1;1;1;2;2;1;1;2;1;2;2;2;2;2;2;2;1;4;4;2; ;1;2;1;4;1;1;1;1;1;3;1;2;01;73;07;73;320,403732672719
4682452;1;4;1;1;1;1;1;1;3;1; ; ;98;500000; ;1;1;2;1;1;1;1;1;2;2;1;2;1;2;2;2;2;2;2;2;2;1;2;2;2; ;1;2;1;4;1;1;1;1;1;2;1;1;01;73;07;73;249,562895331605
4682453;1;5;3;1;1;1;1;1;3;3; ; ; ; ;500000;1;1;1;1;1;1;1;2;2;2;1;2;1;1;2;2;2;1;1;2;2;1;4;6;2; ;1;1;1;4;1;2;1;1;1;3;1;2;01;73;07;73;375,302477590573
4682454;1;4;2;1;1;1;1;1;3;4; ; ; ;350000; ;2;1;1;1;1;1;1;1;2;2;1;1;1;2;2;2;2;2;2;2;2;1;3;3;2; ;1;2;1;2;1;1;1;1;1;3;1;1;01;73;07;73;245,956341161317
4682455;1;4;3;1;1;1;1;1;3;3; ; ; ; ;400000;2;1;1;1;1;2;1;2;2;2;1;2;1;2;2;2;2;1;2;2;2;1;2;4;2; ;1;1;1;4;1;1;1;1;1;3;1;1;01;73;07;73;330,46105985632
4682456;1;5;4;1;1;1;1;1;3;1; ; ;98;550000; ;1;1;1;1;1;1;1;1;2;2;1;1;1;1;2;2;2;1;1;2;2;1;3;5;2; ;1;2;1;4;1;2;1;1;1;3;1;1;01;73;07;73;354,997815720301
4682457;1;4;3;1;1;1;1;1;3;3; ; ; ; ;450000;1;1;1;1;2;1;1;1;2;2;1;2;2;2;2;2;2;2;1;2;2;1;2;4;2; ;1;2;1;4;1;2;1;1;1;3;1;1;01;73;07;73;332,105541480943
4682458;1;3;2;1;1;1;1;1;3;3; ; ; ; ;400000;1;1;1;1;2;1;1;1;2;2;1;2;1;2;2;2;2;1;2;2;2;1;3;3;2; ;1;1;1;4;1;2;1;1;1;3;1;2;01;73;07;73;245,956341161317
4682459;1;3;2;1;1;1;1;1;3;1; ; ;90000000;350000; ;1;1;1;1;1;1;1;1;2;2;1;1;1;2;2;2;2;2;2;2;2;1;2;2;2; ;1;1;1;4;1;2;1;1;1;3;1;1;01;73;07;73;251,684997023529
4682460;1;3;2;1;1;1;1;1;3;1; ; ;98;300000; ;1;1;1;1;1;1;1;1;2;2;1;2;1;1;2;2;2;2;2;2;2;1;2;3;2; ;1;1;1;4;1;2;1;1;1;3;1;1;01;73;07;73;279,229285826074
4682461;1;4;3;1;1;1;1;1;3;4; ; ; ;400000; ;1;1;1;1;1;1;1;2;2;2;1;2;1;1;2;2;2;1;1;2;2;1;4;5;2; ;1;2;1;2;1;1;1;1;1;3;1;2;01;73;07;73;320,080389430921
4682462;1;1;1;1;1;1;1;1;3;3; ; ; ; ;160000;2;2;2;2;2;2;1;2;2;2;2;2;2;2;2;2;2;2;1;2;2;1;1;1;2; ;1;2;1;2;1;1;1;1;1;3;1;1;01;73;07;73;306,970197784122
4682464;1;2;1;1;1;1;1;1;3;3; ; ; ; ;300000;2;1;2;1;1;1;1;2;2;2;1;1;2;2;2;2;1;2;2;1;2;1;2;3;2; ;1;2;1;2;1;2;1;1;1;3;1;2;01;73;07;73;381,795596933886
4682465;1;1;1;1;1;1;1;1;4;3; ; ; ; ;350000;2;2;2;2;1;2;1;1;2;2;1;1;1;2;2;2;2;2;2;2;2;1;1;3;2; ;1;1;1;1;1;2;2;1;1;3;1;1;01;73;07;73;279,229285826074
4682466;1;2;1;1;1;1;1;1;3;3; ; ; ; ;300000;2;1;2;2;1;1;1;2;2;2;1;2;1;2;2;2;2;1;2;2;2;1;1;2;2; ;1;2;1;4;1;2;1;1;1;3;1;1;01;73;07;73;243,225436376856
4682467;1;4;3;1;1;1;1;1;3;3; ; ; ; ;500000;1;1;1;2;1;1;1;1;1;2;1;2;1;1;2;2;2;2;2;2;2;1;3;3;2; ;1;2;1;4;1;2;1;1;1;3;1;1;01;73;07;73;231,901635206994
4682468;1;3;2;1;1;1;1;1;3;4; ; ; ;600000; ;1;1;1;1;1;1;1;1;2;2;1;1;1;1;2;2;1;1;2;2;2;1;6;7;2; ;1;2;1;4;1;2;1;1;1;2;1;1;01;73;07;73;297,733805683159
4682469;1;4;3;1;1;1;1;1;3;1; ; ;98;400000; ;1;1;1;1;1;1;1;1;2;2;1;1;1;2;2;2;1;2;2;2;2;1;3;4;2; ;1;1;1;4;1;2;1;1;1;3;1;1;01;73;07;73;136,305414979764
4682470;1;6;1;1;1;1;1;1;3;1; ; ;98;500000; ;2;1;1;1;1;1;1;1;1;2;1;1;1;1;2;2;1;1;1;1;2;1;2;2;2; ;1;1;1;4;1;3;1;1;1;3;1;1;01;73;07;73;224,708548546583
4682471;1;2;1;1;1;1;1;1;3;1; ; ;98;450000; ;2;1;2;1;1;1;1;1;2;2;1;1;1;2;2;2;2;2;2;2;2;1;2;2;2; ;1;1;1;4;1;3;1;1;1;3;1;1;01;73;07;73;249,562895331605
4682472;1;5;3;1;1;1;1;1;3;3; ; ; ; ;700000;1;1;1;1;1;1;1;1;2;2;1;2;2;1;2;2;2;1;2;2;2;1;3;3;2; ;1;1;1;4;1;3;1;1;1;3;1;1;01;73;07;73;136,305414979764
4682473;1;6;2;1;1;1;1;1;3;1; ; ;200000000;600000; ;1;1;1;1;1;1;1;1;2;2;1;2;2;1;2;2;2;1;2;2;2;1;2;3;2; ;1;1;1;4;1;3;1;1;1;3;1;2;01;73;07;73;270,81068794634
4682474;1;4;1;1;1;1;1;1;3;4; ; ; ;1200000; ;2;2;1;2;2;1;1;1;2;2;1;1;2;1;2;2;1;1;2;2;2;1;1;1;2; ;1;1;1;4;1;3;1;1;1;3;1;1;01;73;07;73;292,9154918298
4682475;1;5;1;1;1;1;1;1;3;3; ; ; ; ;900000;1;1;1;1;1;1;1;1;1;2;1;1;2;1;2;2;1;1;2;1;2;1;1;1;2; ;1;1;1;4;1;3;1;1;1;3;1;2;01;73;07;73;306,970197784122
4682477;1;3;2;1;1;1;1;1;3;3; ; ; ; ;300000;1;1;1;1;1;1;1;1;2;2;1;1;1;1;2;2;2;2;1;2;2;1;2;4;2; ;1;2;1;2;1;1;1;1;1;3;1;1;01;73;07;73;330,46105985632
4682478;1;3;2;1;1;1;1;1;3;3; ; ; ; ;400000;2;1;2;1;1;1;1;2;2;2;1;2;1;1;2;2;1;1;2;2;2;1;1;3;2; ;1;1;1;4;1;2;1;1;1;3;1;1;01;73;07;73;266,117710616214
4682479;1;3;2;1;1;1;1;1;3;3; ; ; ; ;500000;1;1;1;1;1;1;1;1;2;2;1;1;1;2;2;2;1;1;2;2;2;1;3;3;2; ;1;1;1;4;1;2;1;1;1;3;1;1;01;73;07;73;277,584804201451
4682481;1;4;3;1;1;1;1;1;3;1; ; ;150000000;500000; ;2;1;1;1;1;1;1;2;1;2;1;2;2;1;2;2;2;1;2;1;2;1;2;4;2; ;1;2;1;4;1;2;1;1;1;3;1;1;01;73;07;73;298,832596816186
4682482;1;5;4;1;1;1;1;1;3;1; ; ;180000000;600000; ;2;1;1;1;1;1;1;1;1;2;1;2;2;1;2;2;2;1;1;2;2;1;3;5;2; ;1;1;1;4;1;2;1;1;1;3;1;1;01;73;07;73;259,246583634538
4682483;1;4;3;1;1;1;1;1;3;3; ; ; ; ;630000;1;1;2;1;1;1;1;2;2;2;1;1;1;2;2;2;2;1;1;2;2;1;1;4;2; ;1;1;1;4;1;3;1;1;1;3;1;1;01;73;07;73;256,515678850078
4682484;1;3;2;1;1;1;1;1;3;4; ; ; ;98; ;2;1;2;1;1;1;1;1;2;2;1;2;2;2;2;2;1;2;2;1;2;1;2;3;2; ;1;2;1;4;1;2;1;1;1;3;1;1;01;73;07;73;277,584804201451
4682485;1;5;3;1;1;1;1;1;3;4; ; ; ;600000; ;1;1;1;1;1;1;1;1;2;2;1;2;1;1;1;2;1;2;2;1;2;1;3;4;2; ;1;1;1;4;1;3;1;1;1;3;1;2;01;73;07;73;229,580193140069
4682488;1;1;1;1;1;1;1;1;3;3; ; ; ; ;250000;2;1;2;2;1;2;1;2;2;2;1;2;1;2;2;2;2;2;1;2;2;1;1;1;2; ;1;1;1;4;1;2;1;1;1;3;1;1;01;73;07;73;190,349180721988
4682489;1;2;1;1;1;1;1;1;3;4; ; ; ;400000; ;2;1;2;2;1;1;1;1;2;2;1;2;1;2;2;2;1;2;2;2;2;1;1;1;2; ;1;1;1;2;1;2;1;1;1;3;1;1;01;73;07;73;290,793390137876
4682490;1;5;3;1;1;1;1;1;3;3; ; ; ; ;470000;1;1;1;1;1;1;1;1;2;2;1;1;1;1;2;2;2;2;1;2;2;1;4;4;2; ;1;2;1;4;1;2;1;1;1;4;1;1;01;73;07;73;265,317872287127
4682493;1;6;1;1;1;1;1;1;3;4; ; ; ;600000; ;2;1;2;1;1;1;1;2;2;2;1;2;2;2;2;2;2;2;2;2;2;1;1;1;2; ;1;2;1;4;1;2;1;1;1;3;1;1;01;73;07;73;292,9154918298
4682494;1;4;3;1;1;1;1;1;3;2; ;367000;200000000;600000; ;1;1;1;1;1;1;1;2;2;2;1;2;2;1;2;2;2;1;2;2;2;1;4;7;2; ;1;1;1;2;1;2;1;1;1;3;1;1;01;73;07;73;253,071055212267
4682495;1;3;2;1;1;1;1;1;3;3; ; ; ; ;400000;2;1;1;1;1;1;1;2;2;2;1;1;1;1;2;2;1;2;1;2;2;1;2;4;2; ;1;2;1;4;1;2;1;1;1;3;1;1;01;73;07;73;298,832596816186
4682496;1;4;3;1;1;1;1;1;3;4; ; ; ;300000; ;2;1;1;1;1;1;1;1;2;2;1;2;2;2;2;2;2;2;2;2;2;1;2;5;2; ;1;1;1;2;1;2;1;1;1;3;1;1;01;73;07;73;305,082552732135
4682497;1;6;2;1;1;1;1;1;3;3; ; ; ; ;600000;1;1;1;1;1;1;1;1;2;1;1;1;2;1;2;2;2;1;1;1;2;1;2;3;2; ;1;1;1;4;1;4;1;1;1;3;1;1;01;73;07;73;279,229285826074
4682498;1;4;1;1;1;1;1;1;3;1; ; ;98;98; ;1;1;1;1;1;1;1;1;1;1;1;1;1;1;2;2;2;2;2;1;2;1;1;1;2; ;1;1;1;4;1;4;1;1;1;3;1;2;01;73;07;73;231,380335153257
4682500;1;1;1;1;1;1;1;1;3;3; ; ; ; ;160000;2;1;1;2;2;2;1;2;2;2;1;1;1;1;2;2;2;2;2;2;2;1;1;1;2; ;1;2;1;2;1;2;1;1;1;2;1;1;01;73;07;73;306,970197784122
4682502;1;3;2;1;1;1;1;1;3;4; ; ; ;200000; ;2;1;2;2;1;1;2;2;2;2;1;1;1;2;2;2;2;1;2;2;2;1;4;8;2; ;1;1;1;2;1;1;1;1;1;3;1;1;01;73;07;73;446,838913491091
4682505;1;5;4;1;1;1;1;1;3;1; ; ;99;550000; ;1;1;1;1;1;1;1;1;2;2;1;2;1;1;2;2;1;1;1;1;2;1;6;7;2; ;1;1;1;4;1;2;1;1;1;3;1;1;01;76;07;76;1150,97033633339
4682506;1;6;4;1;1;1;1;1;3;3; ; ; ; ;630000;1;1;1;1;1;1;1;2;1;2;1;1;2;1;2;2;1;1;2;2;2;1;4;4;1;1;1;2;1;4;1;3;1;1;1;3;1;1;01;76;07;76;903,535308323344
4682507;1;3;2;1;1;1;1;1;3;3; ; ; ; ;280000;2;1;2;2;1;1;1;2;2;2;1;2;2;2;2;2;2;2;2;2;2;1;2;3;2; ;1;1;1;4;1;2;1;1;1;3;1;1;01;76;07;76;927,794219464151
4682508;1;4;3;1;1;1;1;1;3;2; ;322000;70000000;350000; ;1;1;1;2;1;1;1;1;2;2;1;2;1;2;2;2;2;2;1;2;2;2; ;4;2; ;1;1;1;4;1;2;1;1;1;3;1;1;01;76;07;76;1148,0701414822
4682509;1;4;3;1;1;1;1;1;3;3; ; ; ; ;320000;2;2;2;1;1;1;1;2;2;2;1;1;1;1;2;2;1;1;2;2;2;1;4;4;2; ;1;1;1;4;1;2;1;1;1;3;1;1;01;76;07;76;877,518862499977
4682510;1;4;2;1;1;1;1;1;3;3; ; ; ; ;500000;1;1;2;2;1;2;1;1;2;2;1;2;2;2;2;2;2;2;2;2;2;1;3;3;2; ;1;1;1;4;1;3;1;1;1;3;1;1;01;76;07;76;943,047734520026
4682511;1;6;3;1;1;1;1;1;3;3; ; ; ; ;800000;1;1;1;1;1;1;1;1;2;2;1;2;1;1;2;2;2;1;1;2;2;1;3;5;2; ;1;2;1;4;1;3;1;1;1;3;1;1;01;76;07;76;1396,54115338186
4682512;1;4;3;1;2;1;1;1;3;1; ; ;98;500000; ;1;1;1;2;1;1;1;2;1;2;1;2;2;1;2;2;1;2;1;2;2;1;2;3;2; ;1;2;1;4;1;2;1;1;1;3;1;1;01;76;07;76;1405,14294103196
4682512;2;1;1;1;2;1;1;6; ;3; ; ; ; ;200000;2;2;2;2;2;2;2;2;2;2;2;2;2;2;2;2;2;2;2;2;2;1;1;1;2; ;2;2;1;4;1;2;1;1;1;3;1;1;01;76;07;76;1405,14294103196
4682513;1;3;1;1;1;1;1;1;3;3; ; ; ; ;400000;1;1;1;1;1;1;1;2;1;2;1;2;1;1;2;2;1;2;1;2;2;1;1;1;2; ;1;2;1;4;1;2;1;1;1;3;1;1;01;76;07;76;972,363906902468
4682514;1;5;4;1;1;1;1;1;3;3; ; ; ; ;300000;2;1;2;2;1;1;1;2;2;2;1;2;1;2;2;2;2;1;2;2;2;1;3;4;2; ;1;2;1;4;1;2;1;1;1;3;1;1;01;76;07;76;1522,23818611796
4682515;1;4;1;1;1;1;1;1;3;1; ; ;99;500000; ;1;2;1;1;1;1;1;2;2;2;1;2;2;2;2;1;1;2;2;2;2;1;2;2;2; ;1;2;1;4;1;2;1;1;1;3;1;1;01;76;07;76;865,076366957132
4682516;1;4;2;1;1;1;1;3;3;4; ; ; ;450000; ;1;1;1;1;1;1;1;1;1;2;1;1;2;1;2;2;1;1;1;2;2;1;2;2;2; ;1;2;1;4;1;4;1;1;1;3;1;1;01;76;07;76;1106,89565145102
4682518;1;5;4;1;1;1;1;1;3;1; ; ;90000000;800000; ;1;1;1;1;1;1;1;1;2;2;1;2;1;1;2;2;1;2;2;2;1;1;3;7;2; ;1;2;1;4;1;4;1;1;1;3;1;1;01;76;07;76;723,276286882547
4682518;2;3;2;1;2;1;1;1;3;4; ; ; ;450000; ;1;1;1;1;1;1;1;1;2;2;1;1;2;2;2;2;1;1;1;2;2;1;2;4;2; ;2;2;1;4;1;4;1;1;1;3;1;1;01;76;07;76;723,276286882547
4682519;1;4;2;1;1;1;1;1;3;3; ; ; ; ;270000;2;1;2;1;1;1;1;2;2;2;1;2;1;2;2;2;1;1;1;2;2;1;3;4;2; ;1;1;1;4;1;2;1;1;1;3;1;1;01;76;07;76;1563,55939909471
4682520;1;1;1;1;2;1;1;1;3;4; ; ; ;250000; ;2;1;2;2;1;2;1;2;2;2;1;2;2;2;2;2;2;2;2;2;2;1;2;3;2; ;1;4;1;4;1;2;1;1;1;3;1;1;01;76;07;76;1280,02186012746
4682521;1;3;2;1;1;1;1;1;3;3; ; ; ; ;520000;1;1;1;1;1;1;1;2;2;2;1;2;1;2;2;2;1;2;2;2;2;1;3;3;2; ;1;2;1;4;1;2;1;1;1;3;1;1;01;76;07;76;708,460469611941
4682522;1;3;2;1;1;1;1;1;3;3; ; ; ; ;400000;2;2;2;2;1;2;1;2;2;2;1;2;1;2;2;2;1;1;1;2;2;1;2;2;2; ;1;2;1;4;1;2;1;1;1;3;1;1;01;76;07;76;1377,44693043324
4682523;1;5;4;1;1;1;1;1;3;4; ; ; ;400000; ;1;1;2;1;1;1;1;2;2;2;1;2;1;2;2;2;1;1;2;2;2;1;3;6;2; ;1;1;1;4;1;2;1;1;1;3;1;1;01;76;07;76;905,214873098698
4682524;1;4;2;1;1;1;1;1;3;4; ; ; ;500000; ;2;1;1;1;1;1;1;2;1;2;1;2;1;1;2;2;1;1;1;1;2;1;3;4;2; ;1;1;1;4;1;3;1;1;1;3;1;1;01;76;07;76;1261,62139413124
4682525;1;5;3;1;1;1;1;1;3;1; ; ;98;500000; ;1;1;1;1;1;1;1;1;2;2;1;2;2;1;2;2;2;1;2;1;2;1;4;4;2; ;1;1;1;4;1;3;1;1;1;3;1;1;01;76;07;76;654,569102854868
4682526;1;7;3;1;1;1;1;3;3;2; ;1000000;200000000;400000; ;1;1;1;1;1;1;1;1;1;2;1;2;2;1;2;2;2;1;2;2;2;1;3;6;2; ;1;1;1;4;1;4;1;1;1;3;1;1;01;76;07;76;1230,06278639711
4682527;1;4;2;1;1;1;1;1;3;1; ; ;99;530000; ;1;1;1;1;1;1;1;2;2;2;1;1;2;1;2;2;2;1;2;2;2;1;2;3;2; ;1;2;1;4;1;2;1;1;1;3;1;1;01;76;07;76;1280,02186012746
4682528;1;4;2;3;1;1;1;1;4;3; ; ; ; ;180000;2;2;2;1;1;1;1;2;2;2;1;2;2;2;2;2;1;2;2;2;2;1;2;2;2; ;1;2;1;4;1;1;2;2;1;3;1;1;01;76;07;76;840,412188257205
4682529;1;3;2;3;1;1;1;1;1;4; ; ; ;200000; ;2;1;2;1;1;2;1;2;2;2;1;2;2;2;2;2;2;2;2;2;2;1;3;4;2; ;1;2;1;4;1;1;2;2;1;3;1;1;01;76;07;76;966,405936449093
4682530;1;5;4;1;1;1;1;1;3;1; ; ;100000000;700000; ;2;1;2;2;1;1;1;2;2;2;1;2;2;2;2;2;2;2;2;2;2;1;2;9;2; ;1;1;1;4;1;3;1;1;1;3;1;1;01;76;07;76;689,248717825956
4682531;1;5;4;1;1;1;1;1;3;1; ; ;98;450000; ;1;1;1;1;1;1;1;1;2;2;1;1;1;1;2;2;2;2;1;2;2;1;2;5;2; ;1;1;1;4;1;3;1;1;1;3;1;1;01;76;07;76;1107,1841408443
4682532;1;5;3;1;1;1;1;1;3;1; ; ;98;400000; ;1;1;1;1;1;1;1;2;2;2;1;1;1;1;2;1;1;1;2;1;2;1;3;3;2; ;1;1;1;4;1;1;1;1;1;3;1;1;01;76;07;76;943,047734520026
4682533;1;4;2;1;1;1;1;1;3;3; ; ; ; ;99;1;1;1;1;1;1;1;1;2;2;1;2;1;1;2;2;1;2;2;2;2;1;2;2;2; ;1;2;1;4;1;3;1;1;1;3;1;1;01;76;07;76;893,808361445468
4682534;1;3;2;1;1;1;1;1;3;1; ; ;60000000;280000; ;1;1;1;1;1;1;1;2;2;2;1;2;1;1;1;1;1;1;1;1;2;1;2;2;2; ;1;2;1;4;1;1;1;1;1;3;1;1;01;76;07;76;811,680193768869
4682535;1;4;3;1;1;1;1;1;3;3; ; ; ; ;320000;2;1;2;1;1;1;1;2;2;2;1;2;2;2;2;2;1;1;2;2;2;1;3;5;2; ;1;2;1;4;1;1;1;1;1;3;1;1;01;76;07;76;1256,16250296076
4682536;1;3;2;1;1;1;1;1;3;3; ; ; ; ;300000;2;2;1;2;2;1;1;2;2;2;1;1;2;2;2;2;1;1;1;2;2;1;2;2;2; ;1;2;1;4;1;1;1;1;1;3;1;1;01;76;07;76;1441,06912978227
4682537;1;3;2;1;1;1;1;1;3;3; ; ; ; ;400000;2;1;1;2;1;1;1;1;2;2;1;1;1;1;1;2;1;2;2;2;2;1;3;3;2; ;1;2;1;4;1;1;1;1;1;3;1;1;01;76;07;76;803,142197412208
4682538;1;4;3;1;1;1;1;1;3;3; ; ; ; ;330000;2;2;2;2;1;1;1;2;2;2;1;2;2;2;2;2;2;1;2;2;2;1;4;7;2; ;1;2;1;4;1;1;1;1;1;3;1;1;01;76;07;76;1497,33381826711
4682539;1;6;5;1;1;1;1;1;3;3; ; ; ; ;500000;1;1;1;1;1;1;1;1;2;2;1;1;1;1;2;2;2;1;1;2;2;1;4;6;2; ;1;2;1;4;1;2;1;1;1;3;1;1;01;76;07;76;1009,29167081025
4682540;1;5;4;1;1;1;1;1;3;1; ; ;98;600000; ;1;1;2;2;1;1;1;2;2;2;1;2;2;1;2;2;2;1;1;2;2;1;1;5;2; ;1;1;1;4;1;2;1;1;1;3;1;1;01;76;07;76;764,43666870349
4682541;1;4;2;1;1;1;1;1;3;2; ;320000;70000000;500000; ;2;1;1;1;1;1;1;1;1;2;1;2;2;1;2;2;2;2;1;2;2;1;2;3;2; ;1;2;1;4;1;1;1;1;1;3;1;1;01;76;07;76;1280,02186012746
4682542;1;5;4;1;1;1;1;1;3;4; ; ; ;350000; ;2;1;2;1;1;1;1;2;2;2;1;2;1;2;2;2;1;2;1;2;2;1;3;9;2; ;1;2;1;2;1;1;1;1;1;3;1;1;01;76;07;76;1500,45074877711
4682543;1;4;2;1;1;1;1;1;3;2; ;235000;60000000;500000; ;2;2;2;1;1;1;1;2;2;2;1;2;1;2;2;2;2;1;1;2;2;1;2;3;2; ;1;2;1;4;1;1;1;1;1;3;1;1;01;76;07;76;1035,48702696861
4682544;1;4;3;1;1;1;1;1;3;2; ;569000;60000000;450000; ;1;1;1;1;1;1;1;2;1;2;1;2;2;1;2;2;2;1;1;1;2;1;4;4;2; ;1;2;1;4;1;1;1;1;1;3;1;1;01;76;07;76;1475,09669883886
4682545;1;5;3;1;1;1;1;1;3;1; ; ;150000000;350000; ;1;1;1;1;1;1;1;2;2;2;1;2;2;1;2;2;1;2;1;1;2;1;2;4;2; ;1;1;1;4;1;2;1;1;1;3;1;1;01;76;07;76;1255,22604437994
4682546;1;4;3;1;1;1;1;1;3;2; ;270000;90000000;600000; ;1;1;1;1;1;1;1;2;2;2;1;1;1;2;2;2;2;1;1;2;2;1;2;4;2; ;1;2;1;4;1;1;1;1;1;3;1;1;01;76;07;76;1148,0701414822
4682547;1;1;1;1;2;1;1;1;4;3; ; ; ; ;250000;2;1;1;2;2;1;1;2;2;2;1;2;2;2;2;2;1;2;1;2;2;1;1;3;2; ;1;3;1;4;1;2;1;1;1;3;1;1;01;76;07;76;1280,02186012746
4682548;1;4;2;1;1;1;1;1;3;2; ;98;98;500000; ;1;1;1;1;1;1;1;2;2;2;1;2;1;2;2;2;1;2;2;2;2;1;1;3;1;1;1;2;1;4;1;1;1;1;1;3;1;1;01;76;07;76;897,823925212475
4682549;1;4;1;1;1;1;1;1;3;2; ;318000;98;450000; ;2;1;1;1;1;1;1;2;1;2;1;1;1;1;2;2;1;2;2;2;2;1;2;2;2; ;1;2;1;4;1;1;1;1;1;3;1;1;01;76;07;76;1135,62764593935
4682550;1;4;3;1;1;1;1;1;3;2; ;435000;80000000;500000; ;1;1;1;1;1;1;1;1;1;2;1;1;1;2;2;2;1;1;1;1;2;1;2;4;2; ;1;2;1;4;1;1;1;1;1;3;1;1;01;76;07;76;1198,75076600549
4682551;1;4;3;1;1;1;1;1;3;2; ;735000;98;550000; ;1;1;1;1;1;1;1;2;2;2;1;1;1;1;2;2;1;2;1;1;2;1;3;4;2; ;1;2;1;4;1;1;1;1;1;3;1;1;01;76;07;76;966,405936449093
4682552;1;3;2;1;2;1;1;1;3;4; ; ; ;300000; ;2;1;2;2;2;1;1;2;2;2;1;2;1;2;2;2;2;1;2;2;2;1;1;4;2; ;1;2;1;4;1;1;1;1;1;3;1;1;01;76;07;76;989,515723164726
4682552;2;3;2;1;2;1;1;1;3;4; ; ; ;250000; ;2;1;2;2;2;1;1;2;2;2;1;2;1;2;2;2;2;2;2;2;2;1;1;4;2; ;2;2;1;4;1;1;1;1;1;3;1;1;01;76;07;76;989,515723164726
4682553;1;5;1;1;1;1;1;1;3;1; ; ;150000000;900000; ;2;1;1;1;1;1;1;1;2;2;1;2;1;2;2;2;2;2;2;2;2;1;2;2;2; ;1;1;1;4;1;3;1;1;1;3;1;1;01;76;07;76;808,064183975969
4682554;1;3;2;1;1;1;1;1;3;3; ; ; ; ;550000;2;2;2;1;1;1;1;1;2;2;1;1;1;1;2;2;1;2;2;2;2;1;3;3;2; ;1;1;1;4;1;3;1;1;1;3;1;1;01;76;07;76;1003,13902268737
4682555;1;3;2;1;1;1;1;1;3;3; ; ; ; ;280000;1;2;2;1;1;1;1;2;2;2;1;2;2;1;2;2;2;2;2;2;2;1;2;2;2; ;1;2;1;4;1;1;1;1;1;3;1;1;01;76;07;76;1135,62764593935
4682556;1;3;2;1;1;1;1;1;3;3; ; ; ; ;360000;2;1;1;1;1;1;1;2;2;2;1;2;1;2;2;2;1;2;2;2;2;1;1;3;2; ;1;2;1;4;1;2;1;1;1;3;1;1;01;76;07;76;946,663744312926
4682557;1;3;2;1;1;1;1;1;3;3; ; ; ; ;300000;2;2;1;2;1;2;1;2;2;2;1;2;2;1;2;2;2;1;2;2;2;1;1;4;2; ;1;2;1;4;1;2;1;1;1;3;1;1;01;76;07;76;1242,75186928247
4682558;1;4;3;1;1;1;1;1;3;1; ; ;85000000;380000; ;1;1;1;1;1;1;1;1;2;2;1;1;2;1;2;2;1;2;2;2;2;1;3;4;2; ;1;2;1;4;1;2;1;1;1;3;1;1;01;76;07;76;814,712025667663
4682559;1;3;2;1;1;1;1;1;3;3; ; ; ; ;380000;2;1;1;1;1;1;1;1;1;2;1;2;2;1;2;2;2;1;2;2;2;1;1;3;2; ;1;2;1;4;1;2;1;1;1;3;1;1;01;76;07;76;1226,6256869392
4682560;1;3;2;1;1;1;1;1;3;3; ; ; ; ;460000;2;1;2;2;2;1;1;2;2;2;1;1;2;1;2;2;2;1;2;2;2;1;4;4;2; ;1;2;1;4;1;2;1;1;1;3;1;1;01;76;07;76;1831,21880720508
4682561;1;4;1;1;1;1;1;1;3;1; ; ;120000000;500000; ;2;1;2;1;1;1;1;1;2;2;1;1;2;2;2;2;1;2;2;2;2;1;1;1;2; ;1;1;1;4;1;3;1;1;1;3;1;1;01;76;07;76;1214,18319139635
4682562;1;3;2;1;2;1;1;1;3;3; ; ; ; ;400000;2;2;2;1;1;1;1;2;2;2;1;2;2;2;2;2;2;2;2;2;2;1;2;4;2; ;1;2;1;4;1;2;1;1;1;3;1;1;01;76;07;76;671,190478766945
4682563;1;1;1;1;1;1;1;1;3;3; ; ; ; ;500000;2;2;1;1;1;1;1;2;2;2;1;2;2;1;2;2;1;2;2;2;2;1;1;1;2; ;1;2;1;4;1;4;1;1;1;3;1;1;01;76;07;76;918,967733714205
4682564;1;6;3;1;1;1;1;1;3;1; ; ;98;98; ;2;1;1;2;1;1;1;1;2;2;1;2;2;2;2;2;2;2;1;2;2;1;3;5;2; ;1;1;1;4;1;1;1;1;1;3;1;1;01;76;07;76;1040,78260153686
4682565;1;3;1;1;1;1;1;1;3;3; ; ; ; ;300000;2;1;2;1;1;1;1;2;2;2;1;2;1;1;2;2;1;2;1;2;2;1;2;2;2; ;1;2;1;4;1;1;1;1;1;3;1;1;01;76;07;76;1082,23147275109
4682566;1;3;1;1;1;1;1;1;3;3; ; ; ; ;400000;2;2;1;2;2;1;1;2;2;2;2;2;2;2;2;2;1;2;2;2;2;1;1;1;2; ;1;2;1;4;1;1;1;1;1;3;1;1;01;76;07;76;1214,18319139635
4682567;1;4;2;1;1;1;1;1;3;1; ; ;98;350000; ;1;1;1;1;1;1;1;1;2;2;1;2;2;2;2;2;1;2;1;2;1;1;2;4;2; ;1;2;1;2;1;1;1;1;1;3;1;1;01;76;07;76;1456,22717399009
4682568;1;4;2;1;1;1;1;1;3;2; ;270000;98;450000; ;2;1;2;1;1;1;1;2;2;2;1;2;1;2;2;2;2;2;1;2;2;1;2;4;2; ;1;2;1;4;1;1;1;1;1;3;1;1;01;76;07;76;966,405936449093
4682569;1;5;4;1;1;1;1;1;3;1; ; ;150000000;350000; ;1;1;1;2;1;1;1;1;2;2;1;2;2;2;2;2;2;1;2;2;2;1;2;5;2; ;1;1;1;2;1;2;1;1;1;3;1;1;01;76;07;76;1040,78260153686
4682570;1;3;1;1;1;1;1;1;3;3; ; ; ; ;370000;2;1;1;1;1;1;1;2;2;2;1;2;1;2;2;2;1;2;1;2;2;1;2;2;2; ;1;2;1;4;1;2;1;1;1;3;1;1;01;76;07;76;1135,62764593935
4682571;1;1;1;1;1;1;1;1;4;3; ; ; ; ;300000;2;1;2;2;1;1;1;2;2;2;1;2;2;2;2;2;2;2;2;2;2;2; ;1;2; ;1;2;1;4;1;4;2;1;1;3;1;1;01;76;07;76;972,363906902468
4682572;1;4;2;1;1;1;1;1;3;1; ; ;130000000;450000; ;1;1;2;2;1;1;1;1;2;2;1;2;1;2;2;2;2;2;1;2;2;1;2;2;2; ;1;2;1;4;1;2;1;1;1;3;1;1;01;76;07;76;836,796178464305
4682573;1;3;1;1;1;1;1;1;3;3; ; ; ; ;578000;2;1;2;2;2;2;1;2;1;2;1;1;1;2;2;2;1;2;2;2;2;1;1;1;2; ;1;2;1;4;1;2;1;1;1;3;1;1;01;76;07;76;972,363906902468
4682581;1;4;3;1;1;1;1;1;3;1; ; ;99;400000; ;2;1;1;1;1;1;1;2;2;2;1;2;2;2;2;2;1;2;2;2;2;1;2;3;2; ;1;1;1;4;1;3;1;1;1;3;1;1;01;76;07;76;971,327923012853
4682582;1;3;2;1;1;1;1;1;3;3; ; ; ; ;400000;2;1;2;2;1;1;1;1;2;2;1;1;1;1;2;2;1;2;1;2;2;1;2;3;2; ;1;2;1;4;1;2;1;1;1;3;1;1;01;76;07;76;1280,02186012746
4682583;1;4;1;1;1;1;1;1;3;3; ; ; ; ;430000;2;1;1;1;1;1;1;2;2;2;1;1;2;2;2;2;1;2;1;1;2;1;1;1;2; ;1;2;1;4;1;2;1;1;1;3;1;1;01;76;07;76;972,363906902468
4682584;1;1;1;1;1;1;1;2;3;3; ; ; ; ;98;2;2;2;2;1;1;2;2;2;2;1;2;2;2;2;2;2;2;1;2;2;1;1;1;2; ;1;2;1;4;1;4;1;1;1;3;1;1;01;76;07;76;1214,18319139635
4682585;1;1;1;1;1;1;1;2;1;3; ; ; ; ;280000;2;1;2;2;1;1;1;2;2;2;1;2;2;2;2;2;1;2;2;2;2;1;1;1;2; ;1;2;1;4;1;4;2;1;1;3;1;1;01;76;07;76;972,363906902468
4682586;1;3;1;1;1;1;1;1;3;4; ; ; ;350000; ;2;1;2;1;1;1;1;1;1;2;1;1;1;2;2;2;2;2;2;2;2;1;1;1;2; ;1;2;1;4;1;2;1;1;1;3;1;1;01;76;07;76;915,351723921305
4682587;1;3;2;1;1;1;1;1;3;1; ; ;120000000;500000; ;1;1;1;2;1;1;1;2;2;2;1;2;1;2;2;2;1;1;2;2;2;1;3;6;2; ;1;2;1;4;1;2;1;1;1;3;1;1;01;76;07;76;1050,57722542226
4682594;1;3;2;1;1;1;1;1;3;3; ; ; ; ;500000;2;1;2;2;1;1;1;2;2;2;1;1;2;2;2;2;2;2;2;2;2;1;4;4;2; ;1;1;1;4;1;2;1;1;1;3;1;1;01;76;07;76;871,724208648826
4682595;1;3;2;1;1;1;1;1;3;3; ; ; ; ;500000;2;2;1;2;1;1;1;2;2;2;1;1;2;2;2;2;1;2;1;2;2;1;2;2;2; ;1;2;1;4;1;2;1;1;1;3;1;1;01;76;07;76;1116,75812109058
4682598;1;4;2;1;1;1;1;1;3;3; ; ; ; ;300000;2;2;2;1;1;1;1;2;2;2;1;2;2;2;2;2;2;2;2;2;2;1;1;3;2; ;1;1;1;2;1;1;1;1;1;3;1;1;01;76;07;76;1130,16875476887
4682601;1;3;2;3;1;1;1;1;4;3; ; ; ; ;150000;2;1;2;1;1;1;2;2;2;2;1;1;1;2;2;2;1;1;1;2;2;1;3;5;2; ;1;1;1;2;1;1;2;2;1;3;1;1;01;76;07;76;1292,46435567031
4682605;1;1;1;1;1;1;1;2;3;3; ; ; ; ;320000;2;1;2;1;1;1;1;2;2;2;1;1;2;2;2;2;1;1;2;2;2;1;1;1;2; ;1;2;1;4;1;3;1;1;1;3;1;1;01;76;07;76;918,967733714205
4682606;1;2;1;3;1;1;1;5;1;3; ; ; ; ;130000;2;1;2;2;2;2;1;2;2;2;1;1;2;2;2;2;2;2;1;2;2;1;1;2;2; ;1;1;1;2;1;1;2;2;1;3;1;2;01;76;07;76;1167,43874561387
4682607;1;1;1;3;1;1;1;2;1;5; ; ; ;100000; ;2;2;2;2;2;2;1;2;2;2;1;2;2;2;2;2;2;2;2;2;2;1;2;3;2; ;1;4;1;2;1;1;2;2;1;3;1;1;01;76;07;76;1035,48702696861
4682608;1;4;1;1;1;1;1;1;3;3; ; ; ; ;360000;2;1;1;1;1;1;1;1;2;2;1;2;2;2;2;2;2;1;2;2;2;1;2;2;2; ;1;2;1;4;1;1;1;1;1;3;1;1;01;76;07;76;1135,62764593935
4682610;1;5;2;1;1;1;1;1;3;3; ; ; ; ;800000;1;1;1;1;1;1;1;1;2;2;1;1;2;2;2;2;2;1;2;2;2;1;2;2;2; ;1;2;1;4;1;3;1;1;1;3;1;1;01;76;07;76;1106,89565145102
4682850;1;4;2;1;1;1;1;1;3;3; ; ; ; ;700000;1;2;1;1;1;1;1;2;2;2;2;2;2;1;2;2;2;2;2;2;2;1;2;3;2; ;1;2;1;4;1;3;1;1;1;3;1;1;01;05;07;05;1314,38368668914
4682851;1;2;1;1;1;1;1;1;3;1; ; ;35000000;500000; ;1;1;1;1;1;1;1;2;2;2;1;1;1;2;2;2;1;1;2;2;2;1;2;4;2; ;1;2;1;2;1;1;1;1;1;3;1;1;01;08;07;08;561,181311806172
4682852;1;4;1;1;1;1;1;1;3;1; ; ;98;1000000; ;1;1;1;1;1;1;1;1;1;1;1;1;2;2;2;2;2;2;2;2;2;1;1;2;2; ;1;2;1;4;1;3;1;1;1;3;1;1;01;11;07;11;2598,05569570257
4682853;1;2;2;1;1;1;1;1;4;3; ; ; ; ;500000;2;1;1;2;2;2;1;2;2;2;1;2;2;2;2;2;2;2;2;2;2;1;3;5;2; ;1;2;1;4;1;2;2;1;1;3;1;1;01;11;07;11;2656,19241955876
4682854;1;3;2;1;1;1;1;1;3;1; ; ;98;600000; ;1;1;1;1;1;1;1;2;2;1;1;2;2;1;2;2;2;1;2;1;2;1;2;3;2; ;1;2;1;4;1;2;1;1;1;3;1;1;01;11;07;11;4235,65908710816
4682855;1;3;2;1;1;1;1;1;3;1; ; ;98;400000; ;2;1;2;1;1;1;1;1;2;2;1;1;1;2;2;2;1;2;2;2;2;1;2;4;2; ;1;1;1;4;1;1;1;1;1;3;1;1;01;13;07;13;751,470080297569
4682894;1;4;2;1;1;1;1;1;3;4; ; ; ;1000000; ;1;1;1;1;1;1;1;1;2;2;1;1;2;1;2;2;1;2;2;2;2;1;1;2;2; ;1;2;1;4;1;4;1;1;1;6;1;1;01;68;07;68;501,657052261685
4682895;1;3;2;1;1;1;1;1;3;3; ; ; ; ;700000;1;1;1;1;1;1;1;1;1;1;1;1;1;1;1;2;1;1;2;1;2;1;2;4;2; ;1;2;1;4;1;4;1;1;1;6;1;1;01;68;07;68;647,123024120613
4682914;1;3;1;1;1;1;1;3;3;1; ; ;150000000;700000; ;2;1;1;1;1;1;1;1;1;2;1;1;1;1;2;1;1;2;2;2;2;1;2;2;2; ;1;2;1;4;1;2;1;1;1;3;1;1;01;08;07;08;543,703803230037
4682915;1;4;1;1;1;1;1;1;3;1; ; ;130000000;800000; ;2;1;2;1;1;1;1;2;1;1;1;2;1;2;2;2;2;2;2;2;2;1;1;1;2; ;1;2;1;3;1;3;1;1;1;2;1;1;01;17;07;17;184,405729467149
4682928;1;5;4;3;1;1;1;1;4;3; ; ; ; ;600000;2;1;1;2;1;1;1;2;2;1;1;2;2;2;2;2;2;2;1;2;2;1;4;5;2; ;1;2;1;4;1;2;2;2;1;3;1;1;01;52;07;52;226,751332271155
4682929;1;5;3;1;1;1;1;1;4;3; ; ; ; ;500000;2;1;1;2;1;1;1;2;1;1;1;2;2;1;2;2;2;2;2;1;2;1;3;3;2; ;1;2;1;4;1;2;2;1;1;3;1;1;01;52;07;52;167,265580429349
4682935;1;4;1;1;1;1;1;1;3;1; ; ;40000000;350000; ;2;1;2;1;1;1;1;2;2;2;1;2;2;2;2;2;1;2;2;2;2;1;2;2;2; ;1;1;1;4;1;1;1;1;1;3;1;1;01;08;07;08;543,703803230037
4682938;1;4;3;1;1;1;1;1;3;1; ; ;98;400000; ;1;1;1;1;1;1;1;1;1;2;1;1;2;1;2;2;2;2;1;2;2;1;3;3;2; ;1;2;1;4;1;1;1;1;1;3;1;1;01;76;07;76;1029,03386294642
4682938;2;3;2;1;1;1;1;1;3;3; ; ; ; ;350000;2;1;2;1;1;1;1;1;2;2;2;2;2;2;2;2;2;2;2;2;2;1;4;4;2; ;2;2;1;4;1;1;1;1;1;3;1;1;01;76;07;76;1029,03386294642
